"YEAR","NAME","FIPS","TOTAL_FILINGS","CHAP_7","CHAP_11","CHAP_12","CHAP_13","TOTAL_BUSINESS_FILINGS","BCHAP_7","BCHAP_11","BCHAP_12","BCHAP_13","TOTAL_NON_BUSINESS_FILINGS","NBCHAP_7","NBCHAP_11","NBCHAP_13"
1990,"AUTAUGA",1001,196,82,0,1,113,11,7,0,1,3,185,75,0,110
1991,"AUTAUGA",1001,185,58,0,0,127,7,4,0,0,3,178,54,0,124
1992,"AUTAUGA",1001,196,78,1,0,117,10,6,1,0,3,186,72,0,114
1993,"AUTAUGA",1001,192,63,1,0,128,11,6,1,0,4,181,57,0,124
1994,"AUTAUGA",1001,183,69,0,0,114,9,6,0,0,3,174,63,0,111
1995,"AUTAUGA",1001,188,78,0,0,110,6,4,0,0,2,182,74,0,108
1996,"AUTAUGA",1001,219,107,0,0,112,9,4,0,0,5,210,103,0,107
1997,"AUTAUGA",1001,264,129,1,0,134,9,3,1,0,5,255,126,0,129
1998,"AUTAUGA",1001,248,144,0,0,104,6,4,0,0,2,242,140,0,102
1999,"AUTAUGA",1001,231,120,1,0,110,4,3,1,0,0,227,117,0,110
2000,"AUTAUGA",1001,278,150,0,0,128,4,3,0,0,1,274,147,0,127
2001,"AUTAUGA",1001,301,168,1,0,132,4,3,1,0,0,297,165,0,132
2002,"AUTAUGA",1001,355,208,0,0,147,4,4,0,0,0,351,204,0,147
2003,"AUTAUGA",1001,304,177,0,0,127,1,1,0,0,0,303,176,0,127
1990,"BALDWIN",1003,294,246,11,3,34,17,6,7,3,1,277,240,4,33
1991,"BALDWIN",1003,357,293,6,4,54,19,9,4,4,2,338,284,2,52
1992,"BALDWIN",1003,346,284,6,1,55,20,12,5,1,2,326,272,1,53
1993,"BALDWIN",1003,275,221,5,0,49,8,2,5,0,1,267,219,0,48
1994,"BALDWIN",1003,340,226,4,0,110,7,4,3,0,0,333,222,1,110
1995,"BALDWIN",1003,483,254,3,0,226,8,7,1,0,0,475,247,2,226
1996,"BALDWIN",1003,678,353,4,0,321,26,15,2,0,9,652,338,2,312
1997,"BALDWIN",1003,688,412,4,0,272,34,19,3,0,12,654,393,1,260
1998,"BALDWIN",1003,674,393,8,0,273,15,8,7,0,0,659,385,1,273
1999,"BALDWIN",1003,695,401,6,0,288,10,6,4,0,0,685,395,2,288
2000,"BALDWIN",1003,833,485,3,0,345,5,2,3,0,0,828,483,0,345
2001,"BALDWIN",1003,1067,639,9,0,419,17,5,9,0,3,1050,634,0,416
2002,"BALDWIN",1003,1074,601,10,0,463,10,4,5,0,1,1064,597,5,462
2003,"BALDWIN",1003,1347,714,12,1,620,19,7,9,1,2,1328,707,3,618
1990,"BARBOUR",1005,92,53,5,2,32,13,4,5,2,2,79,49,0,30
1991,"BARBOUR",1005,104,52,0,0,52,6,1,0,0,5,98,51,0,47
1992,"BARBOUR",1005,101,50,0,0,51,6,5,0,0,1,95,45,0,50
1993,"BARBOUR",1005,91,40,1,0,50,5,3,0,0,2,86,37,1,48
1994,"BARBOUR",1005,73,25,1,1,46,4,2,1,1,0,69,23,0,46
1995,"BARBOUR",1005,93,35,4,0,54,15,9,4,0,2,78,26,0,52
1996,"BARBOUR",1005,106,45,0,0,61,4,1,0,0,3,102,44,0,58
1997,"BARBOUR",1005,109,54,0,0,55,7,4,0,0,3,102,50,0,52
1998,"BARBOUR",1005,86,37,0,0,49,5,4,0,0,1,81,33,0,48
1999,"BARBOUR",1005,98,45,0,0,53,7,3,0,0,4,91,42,0,49
2000,"BARBOUR",1005,135,54,0,1,80,4,1,0,1,2,131,53,0,78
2001,"BARBOUR",1005,215,83,1,0,131,8,5,1,0,2,207,78,0,129
2002,"BARBOUR",1005,320,156,0,0,164,9,7,0,0,2,311,149,0,162
2003,"BARBOUR",1005,259,117,1,0,141,3,2,1,0,0,256,115,0,141
1990,"BIBB",1007,124,38,0,0,86,9,5,0,0,4,115,33,0,82
1991,"BIBB",1007,127,44,0,0,83,10,6,0,0,4,117,38,0,79
1992,"BIBB",1007,122,38,0,0,84,12,5,0,0,7,110,33,0,77
1993,"BIBB",1007,132,36,0,0,96,16,8,0,0,8,116,28,0,88
1994,"BIBB",1007,121,28,0,0,93,5,2,0,0,3,116,26,0,90
1995,"BIBB",1007,126,26,0,0,100,6,3,0,0,3,120,23,0,97
1996,"BIBB",1007,155,35,0,0,120,10,2,0,0,8,145,33,0,112
1997,"BIBB",1007,190,45,0,0,145,9,3,0,0,6,181,42,0,139
1998,"BIBB",1007,194,33,0,0,161,3,1,0,0,2,191,32,0,159
1999,"BIBB",1007,183,51,0,0,132,5,4,0,0,1,178,47,0,131
2000,"BIBB",1007,224,54,0,0,170,6,3,0,0,3,218,51,0,167
2001,"BIBB",1007,270,89,0,0,181,4,2,0,0,2,266,87,0,179
2002,"BIBB",1007,233,77,0,0,156,0,0,0,0,0,233,77,0,156
2003,"BIBB",1007,241,76,0,0,165,0,0,0,0,0,241,76,0,165
1990,"BLOUNT",1009,205,116,1,0,88,11,7,1,0,3,194,109,0,85
1991,"BLOUNT",1009,268,136,1,0,131,15,10,1,0,4,253,126,0,127
1992,"BLOUNT",1009,228,115,1,1,111,16,14,1,1,0,212,101,0,111
1993,"BLOUNT",1009,198,87,2,0,109,4,1,2,0,1,194,86,0,108
1994,"BLOUNT",1009,201,94,1,0,106,4,2,1,0,1,197,92,0,105
1995,"BLOUNT",1009,237,108,0,0,129,8,6,0,0,2,229,102,0,127
1996,"BLOUNT",1009,279,126,3,0,150,4,1,3,0,0,275,125,0,150
1997,"BLOUNT",1009,289,152,2,1,134,5,0,2,1,2,284,152,0,132
1998,"BLOUNT",1009,287,151,0,0,136,1,1,0,0,0,286,150,0,136
1999,"BLOUNT",1009,284,141,1,0,142,2,1,1,0,0,282,140,0,142
2000,"BLOUNT",1009,322,165,1,0,156,1,0,1,0,0,321,165,0,156
2001,"BLOUNT",1009,385,212,1,0,172,3,2,1,0,0,382,210,0,172
2002,"BLOUNT",1009,368,206,0,0,162,0,0,0,0,0,368,206,0,162
2003,"BLOUNT",1009,394,212,0,0,182,1,1,0,0,0,393,211,0,182
1990,"BULLOCK",1011,17,6,0,0,11,1,1,0,0,0,16,5,0,11
1991,"BULLOCK",1011,26,11,0,0,15,1,1,0,0,0,25,10,0,15
1992,"BULLOCK",1011,35,7,0,1,27,2,0,0,1,1,33,7,0,26
1993,"BULLOCK",1011,45,10,1,0,34,3,2,1,0,0,42,8,0,34
1994,"BULLOCK",1011,45,6,0,0,39,0,0,0,0,0,45,6,0,39
1995,"BULLOCK",1011,38,8,0,0,30,0,0,0,0,0,38,8,0,30
1996,"BULLOCK",1011,64,19,0,0,45,1,0,0,0,1,63,19,0,44
1997,"BULLOCK",1011,33,8,0,0,25,0,0,0,0,0,33,8,0,25
1998,"BULLOCK",1011,43,12,0,0,31,1,0,0,0,1,42,12,0,30
1999,"BULLOCK",1011,42,17,0,0,25,0,0,0,0,0,42,17,0,25
2000,"BULLOCK",1011,43,15,0,0,28,0,0,0,0,0,43,15,0,28
2001,"BULLOCK",1011,42,20,0,0,22,0,0,0,0,0,42,20,0,22
2002,"BULLOCK",1011,56,31,0,0,25,0,0,0,0,0,56,31,0,25
2003,"BULLOCK",1011,60,29,2,0,29,0,0,0,0,0,60,29,2,29
1990,"BUTLER",1013,98,47,1,0,50,3,2,1,0,0,95,45,0,50
1991,"BUTLER",1013,83,38,2,0,43,5,2,2,0,1,78,36,0,42
1992,"BUTLER",1013,86,47,0,0,39,13,8,0,0,5,73,39,0,34
1993,"BUTLER",1013,89,39,1,0,49,9,4,1,0,4,80,35,0,45
1994,"BUTLER",1013,89,34,0,0,55,10,2,0,0,8,79,32,0,47
1995,"BUTLER",1013,114,32,0,0,82,6,3,0,0,3,108,29,0,79
1996,"BUTLER",1013,114,37,0,0,77,5,2,0,0,3,109,35,0,74
1997,"BUTLER",1013,149,70,0,0,79,17,13,0,0,4,132,57,0,75
1998,"BUTLER",1013,146,59,0,0,87,4,4,0,0,0,142,55,0,87
1999,"BUTLER",1013,112,36,0,0,76,1,0,0,0,1,111,36,0,75
2000,"BUTLER",1013,133,68,0,0,65,4,2,0,0,2,129,66,0,63
2001,"BUTLER",1013,197,70,0,0,127,3,2,0,0,1,194,68,0,126
2002,"BUTLER",1013,203,78,0,0,125,1,1,0,0,0,202,77,0,125
2003,"BUTLER",1013,207,60,0,1,146,1,0,0,1,0,206,60,0,146
1990,"CALHOUN",1015,984,430,19,0,535,22,5,14,0,3,962,425,5,532
1991,"CALHOUN",1015,1000,425,17,0,558,18,3,15,0,0,982,422,2,558
1992,"CALHOUN",1015,927,366,21,0,540,30,8,18,0,4,897,358,3,536
1993,"CALHOUN",1015,802,345,14,0,443,20,7,12,0,1,782,338,2,442
1994,"CALHOUN",1015,702,346,16,1,339,16,4,11,1,0,686,342,5,339
1995,"CALHOUN",1015,703,304,5,0,394,7,4,1,0,2,696,300,4,392
1996,"CALHOUN",1015,1006,521,5,0,480,8,5,3,0,0,998,516,2,480
1997,"CALHOUN",1015,1112,536,6,0,570,11,6,3,0,2,1101,530,3,568
1998,"CALHOUN",1015,1022,532,5,0,485,14,10,4,0,0,1008,522,1,485
1999,"CALHOUN",1015,891,443,3,0,445,5,3,2,0,0,886,440,1,445
2000,"CALHOUN",1015,917,453,1,0,463,5,2,1,0,2,912,451,0,461
2001,"CALHOUN",1015,1094,606,5,0,483,8,4,3,0,1,1086,602,2,482
2002,"CALHOUN",1015,990,525,10,0,455,14,4,8,0,2,976,521,2,453
2003,"CALHOUN",1015,1006,625,3,0,378,3,2,1,0,0,1003,623,2,378
1990,"CHAMBERS",1017,332,51,0,0,281,2,2,0,0,0,330,49,0,281
1991,"CHAMBERS",1017,340,44,0,0,296,6,4,0,0,2,334,40,0,294
1992,"CHAMBERS",1017,252,52,1,0,199,7,2,1,0,4,245,50,0,195
1993,"CHAMBERS",1017,268,39,1,0,228,5,2,1,0,2,263,37,0,226
1994,"CHAMBERS",1017,266,38,1,0,227,4,1,1,0,2,262,37,0,225
1995,"CHAMBERS",1017,315,41,2,0,272,6,2,2,0,2,309,39,0,270
1996,"CHAMBERS",1017,319,52,1,0,266,3,1,1,0,1,316,51,0,265
1997,"CHAMBERS",1017,348,67,1,0,280,4,1,1,0,2,344,66,0,278
1998,"CHAMBERS",1017,364,73,0,0,291,3,2,0,0,1,361,71,0,290
1999,"CHAMBERS",1017,392,102,0,0,290,2,2,0,0,0,390,100,0,290
2000,"CHAMBERS",1017,468,114,0,0,354,3,0,0,0,3,465,114,0,351
2001,"CHAMBERS",1017,466,141,0,0,325,5,4,0,0,1,461,137,0,324
2002,"CHAMBERS",1017,480,205,1,0,274,2,1,1,0,0,478,204,0,274
2003,"CHAMBERS",1017,421,184,0,0,237,1,1,0,0,0,420,183,0,237
1990,"CHEROKEE",1019,72,53,2,0,17,3,0,2,0,1,69,53,0,16
1991,"CHEROKEE",1019,82,47,4,0,31,4,0,4,0,0,78,47,0,31
1992,"CHEROKEE",1019,94,54,0,0,40,0,0,0,0,0,94,54,0,40
1993,"CHEROKEE",1019,71,36,0,0,35,1,0,0,0,1,70,36,0,34
1994,"CHEROKEE",1019,78,43,0,0,35,0,0,0,0,0,78,43,0,35
1995,"CHEROKEE",1019,100,46,0,0,54,0,0,0,0,0,100,46,0,54
1996,"CHEROKEE",1019,103,42,0,0,61,0,0,0,0,0,103,42,0,61
1997,"CHEROKEE",1019,106,57,2,0,47,2,0,2,0,0,104,57,0,47
1998,"CHEROKEE",1019,138,75,2,0,61,2,2,0,0,0,136,73,2,61
1999,"CHEROKEE",1019,111,53,0,0,58,0,0,0,0,0,111,53,0,58
2000,"CHEROKEE",1019,119,70,2,0,47,0,0,0,0,0,119,70,2,47
2001,"CHEROKEE",1019,147,81,0,0,66,2,0,0,0,2,145,81,0,64
2002,"CHEROKEE",1019,151,93,0,0,58,1,0,0,0,1,150,93,0,57
2003,"CHEROKEE",1019,176,107,2,0,67,2,0,1,0,1,174,107,1,66
1990,"CHILTON",1021,200,82,2,0,116,8,4,2,0,2,192,78,0,114
1991,"CHILTON",1021,216,101,1,0,114,10,5,1,0,4,206,96,0,110
1992,"CHILTON",1021,192,76,4,0,112,17,8,4,0,5,175,68,0,107
1993,"CHILTON",1021,192,65,1,0,126,10,5,1,0,4,182,60,0,122
1994,"CHILTON",1021,178,58,0,0,120,6,2,0,0,4,172,56,0,116
1995,"CHILTON",1021,180,64,1,0,115,10,6,1,0,3,170,58,0,112
1996,"CHILTON",1021,238,90,0,0,148,7,6,0,0,1,231,84,0,147
1997,"CHILTON",1021,245,101,1,0,143,4,1,1,0,2,241,100,0,141
1998,"CHILTON",1021,257,102,2,0,153,3,1,1,0,1,254,101,1,152
1999,"CHILTON",1021,205,95,0,0,110,5,5,0,0,0,200,90,0,110
2000,"CHILTON",1021,228,108,1,0,119,3,1,1,0,1,225,107,0,118
2001,"CHILTON",1021,275,150,0,0,125,4,3,0,0,1,271,147,0,124
2002,"CHILTON",1021,357,181,0,0,176,3,3,0,0,0,354,178,0,176
2003,"CHILTON",1021,342,191,2,0,149,4,2,2,0,0,338,189,0,149
1990,"CHOCTAW",1023,34,18,0,0,16,0,0,0,0,0,34,18,0,16
1991,"CHOCTAW",1023,33,11,1,0,21,1,0,1,0,0,32,11,0,21
1992,"CHOCTAW",1023,36,17,0,0,19,1,1,0,0,0,35,16,0,19
1993,"CHOCTAW",1023,27,9,0,0,18,1,1,0,0,0,26,8,0,18
1994,"CHOCTAW",1023,21,7,0,0,14,0,0,0,0,0,21,7,0,14
1995,"CHOCTAW",1023,44,17,0,0,27,0,0,0,0,0,44,17,0,27
1996,"CHOCTAW",1023,56,16,1,0,39,2,0,1,0,1,54,16,0,38
1997,"CHOCTAW",1023,56,14,1,0,41,3,1,1,0,1,53,13,0,40
1998,"CHOCTAW",1023,62,22,0,0,40,1,0,0,0,1,61,22,0,39
1999,"CHOCTAW",1023,59,16,1,0,42,1,0,1,0,0,58,16,0,42
2000,"CHOCTAW",1023,57,19,0,0,38,2,2,0,0,0,55,17,0,38
2001,"CHOCTAW",1023,73,26,1,0,46,3,0,1,0,2,70,26,0,44
2002,"CHOCTAW",1023,88,37,2,0,49,3,0,2,0,1,85,37,0,48
2003,"CHOCTAW",1023,98,29,1,0,68,2,0,1,0,1,96,29,0,67
1990,"CLARKE",1025,58,36,1,0,21,2,1,1,0,0,56,35,0,21
1991,"CLARKE",1025,62,37,1,0,24,0,0,0,0,0,62,37,1,24
1992,"CLARKE",1025,53,30,1,1,21,3,1,1,1,0,50,29,0,21
1993,"CLARKE",1025,57,29,0,0,28,0,0,0,0,0,57,29,0,28
1994,"CLARKE",1025,54,22,0,0,32,1,1,0,0,0,53,21,0,32
1995,"CLARKE",1025,103,21,1,0,81,1,0,1,0,0,102,21,0,81
1996,"CLARKE",1025,133,22,2,0,109,6,1,2,0,3,127,21,0,106
1997,"CLARKE",1025,119,43,1,0,75,6,4,1,0,1,113,39,0,74
1998,"CLARKE",1025,161,48,2,0,111,4,1,2,0,1,157,47,0,110
1999,"CLARKE",1025,161,63,0,0,98,2,2,0,0,0,159,61,0,98
2000,"CLARKE",1025,170,51,1,0,118,1,0,1,0,0,169,51,0,118
2001,"CLARKE",1025,183,55,3,0,125,3,0,3,0,0,180,55,0,125
2002,"CLARKE",1025,222,64,2,0,156,2,0,2,0,0,220,64,0,156
2003,"CLARKE",1025,196,59,0,0,137,0,0,0,0,0,196,59,0,137
1990,"CLAY",1027,56,19,2,1,34,3,0,2,1,0,53,19,0,34
1991,"CLAY",1027,74,24,6,0,44,6,0,6,0,0,68,24,0,44
1992,"CLAY",1027,74,34,1,0,39,2,0,1,0,1,72,34,0,38
1993,"CLAY",1027,73,26,2,1,44,5,0,2,1,2,68,26,0,42
1994,"CLAY",1027,67,18,0,0,49,0,0,0,0,0,67,18,0,49
1995,"CLAY",1027,74,22,0,0,52,0,0,0,0,0,74,22,0,52
1996,"CLAY",1027,87,22,0,0,65,0,0,0,0,0,87,22,0,65
1997,"CLAY",1027,83,31,0,1,51,2,1,0,1,0,81,30,0,51
1998,"CLAY",1027,83,18,0,0,65,0,0,0,0,0,83,18,0,65
1999,"CLAY",1027,83,15,0,0,68,0,0,0,0,0,83,15,0,68
2000,"CLAY",1027,100,40,0,0,60,1,1,0,0,0,99,39,0,60
2001,"CLAY",1027,104,31,0,0,73,0,0,0,0,0,104,31,0,73
2002,"CLAY",1027,98,45,0,0,53,0,0,0,0,0,98,45,0,53
2003,"CLAY",1027,122,47,0,0,75,2,2,0,0,0,120,45,0,75
1990,"CLEBURNE",1029,41,17,1,0,23,3,1,1,0,1,38,16,0,22
1991,"CLEBURNE",1029,67,21,4,0,42,2,0,2,0,0,65,21,2,42
1992,"CLEBURNE",1029,63,29,0,0,34,0,0,0,0,0,63,29,0,34
1993,"CLEBURNE",1029,38,14,3,0,21,1,0,1,0,0,37,14,2,21
1994,"CLEBURNE",1029,51,29,2,0,20,3,1,2,0,0,48,28,0,20
1995,"CLEBURNE",1029,45,18,3,0,24,2,0,1,0,1,43,18,2,23
1996,"CLEBURNE",1029,74,34,1,0,39,1,0,1,0,0,73,34,0,39
1997,"CLEBURNE",1029,66,26,1,0,39,0,0,0,0,0,66,26,1,39
1998,"CLEBURNE",1029,52,25,0,0,27,0,0,0,0,0,52,25,0,27
1999,"CLEBURNE",1029,46,19,0,0,27,0,0,0,0,0,46,19,0,27
2000,"CLEBURNE",1029,71,39,0,0,32,1,0,0,0,1,70,39,0,31
2001,"CLEBURNE",1029,73,45,0,0,28,0,0,0,0,0,73,45,0,28
2002,"CLEBURNE",1029,87,47,0,0,40,1,1,0,0,0,86,46,0,40
2003,"CLEBURNE",1029,88,53,1,0,34,0,0,0,0,0,88,53,1,34
1990,"COFFEE",1031,144,96,4,0,44,15,5,3,0,7,129,91,1,37
1991,"COFFEE",1031,163,97,3,0,63,16,7,3,0,6,147,90,0,57
1992,"COFFEE",1031,182,129,1,0,52,17,13,1,0,3,165,116,0,49
1993,"COFFEE",1031,112,81,2,1,28,8,4,2,1,1,104,77,0,27
1994,"COFFEE",1031,121,71,1,2,47,17,8,1,2,6,104,63,0,41
1995,"COFFEE",1031,179,117,0,0,62,9,6,0,0,3,170,111,0,59
1996,"COFFEE",1031,186,108,2,1,75,9,2,2,1,4,177,106,0,71
1997,"COFFEE",1031,272,179,2,0,91,27,15,2,0,10,245,164,0,81
1998,"COFFEE",1031,239,154,0,2,83,10,7,0,2,1,229,147,0,82
1999,"COFFEE",1031,268,145,2,0,121,9,7,2,0,0,259,138,0,121
2000,"COFFEE",1031,296,155,2,1,138,8,2,2,1,3,288,153,0,135
2001,"COFFEE",1031,309,185,0,0,124,7,5,0,0,2,302,180,0,122
2002,"COFFEE",1031,382,250,1,0,131,3,1,1,0,1,379,249,0,130
2003,"COFFEE",1031,324,195,0,0,129,2,1,0,0,1,322,194,0,128
1990,"COLBERT",1033,187,149,4,3,31,20,12,4,3,1,167,137,0,30
1991,"COLBERT",1033,157,112,5,0,40,14,8,5,0,1,143,104,0,39
1992,"COLBERT",1033,156,107,18,0,31,24,5,18,0,1,132,102,0,30
1993,"COLBERT",1033,149,108,2,1,38,17,11,2,1,3,132,97,0,35
1994,"COLBERT",1033,140,87,2,0,51,11,6,2,0,3,129,81,0,48
1995,"COLBERT",1033,246,81,0,0,165,2,2,0,0,0,244,79,0,165
1996,"COLBERT",1033,342,114,1,1,226,5,2,1,1,1,337,112,0,225
1997,"COLBERT",1033,407,140,4,0,263,6,2,3,0,1,401,138,1,262
1998,"COLBERT",1033,468,149,1,2,316,6,2,1,2,1,462,147,0,315
1999,"COLBERT",1033,363,119,3,0,241,3,0,3,0,0,360,119,0,241
2000,"COLBERT",1033,408,132,2,0,274,7,4,2,0,1,401,128,0,273
2001,"COLBERT",1033,451,169,3,0,279,4,2,2,0,0,447,167,1,279
2002,"COLBERT",1033,399,205,5,0,189,3,1,2,0,0,396,204,3,189
2003,"COLBERT",1033,402,228,4,0,170,4,2,2,0,0,398,226,2,170
1990,"CONECUH",1035,28,17,1,0,10,3,2,0,0,1,25,15,1,9
1991,"CONECUH",1035,37,28,0,0,9,1,1,0,0,0,36,27,0,9
1992,"CONECUH",1035,38,17,2,0,19,4,1,2,0,1,34,16,0,18
1993,"CONECUH",1035,34,23,0,0,11,5,3,0,0,2,29,20,0,9
1994,"CONECUH",1035,31,13,0,0,18,1,0,0,0,1,30,13,0,17
1995,"CONECUH",1035,93,26,0,0,67,3,1,0,0,2,90,25,0,65
1996,"CONECUH",1035,81,24,0,1,56,3,2,0,1,0,78,22,0,56
1997,"CONECUH",1035,106,37,0,0,69,2,0,0,0,2,104,37,0,67
1998,"CONECUH",1035,81,29,1,0,51,3,0,1,0,2,78,29,0,49
1999,"CONECUH",1035,77,33,0,0,44,0,0,0,0,0,77,33,0,44
2000,"CONECUH",1035,100,38,1,0,61,1,0,1,0,0,99,38,0,61
2001,"CONECUH",1035,137,43,0,0,94,0,0,0,0,0,137,43,0,94
2002,"CONECUH",1035,113,42,0,0,71,0,0,0,0,0,113,42,0,71
2003,"CONECUH",1035,107,30,0,0,77,0,0,0,0,0,107,30,0,77
1990,"COOSA",1037,58,16,0,0,42,1,1,0,0,0,57,15,0,42
1991,"COOSA",1037,106,23,1,0,82,3,0,1,0,2,103,23,0,80
1992,"COOSA",1037,84,23,0,0,61,2,2,0,0,0,82,21,0,61
1993,"COOSA",1037,84,20,0,0,64,0,0,0,0,0,84,20,0,64
1994,"COOSA",1037,67,9,0,0,58,1,0,0,0,1,66,9,0,57
1995,"COOSA",1037,73,17,1,0,55,1,0,1,0,0,72,17,0,55
1996,"COOSA",1037,99,14,0,0,85,3,1,0,0,2,96,13,0,83
1997,"COOSA",1037,107,19,0,0,88,2,2,0,0,0,105,17,0,88
1998,"COOSA",1037,87,13,0,0,74,0,0,0,0,0,87,13,0,74
1999,"COOSA",1037,92,22,0,0,70,1,1,0,0,0,91,21,0,70
2000,"COOSA",1037,102,21,0,0,81,1,0,0,0,1,101,21,0,80
2001,"COOSA",1037,88,28,0,0,60,2,0,0,0,2,86,28,0,58
2002,"COOSA",1037,106,38,0,0,68,0,0,0,0,0,106,38,0,68
2003,"COOSA",1037,94,37,0,0,57,0,0,0,0,0,94,37,0,57
1990,"COVINGTON",1039,131,70,0,0,61,5,3,0,0,2,126,67,0,59
1991,"COVINGTON",1039,143,80,1,0,62,8,7,1,0,0,135,73,0,62
1992,"COVINGTON",1039,118,66,3,0,49,12,5,3,0,4,106,61,0,45
1993,"COVINGTON",1039,98,52,1,0,45,9,6,1,0,2,89,46,0,43
1994,"COVINGTON",1039,103,54,0,0,49,4,3,0,0,1,99,51,0,48
1995,"COVINGTON",1039,127,64,1,0,62,7,3,1,0,3,120,61,0,59
1996,"COVINGTON",1039,168,87,0,0,81,5,1,0,0,4,163,86,0,77
1997,"COVINGTON",1039,175,89,2,0,84,8,6,2,0,0,167,83,0,84
1998,"COVINGTON",1039,196,101,1,0,94,7,3,1,0,3,189,98,0,91
1999,"COVINGTON",1039,211,106,4,0,101,9,2,4,0,3,202,104,0,98
2000,"COVINGTON",1039,217,113,0,0,104,1,0,0,0,1,216,113,0,103
2001,"COVINGTON",1039,235,124,0,0,111,5,2,0,0,3,230,122,0,108
2002,"COVINGTON",1039,321,198,1,0,122,4,2,1,0,1,317,196,0,121
2003,"COVINGTON",1039,273,149,1,0,123,8,6,1,0,1,265,143,0,122
1990,"CRENSHAW",1041,55,17,0,2,36,4,1,0,2,1,51,16,0,35
1991,"CRENSHAW",1041,54,16,0,0,38,2,0,0,0,2,52,16,0,36
1992,"CRENSHAW",1041,48,18,0,0,30,2,0,0,0,2,46,18,0,28
1993,"CRENSHAW",1041,50,19,0,0,31,2,1,0,0,1,48,18,0,30
1994,"CRENSHAW",1041,43,12,0,0,31,2,0,0,0,2,41,12,0,29
1995,"CRENSHAW",1041,59,21,0,0,38,3,2,0,0,1,56,19,0,37
1996,"CRENSHAW",1041,65,16,0,0,49,2,2,0,0,0,63,14,0,49
1997,"CRENSHAW",1041,95,38,0,1,56,7,3,0,1,3,88,35,0,53
1998,"CRENSHAW",1041,90,42,0,0,48,5,2,0,0,3,85,40,0,45
1999,"CRENSHAW",1041,79,34,0,0,45,5,5,0,0,0,74,29,0,45
2000,"CRENSHAW",1041,95,46,0,0,49,3,2,0,0,1,92,44,0,48
2001,"CRENSHAW",1041,106,45,0,0,61,0,0,0,0,0,106,45,0,61
2002,"CRENSHAW",1041,130,56,0,0,74,2,2,0,0,0,128,54,0,74
2003,"CRENSHAW",1041,95,53,0,0,42,0,0,0,0,0,95,53,0,42
1990,"CULLMAN",1043,284,179,3,2,100,27,13,3,2,9,257,166,0,91
1991,"CULLMAN",1043,364,249,4,2,109,28,18,4,2,4,336,231,0,105
1992,"CULLMAN",1043,284,181,3,0,100,14,8,3,0,3,270,173,0,97
1993,"CULLMAN",1043,267,159,3,1,104,17,9,3,1,4,250,150,0,100
1994,"CULLMAN",1043,310,180,0,2,128,9,4,0,2,3,301,176,0,125
1995,"CULLMAN",1043,326,164,1,1,160,13,7,1,1,4,313,157,0,156
1996,"CULLMAN",1043,398,210,0,1,187,6,4,0,1,1,392,206,0,186
1997,"CULLMAN",1043,535,303,5,0,227,12,5,5,0,2,523,298,0,225
1998,"CULLMAN",1043,438,234,1,0,203,4,3,1,0,0,434,231,0,203
1999,"CULLMAN",1043,435,259,2,1,173,4,2,1,1,0,431,257,1,173
2000,"CULLMAN",1043,521,287,4,0,230,7,2,4,0,1,514,285,0,229
2001,"CULLMAN",1043,635,370,3,1,261,8,4,3,1,0,627,366,0,261
2002,"CULLMAN",1043,608,397,3,0,208,5,2,3,0,0,603,395,0,208
2003,"CULLMAN",1043,642,461,5,0,176,2,1,1,0,0,640,460,4,176
1990,"DALE",1045,222,141,2,0,79,13,10,2,0,1,209,131,0,78
1991,"DALE",1045,273,172,2,0,99,15,7,2,0,6,258,165,0,93
1992,"DALE",1045,189,139,1,0,49,6,5,1,0,0,183,134,0,49
1993,"DALE",1045,208,119,1,1,87,17,9,1,1,6,191,110,0,81
1994,"DALE",1045,202,110,1,1,90,12,7,1,1,3,190,103,0,87
1995,"DALE",1045,211,118,0,0,93,8,8,0,0,0,203,110,0,93
1996,"DALE",1045,321,175,4,0,142,16,5,4,0,7,305,170,0,135
1997,"DALE",1045,328,196,2,1,129,12,6,2,1,3,316,190,0,126
1998,"DALE",1045,362,207,2,0,153,8,3,2,0,3,354,204,0,150
1999,"DALE",1045,373,188,2,1,182,12,3,2,1,6,361,185,0,176
2000,"DALE",1045,430,244,0,0,186,12,5,0,0,7,418,239,0,179
2001,"DALE",1045,447,285,1,0,161,6,4,0,0,2,441,281,1,159
2002,"DALE",1045,533,351,0,0,182,12,9,0,0,3,521,342,0,179
2003,"DALE",1045,447,276,1,0,170,4,1,1,0,2,443,275,0,168
1990,"DALLAS",1047,110,84,1,0,25,2,1,1,0,0,108,83,0,25
1991,"DALLAS",1047,162,92,1,1,68,3,1,1,1,0,159,91,0,68
1992,"DALLAS",1047,175,100,1,0,74,3,2,1,0,0,172,98,0,74
1993,"DALLAS",1047,122,63,3,0,56,7,3,3,0,1,115,60,0,55
1994,"DALLAS",1047,134,69,1,0,64,3,0,1,0,2,131,69,0,62
1995,"DALLAS",1047,181,73,1,0,107,4,3,1,0,0,177,70,0,107
1996,"DALLAS",1047,258,137,1,0,120,8,5,1,0,2,250,132,0,118
1997,"DALLAS",1047,266,128,4,0,134,5,1,4,0,0,261,127,0,134
1998,"DALLAS",1047,249,121,1,0,127,2,1,1,0,0,247,120,0,127
1999,"DALLAS",1047,265,125,0,0,140,0,0,0,0,0,265,125,0,140
2000,"DALLAS",1047,336,153,0,0,183,0,0,0,0,0,336,153,0,183
2001,"DALLAS",1047,363,167,3,0,193,5,2,3,0,0,358,165,0,193
2002,"DALLAS",1047,448,209,0,0,239,4,4,0,0,0,444,205,0,239
2003,"DALLAS",1047,424,179,0,0,245,5,3,0,0,2,419,176,0,243
1990,"DEKALB",1049,155,80,3,1,71,5,0,3,1,1,150,80,0,70
1991,"DE KALB",1049,183,94,5,1,83,7,1,4,1,1,176,93,1,82
1992,"DE KALB",1049,185,100,3,0,82,5,1,3,0,1,180,99,0,81
1993,"DE KALB",1049,201,111,5,0,85,6,0,5,0,1,195,111,0,84
1994,"DE KALB",1049,223,127,7,0,89,3,2,1,0,0,220,125,6,89
1995,"DE KALB",1049,286,133,4,0,149,3,0,2,0,1,283,133,2,148
1996,"DE KALB",1049,357,185,2,0,170,5,4,1,0,0,352,181,1,170
1997,"DE KALB",1049,352,173,5,1,173,9,4,4,1,0,343,169,1,173
1998,"DE KALB",1049,333,155,3,0,175,9,4,2,0,3,324,151,1,172
1999,"DEKALB",1049,325,173,1,0,151,0,0,0,0,0,325,173,1,151
2000,"DE KALB",1049,297,141,0,0,156,1,0,0,0,1,296,141,0,155
2001,"DE KALB",1049,443,241,3,0,199,5,1,3,0,1,438,240,0,198
2002,"DE KALB",1049,441,243,2,2,194,6,2,2,2,0,435,241,0,194
2003,"DE KALB",1049,438,267,3,0,168,3,1,2,0,0,435,266,1,168
1990,"ELMORE",1051,254,80,1,0,173,6,5,1,0,0,248,75,0,173
1991,"ELMORE",1051,289,86,1,0,202,16,6,1,0,9,273,80,0,193
1992,"ELMORE",1051,298,104,2,2,190,28,12,2,2,12,270,92,0,178
1993,"ELMORE",1051,292,80,1,0,211,21,9,1,0,11,271,71,0,200
1994,"ELMORE",1051,281,99,0,0,182,19,12,0,0,7,262,87,0,175
1995,"ELMORE",1051,324,111,0,0,213,19,8,0,0,11,305,103,0,202
1996,"ELMORE",1051,363,125,0,0,238,13,5,0,0,8,350,120,0,230
1997,"ELMORE",1051,414,191,0,0,223,13,7,0,0,6,401,184,0,217
1998,"ELMORE",1051,415,204,0,0,211,9,6,0,0,3,406,198,0,208
1999,"ELMORE",1051,393,182,0,0,211,5,4,0,0,1,388,178,0,210
2000,"ELMORE",1051,476,244,1,0,231,10,7,1,0,2,466,237,0,229
2001,"ELMORE",1051,603,330,1,0,272,10,8,1,0,1,593,322,0,271
2002,"ELMORE",1051,554,316,0,0,238,10,8,0,0,2,544,308,0,236
2003,"ELMORE",1051,516,299,0,0,217,2,1,0,0,1,514,298,0,216
1990,"ESCAMBIA",1053,87,78,0,0,9,1,0,0,0,1,86,78,0,8
1991,"ESCAMBIA",1053,83,66,3,0,14,5,3,2,0,0,78,63,1,14
1992,"ESCAMBIA",1053,93,78,1,1,13,5,3,1,1,0,88,75,0,13
1993,"ESCAMBIA",1053,85,67,3,0,15,3,0,3,0,0,82,67,0,15
1994,"ESCAMBIA",1053,95,56,2,0,37,2,0,2,0,0,93,56,0,37
1995,"ESCAMBIA",1053,155,75,0,0,80,3,2,0,0,1,152,73,0,79
1996,"ESCAMBIA",1053,187,77,0,2,108,4,1,0,2,1,183,76,0,107
1997,"ESCAMBIA",1053,208,99,1,1,107,7,2,1,1,3,201,97,0,104
1998,"ESCAMBIA",1053,212,83,2,0,127,3,1,1,0,1,209,82,1,126
1999,"ESCAMBIA",1053,198,78,0,0,120,0,0,0,0,0,198,78,0,120
2000,"ESCAMBIA",1053,264,114,0,0,150,1,1,0,0,0,263,113,0,150
2001,"ESCAMBIA",1053,339,116,3,0,220,5,2,2,0,1,334,114,1,219
2002,"ESCAMBIA",1053,326,130,1,0,195,1,0,1,0,0,325,130,0,195
2003,"ESCAMBIA",1053,291,112,1,0,178,3,1,1,0,1,288,111,0,177
1990,"ETOWAH",1055,599,317,5,0,277,11,5,4,0,2,588,312,1,275
1991,"ETOWAH",1055,770,392,7,1,370,16,7,7,1,1,754,385,0,369
1992,"ETOWAH",1055,602,282,3,0,317,8,5,2,0,1,594,277,1,316
1993,"ETOWAH",1055,505,219,4,0,282,5,3,2,0,0,500,216,2,282
1994,"ETOWAH",1055,479,189,5,0,285,8,2,4,0,2,471,187,1,283
1995,"ETOWAH",1055,593,242,2,0,349,5,3,2,0,0,588,239,0,349
1996,"ETOWAH",1055,632,288,3,0,341,5,1,2,0,2,627,287,1,339
1997,"ETOWAH",1055,719,335,7,0,377,10,2,7,0,1,709,333,0,376
1998,"ETOWAH",1055,762,345,7,0,410,8,2,5,0,1,754,343,2,409
1999,"ETOWAH",1055,775,343,4,0,428,4,2,1,0,1,771,341,3,427
2000,"ETOWAH",1055,833,363,5,0,465,9,4,4,0,1,824,359,1,464
2001,"ETOWAH",1055,890,452,1,0,437,9,6,0,0,3,881,446,1,434
2002,"ETOWAH",1055,973,490,8,0,474,11,7,3,0,0,962,483,5,474
2003,"ETOWAH",1055,970,541,7,1,421,8,1,6,1,0,962,540,1,421
1990,"FAYETTE",1057,102,26,0,1,75,19,8,0,1,10,83,18,0,65
1991,"FAYETTE",1057,101,21,0,0,80,6,2,0,0,4,95,19,0,76
1992,"FAYETTE",1057,99,16,3,1,79,16,4,3,1,8,83,12,0,71
1993,"FAYETTE",1057,103,22,0,0,81,8,1,0,0,7,95,21,0,74
1994,"FAYETTE",1057,77,15,0,0,62,5,1,0,0,4,72,14,0,58
1995,"FAYETTE",1057,84,14,0,0,70,5,1,0,0,4,79,13,0,66
1996,"FAYETTE",1057,109,20,0,0,89,8,2,0,0,6,101,18,0,83
1997,"FAYETTE",1057,120,16,0,0,104,5,0,0,0,5,115,16,0,99
1998,"FAYETTE",1057,120,18,0,0,102,2,0,0,0,2,118,18,0,100
1999,"FAYETTE",1057,106,27,0,0,79,5,3,0,0,2,101,24,0,77
2000,"FAYETTE",1057,119,19,0,0,100,2,2,0,0,0,117,17,0,100
2001,"FAYETTE",1057,161,50,0,0,111,2,2,0,0,0,159,48,0,111
2002,"FAYETTE",1057,164,44,0,0,120,0,0,0,0,0,164,44,0,120
2003,"FAYETTE",1057,145,43,0,0,102,2,1,0,0,1,143,42,0,101
1990,"FRANKLIN",1059,73,59,0,0,14,5,4,0,0,1,68,55,0,13
1991,"FRANKLIN",1059,75,58,1,0,16,7,6,1,0,0,68,52,0,16
1992,"FRANKLIN",1059,85,63,0,0,22,10,6,0,0,4,75,57,0,18
1993,"FRANKLIN",1059,75,61,1,1,12,5,2,1,1,1,70,59,0,11
1994,"FRANKLIN",1059,76,43,4,1,28,3,0,2,1,0,73,43,2,28
1995,"FRANKLIN",1059,108,51,0,0,57,2,1,0,0,1,106,50,0,56
1996,"FRANKLIN",1059,128,41,2,0,85,4,2,2,0,0,124,39,0,85
1997,"FRANKLIN",1059,168,74,2,0,92,4,2,2,0,0,164,72,0,92
1998,"FRANKLIN",1059,182,65,2,0,115,3,1,2,0,0,179,64,0,115
1999,"FRANKLIN",1059,155,66,0,1,88,1,0,0,1,0,154,66,0,88
2000,"FRANKLIN",1059,175,61,1,0,113,1,1,0,0,0,174,60,1,113
2001,"FRANKLIN",1059,201,95,2,0,104,4,2,2,0,0,197,93,0,104
2002,"FRANKLIN",1059,204,116,2,0,86,3,1,2,0,0,201,115,0,86
2003,"FRANKLIN",1059,183,112,1,0,70,2,1,1,0,0,181,111,0,70
1990,"GENEVA",1061,79,61,2,0,16,12,7,2,0,3,67,54,0,13
1991,"GENEVA",1061,87,61,1,0,25,12,9,1,0,2,75,52,0,23
1992,"GENEVA",1061,97,74,1,0,22,14,12,1,0,1,83,62,0,21
1993,"GENEVA",1061,68,42,0,0,26,9,6,0,0,3,59,36,0,23
1994,"GENEVA",1061,79,55,0,0,24,6,4,0,0,2,73,51,0,22
1995,"GENEVA",1061,83,52,0,1,30,9,4,0,1,4,74,48,0,26
1996,"GENEVA",1061,139,74,0,2,63,9,3,0,2,4,130,71,0,59
1997,"GENEVA",1061,151,97,1,2,51,14,7,1,2,4,137,90,0,47
1998,"GENEVA",1061,182,114,0,1,67,6,2,0,1,3,176,112,0,64
1999,"GENEVA",1061,189,101,0,0,88,8,4,0,0,4,181,97,0,84
2000,"GENEVA",1061,209,106,0,1,102,5,0,0,1,4,204,106,0,98
2001,"GENEVA",1061,201,122,1,0,78,8,5,1,0,2,193,117,0,76
2002,"GENEVA",1061,288,198,1,0,89,5,3,1,0,1,283,195,0,88
2003,"GENEVA",1061,191,117,0,1,73,2,1,0,1,0,189,116,0,73
1990,"GREENE",1063,102,0,0,0,102,2,0,0,0,2,100,0,0,100
1991,"GREENE",1063,90,17,0,0,73,5,2,0,0,3,85,15,0,70
1992,"GREENE",1063,71,6,1,0,64,7,0,1,0,6,64,6,0,58
1993,"GREENE",1063,68,8,1,0,59,6,1,1,0,4,62,7,0,55
1994,"GREENE",1063,87,2,0,0,85,4,0,0,0,4,83,2,0,81
1995,"GREENE",1063,79,3,0,0,76,2,0,0,0,2,77,3,0,74
1996,"GREENE",1063,81,6,0,1,73,4,1,0,1,1,77,5,0,72
1997,"GREENE",1063,88,9,0,0,79,4,1,0,0,3,84,8,0,76
1998,"GREENE",1063,86,7,0,1,78,4,0,0,1,3,82,7,0,75
1999,"GREENE",1063,86,8,0,0,78,5,1,0,0,4,81,7,0,74
2000,"GREENE",1063,76,1,0,0,75,3,0,0,0,3,73,1,0,72
2001,"GREENE",1063,97,4,0,0,93,0,0,0,0,0,97,4,0,93
2002,"GREENE",1063,136,15,0,0,121,1,1,0,0,0,135,14,0,121
2003,"GREENE",1063,122,11,1,0,110,2,1,1,0,0,120,10,0,110
1990,"HALE",1065,124,11,0,0,113,4,0,0,0,4,120,11,0,109
1991,"HALE",1065,158,16,1,0,141,10,2,1,0,7,148,14,0,134
1992,"HALE",1065,149,24,0,0,125,14,6,0,0,8,135,18,0,117
1993,"HALE",1065,119,10,0,0,109,2,0,0,0,2,117,10,0,107
1994,"HALE",1065,113,9,0,0,104,5,1,0,0,4,108,8,0,100
1995,"HALE",1065,110,7,0,0,103,5,2,0,0,3,105,5,0,100
1996,"HALE",1065,175,22,0,0,153,7,3,0,0,4,168,19,0,149
1997,"HALE",1065,194,25,0,0,169,9,0,0,0,9,185,25,0,160
1998,"HALE",1065,197,13,0,0,184,10,1,0,0,9,187,12,0,175
1999,"HALE",1065,182,13,0,0,169,4,1,0,0,3,178,12,0,166
2000,"HALE",1065,206,27,0,0,179,4,1,0,0,3,202,26,0,176
2001,"HALE",1065,205,32,0,0,173,2,1,0,0,1,203,31,0,172
2002,"HALE",1065,251,32,1,0,218,1,0,1,0,0,250,32,0,218
2003,"HALE",1065,230,38,0,1,191,2,0,0,1,1,228,38,0,190
1990,"HENRY",1067,41,32,0,0,9,2,1,0,0,1,39,31,0,8
1991,"HENRY",1067,86,45,1,0,40,7,3,1,0,3,79,42,0,37
1992,"HENRY",1067,59,39,0,0,20,4,2,0,0,2,55,37,0,18
1993,"HENRY",1067,59,25,0,0,34,4,3,0,0,1,55,22,0,33
1994,"HENRY",1067,55,24,0,0,31,4,1,0,0,3,51,23,0,28
1995,"HENRY",1067,65,21,0,0,44,4,2,0,0,2,61,19,0,42
1996,"HENRY",1067,95,33,0,0,62,3,1,0,0,2,92,32,0,60
1997,"HENRY",1067,107,55,0,0,52,7,4,0,0,3,100,51,0,49
1998,"HENRY",1067,127,60,0,0,67,4,3,0,0,1,123,57,0,66
1999,"HENRY",1067,104,64,0,1,39,3,1,0,1,1,101,63,0,38
2000,"HENRY",1067,131,56,1,0,74,5,3,1,0,1,126,53,0,73
2001,"HENRY",1067,175,77,0,0,98,1,1,0,0,0,174,76,0,98
2002,"HENRY",1067,220,115,0,0,105,8,8,0,0,0,212,107,0,105
2003,"HENRY",1067,147,70,1,0,76,3,2,1,0,0,144,68,0,76
1990,"HOUSTON",1069,373,236,12,1,124,38,16,11,1,10,335,220,1,114
1991,"HOUSTON",1069,445,289,4,0,152,44,22,4,0,18,401,267,0,134
1992,"HOUSTON",1069,389,240,4,1,144,35,18,4,1,12,354,222,0,132
1993,"HOUSTON",1069,384,202,7,0,175,44,22,7,0,15,340,180,0,160
1994,"HOUSTON",1069,345,171,4,1,169,33,17,3,1,12,312,154,1,157
1995,"HOUSTON",1069,413,185,1,0,227,30,12,1,0,17,383,173,0,210
1996,"HOUSTON",1069,529,284,5,0,240,37,21,5,0,11,492,263,0,229
1997,"HOUSTON",1069,632,360,4,2,266,50,30,4,2,14,582,330,0,252
1998,"HOUSTON",1069,658,364,0,2,292,19,9,0,2,8,639,355,0,284
1999,"HOUSTON",1069,661,309,1,3,348,31,16,1,3,11,630,293,0,337
2000,"HOUSTON",1069,706,347,5,0,354,26,15,5,0,6,680,332,0,348
2001,"HOUSTON",1069,818,468,2,0,348,19,16,2,0,1,799,452,0,347
2002,"HOUSTON",1069,1115,722,1,0,392,18,14,1,0,3,1097,708,0,389
2003,"HOUSTON",1069,987,592,3,0,392,16,12,3,0,1,971,580,0,391
1990,"JACKSON",1071,156,80,1,0,75,13,6,1,0,6,143,74,0,69
1991,"JACKSON",1071,171,95,4,7,65,19,9,3,7,0,152,86,1,65
1992,"JACKSON",1071,158,99,0,0,59,3,2,0,0,1,155,97,0,58
1993,"JACKSON",1071,168,90,1,4,73,8,2,1,4,1,160,88,0,72
1994,"JACKSON",1071,199,81,3,1,114,4,0,3,1,0,195,81,0,114
1995,"JACKSON",1071,226,96,0,0,130,2,1,0,0,1,224,95,0,129
1996,"JACKSON",1071,253,118,2,0,133,6,3,2,0,1,247,115,0,132
1997,"JACKSON",1071,300,162,1,0,137,2,1,1,0,0,298,161,0,137
1998,"JACKSON",1071,276,165,2,0,109,4,2,1,0,1,272,163,1,108
1999,"JACKSON",1071,269,162,0,0,107,2,2,0,0,0,267,160,0,107
2000,"JACKSON",1071,281,183,0,0,98,2,2,0,0,0,279,181,0,98
2001,"JACKSON",1071,361,209,2,0,150,2,0,2,0,0,359,209,0,150
2002,"JACKSON",1071,355,220,2,0,133,3,1,2,0,0,352,219,0,133
2003,"JACKSON",1071,437,295,1,0,141,1,1,0,0,0,436,294,1,141
1990,"JEFFERSON",1073,7920,2587,64,0,5269,296,164,57,0,75,7624,2423,7,5194
1991,"JEFFERSON",1073,8546,2796,46,0,5703,297,206,38,0,52,8249,2590,8,5651
1992,"JEFFERSON",1073,8524,2550,27,0,5947,299,251,25,0,23,8225,2299,2,5924
1993,"JEFFERSON",1073,7592,2026,30,0,5536,193,141,30,0,22,7399,1885,0,5514
1994,"JEFFERSON",1073,6745,1757,34,0,4954,109,55,28,0,26,6636,1702,6,4928
1995,"JEFFERSON",1073,7212,1909,28,0,5275,115,58,27,0,30,7097,1851,1,5245
1996,"JEFFERSON",1073,8217,2305,26,0,5886,93,47,24,0,22,8124,2258,2,5864
1997,"JEFFERSON",1073,8542,2548,19,0,5975,72,38,19,0,15,8470,2510,0,5960
1998,"JEFFERSON",1073,7388,2301,32,0,5055,89,38,32,0,19,7299,2263,0,5036
1999,"JEFFERSON",1073,6802,2275,19,0,4508,42,17,19,0,6,6760,2258,0,4502
2000,"JEFFERSON",1073,6994,2281,23,0,4690,54,32,20,0,2,6940,2249,3,4688
2001,"JEFFERSON",1073,7777,3225,18,0,4534,46,28,17,0,1,7731,3197,1,4533
2002,"JEFFERSON",1073,8444,3737,21,0,4685,42,23,18,0,0,8402,3714,3,4685
2003,"JEFFERSON",1073,9175,4272,14,0,4889,37,23,14,0,0,9138,4249,0,4889
1990,"LAMAR",1075,76,15,1,0,60,8,2,1,0,5,68,13,0,55
1991,"LAMAR",1075,92,22,1,1,68,7,4,1,1,1,85,18,0,67
1992,"LAMAR",1075,78,24,1,0,53,11,4,1,0,6,67,20,0,47
1993,"LAMAR",1075,84,26,0,0,58,8,1,0,0,7,76,25,0,51
1994,"LAMAR",1075,69,24,0,0,45,5,1,0,0,4,64,23,0,41
1995,"LAMAR",1075,65,19,3,0,43,9,2,3,0,4,56,17,0,39
1996,"LAMAR",1075,124,37,0,0,87,7,1,0,0,6,117,36,0,81
1997,"LAMAR",1075,111,32,0,0,79,10,0,0,0,10,101,32,0,69
1998,"LAMAR",1075,93,22,0,0,71,7,2,0,0,5,86,20,0,66
1999,"LAMAR",1075,86,29,0,0,57,1,1,0,0,0,85,28,0,57
2000,"LAMAR",1075,113,24,0,0,89,2,0,0,0,2,111,24,0,87
2001,"LAMAR",1075,134,45,1,0,88,4,1,1,0,2,130,44,0,86
2002,"LAMAR",1075,137,45,0,0,92,2,2,0,0,0,135,43,0,92
2003,"LAMAR",1075,151,54,0,0,97,0,0,0,0,0,151,54,0,97
1990,"LAUDERDALE",1077,191,150,4,0,37,21,13,4,0,4,170,137,0,33
1991,"LAUDERDALE",1077,230,196,8,0,26,23,13,8,0,2,207,183,0,24
1992,"LAUDERDALE",1077,188,167,1,0,20,12,11,1,0,0,176,156,0,20
1993,"LAUDERDALE",1077,194,151,2,0,41,11,7,2,0,2,183,144,0,39
1994,"LAUDERDALE",1077,181,114,1,0,66,11,8,1,0,2,170,106,0,64
1995,"LAUDERDALE",1077,361,148,3,1,209,11,4,3,1,3,350,144,0,206
1996,"LAUDERDALE",1077,439,165,3,0,271,13,9,3,0,1,426,156,0,270
1997,"LAUDERDALE",1077,605,229,6,0,370,8,1,6,0,1,597,228,0,369
1998,"LAUDERDALE",1077,555,174,2,0,379,12,8,2,0,2,543,166,0,377
1999,"LAUDERDALE",1077,503,175,2,0,326,5,2,2,0,1,498,173,0,325
2000,"LAUDERDALE",1077,509,176,5,1,327,7,3,3,1,0,502,173,2,327
2001,"LAUDERDALE",1077,599,237,6,0,356,6,1,4,0,1,593,236,2,355
2002,"LAUDERDALE",1077,568,298,7,0,263,8,1,7,0,0,560,297,0,263
2003,"LAUDERDALE",1077,492,279,5,0,208,6,2,4,0,0,486,277,1,208
1990,"LAWRENCE",1079,105,76,0,0,29,11,8,0,0,3,94,68,0,26
1991,"LAWRENCE",1079,115,71,0,1,43,5,3,0,1,1,110,68,0,42
1992,"LAWRENCE",1079,94,57,0,1,35,5,3,0,1,0,89,54,0,35
1993,"LAWRENCE",1079,101,44,0,0,57,2,1,0,0,1,99,43,0,56
1994,"LAWRENCE",1079,107,41,0,1,65,2,1,0,1,0,105,40,0,65
1995,"LAWRENCE",1079,131,44,0,0,87,0,0,0,0,0,131,44,0,87
1996,"LAWRENCE",1079,159,63,0,0,96,1,1,0,0,0,158,62,0,96
1997,"LAWRENCE",1079,190,81,0,0,109,1,1,0,0,0,189,80,0,109
1998,"LAWRENCE",1079,180,77,0,0,103,0,0,0,0,0,180,77,0,103
1999,"LAWRENCE",1079,166,70,1,0,95,0,0,0,0,0,166,70,1,95
2000,"LAWRENCE",1079,212,90,2,0,120,3,1,1,0,1,209,89,1,119
2001,"LAWRENCE",1079,221,108,3,0,110,3,1,2,0,0,218,107,1,110
2002,"LAWRENCE",1079,242,128,1,0,113,4,3,1,0,0,238,125,0,113
2003,"LAWRENCE",1079,226,136,7,0,83,3,1,2,0,0,223,135,5,83
1990,"LEE",1081,342,125,2,0,215,11,7,2,0,2,331,118,0,213
1991,"LEE",1081,470,136,1,0,333,16,11,1,0,4,454,125,0,329
1992,"LEE",1081,430,137,2,0,291,15,9,1,0,5,415,128,1,286
1993,"LEE",1081,391,123,1,0,267,17,12,1,0,4,374,111,0,263
1994,"LEE",1081,336,102,1,0,233,9,6,1,0,2,327,96,0,231
1995,"LEE",1081,456,129,0,0,327,7,4,0,0,3,449,125,0,324
1996,"LEE",1081,527,169,0,0,358,7,3,0,0,4,520,166,0,354
1997,"LEE",1081,530,182,1,0,347,13,9,1,0,3,517,173,0,344
1998,"LEE",1081,539,216,0,0,323,14,12,0,0,2,525,204,0,321
1999,"LEE",1081,564,192,2,0,370,11,2,2,0,7,553,190,0,363
2000,"LEE",1081,634,209,1,0,424,11,8,1,0,2,623,201,0,422
2001,"LEE",1081,617,290,1,0,326,11,9,1,0,1,606,281,0,325
2002,"LEE",1081,725,385,1,0,339,12,7,1,0,4,713,378,0,335
2003,"LEE",1081,690,319,1,0,370,1,1,0,0,0,689,318,1,370
1990,"LIMESTONE",1083,180,145,0,0,35,16,12,0,0,4,164,133,0,31
1991,"LIMESTONE",1083,210,167,2,0,41,7,4,2,0,1,203,163,0,40
1992,"LIMESTONE",1083,265,174,2,0,89,12,10,1,0,1,253,164,1,88
1993,"LIMESTONE",1083,210,97,4,1,108,8,2,3,1,2,202,95,1,106
1994,"LIMESTONE",1083,251,109,0,0,142,3,2,0,0,1,248,107,0,141
1995,"LIMESTONE",1083,269,100,0,0,169,6,3,0,0,3,263,97,0,166
1996,"LIMESTONE",1083,368,153,1,0,214,6,4,1,0,1,362,149,0,213
1997,"LIMESTONE",1083,349,179,0,0,170,5,5,0,0,0,344,174,0,170
1998,"LIMESTONE",1083,337,162,3,0,172,3,1,2,0,0,334,161,1,172
1999,"LIMESTONE",1083,346,166,0,1,179,4,3,0,1,0,342,163,0,179
2000,"LIMESTONE",1083,382,187,1,0,194,4,3,1,0,0,378,184,0,194
2001,"LIMESTONE",1083,465,225,2,0,238,5,3,2,0,0,460,222,0,238
2002,"LIMESTONE",1083,453,234,5,0,214,3,1,2,0,0,450,233,3,214
2003,"LIMESTONE",1083,442,243,1,0,198,0,0,0,0,0,442,243,1,198
1990,"LOWNDES",1085,68,10,0,0,58,1,0,0,0,1,67,10,0,57
1991,"LOWNDES",1085,70,10,0,1,59,5,1,0,1,3,65,9,0,56
1992,"LOWNDES",1085,62,14,0,0,48,1,1,0,0,0,61,13,0,48
1993,"LOWNDES",1085,53,8,0,0,45,0,0,0,0,0,53,8,0,45
1994,"LOWNDES",1085,66,9,0,0,57,2,1,0,0,1,64,8,0,56
1995,"LOWNDES",1085,63,13,0,0,50,1,1,0,0,0,62,12,0,50
1996,"LOWNDES",1085,72,11,0,0,61,3,0,0,0,3,69,11,0,58
1997,"LOWNDES",1085,69,12,1,0,56,2,0,1,0,1,67,12,0,55
1998,"LOWNDES",1085,89,18,0,0,71,1,0,0,0,1,88,18,0,70
1999,"LOWNDES",1085,61,16,0,0,45,0,0,0,0,0,61,16,0,45
2000,"LOWNDES",1085,95,24,0,0,71,1,1,0,0,0,94,23,0,71
2001,"LOWNDES",1085,98,24,0,0,74,1,1,0,0,0,97,23,0,74
2002,"LOWNDES",1085,102,41,0,0,61,1,1,0,0,0,101,40,0,61
2003,"LOWNDES",1085,109,40,0,0,69,0,0,0,0,0,109,40,0,69
1990,"MACON",1087,94,25,1,0,68,4,1,1,0,2,90,24,0,66
1991,"MACON",1087,103,23,1,0,79,6,1,1,0,4,97,22,0,75
1992,"MACON",1087,87,20,0,0,67,2,1,0,0,1,85,19,0,66
1993,"MACON",1087,93,19,0,0,74,1,0,0,0,1,92,19,0,73
1994,"MACON",1087,87,16,0,0,71,3,2,0,0,1,84,14,0,70
1995,"MACON",1087,94,11,1,0,82,5,2,1,0,2,89,9,0,80
1996,"MACON",1087,121,30,0,0,91,4,2,0,0,2,117,28,0,89
1997,"MACON",1087,125,44,1,0,80,5,1,1,0,3,120,43,0,77
1998,"MACON",1087,119,32,0,0,87,1,1,0,0,0,118,31,0,87
1999,"MACON",1087,126,30,0,0,96,1,0,0,0,1,125,30,0,95
2000,"MACON",1087,140,38,0,0,102,3,2,0,0,1,137,36,0,101
2001,"MACON",1087,140,39,0,0,101,0,0,0,0,0,140,39,0,101
2002,"MACON",1087,126,53,0,0,73,0,0,0,0,0,126,53,0,73
2003,"MACON",1087,163,55,0,0,108,0,0,0,0,0,163,55,0,108
1990,"MADISON",1089,1126,726,29,2,369,111,61,27,2,21,1015,665,2,348
1991,"MADISON",1089,1183,760,29,0,394,109,61,26,0,22,1074,699,3,372
1992,"MADISON",1089,1207,704,25,0,478,63,33,20,0,10,1144,671,5,468
1993,"MADISON",1089,1203,580,27,0,596,57,26,24,0,7,1146,554,3,589
1994,"MADISON",1089,1185,523,20,0,642,46,24,17,0,5,1139,499,3,637
1995,"MADISON",1089,1308,552,14,0,742,53,27,14,0,12,1255,525,0,730
1996,"MADISON",1089,1461,692,13,0,756,34,14,13,0,7,1427,678,0,749
1997,"MADISON",1089,1598,909,22,0,667,60,26,22,0,12,1538,883,0,655
1998,"MADISON",1089,1515,840,17,0,658,32,10,17,0,5,1483,830,0,653
1999,"MADISON",1089,1469,821,5,0,643,13,8,3,0,2,1456,813,2,641
2000,"MADISON",1089,1526,811,11,1,703,25,12,9,1,3,1501,799,2,700
2001,"MADISON",1089,1861,1035,15,0,811,23,11,12,0,0,1838,1024,3,811
2002,"MADISON",1089,1889,1107,14,0,768,20,7,13,0,0,1869,1100,1,768
2003,"MADISON",1089,1977,1233,22,0,722,22,6,16,0,0,1955,1227,6,722
1990,"MARENGO",1091,75,26,3,0,46,3,2,0,0,1,72,24,3,45
1991,"MARENGO",1091,54,25,0,0,29,2,1,0,0,1,52,24,0,28
1992,"MARENGO",1091,47,21,1,0,25,6,2,1,0,3,41,19,0,22
1993,"MARENGO",1091,50,12,1,0,37,2,0,1,0,1,48,12,0,36
1994,"MARENGO",1091,48,5,0,0,43,0,0,0,0,0,48,5,0,43
1995,"MARENGO",1091,61,18,3,0,40,5,0,3,0,2,56,18,0,38
1996,"MARENGO",1091,87,30,0,0,57,5,3,0,0,2,82,27,0,55
1997,"MARENGO",1091,106,20,0,0,86,6,0,0,0,6,100,20,0,80
1998,"MARENGO",1091,117,30,0,0,87,2,0,0,0,2,115,30,0,85
1999,"MARENGO",1091,112,20,0,1,91,2,0,0,1,1,110,20,0,90
2000,"MARENGO",1091,93,19,0,0,74,0,0,0,0,0,93,19,0,74
2001,"MARENGO",1091,122,26,0,1,95,4,1,0,1,2,118,25,0,93
2002,"MARENGO",1091,156,42,0,0,114,1,0,0,0,1,155,42,0,113
2003,"MARENGO",1091,167,40,0,0,127,1,0,0,0,1,166,40,0,126
1990,"MARION",1093,93,61,2,0,30,18,13,2,0,3,75,48,0,27
1991,"MARION",1093,115,86,2,0,27,26,19,2,0,5,89,67,0,22
1992,"MARION",1093,72,48,1,0,23,8,6,1,0,1,64,42,0,22
1993,"MARION",1093,81,49,1,0,31,14,8,1,0,5,67,41,0,26
1994,"MARION",1093,81,44,0,0,37,2,0,0,0,2,79,44,0,35
1995,"MARION",1093,101,58,1,0,42,6,4,1,0,1,95,54,0,41
1996,"MARION",1093,141,65,0,0,76,8,3,0,0,5,133,62,0,71
1997,"MARION",1093,158,77,0,0,81,10,4,0,0,6,148,73,0,75
1998,"MARION",1093,133,65,0,0,68,3,1,0,0,2,130,64,0,66
1999,"MARION",1093,145,88,1,0,56,8,5,1,0,2,137,83,0,54
2000,"MARION",1093,147,92,0,0,55,5,5,0,0,0,142,87,0,55
2001,"MARION",1093,227,168,0,0,59,7,5,0,0,2,220,163,0,57
2002,"MARION",1093,179,121,0,0,58,1,1,0,0,0,178,120,0,58
2003,"MARION",1093,177,122,0,0,55,0,0,0,0,0,177,122,0,55
1990,"MARSHALL",1095,361,245,6,0,110,12,6,5,0,1,349,239,1,109
1991,"MARSHALL",1095,410,249,10,0,151,16,5,9,0,2,394,244,1,149
1992,"MARSHALL",1095,472,265,4,0,203,10,7,3,0,0,462,258,1,203
1993,"MARSHALL",1095,476,251,3,0,222,6,1,3,0,2,470,250,0,220
1994,"MARSHALL",1095,384,195,2,0,187,5,1,1,0,3,379,194,1,184
1995,"MARSHALL",1095,373,174,2,0,197,5,3,2,0,0,368,171,0,197
1996,"MARSHALL",1095,472,251,6,0,215,11,5,6,0,0,461,246,0,215
1997,"MARSHALL",1095,509,269,3,0,237,9,2,3,0,4,500,267,0,233
1998,"MARSHALL",1095,515,283,5,1,226,12,6,2,1,3,503,277,3,223
1999,"MARSHALL",1095,480,280,1,0,199,3,3,0,0,0,477,277,1,199
2000,"MARSHALL",1095,551,289,3,1,258,12,9,2,1,0,539,280,1,258
2001,"MARSHALL",1095,730,412,2,0,316,9,6,1,0,2,721,406,1,314
2002,"MARSHALL",1095,662,392,6,0,264,9,4,3,0,2,653,388,3,262
2003,"MARSHALL",1095,733,505,6,0,222,7,4,3,0,0,726,501,3,222
1990,"MOBILE",1097,1898,1430,33,0,435,44,20,22,0,2,1854,1410,11,433
1991,"MOBILE",1097,1806,1270,35,0,501,55,29,23,0,3,1751,1241,12,498
1992,"MOBILE",1097,1723,1169,15,1,538,45,25,13,1,6,1678,1144,2,532
1993,"MOBILE",1097,1460,936,14,0,510,18,7,11,0,0,1442,929,3,510
1994,"MOBILE",1097,2019,971,17,0,1031,26,14,11,0,1,1993,957,6,1030
1995,"MOBILE",1097,2472,988,8,0,1476,20,12,8,0,0,2452,976,0,1476
1996,"MOBILE",1097,3196,1266,16,0,1914,89,46,13,0,30,3107,1220,3,1884
1997,"MOBILE",1097,2887,1352,14,0,1521,85,37,12,0,36,2802,1315,2,1485
1998,"MOBILE",1097,2955,1331,7,0,1617,39,25,3,0,11,2916,1306,4,1606
1999,"MOBILE",1097,2846,1246,14,0,1586,21,7,13,0,0,2826,1239,1,1586
2000,"MOBILE",1097,3192,1340,15,0,1837,23,10,13,0,0,3169,1330,2,1837
2001,"MOBILE",1097,4136,1801,13,0,2322,33,14,12,0,7,4103,1787,1,2315
2002,"MOBILE",1097,4672,1945,16,0,2711,36,17,15,0,4,4636,1928,1,2707
2003,"MOBILE",1097,4640,1903,10,0,2727,24,9,8,0,7,4616,1894,2,2720
1990,"MONROE",1099,63,55,1,0,7,4,4,0,0,0,59,51,1,7
1991,"MONROE",1099,66,46,0,0,20,1,1,0,0,0,65,45,0,20
1992,"MONROE",1099,63,49,1,0,13,3,3,0,0,0,60,46,1,13
1993,"MONROE",1099,55,36,1,0,18,3,1,1,0,1,52,35,0,17
1994,"MONROE",1099,63,36,0,0,27,1,1,0,0,0,62,35,0,27
1995,"MONROE",1099,111,38,0,0,73,1,1,0,0,0,110,37,0,73
1996,"MONROE",1099,142,57,1,0,84,4,3,1,0,0,138,54,0,84
1997,"MONROE",1099,156,50,0,0,106,2,1,0,0,1,154,49,0,105
1998,"MONROE",1099,130,41,0,0,89,0,0,0,0,0,130,41,0,89
1999,"MONROE",1099,128,37,3,0,88,3,0,3,0,0,125,37,0,88
2000,"MONROE",1099,114,39,0,0,75,0,0,0,0,0,114,39,0,75
2001,"MONROE",1099,173,51,0,0,122,0,0,0,0,0,173,51,0,122
2002,"MONROE",1099,203,62,0,0,141,0,0,0,0,0,203,62,0,141
2003,"MONROE",1099,170,54,1,0,115,3,2,1,0,0,167,52,0,115
1990,"MONTGOMERY",1101,1527,403,25,0,1099,70,32,24,0,14,1457,371,1,1085
1991,"MONTGOMERY",1101,1585,419,21,0,1145,99,34,21,0,44,1486,385,0,1101
1992,"MONTGOMERY",1101,1395,400,9,0,986,92,45,8,0,39,1303,355,1,947
1993,"MONTGOMERY",1101,1291,369,8,0,914,76,36,8,0,32,1215,333,0,882
1994,"MONTGOMERY",1101,1286,377,4,0,905,48,27,4,0,17,1238,350,0,888
1995,"MONTGOMERY",1101,1328,418,3,0,907,47,28,3,0,16,1281,390,0,891
1996,"MONTGOMERY",1101,1450,493,5,0,952,43,16,5,0,22,1407,477,0,930
1997,"MONTGOMERY",1101,1542,616,8,0,918,57,31,8,0,18,1485,585,0,900
1998,"MONTGOMERY",1101,1571,631,4,0,936,33,17,4,0,12,1538,614,0,924
1999,"MONTGOMERY",1101,1447,557,5,0,885,19,8,5,0,6,1428,549,0,879
2000,"MONTGOMERY",1101,1466,629,7,0,830,17,8,7,0,2,1449,621,0,828
2001,"MONTGOMERY",1101,1774,763,6,0,1005,23,18,4,0,1,1751,745,2,1004
2002,"MONTGOMERY",1101,1909,894,5,0,1010,18,9,5,0,4,1891,885,0,1006
2003,"MONTGOMERY",1101,1890,910,2,0,978,10,9,1,0,0,1880,901,1,978
1990,"MORGAN",1103,472,309,4,0,159,29,23,4,0,2,443,286,0,157
1991,"MORGAN",1103,569,369,12,1,187,37,21,9,1,6,532,348,3,181
1992,"MORGAN",1103,498,308,5,0,185,23,16,5,0,2,475,292,0,183
1993,"MORGAN",1103,485,262,2,0,221,24,15,1,0,8,461,247,1,213
1994,"MORGAN",1103,486,237,6,0,243,21,11,5,0,5,465,226,1,238
1995,"MORGAN",1103,579,230,5,2,342,16,7,5,2,2,563,223,0,340
1996,"MORGAN",1103,753,333,4,0,416,16,7,4,0,5,737,326,0,411
1997,"MORGAN",1103,828,397,6,0,425,17,7,6,0,4,811,390,0,421
1998,"MORGAN",1103,752,425,8,1,318,21,7,8,1,5,731,418,0,313
1999,"MORGAN",1103,687,376,3,0,308,8,6,2,0,0,679,370,1,308
2000,"MORGAN",1103,763,404,8,0,351,16,8,7,0,1,747,396,1,350
2001,"MORGAN",1103,946,520,9,2,415,16,7,7,2,0,930,513,2,415
2002,"MORGAN",1103,894,544,10,0,340,16,10,6,0,0,878,534,4,340
2003,"MORGAN",1103,911,586,4,0,321,12,10,2,0,0,899,576,2,321
1990,"PERRY",1105,27,8,0,0,19,0,0,0,0,0,27,8,0,19
1991,"PERRY",1105,39,15,1,1,22,2,0,1,1,0,37,15,0,22
1992,"PERRY",1105,45,17,1,0,27,2,0,1,0,1,43,17,0,26
1993,"PERRY",1105,29,12,0,1,16,2,0,0,1,1,27,12,0,15
1994,"PERRY",1105,25,11,0,1,13,2,1,0,1,0,23,10,0,13
1995,"PERRY",1105,35,3,0,1,31,5,0,0,1,4,30,3,0,27
1996,"PERRY",1105,53,16,0,1,36,1,0,0,1,0,52,16,0,36
1997,"PERRY",1105,67,15,0,0,52,1,0,0,0,1,66,15,0,51
1998,"PERRY",1105,53,11,0,0,42,1,1,0,0,0,52,10,0,42
1999,"PERRY",1105,58,16,0,0,42,1,0,0,0,1,57,16,0,41
2000,"PERRY",1105,77,16,0,0,61,0,0,0,0,0,77,16,0,61
2001,"PERRY",1105,102,27,0,0,75,3,2,0,0,1,99,25,0,74
2002,"PERRY",1105,106,25,0,0,81,1,1,0,0,0,105,24,0,81
2003,"PERRY",1105,98,25,0,0,73,0,0,0,0,0,98,25,0,73
1990,"PICKENS",1107,111,17,0,2,92,5,1,0,2,2,106,16,0,90
1991,"PICKENS",1107,156,18,3,0,135,10,3,3,0,4,146,15,0,131
1992,"PICKENS",1107,132,23,1,0,108,12,5,1,0,6,120,18,0,102
1993,"PICKENS",1107,102,13,1,0,88,4,1,1,0,2,98,12,0,86
1994,"PICKENS",1107,83,7,0,0,76,5,0,0,0,5,78,7,0,71
1995,"PICKENS",1107,110,20,0,0,90,7,0,0,0,7,103,20,0,83
1996,"PICKENS",1107,129,14,1,0,114,10,1,1,0,8,119,13,0,106
1997,"PICKENS",1107,134,16,0,0,118,7,2,0,0,5,127,14,0,113
1998,"PICKENS",1107,156,23,0,0,133,8,3,0,0,5,148,20,0,128
1999,"PICKENS",1107,177,16,0,0,161,9,2,0,0,7,168,14,0,154
2000,"PICKENS",1107,147,14,0,0,133,2,1,0,0,1,145,13,0,132
2001,"PICKENS",1107,198,23,0,0,175,0,0,0,0,0,198,23,0,175
2002,"PICKENS",1107,205,19,1,0,185,1,0,1,0,0,204,19,0,185
2003,"PICKENS",1107,231,36,0,0,195,0,0,0,0,0,231,36,0,195
1990,"PIKE",1109,98,42,0,0,56,9,9,0,0,0,89,33,0,56
1991,"PIKE",1109,98,38,1,0,59,5,3,0,0,2,93,35,1,57
1992,"PIKE",1109,80,38,0,0,42,7,6,0,0,1,73,32,0,41
1993,"PIKE",1109,93,30,0,0,63,5,3,0,0,2,88,27,0,61
1994,"PIKE",1109,147,31,2,0,114,10,3,1,0,6,137,28,1,108
1995,"PIKE",1109,122,35,1,0,86,2,1,1,0,0,120,34,0,86
1996,"PIKE",1109,131,45,1,0,85,8,4,1,0,3,123,41,0,82
1997,"PIKE",1109,187,65,3,1,118,11,3,3,1,4,176,62,0,114
1998,"PIKE",1109,143,52,0,1,90,6,3,0,1,2,137,49,0,88
1999,"PIKE",1109,147,56,1,0,90,3,2,1,0,0,144,54,0,90
2000,"PIKE",1109,199,80,1,0,118,5,3,1,0,1,194,77,0,117
2001,"PIKE",1109,181,86,2,0,93,6,5,1,0,0,175,81,1,93
2002,"PIKE",1109,213,100,0,0,113,2,2,0,0,0,211,98,0,113
2003,"PIKE",1109,226,88,1,0,137,4,2,1,0,1,222,86,0,136
1990,"RANDOLPH",1111,100,30,0,0,70,5,5,0,0,0,95,25,0,70
1991,"RANDOLPH",1111,185,43,1,0,141,5,3,1,0,1,180,40,0,140
1992,"RANDOLPH",1111,98,31,0,0,67,0,0,0,0,0,98,31,0,67
1993,"RANDOLPH",1111,80,27,0,0,53,0,0,0,0,0,80,27,0,53
1994,"RANDOLPH",1111,86,17,1,0,68,5,3,1,0,1,81,14,0,67
1995,"RANDOLPH",1111,97,25,0,0,72,2,0,0,0,2,95,25,0,70
1996,"RANDOLPH",1111,118,27,1,0,90,4,1,1,0,2,114,26,0,88
1997,"RANDOLPH",1111,109,30,0,0,79,0,0,0,0,0,109,30,0,79
1998,"RANDOLPH",1111,131,41,0,0,90,2,2,0,0,0,129,39,0,90
1999,"RANDOLPH",1111,157,44,1,0,112,5,4,1,0,0,152,40,0,112
2000,"RANDOLPH",1111,132,42,0,0,90,0,0,0,0,0,132,42,0,90
2001,"RANDOLPH",1111,143,49,0,0,94,0,0,0,0,0,143,49,0,94
2002,"RANDOLPH",1111,165,79,0,0,86,4,4,0,0,0,161,75,0,86
2003,"RANDOLPH",1111,148,62,2,0,84,2,0,2,0,0,146,62,0,84
1990,"RUSSELL",1113,376,147,3,0,226,14,8,3,0,3,362,139,0,223
1991,"RUSSELL",1113,492,207,3,0,282,14,4,3,0,7,478,203,0,275
1992,"RUSSELL",1113,400,137,2,0,261,7,3,2,0,2,393,134,0,259
1993,"RUSSELL",1113,360,157,1,0,202,10,3,1,0,6,350,154,0,196
1994,"RUSSELL",1113,342,123,0,0,219,8,2,0,0,6,334,121,0,213
1995,"RUSSELL",1113,452,162,0,0,290,3,1,0,0,2,449,161,0,288
1996,"RUSSELL",1113,524,207,1,0,316,13,4,1,0,8,511,203,0,308
1997,"RUSSELL",1113,391,161,1,0,229,6,2,1,0,3,385,159,0,226
1998,"RUSSELL",1113,281,105,0,0,176,4,3,0,0,1,277,102,0,175
1999,"RUSSELL",1113,202,89,0,0,113,2,2,0,0,0,200,87,0,113
2000,"RUSSELL",1113,231,102,0,0,129,0,0,0,0,0,231,102,0,129
2001,"RUSSELL",1113,262,105,0,0,157,1,1,0,0,0,261,104,0,157
2002,"RUSSELL",1113,309,166,0,0,143,0,0,0,0,0,309,166,0,143
2003,"RUSSELL",1113,533,236,1,0,296,2,0,1,0,1,531,236,0,295
1990,"ST CLAIR",1115,372,184,6,0,182,14,6,5,0,3,358,178,1,179
1991,"ST CLAIR",1115,396,193,3,0,200,10,4,3,0,3,386,189,0,197
1992,"ST CLAIR",1115,356,182,4,0,170,13,10,3,0,0,343,172,1,170
1993,"ST CLAIR",1115,303,154,3,0,146,8,5,3,0,0,295,149,0,146
1994,"ST CLAIR",1115,262,120,4,0,138,4,2,2,0,0,258,118,2,138
1995,"ST CLAIR",1115,319,150,2,0,167,6,4,2,0,0,313,146,0,167
1996,"ST CLAIR",1115,356,173,3,0,180,7,3,3,0,1,349,170,0,179
1997,"ST CLAIR",1115,469,234,1,0,234,6,4,1,0,1,463,230,0,233
1998,"ST CLAIR",1115,398,195,0,0,203,4,4,0,0,0,394,191,0,203
1999,"ST CLAIR",1115,384,211,2,0,171,4,3,1,0,0,380,208,1,171
2000,"ST CLAIR",1115,448,251,3,0,194,6,4,2,0,0,442,247,1,194
2001,"ST CLAIR",1115,559,346,2,0,211,1,1,0,0,0,558,345,2,211
2002,"ST CLAIR",1115,599,356,2,0,241,0,0,0,0,0,599,356,2,241
2003,"ST CLAIR",1115,706,388,4,0,314,2,0,2,0,0,704,388,2,314
1990,"SHELBY",1117,772,380,6,0,386,46,32,5,0,9,726,348,1,377
1991,"SHELBY",1117,945,436,14,0,495,59,40,14,0,5,886,396,0,490
1992,"SHELBY",1117,841,337,5,0,499,30,24,3,0,3,811,313,2,496
1993,"SHELBY",1117,745,292,5,0,448,40,32,5,0,3,705,260,0,445
1994,"SHELBY",1117,653,248,3,0,402,14,8,3,0,3,639,240,0,399
1995,"SHELBY",1117,698,287,4,0,407,17,9,4,0,4,681,278,0,403
1996,"SHELBY",1117,807,319,2,0,486,9,6,1,0,2,798,313,1,484
1997,"SHELBY",1117,872,424,2,0,446,11,5,2,0,4,861,419,0,442
1998,"SHELBY",1117,749,377,6,0,366,16,9,6,0,1,733,368,0,365
1999,"SHELBY",1117,702,373,14,0,315,23,7,14,0,2,679,366,0,313
2000,"SHELBY",1117,726,394,2,0,330,4,3,1,0,0,722,391,1,330
2001,"SHELBY",1117,901,531,14,0,356,16,6,10,0,0,885,525,4,356
2002,"SHELBY",1117,1014,678,8,0,328,13,7,6,0,0,1001,671,2,328
2003,"SHELBY",1117,1129,768,4,0,357,9,6,3,0,0,1120,762,1,357
1990,"SUMTER",1119,81,5,2,0,74,7,0,2,0,5,74,5,0,69
1991,"SUMTER",1119,85,13,0,0,72,6,2,0,0,4,79,11,0,68
1992,"SUMTER",1119,75,8,2,0,65,12,4,2,0,6,63,4,0,59
1993,"SUMTER",1119,75,4,1,0,70,2,1,1,0,0,73,3,0,70
1994,"SUMTER",1119,62,6,0,0,56,5,2,0,0,3,57,4,0,53
1995,"SUMTER",1119,101,5,1,0,95,5,1,1,0,3,96,4,0,92
1996,"SUMTER",1119,110,2,0,0,108,3,0,0,0,3,107,2,0,105
1997,"SUMTER",1119,133,6,0,0,127,2,0,0,0,2,131,6,0,125
1998,"SUMTER",1119,140,8,0,0,132,5,2,0,0,3,135,6,0,129
1999,"SUMTER",1119,112,8,0,0,104,3,0,0,0,3,109,8,0,101
2000,"SUMTER",1119,71,13,0,0,58,5,1,0,0,4,66,12,0,54
2001,"SUMTER",1119,108,9,0,0,99,1,0,0,0,1,107,9,0,98
2002,"SUMTER",1119,113,10,0,0,103,0,0,0,0,0,113,10,0,103
2003,"SUMTER",1119,136,20,0,0,116,0,0,0,0,0,136,20,0,116
1990,"TALLADEGA",1121,665,192,9,0,464,8,3,5,0,0,657,189,4,464
1991,"TALLADEGA",1121,771,202,4,1,564,13,6,3,1,3,758,196,1,561
1992,"TALLADEGA",1121,704,214,3,0,487,2,1,1,0,0,702,213,2,487
1993,"TALLADEGA",1121,618,169,8,0,441,5,0,3,0,2,613,169,5,439
1994,"TALLADEGA",1121,649,120,3,0,526,7,3,2,0,2,642,117,1,524
1995,"TALLADEGA",1121,668,123,1,0,544,6,2,1,0,3,662,121,0,541
1996,"TALLADEGA",1121,778,161,2,0,615,4,1,1,0,2,774,160,1,613
1997,"TALLADEGA",1121,822,205,0,0,617,2,1,0,0,1,820,204,0,616
1998,"TALLADEGA",1121,837,194,0,0,643,1,0,0,0,1,836,194,0,642
1999,"TALLADEGA",1121,759,174,1,0,584,3,2,0,0,1,756,172,1,583
2000,"TALLADEGA",1121,777,178,2,0,597,5,2,2,0,1,772,176,0,596
2001,"TALLADEGA",1121,887,235,1,0,651,5,3,1,0,1,882,232,0,650
2002,"TALLADEGA",1121,890,256,3,1,630,5,1,3,1,0,885,255,0,630
2003,"TALLADEGA",1121,925,277,6,0,642,8,2,5,0,1,917,275,1,641
1990,"TALLAPOOSA",1123,302,46,1,0,255,3,1,1,0,1,299,45,0,254
1991,"TALLAPOOSA",1123,349,56,0,0,293,6,2,0,0,4,343,54,0,289
1992,"TALLAPOOSA",1123,225,51,1,0,173,10,4,1,0,5,215,47,0,168
1993,"TALLAPOOSA",1123,259,51,0,0,208,5,4,0,0,1,254,47,0,207
1994,"TALLAPOOSA",1123,234,40,0,0,194,4,2,0,0,2,230,38,0,192
1995,"TALLAPOOSA",1123,239,55,0,0,184,6,4,0,0,2,233,51,0,182
1996,"TALLAPOOSA",1123,294,45,0,0,249,5,1,0,0,4,289,44,0,245
1997,"TALLAPOOSA",1123,348,83,0,0,265,3,1,0,0,2,345,82,0,263
1998,"TALLAPOOSA",1123,321,75,1,0,245,3,2,1,0,0,318,73,0,245
1999,"TALLAPOOSA",1123,262,58,1,0,203,3,2,1,0,0,259,56,0,203
2000,"TALLAPOOSA",1123,350,100,1,0,249,5,1,1,0,3,345,99,0,246
2001,"TALLAPOOSA",1123,311,103,2,0,206,4,2,1,0,1,307,101,1,205
2002,"TALLAPOOSA",1123,293,129,1,0,163,4,1,1,0,2,289,128,0,161
2003,"TALLAPOOSA",1123,363,152,0,0,211,0,0,0,0,0,363,152,0,211
1990,"TUSCALOOSA",1125,1617,214,14,0,1389,165,37,14,0,114,1452,177,0,1275
1991,"TUSCALOOSA",1125,1821,228,13,0,1580,147,45,13,0,89,1674,183,0,1491
1992,"TUSCALOOSA",1125,1732,218,6,0,1508,160,40,6,0,114,1572,178,0,1394
1993,"TUSCALOOSA",1125,1444,157,9,0,1278,97,28,9,0,60,1347,129,0,1218
1994,"TUSCALOOSA",1125,1407,145,3,0,1259,92,17,3,0,72,1315,128,0,1187
1995,"TUSCALOOSA",1125,1479,146,2,0,1331,73,16,2,0,55,1406,130,0,1276
1996,"TUSCALOOSA",1125,1477,153,2,0,1322,71,21,2,0,48,1406,132,0,1274
1997,"TUSCALOOSA",1125,1828,252,3,0,1573,92,31,3,0,58,1736,221,0,1515
1998,"TUSCALOOSA",1125,1773,202,5,0,1566,67,18,5,0,44,1706,184,0,1522
1999,"TUSCALOOSA",1125,1592,208,3,0,1381,63,24,2,0,37,1529,184,1,1344
2000,"TUSCALOOSA",1125,1662,236,7,0,1419,56,17,7,0,32,1606,219,0,1387
2001,"TUSCALOOSA",1125,1993,343,3,0,1647,18,9,3,0,6,1975,334,0,1641
2002,"TUSCALOOSA",1125,1961,387,2,0,1572,11,9,2,0,0,1950,378,0,1572
2003,"TUSCALOOSA",1125,2186,466,6,0,1714,13,7,5,0,1,2173,459,1,1713
1990,"WALKER",1127,488,223,4,0,261,82,38,4,0,40,406,185,0,221
1991,"WALKER",1127,538,243,6,0,289,62,26,6,0,30,476,217,0,259
1992,"WALKER",1127,525,219,3,0,303,69,27,3,0,39,456,192,0,264
1993,"WALKER",1127,456,200,2,0,254,37,20,2,0,15,419,180,0,239
1994,"WALKER",1127,417,181,1,0,235,27,10,1,0,16,390,171,0,219
1995,"WALKER",1127,405,161,1,0,243,26,11,1,0,14,379,150,0,229
1996,"WALKER",1127,471,209,2,0,260,30,13,2,0,15,441,196,0,245
1997,"WALKER",1127,535,265,3,0,267,30,12,2,0,16,505,253,1,251
1998,"WALKER",1127,533,252,1,0,279,30,13,1,0,15,503,239,0,264
1999,"WALKER",1127,468,241,0,0,227,27,15,0,0,12,441,226,0,215
2000,"WALKER",1127,493,225,0,0,268,17,10,0,0,7,476,215,0,261
2001,"WALKER",1127,592,344,3,0,245,7,4,3,0,0,585,340,0,245
2002,"WALKER",1127,642,405,0,0,237,5,5,0,0,0,637,400,0,237
2003,"WALKER",1127,638,415,3,0,220,4,3,1,0,0,634,412,2,220
1990,"WASHINGTON",1129,24,20,1,0,3,0,0,0,0,0,24,20,1,3
1991,"WASHINGTON",1129,34,22,1,0,11,2,2,0,0,0,32,20,1,11
1992,"WASHINGTON",1129,34,21,1,0,12,1,0,0,0,1,33,21,1,11
1993,"WASHINGTON",1129,30,19,0,0,11,0,0,0,0,0,30,19,0,11
1994,"WASHINGTON",1129,35,19,0,0,16,0,0,0,0,0,35,19,0,16
1995,"WASHINGTON",1129,76,27,1,0,48,1,0,1,0,0,75,27,0,48
1996,"WASHINGTON",1129,87,29,0,0,58,3,2,0,0,1,84,27,0,57
1997,"WASHINGTON",1129,100,28,0,0,72,3,0,0,0,3,97,28,0,69
1998,"WASHINGTON",1129,94,35,0,0,59,1,0,0,0,1,93,35,0,58
1999,"WASHINGTON",1129,99,33,0,0,66,0,0,0,0,0,99,33,0,66
2000,"WASHINGTON",1129,109,31,0,0,78,0,0,0,0,0,109,31,0,78
2001,"WASHINGTON",1129,117,32,0,0,85,0,0,0,0,0,117,32,0,85
2002,"WASHINGTON",1129,124,32,1,0,91,1,0,1,0,0,123,32,0,91
2003,"WASHINGTON",1129,155,44,0,0,111,0,0,0,0,0,155,44,0,111
1990,"WILCOX",1131,11,6,0,0,5,0,0,0,0,0,11,6,0,5
1991,"WILCOX",1131,17,13,0,0,4,1,1,0,0,0,16,12,0,4
1992,"WILCOX",1131,17,5,0,1,11,2,1,0,1,0,15,4,0,11
1993,"WILCOX",1131,27,12,1,0,14,1,0,1,0,0,26,12,0,14
1994,"WILCOX",1131,11,6,0,0,5,0,0,0,0,0,11,6,0,5
1995,"WILCOX",1131,26,9,1,0,16,2,1,1,0,0,24,8,0,16
1996,"WILCOX",1131,43,12,0,0,31,0,0,0,0,0,43,12,0,31
1997,"WILCOX",1131,40,12,0,0,28,1,1,0,0,0,39,11,0,28
1998,"WILCOX",1131,39,13,0,0,26,0,0,0,0,0,39,13,0,26
1999,"WILCOX",1131,39,12,0,0,27,0,0,0,0,0,39,12,0,27
2000,"WILCOX",1131,47,16,0,0,31,0,0,0,0,0,47,16,0,31
2001,"WILCOX",1131,67,24,0,0,43,2,0,0,0,2,65,24,0,41
2002,"WILCOX",1131,74,24,0,0,50,0,0,0,0,0,74,24,0,50
2003,"WILCOX",1131,93,29,0,0,64,1,0,0,0,1,92,29,0,63
1990,"WINSTON",1133,62,42,1,0,19,10,6,1,0,3,52,36,0,16
1991,"WINSTON",1133,104,83,1,0,20,10,7,1,0,2,94,76,0,18
1992,"WINSTON",1133,87,67,2,0,18,8,3,1,0,4,79,64,1,14
1993,"WINSTON",1133,72,51,1,0,20,10,7,1,0,2,62,44,0,18
1994,"WINSTON",1133,74,51,0,0,23,5,5,0,0,0,69,46,0,23
1995,"WINSTON",1133,95,57,3,0,35,8,2,3,0,3,87,55,0,32
1996,"WINSTON",1133,101,60,0,0,41,4,2,0,0,2,97,58,0,39
1997,"WINSTON",1133,173,113,0,0,60,8,8,0,0,0,165,105,0,60
1998,"WINSTON",1133,103,67,0,0,36,9,6,0,0,3,94,61,0,33
1999,"WINSTON",1133,133,77,0,0,56,9,8,0,0,1,124,69,0,55
2000,"WINSTON",1133,142,95,0,0,47,5,4,0,0,1,137,91,0,46
2001,"WINSTON",1133,183,132,1,0,50,2,1,1,0,0,181,131,0,50
2002,"WINSTON",1133,185,133,2,0,50,3,1,2,0,0,182,132,0,50
2003,"WINSTON",1133,178,138,0,0,40,1,1,0,0,0,177,137,0,40
1991,"ALEUTIAN ISLAN",2010,3,3,0,0,0,0,0,0,0,0,3,3,0,0
1992,"ALEUTIAN ISLAN",2010,10,5,1,0,4,5,1,1,0,3,5,4,0,1
1993,"ALEUTIAN ISLAN",2010,7,7,0,0,0,0,0,0,0,0,7,7,0,0
1994,"ALEUTIAN ISLAN",2010,5,3,0,0,2,0,0,0,0,0,5,3,0,2
1995,"ALEUTIAN ISLAN",2010,5,4,0,0,1,1,0,0,0,1,4,4,0,0
1996,"ALEUTIAN ISLAN",2010,3,2,0,0,1,2,1,0,0,1,1,1,0,0
1997,"ALEUTIAN ISLAN",2010,6,5,0,0,1,0,0,0,0,0,6,5,0,1
1998,"ALEUTIAN ISLAN",2010,3,3,0,0,0,0,0,0,0,0,3,3,0,0
2000,"ALEUTIAN ISLAN",2010,3,3,0,0,0,0,0,0,0,0,3,3,0,0
2001,"ALEUTIAN ISLAN",2010,5,5,0,0,0,1,1,0,0,0,4,4,0,0
2002,"ALEUTIAN ISLAN",2010,2,2,0,0,0,0,0,0,0,0,2,2,0,0
2003,"ALEUTIAN ISLAN",2010,7,7,0,0,0,0,0,0,0,0,7,7,0,0
1999,"ALEUTIANS EAST BOROUGH",2013,0,0,0,0,0,0,0,0,0,0,0,0,0,0
2002,"ALEUTIANS EAST",2013,2,1,0,0,1,0,0,0,0,0,2,1,0,1
2003,"ALEUTIANS EAST",2013,2,2,0,0,0,0,0,0,0,0,2,2,0,0
1999,"ALEUTIANS WEST CENSUS AREA",2016,0,0,0,0,0,0,0,0,0,0,0,0,0,0
1990,"ANCHORAGE BOROUGH",2020,715,576,37,0,102,81,33,32,0,16,634,543,5,86
1991,"ANCHORAGE",2020,656,551,35,0,70,104,60,31,0,13,552,491,4,57
1992,"ANCHORAGE",2020,611,530,19,0,62,103,72,18,0,13,508,458,1,49
1993,"ANCHORAGE",2020,538,467,22,0,48,98,68,21,0,8,440,399,1,40
1994,"ANCHORAGE",2020,514,443,22,0,49,80,51,20,0,9,434,392,2,40
1995,"ANCHORAGE",2020,498,425,21,0,52,78,46,19,0,13,420,379,2,39
1996,"ANCHORAGE",2020,636,566,11,0,59,78,44,11,0,23,558,522,0,36
1997,"ANCHORAGE",2020,780,676,13,0,91,73,43,13,0,17,707,633,0,74
1998,"ANCHORAGE",2020,785,699,4,0,82,53,32,3,0,18,732,667,1,64
1999,"ANCHORAGE BOROUGH",2020,720,646,13,0,61,47,24,13,0,10,673,622,0,51
2000,"ANCHORAGE",2020,714,631,2,0,81,34,24,2,0,8,680,607,0,73
2001,"ANCHORAGE",2020,748,656,4,0,88,35,23,4,0,8,713,633,0,80
2002,"ANCHORAGE",2020,768,687,8,0,73,45,32,8,0,5,723,655,0,68
2003,"ANCHORAGE",2020,755,673,9,0,73,52,37,9,0,6,703,636,0,67
2002,"ANGOON",2030,1,1,0,0,0,0,0,0,0,0,1,1,0,0
2003,"BARROW-NORTH S",2040,4,3,0,0,1,0,0,0,0,0,4,3,0,1
1990,"BETHEL CENSUS AREA",2050,3,3,0,0,0,1,1,0,0,0,2,2,0,0
1991,"BETHEL",2050,2,2,0,0,0,1,1,0,0,0,1,1,0,0
1992,"BETHEL",2050,3,2,0,0,1,2,1,0,0,1,1,1,0,0
1993,"BETHEL",2050,2,1,1,0,0,1,0,1,0,0,1,1,0,0
1994,"BETHEL",2050,3,2,0,0,1,0,0,0,0,0,3,2,0,1
1995,"BETHEL",2050,2,2,0,0,0,1,1,0,0,0,1,1,0,0
1996,"BETHEL",2050,4,4,0,0,0,0,0,0,0,0,4,4,0,0
1997,"BETHEL",2050,4,3,0,0,1,0,0,0,0,0,4,3,0,1
1998,"BETHEL",2050,3,3,0,0,0,1,1,0,0,0,2,2,0,0
1999,"BETHEL CENSUS AREA",2050,3,3,0,0,0,0,0,0,0,0,3,3,0,0
2000,"BETHEL",2050,3,3,0,0,0,0,0,0,0,0,3,3,0,0
2001,"BETHEL",2050,5,4,0,0,1,0,0,0,0,0,5,4,0,1
2002,"BETHEL",2050,7,5,0,0,2,3,3,0,0,0,4,2,0,2
2003,"BETHEL",2050,3,2,1,0,0,2,1,1,0,0,1,1,0,0
1990,"BRISTOL BAY BOROUGH",2060,2,2,0,0,0,0,0,0,0,0,2,2,0,0
1992,"BRISTOL BAY BO",2060,1,0,0,0,1,0,0,0,0,0,1,0,0,1
1994,"BRISTOL BAY BO",2060,2,1,0,0,1,1,0,0,0,1,1,1,0,0
1995,"BRISTOL BAY BO",2060,2,1,0,0,1,1,0,0,0,1,1,1,0,0
1996,"BRISTOL BAY BO",2060,1,1,0,0,0,0,0,0,0,0,1,1,0,0
1997,"BRISTOL BAY BO",2060,1,1,0,0,0,0,0,0,0,0,1,1,0,0
1998,"BRISTOL BAY BO",2060,3,3,0,0,0,0,0,0,0,0,3,3,0,0
1999,"BRISTOL BAY BOROUGH",2060,1,1,0,0,0,0,0,0,0,0,1,1,0,0
2000,"BRISTOL BAY BO",2060,4,4,0,0,0,0,0,0,0,0,4,4,0,0
2001,"BRISTOL BAY BO",2060,1,1,0,0,0,0,0,0,0,0,1,1,0,0
2002,"BRISTOL BAY BO",2060,1,1,0,0,0,0,0,0,0,0,1,1,0,0
2003,"BRISTOL BAY BO",2060,2,2,0,0,0,0,0,0,0,0,2,2,0,0
1991,"DILLINGHAM CEN",2070,2,2,0,0,0,1,1,0,0,0,1,1,0,0
1992,"DILLINGHAM CEN",2070,5,5,0,0,0,0,0,0,0,0,5,5,0,0
1993,"DILLINGHAM CEN",2070,2,1,0,0,1,1,0,0,0,1,1,1,0,0
1994,"DILLINGHAM CEN",2070,3,2,1,0,0,1,0,1,0,0,2,2,0,0
1995,"DILLINGHAM CEN",2070,2,1,0,0,1,0,0,0,0,0,2,1,0,1
1996,"DILLINGHAM CEN",2070,2,0,0,0,2,1,0,0,0,1,1,0,0,1
1998,"DILLINGHAM CEN",2070,4,4,0,0,0,2,2,0,0,0,2,2,0,0
2000,"DILLINGHAM CEN",2070,4,2,0,0,2,1,0,0,0,1,3,2,0,1
2001,"DILLINGHAM CEN",2070,1,1,0,0,0,0,0,0,0,0,1,1,0,0
2002,"DILLINGHAM CEN",2070,2,0,0,0,2,1,0,0,0,1,1,0,0,1
2003,"DILLINGHAM CEN",2070,2,2,0,0,0,0,0,0,0,0,2,2,0,0
1991,"CORDOVA‑MCCART",2080,1,1,0,0,0,0,0,0,0,0,1,1,0,0
2001,"CORDOVA-MCCART",2080,2,0,0,0,2,2,0,0,0,2,0,0,0,0
2002,"CORDOVA-MCCART",2080,2,1,0,0,1,0,0,0,0,0,2,1,0,1
2003,"CORDOVA-MCCART",2080,2,1,0,0,1,0,0,0,0,0,2,1,0,1
1990,"DILLINGHAM CENSUS AREA",2090,135,115,4,0,16,17,13,3,0,1,118,102,1,15
1991,"FAIRBANKS‑NORT",2090,137,118,4,0,15,17,8,4,0,5,120,110,0,10
1992,"FAIRBANKS‑NORT",2090,119,108,5,1,5,17,11,4,1,1,102,97,1,4
1993,"FAIRBANKS‑NORT",2090,106,100,4,0,2,14,10,4,0,0,92,90,0,2
1994,"FAIRBANKS‑NORT",2090,119,111,3,0,5,23,19,3,0,1,96,92,0,4
1995,"FAIRBANKS‑NORT",2090,124,112,5,0,7,19,12,5,0,2,105,100,0,5
1996,"FAIRBANKS‑NORT",2090,199,181,8,0,10,37,26,8,0,3,162,155,0,7
1997,"FAIRBANKS-NORT",2090,191,181,1,0,9,22,20,1,0,1,169,161,0,8
1998,"FAIRBANKS-NORT",2090,204,193,2,0,9,15,11,2,0,2,189,182,0,7
1999,"DILLINGHAM CENSUS AREA",2090,236,220,1,0,15,22,17,1,0,4,214,203,0,11
2000,"FAIRBANKS-NORT",2090,213,198,2,0,13,28,25,2,0,1,185,173,0,12
2001,"FAIRBANKS-NORT",2090,230,219,5,0,6,25,20,4,0,1,205,199,1,5
2002,"FAIRBANKS-NORT",2090,224,218,0,0,6,27,25,0,0,2,197,193,0,4
2003,"FAIRBANKS-NORT",2090,215,207,1,0,7,15,14,0,0,1,200,193,1,6
1991,"HAINES",2100,1,1,0,0,0,0,0,0,0,0,1,1,0,0
1992,"HAINES",2100,1,1,0,0,0,0,0,0,0,0,1,1,0,0
1993,"HAINES",2100,2,2,0,0,0,0,0,0,0,0,2,2,0,0
1994,"HAINES",2100,2,2,0,0,0,0,0,0,0,0,2,2,0,0
1996,"HAINES",2100,5,5,0,0,0,0,0,0,0,0,5,5,0,0
1997,"HAINES",2100,4,4,0,0,0,0,0,0,0,0,4,4,0,0
1998,"HAINES",2100,2,2,0,0,0,0,0,0,0,0,2,2,0,0
1999,"FAIRBANKS NORTH STAR BOROUGH",2100,0,0,0,0,0,0,0,0,0,0,0,0,0,0
2000,"HAINES",2100,1,1,0,0,0,0,0,0,0,0,1,1,0,0
2001,"HAINES",2100,3,3,0,0,0,1,1,0,0,0,2,2,0,0
2002,"HAINES",2100,7,7,0,0,0,1,1,0,0,0,6,6,0,0
2003,"HAINES",2100,8,7,0,0,1,1,1,0,0,0,7,6,0,1
1990,"HAINES BOROUGH",2110,45,39,5,0,1,11,6,5,0,0,34,33,0,1
1991,"JUNEAU",2110,26,23,3,0,0,4,1,3,0,0,22,22,0,0
1992,"JUNEAU",2110,24,21,3,0,0,8,5,3,0,0,16,16,0,0
1993,"JUNEAU",2110,37,32,2,0,3,7,5,2,0,0,30,27,0,3
1994,"JUNEAU",2110,32,29,2,0,1,7,5,2,0,0,25,24,0,1
1995,"JUNEAU",2110,64,51,0,0,13,8,6,0,0,2,56,45,0,11
1996,"JUNEAU",2110,73,63,3,0,7,11,4,3,0,4,62,59,0,3
1997,"JUNEAU",2110,66,61,0,0,5,6,6,0,0,0,60,55,0,5
1998,"JUNEAU",2110,86,75,0,0,11,18,13,0,0,5,68,62,0,6
1999,"HAINES BOROUGH",2110,62,58,0,0,4,6,5,0,0,1,56,53,0,3
2000,"JUNEAU",2110,63,59,0,0,4,7,7,0,0,0,56,52,0,4
2001,"JUNEAU",2110,81,69,0,0,12,8,7,0,0,1,73,62,0,11
2002,"JUNEAU",2110,78,70,1,0,7,7,5,1,0,1,71,65,0,6
2003,"JUNEAU",2110,67,58,1,0,8,10,6,1,0,3,57,52,0,5
1991,"KENAI‑COOK INL",2120,5,5,0,0,0,0,0,0,0,0,5,5,0,0
2002,"KENAI-COOK INL",2120,1,1,0,0,0,0,0,0,0,0,1,1,0,0
1991,"KENAI PENINSUL",2122,44,41,2,0,1,8,5,2,0,1,36,36,0,0
1992,"KENAI PENINSUL",2122,65,55,3,0,7,13,7,3,0,3,52,48,0,4
1993,"KENAI PENINSUL",2122,69,59,4,0,6,13,7,3,0,3,56,52,1,3
1994,"KENAI PENINSUL",2122,52,43,1,0,8,11,6,1,0,4,41,37,0,4
1995,"KENAI PENINSUL",2122,72,51,12,0,9,21,5,12,0,4,51,46,0,5
1996,"KENAI PENINSUL",2122,78,65,3,0,10,14,7,3,0,4,64,58,0,6
1997,"KENAI PENINSUL",2122,66,57,1,0,8,12,6,1,0,5,54,51,0,3
1998,"KENAI PENINSUL",2122,97,88,1,0,8,6,3,1,0,2,91,85,0,6
1999,"JUNEAU BOROUGH",2122,0,0,0,0,0,0,0,0,0,0,0,0,0,0
2000,"KENAI PENINSUL",2122,100,86,4,0,10,10,6,4,0,0,90,80,0,10
2001,"KENAI PENINSUL",2122,89,77,5,0,7,7,2,4,0,1,82,75,1,6
2002,"KENAI PENINSUL",2122,81,75,0,0,6,11,8,0,0,3,70,67,0,3
2003,"KENAI PENINSUL",2122,103,89,2,0,12,7,2,2,0,3,96,87,0,9
1990,"KENAI PENINSULA BOROUGH",2130,24,20,3,0,1,8,5,3,0,0,16,15,0,1
1991,"KETCHIKAN‑GATE",2130,23,19,2,0,2,3,1,2,0,0,20,18,0,2
1992,"KETCHIKAN‑GATE",2130,18,16,0,0,2,0,0,0,0,0,18,16,0,2
1993,"KETCHIKAN‑GATE",2130,18,17,0,0,1,3,3,0,0,0,15,14,0,1
1994,"KETCHIKAN‑GATE",2130,20,17,1,0,2,3,2,1,0,0,17,15,0,2
1995,"KETCHIKAN‑GATE",2130,20,16,0,0,4,5,4,0,0,1,15,12,0,3
1996,"KETCHIKAN‑GATE",2130,32,29,0,0,3,5,3,0,0,2,27,26,0,1
1997,"KETCHIKAN-GATE",2130,39,37,0,0,2,5,3,0,0,2,34,34,0,0
1998,"KETCHIKAN-GATE",2130,26,24,0,0,2,5,4,0,0,1,21,20,0,1
1999,"KENAI PENINSULA BOROUGH",2130,42,42,0,0,0,3,3,0,0,0,39,39,0,0
2000,"KETCHIKAN-GATE",2130,61,58,2,0,1,9,6,2,0,1,52,52,0,0
2001,"KETCHIKAN-GATE",2130,41,37,1,0,3,4,2,1,0,1,37,35,0,2
2002,"KETCHIKAN-GATE",2130,47,45,0,0,2,4,4,0,0,0,43,41,0,2
2003,"KETCHIKAN-GATE",2130,55,53,0,0,2,2,2,0,0,0,53,51,0,2
1997,"KOBUK",2140,1,1,0,0,0,1,1,0,0,0,0,0,0,0
1998,"KOBUK",2140,3,0,0,0,3,0,0,0,0,0,3,0,0,3
1990,"KETCHIKAN GATEWAY BOROUGH",2150,7,6,1,0,0,1,0,1,0,0,6,6,0,0
1991,"KODIAK ISLAND",2150,17,13,1,0,3,3,1,1,0,1,14,12,0,2
1992,"KODIAK ISLAND",2150,12,12,0,0,0,4,4,0,0,0,8,8,0,0
1993,"KODIAK ISLAND",2150,15,11,2,0,2,5,2,2,0,1,10,9,0,1
1994,"KODIAK ISLAND",2150,19,16,1,0,2,5,2,1,0,2,14,14,0,0
1995,"KODIAK ISLAND",2150,17,12,0,0,5,3,1,0,0,2,14,11,0,3
1996,"KODIAK ISLAND",2150,16,14,0,0,2,3,1,0,0,2,13,13,0,0
1997,"KODIAK ISLAND",2150,12,11,0,0,1,2,2,0,0,0,10,9,0,1
1998,"KODIAK ISLAND",2150,19,19,0,0,0,2,2,0,0,0,17,17,0,0
1999,"KETCHIKAN GATEWAY BOROUGH",2150,30,29,0,0,1,4,4,0,0,0,26,25,0,1
2000,"KODIAK ISLAND",2150,5,4,0,0,1,1,1,0,0,0,4,3,0,1
2001,"KODIAK ISLAND",2150,10,9,0,0,1,1,1,0,0,0,9,8,0,1
2002,"KODIAK ISLAND",2150,18,16,0,0,2,0,0,0,0,0,18,16,0,2
2003,"KODIAK ISLAND",2150,15,15,0,0,0,2,2,0,0,0,13,13,0,0
1991,"KUSKOKWIM",2160,1,0,0,0,1,1,0,0,0,1,0,0,0,0
1993,"LAKE AND PENIN",2164,3,1,0,0,2,3,1,0,0,2,0,0,0,0
1994,"LAKE AND PENIN",2164,2,1,1,0,0,2,1,1,0,0,0,0,0,0
1998,"LAKE AND PENIN",2164,1,1,0,0,0,0,0,0,0,0,1,1,0,0
1999,"KODIAK ISLAND BOROUGH",2164,0,0,0,0,0,0,0,0,0,0,0,0,0,0
2000,"LAKE AND PENIN",2164,1,0,0,0,1,0,0,0,0,0,1,0,0,1
2001,"LAKE AND PENIN",2164,3,3,0,0,0,0,0,0,0,0,3,3,0,0
1990,"LAKE AND PENINSULA BOROUGH",2170,125,104,5,0,16,23,13,5,0,5,102,91,0,11
1991,"MATANUSKA‑SUSI",2170,117,106,2,0,9,17,13,2,0,2,100,93,0,7
1992,"MATANUSKA‑SUSI",2170,106,90,7,0,9,19,13,6,0,0,87,77,1,9
1993,"MATANUSKA‑SUSI",2170,77,63,4,2,8,17,8,3,2,4,60,55,1,4
1994,"MATANUSKA‑SUSI",2170,82,74,0,0,8,11,7,0,0,4,71,67,0,4
1995,"MATANUSKA‑SUSI",2170,98,87,0,0,11,11,9,0,0,2,87,78,0,9
1996,"MATANUSKA‑SUSI",2170,116,103,3,0,10,16,9,3,0,4,100,94,0,6
1997,"MATANUSKA-SUSI",2170,150,128,3,0,19,16,7,2,0,7,134,121,1,12
1998,"MATANUSKA-SUSI",2170,173,155,0,0,18,16,15,0,0,1,157,140,0,17
1999,"LAKE AND PENINSULA BOROUGH",2170,197,174,0,0,23,6,5,0,0,1,191,169,0,22
2000,"MATANUSKA-SUSI",2170,173,155,0,0,18,13,10,0,0,3,160,145,0,15
2001,"MATANUSKA-SUSI",2170,190,174,1,0,15,13,7,1,0,5,177,167,0,10
2002,"MATANUSKA-SUSI",2170,186,164,4,0,18,15,10,4,0,1,171,154,0,17
2003,"MATANUSKA-SUSI",2170,203,175,3,0,25,14,7,3,0,4,189,168,0,21
1990,"MATANUSKA-SUSITNA BOROUGH",2180,2,1,0,0,1,0,0,0,0,0,2,1,0,1
1992,"NOME",2180,5,5,0,0,0,0,0,0,0,0,5,5,0,0
1993,"NOME",2180,2,2,0,0,0,0,0,0,0,0,2,2,0,0
1995,"NOME",2180,3,1,2,0,0,2,0,2,0,0,1,1,0,0
1996,"NOME",2180,4,2,0,0,2,0,0,0,0,0,4,2,0,2
1997,"NOME",2180,2,1,0,0,1,0,0,0,0,0,2,1,0,1
1998,"NOME",2180,2,2,0,0,0,0,0,0,0,0,2,2,0,0
1999,"MATANUSKA-SUSITNA BOROUGH",2180,1,1,0,0,0,0,0,0,0,0,1,1,0,0
2000,"NOME",2180,4,4,0,0,0,0,0,0,0,0,4,4,0,0
2001,"NOME",2180,2,2,0,0,0,0,0,0,0,0,2,2,0,0
2002,"NOME",2180,6,6,0,0,0,0,0,0,0,0,6,6,0,0
2003,"NOME",2180,2,2,0,0,0,1,1,0,0,0,1,1,0,0
1991,"NORTH SLOPE",2185,3,2,0,0,1,0,0,0,0,0,3,2,0,1
1992,"NORTH SLOPE",2185,1,1,0,0,0,0,0,0,0,0,1,1,0,0
1993,"NORTH SLOPE",2185,2,2,0,0,0,1,1,0,0,0,1,1,0,0
1994,"NORTH SLOPE",2185,1,1,0,0,0,0,0,0,0,0,1,1,0,0
1995,"NORTH SLOPE",2185,4,4,0,0,0,1,1,0,0,0,3,3,0,0
1996,"NORTH SLOPE",2185,5,5,0,0,0,0,0,0,0,0,5,5,0,0
1997,"NORTH SLOPE",2185,7,7,0,0,0,2,2,0,0,0,5,5,0,0
1998,"NORTH SLOPE",2185,3,3,0,0,0,0,0,0,0,0,3,3,0,0
1999,"NOME CENSUS AREA",2185,0,0,0,0,0,0,0,0,0,0,0,0,0,0
2000,"NORTH SLOPE",2185,1,1,0,0,0,0,0,0,0,0,1,1,0,0
2001,"NORTH SLOPE",2185,1,0,0,0,1,1,0,0,0,1,0,0,0,0
2002,"NORTH SLOPE",2185,2,2,0,0,0,0,0,0,0,0,2,2,0,0
2003,"NORTH SLOPE",2185,2,2,0,0,0,0,0,0,0,0,2,2,0,0
1993,"NORTHWEST ARCT",2188,1,1,0,0,0,0,0,0,0,0,1,1,0,0
1998,"NORTHWEST ARCT",2188,6,4,0,0,2,0,0,0,0,0,6,4,0,2
1999,"NORTH SLOPE BOROUGH",2188,0,0,0,0,0,0,0,0,0,0,0,0,0,0
2000,"NORTHWEST ARCT",2188,2,2,0,0,0,0,0,0,0,0,2,2,0,0
1993,"PRINCE OF WALE",2200,1,0,0,0,1,0,0,0,0,0,1,0,0,1
2002,"PRINCE OF WALE",2200,1,1,0,0,0,0,0,0,0,0,1,1,0,0
2003,"PRINCE OF WALE",2200,3,3,0,0,0,0,0,0,0,0,3,3,0,0
1991,"PRINCE OF WALE",2201,2,1,1,0,0,1,0,1,0,0,1,1,0,0
1992,"PRINCE OF WALE",2201,3,2,0,0,1,2,1,0,0,1,1,1,0,0
1993,"PRINCE OF WALE",2201,1,1,0,0,0,0,0,0,0,0,1,1,0,0
1994,"PRINCE OF WALE",2201,3,3,0,0,0,1,1,0,0,0,2,2,0,0
1995,"PRINCE OF WALE",2201,6,3,0,0,3,1,0,0,0,1,5,3,0,2
1996,"PRINCE OF WALE",2201,2,1,0,0,1,1,0,0,0,1,1,1,0,0
1997,"PRINCE OF WALE",2201,2,2,0,0,0,1,1,0,0,0,1,1,0,0
1998,"PRINCE OF WALE",2201,1,1,0,0,0,0,0,0,0,0,1,1,0,0
1999,"NORTHWEST ARCTIC BOROUGH",2201,0,0,0,0,0,0,0,0,0,0,0,0,0,0
2000,"PRINCE OF WALE",2201,7,7,0,0,0,2,2,0,0,0,5,5,0,0
2001,"PRINCE OF WALE",2201,4,3,0,0,1,0,0,0,0,0,4,3,0,1
2002,"PRINCE OF WALE",2201,2,2,0,0,0,0,0,0,0,0,2,2,0,0
2003,"PRINCE OF WALE",2201,1,1,0,0,0,0,0,0,0,0,1,1,0,0
1996,"SEWARD",2210,1,0,0,0,1,0,0,0,0,0,1,0,0,1
2001,"SEWARD",2210,2,2,0,0,0,0,0,0,0,0,2,2,0,0
2002,"SEWARD",2210,9,9,0,0,0,1,1,0,0,0,8,8,0,0
2003,"SEWARD",2210,3,2,0,0,1,0,0,0,0,0,3,2,0,1
1991,"SITKA",2220,6,6,0,0,0,3,3,0,0,0,3,3,0,0
1992,"SITKA",2220,7,7,0,0,0,1,1,0,0,0,6,6,0,0
1993,"SITKA",2220,6,5,0,0,1,0,0,0,0,0,6,5,0,1
1994,"SITKA",2220,5,5,0,0,0,2,2,0,0,0,3,3,0,0
1995,"SITKA",2220,7,6,0,0,1,1,1,0,0,0,6,5,0,1
1996,"SITKA",2220,9,7,0,0,2,2,1,0,0,1,7,6,0,1
1997,"SITKA",2220,9,9,0,0,0,1,1,0,0,0,8,8,0,0
1998,"SITKA",2220,9,9,0,0,0,2,2,0,0,0,7,7,0,0
1999,"SITKA BOROUGH",2220,0,0,0,0,0,0,0,0,0,0,0,0,0,0
2000,"SITKA",2220,16,13,1,0,2,3,1,1,0,1,13,12,0,1
2001,"SITKA",2220,13,13,0,0,0,0,0,0,0,0,13,13,0,0
2002,"SITKA",2220,9,8,1,0,0,1,0,1,0,0,8,8,0,0
2003,"SITKA",2220,19,18,0,0,1,4,4,0,0,0,15,14,0,1
2002,"SKAGWAY-YAKUTA",2230,4,4,0,0,0,1,1,0,0,0,3,3,0,0
2003,"SKAGWAY-YAKUTA",2230,1,1,0,0,0,0,0,0,0,0,1,1,0,0
1992,"SKAGWAY‑YAKUTA",2231,2,2,0,0,0,0,0,0,0,0,2,2,0,0
1993,"SKAGWAY‑YAKUTA",2231,3,3,0,0,0,0,0,0,0,0,3,3,0,0
1994,"SKAGWAY‑YAKUTA",2231,2,2,0,0,0,2,2,0,0,0,0,0,0,0
1995,"SKAGWAY‑YAKUTA",2231,3,2,0,0,1,1,0,0,0,1,2,2,0,0
1996,"SKAGWAY‑YAKUTA",2231,3,2,0,0,1,1,1,0,0,0,2,1,0,1
1997,"SKAGWAY-YAKUTA",2231,4,3,0,0,1,0,0,0,0,0,4,3,0,1
1998,"SKAGWAY-YAKUTA",2231,7,7,0,0,0,1,1,0,0,0,6,6,0,0
1999,"SOUTHEAST FAIRBANKS CENSUS AREA",2231,0,0,0,0,0,0,0,0,0,0,0,0,0,0
2000,"SKAGWAY-YAKUTA",2231,2,2,0,0,0,0,0,0,0,0,2,2,0,0
2001,"SKAGWAY-YAKUTA",2231,3,1,1,0,1,1,0,1,0,0,2,1,0,1
2003,"SKAGWAY-YAKUTA",2231,4,4,0,0,0,1,1,0,0,0,3,3,0,0
1991,"SOUTHEAST FAIR",2240,3,1,0,1,1,1,0,0,1,0,2,1,0,1
1992,"SOUTHEAST FAIR",2240,5,3,1,1,0,2,0,1,1,0,3,3,0,0
1993,"SOUTHEAST FAIR",2240,10,5,0,1,4,3,1,0,1,1,7,4,0,3
1994,"SOUTHEAST FAIR",2240,8,5,2,1,0,3,0,2,1,0,5,5,0,0
1995,"SOUTHEAST FAIR",2240,5,5,0,0,0,0,0,0,0,0,5,5,0,0
1996,"SOUTHEAST FAIR",2240,5,5,0,0,0,1,1,0,0,0,4,4,0,0
1997,"SOUTHEAST FAIR",2240,10,10,0,0,0,1,1,0,0,0,9,9,0,0
1998,"SOUTHEAST FAIR",2240,6,6,0,0,0,1,1,0,0,0,5,5,0,0
1999,"VALDEZ-CORDOVA CENSUS AREA",2240,0,0,0,0,0,0,0,0,0,0,0,0,0,0
2000,"SOUTHEAST FAIR",2240,10,7,2,0,1,3,1,2,0,0,7,6,0,1
2001,"SOUTHEAST FAIR",2240,13,13,0,0,0,1,1,0,0,0,12,12,0,0
2002,"SOUTHEAST FAIR",2240,5,4,0,0,1,2,1,0,0,1,3,3,0,0
2003,"SOUTHEAST FAIR",2240,13,13,0,0,0,5,5,0,0,0,8,8,0,0
1991,"VALDEZ‑CHITINA",2260,1,1,0,0,0,0,0,0,0,0,1,1,0,0
2002,"VALDEZ-CHITINA",2260,1,1,0,0,0,0,0,0,0,0,1,1,0,0
1991,"VALDEZ‑CORDOVA",2261,5,3,2,0,0,2,0,2,0,0,3,3,0,0
1992,"VALDEZ‑CORDOVA",2261,15,11,0,0,4,5,1,0,0,4,10,10,0,0
1993,"VALDEZ‑CORDOVA",2261,15,10,2,0,3,3,1,1,0,1,12,9,1,2
1994,"VALDEZ‑CORDOVA",2261,16,13,1,0,2,7,4,1,0,2,9,9,0,0
1995,"VALDEZ‑CORDOVA",2261,8,7,0,0,1,2,2,0,0,0,6,5,0,1
1996,"VALDEZ‑CORDOVA",2261,16,14,0,0,2,4,2,0,0,2,12,12,0,0
1997,"VALDEZ-CORDOVA",2261,11,10,0,0,1,1,1,0,0,0,10,9,0,1
1998,"VALDEZ-CORDOVA",2261,16,14,1,0,1,1,0,1,0,0,15,14,0,1
1999,"WADE HAMPTON CENSUS AREA",2261,0,0,0,0,0,0,0,0,0,0,0,0,0,0
2000,"VALDEZ-CORDOVA",2261,12,9,0,0,3,1,1,0,0,0,11,8,0,3
2001,"VALDEZ-CORDOVA",2261,12,11,1,0,0,3,2,1,0,0,9,9,0,0
2002,"VALDEZ-CORDOVA",2261,9,8,0,0,1,1,1,0,0,0,8,7,0,1
2003,"VALDEZ-CORDOVA",2261,9,9,0,0,0,3,3,0,0,0,6,6,0,0
1993,"WADE HAMPTON",2270,1,0,1,0,0,1,0,1,0,0,0,0,0,0
1997,"WADE HAMPTON",2270,1,1,0,0,0,0,0,0,0,0,1,1,0,0
1999,"WRANGELL-PETERSBURG CENSUS AREA",2270,0,0,0,0,0,0,0,0,0,0,0,0,0,0
2002,"WADE HAMPTON",2270,2,1,0,0,1,0,0,0,0,0,2,1,0,1
1992,"WRANGELL‑PETER",2280,7,7,0,0,0,1,1,0,0,0,6,6,0,0
1993,"WRANGELL‑PETER",2280,5,3,0,0,2,1,0,0,0,1,4,3,0,1
1994,"WRANGELL‑PETER",2280,3,1,1,0,1,2,0,1,0,1,1,1,0,0
1995,"WRANGELL‑PETER",2280,3,2,1,0,0,1,0,1,0,0,2,2,0,0
1996,"WRANGELL‑PETER",2280,5,3,0,0,2,2,1,0,0,1,3,2,0,1
1997,"WRANGELL-PETER",2280,8,8,0,0,0,4,4,0,0,0,4,4,0,0
1998,"WRANGELL-PETER",2280,6,4,1,0,1,2,0,1,0,1,4,4,0,0
2000,"WRANGELL-PETER",2280,6,6,0,0,0,1,1,0,0,0,5,5,0,0
2001,"WRANGELL-PETER",2280,5,5,0,0,0,0,0,0,0,0,5,5,0,0
2002,"WRANGELL-PETER",2280,5,4,0,0,1,0,0,0,0,0,5,4,0,1
2003,"WRANGELL-PETER",2280,7,6,1,0,0,1,0,1,0,0,6,6,0,0
1991,"YUKON‑KOYUKUK",2290,1,1,0,0,0,0,0,0,0,0,1,1,0,0
1992,"YUKON‑KOYUKUK",2290,4,4,0,0,0,3,3,0,0,0,1,1,0,0
1993,"YUKON‑KOYUKUK",2290,5,5,0,0,0,1,1,0,0,0,4,4,0,0
1994,"YUKON‑KOYUKUK",2290,2,2,0,0,0,1,1,0,0,0,1,1,0,0
1996,"YUKON‑KOYUKUK",2290,5,5,0,0,0,2,2,0,0,0,3,3,0,0
1997,"YUKON-KOYUKUK",2290,1,1,0,0,0,0,0,0,0,0,1,1,0,0
1998,"YUKON-KOYUKUK",2290,1,1,0,0,0,0,0,0,0,0,1,1,0,0
1999,"YUKON-KOYUKUK CENSUS AREA",2290,0,0,0,0,0,0,0,0,0,0,0,0,0,0
2000,"YUKON-KOYUKUK",2290,4,4,0,0,0,1,1,0,0,0,3,3,0,0
2001,"YUKON-KOYUKUK",2290,1,1,0,0,0,0,0,0,0,0,1,1,0,0
2003,"YUKON-KOYUKUK",2290,3,3,0,0,0,1,1,0,0,0,2,2,0,0
1990,"APACHE",4001,31,19,3,0,9,4,2,2,0,0,27,17,1,9
1991,"APACHE",4001,50,38,3,0,9,4,2,2,0,0,46,36,1,9
1992,"APACHE",4001,37,34,0,0,3,3,3,0,0,0,34,31,0,3
1993,"APACHE",4001,37,32,0,0,5,3,2,0,0,1,34,30,0,4
1994,"APACHE",4001,30,24,1,0,5,3,1,1,0,1,27,23,0,4
1995,"APACHE",4001,38,26,1,0,11,4,2,1,0,1,34,24,0,10
1996,"APACHE",4001,58,46,0,0,12,2,2,0,0,0,56,44,0,12
1997,"APACHE",4001,70,49,4,0,17,4,0,3,0,1,66,49,1,16
1998,"APACHE",4001,76,58,0,0,18,0,0,0,0,0,76,58,0,18
1999,"APACHE",4001,84,73,1,0,10,4,4,0,0,0,80,69,1,10
2000,"APACHE",4001,73,63,1,0,9,4,3,1,0,0,69,60,0,9
2001,"APACHE",4001,84,74,2,0,8,4,2,2,0,0,80,72,0,8
2002,"APACHE",4001,89,76,1,0,12,1,1,0,0,0,88,75,1,12
2003,"APACHE",4001,81,67,2,0,12,4,2,2,0,0,77,65,0,12
1990,"COCHISE",4003,314,274,10,0,30,64,47,9,0,8,250,227,1,22
1991,"COCHISE",4003,363,307,11,0,45,57,37,9,0,11,306,270,2,34
1992,"COCHISE",4003,303,262,2,0,39,48,35,2,0,11,255,227,0,28
1993,"COCHISE",4003,216,196,3,0,17,25,18,2,0,5,191,178,1,12
1994,"COCHISE",4003,216,190,4,0,22,27,20,2,0,5,189,170,2,17
1995,"COCHISE",4003,268,244,3,0,21,24,16,3,0,5,244,228,0,16
1996,"COCHISE",4003,448,400,5,0,43,34,18,4,0,12,414,382,1,31
1997,"COCHISE",4003,535,485,2,1,47,40,27,1,1,11,495,458,1,36
1998,"COCHISE",4003,520,468,2,0,50,29,19,2,0,8,491,449,0,42
1999,"COCHISE",4003,437,389,1,1,46,36,27,1,1,7,401,362,0,39
2000,"COCHISE",4003,483,432,5,1,45,34,22,4,1,7,449,410,1,38
2001,"COCHISE",4003,483,432,2,2,47,24,17,1,2,4,459,415,1,43
2002,"COCHISE",4003,500,450,4,2,44,33,20,4,2,7,467,430,0,37
2003,"COCHISE",4003,539,476,1,0,62,29,20,1,0,8,510,456,0,54
1990,"COCONINO",4005,210,180,3,0,27,24,18,2,0,4,186,162,1,23
1991,"COCONINO",4005,293,234,18,1,40,44,21,14,1,8,249,213,4,32
1992,"COCONINO",4005,291,236,13,0,42,38,23,11,0,4,253,213,2,38
1993,"COCONINO",4005,233,187,9,0,37,29,16,8,0,5,204,171,1,32
1994,"COCONINO",4005,206,172,6,0,28,12,5,5,0,2,194,167,1,26
1995,"COCONINO",4005,199,165,5,0,29,21,10,5,0,6,178,155,0,23
1996,"COCONINO",4005,283,237,7,0,39,13,5,7,0,1,270,232,0,38
1997,"COCONINO",4005,327,277,4,0,46,12,5,3,0,4,315,272,1,42
1998,"COCONINO",4005,338,287,5,0,46,13,7,4,0,2,325,280,1,44
1999,"COCONINO",4005,285,245,8,0,32,13,6,6,0,1,272,239,2,31
2000,"COCONINO",4005,320,272,9,0,39,16,7,9,0,0,304,265,0,39
2001,"COCONINO",4005,352,299,4,0,49,15,10,3,0,2,337,289,1,47
2002,"COCONINO",4005,411,344,0,0,67,7,7,0,0,0,404,337,0,67
2003,"COCONINO",4005,390,338,2,0,50,3,1,2,0,0,387,337,0,50
1990,"GILA",4007,123,95,8,0,20,37,21,8,0,8,86,74,0,12
1991,"GILA",4007,109,74,4,0,31,27,17,4,0,6,82,57,0,25
1992,"GILA",4007,125,84,1,0,40,30,17,1,0,12,95,67,0,28
1993,"GILA",4007,129,93,2,0,34,16,9,1,0,6,113,84,1,28
1994,"GILA",4007,108,86,1,0,21,10,8,0,0,2,98,78,1,19
1995,"GILA",4007,117,97,2,0,18,16,13,2,0,1,101,84,0,17
1996,"GILA",4007,139,98,2,1,38,9,3,2,1,3,130,95,0,35
1997,"GILA",4007,176,145,5,0,26,16,10,4,0,2,160,135,1,24
1998,"GILA",4007,189,154,2,0,33,3,1,2,0,0,186,153,0,33
1999,"GILA",4007,216,178,2,0,36,3,1,1,0,1,213,177,1,35
2000,"GILA",4007,193,170,1,0,22,4,3,1,0,0,189,167,0,22
2001,"GILA",4007,244,206,0,0,38,4,2,0,0,2,240,204,0,36
2002,"GILA",4007,229,182,0,0,47,0,0,0,0,0,229,182,0,47
2003,"GILA",4007,244,209,0,0,35,1,1,0,0,0,243,208,0,35
1990,"GRAHAM",4009,50,39,0,0,11,10,8,0,0,2,40,31,0,9
1991,"GRAHAM",4009,68,54,4,0,10,19,13,4,0,2,49,41,0,8
1992,"GRAHAM",4009,58,45,5,2,6,15,9,4,2,0,43,36,1,6
1993,"GRAHAM",4009,57,48,0,1,8,5,4,0,1,0,52,44,0,8
1994,"GRAHAM",4009,36,31,0,1,4,3,2,0,1,0,33,29,0,4
1995,"GRAHAM",4009,45,39,0,1,5,1,0,0,1,0,44,39,0,5
1996,"GRAHAM",4009,68,57,0,0,11,5,3,0,0,2,63,54,0,9
1997,"GRAHAM",4009,82,72,0,0,10,1,0,0,0,1,81,72,0,9
1998,"GRAHAM",4009,104,91,1,0,12,3,2,1,0,0,101,89,0,12
1999,"GRAHAM",4009,113,101,0,0,12,5,5,0,0,0,108,96,0,12
2000,"GRAHAM",4009,120,111,0,0,9,3,3,0,0,0,117,108,0,9
2001,"GRAHAM",4009,133,120,0,0,13,9,8,0,0,1,124,112,0,12
2002,"GRAHAM",4009,121,98,2,0,21,12,7,2,0,3,109,91,0,18
2003,"GRAHAM",4009,150,130,2,0,18,10,7,2,0,1,140,123,0,17
1990,"GREENLEE",4011,11,8,0,1,2,2,1,0,1,0,9,7,0,2
1991,"GREENLEE",4011,23,19,0,1,3,8,7,0,1,0,15,12,0,3
1992,"GREENLEE",4011,25,25,0,0,0,4,4,0,0,0,21,21,0,0
1993,"GREENLEE",4011,15,12,0,0,3,1,1,0,0,0,14,11,0,3
1994,"GREENLEE",4011,19,19,0,0,0,0,0,0,0,0,19,19,0,0
1995,"GREENLEE",4011,13,12,1,0,0,1,0,1,0,0,12,12,0,0
1996,"GREENLEE",4011,26,23,0,0,3,1,0,0,0,1,25,23,0,2
1997,"GREENLEE",4011,38,32,0,0,6,1,1,0,0,0,37,31,0,6
1998,"GREENLEE",4011,49,43,0,0,6,0,0,0,0,0,49,43,0,6
1999,"GREENLEE",4011,50,43,0,0,7,0,0,0,0,0,50,43,0,7
2000,"GREENLEE",4011,54,40,2,0,12,2,0,2,0,0,52,40,0,12
2001,"GREENLEE",4011,44,38,1,0,5,1,0,1,0,0,43,38,0,5
2002,"GREENLEE",4011,51,49,0,0,2,1,1,0,0,0,50,48,0,2
2003,"GREENLEE",4011,36,32,0,0,4,0,0,0,0,0,36,32,0,4
1990,"LA PAZ",4012,12,11,1,0,0,2,1,1,0,0,10,10,0,0
1991,"LA PAZ",4012,24,23,0,0,1,2,2,0,0,0,22,21,0,1
1992,"LA PAZ",4012,31,25,0,4,2,6,2,0,4,0,25,23,0,2
1993,"LA PAZ",4012,36,32,2,0,2,3,1,2,0,0,33,31,0,2
1994,"LA PAZ",4012,25,17,5,0,3,5,0,5,0,0,20,17,0,3
1995,"LA PAZ",4012,32,29,0,0,3,0,0,0,0,0,32,29,0,3
1996,"LA PAZ",4012,44,35,2,0,7,2,1,1,0,0,42,34,1,7
1997,"LA PAZ",4012,60,55,1,0,4,3,2,1,0,0,57,53,0,4
1998,"LA PAZ",4012,57,49,5,0,3,5,1,4,0,0,52,48,1,3
1999,"LA PAZ",4012,60,54,2,0,4,5,3,2,0,0,55,51,0,4
2000,"LA PAZ",4012,49,40,1,0,8,2,0,1,0,1,47,40,0,7
2001,"LA PAZ",4012,47,42,2,0,3,1,0,1,0,0,46,42,1,3
2002,"LA PAZ",4012,55,51,0,0,4,3,2,0,0,1,52,49,0,3
2003,"LA PAZ",4012,46,39,0,0,7,1,1,0,0,0,45,38,0,7
1990,"MARICOPA",4013,12435,9032,698,3,2701,1262,535,572,3,151,11173,8497,126,2550
1991,"MARICOPA",4013,13555,9897,614,6,3037,999,391,480,6,121,12556,9506,134,2916
1992,"MARICOPA",4013,13871,10470,578,5,2818,1020,377,503,5,135,12851,10093,75,2683
1993,"MARICOPA",4013,12054,9123,473,3,2455,981,396,416,3,166,11073,8727,57,2289
1994,"MARICOPA",4013,10427,7677,329,4,2415,543,203,277,4,57,9884,7474,52,2358
1995,"MARICOPA",4013,10881,7814,279,2,2786,649,257,247,2,143,10232,7557,32,2643
1996,"MARICOPA",4013,13456,9647,212,1,3595,468,214,193,1,59,12988,9433,19,3536
1997,"MARICOPA",4013,16513,12350,201,4,3958,432,178,184,4,66,16081,12172,17,3892
1998,"MARICOPA",4013,15479,11996,246,4,3233,428,159,226,4,39,15051,11837,20,3194
1999,"MARICOPA",4013,14509,11292,264,1,2952,425,159,240,1,25,14084,11133,24,2927
2000,"MARICOPA",4013,13209,10331,226,3,2649,384,141,209,3,31,12825,10190,17,2618
2001,"MARICOPA",4013,16434,12836,212,0,3384,391,183,193,0,15,16043,12653,19,3369
2002,"MARICOPA",4013,19543,15000,222,2,4318,295,102,187,2,3,19248,14898,35,4315
2003,"MARICOPA",4013,21249,16536,231,1,4481,311,108,192,1,10,20938,16428,39,4471
1990,"MOHAVE",4015,286,227,7,0,52,23,15,3,0,5,263,212,4,47
1991,"MOHAVE",4015,422,286,21,0,115,36,14,14,0,8,386,272,7,107
1992,"MOHAVE",4015,595,395,23,0,177,45,13,17,0,15,550,382,6,162
1993,"MOHAVE",4015,486,358,17,0,111,38,16,15,0,7,448,342,2,104
1994,"MOHAVE",4015,467,362,15,0,90,25,10,13,0,2,442,352,2,88
1995,"MOHAVE",4015,472,381,8,0,83,29,15,7,0,7,443,366,1,76
1996,"MOHAVE",4015,671,536,7,0,128,29,13,7,0,9,642,523,0,119
1997,"MOHAVE",4015,855,725,11,0,119,31,16,9,0,6,824,709,2,113
1998,"MOHAVE",4015,892,765,6,0,121,38,24,4,0,10,854,741,2,111
1999,"MOHAVE",4015,845,748,5,0,92,39,19,5,0,15,806,729,0,77
2000,"MOHAVE",4015,808,715,6,0,87,28,21,6,0,1,780,694,0,86
2001,"MOHAVE",4015,986,869,3,0,114,20,13,2,0,5,966,856,1,109
2002,"MOHAVE",4015,1057,948,4,0,105,22,14,4,0,4,1035,934,0,101
2003,"MOHAVE",4015,1152,1009,4,0,139,23,17,4,0,2,1129,992,0,137
1990,"NAVAJO",4017,101,88,6,0,7,11,5,5,0,1,90,83,1,6
1991,"NAVAJO",4017,153,118,2,1,32,12,8,1,1,2,141,110,1,30
1992,"NAVAJO",4017,150,122,2,0,26,11,6,2,0,3,139,116,0,23
1993,"NAVAJO",4017,154,131,1,0,22,8,7,0,0,1,146,124,1,21
1994,"NAVAJO",4017,119,96,1,0,22,3,2,1,0,0,116,94,0,22
1995,"NAVAJO",4017,160,130,3,0,27,13,6,3,0,4,147,124,0,23
1996,"NAVAJO",4017,210,178,1,0,31,8,4,0,0,4,202,174,1,27
1997,"NAVAJO",4017,256,212,5,0,39,10,5,5,0,0,246,207,0,39
1998,"NAVAJO",4017,252,222,1,0,29,5,3,1,0,1,247,219,0,28
1999,"NAVAJO",4017,212,171,0,0,41,5,5,0,0,0,207,166,0,41
2000,"NAVAJO",4017,208,181,5,1,21,8,3,4,1,0,200,178,1,21
2001,"NAVAJO",4017,229,191,3,0,35,6,3,3,0,0,223,188,0,35
2002,"NAVAJO",4017,213,183,0,0,30,1,1,0,0,0,212,182,0,30
2003,"NAVAJO",4017,251,205,2,0,44,4,3,1,0,0,247,202,1,44
1990,"PIMA",4019,3581,2469,234,3,875,766,406,221,3,136,2815,2063,13,739
1991,"PIMA",4019,3390,2348,196,0,846,780,426,190,0,164,2610,1922,6,682
1992,"PIMA",4019,2978,2180,109,0,689,603,374,102,0,127,2375,1806,7,562
1993,"PIMA",4019,2776,2213,86,0,477,364,216,78,0,70,2412,1997,8,407
1994,"PIMA",4019,2431,1996,55,0,380,244,142,53,0,49,2187,1854,2,331
1995,"PIMA",4019,2388,1978,49,0,361,227,137,49,0,41,2161,1841,0,320
1996,"PIMA",4019,3117,2628,43,0,445,238,163,40,0,34,2879,2465,3,411
1997,"PIMA",4019,4009,3347,53,0,609,222,138,45,0,39,3787,3209,8,570
1998,"PIMA",4019,4268,3580,43,0,645,196,129,36,0,31,4072,3451,7,614
1999,"PIMA",4019,3867,3206,29,0,632,201,126,26,0,49,3666,3080,3,583
2000,"PIMA",4019,3457,2811,43,0,603,202,118,42,0,42,3255,2693,1,561
2001,"PIMA",4019,4128,3424,45,0,659,214,128,40,0,46,3914,3296,5,613
2002,"PIMA",4019,4596,3787,43,1,765,285,181,37,1,66,4311,3606,6,699
2003,"PIMA",4019,4813,3980,32,1,800,239,160,30,1,48,4574,3820,2,752
1990,"PINAL",4021,457,313,7,2,135,58,38,6,2,12,399,275,1,123
1991,"PINAL",4021,585,386,21,9,169,110,53,19,9,29,475,333,2,140
1992,"PINAL",4021,608,416,11,4,177,82,42,10,4,26,526,374,1,151
1993,"PINAL",4021,516,399,5,10,102,56,26,5,10,15,460,373,0,87
1994,"PINAL",4021,440,354,2,2,81,32,20,2,2,7,408,334,0,74
1995,"PINAL",4021,468,390,5,1,72,16,8,5,1,2,452,382,0,70
1996,"PINAL",4021,548,428,1,0,119,14,11,1,0,2,534,417,0,117
1997,"PINAL",4021,793,650,4,1,137,33,20,4,1,7,760,630,0,130
1998,"PINAL",4021,717,595,6,3,113,23,9,6,3,5,694,586,0,108
1999,"PINAL",4021,737,635,2,0,100,24,14,2,0,8,713,621,0,92
2000,"PINAL",4021,753,602,2,1,148,36,23,2,1,10,717,579,0,138
2001,"PINAL",4021,906,733,1,0,172,27,24,0,0,3,879,709,1,169
2002,"PINAL",4021,1080,854,4,3,219,46,30,3,3,10,1034,824,1,209
2003,"PINAL",4021,1187,914,5,1,267,41,26,5,1,9,1146,888,0,258
1990,"SANTA CRUZ",4023,37,24,6,0,7,17,9,5,0,3,20,15,1,4
1991,"SANTA CRUZ",4023,26,11,5,0,10,12,4,5,0,3,14,7,0,7
1992,"SANTA CRUZ",4023,49,35,8,0,6,16,9,7,0,0,33,26,1,6
1993,"SANTA CRUZ",4023,51,38,6,0,7,11,4,6,0,1,40,34,0,6
1994,"SANTA CRUZ",4023,63,49,3,0,11,18,12,2,0,4,45,37,1,7
1995,"SANTA CRUZ",4023,72,61,2,0,9,10,5,2,0,3,62,56,0,6
1996,"SANTA CRUZ",4023,121,92,10,0,19,16,7,9,0,0,105,85,1,19
1997,"SANTA CRUZ",4023,142,123,6,0,13,11,5,5,0,1,131,118,1,12
1998,"SANTA CRUZ",4023,145,129,3,0,13,8,4,3,0,1,137,125,0,12
1999,"SANTA CRUZ",4023,138,123,2,0,13,7,3,2,0,2,131,120,0,11
2000,"SANTA CRUZ",4023,151,127,3,0,21,8,3,3,0,2,143,124,0,19
2001,"SANTA CRUZ",4023,134,108,2,0,24,8,4,1,0,3,126,104,1,21
2002,"SANTA CRUZ",4023,191,154,2,0,35,14,9,2,0,3,177,145,0,32
2003,"SANTA CRUZ",4023,204,186,1,0,17,9,6,1,0,2,195,180,0,15
1990,"YAVAPAI",4025,287,243,13,0,31,40,24,10,0,6,247,219,3,25
1991,"YAVAPAI",4025,331,280,9,1,41,28,19,5,1,3,303,261,4,38
1992,"YAVAPAI",4025,373,307,23,1,42,46,23,18,1,4,327,284,5,38
1993,"YAVAPAI",4025,311,260,9,0,42,39,22,9,0,8,272,238,0,34
1994,"YAVAPAI",4025,275,220,9,0,46,15,5,8,0,2,260,215,1,44
1995,"YAVAPAI",4025,361,302,2,0,57,20,9,2,0,9,341,293,0,48
1996,"YAVAPAI",4025,480,421,3,0,56,20,15,2,0,3,460,406,1,53
1997,"YAVAPAI",4025,646,539,7,0,100,24,14,6,0,4,622,525,1,96
1998,"YAVAPAI",4025,644,533,0,0,111,7,6,0,0,1,637,527,0,110
1999,"YAVAPAI",4025,611,522,1,0,88,14,10,1,0,3,597,512,0,85
2000,"YAVAPAI",4025,621,549,8,0,64,23,13,8,0,2,598,536,0,62
2001,"YAVAPAI",4025,707,599,2,0,106,14,10,2,0,2,693,589,0,104
2002,"YAVAPAI",4025,909,803,3,0,103,10,7,3,0,0,899,796,0,103
2003,"YAVAPAI",4025,844,752,9,0,83,11,4,7,0,0,833,748,2,83
1990,"YUMA",4027,227,184,3,1,39,14,5,2,1,6,213,179,1,33
1991,"YUMA",4027,338,292,5,1,40,15,6,5,1,3,323,286,0,37
1992,"YUMA",4027,417,323,7,1,86,28,10,6,1,11,389,313,1,75
1993,"YUMA",4027,317,250,11,2,54,20,5,11,2,2,297,245,0,52
1994,"YUMA",4027,319,260,11,1,47,19,6,10,1,2,300,254,1,45
1995,"YUMA",4027,361,288,8,0,65,17,6,8,0,3,344,282,0,62
1996,"YUMA",4027,472,407,14,0,51,22,4,13,0,5,450,403,1,46
1997,"YUMA",4027,564,504,14,1,45,23,9,11,1,2,541,495,3,43
1998,"YUMA",4027,530,455,4,0,71,17,7,2,0,8,513,448,2,63
1999,"YUMA",4027,520,437,10,0,73,17,8,7,0,2,503,429,3,71
2000,"YUMA",4027,505,434,8,0,63,17,8,7,0,2,488,426,1,61
2001,"YUMA",4027,638,529,19,0,90,20,6,10,0,4,618,523,9,86
2002,"YUMA",4027,710,596,13,0,101,25,8,11,0,6,685,588,2,95
2003,"YUMA",4027,657,589,6,0,62,18,10,6,0,2,639,579,0,60
1990,"ARKANSAS",5001,65,18,4,0,43,10,4,4,0,2,55,14,0,41
1991,"ARKANSAS",5001,83,18,2,1,62,11,2,2,1,6,72,16,0,56
1992,"ARKANSAS",5001,77,17,0,2,58,7,4,0,2,1,70,13,0,57
1993,"ARKANSAS",5001,75,22,0,1,52,8,3,0,1,4,67,19,0,48
1994,"ARKANSAS",5001,101,14,0,0,87,13,3,0,0,10,88,11,0,77
1995,"ARKANSAS",5001,152,17,1,0,134,6,2,1,0,3,146,15,0,131
1996,"ARKANSAS",5001,245,21,0,0,224,7,0,0,0,7,238,21,0,217
1997,"ARKANSAS",5001,190,37,1,0,152,9,3,1,0,5,181,34,0,147
1998,"ARKANSAS",5001,171,46,0,0,125,6,2,0,0,4,165,44,0,121
1999,"ARKANSAS",5001,205,61,0,0,144,6,0,0,0,6,199,61,0,138
2000,"ARKANSAS",5001,214,53,0,0,161,3,0,0,0,3,211,53,0,158
2001,"ARKANSAS",5001,254,91,0,0,163,7,2,0,0,5,247,89,0,158
2002,"ARKANSAS",5001,247,98,1,0,148,3,0,1,0,2,244,98,0,146
2003,"ARKANSAS",5001,264,88,1,0,175,12,2,1,0,9,252,86,0,166
1990,"ASHLEY",5003,45,34,0,0,11,3,3,0,0,0,42,31,0,11
1991,"ASHLEY",5003,57,41,0,2,14,5,2,0,2,1,52,39,0,13
1992,"ASHLEY",5003,57,39,1,1,16,5,3,0,1,1,52,36,1,15
1993,"ASHLEY",5003,45,31,2,0,12,8,4,2,0,2,37,27,0,10
1994,"ASHLEY",5003,35,21,0,0,14,3,2,0,0,1,32,19,0,13
1995,"ASHLEY",5003,63,45,1,1,16,5,0,1,1,3,58,45,0,13
1996,"ASHLEY",5003,87,70,1,0,16,2,1,1,0,0,85,69,0,16
1997,"ASHLEY",5003,128,93,1,0,34,2,2,0,0,0,126,91,1,34
1998,"ASHLEY",5003,126,79,0,0,47,4,2,0,0,2,122,77,0,45
1999,"ASHLEY",5003,147,93,0,0,54,3,1,0,0,2,144,92,0,52
2000,"ASHLEY",5003,164,112,0,0,52,4,3,0,0,1,160,109,0,51
2001,"ASHLEY",5003,190,125,0,0,65,4,3,0,0,1,186,122,0,64
2002,"ASHLEY",5003,228,147,0,0,81,9,5,0,0,4,219,142,0,77
2003,"ASHLEY",5003,209,125,0,1,83,9,4,0,1,4,200,121,0,79
1990,"BAXTER",5005,59,52,2,0,5,4,1,2,0,1,55,51,0,4
1991,"BAXTER",5005,57,52,0,0,5,5,4,0,0,1,52,48,0,4
1992,"BAXTER",5005,68,61,1,0,6,7,4,1,0,2,61,57,0,4
1993,"BAXTER",5005,59,57,0,0,2,5,4,0,0,1,54,53,0,1
1994,"BAXTER",5005,70,65,2,0,3,4,2,2,0,0,66,63,0,3
1995,"BAXTER",5005,72,67,1,0,4,1,0,1,0,0,71,67,0,4
1996,"BAXTER",5005,104,98,0,0,6,9,6,0,0,3,95,92,0,3
1997,"BAXTER",5005,140,133,1,0,6,8,6,1,0,1,132,127,0,5
1998,"BAXTER",5005,172,164,0,0,8,2,2,0,0,0,170,162,0,8
1999,"BAXTER",5005,156,150,0,0,6,3,2,0,0,1,153,148,0,5
2000,"BAXTER",5005,185,176,0,0,9,2,1,0,0,1,183,175,0,8
2001,"BAXTER",5005,201,195,0,0,6,1,1,0,0,0,200,194,0,6
2002,"BAXTER",5005,203,195,0,0,8,5,5,0,0,0,198,190,0,8
2003,"BAXTER",5005,264,251,0,0,13,3,3,0,0,0,261,248,0,13
1990,"BENTON",5007,321,153,9,0,159,24,11,9,0,4,297,142,0,155
1991,"BENTON",5007,432,215,3,2,212,19,11,2,2,4,413,204,1,208
1992,"BENTON",5007,476,233,4,0,239,22,14,3,0,5,454,219,1,234
1993,"BENTON",5007,397,189,2,0,206,11,7,1,0,3,386,182,1,203
1994,"BENTON",5007,430,194,3,0,233,10,3,3,0,4,420,191,0,229
1995,"BENTON",5007,531,248,6,0,277,25,10,5,0,10,506,238,1,267
1996,"BENTON",5007,595,305,4,0,286,28,10,4,0,14,567,295,0,272
1997,"BENTON",5007,761,414,2,3,342,42,19,2,3,18,719,395,0,324
1998,"BENTON",5007,811,569,5,0,237,29,13,5,0,11,782,556,0,226
1999,"BENTON",5007,781,530,6,1,244,19,11,6,1,1,762,519,0,243
2000,"BENTON",5007,782,508,3,0,271,12,7,3,0,2,770,501,0,269
2001,"BENTON",5007,965,614,6,0,345,11,6,4,0,1,954,608,2,344
2002,"BENTON",5007,1059,650,4,1,403,17,9,4,1,2,1042,641,0,401
2003,"BENTON",5007,1134,668,2,0,463,25,15,2,0,7,1109,653,0,456
1990,"BOONE",5009,56,28,1,0,27,4,3,1,0,0,52,25,0,27
1991,"BOONE",5009,70,36,0,1,33,5,3,0,1,1,65,33,0,32
1992,"BOONE",5009,68,42,0,0,26,5,2,0,0,3,63,40,0,23
1993,"BOONE",5009,67,47,0,1,19,6,4,0,1,1,61,43,0,18
1994,"BOONE",5009,56,41,0,0,15,3,3,0,0,0,53,38,0,15
1995,"BOONE",5009,90,65,0,0,25,12,7,0,0,5,78,58,0,20
1996,"BOONE",5009,117,90,1,0,26,6,5,0,0,1,111,85,1,25
1997,"BOONE",5009,147,117,0,0,30,4,4,0,0,0,143,113,0,30
1998,"BOONE",5009,218,181,1,0,36,7,5,0,0,2,211,176,1,34
1999,"BOONE",5009,164,144,0,0,20,6,6,0,0,0,158,138,0,20
2000,"BOONE",5009,147,126,0,0,21,3,2,0,0,1,144,124,0,20
2001,"BOONE",5009,202,174,0,0,28,4,3,0,0,1,198,171,0,27
2002,"BOONE",5009,240,213,0,0,27,3,1,0,0,2,237,212,0,25
2003,"BOONE",5009,213,194,0,0,19,3,3,0,0,0,210,191,0,19
1990,"BRADLEY",5011,17,6,0,0,11,0,0,0,0,0,17,6,0,11
1991,"BRADLEY",5011,33,12,2,0,19,7,4,2,0,1,26,8,0,18
1992,"BRADLEY",5011,17,7,0,0,10,1,0,0,0,1,16,7,0,9
1993,"BRADLEY",5011,21,9,0,0,12,0,0,0,0,0,21,9,0,12
1994,"BRADLEY",5011,19,13,0,0,6,2,2,0,0,0,17,11,0,6
1995,"BRADLEY",5011,28,12,0,0,16,1,0,0,0,1,27,12,0,15
1996,"BRADLEY",5011,47,15,0,0,32,1,1,0,0,0,46,14,0,32
1997,"BRADLEY",5011,62,26,0,0,36,6,1,0,0,5,56,25,0,31
1998,"BRADLEY",5011,77,36,0,0,41,4,2,0,0,2,73,34,0,39
1999,"BRADLEY",5011,78,35,1,0,42,4,1,1,0,2,74,34,0,40
2000,"BRADLEY",5011,87,26,0,0,61,4,3,0,0,1,83,23,0,60
2001,"BRADLEY",5011,83,30,0,0,53,3,1,0,0,2,80,29,0,51
2002,"BRADLEY",5011,114,42,0,0,72,1,1,0,0,0,113,41,0,72
2003,"BRADLEY",5011,114,43,0,0,71,4,2,0,0,2,110,41,0,69
1990,"CALHOUN",5013,11,7,0,0,4,1,0,0,0,1,10,7,0,3
1991,"CALHOUN",5013,10,7,0,0,3,1,1,0,0,0,9,6,0,3
1992,"CALHOUN",5013,11,10,0,0,1,2,1,0,0,1,9,9,0,0
1993,"CALHOUN",5013,7,2,0,0,5,1,0,0,0,1,6,2,0,4
1994,"CALHOUN",5013,10,9,0,0,1,1,0,0,0,1,9,9,0,0
1995,"CALHOUN",5013,14,5,0,0,9,2,0,0,0,2,12,5,0,7
1996,"CALHOUN",5013,19,10,0,0,9,1,0,0,0,1,18,10,0,8
1997,"CALHOUN",5013,13,4,0,0,9,0,0,0,0,0,13,4,0,9
1998,"CALHOUN",5013,30,19,0,0,11,0,0,0,0,0,30,19,0,11
1999,"CALHOUN",5013,26,12,0,0,14,1,0,0,0,1,25,12,0,13
2000,"CALHOUN",5013,30,14,0,0,16,2,0,0,0,2,28,14,0,14
2001,"CALHOUN",5013,43,26,0,0,17,1,1,0,0,0,42,25,0,17
2002,"CALHOUN",5013,44,20,0,0,24,0,0,0,0,0,44,20,0,24
2003,"CALHOUN",5013,45,22,0,0,23,0,0,0,0,0,45,22,0,23
1990,"CARROLL",5015,34,20,3,0,11,3,0,3,0,0,31,20,0,11
1991,"CARROLL",5015,26,14,1,0,11,4,3,1,0,0,22,11,0,11
1992,"CARROLL",5015,35,26,0,0,9,2,1,0,0,1,33,25,0,8
1993,"CARROLL",5015,39,30,0,1,8,10,8,0,1,1,29,22,0,7
1994,"CARROLL",5015,31,21,0,0,10,2,2,0,0,0,29,19,0,10
1995,"CARROLL",5015,56,43,0,0,13,6,5,0,0,1,50,38,0,12
1996,"CARROLL",5015,69,51,3,0,15,8,2,3,0,3,61,49,0,12
1997,"CARROLL",5015,92,63,1,0,28,5,1,0,0,4,87,62,1,24
1998,"CARROLL",5015,92,80,0,0,12,6,3,0,0,3,86,77,0,9
1999,"CARROLL",5015,86,70,0,0,16,4,4,0,0,0,82,66,0,16
2000,"CARROLL",5015,78,62,1,0,15,3,2,1,0,0,75,60,0,15
2001,"CARROLL",5015,116,94,0,0,22,2,2,0,0,0,114,92,0,22
2002,"CARROLL",5015,128,105,0,0,23,2,2,0,0,0,126,103,0,23
2003,"CARROLL",5015,131,108,0,0,23,0,0,0,0,0,131,108,0,23
1990,"CHICOT",5017,19,12,1,0,6,2,1,1,0,0,17,11,0,6
1991,"CHICOT",5017,23,16,0,0,7,3,3,0,0,0,20,13,0,7
1992,"CHICOT",5017,19,13,0,2,4,3,1,0,2,0,16,12,0,4
1993,"CHICOT",5017,25,13,0,0,12,3,1,0,0,2,22,12,0,10
1994,"CHICOT",5017,24,9,0,0,15,4,1,0,0,3,20,8,0,12
1995,"CHICOT",5017,26,13,0,0,13,5,3,0,0,2,21,10,0,11
1996,"CHICOT",5017,47,24,1,1,21,5,2,1,1,1,42,22,0,20
1997,"CHICOT",5017,65,33,0,0,32,4,2,0,0,2,61,31,0,30
1998,"CHICOT",5017,61,38,0,0,23,4,4,0,0,0,57,34,0,23
1999,"CHICOT",5017,73,36,0,0,37,3,1,0,0,2,70,35,0,35
2000,"CHICOT",5017,82,31,0,1,50,2,1,0,1,0,80,30,0,50
2001,"CHICOT",5017,94,36,1,0,57,5,1,1,0,3,89,35,0,54
2002,"CHICOT",5017,124,54,0,0,70,4,3,0,0,1,120,51,0,69
2003,"CHICOT",5017,119,61,0,0,58,1,0,0,0,1,118,61,0,57
1990,"CLARK",5019,45,23,1,0,21,2,1,1,0,0,43,22,0,21
1991,"CLARK",5019,60,35,1,1,23,6,1,1,1,3,54,34,0,20
1992,"CLARK",5019,54,31,1,0,22,5,3,1,0,1,49,28,0,21
1993,"CLARK",5019,57,30,1,0,26,5,0,1,0,4,52,30,0,22
1994,"CLARK",5019,52,25,0,0,27,2,0,0,0,2,50,25,0,25
1995,"CLARK",5019,81,42,1,0,38,7,4,1,0,2,74,38,0,36
1996,"CLARK",5019,123,59,0,0,64,1,0,0,0,1,122,59,0,63
1997,"CLARK",5019,123,56,0,1,66,3,0,0,1,2,120,56,0,64
1998,"CLARK",5019,146,81,0,0,65,2,0,0,0,2,144,81,0,63
1999,"CLARK",5019,167,84,0,0,83,2,0,0,0,2,165,84,0,81
2000,"CLARK",5019,162,73,1,0,88,2,1,1,0,0,160,72,0,88
2001,"CLARK",5019,168,84,0,0,84,1,0,0,0,1,167,84,0,83
2002,"CLARK",5019,167,81,1,0,85,1,0,1,0,0,166,81,0,85
2003,"CLARK",5019,189,101,0,0,88,4,0,0,0,4,185,101,0,84
1990,"CLAY",5021,28,18,0,0,10,1,0,0,0,1,27,18,0,9
1991,"CLAY",5021,39,30,2,1,6,6,2,2,1,1,33,28,0,5
1992,"CLAY",5021,27,23,0,0,4,1,1,0,0,0,26,22,0,4
1993,"CLAY",5021,34,29,0,0,5,2,0,0,0,2,32,29,0,3
1994,"CLAY",5021,16,13,0,0,3,0,0,0,0,0,16,13,0,3
1995,"CLAY",5021,29,26,0,0,3,0,0,0,0,0,29,26,0,3
1996,"CLAY",5021,54,52,0,0,2,1,1,0,0,0,53,51,0,2
1997,"CLAY",5021,80,73,0,0,7,6,3,0,0,3,74,70,0,4
1998,"CLAY",5021,83,77,0,0,6,1,0,0,0,1,82,77,0,5
1999,"CLAY",5021,69,66,0,0,3,1,1,0,0,0,68,65,0,3
2000,"CLAY",5021,79,71,1,0,7,1,0,1,0,0,78,71,0,7
2001,"CLAY",5021,88,77,0,0,11,0,0,0,0,0,88,77,0,11
2002,"CLAY",5021,118,92,1,0,25,1,1,0,0,0,117,91,1,25
2003,"CLAY",5021,136,102,1,0,33,2,1,1,0,0,134,101,0,33
1990,"CLEBURNE",5023,45,30,1,0,14,2,0,1,0,1,43,30,0,13
1991,"CLEBURNE",5023,72,57,1,0,14,6,3,1,0,2,66,54,0,12
1992,"CLEBURNE",5023,65,53,0,1,11,7,4,0,1,2,58,49,0,9
1993,"CLEBURNE",5023,67,58,0,0,9,1,1,0,0,0,66,57,0,9
1994,"CLEBURNE",5023,58,47,0,0,11,6,5,0,0,1,52,42,0,10
1995,"CLEBURNE",5023,82,56,0,0,26,10,9,0,0,1,72,47,0,25
1996,"CLEBURNE",5023,103,74,0,1,28,6,4,0,1,1,97,70,0,27
1997,"CLEBURNE",5023,128,106,0,0,22,4,2,0,0,2,124,104,0,20
1998,"CLEBURNE",5023,118,98,0,0,20,4,2,0,0,2,114,96,0,18
1999,"CLEBURNE",5023,120,97,0,0,23,2,2,0,0,0,118,95,0,23
2000,"CLEBURNE",5023,103,79,0,0,24,0,0,0,0,0,103,79,0,24
2001,"CLEBURNE",5023,167,132,2,0,33,5,2,2,0,1,162,130,0,32
2002,"CLEBURNE",5023,176,147,0,0,29,1,1,0,0,0,175,146,0,29
2003,"CLEBURNE",5023,180,148,1,1,30,4,2,1,1,0,176,146,0,30
1990,"CLEVELAND",5025,17,4,0,0,13,0,0,0,0,0,17,4,0,13
1991,"CLEVELAND",5025,22,6,0,0,16,0,0,0,0,0,22,6,0,16
1992,"CLEVELAND",5025,15,7,0,0,8,1,0,0,0,1,14,7,0,7
1993,"CLEVELAND",5025,9,5,0,0,4,1,1,0,0,0,8,4,0,4
1994,"CLEVELAND",5025,27,13,0,0,14,3,0,0,0,3,24,13,0,11
1995,"CLEVELAND",5025,34,7,0,0,27,0,0,0,0,0,34,7,0,27
1996,"CLEVELAND",5025,50,15,0,0,35,2,1,0,0,1,48,14,0,34
1997,"CLEVELAND",5025,59,26,0,1,32,4,1,0,1,2,55,25,0,30
1998,"CLEVELAND",5025,74,35,1,0,38,5,1,1,0,3,69,34,0,35
1999,"CLEVELAND",5025,59,24,0,0,35,3,1,0,0,2,56,23,0,33
2000,"CLEVELAND",5025,59,18,0,0,41,1,0,0,0,1,58,18,0,40
2001,"CLEVELAND",5025,96,43,0,0,53,2,1,0,0,1,94,42,0,52
2002,"CLEVELAND",5025,81,35,0,0,46,1,1,0,0,0,80,34,0,46
2003,"CLEVELAND",5025,79,27,0,0,52,1,0,0,0,1,78,27,0,51
1990,"COLUMBIA",5027,20,14,0,1,5,1,0,0,1,0,19,14,0,5
1991,"COLUMBIA",5027,32,22,3,0,7,4,1,3,0,0,28,21,0,7
1992,"COLUMBIA",5027,51,31,1,0,19,5,2,1,0,2,46,29,0,17
1993,"COLUMBIA",5027,34,20,0,1,13,5,1,0,1,3,29,19,0,10
1994,"COLUMBIA",5027,29,14,1,0,14,4,2,1,0,1,25,12,0,13
1995,"COLUMBIA",5027,49,31,0,0,18,5,4,0,0,1,44,27,0,17
1996,"COLUMBIA",5027,79,54,1,0,24,4,3,1,0,0,75,51,0,24
1997,"COLUMBIA",5027,84,55,0,0,29,2,2,0,0,0,82,53,0,29
1998,"COLUMBIA",5027,99,58,0,0,41,4,2,0,0,2,95,56,0,39
1999,"COLUMBIA",5027,108,64,0,0,44,1,1,0,0,0,107,63,0,44
2000,"COLUMBIA",5027,112,68,0,0,44,0,0,0,0,0,112,68,0,44
2001,"COLUMBIA",5027,171,106,0,0,65,1,0,0,0,1,170,106,0,64
2002,"COLUMBIA",5027,192,94,0,0,98,3,1,0,0,2,189,93,0,96
2003,"COLUMBIA",5027,203,102,1,1,99,13,2,1,1,9,190,100,0,90
1990,"CONWAY",5029,40,18,0,2,20,3,0,0,2,1,37,18,0,19
1991,"CONWAY",5029,56,40,1,3,12,8,3,1,3,1,48,37,0,11
1992,"CONWAY",5029,41,28,0,0,13,5,4,0,0,1,36,24,0,12
1993,"CONWAY",5029,27,14,0,1,12,3,0,0,1,2,24,14,0,10
1994,"CONWAY",5029,35,18,0,0,17,3,2,0,0,1,32,16,0,16
1995,"CONWAY",5029,38,17,0,0,21,1,1,0,0,0,37,16,0,21
1996,"CONWAY",5029,74,36,0,0,38,3,2,0,0,1,71,34,0,37
1997,"CONWAY",5029,100,66,1,2,31,8,3,1,2,2,92,63,0,29
1998,"CONWAY",5029,110,71,0,0,39,1,1,0,0,0,109,70,0,39
1999,"CONWAY",5029,98,68,0,0,30,0,0,0,0,0,98,68,0,30
2000,"CONWAY",5029,92,61,0,0,31,0,0,0,0,0,92,61,0,31
2001,"CONWAY",5029,103,71,0,0,32,1,1,0,0,0,102,70,0,32
2002,"CONWAY",5029,125,75,1,0,49,3,0,1,0,2,122,75,0,47
2003,"CONWAY",5029,168,107,0,0,61,2,1,0,0,1,166,106,0,60
1990,"CRAIGHEAD",5031,257,192,2,1,62,20,15,2,1,2,237,177,0,60
1991,"CRAIGHEAD",5031,271,202,8,1,60,30,16,6,1,7,241,186,2,53
1992,"CRAIGHEAD",5031,238,162,6,0,70,17,5,6,0,6,221,157,0,64
1993,"CRAIGHEAD",5031,169,126,3,1,39,9,2,3,1,3,160,124,0,36
1994,"CRAIGHEAD",5031,170,110,1,2,57,21,6,1,2,12,149,104,0,45
1995,"CRAIGHEAD",5031,212,155,0,0,57,17,8,0,0,9,195,147,0,48
1996,"CRAIGHEAD",5031,398,318,0,0,80,8,8,0,0,0,390,310,0,80
1997,"CRAIGHEAD",5031,362,285,2,0,75,14,5,2,0,7,348,280,0,68
1998,"CRAIGHEAD",5031,488,392,2,0,94,9,6,2,0,1,479,386,0,93
1999,"CRAIGHEAD",5031,443,358,3,0,82,10,6,2,0,2,433,352,1,80
2000,"CRAIGHEAD",5031,540,377,0,0,163,10,9,0,0,1,530,368,0,162
2001,"CRAIGHEAD",5031,734,492,0,0,242,4,3,0,0,1,730,489,0,241
2002,"CRAIGHEAD",5031,765,527,1,1,236,8,5,1,1,1,757,522,0,235
2003,"CRAIGHEAD",5031,913,611,2,0,300,26,17,2,0,7,887,594,0,293
1990,"CRAWFORD",5033,191,168,3,0,20,10,7,3,0,0,181,161,0,20
1991,"CRAWFORD",5033,241,221,2,0,18,9,6,2,0,1,232,215,0,17
1992,"CRAWFORD",5033,224,189,1,0,34,8,6,1,0,1,216,183,0,33
1993,"CRAWFORD",5033,201,171,0,0,30,10,8,0,0,2,191,163,0,28
1994,"CRAWFORD",5033,165,131,2,0,32,4,1,2,0,1,161,130,0,31
1995,"CRAWFORD",5033,170,138,0,0,32,5,4,0,0,1,165,134,0,31
1996,"CRAWFORD",5033,237,201,0,0,36,16,13,0,0,3,221,188,0,33
1997,"CRAWFORD",5033,297,218,1,0,78,8,0,1,0,7,289,218,0,71
1998,"CRAWFORD",5033,309,249,0,0,60,5,4,0,0,1,304,245,0,59
1999,"CRAWFORD",5033,329,274,0,0,55,6,4,0,0,2,323,270,0,53
2000,"CRAWFORD",5033,343,277,1,0,65,3,2,1,0,0,340,275,0,65
2001,"CRAWFORD",5033,435,360,1,0,74,4,3,1,0,0,431,357,0,74
2002,"CRAWFORD",5033,483,396,0,0,87,0,0,0,0,0,483,396,0,87
2003,"CRAWFORD",5033,510,436,0,0,74,0,0,0,0,0,510,436,0,74
1990,"CRITTENDEN",5035,232,99,1,1,131,9,4,1,1,3,223,95,0,128
1991,"CRITTENDEN",5035,328,165,1,0,162,4,1,1,0,2,324,164,0,160
1992,"CRITTENDEN",5035,338,121,2,2,213,11,4,2,2,3,327,117,0,210
1993,"CRITTENDEN",5035,292,97,1,2,192,11,3,1,2,5,281,94,0,187
1994,"CRITTENDEN",5035,296,95,1,0,200,8,5,1,0,2,288,90,0,198
1995,"CRITTENDEN",5035,331,102,0,0,229,3,2,0,0,1,328,100,0,228
1996,"CRITTENDEN",5035,568,217,1,0,350,11,9,1,0,1,557,208,0,349
1997,"CRITTENDEN",5035,599,246,0,0,353,14,10,0,0,4,585,236,0,349
1998,"CRITTENDEN",5035,609,266,1,0,342,4,3,0,0,1,605,263,1,341
1999,"CRITTENDEN",5035,521,246,1,0,274,2,1,1,0,0,519,245,0,274
2000,"CRITTENDEN",5035,537,215,0,0,322,1,1,0,0,0,536,214,0,322
2001,"CRITTENDEN",5035,672,313,1,0,358,1,1,0,0,0,671,312,1,358
2002,"CRITTENDEN",5035,754,341,1,0,412,6,4,1,0,1,748,337,0,411
2003,"CRITTENDEN",5035,720,323,2,0,395,4,3,0,0,1,716,320,2,394
1990,"CROSS",5037,37,26,0,1,10,1,0,0,1,0,36,26,0,10
1991,"CROSS",5037,37,30,1,0,6,3,2,1,0,0,34,28,0,6
1992,"CROSS",5037,57,43,0,1,13,11,8,0,1,2,46,35,0,11
1993,"CROSS",5037,49,37,0,0,12,2,2,0,0,0,47,35,0,12
1994,"CROSS",5037,33,26,0,0,7,3,2,0,0,1,30,24,0,6
1995,"CROSS",5037,59,39,1,1,18,7,4,1,1,1,52,35,0,17
1996,"CROSS",5037,78,62,2,0,14,3,1,1,0,1,75,61,1,13
1997,"CROSS",5037,101,81,0,0,20,1,1,0,0,0,100,80,0,20
1998,"CROSS",5037,95,77,0,1,17,1,0,0,1,0,94,77,0,17
1999,"CROSS",5037,95,75,0,0,20,1,1,0,0,0,94,74,0,20
2000,"CROSS",5037,123,82,0,0,41,1,1,0,0,0,122,81,0,41
2001,"CROSS",5037,170,110,0,0,60,0,0,0,0,0,170,110,0,60
2002,"CROSS",5037,206,119,1,0,86,4,3,0,0,1,202,116,1,85
2003,"CROSS",5037,190,130,0,0,60,2,0,0,0,2,188,130,0,58
1990,"DALLAS",5039,31,9,1,0,21,5,1,1,0,3,26,8,0,18
1991,"DALLAS",5039,17,11,0,0,6,0,0,0,0,0,17,11,0,6
1992,"DALLAS",5039,29,14,0,0,15,2,1,0,0,1,27,13,0,14
1993,"DALLAS",5039,23,8,0,0,15,0,0,0,0,0,23,8,0,15
1994,"DALLAS",5039,13,7,0,0,6,1,1,0,0,0,12,6,0,6
1995,"DALLAS",5039,34,6,1,0,27,2,0,1,0,1,32,6,0,26
1996,"DALLAS",5039,41,7,0,0,34,0,0,0,0,0,41,7,0,34
1997,"DALLAS",5039,54,17,0,0,37,2,1,0,0,1,52,16,0,36
1998,"DALLAS",5039,62,21,1,0,40,1,0,1,0,0,61,21,0,40
1999,"DALLAS",5039,60,15,0,0,45,4,2,0,0,2,56,13,0,43
2000,"DALLAS",5039,56,22,0,0,34,2,2,0,0,0,54,20,0,34
2001,"DALLAS",5039,87,26,0,0,61,3,2,0,0,1,84,24,0,60
2002,"DALLAS",5039,98,30,0,0,68,2,1,0,0,1,96,29,0,67
2003,"DALLAS",5039,102,31,0,0,71,2,0,0,0,2,100,31,0,69
1990,"DESHA",5041,27,17,0,0,10,1,1,0,0,0,26,16,0,10
1991,"DESHA",5041,49,23,0,0,26,12,8,0,0,4,37,15,0,22
1992,"DESHA",5041,50,30,0,1,19,8,4,0,1,3,42,26,0,16
1993,"DESHA",5041,26,7,0,0,19,1,0,0,0,1,25,7,0,18
1994,"DESHA",5041,25,10,0,0,15,0,0,0,0,0,25,10,0,15
1995,"DESHA",5041,57,26,0,0,31,5,3,0,0,2,52,23,0,29
1996,"DESHA",5041,68,35,0,0,33,5,4,0,0,1,63,31,0,32
1997,"DESHA",5041,106,51,0,0,55,3,2,0,0,1,103,49,0,54
1998,"DESHA",5041,118,64,0,1,53,5,3,0,1,1,113,61,0,52
1999,"DESHA",5041,123,60,0,0,63,2,0,0,0,2,121,60,0,61
2000,"DESHA",5041,118,53,0,0,65,4,2,0,0,2,114,51,0,63
2001,"DESHA",5041,140,64,1,0,75,4,2,1,0,1,136,62,0,74
2002,"DESHA",5041,143,62,0,0,81,3,3,0,0,0,140,59,0,81
2003,"DESHA",5041,156,53,0,5,98,6,1,0,5,0,150,52,0,98
1990,"DREW",5043,25,9,0,1,15,3,1,0,1,1,22,8,0,14
1991,"DREW",5043,29,20,0,0,9,1,0,0,0,1,28,20,0,8
1992,"DREW",5043,30,17,1,0,12,3,2,1,0,0,27,15,0,12
1993,"DREW",5043,22,13,0,0,9,3,2,0,0,1,19,11,0,8
1994,"DREW",5043,39,28,0,0,11,4,3,0,0,1,35,25,0,10
1995,"DREW",5043,68,32,2,0,34,4,0,2,0,2,64,32,0,32
1996,"DREW",5043,67,44,0,0,23,4,0,0,0,4,63,44,0,19
1997,"DREW",5043,125,69,0,0,56,4,1,0,0,3,121,68,0,53
1998,"DREW",5043,124,72,0,0,52,1,0,0,0,1,123,72,0,51
1999,"DREW",5043,114,50,0,0,64,5,1,0,0,4,109,49,0,60
2000,"DREW",5043,147,70,0,0,77,3,1,0,0,2,144,69,0,75
2001,"DREW",5043,148,67,0,0,81,3,3,0,0,0,145,64,0,81
2002,"DREW",5043,176,69,0,0,107,4,2,0,0,2,172,67,0,105
2003,"DREW",5043,176,96,0,0,80,7,2,0,0,5,169,94,0,75
1990,"FAULKNER",5045,155,88,4,1,62,16,7,3,1,5,139,81,1,57
1991,"FAULKNER",5045,195,108,0,2,85,7,3,0,2,2,188,105,0,83
1992,"FAULKNER",5045,210,120,1,1,88,14,6,1,1,6,196,114,0,82
1993,"FAULKNER",5045,191,120,0,0,71,7,3,0,0,4,184,117,0,67
1994,"FAULKNER",5045,137,92,0,0,45,7,5,0,0,2,130,87,0,43
1995,"FAULKNER",5045,274,155,1,3,115,18,10,1,3,4,256,145,0,111
1996,"FAULKNER",5045,322,185,0,0,137,9,5,0,0,4,313,180,0,133
1997,"FAULKNER",5045,438,271,0,0,167,15,11,0,0,4,423,260,0,163
1998,"FAULKNER",5045,500,336,0,0,164,10,6,0,0,4,490,330,0,160
1999,"FAULKNER",5045,451,281,0,0,170,6,5,0,0,1,445,276,0,169
2000,"FAULKNER",5045,442,261,0,0,181,6,5,0,0,1,436,256,0,180
2001,"FAULKNER",5045,626,387,0,0,239,12,8,0,0,4,614,379,0,235
2002,"FAULKNER",5045,745,416,1,0,328,7,2,1,0,4,738,414,0,324
2003,"FAULKNER",5045,785,446,1,1,337,13,7,1,1,4,772,439,0,333
1990,"FRANKLIN",5047,35,29,0,0,6,3,1,0,0,2,32,28,0,4
1991,"FRANKLIN",5047,19,17,0,0,2,1,0,0,0,1,18,17,0,1
1992,"FRANKLIN",5047,43,40,0,0,3,1,1,0,0,0,42,39,0,3
1993,"FRANKLIN",5047,40,31,1,1,7,3,1,1,1,0,37,30,0,7
1994,"FRANKLIN",5047,35,28,0,1,6,1,0,0,1,0,34,28,0,6
1995,"FRANKLIN",5047,48,38,1,1,8,5,2,1,1,1,43,36,0,7
1996,"FRANKLIN",5047,85,73,0,1,11,8,6,0,1,1,77,67,0,10
1997,"FRANKLIN",5047,78,64,0,1,13,3,1,0,1,1,75,63,0,12
1998,"FRANKLIN",5047,74,62,1,0,11,3,2,1,0,0,71,60,0,11
1999,"FRANKLIN",5047,94,70,0,0,24,2,1,0,0,1,92,69,0,23
2000,"FRANKLIN",5047,79,66,0,0,13,2,2,0,0,0,77,64,0,13
2001,"FRANKLIN",5047,99,88,0,1,10,1,0,0,1,0,98,88,0,10
2002,"FRANKLIN",5047,116,97,0,0,19,0,0,0,0,0,116,97,0,19
2003,"FRANKLIN",5047,111,93,0,0,18,0,0,0,0,0,111,93,0,18
1990,"FULTON",5049,17,10,0,0,7,2,1,0,0,1,15,9,0,6
1991,"FULTON",5049,11,8,0,0,3,1,1,0,0,0,10,7,0,3
1992,"FULTON",5049,17,13,0,0,4,0,0,0,0,0,17,13,0,4
1993,"FULTON",5049,13,10,1,0,2,1,0,1,0,0,12,10,0,2
1994,"FULTON",5049,7,7,0,0,0,0,0,0,0,0,7,7,0,0
1995,"FULTON",5049,11,11,0,0,0,1,1,0,0,0,10,10,0,0
1996,"FULTON",5049,21,20,0,0,1,0,0,0,0,0,21,20,0,1
1997,"FULTON",5049,24,21,0,0,3,1,0,0,0,1,23,21,0,2
1998,"FULTON",5049,26,22,0,0,4,0,0,0,0,0,26,22,0,4
1999,"FULTON",5049,44,41,0,0,3,0,0,0,0,0,44,41,0,3
2000,"FULTON",5049,33,30,0,0,3,0,0,0,0,0,33,30,0,3
2001,"FULTON",5049,38,35,0,0,3,1,0,0,0,1,37,35,0,2
2002,"FULTON",5049,50,43,0,0,7,1,1,0,0,0,49,42,0,7
2003,"FULTON",5049,49,49,0,0,0,1,1,0,0,0,48,48,0,0
1990,"GARLAND",5051,241,166,5,0,70,18,9,4,0,5,223,157,1,65
1991,"GARLAND",5051,375,242,7,0,126,20,12,7,0,1,355,230,0,125
1992,"GARLAND",5051,362,241,8,0,113,29,17,8,0,4,333,224,0,109
1993,"GARLAND",5051,337,210,3,0,124,14,7,3,0,4,323,203,0,120
1994,"GARLAND",5051,324,190,3,0,131,16,9,3,0,4,308,181,0,127
1995,"GARLAND",5051,419,241,4,0,174,27,14,4,0,9,392,227,0,165
1996,"GARLAND",5051,584,336,7,0,241,13,5,7,0,1,571,331,0,240
1997,"GARLAND",5051,716,385,2,0,329,24,10,2,0,12,692,375,0,317
1998,"GARLAND",5051,758,442,5,0,311,25,16,3,0,6,733,426,2,305
1999,"GARLAND",5051,755,426,4,0,325,22,10,4,0,8,733,416,0,317
2000,"GARLAND",5051,733,378,1,0,354,9,4,1,0,4,724,374,0,350
2001,"GARLAND",5051,928,528,3,0,397,10,4,3,0,3,918,524,0,394
2002,"GARLAND",5051,915,517,0,0,398,17,4,0,0,13,898,513,0,385
2003,"GARLAND",5051,925,582,3,0,340,24,13,2,0,9,901,569,1,331
1990,"GRANT",5053,54,20,1,0,33,3,0,1,0,2,51,20,0,31
1991,"GRANT",5053,55,20,0,0,35,5,3,0,0,2,50,17,0,33
1992,"GRANT",5053,47,20,1,0,26,7,2,1,0,4,40,18,0,22
1993,"GRANT",5053,32,14,0,0,18,0,0,0,0,0,32,14,0,18
1994,"GRANT",5053,60,21,1,0,38,2,1,1,0,0,58,20,0,38
1995,"GRANT",5053,83,26,0,0,57,2,1,0,0,1,81,25,0,56
1996,"GRANT",5053,124,37,0,0,87,2,1,0,0,1,122,36,0,86
1997,"GRANT",5053,122,39,0,0,83,4,2,0,0,2,118,37,0,81
1998,"GRANT",5053,151,51,1,0,99,6,2,1,0,3,145,49,0,96
1999,"GRANT",5053,131,42,1,0,88,4,0,1,0,3,127,42,0,85
2000,"GRANT",5053,113,32,0,0,81,2,1,0,0,1,111,31,0,80
2001,"GRANT",5053,199,82,0,0,117,0,0,0,0,0,199,82,0,117
2002,"GRANT",5053,190,74,0,0,116,2,0,0,0,2,188,74,0,114
2003,"GRANT",5053,198,93,0,0,105,3,0,0,0,3,195,93,0,102
1990,"GREENE",5055,73,54,0,0,19,1,1,0,0,0,72,53,0,19
1991,"GREENE",5055,84,67,0,0,17,2,1,0,0,1,82,66,0,16
1992,"GREENE",5055,78,67,0,0,11,3,1,0,0,2,75,66,0,9
1993,"GREENE",5055,76,63,0,0,13,7,6,0,0,1,69,57,0,12
1994,"GREENE",5055,57,49,0,0,8,3,3,0,0,0,54,46,0,8
1995,"GREENE",5055,82,62,0,0,20,2,1,0,0,1,80,61,0,19
1996,"GREENE",5055,171,143,0,0,28,6,4,0,0,2,165,139,0,26
1997,"GREENE",5055,215,188,0,0,27,1,1,0,0,0,214,187,0,27
1998,"GREENE",5055,205,186,1,0,18,4,4,0,0,0,201,182,1,18
1999,"GREENE",5055,211,200,0,0,11,0,0,0,0,0,211,200,0,11
2000,"GREENE",5055,244,207,0,0,37,3,2,0,0,1,241,205,0,36
2001,"GREENE",5055,380,317,1,0,62,1,0,1,0,0,379,317,0,62
2002,"GREENE",5055,340,274,0,0,66,2,1,0,0,1,338,273,0,65
2003,"GREENE",5055,403,304,0,0,99,4,2,0,0,2,399,302,0,97
1990,"HEMPSTEAD",5057,21,14,1,0,6,3,1,1,0,1,18,13,0,5
1991,"HEMPSTEAD",5057,41,30,0,5,6,6,1,0,5,0,35,29,0,6
1992,"HEMPSTEAD",5057,37,23,0,4,10,6,1,0,4,1,31,22,0,9
1993,"HEMPSTEAD",5057,38,27,0,0,11,2,2,0,0,0,36,25,0,11
1994,"HEMPSTEAD",5057,32,21,0,0,11,2,1,0,0,1,30,20,0,10
1995,"HEMPSTEAD",5057,31,18,0,0,12,2,1,0,0,0,29,17,0,12
1996,"HEMPSTEAD",5057,52,39,0,0,13,4,3,0,0,1,48,36,0,12
1997,"HEMPSTEAD",5057,106,70,1,0,35,3,2,1,0,0,103,68,0,35
1998,"HEMPSTEAD",5057,92,64,0,0,28,3,3,0,0,0,89,61,0,28
1999,"HEMPSTEAD",5057,107,68,1,0,38,2,0,1,0,1,105,68,0,37
2000,"HEMPSTEAD",5057,125,78,0,0,47,5,4,0,0,1,120,74,0,46
2001,"HEMPSTEAD",5057,128,79,0,0,49,0,0,0,0,0,128,79,0,49
2002,"HEMPSTEAD",5057,149,97,0,0,52,1,0,0,0,1,148,97,0,51
2003,"HEMPSTEAD",5057,128,84,0,0,44,1,1,0,0,0,127,83,0,44
1990,"HOT SPRING",5059,87,53,0,0,34,5,3,0,0,2,82,50,0,32
1991,"HOT SPRING",5059,71,42,1,0,28,2,1,1,0,0,69,41,0,28
1992,"HOT SPRING",5059,106,55,1,0,50,4,2,1,0,1,102,53,0,49
1993,"HOT SPRING",5059,84,46,0,0,38,6,5,0,0,1,78,41,0,37
1994,"HOT SPRING",5059,90,53,0,1,36,2,0,0,1,1,88,53,0,35
1995,"HOT SPRING",5059,124,60,0,0,64,6,3,0,0,3,118,57,0,61
1996,"HOT SPRING",5059,194,100,0,0,94,2,1,0,0,1,192,99,0,93
1997,"HOT SPRING",5059,212,97,0,0,115,3,2,0,0,1,209,95,0,114
1998,"HOT SPRING",5059,229,124,1,0,104,5,3,1,0,1,224,121,0,103
1999,"HOT SPRING",5059,229,106,0,0,123,2,1,0,0,1,227,105,0,122
2000,"HOT SPRING",5059,222,96,0,0,126,3,1,0,0,2,219,95,0,124
2001,"HOT SPRING",5059,305,152,0,0,153,7,5,0,0,2,298,147,0,151
2002,"HOT SPRING",5059,288,151,0,0,137,10,4,0,0,6,278,147,0,131
2003,"HOT SPRING",5059,280,162,0,0,118,9,3,0,0,6,271,159,0,112
1990,"HOWARD",5061,22,13,0,3,6,4,1,0,3,0,18,12,0,6
1991,"HOWARD",5061,18,9,2,1,6,4,1,2,1,0,14,8,0,6
1992,"HOWARD",5061,38,31,0,1,6,1,0,0,1,0,37,31,0,6
1993,"HOWARD",5061,24,15,0,0,9,0,0,0,0,0,24,15,0,9
1994,"HOWARD",5061,25,20,1,0,4,2,1,1,0,0,23,19,0,4
1995,"HOWARD",5061,38,29,0,0,9,3,1,0,0,2,35,28,0,7
1996,"HOWARD",5061,64,46,0,0,18,3,2,0,0,1,61,44,0,17
1997,"HOWARD",5061,77,42,0,1,34,3,2,0,1,0,74,40,0,34
1998,"HOWARD",5061,80,54,0,0,26,4,2,0,0,2,76,52,0,24
1999,"HOWARD",5061,91,57,2,0,32,3,1,2,0,0,88,56,0,32
2000,"HOWARD",5061,80,40,0,0,40,1,0,0,0,1,79,40,0,39
2001,"HOWARD",5061,102,64,0,0,38,4,3,0,0,1,98,61,0,37
2002,"HOWARD",5061,111,69,2,0,40,2,0,2,0,0,109,69,0,40
2003,"HOWARD",5061,93,52,0,0,41,1,0,0,0,1,92,52,0,40
1990,"INDEPENDENCE",5063,112,72,1,0,39,7,6,1,0,0,105,66,0,39
1991,"INDEPENDENCE",5063,86,65,0,0,21,3,3,0,0,0,83,62,0,21
1992,"INDEPENDENCE",5063,80,60,1,0,19,5,2,1,0,2,75,58,0,17
1993,"INDEPENDENCE",5063,86,71,1,0,14,7,2,1,0,4,79,69,0,10
1994,"INDEPENDENCE",5063,58,42,0,0,16,3,0,0,0,3,55,42,0,13
1995,"INDEPENDENCE",5063,89,58,1,0,30,7,2,1,0,4,82,56,0,26
1996,"INDEPENDENCE",5063,116,96,4,0,16,7,3,4,0,0,109,93,0,16
1997,"INDEPENDENCE",5063,164,137,2,0,25,9,6,2,0,1,155,131,0,24
1998,"INDEPENDENCE",5063,132,117,0,0,15,7,6,0,0,1,125,111,0,14
1999,"INDEPENDENCE",5063,142,121,2,0,19,3,1,2,0,0,139,120,0,19
2000,"INDEPENDENCE",5063,128,108,0,0,20,3,2,0,0,1,125,106,0,19
2001,"INDEPENDENCE",5063,173,134,0,0,39,3,3,0,0,0,170,131,0,39
2002,"INDEPENDENCE",5063,174,150,2,0,22,7,3,2,0,2,167,147,0,20
2003,"INDEPENDENCE",5063,264,207,1,0,56,4,2,0,0,2,260,205,1,54
1990,"IZARD",5065,26,15,1,0,10,2,1,1,0,0,24,14,0,10
1991,"IZARD",5065,28,18,0,0,10,1,1,0,0,0,27,17,0,10
1992,"IZARD",5065,24,19,0,1,4,4,3,0,1,0,20,16,0,4
1993,"IZARD",5065,22,16,1,0,5,3,1,1,0,1,19,15,0,4
1994,"IZARD",5065,10,7,0,0,3,0,0,0,0,0,10,7,0,3
1995,"IZARD",5065,19,14,0,0,5,0,0,0,0,0,19,14,0,5
1996,"IZARD",5065,34,27,0,0,7,3,1,0,0,2,31,26,0,5
1997,"IZARD",5065,41,34,0,0,7,1,1,0,0,0,40,33,0,7
1998,"IZARD",5065,32,27,0,0,5,0,0,0,0,0,32,27,0,5
1999,"IZARD",5065,39,36,0,0,3,1,1,0,0,0,38,35,0,3
2000,"IZARD",5065,42,32,0,0,10,2,1,0,0,1,40,31,0,9
2001,"IZARD",5065,62,53,0,0,9,1,1,0,0,0,61,52,0,9
2002,"IZARD",5065,45,40,0,0,5,0,0,0,0,0,45,40,0,5
2003,"IZARD",5065,66,56,0,0,10,1,1,0,0,0,65,55,0,10
1990,"JACKSON",5067,44,33,1,0,10,3,2,1,0,0,41,31,0,10
1991,"JACKSON",5067,43,35,0,0,8,2,2,0,0,0,41,33,0,8
1992,"JACKSON",5067,43,32,1,1,9,8,5,0,1,2,35,27,1,7
1993,"JACKSON",5067,24,19,0,0,5,2,1,0,0,1,22,18,0,4
1994,"JACKSON",5067,34,23,0,5,6,7,1,0,5,1,27,22,0,5
1995,"JACKSON",5067,43,24,0,0,19,2,2,0,0,0,41,22,0,19
1996,"JACKSON",5067,67,41,2,1,23,4,1,2,1,0,63,40,0,23
1997,"JACKSON",5067,65,50,0,0,15,1,1,0,0,0,64,49,0,15
1998,"JACKSON",5067,70,52,1,0,17,2,2,0,0,0,68,50,1,17
1999,"JACKSON",5067,77,59,0,0,18,0,0,0,0,0,77,59,0,18
2000,"JACKSON",5067,70,51,0,0,19,0,0,0,0,0,70,51,0,19
2001,"JACKSON",5067,115,83,0,0,32,0,0,0,0,0,115,83,0,32
2002,"JACKSON",5067,142,95,0,0,47,1,0,0,0,1,141,95,0,46
2003,"JACKSON",5067,152,94,1,0,57,5,3,1,0,1,147,91,0,56
1990,"JEFFERSON",5069,284,78,1,1,204,21,8,1,1,11,263,70,0,193
1991,"JEFFERSON",5069,302,110,1,1,190,12,6,1,1,4,290,104,0,186
1992,"JEFFERSON",5069,303,133,1,2,167,19,9,1,2,7,284,124,0,160
1993,"JEFFERSON",5069,241,96,1,0,144,17,4,1,0,12,224,92,0,132
1994,"JEFFERSON",5069,327,104,1,0,222,18,10,1,0,7,309,94,0,215
1995,"JEFFERSON",5069,383,108,2,0,273,11,1,2,0,8,372,107,0,265
1996,"JEFFERSON",5069,598,229,0,1,368,14,6,0,1,7,584,223,0,361
1997,"JEFFERSON",5069,759,245,1,0,513,23,12,1,0,10,736,233,0,503
1998,"JEFFERSON",5069,794,290,1,0,503,15,3,1,0,11,779,287,0,492
1999,"JEFFERSON",5069,872,350,4,0,518,20,10,3,0,7,852,340,1,511
2000,"JEFFERSON",5069,900,275,1,0,624,14,4,1,0,9,886,271,0,615
2001,"JEFFERSON",5069,1116,387,1,0,728,11,5,1,0,5,1105,382,0,723
2002,"JEFFERSON",5069,1193,419,1,0,773,8,5,0,0,3,1185,414,1,770
2003,"JEFFERSON",5069,1138,393,1,0,744,12,6,1,0,5,1126,387,0,739
1990,"JOHNSON",5071,34,32,0,0,2,1,1,0,0,0,33,31,0,2
1991,"JOHNSON",5071,26,18,0,0,8,0,0,0,0,0,26,18,0,8
1992,"JOHNSON",5071,64,52,2,0,10,6,2,2,0,2,58,50,0,8
1993,"JOHNSON",5071,41,28,0,0,13,1,1,0,0,0,40,27,0,13
1994,"JOHNSON",5071,33,24,0,0,9,0,0,0,0,0,33,24,0,9
1995,"JOHNSON",5071,50,39,0,2,9,5,3,0,2,0,45,36,0,9
1996,"JOHNSON",5071,79,64,0,0,15,3,3,0,0,0,76,61,0,15
1997,"JOHNSON",5071,109,89,0,0,20,2,1,0,0,1,107,88,0,19
1998,"JOHNSON",5071,96,80,0,0,16,3,3,0,0,0,93,77,0,16
1999,"JOHNSON",5071,105,78,0,0,27,3,2,0,0,1,102,76,0,26
2000,"JOHNSON",5071,112,88,0,0,24,3,2,0,0,1,109,86,0,23
2001,"JOHNSON",5071,160,133,0,0,27,1,1,0,0,0,159,132,0,27
2002,"JOHNSON",5071,158,133,0,0,25,3,3,0,0,0,155,130,0,25
2003,"JOHNSON",5071,139,118,0,0,21,2,2,0,0,0,137,116,0,21
1990,"LAFAYETTE",5073,8,6,0,1,1,1,0,0,1,0,7,6,0,1
1991,"LAFAYETTE",5073,10,5,0,0,5,0,0,0,0,0,10,5,0,5
1992,"LAFAYETTE",5073,23,15,1,1,6,2,0,1,1,0,21,15,0,6
1993,"LAFAYETTE",5073,14,8,0,1,5,2,0,0,1,1,12,8,0,4
1994,"LAFAYETTE",5073,10,6,1,1,2,2,0,1,1,0,8,6,0,2
1995,"LAFAYETTE",5073,14,8,1,0,5,1,0,1,0,0,13,8,0,5
1996,"LAFAYETTE",5073,21,10,0,1,10,1,0,0,1,0,20,10,0,10
1997,"LAFAYETTE",5073,28,8,2,0,18,3,1,1,0,1,25,7,1,17
1998,"LAFAYETTE",5073,35,17,0,2,16,2,0,0,2,0,33,17,0,16
1999,"LAFAYETTE",5073,41,21,0,2,18,3,0,0,2,1,38,21,0,17
2000,"LAFAYETTE",5073,35,22,0,0,13,0,0,0,0,0,35,22,0,13
2001,"LAFAYETTE",5073,37,24,0,0,13,0,0,0,0,0,37,24,0,13
2002,"LAFAYETTE",5073,54,33,0,0,21,0,0,0,0,0,54,33,0,21
2003,"LAFAYETTE",5073,58,39,0,0,19,0,0,0,0,0,58,39,0,19
1990,"LAWRENCE",5075,36,28,0,0,8,1,1,0,0,0,35,27,0,8
1991,"LAWRENCE",5075,37,29,0,0,8,1,0,0,0,1,36,29,0,7
1992,"LAWRENCE",5075,51,41,1,0,9,4,1,1,0,2,47,40,0,7
1993,"LAWRENCE",5075,33,25,1,0,7,4,2,1,0,1,29,23,0,6
1994,"LAWRENCE",5075,34,24,0,1,9,5,4,0,1,0,29,20,0,9
1995,"LAWRENCE",5075,37,24,0,0,13,3,0,0,0,3,34,24,0,10
1996,"LAWRENCE",5075,71,53,0,0,18,1,1,0,0,0,70,52,0,18
1997,"LAWRENCE",5075,101,84,0,2,15,5,2,0,2,1,96,82,0,14
1998,"LAWRENCE",5075,91,77,0,0,14,1,0,0,0,1,90,77,0,13
1999,"LAWRENCE",5075,89,81,0,0,8,1,0,0,0,1,88,81,0,7
2000,"LAWRENCE",5075,99,75,0,0,24,0,0,0,0,0,99,75,0,24
2001,"LAWRENCE",5075,147,106,3,0,38,5,1,3,0,1,142,105,0,37
2002,"LAWRENCE",5075,130,89,0,0,41,2,1,0,0,1,128,88,0,40
2003,"LAWRENCE",5075,146,98,0,0,48,4,2,0,0,2,142,96,0,46
1990,"LEE",5077,7,2,0,0,5,0,0,0,0,0,7,2,0,5
1991,"LEE",5077,8,3,0,1,4,1,0,0,1,0,7,3,0,4
1992,"LEE",5077,10,6,0,0,4,0,0,0,0,0,10,6,0,4
1993,"LEE",5077,9,5,0,0,4,1,1,0,0,0,8,4,0,4
1994,"LEE",5077,19,13,0,0,6,0,0,0,0,0,19,13,0,6
1995,"LEE",5077,21,9,0,0,12,0,0,0,0,0,21,9,0,12
1996,"LEE",5077,34,21,0,0,13,2,2,0,0,0,32,19,0,13
1997,"LEE",5077,37,23,0,0,14,1,1,0,0,0,36,22,0,14
1998,"LEE",5077,55,28,0,0,27,1,1,0,0,0,54,27,0,27
1999,"LEE",5077,36,19,0,0,17,1,1,0,0,0,35,18,0,17
2000,"LEE",5077,57,27,0,0,30,2,2,0,0,0,55,25,0,30
2001,"LEE",5077,81,41,0,0,40,4,1,0,0,3,77,40,0,37
2002,"LEE",5077,75,36,0,0,39,0,0,0,0,0,75,36,0,39
2003,"LEE",5077,104,53,0,0,51,5,0,0,0,5,99,53,0,46
1990,"LINCOLN",5079,21,5,0,0,16,0,0,0,0,0,21,5,0,16
1991,"LINCOLN",5079,22,6,0,0,16,3,1,0,0,2,19,5,0,14
1992,"LINCOLN",5079,42,15,0,0,27,0,0,0,0,0,42,15,0,27
1993,"LINCOLN",5079,30,10,0,0,20,6,2,0,0,4,24,8,0,16
1994,"LINCOLN",5079,31,7,0,0,24,0,0,0,0,0,31,7,0,24
1995,"LINCOLN",5079,41,17,0,0,24,1,0,0,0,1,40,17,0,23
1996,"LINCOLN",5079,65,30,0,0,35,3,2,0,0,1,62,28,0,34
1997,"LINCOLN",5079,78,35,0,0,43,1,0,0,0,1,77,35,0,42
1998,"LINCOLN",5079,88,45,0,0,43,1,1,0,0,0,87,44,0,43
1999,"LINCOLN",5079,90,43,0,0,47,3,2,0,0,1,87,41,0,46
2000,"LINCOLN",5079,99,36,0,0,63,0,0,0,0,0,99,36,0,63
2001,"LINCOLN",5079,112,42,0,0,70,2,1,0,0,1,110,41,0,69
2002,"LINCOLN",5079,120,58,0,0,62,3,1,0,0,2,117,57,0,60
2003,"LINCOLN",5079,133,54,0,0,79,3,2,0,0,1,130,52,0,78
1990,"LITTLE RIVER",5081,15,12,1,0,2,1,0,1,0,0,14,12,0,2
1991,"LITTLE RIVER",5081,17,13,0,1,3,2,1,0,1,0,15,12,0,3
1992,"LITTLE RIVER",5081,32,23,1,2,6,5,3,0,2,0,27,20,1,6
1993,"LITTLE RIVER",5081,28,13,1,1,13,2,0,0,1,1,26,13,1,12
1994,"LITTLE RIVER",5081,22,11,1,3,7,6,1,0,3,2,16,10,1,5
1995,"LITTLE RIVER",5081,20,9,0,2,9,3,0,0,2,1,17,9,0,8
1996,"LITTLE RIVER",5081,55,37,0,0,18,2,1,0,0,1,53,36,0,17
1997,"LITTLE RIVER",5081,42,27,0,0,15,3,0,0,0,3,39,27,0,12
1998,"LITTLE RIVER",5081,46,31,0,0,15,1,1,0,0,0,45,30,0,15
1999,"LITTLE RIVER",5081,66,43,0,0,23,0,0,0,0,0,66,43,0,23
2000,"LITTLE RIVER",5081,65,40,0,0,25,0,0,0,0,0,65,40,0,25
2001,"LITTLE RIVER",5081,72,42,0,0,30,1,1,0,0,0,71,41,0,30
2002,"LITTLE RIVER",5081,92,64,0,0,28,2,1,0,0,1,90,63,0,27
2003,"LITTLE RIVER",5081,84,57,0,0,27,4,3,0,0,1,80,54,0,26
1990,"LOGAN",5083,57,53,0,0,4,0,0,0,0,0,57,53,0,4
1991,"LOGAN",5083,48,47,0,0,1,0,0,0,0,0,48,47,0,1
1992,"LOGAN",5083,54,49,0,0,5,1,1,0,0,0,53,48,0,5
1993,"LOGAN",5083,51,43,0,1,7,4,2,0,1,1,47,41,0,6
1994,"LOGAN",5083,66,54,1,1,10,3,1,1,1,0,63,53,0,10
1995,"LOGAN",5083,48,46,0,0,2,1,1,0,0,0,47,45,0,2
1996,"LOGAN",5083,97,83,1,1,12,6,2,1,1,2,91,81,0,10
1997,"LOGAN",5083,97,79,0,0,18,4,2,0,0,2,93,77,0,16
1998,"LOGAN",5083,117,102,1,1,13,3,0,1,1,1,114,102,0,12
1999,"LOGAN",5083,85,71,0,0,14,2,1,0,0,1,83,70,0,13
2000,"LOGAN",5083,116,96,0,0,20,1,1,0,0,0,115,95,0,20
2001,"LOGAN",5083,134,112,0,0,22,3,3,0,0,0,131,109,0,22
2002,"LOGAN",5083,189,160,0,0,29,1,1,0,0,0,188,159,0,29
2003,"LOGAN",5083,138,112,0,0,26,1,1,0,0,0,137,111,0,26
1990,"LONOKE",5085,195,84,0,0,111,11,7,0,0,4,184,77,0,107
1991,"LONOKE",5085,247,108,0,1,138,10,5,0,1,4,237,103,0,134
1992,"LONOKE",5085,238,115,1,1,121,14,8,0,1,5,224,107,1,116
1993,"LONOKE",5085,166,98,4,2,62,12,4,4,2,2,154,94,0,60
1994,"LONOKE",5085,174,88,2,0,84,10,7,1,0,2,164,81,1,82
1995,"LONOKE",5085,288,107,1,0,180,8,2,1,0,5,280,105,0,175
1996,"LONOKE",5085,382,145,1,0,236,11,5,1,0,5,371,140,0,231
1997,"LONOKE",5085,428,191,0,0,237,4,2,0,0,2,424,189,0,235
1998,"LONOKE",5085,507,252,1,1,253,11,3,1,1,6,496,249,0,247
1999,"LONOKE",5085,441,232,1,0,208,2,1,1,0,0,439,231,0,208
2000,"LONOKE",5085,449,219,1,2,227,7,1,1,2,3,442,218,0,224
2001,"LONOKE",5085,588,311,1,0,276,7,3,1,0,3,581,308,0,273
2002,"LONOKE",5085,608,326,0,0,282,2,2,0,0,0,606,324,0,282
2003,"LONOKE",5085,659,344,0,0,315,2,0,0,0,2,657,344,0,313
1990,"MADISON",5087,19,11,0,0,8,0,0,0,0,0,19,11,0,8
1991,"MADISON",5087,23,13,0,0,10,0,0,0,0,0,23,13,0,10
1992,"MADISON",5087,26,17,0,1,8,3,1,0,1,1,23,16,0,7
1993,"MADISON",5087,26,15,0,0,11,3,2,0,0,1,23,13,0,10
1994,"MADISON",5087,23,14,0,0,9,1,1,0,0,0,22,13,0,9
1995,"MADISON",5087,33,15,0,1,17,2,0,0,1,1,31,15,0,16
1996,"MADISON",5087,52,31,1,0,20,4,3,1,0,0,48,28,0,20
1997,"MADISON",5087,50,30,0,0,20,0,0,0,0,0,50,30,0,20
1998,"MADISON",5087,48,36,0,0,12,4,1,0,0,3,44,35,0,9
1999,"MADISON",5087,59,42,1,1,15,5,1,1,1,2,54,41,0,13
2000,"MADISON",5087,50,35,0,1,14,2,1,0,1,0,48,34,0,14
2001,"MADISON",5087,78,48,0,0,30,2,0,0,0,2,76,48,0,28
2002,"MADISON",5087,85,54,0,0,31,1,0,0,0,1,84,54,0,30
2003,"MADISON",5087,108,68,0,0,40,5,3,0,0,2,103,65,0,38
1990,"MARION",5089,13,11,0,0,2,1,1,0,0,0,12,10,0,2
1991,"MARION",5089,16,12,1,0,3,1,0,1,0,0,15,12,0,3
1992,"MARION",5089,18,17,0,0,1,0,0,0,0,0,18,17,0,1
1993,"MARION",5089,25,21,0,0,4,0,0,0,0,0,25,21,0,4
1994,"MARION",5089,21,19,0,0,2,2,2,0,0,0,19,17,0,2
1995,"MARION",5089,28,28,0,0,0,1,1,0,0,0,27,27,0,0
1996,"MARION",5089,46,40,0,0,6,1,0,0,0,1,45,40,0,5
1997,"MARION",5089,59,55,0,0,4,4,3,0,0,1,55,52,0,3
1998,"MARION",5089,73,58,0,0,15,1,1,0,0,0,72,57,0,15
1999,"MARION",5089,67,63,0,0,4,0,0,0,0,0,67,63,0,4
2000,"MARION",5089,57,48,0,0,9,0,0,0,0,0,57,48,0,9
2001,"MARION",5089,74,68,0,0,6,2,2,0,0,0,72,66,0,6
2002,"MARION",5089,94,88,0,0,6,1,1,0,0,0,93,87,0,6
2003,"MARION",5089,74,66,0,0,8,1,1,0,0,0,73,65,0,8
1990,"MILLER",5091,49,37,5,0,7,11,4,5,0,2,38,33,0,5
1991,"MILLER",5091,57,43,3,1,10,9,3,3,1,2,48,40,0,8
1992,"MILLER",5091,56,40,1,0,15,10,4,1,0,5,46,36,0,10
1993,"MILLER",5091,42,21,1,1,19,4,1,1,1,1,38,20,0,18
1994,"MILLER",5091,25,18,0,0,7,3,3,0,0,0,22,15,0,7
1995,"MILLER",5091,47,25,0,1,21,7,3,0,1,3,40,22,0,18
1996,"MILLER",5091,120,64,0,8,48,14,2,0,8,4,106,62,0,44
1997,"MILLER",5091,134,87,0,1,46,7,4,0,1,2,127,83,0,44
1998,"MILLER",5091,145,110,2,0,33,4,2,1,0,1,141,108,1,32
1999,"MILLER",5091,169,122,0,0,47,5,3,0,0,2,164,119,0,45
2000,"MILLER",5091,161,102,0,0,59,2,2,0,0,0,159,100,0,59
2001,"MILLER",5091,218,141,1,0,76,4,1,1,0,2,214,140,0,74
2002,"MILLER",5091,214,143,0,0,71,2,1,0,0,1,212,142,0,70
2003,"MILLER",5091,220,152,1,0,67,3,1,1,0,1,217,151,0,66
1990,"MISSISSIPPI",5093,135,63,0,0,72,6,3,0,0,3,129,60,0,69
1991,"MISSISSIPPI",5093,136,93,1,0,42,3,0,1,0,2,133,93,0,40
1992,"MISSISSIPPI",5093,130,80,1,0,49,6,1,1,0,4,124,79,0,45
1993,"MISSISSIPPI",5093,97,49,2,0,46,8,1,2,0,5,89,48,0,41
1994,"MISSISSIPPI",5093,132,66,0,1,65,4,0,0,1,3,128,66,0,62
1995,"MISSISSIPPI",5093,142,81,0,0,61,1,1,0,0,0,141,80,0,61
1996,"MISSISSIPPI",5093,215,138,0,0,77,3,2,0,0,1,212,136,0,76
1997,"MISSISSIPPI",5093,320,212,0,0,108,6,4,0,0,2,314,208,0,106
1998,"MISSISSIPPI",5093,370,263,0,0,107,3,1,0,0,2,367,262,0,105
1999,"MISSISSIPPI",5093,371,254,1,0,116,3,3,0,0,0,368,251,1,116
2000,"MISSISSIPPI",5093,408,288,0,0,120,2,2,0,0,0,406,286,0,120
2001,"MISSISSIPPI",5093,536,378,0,0,158,4,1,0,0,3,532,377,0,155
2002,"MISSISSIPPI",5093,546,395,2,1,148,4,2,0,1,1,542,393,2,147
2003,"MISSISSIPPI",5093,595,422,0,0,173,5,2,0,0,3,590,420,0,170
1990,"MONROE",5095,16,5,0,0,11,4,1,0,0,3,12,4,0,8
1991,"MONROE",5095,24,8,0,0,16,3,1,0,0,2,21,7,0,14
1992,"MONROE",5095,14,6,0,2,6,5,2,0,2,1,9,4,0,5
1993,"MONROE",5095,12,6,0,0,6,2,1,0,0,1,10,5,0,5
1994,"MONROE",5095,19,12,0,0,7,2,1,0,0,1,17,11,0,6
1995,"MONROE",5095,29,10,0,1,18,4,2,0,1,1,25,8,0,17
1996,"MONROE",5095,43,19,0,0,24,1,1,0,0,0,42,18,0,24
1997,"MONROE",5095,60,21,1,0,38,1,1,0,0,0,59,20,1,38
1998,"MONROE",5095,71,31,0,0,40,0,0,0,0,0,71,31,0,40
1999,"MONROE",5095,53,31,0,0,22,0,0,0,0,0,53,31,0,22
2000,"MONROE",5095,61,27,0,0,34,1,0,0,0,1,60,27,0,33
2001,"MONROE",5095,89,47,0,1,41,4,3,0,1,0,85,44,0,41
2002,"MONROE",5095,86,39,0,0,47,0,0,0,0,0,86,39,0,47
2003,"MONROE",5095,100,44,0,0,56,6,3,0,0,3,94,41,0,53
1990,"MONTGOMERY",5097,7,6,0,0,1,0,0,0,0,0,7,6,0,1
1991,"MONTGOMERY",5097,9,6,0,1,2,1,0,0,1,0,8,6,0,2
1992,"MONTGOMERY",5097,6,4,1,0,1,3,1,1,0,1,3,3,0,0
1993,"MONTGOMERY",5097,11,2,0,1,8,2,0,0,1,1,9,2,0,7
1994,"MONTGOMERY",5097,15,9,0,1,5,1,0,0,1,0,14,9,0,5
1995,"MONTGOMERY",5097,23,12,0,0,11,2,1,0,0,1,21,11,0,10
1996,"MONTGOMERY",5097,24,15,0,1,8,1,0,0,1,0,23,15,0,8
1997,"MONTGOMERY",5097,28,17,0,0,11,0,0,0,0,0,28,17,0,11
1998,"MONTGOMERY",5097,27,13,0,0,14,4,3,0,0,1,23,10,0,13
1999,"MONTGOMERY",5097,39,25,0,0,14,4,1,0,0,3,35,24,0,11
2000,"MONTGOMERY",5097,43,28,0,0,15,4,2,0,0,2,39,26,0,13
2001,"MONTGOMERY",5097,56,36,0,0,20,1,1,0,0,0,55,35,0,20
2002,"MONTGOMERY",5097,62,41,0,0,21,1,1,0,0,0,61,40,0,21
2003,"MONTGOMERY",5097,77,57,0,0,20,2,2,0,0,0,75,55,0,20
1990,"NEVADA",5099,20,17,0,0,3,2,1,0,0,1,18,16,0,2
1991,"NEVADA",5099,19,12,0,0,7,2,2,0,0,0,17,10,0,7
1992,"NEVADA",5099,25,20,0,0,5,0,0,0,0,0,25,20,0,5
1993,"NEVADA",5099,20,12,0,0,8,1,1,0,0,0,19,11,0,8
1994,"NEVADA",5099,23,17,0,0,6,3,1,0,0,2,20,16,0,4
1995,"NEVADA",5099,17,10,0,0,7,0,0,0,0,0,17,10,0,7
1996,"NEVADA",5099,49,24,0,0,25,1,0,0,0,1,48,24,0,24
1997,"NEVADA",5099,51,30,0,1,20,3,0,0,1,2,48,30,0,18
1998,"NEVADA",5099,67,49,0,1,17,1,0,0,1,0,66,49,0,17
1999,"NEVADA",5099,72,44,0,0,28,0,0,0,0,0,72,44,0,28
2000,"NEVADA",5099,68,43,0,0,25,1,1,0,0,0,67,42,0,25
2001,"NEVADA",5099,115,68,0,0,47,0,0,0,0,0,115,68,0,47
2002,"NEVADA",5099,96,67,0,0,29,1,1,0,0,0,95,66,0,29
2003,"NEVADA",5099,65,38,0,0,27,0,0,0,0,0,65,38,0,27
1990,"NEWTON",5101,7,3,0,0,4,2,2,0,0,0,5,1,0,4
1991,"NEWTON",5101,10,2,0,0,8,0,0,0,0,0,10,2,0,8
1992,"NEWTON",5101,16,9,0,0,7,2,1,0,0,1,14,8,0,6
1993,"NEWTON",5101,5,5,0,0,0,0,0,0,0,0,5,5,0,0
1994,"NEWTON",5101,7,6,0,0,1,0,0,0,0,0,7,6,0,1
1995,"NEWTON",5101,12,8,0,0,4,2,1,0,0,1,10,7,0,3
1996,"NEWTON",5101,17,13,0,0,4,2,1,0,0,1,15,12,0,3
1997,"NEWTON",5101,17,12,0,0,5,0,0,0,0,0,17,12,0,5
1998,"NEWTON",5101,20,17,0,0,3,0,0,0,0,0,20,17,0,3
1999,"NEWTON",5101,22,19,0,0,3,0,0,0,0,0,22,19,0,3
2000,"NEWTON",5101,25,23,0,0,2,0,0,0,0,0,25,23,0,2
2001,"NEWTON",5101,33,26,0,0,7,1,0,0,0,1,32,26,0,6
2002,"NEWTON",5101,25,22,0,0,3,0,0,0,0,0,25,22,0,3
2003,"NEWTON",5101,26,21,0,0,5,0,0,0,0,0,26,21,0,5
1990,"OUACHITA",5103,89,66,2,0,21,9,5,2,0,2,80,61,0,19
1991,"OUACHITA",5103,92,67,0,0,25,7,4,0,0,3,85,63,0,22
1992,"OUACHITA",5103,84,60,2,0,22,9,5,2,0,2,75,55,0,20
1993,"OUACHITA",5103,58,41,1,0,16,5,2,1,0,2,53,39,0,14
1994,"OUACHITA",5103,68,42,0,0,26,6,6,0,0,0,62,36,0,26
1995,"OUACHITA",5103,109,55,0,0,54,4,2,0,0,2,105,53,0,52
1996,"OUACHITA",5103,119,67,0,0,52,8,8,0,0,0,111,59,0,52
1997,"OUACHITA",5103,162,96,3,0,63,12,7,3,0,2,150,89,0,61
1998,"OUACHITA",5103,212,132,0,0,80,5,4,0,0,1,207,128,0,79
1999,"OUACHITA",5103,207,127,0,0,80,4,3,0,0,1,203,124,0,79
2000,"OUACHITA",5103,181,94,0,0,87,3,2,0,0,1,178,92,0,86
2001,"OUACHITA",5103,240,136,0,0,104,4,2,0,0,2,236,134,0,102
2002,"OUACHITA",5103,282,145,1,0,136,2,0,1,0,1,280,145,0,135
2003,"OUACHITA",5103,255,147,1,0,107,8,2,1,0,5,247,145,0,102
1990,"PERRY",5105,16,9,2,0,5,2,0,2,0,0,14,9,0,5
1991,"PERRY",5105,23,12,0,0,11,0,0,0,0,0,23,12,0,11
1992,"PERRY",5105,22,9,1,0,12,1,0,1,0,0,21,9,0,12
1993,"PERRY",5105,19,10,0,0,9,0,0,0,0,0,19,10,0,9
1994,"PERRY",5105,11,7,0,0,4,0,0,0,0,0,11,7,0,4
1995,"PERRY",5105,46,18,0,0,28,1,1,0,0,0,45,17,0,28
1996,"PERRY",5105,45,29,0,0,16,0,0,0,0,0,45,29,0,16
1997,"PERRY",5105,57,34,0,0,23,0,0,0,0,0,57,34,0,23
1998,"PERRY",5105,59,30,0,1,28,1,0,0,1,0,58,30,0,28
1999,"PERRY",5105,58,34,0,1,23,1,0,0,1,0,57,34,0,23
2000,"PERRY",5105,73,43,0,0,30,1,1,0,0,0,72,42,0,30
2001,"PERRY",5105,77,39,0,0,38,3,1,0,0,2,74,38,0,36
2002,"PERRY",5105,99,50,1,0,48,2,1,1,0,0,97,49,0,48
2003,"PERRY",5105,81,49,0,1,31,3,2,0,1,0,78,47,0,31
1990,"PHILLIPS",5107,36,13,0,0,23,1,1,0,0,0,35,12,0,23
1991,"PHILLIPS",5107,43,28,0,2,13,5,3,0,2,0,38,25,0,13
1992,"PHILLIPS",5107,40,29,0,2,9,6,3,0,2,1,34,26,0,8
1993,"PHILLIPS",5107,38,28,0,0,10,2,2,0,0,0,36,26,0,10
1994,"PHILLIPS",5107,39,19,0,0,20,3,2,0,0,1,36,17,0,19
1995,"PHILLIPS",5107,52,33,0,0,19,1,1,0,0,0,51,32,0,19
1996,"PHILLIPS",5107,88,55,8,1,24,11,0,8,1,2,77,55,0,22
1997,"PHILLIPS",5107,136,73,0,1,62,6,4,0,1,1,130,69,0,61
1998,"PHILLIPS",5107,167,100,1,2,64,5,0,1,2,2,162,100,0,62
1999,"PHILLIPS",5107,116,66,0,0,50,4,4,0,0,0,112,62,0,50
2000,"PHILLIPS",5107,135,76,2,0,57,5,3,2,0,0,130,73,0,57
2001,"PHILLIPS",5107,173,106,1,2,64,6,3,1,2,0,167,103,0,64
2002,"PHILLIPS",5107,185,120,0,0,65,1,1,0,0,0,184,119,0,65
2003,"PHILLIPS",5107,227,129,0,0,98,5,2,0,0,3,222,127,0,95
1990,"PIKE",5109,20,13,0,0,7,2,2,0,0,0,18,11,0,7
1991,"PIKE",5109,17,12,1,0,4,1,0,1,0,0,16,12,0,4
1992,"PIKE",5109,14,13,0,0,1,1,0,0,0,1,13,13,0,0
1993,"PIKE",5109,12,6,0,0,6,0,0,0,0,0,12,6,0,6
1994,"PIKE",5109,23,9,1,1,12,3,0,1,1,1,20,9,0,11
1995,"PIKE",5109,26,12,0,0,14,0,0,0,0,0,26,12,0,14
1996,"PIKE",5109,47,15,0,0,32,3,0,0,0,3,44,15,0,29
1997,"PIKE",5109,72,25,0,0,47,3,1,0,0,2,69,24,0,45
1998,"PIKE",5109,71,40,0,1,30,4,2,0,1,1,67,38,0,29
1999,"PIKE",5109,47,28,0,0,19,0,0,0,0,0,47,28,0,19
2000,"PIKE",5109,75,43,0,1,31,4,1,0,1,2,71,42,0,29
2001,"PIKE",5109,91,55,0,0,36,7,4,0,0,3,84,51,0,33
2002,"PIKE",5109,73,43,0,0,30,4,0,0,0,4,69,43,0,26
2003,"PIKE",5109,89,59,0,0,30,2,1,0,0,1,87,58,0,29
1990,"POINSETT",5111,51,39,0,0,12,2,2,0,0,0,49,37,0,12
1991,"POINSETT",5111,80,65,1,1,13,4,3,0,1,0,76,62,1,13
1992,"POINSETT",5111,75,57,1,1,16,9,4,1,1,3,66,53,0,13
1993,"POINSETT",5111,54,41,0,0,13,2,1,0,0,1,52,40,0,12
1994,"POINSETT",5111,51,37,0,0,14,4,2,0,0,2,47,35,0,12
1995,"POINSETT",5111,54,41,0,0,13,5,3,0,0,2,49,38,0,11
1996,"POINSETT",5111,100,79,0,0,21,1,0,0,0,1,99,79,0,20
1997,"POINSETT",5111,120,97,1,0,22,7,5,1,0,1,113,92,0,21
1998,"POINSETT",5111,169,141,0,0,28,3,3,0,0,0,166,138,0,28
1999,"POINSETT",5111,146,129,0,0,17,1,1,0,0,0,145,128,0,17
2000,"POINSETT",5111,174,126,0,1,47,2,1,0,1,0,172,125,0,47
2001,"POINSETT",5111,252,183,1,0,68,4,1,1,0,2,248,182,0,66
2002,"POINSETT",5111,293,191,1,0,101,3,2,0,0,1,290,189,1,100
2003,"POINSETT",5111,253,170,2,0,81,7,3,2,0,2,246,167,0,79
1990,"POLK",5113,18,16,0,1,1,2,1,0,1,0,16,15,0,1
1991,"POLK",5113,31,26,1,1,3,5,3,1,1,0,26,23,0,3
1992,"POLK",5113,27,24,0,0,3,3,3,0,0,0,24,21,0,3
1993,"POLK",5113,26,25,0,1,0,3,2,0,1,0,23,23,0,0
1994,"POLK",5113,18,16,0,0,2,2,2,0,0,0,16,14,0,2
1995,"POLK",5113,28,25,0,0,3,3,3,0,0,0,25,22,0,3
1996,"POLK",5113,41,34,0,1,6,4,2,0,1,1,37,32,0,5
1997,"POLK",5113,45,39,0,0,6,4,3,0,0,1,41,36,0,5
1998,"POLK",5113,62,56,0,0,6,1,1,0,0,0,61,55,0,6
1999,"POLK",5113,68,60,0,0,8,4,3,0,0,1,64,57,0,7
2000,"POLK",5113,79,68,0,0,11,3,3,0,0,0,76,65,0,11
2001,"POLK",5113,101,83,0,1,17,6,5,0,1,0,95,78,0,17
2002,"POLK",5113,105,93,0,0,12,0,0,0,0,0,105,93,0,12
2003,"POLK",5113,109,94,0,0,15,1,0,0,0,1,108,94,0,14
1990,"POPE",5115,125,75,1,1,48,6,3,1,1,1,119,72,0,47
1991,"POPE",5115,153,85,4,1,63,14,3,3,1,7,139,82,1,56
1992,"POPE",5115,140,88,1,1,50,5,2,1,1,1,135,86,0,49
1993,"POPE",5115,136,82,2,1,51,13,5,2,1,5,123,77,0,46
1994,"POPE",5115,97,58,0,0,39,4,1,0,0,3,93,57,0,36
1995,"POPE",5115,181,96,3,0,82,8,2,3,0,3,173,94,0,79
1996,"POPE",5115,249,162,5,0,82,11,5,5,0,1,238,157,0,81
1997,"POPE",5115,279,198,0,1,80,7,3,0,1,3,272,195,0,77
1998,"POPE",5115,326,231,1,1,93,7,5,1,1,0,319,226,0,93
1999,"POPE",5115,319,229,4,0,86,6,2,4,0,0,313,227,0,86
2000,"POPE",5115,282,209,1,0,72,4,2,1,0,1,278,207,0,71
2001,"POPE",5115,343,243,0,0,100,2,1,0,0,1,341,242,0,99
2002,"POPE",5115,416,312,2,0,102,4,3,0,0,1,412,309,2,101
2003,"POPE",5115,426,316,3,0,107,8,4,3,0,1,418,312,0,106
1990,"PRAIRIE",5117,17,5,0,0,12,1,1,0,0,0,16,4,0,12
1991,"PRAIRIE",5117,24,13,0,0,11,2,1,0,0,1,22,12,0,10
1992,"PRAIRIE",5117,20,4,1,0,15,1,0,1,0,0,19,4,0,15
1993,"PRAIRIE",5117,23,3,0,2,18,3,0,0,2,1,20,3,0,17
1994,"PRAIRIE",5117,27,8,0,1,18,1,0,0,1,0,26,8,0,18
1995,"PRAIRIE",5117,45,10,0,0,35,0,0,0,0,0,45,10,0,35
1996,"PRAIRIE",5117,54,16,0,0,38,1,1,0,0,0,53,15,0,38
1997,"PRAIRIE",5117,61,17,0,1,43,3,0,0,1,2,58,17,0,41
1998,"PRAIRIE",5117,57,23,0,2,32,4,2,0,2,0,53,21,0,32
1999,"PRAIRIE",5117,72,23,0,1,48,3,0,0,1,2,69,23,0,46
2000,"PRAIRIE",5117,74,26,0,0,48,1,1,0,0,0,73,25,0,48
2001,"PRAIRIE",5117,64,26,0,0,38,0,0,0,0,0,64,26,0,38
2002,"PRAIRIE",5117,89,29,0,1,59,3,0,0,1,2,86,29,0,57
2003,"PRAIRIE",5117,97,34,0,0,63,2,1,0,0,1,95,33,0,62
1990,"PULASKI",5119,1898,706,54,0,1138,107,47,44,0,16,1791,659,10,1122
1991,"PULASKI",5119,2105,853,30,0,1222,91,42,29,0,20,2014,811,1,1202
1992,"PULASKI",5119,2049,926,23,0,1100,109,57,23,0,29,1940,869,0,1071
1993,"PULASKI",5119,1691,731,18,0,942,86,43,17,0,26,1605,688,1,916
1994,"PULASKI",5119,1687,657,16,0,1014,89,33,16,0,40,1598,624,0,974
1995,"PULASKI",5119,2549,810,18,0,1721,78,37,15,0,26,2471,773,3,1695
1996,"PULASKI",5119,3320,1200,25,0,2095,98,43,24,0,31,3222,1157,1,2064
1997,"PULASKI",5119,3577,1439,19,0,2119,87,41,19,0,27,3490,1398,0,2092
1998,"PULASKI",5119,3800,1626,12,0,2162,65,28,11,0,26,3735,1598,1,2136
1999,"PULASKI",5119,3499,1491,5,0,2003,38,21,5,0,12,3461,1470,0,1991
2000,"PULASKI",5119,3528,1283,13,0,2232,51,18,12,0,21,3477,1265,1,2211
2001,"PULASKI",5119,4320,1715,8,0,2597,46,16,7,0,23,4274,1699,1,2574
2002,"PULASKI",5119,4577,1925,6,0,2646,33,18,4,0,11,4544,1907,2,2635
2003,"PULASKI",5119,4491,1989,9,0,2493,49,19,8,0,22,4442,1970,1,2471
1990,"RANDOLPH",5121,28,19,0,0,9,1,1,0,0,0,27,18,0,9
1991,"RANDOLPH",5121,26,21,0,0,5,1,1,0,0,0,25,20,0,5
1992,"RANDOLPH",5121,44,27,0,0,17,5,2,0,0,3,39,25,0,14
1993,"RANDOLPH",5121,28,18,0,0,10,4,2,0,0,2,24,16,0,8
1994,"RANDOLPH",5121,31,22,0,0,9,1,0,0,0,1,30,22,0,8
1995,"RANDOLPH",5121,33,28,0,0,5,4,3,0,0,1,29,25,0,4
1996,"RANDOLPH",5121,55,50,0,0,5,0,0,0,0,0,55,50,0,5
1997,"RANDOLPH",5121,64,62,0,0,2,0,0,0,0,0,64,62,0,2
1998,"RANDOLPH",5121,82,79,0,0,3,2,2,0,0,0,80,77,0,3
1999,"RANDOLPH",5121,66,61,0,0,5,0,0,0,0,0,66,61,0,5
2000,"RANDOLPH",5121,74,62,0,0,12,1,1,0,0,0,73,61,0,12
2001,"RANDOLPH",5121,126,117,0,0,9,0,0,0,0,0,126,117,0,9
2002,"RANDOLPH",5121,131,107,0,0,24,0,0,0,0,0,131,107,0,24
2003,"RANDOLPH",5121,147,122,0,0,25,1,1,0,0,0,146,121,0,25
1990,"ST FRANCIS",5123,62,34,2,2,24,9,4,2,2,1,53,30,0,23
1991,"ST FRANCIS",5123,73,36,0,0,37,2,2,0,0,0,71,34,0,37
1992,"ST FRANCIS",5123,70,43,1,0,26,8,4,1,0,3,62,39,0,23
1993,"ST FRANCIS",5123,70,38,1,2,29,8,3,1,2,2,62,35,0,27
1994,"ST FRANCIS",5123,51,23,1,1,26,8,4,1,1,2,43,19,0,24
1995,"ST FRANCIS",5123,55,29,1,0,25,4,2,1,0,1,51,27,0,24
1996,"ST FRANCIS",5123,136,88,0,2,46,6,3,0,2,1,130,85,0,45
1997,"ST FRANCIS",5123,139,80,0,0,59,3,2,0,0,1,136,78,0,58
1998,"ST FRANCIS",5123,138,91,0,0,47,2,2,0,0,0,136,89,0,47
1999,"ST FRANCIS",5123,140,98,0,1,41,2,0,0,1,1,138,98,0,40
2000,"ST FRANCIS",5123,165,82,1,0,82,2,0,1,0,1,163,82,0,81
2001,"ST FRANCIS",5123,235,125,0,0,110,1,1,0,0,0,234,124,0,110
2002,"ST FRANCIS",5123,250,115,0,0,135,3,2,0,0,1,247,113,0,134
2003,"ST FRANCIS",5123,288,147,5,0,136,11,3,5,0,3,277,144,0,133
1990,"SALINE",5125,187,82,0,0,105,4,0,0,0,4,183,82,0,101
1991,"SALINE",5125,217,96,1,0,120,9,5,1,0,3,208,91,0,117
1992,"SALINE",5125,214,121,0,0,93,4,1,0,0,3,210,120,0,90
1993,"SALINE",5125,232,129,1,0,102,11,6,1,0,4,221,123,0,98
1994,"SALINE",5125,207,112,1,0,94,9,6,1,0,2,198,106,0,92
1995,"SALINE",5125,295,136,0,0,159,5,3,0,0,2,290,133,0,157
1996,"SALINE",5125,418,205,0,0,213,10,6,0,0,4,408,199,0,209
1997,"SALINE",5125,449,250,0,0,199,6,6,0,0,0,443,244,0,199
1998,"SALINE",5125,452,282,2,0,168,9,4,2,0,3,443,278,0,165
1999,"SALINE",5125,436,250,0,0,186,4,3,0,0,1,432,247,0,185
2000,"SALINE",5125,460,249,2,0,209,9,4,1,0,4,451,245,1,205
2001,"SALINE",5125,523,305,0,0,218,3,2,0,0,1,520,303,0,217
2002,"SALINE",5125,838,418,2,0,418,11,6,2,0,3,827,412,0,415
2003,"SALINE",5125,924,517,1,0,406,9,3,1,0,5,915,514,0,401
1990,"SCOTT",5127,31,27,2,0,2,3,1,2,0,0,28,26,0,2
1991,"SCOTT",5127,26,23,0,1,2,3,1,0,1,1,23,22,0,1
1992,"SCOTT",5127,23,20,0,1,2,2,1,0,1,0,21,19,0,2
1993,"SCOTT",5127,20,18,0,2,0,2,0,0,2,0,18,18,0,0
1994,"SCOTT",5127,19,15,0,0,4,1,0,0,0,1,18,15,0,3
1995,"SCOTT",5127,23,18,0,1,4,2,1,0,1,0,21,17,0,4
1996,"SCOTT",5127,34,28,0,0,6,1,1,0,0,0,33,27,0,6
1997,"SCOTT",5127,38,32,0,0,6,3,2,0,0,1,35,30,0,5
1998,"SCOTT",5127,38,35,0,0,3,0,0,0,0,0,38,35,0,3
1999,"SCOTT",5127,44,39,0,0,5,0,0,0,0,0,44,39,0,5
2000,"SCOTT",5127,49,43,0,1,5,1,0,0,1,0,48,43,0,5
2001,"SCOTT",5127,55,51,0,1,3,1,0,0,1,0,54,51,0,3
2002,"SCOTT",5127,67,60,0,0,7,0,0,0,0,0,67,60,0,7
2003,"SCOTT",5127,77,71,0,0,6,0,0,0,0,0,77,71,0,6
1990,"SEARCY",5129,8,3,0,1,4,1,0,0,1,0,7,3,0,4
1991,"SEARCY",5129,12,6,0,0,6,0,0,0,0,0,12,6,0,6
1992,"SEARCY",5129,12,8,3,0,1,3,0,3,0,0,9,8,0,1
1993,"SEARCY",5129,8,4,1,0,3,1,0,1,0,0,7,4,0,3
1994,"SEARCY",5129,7,5,0,0,2,0,0,0,0,0,7,5,0,2
1995,"SEARCY",5129,11,5,0,0,6,0,0,0,0,0,11,5,0,6
1996,"SEARCY",5129,18,10,0,1,7,2,1,0,1,0,16,9,0,7
1997,"SEARCY",5129,33,21,0,0,12,3,1,0,0,2,30,20,0,10
1998,"SEARCY",5129,36,26,0,0,10,5,4,0,0,1,31,22,0,9
1999,"SEARCY",5129,29,25,0,0,4,0,0,0,0,0,29,25,0,4
2000,"SEARCY",5129,21,17,0,0,4,1,1,0,0,0,20,16,0,4
2001,"SEARCY",5129,48,41,0,0,7,2,0,0,0,2,46,41,0,5
2002,"SEARCY",5129,28,23,0,0,5,1,0,0,0,1,27,23,0,4
2003,"SEARCY",5129,35,29,0,0,6,1,1,0,0,0,34,28,0,6
1990,"SEBASTIAN",5131,467,422,11,1,33,22,8,11,1,2,445,414,0,31
1991,"SEBASTIAN",5131,533,481,10,2,40,29,17,9,2,1,504,464,1,39
1992,"SEBASTIAN",5131,448,396,2,1,49,29,23,2,1,3,419,373,0,46
1993,"SEBASTIAN",5131,424,348,4,1,71,24,15,4,1,4,400,333,0,67
1994,"SEBASTIAN",5131,376,308,2,0,66,12,9,2,0,1,364,299,0,65
1995,"SEBASTIAN",5131,409,340,2,0,67,14,11,2,0,1,395,329,0,66
1996,"SEBASTIAN",5131,511,418,5,0,88,20,11,5,0,4,491,407,0,84
1997,"SEBASTIAN",5131,661,503,1,0,157,29,18,1,0,10,632,485,0,147
1998,"SEBASTIAN",5131,753,623,1,0,129,17,14,1,0,2,736,609,0,127
1999,"SEBASTIAN",5131,722,569,1,0,152,12,8,1,0,3,710,561,0,149
2000,"SEBASTIAN",5131,694,533,3,1,157,11,7,3,1,0,683,526,0,157
2001,"SEBASTIAN",5131,816,632,0,0,184,6,6,0,0,0,810,626,0,184
2002,"SEBASTIAN",5131,906,686,4,0,216,10,7,3,0,0,896,679,1,216
2003,"SEBASTIAN",5131,1060,849,0,0,211,3,3,0,0,0,1057,846,0,211
1990,"SEVIER",5133,16,10,3,1,2,6,2,2,1,1,10,8,1,1
1991,"SEVIER",5133,16,10,2,1,3,5,2,2,1,0,11,8,0,3
1992,"SEVIER",5133,23,22,0,1,0,3,2,0,1,0,20,20,0,0
1993,"SEVIER",5133,24,18,0,1,5,3,1,0,1,1,21,17,0,4
1994,"SEVIER",5133,16,13,0,1,2,1,0,0,1,0,15,13,0,2
1995,"SEVIER",5133,23,19,0,0,4,1,1,0,0,0,22,18,0,4
1996,"SEVIER",5133,41,29,0,0,12,0,0,0,0,0,41,29,0,12
1997,"SEVIER",5133,45,29,0,0,16,3,1,0,0,2,42,28,0,14
1998,"SEVIER",5133,45,34,0,1,10,2,1,0,1,0,43,33,0,10
1999,"SEVIER",5133,43,33,0,0,10,0,0,0,0,0,43,33,0,10
2000,"SEVIER",5133,64,43,0,0,21,0,0,0,0,0,64,43,0,21
2001,"SEVIER",5133,57,49,1,0,7,1,0,1,0,0,56,49,0,7
2002,"SEVIER",5133,76,64,0,0,12,1,1,0,0,0,75,63,0,12
2003,"SEVIER",5133,49,41,0,0,8,1,1,0,0,0,48,40,0,8
1990,"SHARP",5135,43,23,0,0,20,5,4,0,0,1,38,19,0,19
1991,"SHARP",5135,47,27,1,1,18,6,2,1,1,2,41,25,0,16
1992,"SHARP",5135,44,29,3,1,11,8,4,3,1,0,36,25,0,11
1993,"SHARP",5135,36,28,0,0,8,3,2,0,0,1,33,26,0,7
1994,"SHARP",5135,31,21,1,1,8,1,0,0,1,0,30,21,1,8
1995,"SHARP",5135,27,23,0,0,4,3,2,0,0,1,24,21,0,3
1996,"SHARP",5135,54,41,0,0,13,5,3,0,0,2,49,38,0,11
1997,"SHARP",5135,50,47,0,0,3,2,2,0,0,0,48,45,0,3
1998,"SHARP",5135,71,67,0,0,4,0,0,0,0,0,71,67,0,4
1999,"SHARP",5135,79,68,0,0,11,0,0,0,0,0,79,68,0,11
2000,"SHARP",5135,51,41,0,0,10,0,0,0,0,0,51,41,0,10
2001,"SHARP",5135,99,84,1,0,14,2,0,1,0,1,97,84,0,13
2002,"SHARP",5135,107,96,0,0,11,1,1,0,0,0,106,95,0,11
2003,"SHARP",5135,118,100,2,0,16,6,4,2,0,0,112,96,0,16
1990,"STONE",5137,18,12,0,0,6,1,0,0,0,1,17,12,0,5
1991,"STONE",5137,14,11,0,0,3,2,2,0,0,0,12,9,0,3
1992,"STONE",5137,20,16,1,0,3,2,1,1,0,0,18,15,0,3
1993,"STONE",5137,12,11,0,0,1,1,1,0,0,0,11,10,0,1
1994,"STONE",5137,18,14,0,0,4,1,1,0,0,0,17,13,0,4
1995,"STONE",5137,17,12,0,0,5,1,1,0,0,0,16,11,0,5
1996,"STONE",5137,22,20,0,0,2,0,0,0,0,0,22,20,0,2
1997,"STONE",5137,22,17,0,0,5,0,0,0,0,0,22,17,0,5
1998,"STONE",5137,31,25,0,0,6,1,1,0,0,0,30,24,0,6
1999,"STONE",5137,33,30,0,0,3,0,0,0,0,0,33,30,0,3
2000,"STONE",5137,28,22,0,0,6,0,0,0,0,0,28,22,0,6
2001,"STONE",5137,42,37,0,0,5,1,1,0,0,0,41,36,0,5
2002,"STONE",5137,57,47,0,0,10,0,0,0,0,0,57,47,0,10
2003,"STONE",5137,67,57,0,0,10,0,0,0,0,0,67,57,0,10
1990,"UNION",5139,107,76,14,0,17,20,7,12,0,1,87,69,2,16
1991,"UNION",5139,93,71,2,0,20,10,4,2,0,4,83,67,0,16
1992,"UNION",5139,85,64,3,0,18,10,5,3,0,2,75,59,0,16
1993,"UNION",5139,51,40,0,0,11,2,2,0,0,0,49,38,0,11
1994,"UNION",5139,78,55,2,0,21,4,2,1,0,1,74,53,1,20
1995,"UNION",5139,81,60,2,0,19,4,1,2,0,1,77,59,0,18
1996,"UNION",5139,133,94,0,0,39,7,3,0,0,4,126,91,0,35
1997,"UNION",5139,216,144,1,0,71,6,2,1,0,3,210,142,0,68
1998,"UNION",5139,218,144,0,0,74,3,2,0,0,1,215,142,0,73
1999,"UNION",5139,255,183,0,0,72,7,4,0,0,3,248,179,0,69
2000,"UNION",5139,248,145,1,0,102,2,1,1,0,0,246,144,0,102
2001,"UNION",5139,348,214,0,0,134,4,2,0,0,2,344,212,0,132
2002,"UNION",5139,382,197,0,0,185,10,2,0,0,8,372,195,0,177
2003,"UNION",5139,421,219,1,0,201,16,5,1,0,10,405,214,0,191
1990,"VAN BUREN",5141,21,11,0,0,10,2,0,0,0,2,19,11,0,8
1991,"VAN BUREN",5141,14,7,2,0,5,4,0,2,0,2,10,7,0,3
1992,"VAN BUREN",5141,18,14,0,0,4,4,3,0,0,1,14,11,0,3
1993,"VAN BUREN",5141,18,12,1,0,5,1,0,1,0,0,17,12,0,5
1994,"VAN BUREN",5141,18,15,0,0,3,1,1,0,0,0,17,14,0,3
1995,"VAN BUREN",5141,34,21,0,1,12,2,0,0,1,1,32,21,0,11
1996,"VAN BUREN",5141,49,24,0,0,25,1,0,0,0,1,48,24,0,24
1997,"VAN BUREN",5141,50,34,0,0,16,0,0,0,0,0,50,34,0,16
1998,"VAN BUREN",5141,62,40,0,1,21,2,0,0,1,1,60,40,0,20
1999,"VAN BUREN",5141,56,38,1,0,17,0,0,0,0,0,56,38,1,17
2000,"VAN BUREN",5141,75,49,0,0,26,0,0,0,0,0,75,49,0,26
2001,"VAN BUREN",5141,103,79,0,0,24,3,1,0,0,2,100,78,0,22
2002,"VAN BUREN",5141,112,79,0,0,33,1,1,0,0,0,111,78,0,33
2003,"VAN BUREN",5141,132,89,0,0,43,0,0,0,0,0,132,89,0,43
1990,"WASHINGTON",5143,342,222,5,3,112,20,8,5,3,4,322,214,0,108
1991,"WASHINGTON",5143,524,330,6,2,186,36,17,6,2,11,488,313,0,175
1992,"WASHINGTON",5143,563,363,5,1,194,42,23,5,1,13,521,340,0,181
1993,"WASHINGTON",5143,436,275,3,1,157,25,15,3,1,6,411,260,0,151
1994,"WASHINGTON",5143,430,255,6,2,167,14,4,5,2,3,416,251,1,164
1995,"WASHINGTON",5143,518,312,3,3,200,20,7,3,3,7,498,305,0,193
1996,"WASHINGTON",5143,632,371,6,0,255,37,20,4,0,13,595,351,2,242
1997,"WASHINGTON",5143,783,542,5,0,236,47,28,5,0,14,736,514,0,222
1998,"WASHINGTON",5143,851,682,0,1,168,34,22,0,1,11,817,660,0,157
1999,"WASHINGTON",5143,839,652,1,0,186,21,13,1,0,7,818,639,0,179
2000,"WASHINGTON",5143,756,544,1,0,211,18,11,1,0,6,738,533,0,205
2001,"WASHINGTON",5143,914,681,1,0,232,16,11,1,0,4,898,670,0,228
2002,"WASHINGTON",5143,1001,705,6,0,290,23,15,6,0,2,978,690,0,288
2003,"WASHINGTON",5143,1016,702,8,0,306,28,17,7,0,4,988,685,1,302
1990,"WHITE",5145,163,52,3,2,106,6,1,3,2,0,157,51,0,106
1991,"WHITE",5145,193,79,0,1,113,9,4,0,1,4,184,75,0,109
1992,"WHITE",5145,169,79,1,0,89,11,5,1,0,5,158,74,0,84
1993,"WHITE",5145,186,80,1,0,105,12,6,1,0,5,174,74,0,100
1994,"WHITE",5145,170,75,0,0,95,9,3,0,0,6,161,72,0,89
1995,"WHITE",5145,200,74,0,0,126,9,5,0,0,4,191,69,0,122
1996,"WHITE",5145,303,109,2,0,192,8,4,2,0,2,295,105,0,190
1997,"WHITE",5145,399,189,2,0,208,13,4,2,0,7,386,185,0,201
1998,"WHITE",5145,420,200,0,0,220,7,3,0,0,4,413,197,0,216
1999,"WHITE",5145,399,186,0,0,213,6,1,0,0,5,393,185,0,208
2000,"WHITE",5145,355,179,0,0,176,3,0,0,0,3,352,179,0,173
2001,"WHITE",5145,522,285,0,0,237,8,3,0,0,5,514,282,0,232
2002,"WHITE",5145,592,301,1,0,290,2,2,0,0,0,590,299,1,290
2003,"WHITE",5145,550,304,1,0,245,10,5,1,0,4,540,299,0,241
1990,"WOODRUFF",5147,22,6,0,1,15,2,1,0,1,0,20,5,0,15
1991,"WOODRUFF",5147,30,13,0,1,16,2,0,0,1,1,28,13,0,15
1992,"WOODRUFF",5147,31,10,1,3,17,4,0,1,3,0,27,10,0,17
1993,"WOODRUFF",5147,23,10,1,2,10,3,0,0,2,1,20,10,1,9
1994,"WOODRUFF",5147,24,11,0,1,12,1,0,0,1,0,23,11,0,12
1995,"WOODRUFF",5147,17,5,0,1,11,1,0,0,1,0,16,5,0,11
1996,"WOODRUFF",5147,37,14,0,0,23,1,0,0,0,1,36,14,0,22
1997,"WOODRUFF",5147,25,7,0,0,18,1,0,0,0,1,24,7,0,17
1998,"WOODRUFF",5147,25,13,1,0,11,1,0,1,0,0,24,13,0,11
1999,"WOODRUFF",5147,37,19,3,0,15,2,0,2,0,0,35,19,1,15
2000,"WOODRUFF",5147,26,7,0,0,19,1,0,0,0,1,25,7,0,18
2001,"WOODRUFF",5147,54,32,0,0,22,1,0,0,0,1,53,32,0,21
2002,"WOODRUFF",5147,58,37,0,0,21,0,0,0,0,0,58,37,0,21
2003,"WOODRUFF",5147,69,41,0,0,28,4,2,0,0,2,65,39,0,26
1990,"YELL",5149,41,26,1,0,14,3,1,1,0,1,38,25,0,13
1991,"YELL",5149,37,24,1,1,11,2,0,1,1,0,35,24,0,11
1992,"YELL",5149,47,35,0,0,12,0,0,0,0,0,47,35,0,12
1993,"YELL",5149,51,28,2,0,21,6,3,2,0,1,45,25,0,20
1994,"YELL",5149,41,24,0,0,17,0,0,0,0,0,41,24,0,17
1995,"YELL",5149,57,28,0,0,29,1,1,0,0,0,56,27,0,29
1996,"YELL",5149,85,50,1,0,34,2,0,1,0,1,83,50,0,33
1997,"YELL",5149,81,59,1,0,21,4,1,1,0,2,77,58,0,19
1998,"YELL",5149,105,76,2,0,27,6,3,2,0,1,99,73,0,26
1999,"YELL",5149,112,81,0,0,31,2,1,0,0,1,110,80,0,30
2000,"YELL",5149,120,89,0,0,31,3,0,0,0,3,117,89,0,28
2001,"YELL",5149,113,78,0,0,35,2,1,0,0,1,111,77,0,34
2002,"YELL",5149,155,119,2,1,33,6,2,2,1,1,149,117,0,32
2003,"YELL",5149,137,100,1,0,36,3,0,1,0,2,134,100,0,34
1990,"ALAMEDA",6001,4081,2953,117,0,1011,309,140,102,0,67,3772,2813,15,944
1991,"ALAMEDA",6001,5159,3814,163,1,1181,425,179,139,1,106,4734,3635,24,1075
1992,"ALAMEDA",6001,5661,4256,151,0,1254,492,235,109,0,148,5169,4021,42,1106
1993,"ALAMEDA",6001,5453,4004,138,1,1310,484,219,115,1,149,4969,3785,23,1161
1994,"ALAMEDA",6001,5251,3834,102,1,1314,541,293,81,1,166,4710,3541,21,1148
1995,"ALAMEDA",6001,5346,3804,69,0,1473,505,238,61,0,206,4841,3566,8,1267
1996,"ALAMEDA",6001,6483,4681,67,0,1734,504,241,62,0,200,5979,4440,5,1534
1997,"ALAMEDA",6001,7273,5323,63,0,1887,405,180,53,0,172,6868,5143,10,1715
1998,"ALAMEDA",6001,7277,5440,35,0,1802,316,161,32,0,123,6961,5279,3,1679
1999,"ALAMEDA",6001,5725,4170,40,0,1515,206,104,36,0,66,5519,4066,4,1449
2000,"ALAMEDA",6001,4074,2904,29,0,1141,182,88,28,0,66,3892,2816,1,1075
2001,"ALAMEDA",6001,4409,3065,81,0,1263,256,118,80,0,58,4153,2947,1,1205
2002,"ALAMEDA",6001,4787,3349,39,0,1398,209,126,36,0,46,4578,3223,3,1352
2003,"ALAMEDA",6001,4641,3215,56,0,1370,172,77,50,0,45,4469,3138,6,1325
1991,"ALPINE",6003,3,2,0,0,1,0,0,0,0,0,3,2,0,1
1992,"ALPINE",6003,3,0,2,0,1,1,0,1,0,0,2,0,1,1
1993,"ALPINE",6003,3,3,0,0,0,1,1,0,0,0,2,2,0,0
1994,"ALPINE",6003,3,1,1,0,1,1,0,1,0,0,2,1,0,1
1995,"ALPINE",6003,1,1,0,0,0,0,0,0,0,0,1,1,0,0
1996,"ALPINE",6003,1,0,0,0,1,0,0,0,0,0,1,0,0,1
1997,"ALPINE",6003,2,1,0,0,1,0,0,0,0,0,2,1,0,1
1998,"ALPINE",6003,5,4,0,0,1,0,0,0,0,0,5,4,0,1
1999,"ALPINE",6003,0,0,0,0,0,0,0,0,0,0,0,0,0,0
2000,"ALPINE",6003,6,6,0,0,0,0,0,0,0,0,6,6,0,0
2001,"ALPINE",6003,2,2,0,0,0,0,0,0,0,0,2,2,0,0
2002,"ALPINE",6003,4,4,0,0,0,0,0,0,0,0,4,4,0,0
2003,"ALPINE",6003,3,2,0,0,1,0,0,0,0,0,3,2,0,1
1990,"AMADOR",6005,49,39,1,0,9,8,6,0,0,2,41,33,1,7
1991,"AMADOR",6005,66,53,1,0,12,8,5,1,0,2,58,48,0,10
1992,"AMADOR",6005,95,69,7,0,19,22,9,6,0,7,73,60,1,12
1993,"AMADOR",6005,107,87,2,0,18,15,11,2,0,2,92,76,0,16
1994,"AMADOR",6005,73,57,4,0,12,10,5,3,0,2,63,52,1,10
1995,"AMADOR",6005,116,90,3,0,23,25,12,2,0,11,91,78,1,12
1996,"AMADOR",6005,140,120,2,0,18,16,13,2,0,1,124,107,0,17
1997,"AMADOR",6005,168,144,1,0,23,13,7,1,0,5,155,137,0,18
1998,"AMADOR",6005,191,162,1,0,28,13,9,1,0,3,178,153,0,25
1999,"AMADOR",6005,166,141,1,0,24,15,13,1,0,1,151,128,0,23
2000,"AMADOR",6005,129,103,1,0,25,8,4,1,0,3,121,99,0,22
2001,"AMADOR",6005,153,130,0,0,23,6,6,0,0,0,147,124,0,23
2002,"AMADOR",6005,161,137,1,0,23,10,6,1,0,3,151,131,0,20
2003,"AMADOR",6005,167,144,2,0,21,6,3,2,0,1,161,141,0,20
1990,"BUTTE",6007,434,396,9,0,29,54,36,9,0,9,380,360,0,20
1991,"BUTTE",6007,550,505,16,2,27,74,48,14,2,10,476,457,2,17
1992,"BUTTE",6007,572,533,4,1,34,82,72,3,1,6,490,461,1,28
1993,"BUTTE",6007,511,475,10,0,26,71,51,10,0,10,440,424,0,16
1994,"BUTTE",6007,492,446,2,1,43,63,48,2,1,12,429,398,0,31
1995,"BUTTE",6007,627,563,6,1,57,83,54,5,1,23,544,509,1,34
1996,"BUTTE",6007,846,799,1,1,45,71,57,1,1,12,775,742,0,33
1997,"BUTTE",6007,1043,978,2,0,63,85,64,2,0,19,958,914,0,44
1998,"BUTTE",6007,1035,964,2,0,69,60,43,2,0,15,975,921,0,54
1999,"BUTTE",6007,983,917,0,3,63,40,26,0,3,11,943,891,0,52
2000,"BUTTE",6007,868,821,2,0,45,27,18,2,0,7,841,803,0,38
2001,"BUTTE",6007,965,908,2,0,55,43,33,2,0,8,922,875,0,47
2002,"BUTTE",6007,861,812,1,2,46,35,25,1,2,7,826,787,0,39
2003,"BUTTE",6007,870,816,0,1,53,30,21,0,1,8,840,795,0,45
1990,"CALAVERAS",6009,47,32,2,0,13,9,6,2,0,1,38,26,0,12
1991,"CALAVERAS",6009,97,63,4,0,30,19,9,4,0,6,78,54,0,24
1992,"CALAVERAS",6009,129,85,6,0,38,29,11,6,0,12,100,74,0,26
1993,"CALAVERAS",6009,136,81,5,0,50,27,12,5,0,10,109,69,0,40
1994,"CALAVERAS",6009,126,89,5,0,32,32,21,4,0,7,94,68,1,25
1995,"CALAVERAS",6009,153,102,1,0,50,29,15,1,0,13,124,87,0,37
1996,"CALAVERAS",6009,194,158,1,0,35,20,9,1,0,10,174,149,0,25
1997,"CALAVERAS",6009,221,191,0,0,30,22,16,0,0,6,199,175,0,24
1998,"CALAVERAS",6009,254,217,0,0,37,15,9,0,0,6,239,208,0,31
1999,"CALAVERAS",6009,189,157,1,0,31,6,4,0,0,2,183,153,1,29
2000,"CALAVERAS",6009,168,137,1,0,30,7,5,1,0,1,161,132,0,29
2001,"CALAVERAS",6009,191,158,1,0,32,7,3,1,0,3,184,155,0,29
2002,"CALAVERAS",6009,205,164,4,0,37,14,8,4,0,2,191,156,0,35
2003,"CALAVERAS",6009,172,133,1,0,38,4,3,1,0,0,168,130,0,38
1990,"COLUSA",6011,34,22,2,0,10,6,4,2,0,0,28,18,0,10
1991,"COLUSA",6011,33,28,1,1,3,2,0,1,1,0,31,28,0,3
1992,"COLUSA",6011,45,34,1,3,7,7,2,1,3,1,38,32,0,6
1993,"COLUSA",6011,39,30,0,4,5,8,3,0,4,1,31,27,0,4
1994,"COLUSA",6011,41,36,0,0,5,8,7,0,0,1,33,29,0,4
1995,"COLUSA",6011,37,29,0,0,8,3,2,0,0,1,34,27,0,7
1996,"COLUSA",6011,42,38,0,0,4,1,0,0,0,1,41,38,0,3
1997,"COLUSA",6011,80,72,0,0,8,4,2,0,0,2,76,70,0,6
1998,"COLUSA",6011,80,65,1,0,14,6,3,1,0,2,74,62,0,12
1999,"COLUSA",6011,73,55,3,0,15,7,0,3,0,4,66,55,0,11
2000,"COLUSA",6011,70,60,0,0,10,3,1,0,0,2,67,59,0,8
2001,"COLUSA",6011,55,49,0,0,6,3,3,0,0,0,52,46,0,6
2002,"COLUSA",6011,57,49,0,0,8,2,2,0,0,0,55,47,0,8
2003,"COLUSA",6011,64,55,0,0,9,2,0,0,0,2,62,55,0,7
1990,"CONTRA COSTA",6013,2422,1659,80,1,682,241,109,60,1,71,2181,1550,20,611
1991,"CONTRA COSTA",6013,3092,2309,100,0,682,280,142,70,0,67,2812,2167,30,615
1992,"CONTRA COSTA",6013,3705,2751,115,0,839,346,163,87,0,96,3359,2588,28,743
1993,"CONTRA COSTA",6013,3615,2697,97,0,821,323,157,69,0,97,3292,2540,28,724
1994,"CONTRA COSTA",6013,3431,2556,67,0,807,353,206,53,0,93,3078,2350,14,714
1995,"CONTRA COSTA",6013,3726,2694,38,3,991,408,208,34,3,163,3318,2486,4,828
1996,"CONTRA COSTA",6013,4668,3447,30,0,1190,340,177,27,0,135,4328,3270,3,1055
1997,"CONTRA COSTA",6013,5477,3985,36,0,1456,357,188,28,0,141,5120,3797,8,1315
1998,"CONTRA COSTA",6013,5366,3939,25,0,1402,224,106,23,0,95,5142,3833,2,1307
1999,"CONTRA COSTA",6013,4271,3014,19,0,1238,113,63,17,0,33,4158,2951,2,1205
2000,"CONTRA COSTA",6013,3105,2095,14,0,996,134,72,10,0,52,2971,2023,4,944
2001,"CONTRA COSTA",6013,2491,1723,9,0,759,109,64,6,0,39,2382,1659,3,720
2002,"CONTRA COSTA",6013,2285,1525,13,0,747,93,50,12,0,31,2192,1475,1,716
2003,"CONTRA COSTA",6013,2944,1971,17,0,956,95,48,14,0,33,2849,1923,3,923
1990,"DEL NORTE",6015,39,27,1,0,11,7,2,1,0,4,32,25,0,7
1991,"DEL NORTE",6015,50,32,1,0,17,7,2,1,0,4,43,30,0,13
1992,"DEL NORTE",6015,67,54,0,0,13,6,4,0,0,2,61,50,0,11
1993,"DEL NORTE",6015,55,52,2,0,1,4,2,2,0,0,51,50,0,1
1994,"DEL NORTE",6015,57,44,2,0,11,4,0,1,0,3,53,44,1,8
1995,"DEL NORTE",6015,47,32,1,0,14,0,0,0,0,0,47,32,1,14
1996,"DEL NORTE",6015,106,91,1,0,14,2,1,1,0,0,104,90,0,14
1997,"DEL NORTE",6015,112,101,0,0,11,0,0,0,0,0,112,101,0,11
1998,"DEL NORTE",6015,119,109,0,0,10,3,3,0,0,0,116,106,0,10
1999,"DEL NORTE",6015,85,74,0,0,11,1,1,0,0,0,84,73,0,11
2000,"DEL NORTE",6015,76,72,1,0,3,4,3,1,0,0,72,69,0,3
2001,"DEL NORTE",6015,79,75,0,0,4,2,2,0,0,0,77,73,0,4
2002,"DEL NORTE",6015,85,80,0,0,5,2,0,0,0,2,83,80,0,3
2003,"DEL NORTE",6015,94,93,0,0,1,3,3,0,0,0,91,90,0,1
1990,"EL DORADO",6017,341,278,12,0,51,57,34,8,0,15,284,244,4,36
1991,"EL DORADO",6017,443,338,24,0,81,83,46,19,0,18,360,292,5,63
1992,"EL DORADO",6017,608,500,17,1,90,143,104,14,1,24,465,396,3,66
1993,"EL DORADO",6017,559,449,15,0,95,83,55,15,0,13,476,394,0,82
1994,"EL DORADO",6017,597,485,13,1,98,82,53,12,1,16,515,432,1,82
1995,"EL DORADO",6017,624,473,13,2,136,114,71,12,2,29,510,402,1,107
1996,"EL DORADO",6017,774,639,12,1,122,117,68,12,1,36,657,571,0,86
1997,"EL DORADO",6017,950,815,12,0,123,111,80,9,0,22,839,735,3,101
1998,"EL DORADO",6017,960,811,3,0,146,105,74,3,0,28,855,737,0,118
1999,"EL DORADO",6017,755,665,5,0,85,45,35,5,0,5,710,630,0,80
2000,"EL DORADO",6017,663,570,5,0,88,34,26,5,0,3,629,544,0,85
2001,"EL DORADO",6017,656,561,10,0,85,35,17,9,0,9,621,544,1,76
2002,"EL DORADO",6017,622,536,1,0,85,40,29,1,0,10,582,507,0,75
2003,"EL DORADO",6017,639,548,1,0,90,42,38,0,0,4,597,510,1,86
1990,"FRESNO",6019,2201,1632,48,5,516,133,61,41,5,26,2068,1571,7,490
1991,"FRESNO",6019,2491,1967,60,7,457,185,81,52,7,45,2306,1886,8,412
1992,"FRESNO",6019,2586,2071,44,8,463,276,150,44,8,74,2310,1921,0,389
1993,"FRESNO",6019,2334,1819,52,13,450,293,132,50,13,98,2041,1687,2,352
1994,"FRESNO",6019,2034,1551,41,10,432,249,122,37,10,80,1785,1429,4,352
1995,"FRESNO",6019,2303,1786,25,5,487,318,200,22,5,91,1985,1586,3,396
1996,"FRESNO",6019,2973,2481,34,13,445,332,205,31,13,83,2641,2276,3,362
1997,"FRESNO",6019,3577,3130,21,4,420,345,235,20,4,84,3232,2895,1,336
1998,"FRESNO",6019,4162,3714,16,7,425,289,215,11,7,56,3873,3499,5,369
1999,"FRESNO",6019,3822,3386,15,6,415,140,108,14,6,12,3682,3278,1,403
2000,"FRESNO",6019,3359,2976,19,4,360,176,133,14,4,25,3183,2843,5,335
2001,"FRESNO",6019,3990,3557,27,10,396,248,166,26,10,46,3742,3391,1,350
2002,"FRESNO",6019,3718,3259,15,13,431,190,114,15,13,48,3528,3145,0,383
2003,"FRESNO",6019,3683,3197,17,13,455,186,115,15,13,42,3497,3082,2,413
1990,"GLENN",6021,40,38,0,0,2,6,5,0,0,1,34,33,0,1
1991,"GLENN",6021,64,52,6,0,6,10,2,6,0,2,54,50,0,4
1992,"GLENN",6021,68,64,0,1,3,9,8,0,1,0,59,56,0,3
1993,"GLENN",6021,60,52,0,0,8,7,3,0,0,4,53,49,0,4
1994,"GLENN",6021,64,51,1,0,12,5,1,1,0,3,59,50,0,9
1995,"GLENN",6021,57,51,0,0,6,10,6,0,0,4,47,45,0,2
1996,"GLENN",6021,75,71,0,0,4,1,0,0,0,1,74,71,0,3
1997,"GLENN",6021,97,93,0,0,4,3,2,0,0,1,94,91,0,3
1998,"GLENN",6021,85,79,0,0,6,6,4,0,0,2,79,75,0,4
1999,"GLENN",6021,106,99,0,0,7,3,3,0,0,0,103,96,0,7
2000,"GLENN",6021,81,73,0,0,8,4,2,0,0,2,77,71,0,6
2001,"GLENN",6021,105,99,0,0,6,5,4,0,0,1,100,95,0,5
2002,"GLENN",6021,108,100,0,0,8,5,3,0,0,2,103,97,0,6
2003,"GLENN",6021,106,93,0,0,13,2,1,0,0,1,104,92,0,12
1990,"HUMBOLDT",6023,293,239,8,0,46,32,18,5,0,9,261,221,3,37
1991,"HUMBOLDT",6023,272,245,8,0,19,46,31,7,0,8,226,214,1,11
1992,"HUMBOLDT",6023,321,274,16,0,31,49,25,13,0,11,272,249,3,20
1993,"HUMBOLDT",6023,298,253,5,0,40,19,11,3,0,5,279,242,2,35
1994,"HUMBOLDT",6023,307,270,7,0,30,13,5,6,0,2,294,265,1,28
1995,"HUMBOLDT",6023,374,322,10,0,42,7,0,7,0,0,367,322,3,42
1996,"HUMBOLDT",6023,538,484,2,1,51,8,5,1,1,1,530,479,1,50
1997,"HUMBOLDT",6023,569,501,5,0,63,13,8,4,0,1,556,493,1,62
1998,"HUMBOLDT",6023,646,554,5,0,87,3,1,1,0,1,643,553,4,86
1999,"HUMBOLDT",6023,546,485,4,0,57,18,7,4,0,6,529,478,0,51
2000,"HUMBOLDT",6023,450,420,2,0,28,7,5,2,0,0,443,415,0,28
2001,"HUMBOLDT",6023,521,478,3,0,40,14,9,3,0,2,507,469,0,38
2002,"HUMBOLDT",6023,466,424,4,0,38,17,10,3,0,4,449,414,1,34
2003,"HUMBOLDT",6023,443,418,0,0,25,6,5,0,0,1,437,413,0,24
1990,"IMPERIAL",6025,197,173,4,2,18,18,11,4,2,1,179,162,0,17
1991,"IMPERIAL",6025,249,214,5,1,29,8,2,4,1,1,241,212,1,28
1992,"IMPERIAL",6025,284,249,5,1,29,5,2,2,1,0,279,247,3,29
1993,"IMPERIAL",6025,249,219,1,1,28,4,3,0,1,0,245,216,1,28
1994,"IMPERIAL",6025,290,248,6,0,36,5,3,2,0,0,285,245,4,36
1995,"IMPERIAL",6025,325,263,5,0,55,11,4,5,0,0,314,259,0,55
1996,"IMPERIAL",6025,425,367,6,1,51,7,1,5,1,0,418,366,1,51
1997,"IMPERIAL",6025,608,540,3,0,65,6,4,1,0,1,602,536,2,64
1998,"IMPERIAL",6025,718,647,5,0,66,7,1,5,0,1,711,646,0,65
1999,"IMPERIAL",6025,518,469,2,0,47,6,4,2,0,0,512,465,0,47
2000,"IMPERIAL",6025,468,413,5,0,50,5,0,4,0,1,463,413,1,49
2001,"IMPERIAL",6025,574,521,0,0,53,1,1,0,0,0,573,520,0,53
2002,"IMPERIAL",6025,560,521,1,0,38,7,5,1,0,1,553,516,0,37
2003,"IMPERIAL",6025,478,409,5,0,64,7,2,5,0,0,471,407,0,64
1990,"INYO",6027,45,40,1,1,3,4,1,1,1,1,41,39,0,2
1991,"INYO",6027,51,49,0,0,2,8,7,0,0,1,43,42,0,1
1992,"INYO",6027,39,36,1,0,2,5,3,1,0,1,34,33,0,1
1993,"INYO",6027,40,36,1,0,3,5,3,1,0,1,35,33,0,2
1994,"INYO",6027,47,44,0,0,3,2,2,0,0,0,45,42,0,3
1995,"INYO",6027,43,42,0,0,1,3,3,0,0,0,40,39,0,1
1996,"INYO",6027,54,52,0,0,2,1,1,0,0,0,53,51,0,2
1997,"INYO",6027,61,60,0,0,1,5,5,0,0,0,56,55,0,1
1998,"INYO",6027,60,59,0,0,1,1,1,0,0,0,59,58,0,1
1999,"INYO",6027,62,62,0,0,0,4,3,0,0,0,59,59,0,0
2000,"INYO",6027,43,43,0,0,0,2,2,0,0,0,41,41,0,0
2001,"INYO",6027,56,55,0,0,1,4,4,0,0,0,52,51,0,1
2002,"INYO",6027,50,49,0,0,1,2,1,0,0,1,48,48,0,0
2003,"INYO",6027,54,51,0,0,3,3,1,0,0,2,51,50,0,1
1990,"KERN",6029,2412,2041,39,10,322,159,70,32,10,47,2253,1971,7,275
1991,"KERN",6029,2511,2170,35,16,290,185,92,33,16,44,2326,2078,2,246
1992,"KERN",6029,2479,2148,39,8,284,216,114,37,8,57,2263,2034,2,227
1993,"KERN",6029,2688,2296,39,12,341,268,152,33,12,71,2420,2144,6,270
1994,"KERN",6029,2444,2090,17,6,331,200,137,16,6,41,2244,1953,1,290
1995,"KERN",6029,2616,2222,17,10,367,201,134,17,10,40,2415,2088,0,327
1996,"KERN",6029,3097,2732,11,13,341,170,118,11,13,28,2927,2614,0,313
1997,"KERN",6029,3754,3310,19,6,419,255,181,19,6,49,3499,3129,0,370
1998,"KERN",6029,3941,3557,11,9,364,174,127,11,9,27,3767,3430,0,337
1999,"KERN",6029,3915,3504,10,3,398,96,68,8,3,17,3819,3436,2,381
2000,"KERN",6029,3418,3024,15,3,376,124,81,14,3,26,3294,2943,1,350
2001,"KERN",6029,4149,3621,15,2,511,157,112,12,2,31,3992,3509,3,480
2002,"KERN",6029,4406,3858,18,2,528,185,126,13,2,44,4221,3732,5,484
2003,"KERN",6029,4146,3552,12,2,580,147,94,9,2,42,3999,3458,3,538
1990,"KINGS",6031,265,215,3,1,46,13,6,2,1,4,252,209,1,42
1991,"KINGS",6031,361,289,4,4,64,13,6,3,4,0,348,283,1,64
1992,"KINGS",6031,366,306,4,0,56,31,23,4,0,4,335,283,0,52
1993,"KINGS",6031,307,245,5,3,53,37,12,5,3,16,270,233,0,37
1994,"KINGS",6031,283,237,4,3,39,32,17,4,3,8,251,220,0,31
1995,"KINGS",6031,317,254,6,1,56,35,18,6,1,10,282,236,0,46
1996,"KINGS",6031,424,380,0,1,42,30,20,0,1,8,394,360,0,34
1997,"KINGS",6031,455,396,2,3,54,30,19,2,3,6,425,377,0,48
1998,"KINGS",6031,679,623,1,0,55,27,20,1,0,6,652,603,0,49
1999,"KINGS",6031,553,516,2,0,35,13,9,2,0,2,540,507,0,33
2000,"KINGS",6031,525,489,0,1,35,18,15,0,1,2,507,474,0,33
2001,"KINGS",6031,557,508,0,1,48,17,14,0,1,2,540,494,0,46
2002,"KINGS",6031,591,545,1,3,42,17,10,1,3,3,574,535,0,39
2003,"KINGS",6031,631,570,2,0,59,17,11,2,0,4,614,559,0,55
1990,"LAKE",6033,122,107,5,0,10,16,9,5,0,2,106,98,0,8
1991,"LAKE",6033,149,124,3,2,20,27,20,3,2,2,122,104,0,18
1992,"LAKE",6033,219,173,2,1,43,31,19,2,1,9,188,154,0,34
1993,"LAKE",6033,195,167,3,0,25,21,10,3,0,8,174,157,0,17
1994,"LAKE",6033,208,183,2,1,22,10,5,1,1,3,198,178,1,19
1995,"LAKE",6033,198,162,1,1,34,6,3,1,1,1,192,159,0,33
1996,"LAKE",6033,288,249,0,1,38,2,1,0,1,0,286,248,0,38
1997,"LAKE",6033,338,291,3,0,44,4,2,2,0,0,334,289,1,44
1998,"LAKE",6033,329,286,1,0,42,4,2,1,0,1,325,284,0,41
1999,"LAKE",6033,312,260,2,0,50,13,7,2,0,4,299,253,0,46
2000,"LAKE",6033,259,216,3,0,40,12,6,3,0,3,247,210,0,37
2001,"LAKE",6033,254,231,2,0,21,6,4,1,0,1,248,227,1,20
2002,"LAKE",6033,226,197,2,0,27,8,4,2,0,2,218,193,0,25
2003,"LAKE",6033,249,216,1,0,32,10,5,1,0,4,239,211,0,28
1990,"LASSEN",6035,44,40,1,0,3,4,2,1,0,1,40,38,0,2
1991,"LASSEN",6035,51,46,0,0,5,6,5,0,0,1,45,41,0,4
1992,"LASSEN",6035,51,41,4,0,6,10,4,4,0,2,41,37,0,4
1993,"LASSEN",6035,42,33,0,0,9,6,2,0,0,4,36,31,0,5
1994,"LASSEN",6035,49,40,0,1,8,5,4,0,1,0,44,36,0,8
1995,"LASSEN",6035,78,65,0,0,13,1,1,0,0,0,77,64,0,13
1996,"LASSEN",6035,109,86,1,2,20,9,2,1,2,4,100,84,0,16
1997,"LASSEN",6035,123,114,0,0,9,10,7,0,0,3,113,107,0,6
1998,"LASSEN",6035,161,151,1,0,9,4,3,0,0,1,157,148,1,8
1999,"LASSEN",6035,145,140,0,0,5,4,4,0,0,0,141,136,0,5
2000,"LASSEN",6035,91,75,0,0,16,3,1,0,0,2,88,74,0,14
2001,"LASSEN",6035,117,105,2,1,9,5,1,2,1,1,112,104,0,8
2002,"LASSEN",6035,101,94,0,0,7,1,1,0,0,0,100,93,0,7
2003,"LASSEN",6035,98,83,1,1,13,4,2,1,1,0,94,81,0,13
1990,"LOS ANGELES",6037,36006,29730,948,0,5328,1213,566,606,0,41,34793,29164,342,5287
1991,"LOS ANGELES",6037,46638,38572,1462,5,6599,3621,2281,1044,5,291,43017,36291,418,6308
1992,"LOS ANGELES",6037,54746,44879,1755,1,8111,3163,1814,1139,1,209,51583,43065,616,7902
1993,"LOS ANGELES",6037,53604,42899,1673,1,9031,3541,2277,1204,1,59,50063,40622,469,8972
1994,"LOS ANGELES",6037,46851,36592,1214,5,9040,3088,2118,916,5,49,43763,34474,298,8991
1995,"LOS ANGELES",6037,44903,34923,967,1,9012,3082,1826,809,1,446,41821,33097,158,8566
1996,"LOS ANGELES",6037,58013,45636,698,2,11676,2876,1755,607,2,511,55137,43881,91,11165
1997,"LOS ANGELES",6037,66993,53013,632,0,13346,2811,1743,531,0,535,64182,51270,101,12811
1998,"LOS ANGELES",6037,70357,55874,401,1,14078,2190,1387,342,1,457,68167,54487,59,13621
1999,"LOS ANGELES",6037,62232,48298,292,0,13642,1451,1031,252,0,168,60781,47267,40,13474
2000,"LOS ANGELES",6037,47741,36932,303,0,10506,1291,906,259,0,126,46450,36026,44,10380
2001,"LOS ANGELES",6037,50796,41367,368,0,9057,1443,997,335,0,107,49353,40370,33,8950
2002,"LOS ANGELES",6037,47967,39560,250,2,8149,1266,929,217,2,112,46701,38631,33,8037
2003,"LOS ANGELES",6037,43045,37044,198,0,5794,1062,790,171,0,92,41983,36254,27,5702
1990,"MADERA",6039,224,167,8,4,45,18,7,6,4,1,206,160,2,44
1991,"MADERA",6039,287,217,8,3,59,34,15,7,3,9,253,202,1,50
1992,"MADERA",6039,376,295,5,2,74,41,23,4,2,12,335,272,1,62
1993,"MADERA",6039,334,246,8,4,76,48,21,8,4,15,286,225,0,61
1994,"MADERA",6039,314,233,2,0,79,37,22,2,0,13,277,211,0,66
1995,"MADERA",6039,316,265,4,2,45,44,30,4,2,8,272,235,0,37
1996,"MADERA",6039,427,355,2,1,69,58,35,1,1,21,369,320,1,48
1997,"MADERA",6039,507,451,3,5,48,57,37,3,5,12,450,414,0,36
1998,"MADERA",6039,567,521,4,1,41,51,41,4,1,5,516,480,0,36
1999,"MADERA",6039,539,476,4,2,57,23,14,4,2,3,516,462,0,54
2000,"MADERA",6039,485,445,1,0,38,29,22,1,0,5,456,423,0,33
2001,"MADERA",6039,516,468,3,1,44,36,30,2,1,3,480,438,1,41
2002,"MADERA",6039,537,477,1,5,54,38,22,1,5,10,499,455,0,44
2003,"MADERA",6039,500,432,1,6,61,37,21,1,6,9,463,411,0,52
1990,"MARIN",6041,537,429,37,0,70,101,60,32,0,9,436,369,5,62
1991,"MARIN",6041,617,488,43,0,86,120,67,29,0,24,497,421,14,62
1992,"MARIN",6041,675,551,43,0,81,101,58,31,0,12,574,493,12,69
1993,"MARIN",6041,662,515,46,0,101,78,45,20,0,13,584,470,26,88
1994,"MARIN",6041,589,483,29,0,77,62,40,17,0,5,527,443,12,72
1995,"MARIN",6041,575,476,20,0,79,25,12,12,0,1,550,464,8,78
1996,"MARIN",6041,824,694,20,0,110,35,19,13,0,3,789,675,7,107
1997,"MARIN",6041,885,725,13,0,147,23,15,7,0,1,862,710,6,146
1998,"MARIN",6041,897,774,12,0,111,24,14,8,0,2,873,760,4,109
1999,"MARIN",6041,652,578,12,0,62,45,28,10,0,7,607,550,2,55
2000,"MARIN",6041,469,403,2,0,64,34,24,2,0,8,435,379,0,56
2001,"MARIN",6041,524,471,10,0,43,30,19,7,0,4,494,452,3,39
2002,"MARIN",6041,547,486,8,0,53,48,35,6,0,7,499,451,2,46
2003,"MARIN",6041,493,428,3,0,62,34,24,2,0,8,459,404,1,54
1990,"MARIPOSA",6043,24,16,0,0,8,4,1,0,0,3,20,15,0,5
1991,"MARIPOSA",6043,37,24,0,0,13,9,7,0,0,2,28,17,0,11
1992,"MARIPOSA",6043,63,43,0,0,20,13,6,0,0,7,50,37,0,13
1993,"MARIPOSA",6043,42,25,0,0,17,7,3,0,0,4,35,22,0,13
1994,"MARIPOSA",6043,41,25,1,0,15,8,5,1,0,2,33,20,0,13
1995,"MARIPOSA",6043,48,35,1,0,12,9,4,1,0,4,39,31,0,8
1996,"MARIPOSA",6043,63,56,0,0,7,8,6,0,0,2,55,50,0,5
1997,"MARIPOSA",6043,74,67,1,0,6,7,5,1,0,1,67,62,0,5
1998,"MARIPOSA",6043,86,83,0,0,3,10,7,0,0,3,76,76,0,0
1999,"MARIPOSA",6043,74,72,0,0,2,1,1,0,0,0,73,71,0,2
2000,"MARIPOSA",6043,61,56,0,0,5,0,0,0,0,0,61,56,0,5
2001,"MARIPOSA",6043,65,62,1,0,2,4,3,1,0,0,61,59,0,2
2002,"MARIPOSA",6043,60,57,0,0,3,5,4,0,0,1,55,53,0,2
2003,"MARIPOSA",6043,65,61,0,0,4,2,2,0,0,0,63,59,0,4
1990,"MENDOCINO",6045,159,134,7,0,18,27,13,4,0,10,132,121,3,8
1991,"MENDOCINO",6045,219,196,6,0,17,40,30,6,0,4,179,166,0,13
1992,"MENDOCINO",6045,213,181,6,0,26,26,13,5,0,8,187,168,1,18
1993,"MENDOCINO",6045,221,184,6,0,31,23,13,6,0,4,198,171,0,27
1994,"MENDOCINO",6045,198,169,2,0,27,6,3,2,0,1,192,166,0,26
1995,"MENDOCINO",6045,221,182,1,0,38,5,4,1,0,0,216,178,0,38
1996,"MENDOCINO",6045,294,260,2,0,32,4,2,2,0,0,290,258,0,32
1997,"MENDOCINO",6045,340,304,8,0,28,11,4,7,0,0,329,300,1,28
1998,"MENDOCINO",6045,344,319,1,0,24,2,0,1,0,1,342,319,0,23
1999,"MENDOCINO",6045,311,289,2,0,20,7,4,1,0,2,304,285,1,18
2000,"MENDOCINO",6045,258,234,0,0,24,8,5,0,0,3,250,229,0,21
2001,"MENDOCINO",6045,259,240,1,0,18,7,4,1,0,2,252,236,0,16
2002,"MENDOCINO",6045,235,219,1,0,15,10,7,1,0,2,225,212,0,13
2003,"MENDOCINO",6045,249,227,0,1,21,11,7,0,1,3,238,220,0,18
1990,"MERCED",6047,427,325,5,1,96,40,22,5,1,12,387,303,0,84
1991,"MERCED",6047,618,429,8,2,179,75,37,8,2,28,543,392,0,151
1992,"MERCED",6047,722,427,21,4,270,85,29,20,4,32,637,398,1,238
1993,"MERCED",6047,577,342,14,3,218,77,39,14,3,21,500,303,0,197
1994,"MERCED",6047,566,337,10,4,215,78,32,10,4,32,488,305,0,183
1995,"MERCED",6047,455,355,4,1,95,52,32,4,1,15,403,323,0,80
1996,"MERCED",6047,667,569,8,1,89,78,48,7,1,22,589,521,1,67
1997,"MERCED",6047,821,741,3,1,76,54,39,3,1,11,767,702,0,65
1998,"MERCED",6047,996,899,1,2,94,60,40,1,2,17,936,859,0,77
1999,"MERCED",6047,982,891,1,1,89,21,16,1,1,3,961,875,0,86
2000,"MERCED",6047,819,725,2,2,90,41,29,2,2,8,778,696,0,82
2001,"MERCED",6047,859,781,3,2,73,38,25,3,2,8,821,756,0,65
2002,"MERCED",6047,754,668,2,2,82,35,23,2,2,8,719,645,0,74
2003,"MERCED",6047,777,668,1,0,108,25,18,1,0,6,752,650,0,102
1990,"MODOC",6049,20,16,2,1,1,3,1,1,1,0,17,15,1,1
1991,"MODOC",6049,27,23,0,1,3,5,3,0,1,1,22,20,0,2
1992,"MODOC",6049,26,20,1,0,5,3,1,0,0,2,23,19,1,3
1993,"MODOC",6049,23,21,0,0,2,6,5,0,0,1,17,16,0,1
1994,"MODOC",6049,18,15,0,0,3,1,1,0,0,0,17,14,0,3
1995,"MODOC",6049,24,24,0,0,0,4,4,0,0,0,20,20,0,0
1996,"MODOC",6049,19,17,0,0,2,2,1,0,0,1,17,16,0,1
1997,"MODOC",6049,34,33,0,0,1,6,5,0,0,1,28,28,0,0
1998,"MODOC",6049,29,28,0,0,1,2,2,0,0,0,27,26,0,1
1999,"MODOC",6049,31,27,0,0,4,1,1,0,0,0,30,26,0,4
2000,"MODOC",6049,24,21,0,0,3,2,0,0,0,2,22,21,0,1
2001,"MODOC",6049,32,29,0,0,3,0,0,0,0,0,32,29,0,3
2002,"MODOC",6049,29,25,0,1,3,2,0,0,1,1,27,25,0,2
2003,"MODOC",6049,33,28,1,0,4,2,1,0,0,1,31,27,1,3
1990,"MONO",6051,19,18,1,0,0,3,3,0,0,0,16,15,1,0
1991,"MONO",6051,34,29,1,0,4,6,3,1,0,2,28,26,0,2
1992,"MONO",6051,24,21,2,0,1,6,3,2,0,1,18,18,0,0
1993,"MONO",6051,26,25,1,0,0,5,4,1,0,0,21,21,0,0
1994,"MONO",6051,24,24,0,0,0,2,2,0,0,0,22,22,0,0
1995,"MONO",6051,26,26,0,0,0,4,4,0,0,0,22,22,0,0
1996,"MONO",6051,21,18,1,0,2,1,0,1,0,0,20,18,0,2
1997,"MONO",6051,43,38,0,0,5,6,5,0,0,1,37,33,0,4
1998,"MONO",6051,35,34,1,0,0,4,3,1,0,0,31,31,0,0
1999,"MONO",6051,22,21,0,0,1,2,2,0,0,0,20,19,0,1
2000,"MONO",6051,20,20,0,0,0,1,1,0,0,0,19,19,0,0
2001,"MONO",6051,22,21,0,0,1,0,0,0,0,0,22,21,0,1
2002,"MONO",6051,19,19,0,0,0,0,0,0,0,0,19,19,0,0
2003,"MONO",6051,25,23,0,0,2,1,1,0,0,0,24,22,0,2
1990,"MONTEREY",6053,1244,590,25,0,629,151,85,22,0,44,1093,505,3,585
1991,"MONTEREY",6053,1412,664,26,0,722,147,78,19,0,50,1265,586,7,672
1992,"MONTEREY",6053,1551,703,54,1,793,153,51,40,1,61,1398,652,14,732
1993,"MONTEREY",6053,1457,694,55,5,703,266,113,39,5,109,1191,581,16,594
1994,"MONTEREY",6053,1455,662,34,1,758,230,89,26,1,114,1225,573,8,644
1995,"MONTEREY",6053,1720,829,18,3,870,235,80,16,3,136,1485,749,2,734
1996,"MONTEREY",6053,2111,1005,16,1,1089,235,76,15,1,143,1876,929,1,946
1997,"MONTEREY",6053,2621,1171,11,1,1438,272,98,9,1,164,2349,1073,2,1274
1998,"MONTEREY",6053,2588,1131,4,0,1453,216,73,3,0,140,2372,1058,1,1313
1999,"MONTEREY",6053,2198,907,13,1,1277,142,44,13,1,84,2056,863,0,1193
2000,"MONTEREY",6053,1825,697,1,1,1126,86,32,1,1,52,1739,665,0,1074
2001,"MONTEREY",6053,1753,621,10,2,1119,80,27,8,2,42,1673,594,2,1077
2002,"MONTEREY",6053,1746,690,10,0,1046,99,45,9,0,45,1647,645,1,1001
2003,"MONTEREY",6053,1794,800,6,1,987,75,40,3,1,31,1719,760,3,956
1990,"NAPA",6055,257,207,13,0,37,48,25,10,0,13,209,182,3,24
1991,"NAPA",6055,312,250,14,0,48,55,37,10,0,8,257,213,4,40
1992,"NAPA",6055,330,257,21,0,52,49,25,15,0,9,281,232,6,43
1993,"NAPA",6055,326,255,13,3,55,46,20,9,3,14,280,235,4,41
1994,"NAPA",6055,313,250,9,1,53,20,9,7,1,3,293,241,2,50
1995,"NAPA",6055,313,256,1,0,56,8,6,0,0,2,305,250,1,54
1996,"NAPA",6055,441,376,8,0,57,13,9,4,0,0,428,367,4,57
1997,"NAPA",6055,485,396,9,0,80,13,6,6,0,1,472,390,3,79
1998,"NAPA",6055,454,391,2,0,61,5,3,1,0,1,449,388,1,60
1999,"NAPA",6055,316,275,4,0,37,18,9,3,0,6,298,266,1,31
2000,"NAPA",6055,290,261,1,0,28,18,12,1,0,5,272,249,0,23
2001,"NAPA",6055,271,233,4,0,34,11,8,3,0,0,260,225,1,34
2002,"NAPA",6055,268,229,2,0,37,13,9,1,0,3,255,220,1,34
2003,"NAPA",6055,245,215,7,0,23,13,8,5,0,0,232,207,2,23
1990,"NEVADA",6057,202,177,10,0,15,29,20,8,0,1,173,157,2,14
1991,"NEVADA",6057,275,245,9,0,21,31,24,5,0,2,244,221,4,19
1992,"NEVADA",6057,320,281,6,0,33,58,46,4,0,8,262,235,2,25
1993,"NEVADA",6057,282,249,8,0,25,44,32,8,0,4,238,217,0,21
1994,"NEVADA",6057,303,266,5,0,32,46,33,3,0,10,257,233,2,22
1995,"NEVADA",6057,383,338,4,0,41,51,36,4,0,11,332,302,0,30
1996,"NEVADA",6057,489,428,3,0,58,79,52,3,0,24,410,376,0,34
1997,"NEVADA",6057,536,478,2,0,56,66,51,2,0,13,470,427,0,43
1998,"NEVADA",6057,527,473,5,0,49,42,28,5,0,9,485,445,0,40
1999,"NEVADA",6057,414,368,0,0,46,34,26,0,0,8,380,342,0,38
2000,"NEVADA",6057,359,315,0,0,44,25,16,0,0,9,334,299,0,35
2001,"NEVADA",6057,367,325,1,0,41,31,22,1,0,8,336,303,0,33
2002,"NEVADA",6057,341,303,0,0,38,18,12,0,0,6,323,291,0,32
2003,"NEVADA",6057,340,300,0,0,40,16,11,0,0,5,324,289,0,35
1990,"ORANGE",6059,9426,7391,318,0,1717,439,225,214,0,0,8987,7166,104,1717
1991,"ORANGE",6059,12448,9994,461,0,1993,825,447,335,0,43,11623,9547,126,1950
1992,"ORANGE",6059,14270,12027,415,0,1828,704,369,291,0,44,13566,11658,124,1784
1993,"ORANGE",6059,14099,11926,408,1,1764,1172,757,309,1,105,12927,11169,99,1659
1994,"ORANGE",6059,13154,10895,317,0,1940,1206,804,254,0,146,11948,10091,63,1794
1995,"ORANGE",6059,13372,11150,296,0,1926,1126,705,268,0,153,12246,10445,28,1773
1996,"ORANGE",6059,15580,13335,208,1,2036,982,646,176,1,159,14598,12689,32,1877
1997,"ORANGE",6059,17700,15409,165,0,2124,879,627,133,0,117,16821,14782,32,2007
1998,"ORANGE",6059,16303,14461,128,0,1713,574,416,112,0,45,15729,14045,16,1668
1999,"ORANGE",6059,12670,11170,126,0,1374,503,347,119,0,37,12167,10823,7,1337
2000,"ORANGE",6059,9610,8393,156,0,1061,446,281,151,0,14,9164,8112,5,1047
2001,"ORANGE",6059,10737,9722,121,0,894,544,408,110,0,26,10193,9314,11,868
2002,"ORANGE",6059,10160,9094,141,0,925,554,400,131,0,23,9606,8694,10,902
2003,"ORANGE",6059,9589,8795,78,0,716,422,338,75,0,9,9167,8457,3,707
1990,"PLACER",6061,433,341,16,0,76,63,36,15,0,12,370,305,1,64
1991,"PLACER",6061,645,512,22,0,111,90,53,22,0,15,555,459,0,96
1992,"PLACER",6061,791,643,21,0,127,141,94,19,0,28,650,549,2,99
1993,"PLACER",6061,792,646,20,0,126,107,65,16,0,26,685,581,4,100
1994,"PLACER",6061,736,577,18,0,141,101,61,16,0,24,635,516,2,117
1995,"PLACER",6061,921,748,11,0,162,132,80,11,0,41,789,668,0,121
1996,"PLACER",6061,1242,1043,4,0,195,167,118,3,0,46,1075,925,1,149
1997,"PLACER",6061,1372,1124,10,0,238,145,96,6,0,43,1227,1028,4,195
1998,"PLACER",6061,1427,1212,7,1,207,124,91,7,1,25,1303,1121,0,182
1999,"PLACER",6061,1137,965,4,2,166,76,53,4,2,17,1061,912,0,149
2000,"PLACER",6061,1010,855,6,0,149,45,30,6,0,9,965,825,0,140
2001,"PLACER",6061,991,862,7,0,122,59,43,6,0,10,932,819,1,112
2002,"PLACER",6061,1001,850,3,0,148,43,36,1,0,6,958,814,2,142
2003,"PLACER",6061,1077,903,6,1,167,43,26,6,1,10,1034,877,0,157
1990,"PLUMAS",6063,26,24,1,0,1,9,7,1,0,1,17,17,0,0
1991,"PLUMAS",6063,43,36,1,0,6,4,1,1,0,2,39,35,0,4
1992,"PLUMAS",6063,47,44,1,0,2,9,7,1,0,1,38,37,0,1
1993,"PLUMAS",6063,43,35,1,0,7,6,3,1,0,2,37,32,0,5
1994,"PLUMAS",6063,36,26,2,0,8,10,5,2,0,3,26,21,0,5
1995,"PLUMAS",6063,47,40,1,0,5,9,5,1,0,2,38,35,0,3
1996,"PLUMAS",6063,72,61,0,0,11,6,4,0,0,2,66,57,0,9
1997,"PLUMAS",6063,70,60,0,0,10,4,2,0,0,2,66,58,0,8
1998,"PLUMAS",6063,79,70,0,0,9,6,4,0,0,2,73,66,0,7
1999,"PLUMAS",6063,78,69,1,0,8,4,2,1,0,1,74,67,0,7
2000,"PLUMAS",6063,49,46,0,0,3,4,4,0,0,0,45,42,0,3
2001,"PLUMAS",6063,54,49,0,0,5,5,4,0,0,1,49,45,0,4
2002,"PLUMAS",6063,66,58,1,0,7,7,5,1,0,1,59,53,0,6
2003,"PLUMAS",6063,69,62,1,0,5,5,3,1,0,0,64,59,0,5
1990,"RIVERSIDE",6065,4864,3487,78,1,1297,732,570,70,1,90,4132,2917,8,1207
1991,"RIVERSIDE",6065,7060,5412,119,3,1526,1044,825,96,3,120,6016,4587,23,1406
1992,"RIVERSIDE",6065,8899,7042,122,2,1733,916,705,106,2,103,7983,6337,16,1630
1993,"RIVERSIDE",6065,8918,7146,118,3,1651,849,623,101,3,122,8069,6523,17,1529
1994,"RIVERSIDE",6065,8055,6553,95,1,1406,865,650,80,1,134,7190,5903,15,1272
1995,"RIVERSIDE",6065,8898,7270,84,2,1542,1129,848,74,2,205,7769,6422,10,1337
1996,"RIVERSIDE",6065,10457,8593,64,3,1797,1111,876,55,3,177,9346,7717,9,1620
1997,"RIVERSIDE",6065,12624,10349,49,3,2223,1174,956,42,3,173,11450,9393,7,2050
1998,"RIVERSIDE",6065,12472,10485,45,0,1942,1060,859,42,0,159,11412,9626,3,1783
1999,"RIVERSIDE",6065,9995,8311,35,2,1647,201,147,33,2,19,9794,8164,2,1628
2000,"RIVERSIDE",6065,8647,6907,64,0,1676,233,156,63,0,14,8414,6751,1,1662
2001,"RIVERSIDE",6065,9712,7885,29,2,1794,199,150,28,2,17,9513,7735,1,1777
2002,"RIVERSIDE",6065,9829,7940,43,0,1846,207,152,41,0,14,9622,7788,2,1832
2003,"RIVERSIDE",6065,8984,7402,48,1,1533,223,165,46,1,11,8761,7237,2,1522
1990,"SACRAMENTO",6067,3934,3076,113,0,745,339,167,109,0,63,3595,2909,4,682
1991,"SACRAMENTO",6067,4664,3684,128,0,852,432,232,119,0,81,4232,3452,9,771
1992,"SACRAMENTO",6067,5295,4207,107,0,981,519,309,96,0,114,4776,3898,11,867
1993,"SACRAMENTO",6067,5013,4032,82,1,898,454,283,76,1,94,4559,3749,6,804
1994,"SACRAMENTO",6067,4667,3587,69,2,1009,405,266,55,2,82,4262,3321,14,927
1995,"SACRAMENTO",6067,5398,4216,58,1,1123,431,282,54,1,94,4967,3934,4,1029
1996,"SACRAMENTO",6067,7484,6204,47,1,1232,477,318,45,1,113,7007,5886,2,1119
1997,"SACRAMENTO",6067,8817,7310,45,4,1458,495,316,42,4,133,8322,6994,3,1325
1998,"SACRAMENTO",6067,9023,7542,56,1,1423,380,238,55,1,85,8643,7304,1,1338
1999,"SACRAMENTO",6067,7716,6190,30,0,1496,243,159,30,0,54,7473,6031,0,1442
2000,"SACRAMENTO",6067,6392,4996,18,0,1378,186,131,15,0,40,6206,4865,3,1338
2001,"SACRAMENTO",6067,6770,5477,22,0,1271,161,103,20,0,38,6609,5374,2,1233
2002,"SACRAMENTO",6067,6534,5279,14,0,1241,190,132,12,0,46,6344,5147,2,1195
2003,"SACRAMENTO",6067,6220,5055,16,0,1149,181,115,16,0,50,6039,4940,0,1099
1990,"SAN BENITO",6069,73,48,3,0,22,10,5,3,0,2,63,43,0,20
1991,"SAN BENITO",6069,75,45,1,0,29,6,4,0,0,2,69,41,1,27
1992,"SAN BENITO",6069,108,72,1,2,33,21,9,1,2,9,87,63,0,24
1993,"SAN BENITO",6069,130,77,2,4,47,20,6,2,4,8,110,71,0,39
1994,"SAN BENITO",6069,142,90,0,0,52,22,10,0,0,12,120,80,0,40
1995,"SAN BENITO",6069,186,133,3,0,50,24,13,2,0,9,162,120,1,41
1996,"SAN BENITO",6069,217,134,1,0,82,28,16,1,0,11,189,118,0,71
1997,"SAN BENITO",6069,260,166,0,0,94,27,20,0,0,7,233,146,0,87
1998,"SAN BENITO",6069,270,169,0,0,101,20,11,0,0,9,250,158,0,92
1999,"SAN BENITO",6069,232,140,1,0,91,18,8,1,0,9,214,132,0,82
2000,"SAN BENITO",6069,222,109,0,0,113,6,2,0,0,4,216,107,0,109
2001,"SAN BENITO",6069,244,130,4,0,110,12,5,3,0,4,232,125,1,106
2002,"SAN BENITO",6069,274,132,0,0,142,12,7,0,0,5,262,125,0,137
2003,"SAN BENITO",6069,245,143,1,0,101,14,9,1,0,4,231,134,0,97
1990,"SAN BERNARDINO",6071,6219,4544,88,0,1586,654,487,76,0,90,5565,4057,12,1496
1991,"SAN BERNARDINO",6071,8013,6157,116,0,1740,1029,815,107,0,107,6984,5342,9,1633
1992,"SAN BERNARDINO",6071,9711,7749,117,0,1845,867,652,104,0,111,8844,7097,13,1734
1993,"SAN BERNARDINO",6071,10134,8002,97,3,2032,766,553,85,3,125,9368,7449,12,1907
1994,"SAN BERNARDINO",6071,9191,7388,90,0,1713,808,600,84,0,124,8383,6788,6,1589
1995,"SAN BERNARDINO",6071,9652,7792,61,2,1797,1057,799,58,2,198,8595,6993,3,1599
1996,"SAN BERNARDINO",6071,12130,9982,55,0,2093,1082,851,53,0,178,11048,9131,2,1915
1997,"SAN BERNARDINO",6071,13163,10734,35,1,2393,837,667,34,1,135,12326,10067,1,2258
1998,"SAN BERNARDINO",6071,14464,12121,26,0,2317,845,709,22,0,114,13619,11412,4,2203
1999,"SAN BERNARDINO",6071,11825,9791,18,0,2016,176,139,16,0,21,11649,9652,2,1995
2000,"SAN BERNARDINO",6071,10282,7987,27,0,2268,183,142,27,0,14,10099,7845,0,2254
2001,"SAN BERNARDINO",6071,11969,9661,18,0,2290,215,182,17,0,16,11754,9479,1,2274
2002,"SAN BERNARDINO",6071,11451,9088,25,0,2338,220,183,24,0,13,11231,8905,1,2325
2003,"SAN BERNARDINO",6071,9810,8056,18,1,1735,173,143,18,1,11,9637,7913,0,1724
1990,"SAN DIEGO",6073,11210,6846,254,1,4109,780,477,212,1,90,10430,6369,42,4019
1991,"SAN DIEGO",6073,14316,8928,372,5,5011,669,323,294,5,47,13647,8605,78,4964
1992,"SAN DIEGO",6073,14915,9886,321,0,4708,502,238,246,0,18,14413,9648,75,4690
1993,"SAN DIEGO",6073,14084,10004,359,2,3719,454,203,240,2,9,13630,9801,119,3710
1994,"SAN DIEGO",6073,13122,9480,231,3,3408,357,182,162,3,10,12765,9298,69,3398
1995,"SAN DIEGO",6073,13860,10074,134,3,3649,298,181,100,3,14,13562,9893,34,3635
1996,"SAN DIEGO",6073,17150,12553,130,1,4466,239,133,96,1,9,16911,12420,34,4457
1997,"SAN DIEGO",6073,18492,13729,87,1,4675,206,131,65,1,9,18286,13598,22,4666
1998,"SAN DIEGO",6073,17917,13551,102,1,4263,203,109,91,1,2,17714,13442,11,4261
1999,"SAN DIEGO",6073,14664,11307,60,0,3297,171,112,49,0,10,14493,11195,11,3287
2000,"SAN DIEGO",6073,12128,9375,54,1,2698,158,104,46,1,7,11970,9271,8,2691
2001,"SAN DIEGO",6073,12744,10032,65,1,2646,181,121,55,1,4,12563,9911,10,2642
2002,"SAN DIEGO",6073,12329,9948,57,0,2324,215,153,43,0,19,12114,9795,14,2305
2003,"SAN DIEGO",6073,11329,9288,103,1,1937,262,144,95,1,22,11067,9144,8,1915
1990,"SAN FRANCISCO",6075,2372,1584,94,0,694,116,44,70,0,2,2256,1540,24,692
1991,"SAN FRANCISCO",6075,2962,1955,177,0,830,165,56,108,0,1,2797,1899,69,829
1992,"SAN FRANCISCO",6075,3291,2289,162,0,840,166,71,95,0,0,3125,2218,67,840
1993,"SAN FRANCISCO",6075,3021,2175,146,0,700,135,44,75,0,16,2886,2131,71,684
1994,"SAN FRANCISCO",6075,2624,1924,117,0,582,130,50,76,0,3,2494,1874,41,579
1995,"SAN FRANCISCO",6075,2579,1851,76,0,652,102,45,53,0,4,2477,1806,23,648
1996,"SAN FRANCISCO",6075,3074,2275,72,0,726,162,76,60,0,25,2912,2199,12,701
1997,"SAN FRANCISCO",6075,3160,2391,54,0,713,109,55,41,0,11,3051,2336,13,702
1998,"SAN FRANCISCO",6075,3095,2408,48,0,639,73,29,39,0,5,3022,2379,9,634
1999,"SAN FRANCISCO",6075,2169,1703,26,0,440,132,55,23,0,54,2037,1648,3,386
2000,"SAN FRANCISCO",6075,1696,1251,23,0,422,126,58,20,0,48,1570,1193,3,374
2001,"SAN FRANCISCO",6075,1886,1478,49,0,359,181,101,48,0,32,1705,1377,1,327
2002,"SAN FRANCISCO",6075,2040,1593,35,0,412,159,91,33,0,35,1881,1502,2,377
2003,"SAN FRANCISCO",6075,2152,1684,27,0,441,101,63,22,0,16,2051,1621,5,425
1990,"SAN JOAQUIN",6077,1526,1059,25,2,440,162,80,25,2,55,1364,979,0,385
1991,"SAN JOAQUIN",6077,1866,1225,46,4,591,210,96,46,4,64,1656,1129,0,527
1992,"SAN JOAQUIN",6077,2153,1433,46,1,673,214,91,45,1,77,1939,1342,1,596
1993,"SAN JOAQUIN",6077,2224,1357,44,0,823,243,102,36,0,105,1981,1255,8,718
1994,"SAN JOAQUIN",6077,2077,1251,55,1,770,303,137,50,1,115,1774,1114,5,655
1995,"SAN JOAQUIN",6077,2161,1513,20,1,627,224,110,18,1,95,1937,1403,2,532
1996,"SAN JOAQUIN",6077,2652,2158,15,0,479,213,139,13,0,61,2439,2019,2,418
1997,"SAN JOAQUIN",6077,3184,2646,13,2,523,191,127,13,2,49,2993,2519,0,474
1998,"SAN JOAQUIN",6077,3436,2889,11,0,536,137,97,9,0,31,3299,2792,2,505
1999,"SAN JOAQUIN",6077,2961,2388,10,0,563,74,42,9,0,23,2887,2346,1,540
2000,"SAN JOAQUIN",6077,2467,2003,7,1,456,70,43,7,1,19,2397,1960,0,437
2001,"SAN JOAQUIN",6077,2538,2079,7,0,452,88,54,7,0,27,2450,2025,0,425
2002,"SAN JOAQUIN",6077,2569,2070,9,1,489,85,55,6,1,23,2484,2015,3,466
2003,"SAN JOAQUIN",6077,2873,2252,8,1,612,60,46,8,1,5,2813,2206,0,607
1990,"SAN LUIS OBISPO",6079,545,487,22,2,34,27,10,15,2,0,518,477,7,34
1991,"SAN LUIS OBISP",6079,701,609,35,1,56,109,73,20,1,15,592,536,15,41
1992,"SAN LUIS OBISP",6079,1066,956,48,2,60,147,98,32,2,15,919,858,16,45
1993,"SAN LUIS OBISP",6079,828,752,26,0,50,153,123,20,0,10,675,629,6,40
1994,"SAN LUIS OBISP",6079,784,712,17,0,55,134,108,15,0,11,650,604,2,44
1995,"SAN LUIS OBISP",6079,956,875,14,3,64,142,104,12,3,23,814,771,2,41
1996,"SAN LUIS OBISP",6079,1133,1035,8,0,90,150,115,6,0,29,983,920,2,61
1997,"SAN LUIS OBISP",6079,1373,1291,4,1,77,128,108,3,1,16,1245,1183,1,61
1998,"SAN LUIS OBISP",6079,1178,1109,3,0,66,20,17,2,0,1,1158,1092,1,65
1999,"SAN LUIS OBISPO",6079,954,900,4,0,50,32,28,4,0,0,922,872,0,50
2000,"SAN LUIS OBISP",6079,757,680,1,0,76,8,7,1,0,0,749,673,0,76
2001,"SAN LUIS OBISP",6079,874,823,9,1,41,46,36,7,1,2,828,787,2,39
2002,"SAN LUIS OBISP",6079,769,719,5,0,45,45,40,3,0,2,724,679,2,43
2003,"SAN LUIS OBISP",6079,756,722,6,6,22,39,26,6,6,1,717,696,0,21
1990,"SAN MATEO",6081,1607,1048,52,0,506,66,27,33,0,5,1541,1021,19,501
1991,"SAN MATEO",6081,2242,1449,80,1,712,84,41,41,1,1,2158,1408,39,711
1992,"SAN MATEO",6081,2876,1845,122,0,909,86,38,48,0,0,2790,1807,74,909
1993,"SAN MATEO",6081,2532,1794,100,2,636,104,38,57,2,7,2428,1756,43,629
1994,"SAN MATEO",6081,2336,1706,70,0,560,70,31,39,0,0,2266,1675,31,560
1995,"SAN MATEO",6081,2302,1664,41,0,597,56,35,21,0,0,2246,1629,20,597
1996,"SAN MATEO",6081,2784,2007,36,1,740,116,50,24,1,41,2668,1957,12,699
1997,"SAN MATEO",6081,2853,2177,27,0,649,68,32,23,0,13,2785,2145,4,636
1998,"SAN MATEO",6081,2717,2118,35,0,564,56,27,27,0,2,2661,2091,8,562
1999,"SAN MATEO",6081,1924,1534,16,0,374,89,41,14,0,34,1835,1493,2,340
2000,"SAN MATEO",6081,1378,1074,14,0,290,90,49,10,0,31,1288,1025,4,259
2001,"SAN MATEO",6081,1442,1115,57,0,270,132,55,57,0,20,1310,1060,0,250
2002,"SAN MATEO",6081,1623,1232,21,0,370,97,51,20,0,26,1526,1181,1,344
2003,"SAN MATEO",6081,1681,1302,21,0,358,62,35,15,0,12,1619,1267,6,346
1990,"SANTA BARBARA",6083,840,766,31,0,43,29,11,17,0,1,811,755,14,42
1991,"SANTA BARBARA",6083,1064,947,53,4,60,124,82,29,4,9,940,865,24,51
1992,"SANTA BARBARA",6083,1761,1576,72,3,110,221,150,45,3,23,1540,1426,27,87
1993,"SANTA BARBARA",6083,1279,1117,60,1,101,217,143,50,1,23,1062,974,10,78
1994,"SANTA BARBARA",6083,1305,1182,29,0,94,164,130,17,0,17,1141,1052,12,77
1995,"SANTA BARBARA",6083,1425,1277,32,0,116,152,106,25,0,21,1273,1171,7,95
1996,"SANTA BARBARA",6083,1748,1566,16,0,166,161,118,16,0,27,1587,1448,0,139
1997,"SANTA BARBARA",6083,2004,1782,14,1,207,150,124,7,1,18,1854,1658,7,189
1998,"SANTA BARBARA",6083,1821,1617,10,1,193,24,15,8,1,0,1797,1602,2,193
1999,"SANTA BARBARA",6083,1497,1311,9,0,177,20,14,6,0,0,1477,1297,3,177
2000,"SANTA BARBARA",6083,1218,1087,15,0,116,23,10,13,0,0,1195,1077,2,116
2001,"SANTA BARBARA",6083,1263,1155,13,0,95,48,33,12,0,3,1215,1122,1,92
2002,"SANTA BARBARA",6083,1228,1139,13,0,76,56,40,10,0,6,1172,1099,3,70
2003,"SANTA BARBARA",6083,1150,1050,18,0,82,54,29,18,0,7,1096,1021,0,75
1990,"SANTA CLARA",6085,4458,2883,137,3,1435,686,399,120,3,164,3772,2484,17,1271
1991,"SANTA CLARA",6085,5825,3893,227,1,1704,842,459,187,1,195,4983,3434,40,1509
1992,"SANTA CLARA",6085,6560,4608,221,1,1730,845,450,178,1,216,5715,4158,43,1514
1993,"SANTA CLARA",6085,6072,4238,209,0,1625,1119,648,174,0,297,4953,3590,35,1328
1994,"SANTA CLARA",6085,5959,4244,177,2,1536,970,586,145,2,237,4989,3658,32,1299
1995,"SANTA CLARA",6085,5946,4175,114,0,1657,834,451,106,0,277,5112,3724,8,1380
1996,"SANTA CLARA",6085,6796,4762,70,0,1964,748,415,65,0,268,6048,4347,5,1696
1997,"SANTA CLARA",6085,6865,4793,74,0,1998,608,326,67,0,215,6257,4467,7,1783
1998,"SANTA CLARA",6085,6359,4584,68,0,1707,446,234,60,0,152,5913,4350,8,1555
1999,"SANTA CLARA",6085,4971,3519,51,1,1400,322,180,46,1,95,4649,3339,5,1305
2000,"SANTA CLARA",6085,3452,2342,32,0,1078,228,125,32,0,71,3224,2217,0,1007
2001,"SANTA CLARA",6085,3626,2460,67,0,1099,250,134,65,0,51,3376,2326,2,1048
2002,"SANTA CLARA",6085,4588,3192,65,0,1330,314,167,58,0,89,4274,3025,7,1241
2003,"SANTA CLARA",6085,5368,3822,60,0,1486,354,189,50,0,115,5014,3633,10,1371
1990,"SANTA CRUZ",6087,480,363,18,0,99,118,72,17,0,29,362,291,1,70
1991,"SANTA CRUZ",6087,640,500,25,0,115,106,65,20,0,21,534,435,5,94
1992,"SANTA CRUZ",6087,808,623,33,0,152,144,69,29,0,46,664,554,4,106
1993,"SANTA CRUZ",6087,839,643,19,4,173,219,132,17,4,66,620,511,2,107
1994,"SANTA CRUZ",6087,770,599,16,0,155,172,111,13,0,48,598,488,3,107
1995,"SANTA CRUZ",6087,891,676,10,1,204,187,119,9,1,58,704,557,1,146
1996,"SANTA CRUZ",6087,1094,865,6,1,222,160,102,5,1,52,934,763,1,170
1997,"SANTA CRUZ",6087,1311,1011,12,0,288,153,90,9,0,54,1158,921,3,234
1998,"SANTA CRUZ",6087,1275,967,3,1,304,133,70,2,1,60,1142,897,1,244
1999,"SANTA CRUZ",6087,980,725,10,0,245,98,68,9,0,21,882,657,1,224
2000,"SANTA CRUZ",6087,709,469,5,1,234,57,30,4,1,22,652,439,1,212
2001,"SANTA CRUZ",6087,741,480,2,0,259,47,30,2,0,15,694,450,0,244
2002,"SANTA CRUZ",6087,804,513,10,0,281,58,39,8,0,11,746,474,2,270
2003,"SANTA CRUZ",6087,879,592,6,0,281,39,25,6,0,8,840,567,0,273
1990,"SHASTA",6089,576,511,8,1,56,69,38,8,1,22,507,473,0,34
1991,"SHASTA",6089,668,603,14,0,51,83,55,14,0,14,585,548,0,37
1992,"SHASTA",6089,747,677,16,0,54,105,78,14,0,13,642,599,2,41
1993,"SHASTA",6089,719,641,4,0,74,78,53,3,0,22,641,588,1,52
1994,"SHASTA",6089,682,615,8,0,59,69,46,7,0,16,613,569,1,43
1995,"SHASTA",6089,815,756,7,0,52,67,46,5,0,16,748,710,2,36
1996,"SHASTA",6089,1052,996,4,0,52,75,57,3,0,15,977,939,1,37
1997,"SHASTA",6089,1305,1221,1,0,83,97,71,1,0,25,1208,1150,0,58
1998,"SHASTA",6089,1364,1260,3,0,101,64,48,3,0,13,1300,1212,0,88
1999,"SHASTA",6089,1233,1120,3,0,110,44,31,2,0,11,1189,1089,1,99
2000,"SHASTA",6089,971,856,2,0,113,47,29,2,0,16,924,827,0,97
2001,"SHASTA",6089,1017,911,3,0,103,47,30,3,0,14,970,881,0,89
2002,"SHASTA",6089,901,790,5,0,106,33,20,5,0,8,868,770,0,98
2003,"SHASTA",6089,832,735,0,0,97,48,32,0,0,16,784,703,0,81
1990,"SIERRA",6091,4,4,0,0,0,0,0,0,0,0,4,4,0,0
1991,"SIERRA",6091,5,4,0,0,1,0,0,0,0,0,5,4,0,1
1992,"SIERRA",6091,7,7,0,0,0,1,1,0,0,0,6,6,0,0
1993,"SIERRA",6091,10,9,0,0,1,0,0,0,0,0,10,9,0,1
1994,"SIERRA",6091,5,4,0,0,1,0,0,0,0,0,5,4,0,1
1995,"SIERRA",6091,5,4,0,0,1,0,0,0,0,0,5,4,0,1
1996,"SIERRA",6091,9,7,0,0,2,0,0,0,0,0,9,7,0,2
1997,"SIERRA",6091,20,17,1,0,2,1,0,1,0,0,19,17,0,2
1998,"SIERRA",6091,19,18,0,0,1,0,0,0,0,0,19,18,0,1
1999,"SIERRA",6091,8,6,0,0,2,1,1,0,0,0,7,5,0,2
2000,"SIERRA",6091,7,5,0,0,1,1,0,0,0,0,6,5,0,1
2001,"SIERRA",6091,17,16,0,0,1,0,0,0,0,0,17,16,0,1
2002,"SIERRA",6091,9,9,0,0,0,1,1,0,0,0,8,8,0,0
2003,"SIERRA",6091,11,11,0,0,0,0,0,0,0,0,11,11,0,0
1990,"SISKIYOU",6093,89,70,4,1,14,18,12,4,1,1,71,58,0,13
1991,"SISKIYOU",6093,111,101,1,0,9,12,8,1,0,3,99,93,0,6
1992,"SISKIYOU",6093,141,117,4,4,16,23,11,3,4,5,118,106,1,11
1993,"SISKIYOU",6093,134,124,1,0,9,16,12,1,0,3,118,112,0,6
1994,"SISKIYOU",6093,128,108,1,2,17,11,5,0,2,4,117,103,1,13
1995,"SISKIYOU",6093,140,123,4,1,12,20,11,3,1,5,120,112,1,7
1996,"SISKIYOU",6093,153,140,0,2,11,18,12,0,2,4,135,128,0,7
1997,"SISKIYOU",6093,231,218,1,1,11,16,9,1,1,5,215,209,0,6
1998,"SISKIYOU",6093,213,201,0,1,11,12,9,0,1,2,201,192,0,9
1999,"SISKIYOU",6093,217,205,1,0,11,8,7,1,0,0,209,198,0,11
2000,"SISKIYOU",6093,189,181,0,1,7,4,3,0,1,0,185,178,0,7
2001,"SISKIYOU",6093,208,199,1,0,8,6,4,1,0,1,202,195,0,7
2002,"SISKIYOU",6093,223,207,0,0,16,4,3,0,0,1,219,204,0,15
2003,"SISKIYOU",6093,200,183,0,0,17,11,5,0,0,6,189,178,0,11
1990,"SOLANO",6095,1465,1144,26,1,294,112,68,23,1,20,1353,1076,3,274
1991,"SOLANO",6095,1485,1195,29,0,261,100,56,26,0,18,1385,1139,3,243
1992,"SOLANO",6095,1646,1272,38,0,336,149,85,35,0,29,1497,1187,3,307
1993,"SOLANO",6095,1691,1298,16,0,377,141,101,11,0,29,1550,1197,5,348
1994,"SOLANO",6095,1681,1288,16,3,374,137,87,14,3,33,1544,1201,2,341
1995,"SOLANO",6095,1971,1499,11,0,461,173,111,9,0,53,1798,1388,2,408
1996,"SOLANO",6095,2466,1956,13,0,497,162,91,11,0,60,2304,1865,2,437
1997,"SOLANO",6095,2861,2166,12,0,683,178,106,10,0,62,2683,2060,2,621
1998,"SOLANO",6095,2948,2367,0,2,579,93,58,0,2,33,2855,2309,0,546
1999,"SOLANO",6095,2396,1805,5,0,586,72,41,5,0,26,2324,1764,0,560
2000,"SOLANO",6095,1906,1390,7,0,509,68,39,6,0,23,1838,1351,1,486
2001,"SOLANO",6095,1717,1322,2,0,393,52,34,2,0,16,1665,1288,0,377
2002,"SOLANO",6095,1569,1202,11,0,356,54,26,11,0,17,1515,1176,0,339
2003,"SOLANO",6095,1619,1243,5,1,370,60,39,5,1,15,1559,1204,0,355
1990,"SONOMA",6097,970,821,36,3,110,132,63,31,3,35,838,758,5,75
1991,"SONOMA",6097,1301,1111,50,1,139,231,147,45,1,38,1070,964,5,101
1992,"SONOMA",6097,1450,1224,55,4,167,196,109,47,4,36,1254,1115,8,131
1993,"SONOMA",6097,1411,1148,55,3,205,138,67,32,3,36,1273,1081,23,169
1994,"SONOMA",6097,1349,1098,22,3,225,103,55,21,3,23,1246,1043,1,202
1995,"SONOMA",6097,1609,1275,18,3,313,38,18,14,3,3,1571,1257,4,310
1996,"SONOMA",6097,2053,1730,17,2,304,42,28,11,2,1,2011,1702,6,303
1997,"SONOMA",6097,2128,1763,20,1,344,38,17,16,1,4,2090,1746,4,340
1998,"SONOMA",6097,2209,1911,10,0,288,36,27,6,0,3,2173,1884,4,285
1999,"SONOMA",6097,1721,1459,17,4,241,94,58,14,4,18,1627,1401,3,223
2000,"SONOMA",6097,1216,1038,13,1,164,58,40,12,1,5,1158,998,1,159
2001,"SONOMA",6097,1244,1108,5,0,131,61,44,5,0,12,1183,1064,0,119
2002,"SONOMA",6097,1338,1156,22,0,160,115,63,22,0,30,1223,1093,0,130
2003,"SONOMA",6097,1378,1189,13,0,176,78,47,10,0,21,1300,1142,3,155
1990,"STANISLAUS",6099,1409,913,24,0,472,151,71,22,0,58,1258,842,2,414
1991,"STANISLAUS",6099,1856,1196,32,2,626,196,79,32,2,83,1660,1117,0,543
1992,"STANISLAUS",6099,2204,1453,39,0,712,224,93,37,0,94,1980,1360,2,618
1993,"STANISLAUS",6099,2187,1425,37,1,724,249,128,33,1,87,1938,1297,4,637
1994,"STANISLAUS",6099,2094,1386,21,2,685,289,151,17,2,119,1805,1235,4,566
1995,"STANISLAUS",6099,2077,1504,15,2,556,191,108,15,2,66,1886,1396,0,490
1996,"STANISLAUS",6099,2500,2016,14,3,467,194,108,14,3,69,2306,1908,0,398
1997,"STANISLAUS",6099,2919,2441,9,1,468,150,94,8,1,47,2769,2347,1,421
1998,"STANISLAUS",6099,3058,2598,7,1,452,119,85,6,1,27,2939,2513,1,425
1999,"STANISLAUS",6099,2788,2371,11,2,404,76,52,11,2,11,2712,2319,0,393
2000,"STANISLAUS",6099,2346,1897,4,1,444,66,39,3,1,23,2280,1858,1,421
2001,"STANISLAUS",6099,2390,1961,7,0,422,71,46,7,0,18,2319,1915,0,404
2002,"STANISLAUS",6099,2258,1804,15,1,438,66,29,14,1,22,2192,1775,1,416
2003,"STANISLAUS",6099,2304,1845,5,0,454,50,28,5,0,17,2254,1817,0,437
1990,"SUTTER",6101,167,151,5,0,11,24,18,5,0,1,143,133,0,10
1991,"SUTTER",6101,206,179,3,1,23,23,12,3,1,7,183,167,0,16
1992,"SUTTER",6101,243,205,5,1,32,30,18,5,1,6,213,187,0,26
1993,"SUTTER",6101,291,248,5,2,36,31,21,4,2,4,260,227,1,32
1994,"SUTTER",6101,245,206,4,0,35,26,19,1,0,6,219,187,3,29
1995,"SUTTER",6101,314,254,3,0,57,24,12,3,0,9,290,242,0,48
1996,"SUTTER",6101,389,339,3,0,47,29,14,3,0,12,360,325,0,35
1997,"SUTTER",6101,452,384,2,0,66,33,16,2,0,15,419,368,0,51
1998,"SUTTER",6101,422,363,2,0,57,31,22,2,0,7,391,341,0,50
1999,"SUTTER",6101,381,332,2,0,47,29,15,2,0,12,352,317,0,35
2000,"SUTTER",6101,345,291,4,0,50,21,9,4,0,8,324,282,0,42
2001,"SUTTER",6101,377,324,3,0,50,19,13,3,0,3,358,311,0,47
2002,"SUTTER",6101,370,322,4,0,44,16,9,3,0,4,354,313,1,40
2003,"SUTTER",6101,348,292,2,9,45,31,14,2,9,6,317,278,0,39
1990,"TEHAMA",6103,159,148,4,0,7,15,11,3,0,1,144,137,1,6
1991,"TEHAMA",6103,160,151,3,0,6,14,10,3,0,1,146,141,0,5
1992,"TEHAMA",6103,187,172,2,0,13,17,13,1,0,3,170,159,1,10
1993,"TEHAMA",6103,140,123,4,0,13,20,14,3,0,3,120,109,1,10
1994,"TEHAMA",6103,147,141,0,0,6,10,10,0,0,0,137,131,0,6
1995,"TEHAMA",6103,180,167,0,0,13,16,14,0,0,2,164,153,0,11
1996,"TEHAMA",6103,261,244,1,1,15,18,13,1,1,3,243,231,0,12
1997,"TEHAMA",6103,282,274,0,0,8,15,11,0,0,4,267,263,0,4
1998,"TEHAMA",6103,323,303,0,0,20,12,7,0,0,5,311,296,0,15
1999,"TEHAMA",6103,280,260,0,0,20,3,2,0,0,1,277,258,0,19
2000,"TEHAMA",6103,284,251,2,0,31,8,7,1,0,0,276,244,1,31
2001,"TEHAMA",6103,311,284,0,0,27,11,9,0,0,2,300,275,0,25
2002,"TEHAMA",6103,300,273,2,0,25,9,5,2,0,2,291,268,0,23
2003,"TEHAMA",6103,303,269,0,0,34,12,8,0,0,4,291,261,0,30
1990,"TRINITY",6105,22,18,1,0,3,1,0,0,0,1,21,18,1,2
1991,"TRINITY",6105,31,26,0,0,5,6,5,0,0,1,25,21,0,4
1992,"TRINITY",6105,33,30,0,0,3,5,5,0,0,0,28,25,0,3
1993,"TRINITY",6105,22,21,0,0,1,1,0,0,0,1,21,21,0,0
1994,"TRINITY",6105,34,33,0,0,1,2,1,0,0,1,32,32,0,0
1995,"TRINITY",6105,40,38,0,0,2,3,2,0,0,1,37,36,0,1
1996,"TRINITY",6105,46,43,0,0,3,5,5,0,0,0,41,38,0,3
1997,"TRINITY",6105,51,48,0,0,3,3,3,0,0,0,48,45,0,3
1998,"TRINITY",6105,46,45,0,0,1,2,2,0,0,0,44,43,0,1
1999,"TRINITY",6105,43,41,0,0,2,0,0,0,0,0,43,41,0,2
2000,"TRINITY",6105,44,38,0,0,6,3,2,0,0,1,41,36,0,5
2001,"TRINITY",6105,49,41,0,0,8,5,2,0,0,3,44,39,0,5
2002,"TRINITY",6105,48,44,0,0,4,4,3,0,0,1,44,41,0,3
2003,"TRINITY",6105,38,33,0,0,5,1,0,0,0,1,37,33,0,4
1990,"TULARE",6107,1077,873,16,4,184,61,32,15,4,10,1016,841,1,174
1991,"TULARE",6107,1176,915,8,4,249,56,27,8,4,17,1120,888,0,232
1992,"TULARE",6107,1275,994,15,7,259,133,71,15,7,40,1142,923,0,219
1993,"TULARE",6107,1125,891,18,6,210,137,63,16,6,52,988,828,2,158
1994,"TULARE",6107,976,808,11,4,153,110,59,10,4,37,866,749,1,116
1995,"TULARE",6107,1076,850,14,10,202,120,58,13,10,39,956,792,1,163
1996,"TULARE",6107,1460,1268,6,4,182,120,78,6,4,32,1340,1190,0,150
1997,"TULARE",6107,1681,1471,8,11,191,170,113,8,11,38,1511,1358,0,153
1998,"TULARE",6107,1937,1751,6,1,179,123,88,6,1,28,1814,1663,0,151
1999,"TULARE",6107,1709,1541,3,4,161,47,30,3,4,10,1662,1511,0,151
2000,"TULARE",6107,1597,1392,12,2,191,81,55,10,2,14,1516,1337,2,177
2001,"TULARE",6107,1959,1710,5,2,241,87,41,5,2,38,1872,1669,0,203
2002,"TULARE",6107,1990,1695,7,4,283,81,43,5,4,28,1909,1652,2,255
2003,"TULARE",6107,1941,1689,1,2,249,60,37,1,2,20,1881,1652,0,229
1990,"TUOLUMNE",6109,134,105,1,0,28,13,8,1,0,4,121,97,0,24
1991,"TUOLUMNE",6109,180,138,3,0,39,19,5,2,0,12,161,133,1,27
1992,"TUOLUMNE",6109,213,170,4,0,39,27,13,4,0,10,186,157,0,29
1993,"TUOLUMNE",6109,222,163,12,1,46,31,14,11,1,5,191,149,1,41
1994,"TUOLUMNE",6109,191,144,3,0,44,32,21,2,0,9,159,123,1,35
1995,"TUOLUMNE",6109,230,179,7,0,44,30,16,4,0,10,200,163,3,34
1996,"TUOLUMNE",6109,265,222,1,0,42,19,11,1,0,7,246,211,0,35
1997,"TUOLUMNE",6109,284,253,5,0,26,13,7,4,0,2,271,246,1,24
1998,"TUOLUMNE",6109,318,290,2,0,26,12,8,2,0,2,306,282,0,24
1999,"TUOLUMNE",6109,248,224,1,0,23,10,7,1,0,2,238,217,0,21
2000,"TUOLUMNE",6109,214,189,1,0,24,9,6,1,0,2,205,183,0,22
2001,"TUOLUMNE",6109,222,201,1,0,20,10,7,1,0,2,212,194,0,18
2002,"TUOLUMNE",6109,235,210,3,0,22,14,7,3,0,4,221,203,0,18
2003,"TUOLUMNE",6109,202,168,0,0,34,9,6,0,0,3,193,162,0,31
1990,"VENTURA",6111,1928,1693,54,0,181,79,42,35,0,2,1849,1651,19,179
1991,"VENTURA",6111,2985,2619,76,0,290,312,235,46,0,31,2673,2384,30,259
1992,"VENTURA",6111,4329,3786,112,0,431,369,259,70,0,40,3960,3527,42,391
1993,"VENTURA",6111,3715,3236,59,2,417,287,205,47,2,32,3428,3031,12,385
1994,"VENTURA",6111,3507,3018,69,1,419,234,154,46,1,33,3273,2864,23,386
1995,"VENTURA",6111,3351,2929,32,2,388,238,178,27,2,31,3113,2751,5,357
1996,"VENTURA",6111,3898,3398,32,0,468,214,145,29,0,40,3684,3253,3,428
1997,"VENTURA",6111,4671,3983,18,0,670,214,168,16,0,30,4457,3815,2,640
1998,"VENTURA",6111,4607,3963,20,0,624,97,69,15,0,13,4510,3894,5,611
1999,"VENTURA",6111,3394,2935,17,0,442,44,28,12,0,4,3350,2907,5,438
2000,"VENTURA",6111,2566,2226,16,0,324,60,40,15,0,5,2506,2186,1,319
2001,"VENTURA",6111,2897,2579,21,0,297,66,43,20,0,3,2831,2536,1,294
2002,"VENTURA",6111,2737,2423,14,0,300,71,52,12,0,7,2666,2371,2,293
2003,"VENTURA",6111,2419,2195,12,0,212,73,54,12,0,7,2346,2141,0,205
1990,"YOLO",6113,325,266,8,0,51,29,15,6,0,8,296,251,2,43
1991,"YOLO",6113,389,320,10,0,59,37,20,8,0,9,352,300,2,50
1992,"YOLO",6113,405,332,10,3,60,49,28,10,3,8,356,304,0,52
1993,"YOLO",6113,414,356,8,0,50,35,23,7,0,5,379,333,1,45
1994,"YOLO",6113,411,319,11,1,80,45,25,10,1,9,366,294,1,71
1995,"YOLO",6113,438,342,7,0,89,33,19,7,0,7,405,323,0,82
1996,"YOLO",6113,598,495,7,0,96,35,17,7,0,11,563,478,0,85
1997,"YOLO",6113,753,650,9,0,94,41,26,6,0,9,712,624,3,85
1998,"YOLO",6113,756,662,3,0,91,31,21,3,0,7,725,641,0,84
1999,"YOLO",6113,612,529,3,0,80,24,14,3,0,7,588,515,0,73
2000,"YOLO",6113,530,451,1,0,78,20,13,1,0,6,510,438,0,72
2001,"YOLO",6113,570,498,0,5,67,16,7,0,5,4,554,491,0,63
2002,"YOLO",6113,514,446,0,0,68,18,17,0,0,1,496,429,0,67
2003,"YOLO",6113,509,452,1,0,56,12,7,1,0,4,497,445,0,52
1990,"YUBA",6115,211,192,4,0,15,15,10,3,0,2,196,182,1,13
1991,"YUBA",6115,198,175,1,0,22,9,6,1,0,2,189,169,0,20
1992,"YUBA",6115,219,197,2,0,20,10,7,0,0,3,209,190,2,17
1993,"YUBA",6115,229,203,0,0,26,15,13,0,0,2,214,190,0,24
1994,"YUBA",6115,226,183,3,0,40,11,7,3,0,1,215,176,0,39
1995,"YUBA",6115,268,216,1,1,50,15,7,1,1,6,253,209,0,44
1996,"YUBA",6115,335,268,2,0,65,22,13,2,0,7,313,255,0,58
1997,"YUBA",6115,367,318,0,0,49,11,7,0,0,4,356,311,0,45
1998,"YUBA",6115,355,308,0,0,47,10,4,0,0,6,345,304,0,41
1999,"YUBA",6115,334,284,2,0,48,14,8,2,0,4,320,276,0,44
2000,"YUBA",6115,321,273,0,0,48,9,5,0,0,4,312,268,0,44
2001,"YUBA",6115,325,279,1,0,45,10,5,1,0,4,315,274,0,41
2002,"YUBA",6115,357,314,1,0,42,16,14,1,0,1,341,300,0,41
2003,"YUBA",6115,305,264,0,0,41,9,6,0,0,3,296,258,0,38
1990,"ADAMS",8001,1796,1288,6,0,502,57,48,6,0,3,1739,1240,0,499
1991,"ADAMS",8001,1712,1259,16,2,435,39,20,15,2,2,1673,1239,1,433
1992,"ADAMS",8001,1723,1195,10,1,517,77,53,10,1,13,1646,1142,0,504
1993,"ADAMS",8001,1580,1093,6,0,481,72,49,6,0,17,1508,1044,0,464
1994,"ADAMS",8001,1598,1165,12,0,421,55,34,12,0,9,1543,1131,0,412
1995,"ADAMS",8001,1618,1204,1,1,412,31,22,1,1,7,1587,1182,0,405
1996,"ADAMS",8001,1847,1365,0,0,482,36,31,0,0,5,1811,1334,0,477
1997,"ADAMS",8001,1999,1562,7,0,430,31,23,7,0,1,1968,1539,0,429
1998,"ADAMS",8001,1889,1528,0,0,361,27,25,0,0,2,1862,1503,0,359
1999,"ADAMS",8001,1706,1398,8,0,300,30,20,7,0,3,1676,1378,1,297
2000,"ADAMS",8001,1560,1229,5,0,326,27,17,5,0,5,1533,1212,0,321
2001,"ADAMS",8001,1914,1594,8,0,312,41,29,8,0,4,1873,1565,0,308
2002,"ADAMS",8001,2280,1923,7,0,350,50,42,7,0,1,2230,1881,0,349
2003,"ADAMS",8001,2865,2484,8,0,373,47,38,8,0,1,2818,2446,0,372
1990,"ALAMOSA",8003,30,26,1,0,3,5,4,1,0,0,25,22,0,3
1991,"ALAMOSA",8003,27,24,0,0,3,2,2,0,0,0,25,22,0,3
1992,"ALAMOSA",8003,28,18,1,1,8,6,3,1,1,1,22,15,0,7
1993,"ALAMOSA",8003,20,18,0,0,2,1,1,0,0,0,19,17,0,2
1994,"ALAMOSA",8003,18,16,1,0,1,3,2,1,0,0,15,14,0,1
1995,"ALAMOSA",8003,26,25,0,0,1,4,4,0,0,0,22,21,0,1
1996,"ALAMOSA",8003,26,25,0,0,1,4,4,0,0,0,22,21,0,1
1997,"ALAMOSA",8003,54,44,1,0,9,2,1,1,0,0,52,43,0,9
1998,"ALAMOSA",8003,40,28,0,0,12,3,2,0,0,1,37,26,0,11
1999,"ALAMOSA",8003,44,33,0,0,11,0,0,0,0,0,44,33,0,11
2000,"ALAMOSA",8003,42,30,0,0,12,0,0,0,0,0,42,30,0,12
2001,"ALAMOSA",8003,43,33,0,0,10,0,0,0,0,0,43,33,0,10
2002,"ALAMOSA",8003,43,37,1,1,4,2,0,1,1,0,41,37,0,4
2003,"ALAMOSA",8003,58,52,1,0,5,2,0,1,0,1,56,52,0,4
1990,"ARAPAHOE",8005,2591,1889,33,0,666,174,120,32,0,19,2417,1769,1,647
1991,"ARAPAHOE",8005,2760,2119,34,0,606,94,58,32,0,3,2666,2061,2,603
1992,"ARAPAHOE",8005,2531,1820,19,0,692,130,91,18,0,21,2401,1729,1,671
1993,"ARAPAHOE",8005,2120,1510,24,1,585,176,120,23,1,32,1944,1390,1,553
1994,"ARAPAHOE",8005,1777,1327,13,0,437,90,63,12,0,15,1687,1264,1,422
1995,"ARAPAHOE",8005,2041,1492,23,0,526,89,54,22,0,13,1952,1438,1,513
1996,"ARAPAHOE",8005,2305,1767,17,0,521,109,86,16,0,7,2196,1681,1,514
1997,"ARAPAHOE",8005,2874,2252,26,0,596,72,40,26,0,6,2802,2212,0,590
1998,"ARAPAHOE",8005,2466,2028,8,0,430,44,34,8,0,2,2422,1994,0,428
1999,"ARAPAHOE",8005,2240,1828,32,0,380,73,34,32,0,7,2167,1794,0,373
2000,"ARAPAHOE",8005,2008,1647,12,0,349,48,36,12,0,0,1960,1611,0,349
2001,"ARAPAHOE",8005,2158,1818,23,0,317,69,44,22,0,3,2089,1774,1,314
2002,"ARAPAHOE",8005,2555,2124,16,0,415,64,40,16,0,8,2491,2084,0,407
2003,"ARAPAHOE",8005,3421,2960,10,0,451,60,47,10,0,3,3361,2913,0,448
1990,"ARCHULETA",8007,7,5,0,0,1,4,2,0,0,1,3,3,0,0
1991,"ARCHULETA",8007,11,9,1,0,1,1,0,1,0,0,10,9,0,1
1992,"ARCHULETA",8007,7,6,1,0,0,1,0,1,0,0,6,6,0,0
1993,"ARCHULETA",8007,8,8,0,0,0,1,1,0,0,0,7,7,0,0
1994,"ARCHULETA",8007,13,11,2,0,0,5,3,2,0,0,8,8,0,0
1995,"ARCHULETA",8007,17,16,0,0,1,4,4,0,0,0,13,12,0,1
1996,"ARCHULETA",8007,18,14,0,0,4,3,2,0,0,1,15,12,0,3
1997,"ARCHULETA",8007,28,25,0,0,3,4,4,0,0,0,24,21,0,3
1998,"ARCHULETA",8007,21,21,0,0,0,1,1,0,0,0,20,20,0,0
1999,"ARCHULETA",8007,26,25,0,0,1,1,1,0,0,0,25,24,0,1
2000,"ARCHULETA",8007,25,21,0,0,4,0,0,0,0,0,25,21,0,4
2001,"ARCHULETA",8007,40,40,0,0,0,3,3,0,0,0,37,37,0,0
2002,"ARCHULETA",8007,51,48,0,0,3,1,0,0,0,1,50,48,0,2
2003,"ARCHULETA",8007,41,41,0,0,0,0,0,0,0,0,41,41,0,0
1990,"BACA",8009,5,4,0,0,1,0,0,0,0,0,5,4,0,1
1991,"BACA",8009,4,4,0,0,0,0,0,0,0,0,4,4,0,0
1992,"BACA",8009,8,6,0,0,2,1,1,0,0,0,7,5,0,2
1993,"BACA",8009,4,4,0,0,0,0,0,0,0,0,4,4,0,0
1994,"BACA",8009,3,3,0,0,0,1,1,0,0,0,2,2,0,0
1995,"BACA",8009,3,3,0,0,0,1,1,0,0,0,2,2,0,0
1996,"BACA",8009,8,6,0,1,1,1,0,0,1,0,7,6,0,1
1997,"BACA",8009,8,7,0,0,1,0,0,0,0,0,8,7,0,1
1998,"BACA",8009,14,13,0,0,1,1,0,0,0,1,13,13,0,0
1999,"BACA",8009,7,6,0,0,1,0,0,0,0,0,7,6,0,1
2000,"BACA",8009,12,11,0,0,1,1,1,0,0,0,11,10,0,1
2001,"BACA",8009,13,13,0,0,0,0,0,0,0,0,13,13,0,0
2002,"BACA",8009,13,12,0,0,1,0,0,0,0,0,13,12,0,1
2003,"BACA",8009,19,19,0,0,0,0,0,0,0,0,19,19,0,0
1990,"BENT",8011,14,13,0,0,1,0,0,0,0,0,14,13,0,1
1991,"BENT",8011,15,12,0,0,3,1,0,0,0,1,14,12,0,2
1992,"BENT",8011,10,9,0,0,1,0,0,0,0,0,10,9,0,1
1993,"BENT",8011,13,11,0,1,1,2,1,0,1,0,11,10,0,1
1994,"BENT",8011,11,8,0,0,3,2,1,0,0,1,9,7,0,2
1995,"BENT",8011,15,14,0,0,1,1,1,0,0,0,14,13,0,1
1996,"BENT",8011,24,21,0,0,3,0,0,0,0,0,24,21,0,3
1997,"BENT",8011,18,15,0,1,2,3,2,0,1,0,15,13,0,2
1998,"BENT",8011,23,23,0,0,0,2,2,0,0,0,21,21,0,0
1999,"BENT",8011,22,20,0,0,2,1,1,0,0,0,21,19,0,2
2000,"BENT",8011,18,17,0,0,1,1,1,0,0,0,17,16,0,1
2001,"BENT",8011,28,25,0,0,3,1,1,0,0,0,27,24,0,3
2002,"BENT",8011,19,18,1,0,0,2,1,1,0,0,17,17,0,0
2003,"BENT",8011,21,18,1,0,2,1,0,1,0,0,20,18,0,2
1990,"BOULDER",8013,1010,808,22,0,180,96,68,22,0,6,914,740,0,174
1991,"BOULDER",8013,1001,807,17,0,177,56,40,15,0,1,945,767,2,176
1992,"BOULDER",8013,893,704,13,0,176,83,55,13,0,15,810,649,0,161
1993,"BOULDER",8013,678,553,10,0,115,73,57,9,0,7,605,496,1,108
1994,"BOULDER",8013,673,576,9,0,88,52,40,9,0,3,621,536,0,85
1995,"BOULDER",8013,745,651,5,0,89,52,42,5,0,5,693,609,0,84
1996,"BOULDER",8013,944,788,15,1,140,63,41,14,1,7,881,747,1,133
1997,"BOULDER",8013,1085,927,1,1,156,39,34,1,1,3,1046,893,0,153
1998,"BOULDER",8013,1028,903,8,0,117,38,28,8,0,2,990,875,0,115
1999,"BOULDER",8013,957,846,6,1,104,27,19,6,1,1,930,827,0,103
2000,"BOULDER",8013,827,738,8,0,81,30,22,8,0,0,797,716,0,81
2001,"BOULDER",8013,989,895,4,0,90,28,22,4,0,2,961,873,0,88
2002,"BOULDER",8013,906,844,7,0,55,42,34,7,0,1,864,810,0,54
2003,"BOULDER",8013,1042,993,4,0,45,25,21,4,0,0,1017,972,0,45
2001,"BROOMFIELD",8014,23,20,1,0,2,2,1,1,0,0,21,19,0,2
2002,"BROOMFIELD",8014,166,156,1,0,9,5,4,1,0,0,161,152,0,9
2003,"BROOMFIELD",8014,246,229,0,0,17,7,7,0,0,0,239,222,0,17
1990,"CHAFFEE",8015,23,18,1,0,4,5,3,1,0,1,18,15,0,3
1991,"CHAFFEE",8015,23,20,0,0,3,1,0,0,0,1,22,20,0,2
1992,"CHAFFEE",8015,20,18,0,0,2,2,2,0,0,0,18,16,0,2
1993,"CHAFFEE",8015,24,20,0,0,4,1,0,0,0,1,23,20,0,3
1994,"CHAFFEE",8015,18,15,2,0,1,4,2,2,0,0,14,13,0,1
1995,"CHAFFEE",8015,25,25,0,0,0,0,0,0,0,0,25,25,0,0
1996,"CHAFFEE",8015,22,18,0,0,4,2,2,0,0,0,20,16,0,4
1997,"CHAFFEE",8015,32,27,2,0,3,4,2,2,0,0,28,25,0,3
1998,"CHAFFEE",8015,33,23,1,0,9,2,1,1,0,0,31,22,0,9
1999,"CHAFFEE",8015,32,27,0,0,5,1,1,0,0,0,31,26,0,5
2000,"CHAFFEE",8015,26,23,0,0,3,0,0,0,0,0,26,23,0,3
2001,"CHAFFEE",8015,38,35,0,0,3,0,0,0,0,0,38,35,0,3
2002,"CHAFFEE",8015,47,45,0,0,2,0,0,0,0,0,47,45,0,2
2003,"CHAFFEE",8015,43,41,0,0,2,0,0,0,0,0,43,41,0,2
1990,"CHEYENNE",8017,4,4,0,0,0,0,0,0,0,0,4,4,0,0
1991,"CHEYENNE",8017,4,3,0,0,1,0,0,0,0,0,4,3,0,1
1992,"CHEYENNE",8017,1,0,0,1,0,1,0,0,1,0,0,0,0,0
1993,"CHEYENNE",8017,5,3,1,1,0,2,0,1,1,0,3,3,0,0
1994,"CHEYENNE",8017,4,3,1,0,0,1,0,1,0,0,3,3,0,0
1995,"CHEYENNE",8017,3,3,0,0,0,1,1,0,0,0,2,2,0,0
1996,"CHEYENNE",8017,7,5,0,0,2,1,1,0,0,0,6,4,0,2
1997,"CHEYENNE",8017,1,1,0,0,0,0,0,0,0,0,1,1,0,0
1998,"CHEYENNE",8017,6,4,0,0,2,0,0,0,0,0,6,4,0,2
1999,"CHEYENNE",8017,5,5,0,0,0,0,0,0,0,0,5,5,0,0
2000,"CHEYENNE",8017,4,4,0,0,0,0,0,0,0,0,4,4,0,0
2001,"CHEYENNE",8017,5,4,0,0,1,0,0,0,0,0,5,4,0,1
2002,"CHEYENNE",8017,2,2,0,0,0,1,1,0,0,0,1,1,0,0
2003,"CHEYENNE",8017,5,5,0,0,0,0,0,0,0,0,5,5,0,0
1990,"CLEAR CREEK",8019,17,12,0,0,5,2,1,0,0,1,15,11,0,4
1991,"CLEAR CREEK",8019,19,14,0,0,5,0,0,0,0,0,19,14,0,5
1992,"CLEAR CREEK",8019,27,20,0,0,7,2,2,0,0,0,25,18,0,7
1993,"CLEAR CREEK",8019,26,19,0,0,7,4,3,0,0,1,22,16,0,6
1994,"CLEAR CREEK",8019,23,17,0,0,6,2,2,0,0,0,21,15,0,6
1995,"CLEAR CREEK",8019,19,17,0,0,2,0,0,0,0,0,19,17,0,2
1996,"CLEAR CREEK",8019,30,26,1,0,3,5,4,1,0,0,25,22,0,3
1997,"CLEAR CREEK",8019,32,26,0,0,6,1,1,0,0,0,31,25,0,6
1998,"CLEAR CREEK",8019,23,21,0,0,2,0,0,0,0,0,23,21,0,2
1999,"CLEAR CREEK",8019,17,14,0,0,3,0,0,0,0,0,17,14,0,3
2000,"CLEAR CREEK",8019,25,21,0,0,4,5,5,0,0,0,20,16,0,4
2001,"CLEAR CREEK",8019,22,21,1,0,0,2,1,1,0,0,20,20,0,0
2002,"CLEAR CREEK",8019,43,38,1,0,4,6,4,1,0,1,37,34,0,3
2003,"CLEAR CREEK",8019,46,41,0,0,5,2,2,0,0,0,44,39,0,5
1990,"CONEJOS",8021,8,6,1,0,1,2,2,0,0,0,6,4,1,1
1991,"CONEJOS",8021,6,5,0,1,0,1,0,0,1,0,5,5,0,0
1992,"CONEJOS",8021,6,5,0,0,1,2,1,0,0,1,4,4,0,0
1993,"CONEJOS",8021,8,6,0,2,0,2,0,0,2,0,6,6,0,0
1994,"CONEJOS",8021,6,4,0,0,2,2,0,0,0,2,4,4,0,0
1995,"CONEJOS",8021,11,11,0,0,0,1,1,0,0,0,10,10,0,0
1996,"CONEJOS",8021,7,6,0,0,1,1,1,0,0,0,6,5,0,1
1997,"CONEJOS",8021,18,16,0,0,2,1,1,0,0,0,17,15,0,2
1998,"CONEJOS",8021,17,11,0,0,6,3,2,0,0,1,14,9,0,5
1999,"CONEJOS",8021,20,15,0,0,5,0,0,0,0,0,20,15,0,5
2000,"CONEJOS",8021,19,14,0,0,5,1,1,0,0,0,18,13,0,5
2001,"CONEJOS",8021,18,17,0,0,1,0,0,0,0,0,18,17,0,1
2002,"CONEJOS",8021,23,16,0,3,4,3,0,0,3,0,20,16,0,4
2003,"CONEJOS",8021,21,18,0,0,3,0,0,0,0,0,21,18,0,3
1990,"COSTILLA",8023,7,4,1,0,2,0,0,0,0,0,7,4,1,2
1991,"COSTILLA",8023,1,1,0,0,0,0,0,0,0,0,1,1,0,0
1992,"COSTILLA",8023,7,7,0,0,0,0,0,0,0,0,7,7,0,0
1993,"COSTILLA",8023,1,1,0,0,0,0,0,0,0,0,1,1,0,0
1994,"COSTILLA",8023,3,2,0,0,1,0,0,0,0,0,3,2,0,1
1995,"COSTILLA",8023,6,4,0,0,2,1,1,0,0,0,5,3,0,2
1996,"COSTILLA",8023,9,9,0,0,0,0,0,0,0,0,9,9,0,0
1997,"COSTILLA",8023,8,6,0,1,1,1,0,0,1,0,7,6,0,1
1998,"COSTILLA",8023,9,9,0,0,0,1,1,0,0,0,8,8,0,0
1999,"COSTILLA",8023,11,8,0,0,3,1,1,0,0,0,10,7,0,3
2000,"COSTILLA",8023,12,11,0,0,1,0,0,0,0,0,12,11,0,1
2001,"COSTILLA",8023,17,15,0,0,2,0,0,0,0,0,17,15,0,2
2002,"COSTILLA",8023,14,12,0,0,2,0,0,0,0,0,14,12,0,2
2003,"COSTILLA",8023,7,7,0,0,0,0,0,0,0,0,7,7,0,0
1990,"CROWLEY",8025,8,7,0,1,0,2,1,0,1,0,6,6,0,0
1991,"CROWLEY",8025,12,10,0,1,1,1,0,0,1,0,11,10,0,1
1992,"CROWLEY",8025,6,5,0,1,0,1,0,0,1,0,5,5,0,0
1993,"CROWLEY",8025,5,3,0,0,2,1,1,0,0,0,4,2,0,2
1994,"CROWLEY",8025,10,7,0,0,3,0,0,0,0,0,10,7,0,3
1995,"CROWLEY",8025,9,8,0,0,1,0,0,0,0,0,9,8,0,1
1996,"CROWLEY",8025,4,3,0,1,0,1,0,0,1,0,3,3,0,0
1997,"CROWLEY",8025,6,5,0,0,1,0,0,0,0,0,6,5,0,1
1998,"CROWLEY",8025,11,7,0,0,4,0,0,0,0,0,11,7,0,4
1999,"CROWLEY",8025,11,8,0,0,3,0,0,0,0,0,11,8,0,3
2000,"CROWLEY",8025,13,12,0,0,1,0,0,0,0,0,13,12,0,1
2001,"CROWLEY",8025,25,21,0,0,4,0,0,0,0,0,25,21,0,4
2002,"CROWLEY",8025,18,17,0,0,1,0,0,0,0,0,18,17,0,1
2003,"CROWLEY",8025,22,22,0,0,0,0,0,0,0,0,22,22,0,0
1990,"CUSTER",8027,6,3,0,0,3,2,1,0,0,1,4,2,0,2
1991,"CUSTER",8027,8,6,0,0,2,0,0,0,0,0,8,6,0,2
1992,"CUSTER",8027,6,4,0,0,2,0,0,0,0,0,6,4,0,2
1993,"CUSTER",8027,4,2,0,0,2,1,0,0,0,1,3,2,0,1
1994,"CUSTER",8027,5,4,0,0,1,0,0,0,0,0,5,4,0,1
1995,"CUSTER",8027,9,9,0,0,0,1,1,0,0,0,8,8,0,0
1996,"CUSTER",8027,4,4,0,0,0,0,0,0,0,0,4,4,0,0
1997,"CUSTER",8027,14,13,0,0,1,0,0,0,0,0,14,13,0,1
1998,"CUSTER",8027,7,5,0,0,2,0,0,0,0,0,7,5,0,2
1999,"CUSTER",8027,11,9,0,0,2,0,0,0,0,0,11,9,0,2
2000,"CUSTER",8027,5,4,0,0,1,0,0,0,0,0,5,4,0,1
2001,"CUSTER",8027,15,13,0,0,2,0,0,0,0,0,15,13,0,2
2002,"CUSTER",8027,10,10,0,0,0,0,0,0,0,0,10,10,0,0
2003,"CUSTER",8027,16,12,0,0,4,0,0,0,0,0,16,12,0,4
1990,"DELTA",8029,39,38,0,0,1,1,1,0,0,0,38,37,0,1
1991,"DELTA",8029,44,42,1,0,1,2,1,1,0,0,42,41,0,1
1992,"DELTA",8029,49,47,0,0,2,7,6,0,0,1,42,41,0,1
1993,"DELTA",8029,44,42,0,0,2,4,3,0,0,1,40,39,0,1
1994,"DELTA",8029,44,39,0,0,5,4,4,0,0,0,40,35,0,5
1995,"DELTA",8029,61,57,0,0,4,1,1,0,0,0,60,56,0,4
1996,"DELTA",8029,90,83,2,2,3,14,10,2,2,0,76,73,0,3
1997,"DELTA",8029,84,79,0,0,5,1,1,0,0,0,83,78,0,5
1998,"DELTA",8029,92,89,0,0,3,1,1,0,0,0,91,88,0,3
1999,"DELTA",8029,97,89,0,2,6,4,2,0,2,0,93,87,0,6
2000,"DELTA",8029,132,128,0,1,3,2,0,0,1,1,130,128,0,2
2001,"DELTA",8029,137,131,0,0,6,2,1,0,0,1,135,130,0,5
2002,"DELTA",8029,141,139,0,0,2,5,5,0,0,0,136,134,0,2
2003,"DELTA",8029,160,157,0,0,3,4,4,0,0,0,156,153,0,3
1990,"DENVER",8031,3424,2313,71,0,1039,207,120,67,0,19,3217,2193,4,1020
1991,"DENVER",8031,3503,2468,70,0,964,132,59,67,0,5,3371,2409,3,959
1992,"DENVER",8031,3486,2327,87,0,1072,250,135,87,0,28,3236,2192,0,1044
1993,"DENVER",8031,2928,1959,48,1,919,216,132,47,1,35,2712,1827,1,884
1994,"DENVER",8031,2789,1981,26,0,782,101,63,26,0,12,2688,1918,0,770
1995,"DENVER",8031,2970,2095,47,0,828,135,81,45,0,9,2835,2014,2,819
1996,"DENVER",8031,3230,2340,35,0,855,110,65,35,0,10,3120,2275,0,845
1997,"DENVER",8031,3596,2750,28,0,816,74,39,28,0,5,3522,2711,0,811
1998,"DENVER",8031,3045,2400,25,0,620,59,31,25,0,3,2986,2369,0,617
1999,"DENVER",8031,2511,1971,15,0,525,49,32,15,0,2,2462,1939,0,523
2000,"DENVER",8031,2371,1852,26,0,493,52,19,26,0,7,2319,1833,0,486
2001,"DENVER",8031,2774,2263,30,0,481,89,54,29,0,6,2685,2209,1,475
2002,"DENVER",8031,2703,2192,32,0,479,71,39,30,0,2,2632,2153,2,477
2003,"DENVER",8031,3145,2668,17,0,459,74,51,16,0,6,3071,2617,1,453
1990,"DOLORES",8033,25,23,0,0,2,1,1,0,0,0,24,22,0,2
1991,"DOLORES",8033,3,1,0,1,1,1,0,0,1,0,2,1,0,1
1992,"DOLORES",8033,1,0,0,1,0,1,0,0,1,0,0,0,0,0
1993,"DOLORES",8033,1,1,0,0,0,0,0,0,0,0,1,1,0,0
1994,"DOLORES",8033,2,2,0,0,0,0,0,0,0,0,2,2,0,0
1995,"DOLORES",8033,2,1,0,1,0,2,1,0,1,0,0,0,0,0
1996,"DOLORES",8033,4,4,0,0,0,0,0,0,0,0,4,4,0,0
1997,"DOLORES",8033,4,4,0,0,0,0,0,0,0,0,4,4,0,0
1998,"DOLORES",8033,7,7,0,0,0,0,0,0,0,0,7,7,0,0
1999,"DOLORES",8033,7,7,0,0,0,0,0,0,0,0,7,7,0,0
2000,"DOLORES",8033,5,5,0,0,0,0,0,0,0,0,5,5,0,0
2001,"DOLORES",8033,8,8,0,0,0,0,0,0,0,0,8,8,0,0
2002,"DOLORES",8033,5,5,0,0,0,0,0,0,0,0,5,5,0,0
2003,"DOLORES",8033,4,4,0,0,0,0,0,0,0,0,4,4,0,0
1990,"DOUGLAS",8035,227,173,4,0,49,25,17,4,0,3,202,156,0,46
1991,"DOUGLAS",8035,236,183,1,0,51,9,6,1,0,1,227,177,0,50
1992,"DOUGLAS",8035,187,142,0,0,45,16,14,0,0,2,171,128,0,43
1993,"DOUGLAS",8035,200,150,1,0,48,24,17,1,0,5,176,133,0,43
1994,"DOUGLAS",8035,163,134,1,0,28,10,9,1,0,0,153,125,0,28
1995,"DOUGLAS",8035,175,131,1,0,43,16,12,1,0,3,159,119,0,40
1996,"DOUGLAS",8035,256,202,1,0,53,15,13,1,0,1,241,189,0,52
1997,"DOUGLAS",8035,359,294,0,0,65,9,7,0,0,2,350,287,0,63
1998,"DOUGLAS",8035,351,317,0,0,34,5,5,0,0,0,346,312,0,34
1999,"DOUGLAS",8035,319,273,1,0,45,9,8,1,0,0,310,265,0,45
2000,"DOUGLAS",8035,307,250,2,0,55,12,10,2,0,0,295,240,0,55
2001,"DOUGLAS",8035,415,347,1,0,67,14,13,1,0,0,401,334,0,67
2002,"DOUGLAS",8035,636,559,4,0,73,22,19,3,0,0,614,540,1,73
2003,"DOUGLAS",8035,880,792,0,0,88,22,19,0,0,3,858,773,0,85
1990,"EAGLE",8037,56,35,10,0,11,13,3,9,0,1,43,32,1,10
1991,"EAGLE",8037,51,39,5,0,7,7,2,5,0,0,44,37,0,7
1992,"EAGLE",8037,87,46,30,0,11,39,9,30,0,0,48,37,0,11
1993,"EAGLE",8037,64,51,1,0,12,13,11,1,0,1,51,40,0,11
1994,"EAGLE",8037,36,32,0,0,4,8,7,0,0,1,28,25,0,3
1995,"EAGLE",8037,53,49,0,0,4,8,8,0,0,0,45,41,0,4
1996,"EAGLE",8037,57,50,1,0,6,9,8,1,0,0,48,42,0,6
1997,"EAGLE",8037,72,67,1,0,4,5,4,1,0,0,67,63,0,4
1998,"EAGLE",8037,54,51,1,0,2,2,1,1,0,0,52,50,0,2
1999,"EAGLE",8037,53,48,0,0,5,2,2,0,0,0,51,46,0,5
2000,"EAGLE",8037,59,55,0,0,4,0,0,0,0,0,59,55,0,4
2001,"EAGLE",8037,69,64,2,0,3,8,6,2,0,0,61,58,0,3
2002,"EAGLE",8037,76,69,2,0,5,8,6,2,0,0,68,63,0,5
2003,"EAGLE",8037,105,100,0,0,5,13,13,0,0,0,92,87,0,5
1990,"ELBERT",8039,41,28,1,1,11,5,3,1,1,0,36,25,0,11
1991,"ELBERT",8039,46,34,0,0,12,1,1,0,0,0,45,33,0,12
1992,"ELBERT",8039,48,36,1,0,11,5,3,1,0,1,43,33,0,10
1993,"ELBERT",8039,36,27,0,1,8,3,2,0,1,0,33,25,0,8
1994,"ELBERT",8039,28,25,0,0,3,0,0,0,0,0,28,25,0,3
1995,"ELBERT",8039,36,28,0,0,8,3,2,0,0,1,33,26,0,7
1996,"ELBERT",8039,34,28,0,0,6,2,1,0,0,1,32,27,0,5
1997,"ELBERT",8039,54,43,0,0,11,0,0,0,0,0,54,43,0,11
1998,"ELBERT",8039,64,47,0,0,17,2,1,0,0,1,62,46,0,16
1999,"ELBERT",8039,50,40,0,0,10,1,0,0,0,1,49,40,0,9
2000,"ELBERT",8039,49,40,1,1,7,4,2,1,1,0,45,38,0,7
2001,"ELBERT",8039,47,36,0,0,11,2,2,0,0,0,45,34,0,11
2002,"ELBERT",8039,96,83,0,0,13,3,3,0,0,0,93,80,0,13
2003,"ELBERT",8039,123,103,1,0,19,8,4,1,0,3,115,99,0,16
1990,"EL PASO",8041,2225,1686,18,1,519,122,91,15,1,14,2103,1595,3,505
1991,"EL PASO",8041,2408,1967,19,0,421,52,29,19,0,3,2356,1938,0,418
1992,"EL PASO",8041,2038,1676,8,2,351,124,96,8,2,17,1914,1580,0,334
1993,"EL PASO",8041,1827,1501,18,0,308,131,96,16,0,19,1696,1405,2,289
1994,"EL PASO",8041,1779,1562,16,0,200,95,70,16,0,8,1684,1492,0,192
1995,"EL PASO",8041,1778,1597,1,0,180,54,50,1,0,3,1724,1547,0,177
1996,"EL PASO",8041,2217,1938,15,0,264,116,90,14,0,12,2101,1848,1,252
1997,"EL PASO",8041,2474,2182,7,0,285,65,51,7,0,7,2409,2131,0,278
1998,"EL PASO",8041,2695,2386,6,1,302,63,53,6,1,3,2632,2333,0,299
1999,"EL PASO",8041,2253,1980,10,0,263,50,40,10,0,0,2203,1940,0,263
2000,"EL PASO",8041,2103,1863,5,0,235,53,42,5,0,6,2050,1821,0,229
2001,"EL PASO",8041,2817,2534,4,0,279,32,27,4,0,1,2785,2507,0,278
2002,"EL PASO",8041,3177,2849,7,0,321,56,48,7,0,1,3121,2801,0,320
2003,"EL PASO",8041,3720,3392,8,0,320,74,56,8,0,10,3646,3336,0,310
1990,"FREMONT",8043,96,76,1,0,19,7,5,1,0,1,89,71,0,18
1991,"FREMONT",8043,109,90,0,0,19,5,4,0,0,1,104,86,0,18
1992,"FREMONT",8043,103,77,2,0,24,4,2,2,0,0,99,75,0,24
1993,"FREMONT",8043,104,70,0,0,34,10,6,0,0,4,94,64,0,30
1994,"FREMONT",8043,92,71,1,0,20,6,4,1,0,1,86,67,0,19
1995,"FREMONT",8043,105,81,1,0,23,5,3,1,0,1,100,78,0,22
1996,"FREMONT",8043,134,121,1,0,12,7,5,1,0,1,127,116,0,11
1997,"FREMONT",8043,213,176,0,0,37,7,7,0,0,0,206,169,0,37
1998,"FREMONT",8043,217,173,0,0,44,3,3,0,0,0,214,170,0,44
1999,"FREMONT",8043,189,163,1,0,25,4,2,1,0,1,185,161,0,24
2000,"FREMONT",8043,216,181,0,0,35,2,2,0,0,0,214,179,0,35
2001,"FREMONT",8043,243,210,0,0,33,4,4,0,0,0,239,206,0,33
2002,"FREMONT",8043,245,209,0,0,36,6,5,0,0,1,239,204,0,35
2003,"FREMONT",8043,275,247,1,0,27,4,3,1,0,0,271,244,0,27
1990,"GARFIELD",8045,81,72,3,0,6,7,5,2,0,0,74,67,1,6
1991,"GARFIELD",8045,100,95,1,0,4,6,5,1,0,0,94,90,0,4
1992,"GARFIELD",8045,100,89,2,0,9,14,9,2,0,3,86,80,0,6
1993,"GARFIELD",8045,89,85,0,0,4,8,7,0,0,1,81,78,0,3
1994,"GARFIELD",8045,79,77,0,0,2,15,14,0,0,1,64,63,0,1
1995,"GARFIELD",8045,97,90,2,0,5,7,5,2,0,0,90,85,0,5
1996,"GARFIELD",8045,102,98,0,0,4,6,5,0,0,1,96,93,0,3
1997,"GARFIELD",8045,153,146,1,0,6,5,4,1,0,0,148,142,0,6
1998,"GARFIELD",8045,151,147,0,0,4,5,5,0,0,0,146,142,0,4
1999,"GARFIELD",8045,144,140,0,0,4,3,3,0,0,0,141,137,0,4
2000,"GARFIELD",8045,113,106,1,0,6,1,0,1,0,0,112,106,0,6
2001,"GARFIELD",8045,146,142,1,0,3,3,2,1,0,0,143,140,0,3
2002,"GARFIELD",8045,172,170,0,0,2,7,7,0,0,0,165,163,0,2
2003,"GARFIELD",8045,228,223,1,0,4,9,8,1,0,0,219,215,0,4
1990,"GILPIN",8047,12,12,0,0,0,2,2,0,0,0,10,10,0,0
1991,"GILPIN",8047,7,7,0,0,0,0,0,0,0,0,7,7,0,0
1992,"GILPIN",8047,12,7,2,0,3,2,0,2,0,0,10,7,0,3
1993,"GILPIN",8047,9,8,1,0,0,1,0,1,0,0,8,8,0,0
1994,"GILPIN",8047,11,7,0,0,4,0,0,0,0,0,11,7,0,4
1995,"GILPIN",8047,16,12,0,0,4,0,0,0,0,0,16,12,0,4
1996,"GILPIN",8047,12,10,0,0,2,0,0,0,0,0,12,10,0,2
1997,"GILPIN",8047,5,2,1,0,2,1,0,1,0,0,4,2,0,2
1998,"GILPIN",8047,11,8,1,0,2,1,0,1,0,0,10,8,0,2
1999,"GILPIN",8047,20,15,0,0,5,0,0,0,0,0,20,15,0,5
2000,"GILPIN",8047,10,7,2,0,1,3,1,2,0,0,7,6,0,1
2001,"GILPIN",8047,14,11,0,0,3,0,0,0,0,0,14,11,0,3
2002,"GILPIN",8047,23,18,3,0,2,3,0,3,0,0,20,18,0,2
2003,"GILPIN",8047,34,33,0,0,1,1,1,0,0,0,33,32,0,1
1990,"GRAND",8049,30,21,2,0,7,5,3,2,0,0,25,18,0,7
1991,"GRAND",8049,36,30,1,0,5,1,0,1,0,0,35,30,0,5
1992,"GRAND",8049,25,20,1,0,4,2,1,1,0,0,23,19,0,4
1993,"GRAND",8049,19,12,1,0,6,3,2,1,0,0,16,10,0,6
1994,"GRAND",8049,18,14,0,0,4,2,2,0,0,0,16,12,0,4
1995,"GRAND",8049,25,23,1,0,1,4,3,1,0,0,21,20,0,1
1996,"GRAND",8049,26,21,0,0,5,0,0,0,0,0,26,21,0,5
1997,"GRAND",8049,28,24,0,0,4,5,5,0,0,0,23,19,0,4
1998,"GRAND",8049,27,25,0,0,2,1,1,0,0,0,26,24,0,2
1999,"GRAND",8049,38,37,0,0,1,1,1,0,0,0,37,36,0,1
2000,"GRAND",8049,33,31,0,0,2,1,0,0,0,1,32,31,0,1
2001,"GRAND",8049,32,27,3,0,2,3,0,3,0,0,29,27,0,2
2002,"GRAND",8049,32,30,0,0,2,0,0,0,0,0,32,30,0,2
2003,"GRAND",8049,62,58,1,0,3,2,1,1,0,0,60,57,0,3
1990,"GUNNISON",8051,16,15,0,0,1,1,1,0,0,0,15,14,0,1
1991,"GUNNISON",8051,23,20,1,1,1,4,2,1,1,0,19,18,0,1
1992,"GUNNISON",8051,16,14,2,0,0,4,2,2,0,0,12,12,0,0
1993,"GUNNISON",8051,13,13,0,0,0,1,1,0,0,0,12,12,0,0
1994,"GUNNISON",8051,14,13,0,0,1,2,2,0,0,0,12,11,0,1
1995,"GUNNISON",8051,19,18,0,0,1,4,3,0,0,1,15,15,0,0
1996,"GUNNISON",8051,21,19,0,0,2,2,2,0,0,0,19,17,0,2
1997,"GUNNISON",8051,25,20,0,0,5,2,1,0,0,1,23,19,0,4
1998,"GUNNISON",8051,36,33,0,1,2,3,1,0,1,1,33,32,0,1
1999,"GUNNISON",8051,20,19,0,0,1,1,1,0,0,0,19,18,0,1
2000,"GUNNISON",8051,22,22,0,0,0,0,0,0,0,0,22,22,0,0
2001,"GUNNISON",8051,36,35,0,0,1,4,4,0,0,0,32,31,0,1
2002,"GUNNISON",8051,34,30,1,0,3,1,0,1,0,0,33,30,0,3
2003,"GUNNISON",8051,33,32,0,0,1,0,0,0,0,0,33,32,0,1
1990,"HINSDALE",8053,1,1,0,0,0,0,0,0,0,0,1,1,0,0
1991,"HINSDALE",8053,1,1,0,0,0,0,0,0,0,0,1,1,0,0
1993,"HINSDALE",8053,1,1,0,0,0,0,0,0,0,0,1,1,0,0
1994,"HINSDALE",8053,1,1,0,0,0,0,0,0,0,0,1,1,0,0
1996,"HINSDALE",8053,3,3,0,0,0,0,0,0,0,0,3,3,0,0
1997,"HINSDALE",8053,1,1,0,0,0,1,1,0,0,0,0,0,0,0
1998,"HINSDALE",8053,2,2,0,0,0,0,0,0,0,0,2,2,0,0
1999,"HINSDALE",8053,1,1,0,0,0,0,0,0,0,0,1,1,0,0
2000,"HINSDALE",8053,1,1,0,0,0,0,0,0,0,0,1,1,0,0
2001,"HINSDALE",8053,2,2,0,0,0,0,0,0,0,0,2,2,0,0
2002,"HINSDALE",8053,2,1,0,0,1,0,0,0,0,0,2,1,0,1
2003,"HINSDALE",8053,3,2,0,0,1,0,0,0,0,0,3,2,0,1
1990,"HUERFANO",8055,12,9,1,0,2,2,1,1,0,0,10,8,0,2
1991,"HUERFANO",8055,18,11,1,0,6,1,0,1,0,0,17,11,0,6
1992,"HUERFANO",8055,18,14,0,0,4,0,0,0,0,0,18,14,0,4
1993,"HUERFANO",8055,27,19,0,1,7,2,1,0,1,0,25,18,0,7
1994,"HUERFANO",8055,9,9,0,0,0,0,0,0,0,0,9,9,0,0
1995,"HUERFANO",8055,20,15,0,0,5,0,0,0,0,0,20,15,0,5
1996,"HUERFANO",8055,31,21,0,0,10,1,0,0,0,1,30,21,0,9
1997,"HUERFANO",8055,33,26,0,0,7,1,0,0,0,1,32,26,0,6
1998,"HUERFANO",8055,33,23,0,0,10,3,2,0,0,1,30,21,0,9
1999,"HUERFANO",8055,36,28,0,0,8,1,1,0,0,0,35,27,0,8
2000,"HUERFANO",8055,33,25,0,0,8,0,0,0,0,0,33,25,0,8
2001,"HUERFANO",8055,31,28,0,0,3,0,0,0,0,0,31,28,0,3
2002,"HUERFANO",8055,45,40,0,0,5,1,1,0,0,0,44,39,0,5
2003,"HUERFANO",8055,43,41,0,0,2,0,0,0,0,0,43,41,0,2
1990,"JACKSON",8057,3,2,1,0,0,2,1,1,0,0,1,1,0,0
1991,"JACKSON",8057,3,3,0,0,0,0,0,0,0,0,3,3,0,0
1992,"JACKSON",8057,2,2,0,0,0,0,0,0,0,0,2,2,0,0
1993,"JACKSON",8057,1,1,0,0,0,0,0,0,0,0,1,1,0,0
1994,"JACKSON",8057,3,3,0,0,0,0,0,0,0,0,3,3,0,0
1995,"JACKSON",8057,2,1,1,0,0,1,0,1,0,0,1,1,0,0
1996,"JACKSON",8057,4,4,0,0,0,1,1,0,0,0,3,3,0,0
1997,"JACKSON",8057,6,6,0,0,0,1,1,0,0,0,5,5,0,0
1998,"JACKSON",8057,2,2,0,0,0,0,0,0,0,0,2,2,0,0
1999,"JACKSON",8057,3,3,0,0,0,0,0,0,0,0,3,3,0,0
2000,"JACKSON",8057,7,7,0,0,0,0,0,0,0,0,7,7,0,0
2001,"JACKSON",8057,2,2,0,0,0,0,0,0,0,0,2,2,0,0
2002,"JACKSON",8057,5,5,0,0,0,0,0,0,0,0,5,5,0,0
2003,"JACKSON",8057,2,2,0,0,0,0,0,0,0,0,2,2,0,0
1990,"JEFFERSON",8059,1805,1348,23,2,432,98,62,21,2,13,1707,1286,2,419
1991,"JEFFERSON",8059,1791,1394,18,0,379,53,29,16,0,8,1738,1365,2,371
1992,"JEFFERSON",8059,1785,1290,19,0,476,122,87,18,0,17,1663,1203,1,459
1993,"JEFFERSON",8059,1547,1171,10,0,366,121,89,10,0,22,1426,1082,0,344
1994,"JEFFERSON",8059,1418,1115,10,0,292,64,43,8,0,12,1354,1072,2,280
1995,"JEFFERSON",8059,1380,1123,12,0,245,62,43,11,0,8,1318,1080,1,237
1996,"JEFFERSON",8059,1750,1422,8,0,320,83,69,6,0,8,1667,1353,2,312
1997,"JEFFERSON",8059,2067,1716,9,0,342,42,31,8,0,3,2025,1685,1,339
1998,"JEFFERSON",8059,1735,1472,3,0,260,34,26,3,0,5,1701,1446,0,255
1999,"JEFFERSON",8059,1557,1291,7,0,259,13,6,7,0,0,1544,1285,0,259
2000,"JEFFERSON",8059,1425,1186,8,0,231,31,21,8,0,2,1394,1165,0,229
2001,"JEFFERSON",8059,1656,1421,11,0,224,32,20,11,0,1,1624,1401,0,223
2002,"JEFFERSON",8059,2270,2003,15,0,252,77,58,14,0,5,2193,1945,1,247
2003,"JEFFERSON",8059,2964,2662,13,0,289,61,45,12,0,4,2903,2617,1,285
1990,"KIOWA",8061,3,2,0,0,1,0,0,0,0,0,3,2,0,1
1991,"KIOWA",8061,1,1,0,0,0,0,0,0,0,0,1,1,0,0
1992,"KIOWA",8061,2,1,1,0,0,2,1,1,0,0,0,0,0,0
1994,"KIOWA",8061,3,2,0,0,1,1,0,0,0,1,2,2,0,0
1995,"KIOWA",8061,5,5,0,0,0,0,0,0,0,0,5,5,0,0
1996,"KIOWA",8061,6,6,0,0,0,0,0,0,0,0,6,6,0,0
1997,"KIOWA",8061,2,2,0,0,0,0,0,0,0,0,2,2,0,0
1998,"KIOWA",8061,6,5,0,0,1,1,1,0,0,0,5,4,0,1
1999,"KIOWA",8061,9,9,0,0,0,2,2,0,0,0,7,7,0,0
2000,"KIOWA",8061,8,5,0,1,2,1,0,0,1,0,7,5,0,2
2001,"KIOWA",8061,5,5,0,0,0,0,0,0,0,0,5,5,0,0
2002,"KIOWA",8061,9,7,0,0,2,0,0,0,0,0,9,7,0,2
2003,"KIOWA",8061,10,9,0,0,1,0,0,0,0,0,10,9,0,1
1990,"KIT CARSON",8063,11,7,1,0,3,2,0,1,0,1,9,7,0,2
1991,"KIT CARSON",8063,20,18,0,0,2,0,0,0,0,0,20,18,0,2
1992,"KIT CARSON",8063,14,6,1,1,6,3,1,1,1,0,11,5,0,6
1993,"KIT CARSON",8063,19,17,0,0,2,4,2,0,0,2,15,15,0,0
1994,"KIT CARSON",8063,12,9,0,2,1,3,1,0,2,0,9,8,0,1
1995,"KIT CARSON",8063,16,16,0,0,0,1,1,0,0,0,15,15,0,0
1996,"KIT CARSON",8063,19,19,0,0,0,0,0,0,0,0,19,19,0,0
1997,"KIT CARSON",8063,21,19,0,2,0,3,1,0,2,0,18,18,0,0
1998,"KIT CARSON",8063,21,18,1,1,1,3,1,1,1,0,18,17,0,1
1999,"KIT CARSON",8063,14,14,0,0,0,0,0,0,0,0,14,14,0,0
2000,"KIT CARSON",8063,23,19,1,0,3,1,0,1,0,0,22,19,0,3
2001,"KIT CARSON",8063,28,21,3,0,4,4,1,3,0,0,24,20,0,4
2002,"KIT CARSON",8063,22,19,0,1,2,2,1,0,1,0,20,18,0,2
2003,"KIT CARSON",8063,35,30,0,2,3,3,1,0,2,0,32,29,0,3
1990,"LAKE",8065,17,15,0,0,2,1,1,0,0,0,16,14,0,2
1991,"LAKE",8065,22,17,0,0,5,2,2,0,0,0,20,15,0,5
1992,"LAKE",8065,14,10,0,0,4,1,1,0,0,0,13,9,0,4
1993,"LAKE",8065,20,17,0,0,3,0,0,0,0,0,20,17,0,3
1994,"LAKE",8065,14,13,0,0,1,2,1,0,0,1,12,12,0,0
1995,"LAKE",8065,10,10,0,0,0,0,0,0,0,0,10,10,0,0
1996,"LAKE",8065,20,17,0,0,3,1,1,0,0,0,19,16,0,3
1997,"LAKE",8065,30,26,0,0,4,0,0,0,0,0,30,26,0,4
1998,"LAKE",8065,26,22,0,0,4,0,0,0,0,0,26,22,0,4
1999,"LAKE",8065,20,18,0,0,2,0,0,0,0,0,20,18,0,2
2000,"LAKE",8065,13,13,0,0,0,0,0,0,0,0,13,13,0,0
2001,"LAKE",8065,15,12,0,0,3,0,0,0,0,0,15,12,0,3
2002,"LAKE",8065,17,14,1,0,2,2,1,1,0,0,15,13,0,2
2003,"LAKE",8065,27,26,0,0,1,1,1,0,0,0,26,25,0,1
1990,"LA PLATA",8067,68,63,0,0,5,8,8,0,0,0,60,55,0,5
1991,"LA PLATA",8067,65,59,1,0,5,5,4,1,0,0,60,55,0,5
1992,"LA PLATA",8067,60,58,2,0,0,8,7,1,0,0,52,51,1,0
1993,"LA PLATA",8067,61,58,0,0,3,10,10,0,0,0,51,48,0,3
1994,"LA PLATA",8067,63,60,1,0,2,6,5,1,0,0,57,55,0,2
1995,"LA PLATA",8067,59,59,0,0,0,8,8,0,0,0,51,51,0,0
1996,"LA PLATA",8067,99,94,0,0,5,9,9,0,0,0,90,85,0,5
1997,"LA PLATA",8067,100,98,2,0,0,6,4,2,0,0,94,94,0,0
1998,"LA PLATA",8067,124,120,0,1,3,6,5,0,1,0,118,115,0,3
1999,"LA PLATA",8067,120,116,1,0,3,6,5,1,0,0,114,111,0,3
2000,"LA PLATA",8067,127,123,0,0,4,5,5,0,0,0,122,118,0,4
2001,"LA PLATA",8067,140,132,1,1,6,4,1,1,1,1,136,131,0,5
2002,"LA PLATA",8067,157,149,2,2,4,10,6,2,2,0,147,143,0,4
2003,"LA PLATA",8067,135,134,0,0,1,4,4,0,0,0,131,130,0,1
1990,"LARIMER",8069,747,496,11,0,240,60,45,10,0,5,687,451,1,235
1991,"LARIMER",8069,828,527,6,3,292,26,15,6,3,2,802,512,0,290
1992,"LARIMER",8069,680,458,7,0,215,55,35,7,0,13,625,423,0,202
1993,"LARIMER",8069,597,401,5,0,191,65,42,5,0,18,532,359,0,173
1994,"LARIMER",8069,537,406,2,0,129,36,31,2,0,3,501,375,0,126
1995,"LARIMER",8069,566,439,4,0,123,22,15,4,0,3,544,424,0,120
1996,"LARIMER",8069,722,588,4,0,130,35,32,3,0,0,687,556,1,130
1997,"LARIMER",8069,888,737,3,0,148,22,16,3,0,3,866,721,0,145
1998,"LARIMER",8069,1032,841,3,0,188,20,17,3,0,0,1012,824,0,188
1999,"LARIMER",8069,905,772,1,0,132,16,14,1,0,1,889,758,0,131
2000,"LARIMER",8069,917,762,7,0,148,29,20,7,0,2,888,742,0,146
2001,"LARIMER",8069,1052,877,3,1,171,39,34,2,1,2,1013,843,1,169
2002,"LARIMER",8069,1211,1025,4,0,182,44,33,4,0,7,1167,992,0,175
2003,"LARIMER",8069,1391,1249,1,0,141,28,25,1,0,2,1363,1224,0,139
1990,"LAS ANIMAS",8071,29,22,0,1,6,2,1,0,1,0,27,21,0,6
1991,"LAS ANIMAS",8071,26,20,2,1,3,4,1,2,1,0,22,19,0,3
1992,"LAS ANIMAS",8071,34,26,1,1,6,6,4,1,1,0,28,22,0,6
1993,"LAS ANIMAS",8071,25,20,0,1,4,4,3,0,1,0,21,17,0,4
1994,"LAS ANIMAS",8071,18,17,1,0,0,1,0,1,0,0,17,17,0,0
1995,"LAS ANIMAS",8071,25,15,0,5,5,5,0,0,5,0,20,15,0,5
1996,"LAS ANIMAS",8071,34,32,1,0,1,2,1,1,0,0,32,31,0,1
1997,"LAS ANIMAS",8071,54,47,0,0,7,6,6,0,0,0,48,41,0,7
1998,"LAS ANIMAS",8071,52,46,0,0,6,1,1,0,0,0,51,45,0,6
1999,"LAS ANIMAS",8071,43,34,0,0,9,0,0,0,0,0,43,34,0,9
2000,"LAS ANIMAS",8071,51,46,0,1,4,2,1,0,1,0,49,45,0,4
2001,"LAS ANIMAS",8071,68,56,0,0,12,2,2,0,0,0,66,54,0,12
2002,"LAS ANIMAS",8071,85,69,0,0,16,2,2,0,0,0,83,67,0,16
2003,"LAS ANIMAS",8071,86,82,0,0,4,3,3,0,0,0,83,79,0,4
1990,"LINCOLN",8073,11,7,0,0,4,1,1,0,0,0,10,6,0,4
1991,"LINCOLN",8073,13,11,1,0,1,1,0,1,0,0,12,11,0,1
1992,"LINCOLN",8073,12,8,0,0,4,1,1,0,0,0,11,7,0,4
1993,"LINCOLN",8073,10,10,0,0,0,0,0,0,0,0,10,10,0,0
1994,"LINCOLN",8073,25,20,0,0,5,1,1,0,0,0,24,19,0,5
1995,"LINCOLN",8073,10,10,0,0,0,0,0,0,0,0,10,10,0,0
1996,"LINCOLN",8073,19,15,0,0,4,1,0,0,0,1,18,15,0,3
1997,"LINCOLN",8073,16,14,0,0,2,1,1,0,0,0,15,13,0,2
1998,"LINCOLN",8073,22,18,0,1,3,1,0,0,1,0,21,18,0,3
1999,"LINCOLN",8073,14,12,0,0,2,0,0,0,0,0,14,12,0,2
2000,"LINCOLN",8073,17,12,0,0,5,0,0,0,0,0,17,12,0,5
2001,"LINCOLN",8073,22,19,0,0,3,0,0,0,0,0,22,19,0,3
2002,"LINCOLN",8073,18,16,0,0,2,0,0,0,0,0,18,16,0,2
2003,"LINCOLN",8073,26,24,0,0,2,1,1,0,0,0,25,23,0,2
1990,"LOGAN",8075,62,49,2,0,11,3,2,1,0,0,59,47,1,11
1991,"LOGAN",8075,40,30,1,4,5,8,3,1,4,0,32,27,0,5
1992,"LOGAN",8075,47,43,2,0,2,5,3,2,0,0,42,40,0,2
1993,"LOGAN",8075,48,36,5,0,7,7,2,5,0,0,41,34,0,7
1994,"LOGAN",8075,37,33,1,0,3,3,2,1,0,0,34,31,0,3
1995,"LOGAN",8075,45,38,1,3,3,5,1,1,3,0,40,37,0,3
1996,"LOGAN",8075,63,55,2,2,4,6,2,2,2,0,57,53,0,4
1997,"LOGAN",8075,63,56,0,0,7,1,1,0,0,0,62,55,0,7
1998,"LOGAN",8075,51,49,0,0,2,1,1,0,0,0,50,48,0,2
1999,"LOGAN",8075,60,56,1,0,3,2,1,1,0,0,58,55,0,3
2000,"LOGAN",8075,77,74,0,1,2,1,0,0,1,0,76,74,0,2
2001,"LOGAN",8075,68,65,0,0,3,0,0,0,0,0,68,65,0,3
2002,"LOGAN",8075,102,94,1,0,7,6,4,1,0,1,96,90,0,6
2003,"LOGAN",8075,108,103,0,1,4,3,1,0,1,1,105,102,0,3
1990,"MESA",8077,301,268,4,3,26,29,20,4,3,2,272,248,0,24
1991,"MESA",8077,360,329,6,0,25,9,3,5,0,1,351,326,1,24
1992,"MESA",8077,327,297,4,1,24,26,19,4,1,1,301,278,0,23
1993,"MESA",8077,234,222,0,1,11,32,29,0,1,2,202,193,0,9
1994,"MESA",8077,258,237,3,0,18,18,13,3,0,2,240,224,0,16
1995,"MESA",8077,282,271,0,0,11,11,9,0,0,2,271,262,0,9
1996,"MESA",8077,411,387,1,0,23,27,23,1,0,3,384,364,0,20
1997,"MESA",8077,499,472,0,0,27,24,21,0,0,3,475,451,0,24
1998,"MESA",8077,500,486,0,0,14,11,10,0,0,1,489,476,0,13
1999,"MESA",8077,455,445,2,0,8,6,4,2,0,0,449,441,0,8
2000,"MESA",8077,540,518,0,0,22,12,11,0,0,1,528,507,0,21
2001,"MESA",8077,701,670,1,0,30,15,14,1,0,0,686,656,0,30
2002,"MESA",8077,786,775,0,0,11,17,16,0,0,1,769,759,0,10
2003,"MESA",8077,814,803,0,0,11,24,24,0,0,0,790,779,0,11
1994,"MINERAL",8079,1,1,0,0,0,0,0,0,0,0,1,1,0,0
1995,"MINERAL",8079,1,1,0,0,0,0,0,0,0,0,1,1,0,0
1996,"MINERAL",8079,1,1,0,0,0,0,0,0,0,0,1,1,0,0
1997,"MINERAL",8079,2,2,0,0,0,0,0,0,0,0,2,2,0,0
1998,"MINERAL",8079,1,1,0,0,0,0,0,0,0,0,1,1,0,0
1999,"MINERAL",8079,0,0,0,0,0,0,0,0,0,0,0,0,0,0
2000,"MINERAL",8079,1,1,0,0,0,0,0,0,0,0,1,1,0,0
2001,"MINERAL",8079,1,1,0,0,0,0,0,0,0,0,1,1,0,0
2002,"MINERAL",8079,3,3,0,0,0,0,0,0,0,0,3,3,0,0
2003,"MINERAL",8079,4,3,0,0,1,0,0,0,0,0,4,3,0,1
1990,"MOFFAT",8081,31,22,0,0,9,1,1,0,0,0,30,21,0,9
1991,"MOFFAT",8081,45,38,1,0,6,2,1,1,0,0,43,37,0,6
1992,"MOFFAT",8081,42,39,0,0,3,1,1,0,0,0,41,38,0,3
1993,"MOFFAT",8081,22,18,0,0,4,2,2,0,0,0,20,16,0,4
1994,"MOFFAT",8081,24,21,0,0,3,1,1,0,0,0,23,20,0,3
1995,"MOFFAT",8081,27,24,0,0,3,0,0,0,0,0,27,24,0,3
1996,"MOFFAT",8081,36,31,0,0,5,3,1,0,0,2,33,30,0,3
1997,"MOFFAT",8081,32,27,0,0,5,0,0,0,0,0,32,27,0,5
1998,"MOFFAT",8081,43,40,0,0,3,0,0,0,0,0,43,40,0,3
1999,"MOFFAT",8081,42,36,0,1,5,2,0,0,1,1,40,36,0,4
2000,"MOFFAT",8081,47,45,0,0,2,2,1,0,0,1,45,44,0,1
2001,"MOFFAT",8081,53,47,0,0,6,0,0,0,0,0,53,47,0,6
2002,"MOFFAT",8081,83,79,0,0,4,1,1,0,0,0,82,78,0,4
2003,"MOFFAT",8081,81,76,0,0,5,0,0,0,0,0,81,76,0,5
1990,"MONTEZUMA",8083,36,35,1,0,0,2,1,1,0,0,34,34,0,0
1991,"MONTEZUMA",8083,25,22,1,1,1,3,1,1,1,0,22,21,0,1
1992,"MONTEZUMA",8083,30,27,0,1,2,5,3,0,1,1,25,24,0,1
1993,"MONTEZUMA",8083,33,31,1,0,1,6,5,1,0,0,27,26,0,1
1994,"MONTEZUMA",8083,33,32,0,1,0,2,1,0,1,0,31,31,0,0
1995,"MONTEZUMA",8083,20,19,0,0,1,2,2,0,0,0,18,17,0,1
1996,"MONTEZUMA",8083,67,60,1,1,5,8,3,1,1,3,59,57,0,2
1997,"MONTEZUMA",8083,42,38,2,0,2,6,4,2,0,0,36,34,0,2
1998,"MONTEZUMA",8083,59,55,0,0,4,0,0,0,0,0,59,55,0,4
1999,"MONTEZUMA",8083,46,44,0,0,2,3,3,0,0,0,43,41,0,2
2000,"MONTEZUMA",8083,59,58,0,0,1,0,0,0,0,0,59,58,0,1
2001,"MONTEZUMA",8083,93,93,0,0,0,3,3,0,0,0,90,90,0,0
2002,"MONTEZUMA",8083,91,88,0,0,3,2,1,0,0,1,89,87,0,2
2003,"MONTEZUMA",8083,101,100,0,0,1,5,5,0,0,0,96,95,0,1
1990,"MONTROSE",8085,63,56,2,0,5,6,5,1,0,0,57,51,1,5
1991,"MONTROSE",8085,59,53,1,0,5,3,2,1,0,0,56,51,0,5
1992,"MONTROSE",8085,62,57,0,1,4,7,6,0,1,0,55,51,0,4
1993,"MONTROSE",8085,44,40,2,1,1,6,3,2,1,0,38,37,0,1
1994,"MONTROSE",8085,43,41,0,0,2,5,4,0,0,1,38,37,0,1
1995,"MONTROSE",8085,74,69,3,0,2,5,2,3,0,0,69,67,0,2
1996,"MONTROSE",8085,91,87,0,1,3,4,3,0,1,0,87,84,0,3
1997,"MONTROSE",8085,124,116,0,0,8,2,2,0,0,0,122,114,0,8
1998,"MONTROSE",8085,121,117,0,0,4,1,1,0,0,0,120,116,0,4
1999,"MONTROSE",8085,93,87,0,0,6,2,1,0,0,1,91,86,0,5
2000,"MONTROSE",8085,112,109,0,0,3,1,1,0,0,0,111,108,0,3
2001,"MONTROSE",8085,135,131,1,0,3,4,3,1,0,0,131,128,0,3
2002,"MONTROSE",8085,150,148,0,0,2,3,3,0,0,0,147,145,0,2
2003,"MONTROSE",8085,168,163,0,0,5,2,2,0,0,0,166,161,0,5
1990,"MORGAN",8087,77,64,0,1,12,6,3,0,1,2,71,61,0,10
1991,"MORGAN",8087,67,55,1,2,9,5,2,1,2,0,62,53,0,9
1992,"MORGAN",8087,92,68,1,2,21,11,5,1,2,3,81,63,0,18
1993,"MORGAN",8087,77,62,2,0,13,9,7,2,0,0,68,55,0,13
1994,"MORGAN",8087,66,56,0,3,7,7,3,0,3,1,59,53,0,6
1995,"MORGAN",8087,69,60,2,0,7,4,2,2,0,0,65,58,0,7
1996,"MORGAN",8087,96,80,1,1,14,4,2,1,1,0,92,78,0,14
1997,"MORGAN",8087,104,82,3,5,14,9,2,2,5,0,95,80,1,14
1998,"MORGAN",8087,109,98,0,3,8,4,1,0,3,0,105,97,0,8
1999,"MORGAN",8087,116,97,1,5,13,6,0,1,5,0,110,97,0,13
2000,"MORGAN",8087,106,92,0,3,11,6,2,0,3,1,100,90,0,10
2001,"MORGAN",8087,125,113,1,0,11,4,3,1,0,0,121,110,0,11
2002,"MORGAN",8087,114,106,1,1,6,7,4,1,1,1,107,102,0,5
2003,"MORGAN",8087,149,136,6,0,7,7,1,6,0,0,142,135,0,7
1990,"OTERO",8089,50,38,0,2,10,4,2,0,2,0,46,36,0,10
1991,"OTERO",8089,53,45,0,0,8,2,2,0,0,0,51,43,0,8
1992,"OTERO",8089,44,34,0,0,10,1,1,0,0,0,43,33,0,10
1993,"OTERO",8089,47,37,0,0,10,1,1,0,0,0,46,36,0,10
1994,"OTERO",8089,50,39,1,0,10,1,0,1,0,0,49,39,0,10
1995,"OTERO",8089,57,50,1,0,6,3,2,1,0,0,54,48,0,6
1996,"OTERO",8089,56,49,1,0,6,3,2,1,0,0,53,47,0,6
1997,"OTERO",8089,75,64,0,0,11,1,1,0,0,0,74,63,0,11
1998,"OTERO",8089,65,58,0,0,7,1,1,0,0,0,64,57,0,7
1999,"OTERO",8089,67,58,1,0,8,2,1,1,0,0,65,57,0,8
2000,"OTERO",8089,85,73,0,0,12,4,4,0,0,0,81,69,0,12
2001,"OTERO",8089,113,103,0,0,10,4,4,0,0,0,109,99,0,10
2002,"OTERO",8089,95,88,1,0,6,1,0,1,0,0,94,88,0,6
2003,"OTERO",8089,112,106,0,0,6,3,3,0,0,0,109,103,0,6
1990,"OURAY",8091,4,3,0,0,1,0,0,0,0,0,4,3,0,1
1991,"OURAY",8091,4,3,0,0,1,1,1,0,0,0,3,2,0,1
1992,"OURAY",8091,3,3,0,0,0,0,0,0,0,0,3,3,0,0
1993,"OURAY",8091,4,3,0,0,1,2,1,0,0,1,2,2,0,0
1994,"OURAY",8091,2,1,0,0,1,0,0,0,0,0,2,1,0,1
1995,"OURAY",8091,3,3,0,0,0,0,0,0,0,0,3,3,0,0
1996,"OURAY",8091,6,6,0,0,0,1,1,0,0,0,5,5,0,0
1997,"OURAY",8091,3,1,0,0,2,0,0,0,0,0,3,1,0,2
1998,"OURAY",8091,7,6,0,0,1,0,0,0,0,0,7,6,0,1
1999,"OURAY",8091,4,4,0,0,0,0,0,0,0,0,4,4,0,0
2000,"OURAY",8091,4,3,0,0,1,0,0,0,0,0,4,3,0,1
2001,"OURAY",8091,6,6,0,0,0,0,0,0,0,0,6,6,0,0
2002,"OURAY",8091,10,10,0,0,0,0,0,0,0,0,10,10,0,0
2003,"OURAY",8091,10,10,0,0,0,0,0,0,0,0,10,10,0,0
1990,"PARK",8093,40,27,0,0,13,1,1,0,0,0,39,26,0,13
1991,"PARK",8093,42,32,0,0,10,0,0,0,0,0,42,32,0,10
1992,"PARK",8093,43,29,1,0,13,2,1,1,0,0,41,28,0,13
1993,"PARK",8093,36,23,0,0,13,2,1,0,0,1,34,22,0,12
1994,"PARK",8093,25,21,0,0,4,3,2,0,0,1,22,19,0,3
1995,"PARK",8093,31,27,0,0,4,1,1,0,0,0,30,26,0,4
1996,"PARK",8093,31,26,0,0,5,2,2,0,0,0,29,24,0,5
1997,"PARK",8093,61,51,0,0,10,5,4,0,0,1,56,47,0,9
1998,"PARK",8093,48,43,1,0,4,2,1,1,0,0,46,42,0,4
1999,"PARK",8093,40,28,0,0,12,3,3,0,0,0,37,25,0,12
2000,"PARK",8093,44,35,0,0,9,1,1,0,0,0,43,34,0,9
2001,"PARK",8093,61,52,1,0,8,2,1,1,0,0,59,51,0,8
2002,"PARK",8093,74,64,0,0,10,4,4,0,0,0,70,60,0,10
2003,"PARK",8093,100,87,0,0,13,5,3,0,0,2,95,84,0,11
1990,"PHILLIPS",8095,7,7,0,0,0,2,2,0,0,0,5,5,0,0
1991,"PHILLIPS",8095,13,12,0,1,0,1,0,0,1,0,12,12,0,0
1992,"PHILLIPS",8095,4,4,0,0,0,0,0,0,0,0,4,4,0,0
1993,"PHILLIPS",8095,9,7,0,1,1,1,0,0,1,0,8,7,0,1
1994,"PHILLIPS",8095,6,4,0,0,2,0,0,0,0,0,6,4,0,2
1995,"PHILLIPS",8095,13,11,0,1,1,1,0,0,1,0,12,11,0,1
1996,"PHILLIPS",8095,12,10,0,1,1,1,0,0,1,0,11,10,0,1
1997,"PHILLIPS",8095,13,12,0,0,1,1,1,0,0,0,12,11,0,1
1998,"PHILLIPS",8095,11,8,0,3,0,3,0,0,3,0,8,8,0,0
1999,"PHILLIPS",8095,10,10,0,0,0,0,0,0,0,0,10,10,0,0
2000,"PHILLIPS",8095,11,7,3,1,0,4,0,3,1,0,7,7,0,0
2001,"PHILLIPS",8095,21,16,1,1,3,2,0,1,1,0,19,16,0,3
2002,"PHILLIPS",8095,10,10,0,0,0,0,0,0,0,0,10,10,0,0
2003,"PHILLIPS",8095,22,22,0,0,0,0,0,0,0,0,22,22,0,0
1990,"PITKIN",8097,15,11,2,0,2,4,1,2,0,1,11,10,0,1
1991,"PITKIN",8097,36,31,5,0,0,12,7,5,0,0,24,24,0,0
1992,"PITKIN",8097,29,22,6,0,1,11,5,6,0,0,18,17,0,1
1993,"PITKIN",8097,31,24,5,0,2,9,4,4,0,1,22,20,1,1
1994,"PITKIN",8097,14,12,0,0,2,3,3,0,0,0,11,9,0,2
1995,"PITKIN",8097,36,31,0,0,5,3,3,0,0,0,33,28,0,5
1996,"PITKIN",8097,31,29,1,0,1,2,2,0,0,0,29,27,1,1
1997,"PITKIN",8097,30,28,0,0,2,1,0,0,0,1,29,28,0,1
1998,"PITKIN",8097,43,40,0,0,3,1,1,0,0,0,42,39,0,3
1999,"PITKIN",8097,33,33,0,0,0,4,4,0,0,0,29,29,0,0
2000,"PITKIN",8097,32,27,2,0,3,5,2,2,0,1,27,25,0,2
2001,"PITKIN",8097,23,22,0,0,1,0,0,0,0,0,23,22,0,1
2002,"PITKIN",8097,24,24,0,0,0,0,0,0,0,0,24,24,0,0
2003,"PITKIN",8097,29,26,3,0,0,3,1,2,0,0,26,25,1,0
1990,"PROWERS",8099,35,31,1,1,2,3,1,1,1,0,32,30,0,2
1991,"PROWERS",8099,30,27,0,0,3,0,0,0,0,0,30,27,0,3
1992,"PROWERS",8099,28,20,0,2,6,5,3,0,2,0,23,17,0,6
1993,"PROWERS",8099,25,21,0,3,1,6,3,0,3,0,19,18,0,1
1994,"PROWERS",8099,24,18,0,3,3,5,2,0,3,0,19,16,0,3
1995,"PROWERS",8099,27,24,0,1,2,2,1,0,1,0,25,23,0,2
1996,"PROWERS",8099,30,26,1,1,2,3,1,1,1,0,27,25,0,2
1997,"PROWERS",8099,36,29,0,0,7,2,2,0,0,0,34,27,0,7
1998,"PROWERS",8099,52,45,0,0,7,1,1,0,0,0,51,44,0,7
1999,"PROWERS",8099,37,30,0,1,6,3,2,0,1,0,34,28,0,6
2000,"PROWERS",8099,41,39,0,0,2,1,1,0,0,0,40,38,0,2
2001,"PROWERS",8099,51,47,0,0,4,4,4,0,0,0,47,43,0,4
2002,"PROWERS",8099,64,59,0,1,4,3,2,0,1,0,61,57,0,4
2003,"PROWERS",8099,58,57,0,0,1,0,0,0,0,0,58,57,0,1
1990,"PUEBLO",8101,523,378,8,0,137,34,23,8,0,3,489,355,0,134
1991,"PUEBLO",8101,568,437,1,1,129,15,10,1,1,3,553,427,0,126
1992,"PUEBLO",8101,595,435,2,0,158,23,13,2,0,8,572,422,0,150
1993,"PUEBLO",8101,489,360,1,0,128,13,9,1,0,3,476,351,0,125
1994,"PUEBLO",8101,444,342,0,1,101,17,13,0,1,3,427,329,0,98
1995,"PUEBLO",8101,449,351,2,0,96,11,7,2,0,2,438,344,0,94
1996,"PUEBLO",8101,571,463,3,0,105,18,9,3,0,6,553,454,0,99
1997,"PUEBLO",8101,672,507,0,0,165,6,5,0,0,1,666,502,0,164
1998,"PUEBLO",8101,756,583,0,0,173,6,4,0,0,2,750,579,0,171
1999,"PUEBLO",8101,707,524,3,1,179,12,6,3,1,2,695,518,0,177
2000,"PUEBLO",8101,784,627,1,0,156,10,9,1,0,0,774,618,0,156
2001,"PUEBLO",8101,1008,853,0,0,155,14,14,0,0,0,994,839,0,155
2002,"PUEBLO",8101,1066,883,0,0,183,5,5,0,0,0,1061,878,0,183
2003,"PUEBLO",8101,1157,994,0,0,163,14,14,0,0,0,1143,980,0,163
1990,"RIO BLANCO",8103,27,27,0,0,0,2,2,0,0,0,25,25,0,0
1991,"RIO BLANCO",8103,23,19,3,0,1,3,0,3,0,0,20,19,0,1
1992,"RIO BLANCO",8103,22,20,0,1,1,4,3,0,1,0,18,17,0,1
1993,"RIO BLANCO",8103,21,19,0,1,1,3,2,0,1,0,18,17,0,1
1994,"RIO BLANCO",8103,12,12,0,0,0,2,2,0,0,0,10,10,0,0
1995,"RIO BLANCO",8103,9,8,0,0,1,1,1,0,0,0,8,7,0,1
1996,"RIO BLANCO",8103,31,31,0,0,0,2,2,0,0,0,29,29,0,0
1997,"RIO BLANCO",8103,29,27,0,0,2,1,1,0,0,0,28,26,0,2
1998,"RIO BLANCO",8103,33,30,0,0,3,5,3,0,0,2,28,27,0,1
1999,"RIO BLANCO",8103,31,28,0,0,3,0,0,0,0,0,31,28,0,3
2000,"RIO BLANCO",8103,29,26,0,0,3,2,2,0,0,0,27,24,0,3
2001,"RIO BLANCO",8103,37,34,0,0,3,1,1,0,0,0,36,33,0,3
2002,"RIO BLANCO",8103,20,20,0,0,0,0,0,0,0,0,20,20,0,0
2003,"RIO BLANCO",8103,19,17,0,0,2,1,0,0,0,1,18,17,0,1
1990,"RIO GRANDE",8105,14,10,0,1,3,2,1,0,1,0,12,9,0,3
1991,"RIO GRANDE",8105,14,13,0,0,1,0,0,0,0,0,14,13,0,1
1992,"RIO GRANDE",8105,16,13,0,1,2,2,1,0,1,0,14,12,0,2
1993,"RIO GRANDE",8105,15,7,5,0,3,7,1,5,0,1,8,6,0,2
1994,"RIO GRANDE",8105,5,4,0,0,1,0,0,0,0,0,5,4,0,1
1995,"RIO GRANDE",8105,17,15,1,0,1,1,0,1,0,0,16,15,0,1
1996,"RIO GRANDE",8105,16,16,0,0,0,0,0,0,0,0,16,16,0,0
1997,"RIO GRANDE",8105,23,22,0,1,0,1,0,0,1,0,22,22,0,0
1998,"RIO GRANDE",8105,27,24,0,0,3,3,3,0,0,0,24,21,0,3
1999,"RIO GRANDE",8105,39,32,0,0,7,1,1,0,0,0,38,31,0,7
2000,"RIO GRANDE",8105,32,27,0,0,5,2,2,0,0,0,30,25,0,5
2001,"RIO GRANDE",8105,35,30,0,0,5,1,1,0,0,0,34,29,0,5
2002,"RIO GRANDE",8105,39,35,0,0,4,2,2,0,0,0,37,33,0,4
2003,"RIO GRANDE",8105,61,54,0,0,7,0,0,0,0,0,61,54,0,7
1990,"ROUTT",8107,32,23,2,0,7,5,3,2,0,0,27,20,0,7
1991,"ROUTT",8107,33,27,3,0,3,5,2,3,0,0,28,25,0,3
1992,"ROUTT",8107,29,22,3,0,4,4,1,2,0,1,25,21,1,3
1993,"ROUTT",8107,32,26,0,0,6,4,2,0,0,2,28,24,0,4
1994,"ROUTT",8107,28,24,1,0,3,2,1,1,0,0,26,23,0,3
1995,"ROUTT",8107,25,21,0,0,4,2,1,0,0,1,23,20,0,3
1996,"ROUTT",8107,41,35,0,0,6,4,4,0,0,0,37,31,0,6
1997,"ROUTT",8107,50,45,0,0,5,5,5,0,0,0,45,40,0,5
1998,"ROUTT",8107,51,44,1,0,6,1,0,1,0,0,50,44,0,6
1999,"ROUTT",8107,28,24,0,0,4,0,0,0,0,0,28,24,0,4
2000,"ROUTT",8107,31,27,0,0,4,4,4,0,0,0,27,23,0,4
2001,"ROUTT",8107,40,37,0,0,3,0,0,0,0,0,40,37,0,3
2002,"ROUTT",8107,38,36,0,0,2,3,3,0,0,0,35,33,0,2
2003,"ROUTT",8107,43,37,1,0,5,3,1,1,0,1,40,36,0,4
1990,"SAGUACHE",8109,14,11,0,0,3,2,2,0,0,0,12,9,0,3
1991,"SAGUACHE",8109,13,7,1,1,4,2,0,1,1,0,11,7,0,4
1992,"SAGUACHE",8109,5,2,1,2,0,3,0,1,2,0,2,2,0,0
1993,"SAGUACHE",8109,6,4,1,0,1,1,0,1,0,0,5,4,0,1
1995,"SAGUACHE",8109,8,7,0,0,1,0,0,0,0,0,8,7,0,1
1996,"SAGUACHE",8109,8,7,0,0,1,0,0,0,0,0,8,7,0,1
1997,"SAGUACHE",8109,14,13,0,0,1,0,0,0,0,0,14,13,0,1
1998,"SAGUACHE",8109,13,11,0,0,2,0,0,0,0,0,13,11,0,2
1999,"SAGUACHE",8109,21,15,0,1,5,2,1,0,1,0,19,14,0,5
2000,"SAGUACHE",8109,19,16,0,0,3,0,0,0,0,0,19,16,0,3
2001,"SAGUACHE",8109,17,15,0,0,2,1,1,0,0,0,16,14,0,2
2002,"SAGUACHE",8109,21,19,0,0,2,2,1,0,0,1,19,18,0,1
2003,"SAGUACHE",8109,32,26,0,0,6,0,0,0,0,0,32,26,0,6
1991,"SAN JUAN",8111,1,1,0,0,0,0,0,0,0,0,1,1,0,0
1997,"SAN JUAN",8111,3,3,0,0,0,0,0,0,0,0,3,3,0,0
1998,"SAN JUAN",8111,1,1,0,0,0,0,0,0,0,0,1,1,0,0
1999,"SAN JUAN",8111,0,0,0,0,0,0,0,0,0,0,0,0,0,0
2000,"SAN JUAN",8111,3,3,0,0,0,0,0,0,0,0,3,3,0,0
2001,"SAN JUAN",8111,2,2,0,0,0,0,0,0,0,0,2,2,0,0
2003,"SAN JUAN",8111,1,1,0,0,0,0,0,0,0,0,1,1,0,0
1990,"SAN MIGUEL",8113,5,4,0,0,1,1,1,0,0,0,4,3,0,1
1991,"SAN MIGUEL",8113,6,4,2,0,0,2,0,2,0,0,4,4,0,0
1992,"SAN MIGUEL",8113,12,11,0,0,1,3,3,0,0,0,9,8,0,1
1993,"SAN MIGUEL",8113,8,7,1,0,0,1,0,1,0,0,7,7,0,0
1994,"SAN MIGUEL",8113,4,1,1,0,2,2,0,1,0,1,2,1,0,1
1995,"SAN MIGUEL",8113,6,5,0,1,0,3,2,0,1,0,3,3,0,0
1996,"SAN MIGUEL",8113,13,11,1,0,1,4,2,1,0,1,9,9,0,0
1997,"SAN MIGUEL",8113,14,12,1,0,1,4,3,1,0,0,10,9,0,1
1998,"SAN MIGUEL",8113,13,12,0,0,1,0,0,0,0,0,13,12,0,1
1999,"SAN MIGUEL",8113,18,15,1,0,2,4,3,1,0,0,14,12,0,2
2000,"SAN MIGUEL",8113,10,10,0,0,0,1,1,0,0,0,9,9,0,0
2001,"SAN MIGUEL",8113,14,13,1,0,0,1,0,1,0,0,13,13,0,0
2002,"SAN MIGUEL",8113,15,11,1,0,3,2,1,1,0,0,13,10,0,3
2003,"SAN MIGUEL",8113,13,12,0,0,1,2,2,0,0,0,11,10,0,1
1990,"SEDGWICK",8115,5,4,0,1,0,1,0,0,1,0,4,4,0,0
1991,"SEDGWICK",8115,8,7,0,0,1,0,0,0,0,0,8,7,0,1
1992,"SEDGWICK",8115,8,5,0,2,1,2,0,0,2,0,6,5,0,1
1993,"SEDGWICK",8115,3,2,0,0,1,2,2,0,0,0,1,0,0,1
1994,"SEDGWICK",8115,9,9,0,0,0,1,1,0,0,0,8,8,0,0
1995,"SEDGWICK",8115,3,3,0,0,0,0,0,0,0,0,3,3,0,0
1996,"SEDGWICK",8115,10,10,0,0,0,0,0,0,0,0,10,10,0,0
1997,"SEDGWICK",8115,8,8,0,0,0,0,0,0,0,0,8,8,0,0
1998,"SEDGWICK",8115,11,10,0,0,1,1,1,0,0,0,10,9,0,1
1999,"SEDGWICK",8115,5,5,0,0,0,1,1,0,0,0,4,4,0,0
2000,"SEDGWICK",8115,4,4,0,0,0,0,0,0,0,0,4,4,0,0
2001,"SEDGWICK",8115,4,4,0,0,0,0,0,0,0,0,4,4,0,0
2002,"SEDGWICK",8115,13,12,0,0,1,1,1,0,0,0,12,11,0,1
2003,"SEDGWICK",8115,11,10,0,0,1,0,0,0,0,0,11,10,0,1
1990,"SUMMIT",8117,35,22,2,0,11,7,3,2,0,2,28,19,0,9
1991,"SUMMIT",8117,43,33,0,0,10,4,4,0,0,0,39,29,0,10
1992,"SUMMIT",8117,49,35,2,0,12,10,6,2,0,2,39,29,0,10
1993,"SUMMIT",8117,46,36,1,0,9,8,6,1,0,1,38,30,0,8
1994,"SUMMIT",8117,45,40,0,0,5,3,2,0,0,1,42,38,0,4
1995,"SUMMIT",8117,45,36,0,0,9,3,2,0,0,1,42,34,0,8
1996,"SUMMIT",8117,63,49,1,0,12,11,7,1,0,2,52,42,0,10
1997,"SUMMIT",8117,60,49,3,0,8,5,2,3,0,0,55,47,0,8
1998,"SUMMIT",8117,45,41,1,0,3,4,3,1,0,0,41,38,0,3
1999,"SUMMIT",8117,40,33,1,0,6,2,1,1,0,0,38,32,0,6
2000,"SUMMIT",8117,36,31,1,0,4,1,0,1,0,0,35,31,0,4
2001,"SUMMIT",8117,56,50,4,0,2,7,3,4,0,0,49,47,0,2
2002,"SUMMIT",8117,53,47,4,0,2,7,3,4,0,0,46,44,0,2
2003,"SUMMIT",8117,61,59,0,0,2,3,3,0,0,0,58,56,0,2
1990,"TELLER",8119,59,47,1,0,11,7,5,1,0,1,52,42,0,10
1991,"TELLER",8119,74,61,1,0,12,3,1,1,0,1,71,60,0,11
1992,"TELLER",8119,48,36,0,0,12,4,2,0,0,2,44,34,0,10
1993,"TELLER",8119,47,41,3,0,3,7,3,3,0,1,40,38,0,2
1994,"TELLER",8119,51,48,0,0,3,2,2,0,0,0,49,46,0,3
1995,"TELLER",8119,63,59,0,0,4,7,6,0,0,1,56,53,0,3
1996,"TELLER",8119,72,60,3,0,9,10,7,3,0,0,62,53,0,9
1997,"TELLER",8119,86,74,1,0,11,2,1,1,0,0,84,73,0,11
1998,"TELLER",8119,101,81,1,0,19,3,2,1,0,0,98,79,0,19
1999,"TELLER",8119,88,76,0,0,12,0,0,0,0,0,88,76,0,12
2000,"TELLER",8119,88,81,1,0,6,2,1,1,0,0,86,80,0,6
2001,"TELLER",8119,119,109,2,0,8,4,2,2,0,0,115,107,0,8
2002,"TELLER",8119,148,136,1,0,11,6,4,1,0,1,142,132,0,10
2003,"TELLER",8119,148,135,2,0,11,7,5,2,0,0,141,130,0,11
1990,"WASHINGTON",8121,9,9,0,0,0,2,2,0,0,0,7,7,0,0
1991,"WASHINGTON",8121,16,10,0,2,4,2,0,0,2,0,14,10,0,4
1992,"WASHINGTON",8121,17,12,0,3,2,6,1,0,3,2,11,11,0,0
1993,"WASHINGTON",8121,15,10,0,0,5,1,1,0,0,0,14,9,0,5
1994,"WASHINGTON",8121,12,11,0,1,0,2,1,0,1,0,10,10,0,0
1995,"WASHINGTON",8121,12,11,0,0,1,2,2,0,0,0,10,9,0,1
1996,"WASHINGTON",8121,10,9,0,0,1,0,0,0,0,0,10,9,0,1
1997,"WASHINGTON",8121,11,9,0,2,0,3,1,0,2,0,8,8,0,0
1998,"WASHINGTON",8121,14,12,0,1,1,1,0,0,1,0,13,12,0,1
1999,"WASHINGTON",8121,7,7,0,0,0,0,0,0,0,0,7,7,0,0
2000,"WASHINGTON",8121,15,14,0,0,1,0,0,0,0,0,15,14,0,1
2001,"WASHINGTON",8121,18,15,0,0,3,0,0,0,0,0,18,15,0,3
2002,"WASHINGTON",8121,18,15,0,0,3,0,0,0,0,0,18,15,0,3
2003,"WASHINGTON",8121,33,31,0,1,1,1,0,0,1,0,32,31,0,1
1990,"WELD",8123,581,421,1,8,151,40,25,1,8,6,541,396,0,145
1991,"WELD",8123,544,431,6,3,104,20,8,6,3,3,524,423,0,101
1992,"WELD",8123,512,415,3,6,88,44,25,3,6,10,468,390,0,78
1993,"WELD",8123,495,391,7,6,91,50,28,6,6,10,445,363,1,81
1994,"WELD",8123,406,357,4,2,43,24,17,4,2,1,382,340,0,42
1995,"WELD",8123,440,384,5,2,49,25,15,5,2,3,415,369,0,46
1996,"WELD",8123,540,473,1,5,61,31,23,1,5,2,509,450,0,59
1997,"WELD",8123,660,590,1,3,66,21,16,1,3,1,639,574,0,65
1998,"WELD",8123,732,667,2,1,62,18,14,2,1,1,714,653,0,61
1999,"WELD",8123,689,639,1,2,47,10,7,1,2,0,679,632,0,47
2000,"WELD",8123,731,660,4,3,64,17,9,4,3,1,714,651,0,63
2001,"WELD",8123,890,823,0,0,67,16,15,0,0,1,874,808,0,66
2002,"WELD",8123,961,861,7,0,93,31,23,7,0,1,930,838,0,92
2003,"WELD",8123,1254,1145,3,2,104,19,14,3,2,0,1235,1131,0,104
1990,"YUMA",8125,16,16,0,0,0,1,1,0,0,0,15,15,0,0
1991,"YUMA",8125,17,13,0,2,2,2,0,0,2,0,15,13,0,2
1992,"YUMA",8125,20,18,0,0,2,2,2,0,0,0,18,16,0,2
1993,"YUMA",8125,23,20,1,0,2,2,1,1,0,0,21,19,0,2
1994,"YUMA",8125,17,16,0,0,1,3,3,0,0,0,14,13,0,1
1995,"YUMA",8125,23,21,1,0,1,3,2,1,0,0,20,19,0,1
1996,"YUMA",8125,27,22,0,1,4,4,2,0,1,1,23,20,0,3
1997,"YUMA",8125,37,32,0,4,1,6,2,0,4,0,31,30,0,1
1998,"YUMA",8125,28,27,0,1,0,3,2,0,1,0,25,25,0,0
1999,"YUMA",8125,20,19,1,0,0,1,0,1,0,0,19,19,0,0
2000,"YUMA",8125,34,30,0,1,3,1,0,0,1,0,33,30,0,3
2001,"YUMA",8125,39,37,1,0,1,2,1,1,0,0,37,36,0,1
2002,"YUMA",8125,24,23,0,0,1,1,1,0,0,0,23,22,0,1
2003,"YUMA",8125,38,33,0,2,3,2,0,0,2,0,36,33,0,3
1990,"FAIRFIELD",9001,1388,1055,110,0,223,148,67,79,0,2,1240,988,31,221
1991,"FAIRFIELD",9001,1834,1463,127,0,243,125,50,72,0,2,1709,1413,55,241
1992,"FAIRFIELD",9001,2275,1764,148,0,361,151,52,97,0,0,2124,1712,51,361
1993,"FAIRFIELD",9001,2081,1653,102,0,326,97,44,53,0,0,1984,1609,49,326
1994,"FAIRFIELD",9001,1864,1458,118,0,288,86,32,53,0,1,1778,1426,65,287
1995,"FAIRFIELD",9001,1957,1555,88,0,314,84,29,55,0,0,1873,1526,33,314
1996,"FAIRFIELD",9001,2261,1854,85,0,322,117,43,65,0,9,2144,1811,20,313
1997,"FAIRFIELD",9001,2669,2298,58,0,313,75,27,46,0,2,2594,2271,12,311
1998,"FAIRFIELD",9001,2580,2237,55,0,288,72,31,39,0,2,2508,2206,16,286
1999,"FAIRFIELD",9001,2174,1824,57,0,293,68,22,46,0,0,2106,1802,11,293
2000,"FAIRFIELD",9001,1908,1609,38,0,261,56,28,28,0,0,1852,1581,10,261
2001,"FAIRFIELD",9001,1953,1642,39,0,272,52,24,28,0,0,1901,1618,11,272
2002,"FAIRFIELD",9001,1951,1567,66,0,318,83,23,59,0,1,1868,1544,7,317
2003,"FAIRFIELD",9001,2115,1714,39,0,362,66,28,33,0,5,2049,1686,6,357
1990,"HARTFORD",9003,1522,1283,70,0,169,130,68,59,0,3,1392,1215,11,166
1991,"HARTFORD",9003,2318,1974,98,0,246,121,46,75,0,0,2197,1928,23,246
1992,"HARTFORD",9003,2380,2028,62,2,288,79,33,43,2,1,2301,1995,19,287
1993,"HARTFORD",9003,2363,2042,68,0,253,87,35,52,0,0,2276,2007,16,253
1994,"HARTFORD",9003,2082,1842,21,1,218,43,29,13,1,0,2039,1813,8,218
1995,"HARTFORD",9003,2291,2042,21,3,225,45,22,17,3,3,2246,2020,4,222
1996,"HARTFORD",9003,2817,2548,26,1,242,37,17,19,1,0,2780,2531,7,242
1997,"HARTFORD",9003,3486,3103,32,0,351,54,22,30,0,2,3432,3081,2,349
1998,"HARTFORD",9003,3577,3229,13,0,334,28,14,13,0,0,3549,3215,0,334
1999,"HARTFORD",9003,3235,2835,12,0,388,30,18,12,0,0,3205,2817,0,388
2000,"HARTFORD",9003,2885,2516,11,0,358,24,15,9,0,0,2861,2501,2,358
2001,"HARTFORD",9003,3175,2781,18,1,375,37,17,18,1,1,3138,2764,0,374
2002,"HARTFORD",9003,3098,2639,13,0,446,25,11,13,0,1,3073,2628,0,445
2003,"HARTFORD",9003,3345,2817,10,0,518,33,23,10,0,0,3312,2794,0,518
1990,"LITCHFIELD",9005,297,258,11,0,28,21,14,5,0,2,276,244,6,26
1991,"LITCHFIELD",9005,400,348,12,0,40,12,4,8,0,0,388,344,4,40
1992,"LITCHFIELD",9005,497,427,20,1,49,20,11,8,1,0,477,416,12,49
1993,"LITCHFIELD",9005,487,403,11,3,70,16,6,7,3,0,471,397,4,70
1994,"LITCHFIELD",9005,476,419,8,1,48,9,6,2,1,0,467,413,6,48
1995,"LITCHFIELD",9005,526,460,10,0,56,10,3,7,0,0,516,457,3,56
1996,"LITCHFIELD",9005,608,534,8,0,66,13,6,7,0,0,595,528,1,66
1997,"LITCHFIELD",9005,694,617,5,1,71,8,4,3,1,0,686,613,2,71
1998,"LITCHFIELD",9005,848,788,5,1,54,8,4,3,1,0,840,784,2,54
1999,"LITCHFIELD",9005,611,550,0,1,60,2,1,0,1,0,609,549,0,60
2000,"LITCHFIELD",9005,624,548,2,0,74,8,5,2,0,1,616,543,0,73
2001,"LITCHFIELD",9005,640,583,1,0,56,1,0,1,0,0,639,583,0,56
2002,"LITCHFIELD",9005,673,583,2,0,88,5,3,2,0,0,668,580,0,88
2003,"LITCHFIELD",9005,712,601,16,1,94,21,5,15,1,0,691,596,1,94
1990,"MIDDLESEX",9007,261,227,7,0,27,19,11,5,0,3,242,216,2,24
1991,"MIDDLESEX",9007,376,321,21,0,34,16,6,10,0,0,360,315,11,34
1992,"MIDDLESEX",9007,408,358,3,0,47,20,17,3,0,0,388,341,0,47
1993,"MIDDLESEX",9007,376,318,8,0,50,13,8,5,0,0,363,310,3,50
1994,"MIDDLESEX",9007,348,303,8,0,37,7,2,5,0,0,341,301,3,37
1995,"MIDDLESEX",9007,431,377,11,0,43,12,5,7,0,0,419,372,4,43
1996,"MIDDLESEX",9007,489,443,6,0,40,9,3,6,0,0,480,440,0,40
1997,"MIDDLESEX",9007,635,572,2,0,61,5,5,0,0,0,630,567,2,61
1998,"MIDDLESEX",9007,617,555,4,0,58,10,6,4,0,0,607,549,0,58
1999,"MIDDLESEX",9007,495,437,2,1,55,3,0,2,1,0,492,437,0,55
2000,"MIDDLESEX",9007,470,429,0,0,41,3,3,0,0,0,467,426,0,41
2001,"MIDDLESEX",9007,446,390,1,0,55,3,2,1,0,0,443,388,0,55
2002,"MIDDLESEX",9007,493,424,4,0,65,8,4,4,0,0,485,420,0,65
2003,"MIDDLESEX",9007,473,397,4,0,72,12,8,4,0,0,461,389,0,72
1990,"NEW HAVEN",9009,1457,1213,61,1,182,104,49,52,1,2,1353,1164,9,180
1991,"NEW HAVEN",9009,1914,1609,76,0,229,86,37,49,0,0,1828,1572,27,229
1992,"NEW HAVEN",9009,2601,2143,71,0,387,92,46,46,0,0,2509,2097,25,387
1993,"NEW HAVEN",9009,2656,2151,64,0,441,89,43,46,0,0,2567,2108,18,441
1994,"NEW HAVEN",9009,2584,2130,53,0,401,50,18,32,0,0,2534,2112,21,401
1995,"NEW HAVEN",9009,2848,2398,47,0,403,54,20,34,0,0,2794,2378,13,403
1996,"NEW HAVEN",9009,3647,3124,42,0,481,56,25,31,0,0,3591,3099,11,481
1997,"NEW HAVEN",9009,4100,3569,30,2,499,52,27,23,2,0,4048,3542,7,499
1998,"NEW HAVEN",9009,4386,3883,29,0,474,47,26,21,0,0,4339,3857,8,474
1999,"NEW HAVEN",9009,3744,3190,28,0,526,37,16,21,0,0,3707,3174,7,526
2000,"NEW HAVEN",9009,3294,2741,21,0,532,34,17,17,0,0,3260,2724,4,532
2001,"NEW HAVEN",9009,3726,3114,25,0,587,42,22,20,0,0,3684,3092,5,587
2002,"NEW HAVEN",9009,3857,3085,26,0,746,38,18,20,0,0,3819,3067,6,746
2003,"NEW HAVEN",9009,3986,3145,23,0,818,33,17,16,0,0,3953,3128,7,818
1990,"NEW LONDON",9011,396,359,14,0,23,24,12,11,0,1,372,347,3,22
1991,"NEW LONDON",9011,622,562,25,0,35,22,7,15,0,0,600,555,10,35
1992,"NEW LONDON",9011,785,664,16,0,105,20,12,8,0,0,765,652,8,105
1993,"NEW LONDON",9011,639,534,10,1,94,11,4,6,1,0,628,530,4,94
1994,"NEW LONDON",9011,620,534,3,1,82,8,5,2,1,0,612,529,1,82
1995,"NEW LONDON",9011,627,548,3,0,76,6,3,3,0,0,621,545,0,76
1996,"NEW LONDON",9011,851,782,9,0,60,9,3,6,0,0,842,779,3,60
1997,"NEW LONDON",9011,1115,1041,1,0,73,6,5,1,0,0,1109,1036,0,73
1998,"NEW LONDON",9011,1154,1062,2,0,90,5,3,2,0,0,1149,1059,0,90
1999,"NEW LONDON",9011,952,873,1,0,78,6,5,1,0,0,946,868,0,78
2000,"NEW LONDON",9011,838,752,0,0,86,5,5,0,0,0,833,747,0,86
2001,"NEW LONDON",9011,928,832,1,0,95,13,12,1,0,0,915,820,0,95
2002,"NEW LONDON",9011,961,851,3,0,107,8,5,3,0,0,953,846,0,107
2003,"NEW LONDON",9011,839,742,3,0,94,8,5,3,0,0,831,737,0,94
1990,"TOLLAND",9013,146,128,2,0,16,5,3,1,0,1,141,125,1,15
1991,"TOLLAND",9013,177,156,0,0,21,4,4,0,0,0,173,152,0,21
1992,"TOLLAND",9013,203,178,1,0,24,2,2,0,0,0,201,176,1,24
1993,"TOLLAND",9013,203,171,3,0,29,6,3,2,0,1,197,168,1,28
1994,"TOLLAND",9013,191,174,3,0,14,3,2,1,0,0,188,172,2,14
1995,"TOLLAND",9013,202,182,0,0,20,2,2,0,0,0,200,180,0,20
1996,"TOLLAND",9013,263,239,0,0,24,0,0,0,0,0,263,239,0,24
1997,"TOLLAND",9013,322,297,0,1,24,2,1,0,1,0,320,296,0,24
1998,"TOLLAND",9013,282,250,1,0,31,2,1,1,0,0,280,249,0,31
1999,"TOLLAND",9013,240,218,0,0,22,2,2,0,0,0,238,216,0,22
2000,"TOLLAND",9013,220,189,0,0,31,0,0,0,0,0,220,189,0,31
2001,"TOLLAND",9013,264,237,1,1,25,2,0,1,1,0,262,237,0,25
2002,"TOLLAND",9013,244,212,1,0,31,2,1,1,0,0,242,211,0,31
2003,"TOLLAND",9013,298,256,2,1,39,2,0,1,1,0,296,256,1,39
1990,"WINDHAM",9015,140,114,5,0,21,8,5,2,0,1,132,109,3,20
1991,"WINDHAM",9015,245,189,3,0,53,4,2,2,0,0,241,187,1,53
1992,"WINDHAM",9015,299,232,6,0,61,2,0,2,0,0,297,232,4,61
1993,"WINDHAM",9015,249,175,6,0,68,4,1,3,0,0,245,174,3,68
1994,"WINDHAM",9015,223,157,2,2,62,3,0,1,2,0,220,157,1,62
1995,"WINDHAM",9015,250,174,4,0,72,4,0,4,0,0,246,174,0,72
1996,"WINDHAM",9015,369,282,4,0,83,6,2,4,0,0,363,280,0,83
1997,"WINDHAM",9015,449,366,4,0,79,4,1,3,0,0,445,365,1,79
1998,"WINDHAM",9015,504,428,0,0,76,4,4,0,0,0,500,424,0,76
1999,"WINDHAM",9015,415,363,2,0,50,5,3,2,0,0,410,360,0,50
2000,"WINDHAM",9015,385,329,2,0,54,3,1,2,0,0,382,328,0,54
2001,"WINDHAM",9015,472,402,3,0,67,8,5,3,0,0,464,397,0,67
2002,"WINDHAM",9015,458,379,0,0,79,1,1,0,0,0,457,378,0,79
2003,"WINDHAM",9015,441,351,4,2,84,8,0,4,2,2,433,351,0,82
1990,"KENT",10001,234,160,6,0,68,9,5,4,0,0,225,155,2,68
1991,"KENT",10001,229,142,6,0,81,8,4,4,0,0,221,138,2,81
1992,"KENT",10001,298,171,12,0,115,22,8,11,0,3,276,163,1,112
1993,"KENT",10001,291,172,5,2,112,10,2,5,2,1,281,170,0,111
1994,"KENT",10001,273,203,1,0,69,6,5,1,0,0,267,198,0,69
1995,"KENT",10001,345,197,8,0,140,10,3,7,0,0,335,194,1,140
1996,"KENT",10001,440,246,1,0,193,4,3,1,0,0,436,243,0,193
1997,"KENT",10001,585,376,0,0,209,5,5,0,0,0,580,371,0,209
1998,"KENT",10001,564,377,2,0,185,2,0,2,0,0,562,377,0,185
1999,"KENT",10001,544,372,8,0,164,8,0,8,0,0,536,372,0,164
2000,"KENT",10001,537,325,10,0,202,16,5,10,0,1,521,320,0,201
2001,"KENT",10001,636,433,3,0,200,10,4,3,0,3,626,429,0,197
2002,"KENT",10001,601,385,2,0,214,8,4,2,0,2,593,381,0,212
2003,"KENT",10001,701,426,1,0,274,8,3,1,0,4,693,423,0,270
1990,"NEW CASTLE",10003,577,416,30,0,131,36,11,23,0,2,541,405,7,129
1991,"NEW CASTLE",10003,720,510,42,0,168,61,26,35,0,0,659,484,7,168
1992,"NEW CASTLE",10003,950,629,71,0,250,108,35,65,0,8,842,594,6,242
1993,"NEW CASTLE",10003,872,611,39,0,222,70,26,35,0,9,802,585,4,213
1994,"NEW CASTLE",10003,685,476,20,0,189,45,25,18,0,2,640,451,2,187
1995,"NEW CASTLE",10003,841,603,22,0,216,37,17,20,0,0,804,586,2,216
1996,"NEW CASTLE",10003,1055,713,23,1,318,34,14,19,1,0,1021,699,4,318
1997,"NEW CASTLE",10003,1481,965,88,0,428,97,10,87,0,0,1384,955,1,428
1998,"NEW CASTLE",10003,1453,979,15,0,459,19,6,13,0,0,1434,973,2,459
1999,"NEW CASTLE",10003,1420,924,30,0,466,45,12,29,0,4,1375,912,1,462
2000,"NEW CASTLE",10003,1429,893,23,0,513,37,14,23,0,0,1392,879,0,513
2001,"NEW CASTLE",10003,1800,1078,56,0,666,83,21,56,0,6,1717,1057,0,660
2002,"NEW CASTLE",10003,1997,1147,16,0,834,48,22,16,0,10,1949,1125,0,824
2003,"NEW CASTLE",10003,2211,1183,40,0,988,81,15,40,0,26,2130,1168,0,962
1990,"SUSSEX",10005,194,154,8,0,32,10,3,7,0,0,184,151,1,32
1991,"SUSSEX",10005,219,186,8,0,25,7,1,6,0,0,212,185,2,25
1992,"SUSSEX",10005,258,205,8,0,45,30,20,7,0,3,228,185,1,42
1993,"SUSSEX",10005,264,207,13,0,44,27,11,12,0,4,237,196,1,40
1994,"SUSSEX",10005,223,168,10,0,45,22,13,8,0,1,201,155,2,44
1995,"SUSSEX",10005,270,203,5,0,62,12,7,4,0,1,258,196,1,61
1996,"SUSSEX",10005,346,243,6,2,95,10,4,4,2,0,336,239,2,95
1997,"SUSSEX",10005,453,330,1,1,121,6,4,1,1,0,447,326,0,121
1998,"SUSSEX",10005,480,372,1,0,107,3,3,0,0,0,477,369,1,107
1999,"SUSSEX",10005,450,333,2,0,115,2,1,1,0,0,448,332,1,115
2000,"SUSSEX",10005,435,311,6,0,118,5,4,1,0,0,430,307,5,118
2001,"SUSSEX",10005,539,392,6,0,141,11,4,6,0,1,528,388,0,140
2002,"SUSSEX",10005,592,437,7,0,148,13,6,5,0,2,579,431,2,146
2003,"SUSSEX",10005,582,399,2,0,181,5,3,2,0,0,577,396,0,181
1990,"DISTRICT OF COLUMBIA",11001,5,0,4,0,1,3,0,3,0,0,2,0,1,1
1991,"DISTRICT OF CO",11001,1287,707,127,0,453,165,43,112,0,10,1122,664,15,443
1992,"DISTRICT OF CO",11001,1358,786,111,0,461,125,30,90,0,5,1233,756,21,456
1993,"DISTRICT OF CO",11001,1193,661,93,0,439,112,34,75,0,3,1081,627,18,436
1994,"DISTRICT OF CO",11001,1286,760,71,0,455,109,40,58,0,11,1177,720,13,444
1995,"DISTRICT OF CO",11001,1421,897,62,0,462,93,34,54,0,5,1328,863,8,457
1996,"DISTRICT OF CO",11001,1822,1112,69,0,641,105,25,63,0,17,1717,1087,6,624
1997,"DISTRICT OF CO",11001,2424,1559,59,0,805,94,29,48,0,16,2330,1530,11,789
1998,"DISTRICT OF CO",11001,2791,1914,47,0,830,80,28,42,0,10,2711,1886,5,820
1999,"DISTRICT OF COLUMBIA",11001,2639,1753,44,0,842,80,31,41,0,8,2559,1722,3,834
2000,"DISTRICT OF CO",11001,2280,1462,31,0,787,56,20,27,0,9,2224,1442,4,778
2001,"DISTRICT OF CO",11001,2529,1723,94,0,712,106,14,90,0,2,2423,1709,4,710
2002,"DISTRICT OF CO",11001,2395,1663,26,0,706,47,24,21,0,2,2348,1639,5,704
2003,"DISTRICT OF CO",11001,2214,1595,27,0,592,47,19,24,0,4,2167,1576,3,588
1990,"ALACHUA",12001,319,264,22,3,30,45,18,18,3,6,274,246,4,24
1991,"ALACHUA",12001,397,353,15,0,29,25,12,11,0,2,372,341,4,27
1992,"ALACHUA",12001,425,368,17,0,40,32,11,14,0,7,393,357,3,33
1993,"ALACHUA",12001,321,256,16,3,46,40,13,15,3,9,281,243,1,37
1994,"ALACHUA",12001,299,242,12,0,45,20,6,9,0,5,279,236,3,40
1995,"ALACHUA",12001,319,273,9,1,36,22,8,9,1,4,297,265,0,32
1996,"ALACHUA",12001,376,336,7,2,31,25,15,6,2,2,351,321,1,29
1997,"ALACHUA",12001,510,440,2,0,68,18,10,2,0,6,492,430,0,62
1998,"ALACHUA",12001,593,477,5,0,111,17,9,5,0,3,576,468,0,108
1999,"ALACHUA",12001,509,394,2,0,113,12,7,2,0,3,497,387,0,110
2000,"ALACHUA",12001,509,401,3,0,105,3,2,1,0,0,506,399,2,105
2001,"ALACHUA",12001,630,490,7,0,133,10,3,7,0,0,620,487,0,133
2002,"ALACHUA",12001,649,511,8,0,130,8,0,8,0,0,641,511,0,130
2003,"ALACHUA",12001,656,521,4,0,131,4,1,3,0,0,652,520,1,131
1990,"BAKER",12003,33,26,1,0,6,2,1,1,0,0,31,25,0,6
1991,"BAKER",12003,38,35,0,0,3,0,0,0,0,0,38,35,0,3
1992,"BAKER",12003,55,46,1,2,6,7,2,1,2,2,48,44,0,4
1993,"BAKER",12003,28,22,0,0,6,0,0,0,0,0,28,22,0,6
1994,"BAKER",12003,39,32,0,0,7,1,1,0,0,0,38,31,0,7
1995,"BAKER",12003,44,28,0,4,12,5,1,0,4,0,39,27,0,12
1996,"BAKER",12003,68,50,0,1,17,1,0,0,1,0,67,50,0,17
1997,"BAKER",12003,68,47,0,0,21,1,0,0,0,1,67,47,0,20
1998,"BAKER",12003,74,50,0,0,24,1,0,0,0,1,73,50,0,23
1999,"BAKER",12003,69,49,0,0,20,1,1,0,0,0,68,48,0,20
2000,"BAKER",12003,80,51,0,0,29,1,1,0,0,0,79,50,0,29
2001,"BAKER",12003,117,78,1,0,38,3,2,0,0,1,114,76,1,37
2002,"BAKER",12003,125,76,0,0,49,0,0,0,0,0,125,76,0,49
2003,"BAKER",12003,112,59,0,0,53,0,0,0,0,0,112,59,0,53
1990,"BAY",12005,294,281,5,0,8,23,17,5,0,1,271,264,0,7
1991,"BAY",12005,355,323,17,1,14,30,12,15,1,2,325,311,2,12
1992,"BAY",12005,291,267,9,0,15,23,14,8,0,1,268,253,1,14
1993,"BAY",12005,282,262,9,0,11,19,9,8,0,2,263,253,1,9
1994,"BAY",12005,238,219,2,0,17,13,8,2,0,3,225,211,0,14
1995,"BAY",12005,292,281,0,1,10,9,6,0,1,2,283,275,0,8
1996,"BAY",12005,341,324,3,0,14,14,7,3,0,4,327,317,0,10
1997,"BAY",12005,505,480,4,0,21,19,10,4,0,5,486,470,0,16
1998,"BAY",12005,593,563,3,0,27,18,12,3,0,3,575,551,0,24
1999,"BAY",12005,511,442,5,0,64,14,8,5,0,1,497,434,0,63
2000,"BAY",12005,496,435,2,0,59,4,3,1,0,0,492,432,1,59
2001,"BAY",12005,605,530,7,0,68,7,2,5,0,0,598,528,2,68
2002,"BAY",12005,682,588,2,0,92,10,8,2,0,0,672,580,0,92
2003,"BAY",12005,736,634,6,0,96,9,3,5,0,1,727,631,1,95
1990,"BRADFORD",12007,39,32,3,0,4,5,3,2,0,0,34,29,1,4
1991,"BRADFORD",12007,50,34,3,1,12,5,3,1,1,0,45,31,2,12
1992,"BRADFORD",12007,44,33,5,0,6,7,1,4,0,2,37,32,1,4
1993,"BRADFORD",12007,25,17,1,0,7,2,2,0,0,0,23,15,1,7
1994,"BRADFORD",12007,33,28,1,0,4,1,0,1,0,0,32,28,0,4
1995,"BRADFORD",12007,35,31,0,0,4,0,0,0,0,0,35,31,0,4
1996,"BRADFORD",12007,49,38,1,0,10,3,1,0,0,2,46,37,1,8
1997,"BRADFORD",12007,83,71,0,0,12,1,1,0,0,0,82,70,0,12
1998,"BRADFORD",12007,81,59,1,0,21,2,0,1,0,1,79,59,0,20
1999,"BRADFORD",12007,60,45,0,0,15,1,0,0,0,1,59,45,0,14
2000,"BRADFORD",12007,73,55,0,0,18,3,1,0,0,2,70,54,0,16
2001,"BRADFORD",12007,80,55,1,1,23,4,1,1,1,1,76,54,0,22
2002,"BRADFORD",12007,109,78,0,0,31,1,1,0,0,0,108,77,0,31
2003,"BRADFORD",12007,95,69,0,0,26,0,0,0,0,0,95,69,0,26
1990,"BREVARD",12009,1164,1091,26,0,47,63,36,22,0,5,1101,1055,4,42
1991,"BREVARD",12009,1588,1506,17,0,65,49,32,13,0,4,1539,1474,4,61
1992,"BREVARD",12009,1616,1546,10,0,60,32,19,6,0,7,1584,1527,4,53
1993,"BREVARD",12009,1462,1354,18,0,90,31,13,17,0,1,1431,1341,1,89
1994,"BREVARD",12009,1403,1281,17,0,105,36,20,16,0,0,1367,1261,1,105
1995,"BREVARD",12009,1412,1259,13,0,140,30,16,13,0,1,1382,1243,0,139
1996,"BREVARD",12009,1891,1706,5,1,179,25,16,5,1,3,1866,1690,0,176
1997,"BREVARD",12009,2475,2182,8,0,285,33,26,6,0,1,2442,2156,2,284
1998,"BREVARD",12009,2399,2123,13,0,263,39,29,10,0,0,2360,2094,3,263
1999,"BREVARD",12009,2166,1885,6,0,275,28,21,6,0,1,2138,1864,0,274
2000,"BREVARD",12009,1867,1628,5,0,234,16,11,5,0,0,1851,1617,0,234
2001,"BREVARD",12009,2282,2026,9,0,247,18,11,7,0,0,2264,2015,2,247
2002,"BREVARD",12009,2439,2167,4,0,268,23,21,2,0,0,2416,2146,2,268
2003,"BREVARD",12009,2572,2279,1,0,292,15,14,1,0,0,2557,2265,0,292
1990,"BROWARD",12011,3225,2846,139,0,240,220,96,123,0,1,3005,2750,16,239
1991,"BROWARD",12011,4941,4179,184,0,578,284,126,158,0,0,4657,4053,26,578
1992,"BROWARD",12011,5747,4736,197,0,814,334,154,170,0,10,5413,4582,27,804
1993,"BROWARD",12011,4985,3942,115,1,924,293,191,85,1,13,4692,3751,30,911
1994,"BROWARD",12011,5149,4039,114,0,996,264,165,91,0,8,4885,3874,23,988
1995,"BROWARD",12011,5264,4093,93,0,1078,238,143,89,0,6,5026,3950,4,1072
1996,"BROWARD",12011,6593,5028,118,0,1446,256,143,110,0,2,6337,4885,8,1444
1997,"BROWARD",12011,8411,6376,101,0,1934,269,164,97,0,8,8142,6212,4,1926
1998,"BROWARD",12011,9580,7198,115,0,2266,255,136,107,0,11,9325,7062,8,2255
1999,"BROWARD",12011,8987,6483,252,1,2251,391,145,244,1,1,8596,6338,8,2250
2000,"BROWARD",12011,8251,5923,80,0,2247,184,109,74,0,0,8067,5814,6,2247
2001,"BROWARD",12011,9742,7255,108,0,2379,224,123,101,0,0,9518,7132,7,2379
2002,"BROWARD",12011,10139,7463,130,0,2546,266,143,120,0,3,9873,7320,10,2543
2003,"BROWARD",12011,9665,7200,125,0,2339,275,149,118,0,7,9390,7051,7,2332
1990,"CALHOUN",12013,11,7,1,0,3,2,1,1,0,0,9,6,0,3
1991,"CALHOUN",12013,13,7,1,0,5,2,0,1,0,1,11,7,0,4
1992,"CALHOUN",12013,9,8,0,0,1,0,0,0,0,0,9,8,0,1
1993,"CALHOUN",12013,12,12,0,0,0,0,0,0,0,0,12,12,0,0
1994,"CALHOUN",12013,25,14,4,3,4,8,0,4,3,1,17,14,0,3
1995,"CALHOUN",12013,11,11,0,0,0,0,0,0,0,0,11,11,0,0
1996,"CALHOUN",12013,26,20,1,0,5,1,0,1,0,0,25,20,0,5
1997,"CALHOUN",12013,33,28,1,0,4,2,1,1,0,0,31,27,0,4
1998,"CALHOUN",12013,30,27,0,0,3,1,0,0,0,1,29,27,0,2
1999,"CALHOUN",12013,34,30,0,0,4,0,0,0,0,0,34,30,0,4
2000,"CALHOUN",12013,28,21,0,0,7,0,0,0,0,0,28,21,0,7
2001,"CALHOUN",12013,33,24,1,0,8,2,1,1,0,0,31,23,0,8
2002,"CALHOUN",12013,53,40,2,0,11,3,1,2,0,0,50,39,0,11
2003,"CALHOUN",12013,58,45,6,0,7,5,0,5,0,0,53,45,1,7
1990,"CHARLOTTE",12015,219,186,6,0,27,30,25,2,0,3,189,161,4,24
1991,"CHARLOTTE",12015,299,261,8,0,30,26,17,6,0,3,273,244,2,27
1992,"CHARLOTTE",12015,323,260,15,0,48,25,11,12,0,2,298,249,3,46
1993,"CHARLOTTE",12015,304,248,10,0,46,23,9,8,0,6,281,239,2,40
1994,"CHARLOTTE",12015,299,256,6,0,37,17,10,5,0,2,282,246,1,35
1995,"CHARLOTTE",12015,319,276,4,0,39,10,4,4,0,2,309,272,0,37
1996,"CHARLOTTE",12015,434,354,4,0,76,13,7,4,0,2,421,347,0,74
1997,"CHARLOTTE",12015,538,405,6,0,127,11,4,5,0,2,527,401,1,125
1998,"CHARLOTTE",12015,567,391,3,0,173,8,4,2,0,2,559,387,1,171
1999,"CHARLOTTE",12015,577,385,6,0,186,17,8,6,0,3,560,377,0,183
2000,"CHARLOTTE",12015,546,352,0,0,194,7,6,0,0,1,539,346,0,193
2001,"CHARLOTTE",12015,613,407,0,0,206,19,10,0,0,9,594,397,0,197
2002,"CHARLOTTE",12015,621,368,3,0,250,11,5,2,0,4,610,363,1,246
2003,"CHARLOTTE",12015,696,433,2,0,261,4,3,1,0,0,692,430,1,261
1990,"CITRUS",12017,183,168,3,0,12,16,13,1,0,2,167,155,2,10
1991,"CITRUS",12017,268,238,5,0,25,17,10,3,0,4,251,228,2,21
1992,"CITRUS",12017,241,209,6,1,25,22,9,6,1,6,219,200,0,19
1993,"CITRUS",12017,242,211,3,0,28,14,10,3,0,1,228,201,0,27
1994,"CITRUS",12017,239,202,3,0,34,16,9,3,0,4,223,193,0,30
1995,"CITRUS",12017,300,246,4,0,50,10,2,4,0,4,290,244,0,46
1996,"CITRUS",12017,401,316,0,0,85,15,11,0,0,4,386,305,0,81
1997,"CITRUS",12017,444,361,3,0,80,15,12,3,0,0,429,349,0,80
1998,"CITRUS",12017,505,426,1,0,78,4,2,1,0,1,501,424,0,77
1999,"CITRUS",12017,568,491,1,0,76,6,4,1,0,1,562,487,0,75
2000,"CITRUS",12017,484,403,1,0,80,2,1,1,0,0,482,402,0,80
2001,"CITRUS",12017,626,558,0,0,68,3,2,0,0,1,623,556,0,67
2002,"CITRUS",12017,651,555,0,0,96,5,3,0,0,2,646,552,0,94
2003,"CITRUS",12017,679,588,1,0,90,4,0,0,0,4,675,588,1,86
1990,"CLAY",12019,427,370,4,0,53,28,20,4,0,4,399,350,0,49
1991,"CLAY",12019,520,458,9,0,53,17,6,6,0,5,503,452,3,48
1992,"CLAY",12019,496,431,3,0,62,25,17,3,0,5,471,414,0,57
1993,"CLAY",12019,344,276,4,0,64,20,13,3,0,4,324,263,1,60
1994,"CLAY",12019,346,280,2,0,64,9,5,1,0,3,337,275,1,61
1995,"CLAY",12019,421,312,0,0,109,19,15,0,0,4,402,297,0,105
1996,"CLAY",12019,524,387,4,0,133,18,11,2,0,5,506,376,2,128
1997,"CLAY",12019,597,445,4,0,148,14,6,3,0,5,583,439,1,143
1998,"CLAY",12019,640,467,0,0,173,10,6,0,0,4,630,461,0,169
1999,"CLAY",12019,608,415,0,0,193,6,5,0,0,1,602,410,0,192
2000,"CLAY",12019,696,421,1,0,274,5,2,1,0,2,691,419,0,272
2001,"CLAY",12019,835,565,0,0,270,9,9,0,0,0,826,556,0,270
2002,"CLAY",12019,860,602,0,0,258,6,6,0,0,0,854,596,0,258
2003,"CLAY",12019,961,625,1,0,335,5,3,1,0,1,956,622,0,334
1990,"COLLIER",12021,286,270,10,0,6,41,33,8,0,0,245,237,2,6
1991,"COLLIER",12021,490,463,21,0,6,55,35,20,0,0,435,428,1,6
1992,"COLLIER",12021,497,464,19,0,14,42,22,18,0,2,455,442,1,12
1993,"COLLIER",12021,456,412,23,0,21,27,11,13,0,3,429,401,10,18
1994,"COLLIER",12021,473,424,24,0,25,36,18,18,0,0,437,406,6,25
1995,"COLLIER",12021,484,421,6,0,57,25,18,6,0,1,459,403,0,56
1996,"COLLIER",12021,667,498,18,0,151,25,5,17,0,3,642,493,1,148
1997,"COLLIER",12021,800,563,9,0,228,22,8,9,0,5,778,555,0,223
1998,"COLLIER",12021,827,603,7,0,217,29,15,4,0,10,798,588,3,207
1999,"COLLIER",12021,700,478,15,0,207,35,16,14,0,5,665,462,1,202
2000,"COLLIER",12021,673,442,8,0,223,22,12,8,0,2,651,430,0,221
2001,"COLLIER",12021,718,478,7,0,233,30,16,6,0,8,688,462,1,225
2002,"COLLIER",12021,727,471,15,0,241,30,11,12,0,7,697,460,3,234
2003,"COLLIER",12021,921,578,15,0,328,31,15,11,0,5,890,563,4,323
1990,"COLUMBIA",12023,79,55,5,0,19,10,2,4,0,4,69,53,1,15
1991,"COLUMBIA",12023,98,89,2,0,7,9,7,2,0,0,89,82,0,7
1992,"COLUMBIA",12023,94,81,3,1,9,7,4,2,1,0,87,77,1,9
1993,"COLUMBIA",12023,88,73,1,0,14,5,4,0,0,1,83,69,1,13
1994,"COLUMBIA",12023,78,59,2,0,17,4,1,1,0,2,74,58,1,15
1995,"COLUMBIA",12023,94,72,0,0,22,3,3,0,0,0,91,69,0,22
1996,"COLUMBIA",12023,145,128,0,1,16,5,3,0,1,1,140,125,0,15
1997,"COLUMBIA",12023,199,164,2,2,31,13,6,2,2,3,186,158,0,28
1998,"COLUMBIA",12023,244,197,0,0,47,3,1,0,0,2,241,196,0,45
1999,"COLUMBIA",12023,216,145,1,1,69,5,3,1,1,0,211,142,0,69
2000,"COLUMBIA",12023,210,141,0,1,68,4,2,0,1,1,206,139,0,67
2001,"COLUMBIA",12023,232,176,0,0,56,2,2,0,0,0,230,174,0,56
2002,"COLUMBIA",12023,250,210,0,0,40,2,2,0,0,0,248,208,0,40
2003,"COLUMBIA",12023,271,214,2,0,55,2,1,1,0,0,269,213,1,55
1990,"DADE",12025,4123,3165,229,3,726,375,176,196,3,0,3748,2989,33,726
1991,"DADE",12025,6478,5141,234,2,1099,413,198,211,2,0,6065,4943,23,1099
1992,"DADE",12025,7172,5809,169,0,1192,427,265,152,0,8,6745,5544,17,1184
1993,"DADE",12025,5041,4021,189,0,829,381,210,164,0,5,4660,3811,25,824
1994,"DADE",12025,5487,4289,152,0,1043,358,225,129,0,1,5129,4064,23,1042
1995,"DADE",12025,6278,4708,114,3,1450,323,210,102,3,5,5955,4498,12,1445
1996,"DADE",12025,8399,6259,124,1,2010,323,205,111,1,1,8076,6054,13,2009
1997,"DADE",12025,10970,7872,133,2,2962,331,192,122,2,14,10639,7680,11,2948
1998,"DADE",12025,12557,8890,112,2,3552,318,199,107,2,9,12239,8691,5,3543
1999,"DADE",12025,12977,8769,88,1,4119,288,200,83,1,3,12690,8569,5,4116
2000,"DADE",12025,12752,8005,116,0,4629,306,197,107,0,0,12446,7808,9,4629
2001,"DADE",12025,14824,9296,181,0,5345,377,200,171,0,4,14447,9096,10,5341
2002,"DADE",12025,14958,9473,113,0,5370,351,239,106,0,5,14607,9234,7,5365
2003,"DADE",12025,14759,9418,73,0,5266,272,199,64,0,7,14487,9219,9,5259
1990,"DESOTO",12027,33,33,0,0,0,1,1,0,0,0,32,32,0,0
1991,"DE SOTO",12027,57,41,2,0,14,3,1,1,0,1,54,40,1,13
1992,"DE SOTO",12027,43,30,3,0,10,4,0,3,0,1,39,30,0,9
1993,"DE SOTO",12027,36,30,0,0,6,0,0,0,0,0,36,30,0,6
1994,"DE SOTO",12027,54,51,0,0,3,2,2,0,0,0,52,49,0,3
1995,"DE SOTO",12027,36,31,0,0,5,0,0,0,0,0,36,31,0,5
1996,"DE SOTO",12027,73,52,5,0,16,7,2,5,0,0,66,50,0,16
1997,"DE SOTO",12027,96,76,0,0,20,1,0,0,0,1,95,76,0,19
1998,"DE SOTO",12027,83,60,3,0,20,3,0,3,0,0,80,60,0,20
1999,"DESOTO",12027,80,60,1,0,19,1,1,0,0,0,79,59,1,19
2000,"DE SOTO",12027,71,51,0,0,20,0,0,0,0,0,71,51,0,20
2001,"DE SOTO",12027,105,71,2,0,32,3,0,2,0,1,102,71,0,31
2002,"DE SOTO",12027,104,74,0,1,29,4,2,0,1,1,100,72,0,28
2003,"DE SOTO",12027,123,84,0,0,39,1,0,0,0,1,122,84,0,38
1990,"DIXIE",12029,3,3,0,0,0,0,0,0,0,0,3,3,0,0
1991,"DIXIE",12029,25,21,0,1,3,2,0,0,1,1,23,21,0,2
1992,"DIXIE",12029,16,15,0,0,1,0,0,0,0,0,16,15,0,1
1993,"DIXIE",12029,18,13,0,0,5,0,0,0,0,0,18,13,0,5
1994,"DIXIE",12029,18,14,0,0,4,2,2,0,0,0,16,12,0,4
1995,"DIXIE",12029,17,14,0,0,3,2,2,0,0,0,15,12,0,3
1996,"DIXIE",12029,25,17,2,0,6,2,0,2,0,0,23,17,0,6
1997,"DIXIE",12029,36,32,0,0,4,2,1,0,0,1,34,31,0,3
1998,"DIXIE",12029,46,37,0,0,9,0,0,0,0,0,46,37,0,9
1999,"DIXIE",12029,38,33,0,0,5,0,0,0,0,0,38,33,0,5
2000,"DIXIE",12029,31,26,0,0,5,1,0,0,0,1,30,26,0,4
2001,"DIXIE",12029,35,33,0,0,2,0,0,0,0,0,35,33,0,2
2002,"DIXIE",12029,46,42,0,0,4,0,0,0,0,0,46,42,0,4
2003,"DIXIE",12029,34,32,0,0,2,0,0,0,0,0,34,32,0,2
1990,"DUVAL",12031,2775,2202,47,0,526,137,69,41,0,27,2638,2133,6,499
1991,"DUVAL",12031,3175,2503,51,0,621,141,52,47,0,42,3034,2451,4,579
1992,"DUVAL",12031,3151,2335,33,1,782,141,66,33,1,41,3010,2269,0,741
1993,"DUVAL",12031,2513,1784,35,0,694,99,48,32,0,19,2414,1736,3,675
1994,"DUVAL",12031,2430,1596,31,0,803,107,55,27,0,25,2323,1541,4,778
1995,"DUVAL",12031,2799,1853,34,0,912,128,64,31,0,33,2671,1789,3,879
1996,"DUVAL",12031,3365,2192,20,0,1153,89,43,20,0,26,3276,2149,0,1127
1997,"DUVAL",12031,3954,2511,18,1,1424,91,41,17,1,32,3863,2470,1,1392
1998,"DUVAL",12031,4159,2485,17,0,1657,48,21,14,0,13,4111,2464,3,1644
1999,"DUVAL",12031,3983,2159,17,0,1807,48,26,15,0,7,3935,2133,2,1800
2000,"DUVAL",12031,4357,2311,13,0,2033,48,26,12,0,10,4309,2285,1,2023
2001,"DUVAL",12031,5172,2967,13,0,2192,65,36,12,0,17,5107,2931,1,2175
2002,"DUVAL",12031,5665,3178,14,0,2473,82,48,12,0,22,5583,3130,2,2451
2003,"DUVAL",12031,5933,3101,6,0,2826,47,28,5,0,14,5886,3073,1,2812
1990,"ESCAMBIA",12033,661,605,21,0,35,35,10,19,0,6,626,595,2,29
1991,"ESCAMBIA",12033,818,737,27,0,54,37,10,22,0,5,781,727,5,49
1992,"ESCAMBIA",12033,715,638,8,0,69,18,6,8,0,4,697,632,0,65
1993,"ESCAMBIA",12033,604,540,13,0,51,21,6,12,0,3,583,534,1,48
1994,"ESCAMBIA",12033,601,524,9,0,68,24,12,7,0,5,577,512,2,63
1995,"ESCAMBIA",12033,629,552,4,0,73,9,4,3,0,2,620,548,1,71
1996,"ESCAMBIA",12033,1005,769,4,0,232,15,8,4,0,3,990,761,0,229
1997,"ESCAMBIA",12033,1226,933,5,0,288,18,10,3,0,5,1208,923,2,283
1998,"ESCAMBIA",12033,1362,1031,3,1,327,15,9,3,1,2,1347,1022,0,325
1999,"ESCAMBIA",12033,1190,912,3,0,275,4,2,2,0,0,1186,910,1,275
2000,"ESCAMBIA",12033,1320,927,4,0,389,12,7,4,0,1,1308,920,0,388
2001,"ESCAMBIA",12033,1492,1123,10,0,359,15,6,9,0,0,1477,1117,1,359
2002,"ESCAMBIA",12033,1581,1254,2,0,325,6,4,2,0,0,1575,1250,0,325
2003,"ESCAMBIA",12033,1733,1378,8,0,347,20,14,6,0,0,1713,1364,2,347
1990,"FLAGLER",12035,48,39,6,0,3,11,6,4,0,1,37,33,2,2
1991,"FLAGLER",12035,85,69,7,0,9,8,4,3,0,1,77,65,4,8
1992,"FLAGLER",12035,112,94,1,0,17,5,3,0,0,2,107,91,1,15
1993,"FLAGLER",12035,78,68,1,0,9,3,2,1,0,0,75,66,0,9
1994,"FLAGLER",12035,97,84,1,0,12,6,3,1,0,2,91,81,0,10
1995,"FLAGLER",12035,110,98,0,0,12,5,3,0,0,2,105,95,0,10
1996,"FLAGLER",12035,138,111,0,0,27,6,3,0,0,3,132,108,0,24
1997,"FLAGLER",12035,162,149,2,0,11,6,4,2,0,0,156,145,0,11
1998,"FLAGLER",12035,196,169,5,0,22,6,2,4,0,0,190,167,1,22
1999,"FLAGLER",12035,190,164,1,0,25,1,0,1,0,0,189,164,0,25
2000,"FLAGLER",12035,214,158,4,0,52,4,1,3,0,0,210,157,1,52
2001,"FLAGLER",12035,333,270,4,0,59,9,3,4,0,2,324,267,0,57
2002,"FLAGLER",12035,346,269,2,0,75,3,1,2,0,0,343,268,0,75
2003,"FLAGLER",12035,367,271,2,0,94,4,2,2,0,0,363,269,0,94
1990,"FRANKLIN",12037,6,3,2,0,1,2,0,2,0,0,4,3,0,1
1991,"FRANKLIN",12037,8,6,0,0,2,1,1,0,0,0,7,5,0,2
1992,"FRANKLIN",12037,18,13,1,0,4,2,1,1,0,0,16,12,0,4
1993,"FRANKLIN",12037,13,12,0,0,1,0,0,0,0,0,13,12,0,1
1994,"FRANKLIN",12037,5,4,0,0,1,0,0,0,0,0,5,4,0,1
1995,"FRANKLIN",12037,5,4,1,0,0,1,0,1,0,0,4,4,0,0
1996,"FRANKLIN",12037,11,9,0,0,2,0,0,0,0,0,11,9,0,2
1997,"FRANKLIN",12037,25,18,2,0,5,4,1,2,0,1,21,17,0,4
1998,"FRANKLIN",12037,20,19,0,0,1,0,0,0,0,0,20,19,0,1
1999,"FRANKLIN",12037,23,21,2,0,0,2,0,2,0,0,21,21,0,0
2000,"FRANKLIN",12037,18,14,0,0,4,1,1,0,0,0,17,13,0,4
2001,"FRANKLIN",12037,23,22,1,0,0,1,0,1,0,0,22,22,0,0
2002,"FRANKLIN",12037,28,28,0,0,0,1,1,0,0,0,27,27,0,0
2003,"FRANKLIN",12037,37,35,0,0,2,0,0,0,0,0,37,35,0,2
1990,"GADSDEN",12039,33,29,1,0,3,2,1,1,0,0,31,28,0,3
1991,"GADSDEN",12039,44,33,0,0,11,2,1,0,0,1,42,32,0,10
1992,"GADSDEN",12039,48,44,0,0,4,2,2,0,0,0,46,42,0,4
1993,"GADSDEN",12039,50,37,1,0,12,1,0,1,0,0,49,37,0,12
1994,"GADSDEN",12039,48,32,1,0,15,0,0,0,0,0,48,32,1,15
1995,"GADSDEN",12039,63,39,0,0,24,0,0,0,0,0,63,39,0,24
1996,"GADSDEN",12039,89,47,0,0,42,1,1,0,0,0,88,46,0,42
1997,"GADSDEN",12039,117,70,1,0,46,1,0,1,0,0,116,70,0,46
1998,"GADSDEN",12039,112,74,1,0,37,1,0,1,0,0,111,74,0,37
1999,"GADSDEN",12039,132,73,0,0,59,0,0,0,0,0,132,73,0,59
2000,"GADSDEN",12039,152,93,2,0,57,4,1,2,0,1,148,92,0,56
2001,"GADSDEN",12039,192,107,2,0,83,2,0,2,0,0,190,107,0,83
2002,"GADSDEN",12039,228,115,1,1,111,2,0,1,1,0,226,115,0,111
2003,"GADSDEN",12039,248,132,0,0,116,0,0,0,0,0,248,132,0,116
1990,"GILCHRIST",12041,16,12,0,2,2,2,0,0,2,0,14,12,0,2
1991,"GILCHRIST",12041,15,14,0,0,1,0,0,0,0,0,15,14,0,1
1992,"GILCHRIST",12041,22,19,0,0,3,0,0,0,0,0,22,19,0,3
1993,"GILCHRIST",12041,20,18,0,0,2,0,0,0,0,0,20,18,0,2
1994,"GILCHRIST",12041,18,14,1,0,3,0,0,0,0,0,18,14,1,3
1995,"GILCHRIST",12041,15,13,0,0,2,1,1,0,0,0,14,12,0,2
1996,"GILCHRIST",12041,20,19,0,0,1,0,0,0,0,0,20,19,0,1
1997,"GILCHRIST",12041,35,32,1,0,2,1,0,1,0,0,34,32,0,2
1998,"GILCHRIST",12041,40,30,0,0,10,0,0,0,0,0,40,30,0,10
1999,"GILCHRIST",12041,44,41,0,0,3,0,0,0,0,0,44,41,0,3
2000,"GILCHRIST",12041,32,27,0,0,5,0,0,0,0,0,32,27,0,5
2001,"GILCHRIST",12041,58,50,0,0,8,0,0,0,0,0,58,50,0,8
2002,"GILCHRIST",12041,58,47,0,0,11,0,0,0,0,0,58,47,0,11
2003,"GILCHRIST",12041,50,46,0,0,4,0,0,0,0,0,50,46,0,4
1991,"GLADES",12043,5,5,0,0,0,0,0,0,0,0,5,5,0,0
1992,"GLADES",12043,2,2,0,0,0,0,0,0,0,0,2,2,0,0
1993,"GLADES",12043,5,4,0,0,1,1,0,0,0,1,4,4,0,0
1994,"GLADES",12043,5,5,0,0,0,0,0,0,0,0,5,5,0,0
1995,"GLADES",12043,6,4,0,0,2,0,0,0,0,0,6,4,0,2
1996,"GLADES",12043,11,7,0,0,4,0,0,0,0,0,11,7,0,4
1997,"GLADES",12043,7,6,0,0,1,0,0,0,0,0,7,6,0,1
1998,"GLADES",12043,15,13,0,0,2,0,0,0,0,0,15,13,0,2
1999,"GLADES",12043,0,0,0,0,0,0,0,0,0,0,0,0,0,0
2000,"GLADES",12043,17,15,0,0,2,0,0,0,0,0,17,15,0,2
2001,"GLADES",12043,15,13,0,0,2,0,0,0,0,0,15,13,0,2
2002,"GLADES",12043,11,9,0,0,2,0,0,0,0,0,11,9,0,2
2003,"GLADES",12043,27,20,0,0,7,0,0,0,0,0,27,20,0,7
1990,"GULF",12045,13,13,0,0,0,0,0,0,0,0,13,13,0,0
1991,"GULF",12045,7,6,0,0,1,0,0,0,0,0,7,6,0,1
1992,"GULF",12045,18,18,0,0,0,0,0,0,0,0,18,18,0,0
1993,"GULF",12045,14,14,0,0,0,1,1,0,0,0,13,13,0,0
1994,"GULF",12045,10,9,0,0,1,1,1,0,0,0,9,8,0,1
1995,"GULF",12045,13,11,0,0,2,0,0,0,0,0,13,11,0,2
1996,"GULF",12045,26,25,0,0,1,0,0,0,0,0,26,25,0,1
1997,"GULF",12045,35,35,0,0,0,1,1,0,0,0,34,34,0,0
1998,"GULF",12045,26,22,0,0,4,0,0,0,0,0,26,22,0,4
1999,"GULF",12045,33,29,0,0,4,0,0,0,0,0,33,29,0,4
2000,"GULF",12045,28,23,1,0,4,1,0,1,0,0,27,23,0,4
2001,"GULF",12045,48,37,3,0,8,3,0,3,0,0,45,37,0,8
2002,"GULF",12045,43,31,0,0,12,0,0,0,0,0,43,31,0,12
2003,"GULF",12045,41,35,0,0,6,0,0,0,0,0,41,35,0,6
1990,"HAMILTON",12047,6,4,0,0,2,0,0,0,0,0,6,4,0,2
1991,"HAMILTON",12047,15,10,0,1,4,1,0,0,1,0,14,10,0,4
1992,"HAMILTON",12047,37,26,1,2,8,3,0,1,2,0,34,26,0,8
1993,"HAMILTON",12047,18,10,1,1,6,2,0,1,1,0,16,10,0,6
1994,"HAMILTON",12047,12,7,1,0,4,1,0,1,0,0,11,7,0,4
1995,"HAMILTON",12047,12,8,0,0,4,1,1,0,0,0,11,7,0,4
1996,"HAMILTON",12047,27,16,0,1,10,1,0,0,1,0,26,16,0,10
1997,"HAMILTON",12047,37,13,0,1,23,1,0,0,1,0,36,13,0,23
1998,"HAMILTON",12047,51,32,0,0,19,1,1,0,0,0,50,31,0,19
1999,"HAMILTON",12047,38,11,0,0,27,0,0,0,0,0,38,11,0,27
2000,"HAMILTON",12047,39,21,0,0,18,0,0,0,0,0,39,21,0,18
2001,"HAMILTON",12047,46,25,0,0,21,1,1,0,0,0,45,24,0,21
2002,"HAMILTON",12047,34,23,0,0,11,1,1,0,0,0,33,22,0,11
2003,"HAMILTON",12047,45,30,0,0,15,0,0,0,0,0,45,30,0,15
1990,"HARDEE",12049,20,18,0,0,2,2,2,0,0,0,18,16,0,2
1991,"HARDEE",12049,33,19,1,1,12,4,0,1,1,2,29,19,0,10
1992,"HARDEE",12049,37,27,3,0,7,4,3,1,0,0,33,24,2,7
1993,"HARDEE",12049,27,19,3,0,5,5,2,2,0,1,22,17,1,4
1994,"HARDEE",12049,19,14,1,0,4,2,1,1,0,0,17,13,0,4
1995,"HARDEE",12049,46,33,3,1,9,6,2,3,1,0,40,31,0,9
1996,"HARDEE",12049,63,50,2,0,11,5,3,2,0,0,58,47,0,11
1997,"HARDEE",12049,81,67,0,0,14,3,1,0,0,2,78,66,0,12
1998,"HARDEE",12049,78,62,1,0,15,4,3,1,0,0,74,59,0,15
1999,"HARDEE",12049,65,54,1,0,10,1,0,1,0,0,64,54,0,10
2000,"HARDEE",12049,73,55,0,0,18,1,1,0,0,0,72,54,0,18
2001,"HARDEE",12049,74,61,1,0,12,3,1,1,0,1,71,60,0,11
2002,"HARDEE",12049,75,58,1,0,16,2,1,1,0,0,73,57,0,16
2003,"HARDEE",12049,85,64,1,0,20,2,1,1,0,0,83,63,0,20
1990,"HENDRY",12051,25,22,0,1,2,3,2,0,1,0,22,20,0,2
1991,"HENDRY",12051,33,31,1,0,1,2,1,1,0,0,31,30,0,1
1992,"HENDRY",12051,43,41,1,0,1,1,0,1,0,0,42,41,0,1
1993,"HENDRY",12051,32,29,1,0,2,2,1,1,0,0,30,28,0,2
1994,"HENDRY",12051,40,38,0,0,2,0,0,0,0,0,40,38,0,2
1995,"HENDRY",12051,55,49,0,0,6,0,0,0,0,0,55,49,0,6
1996,"HENDRY",12051,59,51,1,1,6,2,0,1,1,0,57,51,0,6
1997,"HENDRY",12051,90,70,0,0,20,1,1,0,0,0,89,69,0,20
1998,"HENDRY",12051,86,77,0,0,9,0,0,0,0,0,86,77,0,9
1999,"HENDRY",12051,80,61,0,0,19,4,3,0,0,1,76,58,0,18
2000,"HENDRY",12051,74,60,0,0,14,2,2,0,0,0,72,58,0,14
2001,"HENDRY",12051,101,85,0,0,16,3,2,0,0,1,98,83,0,15
2002,"HENDRY",12051,91,69,0,0,22,1,0,0,0,1,90,69,0,21
2003,"HENDRY",12051,86,64,1,0,21,0,0,0,0,0,86,64,1,21
1990,"HERNANDO",12053,345,312,4,1,28,20,15,3,1,1,325,297,1,27
1991,"HERNANDO",12053,432,372,12,0,48,30,18,9,0,3,402,354,3,45
1992,"HERNANDO",12053,437,386,1,0,50,13,8,1,0,4,424,378,0,46
1993,"HERNANDO",12053,337,285,7,0,45,19,9,7,0,3,318,276,0,42
1994,"HERNANDO",12053,363,312,5,0,46,7,4,2,0,1,356,308,3,45
1995,"HERNANDO",12053,351,308,3,0,40,10,6,3,0,1,341,302,0,39
1996,"HERNANDO",12053,511,456,1,0,54,5,4,1,0,0,506,452,0,54
1997,"HERNANDO",12053,615,530,4,0,81,15,7,4,0,4,600,523,0,77
1998,"HERNANDO",12053,645,562,2,0,81,11,7,2,0,2,634,555,0,79
1999,"HERNANDO",12053,631,496,3,0,132,21,12,3,0,6,610,484,0,126
2000,"HERNANDO",12053,644,488,4,0,152,13,8,3,0,2,631,480,1,150
2001,"HERNANDO",12053,816,613,5,0,198,19,12,3,0,4,797,601,2,194
2002,"HERNANDO",12053,809,613,3,0,193,7,4,1,0,2,802,609,2,191
2003,"HERNANDO",12053,911,669,3,0,239,6,3,2,0,1,905,666,1,238
1990,"HIGHLANDS",12055,79,63,7,0,9,10,5,5,0,0,69,58,2,9
1991,"HIGHLANDS",12055,113,100,3,0,10,5,3,2,0,0,108,97,1,10
1992,"HIGHLANDS",12055,126,109,5,2,10,11,3,4,2,2,115,106,1,8
1993,"HIGHLANDS",12055,113,92,6,0,13,14,7,5,0,0,99,85,1,13
1994,"HIGHLANDS",12055,155,136,3,0,16,11,8,1,0,2,144,128,2,14
1995,"HIGHLANDS",12055,185,154,4,0,27,8,5,3,0,0,177,149,1,27
1996,"HIGHLANDS",12055,223,175,2,0,46,8,5,2,0,1,215,170,0,45
1997,"HIGHLANDS",12055,311,224,3,0,84,6,3,3,0,0,305,221,0,84
1998,"HIGHLANDS",12055,358,276,3,0,79,5,2,2,0,1,353,274,1,78
1999,"HIGHLANDS",12055,346,269,4,0,73,8,3,4,0,1,338,266,0,72
2000,"HIGHLANDS",12055,276,230,1,0,45,6,5,1,0,0,270,225,0,45
2001,"HIGHLANDS",12055,278,228,2,0,48,4,1,2,0,1,274,227,0,47
2002,"HIGHLANDS",12055,299,255,2,0,42,5,2,1,0,2,294,253,1,40
2003,"HIGHLANDS",12055,349,286,3,0,60,7,5,1,0,1,342,281,2,59
1990,"HILLSBOROUGH",12057,4227,3380,130,1,716,280,146,110,1,23,3947,3234,20,693
1991,"HILLSBOROUGH",12057,5076,3946,155,2,973,271,122,125,2,22,4805,3824,30,951
1992,"HILLSBOROUGH",12057,4750,3761,139,0,850,239,101,112,0,26,4511,3660,27,824
1993,"HILLSBOROUGH",12057,3741,2948,108,2,683,243,117,89,2,35,3498,2831,19,648
1994,"HILLSBOROUGH",12057,3263,2602,89,1,571,216,113,77,1,25,3047,2489,12,546
1995,"HILLSBOROUGH",12057,3413,2635,70,1,707,180,91,68,1,20,3233,2544,2,687
1996,"HILLSBOROUGH",12057,4450,3378,85,0,987,199,87,71,0,41,4251,3291,14,946
1997,"HILLSBOROUGH",12057,5171,3865,55,0,1251,192,89,50,0,53,4979,3776,5,1198
1998,"HILLSBOROUGH",12057,5601,4099,56,1,1445,206,116,54,1,35,5395,3983,2,1410
1999,"HILLSBOROUGH",12057,5135,3519,45,3,1568,180,111,42,3,24,4955,3408,3,1544
2000,"HILLSBOROUGH",12057,4907,3276,53,0,1578,119,55,52,0,12,4788,3221,1,1566
2001,"HILLSBOROUGH",12057,6131,4133,50,1,1947,178,106,46,1,25,5953,4027,4,1922
2002,"HILLSBOROUGH",12057,6714,4358,58,0,2298,130,69,54,0,7,6584,4289,4,2291
2003,"HILLSBOROUGH",12057,6937,4493,60,0,2384,104,44,53,0,7,6833,4449,7,2377
1990,"HOLMES",12059,19,15,0,1,3,1,0,0,1,0,18,15,0,3
1991,"HOLMES",12059,26,26,0,0,0,0,0,0,0,0,26,26,0,0
1992,"HOLMES",12059,21,18,1,1,1,3,1,1,1,0,18,17,0,1
1993,"HOLMES",12059,13,13,0,0,0,0,0,0,0,0,13,13,0,0
1994,"HOLMES",12059,20,16,0,1,3,1,0,0,1,0,19,16,0,3
1995,"HOLMES",12059,17,16,0,0,1,0,0,0,0,0,17,16,0,1
1996,"HOLMES",12059,30,27,0,0,3,1,1,0,0,0,29,26,0,3
1997,"HOLMES",12059,37,34,0,0,3,2,1,0,0,1,35,33,0,2
1998,"HOLMES",12059,54,49,0,1,4,3,1,0,1,1,51,48,0,3
1999,"HOLMES",12059,50,46,0,1,3,2,0,0,1,1,48,46,0,2
2000,"HOLMES",12059,61,49,0,0,12,1,1,0,0,0,60,48,0,12
2001,"HOLMES",12059,78,58,0,1,19,2,1,0,1,0,76,57,0,19
2002,"HOLMES",12059,98,74,0,1,23,2,1,0,1,0,96,73,0,23
2003,"HOLMES",12059,95,73,0,0,22,1,1,0,0,0,94,72,0,22
1990,"INDIAN RIVER",12061,136,123,8,0,5,9,2,7,0,0,127,121,1,5
1991,"INDIAN RIVER",12061,208,196,6,0,6,10,5,5,0,0,198,191,1,6
1992,"INDIAN RIVER",12061,235,217,9,0,9,18,11,7,0,0,217,206,2,9
1993,"INDIAN RIVER",12061,229,208,14,0,7,25,13,11,0,1,204,195,3,6
1994,"INDIAN RIVER",12061,224,211,5,0,8,13,9,3,0,1,211,202,2,7
1995,"INDIAN RIVER",12061,258,239,0,0,19,9,6,0,0,3,249,233,0,16
1996,"INDIAN RIVER",12061,305,266,2,0,36,10,4,1,0,4,295,262,1,32
1997,"INDIAN RIVER",12061,360,323,2,0,35,8,4,2,0,2,352,319,0,33
1998,"INDIAN RIVER",12061,400,362,2,0,36,4,2,2,0,0,396,360,0,36
1999,"INDIAN RIVER",12061,379,337,7,1,34,14,6,7,1,0,365,331,0,34
2000,"INDIAN RIVER",12061,368,317,4,0,47,10,7,3,0,0,358,310,1,47
2001,"INDIAN RIVER",12061,396,351,5,0,40,10,5,5,0,0,386,346,0,40
2002,"INDIAN RIVER",12061,416,368,5,0,43,16,10,4,0,2,400,358,1,41
2003,"INDIAN RIVER",12061,483,441,2,0,40,22,18,2,0,2,461,423,0,38
1990,"JACKSON",12063,57,45,1,5,6,7,1,1,5,0,50,44,0,6
1991,"JACKSON",12063,50,37,2,2,9,7,2,2,2,1,43,35,0,8
1992,"JACKSON",12063,71,54,0,0,17,5,0,0,0,5,66,54,0,12
1993,"JACKSON",12063,59,47,1,2,9,6,2,1,2,1,53,45,0,8
1994,"JACKSON",12063,49,41,0,1,7,3,1,0,1,1,46,40,0,6
1995,"JACKSON",12063,70,57,0,2,11,6,1,0,2,3,64,56,0,8
1996,"JACKSON",12063,103,85,0,3,15,8,3,0,3,2,95,82,0,13
1997,"JACKSON",12063,136,104,1,0,31,10,3,1,0,6,126,101,0,25
1998,"JACKSON",12063,139,111,1,0,27,2,1,1,0,0,137,110,0,27
1999,"JACKSON",12063,147,121,0,2,24,9,7,0,2,0,138,114,0,24
2000,"JACKSON",12063,147,102,1,0,44,6,1,1,0,4,141,101,0,40
2001,"JACKSON",12063,171,105,1,0,65,2,1,1,0,0,169,104,0,65
2002,"JACKSON",12063,225,132,1,0,92,2,1,1,0,0,223,131,0,92
2003,"JACKSON",12063,235,171,2,0,62,2,1,1,0,0,233,170,1,62
1990,"JEFFERSON",12065,15,15,0,0,0,2,2,0,0,0,13,13,0,0
1991,"JEFFERSON",12065,27,24,0,0,3,1,1,0,0,0,26,23,0,3
1992,"JEFFERSON",12065,25,19,2,0,4,1,0,1,0,0,24,19,1,4
1993,"JEFFERSON",12065,14,14,0,0,0,0,0,0,0,0,14,14,0,0
1994,"JEFFERSON",12065,11,9,0,0,2,0,0,0,0,0,11,9,0,2
1995,"JEFFERSON",12065,23,18,1,0,4,3,1,1,0,1,20,17,0,3
1996,"JEFFERSON",12065,24,18,0,0,6,0,0,0,0,0,24,18,0,6
1997,"JEFFERSON",12065,34,28,0,0,6,0,0,0,0,0,34,28,0,6
1998,"JEFFERSON",12065,35,29,0,0,6,0,0,0,0,0,35,29,0,6
1999,"JEFFERSON",12065,35,30,0,0,5,0,0,0,0,0,35,30,0,5
2000,"JEFFERSON",12065,34,27,0,0,7,0,0,0,0,0,34,27,0,7
2001,"JEFFERSON",12065,43,35,0,0,8,0,0,0,0,0,43,35,0,8
2002,"JEFFERSON",12065,49,38,0,0,11,0,0,0,0,0,49,38,0,11
2003,"JEFFERSON",12065,64,47,1,0,16,1,0,1,0,0,63,47,0,16
1990,"LAFAYETTE",12067,15,5,2,2,6,4,0,2,2,0,11,5,0,6
1991,"LAFAYETTE",12067,12,4,2,6,0,8,0,2,6,0,4,4,0,0
1992,"LAFAYETTE",12067,11,8,0,1,2,1,0,0,1,0,10,8,0,2
1993,"LAFAYETTE",12067,20,10,3,4,3,8,1,3,4,0,12,9,0,3
1994,"LAFAYETTE",12067,7,5,0,1,1,1,0,0,1,0,6,5,0,1
1995,"LAFAYETTE",12067,7,5,0,0,2,0,0,0,0,0,7,5,0,2
1996,"LAFAYETTE",12067,7,3,0,0,4,0,0,0,0,0,7,3,0,4
1997,"LAFAYETTE",12067,5,4,0,0,1,0,0,0,0,0,5,4,0,1
1998,"LAFAYETTE",12067,12,10,0,0,2,1,1,0,0,0,11,9,0,2
1999,"LAFAYETTE",12067,9,5,0,1,3,1,0,0,1,0,8,5,0,3
2000,"LAFAYETTE",12067,12,10,0,0,2,0,0,0,0,0,12,10,0,2
2001,"LAFAYETTE",12067,7,5,2,0,0,2,0,2,0,0,5,5,0,0
2002,"LAFAYETTE",12067,17,14,0,0,3,0,0,0,0,0,17,14,0,3
2003,"LAFAYETTE",12067,8,6,0,0,2,1,0,0,0,1,7,6,0,1
1990,"LAKE",12069,380,354,12,0,14,24,13,10,0,1,356,341,2,13
1991,"LAKE",12069,481,447,9,2,23,26,17,5,2,2,455,430,4,21
1992,"LAKE",12069,578,547,8,0,23,19,10,6,0,3,559,537,2,20
1993,"LAKE",12069,414,386,2,0,26,9,8,1,0,0,405,378,1,26
1994,"LAKE",12069,462,403,8,2,49,16,7,7,2,0,446,396,1,49
1995,"LAKE",12069,469,418,4,3,44,13,7,3,3,0,456,411,1,44
1996,"LAKE",12069,599,533,10,1,55,17,8,7,1,1,582,525,3,54
1997,"LAKE",12069,843,720,2,0,121,13,10,2,0,1,830,710,0,120
1998,"LAKE",12069,909,778,4,0,127,7,5,2,0,0,902,773,2,127
1999,"LAKE",12069,807,660,2,0,145,11,9,2,0,0,796,651,0,145
2000,"LAKE",12069,793,640,2,0,151,10,7,2,0,1,783,633,0,150
2001,"LAKE",12069,1084,902,2,0,180,14,11,2,0,1,1070,891,0,179
2002,"LAKE",12069,1245,986,3,0,256,14,10,3,0,1,1231,976,0,255
2003,"LAKE",12069,1481,1254,9,0,218,16,7,9,0,0,1465,1247,0,218
1990,"LEE",12071,831,778,16,0,37,56,40,14,0,2,775,738,2,35
1991,"LEE",12071,1201,1125,33,0,43,110,78,28,0,4,1091,1047,5,39
1992,"LEE",12071,1358,1251,37,2,68,67,29,31,2,5,1291,1222,6,63
1993,"LEE",12071,1091,1006,21,0,64,56,33,14,0,9,1035,973,7,55
1994,"LEE",12071,1083,1003,26,0,54,70,42,23,0,5,1013,961,3,49
1995,"LEE",12071,1115,1008,24,0,83,43,16,21,0,6,1072,992,3,77
1996,"LEE",12071,1544,1372,15,0,157,64,44,13,0,7,1480,1328,2,150
1997,"LEE",12071,1952,1665,16,0,271,50,32,12,0,6,1902,1633,4,265
1998,"LEE",12071,1944,1585,6,1,352,48,35,5,1,7,1896,1550,1,345
1999,"LEE",12071,1740,1299,11,0,430,41,25,11,0,5,1699,1274,0,425
2000,"LEE",12071,1770,1316,6,0,448,27,15,6,0,6,1743,1301,0,442
2001,"LEE",12071,2068,1469,9,0,590,60,33,8,0,19,2008,1436,1,571
2002,"LEE",12071,2191,1467,12,0,711,51,28,12,0,11,2140,1439,0,700
2003,"LEE",12071,2396,1546,11,0,837,40,22,9,0,8,2356,1524,2,829
1990,"LEON",12073,357,313,15,0,29,38,23,14,0,1,319,290,1,28
1991,"LEON",12073,446,384,17,0,45,35,13,16,0,6,411,371,1,39
1992,"LEON",12073,414,328,11,1,74,29,12,10,1,6,385,316,1,68
1993,"LEON",12073,365,292,14,0,59,25,9,14,0,2,340,283,0,57
1994,"LEON",12073,272,210,14,0,48,18,5,11,0,2,254,205,3,46
1995,"LEON",12073,336,270,7,0,59,13,5,7,0,1,323,265,0,58
1996,"LEON",12073,490,382,8,0,100,17,3,6,0,8,473,379,2,92
1997,"LEON",12073,565,405,9,0,151,19,6,9,0,4,546,399,0,147
1998,"LEON",12073,550,400,1,0,149,11,6,1,0,4,539,394,0,145
1999,"LEON",12073,609,434,22,0,153,26,4,20,0,2,583,430,2,151
2000,"LEON",12073,597,434,3,0,160,12,8,3,0,1,585,426,0,159
2001,"LEON",12073,752,538,8,0,206,15,5,8,0,2,737,533,0,204
2002,"LEON",12073,798,560,7,0,231,17,11,6,0,0,781,549,1,231
2003,"LEON",12073,930,619,4,0,307,6,3,3,0,0,924,616,1,307
1990,"LEVY",12075,39,36,0,1,2,4,3,0,1,0,35,33,0,2
1991,"LEVY",12075,60,53,2,1,4,5,1,2,1,1,55,52,0,3
1992,"LEVY",12075,55,50,2,0,3,4,2,2,0,0,51,48,0,3
1993,"LEVY",12075,44,35,3,0,6,6,3,2,0,1,38,32,1,5
1994,"LEVY",12075,47,40,1,0,6,3,0,1,0,2,44,40,0,4
1995,"LEVY",12075,61,47,1,1,12,5,2,1,1,1,56,45,0,11
1996,"LEVY",12075,65,51,2,0,12,2,0,1,0,1,63,51,1,11
1997,"LEVY",12075,69,58,1,0,10,2,1,0,0,1,67,57,1,9
1998,"LEVY",12075,138,119,0,1,18,1,0,0,1,0,137,119,0,18
1999,"LEVY",12075,105,85,1,0,19,2,1,1,0,0,103,84,0,19
2000,"LEVY",12075,101,82,1,0,18,1,0,1,0,0,100,82,0,18
2001,"LEVY",12075,111,92,1,0,18,2,0,1,0,1,109,92,0,17
2002,"LEVY",12075,165,146,0,0,19,1,1,0,0,0,164,145,0,19
2003,"LEVY",12075,147,132,0,0,15,2,2,0,0,0,145,130,0,15
1990,"LIBERTY",12077,6,6,0,0,0,1,1,0,0,0,5,5,0,0
1991,"LIBERTY",12077,4,4,0,0,0,0,0,0,0,0,4,4,0,0
1992,"LIBERTY",12077,7,7,0,0,0,0,0,0,0,0,7,7,0,0
1993,"LIBERTY",12077,3,2,0,0,1,0,0,0,0,0,3,2,0,1
1994,"LIBERTY",12077,3,2,0,0,1,0,0,0,0,0,3,2,0,1
1995,"LIBERTY",12077,9,8,0,0,1,0,0,0,0,0,9,8,0,1
1996,"LIBERTY",12077,10,8,0,0,2,0,0,0,0,0,10,8,0,2
1997,"LIBERTY",12077,4,3,0,0,1,0,0,0,0,0,4,3,0,1
1998,"LIBERTY",12077,15,14,0,0,1,0,0,0,0,0,15,14,0,1
1999,"LIBERTY",12077,16,13,0,0,3,0,0,0,0,0,16,13,0,3
2000,"LIBERTY",12077,17,15,0,0,2,1,1,0,0,0,16,14,0,2
2001,"LIBERTY",12077,15,10,1,0,4,0,0,0,0,0,15,10,1,4
2002,"LIBERTY",12077,15,10,0,0,5,0,0,0,0,0,15,10,0,5
2003,"LIBERTY",12077,33,17,9,0,7,7,0,7,0,0,26,17,2,7
1990,"MADISON",12079,8,7,0,0,1,0,0,0,0,0,8,7,0,1
1991,"MADISON",12079,25,21,1,1,2,2,0,1,1,0,23,21,0,2
1992,"MADISON",12079,26,23,1,0,2,4,2,1,0,1,22,21,0,1
1993,"MADISON",12079,17,14,0,0,3,0,0,0,0,0,17,14,0,3
1994,"MADISON",12079,18,17,0,0,1,0,0,0,0,0,18,17,0,1
1995,"MADISON",12079,9,8,1,0,0,1,0,1,0,0,8,8,0,0
1996,"MADISON",12079,25,23,0,0,2,0,0,0,0,0,25,23,0,2
1997,"MADISON",12079,33,27,0,0,6,1,1,0,0,0,32,26,0,6
1998,"MADISON",12079,32,26,0,1,5,1,0,0,1,0,31,26,0,5
1999,"MADISON",12079,32,26,0,0,6,0,0,0,0,0,32,26,0,6
2000,"MADISON",12079,43,40,0,0,3,1,1,0,0,0,42,39,0,3
2001,"MADISON",12079,48,40,0,1,7,2,1,0,1,0,46,39,0,7
2002,"MADISON",12079,57,41,0,0,16,0,0,0,0,0,57,41,0,16
2003,"MADISON",12079,67,51,0,0,16,0,0,0,0,0,67,51,0,16
1990,"MANATEE",12081,654,551,12,0,91,33,20,11,0,2,621,531,1,89
1991,"MANATEE",12081,766,663,25,0,78,43,20,20,0,3,723,643,5,75
1992,"MANATEE",12081,780,656,12,1,111,25,13,8,1,3,755,643,4,108
1993,"MANATEE",12081,564,449,20,0,95,38,18,16,0,4,526,431,4,91
1994,"MANATEE",12081,517,426,6,0,85,16,8,4,0,4,501,418,2,81
1995,"MANATEE",12081,578,464,11,0,103,28,15,11,0,2,550,449,0,101
1996,"MANATEE",12081,805,663,4,2,136,19,11,4,2,2,786,652,0,134
1997,"MANATEE",12081,897,685,3,0,209,13,8,2,0,3,884,677,1,206
1998,"MANATEE",12081,1164,882,14,0,268,36,18,13,0,5,1128,864,1,263
1999,"MANATEE",12081,1127,835,4,0,288,31,21,4,0,6,1096,814,0,282
2000,"MANATEE",12081,1109,749,8,0,352,28,19,6,0,3,1081,730,2,349
2001,"MANATEE",12081,1279,898,10,0,371,28,12,9,0,7,1251,886,1,364
2002,"MANATEE",12081,1313,920,10,0,383,38,25,9,0,4,1275,895,1,379
2003,"MANATEE",12081,1349,943,1,0,405,13,12,1,0,0,1336,931,0,405
1990,"MARION",12083,497,446,23,3,25,63,34,20,3,6,434,412,3,19
1991,"MARION",12083,601,523,25,2,51,52,24,21,2,5,549,499,4,46
1992,"MARION",12083,761,676,21,4,60,78,44,17,4,13,683,632,4,47
1993,"MARION",12083,632,554,12,1,65,62,33,12,1,16,570,521,0,49
1994,"MARION",12083,566,512,6,3,45,35,22,6,3,4,531,490,0,41
1995,"MARION",12083,604,532,6,1,65,51,32,6,1,12,553,500,0,53
1996,"MARION",12083,777,675,5,1,96,48,30,5,1,12,729,645,0,84
1997,"MARION",12083,1017,898,10,0,109,48,27,9,0,12,969,871,1,97
1998,"MARION",12083,1410,1280,5,1,124,23,16,4,1,2,1387,1264,1,122
1999,"MARION",12083,1161,988,5,2,166,19,7,5,2,5,1142,981,0,161
2000,"MARION",12083,1088,920,8,0,160,26,13,7,0,6,1062,907,1,154
2001,"MARION",12083,1296,1109,3,1,183,11,7,2,1,1,1285,1102,1,182
2002,"MARION",12083,1334,1128,2,3,201,19,10,1,3,5,1315,1118,1,196
2003,"MARION",12083,1452,1241,5,1,205,21,13,4,1,3,1431,1228,1,202
1990,"MARTIN",12085,151,141,10,0,0,14,6,8,0,0,137,135,2,0
1991,"MARTIN",12085,294,264,26,0,4,30,11,19,0,0,264,253,7,4
1992,"MARTIN",12085,274,259,12,0,3,38,27,11,0,0,236,232,1,3
1993,"MARTIN",12085,283,262,9,0,12,32,24,8,0,0,251,238,1,12
1994,"MARTIN",12085,262,237,8,0,17,29,21,6,0,2,233,216,2,15
1995,"MARTIN",12085,297,268,7,0,22,14,10,4,0,0,283,258,3,22
1996,"MARTIN",12085,407,365,7,0,35,12,6,5,0,1,395,359,2,34
1997,"MARTIN",12085,445,407,6,0,32,11,6,5,0,0,434,401,1,32
1998,"MARTIN",12085,452,400,4,0,48,4,2,2,0,0,448,398,2,48
1999,"MARTIN",12085,379,332,5,0,42,11,7,4,0,0,368,325,1,42
2000,"MARTIN",12085,366,318,3,0,45,10,7,3,0,0,356,311,0,45
2001,"MARTIN",12085,397,351,4,0,42,13,9,4,0,0,384,342,0,42
2002,"MARTIN",12085,430,374,1,0,55,15,13,1,0,1,415,361,0,54
2003,"MARTIN",12085,410,353,5,0,52,19,11,5,0,3,391,342,0,49
1990,"MONROE",12087,86,71,10,0,5,11,1,9,0,1,75,70,1,4
1991,"MONROE",12087,131,110,11,0,10,12,2,10,0,0,119,108,1,10
1992,"MONROE",12087,173,158,8,0,7,12,7,5,0,0,161,151,3,7
1993,"MONROE",12087,149,136,8,0,5,10,4,6,0,0,139,132,2,5
1994,"MONROE",12087,142,125,13,0,4,17,5,12,0,0,125,120,1,4
1995,"MONROE",12087,161,151,5,0,5,12,9,3,0,0,149,142,2,5
1996,"MONROE",12087,186,170,3,0,13,7,4,3,0,0,179,166,0,13
1997,"MONROE",12087,272,240,3,0,29,4,1,3,0,0,268,239,0,29
1998,"MONROE",12087,256,231,7,0,18,14,7,7,0,0,242,224,0,18
1999,"MONROE",12087,213,190,3,0,20,5,1,3,0,1,208,189,0,19
2000,"MONROE",12087,177,154,5,0,18,10,5,5,0,0,167,149,0,18
2001,"MONROE",12087,259,213,5,0,41,4,1,3,0,0,255,212,2,41
2002,"MONROE",12087,241,205,1,0,35,7,6,1,0,0,234,199,0,35
2003,"MONROE",12087,239,191,3,0,45,5,3,2,0,0,234,188,1,45
1990,"NASSAU",12089,143,119,1,0,23,9,8,1,0,0,134,111,0,23
1991,"NASSAU",12089,162,123,5,0,34,11,3,5,0,3,151,120,0,31
1992,"NASSAU",12089,188,157,3,3,25,12,4,3,3,2,176,153,0,23
1993,"NASSAU",12089,148,106,4,1,37,6,1,3,1,1,142,105,1,36
1994,"NASSAU",12089,119,93,1,0,25,1,0,1,0,0,118,93,0,25
1995,"NASSAU",12089,151,104,1,1,45,7,5,1,1,0,144,99,0,45
1996,"NASSAU",12089,170,121,2,0,47,5,2,2,0,1,165,119,0,46
1997,"NASSAU",12089,210,136,0,0,74,9,3,0,0,6,201,133,0,68
1998,"NASSAU",12089,253,160,1,0,92,7,5,1,0,1,246,155,0,91
1999,"NASSAU",12089,208,114,1,0,93,4,3,1,0,0,204,111,0,93
2000,"NASSAU",12089,225,111,0,1,113,4,1,0,1,2,221,110,0,111
2001,"NASSAU",12089,310,174,3,0,133,5,3,2,0,0,305,171,1,133
2002,"NASSAU",12089,338,195,1,0,142,2,0,1,0,1,336,195,0,141
2003,"NASSAU",12089,433,242,1,0,190,6,1,1,0,4,427,241,0,186
1990,"OKALOOSA",12091,305,279,18,0,8,24,4,18,0,2,281,275,0,6
1991,"OKALOOSA",12091,359,345,5,1,8,16,8,5,1,2,343,337,0,6
1992,"OKALOOSA",12091,350,339,8,0,3,12,5,7,0,0,338,334,1,3
1993,"OKALOOSA",12091,297,287,2,0,8,9,7,2,0,0,288,280,0,8
1994,"OKALOOSA",12091,289,276,4,0,9,11,9,2,0,0,278,267,2,9
1995,"OKALOOSA",12091,352,338,6,0,8,15,9,6,0,0,337,329,0,8
1996,"OKALOOSA",12091,518,492,4,0,22,10,6,4,0,0,508,486,0,22
1997,"OKALOOSA",12091,715,687,4,0,24,13,10,3,0,0,702,677,1,24
1998,"OKALOOSA",12091,769,726,4,0,39,12,5,4,0,3,757,721,0,36
1999,"OKALOOSA",12091,758,687,3,0,68,7,4,3,0,0,751,683,0,68
2000,"OKALOOSA",12091,690,608,6,0,76,19,12,6,0,1,671,596,0,75
2001,"OKALOOSA",12091,853,770,4,1,78,11,6,4,1,0,842,764,0,78
2002,"OKALOOSA",12091,802,718,2,0,82,9,7,2,0,0,793,711,0,82
2003,"OKALOOSA",12091,822,753,3,0,66,8,5,3,0,0,814,748,0,66
1990,"OKEECHOBEE",12093,36,35,0,0,1,0,0,0,0,0,36,35,0,1
1991,"OKEECHOBEE",12093,62,55,2,1,4,3,0,2,1,0,59,55,0,4
1992,"OKEECHOBEE",12093,76,72,0,2,2,3,1,0,2,0,73,71,0,2
1993,"OKEECHOBEE",12093,61,52,2,0,7,6,3,1,0,2,55,49,1,5
1994,"OKEECHOBEE",12093,83,70,2,0,11,5,3,1,0,1,78,67,1,10
1995,"OKEECHOBEE",12093,84,73,0,1,10,7,6,0,1,0,77,67,0,10
1996,"OKEECHOBEE",12093,88,78,1,1,8,2,1,0,1,0,86,77,1,8
1997,"OKEECHOBEE",12093,149,122,1,0,26,6,3,1,0,2,143,119,0,24
1998,"OKEECHOBEE",12093,147,126,0,0,21,2,2,0,0,0,145,124,0,21
1999,"OKEECHOBEE",12093,129,96,1,0,32,1,0,1,0,0,128,96,0,32
2000,"OKEECHOBEE",12093,143,103,0,0,40,0,0,0,0,0,143,103,0,40
2001,"OKEECHOBEE",12093,163,130,0,0,33,0,0,0,0,0,163,130,0,33
2002,"OKEECHOBEE",12093,168,123,3,0,42,8,3,3,0,2,160,120,0,40
2003,"OKEECHOBEE",12093,191,139,1,0,51,3,1,1,0,1,188,138,0,50
1990,"ORANGE",12095,2364,2073,60,0,231,111,52,53,0,6,2253,2021,7,225
1991,"ORANGE",12095,3094,2771,67,0,256,152,85,59,0,8,2942,2686,8,248
1992,"ORANGE",12095,3279,2896,55,0,328,126,65,51,0,10,3153,2831,4,318
1993,"ORANGE",12095,2871,2466,46,1,358,89,48,35,1,5,2782,2418,11,353
1994,"ORANGE",12095,3138,2651,48,0,439,84,41,40,0,3,3054,2610,8,436
1995,"ORANGE",12095,3320,2740,52,1,526,108,54,50,1,2,3212,2686,2,524
1996,"ORANGE",12095,3996,3361,30,0,605,69,41,27,0,1,3927,3320,3,604
1997,"ORANGE",12095,4765,3791,39,0,934,74,39,33,0,1,4691,3752,6,933
1998,"ORANGE",12095,5235,4117,24,0,1094,77,51,23,0,3,5158,4066,1,1091
1999,"ORANGE",12095,4791,3590,69,1,1131,119,48,69,1,1,4672,3542,0,1130
2000,"ORANGE",12095,4362,3275,25,0,1062,59,34,25,0,0,4303,3241,0,1062
2001,"ORANGE",12095,5187,4035,58,0,1094,112,56,55,0,1,5075,3979,3,1093
2002,"ORANGE",12095,5647,4462,31,0,1154,95,64,30,0,1,5552,4398,1,1153
2003,"ORANGE",12095,5732,4613,22,0,1097,75,54,19,0,2,5657,4559,3,1095
1990,"OSCEOLA",12097,310,276,9,0,25,21,10,9,0,2,289,266,0,23
1991,"OSCEOLA",12097,504,462,12,0,30,24,13,10,0,1,480,449,2,29
1992,"OSCEOLA",12097,524,479,7,0,38,15,5,7,0,3,509,474,0,35
1993,"OSCEOLA",12097,469,412,10,0,47,15,5,9,0,1,454,407,1,46
1994,"OSCEOLA",12097,555,494,9,0,52,21,14,7,0,0,534,480,2,52
1995,"OSCEOLA",12097,515,444,9,0,62,16,8,8,0,0,499,436,1,62
1996,"OSCEOLA",12097,692,610,8,0,74,18,11,7,0,0,674,599,1,74
1997,"OSCEOLA",12097,936,810,4,0,122,7,3,4,0,0,929,807,0,122
1998,"OSCEOLA",12097,906,756,7,1,142,19,11,6,1,1,887,745,1,141
1999,"OSCEOLA",12097,981,812,2,0,167,10,7,2,0,1,971,805,0,166
2000,"OSCEOLA",12097,899,710,6,0,183,12,6,6,0,0,887,704,0,183
2001,"OSCEOLA",12097,1134,932,6,0,196,14,8,6,0,0,1120,924,0,196
2002,"OSCEOLA",12097,1262,1064,5,0,193,15,10,5,0,0,1247,1054,0,193
2003,"OSCEOLA",12097,1502,1237,3,0,262,4,1,3,0,0,1498,1236,0,262
1990,"PALM BEACH",12099,1876,1694,129,0,53,213,95,118,0,0,1663,1599,11,53
1991,"PALM BEACH",12099,2835,2561,160,1,113,220,89,130,1,0,2615,2472,30,113
1992,"PALM BEACH",12099,3346,2945,148,1,252,283,152,124,1,6,3063,2793,24,246
1993,"PALM BEACH",12099,3182,2680,136,2,364,291,173,110,2,6,2891,2507,26,358
1994,"PALM BEACH",12099,3040,2591,90,0,359,180,108,70,0,2,2860,2483,20,357
1995,"PALM BEACH",12099,2939,2453,61,1,424,152,91,51,1,9,2787,2362,10,415
1996,"PALM BEACH",12099,3727,3172,88,0,466,153,77,73,0,2,3574,3095,15,464
1997,"PALM BEACH",12099,4541,3674,98,0,768,188,91,89,0,7,4353,3583,9,761
1998,"PALM BEACH",12099,4769,3887,66,0,814,130,71,57,0,0,4639,3816,9,814
1999,"PALM BEACH",12099,4414,3610,49,0,755,97,57,40,0,0,4317,3553,9,755
2000,"PALM BEACH",12099,3906,3105,72,0,728,125,62,62,0,0,3781,3043,10,728
2001,"PALM BEACH",12099,4764,3861,66,0,837,151,91,60,0,0,4613,3770,6,837
2002,"PALM BEACH",12099,5042,4135,52,0,852,201,140,45,0,13,4841,3995,7,839
2003,"PALM BEACH",12099,4730,3887,36,0,805,182,134,30,0,17,4548,3753,6,788
1990,"PASCO",12101,999,905,17,0,77,57,38,13,0,6,942,867,4,71
1991,"PASCO",12101,1176,1007,18,0,151,52,30,16,0,6,1124,977,2,145
1992,"PASCO",12101,1289,1111,23,1,154,65,31,16,1,17,1224,1080,7,137
1993,"PASCO",12101,987,845,19,1,122,60,30,17,1,12,927,815,2,110
1994,"PASCO",12101,967,864,8,0,95,34,24,5,0,5,933,840,3,90
1995,"PASCO",12101,1081,907,8,1,165,36,19,7,1,9,1045,888,1,156
1996,"PASCO",12101,1447,1188,20,2,237,44,16,15,2,11,1403,1172,5,226
1997,"PASCO",12101,1808,1534,8,0,266,46,24,8,0,14,1762,1510,0,252
1998,"PASCO",12101,1890,1595,5,1,289,42,29,5,1,7,1848,1566,0,282
1999,"PASCO",12101,1848,1422,7,1,418,62,42,6,1,13,1786,1380,1,405
2000,"PASCO",12101,1734,1302,3,0,429,35,23,3,0,9,1699,1279,0,420
2001,"PASCO",12101,2072,1545,5,0,522,41,35,3,0,3,2031,1510,2,519
2002,"PASCO",12101,2456,1772,2,0,682,36,28,2,0,6,2420,1744,0,676
2003,"PASCO",12101,2467,1784,9,0,674,22,13,6,0,3,2445,1771,3,671
1990,"PINELLAS",12103,3550,3028,158,0,364,327,187,126,0,14,3223,2841,32,350
1991,"PINELLAS",12103,4294,3452,174,0,668,335,166,143,0,26,3959,3286,31,642
1992,"PINELLAS",12103,4152,3277,139,0,736,277,118,115,0,44,3875,3159,24,692
1993,"PINELLAS",12103,3228,2608,101,0,519,223,129,80,0,14,3005,2479,21,505
1994,"PINELLAS",12103,3176,2519,87,0,570,221,108,74,0,39,2955,2411,13,531
1995,"PINELLAS",12103,3595,2810,77,0,708,185,99,66,0,20,3410,2711,11,688
1996,"PINELLAS",12103,4450,3518,72,0,860,216,121,64,0,31,4234,3397,8,829
1997,"PINELLAS",12103,5167,4059,55,0,1053,237,128,50,0,59,4930,3931,5,994
1998,"PINELLAS",12103,5272,3872,74,0,1326,229,129,72,0,28,5043,3743,2,1298
1999,"PINELLAS",12103,4838,3289,51,0,1498,182,118,43,0,21,4656,3171,8,1477
2000,"PINELLAS",12103,4393,2854,46,0,1493,133,78,43,0,12,4260,2776,3,1481
2001,"PINELLAS",12103,5271,3597,44,0,1630,143,81,41,0,21,5128,3516,3,1609
2002,"PINELLAS",12103,5620,3873,33,0,1714,99,62,32,0,5,5521,3811,1,1709
2003,"PINELLAS",12103,5838,4089,34,0,1715,82,51,29,0,2,5756,4038,5,1713
1990,"POLK",12105,1118,936,35,0,147,98,64,24,0,10,1020,872,11,137
1991,"POLK",12105,1613,1229,41,0,343,103,54,31,0,18,1510,1175,10,325
1992,"POLK",12105,1826,1419,47,0,360,96,36,35,0,25,1730,1383,12,335
1993,"POLK",12105,1422,1143,25,1,253,67,31,20,1,15,1355,1112,5,238
1994,"POLK",12105,1380,1122,37,0,221,80,31,30,0,19,1300,1091,7,202
1995,"POLK",12105,1564,1228,35,2,299,65,19,31,2,13,1499,1209,4,286
1996,"POLK",12105,2132,1654,31,2,445,74,23,27,2,22,2058,1631,4,423
1997,"POLK",12105,2388,1923,10,1,454,81,44,9,1,27,2307,1879,1,427
1998,"POLK",12105,2622,2120,14,0,488,67,42,13,0,12,2555,2078,1,476
1999,"POLK",12105,2439,1880,23,0,536,74,38,19,0,17,2365,1842,4,519
2000,"POLK",12105,2499,1832,15,1,651,48,24,15,1,8,2451,1808,0,643
2001,"POLK",12105,3126,2393,23,1,709,63,36,23,1,3,3063,2357,0,706
2002,"POLK",12105,3304,2430,10,1,863,34,21,10,1,2,3270,2409,0,861
2003,"POLK",12105,3529,2638,9,1,881,40,31,5,1,3,3489,2607,4,878
1990,"PUTNAM",12107,150,130,4,0,16,13,6,4,0,3,137,124,0,13
1991,"PUTNAM",12107,157,147,0,1,9,9,7,0,1,1,148,140,0,8
1992,"PUTNAM",12107,167,149,3,2,13,16,10,1,2,3,151,139,2,10
1993,"PUTNAM",12107,121,102,3,0,16,8,2,2,0,4,113,100,1,12
1994,"PUTNAM",12107,134,118,2,0,14,10,6,2,0,2,124,112,0,12
1995,"PUTNAM",12107,148,127,0,0,21,9,3,0,0,6,139,124,0,15
1996,"PUTNAM",12107,181,160,2,0,19,6,4,2,0,0,175,156,0,19
1997,"PUTNAM",12107,249,218,2,0,29,9,5,2,0,2,240,213,0,27
1998,"PUTNAM",12107,279,243,1,0,35,3,0,1,0,2,276,243,0,33
1999,"PUTNAM",12107,222,177,3,2,40,7,3,2,2,0,215,174,1,40
2000,"PUTNAM",12107,287,220,0,0,67,5,3,0,0,2,282,217,0,65
2001,"PUTNAM",12107,267,218,1,0,48,3,1,1,0,1,264,217,0,47
2002,"PUTNAM",12107,304,244,2,0,58,4,1,2,0,1,300,243,0,57
2003,"PUTNAM",12107,340,278,1,1,60,5,2,1,1,1,335,276,0,59
1990,"ST JOHNS",12109,216,202,9,0,5,15,6,8,0,1,201,196,1,4
1991,"ST JOHNS",12109,306,281,4,0,21,14,6,4,0,4,292,275,0,17
1992,"ST JOHNS",12109,302,266,5,0,31,21,14,3,0,4,281,252,2,27
1993,"ST JOHNS",12109,247,211,9,0,27,20,9,8,0,3,227,202,1,24
1994,"ST JOHNS",12109,221,190,2,0,29,11,8,2,0,1,210,182,0,28
1995,"ST JOHNS",12109,259,218,4,0,37,22,15,3,0,4,237,203,1,33
1996,"ST JOHNS",12109,313,267,2,1,43,8,5,1,1,1,305,262,1,42
1997,"ST JOHNS",12109,345,286,1,0,58,15,12,1,0,2,330,274,0,56
1998,"ST JOHNS",12109,487,412,2,0,73,8,4,2,0,2,479,408,0,71
1999,"ST JOHNS",12109,393,301,1,0,91,2,1,1,0,0,391,300,0,91
2000,"ST JOHNS",12109,400,285,2,0,113,8,5,2,0,1,392,280,0,112
2001,"ST JOHNS",12109,487,372,5,0,110,13,7,5,0,1,474,365,0,109
2002,"ST JOHNS",12109,549,424,2,0,123,7,3,2,0,2,542,421,0,121
2003,"ST JOHNS",12109,508,386,1,0,121,3,3,0,0,0,505,383,1,121
1990,"ST LUCIE",12111,292,275,7,1,9,14,8,5,1,0,278,267,2,9
1991,"ST LUCIE",12111,493,452,16,0,25,23,11,12,0,0,470,441,4,25
1992,"ST LUCIE",12111,537,506,12,0,19,37,25,10,0,2,500,481,2,17
1993,"ST LUCIE",12111,615,556,14,0,45,43,27,11,0,5,572,529,3,40
1994,"ST LUCIE",12111,579,520,2,0,57,14,10,2,0,2,565,510,0,55
1995,"ST LUCIE",12111,646,547,2,0,97,9,6,2,0,1,637,541,0,96
1996,"ST LUCIE",12111,827,669,6,0,152,19,10,6,0,3,808,659,0,149
1997,"ST LUCIE",12111,1049,850,7,0,192,21,9,7,0,5,1028,841,0,187
1998,"ST LUCIE",12111,1086,848,4,0,234,12,8,4,0,0,1074,840,0,234
1999,"ST LUCIE",12111,1014,789,1,0,224,12,11,1,0,0,1002,778,0,224
2000,"ST LUCIE",12111,971,756,4,0,211,8,4,4,0,0,963,752,0,211
2001,"ST LUCIE",12111,1087,854,3,0,230,10,8,2,0,0,1077,846,1,230
2002,"ST LUCIE",12111,1143,861,6,1,275,39,24,6,1,8,1104,837,0,267
2003,"ST LUCIE",12111,1084,814,6,0,264,39,27,5,0,7,1045,787,1,257
1990,"SANTA ROSA",12113,217,203,5,1,8,15,7,5,1,2,202,196,0,6
1991,"SANTA ROSA",12113,274,253,7,1,13,10,1,6,1,2,264,252,1,11
1992,"SANTA ROSA",12113,279,252,7,0,20,7,2,3,0,2,272,250,4,18
1993,"SANTA ROSA",12113,203,179,5,0,19,7,2,4,0,1,196,177,1,18
1994,"SANTA ROSA",12113,234,209,3,0,22,5,3,2,0,0,229,206,1,22
1995,"SANTA ROSA",12113,255,222,1,0,32,4,1,1,0,2,251,221,0,30
1996,"SANTA ROSA",12113,391,317,0,0,74,3,2,0,0,1,388,315,0,73
1997,"SANTA ROSA",12113,461,365,0,0,96,12,7,0,0,5,449,358,0,91
1998,"SANTA ROSA",12113,541,451,0,1,89,4,3,0,1,0,537,448,0,89
1999,"SANTA ROSA",12113,490,398,2,0,90,2,0,2,0,0,488,398,0,90
2000,"SANTA ROSA",12113,539,394,3,0,142,7,3,3,0,1,532,391,0,141
2001,"SANTA ROSA",12113,652,540,2,0,110,9,6,2,0,1,643,534,0,109
2002,"SANTA ROSA",12113,662,561,1,0,100,5,4,1,0,0,657,557,0,100
2003,"SANTA ROSA",12113,752,632,0,0,120,5,5,0,0,0,747,627,0,120
1990,"SARASOTA",12115,819,687,42,0,90,90,54,33,0,3,729,633,9,87
1991,"SARASOTA",12115,1103,946,56,0,101,107,53,46,0,8,996,893,10,93
1992,"SARASOTA",12115,1176,956,46,0,174,86,42,35,0,9,1090,914,11,165
1993,"SARASOTA",12115,949,792,42,0,115,93,52,31,0,10,856,740,11,105
1994,"SARASOTA",12115,883,749,19,0,115,66,45,13,0,8,817,704,6,107
1995,"SARASOTA",12115,925,769,18,0,138,62,39,13,0,10,863,730,5,128
1996,"SARASOTA",12115,1181,979,17,0,185,60,32,15,0,13,1121,947,2,172
1997,"SARASOTA",12115,1448,1176,14,0,258,54,31,14,0,9,1394,1145,0,249
1998,"SARASOTA",12115,1580,1264,23,0,293,71,36,22,0,13,1509,1228,1,280
1999,"SARASOTA",12115,1358,1006,16,0,336,57,42,14,0,1,1301,964,2,335
2000,"SARASOTA",12115,1400,952,13,0,435,52,30,13,0,9,1348,922,0,426
2001,"SARASOTA",12115,1580,1116,12,0,452,73,53,10,0,10,1507,1063,2,442
2002,"SARASOTA",12115,1683,1183,9,0,491,46,32,8,0,6,1637,1151,1,485
2003,"SARASOTA",12115,1654,1175,6,0,473,28,22,5,0,1,1626,1153,1,472
1990,"SEMINOLE",12117,1099,972,26,0,101,71,44,21,0,6,1028,928,5,95
1991,"SEMINOLE",12117,1349,1231,22,1,95,59,37,19,1,2,1290,1194,3,93
1992,"SEMINOLE",12117,1422,1287,22,0,113,71,50,19,0,2,1351,1237,3,111
1993,"SEMINOLE",12117,1214,1088,15,0,111,44,29,13,0,2,1170,1059,2,109
1994,"SEMINOLE",12117,1217,1009,11,0,196,35,23,9,0,2,1182,986,2,194
1995,"SEMINOLE",12117,1280,1058,8,0,214,31,23,7,0,1,1249,1035,1,213
1996,"SEMINOLE",12117,1524,1282,13,0,229,23,10,13,0,0,1501,1272,0,229
1997,"SEMINOLE",12117,1825,1462,15,0,348,34,19,14,0,1,1791,1443,1,347
1998,"SEMINOLE",12117,1918,1511,13,0,394,28,17,10,0,1,1890,1494,3,393
1999,"SEMINOLE",12117,1654,1310,6,0,338,24,18,6,0,0,1630,1292,0,338
2000,"SEMINOLE",12117,1541,1189,7,0,345,29,22,6,0,1,1512,1167,1,344
2001,"SEMINOLE",12117,1904,1582,15,0,307,39,23,15,0,1,1865,1559,0,306
2002,"SEMINOLE",12117,1934,1576,9,0,349,37,28,9,0,0,1897,1548,0,349
2003,"SEMINOLE",12117,2129,1779,4,0,346,28,24,4,0,0,2101,1755,0,346
1990,"SUMTER",12119,44,39,2,0,3,3,1,1,0,1,41,38,1,2
1991,"SUMTER",12119,58,49,2,1,6,2,0,1,1,0,56,49,1,6
1992,"SUMTER",12119,74,68,0,0,6,2,2,0,0,0,72,66,0,6
1993,"SUMTER",12119,61,52,0,0,9,2,2,0,0,0,59,50,0,9
1994,"SUMTER",12119,56,47,2,0,7,4,1,2,0,1,52,46,0,6
1995,"SUMTER",12119,61,50,0,1,10,2,1,0,1,0,59,49,0,10
1996,"SUMTER",12119,86,78,1,0,7,2,1,1,0,0,84,77,0,7
1997,"SUMTER",12119,101,88,0,1,12,4,2,0,1,1,97,86,0,11
1998,"SUMTER",12119,157,138,3,0,16,3,0,1,0,2,154,138,2,14
1999,"SUMTER",12119,146,127,1,0,18,4,3,1,0,0,142,124,0,18
2000,"SUMTER",12119,117,106,0,0,11,3,3,0,0,0,114,103,0,11
2001,"SUMTER",12119,176,151,1,0,24,2,1,1,0,0,174,150,0,24
2002,"SUMTER",12119,171,140,1,0,30,2,1,1,0,0,169,139,0,30
2003,"SUMTER",12119,184,156,1,0,27,1,0,1,0,0,183,156,0,27
1990,"SUWANNEE",12121,60,42,5,4,9,14,4,4,4,2,46,38,1,7
1991,"SUWANNEE",12121,82,56,2,6,18,11,2,2,6,1,71,54,0,17
1992,"SUWANNEE",12121,98,71,1,7,19,14,4,1,7,2,84,67,0,17
1993,"SUWANNEE",12121,62,38,2,5,17,8,1,1,5,1,54,37,1,16
1994,"SUWANNEE",12121,51,36,1,1,13,5,2,1,1,1,46,34,0,12
1995,"SUWANNEE",12121,67,49,0,1,17,6,2,0,1,3,61,47,0,14
1996,"SUWANNEE",12121,126,80,2,2,42,8,2,1,2,3,118,78,1,39
1997,"SUWANNEE",12121,138,87,0,3,48,5,1,0,3,1,133,86,0,47
1998,"SUWANNEE",12121,156,98,0,1,57,1,0,0,1,0,155,98,0,57
1999,"SUWANNEE",12121,149,101,2,1,45,3,0,2,1,0,146,101,0,45
2000,"SUWANNEE",12121,138,83,0,0,55,0,0,0,0,0,138,83,0,55
2001,"SUWANNEE",12121,140,90,1,0,49,4,1,1,0,2,136,89,0,47
2002,"SUWANNEE",12121,139,117,0,0,22,3,2,0,0,1,136,115,0,21
2003,"SUWANNEE",12121,145,120,4,1,20,1,0,0,1,0,144,120,4,20
1990,"TAYLOR",12123,27,25,0,0,2,3,2,0,0,1,24,23,0,1
1991,"TAYLOR",12123,53,49,3,0,1,5,1,3,0,1,48,48,0,0
1992,"TAYLOR",12123,41,36,2,0,3,3,1,2,0,0,38,35,0,3
1993,"TAYLOR",12123,49,42,2,0,5,5,3,2,0,0,44,39,0,5
1994,"TAYLOR",12123,32,23,2,0,7,4,1,2,0,1,28,22,0,6
1995,"TAYLOR",12123,26,21,0,0,5,0,0,0,0,0,26,21,0,5
1996,"TAYLOR",12123,34,23,5,0,6,5,0,5,0,0,29,23,0,6
1997,"TAYLOR",12123,48,39,1,0,8,1,0,1,0,0,47,39,0,8
1998,"TAYLOR",12123,62,53,0,0,9,0,0,0,0,0,62,53,0,9
1999,"TAYLOR",12123,55,40,0,1,14,2,1,0,1,0,53,39,0,14
2000,"TAYLOR",12123,53,43,0,0,10,0,0,0,0,0,53,43,0,10
2001,"TAYLOR",12123,88,76,1,0,11,2,1,1,0,0,86,75,0,11
2002,"TAYLOR",12123,82,54,0,0,28,0,0,0,0,0,82,54,0,28
2003,"TAYLOR",12123,66,50,0,0,16,0,0,0,0,0,66,50,0,16
1990,"UNION",12125,24,19,2,0,3,3,0,1,0,2,21,19,1,1
1991,"UNION",12125,35,24,3,3,5,5,0,2,3,0,30,24,1,5
1992,"UNION",12125,22,18,1,1,2,3,2,0,1,0,19,16,1,2
1993,"UNION",12125,22,18,0,0,4,0,0,0,0,0,22,18,0,4
1994,"UNION",12125,22,18,1,0,3,1,0,1,0,0,21,18,0,3
1995,"UNION",12125,18,15,0,0,3,0,0,0,0,0,18,15,0,3
1996,"UNION",12125,21,18,0,0,3,0,0,0,0,0,21,18,0,3
1997,"UNION",12125,21,18,0,2,1,3,1,0,2,0,18,17,0,1
1998,"UNION",12125,28,24,0,0,4,0,0,0,0,0,28,24,0,4
1999,"UNION",12125,27,20,0,0,7,0,0,0,0,0,27,20,0,7
2000,"UNION",12125,30,20,0,0,10,1,0,0,0,1,29,20,0,9
2001,"UNION",12125,39,30,0,0,9,0,0,0,0,0,39,30,0,9
2002,"UNION",12125,49,32,1,0,16,1,1,0,0,0,48,31,1,16
2003,"UNION",12125,52,39,0,0,13,0,0,0,0,0,52,39,0,13
1990,"VOLUSIA",12127,892,825,21,0,46,79,52,20,0,7,813,773,1,39
1991,"VOLUSIA",12127,1148,1058,21,1,68,78,45,21,1,11,1070,1013,0,57
1992,"VOLUSIA",12127,1368,1234,30,1,103,110,63,28,1,18,1258,1171,2,85
1993,"VOLUSIA",12127,1148,1022,24,0,102,67,39,23,0,5,1081,983,1,97
1994,"VOLUSIA",12127,1211,1047,12,0,152,44,29,10,0,5,1167,1018,2,147
1995,"VOLUSIA",12127,1331,1112,16,0,203,58,36,16,0,6,1273,1076,0,197
1996,"VOLUSIA",12127,1832,1549,18,0,265,65,34,17,0,14,1767,1515,1,251
1997,"VOLUSIA",12127,2352,1940,17,1,394,63,35,15,1,12,2289,1905,2,382
1998,"VOLUSIA",12127,2544,2127,12,0,405,34,19,10,0,5,2510,2108,2,400
1999,"VOLUSIA",12127,2319,1862,10,0,447,27,15,10,0,2,2292,1847,0,445
2000,"VOLUSIA",12127,2342,1701,18,0,623,34,14,17,0,3,2308,1687,1,620
2001,"VOLUSIA",12127,2937,2279,14,0,644,39,24,13,0,2,2898,2255,1,642
2002,"VOLUSIA",12127,3238,2461,7,0,770,26,17,5,0,4,3212,2444,2,766
2003,"VOLUSIA",12127,3365,2595,6,1,763,22,13,3,1,5,3343,2582,3,758
1990,"WAKULLA",12129,31,30,0,0,1,0,0,0,0,0,31,30,0,1
1991,"WAKULLA",12129,34,28,0,0,6,1,1,0,0,0,33,27,0,6
1992,"WAKULLA",12129,32,26,1,0,5,2,0,1,0,1,30,26,0,4
1993,"WAKULLA",12129,31,23,0,0,8,2,1,0,0,1,29,22,0,7
1994,"WAKULLA",12129,30,23,0,0,7,0,0,0,0,0,30,23,0,7
1995,"WAKULLA",12129,31,25,0,0,6,2,0,0,0,2,29,25,0,4
1996,"WAKULLA",12129,50,40,0,0,10,1,0,0,0,1,49,40,0,9
1997,"WAKULLA",12129,82,66,1,0,15,2,1,1,0,0,80,65,0,15
1998,"WAKULLA",12129,62,50,0,0,12,0,0,0,0,0,62,50,0,12
1999,"WAKULLA",12129,71,54,2,0,15,1,0,1,0,0,70,54,1,15
2000,"WAKULLA",12129,85,60,0,0,25,0,0,0,0,0,85,60,0,25
2001,"WAKULLA",12129,100,65,1,0,34,1,0,1,0,0,99,65,0,34
2002,"WAKULLA",12129,146,104,0,0,42,0,0,0,0,0,146,104,0,42
2003,"WAKULLA",12129,133,102,0,0,31,1,1,0,0,0,132,101,0,31
1990,"WALTON",12131,57,35,20,1,1,23,3,19,1,0,34,32,1,1
1991,"WALTON",12131,47,47,0,0,0,1,1,0,0,0,46,46,0,0
1992,"WALTON",12131,53,51,1,0,1,1,0,1,0,0,52,51,0,1
1993,"WALTON",12131,28,26,1,0,1,3,2,1,0,0,25,24,0,1
1994,"WALTON",12131,40,39,0,0,1,2,2,0,0,0,38,37,0,1
1995,"WALTON",12131,54,53,0,0,1,3,2,0,0,1,51,51,0,0
1996,"WALTON",12131,58,54,1,0,3,1,0,0,0,1,57,54,1,2
1997,"WALTON",12131,99,94,0,0,5,2,2,0,0,0,97,92,0,5
1998,"WALTON",12131,100,94,0,0,6,3,2,0,0,1,97,92,0,5
1999,"WALTON",12131,106,98,0,0,8,0,0,0,0,0,106,98,0,8
2000,"WALTON",12131,114,103,0,0,11,0,0,0,0,0,114,103,0,11
2001,"WALTON",12131,161,142,1,0,18,4,3,1,0,0,157,139,0,18
2002,"WALTON",12131,170,148,1,0,21,3,2,1,0,0,167,146,0,21
2003,"WALTON",12131,175,156,0,0,19,0,0,0,0,0,175,156,0,19
1990,"WASHINGTON",12133,24,21,0,1,2,4,2,0,1,1,20,19,0,1
1991,"WASHINGTON",12133,21,19,0,0,2,0,0,0,0,0,21,19,0,2
1992,"WASHINGTON",12133,25,24,0,0,1,1,1,0,0,0,24,23,0,1
1993,"WASHINGTON",12133,36,34,0,0,2,1,1,0,0,0,35,33,0,2
1994,"WASHINGTON",12133,25,22,0,0,3,2,1,0,0,1,23,21,0,2
1995,"WASHINGTON",12133,26,25,0,0,1,0,0,0,0,0,26,25,0,1
1996,"WASHINGTON",12133,35,30,2,0,3,1,0,1,0,0,34,30,1,3
1997,"WASHINGTON",12133,63,55,0,0,8,2,0,0,0,2,61,55,0,6
1998,"WASHINGTON",12133,76,68,0,0,8,3,2,0,0,1,73,66,0,7
1999,"WASHINGTON",12133,73,62,0,0,11,0,0,0,0,0,73,62,0,11
2000,"WASHINGTON",12133,67,64,0,0,3,0,0,0,0,0,67,64,0,3
2001,"WASHINGTON",12133,69,50,1,0,18,2,0,1,0,1,67,50,0,17
2002,"WASHINGTON",12133,92,68,4,0,20,4,1,3,0,0,88,67,1,20
2003,"WASHINGTON",12133,103,83,0,0,20,0,0,0,0,0,103,83,0,20
1990,"APPLING",13001,64,22,2,0,40,3,1,2,0,0,61,21,0,40
1991,"APPLING",13001,101,20,1,0,80,5,4,1,0,0,96,16,0,80
1992,"APPLING",13001,61,7,0,0,54,4,2,0,0,2,57,5,0,52
1993,"APPLING",13001,70,10,1,0,59,5,1,1,0,3,65,9,0,56
1994,"APPLING",13001,60,10,2,0,48,3,0,2,0,1,57,10,0,47
1995,"APPLING",13001,91,6,1,0,84,3,0,1,0,2,88,6,0,82
1996,"APPLING",13001,135,14,0,0,121,4,2,0,0,2,131,12,0,119
1997,"APPLING",13001,185,26,1,0,158,9,5,1,0,3,176,21,0,155
1998,"APPLING",13001,205,26,2,1,176,5,0,2,1,2,200,26,0,174
1999,"APPLING",13001,190,30,0,0,160,1,0,0,0,1,189,30,0,159
2000,"APPLING",13001,190,36,4,0,150,9,3,4,0,2,181,33,0,148
2001,"APPLING",13001,202,53,0,0,149,1,1,0,0,0,201,52,0,149
2002,"APPLING",13001,182,53,0,0,129,1,0,0,0,1,181,53,0,128
2003,"APPLING",13001,195,48,0,0,147,1,1,0,0,0,194,47,0,147
1990,"ATKINSON",13003,31,9,0,0,22,0,0,0,0,0,31,9,0,22
1991,"ATKINSON",13003,39,11,0,0,28,1,0,0,0,1,38,11,0,27
1992,"ATKINSON",13003,32,7,0,0,25,0,0,0,0,0,32,7,0,25
1993,"ATKINSON",13003,45,7,0,0,38,1,0,0,0,1,44,7,0,37
1994,"ATKINSON",13003,36,8,0,0,28,0,0,0,0,0,36,8,0,28
1995,"ATKINSON",13003,64,8,0,1,55,1,0,0,1,0,63,8,0,55
1996,"ATKINSON",13003,72,9,0,0,63,0,0,0,0,0,72,9,0,63
1997,"ATKINSON",13003,116,14,0,0,102,0,0,0,0,0,116,14,0,102
1998,"ATKINSON",13003,102,10,0,0,92,0,0,0,0,0,102,10,0,92
1999,"ATKINSON",13003,85,5,0,1,79,2,0,0,1,1,83,5,0,78
2000,"ATKINSON",13003,104,15,0,0,89,0,0,0,0,0,104,15,0,89
2001,"ATKINSON",13003,103,10,0,1,92,1,0,0,1,0,102,10,0,92
2002,"ATKINSON",13003,109,12,1,0,96,1,0,1,0,0,108,12,0,96
2003,"ATKINSON",13003,103,14,0,0,89,0,0,0,0,0,103,14,0,89
1990,"BACON",13005,57,29,0,0,28,7,7,0,0,0,50,22,0,28
1991,"BACON",13005,67,21,3,2,41,7,2,3,2,0,60,19,0,41
1992,"BACON",13005,59,20,1,0,38,3,2,1,0,0,56,18,0,38
1993,"BACON",13005,43,6,0,0,37,3,0,0,0,3,40,6,0,34
1994,"BACON",13005,40,5,1,0,34,1,0,1,0,0,39,5,0,34
1995,"BACON",13005,69,8,0,2,59,3,1,0,2,0,66,7,0,59
1996,"BACON",13005,84,12,0,0,72,3,3,0,0,0,81,9,0,72
1997,"BACON",13005,104,16,0,0,88,1,1,0,0,0,103,15,0,88
1998,"BACON",13005,79,13,0,0,66,0,0,0,0,0,79,13,0,66
1999,"BACON",13005,88,15,0,0,73,1,1,0,0,0,87,14,0,73
2000,"BACON",13005,92,28,1,0,63,2,0,1,0,1,90,28,0,62
2001,"BACON",13005,127,38,0,0,89,0,0,0,0,0,127,38,0,89
2002,"BACON",13005,138,36,0,0,102,1,1,0,0,0,137,35,0,102
2003,"BACON",13005,108,29,1,0,78,1,0,1,0,0,107,29,0,78
1990,"BAKER",13007,13,8,0,0,5,0,0,0,0,0,13,8,0,5
1991,"BAKER",13007,8,4,0,0,4,0,0,0,0,0,8,4,0,4
1992,"BAKER",13007,15,8,3,0,4,3,0,3,0,0,12,8,0,4
1993,"BAKER",13007,15,9,0,2,4,2,0,0,2,0,13,9,0,4
1994,"BAKER",13007,10,3,0,1,6,1,0,0,1,0,9,3,0,6
1995,"BAKER",13007,8,1,0,3,4,3,0,0,3,0,5,1,0,4
1996,"BAKER",13007,16,11,0,0,5,0,0,0,0,0,16,11,0,5
1997,"BAKER",13007,19,9,0,1,9,1,0,0,1,0,18,9,0,9
1998,"BAKER",13007,14,7,0,0,7,0,0,0,0,0,14,7,0,7
1999,"BAKER",13007,15,6,0,0,9,0,0,0,0,0,15,6,0,9
2000,"BAKER",13007,16,8,0,0,8,0,0,0,0,0,16,8,0,8
2001,"BAKER",13007,24,13,0,0,11,0,0,0,0,0,24,13,0,11
2002,"BAKER",13007,27,16,0,0,11,0,0,0,0,0,27,16,0,11
2003,"BAKER",13007,34,20,0,0,14,0,0,0,0,0,34,20,0,14
1990,"BALDWIN",13009,319,64,0,0,255,0,0,0,0,0,319,64,0,255
1991,"BALDWIN",13009,393,95,0,1,297,2,1,0,1,0,391,94,0,297
1992,"BALDWIN",13009,394,83,0,0,311,2,2,0,0,0,392,81,0,311
1993,"BALDWIN",13009,357,82,0,0,275,0,0,0,0,0,357,82,0,275
1994,"BALDWIN",13009,318,60,2,0,256,2,0,2,0,0,316,60,0,256
1995,"BALDWIN",13009,397,65,1,0,331,1,0,1,0,0,396,65,0,331
1996,"BALDWIN",13009,453,88,3,0,362,5,2,3,0,0,448,86,0,362
1997,"BALDWIN",13009,477,106,0,0,371,1,0,0,0,1,476,106,0,370
1998,"BALDWIN",13009,406,101,0,1,304,2,1,0,1,0,404,100,0,304
1999,"BALDWIN",13009,377,100,0,0,277,4,2,0,0,2,373,98,0,275
2000,"BALDWIN",13009,380,102,1,0,277,5,1,1,0,3,375,101,0,274
2001,"BALDWIN",13009,444,134,2,0,308,5,3,2,0,0,439,131,0,308
2002,"BALDWIN",13009,477,144,0,1,332,5,2,0,1,2,472,142,0,330
2003,"BALDWIN",13009,469,167,0,0,302,2,2,0,0,0,467,165,0,302
1990,"BANKS",13011,46,21,0,0,25,3,3,0,0,0,43,18,0,25
1991,"BANKS",13011,55,17,0,0,38,0,0,0,0,0,55,17,0,38
1992,"BANKS",13011,50,19,0,0,31,2,1,0,0,1,48,18,0,30
1993,"BANKS",13011,54,22,0,1,31,2,1,0,1,0,52,21,0,31
1994,"BANKS",13011,61,22,0,0,39,0,0,0,0,0,61,22,0,39
1995,"BANKS",13011,70,21,0,0,49,1,1,0,0,0,69,20,0,49
1996,"BANKS",13011,82,24,0,0,58,2,1,0,0,1,80,23,0,57
1997,"BANKS",13011,82,28,0,1,53,3,1,0,1,1,79,27,0,52
1998,"BANKS",13011,78,21,0,1,56,3,0,0,1,2,75,21,0,54
1999,"BANKS",13011,72,28,0,0,44,1,1,0,0,0,71,27,0,44
2000,"BANKS",13011,100,38,0,0,62,2,2,0,0,0,98,36,0,62
2001,"BANKS",13011,103,30,0,0,73,0,0,0,0,0,103,30,0,73
2002,"BANKS",13011,117,55,1,0,61,2,1,1,0,0,115,54,0,61
2003,"BANKS",13011,120,67,0,0,53,2,2,0,0,0,118,65,0,53
1990,"BARROW",13013,223,104,0,0,119,2,2,0,0,0,221,102,0,119
1991,"BARROW",13013,311,132,0,0,179,11,7,0,0,4,300,125,0,175
1992,"BARROW",13013,209,83,0,0,126,4,2,0,0,2,205,81,0,124
1993,"BARROW",13013,186,97,1,0,88,9,5,1,0,3,177,92,0,85
1994,"BARROW",13013,202,70,0,0,132,2,1,0,0,1,200,69,0,131
1995,"BARROW",13013,209,91,0,1,117,4,3,0,1,0,205,88,0,117
1996,"BARROW",13013,260,110,2,0,148,13,6,2,0,5,247,104,0,143
1997,"BARROW",13013,262,114,1,0,147,6,2,1,0,3,256,112,0,144
1998,"BARROW",13013,269,139,0,0,130,8,4,0,0,4,261,135,0,126
1999,"BARROW",13013,296,150,0,0,146,2,2,0,0,0,294,148,0,146
2000,"BARROW",13013,312,128,1,0,183,1,0,1,0,0,311,128,0,183
2001,"BARROW",13013,388,170,0,0,218,6,4,0,0,2,382,166,0,216
2002,"BARROW",13013,469,264,1,0,204,7,3,1,0,3,462,261,0,201
2003,"BARROW",13013,531,354,1,0,176,6,5,1,0,0,525,349,0,176
1990,"BARTOW",13015,465,219,7,0,239,53,28,7,0,18,412,191,0,221
1991,"BARTOW",13015,526,219,2,0,305,42,22,2,0,18,484,197,0,287
1992,"BARTOW",13015,501,211,1,0,289,16,9,1,0,6,485,202,0,283
1993,"BARTOW",13015,448,143,4,0,301,25,9,4,0,12,423,134,0,289
1994,"BARTOW",13015,440,133,4,0,303,25,8,4,0,13,415,125,0,290
1995,"BARTOW",13015,483,134,0,0,349,23,8,0,0,15,460,126,0,334
1996,"BARTOW",13015,589,178,2,1,408,18,6,2,1,9,571,172,0,399
1997,"BARTOW",13015,711,212,2,0,497,8,2,2,0,4,703,210,0,493
1998,"BARTOW",13015,719,251,0,0,468,9,3,0,0,6,710,248,0,462
1999,"BARTOW",13015,725,260,4,0,461,12,5,4,0,3,713,255,0,458
2000,"BARTOW",13015,705,245,1,0,459,7,4,1,0,2,698,241,0,457
2001,"BARTOW",13015,888,379,3,0,506,8,5,3,0,0,880,374,0,506
2002,"BARTOW",13015,1009,445,6,0,558,9,2,4,0,3,1000,443,2,555
2003,"BARTOW",13015,1059,509,3,0,547,9,5,2,0,2,1050,504,1,545
1990,"BEN HILL",13017,81,47,1,0,33,2,1,1,0,0,79,46,0,33
1991,"BEN HILL",13017,91,60,1,0,30,2,1,1,0,0,89,59,0,30
1992,"BEN HILL",13017,81,49,0,0,32,1,1,0,0,0,80,48,0,32
1993,"BEN HILL",13017,79,46,0,0,33,0,0,0,0,0,79,46,0,33
1994,"BEN HILL",13017,66,35,0,0,31,0,0,0,0,0,66,35,0,31
1995,"BEN HILL",13017,90,40,1,1,48,2,0,1,1,0,88,40,0,48
1996,"BEN HILL",13017,131,62,3,2,64,6,0,3,2,1,125,62,0,63
1997,"BEN HILL",13017,160,83,0,0,77,1,1,0,0,0,159,82,0,77
1998,"BEN HILL",13017,157,67,1,2,87,4,1,1,2,0,153,66,0,87
1999,"BEN HILL",13017,144,72,0,0,72,3,2,0,0,1,141,70,0,71
2000,"BEN HILL",13017,160,77,0,0,83,1,1,0,0,0,159,76,0,83
2001,"BEN HILL",13017,170,99,0,0,71,2,2,0,0,0,168,97,0,71
2002,"BEN HILL",13017,213,87,0,0,126,0,0,0,0,0,213,87,0,126
2003,"BEN HILL",13017,242,91,1,0,150,1,0,1,0,0,241,91,0,150
1990,"BERRIEN",13019,74,62,0,0,12,0,0,0,0,0,74,62,0,12
1991,"BERRIEN",13019,82,57,0,0,25,0,0,0,0,0,82,57,0,25
1992,"BERRIEN",13019,91,59,1,0,31,1,0,1,0,0,90,59,0,31
1993,"BERRIEN",13019,69,34,0,0,35,0,0,0,0,0,69,34,0,35
1994,"BERRIEN",13019,76,29,0,0,47,0,0,0,0,0,76,29,0,47
1995,"BERRIEN",13019,102,38,1,0,63,1,0,1,0,0,101,38,0,63
1996,"BERRIEN",13019,139,55,0,0,84,0,0,0,0,0,139,55,0,84
1997,"BERRIEN",13019,162,57,0,0,105,0,0,0,0,0,162,57,0,105
1998,"BERRIEN",13019,170,64,1,0,105,2,0,1,0,1,168,64,0,104
1999,"BERRIEN",13019,160,66,0,0,94,2,1,0,0,1,158,65,0,93
2000,"BERRIEN",13019,172,61,0,0,111,1,1,0,0,0,171,60,0,111
2001,"BERRIEN",13019,230,89,0,0,141,1,1,0,0,0,229,88,0,141
2002,"BERRIEN",13019,200,93,0,0,107,0,0,0,0,0,200,93,0,107
2003,"BERRIEN",13019,209,96,0,0,113,0,0,0,0,0,209,96,0,113
1990,"BIBB",13021,1446,420,7,0,1019,16,7,6,0,3,1430,413,1,1016
1991,"BIBB",13021,1670,438,13,0,1219,19,11,7,0,1,1651,427,6,1218
1992,"BIBB",13021,1408,396,9,0,1003,10,3,7,0,0,1398,393,2,1003
1993,"BIBB",13021,1414,360,9,0,1045,15,8,7,0,0,1399,352,2,1045
1994,"BIBB",13021,1348,358,6,1,983,13,6,5,1,1,1335,352,1,982
1995,"BIBB",13021,1591,424,7,0,1160,9,2,5,0,2,1582,422,2,1158
1996,"BIBB",13021,1936,539,8,0,1389,24,11,8,0,5,1912,528,0,1384
1997,"BIBB",13021,2105,613,4,0,1488,16,5,4,0,7,2089,608,0,1481
1998,"BIBB",13021,2030,635,4,0,1391,17,11,4,0,2,2013,624,0,1389
1999,"BIBB",13021,1772,638,4,0,1130,21,14,4,0,3,1751,624,0,1127
2000,"BIBB",13021,1709,602,2,0,1105,16,11,2,0,3,1693,591,0,1102
2001,"BIBB",13021,1969,808,11,0,1150,18,8,10,0,0,1951,800,1,1150
2002,"BIBB",13021,2086,854,4,0,1228,25,18,4,0,3,2061,836,0,1225
2003,"BIBB",13021,2094,970,2,0,1122,19,9,1,0,9,2075,961,1,1113
1990,"BLECKLEY",13023,55,20,0,1,34,2,1,0,1,0,53,19,0,34
1991,"BLECKLEY",13023,72,20,0,0,52,0,0,0,0,0,72,20,0,52
1992,"BLECKLEY",13023,54,15,2,0,37,2,0,2,0,0,52,15,0,37
1993,"BLECKLEY",13023,76,26,0,0,50,1,0,0,0,1,75,26,0,49
1994,"BLECKLEY",13023,70,19,0,0,51,0,0,0,0,0,70,19,0,51
1995,"BLECKLEY",13023,101,22,0,0,79,1,1,0,0,0,100,21,0,79
1996,"BLECKLEY",13023,108,37,0,0,71,2,2,0,0,0,106,35,0,71
1997,"BLECKLEY",13023,109,27,0,0,82,1,0,0,0,1,108,27,0,81
1998,"BLECKLEY",13023,107,27,1,4,75,5,0,1,4,0,102,27,0,75
1999,"BLECKLEY",13023,119,36,0,0,83,0,0,0,0,0,119,36,0,83
2000,"BLECKLEY",13023,96,30,0,1,65,1,0,0,1,0,95,30,0,65
2001,"BLECKLEY",13023,95,42,0,0,53,0,0,0,0,0,95,42,0,53
2002,"BLECKLEY",13023,105,45,2,0,58,2,1,1,0,0,103,44,1,58
2003,"BLECKLEY",13023,111,48,0,0,63,1,1,0,0,0,110,47,0,63
1990,"BRANTLEY",13025,56,26,0,0,30,1,1,0,0,0,55,25,0,30
1991,"BRANTLEY",13025,62,16,0,0,46,0,0,0,0,0,62,16,0,46
1992,"BRANTLEY",13025,55,15,0,0,40,7,1,0,0,6,48,14,0,34
1993,"BRANTLEY",13025,44,11,0,0,33,0,0,0,0,0,44,11,0,33
1994,"BRANTLEY",13025,49,15,0,0,34,1,1,0,0,0,48,14,0,34
1995,"BRANTLEY",13025,55,15,0,0,40,2,1,0,0,1,53,14,0,39
1996,"BRANTLEY",13025,91,23,0,0,68,3,1,0,0,2,88,22,0,66
1997,"BRANTLEY",13025,94,14,0,0,80,2,0,0,0,2,92,14,0,78
1998,"BRANTLEY",13025,111,30,1,0,80,3,1,1,0,1,108,29,0,79
1999,"BRANTLEY",13025,128,32,0,0,96,3,2,0,0,1,125,30,0,95
2000,"BRANTLEY",13025,152,28,0,0,124,2,1,0,0,1,150,27,0,123
2001,"BRANTLEY",13025,169,36,0,0,133,1,1,0,0,0,168,35,0,133
2002,"BRANTLEY",13025,170,42,0,0,128,0,0,0,0,0,170,42,0,128
2003,"BRANTLEY",13025,200,50,0,0,150,1,1,0,0,0,199,49,0,150
1990,"BROOKS",13027,48,40,2,4,2,9,3,2,4,0,39,37,0,2
1991,"BROOKS",13027,42,33,1,1,7,1,0,0,1,0,41,33,1,7
1992,"BROOKS",13027,49,35,0,4,10,4,0,0,4,0,45,35,0,10
1993,"BROOKS",13027,46,27,0,1,18,2,0,0,1,1,44,27,0,17
1994,"BROOKS",13027,54,18,0,2,34,2,0,0,2,0,52,18,0,34
1995,"BROOKS",13027,67,31,0,1,35,1,0,0,1,0,66,31,0,35
1996,"BROOKS",13027,90,23,1,2,64,3,0,1,2,0,87,23,0,64
1997,"BROOKS",13027,124,49,0,1,74,2,0,0,1,1,122,49,0,73
1998,"BROOKS",13027,106,41,0,1,64,2,0,0,1,1,104,41,0,63
1999,"BROOKS",13027,105,28,0,0,77,3,1,0,0,2,102,27,0,75
2000,"BROOKS",13027,124,42,0,0,82,1,0,0,0,1,123,42,0,81
2001,"BROOKS",13027,166,46,0,3,117,4,0,0,3,1,162,46,0,116
2002,"BROOKS",13027,150,50,0,0,100,0,0,0,0,0,150,50,0,100
2003,"BROOKS",13027,158,67,0,3,88,4,1,0,3,0,154,66,0,88
1990,"BRYAN",13029,121,32,0,0,89,1,0,0,0,1,120,32,0,88
1991,"BRYAN",13029,135,38,1,0,96,4,0,1,0,3,131,38,0,93
1992,"BRYAN",13029,120,19,1,0,100,11,2,1,0,8,109,17,0,92
1993,"BRYAN",13029,101,21,0,0,80,5,2,0,0,3,96,19,0,77
1994,"BRYAN",13029,112,28,3,0,81,17,5,3,0,9,95,23,0,72
1995,"BRYAN",13029,157,42,2,0,113,12,3,2,0,7,145,39,0,106
1996,"BRYAN",13029,162,35,2,0,125,10,3,1,0,6,152,32,1,119
1997,"BRYAN",13029,185,40,2,0,143,10,1,2,0,7,175,39,0,136
1998,"BRYAN",13029,200,51,1,0,148,3,1,1,0,1,197,50,0,147
1999,"BRYAN",13029,210,40,1,0,169,4,2,1,0,1,206,38,0,168
2000,"BRYAN",13029,186,50,0,0,136,3,1,0,0,2,183,49,0,134
2001,"BRYAN",13029,235,63,0,0,172,1,1,0,0,0,234,62,0,172
2002,"BRYAN",13029,244,70,0,0,174,2,2,0,0,0,242,68,0,174
2003,"BRYAN",13029,255,73,1,0,181,4,2,1,0,1,251,71,0,180
1990,"BULLOCH",13031,206,56,0,0,150,0,0,0,0,0,206,56,0,150
1991,"BULLOCH",13031,245,53,2,1,189,8,2,1,1,4,237,51,1,185
1992,"BULLOCH",13031,200,64,0,0,136,14,10,0,0,4,186,54,0,132
1993,"BULLOCH",13031,197,47,1,2,147,16,3,1,2,10,181,44,0,137
1994,"BULLOCH",13031,211,44,3,1,163,10,1,3,1,5,201,43,0,158
1995,"BULLOCH",13031,209,38,2,0,169,7,1,2,0,4,202,37,0,165
1996,"BULLOCH",13031,300,41,0,0,259,3,0,0,0,3,297,41,0,256
1997,"BULLOCH",13031,307,48,0,0,259,8,2,0,0,6,299,46,0,253
1998,"BULLOCH",13031,297,60,0,0,237,5,4,0,0,1,292,56,0,236
1999,"BULLOCH",13031,287,59,1,0,227,2,1,1,0,0,285,58,0,227
2000,"BULLOCH",13031,341,56,0,0,285,0,0,0,0,0,341,56,0,285
2001,"BULLOCH",13031,409,81,1,1,326,3,0,1,1,1,406,81,0,325
2002,"BULLOCH",13031,457,89,1,0,367,8,5,1,0,2,449,84,0,365
2003,"BULLOCH",13031,514,102,1,0,411,12,5,1,0,6,502,97,0,405
1990,"BURKE",13033,114,29,0,0,85,0,0,0,0,0,114,29,0,85
1991,"BURKE",13033,101,30,1,0,70,5,3,1,0,1,96,27,0,69
1992,"BURKE",13033,86,19,0,0,67,3,2,0,0,1,83,17,0,66
1993,"BURKE",13033,85,22,0,0,63,4,1,0,0,3,81,21,0,60
1994,"BURKE",13033,109,23,0,0,86,3,2,0,0,1,106,21,0,85
1995,"BURKE",13033,108,29,0,1,78,4,1,0,1,2,104,28,0,76
1996,"BURKE",13033,136,30,0,0,106,4,2,0,0,2,132,28,0,104
1997,"BURKE",13033,143,42,0,0,101,9,6,0,0,3,134,36,0,98
1998,"BURKE",13033,149,35,0,0,114,1,0,0,0,1,148,35,0,113
1999,"BURKE",13033,162,40,0,0,122,0,0,0,0,0,162,40,0,122
2000,"BURKE",13033,216,58,0,0,158,0,0,0,0,0,216,58,0,158
2001,"BURKE",13033,253,71,0,1,181,1,0,0,1,0,252,71,0,181
2002,"BURKE",13033,222,53,0,0,169,1,0,0,0,1,221,53,0,168
2003,"BURKE",13033,242,65,0,0,177,3,0,0,0,3,239,65,0,174
1990,"BUTTS",13035,77,32,1,0,44,3,2,1,0,0,74,30,0,44
1991,"BUTTS",13035,128,31,1,0,96,4,1,1,0,2,124,30,0,94
1992,"BUTTS",13035,105,36,0,0,69,2,0,0,0,2,103,36,0,67
1993,"BUTTS",13035,110,20,0,0,90,4,1,0,0,3,106,19,0,87
1994,"BUTTS",13035,124,17,0,0,107,6,1,0,0,5,118,16,0,102
1995,"BUTTS",13035,127,11,0,0,116,7,0,0,0,7,120,11,0,109
1996,"BUTTS",13035,178,35,0,0,143,7,1,0,0,6,171,34,0,137
1997,"BUTTS",13035,131,35,0,0,96,2,2,0,0,0,129,33,0,96
1998,"BUTTS",13035,74,31,0,0,43,1,1,0,0,0,73,30,0,43
1999,"BUTTS",13035,54,29,0,0,25,1,0,0,0,1,53,29,0,24
2000,"BUTTS",13035,187,59,0,0,128,9,1,0,0,8,178,58,0,120
2001,"BUTTS",13035,228,88,0,0,140,10,3,0,0,7,218,85,0,133
2002,"BUTTS",13035,225,109,0,0,116,1,1,0,0,0,224,108,0,116
2003,"BUTTS",13035,261,147,0,0,114,1,0,0,0,1,260,147,0,113
1990,"CALHOUN",13037,6,2,0,1,3,1,0,0,1,0,5,2,0,3
1991,"CALHOUN",13037,6,2,1,2,1,3,0,1,2,0,3,2,0,1
1992,"CALHOUN",13037,14,8,0,2,4,2,0,0,2,0,12,8,0,4
1993,"CALHOUN",13037,8,3,3,0,2,3,0,3,0,0,5,3,0,2
1994,"CALHOUN",13037,14,9,0,0,5,3,3,0,0,0,11,6,0,5
1995,"CALHOUN",13037,20,6,1,1,12,1,0,0,1,0,19,6,1,12
1996,"CALHOUN",13037,29,12,0,0,17,0,0,0,0,0,29,12,0,17
1997,"CALHOUN",13037,18,8,1,1,8,1,0,0,1,0,17,8,1,8
1998,"CALHOUN",13037,22,8,0,1,13,1,0,0,1,0,21,8,0,13
1999,"CALHOUN",13037,17,6,0,0,11,0,0,0,0,0,17,6,0,11
2000,"CALHOUN",13037,29,9,0,0,20,0,0,0,0,0,29,9,0,20
2001,"CALHOUN",13037,28,13,0,0,15,2,2,0,0,0,26,11,0,15
2002,"CALHOUN",13037,54,21,0,0,33,1,1,0,0,0,53,20,0,33
2003,"CALHOUN",13037,24,12,0,1,11,2,1,0,1,0,22,11,0,11
1990,"CAMDEN",13039,155,96,4,0,55,6,2,4,0,0,149,94,0,55
1991,"CAMDEN",13039,156,105,1,0,50,11,5,1,0,5,145,100,0,45
1992,"CAMDEN",13039,132,78,1,0,53,5,2,1,0,2,127,76,0,51
1993,"CAMDEN",13039,99,64,1,0,34,15,12,1,0,2,84,52,0,32
1994,"CAMDEN",13039,135,95,1,0,39,14,9,1,0,4,121,86,0,35
1995,"CAMDEN",13039,159,92,0,0,67,14,12,0,0,2,145,80,0,65
1996,"CAMDEN",13039,238,118,1,0,119,16,10,1,0,5,222,108,0,114
1997,"CAMDEN",13039,277,143,3,0,131,8,4,3,0,1,269,139,0,130
1998,"CAMDEN",13039,270,118,1,0,151,5,2,0,0,3,265,116,1,148
1999,"CAMDEN",13039,235,94,1,0,140,6,3,1,0,2,229,91,0,138
2000,"CAMDEN",13039,228,97,1,0,130,11,6,1,0,4,217,91,0,126
2001,"CAMDEN",13039,274,135,0,0,139,2,2,0,0,0,272,133,0,139
2002,"CAMDEN",13039,294,138,3,0,153,7,5,2,0,0,287,133,1,153
2003,"CAMDEN",13039,368,186,2,0,180,1,0,1,0,0,367,186,1,180
1990,"CANDLER",13043,38,11,0,1,26,1,0,0,1,0,37,11,0,26
1991,"CANDLER",13043,38,13,0,1,24,2,0,0,1,1,36,13,0,23
1992,"CANDLER",13043,37,14,0,0,23,3,2,0,0,1,34,12,0,22
1993,"CANDLER",13043,27,9,0,0,18,4,2,0,0,2,23,7,0,16
1994,"CANDLER",13043,43,10,0,0,33,6,3,0,0,3,37,7,0,30
1995,"CANDLER",13043,47,8,0,2,37,5,1,0,2,2,42,7,0,35
1996,"CANDLER",13043,72,19,0,0,53,3,1,0,0,2,69,18,0,51
1997,"CANDLER",13043,100,16,0,0,84,3,1,0,0,2,97,15,0,82
1998,"CANDLER",13043,67,11,1,0,55,1,0,1,0,0,66,11,0,55
1999,"CANDLER",13043,69,13,2,0,54,2,0,2,0,0,67,13,0,54
2000,"CANDLER",13043,78,18,0,0,60,0,0,0,0,0,78,18,0,60
2001,"CANDLER",13043,92,22,0,0,70,1,1,0,0,0,91,21,0,70
2002,"CANDLER",13043,100,22,0,0,78,1,0,0,0,1,99,22,0,77
2003,"CANDLER",13043,93,20,1,0,72,1,0,1,0,0,92,20,0,72
1990,"CARROLL",13045,590,203,0,0,387,55,33,0,0,22,535,170,0,365
1991,"CARROLL",13045,710,241,5,0,464,66,36,5,0,25,644,205,0,439
1992,"CARROLL",13045,579,211,2,1,365,72,26,2,1,43,507,185,0,322
1993,"CARROLL",13045,476,170,3,0,303,55,21,3,0,31,421,149,0,272
1994,"CARROLL",13045,546,182,2,0,362,62,22,2,0,38,484,160,0,324
1995,"CARROLL",13045,634,162,2,1,469,63,9,2,1,51,571,153,0,418
1996,"CARROLL",13045,754,173,4,0,577,90,17,4,0,69,664,156,0,508
1997,"CARROLL",13045,864,241,3,0,620,89,25,3,0,61,775,216,0,559
1998,"CARROLL",13045,750,233,0,1,516,73,23,0,1,49,677,210,0,467
1999,"CARROLL",13045,685,248,5,0,432,69,16,4,0,49,616,232,1,383
2000,"CARROLL",13045,753,270,1,0,482,59,24,1,0,34,694,246,0,448
2001,"CARROLL",13045,875,378,3,0,494,72,28,3,0,41,803,350,0,453
2002,"CARROLL",13045,894,456,5,0,433,20,8,5,0,7,874,448,0,426
2003,"CARROLL",13045,980,553,1,0,426,12,10,1,0,1,968,543,0,425
1990,"CATOOSA",13047,249,96,0,0,153,10,7,0,0,3,239,89,0,150
1991,"CATOOSA",13047,266,99,5,0,162,10,4,5,0,1,256,95,0,161
1992,"CATOOSA",13047,274,101,2,0,171,20,8,2,0,10,254,93,0,161
1993,"CATOOSA",13047,202,87,1,0,114,10,4,1,0,5,192,83,0,109
1994,"CATOOSA",13047,208,78,1,0,129,12,8,1,0,3,196,70,0,126
1995,"CATOOSA",13047,221,78,1,0,142,8,6,1,0,1,213,72,0,141
1996,"CATOOSA",13047,315,117,0,0,198,1,1,0,0,0,314,116,0,198
1997,"CATOOSA",13047,377,171,1,0,205,6,1,1,0,4,371,170,0,201
1998,"CATOOSA",13047,367,164,0,0,203,7,5,0,0,2,360,159,0,201
1999,"CATOOSA",13047,325,133,0,1,191,3,2,0,1,0,322,131,0,191
2000,"CATOOSA",13047,336,159,0,0,177,3,3,0,0,0,333,156,0,177
2001,"CATOOSA",13047,471,221,1,0,249,4,3,1,0,0,467,218,0,249
2002,"CATOOSA",13047,471,260,0,0,211,5,5,0,0,0,466,255,0,211
2003,"CATOOSA",13047,489,292,1,0,196,4,3,1,0,0,485,289,0,196
1990,"CHARLTON",13049,35,12,0,0,23,1,0,0,0,1,34,12,0,22
1991,"CHARLTON",13049,42,18,0,0,24,3,3,0,0,0,39,15,0,24
1992,"CHARLTON",13049,44,18,0,0,26,7,4,0,0,3,37,14,0,23
1993,"CHARLTON",13049,24,11,0,0,13,2,2,0,0,0,22,9,0,13
1994,"CHARLTON",13049,26,10,0,0,16,3,1,0,0,2,23,9,0,14
1995,"CHARLTON",13049,39,9,0,0,30,0,0,0,0,0,39,9,0,30
1996,"CHARLTON",13049,37,15,0,0,22,2,1,0,0,1,35,14,0,21
1997,"CHARLTON",13049,78,20,0,0,58,5,3,0,0,2,73,17,0,56
1998,"CHARLTON",13049,48,7,0,0,41,0,0,0,0,0,48,7,0,41
1999,"CHARLTON",13049,60,15,0,0,45,3,1,0,0,2,57,14,0,43
2000,"CHARLTON",13049,77,13,0,0,64,0,0,0,0,0,77,13,0,64
2001,"CHARLTON",13049,91,23,0,0,68,0,0,0,0,0,91,23,0,68
2002,"CHARLTON",13049,121,25,0,0,96,0,0,0,0,0,121,25,0,96
2003,"CHARLTON",13049,123,25,0,0,98,0,0,0,0,0,123,25,0,98
1990,"CHATHAM",13051,1714,546,23,0,1145,58,23,19,0,16,1656,523,4,1129
1991,"CHATHAM",13051,1927,552,19,0,1356,92,40,17,0,35,1835,512,2,1321
1992,"CHATHAM",13051,1971,489,9,1,1472,155,53,9,1,92,1816,436,0,1380
1993,"CHATHAM",13051,1632,396,26,0,1210,128,30,23,0,75,1504,366,3,1135
1994,"CHATHAM",13051,1630,344,10,0,1276,79,30,10,0,39,1551,314,0,1237
1995,"CHATHAM",13051,1913,280,11,0,1622,76,27,11,0,38,1837,253,0,1584
1996,"CHATHAM",13051,2146,335,9,0,1802,111,27,8,0,76,2035,308,1,1726
1997,"CHATHAM",13051,2471,410,13,0,2048,79,16,12,0,51,2392,394,1,1997
1998,"CHATHAM",13051,2580,388,17,0,2175,64,19,17,0,28,2516,369,0,2147
1999,"CHATHAM",13051,2304,340,11,0,1953,37,13,9,0,15,2267,327,2,1938
2000,"CHATHAM",13051,2311,413,5,0,1893,38,14,4,0,20,2273,399,1,1873
2001,"CHATHAM",13051,2366,440,24,0,1902,34,9,23,0,2,2332,431,1,1900
2002,"CHATHAM",13051,2640,527,8,0,2105,23,15,7,0,1,2617,512,1,2104
2003,"CHATHAM",13051,2647,590,5,0,2052,12,7,5,0,0,2635,583,0,2052
1990,"CHATTAHOOCHEE",13053,22,13,1,0,8,1,0,1,0,0,21,13,0,8
1991,"CHATTAHOOCHEE",13053,19,11,0,0,8,0,0,0,0,0,19,11,0,8
1992,"CHATTAHOOCHEE",13053,21,11,0,0,10,0,0,0,0,0,21,11,0,10
1993,"CHATTAHOOCHEE",13053,15,6,0,0,9,0,0,0,0,0,15,6,0,9
1994,"CHATTAHOOCHEE",13053,24,12,0,0,12,0,0,0,0,0,24,12,0,12
1995,"CHATTAHOOCHEE",13053,26,8,0,0,18,0,0,0,0,0,26,8,0,18
1996,"CHATTAHOOCHEE",13053,37,8,0,0,29,0,0,0,0,0,37,8,0,29
1997,"CHATTAHOOCHEE",13053,27,5,0,0,22,0,0,0,0,0,27,5,0,22
1998,"CHATTAHOOCHEE",13053,27,9,0,0,18,0,0,0,0,0,27,9,0,18
1999,"CHATTAHOOCHEE",13053,30,12,0,0,18,0,0,0,0,0,30,12,0,18
2000,"CHATTAHOOCHEE",13053,36,17,0,0,19,0,0,0,0,0,36,17,0,19
2001,"CHATTAHOOCHEE",13053,38,14,0,0,24,0,0,0,0,0,38,14,0,24
2002,"CHATTAHOOCHEE",13053,28,12,0,0,16,0,0,0,0,0,28,12,0,16
2003,"CHATTAHOOCHEE",13053,42,15,0,0,27,0,0,0,0,0,42,15,0,27
1990,"CHATTOOGA",13055,122,40,0,0,82,9,2,0,0,7,113,38,0,75
1991,"CHATTOOGA",13055,139,42,0,0,97,7,1,0,0,6,132,41,0,91
1992,"CHATTOOGA",13055,132,50,0,0,82,4,3,0,0,1,128,47,0,81
1993,"CHATTOOGA",13055,134,32,0,0,102,3,1,0,0,2,131,31,0,100
1994,"CHATTOOGA",13055,140,35,0,0,105,6,2,0,0,4,134,33,0,101
1995,"CHATTOOGA",13055,171,25,0,0,146,4,3,0,0,1,167,22,0,145
1996,"CHATTOOGA",13055,219,47,1,0,171,4,1,1,0,2,215,46,0,169
1997,"CHATTOOGA",13055,278,59,0,0,219,0,0,0,0,0,278,59,0,219
1998,"CHATTOOGA",13055,238,59,0,0,179,1,0,0,0,1,237,59,0,178
1999,"CHATTOOGA",13055,196,53,0,0,143,3,2,0,0,1,193,51,0,142
2000,"CHATTOOGA",13055,231,62,0,0,169,0,0,0,0,0,231,62,0,169
2001,"CHATTOOGA",13055,271,77,0,0,194,0,0,0,0,0,271,77,0,194
2002,"CHATTOOGA",13055,246,100,1,0,145,0,0,0,0,0,246,100,1,145
2003,"CHATTOOGA",13055,303,108,0,0,195,0,0,0,0,0,303,108,0,195
1990,"CHEROKEE",13057,583,376,11,0,196,54,34,9,0,11,529,342,2,185
1991,"CHEROKEE",13057,700,427,7,1,265,55,32,4,1,18,645,395,3,247
1992,"CHEROKEE",13057,625,401,7,0,217,38,22,7,0,9,587,379,0,208
1993,"CHEROKEE",13057,465,237,2,0,226,25,16,2,0,7,440,221,0,219
1994,"CHEROKEE",13057,482,226,5,0,251,25,14,5,0,6,457,212,0,245
1995,"CHEROKEE",13057,476,243,4,0,229,30,19,4,0,7,446,224,0,222
1996,"CHEROKEE",13057,561,299,5,0,257,42,23,5,0,14,519,276,0,243
1997,"CHEROKEE",13057,627,383,3,0,241,12,8,2,0,2,615,375,1,239
1998,"CHEROKEE",13057,625,372,2,0,251,15,11,2,0,2,610,361,0,249
1999,"CHEROKEE",13057,575,353,2,0,220,14,8,2,0,4,561,345,0,216
2000,"CHEROKEE",13057,642,380,2,0,260,16,14,2,0,0,626,366,0,260
2001,"CHEROKEE",13057,740,477,0,0,263,15,9,0,0,6,725,468,0,257
2002,"CHEROKEE",13057,922,614,8,0,300,34,18,7,0,9,888,596,1,291
2003,"CHEROKEE",13057,1113,778,3,0,332,50,41,3,0,6,1063,737,0,326
1990,"CLARKE",13059,321,119,5,0,197,5,1,4,0,0,316,118,1,197
1991,"CLARKE",13059,491,173,7,0,311,13,5,7,0,1,478,168,0,310
1992,"CLARKE",13059,433,157,6,0,270,9,3,6,0,0,424,154,0,270
1993,"CLARKE",13059,358,130,4,0,224,7,3,4,0,0,351,127,0,224
1994,"CLARKE",13059,346,123,1,0,222,1,0,1,0,0,345,123,0,222
1995,"CLARKE",13059,358,106,1,0,251,7,5,1,0,1,351,101,0,250
1996,"CLARKE",13059,437,125,4,0,308,12,4,4,0,4,425,121,0,304
1997,"CLARKE",13059,483,157,3,0,323,10,4,3,0,3,473,153,0,320
1998,"CLARKE",13059,434,179,0,0,255,1,1,0,0,0,433,178,0,255
1999,"CLARKE",13059,394,160,1,0,233,4,1,1,0,2,390,159,0,231
2000,"CLARKE",13059,356,152,1,0,203,3,2,1,0,0,353,150,0,203
2001,"CLARKE",13059,435,164,0,0,271,0,0,0,0,0,435,164,0,271
2002,"CLARKE",13059,491,185,1,0,305,6,3,1,0,2,485,182,0,303
2003,"CLARKE",13059,483,233,1,0,249,5,2,1,0,2,478,231,0,247
1990,"CLAY",13061,3,3,0,0,0,0,0,0,0,0,3,3,0,0
1991,"CLAY",13061,3,2,0,0,1,0,0,0,0,0,3,2,0,1
1992,"CLAY",13061,7,5,0,0,2,1,1,0,0,0,6,4,0,2
1993,"CLAY",13061,8,5,0,0,3,0,0,0,0,0,8,5,0,3
1994,"CLAY",13061,11,8,0,0,3,0,0,0,0,0,11,8,0,3
1995,"CLAY",13061,5,1,0,0,4,1,0,0,0,1,4,1,0,3
1996,"CLAY",13061,9,3,0,1,5,2,0,0,1,1,7,3,0,4
1997,"CLAY",13061,9,3,0,0,6,0,0,0,0,0,9,3,0,6
1998,"CLAY",13061,11,3,0,0,8,0,0,0,0,0,11,3,0,8
1999,"CLAY",13061,11,6,0,0,5,0,0,0,0,0,11,6,0,5
2000,"CLAY",13061,21,12,0,0,9,0,0,0,0,0,21,12,0,9
2001,"CLAY",13061,22,7,0,0,15,0,0,0,0,0,22,7,0,15
2002,"CLAY",13061,36,18,0,0,18,1,1,0,0,0,35,17,0,18
2003,"CLAY",13061,21,7,0,0,14,0,0,0,0,0,21,7,0,14
1990,"CLAYTON",13063,1785,922,14,0,849,85,49,14,0,22,1700,873,0,827
1991,"CLAYTON",13063,2326,1002,22,0,1302,114,54,19,0,41,2212,948,3,1261
1992,"CLAYTON",13063,2039,876,18,0,1145,85,39,16,0,30,1954,837,2,1115
1993,"CLAYTON",13063,1813,698,11,0,1104,57,29,11,0,17,1756,669,0,1087
1994,"CLAYTON",13063,1794,608,9,0,1177,44,24,9,0,11,1750,584,0,1166
1995,"CLAYTON",13063,2001,668,16,0,1317,50,23,15,0,12,1951,645,1,1305
1996,"CLAYTON",13063,2260,800,9,0,1451,51,22,9,0,20,2209,778,0,1431
1997,"CLAYTON",13063,2558,910,9,0,1639,39,16,8,0,15,2519,894,1,1624
1998,"CLAYTON",13063,2488,961,5,0,1522,27,12,3,0,12,2461,949,2,1510
1999,"CLAYTON",13063,2375,852,8,0,1515,17,5,7,0,5,2358,847,1,1510
2000,"CLAYTON",13063,2667,874,4,0,1789,10,5,4,0,1,2657,869,0,1788
2001,"CLAYTON",13063,3218,1177,8,0,2033,41,14,8,0,19,3177,1163,0,2014
2002,"CLAYTON",13063,3498,1289,3,0,2206,45,25,3,0,17,3453,1264,0,2189
2003,"CLAYTON",13063,3775,1605,4,0,2166,69,38,4,0,27,3706,1567,0,2139
1990,"CLINCH",13065,21,17,0,0,4,2,2,0,0,0,19,15,0,4
1991,"CLINCH",13065,23,16,0,0,7,0,0,0,0,0,23,16,0,7
1992,"CLINCH",13065,13,10,0,0,3,0,0,0,0,0,13,10,0,3
1993,"CLINCH",13065,17,8,0,0,9,1,0,0,0,1,16,8,0,8
1994,"CLINCH",13065,36,14,0,0,22,0,0,0,0,0,36,14,0,22
1995,"CLINCH",13065,43,7,0,0,36,0,0,0,0,0,43,7,0,36
1996,"CLINCH",13065,64,24,0,0,40,0,0,0,0,0,64,24,0,40
1997,"CLINCH",13065,73,24,0,0,49,2,1,0,0,1,71,23,0,48
1998,"CLINCH",13065,97,23,1,0,73,2,0,1,0,1,95,23,0,72
1999,"CLINCH",13065,84,16,1,0,67,2,0,1,0,1,82,16,0,66
2000,"CLINCH",13065,107,20,0,0,87,0,0,0,0,0,107,20,0,87
2001,"CLINCH",13065,120,27,0,0,93,0,0,0,0,0,120,27,0,93
2002,"CLINCH",13065,79,25,0,0,54,0,0,0,0,0,79,25,0,54
2003,"CLINCH",13065,99,24,1,0,74,1,0,1,0,0,98,24,0,74
1990,"COBB",13067,3093,1813,69,0,1211,269,159,64,0,46,2824,1654,5,1165
1991,"COBB",13067,3782,2016,74,0,1692,343,201,73,0,69,3439,1815,1,1623
1992,"COBB",13067,3339,1829,59,0,1451,224,132,52,0,40,3115,1697,7,1411
1993,"COBB",13067,2861,1403,44,0,1414,185,112,35,0,38,2676,1291,9,1376
1994,"COBB",13067,2834,1341,37,0,1456,164,96,32,0,36,2670,1245,5,1420
1995,"COBB",13067,2859,1318,22,0,1519,140,73,21,0,46,2719,1245,1,1473
1996,"COBB",13067,3007,1430,26,0,1551,125,56,25,0,44,2882,1374,1,1507
1997,"COBB",13067,3409,1703,30,0,1676,103,62,26,0,15,3306,1641,4,1661
1998,"COBB",13067,3286,1781,21,0,1484,58,26,19,0,13,3228,1755,2,1471
1999,"COBB",13067,3157,1708,18,0,1431,57,30,17,0,10,3100,1678,1,1421
2000,"COBB",13067,3176,1640,53,0,1483,91,35,51,0,5,3085,1605,2,1478
2001,"COBB",13067,3760,2085,22,0,1653,95,53,21,0,21,3665,2032,1,1632
2002,"COBB",13067,4143,2320,25,0,1798,159,106,20,0,33,3984,2214,5,1765
2003,"COBB",13067,4527,2723,24,0,1780,149,98,24,0,27,4378,2625,0,1753
1990,"COFFEE",13069,193,89,0,0,104,3,3,0,0,0,190,86,0,104
1991,"COFFEE",13069,242,55,0,1,186,3,0,0,1,2,239,55,0,184
1992,"COFFEE",13069,177,39,0,1,137,11,7,0,1,3,166,32,0,134
1993,"COFFEE",13069,199,39,2,0,158,5,0,2,0,3,194,39,0,155
1994,"COFFEE",13069,231,33,0,2,196,7,3,0,2,2,224,30,0,194
1995,"COFFEE",13069,359,38,3,2,316,17,4,3,2,8,342,34,0,308
1996,"COFFEE",13069,451,38,0,2,411,19,3,0,2,14,432,35,0,397
1997,"COFFEE",13069,508,56,0,1,451,5,3,0,1,1,503,53,0,450
1998,"COFFEE",13069,492,57,0,2,433,5,1,0,2,2,487,56,0,431
1999,"COFFEE",13069,526,50,0,1,475,3,1,0,1,1,523,49,0,474
2000,"COFFEE",13069,598,82,0,2,514,5,2,0,2,1,593,80,0,513
2001,"COFFEE",13069,691,97,0,0,593,0,0,0,0,0,691,97,0,593
2002,"COFFEE",13069,669,77,1,0,591,1,1,0,0,0,668,76,1,591
2003,"COFFEE",13069,715,94,2,2,617,7,3,2,2,0,708,91,0,617
1990,"COLQUITT",13071,79,60,1,0,18,1,0,1,0,0,78,60,0,18
1991,"COLQUITT",13071,49,37,0,1,11,1,0,0,1,0,48,37,0,11
1992,"COLQUITT",13071,46,32,0,1,13,2,1,0,1,0,44,31,0,13
1993,"COLQUITT",13071,39,24,0,2,13,2,0,0,2,0,37,24,0,13
1994,"COLQUITT",13071,55,36,0,1,18,1,0,0,1,0,54,36,0,18
1995,"COLQUITT",13071,64,25,0,1,38,1,0,0,1,0,63,25,0,38
1996,"COLQUITT",13071,90,41,2,0,47,4,2,1,0,1,86,39,1,46
1997,"COLQUITT",13071,92,42,0,0,50,0,0,0,0,0,92,42,0,50
1998,"COLQUITT",13071,113,65,1,0,47,2,1,1,0,0,111,64,0,47
1999,"COLQUITT",13071,77,43,1,1,32,2,0,1,1,0,75,43,0,32
2000,"COLQUITT",13071,111,47,1,0,63,1,0,1,0,0,110,47,0,63
2001,"COLQUITT",13071,159,78,0,6,75,6,0,0,6,0,153,78,0,75
2002,"COLQUITT",13071,396,223,0,1,172,2,1,0,1,0,394,222,0,172
2003,"COLQUITT",13071,382,228,2,0,152,3,1,2,0,0,379,227,0,152
1990,"COLUMBIA",13073,351,151,6,0,194,10,5,5,0,0,341,146,1,194
1991,"COLUMBIA",13073,383,185,3,0,195,20,10,3,0,7,363,175,0,188
1992,"COLUMBIA",13073,353,183,4,0,166,36,21,4,0,11,317,162,0,155
1993,"COLUMBIA",13073,302,128,4,0,170,23,13,4,0,6,279,115,0,164
1994,"COLUMBIA",13073,335,160,3,0,172,28,14,3,0,11,307,146,0,161
1995,"COLUMBIA",13073,340,171,3,0,166,34,21,3,0,10,306,150,0,156
1996,"COLUMBIA",13073,474,233,0,0,241,24,17,0,0,7,450,216,0,234
1997,"COLUMBIA",13073,606,304,1,0,301,27,17,1,0,9,579,287,0,292
1998,"COLUMBIA",13073,611,304,2,0,305,14,6,2,0,6,597,298,0,299
1999,"COLUMBIA",13073,532,296,2,0,234,8,6,2,0,0,524,290,0,234
2000,"COLUMBIA",13073,586,317,0,0,269,4,4,0,0,0,582,313,0,269
2001,"COLUMBIA",13073,705,373,5,0,327,9,5,4,0,0,696,368,1,327
2002,"COLUMBIA",13073,754,427,1,0,326,8,4,1,0,3,746,423,0,323
2003,"COLUMBIA",13073,957,527,5,0,425,21,10,5,0,6,936,517,0,419
1990,"COOK",13075,55,40,1,0,14,2,1,1,0,0,53,39,0,14
1991,"COOK",13075,56,43,0,0,13,0,0,0,0,0,56,43,0,13
1992,"COOK",13075,70,32,1,0,37,1,0,1,0,0,69,32,0,37
1993,"COOK",13075,57,28,0,0,29,1,1,0,0,0,56,27,0,29
1994,"COOK",13075,63,31,0,0,32,0,0,0,0,0,63,31,0,32
1995,"COOK",13075,106,49,0,0,57,1,1,0,0,0,105,48,0,57
1996,"COOK",13075,124,44,0,0,80,2,1,0,0,1,122,43,0,79
1997,"COOK",13075,171,66,1,1,103,4,2,1,1,0,167,64,0,103
1998,"COOK",13075,140,61,0,0,79,1,0,0,0,1,139,61,0,78
1999,"COOK",13075,140,50,0,0,90,0,0,0,0,0,140,50,0,90
2000,"COOK",13075,169,66,1,0,102,1,0,1,0,0,168,66,0,102
2001,"COOK",13075,180,70,2,1,107,3,0,2,1,0,177,70,0,107
2002,"COOK",13075,203,81,0,0,122,0,0,0,0,0,203,81,0,122
2003,"COOK",13075,211,89,1,2,119,3,0,1,2,0,208,89,0,119
1990,"COWETA",13077,569,242,5,2,320,45,28,5,2,10,524,214,0,310
1991,"COWETA",13077,745,288,1,0,456,62,33,1,0,28,683,255,0,428
1992,"COWETA",13077,622,243,5,0,374,38,9,5,0,24,584,234,0,350
1993,"COWETA",13077,601,233,3,1,364,44,15,3,1,25,557,218,0,339
1994,"COWETA",13077,634,211,3,0,420,39,13,3,0,23,595,198,0,397
1995,"COWETA",13077,642,230,4,1,407,42,15,4,1,22,600,215,0,385
1996,"COWETA",13077,822,269,1,0,552,33,9,1,0,23,789,260,0,529
1997,"COWETA",13077,901,306,1,1,593,73,27,1,1,44,828,279,0,549
1998,"COWETA",13077,889,345,3,0,541,66,25,3,0,38,823,320,0,503
1999,"COWETA",13077,824,330,1,1,492,42,16,1,1,24,782,314,0,468
2000,"COWETA",13077,901,362,0,0,539,36,18,0,0,18,865,344,0,521
2001,"COWETA",13077,1079,482,1,0,596,40,21,1,0,18,1039,461,0,578
2002,"COWETA",13077,904,422,1,0,481,11,8,1,0,2,893,414,0,479
2003,"COWETA",13077,964,470,1,0,493,5,4,1,0,0,959,466,0,493
1990,"CRAWFORD",13079,39,12,0,0,27,0,0,0,0,0,39,12,0,27
1991,"CRAWFORD",13079,73,29,0,0,44,0,0,0,0,0,73,29,0,44
1992,"CRAWFORD",13079,49,12,0,0,37,0,0,0,0,0,49,12,0,37
1993,"CRAWFORD",13079,46,18,0,0,28,0,0,0,0,0,46,18,0,28
1994,"CRAWFORD",13079,35,7,0,0,28,0,0,0,0,0,35,7,0,28
1995,"CRAWFORD",13079,54,21,0,0,33,0,0,0,0,0,54,21,0,33
1996,"CRAWFORD",13079,65,23,0,0,42,0,0,0,0,0,65,23,0,42
1997,"CRAWFORD",13079,90,23,0,0,67,0,0,0,0,0,90,23,0,67
1998,"CRAWFORD",13079,88,41,0,0,47,0,0,0,0,0,88,41,0,47
1999,"CRAWFORD",13079,64,21,1,0,42,2,1,1,0,0,62,20,0,42
2000,"CRAWFORD",13079,72,23,0,0,49,0,0,0,0,0,72,23,0,49
2001,"CRAWFORD",13079,84,40,0,0,44,0,0,0,0,0,84,40,0,44
2002,"CRAWFORD",13079,64,26,0,0,38,2,2,0,0,0,62,24,0,38
2003,"CRAWFORD",13079,70,39,0,0,31,0,0,0,0,0,70,39,0,31
1990,"CRISP",13081,83,25,2,3,53,6,0,2,3,1,77,25,0,52
1991,"CRISP",13081,88,38,0,3,47,9,6,0,3,0,79,32,0,47
1992,"CRISP",13081,56,23,6,2,25,8,0,6,2,0,48,23,0,25
1993,"CRISP",13081,55,26,0,0,29,0,0,0,0,0,55,26,0,29
1994,"CRISP",13081,60,15,2,1,42,3,0,2,1,0,57,15,0,42
1995,"CRISP",13081,70,29,1,2,38,4,1,1,2,0,66,28,0,38
1996,"CRISP",13081,89,22,0,4,63,4,0,0,4,0,85,22,0,63
1997,"CRISP",13081,118,46,2,4,66,7,1,2,4,0,111,45,0,66
1998,"CRISP",13081,106,39,0,0,67,1,0,0,0,1,105,39,0,66
1999,"CRISP",13081,126,56,2,0,68,2,0,2,0,0,124,56,0,68
2000,"CRISP",13081,141,53,1,0,87,2,1,1,0,0,139,52,0,87
2001,"CRISP",13081,169,74,0,0,95,2,1,0,0,1,167,73,0,94
2002,"CRISP",13081,181,78,0,0,103,2,0,0,0,2,179,78,0,101
2003,"CRISP",13081,156,82,1,0,73,2,0,1,0,1,154,82,0,72
1990,"DADE",13083,72,20,0,0,52,3,2,0,0,1,69,18,0,51
1991,"DADE",13083,76,26,1,0,49,2,1,1,0,0,74,25,0,49
1992,"DADE",13083,77,24,0,0,53,2,0,0,0,2,75,24,0,51
1993,"DADE",13083,59,19,0,0,40,2,2,0,0,0,57,17,0,40
1994,"DADE",13083,50,17,1,0,32,1,0,0,0,1,49,17,1,31
1995,"DADE",13083,70,21,1,0,48,10,4,1,0,5,60,17,0,43
1996,"DADE",13083,78,29,0,0,49,1,0,0,0,1,77,29,0,48
1997,"DADE",13083,91,34,0,0,57,3,2,0,0,1,88,32,0,56
1998,"DADE",13083,92,38,0,0,54,2,2,0,0,0,90,36,0,54
1999,"DADE",13083,92,30,0,0,62,1,0,0,0,1,91,30,0,61
2000,"DADE",13083,92,42,0,0,50,0,0,0,0,0,92,42,0,50
2001,"DADE",13083,145,71,0,0,74,0,0,0,0,0,145,71,0,74
2002,"DADE",13083,126,63,0,0,63,1,1,0,0,0,125,62,0,63
2003,"DADE",13083,137,74,1,0,62,1,0,1,0,0,136,74,0,62
1990,"DAWSON",13085,56,36,0,0,20,2,1,0,0,1,54,35,0,19
1991,"DAWSON",13085,77,41,0,0,36,8,6,0,0,2,69,35,0,34
1992,"DAWSON",13085,86,35,3,1,47,5,2,2,1,0,81,33,1,47
1993,"DAWSON",13085,54,27,1,0,26,5,4,1,0,0,49,23,0,26
1994,"DAWSON",13085,47,24,0,0,23,4,4,0,0,0,43,20,0,23
1995,"DAWSON",13085,53,14,0,0,39,0,0,0,0,0,53,14,0,39
1996,"DAWSON",13085,80,35,0,0,45,2,2,0,0,0,78,33,0,45
1997,"DAWSON",13085,66,34,3,0,29,4,0,3,0,1,62,34,0,28
1998,"DAWSON",13085,65,40,1,0,24,2,0,1,0,1,63,40,0,23
1999,"DAWSON",13085,61,31,0,0,30,1,1,0,0,0,60,30,0,30
2000,"DAWSON",13085,70,38,0,0,32,2,1,0,0,1,68,37,0,31
2001,"DAWSON",13085,120,59,1,0,60,4,3,1,0,0,116,56,0,60
2002,"DAWSON",13085,116,78,1,0,37,4,3,1,0,0,112,75,0,37
2003,"DAWSON",13085,123,84,0,0,39,2,1,0,0,1,121,83,0,38
1990,"DE KALB",13087,68,42,4,1,21,4,1,2,1,0,64,41,2,21
1991,"DECATUR",13087,97,43,0,0,54,1,0,0,0,1,96,43,0,53
1992,"DECATUR",13087,83,44,0,2,37,2,0,0,2,0,81,44,0,37
1993,"DECATUR",13087,79,38,1,0,40,1,0,1,0,0,78,38,0,40
1994,"DECATUR",13087,77,38,0,0,39,1,1,0,0,0,76,37,0,39
1995,"DECATUR",13087,89,30,1,1,57,2,0,1,1,0,87,30,0,57
1996,"DECATUR",13087,139,42,1,1,95,2,1,0,1,0,137,41,1,95
1997,"DECATUR",13087,178,56,0,1,121,2,0,0,1,1,176,56,0,120
1998,"DECATUR",13087,223,79,0,1,143,1,0,0,1,0,222,79,0,143
1999,"DE KALB",13087,186,76,1,0,109,3,0,1,0,2,183,76,0,107
2000,"DECATUR",13087,231,92,0,0,139,1,1,0,0,0,230,91,0,139
2001,"DECATUR",13087,263,112,0,1,150,1,0,0,1,0,262,112,0,150
2002,"DECATUR",13087,304,118,3,0,183,8,4,3,0,1,296,114,0,182
2003,"DECATUR",13087,317,127,0,0,190,3,2,0,0,1,314,125,0,189
1990,"DECATUR",13089,4453,1621,61,1,2770,200,90,50,1,59,4253,1531,11,2711
1991,"DE KALB",13089,5736,1847,67,2,3820,298,144,60,2,92,5438,1703,7,3728
1992,"DE KALB",13089,5171,1753,60,0,3358,210,94,57,0,59,4961,1659,3,3299
1993,"DE KALB",13089,4704,1375,47,0,3282,182,87,42,0,53,4522,1288,5,3229
1994,"DE KALB",13089,4776,1216,33,0,3527,146,67,28,0,51,4630,1149,5,3476
1995,"DE KALB",13089,4996,1308,24,0,3664,162,79,23,0,60,4834,1229,1,3604
1996,"DE KALB",13089,5456,1496,34,0,3926,163,62,32,0,69,5293,1434,2,3857
1997,"DE KALB",13089,6003,1892,34,0,4077,115,49,32,0,34,5888,1843,2,4043
1998,"DE KALB",13089,5610,1850,22,0,3738,76,25,17,0,34,5534,1825,5,3704
1999,"DECATUR",13089,5305,1782,22,0,3501,58,20,21,0,17,5247,1762,1,3484
2000,"DE KALB",13089,4952,1558,25,0,3369,51,19,25,0,7,4901,1539,0,3362
2001,"DE KALB",13089,5948,2000,24,0,3924,106,35,22,0,49,5842,1965,2,3875
2002,"DE KALB",13089,6719,2299,65,0,4355,174,47,64,0,63,6545,2252,1,4292
2003,"DE KALB",13089,7286,2794,29,1,4462,199,76,28,1,94,7087,2718,1,4368
1990,"DODGE",13091,81,26,0,0,55,0,0,0,0,0,81,26,0,55
1991,"DODGE",13091,131,30,3,1,97,14,5,3,1,5,117,25,0,92
1992,"DODGE",13091,87,25,1,2,59,10,5,1,2,2,77,20,0,57
1993,"DODGE",13091,69,18,0,0,51,1,0,0,0,1,68,18,0,50
1994,"DODGE",13091,60,15,0,0,45,4,1,0,0,3,56,14,0,42
1995,"DODGE",13091,88,14,1,0,73,7,3,1,0,3,81,11,0,70
1996,"DODGE",13091,114,16,0,0,98,3,1,0,0,2,111,15,0,96
1997,"DODGE",13091,88,29,3,0,56,3,0,3,0,0,85,29,0,56
1998,"DODGE",13091,120,19,1,0,100,1,0,1,0,0,119,19,0,100
1999,"DODGE",13091,102,31,1,0,70,1,0,1,0,0,101,31,0,70
2000,"DODGE",13091,154,43,0,0,111,0,0,0,0,0,154,43,0,111
2001,"DODGE",13091,151,46,0,0,105,0,0,0,0,0,151,46,0,105
2002,"DODGE",13091,163,47,1,0,115,3,2,1,0,0,160,45,0,115
2003,"DODGE",13091,164,46,1,0,117,2,1,1,0,0,162,45,0,117
1990,"DOOLY",13093,39,15,1,4,19,5,0,1,4,0,34,15,0,19
1991,"DOOLY",13093,34,14,0,1,19,1,0,0,1,0,33,14,0,19
1992,"DOOLY",13093,26,12,0,2,12,2,0,0,2,0,24,12,0,12
1993,"DOOLY",13093,30,9,1,1,19,1,0,0,1,0,29,9,1,19
1994,"DOOLY",13093,26,9,0,0,17,0,0,0,0,0,26,9,0,17
1995,"DOOLY",13093,28,10,0,0,18,0,0,0,0,0,28,10,0,18
1996,"DOOLY",13093,48,11,1,0,36,2,1,1,0,0,46,10,0,36
1997,"DOOLY",13093,65,21,0,2,42,2,0,0,2,0,63,21,0,42
1998,"DOOLY",13093,69,30,0,1,38,1,0,0,1,0,68,30,0,38
1999,"DOOLY",13093,66,24,1,2,39,3,0,1,2,0,63,24,0,39
2000,"DOOLY",13093,65,25,1,1,38,3,0,1,1,1,62,25,0,37
2001,"DOOLY",13093,87,31,0,0,56,2,1,0,0,1,85,30,0,55
2002,"DOOLY",13093,75,40,0,0,35,2,2,0,0,0,73,38,0,35
2003,"DOOLY",13093,82,35,0,2,45,3,0,0,2,1,79,35,0,44
1990,"DOUGHERTY",13095,506,357,7,0,142,14,5,6,0,3,492,352,1,139
1991,"DOUGHERTY",13095,513,303,4,0,206,8,4,4,0,0,505,299,0,206
1992,"DOUGHERTY",13095,521,316,8,0,197,12,4,7,0,1,509,312,1,196
1993,"DOUGHERTY",13095,464,254,5,0,205,13,7,4,0,2,451,247,1,203
1994,"DOUGHERTY",13095,411,192,2,0,217,11,7,2,0,2,400,185,0,215
1995,"DOUGHERTY",13095,468,215,1,0,252,5,4,1,0,0,463,211,0,252
1996,"DOUGHERTY",13095,612,226,6,0,380,7,0,5,0,2,605,226,1,378
1997,"DOUGHERTY",13095,720,321,1,0,398,7,2,1,0,4,713,319,0,394
1998,"DOUGHERTY",13095,805,379,0,0,426,4,2,0,0,2,801,377,0,424
1999,"DOUGHERTY",13095,693,347,1,0,345,4,2,1,0,1,689,345,0,344
2000,"DOUGHERTY",13095,867,412,4,0,451,10,4,4,0,2,857,408,0,449
2001,"DOUGHERTY",13095,969,509,2,0,458,6,1,2,0,3,963,508,0,455
2002,"DOUGHERTY",13095,1095,537,4,0,554,8,4,3,0,1,1087,533,1,553
2003,"DOUGHERTY",13095,1095,566,0,2,527,14,6,0,2,6,1081,560,0,521
1990,"DOUGLAS",13097,599,355,6,0,238,32,22,5,0,5,567,333,1,233
1991,"DOUGLAS",13097,792,450,6,0,336,56,38,6,0,12,736,412,0,324
1992,"DOUGLAS",13097,708,369,4,0,335,29,21,3,0,5,679,348,1,330
1993,"DOUGLAS",13097,616,308,3,0,305,31,19,2,0,10,585,289,1,295
1994,"DOUGLAS",13097,604,282,2,0,320,22,15,1,0,6,582,267,1,314
1995,"DOUGLAS",13097,619,285,0,0,334,30,21,0,0,9,589,264,0,325
1996,"DOUGLAS",13097,696,317,2,0,377,21,10,2,0,9,675,307,0,368
1997,"DOUGLAS",13097,758,362,5,0,391,22,12,5,0,5,736,350,0,386
1998,"DOUGLAS",13097,770,401,0,0,369,11,5,0,0,6,759,396,0,363
1999,"DOUGLAS",13097,697,375,1,0,321,8,5,1,0,2,689,370,0,319
2000,"DOUGLAS",13097,702,327,2,0,373,2,0,2,0,0,700,327,0,373
2001,"DOUGLAS",13097,917,472,1,0,444,15,9,1,0,5,902,463,0,439
2002,"DOUGLAS",13097,1075,618,2,0,455,26,17,2,0,7,1049,601,0,448
2003,"DOUGLAS",13097,1238,681,2,0,555,41,23,1,0,17,1197,658,1,538
1990,"EARLY",13099,31,22,1,2,6,4,1,1,2,0,27,21,0,6
1991,"EARLY",13099,34,16,1,2,15,3,0,1,2,0,31,16,0,15
1992,"EARLY",13099,35,17,1,1,16,3,1,1,1,0,32,16,0,16
1993,"EARLY",13099,35,21,0,0,14,0,0,0,0,0,35,21,0,14
1994,"EARLY",13099,29,8,0,1,20,1,0,0,1,0,28,8,0,20
1995,"EARLY",13099,44,8,0,0,36,0,0,0,0,0,44,8,0,36
1996,"EARLY",13099,61,19,0,1,41,2,0,0,1,1,59,19,0,40
1997,"EARLY",13099,79,21,1,1,56,4,0,1,1,2,75,21,0,54
1998,"EARLY",13099,80,34,0,2,44,2,0,0,2,0,78,34,0,44
1999,"EARLY",13099,64,26,0,3,35,4,1,0,3,0,60,25,0,35
2000,"EARLY",13099,82,29,1,0,52,1,0,1,0,0,81,29,0,52
2001,"EARLY",13099,92,38,1,0,53,2,1,1,0,0,90,37,0,53
2002,"EARLY",13099,104,37,0,1,66,3,1,0,1,1,101,36,0,65
2003,"EARLY",13099,122,55,0,5,62,7,1,0,5,1,115,54,0,61
1990,"ECHOLS",13101,7,7,0,0,0,0,0,0,0,0,7,7,0,0
1991,"ECHOLS",13101,1,1,0,0,0,0,0,0,0,0,1,1,0,0
1992,"ECHOLS",13101,6,1,0,0,5,0,0,0,0,0,6,1,0,5
1993,"ECHOLS",13101,3,0,0,0,3,0,0,0,0,0,3,0,0,3
1994,"ECHOLS",13101,3,1,0,0,2,0,0,0,0,0,3,1,0,2
1995,"ECHOLS",13101,7,2,0,0,5,0,0,0,0,0,7,2,0,5
1996,"ECHOLS",13101,7,1,0,0,6,0,0,0,0,0,7,1,0,6
1997,"ECHOLS",13101,8,4,0,0,4,0,0,0,0,0,8,4,0,4
1998,"ECHOLS",13101,18,10,0,0,8,0,0,0,0,0,18,10,0,8
1999,"ECHOLS",13101,9,4,0,0,5,0,0,0,0,0,9,4,0,5
2000,"ECHOLS",13101,9,5,0,0,4,0,0,0,0,0,9,5,0,4
2001,"ECHOLS",13101,16,10,0,0,6,0,0,0,0,0,16,10,0,6
2002,"ECHOLS",13101,10,7,0,0,3,0,0,0,0,0,10,7,0,3
2003,"ECHOLS",13101,7,3,0,0,4,0,0,0,0,0,7,3,0,4
1990,"EFFINGHAM",13103,200,54,0,1,145,3,1,0,1,1,197,53,0,144
1991,"EFFINGHAM",13103,190,61,0,0,129,4,3,0,0,1,186,58,0,128
1992,"EFFINGHAM",13103,182,60,0,0,122,8,2,0,0,6,174,58,0,116
1993,"EFFINGHAM",13103,162,45,0,0,117,8,3,0,0,5,154,42,0,112
1994,"EFFINGHAM",13103,153,37,0,0,116,10,1,0,0,9,143,36,0,107
1995,"EFFINGHAM",13103,190,38,1,0,151,17,4,1,0,12,173,34,0,139
1996,"EFFINGHAM",13103,219,35,0,0,184,9,1,0,0,8,210,34,0,176
1997,"EFFINGHAM",13103,298,69,0,0,229,8,1,0,0,7,290,68,0,222
1998,"EFFINGHAM",13103,309,84,0,0,225,6,3,0,0,3,303,81,0,222
1999,"EFFINGHAM",13103,295,80,1,0,214,4,3,1,0,0,291,77,0,214
2000,"EFFINGHAM",13103,361,79,0,0,282,6,4,0,0,2,355,75,0,280
2001,"EFFINGHAM",13103,415,120,1,0,294,7,4,1,0,2,408,116,0,292
2002,"EFFINGHAM",13103,453,119,1,0,333,3,1,1,0,1,450,118,0,332
2003,"EFFINGHAM",13103,452,121,1,0,330,1,0,1,0,0,451,121,0,330
1990,"ELBERT",13105,69,22,0,0,47,2,2,0,0,0,67,20,0,47
1991,"ELBERT",13105,99,55,2,0,42,4,2,2,0,0,95,53,0,42
1992,"ELBERT",13105,82,28,0,0,54,0,0,0,0,0,82,28,0,54
1993,"ELBERT",13105,73,24,2,0,47,4,2,2,0,0,69,22,0,47
1994,"ELBERT",13105,84,18,1,0,65,1,0,1,0,0,83,18,0,65
1995,"ELBERT",13105,83,19,1,0,63,2,1,1,0,0,81,18,0,63
1996,"ELBERT",13105,107,23,0,0,84,3,3,0,0,0,104,20,0,84
1997,"ELBERT",13105,155,41,0,0,114,1,1,0,0,0,154,40,0,114
1998,"ELBERT",13105,145,33,0,0,112,1,0,0,0,1,144,33,0,111
1999,"ELBERT",13105,139,39,0,0,100,0,0,0,0,0,139,39,0,100
2000,"ELBERT",13105,126,46,0,0,80,0,0,0,0,0,126,46,0,80
2001,"ELBERT",13105,142,58,1,0,83,1,0,1,0,0,141,58,0,83
2002,"ELBERT",13105,152,60,2,0,90,2,0,2,0,0,150,60,0,90
2003,"ELBERT",13105,148,55,0,0,93,1,1,0,0,0,147,54,0,93
1990,"EMANUEL",13107,109,40,2,1,66,2,0,1,1,0,107,40,1,66
1991,"EMANUEL",13107,118,38,1,1,78,6,1,1,1,3,112,37,0,75
1992,"EMANUEL",13107,138,33,2,0,103,18,5,2,0,11,120,28,0,92
1993,"EMANUEL",13107,133,29,0,0,104,7,5,0,0,2,126,24,0,102
1994,"EMANUEL",13107,166,34,1,1,130,11,2,1,1,7,155,32,0,123
1995,"EMANUEL",13107,149,19,1,0,129,3,0,1,0,2,146,19,0,127
1996,"EMANUEL",13107,187,22,0,0,165,6,2,0,0,4,181,20,0,161
1997,"EMANUEL",13107,233,43,0,2,188,10,2,0,2,6,223,41,0,182
1998,"EMANUEL",13107,206,35,0,0,171,3,2,0,0,1,203,33,0,170
1999,"EMANUEL",13107,217,44,0,0,173,0,0,0,0,0,217,44,0,173
2000,"EMANUEL",13107,223,27,0,0,196,0,0,0,0,0,223,27,0,196
2001,"EMANUEL",13107,196,47,0,0,149,1,1,0,0,0,195,46,0,149
2002,"EMANUEL",13107,207,59,0,0,148,4,3,0,0,1,203,56,0,147
2003,"EMANUEL",13107,246,43,0,0,203,5,0,0,0,5,241,43,0,198
1990,"EVANS",13109,48,15,0,0,33,0,0,0,0,0,48,15,0,33
1991,"EVANS",13109,30,9,0,0,21,2,1,0,0,1,28,8,0,20
1992,"EVANS",13109,38,15,4,0,19,11,4,4,0,3,27,11,0,16
1993,"EVANS",13109,30,11,0,0,19,6,3,0,0,3,24,8,0,16
1994,"EVANS",13109,40,11,0,0,29,4,2,0,0,2,36,9,0,27
1995,"EVANS",13109,38,11,0,0,27,3,2,0,0,1,35,9,0,26
1996,"EVANS",13109,61,10,0,0,51,2,0,0,0,2,59,10,0,49
1997,"EVANS",13109,64,17,1,0,46,3,0,1,0,2,61,17,0,44
1998,"EVANS",13109,68,8,1,0,59,3,1,1,0,1,65,7,0,58
1999,"EVANS",13109,55,10,0,0,45,0,0,0,0,0,55,10,0,45
2000,"EVANS",13109,94,19,1,0,74,0,0,0,0,0,94,19,1,74
2001,"EVANS",13109,93,24,0,0,69,0,0,0,0,0,93,24,0,69
2002,"EVANS",13109,102,21,0,0,81,2,0,0,0,2,100,21,0,79
2003,"EVANS",13109,112,26,1,0,85,2,1,1,0,0,110,25,0,85
1990,"FANNIN",13111,33,21,0,0,12,1,1,0,0,0,32,20,0,12
1991,"FANNIN",13111,39,26,0,0,13,5,5,0,0,0,34,21,0,13
1992,"FANNIN",13111,32,20,0,0,12,1,1,0,0,0,31,19,0,12
1993,"FANNIN",13111,38,27,1,1,9,6,4,1,1,0,32,23,0,9
1994,"FANNIN",13111,44,16,0,0,28,5,4,0,0,1,39,12,0,27
1995,"FANNIN",13111,35,10,0,0,25,2,2,0,0,0,33,8,0,25
1996,"FANNIN",13111,55,27,0,0,28,4,1,0,0,3,51,26,0,25
1997,"FANNIN",13111,77,49,1,0,27,6,4,1,0,1,71,45,0,26
1998,"FANNIN",13111,81,51,0,0,30,3,2,0,0,1,78,49,0,29
1999,"FANNIN",13111,50,32,1,0,17,2,1,1,0,0,48,31,0,17
2000,"FANNIN",13111,73,45,0,0,28,0,0,0,0,0,73,45,0,28
2001,"FANNIN",13111,72,47,0,0,25,0,0,0,0,0,72,47,0,25
2002,"FANNIN",13111,78,60,0,0,18,0,0,0,0,0,78,60,0,18
2003,"FANNIN",13111,102,76,0,0,26,2,1,0,0,1,100,75,0,25
1990,"FAYETTE",13113,276,146,9,0,121,44,24,9,0,11,232,122,0,110
1991,"FAYETTE",13113,373,175,12,0,186,75,46,11,0,18,298,129,1,168
1992,"FAYETTE",13113,311,147,6,0,158,55,28,6,0,21,256,119,0,137
1993,"FAYETTE",13113,253,123,2,0,128,35,18,1,0,16,218,105,1,112
1994,"FAYETTE",13113,252,121,3,0,128,42,23,3,0,16,210,98,0,112
1995,"FAYETTE",13113,275,122,2,0,151,48,24,2,0,22,227,98,0,129
1996,"FAYETTE",13113,312,149,3,0,160,39,17,3,0,19,273,132,0,141
1997,"FAYETTE",13113,358,186,5,0,167,50,25,5,0,20,308,161,0,147
1998,"FAYETTE",13113,358,182,5,0,171,46,19,5,0,22,312,163,0,149
1999,"FAYETTE",13113,334,190,1,0,143,32,21,1,0,10,302,169,0,133
2000,"FAYETTE",13113,366,201,2,0,163,29,20,2,0,7,337,181,0,156
2001,"FAYETTE",13113,357,204,6,0,147,34,20,6,0,8,323,184,0,139
2002,"FAYETTE",13113,428,259,2,0,167,13,9,2,0,2,415,250,0,165
2003,"FAYETTE",13113,564,343,2,0,219,11,10,1,0,0,553,333,1,219
1990,"FLOYD",13115,556,265,7,0,284,72,41,7,0,24,484,224,0,260
1991,"FLOYD",13115,574,258,3,0,313,47,30,3,0,14,527,228,0,299
1992,"FLOYD",13115,494,216,3,0,275,25,12,1,0,12,469,204,2,263
1993,"FLOYD",13115,474,203,1,0,270,19,12,1,0,6,455,191,0,264
1994,"FLOYD",13115,496,151,5,0,340,27,9,5,0,13,469,142,0,327
1995,"FLOYD",13115,589,209,4,1,375,22,8,4,1,9,567,201,0,366
1996,"FLOYD",13115,713,293,1,0,419,11,7,1,0,3,702,286,0,416
1997,"FLOYD",13115,856,310,0,0,546,16,9,0,0,7,840,301,0,539
1998,"FLOYD",13115,874,326,0,0,548,5,3,0,0,2,869,323,0,546
1999,"FLOYD",13115,777,295,0,0,482,3,3,0,0,0,774,292,0,482
2000,"FLOYD",13115,793,289,1,0,503,3,1,1,0,1,790,288,0,502
2001,"FLOYD",13115,953,402,2,0,549,6,5,1,0,0,947,397,1,549
2002,"FLOYD",13115,893,434,2,0,457,2,2,0,0,0,891,432,2,457
2003,"FLOYD",13115,982,436,1,0,545,2,1,1,0,0,980,435,0,545
1990,"FORSYTH",13117,242,135,8,0,99,12,7,5,0,0,230,128,3,99
1991,"FORSYTH",13117,319,170,11,0,138,28,14,10,0,4,291,156,1,134
1992,"FORSYTH",13117,263,136,5,0,122,15,9,4,0,2,248,127,1,120
1993,"FORSYTH",13117,194,101,5,0,88,9,4,4,0,1,185,97,1,87
1994,"FORSYTH",13117,192,98,2,0,92,16,13,2,0,1,176,85,0,91
1995,"FORSYTH",13117,180,80,15,0,85,18,2,14,0,2,162,78,1,83
1996,"FORSYTH",13117,259,136,2,0,121,12,9,2,0,1,247,127,0,120
1997,"FORSYTH",13117,282,144,2,0,136,15,8,2,0,5,267,136,0,131
1998,"FORSYTH",13117,317,194,0,0,123,11,7,0,0,4,306,187,0,119
1999,"FORSYTH",13117,265,157,1,0,107,6,2,1,0,3,259,155,0,104
2000,"FORSYTH",13117,295,197,1,0,97,12,8,1,0,3,283,189,0,94
2001,"FORSYTH",13117,403,264,5,0,134,23,19,2,0,2,380,245,3,132
2002,"FORSYTH",13117,473,335,6,0,132,25,21,4,0,0,448,314,2,132
2003,"FORSYTH",13117,568,394,12,0,162,20,10,9,0,1,548,384,3,161
1990,"FRANKLIN",13119,53,32,3,0,18,5,2,3,0,0,48,30,0,18
1991,"FRANKLIN",13119,78,44,2,0,32,3,1,2,0,0,75,43,0,32
1992,"FRANKLIN",13119,83,48,2,0,33,2,1,1,0,0,81,47,1,33
1993,"FRANKLIN",13119,65,24,0,1,40,2,1,0,1,0,63,23,0,40
1994,"FRANKLIN",13119,45,14,0,0,31,0,0,0,0,0,45,14,0,31
1995,"FRANKLIN",13119,69,26,0,2,41,6,2,0,2,2,63,24,0,39
1996,"FRANKLIN",13119,89,31,0,0,58,1,1,0,0,0,88,30,0,58
1997,"FRANKLIN",13119,113,42,0,0,71,0,0,0,0,0,113,42,0,71
1998,"FRANKLIN",13119,97,35,0,0,62,1,1,0,0,0,96,34,0,62
1999,"FRANKLIN",13119,97,35,0,1,61,2,1,0,1,0,95,34,0,61
2000,"FRANKLIN",13119,91,43,0,0,48,0,0,0,0,0,91,43,0,48
2001,"FRANKLIN",13119,133,65,0,0,68,0,0,0,0,0,133,65,0,68
2002,"FRANKLIN",13119,130,70,1,0,59,1,0,1,0,0,129,70,0,59
2003,"FRANKLIN",13119,104,65,1,0,38,1,0,1,0,0,103,65,0,38
1990,"FULTON",13121,4989,1811,176,0,3002,367,137,156,0,74,4622,1674,20,2928
1991,"FULTON",13121,6205,2257,207,0,3741,464,175,186,0,103,5741,2082,21,3638
1992,"FULTON",13121,5339,1916,136,0,3287,335,139,125,0,71,5004,1777,11,3216
1993,"FULTON",13121,4694,1564,104,0,3026,268,124,85,0,59,4426,1440,19,2967
1994,"FULTON",13121,4603,1421,74,0,3108,221,107,62,0,52,4382,1314,12,3056
1995,"FULTON",13121,4783,1348,82,0,3353,199,76,74,0,49,4584,1272,8,3304
1996,"FULTON",13121,5111,1591,55,0,3465,162,70,44,0,48,4949,1521,11,3417
1997,"FULTON",13121,5452,1907,68,0,3477,158,76,62,0,20,5294,1831,6,3457
1998,"FULTON",13121,5082,1844,46,0,3192,117,58,37,0,22,4965,1786,9,3170
1999,"FULTON",13121,4779,1770,72,0,2937,126,42,69,0,15,4653,1728,3,2922
2000,"FULTON",13121,4737,1586,299,0,2852,367,60,296,0,11,4370,1526,3,2841
2001,"FULTON",13121,4968,1972,82,0,2913,168,59,77,0,31,4800,1913,5,2882
2002,"FULTON",13121,5328,2290,71,0,2967,196,95,64,0,37,5132,2195,7,2930
2003,"FULTON",13121,5812,2840,61,1,2910,251,124,61,1,65,5561,2716,0,2845
1990,"GILMER",13123,44,28,1,0,15,3,2,1,0,0,41,26,0,15
1991,"GILMER",13123,60,41,1,0,18,3,2,1,0,0,57,39,0,18
1992,"GILMER",13123,68,35,0,0,33,4,2,0,0,2,64,33,0,31
1993,"GILMER",13123,76,39,0,0,37,2,2,0,0,0,74,37,0,37
1994,"GILMER",13123,86,34,1,0,51,7,6,1,0,0,79,28,0,51
1995,"GILMER",13123,81,32,2,0,47,4,2,2,0,0,77,30,0,47
1996,"GILMER",13123,98,41,1,0,56,2,0,1,0,1,96,41,0,55
1997,"GILMER",13123,101,50,1,0,50,7,4,1,0,2,94,46,0,48
1998,"GILMER",13123,130,81,0,0,49,2,1,0,0,1,128,80,0,48
1999,"GILMER",13123,114,71,0,0,43,6,6,0,0,0,108,65,0,43
2000,"GILMER",13123,99,49,1,0,49,2,1,1,0,0,97,48,0,49
2001,"GILMER",13123,138,78,0,0,60,1,0,0,0,1,137,78,0,59
2002,"GILMER",13123,148,115,0,0,33,0,0,0,0,0,148,115,0,33
2003,"GILMER",13123,164,119,0,0,45,2,2,0,0,0,162,117,0,45
1990,"GLASCOCK",13125,13,2,0,0,11,0,0,0,0,0,13,2,0,11
1991,"GLASCOCK",13125,27,7,0,0,20,1,0,0,0,1,26,7,0,19
1992,"GLASCOCK",13125,22,5,0,0,17,1,0,0,0,1,21,5,0,16
1993,"GLASCOCK",13125,14,3,0,0,11,0,0,0,0,0,14,3,0,11
1994,"GLASCOCK",13125,8,1,0,0,7,0,0,0,0,0,8,1,0,7
1995,"GLASCOCK",13125,11,4,0,0,7,0,0,0,0,0,11,4,0,7
1996,"GLASCOCK",13125,35,10,0,0,25,0,0,0,0,0,35,10,0,25
1997,"GLASCOCK",13125,20,5,0,0,15,0,0,0,0,0,20,5,0,15
1998,"GLASCOCK",13125,26,8,0,0,18,0,0,0,0,0,26,8,0,18
1999,"GLASCOCK",13125,27,3,0,0,24,0,0,0,0,0,27,3,0,24
2000,"GLASCOCK",13125,26,5,0,0,21,1,0,0,0,1,25,5,0,20
2001,"GLASCOCK",13125,39,15,0,0,24,0,0,0,0,0,39,15,0,24
2002,"GLASCOCK",13125,32,13,0,0,19,0,0,0,0,0,32,13,0,19
2003,"GLASCOCK",13125,32,11,0,0,21,0,0,0,0,0,32,11,0,21
1990,"GLYNN",13127,338,157,2,0,179,9,7,2,0,0,329,150,0,179
1991,"GLYNN",13127,426,183,5,0,238,28,12,5,0,11,398,171,0,227
1992,"GLYNN",13127,399,148,8,0,243,43,20,7,0,16,356,128,1,227
1993,"GLYNN",13127,321,126,1,0,194,22,12,1,0,9,299,114,0,185
1994,"GLYNN",13127,342,124,2,0,216,25,15,2,0,8,317,109,0,208
1995,"GLYNN",13127,399,135,4,0,260,28,15,4,0,9,371,120,0,251
1996,"GLYNN",13127,520,142,5,0,373,50,21,5,0,24,470,121,0,349
1997,"GLYNN",13127,562,156,1,0,405,19,11,1,0,7,543,145,0,398
1998,"GLYNN",13127,576,139,1,0,436,9,7,1,0,1,567,132,0,435
1999,"GLYNN",13127,570,134,3,0,433,17,7,3,0,7,553,127,0,426
2000,"GLYNN",13127,633,158,5,0,470,23,9,4,0,10,610,149,1,460
2001,"GLYNN",13127,701,201,2,0,498,16,10,2,0,4,685,191,0,494
2002,"GLYNN",13127,797,192,1,0,604,6,4,1,0,1,791,188,0,603
2003,"GLYNN",13127,908,283,4,0,621,10,6,3,0,1,898,277,1,620
1990,"GORDON",13129,198,77,2,0,119,30,10,2,0,18,168,67,0,101
1991,"GORDON",13129,271,104,2,0,165,17,8,2,0,7,254,96,0,158
1992,"GORDON",13129,207,72,3,0,132,9,5,3,0,1,198,67,0,131
1993,"GORDON",13129,211,66,1,0,144,7,2,1,0,4,204,64,0,140
1994,"GORDON",13129,209,50,0,0,159,20,7,0,0,13,189,43,0,146
1995,"GORDON",13129,288,61,0,0,227,10,2,0,0,8,278,59,0,219
1996,"GORDON",13129,377,102,0,0,275,6,2,0,0,4,371,100,0,271
1997,"GORDON",13129,475,132,0,0,343,5,4,0,0,1,470,128,0,342
1998,"GORDON",13129,450,141,1,0,308,6,4,1,0,1,444,137,0,307
1999,"GORDON",13129,446,134,1,0,311,7,4,1,0,2,439,130,0,309
2000,"GORDON",13129,405,140,5,0,260,6,1,5,0,0,399,139,0,260
2001,"GORDON",13129,468,215,1,1,251,2,0,1,1,0,466,215,0,251
2002,"GORDON",13129,426,208,2,0,216,1,0,0,0,1,425,208,2,215
2003,"GORDON",13129,477,210,1,0,266,4,3,0,0,1,473,207,1,265
1990,"GRADY",13131,49,33,0,2,14,4,1,0,2,1,45,32,0,13
1991,"GRADY",13131,59,43,0,1,15,2,1,0,1,0,57,42,0,15
1992,"GRADY",13131,52,36,1,0,15,4,3,1,0,0,48,33,0,15
1993,"GRADY",13131,61,31,0,1,29,3,2,0,1,0,58,29,0,29
1994,"GRADY",13131,57,28,0,0,29,1,1,0,0,0,56,27,0,29
1995,"GRADY",13131,62,19,1,0,42,1,0,1,0,0,61,19,0,42
1996,"GRADY",13131,87,37,0,1,49,1,0,0,1,0,86,37,0,49
1997,"GRADY",13131,134,70,1,0,63,4,3,1,0,0,130,67,0,63
1998,"GRADY",13131,120,51,0,0,69,0,0,0,0,0,120,51,0,69
1999,"GRADY",13131,135,68,0,0,67,0,0,0,0,0,135,68,0,67
2000,"GRADY",13131,129,58,0,2,69,2,0,0,2,0,127,58,0,69
2001,"GRADY",13131,166,77,0,1,88,2,0,0,1,1,164,77,0,87
2002,"GRADY",13131,160,69,1,0,90,1,0,1,0,0,159,69,0,90
2003,"GRADY",13131,155,71,0,0,84,1,1,0,0,0,154,70,0,84
1990,"GREENE",13133,54,18,2,0,34,1,0,1,0,0,53,18,1,34
1991,"GREENE",13133,83,23,1,0,59,1,0,1,0,0,82,23,0,59
1992,"GREENE",13133,85,22,3,0,60,2,0,2,0,0,83,22,1,60
1993,"GREENE",13133,68,16,0,0,52,0,0,0,0,0,68,16,0,52
1994,"GREENE",13133,73,14,0,0,59,1,1,0,0,0,72,13,0,59
1995,"GREENE",13133,85,18,0,0,67,1,1,0,0,0,84,17,0,67
1996,"GREENE",13133,92,15,0,1,76,3,1,0,1,1,89,14,0,75
1997,"GREENE",13133,112,28,1,0,83,2,1,1,0,0,110,27,0,83
1998,"GREENE",13133,105,30,0,0,75,1,1,0,0,0,104,29,0,75
1999,"GREENE",13133,111,27,1,0,83,2,0,1,0,1,109,27,0,82
2000,"GREENE",13133,102,23,0,0,79,2,0,0,0,2,100,23,0,77
2001,"GREENE",13133,115,34,0,0,81,4,3,0,0,1,111,31,0,80
2002,"GREENE",13133,137,25,0,0,112,1,0,0,0,1,136,25,0,111
2003,"GREENE",13133,143,53,3,0,87,4,0,3,0,1,139,53,0,86
1990,"GWINNETT",13135,2368,1509,43,0,816,208,141,39,0,28,2160,1368,4,788
1991,"GWINNETT",13135,2878,1704,34,0,1140,257,169,32,0,56,2621,1535,2,1084
1992,"GWINNETT",13135,2494,1473,38,0,983,194,123,35,0,36,2300,1350,3,947
1993,"GWINNETT",13135,2215,1192,27,0,996,134,86,22,0,26,2081,1106,5,970
1994,"GWINNETT",13135,2037,1026,17,0,994,102,70,17,0,15,1935,956,0,979
1995,"GWINNETT",13135,2017,944,16,0,1057,89,56,13,0,20,1928,888,3,1037
1996,"GWINNETT",13135,2418,1209,20,0,1189,122,65,19,0,38,2296,1144,1,1151
1997,"GWINNETT",13135,2805,1468,10,0,1327,73,50,8,0,15,2732,1418,2,1312
1998,"GWINNETT",13135,2765,1555,25,0,1185,52,19,24,0,9,2713,1536,1,1176
1999,"GWINNETT",13135,2729,1447,16,0,1266,53,28,15,0,10,2676,1419,1,1256
2000,"GWINNETT",13135,2742,1483,31,0,1227,75,38,30,0,6,2667,1445,1,1221
2001,"GWINNETT",13135,3421,1935,33,0,1453,108,58,30,0,20,3313,1877,3,1433
2002,"GWINNETT",13135,4216,2382,18,0,1816,172,110,17,0,45,4044,2272,1,1771
2003,"GWINNETT",13135,4765,2958,24,0,1782,212,138,20,0,53,4553,2820,4,1729
1990,"HABERSHAM",13137,106,46,2,0,58,6,3,2,0,1,100,43,0,57
1991,"HABERSHAM",13137,125,54,0,0,71,4,3,0,0,1,121,51,0,70
1992,"HABERSHAM",13137,125,45,1,0,79,2,1,1,0,0,123,44,0,79
1993,"HABERSHAM",13137,104,33,1,0,70,3,3,0,0,0,101,30,1,70
1994,"HABERSHAM",13137,112,43,0,0,69,2,1,0,0,1,110,42,0,68
1995,"HABERSHAM",13137,130,32,0,0,98,3,2,0,0,1,127,30,0,97
1996,"HABERSHAM",13137,154,56,0,0,98,5,3,0,0,2,149,53,0,96
1997,"HABERSHAM",13137,160,54,0,2,104,7,4,0,2,1,153,50,0,103
1998,"HABERSHAM",13137,176,67,0,0,109,1,0,0,0,1,175,67,0,108
1999,"HABERSHAM",13137,183,81,3,0,99,1,0,1,0,0,182,81,2,99
2000,"HABERSHAM",13137,176,70,0,0,106,6,4,0,0,2,170,66,0,104
2001,"HABERSHAM",13137,222,92,0,0,130,4,3,0,0,1,218,89,0,129
2002,"HABERSHAM",13137,188,109,2,0,77,5,2,2,0,1,183,107,0,76
2003,"HABERSHAM",13137,225,128,0,0,97,6,3,0,0,3,219,125,0,94
1990,"HALL",13139,503,254,14,0,235,34,22,12,0,0,469,232,2,235
1991,"HALL",13139,619,300,14,0,305,51,28,14,0,9,568,272,0,296
1992,"HALL",13139,567,283,4,0,280,24,18,3,0,3,543,265,1,277
1993,"HALL",13139,497,208,6,0,283,15,10,3,0,2,482,198,3,281
1994,"HALL",13139,519,149,5,1,364,13,7,2,1,3,506,142,3,361
1995,"HALL",13139,578,166,7,0,405,19,8,6,0,5,559,158,1,400
1996,"HALL",13139,718,221,3,0,494,15,7,3,0,5,703,214,0,489
1997,"HALL",13139,845,284,3,0,558,22,8,3,0,11,823,276,0,547
1998,"HALL",13139,806,300,6,1,499,22,6,4,1,11,784,294,2,488
1999,"HALL",13139,808,296,2,0,510,10,6,1,0,3,798,290,1,507
2000,"HALL",13139,821,305,7,0,509,19,5,7,0,7,802,300,0,502
2001,"HALL",13139,974,381,4,0,589,20,13,4,0,3,954,368,0,586
2002,"HALL",13139,1009,502,4,0,503,12,7,3,0,2,997,495,1,501
2003,"HALL",13139,1013,595,7,0,411,17,11,6,0,0,996,584,1,411
1990,"HANCOCK",13141,49,14,0,0,35,1,1,0,0,0,48,13,0,35
1991,"HANCOCK",13141,72,11,0,0,61,0,0,0,0,0,72,11,0,61
1992,"HANCOCK",13141,61,9,0,0,52,0,0,0,0,0,61,9,0,52
1993,"HANCOCK",13141,54,10,0,0,44,0,0,0,0,0,54,10,0,44
1994,"HANCOCK",13141,49,10,0,0,39,0,0,0,0,0,49,10,0,39
1995,"HANCOCK",13141,62,7,0,0,55,0,0,0,0,0,62,7,0,55
1996,"HANCOCK",13141,90,12,0,0,78,0,0,0,0,0,90,12,0,78
1997,"HANCOCK",13141,105,16,1,0,88,1,0,1,0,0,104,16,0,88
1998,"HANCOCK",13141,96,19,0,0,77,1,1,0,0,0,95,18,0,77
1999,"HANCOCK",13141,70,11,0,0,59,1,0,0,0,1,69,11,0,58
2000,"HANCOCK",13141,78,13,0,0,65,0,0,0,0,0,78,13,0,65
2001,"HANCOCK",13141,78,18,0,0,60,0,0,0,0,0,78,18,0,60
2002,"HANCOCK",13141,112,25,0,0,87,1,0,0,0,1,111,25,0,86
2003,"HANCOCK",13141,106,22,0,0,84,1,1,0,0,0,105,21,0,84
1990,"HARALSON",13143,115,44,1,0,70,9,3,1,0,5,106,41,0,65
1991,"HARALSON",13143,134,37,1,0,96,12,6,1,0,5,122,31,0,91
1992,"HARALSON",13143,115,49,0,0,66,10,5,0,0,5,105,44,0,61
1993,"HARALSON",13143,102,38,0,0,64,15,3,0,0,12,87,35,0,52
1994,"HARALSON",13143,116,41,1,0,74,9,4,0,0,5,107,37,1,69
1995,"HARALSON",13143,154,52,1,0,101,19,5,1,0,13,135,47,0,88
1996,"HARALSON",13143,173,59,0,1,113,19,2,0,1,16,154,57,0,97
1997,"HARALSON",13143,188,49,0,0,139,26,3,0,0,23,162,46,0,116
1998,"HARALSON",13143,191,64,0,1,126,19,5,0,1,13,172,59,0,113
1999,"HARALSON",13143,148,49,0,0,99,15,4,0,0,11,133,45,0,88
2000,"HARALSON",13143,156,49,0,0,107,14,6,0,0,8,142,43,0,99
2001,"HARALSON",13143,197,90,1,0,106,10,2,1,0,7,187,88,0,99
2002,"HARALSON",13143,184,97,0,0,87,2,1,0,0,1,182,96,0,86
2003,"HARALSON",13143,213,118,0,0,95,2,1,0,0,1,211,117,0,94
1990,"HARRIS",13145,86,45,1,0,40,5,3,1,0,1,81,42,0,39
1991,"HARRIS",13145,122,63,0,0,59,2,2,0,0,0,120,61,0,59
1992,"HARRIS",13145,135,68,0,0,67,3,3,0,0,0,132,65,0,67
1993,"HARRIS",13145,86,34,0,0,52,2,1,0,0,1,84,33,0,51
1994,"HARRIS",13145,103,37,1,0,65,3,0,1,0,2,100,37,0,63
1995,"HARRIS",13145,106,36,0,0,70,1,0,0,0,1,105,36,0,69
1996,"HARRIS",13145,158,56,0,0,102,1,1,0,0,0,157,55,0,102
1997,"HARRIS",13145,158,73,0,0,85,0,0,0,0,0,158,73,0,85
1998,"HARRIS",13145,175,65,1,0,109,1,0,1,0,0,174,65,0,109
1999,"HARRIS",13145,179,79,0,0,100,0,0,0,0,0,179,79,0,100
2000,"HARRIS",13145,189,85,1,0,103,2,1,1,0,0,187,84,0,103
2001,"HARRIS",13145,243,106,0,0,137,1,1,0,0,0,242,105,0,137
2002,"HARRIS",13145,225,106,0,0,119,1,1,0,0,0,224,105,0,119
2003,"HARRIS",13145,237,110,1,0,126,4,2,1,0,1,233,108,0,125
1990,"HART",13147,38,17,0,0,21,0,0,0,0,0,38,17,0,21
1991,"HART",13147,75,36,0,0,39,0,0,0,0,0,75,36,0,39
1992,"HART",13147,62,21,1,0,40,1,0,1,0,0,61,21,0,40
1993,"HART",13147,53,25,0,0,28,0,0,0,0,0,53,25,0,28
1994,"HART",13147,49,9,0,0,40,0,0,0,0,0,49,9,0,40
1995,"HART",13147,72,20,0,0,52,0,0,0,0,0,72,20,0,52
1996,"HART",13147,97,22,0,0,75,0,0,0,0,0,97,22,0,75
1997,"HART",13147,112,38,0,0,74,0,0,0,0,0,112,38,0,74
1998,"HART",13147,102,34,0,0,68,2,2,0,0,0,100,32,0,68
1999,"HART",13147,73,35,0,2,36,2,0,0,2,0,71,35,0,36
2000,"HART",13147,93,34,0,0,59,0,0,0,0,0,93,34,0,59
2001,"HART",13147,105,54,4,0,47,4,0,4,0,0,101,54,0,47
2002,"HART",13147,112,45,1,0,66,2,0,1,0,1,110,45,0,65
2003,"HART",13147,109,61,0,0,48,1,1,0,0,0,108,60,0,48
1990,"HEARD",13149,89,25,0,0,64,4,0,0,0,4,85,25,0,60
1991,"HEARD",13149,79,30,1,0,48,6,3,0,0,3,73,27,1,45
1992,"HEARD",13149,95,33,0,0,62,4,1,0,0,3,91,32,0,59
1993,"HEARD",13149,67,23,0,0,44,5,2,0,0,3,62,21,0,41
1994,"HEARD",13149,59,16,0,0,43,4,0,0,0,4,55,16,0,39
1995,"HEARD",13149,74,26,0,0,48,6,1,0,0,5,68,25,0,43
1996,"HEARD",13149,94,27,0,0,67,10,2,0,0,8,84,25,0,59
1997,"HEARD",13149,104,35,0,0,69,10,1,0,0,9,94,34,0,60
1998,"HEARD",13149,88,28,0,0,60,4,0,0,0,4,84,28,0,56
1999,"HEARD",13149,84,25,0,0,59,11,4,0,0,7,73,21,0,52
2000,"HEARD",13149,98,34,0,0,64,10,3,0,0,7,88,31,0,57
2001,"HEARD",13149,122,40,0,0,82,1,0,0,0,1,121,40,0,81
2002,"HEARD",13149,99,47,0,0,52,1,1,0,0,0,98,46,0,52
2003,"HEARD",13149,115,71,0,0,44,1,0,0,0,1,114,71,0,43
1992,"MUSCOGEE",13150,2,1,0,0,1,0,0,0,0,0,2,1,0,1
1990,"HENRY",13151,454,269,2,0,183,27,18,2,0,7,427,251,0,176
1991,"HENRY",13151,584,268,3,0,313,38,24,2,0,12,546,244,1,301
1992,"HENRY",13151,490,243,3,0,244,21,17,2,0,2,469,226,1,242
1993,"HENRY",13151,417,194,5,0,218,19,11,3,0,5,398,183,2,213
1994,"HENRY",13151,419,179,0,0,240,13,5,0,0,8,406,174,0,232
1995,"HENRY",13151,483,217,2,0,264,13,6,2,0,5,470,211,0,259
1996,"HENRY",13151,611,286,1,0,324,11,6,1,0,4,600,280,0,320
1997,"HENRY",13151,768,388,3,0,377,16,11,1,0,4,752,377,2,373
1998,"HENRY",13151,764,418,1,0,345,5,2,1,0,2,759,416,0,343
1999,"HENRY",13151,822,428,4,0,390,7,3,3,0,1,815,425,1,389
2000,"HENRY",13151,979,449,0,0,530,4,4,0,0,0,975,445,0,530
2001,"HENRY",13151,1182,603,1,0,578,21,16,1,0,4,1161,587,0,574
2002,"HENRY",13151,1477,772,6,0,699,40,23,5,0,12,1437,749,1,687
2003,"HENRY",13151,1775,1017,3,0,755,64,43,2,0,19,1711,974,1,736
1990,"HOUSTON",13153,642,357,0,0,285,12,9,0,0,3,630,348,0,282
1991,"HOUSTON",13153,670,335,5,0,330,14,8,5,0,1,656,327,0,329
1992,"HOUSTON",13153,648,306,6,2,334,9,3,4,2,0,639,303,2,334
1993,"HOUSTON",13153,613,252,4,3,354,7,1,3,3,0,606,251,1,354
1994,"HOUSTON",13153,664,292,5,1,366,8,2,5,1,0,656,290,0,366
1995,"HOUSTON",13153,785,337,0,3,445,5,2,0,3,0,780,335,0,445
1996,"HOUSTON",13153,952,390,1,0,561,7,3,1,0,3,945,387,0,558
1997,"HOUSTON",13153,956,443,2,0,511,8,4,2,0,2,948,439,0,509
1998,"HOUSTON",13153,945,434,0,0,511,8,5,0,0,3,937,429,0,508
1999,"HOUSTON",13153,815,430,3,0,382,12,7,3,0,2,803,423,0,380
2000,"HOUSTON",13153,867,484,3,0,380,7,4,3,0,0,860,480,0,380
2001,"HOUSTON",13153,952,518,1,0,433,3,2,1,0,0,949,516,0,433
2002,"HOUSTON",13153,1008,600,2,0,406,10,7,2,0,1,998,593,0,405
2003,"HOUSTON",13153,1021,588,2,4,427,13,6,2,4,1,1008,582,0,426
1990,"IRWIN",13155,29,20,0,0,9,0,0,0,0,0,29,20,0,9
1991,"IRWIN",13155,34,21,0,0,13,2,2,0,0,0,32,19,0,13
1992,"IRWIN",13155,22,11,0,1,10,1,0,0,1,0,21,11,0,10
1993,"IRWIN",13155,27,13,0,0,14,0,0,0,0,0,27,13,0,14
1994,"IRWIN",13155,17,6,0,1,10,1,0,0,1,0,16,6,0,10
1995,"IRWIN",13155,24,15,0,1,8,2,1,0,1,0,22,14,0,8
1996,"IRWIN",13155,49,24,0,4,21,4,0,0,4,0,45,24,0,21
1997,"IRWIN",13155,64,17,0,0,47,0,0,0,0,0,64,17,0,47
1998,"IRWIN",13155,72,21,0,0,51,0,0,0,0,0,72,21,0,51
1999,"IRWIN",13155,78,27,0,0,51,0,0,0,0,0,78,27,0,51
2000,"IRWIN",13155,89,24,0,0,65,0,0,0,0,0,89,24,0,65
2001,"IRWIN",13155,118,31,0,1,86,1,0,0,1,0,117,31,0,86
2002,"IRWIN",13155,99,24,1,0,74,1,0,1,0,0,98,24,0,74
2003,"IRWIN",13155,126,40,1,0,85,1,0,1,0,0,125,40,0,85
1990,"JACKSON",13157,190,69,1,0,120,1,0,1,0,0,189,69,0,120
1991,"JACKSON",13157,222,72,0,0,150,11,7,0,0,4,211,65,0,146
1992,"JACKSON",13157,186,69,4,1,112,11,4,4,1,2,175,65,0,110
1993,"JACKSON",13157,157,53,1,0,103,8,5,1,0,2,149,48,0,101
1994,"JACKSON",13157,160,50,1,0,109,3,2,1,0,0,157,48,0,109
1995,"JACKSON",13157,210,61,0,0,149,5,5,0,0,0,205,56,0,149
1996,"JACKSON",13157,231,51,1,0,179,11,5,1,0,5,220,46,0,174
1997,"JACKSON",13157,288,94,0,0,194,3,0,0,0,3,285,94,0,191
1998,"JACKSON",13157,260,87,1,0,172,7,3,1,0,3,253,84,0,169
1999,"JACKSON",13157,246,99,0,0,147,3,3,0,0,0,243,96,0,147
2000,"JACKSON",13157,269,113,0,0,156,6,5,0,0,1,263,108,0,155
2001,"JACKSON",13157,359,147,0,0,212,3,1,0,0,2,356,146,0,210
2002,"JACKSON",13157,352,168,1,0,183,8,4,1,0,3,344,164,0,180
2003,"JACKSON",13157,381,219,0,0,162,6,6,0,0,0,375,213,0,162
1990,"JASPER",13159,64,19,0,0,45,0,0,0,0,0,64,19,0,45
1991,"JASPER",13159,99,30,0,0,69,0,0,0,0,0,99,30,0,69
1992,"JASPER",13159,73,15,0,0,58,0,0,0,0,0,73,15,0,58
1993,"JASPER",13159,85,15,0,0,70,0,0,0,0,0,85,15,0,70
1994,"JASPER",13159,70,12,0,0,58,1,0,0,0,1,69,12,0,57
1995,"JASPER",13159,65,9,0,0,56,0,0,0,0,0,65,9,0,56
1996,"JASPER",13159,97,27,0,0,70,1,0,0,0,1,96,27,0,69
1997,"JASPER",13159,99,32,0,0,67,1,1,0,0,0,98,31,0,67
1998,"JASPER",13159,74,18,0,0,56,1,0,0,0,1,73,18,0,55
1999,"JASPER",13159,67,26,0,0,41,2,1,0,0,1,65,25,0,40
2000,"JASPER",13159,93,39,0,0,54,2,0,0,0,2,91,39,0,52
2001,"JASPER",13159,109,48,0,0,61,1,1,0,0,0,108,47,0,61
2002,"JASPER",13159,129,68,0,0,61,0,0,0,0,0,129,68,0,61
2003,"JASPER",13159,130,67,0,0,63,0,0,0,0,0,130,67,0,63
1990,"JEFF DAVIS",13161,63,19,0,3,41,3,0,0,3,0,60,19,0,41
1991,"JEFF DAVIS",13161,90,19,1,0,70,1,0,0,0,1,89,19,1,69
1992,"JEFF DAVIS",13161,88,22,0,2,64,3,0,0,2,1,85,22,0,63
1993,"JEFF DAVIS",13161,89,13,0,0,76,2,1,0,0,1,87,12,0,75
1994,"JEFF DAVIS",13161,80,10,1,0,69,5,3,1,0,1,75,7,0,68
1995,"JEFF DAVIS",13161,99,11,0,0,88,3,1,0,0,2,96,10,0,86
1996,"JEFF DAVIS",13161,161,10,0,0,151,2,0,0,0,2,159,10,0,149
1997,"JEFF DAVIS",13161,167,15,0,0,152,4,1,0,0,3,163,14,0,149
1998,"JEFF DAVIS",13161,182,31,1,0,150,3,1,1,0,1,179,30,0,149
1999,"JEFF DAVIS",13161,174,37,1,0,136,3,0,1,0,2,171,37,0,134
2000,"JEFF DAVIS",13161,154,40,0,0,114,4,4,0,0,0,150,36,0,114
2001,"JEFF DAVIS",13161,200,42,2,0,156,5,1,2,0,2,195,41,0,154
2002,"JEFF DAVIS",13161,179,62,0,0,117,4,4,0,0,0,175,58,0,117
2003,"JEFF DAVIS",13161,198,61,0,0,137,3,3,0,0,0,195,58,0,137
1990,"JEFFERSON",13163,91,12,0,0,79,0,0,0,0,0,91,12,0,79
1991,"JEFFERSON",13163,96,26,0,1,69,2,1,0,1,0,94,25,0,69
1992,"JEFFERSON",13163,108,21,0,2,85,6,2,0,2,2,102,19,0,83
1993,"JEFFERSON",13163,94,18,1,0,75,3,3,0,0,0,91,15,1,75
1994,"JEFFERSON",13163,94,17,0,1,76,2,0,0,1,1,92,17,0,75
1995,"JEFFERSON",13163,105,19,0,0,86,5,1,0,0,4,100,18,0,82
1996,"JEFFERSON",13163,151,30,0,2,119,2,0,0,2,0,149,30,0,119
1997,"JEFFERSON",13163,153,47,0,0,106,4,3,0,0,1,149,44,0,105
1998,"JEFFERSON",13163,176,27,0,0,149,0,0,0,0,0,176,27,0,149
1999,"JEFFERSON",13163,160,30,0,0,130,0,0,0,0,0,160,30,0,130
2000,"JEFFERSON",13163,194,36,0,0,158,0,0,0,0,0,194,36,0,158
2001,"JEFFERSON",13163,187,38,1,0,148,3,2,1,0,0,184,36,0,148
2002,"JEFFERSON",13163,225,53,0,0,172,0,0,0,0,0,225,53,0,172
2003,"JEFFERSON",13163,214,43,0,0,171,1,1,0,0,0,213,42,0,171
1990,"JENKINS",13165,30,8,0,0,22,0,0,0,0,0,30,8,0,22
1991,"JENKINS",13165,51,21,2,3,25,6,0,2,3,1,45,21,0,24
1992,"JENKINS",13165,26,9,0,2,15,7,1,0,2,4,19,8,0,11
1993,"JENKINS",13165,29,13,0,0,16,6,5,0,0,1,23,8,0,15
1994,"JENKINS",13165,35,14,0,0,21,3,3,0,0,0,32,11,0,21
1995,"JENKINS",13165,49,15,0,0,34,2,1,0,0,1,47,14,0,33
1996,"JENKINS",13165,67,13,0,0,54,1,1,0,0,0,66,12,0,54
1997,"JENKINS",13165,89,17,1,1,70,4,2,1,1,0,85,15,0,70
1998,"JENKINS",13165,84,20,0,0,64,2,0,0,0,2,82,20,0,62
1999,"JENKINS",13165,78,18,0,0,60,0,0,0,0,0,78,18,0,60
2000,"JENKINS",13165,76,10,0,0,66,0,0,0,0,0,76,10,0,66
2001,"JENKINS",13165,75,18,0,0,57,0,0,0,0,0,75,18,0,57
2002,"JENKINS",13165,81,19,0,0,62,1,0,0,0,1,80,19,0,61
2003,"JENKINS",13165,85,22,0,0,63,0,0,0,0,0,85,22,0,63
1990,"JOHNSON",13167,40,11,0,0,29,0,0,0,0,0,40,11,0,29
1991,"JOHNSON",13167,32,7,1,0,24,1,0,1,0,0,31,7,0,24
1992,"JOHNSON",13167,27,7,0,0,20,0,0,0,0,0,27,7,0,20
1993,"JOHNSON",13167,33,6,1,0,26,1,0,1,0,0,32,6,0,26
1994,"JOHNSON",13167,20,1,1,0,18,3,0,1,0,2,17,1,0,16
1995,"JOHNSON",13167,30,3,0,0,27,1,0,0,0,1,29,3,0,26
1996,"JOHNSON",13167,51,7,0,0,44,2,2,0,0,0,49,5,0,44
1997,"JOHNSON",13167,69,13,0,0,56,0,0,0,0,0,69,13,0,56
1998,"JOHNSON",13167,61,15,0,0,46,2,0,0,0,2,59,15,0,44
1999,"JOHNSON",13167,79,11,0,0,68,1,1,0,0,0,78,10,0,68
2000,"JOHNSON",13167,61,19,0,0,42,0,0,0,0,0,61,19,0,42
2001,"JOHNSON",13167,67,18,0,0,49,0,0,0,0,0,67,18,0,49
2002,"JOHNSON",13167,81,21,0,0,60,0,0,0,0,0,81,21,0,60
2003,"JOHNSON",13167,65,11,0,0,54,1,0,0,0,1,64,11,0,53
1990,"JONES",13169,111,43,1,0,67,5,3,1,0,1,106,40,0,66
1991,"JONES",13169,130,31,0,0,99,2,2,0,0,0,128,29,0,99
1992,"JONES",13169,94,33,0,0,61,0,0,0,0,0,94,33,0,61
1993,"JONES",13169,64,17,0,0,47,0,0,0,0,0,64,17,0,47
1994,"JONES",13169,75,15,0,0,60,0,0,0,0,0,75,15,0,60
1995,"JONES",13169,95,26,0,0,69,0,0,0,0,0,95,26,0,69
1996,"JONES",13169,120,36,0,0,84,0,0,0,0,0,120,36,0,84
1997,"JONES",13169,115,36,1,0,78,1,0,1,0,0,114,36,0,78
1998,"JONES",13169,113,43,2,1,67,4,1,2,1,0,109,42,0,67
1999,"JONES",13169,112,43,0,0,69,1,1,0,0,0,111,42,0,69
2000,"JONES",13169,114,47,0,0,67,2,1,0,0,1,112,46,0,66
2001,"JONES",13169,148,64,0,0,84,2,2,0,0,0,146,62,0,84
2002,"JONES",13169,139,59,1,0,79,3,1,1,0,1,136,58,0,78
2003,"JONES",13169,172,88,0,0,84,0,0,0,0,0,172,88,0,84
1990,"LAMAR",13171,102,34,1,1,66,2,0,1,1,0,100,34,0,66
1991,"LAMAR",13171,112,18,0,1,93,1,0,0,1,0,111,18,0,93
1992,"LAMAR",13171,95,17,0,0,78,3,1,0,0,2,92,16,0,76
1993,"LAMAR",13171,84,17,0,0,67,4,1,0,0,3,80,16,0,64
1994,"LAMAR",13171,111,27,0,0,84,7,1,0,0,6,104,26,0,78
1995,"LAMAR",13171,92,22,0,0,70,6,4,0,0,2,86,18,0,68
1996,"LAMAR",13171,125,24,0,0,101,3,0,0,0,3,122,24,0,98
1997,"LAMAR",13171,90,27,1,0,62,8,2,1,0,5,82,25,0,57
1998,"LAMAR",13171,37,16,0,0,21,1,1,0,0,0,36,15,0,21
1999,"LAMAR",13171,38,17,1,0,20,1,0,1,0,0,37,17,0,20
2000,"LAMAR",13171,148,45,0,0,103,6,2,0,0,4,142,43,0,99
2001,"LAMAR",13171,157,54,0,1,102,11,3,0,1,7,146,51,0,95
2002,"LAMAR",13171,165,54,0,0,111,2,1,0,0,1,163,53,0,110
2003,"LAMAR",13171,156,67,1,0,88,2,0,1,0,1,154,67,0,87
1990,"LANIER",13173,16,14,1,0,1,2,1,1,0,0,14,13,0,1
1991,"LANIER",13173,20,16,0,0,4,0,0,0,0,0,20,16,0,4
1992,"LANIER",13173,27,22,0,1,4,2,1,0,1,0,25,21,0,4
1993,"LANIER",13173,12,9,0,0,3,0,0,0,0,0,12,9,0,3
1994,"LANIER",13173,15,9,0,0,6,1,1,0,0,0,14,8,0,6
1995,"LANIER",13173,22,6,0,0,16,0,0,0,0,0,22,6,0,16
1996,"LANIER",13173,40,11,0,0,29,0,0,0,0,0,40,11,0,29
1997,"LANIER",13173,53,22,0,0,31,1,1,0,0,0,52,21,0,31
1998,"LANIER",13173,53,19,0,0,34,0,0,0,0,0,53,19,0,34
1999,"LANIER",13173,41,15,1,0,25,1,0,1,0,0,40,15,0,25
2000,"LANIER",13173,42,18,0,0,24,0,0,0,0,0,42,18,0,24
2001,"LANIER",13173,68,19,0,0,49,0,0,0,0,0,68,19,0,49
2002,"LANIER",13173,76,28,0,0,48,0,0,0,0,0,76,28,0,48
2003,"LANIER",13173,55,17,0,0,38,0,0,0,0,0,55,17,0,38
1990,"LAURENS",13175,276,81,2,1,192,6,3,2,1,0,270,78,0,192
1991,"LAURENS",13175,259,75,2,1,181,13,5,2,1,5,246,70,0,176
1992,"LAURENS",13175,241,77,0,0,164,15,8,0,0,7,226,69,0,157
1993,"LAURENS",13175,199,46,1,1,151,7,2,1,1,3,192,44,0,148
1994,"LAURENS",13175,211,59,1,0,151,6,3,1,0,2,205,56,0,149
1995,"LAURENS",13175,282,60,0,1,221,12,5,0,1,6,270,55,0,215
1996,"LAURENS",13175,377,66,1,0,310,4,0,1,0,3,373,66,0,307
1997,"LAURENS",13175,370,78,0,0,292,7,5,0,0,2,363,73,0,290
1998,"LAURENS",13175,352,88,1,1,262,5,2,1,1,1,347,86,0,261
1999,"LAURENS",13175,404,88,0,0,316,0,0,0,0,0,404,88,0,316
2000,"LAURENS",13175,348,100,0,0,248,4,4,0,0,0,344,96,0,248
2001,"LAURENS",13175,405,112,0,0,293,3,3,0,0,0,402,109,0,293
2002,"LAURENS",13175,415,103,1,1,310,5,0,1,1,3,410,103,0,307
2003,"LAURENS",13175,500,112,0,0,388,4,1,0,0,3,496,111,0,385
1990,"LEE",13177,80,62,1,2,15,4,1,1,2,0,76,61,0,15
1991,"LEE",13177,94,51,0,1,42,1,0,0,1,0,93,51,0,42
1992,"LEE",13177,85,56,0,0,29,1,1,0,0,0,84,55,0,29
1993,"LEE",13177,55,28,1,0,26,1,0,1,0,0,54,28,0,26
1994,"LEE",13177,54,22,0,0,32,1,1,0,0,0,53,21,0,32
1995,"LEE",13177,71,31,0,0,40,2,1,0,0,1,69,30,0,39
1996,"LEE",13177,109,56,1,0,52,2,1,1,0,0,107,55,0,52
1997,"LEE",13177,143,72,0,0,71,1,0,0,0,1,142,72,0,70
1998,"LEE",13177,164,81,0,1,82,1,0,0,1,0,163,81,0,82
1999,"LEE",13177,167,95,0,0,72,1,1,0,0,0,166,94,0,72
2000,"LEE",13177,160,90,0,0,70,3,2,0,0,1,157,88,0,69
2001,"LEE",13177,234,141,1,0,92,4,1,1,0,2,230,140,0,90
2002,"LEE",13177,233,161,0,0,72,5,5,0,0,0,228,156,0,72
2003,"LEE",13177,237,148,0,0,89,2,0,0,0,2,235,148,0,87
1990,"LIBERTY",13179,361,61,4,0,296,6,3,3,0,0,355,58,1,296
1991,"LIBERTY",13179,377,65,0,0,312,3,0,0,0,3,374,65,0,309
1992,"LIBERTY",13179,287,69,0,0,218,11,3,0,0,8,276,66,0,210
1993,"LIBERTY",13179,271,52,0,0,219,11,2,0,0,9,260,50,0,210
1994,"LIBERTY",13179,380,56,0,0,324,8,2,0,0,6,372,54,0,318
1995,"LIBERTY",13179,484,40,0,0,444,13,3,0,0,10,471,37,0,434
1996,"LIBERTY",13179,663,64,2,0,597,13,3,2,0,8,650,61,0,589
1997,"LIBERTY",13179,990,114,1,0,875,9,1,1,0,7,981,113,0,868
1998,"LIBERTY",13179,824,98,2,0,724,9,3,2,0,4,815,95,0,720
1999,"LIBERTY",13179,757,106,0,0,651,6,4,0,0,2,751,102,0,649
2000,"LIBERTY",13179,809,104,3,0,702,9,3,2,0,4,800,101,1,698
2001,"LIBERTY",13179,867,152,2,0,713,6,4,1,0,1,861,148,1,712
2002,"LIBERTY",13179,861,202,1,0,658,3,1,1,0,1,858,201,0,657
2003,"LIBERTY",13179,779,134,0,0,645,0,0,0,0,0,779,134,0,645
1990,"LINCOLN",13181,28,7,0,0,21,0,0,0,0,0,28,7,0,21
1991,"LINCOLN",13181,41,9,0,0,32,2,0,0,0,2,39,9,0,30
1992,"LINCOLN",13181,32,14,0,0,18,0,0,0,0,0,32,14,0,18
1993,"LINCOLN",13181,19,12,0,0,7,3,3,0,0,0,16,9,0,7
1994,"LINCOLN",13181,32,12,1,1,18,3,0,1,1,1,29,12,0,17
1995,"LINCOLN",13181,43,13,0,0,30,3,2,0,0,1,40,11,0,29
1996,"LINCOLN",13181,65,20,0,0,45,2,2,0,0,0,63,18,0,45
1997,"LINCOLN",13181,69,20,0,0,49,0,0,0,0,0,69,20,0,49
1998,"LINCOLN",13181,63,21,0,0,42,2,1,0,0,1,61,20,0,41
1999,"LINCOLN",13181,51,23,0,0,28,1,1,0,0,0,50,22,0,28
2000,"LINCOLN",13181,52,18,0,0,34,0,0,0,0,0,52,18,0,34
2001,"LINCOLN",13181,74,35,0,0,39,2,2,0,0,0,72,33,0,39
2002,"LINCOLN",13181,52,16,0,0,36,0,0,0,0,0,52,16,0,36
2003,"LINCOLN",13181,65,25,0,0,40,0,0,0,0,0,65,25,0,40
1990,"LONG",13183,30,7,0,0,23,0,0,0,0,0,30,7,0,23
1991,"LONG",13183,34,8,0,0,26,0,0,0,0,0,34,8,0,26
1992,"LONG",13183,22,10,1,0,11,3,0,1,0,2,19,10,0,9
1993,"LONG",13183,40,4,0,0,36,2,2,0,0,0,38,2,0,36
1994,"LONG",13183,35,8,0,0,27,1,1,0,0,0,34,7,0,27
1995,"LONG",13183,51,10,0,0,41,0,0,0,0,0,51,10,0,41
1996,"LONG",13183,66,10,0,0,56,0,0,0,0,0,66,10,0,56
1997,"LONG",13183,77,12,0,0,65,1,0,0,0,1,76,12,0,64
1998,"LONG",13183,80,8,0,0,72,0,0,0,0,0,80,8,0,72
1999,"LONG",13183,83,11,0,0,72,0,0,0,0,0,83,11,0,72
2000,"LONG",13183,86,17,0,0,69,3,1,0,0,2,83,16,0,67
2001,"LONG",13183,95,13,0,0,82,0,0,0,0,0,95,13,0,82
2002,"LONG",13183,83,14,0,0,69,0,0,0,0,0,83,14,0,69
2003,"LONG",13183,101,27,0,0,74,0,0,0,0,0,101,27,0,74
1990,"LOWNDES",13185,322,243,7,1,71,11,3,7,1,0,311,240,0,71
1991,"LOWNDES",13185,345,252,7,1,85,12,3,7,1,1,333,249,0,84
1992,"LOWNDES",13185,386,223,6,0,157,12,5,6,0,1,374,218,0,156
1993,"LOWNDES",13185,336,160,1,1,174,7,4,0,1,2,329,156,1,172
1994,"LOWNDES",13185,365,150,0,0,215,3,2,0,0,1,362,148,0,214
1995,"LOWNDES",13185,407,169,3,0,235,8,2,3,0,3,399,167,0,232
1996,"LOWNDES",13185,586,226,2,0,358,9,1,2,0,6,577,225,0,352
1997,"LOWNDES",13185,606,266,2,0,338,20,6,2,0,12,586,260,0,326
1998,"LOWNDES",13185,672,284,0,0,388,16,3,0,0,13,656,281,0,375
1999,"LOWNDES",13185,692,283,1,0,408,5,3,1,0,1,687,280,0,407
2000,"LOWNDES",13185,734,317,0,0,417,2,0,0,0,2,732,317,0,415
2001,"LOWNDES",13185,856,369,3,0,484,3,0,2,0,1,853,369,1,483
2002,"LOWNDES",13185,839,371,1,0,467,1,0,1,0,0,838,371,0,467
2003,"LOWNDES",13185,878,394,0,0,484,1,1,0,0,0,877,393,0,484
1990,"LUMPKIN",13187,31,16,0,0,15,2,1,0,0,1,29,15,0,14
1991,"LUMPKIN",13187,51,31,0,0,20,0,0,0,0,0,51,31,0,20
1992,"LUMPKIN",13187,49,22,1,0,26,2,1,1,0,0,47,21,0,26
1993,"LUMPKIN",13187,69,27,0,0,42,2,2,0,0,0,67,25,0,42
1994,"LUMPKIN",13187,57,22,0,0,35,2,1,0,0,1,55,21,0,34
1995,"LUMPKIN",13187,70,17,0,0,53,4,3,0,0,1,66,14,0,52
1996,"LUMPKIN",13187,86,29,0,0,57,1,1,0,0,0,85,28,0,57
1997,"LUMPKIN",13187,96,37,0,0,59,2,0,0,0,2,94,37,0,57
1998,"LUMPKIN",13187,104,51,0,0,53,4,0,0,0,4,100,51,0,49
1999,"LUMPKIN",13187,103,49,0,0,54,1,1,0,0,0,102,48,0,54
2000,"LUMPKIN",13187,113,54,0,0,59,1,1,0,0,0,112,53,0,59
2001,"LUMPKIN",13187,136,60,0,0,76,0,0,0,0,0,136,60,0,76
2002,"LUMPKIN",13187,172,97,1,0,74,2,0,1,0,1,170,97,0,73
2003,"LUMPKIN",13187,157,101,0,0,56,4,4,0,0,0,153,97,0,56
1990,"MCDUFFIE",13189,144,25,0,1,118,1,0,0,1,0,143,25,0,118
1991,"MCDUFFIE",13189,152,33,0,0,119,3,2,0,0,1,149,31,0,118
1992,"MCDUFFIE",13189,128,33,2,0,93,9,4,2,0,3,119,29,0,90
1993,"MCDUFFIE",13189,143,46,1,0,96,7,3,1,0,3,136,43,0,93
1994,"MCDUFFIE",13189,126,38,3,0,85,6,2,3,0,1,120,36,0,84
1995,"MCDUFFIE",13189,176,42,0,0,134,5,2,0,0,3,171,40,0,131
1996,"MCDUFFIE",13189,249,53,1,0,195,6,1,1,0,4,243,52,0,191
1997,"MCDUFFIE",13189,265,73,0,0,192,3,2,0,0,1,262,71,0,191
1998,"MCDUFFIE",13189,273,78,0,0,195,3,2,0,0,1,270,76,0,194
1999,"MCDUFFIE",13189,230,51,2,0,177,3,1,2,0,0,227,50,0,177
2000,"MCDUFFIE",13189,259,57,1,0,201,2,1,1,0,0,257,56,0,201
2001,"MCDUFFIE",13189,339,93,0,0,246,1,0,0,0,1,338,93,0,245
2002,"MCDUFFIE",13189,327,83,0,0,244,1,1,0,0,0,326,82,0,244
2003,"MCDUFFIE",13189,313,88,1,0,224,2,1,1,0,0,311,87,0,224
1990,"MCINTOSH",13191,43,14,0,0,29,0,0,0,0,0,43,14,0,29
1991,"MCINTOSH",13191,59,25,0,0,34,4,1,0,0,3,55,24,0,31
1992,"MCINTOSH",13191,59,13,0,0,46,9,5,0,0,4,50,8,0,42
1993,"MCINTOSH",13191,38,12,1,0,25,4,2,1,0,1,34,10,0,24
1994,"MCINTOSH",13191,38,11,0,0,27,4,3,0,0,1,34,8,0,26
1995,"MCINTOSH",13191,59,17,0,0,42,3,2,0,0,1,56,15,0,41
1996,"MCINTOSH",13191,76,20,0,0,56,9,4,0,0,5,67,16,0,51
1997,"MCINTOSH",13191,97,21,0,0,76,2,2,0,0,0,95,19,0,76
1998,"MCINTOSH",13191,89,17,0,0,72,2,1,0,0,1,87,16,0,71
1999,"MCINTOSH",13191,102,14,0,0,88,0,0,0,0,0,102,14,0,88
2000,"MCINTOSH",13191,138,28,3,0,107,7,0,3,0,4,131,28,0,103
2001,"MCINTOSH",13191,147,25,0,0,122,1,0,0,0,1,146,25,0,121
2002,"MCINTOSH",13191,148,40,0,0,108,0,0,0,0,0,148,40,0,108
2003,"MCINTOSH",13191,139,30,0,0,109,1,1,0,0,0,138,29,0,109
1990,"MACON",13193,30,15,0,1,14,1,0,0,1,0,29,15,0,14
1991,"MACON",13193,55,25,0,2,28,2,0,0,2,0,53,25,0,28
1992,"MACON",13193,51,19,0,2,30,3,1,0,2,0,48,18,0,30
1993,"MACON",13193,32,11,0,0,21,0,0,0,0,0,32,11,0,21
1994,"MACON",13193,64,15,0,3,46,3,0,0,3,0,61,15,0,46
1995,"MACON",13193,51,16,0,0,35,0,0,0,0,0,51,16,0,35
1996,"MACON",13193,85,25,0,3,57,3,0,0,3,0,82,25,0,57
1997,"MACON",13193,90,29,1,3,57,4,0,1,3,0,86,29,0,57
1998,"MACON",13193,118,33,0,0,85,1,1,0,0,0,117,32,0,85
1999,"MACON",13193,102,25,0,0,77,1,0,0,0,1,101,25,0,76
2000,"MACON",13193,99,30,0,0,69,2,2,0,0,0,97,28,0,69
2001,"MACON",13193,120,39,0,0,81,1,1,0,0,0,119,38,0,81
2002,"MACON",13193,105,36,1,0,68,1,0,1,0,0,104,36,0,68
2003,"MACON",13193,126,44,0,0,82,0,0,0,0,0,126,44,0,82
1990,"MADISON",13195,115,56,0,0,59,0,0,0,0,0,115,56,0,59
1991,"MADISON",13195,135,70,0,0,65,1,0,0,0,1,134,70,0,64
1992,"MADISON",13195,133,65,0,0,68,1,1,0,0,0,132,64,0,68
1993,"MADISON",13195,99,48,0,1,50,2,1,0,1,0,97,47,0,50
1994,"MADISON",13195,118,48,0,1,69,2,0,0,1,1,116,48,0,68
1995,"MADISON",13195,132,39,0,0,93,0,0,0,0,0,132,39,0,93
1996,"MADISON",13195,157,48,1,0,108,3,2,1,0,0,154,46,0,108
1997,"MADISON",13195,167,60,0,0,107,1,1,0,0,0,166,59,0,107
1998,"MADISON",13195,134,61,0,0,73,1,0,0,0,1,133,61,0,72
1999,"MADISON",13195,137,63,2,0,72,1,0,1,0,0,136,63,1,72
2000,"MADISON",13195,163,81,0,0,82,0,0,0,0,0,163,81,0,82
2001,"MADISON",13195,185,81,0,0,104,0,0,0,0,0,185,81,0,104
2002,"MADISON",13195,198,104,0,0,94,1,1,0,0,0,197,103,0,94
2003,"MADISON",13195,221,117,0,1,103,3,1,0,1,1,218,116,0,102
1990,"MARION",13197,9,4,1,0,4,1,0,1,0,0,8,4,0,4
1991,"MARION",13197,5,2,0,0,3,0,0,0,0,0,5,2,0,3
1992,"MARION",13197,8,6,0,0,2,0,0,0,0,0,8,6,0,2
1993,"MARION",13197,12,8,0,0,4,0,0,0,0,0,12,8,0,4
1994,"MARION",13197,13,8,0,0,5,0,0,0,0,0,13,8,0,5
1995,"MARION",13197,14,6,0,0,8,0,0,0,0,0,14,6,0,8
1996,"MARION",13197,15,4,0,0,11,0,0,0,0,0,15,4,0,11
1997,"MARION",13197,20,11,0,0,9,0,0,0,0,0,20,11,0,9
1998,"MARION",13197,16,4,0,0,12,0,0,0,0,0,16,4,0,12
1999,"MARION",13197,13,6,0,0,7,0,0,0,0,0,13,6,0,7
2000,"MARION",13197,17,6,0,0,11,0,0,0,0,0,17,6,0,11
2001,"MARION",13197,16,5,0,0,11,0,0,0,0,0,16,5,0,11
2002,"MARION",13197,17,7,0,0,10,0,0,0,0,0,17,7,0,10
2003,"MARION",13197,26,13,0,0,13,0,0,0,0,0,26,13,0,13
1990,"MERIWETHER",13199,130,34,0,3,93,9,3,0,3,3,121,31,0,90
1991,"MERIWETHER",13199,165,46,1,0,118,12,8,1,0,3,153,38,0,115
1992,"MERIWETHER",13199,157,36,0,0,121,9,1,0,0,8,148,35,0,113
1993,"MERIWETHER",13199,122,21,1,0,100,8,3,1,0,4,114,18,0,96
1994,"MERIWETHER",13199,133,28,0,0,105,6,3,0,0,3,127,25,0,102
1995,"MERIWETHER",13199,146,21,0,0,125,9,1,0,0,8,137,20,0,117
1996,"MERIWETHER",13199,248,35,1,0,212,15,0,1,0,14,233,35,0,198
1997,"MERIWETHER",13199,202,39,0,0,163,18,1,0,0,17,184,38,0,146
1998,"MERIWETHER",13199,187,49,1,0,137,8,3,1,0,4,179,46,0,133
1999,"MERIWETHER",13199,164,39,0,0,125,15,5,0,0,10,149,34,0,115
2000,"MERIWETHER",13199,202,43,2,0,157,10,7,1,0,2,192,36,1,155
2001,"MERIWETHER",13199,196,63,0,0,133,4,3,0,0,1,192,60,0,132
2002,"MERIWETHER",13199,200,52,0,0,148,1,0,0,0,1,199,52,0,147
2003,"MERIWETHER",13199,233,90,0,0,143,1,1,0,0,0,232,89,0,143
1990,"MILLER",13201,15,13,0,1,1,3,2,0,1,0,12,11,0,1
1991,"MILLER",13201,25,18,0,2,5,2,0,0,2,0,23,18,0,5
1992,"MILLER",13201,9,8,0,1,0,1,0,0,1,0,8,8,0,0
1993,"MILLER",13201,14,9,1,1,3,2,0,1,1,0,12,9,0,3
1994,"MILLER",13201,10,3,1,1,5,2,0,1,1,0,8,3,0,5
1995,"MILLER",13201,15,8,0,5,2,6,1,0,5,0,9,7,0,2
1996,"MILLER",13201,29,12,0,2,15,2,0,0,2,0,27,12,0,15
1997,"MILLER",13201,40,16,0,0,24,0,0,0,0,0,40,16,0,24
1998,"MILLER",13201,30,13,0,2,15,4,1,0,2,1,26,12,0,14
1999,"MILLER",13201,43,20,0,0,23,0,0,0,0,0,43,20,0,23
2000,"MILLER",13201,29,23,0,0,6,0,0,0,0,0,29,23,0,6
2001,"MILLER",13201,47,23,0,1,23,4,3,0,1,0,43,20,0,23
2002,"MILLER",13201,67,39,2,1,25,3,0,2,1,0,64,39,0,25
2003,"MILLER",13201,55,29,0,3,23,3,0,0,3,0,52,29,0,23
1990,"MITCHELL",13205,50,36,1,0,13,4,3,1,0,0,46,33,0,13
1991,"MITCHELL",13205,87,54,0,1,32,1,0,0,1,0,86,54,0,32
1992,"MITCHELL",13205,70,43,0,2,25,4,2,0,2,0,66,41,0,25
1993,"MITCHELL",13205,67,38,1,1,27,5,2,1,1,1,62,36,0,26
1994,"MITCHELL",13205,94,35,0,2,57,3,1,0,2,0,91,34,0,57
1995,"MITCHELL",13205,78,24,0,1,53,4,2,0,1,1,74,22,0,52
1996,"MITCHELL",13205,119,36,1,0,82,3,2,1,0,0,116,34,0,82
1997,"MITCHELL",13205,169,56,0,2,111,2,0,0,2,0,167,56,0,111
1998,"MITCHELL",13205,152,44,1,1,106,2,0,1,1,0,150,44,0,106
1999,"MITCHELL",13205,174,48,1,4,121,5,0,1,4,0,169,48,0,121
2000,"MITCHELL",13205,187,65,0,0,122,0,0,0,0,0,187,65,0,122
2001,"MITCHELL",13205,243,88,0,1,154,1,0,0,1,0,242,88,0,154
2002,"MITCHELL",13205,252,100,5,1,146,6,0,4,1,1,246,100,1,145
2003,"MITCHELL",13205,234,100,0,2,132,4,2,0,2,0,230,98,0,132
1990,"MONROE",13207,99,24,2,0,73,2,0,2,0,0,97,24,0,73
1991,"MONROE",13207,119,32,1,0,86,2,0,1,0,1,117,32,0,85
1992,"MONROE",13207,117,32,1,0,84,2,1,1,0,0,115,31,0,84
1993,"MONROE",13207,121,20,0,2,99,5,0,0,2,3,116,20,0,96
1994,"MONROE",13207,113,17,0,0,96,2,0,0,0,2,111,17,0,94
1995,"MONROE",13207,136,24,0,0,112,1,0,0,0,1,135,24,0,111
1996,"MONROE",13207,177,42,0,0,135,1,0,0,0,1,176,42,0,134
1997,"MONROE",13207,198,47,1,0,150,2,0,1,0,1,196,47,0,149
1998,"MONROE",13207,161,42,0,0,119,0,0,0,0,0,161,42,0,119
1999,"MONROE",13207,138,51,0,0,87,1,1,0,0,0,137,50,0,87
2000,"MONROE",13207,155,44,0,0,111,2,1,0,0,1,153,43,0,110
2001,"MONROE",13207,167,70,0,0,97,2,1,0,0,1,165,69,0,96
2002,"MONROE",13207,185,87,0,0,98,0,0,0,0,0,185,87,0,98
2003,"MONROE",13207,195,106,2,0,87,4,3,1,0,0,191,103,1,87
1990,"MONTGOMERY",13209,26,8,0,2,16,3,1,0,2,0,23,7,0,16
1991,"MONTGOMERY",13209,18,4,0,3,11,4,0,0,3,1,14,4,0,10
1992,"MONTGOMERY",13209,25,9,2,1,13,5,1,2,1,1,20,8,0,12
1993,"MONTGOMERY",13209,17,6,0,0,11,2,1,0,0,1,15,5,0,10
1994,"MONTGOMERY",13209,18,5,0,0,13,0,0,0,0,0,18,5,0,13
1995,"MONTGOMERY",13209,22,7,0,0,15,1,0,0,0,1,21,7,0,14
1996,"MONTGOMERY",13209,40,12,0,1,27,2,0,0,1,1,38,12,0,26
1997,"MONTGOMERY",13209,43,18,0,0,25,0,0,0,0,0,43,18,0,25
1998,"MONTGOMERY",13209,45,11,0,0,34,0,0,0,0,0,45,11,0,34
1999,"MONTGOMERY",13209,45,17,0,0,28,1,1,0,0,0,44,16,0,28
2000,"MONTGOMERY",13209,40,11,0,0,29,0,0,0,0,0,40,11,0,29
2001,"MONTGOMERY",13209,56,26,0,0,30,1,0,0,0,1,55,26,0,29
2002,"MONTGOMERY",13209,50,16,1,0,33,1,0,1,0,0,49,16,0,33
2003,"MONTGOMERY",13209,53,20,0,1,32,1,0,0,1,0,52,20,0,32
1990,"MORGAN",13211,51,19,1,0,31,3,2,1,0,0,48,17,0,31
1991,"MORGAN",13211,115,28,0,1,86,3,0,0,1,2,112,28,0,84
1992,"MORGAN",13211,94,25,1,1,67,2,0,1,1,0,92,25,0,67
1993,"MORGAN",13211,90,36,2,0,52,2,0,2,0,0,88,36,0,52
1994,"MORGAN",13211,93,35,0,0,58,0,0,0,0,0,93,35,0,58
1995,"MORGAN",13211,137,47,1,0,89,1,0,1,0,0,136,47,0,89
1996,"MORGAN",13211,147,32,0,0,115,0,0,0,0,0,147,32,0,115
1997,"MORGAN",13211,170,52,0,0,118,2,1,0,0,1,168,51,0,117
1998,"MORGAN",13211,134,38,1,0,95,3,1,1,0,1,131,37,0,94
1999,"MORGAN",13211,119,37,0,0,82,2,1,0,0,1,117,36,0,81
2000,"MORGAN",13211,122,45,0,0,77,2,0,0,0,2,120,45,0,75
2001,"MORGAN",13211,126,39,0,0,87,1,0,0,0,1,125,39,0,86
2002,"MORGAN",13211,160,61,2,0,97,4,2,2,0,0,156,59,0,97
2003,"MORGAN",13211,183,62,17,0,104,21,2,17,0,2,162,60,0,102
1990,"MURRAY",13213,188,62,3,0,123,22,9,3,0,10,166,53,0,113
1991,"MURRAY",13213,249,90,0,0,159,18,10,0,0,8,231,80,0,151
1992,"MURRAY",13213,227,85,2,0,140,9,4,2,0,3,218,81,0,137
1993,"MURRAY",13213,167,47,1,0,119,3,1,1,0,1,164,46,0,118
1994,"MURRAY",13213,197,63,0,0,134,7,3,0,0,4,190,60,0,130
1995,"MURRAY",13213,281,92,0,0,189,6,1,0,0,5,275,91,0,184
1996,"MURRAY",13213,327,113,0,0,214,2,1,0,0,1,325,112,0,213
1997,"MURRAY",13213,431,133,3,0,295,6,1,3,0,2,425,132,0,293
1998,"MURRAY",13213,421,146,1,1,273,4,2,1,1,0,417,144,0,273
1999,"MURRAY",13213,376,141,0,0,235,1,1,0,0,0,375,140,0,235
2000,"MURRAY",13213,371,124,0,0,247,3,2,0,0,1,368,122,0,246
2001,"MURRAY",13213,498,222,0,0,276,1,1,0,0,0,497,221,0,276
2002,"MURRAY",13213,503,262,0,0,241,3,3,0,0,0,500,259,0,241
2003,"MURRAY",13213,511,277,1,0,233,3,2,1,0,0,508,275,0,233
1990,"MUSCOGEE",13215,1285,724,6,0,555,19,9,6,0,4,1266,715,0,551
1991,"MUSCOGEE",13215,1421,718,13,0,690,25,11,12,0,2,1396,707,1,688
1992,"MUSCOGEE",13215,1330,652,11,0,667,18,7,11,0,0,1312,645,0,667
1993,"MUSCOGEE",13215,1069,453,7,0,609,17,6,7,0,4,1052,447,0,605
1994,"MUSCOGEE",13215,1211,439,3,0,769,5,3,2,0,0,1206,436,1,769
1995,"MUSCOGEE",13215,1609,562,5,0,1042,11,6,4,0,1,1598,556,1,1041
1996,"MUSCOGEE",13215,1804,655,3,0,1146,13,8,3,0,2,1791,647,0,1144
1997,"MUSCOGEE",13215,2039,815,8,0,1216,16,4,8,0,4,2023,811,0,1212
1998,"MUSCOGEE",13215,2055,866,6,0,1183,13,5,6,0,2,2042,861,0,1181
1999,"MUSCOGEE",13215,1972,791,6,0,1175,12,5,6,0,1,1960,786,0,1174
2000,"MUSCOGEE",13215,2074,885,8,0,1181,10,0,8,0,2,2064,885,0,1179
2001,"MUSCOGEE",13215,2200,915,3,0,1282,6,4,2,0,0,2194,911,1,1282
2002,"MUSCOGEE",13215,2183,870,4,0,1309,9,3,4,0,2,2174,867,0,1307
2003,"MUSCOGEE",13215,2081,904,10,0,1167,11,0,10,0,1,2070,904,0,1166
1990,"NEWTON",13217,319,138,1,1,179,18,9,1,1,7,301,129,0,172
1991,"NEWTON",13217,381,147,4,0,230,20,13,3,0,4,361,134,1,226
1992,"NEWTON",13217,378,161,3,0,214,19,10,3,0,6,359,151,0,208
1993,"NEWTON",13217,299,119,3,0,177,12,7,2,0,3,287,112,1,174
1994,"NEWTON",13217,321,124,1,0,196,5,4,0,0,1,316,120,1,195
1995,"NEWTON",13217,427,137,1,0,289,8,6,1,0,1,419,131,0,288
1996,"NEWTON",13217,499,155,1,0,343,10,5,1,0,4,489,150,0,339
1997,"NEWTON",13217,553,216,0,0,337,3,1,0,0,2,550,215,0,335
1998,"NEWTON",13217,523,209,1,0,313,7,5,1,0,1,516,204,0,312
1999,"NEWTON",13217,483,195,0,0,288,1,1,0,0,0,482,194,0,288
2000,"NEWTON",13217,535,180,2,0,353,7,4,2,0,1,528,176,0,352
2001,"NEWTON",13217,670,301,2,0,367,12,4,2,0,6,658,297,0,361
2002,"NEWTON",13217,826,374,1,0,451,23,14,1,0,8,803,360,0,443
2003,"NEWTON",13217,1061,510,1,0,550,26,10,0,0,16,1035,500,1,534
1990,"OCONEE",13219,43,16,0,0,27,1,1,0,0,0,42,15,0,27
1991,"OCONEE",13219,57,17,3,0,37,3,0,3,0,0,54,17,0,37
1992,"OCONEE",13219,48,22,1,0,25,1,0,1,0,0,47,22,0,25
1993,"OCONEE",13219,42,19,1,0,22,1,0,1,0,0,41,19,0,22
1994,"OCONEE",13219,43,23,0,0,20,0,0,0,0,0,43,23,0,20
1995,"OCONEE",13219,47,23,0,0,24,0,0,0,0,0,47,23,0,24
1996,"OCONEE",13219,59,23,0,2,34,3,1,0,2,0,56,22,0,34
1997,"OCONEE",13219,55,23,1,0,31,2,0,1,0,1,53,23,0,30
1998,"OCONEE",13219,58,27,0,0,31,1,1,0,0,0,57,26,0,31
1999,"OCONEE",13219,50,29,0,0,21,0,0,0,0,0,50,29,0,21
2000,"OCONEE",13219,57,30,0,0,27,2,2,0,0,0,55,28,0,27
2001,"OCONEE",13219,76,46,0,0,30,1,0,0,0,1,75,46,0,29
2002,"OCONEE",13219,62,40,0,0,22,3,3,0,0,0,59,37,0,22
2003,"OCONEE",13219,74,42,0,0,32,1,1,0,0,0,73,41,0,32
1990,"OGLETHORPE",13221,47,15,0,0,32,1,1,0,0,0,46,14,0,32
1991,"OGLETHORPE",13221,74,23,0,0,51,0,0,0,0,0,74,23,0,51
1992,"OGLETHORPE",13221,55,20,1,0,34,1,0,1,0,0,54,20,0,34
1993,"OGLETHORPE",13221,35,15,0,0,20,0,0,0,0,0,35,15,0,20
1994,"OGLETHORPE",13221,40,10,0,0,30,1,0,0,0,1,39,10,0,29
1995,"OGLETHORPE",13221,48,12,0,0,36,0,0,0,0,0,48,12,0,36
1996,"OGLETHORPE",13221,44,13,0,0,31,0,0,0,0,0,44,13,0,31
1997,"OGLETHORPE",13221,42,8,0,0,34,0,0,0,0,0,42,8,0,34
1998,"OGLETHORPE",13221,49,16,0,0,33,1,1,0,0,0,48,15,0,33
1999,"OGLETHORPE",13221,68,27,0,0,41,0,0,0,0,0,68,27,0,41
2000,"OGLETHORPE",13221,60,24,1,0,35,1,0,1,0,0,59,24,0,35
2001,"OGLETHORPE",13221,49,20,0,0,29,0,0,0,0,0,49,20,0,29
2002,"OGLETHORPE",13221,69,40,0,0,29,1,1,0,0,0,68,39,0,29
2003,"OGLETHORPE",13221,64,33,0,0,31,1,1,0,0,0,63,32,0,31
1990,"PAULDING",13223,297,176,2,0,119,55,33,2,0,20,242,143,0,99
1991,"PAULDING",13223,436,196,7,0,233,55,27,7,0,21,381,169,0,212
1992,"PAULDING",13223,325,152,5,0,168,27,14,4,0,9,298,138,1,159
1993,"PAULDING",13223,310,135,4,0,171,18,7,4,0,7,292,128,0,164
1994,"PAULDING",13223,313,125,1,0,187,19,10,0,0,9,294,115,1,178
1995,"PAULDING",13223,312,142,1,0,169,22,10,1,0,11,290,132,0,158
1996,"PAULDING",13223,381,170,1,0,210,8,4,1,0,3,373,166,0,207
1997,"PAULDING",13223,500,254,0,0,246,18,10,0,0,8,482,244,0,238
1998,"PAULDING",13223,548,293,0,0,255,2,2,0,0,0,546,291,0,255
1999,"PAULDING",13223,529,269,0,0,260,6,5,0,0,1,523,264,0,259
2000,"PAULDING",13223,567,269,2,0,296,9,4,2,0,3,558,265,0,293
2001,"PAULDING",13223,796,410,0,0,386,0,0,0,0,0,796,410,0,386
2002,"PAULDING",13223,931,516,0,0,415,1,1,0,0,0,930,515,0,415
2003,"PAULDING",13223,1104,649,0,0,455,10,9,0,0,1,1094,640,0,454
1990,"PEACH",13225,153,57,0,0,96,3,2,0,0,1,150,55,0,95
1991,"PEACH",13225,203,79,1,0,123,2,2,0,0,0,201,77,1,123
1992,"PEACH",13225,179,55,0,0,124,1,1,0,0,0,178,54,0,124
1993,"PEACH",13225,147,54,2,1,90,1,0,0,1,0,146,54,2,90
1994,"PEACH",13225,169,40,2,1,126,5,3,1,1,0,164,37,1,126
1995,"PEACH",13225,222,59,3,0,160,4,0,3,0,1,218,59,0,159
1996,"PEACH",13225,281,79,0,0,202,2,1,0,0,1,279,78,0,201
1997,"PEACH",13225,367,130,1,0,236,2,1,1,0,0,365,129,0,236
1998,"PEACH",13225,301,115,1,0,185,3,1,1,0,1,298,114,0,184
1999,"PEACH",13225,305,130,2,0,173,3,2,1,0,0,302,128,1,173
2000,"PEACH",13225,353,137,0,0,216,0,0,0,0,0,353,137,0,216
2001,"PEACH",13225,353,155,0,0,198,0,0,0,0,0,353,155,0,198
2002,"PEACH",13225,397,198,0,0,199,6,4,0,0,2,391,194,0,197
2003,"PEACH",13225,370,200,0,0,170,4,2,0,0,2,366,198,0,168
1990,"PICKENS",13227,48,25,1,0,22,2,1,1,0,0,46,24,0,22
1991,"PICKENS",13227,52,26,0,0,26,5,4,0,0,1,47,22,0,25
1992,"PICKENS",13227,65,36,1,0,28,2,1,1,0,0,63,35,0,28
1993,"PICKENS",13227,58,24,1,0,33,7,4,1,0,2,51,20,0,31
1994,"PICKENS",13227,66,27,0,0,39,3,3,0,0,0,63,24,0,39
1995,"PICKENS",13227,73,30,0,0,43,3,2,0,0,1,70,28,0,42
1996,"PICKENS",13227,78,36,0,0,42,2,1,0,0,1,76,35,0,41
1997,"PICKENS",13227,105,48,0,0,57,0,0,0,0,0,105,48,0,57
1998,"PICKENS",13227,104,53,0,0,51,1,0,0,0,1,103,53,0,50
1999,"PICKENS",13227,112,52,1,0,59,3,2,0,0,1,109,50,1,58
2000,"PICKENS",13227,106,53,0,0,53,4,2,0,0,2,102,51,0,51
2001,"PICKENS",13227,149,94,0,0,55,5,5,0,0,0,144,89,0,55
2002,"PICKENS",13227,179,130,2,0,47,4,2,2,0,0,175,128,0,47
2003,"PICKENS",13227,250,193,1,0,56,3,2,1,0,0,247,191,0,56
1990,"PIERCE",13229,84,32,1,0,51,1,0,1,0,0,83,32,0,51
1991,"PIERCE",13229,107,24,0,3,80,5,1,0,3,1,102,23,0,79
1992,"PIERCE",13229,91,17,1,0,73,10,2,1,0,7,81,15,0,66
1993,"PIERCE",13229,87,25,0,0,62,5,4,0,0,1,82,21,0,61
1994,"PIERCE",13229,82,19,0,0,63,1,0,0,0,1,81,19,0,62
1995,"PIERCE",13229,99,16,0,0,83,5,0,0,0,5,94,16,0,78
1996,"PIERCE",13229,138,21,0,0,117,6,0,0,0,6,132,21,0,111
1997,"PIERCE",13229,153,35,0,0,118,2,1,0,0,1,151,34,0,117
1998,"PIERCE",13229,131,19,0,0,112,3,0,0,0,3,128,19,0,109
1999,"PIERCE",13229,130,18,1,0,111,4,0,1,0,3,126,18,0,108
2000,"PIERCE",13229,203,28,2,0,173,8,3,1,0,4,195,25,1,169
2001,"PIERCE",13229,257,37,0,0,220,1,0,0,0,1,256,37,0,219
2002,"PIERCE",13229,306,44,1,0,261,1,0,1,0,0,305,44,0,261
2003,"PIERCE",13229,286,35,1,0,250,2,1,1,0,0,284,34,0,250
1990,"PIKE",13231,55,18,0,0,37,2,1,0,0,1,53,17,0,36
1991,"PIKE",13231,80,21,0,0,59,3,2,0,0,1,77,19,0,58
1992,"PIKE",13231,81,23,0,0,58,5,2,0,0,3,76,21,0,55
1993,"PIKE",13231,82,11,0,0,71,7,1,0,0,6,75,10,0,65
1994,"PIKE",13231,53,11,0,0,42,5,1,0,0,4,48,10,0,38
1995,"PIKE",13231,72,13,1,0,58,4,0,1,0,3,68,13,0,55
1996,"PIKE",13231,101,35,0,0,66,5,1,0,0,4,96,34,0,62
1997,"PIKE",13231,87,28,0,0,59,12,3,0,0,9,75,25,0,50
1998,"PIKE",13231,86,33,0,0,53,6,3,0,0,3,80,30,0,50
1999,"PIKE",13231,108,33,0,0,75,13,5,0,0,8,95,28,0,67
2000,"PIKE",13231,77,36,0,0,41,12,6,0,0,6,65,30,0,35
2001,"PIKE",13231,90,48,0,0,42,4,3,0,0,1,86,45,0,41
2002,"PIKE",13231,101,48,0,0,53,1,1,0,0,0,100,47,0,53
2003,"PIKE",13231,127,66,0,0,61,0,0,0,0,0,127,66,0,61
1990,"POLK",13233,217,102,0,0,115,24,12,0,0,12,193,90,0,103
1991,"POLK",13233,286,94,0,0,192,14,8,0,0,6,272,86,0,186
1992,"POLK",13233,238,82,2,0,154,12,6,2,0,4,226,76,0,150
1993,"POLK",13233,249,82,0,0,167,8,3,0,0,5,241,79,0,162
1994,"POLK",13233,258,69,2,0,187,20,7,2,0,11,238,62,0,176
1995,"POLK",13233,211,56,0,0,155,6,4,0,0,2,205,52,0,153
1996,"POLK",13233,271,78,0,0,193,5,4,0,0,1,266,74,0,192
1997,"POLK",13233,328,96,0,0,232,5,1,0,0,4,323,95,0,228
1998,"POLK",13233,330,80,0,0,250,3,1,0,0,2,327,79,0,248
1999,"POLK",13233,352,93,0,0,259,3,2,0,0,1,349,91,0,258
2000,"POLK",13233,312,81,0,0,231,0,0,0,0,0,312,81,0,231
2001,"POLK",13233,337,95,0,0,242,0,0,0,0,0,337,95,0,242
2002,"POLK",13233,392,159,1,0,232,0,0,0,0,0,392,159,1,232
2003,"POLK",13233,361,161,1,0,199,2,1,1,0,0,359,160,0,199
1990,"PULASKI",13235,74,18,2,0,54,2,0,2,0,0,72,18,0,54
1991,"PULASKI",13235,57,13,0,1,43,1,0,0,1,0,56,13,0,43
1992,"PULASKI",13235,53,14,1,2,36,3,0,1,2,0,50,14,0,36
1993,"PULASKI",13235,57,20,0,2,35,3,1,0,2,0,54,19,0,35
1994,"PULASKI",13235,60,17,0,0,43,0,0,0,0,0,60,17,0,43
1995,"PULASKI",13235,75,13,0,0,62,0,0,0,0,0,75,13,0,62
1996,"PULASKI",13235,92,21,1,0,70,1,0,1,0,0,91,21,0,70
1997,"PULASKI",13235,87,25,1,0,61,1,0,1,0,0,86,25,0,61
1998,"PULASKI",13235,101,32,0,1,68,1,0,0,1,0,100,32,0,68
1999,"PULASKI",13235,86,26,0,0,60,0,0,0,0,0,86,26,0,60
2000,"PULASKI",13235,72,27,0,0,45,1,1,0,0,0,71,26,0,45
2001,"PULASKI",13235,107,48,2,0,57,2,0,2,0,0,105,48,0,57
2002,"PULASKI",13235,103,41,0,1,61,3,2,0,1,0,100,39,0,61
2003,"PULASKI",13235,90,35,1,0,54,2,0,1,0,1,88,35,0,53
1990,"PUTNAM",13237,95,25,2,0,68,1,0,1,0,0,94,25,1,68
1991,"PUTNAM",13237,132,38,1,0,93,3,1,1,0,1,129,37,0,92
1992,"PUTNAM",13237,91,23,0,1,67,2,1,0,1,0,89,22,0,67
1993,"PUTNAM",13237,81,25,0,0,56,0,0,0,0,0,81,25,0,56
1994,"PUTNAM",13237,76,19,0,1,56,1,0,0,1,0,75,19,0,56
1995,"PUTNAM",13237,90,25,1,0,64,3,2,1,0,0,87,23,0,64
1996,"PUTNAM",13237,131,34,0,0,97,0,0,0,0,0,131,34,0,97
1997,"PUTNAM",13237,150,53,0,1,96,4,3,0,1,0,146,50,0,96
1998,"PUTNAM",13237,133,48,0,0,85,1,0,0,0,1,132,48,0,84
1999,"PUTNAM",13237,118,49,0,0,69,1,1,0,0,0,117,48,0,69
2000,"PUTNAM",13237,138,50,0,0,88,3,2,0,0,1,135,48,0,87
2001,"PUTNAM",13237,120,40,0,0,80,0,0,0,0,0,120,40,0,80
2002,"PUTNAM",13237,168,45,0,0,123,0,0,0,0,0,168,45,0,123
2003,"PUTNAM",13237,200,77,0,1,122,2,0,0,1,1,198,77,0,121
1990,"QUITMAN",13239,3,3,0,0,0,0,0,0,0,0,3,3,0,0
1991,"QUITMAN",13239,10,6,0,0,4,1,1,0,0,0,9,5,0,4
1992,"QUITMAN",13239,4,2,0,0,2,0,0,0,0,0,4,2,0,2
1993,"QUITMAN",13239,6,4,0,0,2,0,0,0,0,0,6,4,0,2
1994,"QUITMAN",13239,6,3,0,0,3,0,0,0,0,0,6,3,0,3
1995,"QUITMAN",13239,4,0,0,0,4,0,0,0,0,0,4,0,0,4
1996,"QUITMAN",13239,10,4,0,0,6,0,0,0,0,0,10,4,0,6
1997,"QUITMAN",13239,8,4,0,0,4,0,0,0,0,0,8,4,0,4
1998,"QUITMAN",13239,6,3,0,0,3,0,0,0,0,0,6,3,0,3
1999,"QUITMAN",13239,11,5,0,0,6,0,0,0,0,0,11,5,0,6
2000,"QUITMAN",13239,12,5,0,0,7,0,0,0,0,0,12,5,0,7
2001,"QUITMAN",13239,24,6,0,0,18,0,0,0,0,0,24,6,0,18
2002,"QUITMAN",13239,27,7,0,0,20,1,0,0,0,1,26,7,0,19
2003,"QUITMAN",13239,21,10,0,0,11,0,0,0,0,0,21,10,0,11
1990,"RABUN",13241,24,15,2,0,7,3,1,2,0,0,21,14,0,7
1991,"RABUN",13241,39,15,2,0,22,5,2,2,0,1,34,13,0,21
1992,"RABUN",13241,39,21,0,0,18,1,1,0,0,0,38,20,0,18
1993,"RABUN",13241,21,9,3,0,9,3,1,2,0,0,18,8,1,9
1994,"RABUN",13241,30,8,1,0,21,1,0,1,0,0,29,8,0,21
1995,"RABUN",13241,35,8,1,0,26,1,0,1,0,0,34,8,0,26
1996,"RABUN",13241,50,26,1,0,23,3,1,0,0,2,47,25,1,21
1997,"RABUN",13241,71,39,0,0,32,6,5,0,0,1,65,34,0,31
1998,"RABUN",13241,43,22,1,0,20,1,0,1,0,0,42,22,0,20
1999,"RABUN",13241,48,33,1,0,14,2,1,1,0,0,46,32,0,14
2000,"RABUN",13241,51,22,0,0,29,1,1,0,0,0,50,21,0,29
2001,"RABUN",13241,54,33,0,0,21,1,1,0,0,0,53,32,0,21
2002,"RABUN",13241,68,44,0,0,24,0,0,0,0,0,68,44,0,24
2003,"RABUN",13241,71,46,1,0,24,2,1,1,0,0,69,45,0,24
1990,"RANDOLPH",13243,17,8,1,2,6,3,0,1,2,0,14,8,0,6
1991,"RANDOLPH",13243,22,13,2,0,7,1,0,1,0,0,21,13,1,7
1992,"RANDOLPH",13243,17,9,0,1,7,3,2,0,1,0,14,7,0,7
1993,"RANDOLPH",13243,19,10,0,0,9,1,1,0,0,0,18,9,0,9
1994,"RANDOLPH",13243,10,1,0,0,9,0,0,0,0,0,10,1,0,9
1995,"RANDOLPH",13243,28,8,0,0,20,0,0,0,0,0,28,8,0,20
1996,"RANDOLPH",13243,51,19,1,1,30,2,0,1,1,0,49,19,0,30
1997,"RANDOLPH",13243,54,19,0,1,34,1,0,0,1,0,53,19,0,34
1998,"RANDOLPH",13243,58,20,0,0,38,1,1,0,0,0,57,19,0,38
1999,"RANDOLPH",13243,57,26,0,0,31,0,0,0,0,0,57,26,0,31
2000,"RANDOLPH",13243,58,26,0,0,32,0,0,0,0,0,58,26,0,32
2001,"RANDOLPH",13243,65,23,0,0,42,1,1,0,0,0,64,22,0,42
2002,"RANDOLPH",13243,70,25,0,0,45,2,2,0,0,0,68,23,0,45
2003,"RANDOLPH",13243,83,31,0,0,52,0,0,0,0,0,83,31,0,52
1990,"RICHMOND",13245,1506,443,15,0,1048,20,6,14,0,0,1486,437,1,1048
1991,"RICHMOND",13245,1521,471,8,1,1041,34,13,7,1,13,1487,458,1,1028
1992,"RICHMOND",13245,1460,532,12,0,916,115,72,12,0,31,1345,460,0,885
1993,"RICHMOND",13245,1359,466,5,0,888,50,28,4,0,18,1309,438,1,870
1994,"RICHMOND",13245,1205,385,4,0,816,52,25,4,0,23,1153,360,0,793
1995,"RICHMOND",13245,1383,439,3,0,941,50,23,3,0,24,1333,416,0,917
1996,"RICHMOND",13245,1729,510,1,0,1218,39,17,1,0,21,1690,493,0,1197
1997,"RICHMOND",13245,2072,712,7,0,1353,31,14,7,0,10,2041,698,0,1343
1998,"RICHMOND",13245,2022,725,3,0,1294,17,8,3,0,6,2005,717,0,1288
1999,"RICHMOND",13245,1862,697,1,0,1164,5,4,1,0,0,1857,693,0,1164
2000,"RICHMOND",13245,2009,767,3,0,1239,13,10,3,0,0,1996,757,0,1239
2001,"RICHMOND",13245,2491,987,2,0,1502,8,5,2,0,1,2483,982,0,1501
2002,"RICHMOND",13245,2724,1128,5,0,1591,25,11,5,0,9,2699,1117,0,1582
2003,"RICHMOND",13245,2884,1105,7,0,1772,33,16,7,0,10,2851,1089,0,1762
1990,"ROCKDALE",13247,387,210,5,0,172,27,19,2,0,6,360,191,3,166
1991,"ROCKDALE",13247,480,238,8,0,234,49,31,7,0,11,431,207,1,223
1992,"ROCKDALE",13247,398,207,1,0,190,38,29,1,0,8,360,178,0,182
1993,"ROCKDALE",13247,348,170,3,0,175,20,14,3,0,3,328,156,0,172
1994,"ROCKDALE",13247,354,161,1,0,192,14,8,1,0,5,340,153,0,187
1995,"ROCKDALE",13247,397,178,0,0,219,23,19,0,0,4,374,159,0,215
1996,"ROCKDALE",13247,409,193,2,0,214,21,12,2,0,7,388,181,0,207
1997,"ROCKDALE",13247,463,212,1,0,250,8,5,1,0,2,455,207,0,248
1998,"ROCKDALE",13247,497,243,2,0,252,12,6,2,0,4,485,237,0,248
1999,"ROCKDALE",13247,442,200,1,0,241,7,3,1,0,3,435,197,0,238
2000,"ROCKDALE",13247,483,210,4,0,269,8,4,4,0,0,475,206,0,269
2001,"ROCKDALE",13247,537,266,3,0,268,17,11,3,0,3,520,255,0,265
2002,"ROCKDALE",13247,587,297,1,0,289,20,11,1,0,8,567,286,0,281
2003,"ROCKDALE",13247,720,360,4,0,356,27,15,4,0,8,693,345,0,348
1990,"SCHLEY",13249,12,8,0,0,4,1,1,0,0,0,11,7,0,4
1991,"SCHLEY",13249,16,11,0,0,5,0,0,0,0,0,16,11,0,5
1992,"SCHLEY",13249,17,9,0,0,8,0,0,0,0,0,17,9,0,8
1993,"SCHLEY",13249,12,3,0,0,9,0,0,0,0,0,12,3,0,9
1994,"SCHLEY",13249,13,8,1,0,4,1,0,1,0,0,12,8,0,4
1995,"SCHLEY",13249,11,4,0,0,7,0,0,0,0,0,11,4,0,7
1996,"SCHLEY",13249,17,7,1,1,8,2,0,1,1,0,15,7,0,8
1997,"SCHLEY",13249,23,11,0,0,12,0,0,0,0,0,23,11,0,12
1998,"SCHLEY",13249,21,13,0,0,8,0,0,0,0,0,21,13,0,8
1999,"SCHLEY",13249,26,13,0,0,13,0,0,0,0,0,26,13,0,13
2000,"SCHLEY",13249,28,13,0,0,15,0,0,0,0,0,28,13,0,15
2001,"SCHLEY",13249,44,17,0,0,27,0,0,0,0,0,44,17,0,27
2002,"SCHLEY",13249,47,22,0,0,25,1,1,0,0,0,46,21,0,25
2003,"SCHLEY",13249,34,16,0,0,18,0,0,0,0,0,34,16,0,18
1990,"SCREVEN",13251,83,26,1,0,56,1,0,1,0,0,82,26,0,56
1991,"SCREVEN",13251,74,16,0,1,57,2,1,0,1,0,72,15,0,57
1992,"SCREVEN",13251,73,21,0,1,51,7,1,0,1,5,66,20,0,46
1993,"SCREVEN",13251,60,21,0,0,39,6,3,0,0,3,54,18,0,36
1994,"SCREVEN",13251,56,12,0,0,44,3,1,0,0,2,53,11,0,42
1995,"SCREVEN",13251,86,14,0,0,72,1,1,0,0,0,85,13,0,72
1996,"SCREVEN",13251,126,17,0,1,108,2,0,0,1,1,124,17,0,107
1997,"SCREVEN",13251,168,17,1,0,150,2,0,1,0,1,166,17,0,149
1998,"SCREVEN",13251,143,26,0,0,117,3,1,0,0,2,140,25,0,115
1999,"SCREVEN",13251,118,24,0,0,94,1,1,0,0,0,117,23,0,94
2000,"SCREVEN",13251,142,30,1,0,111,1,0,1,0,0,141,30,0,111
2001,"SCREVEN",13251,146,24,0,0,122,2,2,0,0,0,144,22,0,122
2002,"SCREVEN",13251,172,26,2,0,144,5,0,2,0,3,167,26,0,141
2003,"SCREVEN",13251,146,25,0,0,121,3,0,0,0,3,143,25,0,118
1990,"SEMINOLE",13253,34,26,1,4,3,5,0,1,4,0,29,26,0,3
1991,"SEMINOLE",13253,25,17,0,4,4,5,1,0,4,0,20,16,0,4
1992,"SEMINOLE",13253,29,22,0,1,6,2,1,0,1,0,27,21,0,6
1993,"SEMINOLE",13253,20,10,0,0,10,0,0,0,0,0,20,10,0,10
1994,"SEMINOLE",13253,27,15,1,3,8,5,0,1,3,1,22,15,0,7
1995,"SEMINOLE",13253,30,17,0,0,13,1,1,0,0,0,29,16,0,13
1996,"SEMINOLE",13253,34,15,0,1,18,1,0,0,1,0,33,15,0,18
1997,"SEMINOLE",13253,63,27,1,4,31,7,0,1,4,2,56,27,0,29
1998,"SEMINOLE",13253,74,42,0,2,30,3,0,0,2,1,71,42,0,29
1999,"SEMINOLE",13253,60,29,0,0,31,0,0,0,0,0,60,29,0,31
2000,"SEMINOLE",13253,58,28,3,0,27,4,1,3,0,0,54,27,0,27
2001,"SEMINOLE",13253,75,37,0,2,36,3,0,0,2,1,72,37,0,35
2002,"SEMINOLE",13253,74,36,0,0,38,0,0,0,0,0,74,36,0,38
2003,"SEMINOLE",13253,66,34,0,0,32,0,0,0,0,0,66,34,0,32
1990,"SPALDING",13255,498,140,5,0,353,35,19,4,0,12,463,121,1,341
1991,"SPALDING",13255,644,150,1,0,493,49,22,1,0,26,595,128,0,467
1992,"SPALDING",13255,491,99,6,0,386,36,4,6,0,26,455,95,0,360
1993,"SPALDING",13255,507,119,4,0,384,36,11,4,0,21,471,108,0,363
1994,"SPALDING",13255,506,112,2,0,392,40,10,2,0,28,466,102,0,364
1995,"SPALDING",13255,568,131,0,0,437,37,13,0,0,24,531,118,0,413
1996,"SPALDING",13255,618,119,1,0,498,43,5,1,0,37,575,114,0,461
1997,"SPALDING",13255,659,196,2,0,461,57,15,2,0,40,602,181,0,421
1998,"SPALDING",13255,684,206,2,0,476,51,14,2,0,35,633,192,0,441
1999,"SPALDING",13255,596,205,1,0,390,33,7,0,0,26,563,198,1,364
2000,"SPALDING",13255,559,185,0,1,373,33,12,0,1,20,526,173,0,353
2001,"SPALDING",13255,626,236,2,0,388,30,10,2,0,18,596,226,0,370
2002,"SPALDING",13255,625,245,1,0,379,8,4,1,0,3,617,241,0,376
2003,"SPALDING",13255,688,341,1,0,346,6,5,1,0,0,682,336,0,346
1990,"STEPHENS",13257,117,34,1,0,82,3,2,1,0,0,114,32,0,82
1991,"STEPHENS",13257,109,34,0,0,75,1,0,0,0,1,108,34,0,74
1992,"STEPHENS",13257,143,45,1,0,97,4,2,1,0,1,139,43,0,96
1993,"STEPHENS",13257,134,30,1,0,103,2,1,1,0,0,132,29,0,103
1994,"STEPHENS",13257,124,32,1,0,91,4,2,1,0,1,120,30,0,90
1995,"STEPHENS",13257,136,45,1,0,90,3,0,1,0,2,133,45,0,88
1996,"STEPHENS",13257,152,54,1,0,97,4,2,1,0,1,148,52,0,96
1997,"STEPHENS",13257,173,61,1,0,111,2,0,1,0,1,171,61,0,110
1998,"STEPHENS",13257,169,80,0,1,88,7,4,0,1,2,162,76,0,86
1999,"STEPHENS",13257,146,64,0,0,82,1,1,0,0,0,145,63,0,82
2000,"STEPHENS",13257,147,54,0,0,93,6,3,0,0,3,141,51,0,90
2001,"STEPHENS",13257,232,105,0,0,127,0,0,0,0,0,232,105,0,127
2002,"STEPHENS",13257,211,105,3,0,103,4,2,2,0,0,207,103,1,103
2003,"STEPHENS",13257,205,110,0,0,95,4,3,0,0,1,201,107,0,94
1990,"STEWART",13259,14,9,0,0,5,1,1,0,0,0,13,8,0,5
1991,"STEWART",13259,21,9,0,0,12,0,0,0,0,0,21,9,0,12
1992,"STEWART",13259,11,5,0,0,6,0,0,0,0,0,11,5,0,6
1993,"STEWART",13259,14,3,0,0,11,0,0,0,0,0,14,3,0,11
1994,"STEWART",13259,15,8,0,0,7,0,0,0,0,0,15,8,0,7
1995,"STEWART",13259,13,6,0,0,7,0,0,0,0,0,13,6,0,7
1996,"STEWART",13259,46,13,0,0,33,1,0,0,0,1,45,13,0,32
1997,"STEWART",13259,77,24,0,0,53,0,0,0,0,0,77,24,0,53
1998,"STEWART",13259,56,26,0,0,30,0,0,0,0,0,56,26,0,30
1999,"STEWART",13259,34,11,0,0,23,2,2,0,0,0,32,9,0,23
2000,"STEWART",13259,45,10,0,0,35,0,0,0,0,0,45,10,0,35
2001,"STEWART",13259,26,10,0,0,16,1,0,0,0,1,25,10,0,15
2002,"STEWART",13259,36,12,0,0,24,0,0,0,0,0,36,12,0,24
2003,"STEWART",13259,51,12,0,0,39,0,0,0,0,0,51,12,0,39
1990,"SUMTER",13261,111,59,0,0,52,3,1,0,0,2,108,58,0,50
1991,"SUMTER",13261,145,70,0,1,74,4,1,0,1,2,141,69,0,72
1992,"SUMTER",13261,152,79,3,0,70,2,0,2,0,0,150,79,1,70
1993,"SUMTER",13261,109,53,3,0,53,3,0,3,0,0,106,53,0,53
1994,"SUMTER",13261,83,35,1,1,46,3,0,1,1,1,80,35,0,45
1995,"SUMTER",13261,153,48,3,1,101,5,1,3,1,0,148,47,0,101
1996,"SUMTER",13261,207,73,1,1,132,3,0,1,1,1,204,73,0,131
1997,"SUMTER",13261,236,77,1,0,158,5,2,1,0,2,231,75,0,156
1998,"SUMTER",13261,246,107,0,4,135,5,1,0,4,0,241,106,0,135
1999,"SUMTER",13261,221,86,1,6,128,8,0,1,6,1,213,86,0,127
2000,"SUMTER",13261,270,102,0,0,168,3,2,0,0,1,267,100,0,167
2001,"SUMTER",13261,305,110,0,1,194,3,2,0,1,0,302,108,0,194
2002,"SUMTER",13261,339,144,4,0,191,6,0,4,0,2,333,144,0,189
2003,"SUMTER",13261,337,128,1,1,207,2,0,1,1,0,335,128,0,207
1990,"TALBOT",13263,28,13,0,0,15,0,0,0,0,0,28,13,0,15
1991,"TALBOT",13263,37,18,0,0,19,1,1,0,0,0,36,17,0,19
1992,"TALBOT",13263,35,11,1,0,23,1,0,1,0,0,34,11,0,23
1993,"TALBOT",13263,28,5,0,0,23,0,0,0,0,0,28,5,0,23
1994,"TALBOT",13263,30,11,0,0,19,0,0,0,0,0,30,11,0,19
1995,"TALBOT",13263,40,9,0,0,31,0,0,0,0,0,40,9,0,31
1996,"TALBOT",13263,62,15,0,0,47,1,1,0,0,0,61,14,0,47
1997,"TALBOT",13263,68,15,1,0,52,1,0,1,0,0,67,15,0,52
1998,"TALBOT",13263,46,7,0,0,39,0,0,0,0,0,46,7,0,39
1999,"TALBOT",13263,57,22,0,0,35,0,0,0,0,0,57,22,0,35
2000,"TALBOT",13263,62,19,0,0,43,1,1,0,0,0,61,18,0,43
2001,"TALBOT",13263,114,40,0,0,74,1,1,0,0,0,113,39,0,74
2002,"TALBOT",13263,85,32,0,0,53,0,0,0,0,0,85,32,0,53
2003,"TALBOT",13263,104,35,0,0,69,1,1,0,0,0,103,34,0,69
1990,"TALIAFERRO",13265,6,2,0,1,3,1,0,0,1,0,5,2,0,3
1991,"TALIAFERRO",13265,11,1,0,0,10,0,0,0,0,0,11,1,0,10
1992,"TALIAFERRO",13265,8,2,0,0,6,0,0,0,0,0,8,2,0,6
1993,"TALIAFERRO",13265,9,3,0,0,6,0,0,0,0,0,9,3,0,6
1994,"TALIAFERRO",13265,4,0,0,0,4,0,0,0,0,0,4,0,0,4
1995,"TALIAFERRO",13265,13,4,0,0,9,0,0,0,0,0,13,4,0,9
1996,"TALIAFERRO",13265,24,6,0,1,17,1,0,0,1,0,23,6,0,17
1997,"TALIAFERRO",13265,18,8,0,0,10,0,0,0,0,0,18,8,0,10
1998,"TALIAFERRO",13265,27,9,0,0,18,0,0,0,0,0,27,9,0,18
1999,"TALIAFERRO",13265,23,4,0,0,19,0,0,0,0,0,23,4,0,19
2000,"TALIAFERRO",13265,30,6,0,0,24,0,0,0,0,0,30,6,0,24
2001,"TALIAFERRO",13265,15,6,0,0,9,0,0,0,0,0,15,6,0,9
2002,"TALIAFERRO",13265,21,6,0,0,15,0,0,0,0,0,21,6,0,15
2003,"TALIAFERRO",13265,42,11,0,0,31,0,0,0,0,0,42,11,0,31
1990,"TATTNALL",13267,58,37,0,4,17,5,1,0,4,0,53,36,0,17
1991,"TATTNALL",13267,67,28,1,4,34,6,1,1,4,0,61,27,0,34
1992,"TATTNALL",13267,74,23,0,1,50,6,1,0,1,4,68,22,0,46
1993,"TATTNALL",13267,72,21,0,2,49,9,2,0,2,5,63,19,0,44
1994,"TATTNALL",13267,62,16,3,1,42,9,3,3,1,2,53,13,0,40
1995,"TATTNALL",13267,82,17,0,0,65,1,0,0,0,1,81,17,0,64
1996,"TATTNALL",13267,102,28,0,2,72,8,1,0,2,5,94,27,0,67
1997,"TATTNALL",13267,120,37,2,1,80,6,0,2,1,3,114,37,0,77
1998,"TATTNALL",13267,123,29,4,0,90,6,1,4,0,1,117,28,0,89
1999,"TATTNALL",13267,123,40,1,1,81,2,0,1,1,0,121,40,0,81
2000,"TATTNALL",13267,124,36,0,0,88,1,1,0,0,0,123,35,0,88
2001,"TATTNALL",13267,136,40,2,0,94,2,0,2,0,0,134,40,0,94
2002,"TATTNALL",13267,157,47,0,1,109,7,4,0,1,2,150,43,0,107
2003,"TATTNALL",13267,174,57,0,1,116,3,2,0,1,0,171,55,0,116
1990,"TAYLOR",13269,17,5,0,0,12,0,0,0,0,0,17,5,0,12
1991,"TAYLOR",13269,26,6,0,0,20,0,0,0,0,0,26,6,0,20
1992,"TAYLOR",13269,37,12,0,0,25,0,0,0,0,0,37,12,0,25
1993,"TAYLOR",13269,34,11,0,0,23,0,0,0,0,0,34,11,0,23
1994,"TAYLOR",13269,39,13,0,1,25,1,0,0,1,0,38,13,0,25
1995,"TAYLOR",13269,51,10,0,0,41,1,0,0,0,1,50,10,0,40
1996,"TAYLOR",13269,68,19,0,1,48,1,0,0,1,0,67,19,0,48
1997,"TAYLOR",13269,63,20,0,0,43,1,1,0,0,0,62,19,0,43
1998,"TAYLOR",13269,74,24,0,0,50,0,0,0,0,0,74,24,0,50
1999,"TAYLOR",13269,62,25,0,0,37,1,1,0,0,0,61,24,0,37
2000,"TAYLOR",13269,58,17,0,0,41,0,0,0,0,0,58,17,0,41
2001,"TAYLOR",13269,64,17,2,1,44,3,0,2,1,0,61,17,0,44
2002,"TAYLOR",13269,65,23,0,0,42,0,0,0,0,0,65,23,0,42
2003,"TAYLOR",13269,59,23,0,0,36,0,0,0,0,0,59,23,0,36
1990,"TELFAIR",13271,38,12,1,1,24,2,0,1,1,0,36,12,0,24
1991,"TELFAIR",13271,56,12,1,0,43,5,1,1,0,3,51,11,0,40
1992,"TELFAIR",13271,57,21,0,2,34,8,3,0,2,3,49,18,0,31
1993,"TELFAIR",13271,59,14,0,0,45,2,2,0,0,0,57,12,0,45
1994,"TELFAIR",13271,52,7,2,0,43,4,1,2,0,1,48,6,0,42
1995,"TELFAIR",13271,85,10,1,0,74,2,0,1,0,1,83,10,0,73
1996,"TELFAIR",13271,105,7,1,0,97,2,0,0,0,2,103,7,1,95
1997,"TELFAIR",13271,109,12,0,2,95,2,0,0,2,0,107,12,0,95
1998,"TELFAIR",13271,97,11,0,1,85,4,1,0,1,2,93,10,0,83
1999,"TELFAIR",13271,101,16,2,0,83,1,0,1,0,0,100,16,1,83
2000,"TELFAIR",13271,97,12,0,0,85,0,0,0,0,0,97,12,0,85
2001,"TELFAIR",13271,127,32,0,0,95,0,0,0,0,0,127,32,0,95
2002,"TELFAIR",13271,108,23,0,2,83,3,1,0,2,0,105,22,0,83
2003,"TELFAIR",13271,103,19,0,0,84,2,2,0,0,0,101,17,0,84
1990,"TERRELL",13273,41,28,1,4,8,6,1,1,4,0,35,27,0,8
1991,"TERRELL",13273,32,24,0,0,8,0,0,0,0,0,32,24,0,8
1992,"TERRELL",13273,43,21,0,1,21,1,0,0,1,0,42,21,0,21
1993,"TERRELL",13273,35,16,1,0,18,1,0,1,0,0,34,16,0,18
1994,"TERRELL",13273,43,13,0,0,30,2,2,0,0,0,41,11,0,30
1995,"TERRELL",13273,66,20,0,0,46,0,0,0,0,0,66,20,0,46
1996,"TERRELL",13273,104,19,0,0,85,1,0,0,0,1,103,19,0,84
1997,"TERRELL",13273,109,37,0,0,72,2,2,0,0,0,107,35,0,72
1998,"TERRELL",13273,115,31,0,0,84,0,0,0,0,0,115,31,0,84
1999,"TERRELL",13273,117,32,1,1,83,4,1,1,1,1,113,31,0,82
2000,"TERRELL",13273,116,39,0,1,76,4,1,0,1,2,112,38,0,74
2001,"TERRELL",13273,128,36,0,0,92,0,0,0,0,0,128,36,0,92
2002,"TERRELL",13273,154,49,0,1,104,1,0,0,1,0,153,49,0,104
2003,"TERRELL",13273,131,47,0,0,84,1,1,0,0,0,130,46,0,84
1990,"THOMAS",13275,108,90,1,0,17,9,8,1,0,0,99,82,0,17
1991,"THOMAS",13275,137,109,3,4,21,9,3,2,4,0,128,106,1,21
1992,"THOMAS",13275,126,100,1,3,22,5,2,0,3,0,121,98,1,22
1993,"THOMAS",13275,126,78,2,4,42,14,5,2,4,3,112,73,0,39
1994,"THOMAS",13275,138,73,0,0,65,0,0,0,0,0,138,73,0,65
1995,"THOMAS",13275,155,67,1,2,85,4,1,1,2,0,151,66,0,85
1996,"THOMAS",13275,216,105,2,2,107,6,1,2,2,1,210,104,0,106
1997,"THOMAS",13275,267,137,0,3,127,8,2,0,3,3,259,135,0,124
1998,"THOMAS",13275,237,101,0,0,136,2,1,0,0,1,235,100,0,135
1999,"THOMAS",13275,279,113,0,0,166,2,2,0,0,0,277,111,0,166
2000,"THOMAS",13275,290,114,0,1,175,1,0,0,1,0,289,114,0,175
2001,"THOMAS",13275,364,159,1,0,204,1,0,1,0,0,363,159,0,204
2002,"THOMAS",13275,329,157,0,0,172,0,0,0,0,0,329,157,0,172
2003,"THOMAS",13275,371,178,0,0,193,1,1,0,0,0,370,177,0,193
1990,"TIFT",13277,205,142,2,3,58,8,3,2,3,0,197,139,0,58
1991,"TIFT",13277,194,120,1,0,73,2,1,1,0,0,192,119,0,73
1992,"TIFT",13277,171,99,3,3,66,6,0,3,3,0,165,99,0,66
1993,"TIFT",13277,117,66,2,1,48,3,1,1,1,0,114,65,1,48
1994,"TIFT",13277,115,64,2,0,49,2,0,2,0,0,113,64,0,49
1995,"TIFT",13277,151,62,0,1,88,2,1,0,1,0,149,61,0,88
1996,"TIFT",13277,238,105,2,0,131,3,1,2,0,0,235,104,0,131
1997,"TIFT",13277,303,135,0,1,167,1,0,0,1,0,302,135,0,167
1998,"TIFT",13277,285,129,1,0,155,3,2,1,0,0,282,127,0,155
1999,"TIFT",13277,296,123,1,0,172,2,1,0,0,1,294,122,1,171
2000,"TIFT",13277,323,150,2,0,171,3,0,1,0,2,320,150,1,169
2001,"TIFT",13277,345,164,1,1,179,5,0,1,1,3,340,164,0,176
2002,"TIFT",13277,417,208,2,1,206,3,0,2,1,0,414,208,0,206
2003,"TIFT",13277,381,191,0,2,188,6,2,0,2,2,375,189,0,186
1990,"TOOMBS",13279,109,41,4,1,63,4,0,3,1,0,105,41,1,63
1991,"TOOMBS",13279,117,41,1,0,75,4,1,1,0,2,113,40,0,73
1992,"TOOMBS",13279,105,51,1,0,53,16,5,1,0,10,89,46,0,43
1993,"TOOMBS",13279,86,32,1,1,52,9,2,1,1,5,77,30,0,47
1994,"TOOMBS",13279,94,23,2,0,69,6,2,2,0,2,88,21,0,67
1995,"TOOMBS",13279,89,31,0,0,58,6,4,0,0,2,83,27,0,56
1996,"TOOMBS",13279,144,45,1,0,98,11,8,0,0,3,133,37,1,95
1997,"TOOMBS",13279,167,49,1,0,117,3,1,1,0,1,164,48,0,116
1998,"TOOMBS",13279,181,74,0,0,107,3,0,0,0,3,178,74,0,104
1999,"TOOMBS",13279,190,57,0,0,133,2,2,0,0,0,188,55,0,133
2000,"TOOMBS",13279,159,60,2,0,97,3,1,2,0,0,156,59,0,97
2001,"TOOMBS",13279,180,75,1,0,104,2,1,1,0,0,178,74,0,104
2002,"TOOMBS",13279,200,80,1,0,119,6,2,1,0,3,194,78,0,116
2003,"TOOMBS",13279,198,84,0,0,114,4,2,0,0,2,194,82,0,112
1990,"TOWNS",13281,20,9,0,0,11,0,0,0,0,0,20,9,0,11
1991,"TOWNS",13281,14,5,1,0,8,1,0,1,0,0,13,5,0,8
1992,"TOWNS",13281,9,7,0,0,2,1,1,0,0,0,8,6,0,2
1993,"TOWNS",13281,15,9,0,0,6,0,0,0,0,0,15,9,0,6
1994,"TOWNS",13281,18,10,0,0,8,0,0,0,0,0,18,10,0,8
1995,"TOWNS",13281,18,8,1,0,9,1,0,1,0,0,17,8,0,9
1996,"TOWNS",13281,22,13,0,0,9,0,0,0,0,0,22,13,0,9
1997,"TOWNS",13281,29,17,0,0,12,5,2,0,0,3,24,15,0,9
1998,"TOWNS",13281,31,18,1,0,12,2,0,0,0,2,29,18,1,10
1999,"TOWNS",13281,22,12,1,0,9,1,0,1,0,0,21,12,0,9
2000,"TOWNS",13281,28,11,0,0,17,1,1,0,0,0,27,10,0,17
2001,"TOWNS",13281,32,19,0,0,13,1,0,0,0,1,31,19,0,12
2002,"TOWNS",13281,34,27,0,0,7,1,1,0,0,0,33,26,0,7
2003,"TOWNS",13281,38,33,0,0,5,1,1,0,0,0,37,32,0,5
1990,"TREUTLEN",13283,17,6,0,0,11,1,1,0,0,0,16,5,0,11
1991,"TREUTLEN",13283,24,2,1,0,21,1,0,1,0,0,23,2,0,21
1992,"TREUTLEN",13283,14,2,0,0,12,2,0,0,0,2,12,2,0,10
1993,"TREUTLEN",13283,17,4,0,0,13,1,0,0,0,1,16,4,0,12
1994,"TREUTLEN",13283,14,3,0,0,11,0,0,0,0,0,14,3,0,11
1995,"TREUTLEN",13283,22,5,0,0,17,1,0,0,0,1,21,5,0,16
1996,"TREUTLEN",13283,35,8,0,0,27,1,1,0,0,0,34,7,0,27
1997,"TREUTLEN",13283,30,12,0,0,18,0,0,0,0,0,30,12,0,18
1998,"TREUTLEN",13283,29,7,0,0,22,0,0,0,0,0,29,7,0,22
1999,"TREUTLEN",13283,41,6,0,0,35,0,0,0,0,0,41,6,0,35
2000,"TREUTLEN",13283,31,7,0,0,24,0,0,0,0,0,31,7,0,24
2001,"TREUTLEN",13283,50,13,0,0,37,1,0,0,0,1,49,13,0,36
2002,"TREUTLEN",13283,56,18,0,0,38,1,0,0,0,1,55,18,0,37
2003,"TREUTLEN",13283,43,15,0,1,27,2,1,0,1,0,41,14,0,27
1990,"TROUP",13285,462,140,8,0,314,43,18,8,0,17,419,122,0,297
1991,"TROUP",13285,616,117,2,0,497,31,14,2,0,15,585,103,0,482
1992,"TROUP",13285,585,139,1,0,445,40,15,1,0,24,545,124,0,421
1993,"TROUP",13285,499,98,1,0,400,34,12,1,0,21,465,86,0,379
1994,"TROUP",13285,503,94,8,0,401,37,6,8,0,23,466,88,0,378
1995,"TROUP",13285,515,113,2,0,400,29,9,2,0,18,486,104,0,382
1996,"TROUP",13285,740,142,3,0,595,35,5,3,0,27,705,137,0,568
1997,"TROUP",13285,760,178,1,0,581,52,12,1,0,39,708,166,0,542
1998,"TROUP",13285,695,198,0,0,497,35,10,0,0,25,660,188,0,472
1999,"TROUP",13285,672,187,0,0,485,21,12,0,0,9,651,175,0,476
2000,"TROUP",13285,686,206,3,0,477,18,6,3,0,9,668,200,0,468
2001,"TROUP",13285,718,218,2,0,498,18,7,2,0,9,700,211,0,489
2002,"TROUP",13285,774,300,2,0,472,17,9,2,0,6,757,291,0,466
2003,"TROUP",13285,771,300,2,0,469,8,5,2,0,1,763,295,0,468
1990,"TURNER",13287,37,27,0,0,10,0,0,0,0,0,37,27,0,10
1991,"TURNER",13287,25,18,0,2,5,2,0,0,2,0,23,18,0,5
1992,"TURNER",13287,26,14,0,1,11,1,0,0,1,0,25,14,0,11
1993,"TURNER",13287,41,22,0,1,18,3,2,0,1,0,38,20,0,18
1994,"TURNER",13287,39,19,1,0,19,1,0,1,0,0,38,19,0,19
1995,"TURNER",13287,46,26,0,2,18,2,0,0,2,0,44,26,0,18
1996,"TURNER",13287,71,32,0,0,39,0,0,0,0,0,71,32,0,39
1997,"TURNER",13287,77,35,1,4,37,5,0,0,4,1,72,35,1,36
1998,"TURNER",13287,81,32,1,2,46,5,1,1,2,1,76,31,0,45
1999,"TURNER",13287,104,35,1,5,63,6,0,1,5,0,98,35,0,63
2000,"TURNER",13287,111,44,0,0,67,1,1,0,0,0,110,43,0,67
2001,"TURNER",13287,107,42,1,0,64,1,0,1,0,0,106,42,0,64
2002,"TURNER",13287,105,50,0,0,55,1,1,0,0,0,104,49,0,55
2003,"TURNER",13287,93,49,0,0,44,1,0,0,0,1,92,49,0,43
1990,"TWIGGS",13289,51,13,0,0,38,0,0,0,0,0,51,13,0,38
1991,"TWIGGS",13289,56,14,0,0,42,0,0,0,0,0,56,14,0,42
1992,"TWIGGS",13289,43,10,0,0,33,0,0,0,0,0,43,10,0,33
1993,"TWIGGS",13289,59,15,0,0,44,0,0,0,0,0,59,15,0,44
1994,"TWIGGS",13289,38,8,0,0,30,0,0,0,0,0,38,8,0,30
1995,"TWIGGS",13289,71,15,0,0,56,0,0,0,0,0,71,15,0,56
1996,"TWIGGS",13289,78,17,0,0,61,0,0,0,0,0,78,17,0,61
1997,"TWIGGS",13289,83,20,0,0,63,0,0,0,0,0,83,20,0,63
1998,"TWIGGS",13289,71,17,0,0,54,0,0,0,0,0,71,17,0,54
1999,"TWIGGS",13289,87,25,0,0,62,0,0,0,0,0,87,25,0,62
2000,"TWIGGS",13289,83,24,0,0,59,0,0,0,0,0,83,24,0,59
2001,"TWIGGS",13289,101,29,0,0,72,1,1,0,0,0,100,28,0,72
2002,"TWIGGS",13289,110,31,0,0,79,2,1,0,0,1,108,30,0,78
2003,"TWIGGS",13289,129,44,0,0,85,1,0,0,0,1,128,44,0,84
1990,"UNION",13291,31,15,1,0,15,1,0,1,0,0,30,15,0,15
1991,"UNION",13291,35,18,0,0,17,1,1,0,0,0,34,17,0,17
1992,"UNION",13291,23,16,0,0,7,1,1,0,0,0,22,15,0,7
1993,"UNION",13291,27,15,0,0,12,0,0,0,0,0,27,15,0,12
1994,"UNION",13291,29,8,1,0,20,2,1,1,0,0,27,7,0,20
1995,"UNION",13291,32,13,0,0,19,2,1,0,0,1,30,12,0,18
1996,"UNION",13291,37,16,0,0,21,1,0,0,0,1,36,16,0,20
1997,"UNION",13291,60,41,0,0,19,2,1,0,0,1,58,40,0,18
1998,"UNION",13291,63,30,1,0,32,2,1,0,0,1,61,29,1,31
1999,"UNION",13291,62,42,0,0,20,1,1,0,0,0,61,41,0,20
2000,"UNION",13291,66,34,2,0,30,1,0,1,0,0,65,34,1,30
2001,"UNION",13291,48,32,1,0,15,2,1,1,0,0,46,31,0,15
2002,"UNION",13291,46,34,0,0,12,0,0,0,0,0,46,34,0,12
2003,"UNION",13291,60,50,0,0,10,0,0,0,0,0,60,50,0,10
1990,"UPSON",13293,147,36,0,0,111,1,1,0,0,0,146,35,0,111
1991,"UPSON",13293,195,28,0,1,166,2,0,0,1,1,193,28,0,165
1992,"UPSON",13293,170,34,0,0,136,4,0,0,0,4,166,34,0,132
1993,"UPSON",13293,190,23,1,0,166,7,1,1,0,5,183,22,0,161
1994,"UPSON",13293,177,32,0,0,145,7,0,0,0,7,170,32,0,138
1995,"UPSON",13293,242,47,0,0,195,5,2,0,0,3,237,45,0,192
1996,"UPSON",13293,266,49,0,0,217,4,0,0,0,4,262,49,0,213
1997,"UPSON",13293,244,47,0,0,197,11,3,0,0,8,233,44,0,189
1998,"UPSON",13293,160,44,0,0,116,0,0,0,0,0,160,44,0,116
1999,"UPSON",13293,134,35,0,0,99,2,0,0,0,2,132,35,0,97
2000,"UPSON",13293,214,76,0,0,138,4,1,0,0,3,210,75,0,135
2001,"UPSON",13293,246,75,1,0,170,2,0,1,0,1,244,75,0,169
2002,"UPSON",13293,278,104,0,0,174,2,1,0,0,1,276,103,0,173
2003,"UPSON",13293,257,99,0,0,158,2,2,0,0,0,255,97,0,158
1990,"WALKER",13295,583,192,0,0,391,10,6,0,0,4,573,186,0,387
1991,"WALKER",13295,728,250,1,0,477,15,11,1,0,3,713,239,0,474
1992,"WALKER",13295,615,214,0,0,401,16,10,0,0,6,599,204,0,395
1993,"WALKER",13295,526,168,0,0,358,11,8,0,0,3,515,160,0,355
1994,"WALKER",13295,565,168,0,0,397,14,8,0,0,6,551,160,0,391
1995,"WALKER",13295,635,180,0,0,455,7,4,0,0,3,628,176,0,452
1996,"WALKER",13295,715,246,1,0,468,10,6,1,0,3,705,240,0,465
1997,"WALKER",13295,814,268,4,0,542,17,8,3,0,6,797,260,1,536
1998,"WALKER",13295,729,242,0,0,487,8,7,0,0,1,721,235,0,486
1999,"WALKER",13295,662,218,1,0,443,6,3,1,0,2,656,215,0,441
2000,"WALKER",13295,694,241,2,0,451,4,1,2,0,1,690,240,0,450
2001,"WALKER",13295,935,354,0,0,581,3,3,0,0,0,932,351,0,581
2002,"WALKER",13295,891,369,0,0,522,1,1,0,0,0,890,368,0,522
2003,"WALKER",13295,1019,449,2,0,568,2,1,1,0,0,1017,448,1,568
1990,"WALTON",13297,251,135,3,3,110,9,3,2,3,1,242,132,1,109
1991,"WALTON",13297,386,168,3,0,215,3,1,2,0,0,383,167,1,215
1992,"WALTON",13297,280,131,1,0,148,2,1,1,0,0,278,130,0,148
1993,"WALTON",13297,232,108,2,0,122,1,1,0,0,0,231,107,2,122
1994,"WALTON",13297,218,82,2,0,134,1,0,1,0,0,217,82,1,134
1995,"WALTON",13297,270,107,1,0,162,3,2,1,0,0,267,105,0,162
1996,"WALTON",13297,355,128,0,0,227,7,5,0,0,2,348,123,0,225
1997,"WALTON",13297,435,188,2,2,243,6,2,2,2,0,429,186,0,243
1998,"WALTON",13297,347,154,3,0,190,5,2,3,0,0,342,152,0,190
1999,"WALTON",13297,371,163,0,1,207,7,4,0,1,2,364,159,0,205
2000,"WALTON",13297,360,174,1,0,185,3,2,1,0,0,357,172,0,185
2001,"WALTON",13297,446,214,1,0,231,2,1,1,0,0,444,213,0,231
2002,"WALTON",13297,476,262,0,0,214,4,4,0,0,0,472,258,0,214
2003,"WALTON",13297,588,333,1,1,253,5,3,0,1,1,583,330,1,252
1990,"WARE",13299,245,72,1,0,172,2,1,1,0,0,243,71,0,172
1991,"WARE",13299,319,72,0,0,247,5,3,0,0,2,314,69,0,245
1992,"WARE",13299,236,41,1,0,194,10,3,1,0,6,226,38,0,188
1993,"WARE",13299,211,45,1,0,165,13,5,0,0,8,198,40,1,157
1994,"WARE",13299,241,38,0,0,203,5,2,0,0,3,236,36,0,200
1995,"WARE",13299,270,29,0,1,240,12,2,0,1,9,258,27,0,231
1996,"WARE",13299,365,44,0,0,321,8,3,0,0,5,357,41,0,316
1997,"WARE",13299,366,55,1,1,309,6,3,1,1,1,360,52,0,308
1998,"WARE",13299,358,70,0,0,288,1,0,0,0,1,357,70,0,287
1999,"WARE",13299,330,53,0,0,277,4,1,0,0,3,326,52,0,274
2000,"WARE",13299,532,53,1,0,478,4,2,1,0,1,528,51,0,477
2001,"WARE",13299,632,74,6,0,552,7,0,6,0,1,625,74,0,551
2002,"WARE",13299,609,72,0,0,537,0,0,0,0,0,609,72,0,537
2003,"WARE",13299,738,71,1,0,666,1,0,1,0,0,737,71,0,666
1990,"WARREN",13301,34,6,0,1,27,1,0,0,1,0,33,6,0,27
1991,"WARREN",13301,52,7,0,1,44,1,0,0,1,0,51,7,0,44
1992,"WARREN",13301,25,1,0,0,24,0,0,0,0,0,25,1,0,24
1993,"WARREN",13301,33,5,0,0,28,1,0,0,0,1,32,5,0,27
1994,"WARREN",13301,32,3,1,0,28,1,0,1,0,0,31,3,0,28
1995,"WARREN",13301,28,7,0,0,21,0,0,0,0,0,28,7,0,21
1996,"WARREN",13301,48,9,0,0,39,0,0,0,0,0,48,9,0,39
1997,"WARREN",13301,83,11,2,0,70,6,2,2,0,2,77,9,0,68
1998,"WARREN",13301,81,14,0,0,67,0,0,0,0,0,81,14,0,67
1999,"WARREN",13301,67,7,0,0,60,0,0,0,0,0,67,7,0,60
2000,"WARREN",13301,75,10,0,0,65,0,0,0,0,0,75,10,0,65
2001,"WARREN",13301,93,16,0,0,77,0,0,0,0,0,93,16,0,77
2002,"WARREN",13301,72,9,0,0,63,0,0,0,0,0,72,9,0,63
2003,"WARREN",13301,81,18,0,0,63,0,0,0,0,0,81,18,0,63
1990,"WASHINGTON",13303,105,31,2,0,72,4,2,2,0,0,101,29,0,72
1991,"WASHINGTON",13303,101,19,0,1,81,2,1,0,1,0,99,18,0,81
1992,"WASHINGTON",13303,116,23,0,2,91,2,0,0,2,0,114,23,0,91
1993,"WASHINGTON",13303,103,24,0,0,79,0,0,0,0,0,103,24,0,79
1994,"WASHINGTON",13303,84,18,0,2,64,2,0,0,2,0,82,18,0,64
1995,"WASHINGTON",13303,112,24,0,0,88,0,0,0,0,0,112,24,0,88
1996,"WASHINGTON",13303,149,29,3,0,117,4,1,3,0,0,145,28,0,117
1997,"WASHINGTON",13303,147,23,0,0,124,2,2,0,0,0,145,21,0,124
1998,"WASHINGTON",13303,145,27,1,0,117,1,0,1,0,0,144,27,0,117
1999,"WASHINGTON",13303,145,39,1,0,105,1,0,1,0,0,144,39,0,105
2000,"WASHINGTON",13303,160,43,0,0,117,2,2,0,0,0,158,41,0,117
2001,"WASHINGTON",13303,167,64,0,0,103,1,1,0,0,0,166,63,0,103
2002,"WASHINGTON",13303,147,38,0,0,109,3,1,0,0,2,144,37,0,107
2003,"WASHINGTON",13303,186,56,1,0,129,3,1,1,0,1,183,55,0,128
1990,"WAYNE",13305,156,26,0,0,130,1,1,0,0,0,155,25,0,130
1991,"WAYNE",13305,166,22,3,1,140,10,4,3,1,2,156,18,0,138
1992,"WAYNE",13305,147,30,1,0,116,11,5,1,0,5,136,25,0,111
1993,"WAYNE",13305,156,15,1,0,140,6,3,1,0,2,150,12,0,138
1994,"WAYNE",13305,142,29,1,0,112,5,0,1,0,4,137,29,0,108
1995,"WAYNE",13305,210,23,1,0,186,8,0,0,0,8,202,23,1,178
1996,"WAYNE",13305,271,21,1,0,249,19,1,1,0,17,252,20,0,232
1997,"WAYNE",13305,294,33,0,0,261,4,1,0,0,3,290,32,0,258
1998,"WAYNE",13305,266,42,1,1,222,5,2,1,1,1,261,40,0,221
1999,"WAYNE",13305,242,33,1,0,208,5,1,1,0,3,237,32,0,205
2000,"WAYNE",13305,289,38,2,0,249,7,3,2,0,2,282,35,0,247
2001,"WAYNE",13305,327,65,1,1,260,5,1,1,1,2,322,64,0,258
2002,"WAYNE",13305,310,73,0,0,237,1,1,0,0,0,309,72,0,237
2003,"WAYNE",13305,351,79,0,0,272,1,1,0,0,0,350,78,0,272
1990,"WEBSTER",13307,6,3,1,0,2,1,0,1,0,0,5,3,0,2
1991,"WEBSTER",13307,4,1,0,1,2,1,0,0,1,0,3,1,0,2
1992,"WEBSTER",13307,11,6,0,0,5,0,0,0,0,0,11,6,0,5
1993,"WEBSTER",13307,11,4,0,4,3,4,0,0,4,0,7,4,0,3
1994,"WEBSTER",13307,1,0,0,0,1,0,0,0,0,0,1,0,0,1
1995,"WEBSTER",13307,7,1,0,0,6,0,0,0,0,0,7,1,0,6
1996,"WEBSTER",13307,7,0,0,0,7,0,0,0,0,0,7,0,0,7
1997,"WEBSTER",13307,8,4,0,0,4,0,0,0,0,0,8,4,0,4
1998,"WEBSTER",13307,16,7,0,0,9,0,0,0,0,0,16,7,0,9
1999,"WEBSTER",13307,15,9,0,0,6,0,0,0,0,0,15,9,0,6
2000,"WEBSTER",13307,8,4,0,0,4,0,0,0,0,0,8,4,0,4
2001,"WEBSTER",13307,17,5,0,0,12,0,0,0,0,0,17,5,0,12
2002,"WEBSTER",13307,22,5,0,0,17,0,0,0,0,0,22,5,0,17
2003,"WEBSTER",13307,16,4,0,0,12,0,0,0,0,0,16,4,0,12
1990,"WHEELER",13309,16,2,0,0,14,0,0,0,0,0,16,2,0,14
1991,"WHEELER",13309,17,3,0,0,14,1,0,0,0,1,16,3,0,13
1992,"WHEELER",13309,20,5,2,0,13,2,0,2,0,0,18,5,0,13
1993,"WHEELER",13309,25,6,0,1,18,3,0,0,1,2,22,6,0,16
1994,"WHEELER",13309,17,3,0,0,14,2,0,0,0,2,15,3,0,12
1995,"WHEELER",13309,24,8,0,0,16,0,0,0,0,0,24,8,0,16
1996,"WHEELER",13309,28,5,0,0,23,0,0,0,0,0,28,5,0,23
1997,"WHEELER",13309,41,10,0,1,30,4,1,0,1,2,37,9,0,28
1998,"WHEELER",13309,42,8,0,0,34,1,1,0,0,0,41,7,0,34
1999,"WHEELER",13309,25,9,0,0,16,0,0,0,0,0,25,9,0,16
2000,"WHEELER",13309,39,9,0,0,30,0,0,0,0,0,39,9,0,30
2001,"WHEELER",13309,41,6,0,0,35,0,0,0,0,0,41,6,0,35
2002,"WHEELER",13309,30,5,0,0,25,0,0,0,0,0,30,5,0,25
2003,"WHEELER",13309,36,7,1,0,28,0,0,0,0,0,36,7,1,28
1990,"WHITE",13311,58,30,3,0,25,3,2,1,0,0,55,28,2,25
1991,"WHITE",13311,49,23,1,0,25,7,5,1,0,1,42,18,0,24
1992,"WHITE",13311,50,25,0,0,25,1,1,0,0,0,49,24,0,25
1993,"WHITE",13311,57,25,3,0,29,4,2,2,0,0,53,23,1,29
1994,"WHITE",13311,61,23,0,0,38,3,1,0,0,2,58,22,0,36
1995,"WHITE",13311,61,18,2,0,41,4,0,2,0,2,57,18,0,39
1996,"WHITE",13311,90,37,0,0,53,4,4,0,0,0,86,33,0,53
1997,"WHITE",13311,108,40,0,0,68,1,1,0,0,0,107,39,0,68
1998,"WHITE",13311,112,47,0,0,65,6,2,0,0,4,106,45,0,61
1999,"WHITE",13311,99,47,2,0,50,0,0,0,0,0,99,47,2,50
2000,"WHITE",13311,122,46,0,0,76,3,2,0,0,1,119,44,0,75
2001,"WHITE",13311,144,71,1,0,72,6,5,1,0,0,138,66,0,72
2002,"WHITE",13311,150,84,0,0,66,2,2,0,0,0,148,82,0,66
2003,"WHITE",13311,146,89,1,1,55,3,1,1,1,0,143,88,0,55
1990,"WHITFIELD",13313,562,210,6,0,346,75,37,6,0,32,487,173,0,314
1991,"WHITFIELD",13313,625,230,11,0,384,47,25,11,0,11,578,205,0,373
1992,"WHITFIELD",13313,629,225,4,0,400,30,16,4,0,10,599,209,0,390
1993,"WHITFIELD",13313,602,220,3,0,379,21,12,3,0,6,581,208,0,373
1994,"WHITFIELD",13313,576,205,4,0,367,28,19,4,0,5,548,186,0,362
1995,"WHITFIELD",13313,571,186,4,0,381,18,7,4,0,7,553,179,0,374
1996,"WHITFIELD",13313,774,291,3,0,480,11,7,3,0,1,763,284,0,479
1997,"WHITFIELD",13313,905,340,11,0,554,20,9,9,0,2,885,331,2,552
1998,"WHITFIELD",13313,827,313,4,0,510,10,7,2,0,1,817,306,2,509
1999,"WHITFIELD",13313,778,308,2,0,468,10,7,2,0,1,768,301,0,467
2000,"WHITFIELD",13313,783,309,4,0,470,8,3,4,0,1,775,306,0,469
2001,"WHITFIELD",13313,893,391,4,0,498,11,5,4,0,2,882,386,0,496
2002,"WHITFIELD",13313,912,473,1,0,438,10,7,1,0,2,902,466,0,436
2003,"WHITFIELD",13313,902,492,1,0,409,8,4,1,0,3,894,488,0,406
1990,"WILCOX",13315,19,5,0,0,14,0,0,0,0,0,19,5,0,14
1991,"WILCOX",13315,27,5,0,0,22,0,0,0,0,0,27,5,0,22
1992,"WILCOX",13315,25,11,0,1,13,1,0,0,1,0,24,11,0,13
1993,"WILCOX",13315,17,6,0,2,9,3,0,0,2,1,14,6,0,8
1994,"WILCOX",13315,20,12,0,2,6,3,1,0,2,0,17,11,0,6
1995,"WILCOX",13315,38,21,0,0,17,0,0,0,0,0,38,21,0,17
1996,"WILCOX",13315,39,21,0,3,15,3,0,0,3,0,36,21,0,15
1997,"WILCOX",13315,45,15,0,5,25,5,0,0,5,0,40,15,0,25
1998,"WILCOX",13315,67,31,0,4,32,4,0,0,4,0,63,31,0,32
1999,"WILCOX",13315,53,29,1,1,22,2,0,1,1,0,51,29,0,22
2000,"WILCOX",13315,60,32,0,1,27,2,1,0,1,0,58,31,0,27
2001,"WILCOX",13315,48,20,1,2,25,5,0,1,2,2,43,20,0,23
2002,"WILCOX",13315,59,37,0,0,22,1,1,0,0,0,58,36,0,22
2003,"WILCOX",13315,66,32,0,1,33,3,2,0,1,0,63,30,0,33
1990,"WILKES",13317,27,8,0,0,19,0,0,0,0,0,27,8,0,19
1991,"WILKES",13317,45,13,1,0,31,1,0,1,0,0,44,13,0,31
1992,"WILKES",13317,38,14,0,0,24,1,0,0,0,1,37,14,0,23
1993,"WILKES",13317,38,6,0,0,32,4,0,0,0,4,34,6,0,28
1994,"WILKES",13317,47,11,0,0,36,2,1,0,0,1,45,10,0,35
1995,"WILKES",13317,59,14,0,0,45,1,1,0,0,0,58,13,0,45
1996,"WILKES",13317,67,27,1,0,39,4,2,1,0,1,63,25,0,38
1997,"WILKES",13317,100,30,0,0,70,2,0,0,0,2,98,30,0,68
1998,"WILKES",13317,63,20,0,0,43,0,0,0,0,0,63,20,0,43
1999,"WILKES",13317,73,20,0,0,53,0,0,0,0,0,73,20,0,53
2000,"WILKES",13317,79,32,0,0,47,0,0,0,0,0,79,32,0,47
2001,"WILKES",13317,91,18,0,0,73,0,0,0,0,0,91,18,0,73
2002,"WILKES",13317,96,24,0,0,72,1,1,0,0,0,95,23,0,72
2003,"WILKES",13317,115,48,0,0,67,2,1,0,0,1,113,47,0,66
1990,"WILKINSON",13319,79,26,1,0,52,1,0,1,0,0,78,26,0,52
1991,"WILKINSON",13319,122,34,0,0,88,0,0,0,0,0,122,34,0,88
1992,"WILKINSON",13319,113,19,0,0,94,0,0,0,0,0,113,19,0,94
1993,"WILKINSON",13319,101,17,0,0,84,0,0,0,0,0,101,17,0,84
1994,"WILKINSON",13319,90,17,0,1,72,2,1,0,1,0,88,16,0,72
1995,"WILKINSON",13319,123,20,0,0,103,1,0,0,0,1,122,20,0,102
1996,"WILKINSON",13319,134,26,0,0,108,0,0,0,0,0,134,26,0,108
1997,"WILKINSON",13319,139,32,0,0,107,2,1,0,0,1,137,31,0,106
1998,"WILKINSON",13319,140,28,0,0,112,3,3,0,0,0,137,25,0,112
1999,"WILKINSON",13319,124,27,0,0,97,3,0,0,0,3,121,27,0,94
2000,"WILKINSON",13319,131,35,0,0,96,2,1,0,0,1,129,34,0,95
2001,"WILKINSON",13319,165,45,0,1,119,2,0,0,1,1,163,45,0,118
2002,"WILKINSON",13319,169,52,0,0,117,0,0,0,0,0,169,52,0,117
2003,"WILKINSON",13319,147,47,0,0,100,1,1,0,0,0,146,46,0,100
1990,"WORTH",13321,58,41,0,0,17,1,1,0,0,0,57,40,0,17
1991,"WORTH",13321,67,44,0,1,22,2,1,0,1,0,65,43,0,22
1992,"WORTH",13321,82,48,0,0,34,2,2,0,0,0,80,46,0,34
1993,"WORTH",13321,64,34,0,0,30,1,1,0,0,0,63,33,0,30
1994,"WORTH",13321,61,29,0,0,32,0,0,0,0,0,61,29,0,32
1995,"WORTH",13321,88,36,0,0,52,0,0,0,0,0,88,36,0,52
1996,"WORTH",13321,131,52,1,0,78,1,0,0,0,1,130,52,1,77
1997,"WORTH",13321,136,57,0,0,79,1,0,0,0,1,135,57,0,78
1998,"WORTH",13321,175,78,1,2,94,4,0,1,2,1,171,78,0,93
1999,"WORTH",13321,161,65,0,0,96,2,2,0,0,0,159,63,0,96
2000,"WORTH",13321,184,73,0,1,110,2,0,0,1,1,182,73,0,109
2001,"WORTH",13321,258,117,0,1,140,1,0,0,1,0,257,117,0,140
2002,"WORTH",13321,218,87,0,0,131,0,0,0,0,0,218,87,0,131
2003,"WORTH",13321,211,105,1,0,105,2,1,1,0,0,209,104,0,105
1994,"COLUMBUS",13510,1,0,0,0,1,0,0,0,0,0,1,0,0,1
1990,"HAWAII",15001,88,79,4,0,5,11,6,4,0,1,77,73,0,4
1991,"HAWAII",15001,94,85,4,0,5,9,5,4,0,0,85,80,0,5
1992,"HAWAII",15001,170,159,6,0,5,24,19,5,0,0,146,140,1,5
1993,"HAWAII",15001,182,162,5,0,15,24,16,4,0,4,158,146,1,11
1994,"HAWAII",15001,170,150,6,2,12,23,13,6,2,2,147,137,0,10
1995,"HAWAII",15001,225,204,3,0,18,30,24,3,0,3,195,180,0,15
1996,"HAWAII",15001,279,255,5,0,19,24,18,5,0,1,255,237,0,18
1997,"HAWAII",15001,408,372,5,0,31,20,14,3,0,3,388,358,2,28
1998,"HAWAII",15001,555,525,0,0,30,9,8,0,0,1,546,517,0,29
1999,"HAWAII",15001,430,402,3,0,25,16,13,3,0,0,414,389,0,25
2000,"HAWAII",15001,348,307,3,0,38,8,7,0,0,1,340,300,3,37
2001,"HAWAII",15001,392,356,3,0,33,8,5,3,0,0,384,351,0,33
2002,"HAWAII",15001,366,333,1,0,32,3,2,1,0,0,363,331,0,32
2003,"HAWAII",15001,367,324,3,0,40,6,4,1,0,1,361,320,2,39
1990,"HONOLULU",15003,677,575,33,0,69,56,31,25,0,0,621,544,8,69
1991,"HONOLULU",15003,849,769,23,0,57,58,37,21,0,0,791,732,2,57
1992,"HONOLULU",15003,1025,910,51,0,64,102,54,46,0,2,923,856,5,62
1993,"HONOLULU",15003,1088,988,44,0,56,135,89,40,0,6,953,899,4,50
1994,"HONOLULU",15003,1174,1051,44,0,79,108,62,40,0,6,1066,989,4,73
1995,"HONOLULU",15003,1416,1289,23,0,104,83,56,21,0,6,1333,1233,2,98
1996,"HONOLULU",15003,2241,1994,44,0,203,123,73,37,0,13,2118,1921,7,190
1997,"HONOLULU",15003,3217,2819,39,0,359,132,84,36,0,12,3085,2735,3,347
1998,"HONOLULU",15003,4218,3783,23,0,411,69,46,20,0,2,4149,3737,3,409
1999,"HONOLULU",15003,4087,3659,23,0,405,58,31,23,0,3,4030,3628,0,402
2000,"HONOLULU",15003,3467,3051,23,0,393,41,26,14,0,1,3426,3025,9,392
2001,"HONOLULU",15003,3862,3436,14,0,412,44,31,12,0,1,3818,3405,2,411
2002,"HONOLULU",15003,3333,2940,16,0,376,40,24,15,0,0,3293,2916,1,376
2003,"HONOLULU",15003,2772,2363,31,0,378,56,27,29,0,0,2716,2336,2,378
1990,"KAUAI",15007,47,44,1,0,2,1,0,1,0,0,46,44,0,2
1991,"KAUAI",15007,49,44,3,0,2,3,0,3,0,0,46,44,0,2
1992,"KAUAI",15007,61,52,7,0,2,12,6,6,0,0,49,46,1,2
1993,"KAUAI",15007,63,60,0,0,3,3,3,0,0,0,60,57,0,3
1994,"KAUAI",15007,73,66,4,0,3,8,5,3,0,0,65,61,1,3
1995,"KAUAI",15007,99,92,4,0,3,12,9,2,0,1,87,83,2,2
1996,"KAUAI",15007,144,133,2,0,9,17,14,1,0,2,127,119,1,7
1997,"KAUAI",15007,232,216,2,0,14,16,13,2,0,1,216,203,0,13
1998,"KAUAI",15007,267,246,1,0,20,16,13,1,0,2,251,233,0,18
1999,"KAUAI",15007,231,216,2,0,13,7,4,2,0,1,224,212,0,12
2000,"KAUAI",15007,169,164,0,0,5,0,0,0,0,0,169,164,0,5
2001,"KAUAI",15007,178,166,1,0,11,3,2,1,0,0,175,164,0,11
2002,"KAUAI",15007,199,187,1,0,11,6,5,1,0,0,193,182,0,11
2003,"KAUAI",15007,189,179,0,0,10,1,0,0,0,1,188,179,0,9
1990,"MAUI",15009,80,71,4,0,5,10,6,4,0,0,70,65,0,5
1991,"MAUI",15009,111,107,1,0,3,6,5,1,0,0,105,102,0,3
1992,"MAUI",15009,166,150,8,0,8,20,11,8,0,1,146,139,0,7
1993,"MAUI",15009,163,150,5,0,8,27,22,5,0,0,136,128,0,8
1994,"MAUI",15009,184,171,5,0,8,18,13,4,0,1,166,158,1,7
1995,"MAUI",15009,292,269,5,1,17,33,26,5,1,1,259,243,0,16
1996,"MAUI",15009,435,396,6,0,33,25,19,6,0,0,410,377,0,33
1997,"MAUI",15009,606,548,5,0,53,20,12,5,0,3,586,536,0,50
1998,"MAUI",15009,786,727,3,0,56,18,15,3,0,0,768,712,0,56
1999,"MAUI",15009,677,613,8,0,56,14,7,7,0,0,663,606,1,56
2000,"MAUI",15009,554,505,4,0,45,11,8,3,0,0,543,497,1,45
2001,"MAUI",15009,603,547,5,0,51,12,6,5,0,1,591,541,0,50
2002,"MAUI",15009,577,535,1,0,41,4,3,1,0,0,573,532,0,41
2003,"MAUI",15009,465,426,5,0,34,9,4,5,0,0,456,422,0,34
1990,"ADA",16001,1087,589,18,3,477,92,44,16,3,29,995,545,2,448
1991,"ADA",16001,1222,698,18,0,506,52,27,18,0,7,1170,671,0,499
1992,"ADA",16001,1186,699,18,2,467,106,43,15,2,46,1080,656,3,421
1993,"ADA",16001,965,554,17,0,394,109,47,16,0,46,856,507,1,348
1994,"ADA",16001,889,538,12,0,339,85,47,11,0,27,804,491,1,312
1995,"ADA",16001,1210,751,10,1,448,112,43,10,1,58,1098,708,0,390
1996,"ADA",16001,1690,1136,10,0,544,123,58,10,0,55,1567,1078,0,489
1997,"ADA",16001,1938,1365,5,3,565,127,77,4,3,43,1811,1288,1,522
1998,"ADA",16001,2025,1337,5,0,683,98,51,5,0,42,1927,1286,0,641
1999,"ADA",16001,1880,1289,11,0,580,83,47,10,0,26,1797,1242,1,554
2000,"ADA",16001,1756,1261,9,2,484,52,35,7,2,8,1704,1226,2,476
2001,"ADA",16001,2168,1662,83,0,423,126,40,81,0,5,2042,1622,2,418
2002,"ADA",16001,2396,1890,78,0,428,121,35,76,0,10,2275,1855,2,418
2003,"ADA",16001,2466,2124,8,0,334,24,17,7,0,0,2442,2107,1,334
1990,"ADAMS",16003,11,10,1,0,0,2,1,1,0,0,9,9,0,0
1991,"ADAMS",16003,9,6,0,0,3,0,0,0,0,0,9,6,0,3
1992,"ADAMS",16003,11,6,0,0,5,3,0,0,0,3,8,6,0,2
1993,"ADAMS",16003,10,6,0,0,4,0,0,0,0,0,10,6,0,4
1994,"ADAMS",16003,4,4,0,0,0,1,1,0,0,0,3,3,0,0
1995,"ADAMS",16003,7,5,0,1,1,1,0,0,1,0,6,5,0,1
1996,"ADAMS",16003,11,7,0,0,4,0,0,0,0,0,11,7,0,4
1997,"ADAMS",16003,15,11,0,0,4,1,1,0,0,0,14,10,0,4
1998,"ADAMS",16003,7,5,0,0,2,0,0,0,0,0,7,5,0,2
1999,"ADAMS",16003,14,9,0,0,5,0,0,0,0,0,14,9,0,5
2000,"ADAMS",16003,21,18,0,0,3,0,0,0,0,0,21,18,0,3
2001,"ADAMS",16003,11,10,0,0,1,0,0,0,0,0,11,10,0,1
2002,"ADAMS",16003,8,8,0,0,0,0,0,0,0,0,8,8,0,0
2003,"ADAMS",16003,20,17,0,0,3,0,0,0,0,0,20,17,0,3
1990,"BANNOCK",16005,260,196,2,1,61,16,10,2,1,3,244,186,0,58
1991,"BANNOCK",16005,252,187,1,1,63,4,2,1,1,0,248,185,0,63
1992,"BANNOCK",16005,241,177,5,0,59,21,8,2,0,11,220,169,3,48
1993,"BANNOCK",16005,229,169,2,0,58,27,10,2,0,15,202,159,0,43
1994,"BANNOCK",16005,207,174,2,0,31,25,17,2,0,6,182,157,0,25
1995,"BANNOCK",16005,204,171,0,0,33,11,7,0,0,4,193,164,0,29
1996,"BANNOCK",16005,248,195,2,1,50,16,9,2,1,4,232,186,0,46
1997,"BANNOCK",16005,381,300,4,3,74,21,9,3,3,6,360,291,1,68
1998,"BANNOCK",16005,459,381,3,1,74,21,13,3,1,4,438,368,0,70
1999,"BANNOCK",16005,426,377,2,1,46,10,7,2,1,0,416,370,0,46
2000,"BANNOCK",16005,405,337,1,3,64,23,8,1,3,11,382,329,0,53
2001,"BANNOCK",16005,446,384,4,0,58,26,14,4,0,8,420,370,0,50
2002,"BANNOCK",16005,437,370,2,0,65,18,10,2,0,6,419,360,0,59
2003,"BANNOCK",16005,495,403,0,1,91,20,16,0,1,3,475,387,0,88
1990,"BEAR LAKE",16007,13,10,0,0,3,1,0,0,0,1,12,10,0,2
1991,"BEAR LAKE",16007,12,7,0,1,4,2,1,0,1,0,10,6,0,4
1992,"BEAR LAKE",16007,14,9,1,1,3,7,2,1,1,3,7,7,0,0
1993,"BEAR LAKE",16007,11,10,1,0,0,3,2,1,0,0,8,8,0,0
1994,"BEAR LAKE",16007,12,10,2,0,0,3,1,2,0,0,9,9,0,0
1995,"BEAR LAKE",16007,11,10,0,0,1,1,0,0,0,1,10,10,0,0
1996,"BEAR LAKE",16007,19,13,1,0,5,3,1,1,0,1,16,12,0,4
1997,"BEAR LAKE",16007,16,12,0,0,4,1,0,0,0,1,15,12,0,3
1998,"BEAR LAKE",16007,17,14,0,0,3,1,0,0,0,1,16,14,0,2
1999,"BEAR LAKE",16007,16,13,0,0,3,1,0,0,0,1,15,13,0,2
2000,"BEAR LAKE",16007,15,11,0,0,4,1,0,0,0,1,14,11,0,3
2001,"BEAR LAKE",16007,28,21,0,0,7,2,2,0,0,0,26,19,0,7
2002,"BEAR LAKE",16007,23,18,0,0,5,1,0,0,0,1,22,18,0,4
2003,"BEAR LAKE",16007,24,14,0,0,10,1,0,0,0,1,23,14,0,9
1990,"BENEWAH",16009,38,17,1,0,20,4,2,1,0,1,34,15,0,19
1991,"BENEWAH",16009,44,24,0,0,20,1,0,0,0,1,43,24,0,19
1992,"BENEWAH",16009,33,20,0,0,13,2,0,0,0,2,31,20,0,11
1993,"BENEWAH",16009,38,25,1,0,12,3,1,1,0,1,35,24,0,11
1994,"BENEWAH",16009,36,26,0,0,10,1,1,0,0,0,35,25,0,10
1995,"BENEWAH",16009,28,21,0,0,7,2,2,0,0,0,26,19,0,7
1996,"BENEWAH",16009,27,18,0,0,9,3,2,0,0,1,24,16,0,8
1997,"BENEWAH",16009,47,38,0,0,9,3,2,0,0,1,44,36,0,8
1998,"BENEWAH",16009,51,42,1,0,8,5,2,1,0,2,46,40,0,6
1999,"BENEWAH",16009,52,45,0,0,7,0,0,0,0,0,52,45,0,7
2000,"BENEWAH",16009,37,31,0,0,6,0,0,0,0,0,37,31,0,6
2001,"BENEWAH",16009,73,68,0,0,5,0,0,0,0,0,73,68,0,5
2002,"BENEWAH",16009,68,63,1,0,4,2,1,1,0,0,66,62,0,4
2003,"BENEWAH",16009,75,69,0,0,6,1,1,0,0,0,74,68,0,6
1990,"BINGHAM",16011,96,70,2,3,21,11,3,2,3,3,85,67,0,18
1991,"BINGHAM",16011,98,77,2,3,16,6,1,2,3,0,92,76,0,16
1992,"BINGHAM",16011,93,73,0,3,17,7,4,0,3,0,86,69,0,17
1993,"BINGHAM",16011,99,70,2,5,22,13,4,2,5,2,86,66,0,20
1994,"BINGHAM",16011,87,60,1,4,22,12,6,1,4,1,75,54,0,21
1995,"BINGHAM",16011,96,79,0,1,16,7,5,0,1,1,89,74,0,15
1996,"BINGHAM",16011,136,106,0,1,29,5,2,0,1,2,131,104,0,27
1997,"BINGHAM",16011,198,168,1,8,21,21,8,1,8,4,177,160,0,17
1998,"BINGHAM",16011,210,171,1,8,30,13,3,1,8,1,197,168,0,29
1999,"BINGHAM",16011,171,151,3,1,16,10,5,2,1,2,161,146,1,14
2000,"BINGHAM",16011,216,187,1,2,26,12,4,1,2,5,204,183,0,21
2001,"BINGHAM",16011,231,200,5,0,26,16,11,5,0,0,215,189,0,26
2002,"BINGHAM",16011,248,226,1,0,21,4,2,1,0,1,244,224,0,20
2003,"BINGHAM",16011,242,214,1,0,27,4,2,1,0,1,238,212,0,26
1990,"BLAINE",16013,35,26,2,1,6,6,4,1,1,0,29,22,1,6
1991,"BLAINE",16013,28,19,3,0,6,4,1,3,0,0,24,18,0,6
1992,"BLAINE",16013,44,35,3,0,6,12,6,3,0,3,32,29,0,3
1993,"BLAINE",16013,28,24,0,1,3,4,2,0,1,1,24,22,0,2
1994,"BLAINE",16013,36,29,0,0,7,2,1,0,0,1,34,28,0,6
1995,"BLAINE",16013,24,19,1,1,3,4,2,1,1,0,20,17,0,3
1996,"BLAINE",16013,38,30,2,0,6,5,4,1,0,0,33,26,1,6
1997,"BLAINE",16013,50,40,3,0,7,11,6,2,0,3,39,34,1,4
1998,"BLAINE",16013,52,45,1,0,6,7,4,1,0,2,45,41,0,4
1999,"BLAINE",16013,52,43,1,0,8,3,1,1,0,1,49,42,0,7
2000,"BLAINE",16013,44,37,0,1,6,4,2,0,1,1,40,35,0,5
2001,"BLAINE",16013,49,44,1,0,4,2,1,1,0,0,47,43,0,4
2002,"BLAINE",16013,54,51,1,0,2,4,3,1,0,0,50,48,0,2
2003,"BLAINE",16013,54,49,0,0,5,1,1,0,0,0,53,48,0,5
1990,"BOISE",16015,11,5,1,0,5,1,0,1,0,0,10,5,0,5
1991,"BOISE",16015,15,7,0,0,8,0,0,0,0,0,15,7,0,8
1992,"BOISE",16015,18,10,2,0,6,5,0,2,0,3,13,10,0,3
1993,"BOISE",16015,15,10,0,0,5,1,0,0,0,1,14,10,0,4
1994,"BOISE",16015,14,6,0,0,8,2,1,0,0,1,12,5,0,7
1995,"BOISE",16015,21,6,0,0,15,2,0,0,0,2,19,6,0,13
1996,"BOISE",16015,24,16,0,0,8,2,2,0,0,0,22,14,0,8
1997,"BOISE",16015,14,10,0,0,4,0,0,0,0,0,14,10,0,4
1998,"BOISE",16015,22,16,0,0,6,2,0,0,0,2,20,16,0,4
1999,"BOISE",16015,21,16,0,0,5,1,0,0,0,1,20,16,0,4
2000,"BOISE",16015,22,18,0,0,4,0,0,0,0,0,22,18,0,4
2001,"BOISE",16015,24,16,2,0,6,2,1,1,0,0,22,15,1,6
2002,"BOISE",16015,26,22,0,0,4,0,0,0,0,0,26,22,0,4
2003,"BOISE",16015,42,33,0,0,9,1,1,0,0,0,41,32,0,9
1990,"BONNER",16017,77,45,3,0,29,9,4,3,0,2,68,41,0,27
1991,"BONNER",16017,87,59,2,0,26,6,3,2,0,1,81,56,0,25
1992,"BONNER",16017,93,59,5,0,29,26,12,5,0,9,67,47,0,20
1993,"BONNER",16017,80,63,0,0,17,11,7,0,0,4,69,56,0,13
1994,"BONNER",16017,55,45,0,0,10,8,6,0,0,2,47,39,0,8
1995,"BONNER",16017,75,59,1,0,15,9,7,1,0,1,66,52,0,14
1996,"BONNER",16017,134,108,3,1,22,13,9,2,1,1,121,99,1,21
1997,"BONNER",16017,165,139,9,0,17,36,19,9,0,8,129,120,0,9
1998,"BONNER",16017,179,160,3,0,16,13,10,3,0,0,166,150,0,16
1999,"BONNER",16017,144,135,0,0,9,11,11,0,0,0,133,124,0,9
2000,"BONNER",16017,146,134,1,0,11,7,6,1,0,0,139,128,0,11
2001,"BONNER",16017,189,176,1,0,12,5,1,1,0,3,184,175,0,9
2002,"BONNER",16017,202,175,1,0,26,9,8,1,0,0,193,167,0,26
2003,"BONNER",16017,228,208,0,0,20,7,6,0,0,1,221,202,0,19
1990,"BONNEVILLE",16019,259,187,3,0,69,18,12,3,0,3,241,175,0,66
1991,"BONNEVILLE",16019,217,168,5,3,41,18,10,5,3,0,199,158,0,41
1992,"BONNEVILLE",16019,248,201,2,2,43,35,23,2,2,8,213,178,0,35
1993,"BONNEVILLE",16019,195,149,2,5,39,20,9,2,5,4,175,140,0,35
1994,"BONNEVILLE",16019,206,163,3,2,38,22,10,3,2,7,184,153,0,31
1995,"BONNEVILLE",16019,262,212,1,1,48,27,18,1,1,7,235,194,0,41
1996,"BONNEVILLE",16019,335,276,1,2,56,34,21,1,2,10,301,255,0,46
1997,"BONNEVILLE",16019,439,361,3,3,72,50,28,3,3,16,389,333,0,56
1998,"BONNEVILLE",16019,450,361,10,2,77,26,10,9,2,5,424,351,1,72
1999,"BONNEVILLE",16019,403,319,2,0,82,17,7,2,0,8,386,312,0,74
2000,"BONNEVILLE",16019,451,389,1,0,61,13,8,1,0,4,438,381,0,57
2001,"BONNEVILLE",16019,477,438,0,0,39,9,6,0,0,3,468,432,0,36
2002,"BONNEVILLE",16019,476,417,1,0,58,6,5,0,0,1,470,412,1,57
2003,"BONNEVILLE",16019,525,452,3,0,70,20,10,3,0,7,505,442,0,63
1990,"BOUNDARY",16021,19,8,0,0,11,2,0,0,0,2,17,8,0,9
1991,"BOUNDARY",16021,8,6,0,0,2,0,0,0,0,0,8,6,0,2
1992,"BOUNDARY",16021,19,12,1,0,6,3,2,1,0,0,16,10,0,6
1993,"BOUNDARY",16021,7,6,0,0,1,0,0,0,0,0,7,6,0,1
1994,"BOUNDARY",16021,11,10,0,0,1,2,1,0,0,1,9,9,0,0
1995,"BOUNDARY",16021,19,13,0,0,6,5,4,0,0,1,14,9,0,5
1996,"BOUNDARY",16021,25,22,0,0,3,0,0,0,0,0,25,22,0,3
1997,"BOUNDARY",16021,40,33,2,0,5,6,3,2,0,1,34,30,0,4
1998,"BOUNDARY",16021,30,25,1,0,4,2,1,1,0,0,28,24,0,4
1999,"BOUNDARY",16021,38,37,0,0,1,0,0,0,0,0,38,37,0,1
2000,"BOUNDARY",16021,31,29,1,0,1,1,0,1,0,0,30,29,0,1
2001,"BOUNDARY",16021,28,26,0,0,2,1,1,0,0,0,27,25,0,2
2002,"BOUNDARY",16021,46,36,1,0,9,0,0,0,0,0,46,36,1,9
2003,"BOUNDARY",16021,57,52,1,0,4,3,2,1,0,0,54,50,0,4
1990,"BUTTE",16023,12,7,0,0,5,0,0,0,0,0,12,7,0,5
1991,"BUTTE",16023,6,6,0,0,0,0,0,0,0,0,6,6,0,0
1992,"BUTTE",16023,4,3,0,1,0,1,0,0,1,0,3,3,0,0
1993,"BUTTE",16023,5,5,0,0,0,0,0,0,0,0,5,5,0,0
1994,"BUTTE",16023,4,3,0,0,1,0,0,0,0,0,4,3,0,1
1995,"BUTTE",16023,5,3,0,0,2,0,0,0,0,0,5,3,0,2
1996,"BUTTE",16023,2,1,0,0,1,0,0,0,0,0,2,1,0,1
1997,"BUTTE",16023,6,3,0,0,3,2,2,0,0,0,4,1,0,3
1998,"BUTTE",16023,10,8,0,0,2,2,2,0,0,0,8,6,0,2
1999,"BUTTE",16023,12,9,0,2,1,2,0,0,2,0,10,9,0,1
2000,"BUTTE",16023,15,12,0,0,3,3,2,0,0,1,12,10,0,2
2001,"BUTTE",16023,14,12,1,0,1,1,0,1,0,0,13,12,0,1
2002,"BUTTE",16023,11,11,0,0,0,0,0,0,0,0,11,11,0,0
2003,"BUTTE",16023,13,9,0,1,3,1,0,0,1,0,12,9,0,3
1990,"CAMAS",16025,4,3,1,0,0,1,0,1,0,0,3,3,0,0
1991,"CAMAS",16025,4,4,0,0,0,0,0,0,0,0,4,4,0,0
1992,"CAMAS",16025,2,1,1,0,0,1,0,1,0,0,1,1,0,0
1993,"CAMAS",16025,2,1,0,0,1,0,0,0,0,0,2,1,0,1
1994,"CAMAS",16025,1,0,0,0,1,0,0,0,0,0,1,0,0,1
1996,"CAMAS",16025,4,4,0,0,0,0,0,0,0,0,4,4,0,0
1997,"CAMAS",16025,3,2,0,1,0,2,1,0,1,0,1,1,0,0
1998,"CAMAS",16025,3,2,0,0,1,0,0,0,0,0,3,2,0,1
1999,"CAMAS",16025,4,4,0,0,0,0,0,0,0,0,4,4,0,0
2000,"CAMAS",16025,2,1,0,0,1,0,0,0,0,0,2,1,0,1
2001,"CAMAS",16025,2,2,0,0,0,0,0,0,0,0,2,2,0,0
2002,"CAMAS",16025,7,6,0,0,1,0,0,0,0,0,7,6,0,1
2003,"CAMAS",16025,3,3,0,0,0,0,0,0,0,0,3,3,0,0
1990,"CANYON",16027,539,364,0,2,173,37,20,0,2,15,502,344,0,158
1991,"CANYON",16027,545,389,6,2,148,22,10,6,2,4,523,379,0,144
1992,"CANYON",16027,530,360,8,1,161,45,20,6,1,18,485,340,2,143
1993,"CANYON",16027,431,283,8,4,136,43,19,6,4,14,388,264,2,122
1994,"CANYON",16027,425,269,5,0,151,37,16,5,0,16,388,253,0,135
1995,"CANYON",16027,504,318,7,1,178,44,13,6,1,24,460,305,1,154
1996,"CANYON",16027,630,431,2,1,196,44,20,2,1,21,586,411,0,175
1997,"CANYON",16027,766,565,2,1,198,30,13,2,1,14,736,552,0,184
1998,"CANYON",16027,797,596,3,3,195,31,9,3,3,16,766,587,0,179
1999,"CANYON",16027,912,667,1,2,242,36,23,1,2,10,876,644,0,232
2000,"CANYON",16027,927,672,3,3,249,17,9,1,3,4,910,663,2,245
2001,"CANYON",16027,1102,905,4,1,192,22,15,4,1,2,1080,890,0,190
2002,"CANYON",16027,1295,1097,5,3,190,30,19,5,3,3,1265,1078,0,187
2003,"CANYON",16027,1533,1316,2,3,212,14,10,1,3,0,1519,1306,1,212
1990,"CARIBOU",16029,19,13,2,0,4,4,1,2,0,1,15,12,0,3
1991,"CARIBOU",16029,17,12,0,1,4,2,1,0,1,0,15,11,0,4
1992,"CARIBOU",16029,19,17,0,1,1,4,3,0,1,0,15,14,0,1
1993,"CARIBOU",16029,16,16,0,0,0,2,2,0,0,0,14,14,0,0
1994,"CARIBOU",16029,12,10,0,0,2,1,1,0,0,0,11,9,0,2
1995,"CARIBOU",16029,15,11,0,0,4,1,0,0,0,1,14,11,0,3
1996,"CARIBOU",16029,18,15,0,1,2,2,1,0,1,0,16,14,0,2
1997,"CARIBOU",16029,26,22,0,0,4,5,3,0,0,2,21,19,0,2
1998,"CARIBOU",16029,49,39,0,0,10,2,1,0,0,1,47,38,0,9
1999,"CARIBOU",16029,27,22,0,1,4,3,1,0,1,1,24,21,0,3
2000,"CARIBOU",16029,40,34,1,0,5,3,2,1,0,0,37,32,0,5
2001,"CARIBOU",16029,34,32,0,0,2,2,2,0,0,0,32,30,0,2
2002,"CARIBOU",16029,39,32,0,0,7,3,3,0,0,0,36,29,0,7
2003,"CARIBOU",16029,47,43,0,0,4,2,2,0,0,0,45,41,0,4
1990,"CASSIA",16031,53,43,1,0,9,6,5,0,0,1,47,38,1,8
1991,"CASSIA",16031,54,44,3,2,5,5,0,3,2,0,49,44,0,5
1992,"CASSIA",16031,64,54,5,2,3,14,7,5,2,0,50,47,0,3
1993,"CASSIA",16031,44,37,3,1,3,12,6,3,1,2,32,31,0,1
1994,"CASSIA",16031,37,33,0,1,3,2,0,0,1,1,35,33,0,2
1995,"CASSIA",16031,40,35,1,0,4,3,1,1,0,1,37,34,0,3
1996,"CASSIA",16031,61,52,0,1,8,10,5,0,1,4,51,47,0,4
1997,"CASSIA",16031,90,78,2,3,7,9,2,2,3,2,81,76,0,5
1998,"CASSIA",16031,103,86,3,1,13,13,4,3,1,5,90,82,0,8
1999,"CASSIA",16031,108,95,4,1,8,8,3,4,1,0,100,92,0,8
2000,"CASSIA",16031,106,95,2,3,6,8,1,2,3,2,98,94,0,4
2001,"CASSIA",16031,98,84,6,0,8,13,4,6,0,3,85,80,0,5
2002,"CASSIA",16031,95,88,3,0,4,6,3,2,0,1,89,85,1,3
2003,"CASSIA",16031,126,107,2,4,13,13,4,2,4,3,113,103,0,10
1990,"CLARK",16033,2,1,0,0,1,1,1,0,0,0,1,0,0,1
1991,"CLARK",16033,3,3,0,0,0,0,0,0,0,0,3,3,0,0
1993,"CLARK",16033,3,0,0,1,2,3,0,0,1,2,0,0,0,0
1994,"CLARK",16033,2,1,0,0,1,0,0,0,0,0,2,1,0,1
1995,"CLARK",16033,3,3,0,0,0,0,0,0,0,0,3,3,0,0
1997,"CLARK",16033,6,6,0,0,0,1,1,0,0,0,5,5,0,0
1998,"CLARK",16033,3,2,0,1,0,1,0,0,1,0,2,2,0,0
1999,"CLARK",16033,3,2,0,0,1,0,0,0,0,0,3,2,0,1
2000,"CLARK",16033,3,3,0,0,0,0,0,0,0,0,3,3,0,0
2001,"CLARK",16033,4,4,0,0,0,2,2,0,0,0,2,2,0,0
2002,"CLARK",16033,7,7,0,0,0,0,0,0,0,0,7,7,0,0
2003,"CLARK",16033,3,3,0,0,0,0,0,0,0,0,3,3,0,0
1990,"CLEARWATER",16035,29,21,1,1,6,4,1,1,1,1,25,20,0,5
1991,"CLEARWATER",16035,22,19,0,0,3,0,0,0,0,0,22,19,0,3
1992,"CLEARWATER",16035,26,20,0,0,6,2,0,0,0,2,24,20,0,4
1993,"CLEARWATER",16035,17,9,1,0,7,2,1,1,0,0,15,8,0,7
1994,"CLEARWATER",16035,14,9,0,0,5,1,1,0,0,0,13,8,0,5
1995,"CLEARWATER",16035,26,16,0,0,10,3,2,0,0,1,23,14,0,9
1996,"CLEARWATER",16035,33,25,0,0,8,1,1,0,0,0,32,24,0,8
1997,"CLEARWATER",16035,43,28,0,0,15,2,0,0,0,2,41,28,0,13
1998,"CLEARWATER",16035,41,31,0,0,10,1,1,0,0,0,40,30,0,10
1999,"CLEARWATER",16035,51,40,0,0,11,2,1,0,0,1,49,39,0,10
2000,"CLEARWATER",16035,46,37,0,0,9,1,1,0,0,0,45,36,0,9
2001,"CLEARWATER",16035,52,43,0,0,9,1,1,0,0,0,51,42,0,9
2002,"CLEARWATER",16035,46,40,0,0,6,0,0,0,0,0,46,40,0,6
2003,"CLEARWATER",16035,59,47,1,0,11,2,1,1,0,0,57,46,0,11
1990,"CUSTER",16037,10,7,0,0,3,2,1,0,0,1,8,6,0,2
1991,"CUSTER",16037,10,6,0,0,4,1,1,0,0,0,9,5,0,4
1992,"CUSTER",16037,4,3,0,0,1,0,0,0,0,0,4,3,0,1
1993,"CUSTER",16037,3,1,1,0,1,1,0,1,0,0,2,1,0,1
1994,"CUSTER",16037,2,2,0,0,0,0,0,0,0,0,2,2,0,0
1995,"CUSTER",16037,8,6,0,0,2,0,0,0,0,0,8,6,0,2
1996,"CUSTER",16037,10,7,1,0,2,1,0,1,0,0,9,7,0,2
1997,"CUSTER",16037,14,10,0,0,4,2,2,0,0,0,12,8,0,4
1998,"CUSTER",16037,15,14,0,0,1,0,0,0,0,0,15,14,0,1
1999,"CUSTER",16037,13,12,0,0,1,2,2,0,0,0,11,10,0,1
2000,"CUSTER",16037,12,11,1,0,0,1,0,1,0,0,11,11,0,0
2001,"CUSTER",16037,14,12,0,0,2,1,0,0,0,1,13,12,0,1
2002,"CUSTER",16037,8,6,0,0,2,0,0,0,0,0,8,6,0,2
2003,"CUSTER",16037,11,9,0,0,2,1,0,0,0,1,10,9,0,1
1990,"ELMORE",16039,83,48,1,1,33,7,3,1,1,2,76,45,0,31
1991,"ELMORE",16039,85,42,5,1,37,10,3,5,1,1,75,39,0,36
1992,"ELMORE",16039,75,43,0,4,28,8,2,0,4,2,67,41,0,26
1993,"ELMORE",16039,80,48,0,3,29,6,2,0,3,1,74,46,0,28
1994,"ELMORE",16039,65,39,1,0,25,4,1,1,0,2,61,38,0,23
1995,"ELMORE",16039,85,54,0,0,31,3,1,0,0,2,82,53,0,29
1996,"ELMORE",16039,108,69,2,3,34,12,3,2,3,4,96,66,0,30
1997,"ELMORE",16039,142,108,0,0,34,6,3,0,0,3,136,105,0,31
1998,"ELMORE",16039,156,139,0,0,17,4,2,0,0,2,152,137,0,15
1999,"ELMORE",16039,158,125,0,0,33,5,2,0,0,3,153,123,0,30
2000,"ELMORE",16039,154,118,0,0,36,0,0,0,0,0,154,118,0,36
2001,"ELMORE",16039,130,108,1,0,21,3,1,1,0,1,127,107,0,20
2002,"ELMORE",16039,153,137,0,0,16,2,2,0,0,0,151,135,0,16
2003,"ELMORE",16039,144,132,0,0,12,0,0,0,0,0,144,132,0,12
1990,"FRANKLIN",16041,16,11,0,0,5,1,1,0,0,0,15,10,0,5
1991,"FRANKLIN",16041,13,9,0,2,2,2,0,0,2,0,11,9,0,2
1992,"FRANKLIN",16041,14,9,2,2,1,5,1,2,2,0,9,8,0,1
1993,"FRANKLIN",16041,17,16,0,1,0,1,0,0,1,0,16,16,0,0
1994,"FRANKLIN",16041,10,9,0,0,1,1,0,0,0,1,9,9,0,0
1995,"FRANKLIN",16041,21,17,0,2,2,5,1,0,2,2,16,16,0,0
1996,"FRANKLIN",16041,18,14,1,0,3,5,3,1,0,1,13,11,0,2
1997,"FRANKLIN",16041,30,27,0,0,3,2,1,0,0,1,28,26,0,2
1998,"FRANKLIN",16041,39,35,0,0,4,2,2,0,0,0,37,33,0,4
1999,"FRANKLIN",16041,32,27,0,1,4,2,1,0,1,0,30,26,0,4
2000,"FRANKLIN",16041,32,31,0,0,1,1,1,0,0,0,31,30,0,1
2001,"FRANKLIN",16041,46,34,1,0,11,4,1,1,0,2,42,33,0,9
2002,"FRANKLIN",16041,44,33,0,1,10,5,2,0,1,2,39,31,0,8
2003,"FRANKLIN",16041,46,38,0,1,7,3,1,0,1,1,43,37,0,6
1990,"FREMONT",16043,30,23,3,2,2,5,0,3,2,0,25,23,0,2
1991,"FREMONT",16043,19,17,0,0,2,2,2,0,0,0,17,15,0,2
1992,"FREMONT",16043,32,24,0,1,7,5,3,0,1,1,27,21,0,6
1993,"FREMONT",16043,28,21,1,3,3,5,1,1,3,0,23,20,0,3
1994,"FREMONT",16043,20,17,0,2,1,3,1,0,2,0,17,16,0,1
1995,"FREMONT",16043,33,24,0,1,8,4,1,0,1,2,29,23,0,6
1996,"FREMONT",16043,36,29,0,0,7,6,3,0,0,3,30,26,0,4
1997,"FREMONT",16043,46,35,0,1,10,9,5,0,1,3,37,30,0,7
1998,"FREMONT",16043,52,43,0,0,9,1,0,0,0,1,51,43,0,8
1999,"FREMONT",16043,56,47,1,1,7,4,2,1,1,0,52,45,0,7
2000,"FREMONT",16043,42,33,0,1,8,2,0,0,1,1,40,33,0,7
2001,"FREMONT",16043,54,45,2,0,7,2,1,1,0,0,52,44,1,7
2002,"FREMONT",16043,48,37,2,2,7,5,0,2,2,1,43,37,0,6
2003,"FREMONT",16043,54,43,0,0,11,5,3,0,0,2,49,40,0,9
1990,"GEM",16045,51,31,1,1,18,2,0,1,1,0,49,31,0,18
1991,"GEM",16045,60,41,0,0,19,0,0,0,0,0,60,41,0,19
1992,"GEM",16045,35,21,1,1,12,5,1,1,1,2,30,20,0,10
1993,"GEM",16045,59,41,2,0,16,4,1,2,0,1,55,40,0,15
1994,"GEM",16045,39,27,0,1,11,4,2,0,1,1,35,25,0,10
1995,"GEM",16045,64,38,0,1,25,5,1,0,1,3,59,37,0,22
1996,"GEM",16045,77,49,1,1,26,10,6,1,1,2,67,43,0,24
1997,"GEM",16045,100,62,0,1,37,4,2,0,1,1,96,60,0,36
1998,"GEM",16045,108,73,0,0,35,7,5,0,0,2,101,68,0,33
1999,"GEM",16045,94,65,1,0,28,9,6,1,0,2,85,59,0,26
2000,"GEM",16045,85,68,1,0,16,3,1,1,0,1,82,67,0,15
2001,"GEM",16045,107,87,0,0,20,0,0,0,0,0,107,87,0,20
2002,"GEM",16045,122,95,1,2,24,4,2,0,2,0,118,93,1,24
2003,"GEM",16045,132,113,1,1,17,1,0,0,1,0,131,113,1,17
1990,"GOODING",16047,40,32,2,0,6,3,1,2,0,0,37,31,0,6
1991,"GOODING",16047,29,25,3,1,0,4,0,3,1,0,25,25,0,0
1992,"GOODING",16047,34,29,0,4,1,5,0,0,4,1,29,29,0,0
1993,"GOODING",16047,31,26,2,0,3,3,1,2,0,0,28,25,0,3
1994,"GOODING",16047,33,28,0,2,3,4,1,0,2,1,29,27,0,2
1995,"GOODING",16047,26,23,0,1,2,3,1,0,1,1,23,22,0,1
1996,"GOODING",16047,49,39,1,0,9,7,3,0,0,4,42,36,1,5
1997,"GOODING",16047,49,41,0,3,5,8,5,0,3,0,41,36,0,5
1998,"GOODING",16047,60,54,1,2,3,7,3,1,2,1,53,51,0,2
1999,"GOODING",16047,74,66,1,3,4,7,2,1,3,1,67,64,0,3
2000,"GOODING",16047,58,55,2,0,1,3,1,2,0,0,55,54,0,1
2001,"GOODING",16047,70,61,3,0,6,8,5,3,0,0,62,56,0,6
2002,"GOODING",16047,69,60,3,1,5,7,1,3,1,2,62,59,0,3
2003,"GOODING",16047,89,79,0,4,6,4,0,0,4,0,85,79,0,6
1990,"IDAHO",16049,31,26,0,0,5,7,7,0,0,0,24,19,0,5
1991,"IDAHO",16049,17,11,0,1,5,1,0,0,1,0,16,11,0,5
1992,"IDAHO",16049,26,18,1,2,5,4,0,1,2,1,22,18,0,4
1993,"IDAHO",16049,30,15,1,0,14,7,3,1,0,3,23,12,0,11
1994,"IDAHO",16049,22,11,0,0,11,3,1,0,0,2,19,10,0,9
1995,"IDAHO",16049,23,12,0,0,11,4,3,0,0,1,19,9,0,10
1996,"IDAHO",16049,34,19,0,1,14,5,2,0,1,2,29,17,0,12
1997,"IDAHO",16049,49,35,0,0,14,1,1,0,0,0,48,34,0,14
1998,"IDAHO",16049,42,29,0,0,13,3,1,0,0,2,39,28,0,11
1999,"IDAHO",16049,49,38,0,0,11,2,1,0,0,1,47,37,0,10
2000,"IDAHO",16049,28,19,0,0,9,3,1,0,0,2,25,18,0,7
2001,"IDAHO",16049,44,34,0,0,10,4,1,0,0,3,40,33,0,7
2002,"IDAHO",16049,63,54,0,0,9,6,5,0,0,1,57,49,0,8
2003,"IDAHO",16049,52,39,1,0,12,1,0,1,0,0,51,39,0,12
1990,"JEFFERSON",16051,46,30,0,0,16,2,1,0,0,1,44,29,0,15
1991,"JEFFERSON",16051,39,29,0,0,10,1,1,0,0,0,38,28,0,10
1992,"JEFFERSON",16051,25,18,1,0,6,6,3,1,0,2,19,15,0,4
1993,"JEFFERSON",16051,37,28,0,1,8,4,3,0,1,0,33,25,0,8
1994,"JEFFERSON",16051,32,26,1,0,5,6,4,1,0,1,26,22,0,4
1995,"JEFFERSON",16051,47,39,0,0,8,8,5,0,0,3,39,34,0,5
1996,"JEFFERSON",16051,48,41,0,0,7,5,2,0,0,3,43,39,0,4
1997,"JEFFERSON",16051,71,61,0,1,9,7,4,0,1,2,64,57,0,7
1998,"JEFFERSON",16051,86,72,0,2,12,8,2,0,2,4,78,70,0,8
1999,"JEFFERSON",16051,90,65,1,0,24,4,2,0,0,2,86,63,1,22
2000,"JEFFERSON",16051,66,59,0,0,7,2,2,0,0,0,64,57,0,7
2001,"JEFFERSON",16051,92,81,1,0,10,8,5,1,0,2,84,76,0,8
2002,"JEFFERSON",16051,104,87,0,0,17,3,2,0,0,1,101,85,0,16
2003,"JEFFERSON",16051,88,71,3,0,14,3,0,2,0,1,85,71,1,13
1990,"JEROME",16053,55,46,0,0,9,1,1,0,0,0,54,45,0,9
1991,"JEROME",16053,64,57,0,1,6,4,3,0,1,0,60,54,0,6
1992,"JEROME",16053,41,33,2,2,4,7,2,2,2,1,34,31,0,3
1993,"JEROME",16053,56,48,0,0,8,3,3,0,0,0,53,45,0,8
1994,"JEROME",16053,49,46,0,1,2,3,2,0,1,0,46,44,0,2
1995,"JEROME",16053,46,35,0,1,10,10,3,0,1,6,36,32,0,4
1996,"JEROME",16053,77,67,0,1,9,4,1,0,1,2,73,66,0,7
1997,"JEROME",16053,87,79,0,3,5,10,7,0,3,0,77,72,0,5
1998,"JEROME",16053,105,91,3,3,8,8,2,3,3,0,97,89,0,8
1999,"JEROME",16053,101,84,2,1,14,7,4,2,1,0,94,80,0,14
2000,"JEROME",16053,115,110,1,0,4,5,2,1,0,2,110,108,0,2
2001,"JEROME",16053,107,101,0,0,6,5,5,0,0,0,102,96,0,6
2002,"JEROME",16053,108,102,0,0,6,4,4,0,0,0,104,98,0,6
2003,"JEROME",16053,120,109,4,0,7,12,7,4,0,1,108,102,0,6
1990,"KOOTENAI",16055,378,218,4,0,156,34,19,4,0,11,344,199,0,145
1991,"KOOTENAI",16055,358,209,9,0,140,14,7,7,0,0,344,202,2,140
1992,"KOOTENAI",16055,351,207,8,1,135,58,25,8,1,24,293,182,0,111
1993,"KOOTENAI",16055,362,226,7,0,129,44,20,7,0,17,318,206,0,112
1994,"KOOTENAI",16055,365,233,9,0,123,38,16,8,0,14,327,217,1,109
1995,"KOOTENAI",16055,421,289,5,0,127,40,21,4,0,15,381,268,1,112
1996,"KOOTENAI",16055,561,427,5,0,129,54,36,5,0,13,507,391,0,116
1997,"KOOTENAI",16055,714,603,5,1,105,41,25,5,1,10,673,578,0,95
1998,"KOOTENAI",16055,845,751,7,1,86,40,25,7,1,7,805,726,0,79
1999,"KOOTENAI",16055,787,701,5,0,81,29,19,4,0,6,758,682,1,75
2000,"KOOTENAI",16055,807,712,7,1,87,26,13,7,1,5,781,699,0,82
2001,"KOOTENAI",16055,913,824,7,0,82,20,14,5,0,1,893,810,2,81
2002,"KOOTENAI",16055,1070,977,3,0,90,18,14,2,0,2,1052,963,1,88
2003,"KOOTENAI",16055,1097,1000,3,0,94,20,14,3,0,3,1077,986,0,91
1990,"LATAH",16057,46,34,0,0,12,5,3,0,0,2,41,31,0,10
1991,"LATAH",16057,59,41,1,2,15,4,1,1,2,0,55,40,0,15
1992,"LATAH",16057,61,41,1,0,19,6,1,1,0,4,55,40,0,15
1993,"LATAH",16057,51,43,1,0,7,5,2,1,0,2,46,41,0,5
1994,"LATAH",16057,43,36,0,0,7,3,2,0,0,1,40,34,0,6
1995,"LATAH",16057,46,35,0,0,11,8,6,0,0,2,38,29,0,9
1996,"LATAH",16057,51,44,0,0,7,2,2,0,0,0,49,42,0,7
1997,"LATAH",16057,88,65,0,0,23,5,1,0,0,4,83,64,0,19
1998,"LATAH",16057,99,75,1,0,23,11,4,1,0,6,88,71,0,17
1999,"LATAH",16057,87,72,1,0,14,10,3,1,0,6,77,69,0,8
2000,"LATAH",16057,86,65,0,0,21,5,3,0,0,2,81,62,0,19
2001,"LATAH",16057,114,89,2,0,23,6,2,2,0,2,108,87,0,21
2002,"LATAH",16057,109,92,0,0,17,7,3,0,0,4,102,89,0,13
2003,"LATAH",16057,123,107,0,0,16,4,3,0,0,1,119,104,0,15
1990,"LEMHI",16059,12,12,0,0,0,0,0,0,0,0,12,12,0,0
1991,"LEMHI",16059,10,9,0,0,1,0,0,0,0,0,10,9,0,1
1992,"LEMHI",16059,14,11,0,0,3,1,0,0,0,1,13,11,0,2
1993,"LEMHI",16059,6,6,0,0,0,0,0,0,0,0,6,6,0,0
1994,"LEMHI",16059,9,6,0,0,3,0,0,0,0,0,9,6,0,3
1995,"LEMHI",16059,6,4,0,0,2,0,0,0,0,0,6,4,0,2
1996,"LEMHI",16059,15,12,0,0,3,3,2,0,0,1,12,10,0,2
1997,"LEMHI",16059,20,19,0,0,1,2,1,0,0,1,18,18,0,0
1998,"LEMHI",16059,23,20,0,0,3,1,1,0,0,0,22,19,0,3
1999,"LEMHI",16059,16,12,0,0,4,2,1,0,0,1,14,11,0,3
2000,"LEMHI",16059,19,14,2,0,3,4,1,2,0,1,15,13,0,2
2001,"LEMHI",16059,38,31,1,1,5,3,0,1,1,1,35,31,0,4
2002,"LEMHI",16059,16,13,0,0,3,1,0,0,0,1,15,13,0,2
2003,"LEMHI",16059,25,20,0,0,5,0,0,0,0,0,25,20,0,5
1990,"LEWIS",16061,10,8,0,0,2,1,1,0,0,0,9,7,0,2
1991,"LEWIS",16061,13,9,0,0,4,0,0,0,0,0,13,9,0,4
1992,"LEWIS",16061,16,8,0,1,7,3,0,0,1,2,13,8,0,5
1993,"LEWIS",16061,10,7,0,0,3,1,1,0,0,0,9,6,0,3
1994,"LEWIS",16061,13,6,1,0,6,3,0,1,0,2,10,6,0,4
1995,"LEWIS",16061,12,8,0,0,4,2,1,0,0,1,10,7,0,3
1996,"LEWIS",16061,20,15,0,0,5,1,0,0,0,1,19,15,0,4
1997,"LEWIS",16061,19,10,0,0,9,2,0,0,0,2,17,10,0,7
1998,"LEWIS",16061,21,16,0,0,5,2,1,0,0,1,19,15,0,4
1999,"LEWIS",16061,27,19,1,0,7,4,2,1,0,1,23,17,0,6
2000,"LEWIS",16061,26,19,0,1,6,2,0,0,1,1,24,19,0,5
2001,"LEWIS",16061,32,27,0,0,5,1,0,0,0,1,31,27,0,4
2002,"LEWIS",16061,24,20,1,0,3,2,0,1,0,1,22,20,0,2
2003,"LEWIS",16061,26,17,0,0,9,1,1,0,0,0,25,16,0,9
1990,"LINCOLN",16063,14,12,0,2,0,2,0,0,2,0,12,12,0,0
1991,"LINCOLN",16063,11,6,2,1,2,4,1,2,1,0,7,5,0,2
1992,"LINCOLN",16063,10,5,1,2,2,4,1,1,2,0,6,4,0,2
1993,"LINCOLN",16063,10,7,0,0,3,0,0,0,0,0,10,7,0,3
1994,"LINCOLN",16063,14,10,0,0,4,0,0,0,0,0,14,10,0,4
1995,"LINCOLN",16063,7,5,0,2,0,2,0,0,2,0,5,5,0,0
1996,"LINCOLN",16063,15,11,1,1,2,4,1,1,1,1,11,10,0,1
1997,"LINCOLN",16063,18,13,0,1,4,3,1,0,1,1,15,12,0,3
1998,"LINCOLN",16063,14,10,0,0,4,1,0,0,0,1,13,10,0,3
1999,"LINCOLN",16063,16,13,2,1,0,4,1,2,1,0,12,12,0,0
2000,"LINCOLN",16063,14,13,0,0,1,1,1,0,0,0,13,12,0,1
2001,"LINCOLN",16063,17,16,0,0,1,0,0,0,0,0,17,16,0,1
2002,"LINCOLN",16063,21,19,0,1,1,1,0,0,1,0,20,19,0,1
2003,"LINCOLN",16063,24,22,1,0,1,1,0,1,0,0,23,22,0,1
1990,"MADISON",16065,50,40,1,1,8,3,1,0,1,1,47,39,1,7
1991,"MADISON",16065,29,24,0,0,5,0,0,0,0,0,29,24,0,5
1992,"MADISON",16065,30,26,1,0,3,5,4,1,0,0,25,22,0,3
1993,"MADISON",16065,30,28,0,0,2,3,2,0,0,1,27,26,0,1
1994,"MADISON",16065,25,18,2,0,5,3,2,1,0,0,22,16,1,5
1995,"MADISON",16065,23,17,0,0,6,3,2,0,0,1,20,15,0,5
1996,"MADISON",16065,21,17,0,0,4,2,0,0,0,2,19,17,0,2
1997,"MADISON",16065,55,50,0,0,5,2,2,0,0,0,53,48,0,5
1998,"MADISON",16065,66,58,0,1,7,1,0,0,1,0,65,58,0,7
1999,"MADISON",16065,60,50,1,0,9,2,0,1,0,1,58,50,0,8
2000,"MADISON",16065,61,59,0,0,2,4,4,0,0,0,57,55,0,2
2001,"MADISON",16065,65,58,1,0,6,5,3,1,0,1,60,55,0,5
2002,"MADISON",16065,54,46,0,0,8,3,2,0,0,1,51,44,0,7
2003,"MADISON",16065,72,58,0,0,14,1,1,0,0,0,71,57,0,14
1990,"MINIDOKA",16067,49,37,1,1,10,7,3,1,1,2,42,34,0,8
1991,"MINIDOKA",16067,48,35,2,2,9,5,1,2,2,0,43,34,0,9
1992,"MINIDOKA",16067,63,51,3,4,5,13,4,3,4,2,50,47,0,3
1993,"MINIDOKA",16067,49,43,1,1,4,4,2,1,1,0,45,41,0,4
1994,"MINIDOKA",16067,38,33,2,1,2,8,4,2,1,1,30,29,0,1
1995,"MINIDOKA",16067,50,44,0,3,3,4,0,0,3,1,46,44,0,2
1996,"MINIDOKA",16067,64,59,1,1,3,4,2,1,1,0,60,57,0,3
1997,"MINIDOKA",16067,92,80,1,1,10,6,3,1,1,1,86,77,0,9
1998,"MINIDOKA",16067,130,109,4,3,14,14,3,4,3,4,116,106,0,10
1999,"MINIDOKA",16067,110,98,0,4,8,8,3,0,4,1,102,95,0,7
2000,"MINIDOKA",16067,126,105,4,4,13,18,9,3,4,2,108,96,1,11
2001,"MINIDOKA",16067,140,127,5,0,8,11,6,5,0,0,129,121,0,8
2002,"MINIDOKA",16067,126,116,3,1,6,8,3,2,1,2,118,113,1,4
2003,"MINIDOKA",16067,145,129,1,1,14,7,4,1,1,1,138,125,0,13
1990,"NEZ PERCE",16069,103,70,3,1,29,12,5,3,1,3,91,65,0,26
1991,"NEZ PERCE",16069,94,53,2,0,39,7,3,2,0,2,87,50,0,37
1992,"NEZ PERCE",16069,101,71,1,0,29,9,6,1,0,2,92,65,0,27
1993,"NEZ PERCE",16069,105,70,1,0,34,11,4,1,0,6,94,66,0,28
1994,"NEZ PERCE",16069,96,62,0,0,34,9,5,0,0,4,87,57,0,30
1995,"NEZ PERCE",16069,101,60,0,0,41,11,3,0,0,8,90,57,0,33
1996,"NEZ PERCE",16069,146,112,2,1,31,14,5,2,1,6,132,107,0,25
1997,"NEZ PERCE",16069,211,162,0,0,49,19,12,0,0,7,192,150,0,42
1998,"NEZ PERCE",16069,213,163,2,0,48,14,6,2,0,6,199,157,0,42
1999,"NEZ PERCE",16069,222,179,2,0,41,12,9,2,0,1,210,170,0,40
2000,"NEZ PERCE",16069,216,159,2,0,55,8,5,1,0,2,208,154,1,53
2001,"NEZ PERCE",16069,233,189,1,0,43,12,7,1,0,4,221,182,0,39
2002,"NEZ PERCE",16069,227,180,1,0,46,7,4,1,0,2,220,176,0,44
2003,"NEZ PERCE",16069,228,178,1,0,49,2,0,1,0,1,226,178,0,48
1990,"ONEIDA",16071,9,8,0,0,1,0,0,0,0,0,9,8,0,1
1991,"ONEIDA",16071,4,1,0,0,3,0,0,0,0,0,4,1,0,3
1992,"ONEIDA",16071,10,8,1,0,1,3,2,1,0,0,7,6,0,1
1993,"ONEIDA",16071,7,4,0,1,2,2,0,0,1,1,5,4,0,1
1994,"ONEIDA",16071,8,6,1,1,0,2,0,1,1,0,6,6,0,0
1995,"ONEIDA",16071,4,4,0,0,0,1,1,0,0,0,3,3,0,0
1996,"ONEIDA",16071,4,4,0,0,0,0,0,0,0,0,4,4,0,0
1997,"ONEIDA",16071,11,9,0,0,2,1,1,0,0,0,10,8,0,2
1998,"ONEIDA",16071,20,14,0,0,6,1,0,0,0,1,19,14,0,5
1999,"ONEIDA",16071,19,18,0,0,1,1,1,0,0,0,18,17,0,1
2000,"ONEIDA",16071,11,9,0,0,2,1,0,0,0,1,10,9,0,1
2001,"ONEIDA",16071,21,17,1,0,3,2,0,1,0,1,19,17,0,2
2002,"ONEIDA",16071,12,9,0,0,3,2,1,0,0,1,10,8,0,2
2003,"ONEIDA",16071,15,11,0,0,4,0,0,0,0,0,15,11,0,4
1990,"OWYHEE",16073,31,18,0,3,10,4,1,0,3,0,27,17,0,10
1991,"OWYHEE",16073,27,14,1,3,9,5,0,1,3,1,22,14,0,8
1992,"OWYHEE",16073,23,14,0,3,6,5,1,0,3,1,18,13,0,5
1993,"OWYHEE",16073,27,21,0,1,5,4,2,0,1,1,23,19,0,4
1994,"OWYHEE",16073,25,17,0,2,6,4,1,0,2,1,21,16,0,5
1995,"OWYHEE",16073,42,31,0,0,11,3,1,0,0,2,39,30,0,9
1996,"OWYHEE",16073,28,20,1,1,6,2,0,1,1,0,26,20,0,6
1997,"OWYHEE",16073,62,43,0,2,17,5,1,0,2,2,57,42,0,15
1998,"OWYHEE",16073,45,31,1,1,12,4,1,1,1,1,41,30,0,11
1999,"OWYHEE",16073,59,48,0,0,11,4,3,0,0,1,55,45,0,10
2000,"OWYHEE",16073,52,39,0,0,13,1,1,0,0,0,51,38,0,13
2001,"OWYHEE",16073,49,37,0,1,11,3,2,0,1,0,46,35,0,11
2002,"OWYHEE",16073,65,51,2,1,11,3,0,2,1,0,62,51,0,11
2003,"OWYHEE",16073,69,65,0,0,4,0,0,0,0,0,69,65,0,4
1990,"PAYETTE",16075,62,40,2,3,17,9,1,2,3,3,53,39,0,14
1991,"PAYETTE",16075,89,68,0,1,20,2,1,0,1,0,87,67,0,20
1992,"PAYETTE",16075,83,52,1,3,27,8,2,1,3,2,75,50,0,25
1993,"PAYETTE",16075,67,55,1,1,10,5,3,1,1,0,62,52,0,10
1994,"PAYETTE",16075,57,46,0,0,11,8,5,0,0,3,49,41,0,8
1995,"PAYETTE",16075,65,50,0,0,15,5,1,0,0,4,60,49,0,11
1996,"PAYETTE",16075,65,52,1,0,12,6,3,1,0,2,59,49,0,10
1997,"PAYETTE",16075,95,76,2,1,16,6,1,2,1,2,89,75,0,14
1998,"PAYETTE",16075,114,90,0,0,24,4,2,0,0,2,110,88,0,22
1999,"PAYETTE",16075,142,110,0,1,31,5,3,0,1,1,137,107,0,30
2000,"PAYETTE",16075,104,81,0,0,23,2,2,0,0,0,102,79,0,23
2001,"PAYETTE",16075,151,127,1,0,23,2,0,1,0,1,149,127,0,22
2002,"PAYETTE",16075,155,138,1,0,16,2,1,1,0,0,153,137,0,16
2003,"PAYETTE",16075,145,133,0,0,12,3,2,0,0,1,142,131,0,11
1990,"POWER",16077,25,20,1,0,4,3,2,1,0,0,22,18,0,4
1991,"POWER",16077,17,12,1,1,3,2,0,1,1,0,15,12,0,3
1992,"POWER",16077,27,22,1,1,3,4,2,1,1,0,23,20,0,3
1993,"POWER",16077,20,17,0,1,2,2,1,0,1,0,18,16,0,2
1994,"POWER",16077,16,16,0,0,0,2,2,0,0,0,14,14,0,0
1995,"POWER",16077,19,18,0,0,1,2,2,0,0,0,17,16,0,1
1996,"POWER",16077,16,14,0,0,2,1,1,0,0,0,15,13,0,2
1997,"POWER",16077,41,29,0,5,7,8,3,0,5,0,33,26,0,7
1998,"POWER",16077,39,34,1,1,3,4,2,1,1,0,35,32,0,3
1999,"POWER",16077,44,38,1,0,5,1,0,1,0,0,43,38,0,5
2000,"POWER",16077,30,28,1,0,1,1,0,1,0,0,29,28,0,1
2001,"POWER",16077,38,35,1,0,2,3,2,1,0,0,35,33,0,2
2002,"POWER",16077,54,47,1,0,6,4,3,1,0,0,50,44,0,6
2003,"POWER",16077,37,32,0,0,5,1,1,0,0,0,36,31,0,5
1990,"SHOSHONE",16079,43,26,0,0,17,2,2,0,0,0,41,24,0,17
1991,"SHOSHONE",16079,53,38,3,0,12,4,1,3,0,0,49,37,0,12
1992,"SHOSHONE",16079,55,33,2,0,20,6,3,2,0,1,49,30,0,19
1993,"SHOSHONE",16079,40,26,2,0,12,4,1,2,0,1,36,25,0,11
1994,"SHOSHONE",16079,46,33,1,0,12,4,1,1,0,2,42,32,0,10
1995,"SHOSHONE",16079,57,39,0,0,18,2,0,0,0,2,55,39,0,16
1996,"SHOSHONE",16079,42,33,0,0,9,4,2,0,0,2,38,31,0,7
1997,"SHOSHONE",16079,82,66,0,0,16,3,1,0,0,2,79,65,0,14
1998,"SHOSHONE",16079,85,70,1,0,13,7,3,1,0,2,78,67,0,11
1999,"SHOSHONE",16079,96,88,0,0,8,2,1,0,0,1,94,87,0,7
2000,"SHOSHONE",16079,80,67,1,0,11,2,0,1,0,0,78,67,0,11
2001,"SHOSHONE",16079,119,113,1,0,5,2,1,1,0,0,117,112,0,5
2002,"SHOSHONE",16079,106,100,0,0,6,0,0,0,0,0,106,100,0,6
2003,"SHOSHONE",16079,105,97,1,0,7,2,1,1,0,0,103,96,0,7
1990,"TETON",16081,11,6,1,0,4,3,1,1,0,1,8,5,0,3
1991,"TETON",16081,9,8,0,0,1,0,0,0,0,0,9,8,0,1
1992,"TETON",16081,2,0,0,0,2,1,0,0,0,1,1,0,0,1
1993,"TETON",16081,3,3,0,0,0,1,1,0,0,0,2,2,0,0
1994,"TETON",16081,5,4,0,0,1,0,0,0,0,0,5,4,0,1
1995,"TETON",16081,4,3,0,0,1,1,0,0,0,1,3,3,0,0
1996,"TETON",16081,5,4,0,0,1,2,2,0,0,0,3,2,0,1
1997,"TETON",16081,17,12,0,0,5,3,1,0,0,2,14,11,0,3
1998,"TETON",16081,13,11,0,0,2,0,0,0,0,0,13,11,0,2
1999,"TETON",16081,12,11,0,0,1,1,1,0,0,0,11,10,0,1
2000,"TETON",16081,16,13,1,0,2,0,0,0,0,0,16,13,1,2
2001,"TETON",16081,17,16,0,0,1,0,0,0,0,0,17,16,0,1
2002,"TETON",16081,13,12,0,0,1,2,2,0,0,0,11,10,0,1
2003,"TETON",16081,21,16,0,0,5,1,1,0,0,0,20,15,0,5
1990,"TWIN FALLS",16083,227,188,0,3,36,16,10,0,3,3,211,178,0,33
1991,"TWIN FALLS",16083,237,203,8,5,21,19,6,8,5,0,218,197,0,21
1992,"TWIN FALLS",16083,197,167,4,3,23,31,17,4,3,7,166,150,0,16
1993,"TWIN FALLS",16083,173,150,5,2,16,25,14,5,2,4,148,136,0,12
1994,"TWIN FALLS",16083,157,133,2,2,20,13,8,2,2,1,144,125,0,19
1995,"TWIN FALLS",16083,189,163,2,2,22,17,9,2,2,4,172,154,0,18
1996,"TWIN FALLS",16083,255,222,4,2,27,33,21,4,2,6,222,201,0,21
1997,"TWIN FALLS",16083,323,289,2,0,32,28,23,2,0,3,295,266,0,29
1998,"TWIN FALLS",16083,374,334,1,3,36,31,18,1,3,9,343,316,0,27
1999,"TWIN FALLS",16083,296,265,3,3,25,16,9,3,3,1,280,256,0,24
2000,"TWIN FALLS",16083,354,326,5,2,21,26,19,3,2,2,328,307,2,19
2001,"TWIN FALLS",16083,409,385,9,1,14,24,13,8,1,2,385,372,1,12
2002,"TWIN FALLS",16083,424,386,3,0,35,19,11,3,0,5,405,375,0,30
2003,"TWIN FALLS",16083,479,437,5,2,35,24,17,3,2,2,455,420,2,33
1990,"VALLEY",16085,18,13,0,0,5,0,0,0,0,0,18,13,0,5
1991,"VALLEY",16085,22,17,0,0,5,0,0,0,0,0,22,17,0,5
1992,"VALLEY",16085,20,16,0,0,4,2,2,0,0,0,18,14,0,4
1993,"VALLEY",16085,19,13,0,0,6,2,0,0,0,2,17,13,0,4
1994,"VALLEY",16085,13,8,0,0,5,2,1,0,0,1,11,7,0,4
1995,"VALLEY",16085,23,15,0,0,8,0,0,0,0,0,23,15,0,8
1996,"VALLEY",16085,30,19,0,0,11,3,0,0,0,3,27,19,0,8
1997,"VALLEY",16085,39,24,0,0,15,5,1,0,0,4,34,23,0,11
1998,"VALLEY",16085,36,24,0,0,12,4,2,0,0,2,32,22,0,10
1999,"VALLEY",16085,37,31,0,0,6,3,2,0,0,1,34,29,0,5
2000,"VALLEY",16085,40,30,0,0,10,1,0,0,0,1,39,30,0,9
2001,"VALLEY",16085,40,32,0,0,8,1,1,0,0,0,39,31,0,8
2002,"VALLEY",16085,40,34,0,0,6,1,0,0,0,1,39,34,0,5
2003,"VALLEY",16085,37,30,0,0,7,0,0,0,0,0,37,30,0,7
1990,"WASHINGTON",16087,25,17,0,0,8,1,1,0,0,0,24,16,0,8
1991,"WASHINGTON",16087,18,11,0,1,6,1,0,0,1,0,17,11,0,6
1992,"WASHINGTON",16087,28,21,0,3,4,4,1,0,3,0,24,20,0,4
1993,"WASHINGTON",16087,39,29,0,0,10,3,0,0,0,3,36,29,0,7
1994,"WASHINGTON",16087,29,18,0,1,10,7,2,0,1,4,22,16,0,6
1995,"WASHINGTON",16087,36,25,0,1,10,5,2,0,1,2,31,23,0,8
1996,"WASHINGTON",16087,31,24,0,0,7,4,2,0,0,2,27,22,0,5
1997,"WASHINGTON",16087,39,31,0,0,8,2,2,0,0,0,37,29,0,8
1998,"WASHINGTON",16087,48,33,2,1,12,3,0,2,1,0,45,33,0,12
1999,"WASHINGTON",16087,44,38,0,1,5,3,1,0,1,1,41,37,0,4
2000,"WASHINGTON",16087,49,40,0,0,9,1,0,0,0,1,48,40,0,8
2001,"WASHINGTON",16087,62,51,1,0,10,1,0,1,0,0,61,51,0,10
2002,"WASHINGTON",16087,75,63,3,0,9,2,0,2,0,0,73,63,1,9
2003,"WASHINGTON",16087,73,63,0,1,9,2,1,0,1,0,71,62,0,9
1990,"ADAMS",17001,186,174,4,4,4,14,6,4,4,0,172,168,0,4
1991,"ADAMS",17001,171,151,2,1,17,7,1,2,1,3,164,150,0,14
1992,"ADAMS",17001,172,145,8,3,16,15,4,8,3,0,157,141,0,16
1993,"ADAMS",17001,130,114,4,1,11,9,3,4,1,1,121,111,0,10
1994,"ADAMS",17001,129,118,0,1,10,4,3,0,1,0,125,115,0,10
1995,"ADAMS",17001,170,157,1,1,11,7,4,1,1,1,163,153,0,10
1996,"ADAMS",17001,195,183,0,0,12,3,3,0,0,0,192,180,0,12
1997,"ADAMS",17001,252,241,0,1,10,3,2,0,1,0,249,239,0,10
1998,"ADAMS",17001,318,309,0,1,8,3,2,0,1,0,315,307,0,8
1999,"ADAMS",17001,304,280,1,4,19,12,7,1,4,0,292,273,0,19
2000,"ADAMS",17001,265,253,1,2,9,4,1,1,2,0,261,252,0,9
2001,"ADAMS",17001,349,336,0,1,12,4,2,0,1,1,345,334,0,11
2002,"ADAMS",17001,395,374,2,0,19,2,0,2,0,0,393,374,0,19
2003,"ADAMS",17001,413,387,2,1,23,5,2,2,1,0,408,385,0,23
1990,"ALEXANDER",17003,17,14,0,0,3,2,2,0,0,0,15,12,0,3
1991,"ALEXANDER",17003,28,27,0,0,1,6,6,0,0,0,22,21,0,1
1992,"ALEXANDER",17003,32,30,0,0,2,3,3,0,0,0,29,27,0,2
1993,"ALEXANDER",17003,17,15,0,0,2,0,0,0,0,0,17,15,0,2
1994,"ALEXANDER",17003,20,16,1,0,3,4,2,1,0,1,16,14,0,2
1995,"ALEXANDER",17003,19,16,0,0,2,2,1,0,0,0,17,15,0,2
1996,"ALEXANDER",17003,30,26,0,0,4,3,2,0,0,1,27,24,0,3
1997,"ALEXANDER",17003,28,24,0,0,4,3,2,0,0,1,25,22,0,3
1998,"ALEXANDER",17003,39,37,0,0,2,2,2,0,0,0,37,35,0,2
1999,"ALEXANDER",17003,44,36,0,1,7,4,2,0,1,1,40,34,0,6
2000,"ALEXANDER",17003,35,34,0,0,1,3,3,0,0,0,32,31,0,1
2001,"ALEXANDER",17003,62,56,0,0,6,6,6,0,0,0,56,50,0,6
2002,"ALEXANDER",17003,47,33,0,0,14,0,0,0,0,0,47,33,0,14
2003,"ALEXANDER",17003,78,66,0,0,12,1,1,0,0,0,77,65,0,12
1990,"BOND",17005,36,27,0,0,9,6,5,0,0,1,30,22,0,8
1991,"BOND",17005,50,39,1,0,10,8,7,1,0,0,42,32,0,10
1992,"BOND",17005,47,35,0,0,12,2,1,0,0,1,45,34,0,11
1993,"BOND",17005,29,22,0,0,7,1,1,0,0,0,28,21,0,7
1994,"BOND",17005,43,30,1,1,11,4,1,1,1,1,39,29,0,10
1995,"BOND",17005,48,38,0,0,10,4,4,0,0,0,44,34,0,10
1996,"BOND",17005,67,46,1,0,20,5,4,1,0,0,62,42,0,20
1997,"BOND",17005,86,73,0,0,13,7,6,0,0,1,79,67,0,12
1998,"BOND",17005,81,63,0,0,18,5,5,0,0,0,76,58,0,18
1999,"BOND",17005,46,37,0,1,8,5,3,0,1,1,41,34,0,7
2000,"BOND",17005,79,57,0,0,22,4,2,0,0,2,75,55,0,20
2001,"BOND",17005,93,69,0,0,24,4,2,0,0,2,89,67,0,22
2002,"BOND",17005,95,69,0,0,26,1,1,0,0,0,94,68,0,26
2003,"BOND",17005,108,69,0,0,39,0,0,0,0,0,108,69,0,39
1990,"BOONE",17007,123,71,1,0,51,1,0,1,0,0,122,71,0,51
1991,"BOONE",17007,136,91,3,0,42,3,0,3,0,0,133,91,0,42
1992,"BOONE",17007,133,87,1,0,45,2,0,1,0,1,131,87,0,44
1993,"BOONE",17007,116,76,1,0,39,3,2,1,0,0,113,74,0,39
1994,"BOONE",17007,115,79,0,0,36,1,1,0,0,0,114,78,0,36
1995,"BOONE",17007,134,104,1,0,29,1,1,0,0,0,133,103,1,29
1996,"BOONE",17007,172,126,0,0,46,1,1,0,0,0,171,125,0,46
1997,"BOONE",17007,197,159,0,0,38,2,2,0,0,0,195,157,0,38
1998,"BOONE",17007,221,185,0,0,36,1,1,0,0,0,220,184,0,36
1999,"BOONE",17007,197,158,0,0,39,0,0,0,0,0,197,158,0,39
2000,"BOONE",17007,186,151,1,0,34,2,1,1,0,0,184,150,0,34
2001,"BOONE",17007,265,209,0,0,56,2,2,0,0,0,263,207,0,56
2002,"BOONE",17007,308,248,0,0,60,3,3,0,0,0,305,245,0,60
2003,"BOONE",17007,376,307,0,0,69,0,0,0,0,0,376,307,0,69
1990,"BROWN",17009,12,12,0,0,0,2,2,0,0,0,10,10,0,0
1991,"BROWN",17009,14,14,0,0,0,0,0,0,0,0,14,14,0,0
1992,"BROWN",17009,22,20,0,2,0,3,1,0,2,0,19,19,0,0
1993,"BROWN",17009,6,6,0,0,0,0,0,0,0,0,6,6,0,0
1994,"BROWN",17009,6,6,0,0,0,0,0,0,0,0,6,6,0,0
1995,"BROWN",17009,7,7,0,0,0,0,0,0,0,0,7,7,0,0
1996,"BROWN",17009,17,16,0,1,0,1,0,0,1,0,16,16,0,0
1997,"BROWN",17009,25,24,0,0,1,1,1,0,0,0,24,23,0,1
1998,"BROWN",17009,17,17,0,0,0,0,0,0,0,0,17,17,0,0
1999,"BROWN",17009,19,17,0,0,2,0,0,0,0,0,19,17,0,2
2000,"BROWN",17009,20,17,1,1,1,2,0,1,1,0,18,17,0,1
2001,"BROWN",17009,22,22,0,0,0,0,0,0,0,0,22,22,0,0
2002,"BROWN",17009,35,32,0,0,3,0,0,0,0,0,35,32,0,3
2003,"BROWN",17009,33,31,0,0,2,0,0,0,0,0,33,31,0,2
1990,"BUREAU",17011,91,81,1,0,9,1,0,1,0,0,90,81,0,9
1991,"BUREAU",17011,82,73,1,1,7,3,1,1,1,0,79,72,0,7
1992,"BUREAU",17011,110,101,0,3,6,17,13,0,3,1,93,88,0,5
1993,"BUREAU",17011,83,75,0,1,7,16,12,0,1,3,67,63,0,4
1994,"BUREAU",17011,78,68,0,0,10,11,8,0,0,3,67,60,0,7
1995,"BUREAU",17011,98,85,1,0,12,9,8,1,0,0,89,77,0,12
1996,"BUREAU",17011,104,96,0,1,7,7,6,0,1,0,97,90,0,7
1997,"BUREAU",17011,156,137,0,1,18,7,5,0,1,1,149,132,0,17
1998,"BUREAU",17011,180,161,0,0,19,0,0,0,0,0,180,161,0,19
1999,"BUREAU",17011,138,124,0,2,12,4,2,0,2,0,134,122,0,12
2000,"BUREAU",17011,128,113,0,0,15,2,2,0,0,0,126,111,0,15
2001,"BUREAU",17011,224,212,0,0,12,4,4,0,0,0,220,208,0,12
2002,"BUREAU",17011,235,217,0,1,17,6,4,0,1,1,229,213,0,16
2003,"BUREAU",17011,264,242,0,1,21,1,0,0,1,0,263,242,0,21
1990,"CALHOUN",17013,15,13,1,0,1,6,4,1,0,1,9,9,0,0
1991,"CALHOUN",17013,13,7,1,0,5,4,1,1,0,2,9,6,0,3
1992,"CALHOUN",17013,18,14,0,0,4,1,1,0,0,0,17,13,0,4
1993,"CALHOUN",17013,9,7,0,0,2,0,0,0,0,0,9,7,0,2
1994,"CALHOUN",17013,6,6,0,0,0,1,1,0,0,0,5,5,0,0
1995,"CALHOUN",17013,15,14,0,0,1,0,0,0,0,0,15,14,0,1
1996,"CALHOUN",17013,4,4,0,0,0,1,1,0,0,0,3,3,0,0
1997,"CALHOUN",17013,9,6,0,0,3,0,0,0,0,0,9,6,0,3
1998,"CALHOUN",17013,6,4,0,0,2,0,0,0,0,0,6,4,0,2
1999,"CALHOUN",17013,8,5,0,0,3,1,1,0,0,0,7,4,0,3
2000,"CALHOUN",17013,27,22,0,0,5,8,7,0,0,1,19,15,0,4
2001,"CALHOUN",17013,7,6,0,0,1,0,0,0,0,0,7,6,0,1
2002,"CALHOUN",17013,19,14,0,0,5,1,1,0,0,0,18,13,0,5
2003,"CALHOUN",17013,17,13,0,0,4,4,3,0,0,1,13,10,0,3
1990,"CARROLL",17015,29,25,0,0,4,0,0,0,0,0,29,25,0,4
1991,"CARROLL",17015,40,31,0,0,9,0,0,0,0,0,40,31,0,9
1992,"CARROLL",17015,37,34,0,0,3,1,1,0,0,0,36,33,0,3
1993,"CARROLL",17015,31,24,0,1,6,1,0,0,1,0,30,24,0,6
1994,"CARROLL",17015,22,18,0,0,4,1,1,0,0,0,21,17,0,4
1995,"CARROLL",17015,51,43,0,0,8,1,1,0,0,0,50,42,0,8
1996,"CARROLL",17015,57,50,2,0,5,4,2,2,0,0,53,48,0,5
1997,"CARROLL",17015,66,42,0,0,24,2,1,0,0,1,64,41,0,23
1998,"CARROLL",17015,65,48,1,1,15,2,0,1,1,0,63,48,0,15
1999,"CARROLL",17015,72,60,2,1,9,3,0,2,1,0,69,60,0,9
2000,"CARROLL",17015,53,49,0,0,4,3,3,0,0,0,50,46,0,4
2001,"CARROLL",17015,75,65,2,0,8,2,2,0,0,0,73,63,2,8
2002,"CARROLL",17015,80,74,0,0,6,1,1,0,0,0,79,73,0,6
2003,"CARROLL",17015,85,80,0,0,5,0,0,0,0,0,85,80,0,5
1990,"CASS",17017,40,39,0,0,1,1,1,0,0,0,39,38,0,1
1991,"CASS",17017,42,39,1,0,2,3,2,1,0,0,39,37,0,2
1992,"CASS",17017,33,32,0,1,0,4,3,0,1,0,29,29,0,0
1993,"CASS",17017,25,25,0,0,0,0,0,0,0,0,25,25,0,0
1994,"CASS",17017,37,36,0,0,1,0,0,0,0,0,37,36,0,1
1995,"CASS",17017,43,39,0,0,4,1,1,0,0,0,42,38,0,4
1996,"CASS",17017,52,50,0,1,1,3,2,0,1,0,49,48,0,1
1997,"CASS",17017,87,83,0,1,3,2,1,0,1,0,85,82,0,3
1998,"CASS",17017,62,61,0,0,1,1,1,0,0,0,61,60,0,1
1999,"CASS",17017,65,60,0,1,4,1,0,0,1,0,64,60,0,4
2000,"CASS",17017,72,67,1,1,3,2,0,1,1,0,70,67,0,3
2001,"CASS",17017,91,85,0,1,5,4,3,0,1,0,87,82,0,5
2002,"CASS",17017,85,75,0,1,9,1,0,0,1,0,84,75,0,9
2003,"CASS",17017,91,88,1,0,2,2,1,1,0,0,89,87,0,2
1990,"CHAMPAIGN",17019,501,448,12,0,41,21,10,11,0,0,480,438,1,41
1991,"CHAMPAIGN",17019,595,531,3,0,61,20,16,2,0,2,575,515,1,59
1992,"CHAMPAIGN",17019,465,415,9,0,41,44,31,8,0,5,421,384,1,36
1993,"CHAMPAIGN",17019,373,339,6,1,27,49,34,6,1,8,324,305,0,19
1994,"CHAMPAIGN",17019,438,394,2,0,42,31,24,2,0,5,407,370,0,37
1995,"CHAMPAIGN",17019,483,443,0,0,40,32,30,0,0,2,451,413,0,38
1996,"CHAMPAIGN",17019,656,608,2,1,45,30,26,2,1,1,626,582,0,44
1997,"CHAMPAIGN",17019,898,833,5,0,60,18,13,5,0,0,880,820,0,60
1998,"CHAMPAIGN",17019,955,898,2,0,55,10,9,1,0,0,945,889,1,55
1999,"CHAMPAIGN",17019,912,831,4,0,77,10,5,4,0,1,902,826,0,76
2000,"CHAMPAIGN",17019,775,697,0,0,78,7,7,0,0,0,768,690,0,78
2001,"CHAMPAIGN",17019,869,771,3,0,95,14,11,2,0,1,855,760,1,94
2002,"CHAMPAIGN",17019,973,845,0,1,127,14,13,0,1,0,959,832,0,127
2003,"CHAMPAIGN",17019,1020,884,2,0,134,7,5,2,0,0,1013,879,0,134
1990,"CHRISTIAN",17021,104,101,2,1,0,7,4,2,1,0,97,97,0,0
1991,"CHRISTIAN",17021,108,101,2,0,5,7,5,2,0,0,101,96,0,5
1992,"CHRISTIAN",17021,109,102,1,2,4,8,5,1,2,0,101,97,0,4
1993,"CHRISTIAN",17021,105,99,1,3,2,15,11,1,3,0,90,88,0,2
1994,"CHRISTIAN",17021,100,94,1,0,5,2,1,1,0,0,98,93,0,5
1995,"CHRISTIAN",17021,116,112,1,0,3,2,2,0,0,0,114,110,1,3
1996,"CHRISTIAN",17021,162,154,1,1,6,12,8,1,1,2,150,146,0,4
1997,"CHRISTIAN",17021,224,218,0,0,6,3,3,0,0,0,221,215,0,6
1998,"CHRISTIAN",17021,227,217,0,3,7,3,0,0,3,0,224,217,0,7
1999,"CHRISTIAN",17021,183,172,1,3,7,4,0,1,3,0,179,172,0,7
2000,"CHRISTIAN",17021,215,196,2,3,14,4,0,1,3,0,211,196,1,14
2001,"CHRISTIAN",17021,270,253,0,1,16,3,1,0,1,1,267,252,0,15
2002,"CHRISTIAN",17021,264,240,1,2,21,7,4,1,2,0,257,236,0,21
2003,"CHRISTIAN",17021,309,283,0,1,25,2,1,0,1,0,307,282,0,25
1990,"CLARK",17023,60,49,2,1,8,15,10,2,1,2,45,39,0,6
1991,"CLARK",17023,46,41,0,0,5,4,3,0,0,1,42,38,0,4
1992,"CLARK",17023,54,52,0,2,0,15,13,0,2,0,39,39,0,0
1993,"CLARK",17023,35,33,1,0,1,7,6,1,0,0,28,27,0,1
1994,"CLARK",17023,41,41,0,0,0,1,1,0,0,0,40,40,0,0
1995,"CLARK",17023,50,45,0,0,5,4,2,0,0,2,46,43,0,3
1996,"CLARK",17023,72,68,0,0,4,4,4,0,0,0,68,64,0,4
1997,"CLARK",17023,100,92,0,1,7,12,10,0,1,1,88,82,0,6
1998,"CLARK",17023,97,87,0,0,10,9,7,0,0,2,88,80,0,8
1999,"CLARK",17023,119,108,1,1,9,10,9,0,1,0,109,99,1,9
2000,"CLARK",17023,101,87,1,2,11,10,6,0,2,2,91,81,1,9
2001,"CLARK",17023,112,97,1,0,14,11,10,1,0,0,101,87,0,14
2002,"CLARK",17023,125,107,1,0,17,3,1,1,0,1,122,106,0,16
2003,"CLARK",17023,146,139,0,0,7,2,1,0,0,1,144,138,0,6
1990,"CLAY",17025,30,27,0,0,3,3,3,0,0,0,27,24,0,3
1991,"CLAY",17025,28,28,0,0,0,5,5,0,0,0,23,23,0,0
1992,"CLAY",17025,41,39,0,0,2,6,5,0,0,1,35,34,0,1
1993,"CLAY",17025,32,30,0,1,1,5,4,0,1,0,27,26,0,1
1994,"CLAY",17025,23,22,0,0,1,4,4,0,0,0,19,18,0,1
1995,"CLAY",17025,24,24,0,0,0,0,0,0,0,0,24,24,0,0
1996,"CLAY",17025,37,34,0,0,3,8,8,0,0,0,29,26,0,3
1997,"CLAY",17025,54,48,2,2,2,10,5,2,2,1,44,43,0,1
1998,"CLAY",17025,60,60,0,0,0,12,12,0,0,0,48,48,0,0
1999,"CLAY",17025,81,72,0,0,9,12,9,0,0,3,69,63,0,6
2000,"CLAY",17025,89,77,1,1,10,14,10,1,1,2,75,67,0,8
2001,"CLAY",17025,79,71,0,1,7,10,9,0,1,0,69,62,0,7
2002,"CLAY",17025,56,53,0,0,3,1,1,0,0,0,55,52,0,3
2003,"CLAY",17025,81,71,0,0,10,2,1,0,0,1,79,70,0,9
1990,"CLINTON",17027,71,53,0,0,18,12,12,0,0,0,59,41,0,18
1991,"CLINTON",17027,79,57,3,0,19,15,12,3,0,0,64,45,0,19
1992,"CLINTON",17027,77,55,1,1,20,9,5,1,1,2,68,50,0,18
1993,"CLINTON",17027,52,33,0,0,19,6,3,0,0,3,46,30,0,16
1994,"CLINTON",17027,55,30,0,0,25,12,7,0,0,5,43,23,0,20
1995,"CLINTON",17027,63,42,0,0,21,9,6,0,0,3,54,36,0,18
1996,"CLINTON",17027,97,69,1,0,27,10,7,1,0,2,87,62,0,25
1997,"CLINTON",17027,136,107,0,1,28,25,17,0,1,7,111,90,0,21
1998,"CLINTON",17027,138,97,0,0,41,13,10,0,0,3,125,87,0,38
1999,"CLINTON",17027,101,65,0,1,35,10,8,0,1,1,91,57,0,34
2000,"CLINTON",17027,92,56,1,1,34,11,6,1,1,3,81,50,0,31
2001,"CLINTON",17027,165,123,0,0,42,12,8,0,0,4,153,115,0,38
2002,"CLINTON",17027,140,107,0,0,33,3,2,0,0,1,137,105,0,32
2003,"CLINTON",17027,168,117,0,0,51,2,1,0,0,1,166,116,0,50
1990,"COLES",17029,155,144,1,0,10,5,3,1,0,1,150,141,0,9
1991,"COLES",17029,151,131,0,0,20,8,6,0,0,2,143,125,0,18
1992,"COLES",17029,144,122,0,1,21,11,6,0,1,4,133,116,0,17
1993,"COLES",17029,134,123,1,0,10,9,8,1,0,0,125,115,0,10
1994,"COLES",17029,135,122,0,0,13,10,9,0,0,1,125,113,0,12
1995,"COLES",17029,187,159,1,0,27,18,9,1,0,8,169,150,0,19
1996,"COLES",17029,236,214,1,0,21,14,11,1,0,2,222,203,0,19
1997,"COLES",17029,327,294,0,0,33,10,10,0,0,0,317,284,0,33
1998,"COLES",17029,316,285,1,1,29,5,3,1,1,0,311,282,0,29
1999,"COLES",17029,304,276,0,0,28,4,4,0,0,0,300,272,0,28
2000,"COLES",17029,314,287,0,0,27,2,2,0,0,0,312,285,0,27
2001,"COLES",17029,405,367,3,0,35,6,4,2,0,0,399,363,1,35
2002,"COLES",17029,410,372,0,0,38,1,1,0,0,0,409,371,0,38
2003,"COLES",17029,392,322,0,0,70,3,3,0,0,0,389,319,0,70
1990,"COOK",17031,18602,12496,258,1,5847,730,428,246,1,55,17872,12068,12,5792
1991,"COOK",17031,20743,14118,383,0,6242,935,490,378,0,67,19808,13628,5,6175
1992,"COOK",17031,21196,14512,341,2,6341,996,584,331,2,79,20200,13928,10,6262
1993,"COOK",17031,20190,13952,296,0,5942,824,460,290,0,74,19366,13492,6,5868
1994,"COOK",17031,18994,13502,211,0,5281,624,364,204,0,56,18370,13138,7,5225
1995,"COOK",17031,20469,14898,191,0,5378,500,287,181,0,30,19969,14611,10,5348
1996,"COOK",17031,25650,18363,213,0,7074,526,300,201,0,25,25124,18063,12,7049
1997,"COOK",17031,29140,20301,193,0,8646,520,310,182,0,28,28620,19991,11,8618
1998,"COOK",17031,31057,20705,130,0,10222,368,230,126,0,12,30689,20475,4,10210
1999,"COOK",17031,30441,19053,196,0,11192,394,199,185,0,10,30047,18854,11,11182
2000,"COOK",17031,28191,17077,126,0,10988,341,207,121,0,13,27850,16870,5,10975
2001,"COOK",17031,34408,22443,212,0,11753,476,253,205,0,18,33932,22190,7,11735
2002,"COOK",17031,38386,25588,293,0,12505,531,243,282,0,6,37855,25345,11,12499
2003,"COOK",17031,38409,26404,172,0,11833,382,216,161,0,5,38027,26188,11,11828
1990,"CRAWFORD",17033,62,60,2,0,0,15,13,2,0,0,47,47,0,0
1991,"CRAWFORD",17033,50,47,1,1,1,13,11,1,1,0,37,36,0,1
1992,"CRAWFORD",17033,55,53,0,2,0,5,3,0,2,0,50,50,0,0
1993,"CRAWFORD",17033,51,50,0,1,0,4,3,0,1,0,47,47,0,0
1994,"CRAWFORD",17033,59,56,0,2,1,10,7,0,2,1,49,49,0,0
1995,"CRAWFORD",17033,87,85,0,1,1,6,5,0,1,0,81,80,0,1
1996,"CRAWFORD",17033,110,98,0,1,11,12,11,0,1,0,98,87,0,11
1997,"CRAWFORD",17033,100,93,0,0,7,9,8,0,0,1,91,85,0,6
1998,"CRAWFORD",17033,97,94,0,0,3,7,6,0,0,1,90,88,0,2
1999,"CRAWFORD",17033,106,97,0,0,9,15,15,0,0,0,91,82,0,9
2000,"CRAWFORD",17033,115,106,0,4,5,13,9,0,4,0,102,97,0,5
2001,"CRAWFORD",17033,117,101,0,2,14,13,8,0,2,3,104,93,0,11
2002,"CRAWFORD",17033,136,128,0,1,7,5,3,0,1,1,131,125,0,6
2003,"CRAWFORD",17033,160,150,0,0,10,3,2,0,0,1,157,148,0,9
1990,"CUMBERLAND",17035,38,32,3,1,2,13,8,3,1,1,25,24,0,1
1991,"CUMBERLAND",17035,31,29,0,0,2,3,3,0,0,0,28,26,0,2
1992,"CUMBERLAND",17035,36,32,0,0,4,9,9,0,0,0,27,23,0,4
1993,"CUMBERLAND",17035,33,31,0,1,1,7,6,0,1,0,26,25,0,1
1994,"CUMBERLAND",17035,22,22,0,0,0,4,4,0,0,0,18,18,0,0
1995,"CUMBERLAND",17035,31,30,0,0,1,5,4,0,0,1,26,26,0,0
1996,"CUMBERLAND",17035,57,53,0,0,4,3,1,0,0,2,54,52,0,2
1997,"CUMBERLAND",17035,56,54,0,0,2,4,4,0,0,0,52,50,0,2
1998,"CUMBERLAND",17035,91,84,0,0,7,12,9,0,0,3,79,75,0,4
1999,"CUMBERLAND",17035,101,88,1,0,12,6,5,1,0,0,95,83,0,12
2000,"CUMBERLAND",17035,87,76,0,0,11,5,5,0,0,0,82,71,0,11
2001,"CUMBERLAND",17035,80,75,1,0,4,7,6,1,0,0,73,69,0,4
2002,"CUMBERLAND",17035,88,78,0,0,10,1,1,0,0,0,87,77,0,10
2003,"CUMBERLAND",17035,85,76,3,2,4,5,1,1,2,1,80,75,2,3
1990,"DEKALB",17037,182,160,1,0,21,4,3,1,0,0,178,157,0,21
1991,"DE KALB",17037,192,165,3,0,24,5,1,3,0,1,187,164,0,23
1992,"DE KALB",17037,219,168,2,0,49,3,1,2,0,0,216,167,0,49
1993,"DE KALB",17037,171,147,2,0,22,6,4,2,0,0,165,143,0,22
1994,"DE KALB",17037,169,151,1,0,17,3,2,1,0,0,166,149,0,17
1995,"DE KALB",17037,221,186,2,0,33,7,4,2,0,1,214,182,0,32
1996,"DE KALB",17037,255,223,7,0,25,14,7,6,0,1,241,216,1,24
1997,"DE KALB",17037,298,262,3,0,33,5,2,3,0,0,293,260,0,33
1998,"DE KALB",17037,322,272,3,0,47,4,2,2,0,0,318,270,1,47
1999,"DEKALB",17037,307,239,5,0,63,8,5,3,0,0,299,234,2,63
2000,"DE KALB",17037,299,227,3,0,69,4,1,3,0,0,295,226,0,69
2001,"DE KALB",17037,379,299,1,0,79,5,4,0,0,1,374,295,1,78
2002,"DE KALB",17037,463,383,3,0,77,10,7,3,0,0,453,376,0,77
2003,"DE KALB",17037,428,370,1,0,57,2,1,1,0,0,426,369,0,57
1990,"DE WITT",17039,51,50,0,0,1,0,0,0,0,0,51,50,0,1
1991,"DE WITT",17039,62,57,2,1,2,4,0,2,1,1,58,57,0,1
1992,"DE WITT",17039,61,59,0,0,2,2,2,0,0,0,59,57,0,2
1993,"DE WITT",17039,61,59,1,0,1,4,3,1,0,0,57,56,0,1
1994,"DE WITT",17039,66,63,0,0,3,3,2,0,0,1,63,61,0,2
1995,"DE WITT",17039,77,69,0,0,8,2,1,0,0,1,75,68,0,7
1996,"DE WITT",17039,101,95,0,0,6,1,1,0,0,0,100,94,0,6
1997,"DE WITT",17039,126,122,0,0,4,0,0,0,0,0,126,122,0,4
1998,"DE WITT",17039,113,107,0,1,5,2,1,0,1,0,111,106,0,5
1999,"DE WITT",17039,112,108,0,0,4,2,2,0,0,0,110,106,0,4
2000,"DE WITT",17039,94,90,0,1,3,1,0,0,1,0,93,90,0,3
2001,"DE WITT",17039,111,98,0,1,12,2,1,0,1,0,109,97,0,12
2002,"DE WITT",17039,144,135,0,0,9,0,0,0,0,0,144,135,0,9
2003,"DE WITT",17039,141,135,0,0,6,0,0,0,0,0,141,135,0,6
1990,"DOUGLAS",17041,43,39,2,0,2,2,0,2,0,0,41,39,0,2
1991,"DOUGLAS",17041,53,46,1,0,6,3,1,1,0,1,50,45,0,5
1992,"DOUGLAS",17041,37,32,0,1,4,3,2,0,1,0,34,30,0,4
1993,"DOUGLAS",17041,50,44,2,0,4,9,6,2,0,1,41,38,0,3
1994,"DOUGLAS",17041,47,42,0,0,5,8,7,0,0,1,39,35,0,4
1995,"DOUGLAS",17041,57,53,0,0,4,2,2,0,0,0,55,51,0,4
1996,"DOUGLAS",17041,79,70,0,0,9,0,0,0,0,0,79,70,0,9
1997,"DOUGLAS",17041,96,90,1,0,5,3,2,1,0,0,93,88,0,5
1998,"DOUGLAS",17041,124,116,2,1,5,4,1,2,1,0,120,115,0,5
1999,"DOUGLAS",17041,91,81,0,0,10,2,2,0,0,0,89,79,0,10
2000,"DOUGLAS",17041,106,87,0,0,19,4,3,0,0,1,102,84,0,18
2001,"DOUGLAS",17041,168,141,1,0,26,2,1,1,0,0,166,140,0,26
2002,"DOUGLAS",17041,137,115,0,0,22,1,1,0,0,0,136,114,0,22
2003,"DOUGLAS",17041,136,105,1,0,30,3,1,1,0,1,133,104,0,29
1990,"DU PAGE",17043,1755,1497,46,0,212,202,147,46,0,9,1553,1350,0,203
1991,"DU PAGE",17043,2132,1791,60,0,281,210,140,60,0,10,1922,1651,0,271
1992,"DU PAGE",17043,2381,2050,69,0,262,222,134,67,0,21,2159,1916,2,241
1993,"DU PAGE",17043,2198,1860,47,0,291,174,118,45,0,11,2024,1742,2,280
1994,"DU PAGE",17043,1968,1651,37,0,280,142,98,31,0,13,1826,1553,6,267
1995,"DU PAGE",17043,2288,1968,37,0,283,148,113,31,0,4,2140,1855,6,279
1996,"DU PAGE",17043,2710,2294,41,0,375,125,80,41,0,4,2585,2214,0,371
1997,"DU PAGE",17043,3109,2604,30,0,475,112,80,27,0,5,2997,2524,3,470
1998,"DU PAGE",17043,3128,2605,23,0,500,93,72,21,0,0,3035,2533,2,500
1999,"DU PAGE",17043,2820,2236,30,0,554,83,54,28,0,1,2737,2182,2,553
2000,"DU PAGE",17043,2650,2136,20,0,494,75,57,18,0,0,2575,2079,2,494
2001,"DU PAGE",17043,3002,2415,34,0,553,116,83,31,0,2,2886,2332,3,551
2002,"DU PAGE",17043,3319,2658,33,0,628,114,85,29,0,0,3205,2573,4,628
2003,"DU PAGE",17043,3496,2826,55,0,615,128,77,51,0,0,3368,2749,4,615
1990,"EDGAR",17045,72,69,1,0,2,2,1,1,0,0,70,68,0,2
1991,"EDGAR",17045,62,54,0,0,8,1,1,0,0,0,61,53,0,8
1992,"EDGAR",17045,84,81,0,0,3,7,7,0,0,0,77,74,0,3
1993,"EDGAR",17045,54,49,1,0,4,6,5,1,0,0,48,44,0,4
1994,"EDGAR",17045,61,61,0,0,0,6,6,0,0,0,55,55,0,0
1995,"EDGAR",17045,68,66,0,0,2,5,5,0,0,0,63,61,0,2
1996,"EDGAR",17045,107,95,3,0,9,9,6,3,0,0,98,89,0,9
1997,"EDGAR",17045,120,110,0,0,10,3,3,0,0,0,117,107,0,10
1998,"EDGAR",17045,86,83,0,0,3,0,0,0,0,0,86,83,0,3
1999,"EDGAR",17045,119,105,1,1,12,3,0,1,1,1,116,105,0,11
2000,"EDGAR",17045,107,95,0,0,12,0,0,0,0,0,107,95,0,12
2001,"EDGAR",17045,134,119,0,1,14,4,2,0,1,1,130,117,0,13
2002,"EDGAR",17045,131,113,0,1,17,4,2,0,1,1,127,111,0,16
2003,"EDGAR",17045,124,113,0,0,11,2,2,0,0,0,122,111,0,11
1990,"EDWARDS",17047,22,18,0,2,2,7,4,0,2,1,15,14,0,1
1991,"EDWARDS",17047,25,24,0,0,1,4,4,0,0,0,21,20,0,1
1992,"EDWARDS",17047,28,23,1,3,1,7,3,1,3,0,21,20,0,1
1993,"EDWARDS",17047,5,4,0,1,0,1,0,0,1,0,4,4,0,0
1994,"EDWARDS",17047,7,7,0,0,0,0,0,0,0,0,7,7,0,0
1995,"EDWARDS",17047,9,9,0,0,0,1,1,0,0,0,8,8,0,0
1996,"EDWARDS",17047,20,18,1,1,0,3,1,1,1,0,17,17,0,0
1997,"EDWARDS",17047,23,21,0,0,2,1,0,0,0,1,22,21,0,1
1998,"EDWARDS",17047,34,32,0,0,2,3,3,0,0,0,31,29,0,2
1999,"EDWARDS",17047,27,25,0,0,2,0,0,0,0,0,27,25,0,2
2000,"EDWARDS",17047,26,24,0,0,2,4,3,0,0,1,22,21,0,1
2001,"EDWARDS",17047,29,27,0,0,2,6,5,0,0,1,23,22,0,1
2002,"EDWARDS",17047,24,21,0,0,3,0,0,0,0,0,24,21,0,3
2003,"EDWARDS",17047,41,37,0,0,4,0,0,0,0,0,41,37,0,4
1990,"EFFINGHAM",17049,61,52,2,1,6,10,6,2,1,1,51,46,0,5
1991,"EFFINGHAM",17049,90,81,0,0,9,15,13,0,0,2,75,68,0,7
1992,"EFFINGHAM",17049,78,67,0,0,11,14,12,0,0,2,64,55,0,9
1993,"EFFINGHAM",17049,67,61,0,0,6,7,6,0,0,1,60,55,0,5
1994,"EFFINGHAM",17049,64,55,2,0,7,12,9,2,0,1,52,46,0,6
1995,"EFFINGHAM",17049,83,76,2,0,5,12,9,2,0,1,71,67,0,4
1996,"EFFINGHAM",17049,134,122,0,1,11,12,10,0,1,1,122,112,0,10
1997,"EFFINGHAM",17049,152,130,1,0,21,19,16,1,0,2,133,114,0,19
1998,"EFFINGHAM",17049,162,141,0,0,21,25,17,0,0,8,137,124,0,13
1999,"EFFINGHAM",17049,163,143,0,1,19,20,17,0,1,2,143,126,0,17
2000,"EFFINGHAM",17049,201,170,0,0,31,16,14,0,0,2,185,156,0,29
2001,"EFFINGHAM",17049,234,199,3,0,32,26,21,2,0,3,208,178,1,29
2002,"EFFINGHAM",17049,264,222,0,0,42,8,6,0,0,2,256,216,0,40
2003,"EFFINGHAM",17049,287,244,1,0,42,11,8,1,0,2,276,236,0,40
1990,"FAYETTE",17051,72,59,1,4,8,11,5,1,4,1,61,54,0,7
1991,"FAYETTE",17051,81,68,2,2,9,13,9,2,2,0,68,59,0,9
1992,"FAYETTE",17051,83,72,1,0,10,8,7,1,0,0,75,65,0,10
1993,"FAYETTE",17051,66,55,1,2,8,13,8,1,2,2,53,47,0,6
1994,"FAYETTE",17051,50,45,0,0,5,4,4,0,0,0,46,41,0,5
1995,"FAYETTE",17051,55,47,0,1,7,2,1,0,1,0,53,46,0,7
1996,"FAYETTE",17051,89,81,0,1,7,12,9,0,1,2,77,72,0,5
1997,"FAYETTE",17051,100,89,0,0,11,10,7,0,0,3,90,82,0,8
1998,"FAYETTE",17051,112,99,0,0,13,11,11,0,0,0,101,88,0,13
1999,"FAYETTE",17051,119,106,1,0,12,9,6,1,0,2,110,100,0,10
2000,"FAYETTE",17051,94,82,0,0,12,8,7,0,0,1,86,75,0,11
2001,"FAYETTE",17051,129,115,0,0,14,12,12,0,0,0,117,103,0,14
2002,"FAYETTE",17051,119,110,0,1,8,4,3,0,1,0,115,107,0,8
2003,"FAYETTE",17051,121,113,0,0,8,2,2,0,0,0,119,111,0,8
1990,"FORD",17053,35,33,0,0,2,1,1,0,0,0,34,32,0,2
1991,"FORD",17053,26,25,0,0,1,0,0,0,0,0,26,25,0,1
1992,"FORD",17053,36,32,0,0,4,0,0,0,0,0,36,32,0,4
1993,"FORD",17053,46,41,0,2,3,6,4,0,2,0,40,37,0,3
1994,"FORD",17053,24,24,0,0,0,3,3,0,0,0,21,21,0,0
1995,"FORD",17053,38,34,0,0,4,1,1,0,0,0,37,33,0,4
1996,"FORD",17053,47,45,0,0,2,3,3,0,0,0,44,42,0,2
1997,"FORD",17053,71,66,0,0,5,1,1,0,0,0,70,65,0,5
1998,"FORD",17053,83,79,0,0,4,0,0,0,0,0,83,79,0,4
1999,"FORD",17053,67,63,0,0,4,2,2,0,0,0,65,61,0,4
2000,"FORD",17053,57,51,0,1,5,3,2,0,1,0,54,49,0,5
2001,"FORD",17053,97,92,0,0,5,1,1,0,0,0,96,91,0,5
2002,"FORD",17053,101,91,0,0,10,0,0,0,0,0,101,91,0,10
2003,"FORD",17053,126,113,0,0,13,0,0,0,0,0,126,113,0,13
1990,"FRANKLIN",17055,152,141,2,1,8,34,27,2,1,4,118,114,0,4
1991,"FRANKLIN",17055,133,127,0,2,4,24,21,0,2,1,109,106,0,3
1992,"FRANKLIN",17055,130,121,0,3,6,23,19,0,3,1,107,102,0,5
1993,"FRANKLIN",17055,103,97,1,0,5,15,13,1,0,1,88,84,0,4
1994,"FRANKLIN",17055,145,136,0,1,8,16,14,0,1,1,129,122,0,7
1995,"FRANKLIN",17055,154,137,1,0,16,21,15,1,0,5,133,122,0,11
1996,"FRANKLIN",17055,214,177,2,0,35,23,16,1,0,6,191,161,1,29
1997,"FRANKLIN",17055,275,245,1,0,29,36,27,1,0,8,239,218,0,21
1998,"FRANKLIN",17055,324,294,1,0,29,45,35,1,0,9,279,259,0,20
1999,"FRANKLIN",17055,290,221,1,0,68,28,22,1,0,5,262,199,0,63
2000,"FRANKLIN",17055,284,235,1,0,48,22,14,1,0,7,262,221,0,41
2001,"FRANKLIN",17055,387,291,0,0,96,34,27,0,0,7,353,264,0,89
2002,"FRANKLIN",17055,383,283,1,0,99,13,9,1,0,3,370,274,0,96
2003,"FRANKLIN",17055,413,310,0,0,103,7,5,0,0,2,406,305,0,101
1990,"FULTON",17057,133,111,1,0,21,3,2,1,0,0,130,109,0,21
1991,"FULTON",17057,143,124,1,1,17,4,2,1,1,0,139,122,0,17
1992,"FULTON",17057,139,116,0,3,20,13,6,0,3,4,126,110,0,16
1993,"FULTON",17057,149,124,0,3,22,11,8,0,3,0,138,116,0,22
1994,"FULTON",17057,151,123,1,3,24,11,5,1,3,2,140,118,0,22
1995,"FULTON",17057,169,136,0,3,30,8,4,0,3,1,161,132,0,29
1996,"FULTON",17057,227,188,0,1,38,4,3,0,1,0,223,185,0,38
1997,"FULTON",17057,272,225,0,0,47,9,7,0,0,2,263,218,0,45
1998,"FULTON",17057,261,196,0,2,63,2,0,0,2,0,259,196,0,63
1999,"FULTON",17057,248,177,1,1,69,3,1,1,1,0,245,176,0,69
2000,"FULTON",17057,250,181,1,1,67,3,1,1,1,0,247,180,0,67
2001,"FULTON",17057,323,242,0,1,80,6,4,0,1,1,317,238,0,79
2002,"FULTON",17057,309,238,0,0,71,2,2,0,0,0,307,236,0,71
2003,"FULTON",17057,298,241,2,0,55,5,3,2,0,0,293,238,0,55
1990,"GALLATIN",17059,18,17,1,0,0,6,5,1,0,0,12,12,0,0
1991,"GALLATIN",17059,16,14,0,0,2,3,3,0,0,0,13,11,0,2
1992,"GALLATIN",17059,14,14,0,0,0,1,1,0,0,0,13,13,0,0
1993,"GALLATIN",17059,12,12,0,0,0,0,0,0,0,0,12,12,0,0
1994,"GALLATIN",17059,9,9,0,0,0,4,4,0,0,0,5,5,0,0
1995,"GALLATIN",17059,25,23,0,0,2,5,3,0,0,2,20,20,0,0
1996,"GALLATIN",17059,32,30,1,0,1,8,6,1,0,1,24,24,0,0
1997,"GALLATIN",17059,26,23,0,0,3,6,5,0,0,1,20,18,0,2
1998,"GALLATIN",17059,40,38,1,0,1,6,4,1,0,1,34,34,0,0
1999,"GALLATIN",17059,31,28,0,0,3,7,6,0,0,1,24,22,0,2
2000,"GALLATIN",17059,40,29,0,0,11,7,3,0,0,4,33,26,0,7
2001,"GALLATIN",17059,33,25,0,0,8,2,2,0,0,0,31,23,0,8
2002,"GALLATIN",17059,51,41,0,0,10,1,0,0,0,1,50,41,0,9
2003,"GALLATIN",17059,29,24,0,0,5,1,0,0,0,1,28,24,0,4
1990,"GREENE",17061,22,22,0,0,0,0,0,0,0,0,22,22,0,0
1991,"GREENE",17061,33,30,1,0,2,1,0,1,0,0,32,30,0,2
1992,"GREENE",17061,24,21,2,1,0,5,2,2,1,0,19,19,0,0
1993,"GREENE",17061,15,12,0,2,1,2,0,0,2,0,13,12,0,1
1994,"GREENE",17061,21,19,0,1,1,3,1,0,1,1,18,18,0,0
1995,"GREENE",17061,32,28,0,3,1,3,0,0,3,0,29,28,0,1
1996,"GREENE",17061,31,27,0,0,4,0,0,0,0,0,31,27,0,4
1997,"GREENE",17061,69,67,0,0,2,2,2,0,0,0,67,65,0,2
1998,"GREENE",17061,75,71,0,2,2,2,0,0,2,0,73,71,0,2
1999,"GREENE",17061,71,69,0,0,2,0,0,0,0,0,71,69,0,2
2000,"GREENE",17061,56,55,0,0,1,0,0,0,0,0,56,55,0,1
2001,"GREENE",17061,74,71,0,1,2,1,0,0,1,0,73,71,0,2
2002,"GREENE",17061,77,68,1,1,7,2,0,1,1,0,75,68,0,7
2003,"GREENE",17061,75,64,1,1,9,2,0,1,1,0,73,64,0,9
1990,"GRUNDY",17063,107,102,0,1,4,1,0,0,1,0,106,102,0,4
1991,"GRUNDY",17063,103,102,0,0,1,1,1,0,0,0,102,101,0,1
1992,"GRUNDY",17063,122,114,0,0,8,9,9,0,0,0,113,105,0,8
1993,"GRUNDY",17063,135,132,0,0,3,5,5,0,0,0,130,127,0,3
1994,"GRUNDY",17063,116,107,0,0,9,2,2,0,0,0,114,105,0,9
1995,"GRUNDY",17063,129,124,0,0,5,4,3,0,0,1,125,121,0,4
1996,"GRUNDY",17063,196,187,0,0,9,2,2,0,0,0,194,185,0,9
1997,"GRUNDY",17063,221,208,0,0,13,2,1,0,0,1,219,207,0,12
1998,"GRUNDY",17063,252,239,2,0,11,7,4,2,0,1,245,235,0,10
1999,"GRUNDY",17063,228,216,0,0,12,6,6,0,0,0,222,210,0,12
2000,"GRUNDY",17063,216,205,0,0,11,3,3,0,0,0,213,202,0,11
2001,"GRUNDY",17063,279,260,2,0,17,9,7,2,0,0,270,253,0,17
2002,"GRUNDY",17063,274,254,0,0,20,2,2,0,0,0,272,252,0,20
2003,"GRUNDY",17063,315,289,0,0,26,3,3,0,0,0,312,286,0,26
1990,"HAMILTON",17065,17,17,0,0,0,3,3,0,0,0,14,14,0,0
1991,"HAMILTON",17065,18,17,1,0,0,5,4,1,0,0,13,13,0,0
1992,"HAMILTON",17065,20,18,0,0,2,1,1,0,0,0,19,17,0,2
1993,"HAMILTON",17065,12,12,0,0,0,0,0,0,0,0,12,12,0,0
1994,"HAMILTON",17065,7,7,0,0,0,2,2,0,0,0,5,5,0,0
1995,"HAMILTON",17065,10,8,0,1,1,3,2,0,1,0,7,6,0,1
1996,"HAMILTON",17065,21,18,0,0,3,2,2,0,0,0,19,16,0,3
1997,"HAMILTON",17065,41,40,1,0,0,9,8,1,0,0,32,32,0,0
1998,"HAMILTON",17065,38,33,0,0,5,5,5,0,0,0,33,28,0,5
1999,"HAMILTON",17065,32,30,0,0,2,3,3,0,0,0,29,27,0,2
2000,"HAMILTON",17065,42,34,0,0,8,7,6,0,0,1,35,28,0,7
2001,"HAMILTON",17065,33,27,0,0,6,5,2,0,0,3,28,25,0,3
2002,"HAMILTON",17065,35,24,0,0,11,3,2,0,0,1,32,22,0,10
2003,"HAMILTON",17065,51,43,0,0,8,0,0,0,0,0,51,43,0,8
1990,"HANCOCK",17067,42,25,0,0,17,0,0,0,0,0,42,25,0,17
1991,"HANCOCK",17067,42,29,1,3,9,4,0,1,3,0,38,29,0,9
1992,"HANCOCK",17067,49,33,0,5,11,15,9,0,5,1,34,24,0,10
1993,"HANCOCK",17067,28,22,2,1,3,6,3,2,1,0,22,19,0,3
1994,"HANCOCK",17067,37,27,0,1,9,6,3,0,1,2,31,24,0,7
1995,"HANCOCK",17067,34,30,0,2,2,5,3,0,2,0,29,27,0,2
1996,"HANCOCK",17067,67,56,0,2,9,9,5,0,2,2,58,51,0,7
1997,"HANCOCK",17067,88,71,0,0,17,0,0,0,0,0,88,71,0,17
1998,"HANCOCK",17067,79,67,0,0,12,1,0,0,0,1,78,67,0,11
1999,"HANCOCK",17067,80,62,0,2,16,3,0,0,2,1,77,62,0,15
2000,"HANCOCK",17067,73,63,0,0,10,2,2,0,0,0,71,61,0,10
2001,"HANCOCK",17067,114,100,0,0,14,2,2,0,0,0,112,98,0,14
2002,"HANCOCK",17067,98,79,0,0,19,1,1,0,0,0,97,78,0,19
2003,"HANCOCK",17067,96,86,1,1,8,3,1,1,1,0,93,85,0,8
1990,"HARDIN",17069,6,6,0,0,0,4,4,0,0,0,2,2,0,0
1991,"HARDIN",17069,7,7,0,0,0,1,1,0,0,0,6,6,0,0
1992,"HARDIN",17069,7,6,0,0,1,0,0,0,0,0,7,6,0,1
1993,"HARDIN",17069,12,10,0,0,2,2,1,0,0,1,10,9,0,1
1994,"HARDIN",17069,7,6,0,0,1,2,2,0,0,0,5,4,0,1
1995,"HARDIN",17069,11,11,0,0,0,2,2,0,0,0,9,9,0,0
1996,"HARDIN",17069,14,13,0,0,1,1,1,0,0,0,13,12,0,1
1997,"HARDIN",17069,19,15,0,0,4,1,1,0,0,0,18,14,0,4
1998,"HARDIN",17069,21,18,0,0,3,0,0,0,0,0,21,18,0,3
1999,"HARDIN",17069,24,20,0,0,4,2,1,0,0,1,22,19,0,3
2000,"HARDIN",17069,26,25,0,0,1,4,3,0,0,1,22,22,0,0
2001,"HARDIN",17069,22,17,0,0,5,0,0,0,0,0,22,17,0,5
2002,"HARDIN",17069,37,28,0,0,9,0,0,0,0,0,37,28,0,9
2003,"HARDIN",17069,19,15,0,0,4,0,0,0,0,0,19,15,0,4
1990,"HENDERSON",17071,25,21,1,0,3,1,1,0,0,0,24,20,1,3
1991,"HENDERSON",17071,24,19,1,1,3,5,3,1,1,0,19,16,0,3
1992,"HENDERSON",17071,26,21,0,1,4,2,1,0,1,0,24,20,0,4
1993,"HENDERSON",17071,22,15,0,1,6,4,3,0,1,0,18,12,0,6
1994,"HENDERSON",17071,24,16,3,2,3,6,1,3,2,0,18,15,0,3
1995,"HENDERSON",17071,36,26,0,0,10,6,5,0,0,1,30,21,0,9
1996,"HENDERSON",17071,34,25,0,0,9,0,0,0,0,0,34,25,0,9
1997,"HENDERSON",17071,43,33,0,1,9,2,1,0,1,0,41,32,0,9
1998,"HENDERSON",17071,45,35,0,0,10,0,0,0,0,0,45,35,0,10
1999,"HENDERSON",17071,38,29,0,0,9,1,1,0,0,0,37,28,0,9
2000,"HENDERSON",17071,45,32,0,2,11,2,0,0,2,0,43,32,0,11
2001,"HENDERSON",17071,56,47,0,0,9,1,0,0,0,1,55,47,0,8
2002,"HENDERSON",17071,57,52,1,0,4,1,0,1,0,0,56,52,0,4
2003,"HENDERSON",17071,67,57,0,0,10,1,1,0,0,0,66,56,0,10
1990,"HENRY",17073,158,119,1,1,37,5,3,1,1,0,153,116,0,37
1991,"HENRY",17073,168,117,2,1,48,4,0,2,1,1,164,117,0,47
1992,"HENRY",17073,179,130,3,4,42,21,9,3,4,5,158,121,0,37
1993,"HENRY",17073,137,110,0,1,26,9,7,0,1,1,128,103,0,25
1994,"HENRY",17073,147,115,3,0,29,13,9,3,0,1,134,106,0,28
1995,"HENRY",17073,174,133,0,3,38,12,5,0,3,4,162,128,0,34
1996,"HENRY",17073,199,151,0,0,48,3,1,0,0,2,196,150,0,46
1997,"HENRY",17073,257,190,0,2,65,10,5,0,2,3,247,185,0,62
1998,"HENRY",17073,242,199,0,0,43,1,0,0,0,1,241,199,0,42
1999,"HENRY",17073,245,192,2,1,50,3,0,2,1,0,242,192,0,50
2000,"HENRY",17073,253,194,0,0,59,2,2,0,0,0,251,192,0,59
2001,"HENRY",17073,311,262,3,1,45,6,2,3,1,0,305,260,0,45
2002,"HENRY",17073,335,278,1,1,55,4,2,1,1,0,331,276,0,55
2003,"HENRY",17073,362,297,0,0,65,4,4,0,0,0,358,293,0,65
1990,"IROQUOIS",17075,59,58,1,0,0,4,3,1,0,0,55,55,0,0
1991,"IROQUOIS",17075,98,93,1,0,4,5,1,1,0,3,93,92,0,1
1992,"IROQUOIS",17075,85,77,1,2,5,10,7,1,2,0,75,70,0,5
1993,"IROQUOIS",17075,62,61,0,0,1,2,1,0,0,1,60,60,0,0
1994,"IROQUOIS",17075,63,59,0,0,4,2,2,0,0,0,61,57,0,4
1995,"IROQUOIS",17075,75,68,3,0,4,7,3,3,0,1,68,65,0,3
1996,"IROQUOIS",17075,103,97,0,0,6,0,0,0,0,0,103,97,0,6
1997,"IROQUOIS",17075,116,106,0,0,10,2,2,0,0,0,114,104,0,10
1998,"IROQUOIS",17075,169,156,1,0,12,5,4,1,0,0,164,152,0,12
1999,"IROQUOIS",17075,136,126,0,0,10,1,1,0,0,0,135,125,0,10
2000,"IROQUOIS",17075,169,148,0,3,18,7,2,0,3,2,162,146,0,16
2001,"IROQUOIS",17075,211,191,2,1,17,3,0,2,1,0,208,191,0,17
2002,"IROQUOIS",17075,202,188,0,0,14,0,0,0,0,0,202,188,0,14
2003,"IROQUOIS",17075,237,202,3,1,31,7,2,3,1,1,230,200,0,30
1990,"JACKSON",17077,118,112,1,1,4,25,23,1,1,0,93,89,0,4
1991,"JACKSON",17077,126,114,2,0,10,21,18,2,0,1,105,96,0,9
1992,"JACKSON",17077,124,112,2,1,9,19,14,2,1,2,105,98,0,7
1993,"JACKSON",17077,106,96,4,0,6,16,10,4,0,2,90,86,0,4
1994,"JACKSON",17077,113,97,4,0,12,18,12,4,0,2,95,85,0,10
1995,"JACKSON",17077,143,128,0,1,14,12,8,0,1,3,131,120,0,11
1996,"JACKSON",17077,192,162,1,1,28,27,18,1,1,7,165,144,0,21
1997,"JACKSON",17077,251,229,1,0,21,25,23,1,0,1,226,206,0,20
1998,"JACKSON",17077,259,226,2,1,30,27,17,2,1,7,232,209,0,23
1999,"JACKSON",17077,301,255,2,0,44,35,27,2,0,6,266,228,0,38
2000,"JACKSON",17077,290,238,1,0,51,28,21,1,0,6,262,217,0,45
2001,"JACKSON",17077,308,235,2,1,70,20,13,2,1,4,288,222,0,66
2002,"JACKSON",17077,322,249,1,0,72,5,2,0,0,3,317,247,1,69
2003,"JACKSON",17077,393,293,1,0,99,10,6,1,0,3,383,287,0,96
1990,"JASPER",17079,31,29,0,0,2,9,8,0,0,1,22,21,0,1
1991,"JASPER",17079,29,26,0,1,2,7,6,0,1,0,22,20,0,2
1992,"JASPER",17079,24,21,0,2,1,7,5,0,2,0,17,16,0,1
1993,"JASPER",17079,16,16,0,0,0,3,3,0,0,0,13,13,0,0
1994,"JASPER",17079,20,20,0,0,0,4,4,0,0,0,16,16,0,0
1995,"JASPER",17079,24,17,0,6,1,10,4,0,6,0,14,13,0,1
1996,"JASPER",17079,30,24,0,0,6,1,1,0,0,0,29,23,0,6
1997,"JASPER",17079,39,35,1,0,3,4,3,1,0,0,35,32,0,3
1998,"JASPER",17079,37,34,0,1,2,7,6,0,1,0,30,28,0,2
1999,"JASPER",17079,55,49,0,1,5,4,3,0,1,0,51,46,0,5
2000,"JASPER",17079,44,41,0,0,3,4,3,0,0,1,40,38,0,2
2001,"JASPER",17079,46,40,2,0,4,7,4,1,0,2,39,36,1,2
2002,"JASPER",17079,50,43,1,1,5,2,0,1,1,0,48,43,0,5
2003,"JASPER",17079,58,48,0,0,10,2,2,0,0,0,56,46,0,10
1990,"JEFFERSON",17081,118,101,2,0,15,22,18,2,0,2,96,83,0,13
1991,"JEFFERSON",17081,123,104,1,1,17,20,15,1,1,3,103,89,0,14
1992,"JEFFERSON",17081,113,94,1,1,17,15,12,1,1,1,98,82,0,16
1993,"JEFFERSON",17081,85,72,2,2,9,15,10,2,2,1,70,62,0,8
1994,"JEFFERSON",17081,65,50,0,0,15,10,9,0,0,1,55,41,0,14
1995,"JEFFERSON",17081,109,93,0,0,16,15,13,0,0,2,94,80,0,14
1996,"JEFFERSON",17081,162,115,0,0,47,19,8,0,0,11,143,107,0,36
1997,"JEFFERSON",17081,231,189,0,0,42,37,31,0,0,6,194,158,0,36
1998,"JEFFERSON",17081,220,172,0,1,47,36,24,0,1,11,184,148,0,36
1999,"JEFFERSON",17081,184,135,0,0,49,29,20,0,0,9,155,115,0,40
2000,"JEFFERSON",17081,213,161,1,0,51,30,22,1,0,7,183,139,0,44
2001,"JEFFERSON",17081,271,214,3,2,52,30,19,3,2,6,241,195,0,46
2002,"JEFFERSON",17081,309,245,0,2,62,8,6,0,2,0,301,239,0,62
2003,"JEFFERSON",17081,287,231,2,1,53,2,1,0,1,0,285,230,2,53
1990,"JERSEY",17083,73,57,0,2,14,12,9,0,2,1,61,48,0,13
1991,"JERSEY",17083,79,62,0,1,16,18,13,0,1,4,61,49,0,12
1992,"JERSEY",17083,65,48,1,0,16,8,5,1,0,2,57,43,0,14
1993,"JERSEY",17083,53,37,0,2,14,4,2,0,2,0,49,35,0,14
1994,"JERSEY",17083,46,31,0,0,15,5,3,0,0,2,41,28,0,13
1995,"JERSEY",17083,60,46,1,0,13,8,6,1,0,1,52,40,0,12
1996,"JERSEY",17083,77,62,0,1,14,4,3,0,1,0,73,59,0,14
1997,"JERSEY",17083,99,70,0,0,29,6,3,0,0,3,93,67,0,26
1998,"JERSEY",17083,120,93,0,0,27,8,6,0,0,2,112,87,0,25
1999,"JERSEY",17083,114,88,0,1,25,10,8,0,1,1,104,80,0,24
2000,"JERSEY",17083,112,76,0,0,36,7,4,0,0,3,105,72,0,33
2001,"JERSEY",17083,138,98,0,0,40,7,4,0,0,3,131,94,0,37
2002,"JERSEY",17083,138,100,2,1,35,5,2,1,1,1,133,98,1,34
2003,"JERSEY",17083,139,100,1,0,38,2,1,0,0,1,137,99,1,37
1990,"JO DAVIESS",17085,41,34,2,1,4,8,5,2,1,0,33,29,0,4
1991,"JO DAVIESS",17085,30,23,2,0,5,6,3,2,0,1,24,20,0,4
1992,"JO DAVIESS",17085,39,32,0,0,7,5,5,0,0,0,34,27,0,7
1993,"JO DAVIESS",17085,31,26,1,0,4,4,3,1,0,0,27,23,0,4
1994,"JO DAVIESS",17085,38,34,1,0,3,4,3,1,0,0,34,31,0,3
1995,"JO DAVIESS",17085,26,18,0,1,7,4,2,0,1,1,22,16,0,6
1996,"JO DAVIESS",17085,44,38,1,0,5,2,1,0,0,1,42,37,1,4
1997,"JO DAVIESS",17085,62,52,0,0,10,1,1,0,0,0,61,51,0,10
1998,"JO DAVIESS",17085,58,52,1,0,5,1,0,1,0,0,57,52,0,5
1999,"JO DAVIESS",17085,51,44,2,0,5,3,1,2,0,0,48,43,0,5
2000,"JO DAVIESS",17085,60,53,0,0,7,1,1,0,0,0,59,52,0,7
2001,"JO DAVIESS",17085,73,63,1,0,9,2,1,1,0,0,71,62,0,9
2002,"JO DAVIESS",17085,52,46,0,0,6,0,0,0,0,0,52,46,0,6
2003,"JO DAVIESS",17085,65,60,0,0,5,1,1,0,0,0,64,59,0,5
1990,"JOHNSON",17087,18,17,0,0,1,5,4,0,0,1,13,13,0,0
1991,"JOHNSON",17087,27,25,1,0,1,8,7,1,0,0,19,18,0,1
1992,"JOHNSON",17087,16,16,0,0,0,4,4,0,0,0,12,12,0,0
1993,"JOHNSON",17087,19,18,0,0,1,5,5,0,0,0,14,13,0,1
1994,"JOHNSON",17087,21,17,0,0,4,5,4,0,0,1,16,13,0,3
1995,"JOHNSON",17087,21,19,0,0,2,5,5,0,0,0,16,14,0,2
1996,"JOHNSON",17087,39,36,0,0,3,6,6,0,0,0,33,30,0,3
1997,"JOHNSON",17087,63,59,1,1,2,13,11,1,1,0,50,48,0,2
1998,"JOHNSON",17087,64,56,0,0,8,14,12,0,0,2,50,44,0,6
1999,"JOHNSON",17087,79,63,0,0,16,7,6,0,0,1,72,57,0,15
2000,"JOHNSON",17087,56,40,0,0,16,5,4,0,0,1,51,36,0,15
2001,"JOHNSON",17087,70,56,0,1,13,7,5,0,1,1,63,51,0,12
2002,"JOHNSON",17087,76,54,0,0,22,0,0,0,0,0,76,54,0,22
2003,"JOHNSON",17087,75,55,0,0,20,0,0,0,0,0,75,55,0,20
1990,"KANE",17089,1020,875,16,1,128,50,31,15,1,3,970,844,1,125
1991,"KANE",17089,1159,1019,17,0,123,94,67,15,0,12,1065,952,2,111
1992,"KANE",17089,1274,1114,28,0,132,88,60,26,0,2,1186,1054,2,130
1993,"KANE",17089,1195,986,17,1,191,95,63,16,1,15,1100,923,1,176
1994,"KANE",17089,1148,969,9,0,170,55,46,8,0,1,1093,923,1,169
1995,"KANE",17089,1307,1135,9,0,163,35,24,9,0,2,1272,1111,0,161
1996,"KANE",17089,1671,1405,8,0,258,39,31,8,0,0,1632,1374,0,258
1997,"KANE",17089,1977,1631,5,0,341,43,34,5,0,4,1934,1597,0,337
1998,"KANE",17089,1982,1669,5,0,308,39,35,4,0,0,1943,1634,1,308
1999,"KANE",17089,1674,1378,5,2,289,29,22,5,2,0,1645,1356,0,289
2000,"KANE",17089,1730,1367,6,0,357,35,28,6,0,1,1695,1339,0,356
2001,"KANE",17089,1951,1513,11,0,427,37,25,10,0,2,1914,1488,1,425
2002,"KANE",17089,2104,1603,9,1,491,50,41,8,1,0,2054,1562,1,491
2003,"KANE",17089,2199,1735,11,0,453,42,32,10,0,0,2157,1703,1,453
1990,"KANKAKEE",17091,310,302,1,0,7,6,4,1,0,1,304,298,0,6
1991,"KANKAKEE",17091,341,325,1,1,14,5,2,1,1,1,336,323,0,13
1992,"KANKAKEE",17091,386,362,2,0,22,12,11,1,0,0,374,351,1,22
1993,"KANKAKEE",17091,370,355,3,3,9,20,13,3,3,1,350,342,0,8
1994,"KANKAKEE",17091,331,312,1,0,18,10,8,1,0,1,321,304,0,17
1995,"KANKAKEE",17091,376,348,4,1,23,20,15,4,1,0,356,333,0,23
1996,"KANKAKEE",17091,528,493,1,0,34,14,12,1,0,1,514,481,0,33
1997,"KANKAKEE",17091,640,567,1,0,72,10,8,1,0,1,630,559,0,71
1998,"KANKAKEE",17091,670,588,3,0,79,4,1,3,0,0,666,587,0,79
1999,"KANKAKEE",17091,659,568,0,3,88,4,1,0,3,0,655,567,0,88
2000,"KANKAKEE",17091,654,525,0,0,129,1,1,0,0,0,653,524,0,129
2001,"KANKAKEE",17091,811,708,2,0,101,6,4,2,0,0,805,704,0,101
2002,"KANKAKEE",17091,890,759,2,1,128,8,5,2,1,0,882,754,0,128
2003,"KANKAKEE",17091,943,801,1,0,141,5,4,1,0,0,938,797,0,141
1990,"KENDALL",17093,81,73,3,0,5,5,2,3,0,0,76,71,0,5
1991,"KENDALL",17093,86,75,5,0,6,6,1,5,0,0,80,74,0,6
1992,"KENDALL",17093,108,89,0,1,18,11,8,0,1,2,97,81,0,16
1993,"KENDALL",17093,107,89,2,2,14,11,6,2,2,1,96,83,0,13
1994,"KENDALL",17093,90,79,1,0,10,7,5,1,0,1,83,74,0,9
1995,"KENDALL",17093,131,112,0,0,19,5,4,0,0,1,126,108,0,18
1996,"KENDALL",17093,156,139,1,0,16,5,4,1,0,0,151,135,0,16
1997,"KENDALL",17093,215,184,2,0,29,5,2,2,0,1,210,182,0,28
1998,"KENDALL",17093,215,186,1,0,28,4,4,0,0,0,211,182,1,28
1999,"KENDALL",17093,208,193,1,0,14,4,3,1,0,0,204,190,0,14
2000,"KENDALL",17093,195,162,0,0,33,3,3,0,0,0,192,159,0,33
2001,"KENDALL",17093,249,215,0,0,34,7,7,0,0,0,242,208,0,34
2002,"KENDALL",17093,283,234,0,0,49,3,2,0,0,1,280,232,0,48
2003,"KENDALL",17093,351,283,3,0,65,11,8,3,0,0,340,275,0,65
1990,"KNOX",17095,233,176,1,2,54,7,3,1,2,1,226,173,0,53
1991,"KNOX",17095,239,189,4,0,46,5,1,4,0,0,234,188,0,46
1992,"KNOX",17095,189,146,0,5,38,13,3,0,5,5,176,143,0,33
1993,"KNOX",17095,215,154,0,5,56,17,7,0,5,5,198,147,0,51
1994,"KNOX",17095,201,151,5,1,44,20,11,5,1,3,181,140,0,41
1995,"KNOX",17095,216,163,0,0,53,5,4,0,0,1,211,159,0,52
1996,"KNOX",17095,321,245,0,0,76,12,9,0,0,3,309,236,0,73
1997,"KNOX",17095,368,238,0,1,129,5,1,0,1,3,363,237,0,126
1998,"KNOX",17095,341,216,0,0,125,1,0,0,0,1,340,216,0,124
1999,"KNOX",17095,297,215,0,1,81,3,1,0,1,1,294,214,0,80
2000,"KNOX",17095,318,218,1,0,99,6,3,1,0,2,312,215,0,97
2001,"KNOX",17095,475,326,7,0,142,9,2,7,0,0,466,324,0,142
2002,"KNOX",17095,509,393,2,0,114,5,3,2,0,0,504,390,0,114
2003,"KNOX",17095,579,450,1,0,128,6,5,1,0,0,573,445,0,128
1990,"LAKE",17097,1364,1032,27,0,305,75,42,27,0,6,1289,990,0,299
1991,"LAKE",17097,2048,1664,26,0,358,100,62,26,0,12,1948,1602,0,346
1992,"LAKE",17097,2096,1772,35,0,289,124,86,33,0,5,1972,1686,2,284
1993,"LAKE",17097,1955,1649,31,0,275,97,59,30,0,8,1858,1590,1,267
1994,"LAKE",17097,1627,1379,22,0,226,74,51,19,0,4,1553,1328,3,222
1995,"LAKE",17097,1871,1553,38,0,280,77,39,36,0,2,1794,1514,2,278
1996,"LAKE",17097,2255,1904,22,0,329,67,42,21,0,4,2188,1862,1,325
1997,"LAKE",17097,2400,2005,24,0,371,65,44,21,0,0,2335,1961,3,371
1998,"LAKE",17097,2355,1917,17,0,421,45,26,17,0,2,2310,1891,0,419
1999,"LAKE",17097,2227,1717,32,0,478,49,19,30,0,0,2178,1698,2,478
2000,"LAKE",17097,2219,1730,24,0,465,49,25,24,0,0,2170,1705,0,465
2001,"LAKE",17097,2483,1953,18,0,512,47,30,16,0,1,2436,1923,2,511
2002,"LAKE",17097,2886,2205,45,0,636,80,38,42,0,0,2806,2167,3,636
2003,"LAKE",17097,2925,2295,11,0,619,40,34,6,0,0,2885,2261,5,619
1990,"LA SALLE",17099,291,284,0,1,6,15,13,0,1,1,276,271,0,5
1991,"LA SALLE",17099,389,370,5,2,12,28,17,5,2,4,361,353,0,8
1992,"LA SALLE",17099,367,357,4,1,5,29,23,4,1,1,338,334,0,4
1993,"LA SALLE",17099,369,351,2,5,11,24,17,1,5,1,345,334,1,10
1994,"LA SALLE",17099,343,339,0,0,4,11,10,0,0,1,332,329,0,3
1995,"LA SALLE",17099,380,370,2,0,8,8,6,2,0,0,372,364,0,8
1996,"LA SALLE",17099,533,521,1,0,11,7,5,1,0,1,526,516,0,10
1997,"LA SALLE",17099,728,707,2,0,19,13,10,2,0,1,715,697,0,18
1998,"LA SALLE",17099,710,698,1,0,11,13,12,1,0,0,697,686,0,11
1999,"LA SALLE",17099,698,669,0,1,28,6,4,0,1,1,692,665,0,27
2000,"LA SALLE",17099,659,640,0,0,19,5,5,0,0,0,654,635,0,19
2001,"LA SALLE",17099,742,724,1,0,17,6,5,1,0,0,736,719,0,17
2002,"LA SALLE",17099,848,817,1,0,30,6,5,1,0,0,842,812,0,30
2003,"LA SALLE",17099,989,955,3,2,29,8,4,2,2,0,981,951,1,29
1990,"LAWRENCE",17101,36,33,1,0,2,8,6,1,0,1,28,27,0,1
1991,"LAWRENCE",17101,41,39,0,2,0,8,6,0,2,0,33,33,0,0
1992,"LAWRENCE",17101,28,27,0,0,1,1,1,0,0,0,27,26,0,1
1993,"LAWRENCE",17101,44,44,0,0,0,3,3,0,0,0,41,41,0,0
1994,"LAWRENCE",17101,29,29,0,0,0,2,2,0,0,0,27,27,0,0
1995,"LAWRENCE",17101,31,30,0,0,1,1,0,0,0,1,30,30,0,0
1996,"LAWRENCE",17101,60,50,0,1,9,7,3,0,1,3,53,47,0,6
1997,"LAWRENCE",17101,96,83,1,0,12,11,10,1,0,0,85,73,0,12
1998,"LAWRENCE",17101,88,76,0,0,12,10,6,0,0,4,78,70,0,8
1999,"LAWRENCE",17101,61,52,0,0,9,5,5,0,0,0,56,47,0,9
2000,"LAWRENCE",17101,71,64,0,0,7,4,4,0,0,0,67,60,0,7
2001,"LAWRENCE",17101,68,62,0,0,6,8,8,0,0,0,60,54,0,6
2002,"LAWRENCE",17101,66,61,0,2,3,2,0,0,2,0,64,61,0,3
2003,"LAWRENCE",17101,127,117,0,2,8,8,5,0,2,1,119,112,0,7
1990,"LEE",17103,96,89,1,0,6,2,1,1,0,0,94,88,0,6
1991,"LEE",17103,97,91,0,1,5,1,0,0,1,0,96,91,0,5
1992,"LEE",17103,88,79,0,2,7,2,0,0,2,0,86,79,0,7
1993,"LEE",17103,85,78,0,0,7,0,0,0,0,0,85,78,0,7
1994,"LEE",17103,104,92,1,1,10,2,0,1,1,0,102,92,0,10
1995,"LEE",17103,106,90,2,0,14,2,1,1,0,0,104,89,1,14
1996,"LEE",17103,146,131,0,0,15,4,4,0,0,0,142,127,0,15
1997,"LEE",17103,138,124,0,0,14,3,3,0,0,0,135,121,0,14
1998,"LEE",17103,177,158,0,0,19,1,0,0,0,1,176,158,0,18
1999,"LEE",17103,173,149,1,1,22,5,3,1,1,0,168,146,0,22
2000,"LEE",17103,170,153,2,0,15,2,0,2,0,0,168,153,0,15
2001,"LEE",17103,217,199,3,0,15,4,2,2,0,0,213,197,1,15
2002,"LEE",17103,207,194,0,0,13,1,1,0,0,0,206,193,0,13
2003,"LEE",17103,263,245,1,0,17,2,1,1,0,0,261,244,0,17
1990,"LIVINGSTON",17105,104,95,1,0,8,2,1,1,0,0,102,94,0,8
1991,"LIVINGSTON",17105,90,84,2,0,4,4,2,2,0,0,86,82,0,4
1992,"LIVINGSTON",17105,87,80,1,1,5,6,4,0,1,1,81,76,1,4
1993,"LIVINGSTON",17105,98,96,0,0,2,6,6,0,0,0,92,90,0,2
1994,"LIVINGSTON",17105,77,76,0,0,1,2,2,0,0,0,75,74,0,1
1995,"LIVINGSTON",17105,117,111,0,0,6,3,3,0,0,0,114,108,0,6
1996,"LIVINGSTON",17105,147,142,0,0,5,6,6,0,0,0,141,136,0,5
1997,"LIVINGSTON",17105,230,218,0,0,12,0,0,0,0,0,230,218,0,12
1998,"LIVINGSTON",17105,216,195,2,0,19,3,1,2,0,0,213,194,0,19
1999,"LIVINGSTON",17105,166,146,0,0,20,0,0,0,0,0,166,146,0,20
2000,"LIVINGSTON",17105,169,159,0,0,10,2,2,0,0,0,167,157,0,10
2001,"LIVINGSTON",17105,212,199,1,0,12,2,1,1,0,0,210,198,0,12
2002,"LIVINGSTON",17105,217,199,0,1,17,2,1,0,1,0,215,198,0,17
2003,"LIVINGSTON",17105,228,210,0,0,18,2,2,0,0,0,226,208,0,18
1990,"LOGAN",17107,95,93,2,0,0,3,1,2,0,0,92,92,0,0
1991,"LOGAN",17107,135,128,1,1,5,7,4,1,1,1,128,124,0,4
1992,"LOGAN",17107,109,101,1,0,7,4,2,1,0,1,105,99,0,6
1993,"LOGAN",17107,91,87,0,1,3,4,3,0,1,0,87,84,0,3
1994,"LOGAN",17107,87,82,0,0,5,4,3,0,0,1,83,79,0,4
1995,"LOGAN",17107,96,91,1,0,4,6,4,1,0,1,90,87,0,3
1996,"LOGAN",17107,152,143,1,1,7,7,5,1,1,0,145,138,0,7
1997,"LOGAN",17107,173,166,0,1,6,3,1,0,1,1,170,165,0,5
1998,"LOGAN",17107,202,190,0,1,11,3,2,0,1,0,199,188,0,11
1999,"LOGAN",17107,178,173,0,0,5,0,0,0,0,0,178,173,0,5
2000,"LOGAN",17107,191,174,0,4,13,5,1,0,4,0,186,173,0,13
2001,"LOGAN",17107,207,192,0,1,14,3,1,0,1,1,204,191,0,13
2002,"LOGAN",17107,229,204,0,0,25,1,1,0,0,0,228,203,0,25
2003,"LOGAN",17107,258,235,1,1,21,3,1,1,1,0,255,234,0,21
1990,"MCDONOUGH",17109,75,54,2,0,19,2,0,2,0,0,73,54,0,19
1991,"MCDONOUGH",17109,86,66,1,0,19,4,3,1,0,0,82,63,0,19
1992,"MCDONOUGH",17109,69,56,0,0,13,7,6,0,0,1,62,50,0,12
1993,"MCDONOUGH",17109,62,46,0,0,16,4,1,0,0,3,58,45,0,13
1994,"MCDONOUGH",17109,72,49,0,0,23,7,5,0,0,2,65,44,0,21
1995,"MCDONOUGH",17109,65,57,0,0,8,3,3,0,0,0,62,54,0,8
1996,"MCDONOUGH",17109,100,80,0,1,19,6,1,0,1,4,94,79,0,15
1997,"MCDONOUGH",17109,123,96,0,0,27,5,3,0,0,2,118,93,0,25
1998,"MCDONOUGH",17109,130,102,0,0,28,1,1,0,0,0,129,101,0,28
1999,"MCDONOUGH",17109,111,80,0,1,30,3,2,0,1,0,108,78,0,30
2000,"MCDONOUGH",17109,114,80,0,0,34,2,0,0,0,2,112,80,0,32
2001,"MCDONOUGH",17109,147,114,0,0,33,1,1,0,0,0,146,113,0,33
2002,"MCDONOUGH",17109,157,132,0,3,22,3,0,0,3,0,154,132,0,22
2003,"MCDONOUGH",17109,173,147,0,1,25,5,4,0,1,0,168,143,0,25
1990,"MCHENRY",17111,486,399,12,0,75,26,16,10,0,0,460,383,2,75
1991,"MCHENRY",17111,595,496,11,0,88,27,17,10,0,0,568,479,1,88
1992,"MCHENRY",17111,570,454,12,0,104,31,19,12,0,0,539,435,0,104
1993,"MCHENRY",17111,564,447,9,0,108,23,14,9,0,0,541,433,0,108
1994,"MCHENRY",17111,594,456,10,0,128,17,8,9,0,0,577,448,1,128
1995,"MCHENRY",17111,660,554,8,0,98,20,13,7,0,0,640,541,1,98
1996,"MCHENRY",17111,774,635,4,0,135,23,17,4,0,2,751,618,0,133
1997,"MCHENRY",17111,959,791,8,0,160,27,17,8,0,2,932,774,0,158
1998,"MCHENRY",17111,940,773,7,0,160,15,10,5,0,0,925,763,2,160
1999,"MCHENRY",17111,909,733,9,0,167,24,15,9,0,0,885,718,0,167
2000,"MCHENRY",17111,921,747,3,0,171,16,15,1,0,0,905,732,2,171
2001,"MCHENRY",17111,1037,834,8,0,195,22,14,8,0,0,1015,820,0,195
2002,"MCHENRY",17111,1198,924,8,0,266,24,18,6,0,0,1174,906,2,266
2003,"MCHENRY",17111,1376,1074,8,1,293,31,22,8,1,0,1345,1052,0,293
1990,"MCLEAN",17113,390,366,2,0,22,13,10,2,0,1,377,356,0,21
1991,"MCLEAN",17113,439,394,14,0,31,25,9,14,0,2,414,385,0,29
1992,"MCLEAN",17113,413,380,5,0,28,23,16,5,0,2,390,364,0,26
1993,"MCLEAN",17113,353,316,9,0,28,33,21,9,0,3,320,295,0,25
1994,"MCLEAN",17113,321,296,0,0,25,21,15,0,0,6,300,281,0,19
1995,"MCLEAN",17113,410,369,1,0,40,16,12,1,0,3,394,357,0,37
1996,"MCLEAN",17113,568,529,4,0,35,48,38,4,0,6,520,491,0,29
1997,"MCLEAN",17113,781,734,4,0,43,19,14,4,0,1,762,720,0,42
1998,"MCLEAN",17113,771,724,4,0,43,7,3,4,0,0,764,721,0,43
1999,"MCLEAN",17113,665,612,0,3,50,10,5,0,3,2,655,607,0,48
2000,"MCLEAN",17113,633,572,3,1,57,9,5,3,1,0,624,567,0,57
2001,"MCLEAN",17113,696,632,4,1,59,15,9,4,1,1,681,623,0,58
2002,"MCLEAN",17113,780,731,1,2,46,6,2,1,2,1,774,729,0,45
2003,"MCLEAN",17113,901,827,2,0,72,4,2,2,0,0,897,825,0,72
1990,"MACON",17115,542,513,4,0,25,11,6,3,0,2,531,507,1,23
1991,"MACON",17115,594,561,2,0,31,14,10,2,0,2,580,551,0,29
1992,"MACON",17115,603,572,7,0,24,33,22,7,0,4,570,550,0,20
1993,"MACON",17115,466,441,4,0,21,22,14,3,0,5,444,427,1,16
1994,"MACON",17115,462,438,2,0,22,18,16,2,0,0,444,422,0,22
1995,"MACON",17115,578,547,5,0,26,26,19,5,0,2,552,528,0,24
1996,"MACON",17115,713,661,4,1,47,18,12,4,1,1,695,649,0,46
1997,"MACON",17115,960,901,3,1,55,24,17,3,1,3,936,884,0,52
1998,"MACON",17115,956,901,2,0,53,7,4,2,0,1,949,897,0,52
1999,"MACON",17115,877,832,0,1,44,6,5,0,1,0,871,827,0,44
2000,"MACON",17115,838,780,1,0,57,5,4,1,0,0,833,776,0,57
2001,"MACON",17115,990,903,6,0,81,12,6,6,0,0,978,897,0,81
2002,"MACON",17115,1124,1023,1,2,98,8,5,1,2,0,1116,1018,0,98
2003,"MACON",17115,1074,988,1,0,85,3,2,1,0,0,1071,986,0,85
1990,"MACOUPIN",17117,149,130,0,2,17,10,8,0,2,0,139,122,0,17
1991,"MACOUPIN",17117,175,142,3,1,29,19,11,3,1,4,156,131,0,25
1992,"MACOUPIN",17117,137,103,0,3,31,14,5,0,3,6,123,98,0,25
1993,"MACOUPIN",17117,91,83,1,2,5,8,5,1,2,0,83,78,0,5
1994,"MACOUPIN",17117,97,89,2,1,5,8,4,2,1,1,89,85,0,4
1995,"MACOUPIN",17117,129,121,1,2,5,10,7,1,2,0,119,114,0,5
1996,"MACOUPIN",17117,167,162,0,1,4,3,2,0,1,0,164,160,0,4
1997,"MACOUPIN",17117,158,148,1,2,7,5,1,1,2,1,153,147,0,6
1998,"MACOUPIN",17117,183,175,0,1,7,2,1,0,1,0,181,174,0,7
1999,"MACOUPIN",17117,218,200,1,5,12,8,2,1,5,0,210,198,0,12
2000,"MACOUPIN",17117,176,160,0,4,12,5,1,0,4,0,171,159,0,12
2001,"MACOUPIN",17117,219,207,0,0,12,2,2,0,0,0,217,205,0,12
2002,"MACOUPIN",17117,240,221,3,0,16,4,1,3,0,0,236,220,0,16
2003,"MACOUPIN",17117,214,190,5,1,18,6,0,5,1,0,208,190,0,18
1990,"MADISON",17119,875,620,17,3,235,143,92,17,3,31,732,528,0,204
1991,"MADISON",17119,1070,731,8,1,330,112,87,8,1,16,958,644,0,314
1992,"MADISON",17119,961,641,9,0,311,96,65,8,0,23,865,576,1,288
1993,"MADISON",17119,882,577,12,2,291,87,50,12,2,23,795,527,0,268
1994,"MADISON",17119,945,581,6,1,357,83,50,6,1,26,862,531,0,331
1995,"MADISON",17119,1143,689,7,0,447,69,44,7,0,18,1074,645,0,429
1996,"MADISON",17119,1463,927,9,0,527,87,59,9,0,19,1376,868,0,508
1997,"MADISON",17119,1718,1191,6,0,521,116,89,6,0,21,1602,1102,0,500
1998,"MADISON",17119,1752,1241,3,0,508,124,77,3,0,44,1628,1164,0,464
1999,"MADISON",17119,1599,1106,1,4,488,107,75,1,4,27,1492,1031,0,461
2000,"MADISON",17119,1647,1070,3,0,574,89,54,3,0,32,1558,1016,0,542
2001,"MADISON",17119,2086,1313,4,0,769,90,55,4,0,31,1996,1258,0,738
2002,"MADISON",17119,2020,1351,5,1,663,25,12,5,1,7,1995,1339,0,656
2003,"MADISON",17119,2391,1641,6,0,744,33,23,4,0,6,2358,1618,2,738
1990,"MARION",17121,209,183,6,2,18,42,30,6,2,4,167,153,0,14
1991,"MARION",17121,213,176,4,1,32,20,14,4,1,1,193,162,0,31
1992,"MARION",17121,197,153,6,2,36,32,20,6,2,4,165,133,0,32
1993,"MARION",17121,131,109,3,0,19,16,11,3,0,2,115,98,0,17
1994,"MARION",17121,121,88,3,0,30,11,7,3,0,1,110,81,0,29
1995,"MARION",17121,157,130,3,0,24,22,14,3,0,5,135,116,0,19
1996,"MARION",17121,299,217,3,0,79,30,19,3,0,8,269,198,0,71
1997,"MARION",17121,381,295,2,1,83,45,33,2,1,9,336,262,0,74
1998,"MARION",17121,326,261,0,0,65,38,32,0,0,6,288,229,0,59
1999,"MARION",17121,258,201,2,1,54,36,26,2,1,7,222,175,0,47
2000,"MARION",17121,274,211,2,1,60,22,13,2,1,6,252,198,0,54
2001,"MARION",17121,349,286,0,0,63,27,23,0,0,4,322,263,0,59
2002,"MARION",17121,363,291,1,0,71,6,5,0,0,1,357,286,1,70
2003,"MARION",17121,396,324,0,0,72,2,2,0,0,0,394,322,0,72
1990,"MARSHALL",17123,24,21,0,0,3,0,0,0,0,0,24,21,0,3
1991,"MARSHALL",17123,24,22,0,0,2,1,0,0,0,1,23,22,0,1
1992,"MARSHALL",17123,30,26,0,0,4,1,1,0,0,0,29,25,0,4
1993,"MARSHALL",17123,32,27,0,0,5,2,1,0,0,1,30,26,0,4
1994,"MARSHALL",17123,26,21,0,1,4,1,0,0,1,0,25,21,0,4
1995,"MARSHALL",17123,31,23,1,0,7,7,5,1,0,1,24,18,0,6
1996,"MARSHALL",17123,42,33,0,0,9,1,1,0,0,0,41,32,0,9
1997,"MARSHALL",17123,61,45,0,0,16,1,1,0,0,0,60,44,0,16
1998,"MARSHALL",17123,62,46,0,0,16,0,0,0,0,0,62,46,0,16
1999,"MARSHALL",17123,59,43,0,1,15,1,0,0,1,0,58,43,0,15
2000,"MARSHALL",17123,58,49,0,0,9,0,0,0,0,0,58,49,0,9
2001,"MARSHALL",17123,89,75,0,0,14,1,1,0,0,0,88,74,0,14
2002,"MARSHALL",17123,96,74,0,0,22,1,1,0,0,0,95,73,0,22
2003,"MARSHALL",17123,90,71,0,2,17,4,2,0,2,0,86,69,0,17
1990,"MASON",17125,63,57,1,1,4,3,0,1,1,1,60,57,0,3
1991,"MASON",17125,65,60,0,0,5,2,1,0,0,1,63,59,0,4
1992,"MASON",17125,65,60,2,1,2,10,7,2,1,0,55,53,0,2
1993,"MASON",17125,47,44,0,1,2,3,2,0,1,0,44,42,0,2
1994,"MASON",17125,38,35,0,0,3,3,3,0,0,0,35,32,0,3
1995,"MASON",17125,55,54,0,0,1,1,1,0,0,0,54,53,0,1
1996,"MASON",17125,65,57,1,1,6,3,0,1,1,1,62,57,0,5
1997,"MASON",17125,112,101,0,1,10,4,3,0,1,0,108,98,0,10
1998,"MASON",17125,94,84,1,0,9,1,0,1,0,0,93,84,0,9
1999,"MASON",17125,89,77,0,0,12,0,0,0,0,0,89,77,0,12
2000,"MASON",17125,95,85,0,0,10,0,0,0,0,0,95,85,0,10
2001,"MASON",17125,113,98,0,0,15,0,0,0,0,0,113,98,0,15
2002,"MASON",17125,111,99,0,0,12,0,0,0,0,0,111,99,0,12
2003,"MASON",17125,142,128,1,1,12,3,1,1,1,0,139,127,0,12
1990,"MASSAC",17127,27,27,0,0,0,8,8,0,0,0,19,19,0,0
1991,"MASSAC",17127,19,18,1,0,0,5,4,1,0,0,14,14,0,0
1992,"MASSAC",17127,22,19,0,0,3,3,2,0,0,1,19,17,0,2
1993,"MASSAC",17127,18,16,1,0,1,2,1,1,0,0,16,15,0,1
1994,"MASSAC",17127,15,15,0,0,0,4,4,0,0,0,11,11,0,0
1995,"MASSAC",17127,33,33,0,0,0,3,3,0,0,0,30,30,0,0
1996,"MASSAC",17127,64,59,0,0,5,8,6,0,0,2,56,53,0,3
1997,"MASSAC",17127,100,95,1,0,4,14,13,1,0,0,86,82,0,4
1998,"MASSAC",17127,88,86,0,0,2,10,9,0,0,1,78,77,0,1
1999,"MASSAC",17127,74,70,0,0,4,7,7,0,0,0,67,63,0,4
2000,"MASSAC",17127,76,67,0,1,8,7,4,0,1,2,69,63,0,6
2001,"MASSAC",17127,123,114,0,0,9,11,11,0,0,0,112,103,0,9
2002,"MASSAC",17127,98,87,0,1,10,3,2,0,1,0,95,85,0,10
2003,"MASSAC",17127,89,82,0,0,7,3,3,0,0,0,86,79,0,7
1990,"MENARD",17129,21,21,0,0,0,0,0,0,0,0,21,21,0,0
1991,"MENARD",17129,27,25,0,0,2,1,1,0,0,0,26,24,0,2
1992,"MENARD",17129,38,33,0,2,3,4,2,0,2,0,34,31,0,3
1993,"MENARD",17129,32,29,0,0,3,2,2,0,0,0,30,27,0,3
1994,"MENARD",17129,22,22,0,0,0,1,1,0,0,0,21,21,0,0
1995,"MENARD",17129,24,22,0,1,1,5,3,0,1,1,19,19,0,0
1996,"MENARD",17129,57,55,0,0,2,6,5,0,0,1,51,50,0,1
1997,"MENARD",17129,65,59,0,0,6,2,2,0,0,0,63,57,0,6
1998,"MENARD",17129,61,60,0,0,1,1,1,0,0,0,60,59,0,1
1999,"MENARD",17129,52,50,0,0,2,2,2,0,0,0,50,48,0,2
2000,"MENARD",17129,48,45,0,0,3,0,0,0,0,0,48,45,0,3
2001,"MENARD",17129,61,56,0,0,5,0,0,0,0,0,61,56,0,5
2002,"MENARD",17129,68,59,0,1,8,1,0,0,1,0,67,59,0,8
2003,"MENARD",17129,77,67,0,1,9,2,1,0,1,0,75,66,0,9
1990,"MERCER",17131,55,35,1,1,18,5,3,1,1,0,50,32,0,18
1991,"MERCER",17131,44,26,0,3,15,3,0,0,3,0,41,26,0,15
1992,"MERCER",17131,60,40,0,2,18,5,2,0,2,1,55,38,0,17
1993,"MERCER",17131,44,32,0,1,11,3,1,0,1,1,41,31,0,10
1994,"MERCER",17131,48,35,4,0,9,5,1,4,0,0,43,34,0,9
1995,"MERCER",17131,46,30,0,0,16,1,1,0,0,0,45,29,0,16
1996,"MERCER",17131,65,39,0,0,26,2,2,0,0,0,63,37,0,26
1997,"MERCER",17131,66,49,0,0,17,1,0,0,0,1,65,49,0,16
1998,"MERCER",17131,94,65,0,0,29,0,0,0,0,0,94,65,0,29
1999,"MERCER",17131,62,46,0,2,14,3,0,0,2,1,59,46,0,13
2000,"MERCER",17131,70,50,0,0,20,0,0,0,0,0,70,50,0,20
2001,"MERCER",17131,96,72,1,0,23,3,2,1,0,0,93,70,0,23
2002,"MERCER",17131,105,75,0,0,30,0,0,0,0,0,105,75,0,30
2003,"MERCER",17131,117,82,1,0,34,2,1,1,0,0,115,81,0,34
1990,"MONROE",17133,59,43,0,0,16,12,8,0,0,4,47,35,0,12
1991,"MONROE",17133,68,44,1,0,23,8,4,1,0,3,60,40,0,20
1992,"MONROE",17133,54,39,0,0,15,3,2,0,0,1,51,37,0,14
1993,"MONROE",17133,58,35,1,0,22,8,5,1,0,2,50,30,0,20
1994,"MONROE",17133,35,26,0,0,9,2,2,0,0,0,33,24,0,9
1995,"MONROE",17133,54,34,1,0,19,10,4,1,0,5,44,30,0,14
1996,"MONROE",17133,76,49,0,0,27,7,4,0,0,3,69,45,0,24
1997,"MONROE",17133,74,53,0,1,20,6,4,0,1,1,68,49,0,19
1998,"MONROE",17133,77,49,1,1,26,8,2,1,1,4,69,47,0,22
1999,"MONROE",17133,72,53,0,0,19,5,4,0,0,1,67,49,0,18
2000,"MONROE",17133,73,47,0,0,26,4,3,0,0,1,69,44,0,25
2001,"MONROE",17133,89,64,0,0,25,5,4,0,0,1,84,60,0,24
2002,"MONROE",17133,128,87,2,0,39,4,1,2,0,1,124,86,0,38
2003,"MONROE",17133,116,80,0,0,36,1,1,0,0,0,115,79,0,36
1990,"MONTGOMERY",17135,91,81,0,3,7,4,1,0,3,0,87,80,0,7
1991,"MONTGOMERY",17135,86,71,0,2,13,6,3,0,2,1,80,68,0,12
1992,"MONTGOMERY",17135,99,84,1,0,14,14,11,1,0,2,85,73,0,12
1993,"MONTGOMERY",17135,74,72,1,0,1,4,3,1,0,0,70,69,0,1
1994,"MONTGOMERY",17135,72,67,0,2,3,6,3,0,2,1,66,64,0,2
1995,"MONTGOMERY",17135,72,61,3,2,6,10,3,3,2,2,62,58,0,4
1996,"MONTGOMERY",17135,122,116,0,0,6,3,3,0,0,0,119,113,0,6
1997,"MONTGOMERY",17135,164,159,0,0,5,1,1,0,0,0,163,158,0,5
1998,"MONTGOMERY",17135,168,163,0,0,5,0,0,0,0,0,168,163,0,5
1999,"MONTGOMERY",17135,156,149,0,2,5,3,1,0,2,0,153,148,0,5
2000,"MONTGOMERY",17135,118,115,0,0,3,0,0,0,0,0,118,115,0,3
2001,"MONTGOMERY",17135,174,161,4,0,9,5,0,4,0,1,169,161,0,8
2002,"MONTGOMERY",17135,173,159,0,1,13,3,2,0,1,0,170,157,0,13
2003,"MONTGOMERY",17135,152,142,0,0,10,0,0,0,0,0,152,142,0,10
1990,"MORGAN",17137,91,89,1,0,1,3,2,1,0,0,88,87,0,1
1991,"MORGAN",17137,104,98,0,0,6,2,2,0,0,0,102,96,0,6
1992,"MORGAN",17137,116,104,1,1,10,5,3,1,1,0,111,101,0,10
1993,"MORGAN",17137,78,76,0,1,1,5,4,0,1,0,73,72,0,1
1994,"MORGAN",17137,91,85,0,0,6,6,6,0,0,0,85,79,0,6
1995,"MORGAN",17137,91,85,1,2,3,9,6,1,2,0,82,79,0,3
1996,"MORGAN",17137,151,146,1,1,3,10,8,1,1,0,141,138,0,3
1997,"MORGAN",17137,185,176,0,2,7,8,6,0,2,0,177,170,0,7
1998,"MORGAN",17137,162,153,0,1,8,4,2,0,1,1,158,151,0,7
1999,"MORGAN",17137,156,142,1,2,11,4,0,1,2,1,152,142,0,10
2000,"MORGAN",17137,174,165,1,0,8,2,1,1,0,0,172,164,0,8
2001,"MORGAN",17137,218,201,0,2,15,3,1,0,2,0,215,200,0,15
2002,"MORGAN",17137,257,235,5,1,16,9,3,5,1,0,248,232,0,16
2003,"MORGAN",17137,269,249,0,1,19,7,6,0,1,0,262,243,0,19
1990,"MOULTRIE",17139,21,19,1,0,1,2,1,1,0,0,19,18,0,1
1991,"MOULTRIE",17139,35,33,0,0,2,2,2,0,0,0,33,31,0,2
1992,"MOULTRIE",17139,35,30,0,1,4,5,4,0,1,0,30,26,0,4
1993,"MOULTRIE",17139,36,33,1,0,2,3,2,1,0,0,33,31,0,2
1994,"MOULTRIE",17139,38,37,0,0,1,2,2,0,0,0,36,35,0,1
1995,"MOULTRIE",17139,42,38,2,0,2,2,1,1,0,0,40,37,1,2
1996,"MOULTRIE",17139,55,49,0,1,5,3,1,0,1,1,52,48,0,4
1997,"MOULTRIE",17139,82,77,1,0,4,4,3,1,0,0,78,74,0,4
1998,"MOULTRIE",17139,89,84,0,0,5,0,0,0,0,0,89,84,0,5
1999,"MOULTRIE",17139,70,67,0,0,3,0,0,0,0,0,70,67,0,3
2000,"MOULTRIE",17139,65,56,0,1,8,1,0,0,1,0,64,56,0,8
2001,"MOULTRIE",17139,81,73,0,0,8,1,1,0,0,0,80,72,0,8
2002,"MOULTRIE",17139,81,74,0,0,7,1,1,0,0,0,80,73,0,7
2003,"MOULTRIE",17139,83,74,0,0,9,0,0,0,0,0,83,74,0,9
1990,"OGLE",17141,116,95,1,0,20,1,0,1,0,0,115,95,0,20
1991,"OGLE",17141,118,96,2,0,20,2,0,2,0,0,116,96,0,20
1992,"OGLE",17141,152,114,1,0,37,3,2,1,0,0,149,112,0,37
1993,"OGLE",17141,118,98,0,1,19,4,3,0,1,0,114,95,0,19
1994,"OGLE",17141,105,79,0,0,26,1,1,0,0,0,104,78,0,26
1995,"OGLE",17141,137,114,0,0,23,3,3,0,0,0,134,111,0,23
1996,"OGLE",17141,203,155,0,0,48,4,3,0,0,1,199,152,0,47
1997,"OGLE",17141,196,156,0,0,40,3,2,0,0,1,193,154,0,39
1998,"OGLE",17141,212,177,0,0,35,0,0,0,0,0,212,177,0,35
1999,"OGLE",17141,215,183,0,0,32,2,1,0,0,1,213,182,0,31
2000,"OGLE",17141,187,153,0,1,33,5,4,0,1,0,182,149,0,33
2001,"OGLE",17141,254,226,0,0,28,0,0,0,0,0,254,226,0,28
2002,"OGLE",17141,296,256,0,0,40,2,2,0,0,0,294,254,0,40
2003,"OGLE",17141,328,288,0,0,40,3,3,0,0,0,325,285,0,40
1990,"PEORIA",17143,736,624,7,0,105,18,11,7,0,0,718,613,0,105
1991,"PEORIA",17143,790,684,5,0,101,22,16,5,0,1,768,668,0,100
1992,"PEORIA",17143,862,741,7,0,114,56,44,7,0,5,806,697,0,109
1993,"PEORIA",17143,857,713,3,2,139,31,22,3,2,4,826,691,0,135
1994,"PEORIA",17143,782,648,3,0,131,32,18,3,0,11,750,630,0,120
1995,"PEORIA",17143,816,625,4,0,187,22,14,4,0,4,794,611,0,183
1996,"PEORIA",17143,1133,870,3,0,260,29,18,3,0,8,1104,852,0,252
1997,"PEORIA",17143,1324,1033,1,0,290,37,31,1,0,5,1287,1002,0,285
1998,"PEORIA",17143,1172,826,4,0,342,9,5,4,0,0,1163,821,0,342
1999,"PEORIA",17143,1147,789,4,1,353,10,5,4,1,0,1137,784,0,353
2000,"PEORIA",17143,1166,822,2,0,342,15,12,2,0,1,1151,810,0,341
2001,"PEORIA",17143,1551,1152,1,0,398,10,9,1,0,0,1541,1143,0,398
2002,"PEORIA",17143,1686,1256,2,0,428,15,13,2,0,0,1671,1243,0,428
2003,"PEORIA",17143,1563,1176,2,1,384,11,8,2,1,0,1552,1168,0,384
1990,"PERRY",17145,45,39,3,0,3,11,6,3,0,2,34,33,0,1
1991,"PERRY",17145,44,35,1,1,7,10,7,1,1,1,34,28,0,6
1992,"PERRY",17145,53,46,1,1,5,7,3,1,1,2,46,43,0,3
1993,"PERRY",17145,42,40,0,0,2,4,4,0,0,0,38,36,0,2
1994,"PERRY",17145,40,37,0,0,3,5,5,0,0,0,35,32,0,3
1995,"PERRY",17145,54,42,1,0,11,7,5,1,0,1,47,37,0,10
1996,"PERRY",17145,86,61,0,0,25,10,5,0,0,5,76,56,0,20
1997,"PERRY",17145,93,83,0,0,10,6,5,0,0,1,87,78,0,9
1998,"PERRY",17145,128,116,0,0,12,18,15,0,0,3,110,101,0,9
1999,"PERRY",17145,144,116,0,0,28,19,14,0,0,5,125,102,0,23
2000,"PERRY",17145,119,96,0,0,23,12,7,0,0,5,107,89,0,18
2001,"PERRY",17145,132,107,0,0,25,17,10,0,0,7,115,97,0,18
2002,"PERRY",17145,139,98,0,0,41,5,2,0,0,3,134,96,0,38
2003,"PERRY",17145,154,120,0,0,34,0,0,0,0,0,154,120,0,34
1990,"PIATT",17147,38,35,1,0,2,2,1,1,0,0,36,34,0,2
1991,"PIATT",17147,58,56,0,0,2,1,1,0,0,0,57,55,0,2
1992,"PIATT",17147,42,32,0,0,10,2,1,0,0,1,40,31,0,9
1993,"PIATT",17147,29,27,0,0,2,0,0,0,0,0,29,27,0,2
1994,"PIATT",17147,40,34,1,0,5,3,2,1,0,0,37,32,0,5
1995,"PIATT",17147,49,45,0,0,4,4,3,0,0,1,45,42,0,3
1996,"PIATT",17147,54,51,0,0,3,4,4,0,0,0,50,47,0,3
1997,"PIATT",17147,76,72,0,0,4,1,1,0,0,0,75,71,0,4
1998,"PIATT",17147,90,83,0,1,6,3,2,0,1,0,87,81,0,6
1999,"PIATT",17147,55,46,0,0,9,0,0,0,0,0,55,46,0,9
2000,"PIATT",17147,58,50,0,0,8,0,0,0,0,0,58,50,0,8
2001,"PIATT",17147,76,61,0,0,15,0,0,0,0,0,76,61,0,15
2002,"PIATT",17147,87,70,0,1,16,1,0,0,1,0,86,70,0,16
2003,"PIATT",17147,106,97,0,0,9,1,1,0,0,0,105,96,0,9
1990,"PIKE",17149,44,40,1,0,3,4,3,1,0,0,40,37,0,3
1991,"PIKE",17149,65,52,0,2,11,7,3,0,2,2,58,49,0,9
1992,"PIKE",17149,59,48,2,1,8,4,1,2,1,0,55,47,0,8
1993,"PIKE",17149,31,29,0,0,2,0,0,0,0,0,31,29,0,2
1994,"PIKE",17149,34,33,0,0,1,2,2,0,0,0,32,31,0,1
1995,"PIKE",17149,44,41,0,0,3,1,1,0,0,0,43,40,0,3
1996,"PIKE",17149,60,54,0,3,3,3,0,0,3,0,57,54,0,3
1997,"PIKE",17149,64,61,0,1,2,2,1,0,1,0,62,60,0,2
1998,"PIKE",17149,63,54,0,2,7,3,1,0,2,0,60,53,0,7
1999,"PIKE",17149,98,90,0,3,5,4,1,0,3,0,94,89,0,5
2000,"PIKE",17149,74,70,0,0,4,0,0,0,0,0,74,70,0,4
2001,"PIKE",17149,94,91,0,1,2,3,1,0,1,1,91,90,0,1
2002,"PIKE",17149,85,83,0,0,2,0,0,0,0,0,85,83,0,2
2003,"PIKE",17149,111,108,0,0,3,2,2,0,0,0,109,106,0,3
1990,"POPE",17151,8,6,1,0,1,2,1,1,0,0,6,5,0,1
1991,"POPE",17151,9,9,0,0,0,2,2,0,0,0,7,7,0,0
1992,"POPE",17151,10,8,0,0,2,3,3,0,0,0,7,5,0,2
1993,"POPE",17151,6,6,0,0,0,0,0,0,0,0,6,6,0,0
1994,"POPE",17151,2,2,0,0,0,1,1,0,0,0,1,1,0,0
1995,"POPE",17151,9,8,0,0,1,0,0,0,0,0,9,8,0,1
1996,"POPE",17151,12,11,0,0,1,2,1,0,0,1,10,10,0,0
1997,"POPE",17151,11,10,0,0,1,0,0,0,0,0,11,10,0,1
1998,"POPE",17151,19,19,0,0,0,3,3,0,0,0,16,16,0,0
1999,"POPE",17151,20,16,0,0,4,2,2,0,0,0,18,14,0,4
2000,"POPE",17151,21,15,0,0,6,2,2,0,0,0,19,13,0,6
2001,"POPE",17151,19,9,0,0,10,2,0,0,0,2,17,9,0,8
2002,"POPE",17151,18,16,0,0,2,2,1,0,0,1,16,15,0,1
2003,"POPE",17151,15,14,0,0,1,0,0,0,0,0,15,14,0,1
1990,"PULASKI",17153,15,13,0,0,2,4,3,0,0,1,11,10,0,1
1991,"PULASKI",17153,21,20,0,0,1,2,2,0,0,0,19,18,0,1
1992,"PULASKI",17153,20,16,0,0,4,2,1,0,0,1,18,15,0,3
1993,"PULASKI",17153,12,11,0,0,1,2,2,0,0,0,10,9,0,1
1994,"PULASKI",17153,9,8,0,0,1,0,0,0,0,0,9,8,0,1
1995,"PULASKI",17153,13,9,0,0,4,3,2,0,0,1,10,7,0,3
1996,"PULASKI",17153,20,18,0,0,2,1,1,0,0,0,19,17,0,2
1997,"PULASKI",17153,23,19,0,0,4,2,2,0,0,0,21,17,0,4
1998,"PULASKI",17153,36,33,0,0,3,3,2,0,0,1,33,31,0,2
1999,"PULASKI",17153,47,46,0,0,1,3,3,0,0,0,44,43,0,1
2000,"PULASKI",17153,42,33,0,0,9,3,1,0,0,2,39,32,0,7
2001,"PULASKI",17153,39,34,0,0,5,0,0,0,0,0,39,34,0,5
2002,"PULASKI",17153,60,39,0,0,21,0,0,0,0,0,60,39,0,21
2003,"PULASKI",17153,57,43,0,0,14,2,1,0,0,1,55,42,0,13
1990,"PUTNAM",17155,16,15,0,0,1,1,1,0,0,0,15,14,0,1
1991,"PUTNAM",17155,18,18,0,0,0,0,0,0,0,0,18,18,0,0
1992,"PUTNAM",17155,19,15,0,2,2,3,0,0,2,1,16,15,0,1
1993,"PUTNAM",17155,14,9,0,1,4,3,2,0,1,0,11,7,0,4
1994,"PUTNAM",17155,11,10,0,0,1,1,1,0,0,0,10,9,0,1
1995,"PUTNAM",17155,11,11,0,0,0,0,0,0,0,0,11,11,0,0
1996,"PUTNAM",17155,12,12,0,0,0,1,1,0,0,0,11,11,0,0
1997,"PUTNAM",17155,18,16,0,0,2,1,1,0,0,0,17,15,0,2
1998,"PUTNAM",17155,24,22,0,1,1,1,0,0,1,0,23,22,0,1
1999,"PUTNAM",17155,20,17,0,0,3,0,0,0,0,0,20,17,0,3
2000,"PUTNAM",17155,14,11,0,0,3,0,0,0,0,0,14,11,0,3
2001,"PUTNAM",17155,37,35,0,0,2,1,1,0,0,0,36,34,0,2
2002,"PUTNAM",17155,45,41,0,0,4,0,0,0,0,0,45,41,0,4
2003,"PUTNAM",17155,36,33,0,1,2,1,0,0,1,0,35,33,0,2
1990,"RANDOLPH",17157,51,36,0,2,13,5,3,0,2,0,46,33,0,13
1991,"RANDOLPH",17157,104,81,0,0,23,9,8,0,0,1,95,73,0,22
1992,"RANDOLPH",17157,80,64,0,0,16,5,5,0,0,0,75,59,0,16
1993,"RANDOLPH",17157,86,63,3,0,20,10,5,3,0,2,76,58,0,18
1994,"RANDOLPH",17157,75,54,0,0,21,4,3,0,0,1,71,51,0,20
1995,"RANDOLPH",17157,100,78,1,0,21,14,9,1,0,4,86,69,0,17
1996,"RANDOLPH",17157,102,77,1,0,24,6,5,1,0,0,96,72,0,24
1997,"RANDOLPH",17157,105,77,1,0,27,12,4,1,0,7,93,73,0,20
1998,"RANDOLPH",17157,142,113,0,0,29,14,13,0,0,1,128,100,0,28
1999,"RANDOLPH",17157,156,112,0,0,44,11,9,0,0,2,145,103,0,42
2000,"RANDOLPH",17157,160,127,0,0,33,10,5,0,0,5,150,122,0,28
2001,"RANDOLPH",17157,206,153,0,1,52,13,9,0,1,3,193,144,0,49
2002,"RANDOLPH",17157,177,133,0,0,44,0,0,0,0,0,177,133,0,44
2003,"RANDOLPH",17157,201,130,1,0,70,2,2,0,0,0,199,128,1,70
1990,"RICHLAND",17159,34,31,1,1,1,10,8,1,1,0,24,23,0,1
1991,"RICHLAND",17159,39,35,1,2,1,9,6,1,2,0,30,29,0,1
1992,"RICHLAND",17159,36,34,0,1,1,10,9,0,1,0,26,25,0,1
1993,"RICHLAND",17159,47,45,0,0,2,5,4,0,0,1,42,41,0,1
1994,"RICHLAND",17159,38,35,1,0,2,4,3,1,0,0,34,32,0,2
1995,"RICHLAND",17159,43,41,0,0,2,6,5,0,0,1,37,36,0,1
1996,"RICHLAND",17159,60,56,0,0,4,9,9,0,0,0,51,47,0,4
1997,"RICHLAND",17159,97,85,0,0,12,8,6,0,0,2,89,79,0,10
1998,"RICHLAND",17159,75,67,0,0,8,9,7,0,0,2,66,60,0,6
1999,"RICHLAND",17159,74,62,0,1,11,10,8,0,1,1,64,54,0,10
2000,"RICHLAND",17159,67,60,0,0,7,10,8,0,0,2,57,52,0,5
2001,"RICHLAND",17159,85,77,0,0,8,11,8,0,0,3,74,69,0,5
2002,"RICHLAND",17159,84,79,1,0,4,5,4,1,0,0,79,75,0,4
2003,"RICHLAND",17159,96,89,1,1,5,4,2,1,1,0,92,87,0,5
1990,"ROCK ISLAND",17161,645,440,3,2,200,7,2,3,2,0,638,438,0,200
1991,"ROCK ISLAND",17161,613,438,6,0,169,19,11,6,0,2,594,427,0,167
1992,"ROCK ISLAND",17161,611,419,3,3,186,30,19,3,3,5,581,400,0,181
1993,"ROCK ISLAND",17161,476,332,2,0,142,22,14,2,0,6,454,318,0,136
1994,"ROCK ISLAND",17161,506,362,7,0,137,22,13,7,0,2,484,349,0,135
1995,"ROCK ISLAND",17161,564,414,2,1,147,22,18,2,1,1,542,396,0,146
1996,"ROCK ISLAND",17161,724,529,3,0,192,34,26,3,0,5,690,503,0,187
1997,"ROCK ISLAND",17161,869,644,1,0,224,14,11,1,0,2,855,633,0,222
1998,"ROCK ISLAND",17161,872,652,3,1,216,8,4,3,1,0,864,648,0,216
1999,"ROCK ISLAND",17161,791,596,3,0,192,8,5,3,0,0,783,591,0,192
2000,"ROCK ISLAND",17161,764,569,1,0,194,5,4,1,0,0,759,565,0,194
2001,"ROCK ISLAND",17161,901,681,1,0,219,7,6,1,0,0,894,675,0,219
2002,"ROCK ISLAND",17161,957,726,3,0,228,8,4,3,0,1,949,722,0,227
2003,"ROCK ISLAND",17161,1091,830,1,0,260,6,5,1,0,0,1085,825,0,260
1990,"ST CLAIR",17163,1015,668,12,1,333,120,85,12,1,21,895,583,0,312
1991,"ST CLAIR",17163,1181,656,4,0,521,105,75,4,0,26,1076,581,0,495
1992,"ST CLAIR",17163,1028,571,6,1,450,68,45,6,1,16,960,526,0,434
1993,"ST CLAIR",17163,852,457,8,0,387,66,36,8,0,22,786,421,0,365
1994,"ST CLAIR",17163,941,500,7,0,434,71,39,7,0,25,870,461,0,409
1995,"ST CLAIR",17163,1207,610,5,0,592,72,41,5,0,26,1135,569,0,566
1996,"ST CLAIR",17163,1546,855,11,0,680,93,54,11,0,28,1453,801,0,652
1997,"ST CLAIR",17163,1674,940,4,0,730,85,48,4,0,33,1589,892,0,697
1998,"ST CLAIR",17163,1880,1200,8,0,672,117,68,8,0,41,1763,1132,0,631
1999,"ST CLAIR",17163,1900,1126,9,0,765,118,74,8,0,36,1782,1052,1,729
2000,"ST CLAIR",17163,1814,1036,10,0,768,89,54,7,0,28,1725,982,3,740
2001,"ST CLAIR",17163,2074,1280,4,0,790,62,32,4,0,26,2012,1248,0,764
2002,"ST CLAIR",17163,2224,1388,7,0,829,24,9,7,0,8,2200,1379,0,821
2003,"ST CLAIR",17163,2497,1568,6,0,922,15,7,5,0,2,2482,1561,1,920
1990,"SALINE",17165,65,58,1,0,6,10,7,1,0,2,55,51,0,4
1991,"SALINE",17165,90,86,0,0,4,22,21,0,0,1,68,65,0,3
1992,"SALINE",17165,52,48,0,0,4,5,5,0,0,0,47,43,0,4
1993,"SALINE",17165,67,60,2,0,5,18,14,2,0,2,49,46,0,3
1994,"SALINE",17165,59,55,0,1,3,8,7,0,1,0,51,48,0,3
1995,"SALINE",17165,86,79,0,0,7,12,11,0,0,1,74,68,0,6
1996,"SALINE",17165,113,103,0,0,10,21,17,0,0,4,92,86,0,6
1997,"SALINE",17165,131,127,0,0,4,18,16,0,0,2,113,111,0,2
1998,"SALINE",17165,148,139,0,0,9,21,19,0,0,2,127,120,0,7
1999,"SALINE",17165,174,139,0,2,33,29,20,0,2,7,145,119,0,26
2000,"SALINE",17165,180,136,0,0,44,20,14,0,0,6,160,122,0,38
2001,"SALINE",17165,197,163,0,0,34,24,20,0,0,4,173,143,0,30
2002,"SALINE",17165,202,157,0,0,45,3,3,0,0,0,199,154,0,45
2003,"SALINE",17165,197,151,0,0,46,2,1,0,0,1,195,150,0,45
1990,"SANGAMON",17167,563,538,3,1,21,12,7,3,1,1,551,531,0,20
1991,"SANGAMON",17167,604,572,5,1,26,30,22,5,1,2,574,550,0,24
1992,"SANGAMON",17167,576,545,2,0,29,28,25,2,0,1,548,520,0,28
1993,"SANGAMON",17167,454,423,3,0,28,31,24,3,0,4,423,399,0,24
1994,"SANGAMON",17167,512,478,5,0,29,31,22,5,0,4,481,456,0,25
1995,"SANGAMON",17167,605,567,5,0,33,34,26,5,0,3,571,541,0,30
1996,"SANGAMON",17167,790,728,6,0,56,42,30,6,0,6,748,698,0,50
1997,"SANGAMON",17167,1098,1041,2,0,55,22,19,2,0,1,1076,1022,0,54
1998,"SANGAMON",17167,1073,1003,1,0,69,7,6,1,0,0,1066,997,0,69
1999,"SANGAMON",17167,988,915,4,3,66,16,8,4,3,1,972,907,0,65
2000,"SANGAMON",17167,921,846,2,2,71,14,10,2,2,0,907,836,0,71
2001,"SANGAMON",17167,1218,1091,8,0,119,21,11,8,0,2,1197,1080,0,117
2002,"SANGAMON",17167,1455,1328,12,1,114,32,19,12,1,0,1423,1309,0,114
2003,"SANGAMON",17167,1529,1383,3,2,141,14,9,3,2,0,1515,1374,0,141
1990,"SCHUYLER",17169,13,10,1,0,2,2,0,1,0,1,11,10,0,1
1991,"SCHUYLER",17169,13,13,0,0,0,1,1,0,0,0,12,12,0,0
1992,"SCHUYLER",17169,13,11,0,0,2,1,0,0,0,1,12,11,0,1
1993,"SCHUYLER",17169,12,9,0,2,1,2,0,0,2,0,10,9,0,1
1994,"SCHUYLER",17169,6,6,0,0,0,0,0,0,0,0,6,6,0,0
1995,"SCHUYLER",17169,20,18,0,1,1,1,0,0,1,0,19,18,0,1
1996,"SCHUYLER",17169,29,27,0,0,2,1,1,0,0,0,28,26,0,2
1997,"SCHUYLER",17169,35,34,1,0,0,2,1,1,0,0,33,33,0,0
1998,"SCHUYLER",17169,26,22,0,0,4,0,0,0,0,0,26,22,0,4
1999,"SCHUYLER",17169,26,24,0,0,2,0,0,0,0,0,26,24,0,2
2000,"SCHUYLER",17169,18,16,0,0,2,0,0,0,0,0,18,16,0,2
2001,"SCHUYLER",17169,36,33,0,0,3,0,0,0,0,0,36,33,0,3
2002,"SCHUYLER",17169,29,27,0,0,2,0,0,0,0,0,29,27,0,2
2003,"SCHUYLER",17169,41,38,0,0,3,0,0,0,0,0,41,38,0,3
1990,"SCOTT",17171,27,26,0,1,0,2,1,0,1,0,25,25,0,0
1991,"SCOTT",17171,20,17,0,1,2,2,0,0,1,1,18,17,0,1
1992,"SCOTT",17171,10,10,0,0,0,0,0,0,0,0,10,10,0,0
1993,"SCOTT",17171,8,8,0,0,0,1,1,0,0,0,7,7,0,0
1994,"SCOTT",17171,10,10,0,0,0,1,1,0,0,0,9,9,0,0
1995,"SCOTT",17171,15,13,0,1,1,2,1,0,1,0,13,12,0,1
1996,"SCOTT",17171,25,23,0,0,2,1,1,0,0,0,24,22,0,2
1997,"SCOTT",17171,26,24,0,1,1,1,0,0,1,0,25,24,0,1
1998,"SCOTT",17171,15,15,0,0,0,0,0,0,0,0,15,15,0,0
1999,"SCOTT",17171,18,18,0,0,0,0,0,0,0,0,18,18,0,0
2000,"SCOTT",17171,18,15,0,1,2,1,0,0,1,0,17,15,0,2
2001,"SCOTT",17171,18,18,0,0,0,0,0,0,0,0,18,18,0,0
2002,"SCOTT",17171,26,24,0,1,1,1,0,0,1,0,25,24,0,1
2003,"SCOTT",17171,41,36,1,1,3,2,0,1,1,0,39,36,0,3
1990,"SHELBY",17173,57,54,1,0,2,4,3,1,0,0,53,51,0,2
1991,"SHELBY",17173,61,59,0,0,2,3,3,0,0,0,58,56,0,2
1992,"SHELBY",17173,61,57,0,1,3,3,2,0,1,0,58,55,0,3
1993,"SHELBY",17173,52,47,1,0,4,2,1,1,0,0,50,46,0,4
1994,"SHELBY",17173,44,40,3,0,1,5,2,3,0,0,39,38,0,1
1995,"SHELBY",17173,55,55,0,0,0,1,1,0,0,0,54,54,0,0
1996,"SHELBY",17173,74,71,0,0,3,4,3,0,0,1,70,68,0,2
1997,"SHELBY",17173,97,94,0,1,2,3,2,0,1,0,94,92,0,2
1998,"SHELBY",17173,74,69,1,0,4,2,1,1,0,0,72,68,0,4
1999,"SHELBY",17173,67,60,2,2,3,4,0,2,2,0,63,60,0,3
2000,"SHELBY",17173,91,86,0,0,5,0,0,0,0,0,91,86,0,5
2001,"SHELBY",17173,120,112,1,1,6,4,2,1,1,0,116,110,0,6
2002,"SHELBY",17173,129,118,1,0,10,2,1,1,0,0,127,117,0,10
2003,"SHELBY",17173,125,116,0,1,8,1,0,0,1,0,124,116,0,8
1990,"STARK",17175,21,19,0,0,2,0,0,0,0,0,21,19,0,2
1991,"STARK",17175,31,28,0,2,1,3,1,0,2,0,28,27,0,1
1992,"STARK",17175,14,14,0,0,0,1,1,0,0,0,13,13,0,0
1993,"STARK",17175,23,13,0,0,10,2,0,0,0,2,21,13,0,8
1994,"STARK",17175,18,16,0,0,2,4,2,0,0,2,14,14,0,0
1995,"STARK",17175,21,18,0,0,3,1,0,0,0,1,20,18,0,2
1996,"STARK",17175,33,25,0,1,7,2,0,0,1,1,31,25,0,6
1997,"STARK",17175,31,30,0,0,1,1,1,0,0,0,30,29,0,1
1998,"STARK",17175,31,18,0,1,12,1,0,0,1,0,30,18,0,12
1999,"STARK",17175,37,35,0,0,2,0,0,0,0,0,37,35,0,2
2000,"STARK",17175,34,27,0,1,6,1,0,0,1,0,33,27,0,6
2001,"STARK",17175,36,30,0,0,6,0,0,0,0,0,36,30,0,6
2002,"STARK",17175,48,40,0,0,8,1,0,0,0,1,47,40,0,7
2003,"STARK",17175,36,31,0,0,5,0,0,0,0,0,36,31,0,5
1990,"STEPHENSON",17177,119,92,3,0,24,5,2,3,0,0,114,90,0,24
1991,"STEPHENSON",17177,118,85,3,0,30,3,0,3,0,0,115,85,0,30
1992,"STEPHENSON",17177,114,84,3,1,26,4,0,3,1,0,110,84,0,26
1993,"STEPHENSON",17177,113,67,1,1,44,2,0,1,1,0,111,67,0,44
1994,"STEPHENSON",17177,127,83,2,1,41,4,1,2,1,0,123,82,0,41
1995,"STEPHENSON",17177,161,117,0,0,44,1,0,0,0,1,160,117,0,43
1996,"STEPHENSON",17177,194,142,1,0,51,4,2,1,0,1,190,140,0,50
1997,"STEPHENSON",17177,160,131,0,0,29,4,3,0,0,1,156,128,0,28
1998,"STEPHENSON",17177,230,194,1,1,34,3,0,1,1,1,227,194,0,33
1999,"STEPHENSON",17177,224,186,0,0,38,0,0,0,0,0,224,186,0,38
2000,"STEPHENSON",17177,222,172,0,0,50,0,0,0,0,0,222,172,0,50
2001,"STEPHENSON",17177,264,215,1,0,48,4,2,1,0,1,260,213,0,47
2002,"STEPHENSON",17177,330,294,0,0,36,4,4,0,0,0,326,290,0,36
2003,"STEPHENSON",17177,325,272,2,0,51,2,2,0,0,0,323,270,2,51
1990,"TAZEWELL",17179,446,406,3,1,36,6,2,3,1,0,440,404,0,36
1991,"TAZEWELL",17179,523,472,2,2,47,8,4,2,2,0,515,468,0,47
1992,"TAZEWELL",17179,505,459,2,0,44,30,25,2,0,3,475,434,0,41
1993,"TAZEWELL",17179,499,427,4,0,68,23,14,4,0,5,476,413,0,63
1994,"TAZEWELL",17179,460,400,2,1,57,19,16,2,1,0,441,384,0,57
1995,"TAZEWELL",17179,541,449,4,1,87,23,14,4,1,4,518,435,0,83
1996,"TAZEWELL",17179,683,547,1,0,135,22,21,1,0,0,661,526,0,135
1997,"TAZEWELL",17179,800,643,2,0,155,22,13,2,0,7,778,630,0,148
1998,"TAZEWELL",17179,733,556,0,0,177,3,3,0,0,0,730,553,0,177
1999,"TAZEWELL",17179,686,528,2,0,156,12,9,2,0,1,674,519,0,155
2000,"TAZEWELL",17179,721,556,0,0,165,4,3,0,0,1,717,553,0,164
2001,"TAZEWELL",17179,936,727,2,0,207,15,12,2,0,1,921,715,0,206
2002,"TAZEWELL",17179,961,742,1,0,218,11,8,1,0,2,950,734,0,216
2003,"TAZEWELL",17179,1015,805,0,1,209,11,9,0,1,1,1004,796,0,208
1990,"UNION",17181,36,31,3,0,2,5,2,3,0,0,31,29,0,2
1991,"UNION",17181,46,34,1,0,11,7,6,1,0,0,39,28,0,11
1992,"UNION",17181,48,42,0,0,6,6,6,0,0,0,42,36,0,6
1993,"UNION",17181,34,32,0,0,2,5,4,0,0,1,29,28,0,1
1994,"UNION",17181,44,44,0,0,0,6,6,0,0,0,38,38,0,0
1995,"UNION",17181,45,42,1,0,2,2,1,1,0,0,43,41,0,2
1996,"UNION",17181,69,63,0,0,6,6,6,0,0,0,63,57,0,6
1997,"UNION",17181,67,65,0,0,2,9,8,0,0,1,58,57,0,1
1998,"UNION",17181,77,74,0,0,3,7,6,0,0,1,70,68,0,2
1999,"UNION",17181,77,67,0,0,10,10,8,0,0,2,67,59,0,8
2000,"UNION",17181,91,68,0,1,22,9,7,0,1,1,82,61,0,21
2001,"UNION",17181,91,73,1,0,17,11,8,1,0,2,80,65,0,15
2002,"UNION",17181,106,84,0,0,22,4,2,0,0,2,102,82,0,20
2003,"UNION",17181,101,72,1,0,28,2,0,1,0,1,99,72,0,27
1990,"VERMILION",17183,338,308,6,0,24,9,3,6,0,0,329,305,0,24
1991,"VERMILION",17183,336,296,5,1,34,12,6,5,1,0,324,290,0,34
1992,"VERMILION",17183,324,295,2,1,26,21,17,2,1,1,303,278,0,25
1993,"VERMILION",17183,293,268,4,0,21,16,9,4,0,3,277,259,0,18
1994,"VERMILION",17183,251,234,1,2,14,13,10,1,2,0,238,224,0,14
1995,"VERMILION",17183,302,268,0,1,33,14,10,0,1,3,288,258,0,30
1996,"VERMILION",17183,436,414,0,1,21,8,5,0,1,2,428,409,0,19
1997,"VERMILION",17183,612,571,1,0,40,10,8,1,0,1,602,563,0,39
1998,"VERMILION",17183,606,575,0,0,31,1,1,0,0,0,605,574,0,31
1999,"VERMILION",17183,611,559,2,0,50,3,1,2,0,0,608,558,0,50
2000,"VERMILION",17183,557,514,2,1,40,6,3,2,1,0,551,511,0,40
2001,"VERMILION",17183,766,700,4,1,61,11,6,4,1,0,755,694,0,61
2002,"VERMILION",17183,815,717,5,1,92,8,3,4,1,0,807,714,1,92
2003,"VERMILION",17183,876,756,0,0,120,10,10,0,0,0,866,746,0,120
1990,"WABASH",17185,39,36,0,0,3,11,10,0,0,1,28,26,0,2
1991,"WABASH",17185,47,46,0,0,1,7,7,0,0,0,40,39,0,1
1992,"WABASH",17185,26,26,0,0,0,6,6,0,0,0,20,20,0,0
1993,"WABASH",17185,40,36,1,0,3,5,3,1,0,1,35,33,0,2
1994,"WABASH",17185,23,22,0,0,1,5,5,0,0,0,18,17,0,1
1995,"WABASH",17185,30,30,0,0,0,3,3,0,0,0,27,27,0,0
1996,"WABASH",17185,54,51,0,0,3,7,5,0,0,2,47,46,0,1
1997,"WABASH",17185,46,41,1,0,4,4,1,1,0,2,42,40,0,2
1998,"WABASH",17185,49,47,1,0,1,4,3,1,0,0,45,44,0,1
1999,"WABASH",17185,52,46,0,0,6,2,2,0,0,0,50,44,0,6
2000,"WABASH",17185,44,39,2,0,3,9,7,2,0,0,35,32,0,3
2001,"WABASH",17185,47,44,0,0,3,6,6,0,0,0,41,38,0,3
2002,"WABASH",17185,59,57,0,0,2,0,0,0,0,0,59,57,0,2
2003,"WABASH",17185,53,49,0,0,4,2,2,0,0,0,51,47,0,4
1990,"WARREN",17187,81,55,1,1,24,4,1,1,1,1,77,54,0,23
1991,"WARREN",17187,68,46,1,2,19,4,1,1,2,0,64,45,0,19
1992,"WARREN",17187,69,51,0,2,16,10,6,0,2,2,59,45,0,14
1993,"WARREN",17187,76,49,0,5,22,9,2,0,5,2,67,47,0,20
1994,"WARREN",17187,70,51,1,0,18,10,6,1,0,3,60,45,0,15
1995,"WARREN",17187,90,64,0,1,25,5,2,0,1,2,85,62,0,23
1996,"WARREN",17187,92,75,0,0,17,6,4,0,0,2,86,71,0,15
1997,"WARREN",17187,125,74,0,0,51,4,2,0,0,2,121,72,0,49
1998,"WARREN",17187,135,90,0,0,45,1,1,0,0,0,134,89,0,45
1999,"WARREN",17187,107,71,0,1,35,4,1,0,1,2,103,70,0,33
2000,"WARREN",17187,125,77,0,0,48,1,1,0,0,0,124,76,0,48
2001,"WARREN",17187,125,99,0,0,26,1,1,0,0,0,124,98,0,26
2002,"WARREN",17187,141,104,1,2,34,4,1,1,2,0,137,103,0,34
2003,"WARREN",17187,136,104,1,1,30,3,0,1,1,1,133,104,0,29
1990,"WASHINGTON",17189,31,26,2,0,3,8,5,2,0,1,23,21,0,2
1991,"WASHINGTON",17189,34,22,0,1,11,5,2,0,1,2,29,20,0,9
1992,"WASHINGTON",17189,32,22,0,2,8,5,2,0,2,1,27,20,0,7
1993,"WASHINGTON",17189,27,19,0,0,8,4,2,0,0,2,23,17,0,6
1994,"WASHINGTON",17189,28,21,0,0,7,2,1,0,0,1,26,20,0,6
1995,"WASHINGTON",17189,35,31,0,0,4,2,2,0,0,0,33,29,0,4
1996,"WASHINGTON",17189,65,50,0,1,14,12,8,0,1,3,53,42,0,11
1997,"WASHINGTON",17189,57,42,1,0,14,6,3,1,0,2,51,39,0,12
1998,"WASHINGTON",17189,60,43,1,0,16,9,5,1,0,3,51,38,0,13
1999,"WASHINGTON",17189,64,40,0,0,24,10,5,0,0,5,54,35,0,19
2000,"WASHINGTON",17189,76,58,2,0,16,17,14,2,0,1,59,44,0,15
2001,"WASHINGTON",17189,67,44,2,1,20,10,5,1,1,3,57,39,1,17
2002,"WASHINGTON",17189,82,64,0,0,18,4,3,0,0,1,78,61,0,17
2003,"WASHINGTON",17189,99,79,0,0,20,2,2,0,0,0,97,77,0,20
1990,"WAYNE",17191,27,25,0,0,2,9,8,0,0,1,18,17,0,1
1991,"WAYNE",17191,51,47,0,0,4,7,7,0,0,0,44,40,0,4
1992,"WAYNE",17191,31,23,0,3,5,11,6,0,3,2,20,17,0,3
1993,"WAYNE",17191,31,28,0,0,3,2,1,0,0,1,29,27,0,2
1994,"WAYNE",17191,19,19,0,0,0,5,5,0,0,0,14,14,0,0
1995,"WAYNE",17191,35,34,0,0,1,4,4,0,0,0,31,30,0,1
1996,"WAYNE",17191,56,44,0,1,11,9,6,0,1,2,47,38,0,9
1997,"WAYNE",17191,77,68,2,0,7,8,5,2,0,1,69,63,0,6
1998,"WAYNE",17191,62,59,0,0,3,6,5,0,0,1,56,54,0,2
1999,"WAYNE",17191,84,68,0,6,10,17,10,0,6,1,67,58,0,9
2000,"WAYNE",17191,76,60,0,0,16,13,6,0,0,7,63,54,0,9
2001,"WAYNE",17191,66,57,0,0,9,5,5,0,0,0,61,52,0,9
2002,"WAYNE",17191,69,60,0,0,9,0,0,0,0,0,69,60,0,9
2003,"WAYNE",17191,80,69,0,0,11,0,0,0,0,0,80,69,0,11
1990,"WHITE",17193,42,40,0,1,1,10,8,0,1,1,32,32,0,0
1991,"WHITE",17193,33,31,0,0,2,9,8,0,0,1,24,23,0,1
1992,"WHITE",17193,30,28,0,0,2,9,8,0,0,1,21,20,0,1
1993,"WHITE",17193,31,28,2,0,1,7,4,2,0,1,24,24,0,0
1994,"WHITE",17193,32,31,0,0,1,8,7,0,0,1,24,24,0,0
1995,"WHITE",17193,43,40,0,0,3,5,4,0,0,1,38,36,0,2
1996,"WHITE",17193,50,45,0,1,4,11,7,0,1,3,39,38,0,1
1997,"WHITE",17193,47,42,1,0,4,8,6,1,0,1,39,36,0,3
1998,"WHITE",17193,73,67,0,1,5,14,12,0,1,1,59,55,0,4
1999,"WHITE",17193,69,62,2,0,5,15,12,2,0,1,54,50,0,4
2000,"WHITE",17193,58,50,1,1,6,10,8,1,1,0,48,42,0,6
2001,"WHITE",17193,103,89,0,0,14,9,5,0,0,4,94,84,0,10
2002,"WHITE",17193,71,58,1,0,12,5,2,1,0,2,66,56,0,10
2003,"WHITE",17193,92,82,0,0,10,2,2,0,0,0,90,80,0,10
1990,"WHITESIDE",17195,159,130,6,0,23,6,0,6,0,0,153,130,0,23
1991,"WHITESIDE",17195,154,129,1,1,23,2,0,1,1,0,152,129,0,23
1992,"WHITESIDE",17195,138,121,1,0,16,1,0,1,0,0,137,121,0,16
1993,"WHITESIDE",17195,118,100,1,0,17,4,2,1,0,1,114,98,0,16
1994,"WHITESIDE",17195,123,116,0,0,7,6,5,0,0,1,117,111,0,6
1995,"WHITESIDE",17195,172,144,0,0,28,1,0,0,0,1,171,144,0,27
1996,"WHITESIDE",17195,228,194,1,0,33,5,4,1,0,0,223,190,0,33
1997,"WHITESIDE",17195,253,221,0,0,32,0,0,0,0,0,253,221,0,32
1998,"WHITESIDE",17195,330,295,0,0,35,0,0,0,0,0,330,295,0,35
1999,"WHITESIDE",17195,270,240,2,4,24,6,0,2,4,0,264,240,0,24
2000,"WHITESIDE",17195,240,221,2,0,17,2,0,2,0,0,238,221,0,17
2001,"WHITESIDE",17195,366,342,1,1,22,3,1,1,1,0,363,341,0,22
2002,"WHITESIDE",17195,393,381,1,0,11,2,1,1,0,0,391,380,0,11
2003,"WHITESIDE",17195,398,374,2,0,22,2,0,2,0,0,396,374,0,22
1990,"WILL",17197,1204,988,7,1,208,41,31,7,1,2,1163,957,0,206
1991,"WILL",17197,1279,1025,13,1,240,61,43,11,1,6,1218,982,2,234
1992,"WILL",17197,1396,1124,10,0,262,74,54,10,0,10,1322,1070,0,252
1993,"WILL",17197,1397,1122,14,0,261,75,53,14,0,8,1322,1069,0,253
1994,"WILL",17197,1439,1164,3,0,272,42,33,2,0,7,1397,1131,1,265
1995,"WILL",17197,1530,1304,6,0,220,43,33,5,0,5,1487,1271,1,215
1996,"WILL",17197,2008,1664,8,0,336,28,19,7,0,2,1980,1645,1,334
1997,"WILL",17197,2350,1898,8,0,444,38,28,8,0,2,2312,1870,0,442
1998,"WILL",17197,2470,1947,8,0,515,39,31,7,0,1,2431,1916,1,514
1999,"WILL",17197,2460,1857,6,0,597,28,22,6,0,0,2432,1835,0,597
2000,"WILL",17197,2394,1771,10,0,613,37,27,9,0,1,2357,1744,1,612
2001,"WILL",17197,3071,2283,11,0,777,43,33,10,0,0,3028,2250,1,777
2002,"WILL",17197,3572,2662,9,1,900,24,15,8,1,0,3548,2647,1,900
2003,"WILL",17197,3807,2781,8,0,1018,27,20,6,0,1,3780,2761,2,1017
1990,"WILLIAMSON",17199,171,160,3,0,8,35,30,3,0,2,136,130,0,6
1991,"WILLIAMSON",17199,198,181,0,0,17,40,34,0,0,6,158,147,0,11
1992,"WILLIAMSON",17199,176,170,1,0,5,23,20,1,0,2,153,150,0,3
1993,"WILLIAMSON",17199,181,169,5,0,7,28,22,5,0,1,153,147,0,6
1994,"WILLIAMSON",17199,196,180,3,0,13,26,20,3,0,3,170,160,0,10
1995,"WILLIAMSON",17199,242,221,1,0,20,25,21,1,0,3,217,200,0,17
1996,"WILLIAMSON",17199,287,254,1,0,32,43,35,1,0,7,244,219,0,25
1997,"WILLIAMSON",17199,405,369,4,0,32,51,41,4,0,6,354,328,0,26
1998,"WILLIAMSON",17199,433,389,1,0,43,56,46,1,0,9,377,343,0,34
1999,"WILLIAMSON",17199,499,384,3,0,112,57,37,3,0,17,442,347,0,95
2000,"WILLIAMSON",17199,505,351,0,0,154,48,31,0,0,17,457,320,0,137
2001,"WILLIAMSON",17199,541,394,3,0,144,54,35,3,0,16,487,359,0,128
2002,"WILLIAMSON",17199,623,441,6,0,176,23,11,6,0,6,600,430,0,170
2003,"WILLIAMSON",17199,577,389,3,0,185,8,4,3,0,1,569,385,0,184
1990,"WINNEBAGO",17201,1173,668,7,0,498,14,7,7,0,0,1159,661,0,498
1991,"WINNEBAGO",17201,1361,794,13,0,554,22,9,13,0,0,1339,785,0,554
1992,"WINNEBAGO",17201,1265,786,7,1,471,19,12,6,1,0,1246,774,1,471
1993,"WINNEBAGO",17201,1089,625,10,2,452,25,14,9,2,0,1064,611,1,452
1994,"WINNEBAGO",17201,1032,591,7,2,432,18,8,7,2,1,1014,583,0,431
1995,"WINNEBAGO",17201,1175,789,6,0,380,11,5,5,0,1,1164,784,1,379
1996,"WINNEBAGO",17201,1397,892,7,0,498,21,10,6,0,5,1376,882,1,493
1997,"WINNEBAGO",17201,1676,1133,5,1,537,17,11,5,1,0,1659,1122,0,537
1998,"WINNEBAGO",17201,1802,1281,5,0,516,15,9,5,0,1,1787,1272,0,515
1999,"WINNEBAGO",17201,1741,1245,2,1,493,11,7,2,1,1,1730,1238,0,492
2000,"WINNEBAGO",17201,1795,1249,1,0,545,12,10,1,0,1,1783,1239,0,544
2001,"WINNEBAGO",17201,2273,1611,4,0,658,20,16,3,0,1,2253,1595,1,657
2002,"WINNEBAGO",17201,2622,1934,11,0,677,22,15,6,0,1,2600,1919,5,676
2003,"WINNEBAGO",17201,3001,2260,14,0,727,27,13,14,0,0,2974,2247,0,727
1990,"WOODFORD",17203,67,60,3,0,4,4,1,3,0,0,63,59,0,4
1991,"WOODFORD",17203,61,53,0,1,7,1,0,0,1,0,60,53,0,7
1992,"WOODFORD",17203,73,67,0,0,6,3,3,0,0,0,70,64,0,6
1993,"WOODFORD",17203,65,57,1,1,6,6,3,1,1,1,59,54,0,5
1994,"WOODFORD",17203,67,59,0,0,8,3,2,0,0,1,64,57,0,7
1995,"WOODFORD",17203,66,59,0,0,7,3,2,0,0,1,63,57,0,6
1996,"WOODFORD",17203,89,72,1,0,16,1,0,1,0,0,88,72,0,16
1997,"WOODFORD",17203,131,112,0,0,19,2,2,0,0,0,129,110,0,19
1998,"WOODFORD",17203,112,89,0,1,22,1,0,0,1,0,111,89,0,22
1999,"WOODFORD",17203,101,75,0,0,26,2,2,0,0,0,99,73,0,26
2000,"WOODFORD",17203,103,76,0,0,27,2,1,0,0,1,101,75,0,26
2001,"WOODFORD",17203,110,83,0,0,27,1,1,0,0,0,109,82,0,27
2002,"WOODFORD",17203,113,85,0,0,28,2,1,0,0,1,111,84,0,27
2003,"WOODFORD",17203,128,115,0,0,13,1,1,0,0,0,127,114,0,13
1990,"ADAMS",18001,63,55,2,0,6,7,5,2,0,0,56,50,0,6
1991,"ADAMS",18001,91,78,0,1,12,6,5,0,1,0,85,73,0,12
1992,"ADAMS",18001,71,58,4,0,9,12,7,4,0,1,59,51,0,8
1993,"ADAMS",18001,81,68,1,0,12,5,3,1,0,1,76,65,0,11
1994,"ADAMS",18001,50,45,0,0,5,4,4,0,0,0,46,41,0,5
1995,"ADAMS",18001,56,49,0,0,7,4,3,0,0,1,52,46,0,6
1996,"ADAMS",18001,60,54,1,0,5,2,1,1,0,0,58,53,0,5
1997,"ADAMS",18001,79,71,0,1,7,2,1,0,1,0,77,70,0,7
1998,"ADAMS",18001,75,70,0,0,5,0,0,0,0,0,75,70,0,5
1999,"ADAMS",18001,98,85,3,0,10,2,0,2,0,0,96,85,1,10
2000,"ADAMS",18001,89,82,0,0,7,0,0,0,0,0,89,82,0,7
2001,"ADAMS",18001,152,139,0,0,13,1,1,0,0,0,151,138,0,13
2002,"ADAMS",18001,153,147,0,0,6,1,1,0,0,0,152,146,0,6
2003,"ADAMS",18001,145,131,0,0,14,1,0,0,0,1,144,131,0,13
1990,"ALLEN",18003,1141,933,19,0,189,118,91,18,0,9,1023,842,1,180
1991,"ALLEN",18003,1266,1064,24,0,178,100,64,24,0,12,1166,1000,0,166
1992,"ALLEN",18003,1385,1174,34,0,177,104,62,34,0,8,1281,1112,0,169
1993,"ALLEN",18003,1070,923,18,0,129,61,41,17,0,3,1009,882,1,126
1994,"ALLEN",18003,954,847,12,1,94,64,45,11,1,7,890,802,1,87
1995,"ALLEN",18003,1147,970,8,0,169,60,43,8,0,9,1087,927,0,160
1996,"ALLEN",18003,1375,1231,11,0,133,53,39,10,0,4,1322,1192,1,129
1997,"ALLEN",18003,1641,1471,11,2,157,32,21,9,2,0,1609,1450,2,157
1998,"ALLEN",18003,1684,1520,3,1,160,13,11,1,1,0,1671,1509,2,160
1999,"ALLEN",18003,1749,1555,6,0,188,17,11,6,0,0,1732,1544,0,188
2000,"ALLEN",18003,1790,1553,17,0,220,24,10,14,0,0,1766,1543,3,220
2001,"ALLEN",18003,2411,2153,15,0,243,27,10,13,0,4,2384,2143,2,239
2002,"ALLEN",18003,2537,2313,6,0,218,32,25,6,0,1,2505,2288,0,217
2003,"ALLEN",18003,2823,2556,9,0,258,32,23,9,0,0,2791,2533,0,258
1990,"BARTHOLOMEW",18005,285,261,6,0,18,11,5,6,0,0,274,256,0,18
1991,"BARTHOLOMEW",18005,348,315,3,1,29,9,4,2,1,2,339,311,1,27
1992,"BARTHOLOMEW",18005,305,279,8,0,18,13,4,8,0,1,292,275,0,17
1993,"BARTHOLOMEW",18005,233,208,4,0,21,5,1,4,0,0,228,207,0,21
1994,"BARTHOLOMEW",18005,247,211,1,0,35,4,2,1,0,1,243,209,0,34
1995,"BARTHOLOMEW",18005,273,242,2,0,29,4,1,2,0,1,269,241,0,28
1996,"BARTHOLOMEW",18005,354,308,3,0,43,5,2,3,0,0,349,306,0,43
1997,"BARTHOLOMEW",18005,407,379,2,0,26,5,3,2,0,0,402,376,0,26
1998,"BARTHOLOMEW",18005,476,421,1,0,54,4,2,1,0,1,472,419,0,53
1999,"BARTHOLOMEW",18005,467,379,1,0,87,5,4,1,0,0,462,375,0,87
2000,"BARTHOLOMEW",18005,428,346,1,0,81,4,3,1,0,0,424,343,0,81
2001,"BARTHOLOMEW",18005,566,455,2,0,109,5,3,2,0,0,561,452,0,109
2002,"BARTHOLOMEW",18005,616,516,2,0,98,4,2,2,0,0,612,514,0,98
2003,"BARTHOLOMEW",18005,568,471,4,0,93,4,1,3,0,0,564,470,1,93
1990,"BENTON",18007,32,26,0,0,6,2,2,0,0,0,30,24,0,6
1991,"BENTON",18007,26,23,0,0,3,2,2,0,0,0,24,21,0,3
1992,"BENTON",18007,25,21,0,0,4,1,1,0,0,0,24,20,0,4
1993,"BENTON",18007,35,30,0,1,4,3,1,0,1,1,32,29,0,3
1994,"BENTON",18007,34,31,0,0,3,0,0,0,0,0,34,31,0,3
1995,"BENTON",18007,24,22,0,0,2,1,1,0,0,0,23,21,0,2
1996,"BENTON",18007,34,30,1,0,3,2,1,1,0,0,32,29,0,3
1997,"BENTON",18007,41,34,0,0,7,1,0,0,0,1,40,34,0,6
1998,"BENTON",18007,39,33,0,0,6,1,1,0,0,0,38,32,0,6
1999,"BENTON",18007,49,40,0,0,9,0,0,0,0,0,49,40,0,9
2000,"BENTON",18007,35,30,0,0,5,0,0,0,0,0,35,30,0,5
2001,"BENTON",18007,63,54,0,0,9,1,1,0,0,0,62,53,0,9
2002,"BENTON",18007,68,59,0,0,9,0,0,0,0,0,68,59,0,9
2003,"BENTON",18007,60,52,0,0,8,0,0,0,0,0,60,52,0,8
1990,"BLACKFORD",18009,47,44,2,0,1,6,4,2,0,0,41,40,0,1
1991,"BLACKFORD",18009,58,55,1,0,2,5,4,1,0,0,53,51,0,2
1992,"BLACKFORD",18009,69,62,1,0,6,7,5,1,0,1,62,57,0,5
1993,"BLACKFORD",18009,41,40,0,0,1,1,1,0,0,0,40,39,0,1
1994,"BLACKFORD",18009,40,39,0,0,1,1,1,0,0,0,39,38,0,1
1995,"BLACKFORD",18009,34,34,0,0,0,2,2,0,0,0,32,32,0,0
1996,"BLACKFORD",18009,67,61,0,1,5,4,2,0,1,1,63,59,0,4
1997,"BLACKFORD",18009,76,74,0,0,2,0,0,0,0,0,76,74,0,2
1998,"BLACKFORD",18009,77,75,0,0,2,0,0,0,0,0,77,75,0,2
1999,"BLACKFORD",18009,84,81,1,0,2,3,2,1,0,0,81,79,0,2
2000,"BLACKFORD",18009,86,76,0,0,10,0,0,0,0,0,86,76,0,10
2001,"BLACKFORD",18009,118,116,0,0,2,0,0,0,0,0,118,116,0,2
2002,"BLACKFORD",18009,148,143,0,0,5,1,1,0,0,0,147,142,0,5
2003,"BLACKFORD",18009,138,130,0,0,8,0,0,0,0,0,138,130,0,8
1990,"BOONE",18011,149,138,2,0,9,5,3,2,0,0,144,135,0,9
1991,"BOONE",18011,190,160,7,1,22,11,3,7,1,0,179,157,0,22
1992,"BOONE",18011,146,132,0,0,14,2,2,0,0,0,144,130,0,14
1993,"BOONE",18011,129,106,0,1,22,7,6,0,1,0,122,100,0,22
1994,"BOONE",18011,138,114,1,0,23,5,2,1,0,2,133,112,0,21
1995,"BOONE",18011,141,111,1,0,29,5,3,1,0,1,136,108,0,28
1996,"BOONE",18011,191,162,1,1,27,7,3,1,1,2,184,159,0,25
1997,"BOONE",18011,217,189,1,0,27,5,4,1,0,0,212,185,0,27
1998,"BOONE",18011,220,185,2,0,33,6,3,2,0,1,214,182,0,32
1999,"BOONE",18011,223,177,2,0,44,4,3,1,0,0,219,174,1,44
2000,"BOONE",18011,215,167,1,0,47,3,2,1,0,0,212,165,0,47
2001,"BOONE",18011,293,240,2,0,51,7,5,2,0,0,286,235,0,51
2002,"BOONE",18011,335,264,2,0,69,6,4,2,0,0,329,260,0,69
2003,"BOONE",18011,335,264,1,0,70,10,8,1,0,1,325,256,0,69
1990,"BROWN",18013,68,62,1,0,5,3,2,1,0,0,65,60,0,5
1991,"BROWN",18013,70,61,0,0,9,1,1,0,0,0,69,60,0,9
1992,"BROWN",18013,72,60,0,0,12,2,2,0,0,0,70,58,0,12
1993,"BROWN",18013,52,41,0,0,11,1,1,0,0,0,51,40,0,11
1994,"BROWN",18013,41,28,2,0,11,2,2,0,0,0,39,26,2,11
1995,"BROWN",18013,57,45,1,0,11,4,2,1,0,1,53,43,0,10
1996,"BROWN",18013,62,47,0,0,15,0,0,0,0,0,62,47,0,15
1997,"BROWN",18013,69,48,0,0,21,3,1,0,0,2,66,47,0,19
1998,"BROWN",18013,88,65,0,0,23,1,1,0,0,0,87,64,0,23
1999,"BROWN",18013,99,76,1,0,22,1,0,1,0,0,98,76,0,22
2000,"BROWN",18013,73,54,0,0,19,0,0,0,0,0,73,54,0,19
2001,"BROWN",18013,91,66,0,0,25,1,1,0,0,0,90,65,0,25
2002,"BROWN",18013,116,91,0,0,25,1,1,0,0,0,115,90,0,25
2003,"BROWN",18013,119,92,0,0,27,4,4,0,0,0,115,88,0,27
1990,"CARROLL",18015,62,57,0,0,5,3,2,0,0,1,59,55,0,4
1991,"CARROLL",18015,63,47,4,0,12,11,6,4,0,1,52,41,0,11
1992,"CARROLL",18015,52,49,0,0,3,2,2,0,0,0,50,47,0,3
1993,"CARROLL",18015,63,53,2,0,8,7,3,2,0,2,56,50,0,6
1994,"CARROLL",18015,45,37,0,1,7,4,1,0,1,2,41,36,0,5
1995,"CARROLL",18015,45,41,0,0,4,1,0,0,0,1,44,41,0,3
1996,"CARROLL",18015,58,49,0,3,6,7,3,0,3,1,51,46,0,5
1997,"CARROLL",18015,97,75,0,0,22,1,1,0,0,0,96,74,0,22
1998,"CARROLL",18015,98,82,0,0,16,0,0,0,0,0,98,82,0,16
1999,"CARROLL",18015,92,77,0,0,15,0,0,0,0,0,92,77,0,15
2000,"CARROLL",18015,76,63,0,0,13,0,0,0,0,0,76,63,0,13
2001,"CARROLL",18015,103,89,0,0,14,0,0,0,0,0,103,89,0,14
2002,"CARROLL",18015,128,116,0,0,12,0,0,0,0,0,128,116,0,12
2003,"CARROLL",18015,129,115,0,0,14,0,0,0,0,0,129,115,0,14
1990,"CASS",18017,98,85,2,1,10,8,5,2,1,0,90,80,0,10
1991,"CASS",18017,170,148,0,1,21,5,4,0,1,0,165,144,0,21
1992,"CASS",18017,131,122,1,1,7,5,2,1,1,1,126,120,0,6
1993,"CASS",18017,132,113,2,0,17,8,4,2,0,2,124,109,0,15
1994,"CASS",18017,127,108,4,0,15,7,3,4,0,0,120,105,0,15
1995,"CASS",18017,124,103,2,0,19,4,1,2,0,1,120,102,0,18
1996,"CASS",18017,138,113,2,0,23,4,1,2,0,1,134,112,0,22
1997,"CASS",18017,201,164,0,2,35,4,1,0,2,1,197,163,0,34
1998,"CASS",18017,193,158,0,0,35,2,2,0,0,0,191,156,0,35
1999,"CASS",18017,194,163,1,0,30,2,0,1,0,1,192,163,0,29
2000,"CASS",18017,189,150,0,0,39,2,2,0,0,0,187,148,0,39
2001,"CASS",18017,224,197,0,0,27,0,0,0,0,0,224,197,0,27
2002,"CASS",18017,280,251,2,0,27,3,1,2,0,0,277,250,0,27
2003,"CASS",18017,266,234,1,1,30,3,1,1,1,0,263,233,0,30
1990,"CLARK",18019,404,362,2,0,40,3,1,2,0,0,401,361,0,40
1991,"CLARK",18019,501,446,4,0,51,13,6,4,0,3,488,440,0,48
1992,"CLARK",18019,465,399,1,0,65,19,14,1,0,4,446,385,0,61
1993,"CLARK",18019,459,357,1,0,101,14,10,1,0,3,445,347,0,98
1994,"CLARK",18019,480,385,3,0,92,14,6,3,0,5,466,379,0,87
1995,"CLARK",18019,447,332,1,0,114,18,14,1,0,3,429,318,0,111
1996,"CLARK",18019,650,449,2,0,199,15,11,2,0,2,635,438,0,197
1997,"CLARK",18019,727,490,3,0,234,9,4,3,0,2,718,486,0,232
1998,"CLARK",18019,842,528,3,0,311,7,2,3,0,2,835,526,0,309
1999,"CLARK",18019,798,502,0,0,296,5,4,0,0,1,793,498,0,295
2000,"CLARK",18019,792,477,4,0,311,7,3,4,0,0,785,474,0,311
2001,"CLARK",18019,926,637,3,0,286,9,6,3,0,0,917,631,0,286
2002,"CLARK",18019,996,726,1,0,269,3,2,1,0,0,993,724,0,269
2003,"CLARK",18019,1073,799,13,0,261,21,7,13,0,1,1052,792,0,260
1990,"CLAY",18021,90,83,1,0,6,5,4,1,0,0,85,79,0,6
1991,"CLAY",18021,103,98,3,0,2,3,1,2,0,0,100,97,1,2
1992,"CLAY",18021,100,89,0,1,10,5,1,0,1,3,95,88,0,7
1993,"CLAY",18021,83,76,0,0,7,5,5,0,0,0,78,71,0,7
1994,"CLAY",18021,85,71,0,0,14,2,2,0,0,0,83,69,0,14
1995,"CLAY",18021,126,105,1,0,20,2,1,1,0,0,124,104,0,20
1996,"CLAY",18021,150,113,2,0,35,5,2,2,0,1,145,111,0,34
1997,"CLAY",18021,194,162,1,0,31,4,1,1,0,2,190,161,0,29
1998,"CLAY",18021,205,167,1,0,37,4,4,0,0,0,201,163,1,37
1999,"CLAY",18021,184,152,0,1,31,6,5,0,1,0,178,147,0,31
2000,"CLAY",18021,159,113,0,0,46,2,0,0,0,2,157,113,0,44
2001,"CLAY",18021,198,154,0,0,44,2,2,0,0,0,196,152,0,44
2002,"CLAY",18021,245,165,0,0,80,2,2,0,0,0,243,163,0,80
2003,"CLAY",18021,254,182,0,0,72,1,0,0,0,1,253,182,0,71
1990,"CLINTON",18023,152,129,0,3,20,4,0,0,3,1,148,129,0,19
1991,"CLINTON",18023,199,180,0,3,16,6,2,0,3,1,193,178,0,15
1992,"CLINTON",18023,154,142,0,2,10,8,5,0,2,1,146,137,0,9
1993,"CLINTON",18023,118,105,1,0,12,5,2,1,0,2,113,103,0,10
1994,"CLINTON",18023,130,116,1,0,13,7,5,1,0,1,123,111,0,12
1995,"CLINTON",18023,141,123,0,1,17,2,0,0,1,1,139,123,0,16
1996,"CLINTON",18023,168,146,0,0,22,4,3,0,0,1,164,143,0,21
1997,"CLINTON",18023,216,195,0,0,21,1,1,0,0,0,215,194,0,21
1998,"CLINTON",18023,245,203,0,0,42,2,1,0,0,1,243,202,0,41
1999,"CLINTON",18023,246,208,0,1,37,1,0,0,1,0,245,208,0,37
2000,"CLINTON",18023,204,175,2,0,27,3,1,2,0,0,201,174,0,27
2001,"CLINTON",18023,278,232,1,0,45,2,1,1,0,0,276,231,0,45
2002,"CLINTON",18023,293,263,1,0,29,4,3,1,0,0,289,260,0,29
2003,"CLINTON",18023,300,263,6,1,30,9,2,6,1,0,291,261,0,30
1990,"CRAWFORD",18025,37,35,1,0,1,1,0,1,0,0,36,35,0,1
1991,"CRAWFORD",18025,46,43,0,0,3,1,1,0,0,0,45,42,0,3
1992,"CRAWFORD",18025,42,39,0,0,3,1,1,0,0,0,41,38,0,3
1993,"CRAWFORD",18025,40,35,1,0,4,3,2,1,0,0,37,33,0,4
1994,"CRAWFORD",18025,38,33,0,0,5,0,0,0,0,0,38,33,0,5
1995,"CRAWFORD",18025,39,33,0,0,6,1,1,0,0,0,38,32,0,6
1996,"CRAWFORD",18025,52,40,0,0,12,2,0,0,0,2,50,40,0,10
1997,"CRAWFORD",18025,57,42,0,0,15,1,1,0,0,0,56,41,0,15
1998,"CRAWFORD",18025,48,38,0,0,10,0,0,0,0,0,48,38,0,10
1999,"CRAWFORD",18025,68,46,1,0,21,3,2,1,0,0,65,44,0,21
2000,"CRAWFORD",18025,69,49,0,0,20,0,0,0,0,0,69,49,0,20
2001,"CRAWFORD",18025,76,60,0,0,16,0,0,0,0,0,76,60,0,16
2002,"CRAWFORD",18025,101,68,0,0,33,0,0,0,0,0,101,68,0,33
2003,"CRAWFORD",18025,93,77,0,0,16,0,0,0,0,0,93,77,0,16
1990,"DAVIESS",18027,57,57,0,0,0,6,6,0,0,0,51,51,0,0
1991,"DAVIESS",18027,57,48,1,1,7,2,0,1,1,0,55,48,0,7
1992,"DAVIESS",18027,55,52,0,0,3,2,1,0,0,1,53,51,0,2
1993,"DAVIESS",18027,47,45,0,0,2,6,6,0,0,0,41,39,0,2
1994,"DAVIESS",18027,39,38,0,1,0,3,2,0,1,0,36,36,0,0
1995,"DAVIESS",18027,63,54,1,0,8,3,0,1,0,2,60,54,0,6
1996,"DAVIESS",18027,87,74,0,0,13,3,3,0,0,0,84,71,0,13
1997,"DAVIESS",18027,89,75,0,0,14,6,6,0,0,0,83,69,0,14
1998,"DAVIESS",18027,95,83,0,1,11,4,3,0,1,0,91,80,0,11
1999,"DAVIESS",18027,107,96,3,0,8,9,5,3,0,1,98,91,0,7
2000,"DAVIESS",18027,110,100,0,0,10,2,2,0,0,0,108,98,0,10
2001,"DAVIESS",18027,136,119,0,0,17,4,3,0,0,1,132,116,0,16
2002,"DAVIESS",18027,136,118,0,0,18,7,7,0,0,0,129,111,0,18
2003,"DAVIESS",18027,127,111,0,0,16,3,2,0,0,1,124,109,0,15
1990,"DE KALB",18029,109,109,0,0,0,3,3,0,0,0,106,106,0,0
1991,"DEARBORN",18029,133,130,0,0,3,4,4,0,0,0,129,126,0,3
1992,"DEARBORN",18029,91,87,0,0,4,5,4,0,0,1,86,83,0,3
1993,"DEARBORN",18029,77,75,0,1,1,7,6,0,1,0,70,69,0,1
1994,"DEARBORN",18029,83,79,0,0,4,9,9,0,0,0,74,70,0,4
1995,"DEARBORN",18029,73,68,1,0,4,7,5,1,0,1,66,63,0,3
1996,"DEARBORN",18029,121,113,1,0,7,5,3,1,0,1,116,110,0,6
1997,"DEARBORN",18029,119,105,0,0,14,3,2,0,0,1,116,103,0,13
1998,"DEARBORN",18029,124,104,1,0,19,4,3,1,0,0,120,101,0,19
1999,"DE KALB",18029,141,119,0,0,22,2,2,0,0,0,139,117,0,22
2000,"DEARBORN",18029,177,149,0,0,28,3,3,0,0,0,174,146,0,28
2001,"DEARBORN",18029,216,191,0,0,25,1,1,0,0,0,215,190,0,25
2002,"DEARBORN",18029,275,243,0,0,32,0,0,0,0,0,275,243,0,32
2003,"DEARBORN",18029,335,290,0,0,45,4,3,0,0,1,331,287,0,44
1990,"DEARBORN",18031,104,94,0,0,10,3,3,0,0,0,101,91,0,10
1991,"DECATUR",18031,89,80,1,1,7,2,1,0,1,0,87,79,1,7
1992,"DECATUR",18031,98,89,2,0,7,0,0,0,0,0,98,89,2,7
1993,"DECATUR",18031,79,72,0,0,7,3,2,0,0,1,76,70,0,6
1994,"DECATUR",18031,88,66,0,2,20,4,2,0,2,0,84,64,0,20
1995,"DECATUR",18031,87,64,1,1,21,2,0,1,1,0,85,64,0,21
1996,"DECATUR",18031,99,87,0,1,11,3,2,0,1,0,96,85,0,11
1997,"DECATUR",18031,141,124,0,0,17,0,0,0,0,0,141,124,0,17
1998,"DECATUR",18031,150,122,0,0,28,1,0,0,0,1,149,122,0,27
1999,"DEARBORN",18031,142,114,0,0,28,2,2,0,0,0,140,112,0,28
2000,"DECATUR",18031,141,101,0,0,40,0,0,0,0,0,141,101,0,40
2001,"DECATUR",18031,191,153,0,0,38,1,1,0,0,0,190,152,0,38
2002,"DECATUR",18031,178,149,1,0,28,2,1,1,0,0,176,148,0,28
2003,"DECATUR",18031,195,170,0,0,25,5,3,0,0,2,190,167,0,23
1990,"DECATUR",18033,116,102,1,0,13,6,4,1,0,1,110,98,0,12
1991,"DE KALB",18033,137,127,1,0,9,6,4,1,0,1,131,123,0,8
1992,"DE KALB",18033,152,141,1,0,10,3,1,1,0,1,149,140,0,9
1993,"DE KALB",18033,135,122,1,0,12,7,4,1,0,2,128,118,0,10
1994,"DE KALB",18033,73,67,0,0,6,2,2,0,0,0,71,65,0,6
1995,"DE KALB",18033,117,102,1,0,14,6,4,1,0,1,111,98,0,13
1996,"DE KALB",18033,146,134,1,0,11,4,3,1,0,0,142,131,0,11
1997,"DE KALB",18033,176,167,0,0,9,2,2,0,0,0,174,165,0,9
1998,"DE KALB",18033,190,174,0,0,16,0,0,0,0,0,190,174,0,16
1999,"DECATUR",18033,174,162,1,0,11,3,2,1,0,0,171,160,0,11
2000,"DE KALB",18033,201,184,1,0,16,2,1,1,0,0,199,183,0,16
2001,"DE KALB",18033,341,315,0,0,26,2,2,0,0,0,339,313,0,26
2002,"DE KALB",18033,360,345,0,0,15,1,1,0,0,0,359,344,0,15
2003,"DE KALB",18033,349,333,3,0,13,4,1,3,0,0,345,332,0,13
1990,"DELAWARE",18035,413,393,7,0,13,13,6,7,0,0,400,387,0,13
1991,"DELAWARE",18035,472,450,6,0,16,13,7,6,0,0,459,443,0,16
1992,"DELAWARE",18035,500,473,7,0,20,18,12,6,0,0,482,461,1,20
1993,"DELAWARE",18035,407,374,4,0,29,13,6,4,0,3,394,368,0,26
1994,"DELAWARE",18035,299,278,2,0,19,9,5,2,0,2,290,273,0,17
1995,"DELAWARE",18035,365,335,6,0,24,11,5,6,0,0,354,330,0,24
1996,"DELAWARE",18035,508,478,1,0,29,8,5,1,0,2,500,473,0,27
1997,"DELAWARE",18035,653,608,3,0,42,10,6,3,0,1,643,602,0,41
1998,"DELAWARE",18035,723,675,4,0,44,12,7,4,0,1,711,668,0,43
1999,"DELAWARE",18035,769,708,3,0,58,9,5,3,0,1,760,703,0,57
2000,"DELAWARE",18035,725,652,2,0,71,6,4,2,0,0,719,648,0,71
2001,"DELAWARE",18035,851,756,7,0,88,15,8,6,0,1,836,748,1,87
2002,"DELAWARE",18035,875,788,7,0,80,16,8,7,0,1,859,780,0,79
2003,"DELAWARE",18035,959,843,7,0,109,21,10,7,0,4,938,833,0,105
1990,"DUBOIS",18037,54,52,2,0,0,5,3,2,0,0,49,49,0,0
1991,"DUBOIS",18037,60,56,3,0,1,4,2,2,0,0,56,54,1,1
1992,"DUBOIS",18037,56,48,2,0,6,10,6,2,0,2,46,42,0,4
1993,"DUBOIS",18037,46,44,0,0,2,2,2,0,0,0,44,42,0,2
1994,"DUBOIS",18037,59,55,1,0,3,5,4,1,0,0,54,51,0,3
1995,"DUBOIS",18037,70,65,0,0,5,9,9,0,0,0,61,56,0,5
1996,"DUBOIS",18037,95,86,1,0,8,7,6,1,0,0,88,80,0,8
1997,"DUBOIS",18037,123,114,0,1,8,4,2,0,1,1,119,112,0,7
1998,"DUBOIS",18037,113,104,0,0,9,5,5,0,0,0,108,99,0,9
1999,"DUBOIS",18037,109,95,0,1,13,4,3,0,1,0,105,92,0,13
2000,"DUBOIS",18037,128,105,0,0,23,4,4,0,0,0,124,101,0,23
2001,"DUBOIS",18037,178,144,2,1,31,10,7,2,1,0,168,137,0,31
2002,"DUBOIS",18037,167,147,0,0,20,2,2,0,0,0,165,145,0,20
2003,"DUBOIS",18037,182,156,0,0,26,3,3,0,0,0,179,153,0,26
1990,"ELKHART",18039,732,696,16,0,20,49,33,15,0,1,683,663,1,19
1991,"ELKHART",18039,884,853,7,1,23,28,20,6,1,1,856,833,1,22
1992,"ELKHART",18039,852,815,9,0,28,45,36,7,0,2,807,779,2,26
1993,"ELKHART",18039,648,616,4,0,28,33,26,4,0,3,615,590,0,25
1994,"ELKHART",18039,583,552,1,0,30,15,12,1,0,2,568,540,0,28
1995,"ELKHART",18039,661,615,5,0,41,24,17,5,0,2,637,598,0,39
1996,"ELKHART",18039,925,874,3,0,48,16,11,3,0,2,909,863,0,46
1997,"ELKHART",18039,1024,953,4,3,64,20,11,4,3,2,1004,942,0,62
1998,"ELKHART",18039,1158,1101,2,1,54,19,14,2,1,2,1139,1087,0,52
1999,"ELKHART",18039,1090,1024,3,0,63,8,5,3,0,0,1082,1019,0,63
2000,"ELKHART",18039,1121,1064,0,0,57,8,5,0,0,3,1113,1059,0,54
2001,"ELKHART",18039,1504,1400,7,0,97,15,7,7,0,1,1489,1393,0,96
2002,"ELKHART",18039,1757,1618,4,0,135,12,10,2,0,0,1745,1608,2,135
2003,"ELKHART",18039,1698,1560,0,0,138,14,13,0,0,1,1684,1547,0,137
1990,"FAYETTE",18041,119,111,0,3,5,3,0,0,3,0,116,111,0,5
1991,"FAYETTE",18041,122,114,3,1,4,4,0,3,1,0,118,114,0,4
1992,"FAYETTE",18041,137,129,0,1,7,3,1,0,1,1,134,128,0,6
1993,"FAYETTE",18041,86,73,2,2,9,4,0,2,2,0,82,73,0,9
1994,"FAYETTE",18041,98,92,1,0,5,2,1,1,0,0,96,91,0,5
1995,"FAYETTE",18041,102,96,0,0,6,4,3,0,0,1,98,93,0,5
1996,"FAYETTE",18041,155,146,0,0,9,2,2,0,0,0,153,144,0,9
1997,"FAYETTE",18041,188,179,0,0,9,1,1,0,0,0,187,178,0,9
1998,"FAYETTE",18041,184,172,0,0,12,1,1,0,0,0,183,171,0,12
1999,"FAYETTE",18041,196,178,0,0,18,0,0,0,0,0,196,178,0,18
2000,"FAYETTE",18041,190,175,1,0,14,0,0,0,0,0,190,175,1,14
2001,"FAYETTE",18041,251,219,1,0,31,1,0,1,0,0,250,219,0,31
2002,"FAYETTE",18041,300,271,0,0,29,2,2,0,0,0,298,269,0,29
2003,"FAYETTE",18041,271,240,0,0,31,1,0,0,0,1,270,240,0,30
1990,"FLOYD",18043,228,202,4,0,22,11,4,4,0,3,217,198,0,19
1991,"FLOYD",18043,347,306,1,0,40,7,5,1,0,1,340,301,0,39
1992,"FLOYD",18043,280,259,3,0,18,13,8,3,0,2,267,251,0,16
1993,"FLOYD",18043,267,219,1,0,47,6,3,1,0,2,261,216,0,45
1994,"FLOYD",18043,271,221,0,0,50,7,7,0,0,0,264,214,0,50
1995,"FLOYD",18043,268,205,0,0,63,8,8,0,0,0,260,197,0,63
1996,"FLOYD",18043,377,280,0,0,97,5,5,0,0,0,372,275,0,97
1997,"FLOYD",18043,455,309,1,0,145,7,5,1,0,1,448,304,0,144
1998,"FLOYD",18043,466,278,0,0,188,4,4,0,0,0,462,274,0,188
1999,"FLOYD",18043,417,253,1,0,163,5,4,1,0,0,412,249,0,163
2000,"FLOYD",18043,446,276,0,0,170,3,3,0,0,0,443,273,0,170
2001,"FLOYD",18043,474,316,1,0,157,4,3,1,0,0,470,313,0,157
2002,"FLOYD",18043,506,360,0,0,146,2,2,0,0,0,504,358,0,146
2003,"FLOYD",18043,518,394,1,0,123,2,1,1,0,0,516,393,0,123
1990,"FOUNTAIN",18045,66,60,0,0,6,1,1,0,0,0,65,59,0,6
1991,"FOUNTAIN",18045,63,61,0,0,2,0,0,0,0,0,63,61,0,2
1992,"FOUNTAIN",18045,73,63,3,1,6,6,3,2,1,0,67,60,1,6
1993,"FOUNTAIN",18045,54,46,0,1,7,2,1,0,1,0,52,45,0,7
1994,"FOUNTAIN",18045,78,65,0,0,13,4,3,0,0,1,74,62,0,12
1995,"FOUNTAIN",18045,74,60,3,0,11,6,3,3,0,0,68,57,0,11
1996,"FOUNTAIN",18045,68,59,0,0,9,1,0,0,0,1,67,59,0,8
1997,"FOUNTAIN",18045,132,113,0,0,19,4,2,0,0,2,128,111,0,17
1998,"FOUNTAIN",18045,105,85,0,0,20,1,1,0,0,0,104,84,0,20
1999,"FOUNTAIN",18045,131,104,0,0,27,0,0,0,0,0,131,104,0,27
2000,"FOUNTAIN",18045,141,103,0,0,38,0,0,0,0,0,141,103,0,38
2001,"FOUNTAIN",18045,150,112,0,0,38,3,2,0,0,1,147,110,0,37
2002,"FOUNTAIN",18045,152,111,1,0,40,3,2,1,0,0,149,109,0,40
2003,"FOUNTAIN",18045,141,116,0,0,25,2,1,0,0,1,139,115,0,24
1990,"FRANKLIN",18047,57,55,1,0,1,1,0,1,0,0,56,55,0,1
1991,"FRANKLIN",18047,61,56,3,0,2,3,0,3,0,0,58,56,0,2
1992,"FRANKLIN",18047,63,59,0,0,4,3,2,0,0,1,60,57,0,3
1993,"FRANKLIN",18047,47,39,1,2,5,4,1,1,2,0,43,38,0,5
1994,"FRANKLIN",18047,53,46,1,2,4,9,4,1,2,2,44,42,0,2
1995,"FRANKLIN",18047,61,51,1,0,9,3,2,1,0,0,58,49,0,9
1996,"FRANKLIN",18047,56,52,0,0,4,3,1,0,0,2,53,51,0,2
1997,"FRANKLIN",18047,52,52,0,0,0,1,1,0,0,0,51,51,0,0
1998,"FRANKLIN",18047,73,68,0,0,5,1,1,0,0,0,72,67,0,5
1999,"FRANKLIN",18047,69,59,0,0,10,2,2,0,0,0,67,57,0,10
2000,"FRANKLIN",18047,79,68,0,0,11,3,3,0,0,0,76,65,0,11
2001,"FRANKLIN",18047,105,93,0,0,12,1,1,0,0,0,104,92,0,12
2002,"FRANKLIN",18047,115,96,1,0,18,0,0,0,0,0,115,96,1,18
2003,"FRANKLIN",18047,128,107,1,0,20,1,0,1,0,0,127,107,0,20
1990,"FULTON",18049,90,85,1,2,2,5,2,1,2,0,85,83,0,2
1991,"FULTON",18049,54,53,0,1,0,2,1,0,1,0,52,52,0,0
1992,"FULTON",18049,42,38,0,0,4,2,0,0,0,2,40,38,0,2
1993,"FULTON",18049,79,67,6,1,5,11,4,6,1,0,68,63,0,5
1994,"FULTON",18049,79,70,2,1,6,9,5,2,1,1,70,65,0,5
1995,"FULTON",18049,80,72,3,0,5,4,3,1,0,0,76,69,2,5
1996,"FULTON",18049,92,83,0,0,9,4,2,0,0,2,88,81,0,7
1997,"FULTON",18049,130,122,1,0,7,4,3,1,0,0,126,119,0,7
1998,"FULTON",18049,132,115,0,0,17,0,0,0,0,0,132,115,0,17
1999,"FULTON",18049,124,105,1,0,18,3,1,1,0,1,121,104,0,17
2000,"FULTON",18049,148,132,0,0,16,2,2,0,0,0,146,130,0,16
2001,"FULTON",18049,165,149,0,0,16,3,3,0,0,0,162,146,0,16
2002,"FULTON",18049,188,173,1,1,13,3,1,1,1,0,185,172,0,13
2003,"FULTON",18049,194,174,5,0,15,8,3,5,0,0,186,171,0,15
1990,"GIBSON",18051,88,85,2,0,1,6,4,2,0,0,82,81,0,1
1991,"GIBSON",18051,118,113,1,1,3,6,3,1,1,1,112,110,0,2
1992,"GIBSON",18051,116,108,2,1,5,7,4,2,1,0,109,104,0,5
1993,"GIBSON",18051,100,86,2,0,12,10,6,2,0,2,90,80,0,10
1994,"GIBSON",18051,81,74,1,1,5,17,15,1,1,0,64,59,0,5
1995,"GIBSON",18051,87,71,1,1,14,9,3,1,1,4,78,68,0,10
1996,"GIBSON",18051,123,110,2,0,11,6,3,2,0,1,117,107,0,10
1997,"GIBSON",18051,156,135,0,0,21,4,4,0,0,0,152,131,0,21
1998,"GIBSON",18051,162,150,0,0,12,9,8,0,0,1,153,142,0,11
1999,"GIBSON",18051,166,143,0,0,23,7,5,0,0,2,159,138,0,21
2000,"GIBSON",18051,160,132,1,0,27,9,7,1,0,1,151,125,0,26
2001,"GIBSON",18051,185,150,0,0,35,2,2,0,0,0,183,148,0,35
2002,"GIBSON",18051,189,148,0,0,41,5,4,0,0,1,184,144,0,40
2003,"GIBSON",18051,179,145,0,0,34,2,2,0,0,0,177,143,0,34
1990,"GRANT",18053,361,337,0,2,22,20,17,0,2,1,341,320,0,21
1991,"GRANT",18053,388,352,3,1,32,29,23,3,1,2,359,329,0,30
1992,"GRANT",18053,351,324,4,2,21,18,11,4,2,1,333,313,0,20
1993,"GRANT",18053,281,251,1,0,29,17,12,0,0,5,264,239,1,24
1994,"GRANT",18053,257,233,2,0,22,18,12,2,0,4,239,221,0,18
1995,"GRANT",18053,281,260,0,0,21,10,8,0,0,2,271,252,0,19
1996,"GRANT",18053,339,315,2,0,22,6,3,2,0,1,333,312,0,21
1997,"GRANT",18053,450,416,0,0,34,4,3,0,0,1,446,413,0,33
1998,"GRANT",18053,503,458,0,0,45,1,1,0,0,0,502,457,0,45
1999,"GRANT",18053,459,419,1,0,39,2,0,1,0,1,457,419,0,38
2000,"GRANT",18053,476,451,0,0,25,0,0,0,0,0,476,451,0,25
2001,"GRANT",18053,584,541,1,0,42,6,5,1,0,0,578,536,0,42
2002,"GRANT",18053,649,600,0,0,49,3,3,0,0,0,646,597,0,49
2003,"GRANT",18053,652,611,2,0,39,7,5,2,0,0,645,606,0,39
1990,"GREENE",18055,100,90,0,0,10,3,3,0,0,0,97,87,0,10
1991,"GREENE",18055,106,91,2,0,13,4,2,2,0,0,102,89,0,13
1992,"GREENE",18055,103,82,1,1,19,11,8,1,1,1,92,74,0,18
1993,"GREENE",18055,89,68,0,2,19,9,4,0,2,3,80,64,0,16
1994,"GREENE",18055,75,66,0,0,9,4,3,0,0,1,71,63,0,8
1995,"GREENE",18055,110,81,0,0,29,2,1,0,0,1,108,80,0,28
1996,"GREENE",18055,162,114,2,0,46,6,2,2,0,2,156,112,0,44
1997,"GREENE",18055,205,150,1,0,54,6,5,1,0,0,199,145,0,54
1998,"GREENE",18055,221,159,0,0,62,6,6,0,0,0,215,153,0,62
1999,"GREENE",18055,181,123,1,0,57,4,2,1,0,1,177,121,0,56
2000,"GREENE",18055,214,150,0,0,64,4,2,0,0,2,210,148,0,62
2001,"GREENE",18055,262,202,0,0,60,5,4,0,0,1,257,198,0,59
2002,"GREENE",18055,220,171,1,0,48,2,1,1,0,0,218,170,0,48
2003,"GREENE",18055,220,166,0,0,54,0,0,0,0,0,220,166,0,54
1990,"HAMILTON",18057,364,329,9,1,25,19,7,9,1,2,345,322,0,23
1991,"HAMILTON",18057,574,501,16,0,57,33,17,15,0,1,541,484,1,56
1992,"HAMILTON",18057,498,423,25,0,50,52,22,24,0,6,446,401,1,44
1993,"HAMILTON",18057,405,333,10,2,60,30,17,9,2,2,375,316,1,58
1994,"HAMILTON",18057,341,288,10,1,42,20,10,9,1,0,321,278,1,42
1995,"HAMILTON",18057,385,302,16,0,67,24,6,14,0,4,361,296,2,63
1996,"HAMILTON",18057,520,439,15,0,66,28,10,15,0,3,492,429,0,63
1997,"HAMILTON",18057,591,500,8,0,83,18,9,6,0,3,573,491,2,80
1998,"HAMILTON",18057,675,576,10,0,89,32,18,10,0,4,643,558,0,85
1999,"HAMILTON",18057,675,564,6,1,104,26,19,5,1,1,649,545,1,103
2000,"HAMILTON",18057,661,552,4,0,105,14,11,2,0,1,647,541,2,104
2001,"HAMILTON",18057,925,750,12,0,163,26,18,8,0,0,899,732,4,163
2002,"HAMILTON",18057,1070,868,9,0,193,22,13,9,0,0,1048,855,0,193
2003,"HAMILTON",18057,1340,1067,12,0,261,32,21,9,0,2,1308,1046,3,259
1990,"HANCOCK",18059,154,139,3,1,11,7,3,3,1,0,147,136,0,11
1991,"HANCOCK",18059,250,220,2,1,27,6,4,1,1,0,244,216,1,27
1992,"HANCOCK",18059,205,171,3,0,31,8,5,3,0,0,197,166,0,31
1993,"HANCOCK",18059,150,123,5,0,22,10,4,5,0,1,140,119,0,21
1994,"HANCOCK",18059,161,133,1,0,27,6,4,1,0,1,155,129,0,26
1995,"HANCOCK",18059,160,133,1,0,26,3,1,1,0,1,157,132,0,25
1996,"HANCOCK",18059,213,172,2,1,38,5,2,2,1,0,208,170,0,38
1997,"HANCOCK",18059,254,213,0,0,41,4,3,0,0,1,250,210,0,40
1998,"HANCOCK",18059,264,226,0,0,38,3,3,0,0,0,261,223,0,38
1999,"HANCOCK",18059,283,243,0,0,40,3,3,0,0,0,280,240,0,40
2000,"HANCOCK",18059,299,233,0,0,66,1,1,0,0,0,298,232,0,66
2001,"HANCOCK",18059,377,313,0,0,64,6,5,0,0,1,371,308,0,63
2002,"HANCOCK",18059,450,352,1,0,97,8,6,1,0,1,442,346,0,96
2003,"HANCOCK",18059,575,453,0,0,122,6,6,0,0,0,569,447,0,122
1990,"HARRISON",18061,93,80,4,5,4,13,5,3,5,0,80,75,1,4
1991,"HARRISON",18061,128,108,0,1,19,1,0,0,1,0,127,108,0,19
1992,"HARRISON",18061,135,121,1,1,12,10,7,1,1,1,125,114,0,11
1993,"HARRISON",18061,111,92,1,0,18,9,8,1,0,0,102,84,0,18
1994,"HARRISON",18061,120,94,1,1,24,8,4,1,1,2,112,90,0,22
1995,"HARRISON",18061,125,94,2,3,26,11,6,2,3,0,114,88,0,26
1996,"HARRISON",18061,193,146,0,0,47,3,3,0,0,0,190,143,0,47
1997,"HARRISON",18061,190,133,1,0,56,6,5,1,0,0,184,128,0,56
1998,"HARRISON",18061,190,127,0,0,63,1,1,0,0,0,189,126,0,63
1999,"HARRISON",18061,191,114,0,0,77,1,1,0,0,0,190,113,0,77
2000,"HARRISON",18061,204,121,0,0,83,0,0,0,0,0,204,121,0,83
2001,"HARRISON",18061,252,175,3,0,74,3,0,3,0,0,249,175,0,74
2002,"HARRISON",18061,296,218,0,0,78,2,2,0,0,0,294,216,0,78
2003,"HARRISON",18061,277,198,1,0,78,1,0,1,0,0,276,198,0,78
1990,"HENDRICKS",18063,248,225,3,0,20,11,7,3,0,1,237,218,0,19
1991,"HENDRICKS",18063,262,230,1,0,31,10,8,1,0,1,252,222,0,30
1992,"HENDRICKS",18063,272,248,4,0,20,11,6,4,0,1,261,242,0,19
1993,"HENDRICKS",18063,229,197,2,0,30,10,9,1,0,0,219,188,1,30
1994,"HENDRICKS",18063,237,209,2,1,25,8,4,1,1,2,229,205,1,23
1995,"HENDRICKS",18063,221,190,2,0,29,13,10,2,0,1,208,180,0,28
1996,"HENDRICKS",18063,330,281,1,0,48,5,3,1,0,1,325,278,0,47
1997,"HENDRICKS",18063,444,385,0,0,59,12,8,0,0,4,432,377,0,55
1998,"HENDRICKS",18063,470,396,1,0,73,7,5,0,0,2,463,391,1,71
1999,"HENDRICKS",18063,483,409,6,0,68,15,9,6,0,0,468,400,0,68
2000,"HENDRICKS",18063,539,417,2,0,120,8,6,2,0,0,531,411,0,120
2001,"HENDRICKS",18063,755,619,2,0,134,9,7,2,0,0,746,612,0,134
2002,"HENDRICKS",18063,886,721,3,0,162,7,5,2,0,0,879,716,1,162
2003,"HENDRICKS",18063,998,797,2,0,199,10,6,2,0,2,988,791,0,197
1990,"HENRY",18065,192,183,0,0,9,0,0,0,0,0,192,183,0,9
1991,"HENRY",18065,204,186,3,0,15,5,3,2,0,0,199,183,1,15
1992,"HENRY",18065,186,171,1,0,14,3,1,1,0,1,183,170,0,13
1993,"HENRY",18065,149,134,1,0,14,1,0,1,0,0,148,134,0,14
1994,"HENRY",18065,176,158,1,0,17,4,2,1,0,1,172,156,0,16
1995,"HENRY",18065,177,158,0,0,19,3,2,0,0,1,174,156,0,18
1996,"HENRY",18065,254,229,1,0,24,0,0,0,0,0,254,229,1,24
1997,"HENRY",18065,334,300,2,1,31,8,2,2,1,3,326,298,0,28
1998,"HENRY",18065,362,325,1,3,33,7,2,1,3,1,355,323,0,32
1999,"HENRY",18065,350,296,0,0,54,0,0,0,0,0,350,296,0,54
2000,"HENRY",18065,344,297,2,0,45,7,4,2,0,1,337,293,0,44
2001,"HENRY",18065,482,406,0,0,76,5,5,0,0,0,477,401,0,76
2002,"HENRY",18065,503,429,0,0,74,3,3,0,0,0,500,426,0,74
2003,"HENRY",18065,505,425,1,0,79,10,9,1,0,0,495,416,0,79
1990,"HOWARD",18067,358,318,3,0,37,7,4,3,0,0,351,314,0,37
1991,"HOWARD",18067,434,387,1,0,46,6,4,1,0,1,428,383,0,45
1992,"HOWARD",18067,444,392,1,0,51,14,10,1,0,3,430,382,0,48
1993,"HOWARD",18067,365,317,2,1,45,8,3,2,1,2,357,314,0,43
1994,"HOWARD",18067,313,281,2,1,29,12,9,2,1,0,301,272,0,29
1995,"HOWARD",18067,364,326,1,0,37,7,5,1,0,1,357,321,0,36
1996,"HOWARD",18067,433,389,2,0,42,4,1,2,0,1,429,388,0,41
1997,"HOWARD",18067,529,481,1,0,47,2,1,1,0,0,527,480,0,47
1998,"HOWARD",18067,603,534,1,0,68,10,8,1,0,1,593,526,0,67
1999,"HOWARD",18067,546,491,1,0,54,4,3,1,0,0,542,488,0,54
2000,"HOWARD",18067,550,498,1,0,51,1,1,0,0,0,549,497,1,51
2001,"HOWARD",18067,678,627,2,0,49,5,3,2,0,0,673,624,0,49
2002,"HOWARD",18067,815,755,0,0,60,5,5,0,0,0,810,750,0,60
2003,"HOWARD",18067,808,744,0,0,64,8,8,0,0,0,800,736,0,64
1990,"HUNTINGTON",18069,107,96,1,1,9,12,10,1,1,0,95,86,0,9
1991,"HUNTINGTON",18069,144,135,1,0,8,12,9,1,0,2,132,126,0,6
1992,"HUNTINGTON",18069,129,121,0,0,8,7,7,0,0,0,122,114,0,8
1993,"HUNTINGTON",18069,88,82,1,1,4,5,3,0,1,1,83,79,1,3
1994,"HUNTINGTON",18069,110,100,0,0,10,9,9,0,0,0,101,91,0,10
1995,"HUNTINGTON",18069,109,105,1,0,3,6,5,1,0,0,103,100,0,3
1996,"HUNTINGTON",18069,143,132,0,0,11,2,2,0,0,0,141,130,0,11
1997,"HUNTINGTON",18069,206,192,0,0,14,0,0,0,0,0,206,192,0,14
1998,"HUNTINGTON",18069,184,169,1,0,14,2,1,1,0,0,182,168,0,14
1999,"HUNTINGTON",18069,186,171,0,0,15,3,3,0,0,0,183,168,0,15
2000,"HUNTINGTON",18069,230,211,2,0,17,3,0,2,0,1,227,211,0,16
2001,"HUNTINGTON",18069,285,266,2,1,16,5,2,2,1,0,280,264,0,16
2002,"HUNTINGTON",18069,280,256,0,0,24,1,1,0,0,0,279,255,0,24
2003,"HUNTINGTON",18069,291,273,1,0,17,2,1,1,0,0,289,272,0,17
1990,"JACKSON",18071,135,125,1,0,9,3,2,1,0,0,132,123,0,9
1991,"JACKSON",18071,157,144,0,2,11,5,3,0,2,0,152,141,0,11
1992,"JACKSON",18071,158,144,1,0,13,5,4,1,0,0,153,140,0,13
1993,"JACKSON",18071,152,131,1,2,18,9,5,1,2,1,143,126,0,17
1994,"JACKSON",18071,171,151,0,0,20,4,1,0,0,3,167,150,0,17
1995,"JACKSON",18071,140,116,1,0,23,3,1,1,0,1,137,115,0,22
1996,"JACKSON",18071,244,178,1,0,65,2,0,1,0,1,242,178,0,64
1997,"JACKSON",18071,259,185,0,0,74,5,5,0,0,0,254,180,0,74
1998,"JACKSON",18071,276,191,1,1,83,5,4,0,1,0,271,187,1,83
1999,"JACKSON",18071,257,165,0,1,91,2,0,0,1,1,255,165,0,90
2000,"JACKSON",18071,277,185,0,0,92,1,1,0,0,0,276,184,0,92
2001,"JACKSON",18071,374,292,2,0,80,2,0,2,0,0,372,292,0,80
2002,"JACKSON",18071,401,323,0,0,78,3,3,0,0,0,398,320,0,78
2003,"JACKSON",18071,466,395,0,2,69,7,5,0,2,0,459,390,0,69
1990,"JASPER",18073,80,72,0,0,8,3,3,0,0,0,77,69,0,8
1991,"JASPER",18073,113,91,4,0,18,6,2,4,0,0,107,89,0,18
1992,"JASPER",18073,87,74,0,1,12,2,1,0,1,0,85,73,0,12
1993,"JASPER",18073,115,103,1,1,10,7,5,1,1,0,108,98,0,10
1994,"JASPER",18073,81,67,0,1,13,6,4,0,1,1,75,63,0,12
1995,"JASPER",18073,97,90,0,0,7,6,4,0,0,2,91,86,0,5
1996,"JASPER",18073,117,97,1,0,19,7,2,1,0,4,110,95,0,15
1997,"JASPER",18073,179,145,1,1,32,2,0,1,1,0,177,145,0,32
1998,"JASPER",18073,179,163,0,0,16,3,2,0,0,1,176,161,0,15
1999,"JASPER",18073,191,162,0,0,29,2,1,0,0,1,189,161,0,28
2000,"JASPER",18073,144,120,1,0,23,4,4,0,0,0,140,116,1,23
2001,"JASPER",18073,192,166,1,0,25,1,0,1,0,0,191,166,0,25
2002,"JASPER",18073,236,205,0,0,31,1,1,0,0,0,235,204,0,31
2003,"JASPER",18073,241,204,0,0,37,0,0,0,0,0,241,204,0,37
1990,"JAY",18075,82,75,2,0,5,7,5,2,0,0,75,70,0,5
1991,"JAY",18075,72,63,0,0,9,5,4,0,0,1,67,59,0,8
1992,"JAY",18075,105,94,2,1,8,7,3,1,1,2,98,91,1,6
1993,"JAY",18075,85,70,3,0,12,7,3,3,0,1,78,67,0,11
1994,"JAY",18075,72,66,0,0,6,1,1,0,0,0,71,65,0,6
1995,"JAY",18075,71,58,1,0,12,2,2,0,0,0,69,56,1,12
1996,"JAY",18075,90,83,0,0,7,2,2,0,0,0,88,81,0,7
1997,"JAY",18075,111,100,2,0,9,3,1,2,0,0,108,99,0,9
1998,"JAY",18075,121,119,0,0,2,0,0,0,0,0,121,119,0,2
1999,"JAY",18075,104,100,0,0,4,1,1,0,0,0,103,99,0,4
2000,"JAY",18075,107,97,1,0,9,1,0,1,0,0,106,97,0,9
2001,"JAY",18075,142,133,1,0,8,3,1,1,0,1,139,132,0,7
2002,"JAY",18075,159,147,0,0,12,2,1,0,0,1,157,146,0,11
2003,"JAY",18075,157,144,0,0,13,0,0,0,0,0,157,144,0,13
1990,"JEFFERSON",18077,102,99,0,0,3,0,0,0,0,0,102,99,0,3
1991,"JEFFERSON",18077,120,115,0,1,4,2,0,0,1,1,118,115,0,3
1992,"JEFFERSON",18077,102,95,0,0,7,5,5,0,0,0,97,90,0,7
1993,"JEFFERSON",18077,98,87,0,2,9,6,3,0,2,1,92,84,0,8
1994,"JEFFERSON",18077,111,93,0,5,13,8,1,0,5,2,103,92,0,11
1995,"JEFFERSON",18077,130,108,0,1,21,7,6,0,1,0,123,102,0,21
1996,"JEFFERSON",18077,189,145,2,0,42,7,5,2,0,0,182,140,0,42
1997,"JEFFERSON",18077,196,147,1,0,48,5,4,1,0,0,191,143,0,48
1998,"JEFFERSON",18077,223,152,1,0,70,2,1,1,0,0,221,151,0,70
1999,"JEFFERSON",18077,201,139,1,0,61,4,3,1,0,0,197,136,0,61
2000,"JEFFERSON",18077,204,143,0,0,61,1,1,0,0,0,203,142,0,61
2001,"JEFFERSON",18077,211,161,3,0,47,8,4,3,0,1,203,157,0,46
2002,"JEFFERSON",18077,250,192,2,0,56,4,3,1,0,0,246,189,1,56
2003,"JEFFERSON",18077,243,206,0,0,37,2,2,0,0,0,241,204,0,37
1990,"JENNINGS",18079,82,81,1,0,0,3,2,1,0,0,79,79,0,0
1991,"JENNINGS",18079,126,121,0,0,5,2,2,0,0,0,124,119,0,5
1992,"JENNINGS",18079,104,100,0,0,4,3,2,0,0,1,101,98,0,3
1993,"JENNINGS",18079,107,102,0,0,5,7,7,0,0,0,100,95,0,5
1994,"JENNINGS",18079,96,87,1,0,8,3,2,1,0,0,93,85,0,8
1995,"JENNINGS",18079,106,85,0,0,21,5,5,0,0,0,101,80,0,21
1996,"JENNINGS",18079,177,137,1,1,38,6,4,1,1,0,171,133,0,38
1997,"JENNINGS",18079,262,188,0,1,73,2,1,0,1,0,260,187,0,73
1998,"JENNINGS",18079,253,193,0,0,60,2,2,0,0,0,251,191,0,60
1999,"JENNINGS",18079,233,157,0,0,76,1,1,0,0,0,232,156,0,76
2000,"JENNINGS",18079,247,166,0,1,80,4,0,0,1,3,243,166,0,77
2001,"JENNINGS",18079,314,239,0,0,75,3,2,0,0,1,311,237,0,74
2002,"JENNINGS",18079,303,250,0,0,53,2,2,0,0,0,301,248,0,53
2003,"JENNINGS",18079,321,270,0,0,51,2,2,0,0,0,319,268,0,51
1990,"JOHNSON",18081,463,409,5,0,49,16,10,5,0,1,447,399,0,48
1991,"JOHNSON",18081,642,567,4,2,69,16,10,3,2,1,626,557,1,68
1992,"JOHNSON",18081,595,531,3,0,61,23,14,3,0,6,572,517,0,55
1993,"JOHNSON",18081,530,444,5,0,81,15,8,5,0,2,515,436,0,79
1994,"JOHNSON",18081,445,375,5,0,65,17,11,5,0,1,428,364,0,64
1995,"JOHNSON",18081,489,405,3,0,81,16,11,3,0,2,473,394,0,79
1996,"JOHNSON",18081,573,480,7,0,86,15,7,7,0,1,558,473,0,85
1997,"JOHNSON",18081,809,704,2,0,103,22,18,2,0,2,787,686,0,101
1998,"JOHNSON",18081,906,766,0,0,140,13,13,0,0,0,893,753,0,140
1999,"JOHNSON",18081,799,691,2,0,106,11,11,0,0,0,788,680,2,106
2000,"JOHNSON",18081,810,638,3,0,169,11,9,2,0,0,799,629,1,169
2001,"JOHNSON",18081,1070,829,2,0,239,18,16,1,0,1,1052,813,1,238
2002,"JOHNSON",18081,1215,946,2,0,267,23,22,1,0,0,1192,924,1,267
2003,"JOHNSON",18081,1364,1015,1,0,348,13,11,1,0,1,1351,1004,0,347
1990,"KNOX",18083,103,98,2,0,3,5,4,1,0,0,98,94,1,3
1991,"KNOX",18083,95,87,4,0,4,6,2,4,0,0,89,85,0,4
1992,"KNOX",18083,92,89,0,1,2,9,8,0,1,0,83,81,0,2
1993,"KNOX",18083,77,72,1,1,3,8,5,1,1,1,69,67,0,2
1994,"KNOX",18083,88,80,0,0,8,6,5,0,0,1,82,75,0,7
1995,"KNOX",18083,140,102,0,0,38,6,5,0,0,1,134,97,0,37
1996,"KNOX",18083,231,184,0,1,46,6,4,0,1,1,225,180,0,45
1997,"KNOX",18083,224,176,4,1,43,10,3,4,1,2,214,173,0,41
1998,"KNOX",18083,213,163,1,0,49,7,4,1,0,2,206,159,0,47
1999,"KNOX",18083,230,186,5,0,39,9,2,5,0,2,221,184,0,37
2000,"KNOX",18083,202,161,0,0,41,4,2,0,0,2,198,159,0,39
2001,"KNOX",18083,225,178,0,0,47,4,4,0,0,0,221,174,0,47
2002,"KNOX",18083,251,210,0,0,41,1,1,0,0,0,250,209,0,41
2003,"KNOX",18083,275,226,1,0,48,2,1,1,0,0,273,225,0,48
1990,"KOSCIUSKO",18085,184,175,3,0,6,21,16,3,0,2,163,159,0,4
1991,"KOSCIUSKO",18085,244,232,4,0,8,14,9,4,0,1,230,223,0,7
1992,"KOSCIUSKO",18085,246,233,8,0,5,18,10,8,0,0,228,223,0,5
1993,"KOSCIUSKO",18085,187,174,5,0,8,22,16,5,0,1,165,158,0,7
1994,"KOSCIUSKO",18085,178,168,3,0,7,8,4,3,0,1,170,164,0,6
1995,"KOSCIUSKO",18085,222,211,2,0,9,8,5,2,0,1,214,206,0,8
1996,"KOSCIUSKO",18085,279,261,4,0,14,9,4,4,0,1,270,257,0,13
1997,"KOSCIUSKO",18085,353,330,3,0,20,14,11,2,0,1,339,319,1,19
1998,"KOSCIUSKO",18085,362,338,1,2,21,4,1,1,2,0,358,337,0,21
1999,"KOSCIUSKO",18085,363,343,1,0,19,4,3,1,0,0,359,340,0,19
2000,"KOSCIUSKO",18085,413,391,0,1,21,3,2,0,1,0,410,389,0,21
2001,"KOSCIUSKO",18085,546,515,1,0,30,5,2,1,0,2,541,513,0,28
2002,"KOSCIUSKO",18085,546,517,2,0,27,3,3,0,0,0,543,514,2,27
2003,"KOSCIUSKO",18085,560,530,0,0,30,4,4,0,0,0,556,526,0,30
1990,"LA PORTE",18087,50,47,2,0,1,5,3,2,0,0,45,44,0,1
1991,"LAGRANGE",18087,70,67,1,0,2,5,4,1,0,0,65,63,0,2
1992,"LAGRANGE",18087,69,67,0,0,2,2,2,0,0,0,67,65,0,2
1993,"LAGRANGE",18087,60,57,0,0,3,3,3,0,0,0,57,54,0,3
1994,"LAGRANGE",18087,42,40,0,0,2,3,3,0,0,0,39,37,0,2
1995,"LAGRANGE",18087,47,42,2,0,3,2,0,2,0,0,45,42,0,3
1996,"LAGRANGE",18087,66,60,2,0,4,2,0,2,0,0,64,60,0,4
1997,"LAGRANGE",18087,92,88,0,0,4,0,0,0,0,0,92,88,0,4
1998,"LAGRANGE",18087,113,106,0,0,7,1,1,0,0,0,112,105,0,7
1999,"LA PORTE",18087,85,79,0,0,6,0,0,0,0,0,85,79,0,6
2000,"LAGRANGE",18087,122,114,0,0,8,0,0,0,0,0,122,114,0,8
2001,"LAGRANGE",18087,174,156,0,1,17,2,1,0,1,0,172,155,0,17
2002,"LAGRANGE",18087,171,157,0,0,14,2,2,0,0,0,169,155,0,14
2003,"LAGRANGE",18087,168,154,1,0,13,4,3,1,0,0,164,151,0,13
1990,"LAGRANGE",18089,1993,1574,28,1,390,93,53,28,1,11,1900,1521,0,379
1991,"LAKE",18089,2044,1519,23,1,501,88,49,23,1,15,1956,1470,0,486
1992,"LAKE",18089,2225,1649,22,1,553,70,38,22,1,9,2155,1611,0,544
1993,"LAKE",18089,2034,1448,16,0,570,43,18,14,0,11,1991,1430,2,559
1994,"LAKE",18089,2054,1512,14,0,528,61,31,14,0,16,1993,1481,0,512
1995,"LAKE",18089,2161,1610,12,0,539,61,42,11,0,8,2100,1568,1,531
1996,"LAKE",18089,2587,1889,13,0,685,46,25,13,0,8,2541,1864,0,677
1997,"LAKE",18089,3283,2435,7,0,841,39,25,7,0,7,3244,2410,0,834
1998,"LAKE",18089,3577,2669,15,0,893,46,24,15,0,7,3531,2645,0,886
1999,"LAGRANGE",18089,3587,2562,11,0,1014,43,26,11,0,6,3544,2536,0,1008
2000,"LAKE",18089,3322,2222,8,1,1091,31,17,8,1,5,3291,2205,0,1086
2001,"LAKE",18089,4446,2889,13,0,1544,32,17,12,0,3,4414,2872,1,1541
2002,"LAKE",18089,5011,3185,8,0,1818,46,33,8,0,5,4965,3152,0,1813
2003,"LAKE",18089,5025,3206,11,0,1808,31,11,11,0,9,4994,3195,0,1799
1990,"LAKE",18091,367,344,6,0,17,18,12,6,0,0,349,332,0,17
1991,"LA PORTE",18091,398,373,2,1,22,11,8,1,1,1,387,365,1,21
1992,"LA PORTE",18091,415,384,4,0,27,12,6,4,0,2,403,378,0,25
1993,"LA PORTE",18091,345,314,4,2,25,27,19,3,2,3,318,295,1,22
1994,"LA PORTE",18091,357,327,4,0,26,7,2,4,0,1,350,325,0,25
1995,"LA PORTE",18091,438,418,4,0,16,12,8,3,0,1,426,410,1,15
1996,"LA PORTE",18091,567,540,1,0,26,8,6,1,0,1,559,534,0,25
1997,"LA PORTE",18091,768,727,4,0,37,19,15,4,0,0,749,712,0,37
1998,"LA PORTE",18091,840,791,0,0,49,5,5,0,0,0,835,786,0,49
1999,"LAKE",18091,851,781,0,2,68,6,4,0,2,0,845,777,0,68
2000,"LA PORTE",18091,806,721,0,0,85,7,6,0,0,1,799,715,0,84
2001,"LA PORTE",18091,1058,954,4,0,100,8,5,2,0,1,1050,949,2,99
2002,"LA PORTE",18091,1162,1023,3,1,135,12,6,3,1,2,1150,1017,0,133
2003,"LA PORTE",18091,1184,1053,2,1,128,8,3,2,1,2,1176,1050,0,126
1990,"LAWRENCE",18093,180,157,1,0,22,5,4,1,0,0,175,153,0,22
1991,"LAWRENCE",18093,188,160,1,0,27,3,2,1,0,0,185,158,0,27
1992,"LAWRENCE",18093,174,145,0,0,29,6,5,0,0,1,168,140,0,28
1993,"LAWRENCE",18093,145,110,0,0,35,5,5,0,0,0,140,105,0,35
1994,"LAWRENCE",18093,151,116,1,0,34,3,2,1,0,0,148,114,0,34
1995,"LAWRENCE",18093,195,151,0,1,43,3,2,0,1,0,192,149,0,43
1996,"LAWRENCE",18093,295,215,0,0,80,6,4,0,0,2,289,211,0,78
1997,"LAWRENCE",18093,338,233,0,0,105,5,5,0,0,0,333,228,0,105
1998,"LAWRENCE",18093,371,256,1,0,114,2,1,1,0,0,369,255,0,114
1999,"LAWRENCE",18093,358,243,1,1,113,4,2,0,1,1,354,241,1,112
2000,"LAWRENCE",18093,311,222,0,0,89,0,0,0,0,0,311,222,0,89
2001,"LAWRENCE",18093,371,277,0,0,94,2,1,0,0,1,369,276,0,93
2002,"LAWRENCE",18093,407,326,0,0,81,2,2,0,0,0,405,324,0,81
2003,"LAWRENCE",18093,400,323,0,0,77,1,1,0,0,0,399,322,0,77
1990,"MADISON",18095,663,633,5,0,25,11,6,4,0,1,652,627,1,24
1991,"MADISON",18095,695,652,3,0,40,14,11,3,0,0,681,641,0,40
1992,"MADISON",18095,668,619,3,0,46,20,16,3,0,1,648,603,0,45
1993,"MADISON",18095,518,473,2,0,43,18,14,2,0,2,500,459,0,41
1994,"MADISON",18095,522,474,3,0,45,12,8,3,0,1,510,466,0,44
1995,"MADISON",18095,496,428,5,1,62,8,3,4,1,0,488,425,1,62
1996,"MADISON",18095,651,587,0,0,64,6,6,0,0,0,645,581,0,64
1997,"MADISON",18095,871,787,1,1,82,13,11,0,1,1,858,776,1,81
1998,"MADISON",18095,897,792,6,0,99,9,2,6,0,1,888,790,0,98
1999,"MADISON",18095,993,878,2,0,113,6,3,2,0,1,987,875,0,112
2000,"MADISON",18095,917,787,0,0,130,2,2,0,0,0,915,785,0,130
2001,"MADISON",18095,1227,1039,4,1,183,11,4,4,1,2,1216,1035,0,181
2002,"MADISON",18095,1379,1178,3,0,198,8,3,3,0,2,1371,1175,0,196
2003,"MADISON",18095,1472,1269,2,0,201,8,6,2,0,0,1464,1263,0,201
1990,"MARION",18097,6203,5438,90,0,674,171,76,86,0,8,6032,5362,4,666
1991,"MARION",18097,7155,6211,115,0,829,217,91,111,0,15,6938,6120,4,814
1992,"MARION",18097,6983,6029,81,0,873,226,130,77,0,19,6757,5899,4,854
1993,"MARION",18097,5765,4715,72,1,977,184,103,67,1,13,5581,4612,5,964
1994,"MARION",18097,5255,4250,61,0,944,144,73,59,0,12,5111,4177,2,932
1995,"MARION",18097,5310,4173,63,0,1074,130,56,61,0,13,5180,4117,2,1061
1996,"MARION",18097,6282,5070,53,0,1159,124,65,50,0,9,6158,5005,3,1150
1997,"MARION",18097,7582,6299,26,0,1257,98,63,25,0,10,7484,6236,1,1247
1998,"MARION",18097,8019,6567,35,0,1417,89,49,34,0,6,7930,6518,1,1411
1999,"MARION",18097,7732,6169,21,0,1542,80,58,19,0,3,7652,6111,2,1539
2000,"MARION",18097,7455,5539,20,0,1896,66,44,19,0,3,7389,5495,1,1893
2001,"MARION",18097,9160,6814,37,0,2309,96,55,36,0,5,9064,6759,1,2304
2002,"MARION",18097,10631,7861,24,0,2746,103,76,23,0,4,10528,7785,1,2742
2003,"MARION",18097,11148,8070,35,0,3043,128,87,34,0,7,11020,7983,1,3036
1990,"MARSHALL",18099,135,128,3,0,4,8,5,3,0,0,127,123,0,4
1991,"MARSHALL",18099,155,148,2,0,5,7,4,2,0,1,148,144,0,4
1992,"MARSHALL",18099,155,148,3,2,2,17,12,3,2,0,138,136,0,2
1993,"MARSHALL",18099,157,147,1,1,8,13,11,0,1,1,144,136,1,7
1994,"MARSHALL",18099,134,123,1,2,8,6,3,1,2,0,128,120,0,8
1995,"MARSHALL",18099,147,135,2,0,10,5,3,2,0,0,142,132,0,10
1996,"MARSHALL",18099,150,140,1,0,9,6,4,1,0,1,144,136,0,8
1997,"MARSHALL",18099,225,212,0,0,13,3,3,0,0,0,222,209,0,13
1998,"MARSHALL",18099,229,216,0,1,12,9,6,0,1,2,220,210,0,10
1999,"MARSHALL",18099,198,183,0,0,15,0,0,0,0,0,198,183,0,15
2000,"MARSHALL",18099,246,226,0,0,20,2,2,0,0,0,244,224,0,20
2001,"MARSHALL",18099,304,278,1,0,25,4,3,1,0,0,300,275,0,25
2002,"MARSHALL",18099,352,308,1,0,43,4,3,1,0,0,348,305,0,43
2003,"MARSHALL",18099,323,296,1,0,26,2,1,1,0,0,321,295,0,26
1990,"MARTIN",18101,22,21,0,0,1,1,1,0,0,0,21,20,0,1
1991,"MARTIN",18101,29,26,0,0,3,0,0,0,0,0,29,26,0,3
1992,"MARTIN",18101,23,21,0,0,2,3,3,0,0,0,20,18,0,2
1993,"MARTIN",18101,27,22,0,0,5,2,2,0,0,0,25,20,0,5
1994,"MARTIN",18101,18,17,0,0,1,1,1,0,0,0,17,16,0,1
1995,"MARTIN",18101,29,27,0,0,2,1,1,0,0,0,28,26,0,2
1996,"MARTIN",18101,47,35,0,0,12,2,1,0,0,1,45,34,0,11
1997,"MARTIN",18101,41,35,0,0,6,2,1,0,0,1,39,34,0,5
1998,"MARTIN",18101,62,48,0,0,14,1,1,0,0,0,61,47,0,14
1999,"MARTIN",18101,48,37,1,1,9,3,1,1,1,0,45,36,0,9
2000,"MARTIN",18101,41,34,1,0,6,1,0,1,0,0,40,34,0,6
2001,"MARTIN",18101,42,29,0,1,12,1,0,0,1,0,41,29,0,12
2002,"MARTIN",18101,46,39,0,0,7,0,0,0,0,0,46,39,0,7
2003,"MARTIN",18101,71,62,0,1,8,1,0,0,1,0,70,62,0,8
1990,"MIAMI",18103,99,86,2,0,11,8,5,2,0,1,91,81,0,10
1991,"MIAMI",18103,149,125,0,0,24,4,3,0,0,1,145,122,0,23
1992,"MIAMI",18103,151,130,0,1,20,5,3,0,1,1,146,127,0,19
1993,"MIAMI",18103,116,102,0,1,13,12,9,0,1,2,104,93,0,11
1994,"MIAMI",18103,98,87,0,1,10,7,5,0,1,1,91,82,0,9
1995,"MIAMI",18103,93,87,0,0,6,5,5,0,0,0,88,82,0,6
1996,"MIAMI",18103,136,124,1,0,11,1,1,0,0,0,135,123,1,11
1997,"MIAMI",18103,159,142,0,1,16,1,0,0,1,0,158,142,0,16
1998,"MIAMI",18103,210,188,0,0,22,3,2,0,0,1,207,186,0,21
1999,"MIAMI",18103,181,166,0,0,15,3,3,0,0,0,178,163,0,15
2000,"MIAMI",18103,207,179,0,0,28,1,1,0,0,0,206,178,0,28
2001,"MIAMI",18103,258,237,0,0,21,0,0,0,0,0,258,237,0,21
2002,"MIAMI",18103,279,258,0,0,21,2,2,0,0,0,277,256,0,21
2003,"MIAMI",18103,255,234,0,0,21,0,0,0,0,0,255,234,0,21
1990,"MONROE",18105,348,272,6,0,70,10,4,6,0,0,338,268,0,70
1991,"MONROE",18105,392,298,6,0,88,15,3,6,0,6,377,295,0,82
1992,"MONROE",18105,360,261,3,0,96,17,13,2,0,2,343,248,1,94
1993,"MONROE",18105,266,174,4,0,88,14,10,4,0,0,252,164,0,88
1994,"MONROE",18105,276,189,4,0,83,10,7,3,0,0,266,182,1,83
1995,"MONROE",18105,303,204,3,0,96,9,3,3,0,3,294,201,0,93
1996,"MONROE",18105,401,281,1,0,119,9,6,1,0,2,392,275,0,117
1997,"MONROE",18105,468,320,8,0,140,17,9,8,0,0,451,311,0,140
1998,"MONROE",18105,561,405,1,0,155,11,9,1,0,1,550,396,0,154
1999,"MONROE",18105,533,354,2,0,177,13,11,2,0,0,520,343,0,177
2000,"MONROE",18105,462,314,3,0,145,5,2,3,0,0,457,312,0,145
2001,"MONROE",18105,562,414,1,0,147,19,17,1,0,1,543,397,0,146
2002,"MONROE",18105,663,480,4,0,179,28,22,4,0,2,635,458,0,177
2003,"MONROE",18105,622,474,0,0,148,14,12,0,0,2,608,462,0,146
1990,"MONTGOMERY",18107,149,138,3,1,7,5,1,2,1,1,144,137,1,6
1991,"MONTGOMERY",18107,157,143,3,1,10,7,3,3,1,0,150,140,0,10
1992,"MONTGOMERY",18107,157,147,0,1,9,5,2,0,1,2,152,145,0,7
1993,"MONTGOMERY",18107,131,124,0,0,7,4,4,0,0,0,127,120,0,7
1994,"MONTGOMERY",18107,124,99,1,0,24,3,2,1,0,0,121,97,0,24
1995,"MONTGOMERY",18107,127,115,0,0,12,5,4,0,0,1,122,111,0,11
1996,"MONTGOMERY",18107,203,184,1,0,18,8,4,1,0,3,195,180,0,15
1997,"MONTGOMERY",18107,202,173,0,0,29,1,1,0,0,0,201,172,0,29
1998,"MONTGOMERY",18107,241,211,1,0,29,5,4,1,0,0,236,207,0,29
1999,"MONTGOMERY",18107,249,209,0,0,40,4,3,0,0,1,245,206,0,39
2000,"MONTGOMERY",18107,196,155,0,0,41,0,0,0,0,0,196,155,0,41
2001,"MONTGOMERY",18107,291,238,1,0,52,1,0,1,0,0,290,238,0,52
2002,"MONTGOMERY",18107,324,267,1,0,56,5,3,1,0,1,319,264,0,55
2003,"MONTGOMERY",18107,293,238,1,2,52,7,4,1,2,0,286,234,0,52
1990,"MORGAN",18109,326,288,2,0,36,9,3,2,0,4,317,285,0,32
1991,"MORGAN",18109,371,319,3,0,49,8,4,3,0,1,363,315,0,48
1992,"MORGAN",18109,371,319,3,0,49,11,8,2,0,1,360,311,1,48
1993,"MORGAN",18109,244,200,3,0,41,6,2,2,0,2,238,198,1,39
1994,"MORGAN",18109,229,195,4,1,29,10,3,4,1,2,219,192,0,27
1995,"MORGAN",18109,251,199,6,0,46,11,3,6,0,2,240,196,0,44
1996,"MORGAN",18109,309,242,1,0,66,5,3,1,0,1,304,239,0,65
1997,"MORGAN",18109,411,357,0,0,54,4,3,0,0,1,407,354,0,53
1998,"MORGAN",18109,440,358,2,0,80,9,7,2,0,0,431,351,0,80
1999,"MORGAN",18109,460,373,0,0,87,2,2,0,0,0,458,371,0,87
2000,"MORGAN",18109,442,351,2,0,89,6,3,2,0,1,436,348,0,88
2001,"MORGAN",18109,506,398,3,0,105,7,4,3,0,0,499,394,0,105
2002,"MORGAN",18109,688,541,6,0,141,15,8,5,0,2,673,533,1,139
2003,"MORGAN",18109,723,556,2,0,165,10,7,2,0,1,713,549,0,164
1990,"NEWTON",18111,64,58,0,0,6,2,1,0,0,1,62,57,0,5
1991,"NEWTON",18111,57,49,0,0,8,2,2,0,0,0,55,47,0,8
1992,"NEWTON",18111,51,45,0,0,6,3,2,0,0,1,48,43,0,5
1993,"NEWTON",18111,43,37,1,0,5,2,1,0,0,1,41,36,1,4
1994,"NEWTON",18111,43,38,0,0,5,1,1,0,0,0,42,37,0,5
1995,"NEWTON",18111,32,28,0,0,4,1,1,0,0,0,31,27,0,4
1996,"NEWTON",18111,62,53,0,0,9,4,0,0,0,4,58,53,0,5
1997,"NEWTON",18111,62,50,0,0,12,2,0,0,0,2,60,50,0,10
1998,"NEWTON",18111,70,58,0,0,12,2,1,0,0,1,68,57,0,11
1999,"NEWTON",18111,67,57,0,1,9,2,0,0,1,1,65,57,0,8
2000,"NEWTON",18111,67,58,0,0,9,0,0,0,0,0,67,58,0,9
2001,"NEWTON",18111,97,85,1,0,11,1,0,1,0,0,96,85,0,11
2002,"NEWTON",18111,110,98,0,0,12,1,1,0,0,0,109,97,0,12
2003,"NEWTON",18111,117,100,0,0,17,0,0,0,0,0,117,100,0,17
1990,"NOBLE",18113,129,121,3,0,5,14,11,3,0,0,115,110,0,5
1991,"NOBLE",18113,164,151,1,1,11,7,5,1,1,0,157,146,0,11
1992,"NOBLE",18113,160,149,1,0,10,10,8,1,0,1,150,141,0,9
1993,"NOBLE",18113,132,119,3,0,10,10,7,3,0,0,122,112,0,10
1994,"NOBLE",18113,108,97,1,0,10,6,5,1,0,0,102,92,0,10
1995,"NOBLE",18113,104,99,0,1,4,7,5,0,1,1,97,94,0,3
1996,"NOBLE",18113,126,120,1,0,5,3,3,0,0,0,123,117,1,5
1997,"NOBLE",18113,160,143,0,0,17,1,1,0,0,0,159,142,0,17
1998,"NOBLE",18113,183,173,0,0,10,1,1,0,0,0,182,172,0,10
1999,"NOBLE",18113,208,198,1,0,9,1,0,1,0,0,207,198,0,9
2000,"NOBLE",18113,210,195,0,0,15,0,0,0,0,0,210,195,0,15
2001,"NOBLE",18113,347,334,0,0,13,2,2,0,0,0,345,332,0,13
2002,"NOBLE",18113,390,378,1,0,11,3,2,1,0,0,387,376,0,11
2003,"NOBLE",18113,403,377,1,0,25,4,3,1,0,0,399,374,0,25
1990,"OHIO",18115,21,21,0,0,0,0,0,0,0,0,21,21,0,0
1991,"OHIO",18115,39,37,0,0,2,1,1,0,0,0,38,36,0,2
1992,"OHIO",18115,23,21,0,0,2,2,2,0,0,0,21,19,0,2
1993,"OHIO",18115,20,19,0,0,1,0,0,0,0,0,20,19,0,1
1994,"OHIO",18115,20,17,0,0,3,1,0,0,0,1,19,17,0,2
1995,"OHIO",18115,22,19,0,0,3,2,2,0,0,0,20,17,0,3
1996,"OHIO",18115,32,28,0,1,3,3,2,0,1,0,29,26,0,3
1997,"OHIO",18115,29,26,0,0,3,1,1,0,0,0,28,25,0,3
1998,"OHIO",18115,46,36,0,0,10,3,3,0,0,0,43,33,0,10
1999,"OHIO",18115,45,36,0,0,9,0,0,0,0,0,45,36,0,9
2000,"OHIO",18115,41,30,0,0,11,0,0,0,0,0,41,30,0,11
2001,"OHIO",18115,65,52,0,0,13,0,0,0,0,0,65,52,0,13
2002,"OHIO",18115,28,24,0,0,4,0,0,0,0,0,28,24,0,4
2003,"OHIO",18115,38,34,0,1,3,1,0,0,1,0,37,34,0,3
1990,"ORANGE",18117,61,53,1,0,7,4,3,1,0,0,57,50,0,7
1991,"ORANGE",18117,83,76,2,0,5,3,1,2,0,0,80,75,0,5
1992,"ORANGE",18117,70,66,0,0,4,6,6,0,0,0,64,60,0,4
1993,"ORANGE",18117,63,53,0,0,10,6,6,0,0,0,57,47,0,10
1994,"ORANGE",18117,61,54,0,0,7,2,2,0,0,0,59,52,0,7
1995,"ORANGE",18117,59,44,0,0,15,2,2,0,0,0,57,42,0,15
1996,"ORANGE",18117,94,70,0,1,23,2,1,0,1,0,92,69,0,23
1997,"ORANGE",18117,109,85,0,0,24,4,3,0,0,1,105,82,0,23
1998,"ORANGE",18117,132,110,0,0,22,2,2,0,0,0,130,108,0,22
1999,"ORANGE",18117,156,116,2,0,38,3,1,2,0,0,153,115,0,38
2000,"ORANGE",18117,118,84,0,0,34,0,0,0,0,0,118,84,0,34
2001,"ORANGE",18117,183,142,0,0,41,2,2,0,0,0,181,140,0,41
2002,"ORANGE",18117,195,153,2,0,40,4,2,2,0,0,191,151,0,40
2003,"ORANGE",18117,209,177,1,0,31,2,1,1,0,0,207,176,0,31
1990,"OWEN",18119,87,76,0,0,11,0,0,0,0,0,87,76,0,11
1991,"OWEN",18119,89,64,3,0,22,3,0,3,0,0,86,64,0,22
1992,"OWEN",18119,100,73,1,0,26,3,2,1,0,0,97,71,0,26
1993,"OWEN",18119,81,58,1,1,21,2,0,1,1,0,79,58,0,21
1994,"OWEN",18119,77,61,1,0,15,2,1,1,0,0,75,60,0,15
1995,"OWEN",18119,97,71,0,0,26,3,3,0,0,0,94,68,0,26
1996,"OWEN",18119,105,80,0,0,25,6,6,0,0,0,99,74,0,25
1997,"OWEN",18119,152,108,0,0,44,4,3,0,0,1,148,105,0,43
1998,"OWEN",18119,150,103,1,0,46,6,3,1,0,2,144,100,0,44
1999,"OWEN",18119,133,95,0,0,38,2,2,0,0,0,131,93,0,38
2000,"OWEN",18119,136,95,0,0,41,6,4,0,0,2,130,91,0,39
2001,"OWEN",18119,134,99,1,0,34,4,3,1,0,0,130,96,0,34
2002,"OWEN",18119,187,134,0,0,53,1,0,0,0,1,186,134,0,52
2003,"OWEN",18119,180,122,0,0,58,3,3,0,0,0,177,119,0,58
1990,"PARKE",18121,50,45,0,1,4,2,1,0,1,0,48,44,0,4
1991,"PARKE",18121,48,45,0,0,3,0,0,0,0,0,48,45,0,3
1992,"PARKE",18121,55,48,0,1,6,2,0,0,1,1,53,48,0,5
1993,"PARKE",18121,44,38,0,0,6,2,2,0,0,0,42,36,0,6
1994,"PARKE",18121,37,31,0,1,5,3,1,0,1,1,34,30,0,4
1995,"PARKE",18121,50,45,0,0,5,3,3,0,0,0,47,42,0,5
1996,"PARKE",18121,77,51,0,0,26,3,2,0,0,1,74,49,0,25
1997,"PARKE",18121,115,93,0,0,22,5,4,0,0,1,110,89,0,21
1998,"PARKE",18121,97,79,0,0,18,3,3,0,0,0,94,76,0,18
1999,"PARKE",18121,93,74,0,1,18,1,0,0,1,0,92,74,0,18
2000,"PARKE",18121,91,59,0,0,32,2,2,0,0,0,89,57,0,32
2001,"PARKE",18121,93,70,0,0,23,4,4,0,0,0,89,66,0,23
2002,"PARKE",18121,109,77,0,0,32,1,0,0,0,1,108,77,0,31
2003,"PARKE",18121,113,78,0,0,35,1,1,0,0,0,112,77,0,35
1990,"PERRY",18123,44,41,0,1,2,3,2,0,1,0,41,39,0,2
1991,"PERRY",18123,82,75,1,0,6,3,2,1,0,0,79,73,0,6
1992,"PERRY",18123,77,69,0,0,8,3,3,0,0,0,74,66,0,8
1993,"PERRY",18123,50,45,1,0,4,7,6,1,0,0,43,39,0,4
1994,"PERRY",18123,71,68,0,0,3,1,1,0,0,0,70,67,0,3
1995,"PERRY",18123,76,69,0,1,6,5,4,0,1,0,71,65,0,6
1996,"PERRY",18123,105,91,1,0,13,11,9,1,0,1,94,82,0,12
1997,"PERRY",18123,118,110,0,0,8,7,7,0,0,0,111,103,0,8
1998,"PERRY",18123,66,63,0,0,3,1,1,0,0,0,65,62,0,3
1999,"PERRY",18123,73,67,0,0,6,1,1,0,0,0,72,66,0,6
2000,"PERRY",18123,63,51,0,0,12,1,1,0,0,0,62,50,0,12
2001,"PERRY",18123,126,114,1,0,11,5,3,1,0,1,121,111,0,10
2002,"PERRY",18123,135,113,0,0,22,0,0,0,0,0,135,113,0,22
2003,"PERRY",18123,142,131,0,0,11,0,0,0,0,0,142,131,0,11
1990,"PIKE",18125,28,27,0,0,1,1,1,0,0,0,27,26,0,1
1991,"PIKE",18125,40,38,1,0,1,5,3,1,0,1,35,35,0,0
1992,"PIKE",18125,30,28,0,0,2,4,4,0,0,0,26,24,0,2
1993,"PIKE",18125,30,27,0,0,3,3,2,0,0,1,27,25,0,2
1994,"PIKE",18125,34,32,0,0,2,3,2,0,0,1,31,30,0,1
1995,"PIKE",18125,41,35,0,0,6,5,4,0,0,1,36,31,0,5
1996,"PIKE",18125,53,45,0,0,8,5,3,0,0,2,48,42,0,6
1997,"PIKE",18125,65,48,1,0,16,2,1,1,0,0,63,47,0,16
1998,"PIKE",18125,56,49,0,0,7,2,2,0,0,0,54,47,0,7
1999,"PIKE",18125,54,49,0,0,5,2,2,0,0,0,52,47,0,5
2000,"PIKE",18125,61,53,0,0,8,0,0,0,0,0,61,53,0,8
2001,"PIKE",18125,85,73,0,0,12,2,1,0,0,1,83,72,0,11
2002,"PIKE",18125,86,72,0,0,14,0,0,0,0,0,86,72,0,14
2003,"PIKE",18125,78,69,0,0,9,1,0,0,0,1,77,69,0,8
1990,"PORTER",18127,452,375,14,2,61,45,22,14,2,7,407,353,0,54
1991,"PORTER",18127,502,442,5,1,54,31,20,5,1,5,471,422,0,49
1992,"PORTER",18127,547,457,7,1,82,30,17,7,1,5,517,440,0,77
1993,"PORTER",18127,482,403,4,3,72,20,13,3,2,2,462,390,1,70
1994,"PORTER",18127,486,416,3,0,67,19,10,3,0,6,467,406,0,61
1995,"PORTER",18127,525,452,1,0,72,20,16,1,0,3,505,436,0,69
1996,"PORTER",18127,681,568,2,0,111,23,15,2,0,6,658,553,0,105
1997,"PORTER",18127,921,816,3,0,102,7,4,3,0,0,914,812,0,102
1998,"PORTER",18127,901,760,4,0,137,13,8,4,0,1,888,752,0,136
1999,"PORTER",18127,882,752,1,0,129,9,5,1,0,3,873,747,0,126
2000,"PORTER",18127,820,668,3,0,149,8,3,3,0,2,812,665,0,147
2001,"PORTER",18127,1153,940,6,0,207,18,9,6,0,3,1135,931,0,204
2002,"PORTER",18127,1288,1055,2,0,231,19,16,2,0,1,1269,1039,0,230
2003,"PORTER",18127,1267,1027,7,0,233,17,11,5,0,1,1250,1016,2,232
1990,"POSEY",18129,69,62,1,2,4,6,3,1,2,0,63,59,0,4
1991,"POSEY",18129,76,72,1,0,3,1,1,0,0,0,75,71,1,3
1992,"POSEY",18129,80,75,0,0,5,2,1,0,0,1,78,74,0,4
1993,"POSEY",18129,56,50,0,0,6,1,1,0,0,0,55,49,0,6
1994,"POSEY",18129,60,53,1,0,6,3,1,1,0,1,57,52,0,5
1995,"POSEY",18129,68,56,0,0,12,6,2,0,0,4,62,54,0,8
1996,"POSEY",18129,99,86,1,0,12,5,3,1,0,1,94,83,0,11
1997,"POSEY",18129,109,96,1,0,12,9,7,1,0,1,100,89,0,11
1998,"POSEY",18129,114,95,0,0,19,6,6,0,0,0,108,89,0,19
1999,"POSEY",18129,86,67,1,0,18,4,1,1,0,2,82,66,0,16
2000,"POSEY",18129,95,71,0,0,24,2,1,0,0,1,93,70,0,23
2001,"POSEY",18129,117,84,0,0,33,2,2,0,0,0,115,82,0,33
2002,"POSEY",18129,124,88,0,0,36,0,0,0,0,0,124,88,0,36
2003,"POSEY",18129,140,103,0,0,37,0,0,0,0,0,140,103,0,37
1990,"PULASKI",18131,32,28,4,0,0,4,0,4,0,0,28,28,0,0
1991,"PULASKI",18131,32,31,0,0,1,1,0,0,0,1,31,31,0,0
1992,"PULASKI",18131,35,33,1,1,0,3,1,1,1,0,32,32,0,0
1993,"PULASKI",18131,55,50,2,0,3,4,2,2,0,0,51,48,0,3
1994,"PULASKI",18131,35,33,0,0,2,3,2,0,0,1,32,31,0,1
1995,"PULASKI",18131,44,39,0,0,5,0,0,0,0,0,44,39,0,5
1996,"PULASKI",18131,55,49,1,0,5,1,0,1,0,0,54,49,0,5
1997,"PULASKI",18131,77,67,1,0,9,1,0,1,0,0,76,67,0,9
1998,"PULASKI",18131,76,66,0,0,10,0,0,0,0,0,76,66,0,10
1999,"PULASKI",18131,84,71,0,3,10,3,0,0,3,0,81,71,0,10
2000,"PULASKI",18131,65,57,0,0,8,1,1,0,0,0,64,56,0,8
2001,"PULASKI",18131,78,69,0,0,9,0,0,0,0,0,78,69,0,9
2002,"PULASKI",18131,112,107,0,0,5,0,0,0,0,0,112,107,0,5
2003,"PULASKI",18131,90,79,1,1,9,2,0,1,1,0,88,79,0,9
1990,"PUTNAM",18133,130,123,0,0,7,7,7,0,0,0,123,116,0,7
1991,"PUTNAM",18133,187,166,10,0,11,13,3,10,0,0,174,163,0,11
1992,"PUTNAM",18133,154,143,1,0,10,8,7,1,0,0,146,136,0,10
1993,"PUTNAM",18133,129,115,1,1,12,10,6,1,1,2,119,109,0,10
1994,"PUTNAM",18133,130,110,0,0,20,2,0,0,0,2,128,110,0,18
1995,"PUTNAM",18133,142,125,0,0,17,4,4,0,0,0,138,121,0,17
1996,"PUTNAM",18133,151,124,0,0,27,3,3,0,0,0,148,121,0,27
1997,"PUTNAM",18133,222,191,2,0,29,7,4,2,0,1,215,187,0,28
1998,"PUTNAM",18133,252,220,0,0,32,4,2,0,0,2,248,218,0,30
1999,"PUTNAM",18133,249,216,1,0,32,7,5,1,0,1,242,211,0,31
2000,"PUTNAM",18133,223,187,0,0,36,5,4,0,0,1,218,183,0,35
2001,"PUTNAM",18133,283,234,0,0,49,3,2,0,0,1,280,232,0,48
2002,"PUTNAM",18133,301,243,0,0,58,4,3,0,0,1,297,240,0,57
2003,"PUTNAM",18133,340,262,1,0,77,2,0,0,0,2,338,262,1,75
1990,"RANDOLPH",18135,127,125,1,0,1,5,4,1,0,0,122,121,0,1
1991,"RANDOLPH",18135,110,104,0,1,5,3,2,0,1,0,107,102,0,5
1992,"RANDOLPH",18135,106,94,2,1,9,8,4,2,1,1,98,90,0,8
1993,"RANDOLPH",18135,87,80,1,0,6,3,2,1,0,0,84,78,0,6
1994,"RANDOLPH",18135,85,79,0,0,6,1,1,0,0,0,84,78,0,6
1995,"RANDOLPH",18135,85,75,0,1,9,3,1,0,1,1,82,74,0,8
1996,"RANDOLPH",18135,120,113,2,1,4,5,1,2,1,1,115,112,0,3
1997,"RANDOLPH",18135,144,136,0,0,8,2,2,0,0,0,142,134,0,8
1998,"RANDOLPH",18135,181,167,0,0,14,2,2,0,0,0,179,165,0,14
1999,"RANDOLPH",18135,164,152,0,0,12,0,0,0,0,0,164,152,0,12
2000,"RANDOLPH",18135,163,142,0,0,21,0,0,0,0,0,163,142,0,21
2001,"RANDOLPH",18135,230,209,1,0,20,4,2,1,0,1,226,207,0,19
2002,"RANDOLPH",18135,228,205,2,0,21,3,1,2,0,0,225,204,0,21
2003,"RANDOLPH",18135,221,200,0,0,21,2,2,0,0,0,219,198,0,21
1990,"RIPLEY",18137,64,62,1,0,1,1,1,0,0,0,63,61,1,1
1991,"RIPLEY",18137,76,72,1,0,3,5,3,1,0,1,71,69,0,2
1992,"RIPLEY",18137,50,48,1,0,1,3,1,1,0,1,47,47,0,0
1993,"RIPLEY",18137,54,46,0,1,7,2,1,0,1,0,52,45,0,7
1994,"RIPLEY",18137,49,41,0,0,8,0,0,0,0,0,49,41,0,8
1995,"RIPLEY",18137,58,42,0,1,15,1,0,0,1,0,57,42,0,15
1996,"RIPLEY",18137,81,65,0,0,16,2,2,0,0,0,79,63,0,16
1997,"RIPLEY",18137,104,79,0,1,24,1,0,0,1,0,103,79,0,24
1998,"RIPLEY",18137,102,82,0,0,20,0,0,0,0,0,102,82,0,20
1999,"RIPLEY",18137,136,107,0,0,29,2,2,0,0,0,134,105,0,29
2000,"RIPLEY",18137,143,111,0,0,32,2,2,0,0,0,141,109,0,32
2001,"RIPLEY",18137,155,126,0,0,29,4,4,0,0,0,151,122,0,29
2002,"RIPLEY",18137,162,143,0,0,19,1,1,0,0,0,161,142,0,19
2003,"RIPLEY",18137,187,155,0,0,32,1,1,0,0,0,186,154,0,32
1990,"RUSH",18139,95,82,2,0,11,3,2,1,0,0,92,80,1,11
1991,"RUSH",18139,102,94,1,0,7,3,2,1,0,0,99,92,0,7
1992,"RUSH",18139,104,91,0,1,12,7,4,0,1,2,97,87,0,10
1993,"RUSH",18139,94,82,0,3,9,3,0,0,3,0,91,82,0,9
1994,"RUSH",18139,72,61,1,0,10,3,1,1,0,1,69,60,0,9
1995,"RUSH",18139,78,63,0,0,15,1,1,0,0,0,77,62,0,15
1996,"RUSH",18139,104,88,0,0,16,0,0,0,0,0,104,88,0,16
1997,"RUSH",18139,106,96,0,0,10,1,1,0,0,0,105,95,0,10
1998,"RUSH",18139,116,102,0,0,14,1,1,0,0,0,115,101,0,14
1999,"RUSH",18139,124,108,1,0,15,1,1,0,0,0,123,107,1,15
2000,"RUSH",18139,131,112,0,1,18,1,0,0,1,0,130,112,0,18
2001,"RUSH",18139,179,148,0,0,31,1,1,0,0,0,178,147,0,31
2002,"RUSH",18139,153,122,1,0,30,1,1,0,0,0,152,121,1,30
2003,"RUSH",18139,172,140,0,0,32,1,1,0,0,0,171,139,0,32
1990,"ST JOSEPH",18141,910,795,6,1,108,46,35,5,1,5,864,760,1,103
1991,"ST JOSEPH",18141,1139,1004,27,1,107,67,39,25,1,2,1072,965,2,105
1992,"ST JOSEPH",18141,1088,978,5,2,103,60,44,4,2,10,1028,934,1,93
1993,"ST JOSEPH",18141,999,877,8,1,113,46,26,8,1,11,953,851,0,102
1994,"ST JOSEPH",18141,974,830,9,1,134,38,23,9,1,5,936,807,0,129
1995,"ST JOSEPH",18141,1083,913,13,0,157,34,16,13,0,5,1049,897,0,152
1996,"ST JOSEPH",18141,1308,1159,4,0,145,19,12,4,0,3,1289,1147,0,142
1997,"ST JOSEPH",18141,1594,1388,8,0,198,31,16,8,0,7,1563,1372,0,191
1998,"ST JOSEPH",18141,1686,1513,6,0,167,33,24,6,0,3,1653,1489,0,164
1999,"ST JOSEPH",18141,1540,1330,9,0,201,16,8,7,0,1,1524,1322,2,200
2000,"ST JOSEPH",18141,1453,1293,6,0,154,18,10,6,0,2,1435,1283,0,152
2001,"ST JOSEPH",18141,1917,1702,4,0,211,22,12,4,0,6,1895,1690,0,205
2002,"ST JOSEPH",18141,2183,1911,3,0,269,26,20,3,0,3,2157,1891,0,266
2003,"ST JOSEPH",18141,2276,1959,4,0,313,24,15,4,0,5,2252,1944,0,308
1990,"SCOTT",18143,97,89,1,0,7,2,1,1,0,0,95,88,0,7
1991,"SCOTT",18143,113,109,1,0,3,4,3,1,0,0,109,106,0,3
1992,"SCOTT",18143,98,96,0,0,2,5,5,0,0,0,93,91,0,2
1993,"SCOTT",18143,88,70,0,2,16,6,3,0,2,1,82,67,0,15
1994,"SCOTT",18143,101,87,0,0,14,5,5,0,0,0,96,82,0,14
1995,"SCOTT",18143,114,93,0,0,21,0,0,0,0,0,114,93,0,21
1996,"SCOTT",18143,191,139,0,0,52,1,1,0,0,0,190,138,0,52
1997,"SCOTT",18143,206,145,0,2,59,3,1,0,2,0,203,144,0,59
1998,"SCOTT",18143,218,147,0,0,71,0,0,0,0,0,218,147,0,71
1999,"SCOTT",18143,197,137,0,0,60,1,1,0,0,0,196,136,0,60
2000,"SCOTT",18143,209,148,1,0,60,1,0,1,0,0,208,148,0,60
2001,"SCOTT",18143,238,168,0,0,70,0,0,0,0,0,238,168,0,70
2002,"SCOTT",18143,260,201,1,0,58,1,0,1,0,0,259,201,0,58
2003,"SCOTT",18143,268,221,0,0,47,3,3,0,0,0,265,218,0,47
1990,"SHELBY",18145,229,219,2,0,8,4,2,2,0,0,225,217,0,8
1991,"SHELBY",18145,245,230,1,0,14,3,2,1,0,0,242,228,0,14
1992,"SHELBY",18145,227,197,0,0,30,5,2,0,0,3,222,195,0,27
1993,"SHELBY",18145,188,170,1,1,16,8,4,1,1,2,180,166,0,14
1994,"SHELBY",18145,145,130,1,0,14,5,4,1,0,0,140,126,0,14
1995,"SHELBY",18145,178,150,0,0,28,4,0,0,0,4,174,150,0,24
1996,"SHELBY",18145,231,192,0,0,39,2,1,0,0,1,229,191,0,38
1997,"SHELBY",18145,247,212,0,1,34,4,1,0,1,2,243,211,0,32
1998,"SHELBY",18145,299,260,0,0,39,2,2,0,0,0,297,258,0,39
1999,"SHELBY",18145,322,274,1,1,46,5,3,1,1,0,317,271,0,46
2000,"SHELBY",18145,288,241,2,0,45,3,1,2,0,0,285,240,0,45
2001,"SHELBY",18145,360,306,3,0,51,3,0,3,0,0,357,306,0,51
2002,"SHELBY",18145,401,321,1,0,79,8,7,1,0,0,393,314,0,79
2003,"SHELBY",18145,427,350,1,0,76,7,6,1,0,0,420,344,0,76
1990,"SPENCER",18147,46,45,0,0,1,1,1,0,0,0,45,44,0,1
1991,"SPENCER",18147,55,51,0,0,4,1,1,0,0,0,54,50,0,4
1992,"SPENCER",18147,59,55,0,0,4,5,5,0,0,0,54,50,0,4
1993,"SPENCER",18147,48,46,0,0,2,6,6,0,0,0,42,40,0,2
1994,"SPENCER",18147,60,56,0,0,4,6,5,0,0,1,54,51,0,3
1995,"SPENCER",18147,62,55,1,0,6,4,2,1,0,1,58,53,0,5
1996,"SPENCER",18147,68,61,0,0,7,1,1,0,0,0,67,60,0,7
1997,"SPENCER",18147,88,73,0,0,15,3,2,0,0,1,85,71,0,14
1998,"SPENCER",18147,73,65,0,0,8,3,3,0,0,0,70,62,0,8
1999,"SPENCER",18147,81,69,2,0,10,2,0,2,0,0,79,69,0,10
2000,"SPENCER",18147,88,68,0,0,20,1,0,0,0,1,87,68,0,19
2001,"SPENCER",18147,139,124,0,0,15,4,3,0,0,1,135,121,0,14
2002,"SPENCER",18147,120,103,0,0,17,1,1,0,0,0,119,102,0,17
2003,"SPENCER",18147,117,101,0,0,16,0,0,0,0,0,117,101,0,16
1990,"STARKE",18149,88,80,2,2,4,10,4,2,2,2,78,76,0,2
1991,"STARKE",18149,95,91,0,1,3,1,0,0,1,0,94,91,0,3
1992,"STARKE",18149,101,94,2,1,4,6,2,2,1,1,95,92,0,3
1993,"STARKE",18149,87,81,0,2,4,9,6,0,2,1,78,75,0,3
1994,"STARKE",18149,76,74,0,1,1,2,0,0,1,1,74,74,0,0
1995,"STARKE",18149,81,75,0,0,6,2,1,0,0,1,79,74,0,5
1996,"STARKE",18149,119,114,1,0,4,1,0,1,0,0,118,114,0,4
1997,"STARKE",18149,154,146,1,1,6,4,2,1,1,0,150,144,0,6
1998,"STARKE",18149,177,161,0,3,13,5,2,0,3,0,172,159,0,13
1999,"STARKE",18149,149,133,0,1,15,1,0,0,1,0,148,133,0,15
2000,"STARKE",18149,164,146,0,0,18,1,1,0,0,0,163,145,0,18
2001,"STARKE",18149,241,208,0,0,33,1,1,0,0,0,240,207,0,33
2002,"STARKE",18149,238,221,0,0,17,1,1,0,0,0,237,220,0,17
2003,"STARKE",18149,219,194,0,0,25,1,1,0,0,0,218,193,0,25
1990,"STEUBEN",18151,101,90,3,0,8,14,10,3,0,1,87,80,0,7
1991,"STEUBEN",18151,125,118,2,0,5,11,8,2,0,1,114,110,0,4
1992,"STEUBEN",18151,105,95,1,0,9,4,3,1,0,0,101,92,0,9
1993,"STEUBEN",18151,91,83,3,0,5,10,6,3,0,1,81,77,0,4
1994,"STEUBEN",18151,89,84,2,0,3,10,8,2,0,0,79,76,0,3
1995,"STEUBEN",18151,89,77,1,1,10,13,10,1,1,1,76,67,0,9
1996,"STEUBEN",18151,123,111,0,0,12,2,1,0,0,1,121,110,0,11
1997,"STEUBEN",18151,144,137,1,0,6,2,1,1,0,0,142,136,0,6
1998,"STEUBEN",18151,148,141,0,0,7,1,1,0,0,0,147,140,0,7
1999,"STEUBEN",18151,147,142,0,0,5,2,2,0,0,0,145,140,0,5
2000,"STEUBEN",18151,151,140,1,0,10,3,3,0,0,0,148,137,1,10
2001,"STEUBEN",18151,205,186,1,0,18,5,4,1,0,0,200,182,0,18
2002,"STEUBEN",18151,230,210,2,0,18,4,2,2,0,0,226,208,0,18
2003,"STEUBEN",18151,256,232,2,0,22,6,5,1,0,0,250,227,1,22
1990,"SULLIVAN",18153,62,55,1,0,6,3,2,1,0,0,59,53,0,6
1991,"SULLIVAN",18153,53,43,4,3,3,6,0,3,3,0,47,43,1,3
1992,"SULLIVAN",18153,62,60,0,1,1,2,1,0,1,0,60,59,0,1
1993,"SULLIVAN",18153,58,51,1,0,6,3,1,1,0,1,55,50,0,5
1994,"SULLIVAN",18153,59,53,0,1,5,2,0,0,1,1,57,53,0,4
1995,"SULLIVAN",18153,83,71,0,2,10,5,2,0,2,1,78,69,0,9
1996,"SULLIVAN",18153,105,86,1,0,18,4,2,1,0,1,101,84,0,17
1997,"SULLIVAN",18153,136,122,0,0,14,7,7,0,0,0,129,115,0,14
1998,"SULLIVAN",18153,110,88,0,1,21,6,3,0,1,2,104,85,0,19
1999,"SULLIVAN",18153,149,120,1,0,28,7,4,1,0,2,142,116,0,26
2000,"SULLIVAN",18153,138,111,0,0,27,6,4,0,0,2,132,107,0,25
2001,"SULLIVAN",18153,170,141,0,0,29,4,3,0,0,1,166,138,0,28
2002,"SULLIVAN",18153,171,135,0,0,36,3,2,0,0,1,168,133,0,35
2003,"SULLIVAN",18153,159,117,0,0,42,2,2,0,0,0,157,115,0,42
1990,"SWITZERLAND",18155,27,26,0,0,1,0,0,0,0,0,27,26,0,1
1991,"SWITZERLAND",18155,29,29,0,0,0,1,1,0,0,0,28,28,0,0
1992,"SWITZERLAND",18155,27,26,0,0,1,2,2,0,0,0,25,24,0,1
1993,"SWITZERLAND",18155,15,13,0,0,2,1,1,0,0,0,14,12,0,2
1994,"SWITZERLAND",18155,13,13,0,0,0,0,0,0,0,0,13,13,0,0
1995,"SWITZERLAND",18155,28,26,0,0,2,1,1,0,0,0,27,25,0,2
1996,"SWITZERLAND",18155,26,23,0,0,3,1,1,0,0,0,25,22,0,3
1997,"SWITZERLAND",18155,35,30,0,1,4,2,1,0,1,0,33,29,0,4
1998,"SWITZERLAND",18155,46,36,0,0,10,0,0,0,0,0,46,36,0,10
1999,"SWITZERLAND",18155,39,32,0,0,7,0,0,0,0,0,39,32,0,7
2000,"SWITZERLAND",18155,38,26,0,0,12,0,0,0,0,0,38,26,0,12
2001,"SWITZERLAND",18155,70,53,0,0,17,0,0,0,0,0,70,53,0,17
2002,"SWITZERLAND",18155,64,49,0,0,15,1,1,0,0,0,63,48,0,15
2003,"SWITZERLAND",18155,72,60,0,0,12,1,1,0,0,0,71,59,0,12
1990,"TIPPECANOE",18157,394,343,3,0,48,17,11,3,0,3,377,332,0,45
1991,"TIPPECANOE",18157,420,377,4,0,39,15,7,4,0,4,405,370,0,35
1992,"TIPPECANOE",18157,465,412,3,0,50,25,18,3,0,4,440,394,0,46
1993,"TIPPECANOE",18157,381,344,2,2,33,29,18,2,2,7,352,326,0,26
1994,"TIPPECANOE",18157,341,297,1,1,42,29,21,1,1,6,312,276,0,36
1995,"TIPPECANOE",18157,398,346,1,0,51,23,13,0,0,10,375,333,1,41
1996,"TIPPECANOE",18157,441,363,6,0,72,24,15,6,0,3,417,348,0,69
1997,"TIPPECANOE",18157,590,505,4,1,80,9,4,4,1,0,581,501,0,80
1998,"TIPPECANOE",18157,654,557,4,1,92,12,6,4,1,1,642,551,0,91
1999,"TIPPECANOE",18157,634,548,2,1,83,9,4,2,1,2,625,544,0,81
2000,"TIPPECANOE",18157,557,493,2,0,62,3,1,2,0,0,554,492,0,62
2001,"TIPPECANOE",18157,782,674,2,0,106,12,9,1,0,2,770,665,1,104
2002,"TIPPECANOE",18157,827,729,2,0,96,8,5,2,0,1,819,724,0,95
2003,"TIPPECANOE",18157,865,763,5,1,96,13,5,5,1,2,852,758,0,94
1990,"TIPTON",18159,92,85,1,0,6,4,2,1,0,1,88,83,0,5
1991,"TIPTON",18159,89,81,0,0,8,1,1,0,0,0,88,80,0,8
1992,"TIPTON",18159,96,91,2,1,2,5,2,2,1,0,91,89,0,2
1993,"TIPTON",18159,57,51,2,0,4,2,1,1,0,0,55,50,1,4
1994,"TIPTON",18159,44,41,0,0,3,2,2,0,0,0,42,39,0,3
1995,"TIPTON",18159,56,47,0,0,9,0,0,0,0,0,56,47,0,9
1996,"TIPTON",18159,67,59,0,0,8,0,0,0,0,0,67,59,0,8
1997,"TIPTON",18159,91,83,0,0,8,0,0,0,0,0,91,83,0,8
1998,"TIPTON",18159,114,100,0,0,14,0,0,0,0,0,114,100,0,14
1999,"TIPTON",18159,92,82,0,0,10,0,0,0,0,0,92,82,0,10
2000,"TIPTON",18159,90,84,0,0,6,0,0,0,0,0,90,84,0,6
2001,"TIPTON",18159,120,105,0,0,15,1,1,0,0,0,119,104,0,15
2002,"TIPTON",18159,116,99,0,0,17,2,0,0,0,2,114,99,0,15
2003,"TIPTON",18159,132,115,0,0,17,1,1,0,0,0,131,114,0,17
1990,"UNION",18161,26,22,0,2,2,2,0,0,2,0,24,22,0,2
1991,"UNION",18161,18,14,2,1,1,2,0,1,1,0,16,14,1,1
1992,"UNION",18161,26,23,2,0,1,4,2,2,0,0,22,21,0,1
1993,"UNION",18161,18,15,0,0,3,0,0,0,0,0,18,15,0,3
1994,"UNION",18161,26,24,0,1,1,1,0,0,1,0,25,24,0,1
1995,"UNION",18161,22,20,1,0,1,1,0,1,0,0,21,20,0,1
1996,"UNION",18161,34,33,0,0,1,0,0,0,0,0,34,33,0,1
1997,"UNION",18161,35,33,0,0,2,2,2,0,0,0,33,31,0,2
1998,"UNION",18161,37,34,0,0,3,0,0,0,0,0,37,34,0,3
1999,"UNION",18161,27,25,1,0,1,1,0,1,0,0,26,25,0,1
2000,"UNION",18161,46,41,1,0,4,0,0,0,0,0,46,41,1,4
2001,"UNION",18161,43,36,0,0,7,0,0,0,0,0,43,36,0,7
2002,"UNION",18161,64,53,0,0,11,2,1,0,0,1,62,52,0,10
2003,"UNION",18161,67,56,0,0,11,0,0,0,0,0,67,56,0,11
1990,"VANDERBURGH",18163,654,625,6,0,23,33,26,5,0,2,621,599,1,21
1991,"VANDERBURGH",18163,726,677,14,0,35,28,11,14,0,3,698,666,0,32
1992,"VANDERBURGH",18163,683,647,7,0,29,49,35,7,0,7,634,612,0,22
1993,"VANDERBURGH",18163,645,596,6,1,42,34,26,6,1,1,611,570,0,41
1994,"VANDERBURGH",18163,639,573,3,0,63,40,25,3,0,12,599,548,0,51
1995,"VANDERBURGH",18163,747,651,1,0,95,51,36,1,0,14,696,615,0,81
1996,"VANDERBURGH",18163,871,773,3,0,95,47,39,3,0,5,824,734,0,90
1997,"VANDERBURGH",18163,1065,913,9,0,143,48,30,9,0,9,1017,883,0,134
1998,"VANDERBURGH",18163,1170,992,5,0,173,41,26,5,0,10,1129,966,0,163
1999,"VANDERBURGH",18163,1032,867,2,0,163,36,29,2,0,5,996,838,0,158
2000,"VANDERBURGH",18163,974,780,4,0,190,24,18,4,0,2,950,762,0,188
2001,"VANDERBURGH",18163,1200,953,6,0,241,36,27,6,0,3,1164,926,0,238
2002,"VANDERBURGH",18163,1239,975,4,0,260,33,25,4,0,4,1206,950,0,256
2003,"VANDERBURGH",18163,1363,1077,2,0,284,22,18,2,0,2,1341,1059,0,282
1990,"VERMILLION",18165,52,48,0,0,4,1,1,0,0,0,51,47,0,4
1991,"VERMILLION",18165,59,56,0,0,3,0,0,0,0,0,59,56,0,3
1992,"VERMILLION",18165,58,55,1,0,2,2,1,1,0,0,56,54,0,2
1993,"VERMILLION",18165,55,46,0,0,9,0,0,0,0,0,55,46,0,9
1994,"VERMILLION",18165,49,40,4,0,5,5,1,4,0,0,44,39,0,5
1995,"VERMILLION",18165,48,40,0,0,8,0,0,0,0,0,48,40,0,8
1996,"VERMILLION",18165,78,65,0,0,13,1,1,0,0,0,77,64,0,13
1997,"VERMILLION",18165,110,88,0,0,22,4,3,0,0,1,106,85,0,21
1998,"VERMILLION",18165,117,90,0,1,26,8,5,0,1,2,109,85,0,24
1999,"VERMILLION",18165,116,91,0,0,25,0,0,0,0,0,116,91,0,25
2000,"VERMILLION",18165,105,82,0,0,23,1,1,0,0,0,104,81,0,23
2001,"VERMILLION",18165,111,90,0,0,21,1,1,0,0,0,110,89,0,21
2002,"VERMILLION",18165,130,93,2,0,35,4,2,2,0,0,126,91,0,35
2003,"VERMILLION",18165,127,97,0,0,30,0,0,0,0,0,127,97,0,30
1990,"VIGO",18167,362,326,2,0,34,11,8,2,0,1,351,318,0,33
1991,"VIGO",18167,467,422,13,0,32,22,9,13,0,0,445,413,0,32
1992,"VIGO",18167,415,360,1,0,54,18,13,1,0,4,397,347,0,50
1993,"VIGO",18167,369,304,1,0,64,19,12,1,0,6,350,292,0,58
1994,"VIGO",18167,310,262,3,0,45,13,8,3,0,2,297,254,0,43
1995,"VIGO",18167,367,272,5,0,90,19,9,5,0,5,348,263,0,85
1996,"VIGO",18167,565,404,3,1,157,17,12,3,1,1,548,392,0,156
1997,"VIGO",18167,739,592,1,0,146,21,15,1,0,5,718,577,0,141
1998,"VIGO",18167,663,504,1,0,158,19,15,1,0,3,644,489,0,155
1999,"VIGO",18167,672,495,3,0,174,18,11,3,0,4,654,484,0,170
2000,"VIGO",18167,685,511,2,0,172,15,9,2,0,4,670,502,0,168
2001,"VIGO",18167,781,561,1,0,219,19,18,1,0,0,762,543,0,219
2002,"VIGO",18167,763,511,0,0,252,5,5,0,0,0,758,506,0,252
2003,"VIGO",18167,809,550,3,0,256,4,1,3,0,0,805,549,0,256
1990,"WABASH",18169,131,117,1,1,12,9,7,1,1,0,122,110,0,12
1991,"WABASH",18169,143,130,3,0,10,7,3,3,0,1,136,127,0,9
1992,"WABASH",18169,129,120,2,0,7,12,9,2,0,1,117,111,0,6
1993,"WABASH",18169,122,112,2,1,7,13,9,1,1,2,109,103,1,5
1994,"WABASH",18169,108,100,1,1,6,4,2,1,1,0,104,98,0,6
1995,"WABASH",18169,94,86,1,0,7,4,3,1,0,0,90,83,0,7
1996,"WABASH",18169,126,112,1,0,13,3,1,1,0,1,123,111,0,12
1997,"WABASH",18169,170,157,1,0,12,1,0,1,0,0,169,157,0,12
1998,"WABASH",18169,163,152,0,0,11,0,0,0,0,0,163,152,0,11
1999,"WABASH",18169,191,179,0,0,12,0,0,0,0,0,191,179,0,12
2000,"WABASH",18169,233,216,0,0,17,0,0,0,0,0,233,216,0,17
2001,"WABASH",18169,275,254,2,0,19,2,0,2,0,0,273,254,0,19
2002,"WABASH",18169,279,269,0,0,10,2,2,0,0,0,277,267,0,10
2003,"WABASH",18169,276,265,0,0,11,3,2,0,0,1,273,263,0,10
1990,"WARREN",18171,28,25,0,0,3,1,1,0,0,0,27,24,0,3
1991,"WARREN",18171,24,21,1,1,1,2,0,1,1,0,22,21,0,1
1992,"WARREN",18171,33,32,0,0,1,4,4,0,0,0,29,28,0,1
1993,"WARREN",18171,46,39,0,0,7,6,5,0,0,1,40,34,0,6
1994,"WARREN",18171,28,25,1,0,2,3,2,1,0,0,25,23,0,2
1995,"WARREN",18171,24,21,0,0,3,0,0,0,0,0,24,21,0,3
1996,"WARREN",18171,26,24,0,0,2,2,2,0,0,0,24,22,0,2
1997,"WARREN",18171,38,33,0,0,5,0,0,0,0,0,38,33,0,5
1998,"WARREN",18171,43,39,0,2,2,5,3,0,2,0,38,36,0,2
1999,"WARREN",18171,47,40,0,0,7,2,0,0,0,2,45,40,0,5
2000,"WARREN",18171,53,46,0,0,7,0,0,0,0,0,53,46,0,7
2001,"WARREN",18171,57,44,0,0,13,1,1,0,0,0,56,43,0,13
2002,"WARREN",18171,66,59,0,0,7,0,0,0,0,0,66,59,0,7
2003,"WARREN",18171,56,51,0,0,5,1,1,0,0,0,55,50,0,5
1990,"WARRICK",18173,119,116,0,0,3,4,4,0,0,0,115,112,0,3
1991,"WARRICK",18173,154,149,0,0,5,4,3,0,0,1,150,146,0,4
1992,"WARRICK",18173,155,146,1,0,8,6,5,1,0,0,149,141,0,8
1993,"WARRICK",18173,152,138,3,0,11,10,6,3,0,1,142,132,0,10
1994,"WARRICK",18173,126,118,0,0,8,10,8,0,0,2,116,110,0,6
1995,"WARRICK",18173,158,142,1,0,15,10,8,1,0,1,148,134,0,14
1996,"WARRICK",18173,218,187,3,1,27,19,13,2,1,3,199,174,1,24
1997,"WARRICK",18173,285,234,2,0,49,16,11,2,0,3,269,223,0,46
1998,"WARRICK",18173,305,266,1,2,36,11,7,1,2,1,294,259,0,35
1999,"WARRICK",18173,235,197,0,0,38,9,5,0,0,4,226,192,0,34
2000,"WARRICK",18173,257,207,0,0,50,7,6,0,0,1,250,201,0,49
2001,"WARRICK",18173,293,232,1,0,60,10,8,0,0,2,283,224,1,58
2002,"WARRICK",18173,311,247,0,0,64,5,4,0,0,1,306,243,0,63
2003,"WARRICK",18173,345,275,0,0,70,7,7,0,0,0,338,268,0,70
1990,"WASHINGTON",18175,80,77,0,0,3,1,1,0,0,0,79,76,0,3
1991,"WASHINGTON",18175,127,116,0,0,11,2,2,0,0,0,125,114,0,11
1992,"WASHINGTON",18175,127,120,0,0,7,7,5,0,0,2,120,115,0,5
1993,"WASHINGTON",18175,107,91,0,0,16,3,2,0,0,1,104,89,0,15
1994,"WASHINGTON",18175,98,81,1,0,16,2,0,1,0,1,96,81,0,15
1995,"WASHINGTON",18175,123,91,1,1,30,8,6,1,1,0,115,85,0,30
1996,"WASHINGTON",18175,163,118,0,1,44,8,6,0,1,1,155,112,0,43
1997,"WASHINGTON",18175,182,137,0,0,45,1,1,0,0,0,181,136,0,45
1998,"WASHINGTON",18175,166,117,0,0,49,1,1,0,0,0,165,116,0,49
1999,"WASHINGTON",18175,187,116,0,0,71,1,1,0,0,0,186,115,0,71
2000,"WASHINGTON",18175,219,154,0,0,65,3,3,0,0,0,216,151,0,65
2001,"WASHINGTON",18175,211,157,1,0,53,1,0,1,0,0,210,157,0,53
2002,"WASHINGTON",18175,253,187,0,0,66,0,0,0,0,0,253,187,0,66
2003,"WASHINGTON",18175,287,212,0,0,75,2,2,0,0,0,285,210,0,75
1990,"WAYNE",18177,222,208,5,2,7,8,0,5,2,1,214,208,0,6
1991,"WAYNE",18177,281,265,3,1,12,11,6,2,1,2,270,259,1,10
1992,"WAYNE",18177,245,225,6,3,11,17,7,5,3,2,228,218,1,9
1993,"WAYNE",18177,231,216,1,2,12,8,4,1,2,1,223,212,0,11
1994,"WAYNE",18177,245,218,1,3,23,8,3,1,3,1,237,215,0,22
1995,"WAYNE",18177,282,256,1,0,25,3,1,1,0,1,279,255,0,24
1996,"WAYNE",18177,422,382,2,2,36,8,4,1,2,1,414,378,1,35
1997,"WAYNE",18177,418,389,1,0,28,7,4,1,0,2,411,385,0,26
1998,"WAYNE",18177,457,414,2,0,41,7,4,2,0,1,450,410,0,40
1999,"WAYNE",18177,397,358,3,0,36,6,4,2,0,0,391,354,1,36
2000,"WAYNE",18177,433,391,1,1,40,9,5,1,1,2,424,386,0,38
2001,"WAYNE",18177,552,508,0,0,44,4,4,0,0,0,548,504,0,44
2002,"WAYNE",18177,575,531,0,0,44,6,5,0,0,1,569,526,0,43
2003,"WAYNE",18177,669,608,0,0,61,5,3,0,0,2,664,605,0,59
1990,"WELLS",18179,58,45,2,0,11,7,5,2,0,0,51,40,0,11
1991,"WELLS",18179,81,73,2,0,6,3,3,0,0,0,78,70,2,6
1992,"WELLS",18179,80,71,0,0,9,4,2,0,0,2,76,69,0,7
1993,"WELLS",18179,54,44,0,0,10,1,1,0,0,0,53,43,0,10
1994,"WELLS",18179,52,41,0,1,10,5,4,0,1,0,47,37,0,10
1995,"WELLS",18179,98,75,0,1,22,3,0,0,1,2,95,75,0,20
1996,"WELLS",18179,96,83,0,0,13,1,1,0,0,0,95,82,0,13
1997,"WELLS",18179,119,106,4,0,9,5,1,4,0,0,114,105,0,9
1998,"WELLS",18179,110,95,1,0,14,2,1,1,0,0,108,94,0,14
1999,"WELLS",18179,101,90,1,0,10,4,3,1,0,0,97,87,0,10
2000,"WELLS",18179,112,102,0,0,10,3,3,0,0,0,109,99,0,10
2001,"WELLS",18179,145,126,0,0,19,2,2,0,0,0,143,124,0,19
2002,"WELLS",18179,169,158,2,0,9,3,1,2,0,0,166,157,0,9
2003,"WELLS",18179,196,184,1,0,11,3,2,1,0,0,193,182,0,11
1990,"WHITE",18181,122,108,1,2,11,15,9,1,2,3,107,99,0,8
1991,"WHITE",18181,109,93,3,2,11,6,1,3,2,0,103,92,0,11
1992,"WHITE",18181,109,95,1,2,11,12,7,1,2,2,97,88,0,9
1993,"WHITE",18181,100,85,2,2,11,12,7,2,2,1,88,78,0,10
1994,"WHITE",18181,81,66,0,0,15,3,3,0,0,0,78,63,0,15
1995,"WHITE",18181,91,77,0,1,13,8,7,0,1,0,83,70,0,13
1996,"WHITE",18181,126,111,2,0,13,12,8,2,0,2,114,103,0,11
1997,"WHITE",18181,160,134,1,0,25,2,1,1,0,0,158,133,0,25
1998,"WHITE",18181,174,145,0,1,28,7,5,0,1,1,167,140,0,27
1999,"WHITE",18181,168,150,0,1,17,3,2,0,1,0,165,148,0,17
2000,"WHITE",18181,174,150,0,0,24,1,0,0,0,1,173,150,0,23
2001,"WHITE",18181,209,179,0,0,30,1,1,0,0,0,208,178,0,30
2002,"WHITE",18181,193,159,1,0,33,4,1,1,0,2,189,158,0,31
2003,"WHITE",18181,225,194,2,3,26,8,3,2,3,0,217,191,0,26
1990,"WHITLEY",18183,69,63,1,0,5,5,3,1,0,1,64,60,0,4
1991,"WHITLEY",18183,104,94,1,0,9,11,9,1,0,1,93,85,0,8
1992,"WHITLEY",18183,99,92,0,0,7,4,4,0,0,0,95,88,0,7
1993,"WHITLEY",18183,77,70,1,0,6,4,3,0,0,1,73,67,1,5
1994,"WHITLEY",18183,64,60,1,0,3,5,5,0,0,0,59,55,1,3
1995,"WHITLEY",18183,83,73,2,0,8,3,1,2,0,0,80,72,0,8
1996,"WHITLEY",18183,120,106,0,0,14,8,8,0,0,0,112,98,0,14
1997,"WHITLEY",18183,134,128,0,0,6,1,1,0,0,0,133,127,0,6
1998,"WHITLEY",18183,143,138,0,0,5,0,0,0,0,0,143,138,0,5
1999,"WHITLEY",18183,138,124,1,0,13,1,0,1,0,0,137,124,0,13
2000,"WHITLEY",18183,149,138,0,0,11,2,2,0,0,0,147,136,0,11
2001,"WHITLEY",18183,208,190,1,0,17,2,1,1,0,0,206,189,0,17
2002,"WHITLEY",18183,215,200,2,0,13,2,0,2,0,0,213,200,0,13
2003,"WHITLEY",18183,222,208,1,0,13,2,1,1,0,0,220,207,0,13
1990,"ADAIR",19001,13,13,0,0,0,3,3,0,0,0,10,10,0,0
1991,"ADAIR",19001,11,11,0,0,0,0,0,0,0,0,11,11,0,0
1992,"ADAIR",19001,16,15,0,0,1,2,2,0,0,0,14,13,0,1
1993,"ADAIR",19001,12,12,0,0,0,4,4,0,0,0,8,8,0,0
1994,"ADAIR",19001,4,4,0,0,0,0,0,0,0,0,4,4,0,0
1995,"ADAIR",19001,5,5,0,0,0,0,0,0,0,0,5,5,0,0
1996,"ADAIR",19001,12,12,0,0,0,1,1,0,0,0,11,11,0,0
1997,"ADAIR",19001,29,29,0,0,0,3,3,0,0,0,26,26,0,0
1998,"ADAIR",19001,16,16,0,0,0,0,0,0,0,0,16,16,0,0
1999,"ADAIR",19001,11,11,0,0,0,1,1,0,0,0,10,10,0,0
2000,"ADAIR",19001,17,15,0,0,2,1,1,0,0,0,16,14,0,2
2001,"ADAIR",19001,16,15,0,0,1,0,0,0,0,0,16,15,0,1
2002,"ADAIR",19001,31,31,0,0,0,0,0,0,0,0,31,31,0,0
2003,"ADAIR",19001,24,22,2,0,0,3,1,2,0,0,21,21,0,0
1990,"ADAMS",19003,8,7,0,1,0,4,3,0,1,0,4,4,0,0
1991,"ADAMS",19003,7,5,0,1,1,4,3,0,1,0,3,2,0,1
1992,"ADAMS",19003,6,5,0,1,0,2,1,0,1,0,4,4,0,0
1993,"ADAMS",19003,3,3,0,0,0,1,1,0,0,0,2,2,0,0
1994,"ADAMS",19003,2,2,0,0,0,0,0,0,0,0,2,2,0,0
1995,"ADAMS",19003,3,3,0,0,0,1,1,0,0,0,2,2,0,0
1996,"ADAMS",19003,5,5,0,0,0,2,2,0,0,0,3,3,0,0
1997,"ADAMS",19003,16,16,0,0,0,0,0,0,0,0,16,16,0,0
1998,"ADAMS",19003,10,10,0,0,0,4,4,0,0,0,6,6,0,0
1999,"ADAMS",19003,13,12,0,0,1,0,0,0,0,0,13,12,0,1
2000,"ADAMS",19003,5,5,0,0,0,0,0,0,0,0,5,5,0,0
2001,"ADAMS",19003,16,16,0,0,0,1,1,0,0,0,15,15,0,0
2002,"ADAMS",19003,11,11,0,0,0,0,0,0,0,0,11,11,0,0
2003,"ADAMS",19003,17,16,0,0,1,2,2,0,0,0,15,14,0,1
1990,"ALLAMAKEE",19005,10,9,0,1,0,5,4,0,1,0,5,5,0,0
1991,"ALLAMAKEE",19005,17,13,0,2,2,5,3,0,2,0,12,10,0,2
1992,"ALLAMAKEE",19005,16,16,0,0,0,2,2,0,0,0,14,14,0,0
1993,"ALLAMAKEE",19005,5,4,1,0,0,1,0,1,0,0,4,4,0,0
1994,"ALLAMAKEE",19005,12,12,0,0,0,3,3,0,0,0,9,9,0,0
1995,"ALLAMAKEE",19005,18,18,0,0,0,2,2,0,0,0,16,16,0,0
1996,"ALLAMAKEE",19005,27,24,1,1,1,6,4,1,1,0,21,20,0,1
1997,"ALLAMAKEE",19005,27,27,0,0,0,4,4,0,0,0,23,23,0,0
1998,"ALLAMAKEE",19005,27,26,0,0,1,3,3,0,0,0,24,23,0,1
1999,"ALLAMAKEE",19005,24,24,0,0,0,2,2,0,0,0,22,22,0,0
2000,"ALLAMAKEE",19005,22,22,0,0,0,4,4,0,0,0,18,18,0,0
2001,"ALLAMAKEE",19005,22,22,0,0,0,4,4,0,0,0,18,18,0,0
2002,"ALLAMAKEE",19005,25,24,0,1,0,3,2,0,1,0,22,22,0,0
2003,"ALLAMAKEE",19005,30,30,0,0,0,3,3,0,0,0,27,27,0,0
1990,"APPANOOSE",19007,16,10,0,0,6,0,0,0,0,0,16,10,0,6
1991,"APPANOOSE",19007,15,9,0,0,6,0,0,0,0,0,15,9,0,6
1992,"APPANOOSE",19007,16,14,0,0,2,1,1,0,0,0,15,13,0,2
1993,"APPANOOSE",19007,20,16,0,0,4,2,0,0,0,2,18,16,0,2
1994,"APPANOOSE",19007,16,13,0,0,3,0,0,0,0,0,16,13,0,3
1995,"APPANOOSE",19007,22,19,0,0,3,1,1,0,0,0,21,18,0,3
1996,"APPANOOSE",19007,34,31,0,0,3,3,3,0,0,0,31,28,0,3
1997,"APPANOOSE",19007,36,31,0,0,5,2,2,0,0,0,34,29,0,5
1998,"APPANOOSE",19007,48,42,0,0,6,1,1,0,0,0,47,41,0,6
1999,"APPANOOSE",19007,52,45,1,0,6,1,0,1,0,0,51,45,0,6
2000,"APPANOOSE",19007,49,46,0,0,3,0,0,0,0,0,49,46,0,3
2001,"APPANOOSE",19007,56,53,0,1,2,2,1,0,1,0,54,52,0,2
2002,"APPANOOSE",19007,59,57,0,0,2,1,1,0,0,0,58,56,0,2
2003,"APPANOOSE",19007,54,50,0,0,4,1,1,0,0,0,53,49,0,4
1990,"AUDUBON",19009,9,8,0,0,1,1,1,0,0,0,8,7,0,1
1991,"AUDUBON",19009,9,7,0,0,2,2,2,0,0,0,7,5,0,2
1992,"AUDUBON",19009,10,9,0,0,1,1,1,0,0,0,9,8,0,1
1993,"AUDUBON",19009,10,8,1,0,1,2,1,1,0,0,8,7,0,1
1994,"AUDUBON",19009,9,8,0,0,1,2,2,0,0,0,7,6,0,1
1995,"AUDUBON",19009,18,18,0,0,0,4,4,0,0,0,14,14,0,0
1996,"AUDUBON",19009,13,12,0,0,1,1,1,0,0,0,12,11,0,1
1997,"AUDUBON",19009,14,12,0,0,2,1,1,0,0,0,13,11,0,2
1998,"AUDUBON",19009,14,14,0,0,0,2,2,0,0,0,12,12,0,0
1999,"AUDUBON",19009,17,16,0,0,1,0,0,0,0,0,17,16,0,1
2000,"AUDUBON",19009,15,15,0,0,0,2,2,0,0,0,13,13,0,0
2001,"AUDUBON",19009,10,10,0,0,0,0,0,0,0,0,10,10,0,0
2002,"AUDUBON",19009,22,21,0,1,0,1,0,0,1,0,21,21,0,0
2003,"AUDUBON",19009,18,17,0,1,0,1,0,0,1,0,17,17,0,0
1990,"BENTON",19011,26,24,0,0,2,8,7,0,0,1,18,17,0,1
1991,"BENTON",19011,39,35,0,2,2,10,8,0,2,0,29,27,0,2
1992,"BENTON",19011,47,42,1,1,3,9,5,1,1,2,38,37,0,1
1993,"BENTON",19011,33,32,0,0,1,3,3,0,0,0,30,29,0,1
1994,"BENTON",19011,44,43,1,0,0,6,5,1,0,0,38,38,0,0
1995,"BENTON",19011,37,35,0,0,2,7,7,0,0,0,30,28,0,2
1996,"BENTON",19011,61,58,1,0,2,5,4,1,0,0,56,54,0,2
1997,"BENTON",19011,73,66,1,0,6,6,3,1,0,2,67,63,0,4
1998,"BENTON",19011,76,72,0,0,4,2,2,0,0,0,74,70,0,4
1999,"BENTON",19011,63,59,0,1,3,5,4,0,1,0,58,55,0,3
2000,"BENTON",19011,40,38,0,0,2,2,2,0,0,0,38,36,0,2
2001,"BENTON",19011,66,59,0,0,7,2,2,0,0,0,64,57,0,7
2002,"BENTON",19011,65,60,0,0,5,2,2,0,0,0,63,58,0,5
2003,"BENTON",19011,86,79,0,0,7,0,0,0,0,0,86,79,0,7
1990,"BLACK HAWK",19013,251,228,3,0,20,52,42,3,0,7,199,186,0,13
1991,"BLACK HAWK",19013,275,253,3,0,19,46,37,3,0,6,229,216,0,13
1992,"BLACK HAWK",19013,261,245,3,0,13,28,21,3,0,4,233,224,0,9
1993,"BLACK HAWK",19013,215,202,2,0,11,14,10,2,0,2,201,192,0,9
1994,"BLACK HAWK",19013,235,225,1,0,9,11,10,1,0,0,224,215,0,9
1995,"BLACK HAWK",19013,252,244,2,0,6,12,8,2,0,2,240,236,0,4
1996,"BLACK HAWK",19013,391,382,4,0,5,10,6,4,0,0,381,376,0,5
1997,"BLACK HAWK",19013,398,387,6,0,5,19,12,6,0,1,379,375,0,4
1998,"BLACK HAWK",19013,422,404,0,0,18,14,13,0,0,1,408,391,0,17
1999,"BLACK HAWK",19013,354,324,1,0,29,10,9,1,0,0,344,315,0,29
2000,"BLACK HAWK",19013,333,315,0,0,18,1,1,0,0,0,332,314,0,18
2001,"BLACK HAWK",19013,408,391,0,0,17,6,6,0,0,0,402,385,0,17
2002,"BLACK HAWK",19013,451,424,2,0,25,5,3,2,0,0,446,421,0,25
2003,"BLACK HAWK",19013,548,521,1,0,26,9,8,1,0,0,539,513,0,26
1990,"BOONE",19015,47,44,0,0,3,0,0,0,0,0,47,44,0,3
1991,"BOONE",19015,50,47,2,0,1,4,2,2,0,0,46,45,0,1
1992,"BOONE",19015,43,43,0,0,0,5,5,0,0,0,38,38,0,0
1993,"BOONE",19015,41,41,0,0,0,4,4,0,0,0,37,37,0,0
1994,"BOONE",19015,55,52,0,0,3,6,6,0,0,0,49,46,0,3
1995,"BOONE",19015,68,66,0,0,2,3,3,0,0,0,65,63,0,2
1996,"BOONE",19015,100,98,0,0,2,2,2,0,0,0,98,96,0,2
1997,"BOONE",19015,100,94,0,0,6,2,2,0,0,0,98,92,0,6
1998,"BOONE",19015,71,67,0,0,4,1,1,0,0,0,70,66,0,4
1999,"BOONE",19015,73,70,0,0,3,0,0,0,0,0,73,70,0,3
2000,"BOONE",19015,69,60,1,0,8,3,2,1,0,0,66,58,0,8
2001,"BOONE",19015,107,106,0,0,1,1,1,0,0,0,106,105,0,1
2002,"BOONE",19015,128,125,0,1,2,1,0,0,1,0,127,125,0,2
2003,"BOONE",19015,126,123,0,0,3,0,0,0,0,0,126,123,0,3
1990,"BREMER",19017,32,29,1,0,2,12,9,1,0,2,20,20,0,0
1991,"BREMER",19017,35,32,1,0,2,14,11,1,0,2,21,21,0,0
1992,"BREMER",19017,39,36,2,0,1,13,12,1,0,0,26,24,1,1
1993,"BREMER",19017,22,21,0,0,1,3,3,0,0,0,19,18,0,1
1994,"BREMER",19017,23,23,0,0,0,4,4,0,0,0,19,19,0,0
1995,"BREMER",19017,31,31,0,0,0,4,4,0,0,0,27,27,0,0
1996,"BREMER",19017,33,33,0,0,0,3,3,0,0,0,30,30,0,0
1997,"BREMER",19017,36,36,0,0,0,3,3,0,0,0,33,33,0,0
1998,"BREMER",19017,36,35,1,0,0,3,2,1,0,0,33,33,0,0
1999,"BREMER",19017,37,35,0,0,2,2,2,0,0,0,35,33,0,2
2000,"BREMER",19017,46,45,0,0,1,1,1,0,0,0,45,44,0,1
2001,"BREMER",19017,65,60,1,0,4,5,4,1,0,0,60,56,0,4
2002,"BREMER",19017,54,53,0,0,1,1,1,0,0,0,53,52,0,1
2003,"BREMER",19017,59,57,0,1,1,2,1,0,1,0,57,56,0,1
1990,"BUCHANAN",19019,39,37,1,0,1,13,11,1,0,1,26,26,0,0
1991,"BUCHANAN",19019,35,34,0,0,1,4,3,0,0,1,31,31,0,0
1992,"BUCHANAN",19019,44,42,1,0,1,9,7,1,0,1,35,35,0,0
1993,"BUCHANAN",19019,31,29,1,1,0,6,4,1,1,0,25,25,0,0
1994,"BUCHANAN",19019,29,26,2,0,1,2,0,2,0,0,27,26,0,1
1995,"BUCHANAN",19019,39,38,0,0,1,5,5,0,0,0,34,33,0,1
1996,"BUCHANAN",19019,54,52,0,0,2,7,7,0,0,0,47,45,0,2
1997,"BUCHANAN",19019,59,57,0,0,2,8,7,0,0,1,51,50,0,1
1998,"BUCHANAN",19019,71,69,0,0,2,4,2,0,0,2,67,67,0,0
1999,"BUCHANAN",19019,62,61,0,0,1,5,4,0,0,1,57,57,0,0
2000,"BUCHANAN",19019,71,70,0,0,1,3,3,0,0,0,68,67,0,1
2001,"BUCHANAN",19019,73,71,0,0,2,7,5,0,0,2,66,66,0,0
2002,"BUCHANAN",19019,75,74,1,0,0,3,2,1,0,0,72,72,0,0
2003,"BUCHANAN",19019,76,70,0,1,5,3,1,0,1,1,73,69,0,4
1990,"BUENA VISTA",19021,32,32,0,0,0,10,10,0,0,0,22,22,0,0
1991,"BUENA VISTA",19021,36,35,0,0,1,8,7,0,0,1,28,28,0,0
1992,"BUENA VISTA",19021,32,32,0,0,0,5,5,0,0,0,27,27,0,0
1993,"BUENA VISTA",19021,28,28,0,0,0,2,2,0,0,0,26,26,0,0
1994,"BUENA VISTA",19021,38,35,0,2,1,6,3,0,2,1,32,32,0,0
1995,"BUENA VISTA",19021,28,28,0,0,0,3,3,0,0,0,25,25,0,0
1996,"BUENA VISTA",19021,37,35,0,0,2,3,2,0,0,1,34,33,0,1
1997,"BUENA VISTA",19021,48,47,0,0,1,3,2,0,0,1,45,45,0,0
1998,"BUENA VISTA",19021,52,48,0,0,4,1,0,0,0,1,51,48,0,3
1999,"BUENA VISTA",19021,42,42,0,0,0,0,0,0,0,0,42,42,0,0
2000,"BUENA VISTA",19021,32,30,0,0,2,2,2,0,0,0,30,28,0,2
2001,"BUENA VISTA",19021,57,57,0,0,0,3,3,0,0,0,54,54,0,0
2002,"BUENA VISTA",19021,54,51,0,0,3,10,9,0,0,1,44,42,0,2
2003,"BUENA VISTA",19021,36,36,0,0,0,4,4,0,0,0,32,32,0,0
1990,"BUTLER",19023,29,26,1,0,2,12,11,1,0,0,17,15,0,2
1991,"BUTLER",19023,21,20,0,0,1,10,10,0,0,0,11,10,0,1
1992,"BUTLER",19023,36,34,1,0,1,15,14,1,0,0,21,20,0,1
1993,"BUTLER",19023,17,15,0,0,2,4,4,0,0,0,13,11,0,2
1994,"BUTLER",19023,12,12,0,0,0,4,4,0,0,0,8,8,0,0
1995,"BUTLER",19023,25,25,0,0,0,6,6,0,0,0,19,19,0,0
1996,"BUTLER",19023,29,29,0,0,0,4,4,0,0,0,25,25,0,0
1997,"BUTLER",19023,41,41,0,0,0,3,3,0,0,0,38,38,0,0
1998,"BUTLER",19023,41,37,0,0,4,2,0,0,0,2,39,37,0,2
1999,"BUTLER",19023,39,35,0,0,4,1,1,0,0,0,38,34,0,4
2000,"BUTLER",19023,35,33,0,0,2,2,2,0,0,0,33,31,0,2
2001,"BUTLER",19023,53,49,0,0,4,0,0,0,0,0,53,49,0,4
2002,"BUTLER",19023,44,41,0,0,3,0,0,0,0,0,44,41,0,3
2003,"BUTLER",19023,48,45,1,0,2,1,0,1,0,0,47,45,0,2
1990,"CALHOUN",19025,20,19,0,1,0,12,11,0,1,0,8,8,0,0
1991,"CALHOUN",19025,14,14,0,0,0,4,4,0,0,0,10,10,0,0
1992,"CALHOUN",19025,22,21,1,0,0,8,7,1,0,0,14,14,0,0
1993,"CALHOUN",19025,16,16,0,0,0,3,3,0,0,0,13,13,0,0
1994,"CALHOUN",19025,17,16,1,0,0,1,0,1,0,0,16,16,0,0
1995,"CALHOUN",19025,19,19,0,0,0,3,3,0,0,0,16,16,0,0
1996,"CALHOUN",19025,35,34,0,0,1,4,3,0,0,1,31,31,0,0
1997,"CALHOUN",19025,34,34,0,0,0,2,2,0,0,0,32,32,0,0
1998,"CALHOUN",19025,32,32,0,0,0,1,1,0,0,0,31,31,0,0
1999,"CALHOUN",19025,17,17,0,0,0,1,1,0,0,0,16,16,0,0
2000,"CALHOUN",19025,19,19,0,0,0,1,1,0,0,0,18,18,0,0
2001,"CALHOUN",19025,43,43,0,0,0,1,1,0,0,0,42,42,0,0
2002,"CALHOUN",19025,49,49,0,0,0,2,2,0,0,0,47,47,0,0
2003,"CALHOUN",19025,44,44,0,0,0,2,2,0,0,0,42,42,0,0
1990,"CARROLL",19027,18,16,0,0,2,8,7,0,0,1,10,9,0,1
1991,"CARROLL",19027,13,11,0,0,2,5,5,0,0,0,8,6,0,2
1992,"CARROLL",19027,25,24,0,1,0,8,7,0,1,0,17,17,0,0
1993,"CARROLL",19027,35,34,1,0,0,2,1,1,0,0,33,33,0,0
1994,"CARROLL",19027,19,18,1,0,0,4,3,1,0,0,15,15,0,0
1995,"CARROLL",19027,24,24,0,0,0,4,4,0,0,0,20,20,0,0
1996,"CARROLL",19027,33,33,0,0,0,1,1,0,0,0,32,32,0,0
1997,"CARROLL",19027,44,44,0,0,0,6,6,0,0,0,38,38,0,0
1998,"CARROLL",19027,38,37,0,0,1,9,8,0,0,1,29,29,0,0
1999,"CARROLL",19027,32,30,0,2,0,4,2,0,2,0,28,28,0,0
2000,"CARROLL",19027,40,40,0,0,0,1,1,0,0,0,39,39,0,0
2001,"CARROLL",19027,53,52,1,0,0,5,4,1,0,0,48,48,0,0
2002,"CARROLL",19027,50,50,0,0,0,3,3,0,0,0,47,47,0,0
2003,"CARROLL",19027,63,63,0,0,0,1,1,0,0,0,62,62,0,0
1990,"CASS",19029,23,21,0,0,2,2,2,0,0,0,21,19,0,2
1991,"CASS",19029,23,23,0,0,0,5,5,0,0,0,18,18,0,0
1992,"CASS",19029,21,19,0,2,0,4,2,0,2,0,17,17,0,0
1993,"CASS",19029,11,9,1,0,1,3,1,1,0,1,8,8,0,0
1994,"CASS",19029,27,25,0,0,2,3,2,0,0,1,24,23,0,1
1995,"CASS",19029,24,22,0,0,2,1,1,0,0,0,23,21,0,2
1996,"CASS",19029,31,30,0,0,1,2,2,0,0,0,29,28,0,1
1997,"CASS",19029,44,42,0,0,2,2,2,0,0,0,42,40,0,2
1998,"CASS",19029,45,45,0,0,0,2,2,0,0,0,43,43,0,0
1999,"CASS",19029,45,45,0,0,0,1,1,0,0,0,44,44,0,0
2000,"CASS",19029,24,23,0,0,1,1,1,0,0,0,23,22,0,1
2001,"CASS",19029,64,63,0,0,1,2,2,0,0,0,62,61,0,1
2002,"CASS",19029,44,43,0,0,1,2,2,0,0,0,42,41,0,1
2003,"CASS",19029,58,54,0,0,4,4,4,0,0,0,54,50,0,4
1990,"CEDAR",19031,36,30,1,3,2,10,6,1,3,0,26,24,0,2
1991,"CEDAR",19031,28,23,0,1,4,5,3,0,1,1,23,20,0,3
1992,"CEDAR",19031,28,28,0,0,0,3,3,0,0,0,25,25,0,0
1993,"CEDAR",19031,18,16,0,0,2,1,1,0,0,0,17,15,0,2
1994,"CEDAR",19031,15,13,0,0,2,1,0,0,0,1,14,13,0,1
1995,"CEDAR",19031,22,20,0,0,2,3,3,0,0,0,19,17,0,2
1996,"CEDAR",19031,34,29,0,0,5,5,5,0,0,0,29,24,0,5
1997,"CEDAR",19031,48,40,0,0,8,3,2,0,0,1,45,38,0,7
1998,"CEDAR",19031,53,46,0,0,7,1,1,0,0,0,52,45,0,7
1999,"CEDAR",19031,45,40,0,0,5,0,0,0,0,0,45,40,0,5
2000,"CEDAR",19031,39,33,1,0,5,2,0,1,0,1,37,33,0,4
2001,"CEDAR",19031,47,44,0,0,3,1,1,0,0,0,46,43,0,3
2002,"CEDAR",19031,42,40,0,0,2,2,2,0,0,0,40,38,0,2
2003,"CEDAR",19031,52,50,0,0,2,1,1,0,0,0,51,49,0,2
1990,"CERRO GORDO",19033,86,84,0,2,0,11,9,0,2,0,75,75,0,0
1991,"CERRO GORDO",19033,78,74,3,0,1,15,12,3,0,0,63,62,0,1
1992,"CERRO GORDO",19033,84,83,0,0,1,12,12,0,0,0,72,71,0,1
1993,"CERRO GORDO",19033,80,79,1,0,0,5,4,1,0,0,75,75,0,0
1994,"CERRO GORDO",19033,83,77,3,0,3,8,5,3,0,0,75,72,0,3
1995,"CERRO GORDO",19033,92,87,4,0,1,10,6,4,0,0,82,81,0,1
1996,"CERRO GORDO",19033,130,127,0,0,3,2,2,0,0,0,128,125,0,3
1997,"CERRO GORDO",19033,147,144,0,0,3,6,6,0,0,0,141,138,0,3
1998,"CERRO GORDO",19033,122,121,1,0,0,2,1,1,0,0,120,120,0,0
1999,"CERRO GORDO",19033,113,111,1,0,1,2,2,0,0,0,111,109,1,1
2000,"CERRO GORDO",19033,126,124,0,0,2,12,12,0,0,0,114,112,0,2
2001,"CERRO GORDO",19033,158,158,0,0,0,1,1,0,0,0,157,157,0,0
2002,"CERRO GORDO",19033,147,147,0,0,0,5,5,0,0,0,142,142,0,0
2003,"CERRO GORDO",19033,134,133,0,0,1,4,4,0,0,0,130,129,0,1
1990,"CHEROKEE",19035,10,10,0,0,0,4,4,0,0,0,6,6,0,0
1991,"CHEROKEE",19035,23,22,0,0,1,5,4,0,0,1,18,18,0,0
1992,"CHEROKEE",19035,14,12,1,0,1,1,0,1,0,0,13,12,0,1
1993,"CHEROKEE",19035,30,28,0,0,2,2,2,0,0,0,28,26,0,2
1994,"CHEROKEE",19035,17,16,1,0,0,3,2,1,0,0,14,14,0,0
1995,"CHEROKEE",19035,29,29,0,0,0,2,2,0,0,0,27,27,0,0
1996,"CHEROKEE",19035,40,40,0,0,0,0,0,0,0,0,40,40,0,0
1997,"CHEROKEE",19035,34,32,0,0,2,3,3,0,0,0,31,29,0,2
1998,"CHEROKEE",19035,33,31,0,0,2,0,0,0,0,0,33,31,0,2
1999,"CHEROKEE",19035,31,30,0,1,0,1,0,0,1,0,30,30,0,0
2000,"CHEROKEE",19035,26,24,0,0,2,2,1,0,0,1,24,23,0,1
2001,"CHEROKEE",19035,41,41,0,0,0,2,2,0,0,0,39,39,0,0
2002,"CHEROKEE",19035,28,26,1,1,0,4,2,1,1,0,24,24,0,0
2003,"CHEROKEE",19035,39,38,0,0,1,2,2,0,0,0,37,36,0,1
1990,"CHICKASAW",19037,23,17,2,2,2,9,3,2,2,2,14,14,0,0
1991,"CHICKASAW",19037,16,15,1,0,0,5,4,1,0,0,11,11,0,0
1992,"CHICKASAW",19037,12,11,0,0,1,5,4,0,0,1,7,7,0,0
1993,"CHICKASAW",19037,22,20,1,1,0,6,4,1,1,0,16,16,0,0
1994,"CHICKASAW",19037,18,17,0,0,1,4,4,0,0,0,14,13,0,1
1995,"CHICKASAW",19037,12,12,0,0,0,1,1,0,0,0,11,11,0,0
1996,"CHICKASAW",19037,24,24,0,0,0,0,0,0,0,0,24,24,0,0
1997,"CHICKASAW",19037,29,28,1,0,0,2,2,0,0,0,27,26,1,0
1998,"CHICKASAW",19037,25,24,0,0,1,3,2,0,0,1,22,22,0,0
1999,"CHICKASAW",19037,17,16,0,0,1,2,2,0,0,0,15,14,0,1
2000,"CHICKASAW",19037,21,20,0,0,1,0,0,0,0,0,21,20,0,1
2001,"CHICKASAW",19037,34,34,0,0,0,2,2,0,0,0,32,32,0,0
2002,"CHICKASAW",19037,30,29,0,0,1,1,1,0,0,0,29,28,0,1
2003,"CHICKASAW",19037,33,32,0,0,1,0,0,0,0,0,33,32,0,1
1990,"CLARKE",19039,15,15,0,0,0,2,2,0,0,0,13,13,0,0
1991,"CLARKE",19039,18,16,0,0,2,2,2,0,0,0,16,14,0,2
1992,"CLARKE",19039,27,27,0,0,0,2,2,0,0,0,25,25,0,0
1993,"CLARKE",19039,20,19,0,0,1,2,2,0,0,0,18,17,0,1
1994,"CLARKE",19039,16,16,0,0,0,3,3,0,0,0,13,13,0,0
1995,"CLARKE",19039,10,9,0,0,1,1,0,0,0,1,9,9,0,0
1996,"CLARKE",19039,26,25,0,0,1,0,0,0,0,0,26,25,0,1
1997,"CLARKE",19039,31,28,0,0,3,2,1,0,0,1,29,27,0,2
1998,"CLARKE",19039,28,28,0,0,0,0,0,0,0,0,28,28,0,0
1999,"CLARKE",19039,18,18,0,0,0,0,0,0,0,0,18,18,0,0
2000,"CLARKE",19039,21,21,0,0,0,0,0,0,0,0,21,21,0,0
2001,"CLARKE",19039,27,26,0,0,1,0,0,0,0,0,27,26,0,1
2002,"CLARKE",19039,40,38,0,0,2,2,2,0,0,0,38,36,0,2
2003,"CLARKE",19039,44,42,1,0,1,1,0,1,0,0,43,42,0,1
1990,"CLAY",19041,22,20,0,0,2,11,10,0,0,1,11,10,0,1
1991,"CLAY",19041,26,24,1,0,1,7,6,1,0,0,19,18,0,1
1992,"CLAY",19041,18,17,0,0,1,2,1,0,0,1,16,16,0,0
1993,"CLAY",19041,33,32,0,0,1,6,6,0,0,0,27,26,0,1
1994,"CLAY",19041,22,21,0,1,0,1,0,0,1,0,21,21,0,0
1995,"CLAY",19041,24,24,0,0,0,1,1,0,0,0,23,23,0,0
1996,"CLAY",19041,36,36,0,0,0,7,7,0,0,0,29,29,0,0
1997,"CLAY",19041,45,43,1,0,1,3,1,1,0,1,42,42,0,0
1998,"CLAY",19041,52,51,0,0,1,5,5,0,0,0,47,46,0,1
1999,"CLAY",19041,46,44,0,0,2,0,0,0,0,0,46,44,0,2
2000,"CLAY",19041,47,47,0,0,0,2,2,0,0,0,45,45,0,0
2001,"CLAY",19041,45,43,1,0,1,3,2,1,0,0,42,41,0,1
2002,"CLAY",19041,61,59,0,0,2,1,1,0,0,0,60,58,0,2
2003,"CLAY",19041,50,48,0,0,2,2,1,0,0,1,48,47,0,1
1990,"CLAYTON",19043,19,17,0,1,1,6,5,0,1,0,13,12,0,1
1991,"CLAYTON",19043,21,21,0,0,0,9,9,0,0,0,12,12,0,0
1992,"CLAYTON",19043,28,26,0,0,2,9,9,0,0,0,19,17,0,2
1993,"CLAYTON",19043,15,14,0,0,1,5,5,0,0,0,10,9,0,1
1994,"CLAYTON",19043,15,15,0,0,0,3,3,0,0,0,12,12,0,0
1995,"CLAYTON",19043,28,27,0,0,1,8,7,0,0,1,20,20,0,0
1996,"CLAYTON",19043,46,42,0,2,2,13,10,0,2,1,33,32,0,1
1997,"CLAYTON",19043,34,33,0,0,1,5,5,0,0,0,29,28,0,1
1998,"CLAYTON",19043,43,41,0,1,1,6,4,0,1,1,37,37,0,0
1999,"CLAYTON",19043,40,40,0,0,0,2,2,0,0,0,38,38,0,0
2000,"CLAYTON",19043,30,26,4,0,0,8,4,4,0,0,22,22,0,0
2001,"CLAYTON",19043,55,52,0,0,3,6,6,0,0,0,49,46,0,3
2002,"CLAYTON",19043,57,55,0,0,2,4,4,0,0,0,53,51,0,2
2003,"CLAYTON",19043,42,40,1,0,1,4,3,1,0,0,38,37,0,1
1990,"CLINTON",19045,128,107,1,0,20,13,12,0,0,1,115,95,1,19
1991,"CLINTON",19045,142,108,0,0,34,2,2,0,0,0,140,106,0,34
1992,"CLINTON",19045,138,110,1,0,27,11,7,1,0,3,127,103,0,24
1993,"CLINTON",19045,143,114,0,1,28,12,10,0,1,1,131,104,0,27
1994,"CLINTON",19045,146,104,0,0,42,9,7,0,0,2,137,97,0,40
1995,"CLINTON",19045,191,152,0,0,39,7,6,0,0,1,184,146,0,38
1996,"CLINTON",19045,194,162,0,0,32,10,9,0,0,1,184,153,0,31
1997,"CLINTON",19045,210,164,4,0,42,10,6,4,0,0,200,158,0,42
1998,"CLINTON",19045,246,205,1,1,39,3,1,1,1,0,243,204,0,39
1999,"CLINTON",19045,177,149,0,0,28,3,1,0,0,2,174,148,0,26
2000,"CLINTON",19045,189,156,0,0,33,1,1,0,0,0,188,155,0,33
2001,"CLINTON",19045,227,202,0,0,25,0,0,0,0,0,227,202,0,25
2002,"CLINTON",19045,241,220,0,0,21,5,5,0,0,0,236,215,0,21
2003,"CLINTON",19045,241,217,0,0,24,4,2,0,0,2,237,215,0,22
1990,"CRAWFORD",19047,31,29,0,1,1,6,5,0,1,0,25,24,0,1
1991,"CRAWFORD",19047,30,28,0,0,2,7,7,0,0,0,23,21,0,2
1992,"CRAWFORD",19047,29,27,0,1,1,7,5,0,1,1,22,22,0,0
1993,"CRAWFORD",19047,20,18,1,0,1,5,4,1,0,0,15,14,0,1
1994,"CRAWFORD",19047,28,28,0,0,0,4,4,0,0,0,24,24,0,0
1995,"CRAWFORD",19047,37,32,0,1,4,5,3,0,1,1,32,29,0,3
1996,"CRAWFORD",19047,40,37,0,2,1,5,2,0,2,1,35,35,0,0
1997,"CRAWFORD",19047,51,49,0,0,2,2,2,0,0,0,49,47,0,2
1998,"CRAWFORD",19047,42,40,0,0,2,2,2,0,0,0,40,38,0,2
1999,"CRAWFORD",19047,26,26,0,0,0,1,1,0,0,0,25,25,0,0
2000,"CRAWFORD",19047,29,26,0,0,3,1,0,0,0,1,28,26,0,2
2001,"CRAWFORD",19047,27,27,0,0,0,2,2,0,0,0,25,25,0,0
2002,"CRAWFORD",19047,38,36,0,0,2,3,2,0,0,1,35,34,0,1
2003,"CRAWFORD",19047,46,45,0,0,1,2,2,0,0,0,44,43,0,1
1990,"DALLAS",19049,61,59,0,0,2,9,9,0,0,0,52,50,0,2
1991,"DALLAS",19049,75,71,0,1,3,7,6,0,1,0,68,65,0,3
1992,"DALLAS",19049,84,81,0,0,3,10,10,0,0,0,74,71,0,3
1993,"DALLAS",19049,54,51,0,0,3,7,7,0,0,0,47,44,0,3
1994,"DALLAS",19049,51,47,0,0,4,4,4,0,0,0,47,43,0,4
1995,"DALLAS",19049,74,68,0,0,6,8,6,0,0,2,66,62,0,4
1996,"DALLAS",19049,92,89,0,0,3,6,6,0,0,0,86,83,0,3
1997,"DALLAS",19049,120,114,0,0,6,4,4,0,0,0,116,110,0,6
1998,"DALLAS",19049,121,114,0,0,7,5,3,0,0,2,116,111,0,5
1999,"DALLAS",19049,106,97,1,0,8,2,1,1,0,0,104,96,0,8
2000,"DALLAS",19049,106,94,0,0,12,1,1,0,0,0,105,93,0,12
2001,"DALLAS",19049,149,140,0,0,9,3,3,0,0,0,146,137,0,9
2002,"DALLAS",19049,151,142,0,0,9,2,2,0,0,0,149,140,0,9
2003,"DALLAS",19049,154,147,0,0,7,3,2,0,0,1,151,145,0,6
1990,"DAVIS",19051,22,19,0,0,3,2,2,0,0,0,20,17,0,3
1991,"DAVIS",19051,10,8,0,0,2,0,0,0,0,0,10,8,0,2
1992,"DAVIS",19051,12,10,0,0,2,0,0,0,0,0,12,10,0,2
1993,"DAVIS",19051,11,6,0,0,5,0,0,0,0,0,11,6,0,5
1994,"DAVIS",19051,9,7,0,0,2,1,1,0,0,0,8,6,0,2
1995,"DAVIS",19051,13,9,0,0,4,0,0,0,0,0,13,9,0,4
1996,"DAVIS",19051,20,16,0,0,4,2,2,0,0,0,18,14,0,4
1997,"DAVIS",19051,25,21,0,0,4,3,2,0,0,1,22,19,0,3
1998,"DAVIS",19051,15,11,0,1,3,1,0,0,1,0,14,11,0,3
1999,"DAVIS",19051,20,15,0,0,5,0,0,0,0,0,20,15,0,5
2000,"DAVIS",19051,25,21,0,0,4,0,0,0,0,0,25,21,0,4
2001,"DAVIS",19051,38,37,1,0,0,2,1,1,0,0,36,36,0,0
2002,"DAVIS",19051,36,34,0,0,2,1,1,0,0,0,35,33,0,2
2003,"DAVIS",19051,30,30,0,0,0,1,1,0,0,0,29,29,0,0
1990,"DECATUR",19053,14,14,0,0,0,3,3,0,0,0,11,11,0,0
1991,"DECATUR",19053,13,11,1,0,1,1,0,1,0,0,12,11,0,1
1992,"DECATUR",19053,13,13,0,0,0,1,1,0,0,0,12,12,0,0
1993,"DECATUR",19053,7,6,0,1,0,1,0,0,1,0,6,6,0,0
1994,"DECATUR",19053,13,11,1,1,0,6,4,1,1,0,7,7,0,0
1995,"DECATUR",19053,13,12,0,0,1,3,2,0,0,1,10,10,0,0
1996,"DECATUR",19053,23,22,0,0,1,2,2,0,0,0,21,20,0,1
1997,"DECATUR",19053,23,22,0,0,1,2,1,0,0,1,21,21,0,0
1998,"DECATUR",19053,20,18,0,0,2,1,0,0,0,1,19,18,0,1
1999,"DECATUR",19053,13,13,0,0,0,0,0,0,0,0,13,13,0,0
2000,"DECATUR",19053,19,19,0,0,0,0,0,0,0,0,19,19,0,0
2001,"DECATUR",19053,26,24,2,0,0,2,0,2,0,0,24,24,0,0
2002,"DECATUR",19053,33,32,1,0,0,2,1,1,0,0,31,31,0,0
2003,"DECATUR",19053,23,22,0,0,1,0,0,0,0,0,23,22,0,1
1990,"DELAWARE",19055,13,12,0,0,1,7,6,0,0,1,6,6,0,0
1991,"DELAWARE",19055,27,26,0,0,1,7,7,0,0,0,20,19,0,1
1992,"DELAWARE",19055,18,18,0,0,0,3,3,0,0,0,15,15,0,0
1993,"DELAWARE",19055,12,12,0,0,0,2,2,0,0,0,10,10,0,0
1994,"DELAWARE",19055,16,15,0,0,1,3,2,0,0,1,13,13,0,0
1995,"DELAWARE",19055,29,26,0,0,3,9,7,0,0,2,20,19,0,1
1996,"DELAWARE",19055,38,36,0,0,2,7,7,0,0,0,31,29,0,2
1997,"DELAWARE",19055,37,34,0,0,3,8,7,0,0,1,29,27,0,2
1998,"DELAWARE",19055,32,31,1,0,0,6,5,1,0,0,26,26,0,0
1999,"DELAWARE",19055,34,33,0,0,1,3,3,0,0,0,31,30,0,1
2000,"DELAWARE",19055,26,25,0,0,1,3,3,0,0,0,23,22,0,1
2001,"DELAWARE",19055,54,53,0,0,1,6,6,0,0,0,48,47,0,1
2002,"DELAWARE",19055,49,49,0,0,0,4,4,0,0,0,45,45,0,0
2003,"DELAWARE",19055,60,57,1,0,2,6,6,0,0,0,54,51,1,2
1990,"DES MOINES",19057,126,121,0,0,5,6,6,0,0,0,120,115,0,5
1991,"DES MOINES",19057,137,132,0,0,5,4,4,0,0,0,133,128,0,5
1992,"DES MOINES",19057,139,132,0,0,7,6,6,0,0,0,133,126,0,7
1993,"DES MOINES",19057,143,132,1,0,10,6,4,1,0,1,137,128,0,9
1994,"DES MOINES",19057,133,123,0,0,10,8,8,0,0,0,125,115,0,10
1995,"DES MOINES",19057,189,179,2,0,8,4,3,1,0,0,185,176,1,8
1996,"DES MOINES",19057,229,223,1,0,5,7,6,1,0,0,222,217,0,5
1997,"DES MOINES",19057,233,229,0,0,4,6,4,0,0,2,227,225,0,2
1998,"DES MOINES",19057,249,241,0,0,8,0,0,0,0,0,249,241,0,8
1999,"DES MOINES",19057,231,228,0,0,3,3,3,0,0,0,228,225,0,3
2000,"DES MOINES",19057,204,203,0,0,1,1,1,0,0,0,203,202,0,1
2001,"DES MOINES",19057,317,312,0,0,5,2,2,0,0,0,315,310,0,5
2002,"DES MOINES",19057,335,330,0,0,5,3,3,0,0,0,332,327,0,5
2003,"DES MOINES",19057,319,318,0,0,1,1,1,0,0,0,318,317,0,1
1990,"DICKINSON",19059,18,17,1,0,0,7,6,1,0,0,11,11,0,0
1991,"DICKINSON",19059,17,17,0,0,0,4,4,0,0,0,13,13,0,0
1992,"DICKINSON",19059,31,29,1,0,1,10,8,1,0,1,21,21,0,0
1993,"DICKINSON",19059,31,30,1,0,0,5,4,1,0,0,26,26,0,0
1994,"DICKINSON",19059,29,27,0,0,2,5,4,0,0,1,24,23,0,1
1995,"DICKINSON",19059,24,24,0,0,0,4,4,0,0,0,20,20,0,0
1996,"DICKINSON",19059,35,34,0,0,1,2,2,0,0,0,33,32,0,1
1997,"DICKINSON",19059,54,52,0,1,1,4,3,0,1,0,50,49,0,1
1998,"DICKINSON",19059,50,48,0,1,1,3,2,0,1,0,47,46,0,1
1999,"DICKINSON",19059,35,34,0,0,1,0,0,0,0,0,35,34,0,1
2000,"DICKINSON",19059,39,39,0,0,0,3,3,0,0,0,36,36,0,0
2001,"DICKINSON",19059,38,36,0,0,2,3,3,0,0,0,35,33,0,2
2002,"DICKINSON",19059,52,50,1,0,1,6,5,1,0,0,46,45,0,1
2003,"DICKINSON",19059,58,58,0,0,0,4,4,0,0,0,54,54,0,0
1990,"DUBUQUE",19061,133,120,4,0,9,36,29,4,0,3,97,91,0,6
1991,"DUBUQUE",19061,119,113,0,0,6,25,21,0,0,4,94,92,0,2
1992,"DUBUQUE",19061,130,124,1,0,5,15,13,1,0,1,115,111,0,4
1993,"DUBUQUE",19061,129,120,2,2,5,21,14,2,2,3,108,106,0,2
1994,"DUBUQUE",19061,114,108,0,1,5,11,9,0,1,1,103,99,0,4
1995,"DUBUQUE",19061,159,141,1,0,17,13,11,1,0,1,146,130,0,16
1996,"DUBUQUE",19061,163,152,0,1,10,9,8,0,1,0,154,144,0,10
1997,"DUBUQUE",19061,221,209,0,0,12,14,12,0,0,2,207,197,0,10
1998,"DUBUQUE",19061,216,205,1,0,10,12,10,1,0,1,204,195,0,9
1999,"DUBUQUE",19061,207,203,0,1,3,7,6,0,1,0,200,197,0,3
2000,"DUBUQUE",19061,203,192,4,0,7,8,5,3,0,0,195,187,1,7
2001,"DUBUQUE",19061,229,220,3,0,6,7,3,3,0,1,222,217,0,5
2002,"DUBUQUE",19061,303,292,0,1,10,6,4,0,1,1,297,288,0,9
2003,"DUBUQUE",19061,325,318,1,0,6,7,5,1,0,1,318,313,0,5
1990,"EMMET",19063,16,16,0,0,0,6,6,0,0,0,10,10,0,0
1991,"EMMET",19063,9,8,1,0,0,3,2,1,0,0,6,6,0,0
1992,"EMMET",19063,24,23,0,0,1,4,4,0,0,0,20,19,0,1
1993,"EMMET",19063,20,20,0,0,0,2,2,0,0,0,18,18,0,0
1994,"EMMET",19063,20,20,0,0,0,3,3,0,0,0,17,17,0,0
1995,"EMMET",19063,26,26,0,0,0,7,7,0,0,0,19,19,0,0
1996,"EMMET",19063,28,27,0,0,1,5,4,0,0,1,23,23,0,0
1997,"EMMET",19063,36,36,0,0,0,1,1,0,0,0,35,35,0,0
1998,"EMMET",19063,23,23,0,0,0,0,0,0,0,0,23,23,0,0
1999,"EMMET",19063,22,22,0,0,0,0,0,0,0,0,22,22,0,0
2000,"EMMET",19063,23,22,0,0,1,1,1,0,0,0,22,21,0,1
2001,"EMMET",19063,39,39,0,0,0,1,1,0,0,0,38,38,0,0
2002,"EMMET",19063,31,31,0,0,0,0,0,0,0,0,31,31,0,0
2003,"EMMET",19063,41,40,0,1,0,1,0,0,1,0,40,40,0,0
1990,"FAYETTE",19065,17,17,0,0,0,2,2,0,0,0,15,15,0,0
1991,"FAYETTE",19065,21,21,0,0,0,10,10,0,0,0,11,11,0,0
1992,"FAYETTE",19065,27,26,0,1,0,6,5,0,1,0,21,21,0,0
1993,"FAYETTE",19065,23,21,1,0,1,5,3,1,0,1,18,18,0,0
1994,"FAYETTE",19065,23,23,0,0,0,5,5,0,0,0,18,18,0,0
1995,"FAYETTE",19065,35,31,1,2,1,6,2,1,2,1,29,29,0,0
1996,"FAYETTE",19065,26,22,0,1,3,5,3,0,1,1,21,19,0,2
1997,"FAYETTE",19065,58,57,0,0,1,4,4,0,0,0,54,53,0,1
1998,"FAYETTE",19065,46,43,0,0,3,7,6,0,0,1,39,37,0,2
1999,"FAYETTE",19065,54,51,0,2,1,4,2,0,2,0,50,49,0,1
2000,"FAYETTE",19065,59,56,2,0,1,8,7,1,0,0,51,49,1,1
2001,"FAYETTE",19065,69,69,0,0,0,8,8,0,0,0,61,61,0,0
2002,"FAYETTE",19065,69,69,0,0,0,8,8,0,0,0,61,61,0,0
2003,"FAYETTE",19065,56,53,3,0,0,6,3,3,0,0,50,50,0,0
1990,"FLOYD",19067,34,32,2,0,0,12,10,2,0,0,22,22,0,0
1991,"FLOYD",19067,31,30,1,0,0,12,11,1,0,0,19,19,0,0
1992,"FLOYD",19067,20,20,0,0,0,2,2,0,0,0,18,18,0,0
1993,"FLOYD",19067,25,25,0,0,0,2,2,0,0,0,23,23,0,0
1994,"FLOYD",19067,21,21,0,0,0,4,4,0,0,0,17,17,0,0
1995,"FLOYD",19067,26,23,0,0,3,4,2,0,0,2,22,21,0,1
1996,"FLOYD",19067,39,39,0,0,0,4,4,0,0,0,35,35,0,0
1997,"FLOYD",19067,47,46,0,0,1,1,1,0,0,0,46,45,0,1
1998,"FLOYD",19067,58,58,0,0,0,3,3,0,0,0,55,55,0,0
1999,"FLOYD",19067,25,25,0,0,0,1,1,0,0,0,24,24,0,0
2000,"FLOYD",19067,28,28,0,0,0,1,1,0,0,0,27,27,0,0
2001,"FLOYD",19067,58,58,0,0,0,1,1,0,0,0,57,57,0,0
2002,"FLOYD",19067,45,45,0,0,0,1,1,0,0,0,44,44,0,0
2003,"FLOYD",19067,63,63,0,0,0,3,3,0,0,0,60,60,0,0
1990,"FRANKLIN",19069,15,13,2,0,0,5,3,2,0,0,10,10,0,0
1991,"FRANKLIN",19069,21,19,1,1,0,5,3,1,1,0,16,16,0,0
1992,"FRANKLIN",19069,15,15,0,0,0,2,2,0,0,0,13,13,0,0
1993,"FRANKLIN",19069,19,19,0,0,0,4,4,0,0,0,15,15,0,0
1994,"FRANKLIN",19069,19,18,0,0,1,3,3,0,0,0,16,15,0,1
1995,"FRANKLIN",19069,18,17,0,1,0,1,0,0,1,0,17,17,0,0
1996,"FRANKLIN",19069,21,21,0,0,0,3,3,0,0,0,18,18,0,0
1997,"FRANKLIN",19069,13,12,0,0,1,3,3,0,0,0,10,9,0,1
1998,"FRANKLIN",19069,23,23,0,0,0,2,2,0,0,0,21,21,0,0
1999,"FRANKLIN",19069,19,19,0,0,0,0,0,0,0,0,19,19,0,0
2000,"FRANKLIN",19069,22,22,0,0,0,2,2,0,0,0,20,20,0,0
2001,"FRANKLIN",19069,46,46,0,0,0,1,1,0,0,0,45,45,0,0
2002,"FRANKLIN",19069,35,34,0,0,1,1,1,0,0,0,34,33,0,1
2003,"FRANKLIN",19069,29,29,0,0,0,1,1,0,0,0,28,28,0,0
1990,"FREMONT",19071,13,12,0,0,1,6,5,0,0,1,7,7,0,0
1991,"FREMONT",19071,22,19,0,0,3,2,2,0,0,0,20,17,0,3
1992,"FREMONT",19071,17,17,0,0,0,3,3,0,0,0,14,14,0,0
1993,"FREMONT",19071,15,14,0,0,1,1,1,0,0,0,14,13,0,1
1994,"FREMONT",19071,11,10,0,0,1,0,0,0,0,0,11,10,0,1
1995,"FREMONT",19071,15,14,0,0,1,1,1,0,0,0,14,13,0,1
1996,"FREMONT",19071,21,19,0,0,2,1,1,0,0,0,20,18,0,2
1997,"FREMONT",19071,36,33,0,0,3,1,1,0,0,0,35,32,0,3
1998,"FREMONT",19071,26,26,0,0,0,0,0,0,0,0,26,26,0,0
1999,"FREMONT",19071,25,23,0,0,2,0,0,0,0,0,25,23,0,2
2000,"FREMONT",19071,25,23,0,0,2,0,0,0,0,0,25,23,0,2
2001,"FREMONT",19071,33,33,0,0,0,1,1,0,0,0,32,32,0,0
2002,"FREMONT",19071,26,26,0,0,0,1,1,0,0,0,25,25,0,0
2003,"FREMONT",19071,42,40,0,0,2,1,1,0,0,0,41,39,0,2
1990,"GREENE",19073,22,19,1,0,2,6,4,1,0,1,16,15,0,1
1991,"GREENE",19073,18,18,0,0,0,1,1,0,0,0,17,17,0,0
1992,"GREENE",19073,25,25,0,0,0,4,4,0,0,0,21,21,0,0
1993,"GREENE",19073,10,10,0,0,0,0,0,0,0,0,10,10,0,0
1994,"GREENE",19073,14,14,0,0,0,3,3,0,0,0,11,11,0,0
1995,"GREENE",19073,20,20,0,0,0,1,1,0,0,0,19,19,0,0
1996,"GREENE",19073,16,16,0,0,0,3,3,0,0,0,13,13,0,0
1997,"GREENE",19073,25,25,0,0,0,2,2,0,0,0,23,23,0,0
1998,"GREENE",19073,30,30,0,0,0,0,0,0,0,0,30,30,0,0
1999,"GREENE",19073,19,19,0,0,0,0,0,0,0,0,19,19,0,0
2000,"GREENE",19073,24,24,0,0,0,1,1,0,0,0,23,23,0,0
2001,"GREENE",19073,43,42,0,0,1,1,1,0,0,0,42,41,0,1
2002,"GREENE",19073,48,46,0,0,2,3,3,0,0,0,45,43,0,2
2003,"GREENE",19073,55,54,0,0,1,1,1,0,0,0,54,53,0,1
1990,"GRUNDY",19075,6,6,0,0,0,2,2,0,0,0,4,4,0,0
1991,"GRUNDY",19075,11,10,0,1,0,5,4,0,1,0,6,6,0,0
1992,"GRUNDY",19075,10,10,0,0,0,3,3,0,0,0,7,7,0,0
1993,"GRUNDY",19075,13,9,4,0,0,4,0,4,0,0,9,9,0,0
1994,"GRUNDY",19075,11,11,0,0,0,1,1,0,0,0,10,10,0,0
1995,"GRUNDY",19075,26,25,1,0,0,5,4,1,0,0,21,21,0,0
1996,"GRUNDY",19075,18,18,0,0,0,0,0,0,0,0,18,18,0,0
1997,"GRUNDY",19075,23,23,0,0,0,1,1,0,0,0,22,22,0,0
1998,"GRUNDY",19075,26,23,0,0,3,2,2,0,0,0,24,21,0,3
1999,"GRUNDY",19075,14,14,0,0,0,3,3,0,0,0,11,11,0,0
2000,"GRUNDY",19075,19,19,0,0,0,0,0,0,0,0,19,19,0,0
2001,"GRUNDY",19075,15,13,0,0,2,1,1,0,0,0,14,12,0,2
2002,"GRUNDY",19075,31,29,0,0,2,4,4,0,0,0,27,25,0,2
2003,"GRUNDY",19075,28,28,0,0,0,1,1,0,0,0,27,27,0,0
1990,"GUTHRIE",19077,17,17,0,0,0,4,4,0,0,0,13,13,0,0
1991,"GUTHRIE",19077,21,18,1,0,2,1,0,1,0,0,20,18,0,2
1992,"GUTHRIE",19077,18,18,0,0,0,1,1,0,0,0,17,17,0,0
1993,"GUTHRIE",19077,24,22,1,0,1,5,4,1,0,0,19,18,0,1
1994,"GUTHRIE",19077,21,19,1,0,1,3,2,1,0,0,18,17,0,1
1995,"GUTHRIE",19077,20,20,0,0,0,2,2,0,0,0,18,18,0,0
1996,"GUTHRIE",19077,28,27,0,0,1,2,1,0,0,1,26,26,0,0
1997,"GUTHRIE",19077,15,15,0,0,0,0,0,0,0,0,15,15,0,0
1998,"GUTHRIE",19077,36,34,0,0,2,0,0,0,0,0,36,34,0,2
1999,"GUTHRIE",19077,27,27,0,0,0,0,0,0,0,0,27,27,0,0
2000,"GUTHRIE",19077,25,23,0,0,2,0,0,0,0,0,25,23,0,2
2001,"GUTHRIE",19077,36,35,0,0,1,0,0,0,0,0,36,35,0,1
2002,"GUTHRIE",19077,42,41,0,0,1,1,1,0,0,0,41,40,0,1
2003,"GUTHRIE",19077,60,60,0,0,0,0,0,0,0,0,60,60,0,0
1990,"HAMILTON",19079,30,28,0,2,0,10,8,0,2,0,20,20,0,0
1991,"HAMILTON",19079,28,28,0,0,0,11,11,0,0,0,17,17,0,0
1992,"HAMILTON",19079,32,32,0,0,0,4,4,0,0,0,28,28,0,0
1993,"HAMILTON",19079,30,30,0,0,0,0,0,0,0,0,30,30,0,0
1994,"HAMILTON",19079,29,29,0,0,0,3,3,0,0,0,26,26,0,0
1995,"HAMILTON",19079,33,31,0,1,1,2,1,0,1,0,31,30,0,1
1996,"HAMILTON",19079,42,42,0,0,0,3,3,0,0,0,39,39,0,0
1997,"HAMILTON",19079,45,42,1,0,2,4,3,1,0,0,41,39,0,2
1998,"HAMILTON",19079,36,34,2,0,0,2,0,2,0,0,34,34,0,0
1999,"HAMILTON",19079,33,33,0,0,0,1,1,0,0,0,32,32,0,0
2000,"HAMILTON",19079,27,26,1,0,0,2,1,1,0,0,25,25,0,0
2001,"HAMILTON",19079,44,43,0,0,1,0,0,0,0,0,44,43,0,1
2002,"HAMILTON",19079,48,47,0,0,1,1,1,0,0,0,47,46,0,1
2003,"HAMILTON",19079,63,62,0,1,0,2,1,0,1,0,61,61,0,0
1990,"HANCOCK",19081,26,23,1,1,1,7,4,1,1,1,19,19,0,0
1991,"HANCOCK",19081,27,27,0,0,0,2,2,0,0,0,25,25,0,0
1992,"HANCOCK",19081,23,22,1,0,0,12,11,1,0,0,11,11,0,0
1993,"HANCOCK",19081,16,16,0,0,0,3,3,0,0,0,13,13,0,0
1994,"HANCOCK",19081,15,14,1,0,0,4,3,1,0,0,11,11,0,0
1995,"HANCOCK",19081,22,21,0,0,1,3,3,0,0,0,19,18,0,1
1996,"HANCOCK",19081,39,39,0,0,0,3,3,0,0,0,36,36,0,0
1997,"HANCOCK",19081,26,26,0,0,0,0,0,0,0,0,26,26,0,0
1998,"HANCOCK",19081,16,16,0,0,0,1,1,0,0,0,15,15,0,0
1999,"HANCOCK",19081,19,19,0,0,0,2,2,0,0,0,17,17,0,0
2000,"HANCOCK",19081,15,14,0,0,1,1,0,0,0,1,14,14,0,0
2001,"HANCOCK",19081,22,22,0,0,0,0,0,0,0,0,22,22,0,0
2002,"HANCOCK",19081,27,27,0,0,0,2,2,0,0,0,25,25,0,0
2003,"HANCOCK",19081,31,30,0,0,1,2,1,0,0,1,29,29,0,0
1990,"HARDIN",19083,31,29,0,2,0,12,10,0,2,0,19,19,0,0
1991,"HARDIN",19083,27,26,0,0,1,13,13,0,0,0,14,13,0,1
1992,"HARDIN",19083,29,27,0,0,2,10,10,0,0,0,19,17,0,2
1993,"HARDIN",19083,24,20,2,2,0,9,5,2,2,0,15,15,0,0
1994,"HARDIN",19083,33,33,0,0,0,6,6,0,0,0,27,27,0,0
1995,"HARDIN",19083,40,40,0,0,0,8,8,0,0,0,32,32,0,0
1996,"HARDIN",19083,46,44,2,0,0,6,4,2,0,0,40,40,0,0
1997,"HARDIN",19083,41,39,0,0,2,4,3,0,0,1,37,36,0,1
1998,"HARDIN",19083,45,42,0,0,3,5,3,0,0,2,40,39,0,1
1999,"HARDIN",19083,50,47,0,0,3,3,3,0,0,0,47,44,0,3
2000,"HARDIN",19083,45,44,0,0,1,1,0,0,0,1,44,44,0,0
2001,"HARDIN",19083,65,64,0,0,1,0,0,0,0,0,65,64,0,1
2002,"HARDIN",19083,67,66,0,0,1,5,5,0,0,0,62,61,0,1
2003,"HARDIN",19083,78,78,0,0,0,2,2,0,0,0,76,76,0,0
1990,"HARRISON",19085,46,43,0,1,2,6,5,0,1,0,40,38,0,2
1991,"HARRISON",19085,30,25,0,1,4,6,4,0,1,1,24,21,0,3
1992,"HARRISON",19085,28,26,0,0,2,2,2,0,0,0,26,24,0,2
1993,"HARRISON",19085,23,22,0,0,1,2,2,0,0,0,21,20,0,1
1994,"HARRISON",19085,33,33,0,0,0,4,4,0,0,0,29,29,0,0
1995,"HARRISON",19085,37,34,0,0,3,5,5,0,0,0,32,29,0,3
1996,"HARRISON",19085,50,48,0,0,2,2,2,0,0,0,48,46,0,2
1997,"HARRISON",19085,56,51,0,0,5,4,4,0,0,0,52,47,0,5
1998,"HARRISON",19085,57,52,0,0,5,2,2,0,0,0,55,50,0,5
1999,"HARRISON",19085,44,43,0,0,1,2,2,0,0,0,42,41,0,1
2000,"HARRISON",19085,56,52,0,0,4,0,0,0,0,0,56,52,0,4
2001,"HARRISON",19085,56,51,0,0,5,2,2,0,0,0,54,49,0,5
2002,"HARRISON",19085,58,51,0,1,6,2,1,0,1,0,56,50,0,6
2003,"HARRISON",19085,60,56,0,0,4,1,1,0,0,0,59,55,0,4
1990,"HENRY",19087,53,51,0,0,2,5,4,0,0,1,48,47,0,1
1991,"HENRY",19087,45,45,0,0,0,3,3,0,0,0,42,42,0,0
1992,"HENRY",19087,53,47,0,0,6,1,1,0,0,0,52,46,0,6
1993,"HENRY",19087,47,42,0,1,4,2,1,0,1,0,45,41,0,4
1994,"HENRY",19087,49,46,1,0,2,3,2,1,0,0,46,44,0,2
1995,"HENRY",19087,58,57,0,0,1,2,2,0,0,0,56,55,0,1
1996,"HENRY",19087,65,59,0,0,6,2,1,0,0,1,63,58,0,5
1997,"HENRY",19087,91,88,0,0,3,4,4,0,0,0,87,84,0,3
1998,"HENRY",19087,100,99,0,0,1,2,2,0,0,0,98,97,0,1
1999,"HENRY",19087,71,67,3,0,1,4,1,3,0,0,67,66,0,1
2000,"HENRY",19087,84,83,0,0,1,1,1,0,0,0,83,82,0,1
2001,"HENRY",19087,94,93,0,0,1,2,2,0,0,0,92,91,0,1
2002,"HENRY",19087,118,114,2,0,2,3,1,2,0,0,115,113,0,2
2003,"HENRY",19087,100,96,1,0,3,2,1,1,0,0,98,95,0,3
1990,"HOWARD",19089,8,8,0,0,0,3,3,0,0,0,5,5,0,0
1991,"HOWARD",19089,8,7,1,0,0,4,3,1,0,0,4,4,0,0
1992,"HOWARD",19089,17,15,2,0,0,11,9,2,0,0,6,6,0,0
1993,"HOWARD",19089,10,10,0,0,0,1,1,0,0,0,9,9,0,0
1994,"HOWARD",19089,5,5,0,0,0,2,2,0,0,0,3,3,0,0
1995,"HOWARD",19089,12,12,0,0,0,2,2,0,0,0,10,10,0,0
1996,"HOWARD",19089,17,17,0,0,0,1,1,0,0,0,16,16,0,0
1997,"HOWARD",19089,20,20,0,0,0,3,3,0,0,0,17,17,0,0
1998,"HOWARD",19089,6,6,0,0,0,0,0,0,0,0,6,6,0,0
1999,"HOWARD",19089,19,18,0,1,0,2,1,0,1,0,17,17,0,0
2000,"HOWARD",19089,13,13,0,0,0,0,0,0,0,0,13,13,0,0
2001,"HOWARD",19089,23,23,0,0,0,0,0,0,0,0,23,23,0,0
2002,"HOWARD",19089,20,19,0,0,1,0,0,0,0,0,20,19,0,1
2003,"HOWARD",19089,19,19,0,0,0,0,0,0,0,0,19,19,0,0
1990,"HUMBOLDT",19091,16,15,0,1,0,7,6,0,1,0,9,9,0,0
1991,"HUMBOLDT",19091,17,16,0,1,0,3,2,0,1,0,14,14,0,0
1992,"HUMBOLDT",19091,22,20,1,0,1,3,2,1,0,0,19,18,0,1
1993,"HUMBOLDT",19091,21,20,0,0,1,3,3,0,0,0,18,17,0,1
1994,"HUMBOLDT",19091,10,10,0,0,0,2,2,0,0,0,8,8,0,0
1995,"HUMBOLDT",19091,25,25,0,0,0,4,4,0,0,0,21,21,0,0
1996,"HUMBOLDT",19091,28,27,0,1,0,1,0,0,1,0,27,27,0,0
1997,"HUMBOLDT",19091,34,34,0,0,0,3,3,0,0,0,31,31,0,0
1998,"HUMBOLDT",19091,37,37,0,0,0,1,1,0,0,0,36,36,0,0
1999,"HUMBOLDT",19091,24,24,0,0,0,0,0,0,0,0,24,24,0,0
2000,"HUMBOLDT",19091,24,22,0,0,2,0,0,0,0,0,24,22,0,2
2001,"HUMBOLDT",19091,52,51,0,0,1,4,4,0,0,0,48,47,0,1
2002,"HUMBOLDT",19091,46,43,1,0,2,3,2,1,0,0,43,41,0,2
2003,"HUMBOLDT",19091,38,37,0,0,1,1,1,0,0,0,37,36,0,1
1990,"IDA",19093,10,8,0,0,2,5,3,0,0,2,5,5,0,0
1991,"IDA",19093,6,6,0,0,0,1,1,0,0,0,5,5,0,0
1992,"IDA",19093,7,6,0,0,1,1,0,0,0,1,6,6,0,0
1993,"IDA",19093,9,8,0,0,1,1,0,0,0,1,8,8,0,0
1994,"IDA",19093,7,7,0,0,0,1,1,0,0,0,6,6,0,0
1995,"IDA",19093,14,14,0,0,0,3,3,0,0,0,11,11,0,0
1996,"IDA",19093,24,21,0,0,3,3,3,0,0,0,21,18,0,3
1997,"IDA",19093,17,17,0,0,0,0,0,0,0,0,17,17,0,0
1998,"IDA",19093,13,11,0,2,0,2,0,0,2,0,11,11,0,0
1999,"IDA",19093,17,16,0,1,0,1,0,0,1,0,16,16,0,0
2000,"IDA",19093,12,12,0,0,0,1,1,0,0,0,11,11,0,0
2001,"IDA",19093,31,29,1,0,1,4,2,1,0,1,27,27,0,0
2002,"IDA",19093,24,23,0,0,1,1,1,0,0,0,23,22,0,1
2003,"IDA",19093,27,27,0,0,0,3,3,0,0,0,24,24,0,0
1990,"IOWA",19095,10,8,1,0,1,2,1,1,0,0,8,7,0,1
1991,"IOWA",19095,17,15,0,0,2,2,2,0,0,0,15,13,0,2
1992,"IOWA",19095,23,22,0,0,1,7,7,0,0,0,16,15,0,1
1993,"IOWA",19095,16,15,0,1,0,3,2,0,1,0,13,13,0,0
1994,"IOWA",19095,21,21,0,0,0,2,2,0,0,0,19,19,0,0
1995,"IOWA",19095,17,17,0,0,0,3,3,0,0,0,14,14,0,0
1996,"IOWA",19095,31,31,0,0,0,1,1,0,0,0,30,30,0,0
1997,"IOWA",19095,23,22,0,0,1,3,3,0,0,0,20,19,0,1
1998,"IOWA",19095,44,41,0,0,3,1,1,0,0,0,43,40,0,3
1999,"IOWA",19095,20,18,0,1,1,1,0,0,1,0,19,18,0,1
2000,"IOWA",19095,31,29,0,0,2,1,1,0,0,0,30,28,0,2
2001,"IOWA",19095,34,32,0,0,2,2,2,0,0,0,32,30,0,2
2002,"IOWA",19095,49,46,1,0,2,1,0,1,0,0,48,46,0,2
2003,"IOWA",19095,47,45,0,0,2,2,2,0,0,0,45,43,0,2
1990,"JACKSON",19097,44,38,1,0,5,9,7,1,0,1,35,31,0,4
1991,"JACKSON",19097,34,33,0,0,1,7,7,0,0,0,27,26,0,1
1992,"JACKSON",19097,34,32,1,0,1,6,5,1,0,0,28,27,0,1
1993,"JACKSON",19097,25,22,0,1,2,4,3,0,1,0,21,19,0,2
1994,"JACKSON",19097,33,27,0,0,6,4,4,0,0,0,29,23,0,6
1995,"JACKSON",19097,28,19,0,0,9,4,4,0,0,0,24,15,0,9
1996,"JACKSON",19097,55,45,0,1,9,7,5,0,1,1,48,40,0,8
1997,"JACKSON",19097,49,43,0,0,6,2,2,0,0,0,47,41,0,6
1998,"JACKSON",19097,43,40,0,0,3,6,6,0,0,0,37,34,0,3
1999,"JACKSON",19097,41,39,0,1,1,1,0,0,1,0,40,39,0,1
2000,"JACKSON",19097,50,46,1,0,3,3,2,1,0,0,47,44,0,3
2001,"JACKSON",19097,49,47,0,0,2,1,1,0,0,0,48,46,0,2
2002,"JACKSON",19097,54,54,0,0,0,1,1,0,0,0,53,53,0,0
2003,"JACKSON",19097,52,49,0,0,3,0,0,0,0,0,52,49,0,3
1990,"JASPER",19099,66,63,1,0,2,8,7,1,0,0,58,56,0,2
1991,"JASPER",19099,69,62,1,0,6,4,3,1,0,0,65,59,0,6
1992,"JASPER",19099,67,62,0,0,5,4,4,0,0,0,63,58,0,5
1993,"JASPER",19099,72,66,1,1,4,7,5,1,1,0,65,61,0,4
1994,"JASPER",19099,64,62,0,0,2,4,4,0,0,0,60,58,0,2
1995,"JASPER",19099,70,66,0,0,4,9,9,0,0,0,61,57,0,4
1996,"JASPER",19099,113,103,0,0,10,13,12,0,0,1,100,91,0,9
1997,"JASPER",19099,111,106,1,0,4,5,4,1,0,0,106,102,0,4
1998,"JASPER",19099,89,83,0,0,6,1,1,0,0,0,88,82,0,6
1999,"JASPER",19099,82,75,1,0,6,2,1,1,0,0,80,74,0,6
2000,"JASPER",19099,91,87,0,0,4,3,2,0,0,1,88,85,0,3
2001,"JASPER",19099,128,118,0,0,10,1,1,0,0,0,127,117,0,10
2002,"JASPER",19099,156,151,0,0,5,3,3,0,0,0,153,148,0,5
2003,"JASPER",19099,157,148,0,0,9,1,1,0,0,0,156,147,0,9
1990,"JEFFERSON",19101,35,29,0,0,6,5,5,0,0,0,30,24,0,6
1991,"JEFFERSON",19101,59,44,0,0,15,5,5,0,0,0,54,39,0,15
1992,"JEFFERSON",19101,49,34,6,0,9,6,0,6,0,0,43,34,0,9
1993,"JEFFERSON",19101,35,32,0,0,3,1,1,0,0,0,34,31,0,3
1994,"JEFFERSON",19101,46,43,1,0,2,11,10,1,0,0,35,33,0,2
1995,"JEFFERSON",19101,58,51,1,0,6,8,7,1,0,0,50,44,0,6
1996,"JEFFERSON",19101,78,70,0,0,8,11,10,0,0,1,67,60,0,7
1997,"JEFFERSON",19101,69,60,1,0,8,6,4,1,0,1,63,56,0,7
1998,"JEFFERSON",19101,63,59,0,0,4,1,1,0,0,0,62,58,0,4
1999,"JEFFERSON",19101,50,48,1,0,1,1,0,1,0,0,49,48,0,1
2000,"JEFFERSON",19101,63,61,0,0,2,1,1,0,0,0,62,60,0,2
2001,"JEFFERSON",19101,75,69,0,0,6,2,2,0,0,0,73,67,0,6
2002,"JEFFERSON",19101,99,97,0,0,2,0,0,0,0,0,99,97,0,2
2003,"JEFFERSON",19101,83,80,0,0,3,0,0,0,0,0,83,80,0,3
1990,"JOHNSON",19103,110,100,7,0,3,24,17,7,0,0,86,83,0,3
1991,"JOHNSON",19103,119,117,2,0,0,12,10,2,0,0,107,107,0,0
1992,"JOHNSON",19103,140,128,3,1,8,18,14,3,1,0,122,114,0,8
1993,"JOHNSON",19103,107,103,2,0,2,9,7,2,0,0,98,96,0,2
1994,"JOHNSON",19103,95,89,0,0,6,10,8,0,0,2,85,81,0,4
1995,"JOHNSON",19103,105,99,1,0,5,8,6,1,0,1,97,93,0,4
1996,"JOHNSON",19103,178,171,2,0,5,8,6,2,0,0,170,165,0,5
1997,"JOHNSON",19103,203,201,1,0,1,6,5,1,0,0,197,196,0,1
1998,"JOHNSON",19103,200,190,1,0,9,10,7,1,0,2,190,183,0,7
1999,"JOHNSON",19103,168,155,1,0,12,4,2,1,0,1,164,153,0,11
2000,"JOHNSON",19103,178,172,0,0,6,3,3,0,0,0,175,169,0,6
2001,"JOHNSON",19103,204,197,1,0,6,8,7,1,0,0,196,190,0,6
2002,"JOHNSON",19103,230,217,0,0,13,12,11,0,0,1,218,206,0,12
2003,"JOHNSON",19103,264,247,4,0,13,15,10,4,0,1,249,237,0,12
1990,"JONES",19105,31,29,0,1,1,10,9,0,1,0,21,20,0,1
1991,"JONES",19105,13,12,0,0,1,5,4,0,0,1,8,8,0,0
1992,"JONES",19105,25,21,3,1,0,8,4,3,1,0,17,17,0,0
1993,"JONES",19105,18,17,0,0,1,1,1,0,0,0,17,16,0,1
1994,"JONES",19105,21,21,0,0,0,3,3,0,0,0,18,18,0,0
1995,"JONES",19105,32,27,0,0,5,10,5,0,0,5,22,22,0,0
1996,"JONES",19105,43,42,0,0,1,4,4,0,0,0,39,38,0,1
1997,"JONES",19105,54,51,0,0,3,4,3,0,0,1,50,48,0,2
1998,"JONES",19105,37,31,0,0,6,2,2,0,0,0,35,29,0,6
1999,"JONES",19105,46,42,1,1,2,4,2,1,1,0,42,40,0,2
2000,"JONES",19105,35,32,1,0,2,3,2,1,0,0,32,30,0,2
2001,"JONES",19105,51,48,0,0,3,2,2,0,0,0,49,46,0,3
2002,"JONES",19105,74,68,0,0,6,3,3,0,0,0,71,65,0,6
2003,"JONES",19105,66,56,0,1,9,2,1,0,1,0,64,55,0,9
1990,"KEOKUK",19107,25,24,0,0,1,3,3,0,0,0,22,21,0,1
1991,"KEOKUK",19107,26,20,0,0,6,2,2,0,0,0,24,18,0,6
1992,"KEOKUK",19107,18,14,0,2,2,5,2,0,2,1,13,12,0,1
1993,"KEOKUK",19107,14,11,0,0,3,3,2,0,0,1,11,9,0,2
1994,"KEOKUK",19107,16,9,0,0,7,2,1,0,0,1,14,8,0,6
1995,"KEOKUK",19107,24,21,0,0,3,0,0,0,0,0,24,21,0,3
1996,"KEOKUK",19107,23,19,0,0,4,0,0,0,0,0,23,19,0,4
1997,"KEOKUK",19107,35,28,0,0,7,3,3,0,0,0,32,25,0,7
1998,"KEOKUK",19107,38,36,0,0,2,1,1,0,0,0,37,35,0,2
1999,"KEOKUK",19107,29,24,0,0,5,1,1,0,0,0,28,23,0,5
2000,"KEOKUK",19107,30,28,0,0,2,0,0,0,0,0,30,28,0,2
2001,"KEOKUK",19107,40,40,0,0,0,1,1,0,0,0,39,39,0,0
2002,"KEOKUK",19107,42,40,0,0,2,0,0,0,0,0,42,40,0,2
2003,"KEOKUK",19107,43,43,0,0,0,0,0,0,0,0,43,43,0,0
1990,"KOSSUTH",19109,16,16,0,0,0,5,5,0,0,0,11,11,0,0
1991,"KOSSUTH",19109,32,32,0,0,0,9,9,0,0,0,23,23,0,0
1992,"KOSSUTH",19109,19,19,0,0,0,3,3,0,0,0,16,16,0,0
1993,"KOSSUTH",19109,23,23,0,0,0,6,6,0,0,0,17,17,0,0
1994,"KOSSUTH",19109,14,14,0,0,0,4,4,0,0,0,10,10,0,0
1995,"KOSSUTH",19109,19,19,0,0,0,0,0,0,0,0,19,19,0,0
1996,"KOSSUTH",19109,29,29,0,0,0,2,2,0,0,0,27,27,0,0
1997,"KOSSUTH",19109,23,23,0,0,0,2,2,0,0,0,21,21,0,0
1998,"KOSSUTH",19109,21,21,0,0,0,1,1,0,0,0,20,20,0,0
1999,"KOSSUTH",19109,25,25,0,0,0,5,5,0,0,0,20,20,0,0
2000,"KOSSUTH",19109,28,28,0,0,0,3,3,0,0,0,25,25,0,0
2001,"KOSSUTH",19109,36,36,0,0,0,4,4,0,0,0,32,32,0,0
2002,"KOSSUTH",19109,40,40,0,0,0,3,3,0,0,0,37,37,0,0
2003,"KOSSUTH",19109,44,43,0,0,1,3,3,0,0,0,41,40,0,1
1990,"LEE",19111,118,114,1,0,3,9,8,0,0,1,109,106,1,2
1991,"LEE",19111,85,81,1,0,3,5,3,1,0,1,80,78,0,2
1992,"LEE",19111,64,60,0,0,4,1,1,0,0,0,63,59,0,4
1993,"LEE",19111,55,52,0,0,3,1,1,0,0,0,54,51,0,3
1994,"LEE",19111,67,67,0,0,0,2,2,0,0,0,65,65,0,0
1995,"LEE",19111,88,87,0,0,1,3,3,0,0,0,85,84,0,1
1996,"LEE",19111,111,111,0,0,0,8,8,0,0,0,103,103,0,0
1997,"LEE",19111,143,138,0,0,5,7,7,0,0,0,136,131,0,5
1998,"LEE",19111,147,144,1,0,2,3,2,1,0,0,144,142,0,2
1999,"LEE",19111,140,137,0,0,3,1,1,0,0,0,139,136,0,3
2000,"LEE",19111,154,150,0,0,4,2,2,0,0,0,152,148,0,4
2001,"LEE",19111,207,204,0,0,3,2,2,0,0,0,205,202,0,3
2002,"LEE",19111,200,198,0,0,2,4,4,0,0,0,196,194,0,2
2003,"LEE",19111,181,177,0,0,4,1,1,0,0,0,180,176,0,4
1990,"LINN",19113,390,364,5,0,21,82,71,5,0,6,308,293,0,15
1991,"LINN",19113,409,383,5,0,21,59,50,5,0,4,350,333,0,17
1992,"LINN",19113,348,331,4,0,13,37,30,4,0,3,311,301,0,10
1993,"LINN",19113,326,317,5,0,4,19,13,5,0,1,307,304,0,3
1994,"LINN",19113,323,307,6,0,10,18,11,5,0,2,305,296,1,8
1995,"LINN",19113,375,352,2,0,21,27,22,2,0,3,348,330,0,18
1996,"LINN",19113,492,457,3,0,32,21,14,3,0,4,471,443,0,28
1997,"LINN",19113,653,609,1,0,43,20,16,1,0,3,633,593,0,40
1998,"LINN",19113,633,603,3,0,27,16,13,3,0,0,617,590,0,27
1999,"LINN",19113,580,552,2,0,26,14,13,1,0,0,566,539,1,26
2000,"LINN",19113,572,538,1,0,33,21,19,1,0,1,551,519,0,32
2001,"LINN",19113,708,650,2,1,55,19,16,2,1,0,689,634,0,55
2002,"LINN",19113,826,760,2,0,64,20,19,1,0,0,806,741,1,64
2003,"LINN",19113,830,764,0,0,66,14,14,0,0,0,816,750,0,66
1990,"LOUISA",19115,24,21,0,0,3,5,5,0,0,0,19,16,0,3
1991,"LOUISA",19115,27,23,0,0,4,2,2,0,0,0,25,21,0,4
1992,"LOUISA",19115,23,21,0,0,2,2,2,0,0,0,21,19,0,2
1993,"LOUISA",19115,19,17,0,0,2,2,2,0,0,0,17,15,0,2
1994,"LOUISA",19115,24,22,0,0,2,1,1,0,0,0,23,21,0,2
1995,"LOUISA",19115,20,17,0,0,3,2,2,0,0,0,18,15,0,3
1996,"LOUISA",19115,29,24,0,0,5,0,0,0,0,0,29,24,0,5
1997,"LOUISA",19115,21,18,0,0,3,3,3,0,0,0,18,15,0,3
1998,"LOUISA",19115,56,53,0,0,3,0,0,0,0,0,56,53,0,3
1999,"LOUISA",19115,39,37,0,0,2,0,0,0,0,0,39,37,0,2
2000,"LOUISA",19115,42,38,0,0,4,1,1,0,0,0,41,37,0,4
2001,"LOUISA",19115,41,37,0,0,4,0,0,0,0,0,41,37,0,4
2002,"LOUISA",19115,52,47,2,0,3,2,0,2,0,0,50,47,0,3
2003,"LOUISA",19115,49,47,0,0,2,0,0,0,0,0,49,47,0,2
1990,"LUCAS",19117,8,8,0,0,0,1,1,0,0,0,7,7,0,0
1991,"LUCAS",19117,8,8,0,0,0,1,1,0,0,0,7,7,0,0
1992,"LUCAS",19117,11,10,0,0,1,2,1,0,0,1,9,9,0,0
1993,"LUCAS",19117,18,16,0,0,2,2,2,0,0,0,16,14,0,2
1994,"LUCAS",19117,16,15,0,0,1,1,1,0,0,0,15,14,0,1
1995,"LUCAS",19117,11,9,0,0,2,2,0,0,0,2,9,9,0,0
1996,"LUCAS",19117,19,17,0,0,2,2,2,0,0,0,17,15,0,2
1997,"LUCAS",19117,23,22,0,1,0,1,0,0,1,0,22,22,0,0
1998,"LUCAS",19117,22,22,0,0,0,0,0,0,0,0,22,22,0,0
1999,"LUCAS",19117,17,17,0,0,0,0,0,0,0,0,17,17,0,0
2000,"LUCAS",19117,16,15,0,0,1,0,0,0,0,0,16,15,0,1
2001,"LUCAS",19117,23,20,0,0,3,0,0,0,0,0,23,20,0,3
2002,"LUCAS",19117,39,38,0,0,1,1,1,0,0,0,38,37,0,1
2003,"LUCAS",19117,41,40,0,0,1,2,2,0,0,0,39,38,0,1
1990,"LYON",19119,16,15,0,0,1,5,4,0,0,1,11,11,0,0
1991,"LYON",19119,18,15,0,0,3,2,1,0,0,1,16,14,0,2
1992,"LYON",19119,9,8,0,0,1,0,0,0,0,0,9,8,0,1
1993,"LYON",19119,8,6,1,0,1,3,2,1,0,0,5,4,0,1
1994,"LYON",19119,11,9,0,1,1,4,3,0,1,0,7,6,0,1
1995,"LYON",19119,11,9,0,0,2,2,0,0,0,2,9,9,0,0
1996,"LYON",19119,13,13,0,0,0,2,2,0,0,0,11,11,0,0
1997,"LYON",19119,21,20,0,0,1,6,6,0,0,0,15,14,0,1
1998,"LYON",19119,13,11,1,0,1,0,0,0,0,0,13,11,1,1
1999,"LYON",19119,14,14,0,0,0,1,1,0,0,0,13,13,0,0
2000,"LYON",19119,18,18,0,0,0,1,1,0,0,0,17,17,0,0
2001,"LYON",19119,20,20,0,0,0,3,3,0,0,0,17,17,0,0
2002,"LYON",19119,21,21,0,0,0,3,3,0,0,0,18,18,0,0
2003,"LYON",19119,19,18,0,0,1,1,0,0,0,1,18,18,0,0
1990,"MADISON",19121,16,15,0,0,1,0,0,0,0,0,16,15,0,1
1991,"MADISON",19121,31,29,0,0,2,4,3,0,0,1,27,26,0,1
1992,"MADISON",19121,28,26,0,0,2,1,1,0,0,0,27,25,0,2
1993,"MADISON",19121,23,22,0,0,1,2,2,0,0,0,21,20,0,1
1994,"MADISON",19121,29,25,0,0,4,3,2,0,0,1,26,23,0,3
1995,"MADISON",19121,33,27,0,0,6,6,5,0,0,1,27,22,0,5
1996,"MADISON",19121,38,37,1,0,0,3,2,1,0,0,35,35,0,0
1997,"MADISON",19121,35,34,0,0,1,1,1,0,0,0,34,33,0,1
1998,"MADISON",19121,35,31,0,1,3,3,2,0,1,0,32,29,0,3
1999,"MADISON",19121,49,46,0,0,3,0,0,0,0,0,49,46,0,3
2000,"MADISON",19121,39,38,0,0,1,1,1,0,0,0,38,37,0,1
2001,"MADISON",19121,67,65,0,0,2,1,1,0,0,0,66,64,0,2
2002,"MADISON",19121,72,66,0,0,6,4,3,0,0,1,68,63,0,5
2003,"MADISON",19121,65,64,0,0,1,3,3,0,0,0,62,61,0,1
1990,"MAHASKA",19123,24,23,1,0,0,6,5,1,0,0,18,18,0,0
1991,"MAHASKA",19123,13,11,1,0,1,0,0,0,0,0,13,11,1,1
1992,"MAHASKA",19123,17,17,0,0,0,4,4,0,0,0,13,13,0,0
1993,"MAHASKA",19123,11,8,0,0,3,0,0,0,0,0,11,8,0,3
1994,"MAHASKA",19123,13,12,0,0,1,0,0,0,0,0,13,12,0,1
1995,"MAHASKA",19123,10,8,0,0,2,1,1,0,0,0,9,7,0,2
1996,"MAHASKA",19123,19,17,0,0,2,2,2,0,0,0,17,15,0,2
1997,"MAHASKA",19123,18,14,0,0,4,0,0,0,0,0,18,14,0,4
1998,"MAHASKA",19123,84,75,0,0,9,1,1,0,0,0,83,74,0,9
1999,"MAHASKA",19123,63,58,0,0,5,1,1,0,0,0,62,57,0,5
2000,"MAHASKA",19123,58,51,0,0,7,0,0,0,0,0,58,51,0,7
2001,"MAHASKA",19123,93,86,0,0,7,0,0,0,0,0,93,86,0,7
2002,"MAHASKA",19123,96,94,0,0,2,0,0,0,0,0,96,94,0,2
2003,"MAHASKA",19123,90,88,0,0,2,0,0,0,0,0,90,88,0,2
1990,"MARION",19125,59,51,0,1,7,5,4,0,1,0,54,47,0,7
1991,"MARION",19125,68,51,0,0,17,4,3,0,0,1,64,48,0,16
1992,"MARION",19125,73,66,0,1,6,4,3,0,1,0,69,63,0,6
1993,"MARION",19125,51,45,1,0,5,2,1,1,0,0,49,44,0,5
1994,"MARION",19125,58,51,0,0,7,2,2,0,0,0,56,49,0,7
1995,"MARION",19125,62,54,0,0,8,7,5,0,0,2,55,49,0,6
1996,"MARION",19125,85,78,0,1,6,6,4,0,1,1,79,74,0,5
1997,"MARION",19125,100,92,0,0,8,3,2,0,0,1,97,90,0,7
1998,"MARION",19125,79,69,0,0,10,1,1,0,0,0,78,68,0,10
1999,"MARION",19125,92,82,0,1,9,1,0,0,1,0,91,82,0,9
2000,"MARION",19125,67,62,0,0,5,0,0,0,0,0,67,62,0,5
2001,"MARION",19125,119,112,0,1,6,4,3,0,1,0,115,109,0,6
2002,"MARION",19125,114,108,0,0,6,5,5,0,0,0,109,103,0,6
2003,"MARION",19125,151,145,1,1,4,5,3,1,1,0,146,142,0,4
1990,"MARSHALL",19127,64,64,0,0,0,5,5,0,0,0,59,59,0,0
1991,"MARSHALL",19127,95,94,0,0,1,5,5,0,0,0,90,89,0,1
1992,"MARSHALL",19127,87,85,0,0,2,5,5,0,0,0,82,80,0,2
1993,"MARSHALL",19127,63,63,0,0,0,1,1,0,0,0,62,62,0,0
1994,"MARSHALL",19127,64,63,0,0,1,6,6,0,0,0,58,57,0,1
1995,"MARSHALL",19127,87,85,0,0,2,6,6,0,0,0,81,79,0,2
1996,"MARSHALL",19127,112,110,1,0,1,9,8,1,0,0,103,102,0,1
1997,"MARSHALL",19127,132,128,0,0,4,7,7,0,0,0,125,121,0,4
1998,"MARSHALL",19127,94,93,0,0,1,2,2,0,0,0,92,91,0,1
1999,"MARSHALL",19127,94,93,0,0,1,3,3,0,0,0,91,90,0,1
2000,"MARSHALL",19127,110,106,0,0,4,1,1,0,0,0,109,105,0,4
2001,"MARSHALL",19127,107,105,0,0,2,1,1,0,0,0,106,104,0,2
2002,"MARSHALL",19127,146,144,0,1,1,4,3,0,1,0,142,141,0,1
2003,"MARSHALL",19127,160,155,0,1,4,1,0,0,1,0,159,155,0,4
1990,"MILLS",19129,37,30,0,0,7,5,3,0,0,2,32,27,0,5
1991,"MILLS",19129,45,41,0,0,4,1,1,0,0,0,44,40,0,4
1992,"MILLS",19129,29,28,0,0,1,4,4,0,0,0,25,24,0,1
1993,"MILLS",19129,27,24,0,0,3,3,3,0,0,0,24,21,0,3
1994,"MILLS",19129,29,26,0,0,3,1,0,0,0,1,28,26,0,2
1995,"MILLS",19129,40,35,0,0,5,1,0,0,0,1,39,35,0,4
1996,"MILLS",19129,53,47,0,0,6,4,3,0,0,1,49,44,0,5
1997,"MILLS",19129,66,57,1,0,8,5,3,1,0,1,61,54,0,7
1998,"MILLS",19129,61,59,0,0,2,1,1,0,0,0,60,58,0,2
1999,"MILLS",19129,49,43,0,0,6,0,0,0,0,0,49,43,0,6
2000,"MILLS",19129,54,43,0,0,11,0,0,0,0,0,54,43,0,11
2001,"MILLS",19129,69,64,0,0,5,1,0,0,0,1,68,64,0,4
2002,"MILLS",19129,48,45,0,0,3,1,1,0,0,0,47,44,0,3
2003,"MILLS",19129,62,59,0,0,3,1,1,0,0,0,61,58,0,3
1990,"MITCHELL",19131,13,12,1,0,0,6,5,1,0,0,7,7,0,0
1991,"MITCHELL",19131,15,15,0,0,0,2,2,0,0,0,13,13,0,0
1992,"MITCHELL",19131,8,6,2,0,0,4,2,2,0,0,4,4,0,0
1993,"MITCHELL",19131,12,11,0,0,1,2,2,0,0,0,10,9,0,1
1994,"MITCHELL",19131,9,9,0,0,0,3,3,0,0,0,6,6,0,0
1995,"MITCHELL",19131,7,7,0,0,0,1,1,0,0,0,6,6,0,0
1996,"MITCHELL",19131,14,13,0,0,1,1,1,0,0,0,13,12,0,1
1997,"MITCHELL",19131,10,10,0,0,0,2,2,0,0,0,8,8,0,0
1998,"MITCHELL",19131,15,15,0,0,0,0,0,0,0,0,15,15,0,0
1999,"MITCHELL",19131,19,18,0,0,1,1,1,0,0,0,18,17,0,1
2000,"MITCHELL",19131,17,17,0,0,0,1,1,0,0,0,16,16,0,0
2001,"MITCHELL",19131,22,22,0,0,0,1,1,0,0,0,21,21,0,0
2002,"MITCHELL",19131,21,21,0,0,0,1,1,0,0,0,20,20,0,0
2003,"MITCHELL",19131,21,21,0,0,0,1,1,0,0,0,20,20,0,0
1990,"MONONA",19133,23,21,0,1,1,7,6,0,1,0,16,15,0,1
1991,"MONONA",19133,19,17,0,1,1,2,1,0,1,0,17,16,0,1
1992,"MONONA",19133,22,21,0,0,1,4,4,0,0,0,18,17,0,1
1993,"MONONA",19133,26,22,1,1,2,5,3,1,1,0,21,19,0,2
1994,"MONONA",19133,27,26,0,0,1,4,4,0,0,0,23,22,0,1
1995,"MONONA",19133,24,22,0,1,1,2,1,0,1,0,22,21,0,1
1996,"MONONA",19133,32,31,0,0,1,6,5,0,0,1,26,26,0,0
1997,"MONONA",19133,39,36,0,2,1,2,0,0,2,0,37,36,0,1
1998,"MONONA",19133,41,40,0,0,1,2,2,0,0,0,39,38,0,1
1999,"MONONA",19133,44,43,0,1,0,2,1,0,1,0,42,42,0,0
2000,"MONONA",19133,42,38,1,0,3,7,6,1,0,0,35,32,0,3
2001,"MONONA",19133,45,43,0,1,1,3,2,0,1,0,42,41,0,1
2002,"MONONA",19133,41,40,0,0,1,5,5,0,0,0,36,35,0,1
2003,"MONONA",19133,45,42,1,0,2,6,3,1,0,2,39,39,0,0
1990,"MONROE",19135,7,7,0,0,0,1,1,0,0,0,6,6,0,0
1991,"MONROE",19135,12,11,0,1,0,2,1,0,1,0,10,10,0,0
1992,"MONROE",19135,12,8,0,0,4,0,0,0,0,0,12,8,0,4
1993,"MONROE",19135,15,11,0,0,4,1,0,0,0,1,14,11,0,3
1994,"MONROE",19135,20,15,0,0,5,2,2,0,0,0,18,13,0,5
1995,"MONROE",19135,11,9,0,0,2,0,0,0,0,0,11,9,0,2
1996,"MONROE",19135,30,25,1,0,4,3,2,1,0,0,27,23,0,4
1997,"MONROE",19135,34,33,0,0,1,4,4,0,0,0,30,29,0,1
1998,"MONROE",19135,27,24,0,0,3,0,0,0,0,0,27,24,0,3
1999,"MONROE",19135,17,12,0,1,4,1,0,0,1,0,16,12,0,4
2000,"MONROE",19135,20,19,0,0,1,0,0,0,0,0,20,19,0,1
2001,"MONROE",19135,26,24,0,0,2,1,1,0,0,0,25,23,0,2
2002,"MONROE",19135,27,27,0,0,0,0,0,0,0,0,27,27,0,0
2003,"MONROE",19135,41,39,0,0,2,1,1,0,0,0,40,38,0,2
1990,"MONTGOMERY",19137,25,19,1,1,4,3,1,1,1,0,22,18,0,4
1991,"MONTGOMERY",19137,23,16,2,0,5,6,5,1,0,0,17,11,1,5
1992,"MONTGOMERY",19137,24,22,1,0,1,5,4,1,0,0,19,18,0,1
1993,"MONTGOMERY",19137,24,24,0,0,0,3,3,0,0,0,21,21,0,0
1994,"MONTGOMERY",19137,18,17,0,0,1,1,1,0,0,0,17,16,0,1
1995,"MONTGOMERY",19137,25,24,0,0,1,4,4,0,0,0,21,20,0,1
1996,"MONTGOMERY",19137,37,34,0,0,3,4,3,0,0,1,33,31,0,2
1997,"MONTGOMERY",19137,42,41,0,0,1,2,2,0,0,0,40,39,0,1
1998,"MONTGOMERY",19137,32,31,0,0,1,0,0,0,0,0,32,31,0,1
1999,"MONTGOMERY",19137,36,36,0,0,0,1,1,0,0,0,35,35,0,0
2000,"MONTGOMERY",19137,38,31,0,0,7,1,1,0,0,0,37,30,0,7
2001,"MONTGOMERY",19137,40,39,0,0,1,0,0,0,0,0,40,39,0,1
2002,"MONTGOMERY",19137,38,35,0,0,3,0,0,0,0,0,38,35,0,3
2003,"MONTGOMERY",19137,53,50,0,0,3,0,0,0,0,0,53,50,0,3
1990,"MUSCATINE",19139,114,95,2,0,17,6,3,2,0,1,108,92,0,16
1991,"MUSCATINE",19139,128,100,0,0,28,1,1,0,0,0,127,99,0,28
1992,"MUSCATINE",19139,124,106,0,0,18,4,4,0,0,0,120,102,0,18
1993,"MUSCATINE",19139,113,100,0,0,13,1,1,0,0,0,112,99,0,13
1994,"MUSCATINE",19139,131,107,0,0,24,6,6,0,0,0,125,101,0,24
1995,"MUSCATINE",19139,128,102,1,0,25,2,1,0,0,1,126,101,1,24
1996,"MUSCATINE",19139,180,148,0,0,32,8,5,0,0,3,172,143,0,29
1997,"MUSCATINE",19139,184,150,1,0,33,5,4,1,0,0,179,146,0,33
1998,"MUSCATINE",19139,177,154,0,0,23,2,2,0,0,0,175,152,0,23
1999,"MUSCATINE",19139,170,147,0,0,23,2,2,0,0,0,168,145,0,23
2000,"MUSCATINE",19139,130,113,0,0,17,1,1,0,0,0,129,112,0,17
2001,"MUSCATINE",19139,196,176,0,0,20,0,0,0,0,0,196,176,0,20
2002,"MUSCATINE",19139,207,193,0,0,14,1,1,0,0,0,206,192,0,14
2003,"MUSCATINE",19139,237,200,0,2,35,5,2,0,2,1,232,198,0,34
1990,"O'BRIEN",19141,14,13,0,1,0,7,6,0,1,0,7,7,0,0
1991,"O'BRIEN",19141,24,23,0,0,1,6,6,0,0,0,18,17,0,1
1992,"O'BRIEN",19141,8,7,0,0,1,1,0,0,0,1,7,7,0,0
1993,"O'BRIEN",19141,26,24,0,0,2,2,1,0,0,1,24,23,0,1
1994,"O'BRIEN",19141,19,18,0,0,1,4,4,0,0,0,15,14,0,1
1995,"O'BRIEN",19141,25,22,1,0,2,8,6,1,0,1,17,16,0,1
1996,"O'BRIEN",19141,22,21,0,0,1,1,1,0,0,0,21,20,0,1
1997,"O'BRIEN",19141,27,25,0,0,2,2,2,0,0,0,25,23,0,2
1998,"O'BRIEN",19141,33,32,0,0,1,1,1,0,0,0,32,31,0,1
1999,"O'BRIEN",19141,31,29,0,1,1,1,0,0,1,0,30,29,0,1
2000,"O'BRIEN",19141,23,20,1,1,1,5,3,1,1,0,18,17,0,1
2001,"O'BRIEN",19141,49,48,0,0,1,3,3,0,0,0,46,45,0,1
2002,"O'BRIEN",19141,42,42,0,0,0,3,3,0,0,0,39,39,0,0
2003,"O'BRIEN",19141,39,38,0,0,1,7,7,0,0,0,32,31,0,1
1990,"OSCEOLA",19143,6,6,0,0,0,3,3,0,0,0,3,3,0,0
1991,"OSCEOLA",19143,7,7,0,0,0,3,3,0,0,0,4,4,0,0
1992,"OSCEOLA",19143,3,2,0,0,1,1,1,0,0,0,2,1,0,1
1993,"OSCEOLA",19143,5,5,0,0,0,1,1,0,0,0,4,4,0,0
1994,"OSCEOLA",19143,5,5,0,0,0,2,2,0,0,0,3,3,0,0
1995,"OSCEOLA",19143,18,16,0,0,2,5,4,0,0,1,13,12,0,1
1996,"OSCEOLA",19143,11,10,0,0,1,4,3,0,0,1,7,7,0,0
1997,"OSCEOLA",19143,14,13,0,1,0,3,2,0,1,0,11,11,0,0
1998,"OSCEOLA",19143,10,10,0,0,0,0,0,0,0,0,10,10,0,0
1999,"OSCEOLA",19143,10,10,0,0,0,0,0,0,0,0,10,10,0,0
2000,"OSCEOLA",19143,14,14,0,0,0,0,0,0,0,0,14,14,0,0
2001,"OSCEOLA",19143,12,12,0,0,0,1,1,0,0,0,11,11,0,0
2002,"OSCEOLA",19143,19,18,0,0,1,2,2,0,0,0,17,16,0,1
2003,"OSCEOLA",19143,18,18,0,0,0,2,2,0,0,0,16,16,0,0
1990,"PAGE",19145,22,21,0,0,1,2,2,0,0,0,20,19,0,1
1991,"PAGE",19145,37,34,0,1,2,3,2,0,1,0,34,32,0,2
1992,"PAGE",19145,20,18,0,0,2,1,1,0,0,0,19,17,0,2
1993,"PAGE",19145,15,11,0,0,4,1,1,0,0,0,14,10,0,4
1994,"PAGE",19145,28,23,1,0,4,2,1,1,0,0,26,22,0,4
1995,"PAGE",19145,24,21,0,0,3,5,4,0,0,1,19,17,0,2
1996,"PAGE",19145,42,40,0,1,1,2,1,0,1,0,40,39,0,1
1997,"PAGE",19145,39,37,0,0,2,4,3,0,0,1,35,34,0,1
1998,"PAGE",19145,42,39,0,0,3,0,0,0,0,0,42,39,0,3
1999,"PAGE",19145,45,41,0,2,2,3,1,0,2,0,42,40,0,2
2000,"PAGE",19145,37,37,0,0,0,0,0,0,0,0,37,37,0,0
2001,"PAGE",19145,74,69,1,3,1,4,0,1,3,0,70,69,0,1
2002,"PAGE",19145,56,55,0,0,1,0,0,0,0,0,56,55,0,1
2003,"PAGE",19145,71,70,0,0,1,0,0,0,0,0,71,70,0,1
1990,"PALO ALTO",19147,9,9,0,0,0,3,3,0,0,0,6,6,0,0
1991,"PALO ALTO",19147,12,12,0,0,0,4,4,0,0,0,8,8,0,0
1992,"PALO ALTO",19147,10,10,0,0,0,0,0,0,0,0,10,10,0,0
1993,"PALO ALTO",19147,8,8,0,0,0,1,1,0,0,0,7,7,0,0
1994,"PALO ALTO",19147,11,11,0,0,0,1,1,0,0,0,10,10,0,0
1995,"PALO ALTO",19147,8,8,0,0,0,0,0,0,0,0,8,8,0,0
1996,"PALO ALTO",19147,14,14,0,0,0,2,2,0,0,0,12,12,0,0
1997,"PALO ALTO",19147,11,11,0,0,0,2,2,0,0,0,9,9,0,0
1998,"PALO ALTO",19147,22,22,0,0,0,1,1,0,0,0,21,21,0,0
1999,"PALO ALTO",19147,19,19,0,0,0,0,0,0,0,0,19,19,0,0
2000,"PALO ALTO",19147,23,22,0,1,0,3,2,0,1,0,20,20,0,0
2001,"PALO ALTO",19147,30,29,0,0,1,0,0,0,0,0,30,29,0,1
2002,"PALO ALTO",19147,14,14,0,0,0,1,1,0,0,0,13,13,0,0
2003,"PALO ALTO",19147,31,30,0,0,1,1,1,0,0,0,30,29,0,1
1990,"PLYMOUTH",19149,31,29,0,2,0,11,9,0,2,0,20,20,0,0
1991,"PLYMOUTH",19149,23,20,0,2,1,6,4,0,2,0,17,16,0,1
1992,"PLYMOUTH",19149,30,28,0,0,2,6,4,0,0,2,24,24,0,0
1993,"PLYMOUTH",19149,25,22,0,2,1,6,4,0,2,0,19,18,0,1
1994,"PLYMOUTH",19149,25,24,1,0,0,4,3,1,0,0,21,21,0,0
1995,"PLYMOUTH",19149,41,39,0,0,2,1,1,0,0,0,40,38,0,2
1996,"PLYMOUTH",19149,48,46,0,1,1,6,5,0,1,0,42,41,0,1
1997,"PLYMOUTH",19149,70,66,0,1,3,10,7,0,1,2,60,59,0,1
1998,"PLYMOUTH",19149,65,65,0,0,0,3,3,0,0,0,62,62,0,0
1999,"PLYMOUTH",19149,57,54,0,0,3,0,0,0,0,0,57,54,0,3
2000,"PLYMOUTH",19149,59,57,0,0,2,4,4,0,0,0,55,53,0,2
2001,"PLYMOUTH",19149,84,81,0,0,3,6,6,0,0,0,78,75,0,3
2002,"PLYMOUTH",19149,79,75,0,1,3,8,6,0,1,1,71,69,0,2
2003,"PLYMOUTH",19149,102,101,0,0,1,15,15,0,0,0,87,86,0,1
1990,"POCAHONTAS",19151,19,19,0,0,0,8,8,0,0,0,11,11,0,0
1991,"POCAHONTAS",19151,17,15,2,0,0,7,5,2,0,0,10,10,0,0
1992,"POCAHONTAS",19151,14,14,0,0,0,4,4,0,0,0,10,10,0,0
1993,"POCAHONTAS",19151,6,6,0,0,0,2,2,0,0,0,4,4,0,0
1994,"POCAHONTAS",19151,13,12,0,1,0,2,1,0,1,0,11,11,0,0
1995,"POCAHONTAS",19151,21,20,0,1,0,2,1,0,1,0,19,19,0,0
1996,"POCAHONTAS",19151,24,23,1,0,0,6,5,1,0,0,18,18,0,0
1997,"POCAHONTAS",19151,11,11,0,0,0,1,1,0,0,0,10,10,0,0
1998,"POCAHONTAS",19151,15,15,0,0,0,1,1,0,0,0,14,14,0,0
1999,"POCAHONTAS",19151,26,26,0,0,0,0,0,0,0,0,26,26,0,0
2000,"POCAHONTAS",19151,19,17,0,2,0,2,0,0,2,0,17,17,0,0
2001,"POCAHONTAS",19151,25,25,0,0,0,0,0,0,0,0,25,25,0,0
2002,"POCAHONTAS",19151,19,19,0,0,0,1,1,0,0,0,18,18,0,0
2003,"POCAHONTAS",19151,24,24,0,0,0,3,3,0,0,0,21,21,0,0
1990,"POLK",19153,1060,963,10,1,86,68,54,9,1,4,992,909,1,82
1991,"POLK",19153,1195,1083,13,0,99,58,43,12,0,3,1137,1040,1,96
1992,"POLK",19153,1239,1139,25,1,74,76,49,25,1,1,1163,1090,0,73
1993,"POLK",19153,988,891,5,0,92,66,55,5,0,6,922,836,0,86
1994,"POLK",19153,900,803,5,0,92,54,39,5,0,10,846,764,0,82
1995,"POLK",19153,1093,1003,9,0,81,73,57,9,0,7,1020,946,0,74
1996,"POLK",19153,1398,1281,4,0,113,87,78,4,0,5,1311,1203,0,108
1997,"POLK",19153,1635,1535,6,0,94,70,54,6,0,10,1565,1481,0,84
1998,"POLK",19153,1464,1374,1,0,89,19,18,1,0,0,1445,1356,0,89
1999,"POLK",19153,1287,1207,3,0,77,17,14,3,0,0,1270,1193,0,77
2000,"POLK",19153,1336,1238,2,0,96,15,13,2,0,0,1321,1225,0,96
2001,"POLK",19153,1809,1702,4,0,103,23,15,4,0,4,1786,1687,0,99
2002,"POLK",19153,1958,1847,5,0,106,38,32,5,0,1,1920,1815,0,105
2003,"POLK",19153,2082,1954,3,0,125,34,30,3,0,1,2048,1924,0,124
1990,"POTTAWATTAMIE",19155,273,223,5,0,45,19,11,5,0,3,254,212,0,42
1991,"POTTAWATTAMIE",19155,293,235,3,0,55,20,12,3,0,5,273,223,0,50
1992,"POTTAWATTAMIE",19155,304,277,2,0,25,10,8,2,0,0,294,269,0,25
1993,"POTTAWATTAMIE",19155,291,264,0,0,27,9,8,0,0,1,282,256,0,26
1994,"POTTAWATTAMIE",19155,279,251,2,0,26,23,21,2,0,0,256,230,0,26
1995,"POTTAWATTAMIE",19155,262,237,2,0,23,20,13,2,0,5,242,224,0,18
1996,"POTTAWATTAMIE",19155,439,395,1,0,43,15,13,1,0,1,424,382,0,42
1997,"POTTAWATTAMIE",19155,456,409,0,0,47,12,12,0,0,0,444,397,0,47
1998,"POTTAWATTAMIE",19155,415,398,0,0,17,2,1,0,0,1,413,397,0,16
1999,"POTTAWATTAMIE",19155,391,362,1,0,28,3,2,1,0,0,388,360,0,28
2000,"POTTAWATTAMIE",19155,369,338,0,1,30,1,0,0,1,0,368,338,0,30
2001,"POTTAWATTAMIE",19155,479,445,0,0,34,2,2,0,0,0,477,443,0,34
2002,"POTTAWATTAMIE",19155,430,411,0,0,19,4,3,0,0,1,426,408,0,18
2003,"POTTAWATTAMIE",19155,496,465,0,0,31,2,1,0,0,1,494,464,0,30
1990,"POWESHIEK",19157,20,20,0,0,0,3,3,0,0,0,17,17,0,0
1991,"POWESHIEK",19157,24,22,1,0,1,2,1,1,0,0,22,21,0,1
1992,"POWESHIEK",19157,15,13,0,1,1,3,2,0,1,0,12,11,0,1
1993,"POWESHIEK",19157,23,21,0,1,1,7,6,0,1,0,16,15,0,1
1994,"POWESHIEK",19157,19,18,0,0,1,2,2,0,0,0,17,16,0,1
1995,"POWESHIEK",19157,27,25,0,0,2,1,1,0,0,0,26,24,0,2
1996,"POWESHIEK",19157,38,34,1,0,3,2,1,1,0,0,36,33,0,3
1997,"POWESHIEK",19157,38,36,1,0,1,5,4,1,0,0,33,32,0,1
1998,"POWESHIEK",19157,43,40,0,0,3,1,1,0,0,0,42,39,0,3
1999,"POWESHIEK",19157,39,37,0,0,2,0,0,0,0,0,39,37,0,2
2000,"POWESHIEK",19157,41,40,0,0,1,0,0,0,0,0,41,40,0,1
2001,"POWESHIEK",19157,50,48,0,0,2,1,1,0,0,0,49,47,0,2
2002,"POWESHIEK",19157,65,62,0,0,3,4,4,0,0,0,61,58,0,3
2003,"POWESHIEK",19157,59,55,0,0,4,0,0,0,0,0,59,55,0,4
1990,"RINGGOLD",19159,4,3,0,0,1,1,1,0,0,0,3,2,0,1
1991,"RINGGOLD",19159,12,12,0,0,0,2,2,0,0,0,10,10,0,0
1992,"RINGGOLD",19159,5,5,0,0,0,2,2,0,0,0,3,3,0,0
1993,"RINGGOLD",19159,9,8,0,1,0,4,3,0,1,0,5,5,0,0
1994,"RINGGOLD",19159,5,5,0,0,0,1,1,0,0,0,4,4,0,0
1995,"RINGGOLD",19159,7,7,0,0,0,0,0,0,0,0,7,7,0,0
1996,"RINGGOLD",19159,8,8,0,0,0,1,1,0,0,0,7,7,0,0
1997,"RINGGOLD",19159,14,14,0,0,0,3,3,0,0,0,11,11,0,0
1998,"RINGGOLD",19159,7,7,0,0,0,1,1,0,0,0,6,6,0,0
1999,"RINGGOLD",19159,9,9,0,0,0,1,1,0,0,0,8,8,0,0
2000,"RINGGOLD",19159,10,10,0,0,0,0,0,0,0,0,10,10,0,0
2001,"RINGGOLD",19159,16,16,0,0,0,0,0,0,0,0,16,16,0,0
2002,"RINGGOLD",19159,15,15,0,0,0,0,0,0,0,0,15,15,0,0
2003,"RINGGOLD",19159,15,14,0,0,1,0,0,0,0,0,15,14,0,1
1990,"SAC",19161,22,22,0,0,0,7,7,0,0,0,15,15,0,0
1991,"SAC",19161,13,13,0,0,0,6,6,0,0,0,7,7,0,0
1992,"SAC",19161,15,15,0,0,0,7,7,0,0,0,8,8,0,0
1993,"SAC",19161,20,20,0,0,0,5,5,0,0,0,15,15,0,0
1994,"SAC",19161,22,19,0,1,2,5,3,0,1,1,17,16,0,1
1995,"SAC",19161,19,16,0,0,3,2,1,0,0,1,17,15,0,2
1996,"SAC",19161,27,25,0,0,2,5,4,0,0,1,22,21,0,1
1997,"SAC",19161,20,20,0,0,0,3,3,0,0,0,17,17,0,0
1998,"SAC",19161,27,26,0,0,1,3,3,0,0,0,24,23,0,1
1999,"SAC",19161,28,28,0,0,0,2,2,0,0,0,26,26,0,0
2000,"SAC",19161,20,20,0,0,0,1,1,0,0,0,19,19,0,0
2001,"SAC",19161,22,22,0,0,0,1,1,0,0,0,21,21,0,0
2002,"SAC",19161,34,33,0,0,1,3,3,0,0,0,31,30,0,1
2003,"SAC",19161,48,46,1,0,1,7,5,1,0,1,41,41,0,0
1990,"SCOTT",19163,429,290,0,0,139,20,17,0,0,3,409,273,0,136
1991,"SCOTT",19163,512,361,3,0,148,35,25,3,0,7,477,336,0,141
1992,"SCOTT",19163,518,368,0,1,149,24,18,0,1,5,494,350,0,144
1993,"SCOTT",19163,451,324,4,1,122,27,14,4,1,8,424,310,0,114
1994,"SCOTT",19163,432,310,2,0,120,36,30,2,0,4,396,280,0,116
1995,"SCOTT",19163,636,448,2,0,186,40,30,2,0,8,596,418,0,178
1996,"SCOTT",19163,696,516,3,0,177,26,22,3,0,1,670,494,0,176
1997,"SCOTT",19163,728,556,1,0,171,21,19,1,0,1,707,537,0,170
1998,"SCOTT",19163,772,600,1,0,171,9,8,1,0,0,763,592,0,171
1999,"SCOTT",19163,649,527,1,1,120,14,12,1,1,0,635,515,0,120
2000,"SCOTT",19163,591,462,1,0,128,5,4,1,0,0,586,458,0,128
2001,"SCOTT",19163,729,598,1,0,130,16,15,1,0,0,713,583,0,130
2002,"SCOTT",19163,796,665,0,0,131,15,15,0,0,0,781,650,0,131
2003,"SCOTT",19163,895,770,0,0,125,11,11,0,0,0,884,759,0,125
1990,"SHELBY",19165,16,13,0,1,2,4,3,0,1,0,12,10,0,2
1991,"SHELBY",19165,16,15,0,0,1,2,2,0,0,0,14,13,0,1
1992,"SHELBY",19165,15,13,0,0,2,2,2,0,0,0,13,11,0,2
1993,"SHELBY",19165,10,10,0,0,0,0,0,0,0,0,10,10,0,0
1994,"SHELBY",19165,24,20,1,0,3,4,0,1,0,3,20,20,0,0
1995,"SHELBY",19165,25,23,0,0,2,5,5,0,0,0,20,18,0,2
1996,"SHELBY",19165,21,21,0,0,0,1,1,0,0,0,20,20,0,0
1997,"SHELBY",19165,26,25,0,0,1,0,0,0,0,0,26,25,0,1
1998,"SHELBY",19165,30,29,0,0,1,1,1,0,0,0,29,28,0,1
1999,"SHELBY",19165,26,23,1,0,2,2,1,1,0,0,24,22,0,2
2000,"SHELBY",19165,27,26,0,0,1,1,1,0,0,0,26,25,0,1
2001,"SHELBY",19165,19,19,0,0,0,0,0,0,0,0,19,19,0,0
2002,"SHELBY",19165,35,35,0,0,0,0,0,0,0,0,35,35,0,0
2003,"SHELBY",19165,36,36,0,0,0,2,2,0,0,0,34,34,0,0
1990,"SIOUX",19167,21,19,0,0,1,9,8,0,1,0,12,11,0,1
1991,"SIOUX",19167,24,23,0,0,1,7,7,0,0,0,17,16,0,1
1992,"SIOUX",19167,20,18,0,0,2,5,3,0,0,2,15,15,0,0
1993,"SIOUX",19167,17,13,2,0,2,3,1,2,0,0,14,12,0,2
1994,"SIOUX",19167,24,19,1,1,3,7,5,1,1,0,17,14,0,3
1995,"SIOUX",19167,30,28,0,2,0,6,4,0,2,0,24,24,0,0
1996,"SIOUX",19167,37,37,0,0,0,3,3,0,0,0,34,34,0,0
1997,"SIOUX",19167,39,37,1,0,1,6,4,1,0,1,33,33,0,0
1998,"SIOUX",19167,40,37,0,1,2,5,4,0,1,0,35,33,0,2
1999,"SIOUX",19167,43,39,0,0,4,3,2,0,0,1,40,37,0,3
2000,"SIOUX",19167,37,32,0,2,3,8,4,0,2,2,29,28,0,1
2001,"SIOUX",19167,48,48,0,0,0,6,6,0,0,0,42,42,0,0
2002,"SIOUX",19167,46,45,0,0,1,10,10,0,0,0,36,35,0,1
2003,"SIOUX",19167,47,47,0,0,0,7,7,0,0,0,40,40,0,0
1990,"STORY",19169,84,80,1,1,2,10,8,1,1,0,74,72,0,2
1991,"STORY",19169,104,95,1,0,8,9,8,1,0,0,95,87,0,8
1992,"STORY",19169,106,103,2,1,0,8,5,2,1,0,98,98,0,0
1993,"STORY",19169,71,64,2,0,5,11,8,2,0,1,60,56,0,4
1994,"STORY",19169,90,83,2,0,5,7,6,0,0,1,83,77,2,4
1995,"STORY",19169,82,76,1,1,4,10,8,1,1,0,72,68,0,4
1996,"STORY",19169,128,125,0,0,3,18,18,0,0,0,110,107,0,3
1997,"STORY",19169,159,157,1,0,1,11,10,1,0,0,148,147,0,1
1998,"STORY",19169,170,165,1,0,4,4,4,0,0,0,166,161,1,4
1999,"STORY",19169,122,118,0,0,4,2,2,0,0,0,120,116,0,4
2000,"STORY",19169,117,109,2,0,6,2,0,2,0,0,115,109,0,6
2001,"STORY",19169,219,215,0,0,4,4,4,0,0,0,215,211,0,4
2002,"STORY",19169,232,227,0,0,5,9,9,0,0,0,223,218,0,5
2003,"STORY",19169,215,210,2,0,3,7,4,2,0,1,208,206,0,2
1990,"TAMA",19171,27,26,1,0,0,10,9,1,0,0,17,17,0,0
1991,"TAMA",19171,27,26,0,0,1,4,4,0,0,0,23,22,0,1
1992,"TAMA",19171,31,29,1,0,1,4,3,1,0,0,27,26,0,1
1993,"TAMA",19171,26,24,0,0,2,4,4,0,0,0,22,20,0,2
1994,"TAMA",19171,23,22,1,0,0,4,3,1,0,0,19,19,0,0
1995,"TAMA",19171,25,25,0,0,0,2,2,0,0,0,23,23,0,0
1996,"TAMA",19171,43,40,0,0,3,3,2,0,0,1,40,38,0,2
1997,"TAMA",19171,39,37,0,0,2,3,2,0,0,1,36,35,0,1
1998,"TAMA",19171,36,35,0,0,1,3,3,0,0,0,33,32,0,1
1999,"TAMA",19171,40,36,0,0,4,0,0,0,0,0,40,36,0,4
2000,"TAMA",19171,37,34,0,0,3,0,0,0,0,0,37,34,0,3
2001,"TAMA",19171,62,55,1,0,6,3,2,1,0,0,59,53,0,6
2002,"TAMA",19171,52,50,0,0,2,0,0,0,0,0,52,50,0,2
2003,"TAMA",19171,70,66,0,0,4,2,1,0,0,1,68,65,0,3
1990,"TAYLOR",19173,8,6,0,2,0,2,0,0,2,0,6,6,0,0
1991,"TAYLOR",19173,13,10,1,0,2,2,1,1,0,0,11,9,0,2
1992,"TAYLOR",19173,7,6,0,1,0,2,1,0,1,0,5,5,0,0
1993,"TAYLOR",19173,13,12,0,1,0,2,1,0,1,0,11,11,0,0
1994,"TAYLOR",19173,11,10,0,0,1,1,1,0,0,0,10,9,0,1
1995,"TAYLOR",19173,6,6,0,0,0,2,2,0,0,0,4,4,0,0
1996,"TAYLOR",19173,14,13,0,1,0,3,2,0,1,0,11,11,0,0
1997,"TAYLOR",19173,21,20,1,0,0,4,3,1,0,0,17,17,0,0
1998,"TAYLOR",19173,8,8,0,0,0,0,0,0,0,0,8,8,0,0
1999,"TAYLOR",19173,19,19,0,0,0,0,0,0,0,0,19,19,0,0
2000,"TAYLOR",19173,16,15,0,0,1,0,0,0,0,0,16,15,0,1
2001,"TAYLOR",19173,21,20,0,0,1,1,1,0,0,0,20,19,0,1
2002,"TAYLOR",19173,14,14,0,0,0,0,0,0,0,0,14,14,0,0
2003,"TAYLOR",19173,21,21,0,0,0,0,0,0,0,0,21,21,0,0
1990,"UNION",19175,14,14,0,0,0,0,0,0,0,0,14,14,0,0
1991,"UNION",19175,12,12,0,0,0,1,1,0,0,0,11,11,0,0
1992,"UNION",19175,20,18,0,0,2,0,0,0,0,0,20,18,0,2
1993,"UNION",19175,21,20,0,0,1,1,1,0,0,0,20,19,0,1
1994,"UNION",19175,16,15,0,0,1,6,5,0,0,1,10,10,0,0
1995,"UNION",19175,23,23,0,0,0,1,1,0,0,0,22,22,0,0
1996,"UNION",19175,39,38,0,0,1,5,5,0,0,0,34,33,0,1
1997,"UNION",19175,33,32,0,0,1,2,1,0,0,1,31,31,0,0
1998,"UNION",19175,34,33,0,0,1,0,0,0,0,0,34,33,0,1
1999,"UNION",19175,36,36,0,0,0,1,1,0,0,0,35,35,0,0
2000,"UNION",19175,35,33,0,0,2,0,0,0,0,0,35,33,0,2
2001,"UNION",19175,37,35,2,0,0,3,1,2,0,0,34,34,0,0
2002,"UNION",19175,47,47,0,0,0,0,0,0,0,0,47,47,0,0
2003,"UNION",19175,79,75,0,1,3,5,3,0,1,1,74,72,0,2
1990,"VAN BUREN",19177,12,11,0,0,1,1,1,0,0,0,11,10,0,1
1991,"VAN BUREN",19177,9,7,0,0,2,2,2,0,0,0,7,5,0,2
1992,"VAN BUREN",19177,11,8,0,0,3,0,0,0,0,0,11,8,0,3
1993,"VAN BUREN",19177,8,7,0,0,1,0,0,0,0,0,8,7,0,1
1994,"VAN BUREN",19177,11,11,0,0,0,1,1,0,0,0,10,10,0,0
1995,"VAN BUREN",19177,8,8,0,0,0,2,2,0,0,0,6,6,0,0
1996,"VAN BUREN",19177,22,20,0,0,2,3,3,0,0,0,19,17,0,2
1997,"VAN BUREN",19177,26,24,0,0,2,2,2,0,0,0,24,22,0,2
1998,"VAN BUREN",19177,29,26,0,0,3,0,0,0,0,0,29,26,0,3
1999,"VAN BUREN",19177,20,19,0,0,1,1,1,0,0,0,19,18,0,1
2000,"VAN BUREN",19177,24,23,0,0,1,0,0,0,0,0,24,23,0,1
2001,"VAN BUREN",19177,37,36,0,0,1,0,0,0,0,0,37,36,0,1
2002,"VAN BUREN",19177,34,32,0,0,2,2,0,0,0,2,32,32,0,0
2003,"VAN BUREN",19177,30,30,0,0,0,0,0,0,0,0,30,30,0,0
1990,"WAPELLO",19179,84,51,0,0,33,3,2,0,0,1,81,49,0,32
1991,"WAPELLO",19179,105,72,0,0,33,4,4,0,0,0,101,68,0,33
1992,"WAPELLO",19179,79,44,1,2,32,5,1,1,2,1,74,43,0,31
1993,"WAPELLO",19179,76,58,0,0,18,1,1,0,0,0,75,57,0,18
1994,"WAPELLO",19179,105,72,1,0,32,6,5,1,0,0,99,67,0,32
1995,"WAPELLO",19179,114,82,0,0,32,4,3,0,0,1,110,79,0,31
1996,"WAPELLO",19179,183,134,1,0,48,9,7,1,0,1,174,127,0,47
1997,"WAPELLO",19179,174,128,0,0,46,9,8,0,0,1,165,120,0,45
1998,"WAPELLO",19179,136,107,0,1,28,5,3,0,1,1,131,104,0,27
1999,"WAPELLO",19179,158,137,2,0,19,6,3,2,0,1,152,134,0,18
2000,"WAPELLO",19179,133,105,0,0,28,0,0,0,0,0,133,105,0,28
2001,"WAPELLO",19179,195,170,1,0,24,2,1,1,0,0,193,169,0,24
2002,"WAPELLO",19179,188,160,0,0,28,0,0,0,0,0,188,160,0,28
2003,"WAPELLO",19179,181,173,1,0,7,2,1,1,0,0,179,172,0,7
1990,"WARREN",19181,82,79,0,0,3,4,4,0,0,0,78,75,0,3
1991,"WARREN",19181,106,95,0,0,11,2,2,0,0,0,104,93,0,11
1992,"WARREN",19181,97,87,0,1,9,10,7,0,1,2,87,80,0,7
1993,"WARREN",19181,68,65,0,0,3,7,6,0,0,1,61,59,0,2
1994,"WARREN",19181,77,65,1,3,8,11,7,1,3,0,66,58,0,8
1995,"WARREN",19181,93,79,1,0,13,15,10,1,0,4,78,69,0,9
1996,"WARREN",19181,128,124,0,0,4,11,9,0,0,2,117,115,0,2
1997,"WARREN",19181,120,110,2,0,8,7,5,1,0,1,113,105,1,7
1998,"WARREN",19181,113,102,1,0,10,5,4,0,0,1,108,98,1,9
1999,"WARREN",19181,108,97,0,0,11,0,0,0,0,0,108,97,0,11
2000,"WARREN",19181,98,91,0,0,7,2,2,0,0,0,96,89,0,7
2001,"WARREN",19181,154,148,2,0,4,5,3,2,0,0,149,145,0,4
2002,"WARREN",19181,160,152,0,0,8,3,3,0,0,0,157,149,0,8
2003,"WARREN",19181,205,189,0,0,16,3,3,0,0,0,202,186,0,16
1990,"WASHINGTON",19183,19,16,0,0,3,5,4,0,0,1,14,12,0,2
1991,"WASHINGTON",19183,30,27,0,0,3,6,5,0,0,1,24,22,0,2
1992,"WASHINGTON",19183,28,27,0,0,1,2,2,0,0,0,26,25,0,1
1993,"WASHINGTON",19183,27,21,1,0,5,6,5,1,0,0,21,16,0,5
1994,"WASHINGTON",19183,25,23,0,0,2,1,1,0,0,0,24,22,0,2
1995,"WASHINGTON",19183,46,46,0,0,0,1,1,0,0,0,45,45,0,0
1996,"WASHINGTON",19183,38,37,0,0,1,4,4,0,0,0,34,33,0,1
1997,"WASHINGTON",19183,52,51,0,0,1,4,3,0,0,1,48,48,0,0
1998,"WASHINGTON",19183,58,55,0,0,3,1,1,0,0,0,57,54,0,3
1999,"WASHINGTON",19183,65,64,0,0,1,3,3,0,0,0,62,61,0,1
2000,"WASHINGTON",19183,43,40,0,0,3,0,0,0,0,0,43,40,0,3
2001,"WASHINGTON",19183,62,61,0,0,1,0,0,0,0,0,62,61,0,1
2002,"WASHINGTON",19183,71,67,0,1,3,4,3,0,1,0,67,64,0,3
2003,"WASHINGTON",19183,72,70,0,0,2,2,2,0,0,0,70,68,0,2
1990,"WAYNE",19185,12,10,0,1,1,1,0,0,1,0,11,10,0,1
1991,"WAYNE",19185,15,11,1,0,3,2,1,1,0,0,13,10,0,3
1992,"WAYNE",19185,13,12,0,0,1,2,2,0,0,0,11,10,0,1
1993,"WAYNE",19185,8,8,0,0,0,2,2,0,0,0,6,6,0,0
1994,"WAYNE",19185,22,21,0,0,1,6,6,0,0,0,16,15,0,1
1995,"WAYNE",19185,12,11,0,0,1,2,2,0,0,0,10,9,0,1
1996,"WAYNE",19185,24,22,0,0,2,2,2,0,0,0,22,20,0,2
1997,"WAYNE",19185,28,23,0,2,3,4,2,0,2,0,24,21,0,3
1998,"WAYNE",19185,31,31,0,0,0,3,3,0,0,0,28,28,0,0
1999,"WAYNE",19185,22,21,0,1,0,1,0,0,1,0,21,21,0,0
2000,"WAYNE",19185,21,21,0,0,0,0,0,0,0,0,21,21,0,0
2001,"WAYNE",19185,31,28,0,2,1,4,1,0,2,1,27,27,0,0
2002,"WAYNE",19185,33,32,0,0,1,2,2,0,0,0,31,30,0,1
2003,"WAYNE",19185,41,40,0,0,1,0,0,0,0,0,41,40,0,1
1990,"WEBSTER",19187,100,98,1,0,1,19,18,1,0,0,81,80,0,1
1991,"WEBSTER",19187,84,83,0,1,0,16,15,0,1,0,68,68,0,0
1992,"WEBSTER",19187,93,92,0,1,0,14,13,0,1,0,79,79,0,0
1993,"WEBSTER",19187,86,85,1,0,0,12,11,1,0,0,74,74,0,0
1994,"WEBSTER",19187,86,84,1,0,1,4,3,1,0,0,82,81,0,1
1995,"WEBSTER",19187,124,122,0,0,2,11,9,0,0,2,113,113,0,0
1996,"WEBSTER",19187,151,150,0,1,0,7,6,0,1,0,144,144,0,0
1997,"WEBSTER",19187,185,185,0,0,0,2,2,0,0,0,183,183,0,0
1998,"WEBSTER",19187,139,135,0,0,4,9,8,0,0,1,130,127,0,3
1999,"WEBSTER",19187,118,116,1,0,1,3,2,1,0,0,115,114,0,1
2000,"WEBSTER",19187,147,146,0,0,1,3,3,0,0,0,144,143,0,1
2001,"WEBSTER",19187,169,168,0,0,1,6,6,0,0,0,163,162,0,1
2002,"WEBSTER",19187,201,199,0,0,2,7,7,0,0,0,194,192,0,2
2003,"WEBSTER",19187,194,192,0,0,2,3,3,0,0,0,191,189,0,2
1990,"WINNEBAGO",19189,15,15,0,0,0,3,3,0,0,0,12,12,0,0
1991,"WINNEBAGO",19189,19,19,0,0,0,4,4,0,0,0,15,15,0,0
1992,"WINNEBAGO",19189,19,19,0,0,0,4,4,0,0,0,15,15,0,0
1993,"WINNEBAGO",19189,17,17,0,0,0,4,4,0,0,0,13,13,0,0
1994,"WINNEBAGO",19189,14,14,0,0,0,0,0,0,0,0,14,14,0,0
1995,"WINNEBAGO",19189,18,18,0,0,0,4,4,0,0,0,14,14,0,0
1996,"WINNEBAGO",19189,28,27,0,0,1,2,1,0,0,1,26,26,0,0
1997,"WINNEBAGO",19189,24,24,0,0,0,1,1,0,0,0,23,23,0,0
1998,"WINNEBAGO",19189,30,30,0,0,0,1,1,0,0,0,29,29,0,0
1999,"WINNEBAGO",19189,20,20,0,0,0,1,1,0,0,0,19,19,0,0
2000,"WINNEBAGO",19189,18,18,0,0,0,0,0,0,0,0,18,18,0,0
2001,"WINNEBAGO",19189,38,38,0,0,0,2,2,0,0,0,36,36,0,0
2002,"WINNEBAGO",19189,30,30,0,0,0,1,1,0,0,0,29,29,0,0
2003,"WINNEBAGO",19189,32,32,0,0,0,0,0,0,0,0,32,32,0,0
1990,"WINNESHIEK",19191,5,3,1,1,0,3,1,1,1,0,2,2,0,0
1991,"WINNESHIEK",19191,10,10,0,0,0,3,3,0,0,0,7,7,0,0
1992,"WINNESHIEK",19191,13,12,1,0,0,5,4,1,0,0,8,8,0,0
1993,"WINNESHIEK",19191,10,6,3,1,0,5,1,3,1,0,5,5,0,0
1994,"WINNESHIEK",19191,10,10,0,0,0,2,2,0,0,0,8,8,0,0
1995,"WINNESHIEK",19191,20,16,0,0,4,8,4,0,0,4,12,12,0,0
1996,"WINNESHIEK",19191,18,18,0,0,0,5,5,0,0,0,13,13,0,0
1997,"WINNESHIEK",19191,31,26,0,3,2,7,3,0,3,1,24,23,0,1
1998,"WINNESHIEK",19191,26,24,0,1,1,2,1,0,1,0,24,23,0,1
1999,"WINNESHIEK",19191,13,13,0,0,0,0,0,0,0,0,13,13,0,0
2000,"WINNESHIEK",19191,13,12,0,0,1,3,3,0,0,0,10,9,0,1
2001,"WINNESHIEK",19191,18,16,0,1,1,2,1,0,1,0,16,15,0,1
2002,"WINNESHIEK",19191,31,31,0,0,0,0,0,0,0,0,31,31,0,0
2003,"WINNESHIEK",19191,39,38,0,0,1,6,6,0,0,0,33,32,0,1
1990,"WOODBURY",19193,296,284,2,1,9,48,43,2,1,2,248,241,0,7
1991,"WOODBURY",19193,314,296,1,1,16,49,42,1,1,5,265,254,0,11
1992,"WOODBURY",19193,319,301,2,2,14,27,22,2,2,1,292,279,0,13
1993,"WOODBURY",19193,298,276,6,0,16,17,9,6,0,2,281,267,0,14
1994,"WOODBURY",19193,315,304,0,0,11,14,13,0,0,1,301,291,0,10
1995,"WOODBURY",19193,347,333,0,1,13,13,9,0,1,3,334,324,0,10
1996,"WOODBURY",19193,405,387,0,0,18,15,9,0,0,6,390,378,0,12
1997,"WOODBURY",19193,531,510,0,1,20,19,16,0,1,2,512,494,0,18
1998,"WOODBURY",19193,515,498,1,0,16,9,7,1,0,1,506,491,0,15
1999,"WOODBURY",19193,436,430,3,0,3,6,3,3,0,0,430,427,0,3
2000,"WOODBURY",19193,442,423,2,1,16,15,10,2,1,2,427,413,0,14
2001,"WOODBURY",19193,552,539,2,0,11,19,16,2,0,1,533,523,0,10
2002,"WOODBURY",19193,571,557,2,0,12,20,18,2,0,0,551,539,0,12
2003,"WOODBURY",19193,594,569,1,1,23,22,18,1,1,2,572,551,0,21
1990,"WORTH",19195,15,14,1,0,0,7,6,1,0,0,8,8,0,0
1991,"WORTH",19195,16,16,0,0,0,5,5,0,0,0,11,11,0,0
1992,"WORTH",19195,12,12,0,0,0,2,2,0,0,0,10,10,0,0
1993,"WORTH",19195,7,7,0,0,0,1,1,0,0,0,6,6,0,0
1994,"WORTH",19195,9,9,0,0,0,1,1,0,0,0,8,8,0,0
1995,"WORTH",19195,8,8,0,0,0,0,0,0,0,0,8,8,0,0
1996,"WORTH",19195,16,15,0,0,1,1,0,0,0,1,15,15,0,0
1997,"WORTH",19195,24,24,0,0,0,2,2,0,0,0,22,22,0,0
1998,"WORTH",19195,18,18,0,0,0,1,1,0,0,0,17,17,0,0
1999,"WORTH",19195,19,19,0,0,0,1,1,0,0,0,18,18,0,0
2000,"WORTH",19195,19,18,0,0,1,1,1,0,0,0,18,17,0,1
2001,"WORTH",19195,23,23,0,0,0,3,3,0,0,0,20,20,0,0
2002,"WORTH",19195,24,24,0,0,0,1,1,0,0,0,23,23,0,0
2003,"WORTH",19195,24,23,0,0,1,0,0,0,0,0,24,23,0,1
1990,"WRIGHT",19197,30,29,1,0,0,6,5,1,0,0,24,24,0,0
1991,"WRIGHT",19197,35,34,0,1,0,12,11,0,1,0,23,23,0,0
1992,"WRIGHT",19197,34,34,0,0,0,6,6,0,0,0,28,28,0,0
1993,"WRIGHT",19197,20,20,0,0,0,3,3,0,0,0,17,17,0,0
1994,"WRIGHT",19197,20,20,0,0,0,4,4,0,0,0,16,16,0,0
1995,"WRIGHT",19197,24,24,0,0,0,0,0,0,0,0,24,24,0,0
1996,"WRIGHT",19197,57,57,0,0,0,3,3,0,0,0,54,54,0,0
1997,"WRIGHT",19197,35,34,0,0,1,1,1,0,0,0,34,33,0,1
1998,"WRIGHT",19197,36,35,0,0,1,1,1,0,0,0,35,34,0,1
1999,"WRIGHT",19197,34,34,0,0,0,0,0,0,0,0,34,34,0,0
2000,"WRIGHT",19197,36,36,0,0,0,1,1,0,0,0,35,35,0,0
2001,"WRIGHT",19197,54,53,0,0,1,1,1,0,0,0,53,52,0,1
2002,"WRIGHT",19197,58,57,0,0,1,3,3,0,0,0,55,54,0,1
2003,"WRIGHT",19197,52,50,1,0,1,2,1,1,0,0,50,49,0,1
1990,"ALLEN",20001,29,26,1,0,2,2,1,1,0,0,27,25,0,2
1991,"ALLEN",20001,37,33,1,0,3,2,1,1,0,0,35,32,0,3
1992,"ALLEN",20001,54,52,0,0,2,2,2,0,0,0,52,50,0,2
1993,"ALLEN",20001,45,41,0,0,4,2,1,0,0,1,43,40,0,3
1994,"ALLEN",20001,38,34,0,0,4,1,1,0,0,0,37,33,0,4
1995,"ALLEN",20001,35,28,0,1,6,2,1,0,1,0,33,27,0,6
1996,"ALLEN",20001,46,39,0,0,7,5,5,0,0,0,41,34,0,7
1997,"ALLEN",20001,62,53,0,1,8,3,1,0,1,1,59,52,0,7
1998,"ALLEN",20001,57,48,1,0,8,2,1,1,0,0,55,47,0,8
1999,"ALLEN",20001,46,40,0,1,5,1,0,0,1,0,45,40,0,5
2000,"ALLEN",20001,56,55,0,0,1,1,1,0,0,0,55,54,0,1
2001,"ALLEN",20001,76,70,0,0,6,1,1,0,0,0,75,69,0,6
2002,"ALLEN",20001,65,63,0,0,2,0,0,0,0,0,65,63,0,2
2003,"ALLEN",20001,89,79,0,0,10,3,3,0,0,0,86,76,0,10
1990,"ANDERSON",20003,10,8,0,0,2,2,2,0,0,0,8,6,0,2
1991,"ANDERSON",20003,17,13,1,1,2,2,0,1,1,0,15,13,0,2
1992,"ANDERSON",20003,28,20,1,0,7,2,0,1,0,1,26,20,0,6
1993,"ANDERSON",20003,15,10,0,0,5,2,1,0,0,1,13,9,0,4
1994,"ANDERSON",20003,22,21,1,0,0,1,0,1,0,0,21,21,0,0
1995,"ANDERSON",20003,30,22,0,0,8,2,2,0,0,0,28,20,0,8
1996,"ANDERSON",20003,36,21,0,1,14,2,0,0,1,1,34,21,0,13
1997,"ANDERSON",20003,35,22,0,0,13,0,0,0,0,0,35,22,0,13
1998,"ANDERSON",20003,38,31,2,0,5,2,2,0,0,0,36,29,2,5
1999,"ANDERSON",20003,27,19,0,0,8,0,0,0,0,0,27,19,0,8
2000,"ANDERSON",20003,34,20,0,0,14,2,1,0,0,1,32,19,0,13
2001,"ANDERSON",20003,45,24,0,2,19,3,0,0,2,1,42,24,0,18
2002,"ANDERSON",20003,43,30,0,0,13,0,0,0,0,0,43,30,0,13
2003,"ANDERSON",20003,46,36,0,0,10,0,0,0,0,0,46,36,0,10
1990,"ATCHISON",20005,37,25,0,0,12,1,1,0,0,0,36,24,0,12
1991,"ATCHISON",20005,52,38,0,0,14,1,1,0,0,0,51,37,0,14
1992,"ATCHISON",20005,49,26,2,0,21,3,1,2,0,0,46,25,0,21
1993,"ATCHISON",20005,46,32,0,0,14,2,0,0,0,2,44,32,0,12
1994,"ATCHISON",20005,50,29,0,0,21,1,0,0,0,1,49,29,0,20
1995,"ATCHISON",20005,57,38,1,0,18,2,1,1,0,0,55,37,0,18
1996,"ATCHISON",20005,75,53,1,0,21,2,1,1,0,0,73,52,0,21
1997,"ATCHISON",20005,102,81,1,0,20,1,0,1,0,0,101,81,0,20
1998,"ATCHISON",20005,68,55,1,0,12,1,0,1,0,0,67,55,0,12
1999,"ATCHISON",20005,65,50,0,0,15,0,0,0,0,0,65,50,0,15
2000,"ATCHISON",20005,61,50,0,0,11,0,0,0,0,0,61,50,0,11
2001,"ATCHISON",20005,82,57,0,0,25,0,0,0,0,0,82,57,0,25
2002,"ATCHISON",20005,97,70,0,0,27,0,0,0,0,0,97,70,0,27
2003,"ATCHISON",20005,104,79,0,0,25,0,0,0,0,0,104,79,0,25
1990,"BARBER",20007,12,10,2,0,0,4,2,2,0,0,8,8,0,0
1991,"BARBER",20007,12,12,0,0,0,1,1,0,0,0,11,11,0,0
1992,"BARBER",20007,15,13,0,2,0,2,0,0,2,0,13,13,0,0
1993,"BARBER",20007,17,15,0,1,1,3,1,0,1,1,14,14,0,0
1994,"BARBER",20007,13,11,0,0,2,1,0,0,0,1,12,11,0,1
1995,"BARBER",20007,19,15,0,0,4,5,3,0,0,2,14,12,0,2
1996,"BARBER",20007,20,18,0,2,0,3,1,0,2,0,17,17,0,0
1997,"BARBER",20007,16,16,0,0,0,1,1,0,0,0,15,15,0,0
1998,"BARBER",20007,29,22,0,0,7,3,1,0,0,2,26,21,0,5
1999,"BARBER",20007,23,21,0,0,2,1,1,0,0,0,22,20,0,2
2000,"BARBER",20007,20,19,0,0,1,1,1,0,0,0,19,18,0,1
2001,"BARBER",20007,16,14,0,0,2,1,1,0,0,0,15,13,0,2
2002,"BARBER",20007,24,21,0,2,1,4,2,0,2,0,20,19,0,1
2003,"BARBER",20007,24,22,1,0,1,4,3,1,0,0,20,19,0,1
1990,"BARTON",20009,84,82,0,0,2,6,5,0,0,1,78,77,0,1
1991,"BARTON",20009,89,84,2,0,3,7,5,2,0,0,82,79,0,3
1992,"BARTON",20009,69,60,1,2,6,10,6,1,2,1,59,54,0,5
1993,"BARTON",20009,77,73,1,0,3,2,0,1,0,1,75,73,0,2
1994,"BARTON",20009,79,76,2,0,1,1,0,1,0,0,78,76,1,1
1995,"BARTON",20009,68,64,1,0,3,1,0,1,0,0,67,64,0,3
1996,"BARTON",20009,100,92,1,0,7,2,1,1,0,0,98,91,0,7
1997,"BARTON",20009,99,92,0,0,7,4,2,0,0,2,95,90,0,5
1998,"BARTON",20009,110,98,0,0,12,0,0,0,0,0,110,98,0,12
1999,"BARTON",20009,109,103,1,0,5,1,0,1,0,0,108,103,0,5
2000,"BARTON",20009,97,89,0,0,8,0,0,0,0,0,97,89,0,8
2001,"BARTON",20009,105,99,0,0,6,0,0,0,0,0,105,99,0,6
2002,"BARTON",20009,127,121,1,0,5,2,1,1,0,0,125,120,0,5
2003,"BARTON",20009,153,140,0,0,13,3,2,0,0,1,150,138,0,12
1990,"BOURBON",20011,33,30,1,0,2,3,2,1,0,0,30,28,0,2
1991,"BOURBON",20011,44,41,1,0,2,2,1,1,0,0,42,40,0,2
1992,"BOURBON",20011,49,45,2,0,2,5,2,2,0,1,44,43,0,1
1993,"BOURBON",20011,38,33,0,1,4,5,2,0,1,2,33,31,0,2
1994,"BOURBON",20011,34,31,1,0,2,3,1,1,0,1,31,30,0,1
1995,"BOURBON",20011,37,31,0,0,6,2,0,0,0,2,35,31,0,4
1996,"BOURBON",20011,34,28,1,0,5,1,0,1,0,0,33,28,0,5
1997,"BOURBON",20011,61,58,0,0,3,3,3,0,0,0,58,55,0,3
1998,"BOURBON",20011,44,39,0,0,5,0,0,0,0,0,44,39,0,5
1999,"BOURBON",20011,51,47,0,0,4,0,0,0,0,0,51,47,0,4
2000,"BOURBON",20011,47,45,0,0,2,1,1,0,0,0,46,44,0,2
2001,"BOURBON",20011,70,68,0,0,2,0,0,0,0,0,70,68,0,2
2002,"BOURBON",20011,87,75,0,0,12,3,1,0,0,2,84,74,0,10
2003,"BOURBON",20011,81,72,0,0,9,0,0,0,0,0,81,72,0,9
1990,"BROWN",20013,16,10,1,0,5,2,0,1,0,1,14,10,0,4
1991,"BROWN",20013,34,21,2,0,11,2,0,2,0,0,32,21,0,11
1992,"BROWN",20013,35,18,0,2,15,4,1,0,2,1,31,17,0,14
1993,"BROWN",20013,28,16,1,0,11,1,0,1,0,0,27,16,0,11
1994,"BROWN",20013,27,15,0,0,12,1,1,0,0,0,26,14,0,12
1995,"BROWN",20013,37,22,0,0,15,0,0,0,0,0,37,22,0,15
1996,"BROWN",20013,47,24,1,0,22,1,0,1,0,0,46,24,0,22
1997,"BROWN",20013,66,42,0,0,24,0,0,0,0,0,66,42,0,24
1998,"BROWN",20013,56,35,0,0,21,1,1,0,0,0,55,34,0,21
1999,"BROWN",20013,71,45,0,0,26,3,1,0,0,2,68,44,0,24
2000,"BROWN",20013,62,34,2,0,26,4,2,2,0,0,58,32,0,26
2001,"BROWN",20013,63,46,0,0,17,1,1,0,0,0,62,45,0,17
2002,"BROWN",20013,74,53,0,0,21,3,2,0,0,1,71,51,0,20
2003,"BROWN",20013,62,45,0,0,17,3,1,0,0,2,59,44,0,15
1990,"BUTLER",20015,186,173,0,0,13,10,10,0,0,0,176,163,0,13
1991,"BUTLER",20015,226,200,1,0,25,6,2,1,0,3,220,198,0,22
1992,"BUTLER",20015,207,189,0,1,17,9,8,0,1,0,198,181,0,17
1993,"BUTLER",20015,199,177,1,0,21,11,9,1,0,1,188,168,0,20
1994,"BUTLER",20015,174,161,0,0,13,2,2,0,0,0,172,159,0,13
1995,"BUTLER",20015,219,201,0,0,18,3,3,0,0,0,216,198,0,18
1996,"BUTLER",20015,318,287,1,0,30,10,7,1,0,2,308,280,0,28
1997,"BUTLER",20015,319,292,1,0,26,7,3,1,0,3,312,289,0,23
1998,"BUTLER",20015,327,297,0,0,30,1,1,0,0,0,326,296,0,30
1999,"BUTLER",20015,289,259,0,0,30,4,4,0,0,0,285,255,0,30
2000,"BUTLER",20015,306,261,0,0,45,1,1,0,0,0,305,260,0,45
2001,"BUTLER",20015,384,350,3,0,31,6,3,3,0,0,378,347,0,31
2002,"BUTLER",20015,387,351,0,1,35,5,3,0,1,1,382,348,0,34
2003,"BUTLER",20015,412,378,0,0,34,2,2,0,0,0,410,376,0,34
1990,"CHASE",20017,12,8,0,0,4,1,0,0,0,1,11,8,0,3
1991,"CHASE",20017,5,4,0,0,1,0,0,0,0,0,5,4,0,1
1992,"CHASE",20017,11,9,0,1,1,1,0,0,1,0,10,9,0,1
1993,"CHASE",20017,13,6,1,1,5,3,1,1,1,0,10,5,0,5
1994,"CHASE",20017,12,9,0,0,3,0,0,0,0,0,12,9,0,3
1995,"CHASE",20017,12,10,0,0,2,2,1,0,0,1,10,9,0,1
1996,"CHASE",20017,15,12,0,0,3,0,0,0,0,0,15,12,0,3
1997,"CHASE",20017,16,12,0,0,4,0,0,0,0,0,16,12,0,4
1998,"CHASE",20017,17,13,0,0,4,0,0,0,0,0,17,13,0,4
1999,"CHASE",20017,6,6,0,0,0,0,0,0,0,0,6,6,0,0
2000,"CHASE",20017,17,12,0,0,5,0,0,0,0,0,17,12,0,5
2001,"CHASE",20017,16,13,0,0,3,0,0,0,0,0,16,13,0,3
2002,"CHASE",20017,10,10,0,0,0,0,0,0,0,0,10,10,0,0
2003,"CHASE",20017,20,18,0,0,2,0,0,0,0,0,20,18,0,2
1990,"CHAUTAUQUA",20019,15,13,1,0,1,2,0,1,0,1,13,13,0,0
1991,"CHAUTAUQUA",20019,11,9,0,0,2,2,1,0,0,1,9,8,0,1
1992,"CHAUTAUQUA",20019,9,9,0,0,0,0,0,0,0,0,9,9,0,0
1993,"CHAUTAUQUA",20019,10,8,0,0,2,1,1,0,0,0,9,7,0,2
1994,"CHAUTAUQUA",20019,14,14,0,0,0,3,3,0,0,0,11,11,0,0
1995,"CHAUTAUQUA",20019,10,8,0,0,2,1,0,0,0,1,9,8,0,1
1996,"CHAUTAUQUA",20019,14,12,0,0,2,1,0,0,0,1,13,12,0,1
1997,"CHAUTAUQUA",20019,12,10,0,0,2,2,0,0,0,2,10,10,0,0
1998,"CHAUTAUQUA",20019,15,10,0,0,5,1,0,0,0,1,14,10,0,4
1999,"CHAUTAUQUA",20019,15,13,0,0,2,1,0,0,0,1,14,13,0,1
2000,"CHAUTAUQUA",20019,11,11,0,0,0,1,1,0,0,0,10,10,0,0
2001,"CHAUTAUQUA",20019,13,11,0,0,2,0,0,0,0,0,13,11,0,2
2002,"CHAUTAUQUA",20019,19,18,0,0,1,0,0,0,0,0,19,18,0,1
2003,"CHAUTAUQUA",20019,21,21,0,0,0,0,0,0,0,0,21,21,0,0
1990,"CHEROKEE",20021,51,49,0,0,2,5,5,0,0,0,46,44,0,2
1991,"CHEROKEE",20021,49,46,0,2,1,1,0,0,1,0,48,46,0,1
1992,"CHEROKEE",20021,48,48,0,0,0,0,0,0,0,0,48,48,0,0
1993,"CHEROKEE",20021,51,50,0,1,0,2,1,0,1,0,49,49,0,0
1994,"CHEROKEE",20021,34,34,0,0,0,0,0,0,0,0,34,34,0,0
1995,"CHEROKEE",20021,49,48,0,0,1,1,1,0,0,0,48,47,0,1
1996,"CHEROKEE",20021,53,52,1,0,0,2,1,1,0,0,51,51,0,0
1997,"CHEROKEE",20021,84,82,0,0,2,0,0,0,0,0,84,82,0,2
1998,"CHEROKEE",20021,86,81,0,1,4,6,4,0,1,1,80,77,0,3
1999,"CHEROKEE",20021,58,52,2,0,4,2,0,2,0,0,56,52,0,4
2000,"CHEROKEE",20021,58,58,0,0,0,0,0,0,0,0,58,58,0,0
2001,"CHEROKEE",20021,108,108,0,0,0,0,0,0,0,0,108,108,0,0
2002,"CHEROKEE",20021,135,130,1,0,4,3,2,1,0,0,132,128,0,4
2003,"CHEROKEE",20021,115,112,0,0,3,2,2,0,0,0,113,110,0,3
1990,"CHEYENNE",20023,9,7,1,0,1,2,1,1,0,0,7,6,0,1
1991,"CHEYENNE",20023,3,2,1,0,0,2,1,1,0,0,1,1,0,0
1992,"CHEYENNE",20023,4,2,2,0,0,2,0,2,0,0,2,2,0,0
1993,"CHEYENNE",20023,8,6,1,0,1,4,2,1,0,1,4,4,0,0
1994,"CHEYENNE",20023,4,4,0,0,0,0,0,0,0,0,4,4,0,0
1995,"CHEYENNE",20023,2,2,0,0,0,0,0,0,0,0,2,2,0,0
1996,"CHEYENNE",20023,4,4,0,0,0,0,0,0,0,0,4,4,0,0
1997,"CHEYENNE",20023,8,7,0,0,1,1,0,0,0,1,7,7,0,0
1998,"CHEYENNE",20023,3,2,0,1,0,1,0,0,1,0,2,2,0,0
1999,"CHEYENNE",20023,6,3,0,0,3,0,0,0,0,0,6,3,0,3
2000,"CHEYENNE",20023,7,5,0,0,2,0,0,0,0,0,7,5,0,2
2001,"CHEYENNE",20023,5,4,1,0,0,2,1,1,0,0,3,3,0,0
2002,"CHEYENNE",20023,3,2,0,0,1,0,0,0,0,0,3,2,0,1
2003,"CHEYENNE",20023,9,8,0,0,1,0,0,0,0,0,9,8,0,1
1990,"CLARK",20025,4,2,1,0,1,2,0,1,0,1,2,2,0,0
1991,"CLARK",20025,5,4,0,1,0,2,1,0,1,0,3,3,0,0
1992,"CLARK",20025,1,1,0,0,0,0,0,0,0,0,1,1,0,0
1993,"CLARK",20025,6,4,1,1,0,3,1,1,1,0,3,3,0,0
1995,"CLARK",20025,6,6,0,0,0,2,2,0,0,0,4,4,0,0
1996,"CLARK",20025,7,6,1,0,0,2,1,1,0,0,5,5,0,0
1997,"CLARK",20025,10,8,0,0,2,0,0,0,0,0,10,8,0,2
1998,"CLARK",20025,10,9,0,0,1,0,0,0,0,0,10,9,0,1
1999,"CLARK",20025,5,5,0,0,0,0,0,0,0,0,5,5,0,0
2000,"CLARK",20025,9,8,0,0,1,0,0,0,0,0,9,8,0,1
2001,"CLARK",20025,4,3,0,0,1,0,0,0,0,0,4,3,0,1
2002,"CLARK",20025,7,6,0,0,1,0,0,0,0,0,7,6,0,1
2003,"CLARK",20025,6,6,0,0,0,0,0,0,0,0,6,6,0,0
1990,"CLAY",20027,26,19,0,0,7,2,2,0,0,0,24,17,0,7
1991,"CLAY",20027,18,16,0,0,2,2,2,0,0,0,16,14,0,2
1992,"CLAY",20027,18,14,0,0,4,1,1,0,0,0,17,13,0,4
1993,"CLAY",20027,26,19,0,0,7,6,5,0,0,1,20,14,0,6
1994,"CLAY",20027,22,16,0,0,6,1,1,0,0,0,21,15,0,6
1995,"CLAY",20027,30,19,0,0,11,5,3,0,0,2,25,16,0,9
1996,"CLAY",20027,33,26,0,0,7,3,3,0,0,0,30,23,0,7
1997,"CLAY",20027,32,22,0,0,10,3,2,0,0,1,29,20,0,9
1998,"CLAY",20027,26,19,0,1,6,1,0,0,1,0,25,19,0,6
1999,"CLAY",20027,26,20,0,0,6,0,0,0,0,0,26,20,0,6
2000,"CLAY",20027,17,14,0,0,3,0,0,0,0,0,17,14,0,3
2001,"CLAY",20027,35,31,0,1,3,2,0,0,1,1,33,31,0,2
2002,"CLAY",20027,24,23,0,0,1,0,0,0,0,0,24,23,0,1
2003,"CLAY",20027,28,27,0,0,1,0,0,0,0,0,28,27,0,1
1990,"CLOUD",20029,14,10,1,0,3,6,4,1,0,1,8,6,0,2
1991,"CLOUD",20029,16,15,0,0,1,3,3,0,0,0,13,12,0,1
1992,"CLOUD",20029,17,14,2,0,1,4,2,2,0,0,13,12,0,1
1993,"CLOUD",20029,20,16,1,0,3,3,2,1,0,0,17,14,0,3
1994,"CLOUD",20029,23,20,0,0,3,2,2,0,0,0,21,18,0,3
1995,"CLOUD",20029,20,19,0,0,1,1,1,0,0,0,19,18,0,1
1996,"CLOUD",20029,29,21,0,0,8,2,1,0,0,1,27,20,0,7
1997,"CLOUD",20029,32,28,0,0,4,2,2,0,0,0,30,26,0,4
1998,"CLOUD",20029,37,34,0,0,3,1,1,0,0,0,36,33,0,3
1999,"CLOUD",20029,31,29,0,0,2,1,1,0,0,0,30,28,0,2
2000,"CLOUD",20029,37,33,0,0,4,2,2,0,0,0,35,31,0,4
2001,"CLOUD",20029,40,32,0,0,8,1,0,0,0,1,39,32,0,7
2002,"CLOUD",20029,36,35,0,0,1,1,1,0,0,0,35,34,0,1
2003,"CLOUD",20029,44,42,0,0,2,2,1,0,0,1,42,41,0,1
1990,"COFFEY",20031,20,15,1,0,4,1,0,1,0,0,19,15,0,4
1991,"COFFEY",20031,26,17,0,0,9,0,0,0,0,0,26,17,0,9
1992,"COFFEY",20031,19,13,0,0,6,3,2,0,0,1,16,11,0,5
1993,"COFFEY",20031,23,17,0,0,6,0,0,0,0,0,23,17,0,6
1994,"COFFEY",20031,32,24,0,0,8,3,2,0,0,1,29,22,0,7
1995,"COFFEY",20031,34,22,0,0,12,1,1,0,0,0,33,21,0,12
1996,"COFFEY",20031,39,20,0,0,19,2,1,0,0,1,37,19,0,18
1997,"COFFEY",20031,55,40,0,0,15,4,3,0,0,1,51,37,0,14
1998,"COFFEY",20031,46,35,0,0,11,1,1,0,0,0,45,34,0,11
1999,"COFFEY",20031,54,40,0,0,14,2,2,0,0,0,52,38,0,14
2000,"COFFEY",20031,31,20,0,0,11,0,0,0,0,0,31,20,0,11
2001,"COFFEY",20031,39,33,0,1,5,1,0,0,1,0,38,33,0,5
2002,"COFFEY",20031,33,26,0,0,7,1,0,0,0,1,32,26,0,6
2003,"COFFEY",20031,38,31,0,0,7,1,1,0,0,0,37,30,0,7
1990,"COMANCHE",20033,5,5,0,0,0,1,1,0,0,0,4,4,0,0
1991,"COMANCHE",20033,6,5,0,0,1,1,1,0,0,0,5,4,0,1
1992,"COMANCHE",20033,4,4,0,0,0,2,2,0,0,0,2,2,0,0
1993,"COMANCHE",20033,1,0,1,0,0,1,0,1,0,0,0,0,0,0
1994,"COMANCHE",20033,3,2,0,0,1,1,0,0,0,1,2,2,0,0
1995,"COMANCHE",20033,3,3,0,0,0,0,0,0,0,0,3,3,0,0
1996,"COMANCHE",20033,12,10,0,2,0,3,1,0,2,0,9,9,0,0
1997,"COMANCHE",20033,9,6,0,0,3,2,0,0,0,2,7,6,0,1
1998,"COMANCHE",20033,8,8,0,0,0,0,0,0,0,0,8,8,0,0
1999,"COMANCHE",20033,2,2,0,0,0,0,0,0,0,0,2,2,0,0
2000,"COMANCHE",20033,3,3,0,0,0,1,1,0,0,0,2,2,0,0
2001,"COMANCHE",20033,4,4,0,0,0,1,1,0,0,0,3,3,0,0
2002,"COMANCHE",20033,5,4,0,0,1,0,0,0,0,0,5,4,0,1
2003,"COMANCHE",20033,5,5,0,0,0,1,1,0,0,0,4,4,0,0
1990,"COWLEY",20035,129,127,1,0,1,7,6,1,0,0,122,121,0,1
1991,"COWLEY",20035,132,125,0,0,7,3,3,0,0,0,129,122,0,7
1992,"COWLEY",20035,110,103,0,0,7,1,1,0,0,0,109,102,0,7
1993,"COWLEY",20035,121,109,0,0,12,7,6,0,0,1,114,103,0,11
1994,"COWLEY",20035,142,132,1,0,9,6,5,1,0,0,136,127,0,9
1995,"COWLEY",20035,129,115,0,0,14,3,2,0,0,1,126,113,0,13
1996,"COWLEY",20035,193,180,0,0,13,3,1,0,0,2,190,179,0,11
1997,"COWLEY",20035,200,188,0,0,12,4,3,0,0,1,196,185,0,11
1998,"COWLEY",20035,192,182,1,0,9,2,1,1,0,0,190,181,0,9
1999,"COWLEY",20035,190,177,0,0,13,0,0,0,0,0,190,177,0,13
2000,"COWLEY",20035,171,165,0,0,6,1,1,0,0,0,170,164,0,6
2001,"COWLEY",20035,146,140,0,0,6,0,0,0,0,0,146,140,0,6
2002,"COWLEY",20035,163,154,1,0,8,1,0,1,0,0,162,154,0,8
2003,"COWLEY",20035,229,214,0,0,15,4,4,0,0,0,225,210,0,15
1990,"CRAWFORD",20037,57,53,0,0,4,6,4,0,0,2,51,49,0,2
1991,"CRAWFORD",20037,89,87,0,0,2,4,4,0,0,0,85,83,0,2
1992,"CRAWFORD",20037,76,72,1,1,2,4,2,1,1,0,72,70,0,2
1993,"CRAWFORD",20037,74,71,1,0,2,7,6,1,0,0,67,65,0,2
1994,"CRAWFORD",20037,84,80,1,0,3,3,1,1,0,1,81,79,0,2
1995,"CRAWFORD",20037,91,86,1,0,4,5,3,1,0,1,86,83,0,3
1996,"CRAWFORD",20037,105,103,1,0,1,2,1,1,0,0,103,102,0,1
1997,"CRAWFORD",20037,130,128,1,0,1,6,5,1,0,0,124,123,0,1
1998,"CRAWFORD",20037,124,121,0,0,3,3,3,0,0,0,121,118,0,3
1999,"CRAWFORD",20037,106,102,1,0,3,2,1,1,0,0,104,101,0,3
2000,"CRAWFORD",20037,113,110,0,0,3,4,4,0,0,0,109,106,0,3
2001,"CRAWFORD",20037,137,131,0,0,6,1,1,0,0,0,136,130,0,6
2002,"CRAWFORD",20037,157,152,0,0,5,2,1,0,0,1,155,151,0,4
2003,"CRAWFORD",20037,145,139,0,0,6,2,2,0,0,0,143,137,0,6
1990,"DECATUR",20039,10,8,0,0,2,1,1,0,0,0,9,7,0,2
1991,"DECATUR",20039,7,7,0,0,0,0,0,0,0,0,7,7,0,0
1992,"DECATUR",20039,6,5,0,0,1,1,0,0,0,1,5,5,0,0
1993,"DECATUR",20039,6,6,0,0,0,2,2,0,0,0,4,4,0,0
1994,"DECATUR",20039,15,13,0,0,2,1,1,0,0,0,14,12,0,2
1995,"DECATUR",20039,7,4,0,0,3,2,0,0,0,2,5,4,0,1
1996,"DECATUR",20039,10,9,0,0,1,2,1,0,0,1,8,8,0,0
1997,"DECATUR",20039,10,9,0,0,1,3,3,0,0,0,7,6,0,1
1998,"DECATUR",20039,24,22,0,1,1,2,1,0,1,0,22,21,0,1
1999,"DECATUR",20039,28,21,0,4,3,5,0,0,4,1,23,21,0,2
2000,"DECATUR",20039,31,28,0,0,3,1,0,0,0,1,30,28,0,2
2001,"DECATUR",20039,17,15,0,0,2,0,0,0,0,0,17,15,0,2
2002,"DECATUR",20039,36,28,2,0,6,2,0,2,0,0,34,28,0,6
2003,"DECATUR",20039,27,20,0,0,7,0,0,0,0,0,27,20,0,7
1990,"DICKINSON",20041,67,56,2,2,7,8,3,2,2,1,59,53,0,6
1991,"DICKINSON",20041,61,53,0,0,8,2,2,0,0,0,59,51,0,8
1992,"DICKINSON",20041,61,54,1,1,5,10,7,1,1,1,51,47,0,4
1993,"DICKINSON",20041,57,45,1,0,11,7,5,1,0,1,50,40,0,10
1994,"DICKINSON",20041,49,43,0,0,6,2,2,0,0,0,47,41,0,6
1995,"DICKINSON",20041,58,44,0,1,13,8,5,0,1,2,50,39,0,11
1996,"DICKINSON",20041,63,49,1,0,13,5,4,1,0,0,58,45,0,13
1997,"DICKINSON",20041,97,78,0,0,19,8,6,0,0,2,89,72,0,17
1998,"DICKINSON",20041,100,87,0,0,13,1,1,0,0,0,99,86,0,13
1999,"DICKINSON",20041,61,53,1,0,7,1,0,1,0,0,60,53,0,7
2000,"DICKINSON",20041,82,76,0,0,6,0,0,0,0,0,82,76,0,6
2001,"DICKINSON",20041,106,99,0,0,7,1,1,0,0,0,105,98,0,7
2002,"DICKINSON",20041,107,97,2,0,8,3,1,2,0,0,104,96,0,8
2003,"DICKINSON",20041,120,106,0,0,14,1,0,0,0,1,119,106,0,13
1990,"DONIPHAN",20043,29,23,0,0,6,0,0,0,0,0,29,23,0,6
1991,"DONIPHAN",20043,42,30,1,0,11,1,0,1,0,0,41,30,0,11
1992,"DONIPHAN",20043,32,21,1,0,10,4,2,1,0,1,28,19,0,9
1993,"DONIPHAN",20043,20,14,0,0,6,0,0,0,0,0,20,14,0,6
1994,"DONIPHAN",20043,20,11,1,0,8,2,0,1,0,1,18,11,0,7
1995,"DONIPHAN",20043,36,17,2,0,17,2,1,1,0,0,34,16,1,17
1996,"DONIPHAN",20043,33,21,0,0,12,0,0,0,0,0,33,21,0,12
1997,"DONIPHAN",20043,47,20,0,0,27,1,0,0,0,1,46,20,0,26
1998,"DONIPHAN",20043,17,13,0,0,4,0,0,0,0,0,17,13,0,4
1999,"DONIPHAN",20043,21,16,0,0,5,0,0,0,0,0,21,16,0,5
2000,"DONIPHAN",20043,27,21,0,0,6,1,1,0,0,0,26,20,0,6
2001,"DONIPHAN",20043,38,31,0,0,7,0,0,0,0,0,38,31,0,7
2002,"DONIPHAN",20043,30,22,0,0,8,0,0,0,0,0,30,22,0,8
2003,"DONIPHAN",20043,44,39,0,0,5,0,0,0,0,0,44,39,0,5
1990,"DOUGLAS",20045,213,116,3,0,94,7,3,3,0,1,206,113,0,93
1991,"DOUGLAS",20045,227,129,0,0,98,8,6,0,0,2,219,123,0,96
1992,"DOUGLAS",20045,243,147,2,0,94,24,15,2,0,7,219,132,0,87
1993,"DOUGLAS",20045,252,142,2,0,108,11,8,2,0,1,241,134,0,107
1994,"DOUGLAS",20045,269,145,1,0,123,11,6,0,0,5,258,139,1,118
1995,"DOUGLAS",20045,319,160,2,0,157,15,11,2,0,2,304,149,0,155
1996,"DOUGLAS",20045,376,206,1,0,169,7,4,1,0,2,369,202,0,167
1997,"DOUGLAS",20045,406,229,1,0,176,7,4,1,0,2,399,225,0,174
1998,"DOUGLAS",20045,442,270,0,0,172,9,8,0,0,1,433,262,0,171
1999,"DOUGLAS",20045,369,247,0,0,122,3,3,0,0,0,366,244,0,122
2000,"DOUGLAS",20045,359,224,1,0,134,4,2,1,0,1,355,222,0,133
2001,"DOUGLAS",20045,375,250,8,0,117,12,5,7,0,0,363,245,1,117
2002,"DOUGLAS",20045,445,292,2,0,151,9,5,2,0,2,436,287,0,149
2003,"DOUGLAS",20045,498,318,1,0,179,10,6,1,0,3,488,312,0,176
1990,"EDWARDS",20047,12,12,0,0,0,4,4,0,0,0,8,8,0,0
1991,"EDWARDS",20047,10,10,0,0,0,0,0,0,0,0,10,10,0,0
1992,"EDWARDS",20047,12,11,0,0,1,1,1,0,0,0,11,10,0,1
1993,"EDWARDS",20047,7,5,0,0,2,1,0,0,0,1,6,5,0,1
1994,"EDWARDS",20047,13,11,0,1,1,2,1,0,1,0,11,10,0,1
1995,"EDWARDS",20047,8,5,0,0,3,0,0,0,0,0,8,5,0,3
1996,"EDWARDS",20047,15,12,0,2,1,5,3,0,2,0,10,9,0,1
1997,"EDWARDS",20047,16,14,0,1,1,1,0,0,1,0,15,14,0,1
1998,"EDWARDS",20047,14,12,0,1,1,1,0,0,1,0,13,12,0,1
1999,"EDWARDS",20047,12,11,0,0,1,0,0,0,0,0,12,11,0,1
2000,"EDWARDS",20047,13,12,0,0,1,0,0,0,0,0,13,12,0,1
2001,"EDWARDS",20047,8,6,0,1,1,1,0,0,1,0,7,6,0,1
2002,"EDWARDS",20047,9,6,0,0,3,0,0,0,0,0,9,6,0,3
2003,"EDWARDS",20047,18,14,1,2,1,2,0,0,2,0,16,14,1,1
1990,"ELK",20049,11,11,0,0,0,0,0,0,0,0,11,11,0,0
1991,"ELK",20049,1,1,0,0,0,0,0,0,0,0,1,1,0,0
1992,"ELK",20049,8,8,0,0,0,0,0,0,0,0,8,8,0,0
1993,"ELK",20049,4,4,0,0,0,0,0,0,0,0,4,4,0,0
1994,"ELK",20049,6,5,0,0,1,0,0,0,0,0,6,5,0,1
1995,"ELK",20049,10,8,0,0,2,1,1,0,0,0,9,7,0,2
1996,"ELK",20049,12,12,0,0,0,3,3,0,0,0,9,9,0,0
1997,"ELK",20049,12,12,0,0,0,0,0,0,0,0,12,12,0,0
1998,"ELK",20049,9,9,0,0,0,0,0,0,0,0,9,9,0,0
1999,"ELK",20049,11,9,0,1,1,1,0,0,1,0,10,9,0,1
2000,"ELK",20049,10,9,0,0,1,0,0,0,0,0,10,9,0,1
2001,"ELK",20049,14,14,0,0,0,0,0,0,0,0,14,14,0,0
2002,"ELK",20049,21,21,0,0,0,0,0,0,0,0,21,21,0,0
2003,"ELK",20049,17,16,0,0,1,0,0,0,0,0,17,16,0,1
1990,"ELLIS",20051,47,46,0,0,1,3,3,0,0,0,44,43,0,1
1991,"ELLIS",20051,54,50,1,1,2,10,7,1,1,1,44,43,0,1
1992,"ELLIS",20051,54,47,2,0,5,4,2,2,0,0,50,45,0,5
1993,"ELLIS",20051,42,41,0,1,0,3,2,0,1,0,39,39,0,0
1994,"ELLIS",20051,39,35,2,0,2,6,4,2,0,0,33,31,0,2
1995,"ELLIS",20051,46,41,0,0,5,2,1,0,0,1,44,40,0,4
1996,"ELLIS",20051,60,55,0,0,5,1,1,0,0,0,59,54,0,5
1997,"ELLIS",20051,87,83,0,0,4,1,1,0,0,0,86,82,0,4
1998,"ELLIS",20051,96,91,0,0,5,3,2,0,0,1,93,89,0,4
1999,"ELLIS",20051,63,56,0,0,7,1,1,0,0,0,62,55,0,7
2000,"ELLIS",20051,56,55,0,0,1,1,1,0,0,0,55,54,0,1
2001,"ELLIS",20051,110,107,0,0,3,0,0,0,0,0,110,107,0,3
2002,"ELLIS",20051,75,72,0,0,3,5,5,0,0,0,70,67,0,3
2003,"ELLIS",20051,82,76,0,0,6,1,1,0,0,0,81,75,0,6
1990,"ELLSWORTH",20053,5,5,0,0,0,0,0,0,0,0,5,5,0,0
1991,"ELLSWORTH",20053,14,12,0,0,2,2,2,0,0,0,12,10,0,2
1992,"ELLSWORTH",20053,14,12,0,0,2,3,2,0,0,1,11,10,0,1
1993,"ELLSWORTH",20053,9,8,0,0,1,1,1,0,0,0,8,7,0,1
1994,"ELLSWORTH",20053,10,8,0,0,2,1,1,0,0,0,9,7,0,2
1995,"ELLSWORTH",20053,12,10,0,0,2,2,0,0,0,2,10,10,0,0
1996,"ELLSWORTH",20053,15,14,0,0,1,0,0,0,0,0,15,14,0,1
1997,"ELLSWORTH",20053,19,18,0,0,1,1,1,0,0,0,18,17,0,1
1998,"ELLSWORTH",20053,16,15,0,1,0,2,1,0,1,0,14,14,0,0
1999,"ELLSWORTH",20053,13,12,0,0,1,0,0,0,0,0,13,12,0,1
2000,"ELLSWORTH",20053,9,6,0,0,3,0,0,0,0,0,9,6,0,3
2001,"ELLSWORTH",20053,22,18,0,0,4,0,0,0,0,0,22,18,0,4
2002,"ELLSWORTH",20053,19,18,0,0,1,0,0,0,0,0,19,18,0,1
2003,"ELLSWORTH",20053,34,30,0,0,4,3,3,0,0,0,31,27,0,4
1990,"FINNEY",20055,95,89,1,0,5,8,7,1,0,0,87,82,0,5
1991,"FINNEY",20055,80,75,2,0,3,5,3,1,0,1,75,72,1,2
1992,"FINNEY",20055,114,104,2,4,4,10,3,2,4,1,104,101,0,3
1993,"FINNEY",20055,80,70,2,0,8,10,6,1,0,3,70,64,1,5
1994,"FINNEY",20055,88,75,3,1,9,10,4,3,1,2,78,71,0,7
1995,"FINNEY",20055,103,94,2,0,7,10,6,2,0,2,93,88,0,5
1996,"FINNEY",20055,130,115,1,0,14,10,6,1,0,3,120,109,0,11
1997,"FINNEY",20055,145,126,1,0,18,4,2,1,0,1,141,124,0,17
1998,"FINNEY",20055,179,162,0,0,17,4,4,0,0,0,175,158,0,17
1999,"FINNEY",20055,144,133,0,0,11,2,2,0,0,0,142,131,0,11
2000,"FINNEY",20055,113,107,0,1,5,4,3,0,1,0,109,104,0,5
2001,"FINNEY",20055,172,164,0,0,8,6,4,0,0,2,166,160,0,6
2002,"FINNEY",20055,146,136,1,0,9,3,2,1,0,0,143,134,0,9
2003,"FINNEY",20055,213,203,1,2,7,11,4,1,2,4,202,199,0,3
1990,"FORD",20057,87,77,1,2,7,4,1,1,2,0,83,76,0,7
1991,"FORD",20057,97,86,1,2,8,8,5,1,2,0,89,81,0,8
1992,"FORD",20057,104,89,4,3,8,14,6,4,3,1,90,83,0,7
1993,"FORD",20057,71,63,0,0,8,2,1,0,0,1,69,62,0,7
1994,"FORD",20057,59,54,1,0,4,3,2,1,0,0,56,52,0,4
1995,"FORD",20057,78,67,1,0,10,1,0,1,0,0,77,67,0,10
1996,"FORD",20057,81,67,2,0,12,3,0,2,0,1,78,67,0,11
1997,"FORD",20057,93,73,1,0,19,4,3,1,0,0,89,70,0,19
1998,"FORD",20057,85,69,0,0,16,0,0,0,0,0,85,69,0,16
1999,"FORD",20057,104,93,0,2,9,2,0,0,2,0,102,93,0,9
2000,"FORD",20057,92,86,0,0,6,1,1,0,0,0,91,85,0,6
2001,"FORD",20057,106,93,1,0,12,2,0,1,0,1,104,93,0,11
2002,"FORD",20057,112,99,0,0,13,2,2,0,0,0,110,97,0,13
2003,"FORD",20057,113,102,0,1,10,6,4,0,1,1,107,98,0,9
1990,"FRANKLIN",20059,72,53,1,0,18,7,4,1,0,2,65,49,0,16
1991,"FRANKLIN",20059,70,56,0,0,14,3,3,0,0,0,67,53,0,14
1992,"FRANKLIN",20059,85,66,1,0,18,7,3,1,0,3,78,63,0,15
1993,"FRANKLIN",20059,71,55,2,0,14,3,0,2,0,1,68,55,0,13
1994,"FRANKLIN",20059,99,65,1,0,33,2,1,0,0,1,97,64,1,32
1995,"FRANKLIN",20059,133,69,0,0,64,3,2,0,0,1,130,67,0,63
1996,"FRANKLIN",20059,153,67,0,0,86,1,1,0,0,0,152,66,0,86
1997,"FRANKLIN",20059,172,86,1,0,85,2,0,1,0,1,170,86,0,84
1998,"FRANKLIN",20059,175,94,0,0,81,2,0,0,0,2,173,94,0,79
1999,"FRANKLIN",20059,128,74,0,0,54,1,1,0,0,0,127,73,0,54
2000,"FRANKLIN",20059,134,66,0,0,68,3,2,0,0,1,131,64,0,67
2001,"FRANKLIN",20059,138,78,0,0,60,1,1,0,0,0,137,77,0,60
2002,"FRANKLIN",20059,172,96,3,1,72,5,1,3,1,0,167,95,0,72
2003,"FRANKLIN",20059,197,111,0,0,86,0,0,0,0,0,197,111,0,86
1990,"GEARY",20061,250,197,1,0,52,4,3,1,0,0,246,194,0,52
1991,"GEARY",20061,191,141,2,0,48,1,0,1,0,0,190,141,1,48
1992,"GEARY",20061,183,148,1,0,34,8,6,1,0,1,175,142,0,33
1993,"GEARY",20061,168,110,0,0,58,7,2,0,0,5,161,108,0,53
1994,"GEARY",20061,199,138,2,0,59,4,1,2,0,1,195,137,0,58
1995,"GEARY",20061,232,156,3,0,73,3,1,2,0,0,229,155,1,73
1996,"GEARY",20061,294,189,0,0,105,3,0,0,0,3,291,189,0,102
1997,"GEARY",20061,334,235,1,0,98,12,6,1,0,5,322,229,0,93
1998,"GEARY",20061,364,238,0,0,126,0,0,0,0,0,364,238,0,126
1999,"GEARY",20061,271,195,0,0,76,5,4,0,0,1,266,191,0,75
2000,"GEARY",20061,217,174,0,0,43,2,2,0,0,0,215,172,0,43
2001,"GEARY",20061,243,212,0,0,31,1,0,0,0,1,242,212,0,30
2002,"GEARY",20061,227,178,0,0,49,3,2,0,0,1,224,176,0,48
2003,"GEARY",20061,198,156,0,0,42,0,0,0,0,0,198,156,0,42
1990,"GOVE",20063,6,5,1,0,0,2,1,1,0,0,4,4,0,0
1991,"GOVE",20063,5,4,0,1,0,1,0,0,1,0,4,4,0,0
1992,"GOVE",20063,6,3,0,1,2,2,0,0,1,1,4,3,0,1
1993,"GOVE",20063,9,7,1,1,0,3,1,1,1,0,6,6,0,0
1994,"GOVE",20063,5,5,0,0,0,1,1,0,0,0,4,4,0,0
1995,"GOVE",20063,8,5,0,0,3,0,0,0,0,0,8,5,0,3
1996,"GOVE",20063,7,6,0,0,1,0,0,0,0,0,7,6,0,1
1997,"GOVE",20063,8,5,1,1,1,3,0,1,1,1,5,5,0,0
1998,"GOVE",20063,13,6,0,1,6,5,2,0,1,2,8,4,0,4
1999,"GOVE",20063,9,7,1,0,1,2,0,1,0,1,7,7,0,0
2000,"GOVE",20063,4,4,0,0,0,0,0,0,0,0,4,4,0,0
2001,"GOVE",20063,8,6,0,0,2,0,0,0,0,0,8,6,0,2
2002,"GOVE",20063,3,1,0,1,1,1,0,0,1,0,2,1,0,1
2003,"GOVE",20063,5,4,1,0,0,1,0,1,0,0,4,4,0,0
1990,"GRAHAM",20065,6,5,0,0,1,0,0,0,0,0,6,5,0,1
1991,"GRAHAM",20065,1,0,1,0,0,1,0,1,0,0,0,0,0,0
1992,"GRAHAM",20065,12,11,0,1,0,2,1,0,1,0,10,10,0,0
1993,"GRAHAM",20065,4,4,0,0,0,0,0,0,0,0,4,4,0,0
1994,"GRAHAM",20065,6,5,0,0,1,1,1,0,0,0,5,4,0,1
1995,"GRAHAM",20065,8,7,0,1,0,1,0,0,1,0,7,7,0,0
1996,"GRAHAM",20065,5,3,1,0,1,1,0,1,0,0,4,3,0,1
1997,"GRAHAM",20065,5,5,0,0,0,1,1,0,0,0,4,4,0,0
1998,"GRAHAM",20065,7,6,0,0,1,0,0,0,0,0,7,6,0,1
1999,"GRAHAM",20065,5,4,0,1,0,1,0,0,1,0,4,4,0,0
2000,"GRAHAM",20065,5,5,0,0,0,0,0,0,0,0,5,5,0,0
2001,"GRAHAM",20065,13,12,0,1,0,2,1,0,1,0,11,11,0,0
2002,"GRAHAM",20065,5,4,0,0,1,1,1,0,0,0,4,3,0,1
2003,"GRAHAM",20065,10,10,0,0,0,0,0,0,0,0,10,10,0,0
1990,"GRANT",20067,25,24,0,0,1,1,1,0,0,0,24,23,0,1
1991,"GRANT",20067,20,15,0,1,4,1,0,0,1,0,19,15,0,4
1992,"GRANT",20067,15,13,0,0,2,0,0,0,0,0,15,13,0,2
1993,"GRANT",20067,11,8,0,0,3,1,1,0,0,0,10,7,0,3
1994,"GRANT",20067,4,3,0,0,1,1,0,0,0,1,3,3,0,0
1995,"GRANT",20067,12,9,0,0,3,1,1,0,0,0,11,8,0,3
1996,"GRANT",20067,23,17,0,0,6,0,0,0,0,0,23,17,0,6
1997,"GRANT",20067,30,20,1,1,8,4,0,1,1,2,26,20,0,6
1998,"GRANT",20067,34,28,0,0,6,1,1,0,0,0,33,27,0,6
1999,"GRANT",20067,29,26,0,1,2,2,1,0,1,0,27,25,0,2
2000,"GRANT",20067,31,23,0,0,8,0,0,0,0,0,31,23,0,8
2001,"GRANT",20067,45,38,0,0,7,1,0,0,0,1,44,38,0,6
2002,"GRANT",20067,35,32,1,0,2,1,0,1,0,0,34,32,0,2
2003,"GRANT",20067,38,28,1,3,6,6,0,1,3,2,32,28,0,4
1990,"GRAY",20069,15,12,1,0,2,3,0,1,0,2,12,12,0,0
1991,"GRAY",20069,9,9,0,0,0,2,2,0,0,0,7,7,0,0
1992,"GRAY",20069,18,13,1,2,2,3,0,1,2,0,15,13,0,2
1993,"GRAY",20069,12,11,0,0,1,2,1,0,0,1,10,10,0,0
1994,"GRAY",20069,8,6,0,1,1,2,1,0,1,0,6,5,0,1
1995,"GRAY",20069,10,9,0,1,0,2,1,0,1,0,8,8,0,0
1996,"GRAY",20069,9,7,1,0,1,1,0,1,0,0,8,7,0,1
1997,"GRAY",20069,18,17,0,0,1,1,1,0,0,0,17,16,0,1
1998,"GRAY",20069,13,10,1,0,2,0,0,0,0,0,13,10,1,2
1999,"GRAY",20069,11,10,0,0,1,0,0,0,0,0,11,10,0,1
2000,"GRAY",20069,20,16,0,1,3,2,0,0,1,1,18,16,0,2
2001,"GRAY",20069,20,19,0,0,1,0,0,0,0,0,20,19,0,1
2002,"GRAY",20069,20,17,0,0,3,3,2,0,0,1,17,15,0,2
2003,"GRAY",20069,18,17,1,0,0,3,2,1,0,0,15,15,0,0
1990,"GREELEY",20071,4,3,0,1,0,2,1,0,1,0,2,2,0,0
1991,"GREELEY",20071,3,2,1,0,0,2,1,1,0,0,1,1,0,0
1992,"GREELEY",20071,1,1,0,0,0,0,0,0,0,0,1,1,0,0
1993,"GREELEY",20071,9,9,0,0,0,1,1,0,0,0,8,8,0,0
1994,"GREELEY",20071,2,2,0,0,0,1,1,0,0,0,1,1,0,0
1995,"GREELEY",20071,2,2,0,0,0,0,0,0,0,0,2,2,0,0
1996,"GREELEY",20071,4,3,0,0,1,1,1,0,0,0,3,2,0,1
1997,"GREELEY",20071,2,2,0,0,0,0,0,0,0,0,2,2,0,0
1998,"GREELEY",20071,2,2,0,0,0,0,0,0,0,0,2,2,0,0
1999,"GREELEY",20071,11,8,0,0,3,0,0,0,0,0,11,8,0,3
2000,"GREELEY",20071,13,7,2,0,4,2,0,2,0,0,11,7,0,4
2001,"GREELEY",20071,11,8,1,0,2,1,0,1,0,0,10,8,0,2
2002,"GREELEY",20071,10,8,0,1,1,1,0,0,1,0,9,8,0,1
2003,"GREELEY",20071,13,9,0,0,4,0,0,0,0,0,13,9,0,4
1990,"GREENWOOD",20073,23,18,1,0,4,1,0,1,0,0,22,18,0,4
1991,"GREENWOOD",20073,37,25,0,0,12,0,0,0,0,0,37,25,0,12
1992,"GREENWOOD",20073,24,19,1,0,4,3,2,1,0,0,21,17,0,4
1993,"GREENWOOD",20073,28,23,0,0,5,5,5,0,0,0,23,18,0,5
1994,"GREENWOOD",20073,13,11,0,0,2,0,0,0,0,0,13,11,0,2
1995,"GREENWOOD",20073,24,19,0,1,4,5,3,0,1,1,19,16,0,3
1996,"GREENWOOD",20073,39,35,0,0,4,1,1,0,0,0,38,34,0,4
1997,"GREENWOOD",20073,35,29,0,0,6,1,0,0,0,1,34,29,0,5
1998,"GREENWOOD",20073,35,29,1,0,5,1,0,1,0,0,34,29,0,5
1999,"GREENWOOD",20073,41,35,0,0,6,0,0,0,0,0,41,35,0,6
2000,"GREENWOOD",20073,35,34,0,0,1,0,0,0,0,0,35,34,0,1
2001,"GREENWOOD",20073,59,53,0,0,6,2,2,0,0,0,57,51,0,6
2002,"GREENWOOD",20073,56,50,0,0,6,0,0,0,0,0,56,50,0,6
2003,"GREENWOOD",20073,55,48,0,0,7,0,0,0,0,0,55,48,0,7
1990,"HAMILTON",20075,5,5,0,0,0,0,0,0,0,0,5,5,0,0
1991,"HAMILTON",20075,3,3,0,0,0,0,0,0,0,0,3,3,0,0
1992,"HAMILTON",20075,6,5,1,0,0,2,1,1,0,0,4,4,0,0
1993,"HAMILTON",20075,3,2,1,0,0,1,0,1,0,0,2,2,0,0
1994,"HAMILTON",20075,1,1,0,0,0,0,0,0,0,0,1,1,0,0
1995,"HAMILTON",20075,8,7,0,0,1,1,1,0,0,0,7,6,0,1
1996,"HAMILTON",20075,6,5,0,0,1,0,0,0,0,0,6,5,0,1
1997,"HAMILTON",20075,7,5,0,0,2,0,0,0,0,0,7,5,0,2
1998,"HAMILTON",20075,5,4,1,0,0,0,0,0,0,0,5,4,1,0
1999,"HAMILTON",20075,8,7,0,0,1,1,1,0,0,0,7,6,0,1
2000,"HAMILTON",20075,7,7,0,0,0,0,0,0,0,0,7,7,0,0
2001,"HAMILTON",20075,9,8,1,0,0,3,2,1,0,0,6,6,0,0
2002,"HAMILTON",20075,8,7,0,0,1,0,0,0,0,0,8,7,0,1
2003,"HAMILTON",20075,16,13,1,0,2,2,1,1,0,0,14,12,0,2
1990,"HARPER",20077,29,26,0,0,3,2,2,0,0,0,27,24,0,3
1991,"HARPER",20077,22,20,1,0,1,1,0,1,0,0,21,20,0,1
1992,"HARPER",20077,15,14,1,0,0,1,0,1,0,0,14,14,0,0
1993,"HARPER",20077,20,16,0,3,1,7,4,0,3,0,13,12,0,1
1994,"HARPER",20077,17,16,0,0,1,1,1,0,0,0,16,15,0,1
1995,"HARPER",20077,23,18,0,1,4,3,2,0,1,0,20,16,0,4
1996,"HARPER",20077,16,13,0,0,3,1,1,0,0,0,15,12,0,3
1997,"HARPER",20077,23,21,1,0,1,2,0,1,0,1,21,21,0,0
1998,"HARPER",20077,21,16,1,0,4,3,2,1,0,0,18,14,0,4
1999,"HARPER",20077,22,22,0,0,0,0,0,0,0,0,22,22,0,0
2000,"HARPER",20077,24,22,0,0,2,1,1,0,0,0,23,21,0,2
2001,"HARPER",20077,23,20,0,1,2,2,1,0,1,0,21,19,0,2
2002,"HARPER",20077,29,27,0,0,2,0,0,0,0,0,29,27,0,2
2003,"HARPER",20077,42,39,0,0,3,0,0,0,0,0,42,39,0,3
1990,"HARVEY",20079,94,82,1,0,11,7,5,1,0,1,87,77,0,10
1991,"HARVEY",20079,89,76,0,0,13,9,6,0,0,3,80,70,0,10
1992,"HARVEY",20079,87,78,0,0,9,6,5,0,0,1,81,73,0,8
1993,"HARVEY",20079,77,73,0,0,4,3,3,0,0,0,74,70,0,4
1994,"HARVEY",20079,73,66,0,0,7,2,1,0,0,1,71,65,0,6
1995,"HARVEY",20079,98,91,0,0,7,5,4,0,0,1,93,87,0,6
1996,"HARVEY",20079,130,117,1,0,12,7,6,1,0,0,123,111,0,12
1997,"HARVEY",20079,123,108,1,0,14,3,0,1,0,2,120,108,0,12
1998,"HARVEY",20079,180,158,1,0,21,4,2,1,0,1,176,156,0,20
1999,"HARVEY",20079,156,141,0,0,15,2,1,0,0,1,154,140,0,14
2000,"HARVEY",20079,144,127,0,0,17,2,0,0,0,2,142,127,0,15
2001,"HARVEY",20079,164,137,1,3,23,7,3,1,3,0,157,134,0,23
2002,"HARVEY",20079,176,165,2,0,9,3,1,2,0,0,173,164,0,9
2003,"HARVEY",20079,204,190,0,0,14,1,1,0,0,0,203,189,0,14
1990,"HASKELL",20081,12,12,0,0,0,2,2,0,0,0,10,10,0,0
1991,"HASKELL",20081,16,16,0,0,0,2,2,0,0,0,14,14,0,0
1992,"HASKELL",20081,16,16,0,0,0,2,2,0,0,0,14,14,0,0
1993,"HASKELL",20081,8,7,0,0,1,1,1,0,0,0,7,6,0,1
1994,"HASKELL",20081,8,6,0,0,2,0,0,0,0,0,8,6,0,2
1995,"HASKELL",20081,7,4,0,1,2,2,0,0,1,1,5,4,0,1
1996,"HASKELL",20081,10,8,0,1,1,2,0,0,1,1,8,8,0,0
1997,"HASKELL",20081,14,12,0,0,2,2,2,0,0,0,12,10,0,2
1998,"HASKELL",20081,9,9,0,0,0,0,0,0,0,0,9,9,0,0
1999,"HASKELL",20081,7,6,0,0,1,0,0,0,0,0,7,6,0,1
2000,"HASKELL",20081,11,11,0,0,0,0,0,0,0,0,11,11,0,0
2001,"HASKELL",20081,18,18,0,0,0,0,0,0,0,0,18,18,0,0
2002,"HASKELL",20081,13,13,0,0,0,0,0,0,0,0,13,13,0,0
2003,"HASKELL",20081,16,15,1,0,0,1,1,0,0,0,15,14,1,0
1990,"HODGEMAN",20083,8,6,1,1,0,3,1,1,1,0,5,5,0,0
1991,"HODGEMAN",20083,6,5,0,1,0,2,1,0,1,0,4,4,0,0
1992,"HODGEMAN",20083,4,2,1,1,0,2,0,1,1,0,2,2,0,0
1993,"HODGEMAN",20083,2,2,0,0,0,0,0,0,0,0,2,2,0,0
1994,"HODGEMAN",20083,2,1,0,0,1,0,0,0,0,0,2,1,0,1
1995,"HODGEMAN",20083,3,1,2,0,0,0,0,0,0,0,3,1,2,0
1996,"HODGEMAN",20083,5,5,0,0,0,0,0,0,0,0,5,5,0,0
1997,"HODGEMAN",20083,7,5,1,0,1,3,2,1,0,0,4,3,0,1
1998,"HODGEMAN",20083,10,10,0,0,0,1,1,0,0,0,9,9,0,0
1999,"HODGEMAN",20083,2,1,0,0,1,0,0,0,0,0,2,1,0,1
2000,"HODGEMAN",20083,3,3,0,0,0,1,1,0,0,0,2,2,0,0
2001,"HODGEMAN",20083,4,3,0,0,1,0,0,0,0,0,4,3,0,1
2002,"HODGEMAN",20083,7,6,0,0,1,1,1,0,0,0,6,5,0,1
2003,"HODGEMAN",20083,12,8,1,0,3,2,1,1,0,0,10,7,0,3
1990,"JACKSON",20085,44,23,1,1,19,4,2,1,1,0,40,21,0,19
1991,"JACKSON",20085,41,19,1,0,21,3,2,0,0,1,38,17,1,20
1992,"JACKSON",20085,33,19,0,2,12,4,2,0,2,0,29,17,0,12
1993,"JACKSON",20085,27,16,2,0,9,4,2,2,0,0,23,14,0,9
1994,"JACKSON",20085,22,15,0,0,7,0,0,0,0,0,22,15,0,7
1995,"JACKSON",20085,48,26,1,0,21,1,0,1,0,0,47,26,0,21
1996,"JACKSON",20085,64,39,1,0,24,2,1,1,0,0,62,38,0,24
1997,"JACKSON",20085,59,42,0,1,16,2,0,0,1,1,57,42,0,15
1998,"JACKSON",20085,55,32,0,0,23,1,1,0,0,0,54,31,0,23
1999,"JACKSON",20085,63,35,0,0,28,0,0,0,0,0,63,35,0,28
2000,"JACKSON",20085,47,37,0,0,10,0,0,0,0,0,47,37,0,10
2001,"JACKSON",20085,62,42,0,0,20,0,0,0,0,0,62,42,0,20
2002,"JACKSON",20085,96,63,0,0,33,3,1,0,0,2,93,62,0,31
2003,"JACKSON",20085,101,79,0,0,22,4,1,0,0,3,97,78,0,19
1990,"JEFFERSON",20087,60,30,0,1,29,3,2,0,1,0,57,28,0,29
1991,"JEFFERSON",20087,73,45,0,0,28,1,0,0,0,1,72,45,0,27
1992,"JEFFERSON",20087,58,40,0,0,18,5,5,0,0,0,53,35,0,18
1993,"JEFFERSON",20087,57,29,0,0,28,1,0,0,0,1,56,29,0,27
1994,"JEFFERSON",20087,49,23,0,0,26,0,0,0,0,0,49,23,0,26
1995,"JEFFERSON",20087,57,27,0,1,29,1,0,0,1,0,56,27,0,29
1996,"JEFFERSON",20087,85,53,0,0,32,1,1,0,0,0,84,52,0,32
1997,"JEFFERSON",20087,111,60,0,0,51,1,1,0,0,0,110,59,0,51
1998,"JEFFERSON",20087,103,64,1,0,38,2,1,1,0,0,101,63,0,38
1999,"JEFFERSON",20087,93,54,0,1,38,2,0,0,1,1,91,54,0,37
2000,"JEFFERSON",20087,105,67,0,0,38,1,1,0,0,0,104,66,0,38
2001,"JEFFERSON",20087,99,59,0,0,40,0,0,0,0,0,99,59,0,40
2002,"JEFFERSON",20087,112,54,1,0,57,1,0,1,0,0,111,54,0,57
2003,"JEFFERSON",20087,126,71,0,1,54,4,3,0,1,0,122,68,0,54
1990,"JEWELL",20089,9,7,1,0,1,1,0,1,0,0,8,7,0,1
1991,"JEWELL",20089,7,2,1,0,4,1,0,1,0,0,6,2,0,4
1992,"JEWELL",20089,4,4,0,0,0,0,0,0,0,0,4,4,0,0
1993,"JEWELL",20089,5,3,0,2,0,2,0,0,2,0,3,3,0,0
1994,"JEWELL",20089,5,3,1,1,0,3,1,1,1,0,2,2,0,0
1995,"JEWELL",20089,4,4,0,0,0,1,1,0,0,0,3,3,0,0
1996,"JEWELL",20089,12,10,0,1,1,3,1,0,1,1,9,9,0,0
1997,"JEWELL",20089,10,7,1,1,1,2,0,1,1,0,8,7,0,1
1998,"JEWELL",20089,7,7,0,0,0,0,0,0,0,0,7,7,0,0
1999,"JEWELL",20089,9,9,0,0,0,1,1,0,0,0,8,8,0,0
2000,"JEWELL",20089,11,11,0,0,0,1,1,0,0,0,10,10,0,0
2001,"JEWELL",20089,8,8,0,0,0,0,0,0,0,0,8,8,0,0
2002,"JEWELL",20089,13,10,0,0,3,0,0,0,0,0,13,10,0,3
2003,"JEWELL",20089,9,8,0,0,1,0,0,0,0,0,9,8,0,1
1990,"JOHNSON",20091,1152,972,20,1,159,100,74,20,1,5,1052,898,0,154
1991,"JOHNSON",20091,1367,1193,34,0,140,99,59,34,0,6,1268,1134,0,134
1992,"JOHNSON",20091,1337,1152,40,0,145,130,84,38,0,8,1207,1068,2,137
1993,"JOHNSON",20091,1134,967,30,0,137,104,68,29,0,7,1030,899,1,130
1994,"JOHNSON",20091,1097,935,21,0,141,67,41,19,0,7,1030,894,2,134
1995,"JOHNSON",20091,1148,941,17,0,190,53,30,16,0,7,1095,911,1,183
1996,"JOHNSON",20091,1299,1088,21,0,190,44,24,20,0,0,1255,1064,1,190
1997,"JOHNSON",20091,1497,1272,15,0,210,36,18,14,0,4,1461,1254,1,206
1998,"JOHNSON",20091,1606,1378,18,0,210,32,15,17,0,0,1574,1363,1,210
1999,"JOHNSON",20091,1278,1083,6,0,189,21,16,5,0,0,1257,1067,1,189
2000,"JOHNSON",20091,1257,1088,11,0,158,26,15,11,0,0,1231,1073,0,158
2001,"JOHNSON",20091,1749,1461,22,0,266,47,26,18,0,3,1702,1435,4,263
2002,"JOHNSON",20091,1964,1619,4,0,341,26,22,3,0,1,1938,1597,1,340
2003,"JOHNSON",20091,2166,1723,7,0,436,28,18,7,0,3,2138,1705,0,433
1990,"KEARNY",20093,4,3,0,0,1,0,0,0,0,0,4,3,0,1
1991,"KEARNY",20093,9,9,0,0,0,2,2,0,0,0,7,7,0,0
1992,"KEARNY",20093,8,7,0,0,1,0,0,0,0,0,8,7,0,1
1993,"KEARNY",20093,7,6,0,0,1,0,0,0,0,0,7,6,0,1
1994,"KEARNY",20093,14,14,0,0,0,1,1,0,0,0,13,13,0,0
1995,"KEARNY",20093,13,13,0,0,0,2,2,0,0,0,11,11,0,0
1996,"KEARNY",20093,15,12,0,0,3,1,1,0,0,0,14,11,0,3
1997,"KEARNY",20093,20,18,0,0,2,1,0,0,0,1,19,18,0,1
1998,"KEARNY",20093,13,12,0,0,1,0,0,0,0,0,13,12,0,1
1999,"KEARNY",20093,18,16,0,0,2,0,0,0,0,0,18,16,0,2
2000,"KEARNY",20093,10,10,0,0,0,0,0,0,0,0,10,10,0,0
2001,"KEARNY",20093,13,10,0,1,2,1,0,0,1,0,12,10,0,2
2002,"KEARNY",20093,13,13,0,0,0,0,0,0,0,0,13,13,0,0
2003,"KEARNY",20093,34,33,0,0,1,0,0,0,0,0,34,33,0,1
1990,"KINGMAN",20095,15,14,0,0,1,1,1,0,0,0,14,13,0,1
1991,"KINGMAN",20095,16,15,0,0,1,3,2,0,0,1,13,13,0,0
1992,"KINGMAN",20095,22,19,0,1,2,1,0,0,1,0,21,19,0,2
1993,"KINGMAN",20095,16,14,0,1,1,1,0,0,1,0,15,14,0,1
1994,"KINGMAN",20095,17,16,0,0,1,1,1,0,0,0,16,15,0,1
1995,"KINGMAN",20095,24,22,0,1,1,1,0,0,1,0,23,22,0,1
1996,"KINGMAN",20095,26,19,0,1,6,3,2,0,1,0,23,17,0,6
1997,"KINGMAN",20095,28,27,0,0,1,3,2,0,0,1,25,25,0,0
1998,"KINGMAN",20095,43,36,0,0,7,0,0,0,0,0,43,36,0,7
1999,"KINGMAN",20095,31,25,0,1,5,2,1,0,1,0,29,24,0,5
2000,"KINGMAN",20095,21,20,0,0,1,1,1,0,0,0,20,19,0,1
2001,"KINGMAN",20095,40,37,0,1,2,1,0,0,1,0,39,37,0,2
2002,"KINGMAN",20095,38,31,0,0,7,2,1,0,0,1,36,30,0,6
2003,"KINGMAN",20095,40,32,0,1,7,1,0,0,1,0,39,32,0,7
1990,"KIOWA",20097,5,4,0,0,1,0,0,0,0,0,5,4,0,1
1991,"KIOWA",20097,7,7,0,0,0,0,0,0,0,0,7,7,0,0
1992,"KIOWA",20097,15,11,1,1,2,2,0,1,1,0,13,11,0,2
1993,"KIOWA",20097,3,1,0,2,0,2,0,0,2,0,1,1,0,0
1994,"KIOWA",20097,8,8,0,0,0,3,3,0,0,0,5,5,0,0
1995,"KIOWA",20097,6,5,0,0,1,0,0,0,0,0,6,5,0,1
1996,"KIOWA",20097,12,7,0,3,2,5,0,0,3,2,7,7,0,0
1997,"KIOWA",20097,12,11,0,0,1,0,0,0,0,0,12,11,0,1
1998,"KIOWA",20097,10,10,0,0,0,0,0,0,0,0,10,10,0,0
1999,"KIOWA",20097,9,9,0,0,0,1,1,0,0,0,8,8,0,0
2000,"KIOWA",20097,14,9,0,2,3,2,0,0,2,0,12,9,0,3
2001,"KIOWA",20097,8,6,0,0,2,0,0,0,0,0,8,6,0,2
2002,"KIOWA",20097,20,15,0,0,5,0,0,0,0,0,20,15,0,5
2003,"KIOWA",20097,14,12,0,0,2,1,1,0,0,0,13,11,0,2
1990,"LABETTE",20099,71,69,2,0,0,5,3,2,0,0,66,66,0,0
1991,"LABETTE",20099,116,113,0,0,3,4,4,0,0,0,112,109,0,3
1992,"LABETTE",20099,77,74,0,0,3,8,7,0,0,1,69,67,0,2
1993,"LABETTE",20099,56,53,1,0,2,9,8,1,0,0,47,45,0,2
1994,"LABETTE",20099,50,45,0,2,3,8,6,0,2,0,42,39,0,3
1995,"LABETTE",20099,66,64,0,1,1,4,3,0,1,0,62,61,0,1
1996,"LABETTE",20099,83,77,1,0,5,9,8,1,0,0,74,69,0,5
1997,"LABETTE",20099,123,118,1,0,4,1,1,0,0,0,122,117,1,4
1998,"LABETTE",20099,118,111,0,0,7,2,2,0,0,0,116,109,0,7
1999,"LABETTE",20099,81,77,2,0,2,5,3,2,0,0,76,74,0,2
2000,"LABETTE",20099,73,70,0,0,3,4,3,0,0,1,69,67,0,2
2001,"LABETTE",20099,103,98,0,0,5,2,2,0,0,0,101,96,0,5
2002,"LABETTE",20099,104,101,0,0,3,3,3,0,0,0,101,98,0,3
2003,"LABETTE",20099,132,124,1,1,6,2,0,1,1,0,130,124,0,6
1990,"LANE",20101,3,2,0,1,0,2,1,0,1,0,1,1,0,0
1991,"LANE",20101,5,2,3,0,0,4,1,3,0,0,1,1,0,0
1992,"LANE",20101,7,7,0,0,0,0,0,0,0,0,7,7,0,0
1993,"LANE",20101,5,4,0,0,1,0,0,0,0,0,5,4,0,1
1994,"LANE",20101,5,5,0,0,0,0,0,0,0,0,5,5,0,0
1995,"LANE",20101,7,7,0,0,0,0,0,0,0,0,7,7,0,0
1996,"LANE",20101,2,1,0,1,0,1,0,0,1,0,1,1,0,0
1997,"LANE",20101,7,6,0,1,0,2,1,0,1,0,5,5,0,0
1998,"LANE",20101,6,5,0,1,0,2,1,0,1,0,4,4,0,0
1999,"LANE",20101,9,8,0,0,1,0,0,0,0,0,9,8,0,1
2000,"LANE",20101,3,3,0,0,0,0,0,0,0,0,3,3,0,0
2001,"LANE",20101,7,6,0,0,1,1,1,0,0,0,6,5,0,1
2002,"LANE",20101,13,12,0,0,1,1,1,0,0,0,12,11,0,1
2003,"LANE",20101,11,10,0,0,1,2,2,0,0,0,9,8,0,1
1990,"LEAVENWORTH",20103,197,162,2,0,33,11,7,2,0,2,186,155,0,31
1991,"LEAVENWORTH",20103,231,195,2,0,34,8,5,2,0,1,223,190,0,33
1992,"LEAVENWORTH",20103,209,168,2,0,39,16,8,2,0,6,193,160,0,33
1993,"LEAVENWORTH",20103,205,156,2,0,47,14,9,1,0,4,191,147,1,43
1994,"LEAVENWORTH",20103,162,135,1,0,26,4,3,1,0,0,158,132,0,26
1995,"LEAVENWORTH",20103,201,172,2,0,27,5,2,2,0,1,196,170,0,26
1996,"LEAVENWORTH",20103,241,194,1,0,46,2,2,0,0,0,239,192,1,46
1997,"LEAVENWORTH",20103,291,249,2,0,40,4,4,0,0,0,287,245,2,40
1998,"LEAVENWORTH",20103,322,270,2,0,50,3,1,1,0,1,319,269,1,49
1999,"LEAVENWORTH",20103,292,248,1,0,43,3,1,1,0,1,289,247,0,42
2000,"LEAVENWORTH",20103,260,221,1,0,38,3,1,1,0,1,257,220,0,37
2001,"LEAVENWORTH",20103,310,265,0,0,45,0,0,0,0,0,310,265,0,45
2002,"LEAVENWORTH",20103,363,303,0,0,60,1,1,0,0,0,362,302,0,60
2003,"LEAVENWORTH",20103,351,290,1,0,60,0,0,0,0,0,351,290,1,60
1990,"LINCOLN",20105,5,4,1,0,0,2,1,1,0,0,3,3,0,0
1991,"LINCOLN",20105,4,2,2,0,0,2,0,2,0,0,2,2,0,0
1992,"LINCOLN",20105,4,3,0,1,0,1,0,0,1,0,3,3,0,0
1993,"LINCOLN",20105,5,4,0,0,1,1,0,0,0,1,4,4,0,0
1995,"LINCOLN",20105,12,8,0,2,2,4,1,0,2,1,8,7,0,1
1996,"LINCOLN",20105,8,8,0,0,0,0,0,0,0,0,8,8,0,0
1997,"LINCOLN",20105,9,9,0,0,0,1,1,0,0,0,8,8,0,0
1998,"LINCOLN",20105,11,10,1,0,0,1,0,1,0,0,10,10,0,0
1999,"LINCOLN",20105,7,7,0,0,0,0,0,0,0,0,7,7,0,0
2000,"LINCOLN",20105,7,7,0,0,0,1,1,0,0,0,6,6,0,0
2001,"LINCOLN",20105,12,11,0,0,1,0,0,0,0,0,12,11,0,1
2002,"LINCOLN",20105,13,12,0,0,1,1,1,0,0,0,12,11,0,1
2003,"LINCOLN",20105,24,18,0,2,4,2,0,0,2,0,22,18,0,4
1990,"LINN",20107,21,19,0,0,2,2,0,0,0,2,19,19,0,0
1991,"LINN",20107,27,24,2,0,1,3,2,1,0,0,24,22,1,1
1992,"LINN",20107,23,22,0,0,1,1,1,0,0,0,22,21,0,1
1993,"LINN",20107,19,16,0,0,3,1,1,0,0,0,18,15,0,3
1994,"LINN",20107,24,22,1,0,1,4,3,1,0,0,20,19,0,1
1995,"LINN",20107,36,30,1,0,5,1,0,1,0,0,35,30,0,5
1996,"LINN",20107,35,28,1,1,5,2,0,1,1,0,33,28,0,5
1997,"LINN",20107,36,28,1,0,7,2,1,1,0,0,34,27,0,7
1998,"LINN",20107,26,21,1,0,4,2,1,1,0,0,24,20,0,4
1999,"LINN",20107,33,25,0,0,8,0,0,0,0,0,33,25,0,8
2000,"LINN",20107,42,31,0,0,11,0,0,0,0,0,42,31,0,11
2001,"LINN",20107,39,31,0,0,8,0,0,0,0,0,39,31,0,8
2002,"LINN",20107,56,42,0,0,14,0,0,0,0,0,56,42,0,14
2003,"LINN",20107,46,35,0,0,11,0,0,0,0,0,46,35,0,11
1990,"LOGAN",20109,3,2,0,0,1,0,0,0,0,0,3,2,0,1
1991,"LOGAN",20109,6,5,0,0,1,0,0,0,0,0,6,5,0,1
1992,"LOGAN",20109,4,3,1,0,0,2,1,1,0,0,2,2,0,0
1993,"LOGAN",20109,10,7,1,1,1,3,0,1,1,1,7,7,0,0
1994,"LOGAN",20109,5,4,0,1,0,1,0,0,1,0,4,4,0,0
1995,"LOGAN",20109,7,6,0,0,1,0,0,0,0,0,7,6,0,1
1996,"LOGAN",20109,5,5,0,0,0,0,0,0,0,0,5,5,0,0
1997,"LOGAN",20109,13,11,0,0,2,1,0,0,0,1,12,11,0,1
1998,"LOGAN",20109,7,4,0,2,1,2,0,0,2,0,5,4,0,1
1999,"LOGAN",20109,12,11,0,0,1,0,0,0,0,0,12,11,0,1
2000,"LOGAN",20109,9,8,0,0,1,1,0,0,0,1,8,8,0,0
2001,"LOGAN",20109,14,11,0,1,2,2,0,0,1,1,12,11,0,1
2002,"LOGAN",20109,16,15,0,0,1,0,0,0,0,0,16,15,0,1
2003,"LOGAN",20109,5,5,0,0,0,0,0,0,0,0,5,5,0,0
1990,"LYON",20111,143,87,18,0,38,20,2,18,0,0,123,85,0,38
1991,"LYON",20111,140,102,0,0,38,3,2,0,0,1,137,100,0,37
1992,"LYON",20111,104,78,0,0,26,2,2,0,0,0,102,76,0,26
1993,"LYON",20111,92,66,0,0,26,2,2,0,0,0,90,64,0,26
1994,"LYON",20111,83,60,1,0,22,3,0,1,0,2,80,60,0,20
1995,"LYON",20111,100,69,3,0,28,6,4,2,0,0,94,65,1,28
1996,"LYON",20111,141,108,0,0,33,6,5,0,0,1,135,103,0,32
1997,"LYON",20111,166,123,0,0,43,3,3,0,0,0,163,120,0,43
1998,"LYON",20111,158,121,0,0,37,1,1,0,0,0,157,120,0,37
1999,"LYON",20111,142,110,1,0,31,3,1,1,0,1,139,109,0,30
2000,"LYON",20111,159,125,2,0,32,3,1,2,0,0,156,124,0,32
2001,"LYON",20111,182,146,0,0,36,1,1,0,0,0,181,145,0,36
2002,"LYON",20111,183,151,3,0,29,4,0,3,0,1,179,151,0,28
2003,"LYON",20111,211,177,0,1,33,4,3,0,1,0,207,174,0,33
1990,"MCPHERSON",20113,64,62,2,0,0,5,3,2,0,0,59,59,0,0
1991,"MCPHERSON",20113,73,69,0,0,4,4,4,0,0,0,69,65,0,4
1992,"MCPHERSON",20113,57,54,2,0,1,6,4,2,0,0,51,50,0,1
1993,"MCPHERSON",20113,59,57,0,0,2,6,6,0,0,0,53,51,0,2
1994,"MCPHERSON",20113,49,43,0,0,6,3,3,0,0,0,46,40,0,6
1995,"MCPHERSON",20113,59,48,0,1,10,4,3,0,1,0,55,45,0,10
1996,"MCPHERSON",20113,75,68,0,0,7,3,3,0,0,0,72,65,0,7
1997,"MCPHERSON",20113,131,122,0,0,9,6,6,0,0,0,125,116,0,9
1998,"MCPHERSON",20113,98,90,1,0,7,2,1,1,0,0,96,89,0,7
1999,"MCPHERSON",20113,142,131,0,0,11,4,4,0,0,0,138,127,0,11
2000,"MCPHERSON",20113,95,91,0,0,4,0,0,0,0,0,95,91,0,4
2001,"MCPHERSON",20113,161,144,0,1,16,2,0,0,1,1,159,144,0,15
2002,"MCPHERSON",20113,148,131,0,0,17,0,0,0,0,0,148,131,0,17
2003,"MCPHERSON",20113,186,171,1,1,13,6,4,1,1,0,180,167,0,13
1990,"MARION",20115,21,18,0,0,3,1,1,0,0,0,20,17,0,3
1991,"MARION",20115,40,34,1,1,4,4,1,1,1,1,36,33,0,3
1992,"MARION",20115,17,17,0,0,0,0,0,0,0,0,17,17,0,0
1993,"MARION",20115,16,14,1,0,1,4,3,1,0,0,12,11,0,1
1994,"MARION",20115,16,15,0,0,1,1,1,0,0,0,15,14,0,1
1995,"MARION",20115,31,29,0,1,1,3,2,0,1,0,28,27,0,1
1996,"MARION",20115,29,27,1,0,1,1,0,1,0,0,28,27,0,1
1997,"MARION",20115,37,34,0,1,2,4,3,0,1,0,33,31,0,2
1998,"MARION",20115,50,43,1,0,6,2,1,0,0,1,48,42,1,5
1999,"MARION",20115,32,29,0,0,3,0,0,0,0,0,32,29,0,3
2000,"MARION",20115,43,38,0,0,5,2,2,0,0,0,41,36,0,5
2001,"MARION",20115,44,41,0,1,2,2,0,0,1,1,42,41,0,1
2002,"MARION",20115,56,53,0,1,2,3,2,0,1,0,53,51,0,2
2003,"MARION",20115,64,55,1,0,8,2,1,1,0,0,62,54,0,8
1990,"MARSHALL",20117,28,19,1,2,6,4,1,1,2,0,24,18,0,6
1991,"MARSHALL",20117,37,18,0,1,18,2,0,0,1,1,35,18,0,17
1992,"MARSHALL",20117,29,14,1,1,13,3,1,1,1,0,26,13,0,13
1993,"MARSHALL",20117,19,12,1,0,6,3,2,1,0,0,16,10,0,6
1994,"MARSHALL",20117,18,9,0,0,9,0,0,0,0,0,18,9,0,9
1995,"MARSHALL",20117,19,11,0,0,8,0,0,0,0,0,19,11,0,8
1996,"MARSHALL",20117,21,18,0,0,3,0,0,0,0,0,21,18,0,3
1997,"MARSHALL",20117,29,18,3,0,8,4,1,2,0,1,25,17,1,7
1998,"MARSHALL",20117,27,11,1,0,15,0,0,0,0,0,27,11,1,15
1999,"MARSHALL",20117,41,28,0,1,12,1,0,0,1,0,40,28,0,12
2000,"MARSHALL",20117,43,37,0,0,6,1,1,0,0,0,42,36,0,6
2001,"MARSHALL",20117,49,44,0,0,5,0,0,0,0,0,49,44,0,5
2002,"MARSHALL",20117,33,24,0,0,9,0,0,0,0,0,33,24,0,9
2003,"MARSHALL",20117,33,24,0,1,8,1,0,0,1,0,32,24,0,8
1990,"MEADE",20119,10,8,0,1,1,1,0,0,1,0,9,8,0,1
1991,"MEADE",20119,11,9,0,2,0,3,1,0,2,0,8,8,0,0
1992,"MEADE",20119,15,8,1,1,5,5,3,1,1,0,10,5,0,5
1993,"MEADE",20119,6,6,0,0,0,2,2,0,0,0,4,4,0,0
1994,"MEADE",20119,6,6,0,0,0,1,1,0,0,0,5,5,0,0
1995,"MEADE",20119,7,5,1,1,0,1,0,0,1,0,6,5,1,0
1996,"MEADE",20119,9,8,0,0,1,0,0,0,0,0,9,8,0,1
1997,"MEADE",20119,15,12,0,1,2,2,0,0,1,1,13,12,0,1
1998,"MEADE",20119,11,9,0,0,2,0,0,0,0,0,11,9,0,2
1999,"MEADE",20119,12,10,0,0,2,0,0,0,0,0,12,10,0,2
2000,"MEADE",20119,11,9,0,0,2,0,0,0,0,0,11,9,0,2
2001,"MEADE",20119,10,9,0,0,1,1,1,0,0,0,9,8,0,1
2002,"MEADE",20119,21,18,0,0,3,1,1,0,0,0,20,17,0,3
2003,"MEADE",20119,18,17,0,0,1,1,1,0,0,0,17,16,0,1
1990,"MIAMI",20121,61,55,1,0,5,5,4,1,0,0,56,51,0,5
1991,"MIAMI",20121,77,64,0,0,13,4,3,0,0,1,73,61,0,12
1992,"MIAMI",20121,82,73,0,0,9,2,2,0,0,0,80,71,0,9
1993,"MIAMI",20121,78,69,0,0,9,3,1,0,0,2,75,68,0,7
1994,"MIAMI",20121,67,58,0,0,9,0,0,0,0,0,67,58,0,9
1995,"MIAMI",20121,70,65,0,0,5,1,1,0,0,0,69,64,0,5
1996,"MIAMI",20121,86,71,0,1,14,4,2,0,1,1,82,69,0,13
1997,"MIAMI",20121,92,66,0,0,26,7,4,0,0,3,85,62,0,23
1998,"MIAMI",20121,101,82,0,0,19,2,2,0,0,0,99,80,0,19
1999,"MIAMI",20121,108,86,0,0,22,0,0,0,0,0,108,86,0,22
2000,"MIAMI",20121,92,80,0,0,12,0,0,0,0,0,92,80,0,12
2001,"MIAMI",20121,106,86,0,0,20,2,2,0,0,0,104,84,0,20
2002,"MIAMI",20121,143,115,1,0,27,2,1,1,0,0,141,114,0,27
2003,"MIAMI",20121,192,135,0,0,57,1,0,0,0,1,191,135,0,56
1990,"MITCHELL",20123,6,6,0,0,0,2,2,0,0,0,4,4,0,0
1991,"MITCHELL",20123,15,15,0,0,0,1,1,0,0,0,14,14,0,0
1992,"MITCHELL",20123,7,5,0,1,1,3,2,0,1,0,4,3,0,1
1993,"MITCHELL",20123,9,6,0,0,3,0,0,0,0,0,9,6,0,3
1994,"MITCHELL",20123,8,6,0,1,1,1,0,0,1,0,7,6,0,1
1995,"MITCHELL",20123,21,20,0,0,1,2,2,0,0,0,19,18,0,1
1996,"MITCHELL",20123,15,11,1,2,1,6,2,1,2,1,9,9,0,0
1997,"MITCHELL",20123,24,22,0,0,2,0,0,0,0,0,24,22,0,2
1998,"MITCHELL",20123,15,12,0,1,2,1,0,0,1,0,14,12,0,2
1999,"MITCHELL",20123,16,15,0,0,1,0,0,0,0,0,16,15,0,1
2000,"MITCHELL",20123,19,17,0,0,2,1,1,0,0,0,18,16,0,2
2001,"MITCHELL",20123,19,18,0,0,1,0,0,0,0,0,19,18,0,1
2002,"MITCHELL",20123,15,15,0,0,0,0,0,0,0,0,15,15,0,0
2003,"MITCHELL",20123,19,16,0,1,2,1,0,0,1,0,18,16,0,2
1990,"MONTGOMERY",20125,148,144,2,0,2,8,6,2,0,0,140,138,0,2
1991,"MONTGOMERY",20125,168,162,0,0,6,9,9,0,0,0,159,153,0,6
1992,"MONTGOMERY",20125,151,141,1,0,9,9,6,1,0,2,142,135,0,7
1993,"MONTGOMERY",20125,128,122,0,0,6,16,15,0,0,1,112,107,0,5
1994,"MONTGOMERY",20125,102,97,0,0,5,8,8,0,0,0,94,89,0,5
1995,"MONTGOMERY",20125,120,109,1,3,7,16,13,0,3,0,104,96,1,7
1996,"MONTGOMERY",20125,153,143,0,0,10,8,7,0,0,1,145,136,0,9
1997,"MONTGOMERY",20125,197,182,0,1,14,13,8,0,1,4,184,174,0,10
1998,"MONTGOMERY",20125,255,237,0,0,18,5,4,0,0,1,250,233,0,17
1999,"MONTGOMERY",20125,210,195,1,0,14,2,1,1,0,0,208,194,0,14
2000,"MONTGOMERY",20125,170,162,0,0,8,1,0,0,0,1,169,162,0,7
2001,"MONTGOMERY",20125,197,189,0,0,8,2,2,0,0,0,195,187,0,8
2002,"MONTGOMERY",20125,195,183,0,0,12,2,2,0,0,0,193,181,0,12
2003,"MONTGOMERY",20125,199,191,0,0,8,2,2,0,0,0,197,189,0,8
1990,"MORRIS",20127,20,14,0,0,6,1,1,0,0,0,19,13,0,6
1991,"MORRIS",20127,21,18,0,0,3,0,0,0,0,0,21,18,0,3
1992,"MORRIS",20127,13,8,0,0,5,0,0,0,0,0,13,8,0,5
1993,"MORRIS",20127,15,10,0,0,5,0,0,0,0,0,15,10,0,5
1994,"MORRIS",20127,14,8,0,0,6,0,0,0,0,0,14,8,0,6
1995,"MORRIS",20127,15,11,0,1,3,2,0,0,1,1,13,11,0,2
1996,"MORRIS",20127,26,19,0,0,7,3,3,0,0,0,23,16,0,7
1997,"MORRIS",20127,33,24,0,1,8,2,1,0,1,0,31,23,0,8
1998,"MORRIS",20127,34,23,0,0,11,3,1,0,0,2,31,22,0,9
1999,"MORRIS",20127,27,19,1,0,7,1,0,1,0,0,26,19,0,7
2000,"MORRIS",20127,23,17,0,0,6,1,1,0,0,0,22,16,0,6
2001,"MORRIS",20127,41,34,0,0,7,1,0,0,0,1,40,34,0,6
2002,"MORRIS",20127,23,18,0,1,4,1,0,0,1,0,22,18,0,4
2003,"MORRIS",20127,30,23,0,0,7,3,3,0,0,0,27,20,0,7
1990,"MORTON",20129,6,5,0,1,0,1,0,0,1,0,5,5,0,0
1991,"MORTON",20129,5,3,0,1,1,2,0,0,1,1,3,3,0,0
1992,"MORTON",20129,6,4,1,0,1,1,0,1,0,0,5,4,0,1
1993,"MORTON",20129,6,3,0,3,0,3,0,0,3,0,3,3,0,0
1994,"MORTON",20129,7,6,1,0,0,2,1,1,0,0,5,5,0,0
1995,"MORTON",20129,8,6,0,0,2,2,2,0,0,0,6,4,0,2
1996,"MORTON",20129,3,2,0,1,0,2,1,0,1,0,1,1,0,0
1997,"MORTON",20129,17,13,0,2,2,4,1,0,2,1,13,12,0,1
1998,"MORTON",20129,10,7,0,2,1,2,0,0,2,0,8,7,0,1
1999,"MORTON",20129,8,6,0,0,2,0,0,0,0,0,8,6,0,2
2000,"MORTON",20129,14,12,0,0,2,0,0,0,0,0,14,12,0,2
2001,"MORTON",20129,9,9,0,0,0,0,0,0,0,0,9,9,0,0
2002,"MORTON",20129,14,10,0,3,1,3,0,0,3,0,11,10,0,1
2003,"MORTON",20129,11,11,0,0,0,1,1,0,0,0,10,10,0,0
1990,"NEMAHA",20131,14,10,0,0,4,0,0,0,0,0,14,10,0,4
1991,"NEMAHA",20131,5,4,1,0,0,0,0,0,0,0,5,4,1,0
1992,"NEMAHA",20131,6,5,0,0,1,0,0,0,0,0,6,5,0,1
1993,"NEMAHA",20131,15,10,1,0,4,1,0,1,0,0,14,10,0,4
1994,"NEMAHA",20131,9,3,3,0,3,4,1,3,0,0,5,2,0,3
1995,"NEMAHA",20131,10,6,0,1,3,1,0,0,1,0,9,6,0,3
1996,"NEMAHA",20131,4,3,0,0,1,0,0,0,0,0,4,3,0,1
1997,"NEMAHA",20131,13,7,0,0,6,0,0,0,0,0,13,7,0,6
1998,"NEMAHA",20131,20,13,0,1,6,1,0,0,1,0,19,13,0,6
1999,"NEMAHA",20131,28,15,0,0,13,0,0,0,0,0,28,15,0,13
2000,"NEMAHA",20131,19,11,1,0,7,1,0,1,0,0,18,11,0,7
2001,"NEMAHA",20131,13,10,0,0,3,0,0,0,0,0,13,10,0,3
2002,"NEMAHA",20131,13,8,0,0,5,0,0,0,0,0,13,8,0,5
2003,"NEMAHA",20131,20,15,0,0,5,1,1,0,0,0,19,14,0,5
1990,"NEOSHO",20133,38,37,0,0,1,4,4,0,0,0,34,33,0,1
1991,"NEOSHO",20133,51,47,1,1,2,5,3,1,1,0,46,44,0,2
1992,"NEOSHO",20133,39,39,0,0,0,1,1,0,0,0,38,38,0,0
1993,"NEOSHO",20133,41,39,0,0,2,11,10,0,0,1,30,29,0,1
1994,"NEOSHO",20133,34,32,0,0,2,5,5,0,0,0,29,27,0,2
1995,"NEOSHO",20133,48,45,0,0,3,6,6,0,0,0,42,39,0,3
1996,"NEOSHO",20133,64,56,0,0,8,3,1,0,0,2,61,55,0,6
1997,"NEOSHO",20133,77,72,1,0,4,2,1,1,0,0,75,71,0,4
1998,"NEOSHO",20133,63,60,0,0,3,3,3,0,0,0,60,57,0,3
1999,"NEOSHO",20133,63,60,0,0,3,1,1,0,0,0,62,59,0,3
2000,"NEOSHO",20133,54,53,0,0,1,0,0,0,0,0,54,53,0,1
2001,"NEOSHO",20133,74,72,0,0,2,5,5,0,0,0,69,67,0,2
2002,"NEOSHO",20133,81,77,0,0,4,0,0,0,0,0,81,77,0,4
2003,"NEOSHO",20133,94,87,0,0,7,1,1,0,0,0,93,86,0,7
1990,"NESS",20135,5,4,0,0,1,1,1,0,0,0,4,3,0,1
1991,"NESS",20135,8,7,1,0,0,2,1,1,0,0,6,6,0,0
1992,"NESS",20135,10,8,0,1,1,3,2,0,1,0,7,6,0,1
1993,"NESS",20135,8,7,1,0,0,2,1,1,0,0,6,6,0,0
1994,"NESS",20135,5,5,0,0,0,0,0,0,0,0,5,5,0,0
1995,"NESS",20135,4,4,0,0,0,1,1,0,0,0,3,3,0,0
1996,"NESS",20135,6,6,0,0,0,1,1,0,0,0,5,5,0,0
1997,"NESS",20135,15,11,0,1,3,3,1,0,1,1,12,10,0,2
1998,"NESS",20135,9,8,0,0,1,0,0,0,0,0,9,8,0,1
1999,"NESS",20135,14,13,0,1,0,1,0,0,1,0,13,13,0,0
2000,"NESS",20135,13,11,0,0,2,0,0,0,0,0,13,11,0,2
2001,"NESS",20135,5,5,0,0,0,0,0,0,0,0,5,5,0,0
2002,"NESS",20135,7,6,0,0,1,0,0,0,0,0,7,6,0,1
2003,"NESS",20135,11,11,0,0,0,1,1,0,0,0,10,10,0,0
1990,"NORTON",20137,8,8,0,0,0,0,0,0,0,0,8,8,0,0
1991,"NORTON",20137,10,10,0,0,0,0,0,0,0,0,10,10,0,0
1992,"NORTON",20137,11,9,0,0,2,1,1,0,0,0,10,8,0,2
1993,"NORTON",20137,13,12,0,0,1,0,0,0,0,0,13,12,0,1
1994,"NORTON",20137,4,3,0,0,1,0,0,0,0,0,4,3,0,1
1995,"NORTON",20137,7,5,1,0,1,1,1,0,0,0,6,4,1,1
1996,"NORTON",20137,6,6,0,0,0,0,0,0,0,0,6,6,0,0
1997,"NORTON",20137,22,20,0,1,1,4,3,0,1,0,18,17,0,1
1998,"NORTON",20137,19,17,1,0,1,1,1,0,0,0,18,16,1,1
1999,"NORTON",20137,15,14,0,0,1,0,0,0,0,0,15,14,0,1
2000,"NORTON",20137,17,14,1,0,2,1,1,0,0,0,16,13,1,2
2001,"NORTON",20137,16,16,0,0,0,0,0,0,0,0,16,16,0,0
2002,"NORTON",20137,19,16,0,2,1,3,1,0,2,0,16,15,0,1
2003,"NORTON",20137,21,19,1,0,1,0,0,0,0,0,21,19,1,1
1990,"OSAGE",20139,73,35,0,0,38,2,2,0,0,0,71,33,0,38
1991,"OSAGE",20139,72,38,0,1,33,2,0,0,1,1,70,38,0,32
1992,"OSAGE",20139,60,23,0,2,35,8,3,0,2,3,52,20,0,32
1993,"OSAGE",20139,74,40,0,0,34,3,2,0,0,1,71,38,0,33
1994,"OSAGE",20139,62,33,0,1,28,2,1,0,1,0,60,32,0,28
1995,"OSAGE",20139,77,34,1,0,42,5,3,1,0,1,72,31,0,41
1996,"OSAGE",20139,118,50,0,0,68,5,3,0,0,2,113,47,0,66
1997,"OSAGE",20139,133,57,0,0,76,6,3,0,0,3,127,54,0,73
1998,"OSAGE",20139,135,63,0,1,71,2,0,0,1,1,133,63,0,70
1999,"OSAGE",20139,114,54,0,0,60,1,1,0,0,0,113,53,0,60
2000,"OSAGE",20139,114,69,0,0,45,0,0,0,0,0,114,69,0,45
2001,"OSAGE",20139,112,69,2,0,41,4,2,2,0,0,108,67,0,41
2002,"OSAGE",20139,128,83,0,0,45,3,2,0,0,1,125,81,0,44
2003,"OSAGE",20139,151,85,0,0,66,2,1,0,0,1,149,84,0,65
1990,"OSBORNE",20141,10,8,0,1,1,2,1,0,1,0,8,7,0,1
1991,"OSBORNE",20141,5,5,0,0,0,1,1,0,0,0,4,4,0,0
1992,"OSBORNE",20141,6,6,0,0,0,1,1,0,0,0,5,5,0,0
1993,"OSBORNE",20141,4,3,0,0,1,0,0,0,0,0,4,3,0,1
1994,"OSBORNE",20141,6,6,0,0,0,0,0,0,0,0,6,6,0,0
1995,"OSBORNE",20141,15,14,1,0,0,3,2,1,0,0,12,12,0,0
1996,"OSBORNE",20141,7,6,0,1,0,1,0,0,1,0,6,6,0,0
1997,"OSBORNE",20141,8,7,1,0,0,2,1,1,0,0,6,6,0,0
1998,"OSBORNE",20141,13,12,0,0,1,0,0,0,0,0,13,12,0,1
1999,"OSBORNE",20141,8,7,0,0,1,0,0,0,0,0,8,7,0,1
2000,"OSBORNE",20141,9,8,0,0,1,1,1,0,0,0,8,7,0,1
2001,"OSBORNE",20141,11,8,0,0,3,1,1,0,0,0,10,7,0,3
2002,"OSBORNE",20141,6,6,0,0,0,0,0,0,0,0,6,6,0,0
2003,"OSBORNE",20141,16,13,0,1,2,2,1,0,1,0,14,12,0,2
1990,"OTTAWA",20143,16,14,0,0,2,0,0,0,0,0,16,14,0,2
1991,"OTTAWA",20143,12,10,0,0,2,2,2,0,0,0,10,8,0,2
1992,"OTTAWA",20143,10,9,0,0,1,0,0,0,0,0,10,9,0,1
1993,"OTTAWA",20143,7,5,1,0,1,3,2,1,0,0,4,3,0,1
1994,"OTTAWA",20143,11,11,0,0,0,1,1,0,0,0,10,10,0,0
1995,"OTTAWA",20143,8,7,0,0,1,0,0,0,0,0,8,7,0,1
1996,"OTTAWA",20143,21,18,0,0,3,2,2,0,0,0,19,16,0,3
1997,"OTTAWA",20143,27,23,0,0,4,4,3,0,0,1,23,20,0,3
1998,"OTTAWA",20143,15,12,0,0,3,0,0,0,0,0,15,12,0,3
1999,"OTTAWA",20143,18,16,0,0,2,0,0,0,0,0,18,16,0,2
2000,"OTTAWA",20143,15,14,0,0,1,0,0,0,0,0,15,14,0,1
2001,"OTTAWA",20143,21,20,0,1,0,1,0,0,1,0,20,20,0,0
2002,"OTTAWA",20143,15,14,0,0,1,0,0,0,0,0,15,14,0,1
2003,"OTTAWA",20143,37,34,0,0,3,3,3,0,0,0,34,31,0,3
1990,"PAWNEE",20145,17,15,0,1,1,2,1,0,1,0,15,14,0,1
1991,"PAWNEE",20145,18,16,0,1,1,4,2,0,1,1,14,14,0,0
1992,"PAWNEE",20145,24,21,0,0,3,1,0,0,0,1,23,21,0,2
1993,"PAWNEE",20145,17,14,0,0,3,2,1,0,0,1,15,13,0,2
1994,"PAWNEE",20145,15,12,0,0,3,0,0,0,0,0,15,12,0,3
1995,"PAWNEE",20145,16,15,0,1,0,1,0,0,1,0,15,15,0,0
1996,"PAWNEE",20145,33,27,0,0,6,2,1,0,0,1,31,26,0,5
1997,"PAWNEE",20145,40,38,0,0,2,3,3,0,0,0,37,35,0,2
1998,"PAWNEE",20145,29,27,0,0,2,2,1,0,0,1,27,26,0,1
1999,"PAWNEE",20145,20,17,0,0,3,0,0,0,0,0,20,17,0,3
2000,"PAWNEE",20145,29,24,0,0,5,0,0,0,0,0,29,24,0,5
2001,"PAWNEE",20145,25,22,0,0,3,0,0,0,0,0,25,22,0,3
2002,"PAWNEE",20145,40,34,0,0,6,0,0,0,0,0,40,34,0,6
2003,"PAWNEE",20145,33,30,0,1,2,1,0,0,1,0,32,30,0,2
1990,"PHILLIPS",20147,9,7,0,0,2,1,1,0,0,0,8,6,0,2
1991,"PHILLIPS",20147,11,11,0,0,0,0,0,0,0,0,11,11,0,0
1992,"PHILLIPS",20147,6,6,0,0,0,0,0,0,0,0,6,6,0,0
1993,"PHILLIPS",20147,13,11,0,0,2,3,3,0,0,0,10,8,0,2
1994,"PHILLIPS",20147,14,10,1,2,1,3,0,1,2,0,11,10,0,1
1995,"PHILLIPS",20147,11,11,0,0,0,1,1,0,0,0,10,10,0,0
1996,"PHILLIPS",20147,18,17,0,0,1,2,1,0,0,1,16,16,0,0
1997,"PHILLIPS",20147,30,28,1,0,1,2,1,1,0,0,28,27,0,1
1998,"PHILLIPS",20147,18,18,0,0,0,0,0,0,0,0,18,18,0,0
1999,"PHILLIPS",20147,11,11,0,0,0,1,1,0,0,0,10,10,0,0
2000,"PHILLIPS",20147,13,10,1,1,1,2,0,1,1,0,11,10,0,1
2001,"PHILLIPS",20147,19,16,0,0,3,0,0,0,0,0,19,16,0,3
2002,"PHILLIPS",20147,15,12,0,0,3,1,0,0,0,1,14,12,0,2
2003,"PHILLIPS",20147,21,14,0,0,7,3,0,0,0,3,18,14,0,4
1990,"POTTAWATOMIE",20149,85,68,0,0,17,1,0,0,0,1,84,68,0,16
1991,"POTTAWATOMIE",20149,147,114,4,0,29,7,1,4,0,2,140,113,0,27
1992,"POTTAWATOMIE",20149,164,130,3,0,31,13,8,3,0,2,151,122,0,29
1993,"POTTAWATOMIE",20149,122,89,5,1,27,16,7,5,1,3,106,82,0,24
1994,"POTTAWATOMIE",20149,114,90,1,0,23,3,1,1,0,1,111,89,0,22
1995,"POTTAWATOMIE",20149,143,119,0,0,24,3,2,0,0,1,140,117,0,23
1996,"POTTAWATOMIE",20149,207,165,3,1,38,10,6,1,1,2,197,159,2,36
1997,"POTTAWATOMIE",20149,262,208,2,0,52,12,5,2,0,5,250,203,0,47
1998,"POTTAWATOMIE",20149,226,186,0,0,40,8,6,0,0,2,218,180,0,38
1999,"POTTAWATOMIE",20149,202,164,0,0,38,3,2,0,0,1,199,162,0,37
2000,"POTTAWATOMIE",20149,198,160,0,0,38,1,1,0,0,0,197,159,0,38
2001,"POTTAWATOMIE",20149,171,140,0,0,31,4,4,0,0,0,167,136,0,31
2002,"POTTAWATOMIE",20149,171,145,0,0,26,1,1,0,0,0,170,144,0,26
2003,"POTTAWATOMIE",20149,187,148,1,0,38,3,2,1,0,0,184,146,0,38
1990,"PRATT",20151,20,17,0,0,3,2,2,0,0,0,18,15,0,3
1991,"PRATT",20151,25,20,1,0,4,3,2,1,0,0,22,18,0,4
1992,"PRATT",20151,24,19,0,2,3,3,0,0,2,1,21,19,0,2
1993,"PRATT",20151,19,16,0,1,2,5,3,0,1,1,14,13,0,1
1994,"PRATT",20151,26,23,0,1,2,5,3,0,1,1,21,20,0,1
1995,"PRATT",20151,25,18,2,1,4,4,1,2,1,0,21,17,0,4
1996,"PRATT",20151,34,32,0,1,1,3,2,0,1,0,31,30,0,1
1997,"PRATT",20151,47,44,0,0,3,1,1,0,0,0,46,43,0,3
1998,"PRATT",20151,37,35,0,0,2,1,1,0,0,0,36,34,0,2
1999,"PRATT",20151,36,33,0,0,3,3,3,0,0,0,33,30,0,3
2000,"PRATT",20151,33,31,0,0,2,1,0,0,0,1,32,31,0,1
2001,"PRATT",20151,44,38,1,0,5,3,1,1,0,1,41,37,0,4
2002,"PRATT",20151,43,38,0,0,5,0,0,0,0,0,43,38,0,5
2003,"PRATT",20151,41,38,0,0,3,2,1,0,0,1,39,37,0,2
1990,"RAWLINS",20153,5,4,0,1,0,2,1,0,1,0,3,3,0,0
1991,"RAWLINS",20153,8,7,1,0,0,2,1,1,0,0,6,6,0,0
1992,"RAWLINS",20153,9,7,0,1,1,1,0,0,1,0,8,7,0,1
1993,"RAWLINS",20153,5,0,4,0,1,3,0,2,0,1,2,0,2,0
1994,"RAWLINS",20153,2,1,1,0,0,1,0,1,0,0,1,1,0,0
1995,"RAWLINS",20153,5,3,0,1,1,2,1,0,1,0,3,2,0,1
1996,"RAWLINS",20153,6,6,0,0,0,1,1,0,0,0,5,5,0,0
1997,"RAWLINS",20153,5,3,0,0,2,1,1,0,0,0,4,2,0,2
1998,"RAWLINS",20153,6,4,0,2,0,4,2,0,2,0,2,2,0,0
1999,"RAWLINS",20153,6,5,0,0,1,0,0,0,0,0,6,5,0,1
2000,"RAWLINS",20153,14,13,0,0,1,0,0,0,0,0,14,13,0,1
2001,"RAWLINS",20153,9,9,0,0,0,0,0,0,0,0,9,9,0,0
2002,"RAWLINS",20153,10,9,0,0,1,0,0,0,0,0,10,9,0,1
2003,"RAWLINS",20153,10,9,0,0,1,0,0,0,0,0,10,9,0,1
1990,"RENO",20155,224,204,7,0,13,21,12,7,0,2,203,192,0,11
1991,"RENO",20155,243,228,0,2,13,13,8,0,2,3,230,220,0,10
1992,"RENO",20155,238,224,3,0,11,9,6,3,0,0,229,218,0,11
1993,"RENO",20155,168,149,1,0,18,6,3,1,0,2,162,146,0,16
1994,"RENO",20155,160,143,5,3,9,19,10,5,3,1,141,133,0,8
1995,"RENO",20155,229,209,0,1,19,11,8,0,1,2,218,201,0,17
1996,"RENO",20155,304,288,4,0,12,17,12,4,0,1,287,276,0,11
1997,"RENO",20155,341,313,1,0,27,4,3,1,0,0,337,310,0,27
1998,"RENO",20155,361,324,1,0,36,9,6,1,0,2,352,318,0,34
1999,"RENO",20155,324,285,0,0,39,2,2,0,0,0,322,283,0,39
2000,"RENO",20155,368,331,0,0,37,4,4,0,0,0,364,327,0,37
2001,"RENO",20155,437,394,2,1,40,7,4,2,1,0,430,390,0,40
2002,"RENO",20155,467,422,2,0,43,9,7,2,0,0,458,415,0,43
2003,"RENO",20155,437,381,0,0,56,9,6,0,0,3,428,375,0,53
1990,"REPUBLIC",20157,7,5,0,0,2,0,0,0,0,0,7,5,0,2
1991,"REPUBLIC",20157,10,8,0,2,0,4,2,0,2,0,6,6,0,0
1992,"REPUBLIC",20157,12,11,0,0,1,1,1,0,0,0,11,10,0,1
1993,"REPUBLIC",20157,10,4,4,1,1,7,1,4,1,1,3,3,0,0
1994,"REPUBLIC",20157,7,5,0,0,2,0,0,0,0,0,7,5,0,2
1995,"REPUBLIC",20157,13,9,0,0,4,5,3,0,0,2,8,6,0,2
1996,"REPUBLIC",20157,11,7,0,2,2,3,1,0,2,0,8,6,0,2
1997,"REPUBLIC",20157,20,10,0,0,10,0,0,0,0,0,20,10,0,10
1998,"REPUBLIC",20157,14,13,0,0,1,0,0,0,0,0,14,13,0,1
1999,"REPUBLIC",20157,8,8,0,0,0,0,0,0,0,0,8,8,0,0
2000,"REPUBLIC",20157,12,12,0,0,0,0,0,0,0,0,12,12,0,0
2001,"REPUBLIC",20157,17,13,0,0,4,1,1,0,0,0,16,12,0,4
2002,"REPUBLIC",20157,13,8,0,0,5,1,1,0,0,0,12,7,0,5
2003,"REPUBLIC",20157,19,15,0,2,2,3,1,0,2,0,16,14,0,2
1990,"RICE",20159,21,21,0,0,0,4,4,0,0,0,17,17,0,0
1991,"RICE",20159,27,25,0,1,1,4,3,0,1,0,23,22,0,1
1992,"RICE",20159,35,29,0,1,5,4,3,0,1,0,31,26,0,5
1993,"RICE",20159,18,16,0,2,0,5,3,0,2,0,13,13,0,0
1994,"RICE",20159,27,24,1,0,2,3,2,1,0,0,24,22,0,2
1995,"RICE",20159,35,27,0,0,8,1,0,0,0,1,34,27,0,7
1996,"RICE",20159,35,33,0,0,2,1,0,0,0,1,34,33,0,1
1997,"RICE",20159,45,43,0,1,1,2,1,0,1,0,43,42,0,1
1998,"RICE",20159,58,53,0,0,5,2,2,0,0,0,56,51,0,5
1999,"RICE",20159,46,41,0,1,4,2,1,0,1,0,44,40,0,4
2000,"RICE",20159,49,43,0,1,5,2,1,0,1,0,47,42,0,5
2001,"RICE",20159,45,38,0,1,6,1,0,0,1,0,44,38,0,6
2002,"RICE",20159,64,55,0,2,7,2,0,0,2,0,62,55,0,7
2003,"RICE",20159,44,41,0,0,3,2,2,0,0,0,42,39,0,3
1990,"RILEY",20161,57,46,0,0,11,5,4,0,0,1,52,42,0,10
1991,"RILEY",20161,26,20,1,0,5,1,0,1,0,0,25,20,0,5
1992,"RILEY",20161,24,17,0,0,7,2,2,0,0,0,22,15,0,7
1993,"RILEY",20161,8,4,0,0,4,0,0,0,0,0,8,4,0,4
1994,"RILEY",20161,21,13,1,0,7,1,0,1,0,0,20,13,0,7
1995,"RILEY",20161,21,17,0,0,4,1,1,0,0,0,20,16,0,4
1996,"RILEY",20161,28,18,0,0,10,0,0,0,0,0,28,18,0,10
1997,"RILEY",20161,19,13,0,0,6,0,0,0,0,0,19,13,0,6
1998,"RILEY",20161,26,25,0,0,1,0,0,0,0,0,26,25,0,1
1999,"RILEY",20161,23,21,0,0,2,1,1,0,0,0,22,20,0,2
2000,"RILEY",20161,19,12,0,0,7,1,0,0,0,1,18,12,0,6
2001,"RILEY",20161,57,47,0,1,9,2,0,0,1,1,55,47,0,8
2002,"RILEY",20161,61,53,0,0,8,2,2,0,0,0,59,51,0,8
2003,"RILEY",20161,77,69,0,0,8,4,3,0,0,1,73,66,0,7
1990,"ROOKS",20163,15,11,0,1,3,1,0,0,1,0,14,11,0,3
1991,"ROOKS",20163,19,15,0,1,3,4,1,0,1,2,15,14,0,1
1992,"ROOKS",20163,9,8,0,0,1,1,1,0,0,0,8,7,0,1
1993,"ROOKS",20163,14,12,0,0,2,2,1,0,0,1,12,11,0,1
1994,"ROOKS",20163,10,9,0,0,1,1,1,0,0,0,9,8,0,1
1995,"ROOKS",20163,7,6,0,0,1,0,0,0,0,0,7,6,0,1
1996,"ROOKS",20163,10,10,0,0,0,0,0,0,0,0,10,10,0,0
1997,"ROOKS",20163,18,17,0,0,1,0,0,0,0,0,18,17,0,1
1998,"ROOKS",20163,23,21,0,0,2,0,0,0,0,0,23,21,0,2
1999,"ROOKS",20163,18,16,0,1,1,2,1,0,1,0,16,15,0,1
2000,"ROOKS",20163,22,21,0,0,1,0,0,0,0,0,22,21,0,1
2001,"ROOKS",20163,19,18,0,0,1,0,0,0,0,0,19,18,0,1
2002,"ROOKS",20163,17,17,0,0,0,1,1,0,0,0,16,16,0,0
2003,"ROOKS",20163,26,25,0,0,1,3,3,0,0,0,23,22,0,1
1990,"RUSH",20165,6,4,0,1,1,1,0,0,1,0,5,4,0,1
1991,"RUSH",20165,7,6,0,0,1,0,0,0,0,0,7,6,0,1
1992,"RUSH",20165,2,1,0,0,1,0,0,0,0,0,2,1,0,1
1993,"RUSH",20165,10,9,0,1,0,1,0,0,1,0,9,9,0,0
1994,"RUSH",20165,2,2,0,0,0,0,0,0,0,0,2,2,0,0
1995,"RUSH",20165,8,8,0,0,0,0,0,0,0,0,8,8,0,0
1996,"RUSH",20165,8,5,0,0,3,0,0,0,0,0,8,5,0,3
1997,"RUSH",20165,17,17,0,0,0,0,0,0,0,0,17,17,0,0
1998,"RUSH",20165,12,11,0,0,1,2,2,0,0,0,10,9,0,1
1999,"RUSH",20165,9,8,1,0,0,1,0,1,0,0,8,8,0,0
2000,"RUSH",20165,17,16,0,0,1,0,0,0,0,0,17,16,0,1
2001,"RUSH",20165,16,15,0,0,1,0,0,0,0,0,16,15,0,1
2002,"RUSH",20165,15,13,0,0,2,0,0,0,0,0,15,13,0,2
2003,"RUSH",20165,21,18,0,0,3,1,1,0,0,0,20,17,0,3
1990,"RUSSELL",20167,39,31,1,2,5,11,7,1,2,1,28,24,0,4
1991,"RUSSELL",20167,20,15,1,1,3,4,1,1,1,1,16,14,0,2
1992,"RUSSELL",20167,26,23,1,1,1,3,1,1,1,0,23,22,0,1
1993,"RUSSELL",20167,22,20,0,2,0,7,5,0,2,0,15,15,0,0
1994,"RUSSELL",20167,17,17,0,0,0,0,0,0,0,0,17,17,0,0
1995,"RUSSELL",20167,27,21,3,1,2,3,1,1,1,0,24,20,2,2
1996,"RUSSELL",20167,31,30,0,0,1,2,2,0,0,0,29,28,0,1
1997,"RUSSELL",20167,33,30,0,1,2,5,3,0,1,1,28,27,0,1
1998,"RUSSELL",20167,29,29,0,0,0,3,3,0,0,0,26,26,0,0
1999,"RUSSELL",20167,29,28,0,0,1,0,0,0,0,0,29,28,0,1
2000,"RUSSELL",20167,24,20,0,0,4,1,1,0,0,0,23,19,0,4
2001,"RUSSELL",20167,38,36,0,0,2,0,0,0,0,0,38,36,0,2
2002,"RUSSELL",20167,35,34,0,1,0,1,0,0,1,0,34,34,0,0
2003,"RUSSELL",20167,28,26,0,0,2,0,0,0,0,0,28,26,0,2
1990,"SALINE",20169,165,149,0,0,16,5,4,0,0,1,160,145,0,15
1991,"SALINE",20169,146,132,1,0,13,6,4,1,0,1,140,128,0,12
1992,"SALINE",20169,133,122,0,0,11,6,6,0,0,0,127,116,0,11
1993,"SALINE",20169,161,145,0,0,16,16,14,0,0,2,145,131,0,14
1994,"SALINE",20169,93,77,1,0,15,6,4,1,0,1,87,73,0,14
1995,"SALINE",20169,157,130,4,0,23,7,2,4,0,1,150,128,0,22
1996,"SALINE",20169,251,215,1,0,35,15,5,1,0,9,236,210,0,26
1997,"SALINE",20169,235,208,0,0,27,13,8,0,0,5,222,200,0,22
1998,"SALINE",20169,249,219,0,0,30,10,5,0,0,5,239,214,0,25
1999,"SALINE",20169,210,186,0,0,24,4,4,0,0,0,206,182,0,24
2000,"SALINE",20169,202,179,0,0,23,2,2,0,0,0,200,177,0,23
2001,"SALINE",20169,300,279,2,0,19,5,2,2,0,1,295,277,0,18
2002,"SALINE",20169,290,262,1,0,27,6,5,1,0,0,284,257,0,27
2003,"SALINE",20169,342,307,0,2,33,11,9,0,2,0,331,298,0,33
1990,"SCOTT",20171,6,4,0,2,0,3,1,0,2,0,3,3,0,0
1991,"SCOTT",20171,18,16,0,0,2,0,0,0,0,0,18,16,0,2
1992,"SCOTT",20171,8,7,0,0,1,0,0,0,0,0,8,7,0,1
1993,"SCOTT",20171,8,7,0,0,1,3,2,0,0,1,5,5,0,0
1994,"SCOTT",20171,15,12,0,0,3,0,0,0,0,0,15,12,0,3
1995,"SCOTT",20171,17,15,1,0,1,2,0,1,0,1,15,15,0,0
1996,"SCOTT",20171,10,10,0,0,0,0,0,0,0,0,10,10,0,0
1997,"SCOTT",20171,17,16,0,0,1,0,0,0,0,0,17,16,0,1
1998,"SCOTT",20171,11,10,0,0,1,0,0,0,0,0,11,10,0,1
1999,"SCOTT",20171,13,12,0,0,1,0,0,0,0,0,13,12,0,1
2000,"SCOTT",20171,15,15,0,0,0,0,0,0,0,0,15,15,0,0
2001,"SCOTT",20171,17,17,0,0,0,0,0,0,0,0,17,17,0,0
2002,"SCOTT",20171,11,9,0,0,2,0,0,0,0,0,11,9,0,2
2003,"SCOTT",20171,21,20,0,0,1,0,0,0,0,0,21,20,0,1
1990,"SEDGWICK",20173,2006,1842,26,0,138,97,63,26,0,8,1909,1779,0,130
1991,"SEDGWICK",20173,2177,1966,14,0,197,84,54,14,0,16,2093,1912,0,181
1992,"SEDGWICK",20173,1929,1752,13,1,163,68,44,12,1,11,1861,1708,1,152
1993,"SEDGWICK",20173,1594,1445,15,1,133,86,58,13,1,14,1508,1387,2,119
1994,"SEDGWICK",20173,1717,1507,10,0,200,67,48,9,0,10,1650,1459,1,190
1995,"SEDGWICK",20173,1992,1784,15,0,193,79,51,12,0,16,1913,1733,3,177
1996,"SEDGWICK",20173,2427,2163,9,0,255,83,52,9,0,22,2344,2111,0,233
1997,"SEDGWICK",20173,2791,2463,13,1,314,71,43,11,1,16,2720,2420,2,298
1998,"SEDGWICK",20173,2722,2397,12,0,313,50,31,12,0,7,2672,2366,0,306
1999,"SEDGWICK",20173,2381,2113,11,0,257,42,27,10,0,5,2339,2086,1,252
2000,"SEDGWICK",20173,2506,2263,4,0,239,27,20,4,0,3,2479,2243,0,236
2001,"SEDGWICK",20173,2994,2731,12,1,250,39,21,11,1,6,2955,2710,1,244
2002,"SEDGWICK",20173,3151,2843,10,0,298,44,28,9,0,7,3107,2815,1,291
2003,"SEDGWICK",20173,3261,2927,12,0,322,44,25,11,0,8,3217,2902,1,314
1990,"SEWARD",20175,50,40,2,1,7,4,1,2,1,0,46,39,0,7
1991,"SEWARD",20175,63,55,0,2,6,8,3,0,2,3,55,52,0,3
1992,"SEWARD",20175,42,41,0,0,1,4,4,0,0,0,38,37,0,1
1993,"SEWARD",20175,52,43,2,2,5,8,3,1,2,2,44,40,1,3
1994,"SEWARD",20175,41,39,0,0,2,2,1,0,0,1,39,38,0,1
1995,"SEWARD",20175,45,40,0,0,5,1,0,0,0,1,44,40,0,4
1996,"SEWARD",20175,46,35,1,0,10,4,1,1,0,2,42,34,0,8
1997,"SEWARD",20175,75,69,0,0,6,6,5,0,0,1,69,64,0,5
1998,"SEWARD",20175,77,62,1,0,14,2,1,0,0,1,75,61,1,13
1999,"SEWARD",20175,69,62,0,1,6,3,2,0,1,0,66,60,0,6
2000,"SEWARD",20175,75,67,0,0,8,0,0,0,0,0,75,67,0,8
2001,"SEWARD",20175,83,72,0,0,11,0,0,0,0,0,83,72,0,11
2002,"SEWARD",20175,122,111,0,0,11,0,0,0,0,0,122,111,0,11
2003,"SEWARD",20175,118,107,1,2,8,2,0,0,2,0,116,107,1,8
1990,"SHAWNEE",20177,957,429,10,0,518,34,20,9,0,5,923,409,1,513
1991,"SHAWNEE",20177,1027,480,22,0,525,56,28,21,0,7,971,452,1,518
1992,"SHAWNEE",20177,866,432,12,0,422,48,23,11,0,14,818,409,1,408
1993,"SHAWNEE",20177,800,354,6,0,440,22,10,6,0,6,778,344,0,434
1994,"SHAWNEE",20177,896,380,2,1,513,21,12,2,1,6,875,368,0,507
1995,"SHAWNEE",20177,1072,456,3,0,613,19,10,2,0,7,1053,446,1,606
1996,"SHAWNEE",20177,1256,567,1,0,688,14,8,1,0,5,1242,559,0,683
1997,"SHAWNEE",20177,1472,761,3,0,708,16,10,2,0,4,1456,751,1,704
1998,"SHAWNEE",20177,1424,649,3,1,771,9,3,2,1,3,1415,646,1,768
1999,"SHAWNEE",20177,1236,604,3,0,629,5,1,3,0,1,1231,603,0,628
2000,"SHAWNEE",20177,1241,650,4,0,587,13,4,4,0,5,1228,646,0,582
2001,"SHAWNEE",20177,1532,885,0,0,647,6,5,0,0,1,1526,880,0,646
2002,"SHAWNEE",20177,1533,838,1,0,694,14,9,1,0,4,1519,829,0,690
2003,"SHAWNEE",20177,1575,836,1,0,738,15,11,1,0,3,1560,825,0,735
1990,"SHERIDAN",20179,3,3,0,0,0,0,0,0,0,0,3,3,0,0
1991,"SHERIDAN",20179,1,0,0,0,1,0,0,0,0,0,1,0,0,1
1993,"SHERIDAN",20179,5,4,0,0,1,1,1,0,0,0,4,3,0,1
1994,"SHERIDAN",20179,2,1,0,0,1,0,0,0,0,0,2,1,0,1
1995,"SHERIDAN",20179,2,1,0,0,1,0,0,0,0,0,2,1,0,1
1996,"SHERIDAN",20179,4,4,0,0,0,0,0,0,0,0,4,4,0,0
1997,"SHERIDAN",20179,5,5,0,0,0,0,0,0,0,0,5,5,0,0
1998,"SHERIDAN",20179,4,3,0,0,1,0,0,0,0,0,4,3,0,1
1999,"SHERIDAN",20179,4,3,0,0,1,0,0,0,0,0,4,3,0,1
2000,"SHERIDAN",20179,2,2,0,0,0,0,0,0,0,0,2,2,0,0
2001,"SHERIDAN",20179,5,5,0,0,0,0,0,0,0,0,5,5,0,0
2002,"SHERIDAN",20179,10,10,0,0,0,1,1,0,0,0,9,9,0,0
2003,"SHERIDAN",20179,5,5,0,0,0,1,1,0,0,0,4,4,0,0
1990,"SHERMAN",20181,9,7,1,1,0,4,2,1,1,0,5,5,0,0
1991,"SHERMAN",20181,12,10,1,0,1,4,2,1,0,1,8,8,0,0
1992,"SHERMAN",20181,9,9,0,0,0,1,1,0,0,0,8,8,0,0
1993,"SHERMAN",20181,12,12,0,0,0,0,0,0,0,0,12,12,0,0
1994,"SHERMAN",20181,10,9,0,0,1,0,0,0,0,0,10,9,0,1
1995,"SHERMAN",20181,15,15,0,0,0,4,4,0,0,0,11,11,0,0
1996,"SHERMAN",20181,25,23,0,1,1,3,2,0,1,0,22,21,0,1
1997,"SHERMAN",20181,11,11,0,0,0,0,0,0,0,0,11,11,0,0
1998,"SHERMAN",20181,14,12,0,0,2,1,1,0,0,0,13,11,0,2
1999,"SHERMAN",20181,19,15,0,0,4,1,1,0,0,0,18,14,0,4
2000,"SHERMAN",20181,21,16,0,0,5,1,1,0,0,0,20,15,0,5
2001,"SHERMAN",20181,20,18,0,0,2,0,0,0,0,0,20,18,0,2
2002,"SHERMAN",20181,23,22,0,0,1,3,3,0,0,0,20,19,0,1
2003,"SHERMAN",20181,38,37,0,0,1,3,3,0,0,0,35,34,0,1
1990,"SMITH",20183,6,6,0,0,0,0,0,0,0,0,6,6,0,0
1991,"SMITH",20183,7,5,0,2,0,2,0,0,2,0,5,5,0,0
1992,"SMITH",20183,5,2,0,2,1,2,0,0,2,0,3,2,0,1
1993,"SMITH",20183,3,3,0,0,0,1,1,0,0,0,2,2,0,0
1994,"SMITH",20183,2,2,0,0,0,0,0,0,0,0,2,2,0,0
1995,"SMITH",20183,2,2,0,0,0,0,0,0,0,0,2,2,0,0
1996,"SMITH",20183,9,8,0,0,1,0,0,0,0,0,9,8,0,1
1997,"SMITH",20183,8,7,0,0,1,0,0,0,0,0,8,7,0,1
1998,"SMITH",20183,19,15,0,2,2,3,0,0,2,1,16,15,0,1
1999,"SMITH",20183,11,10,0,0,1,1,1,0,0,0,10,9,0,1
2000,"SMITH",20183,7,6,0,0,1,2,2,0,0,0,5,4,0,1
2001,"SMITH",20183,13,12,0,0,1,0,0,0,0,0,13,12,0,1
2002,"SMITH",20183,13,13,0,0,0,0,0,0,0,0,13,13,0,0
2003,"SMITH",20183,10,10,0,0,0,0,0,0,0,0,10,10,0,0
1990,"STAFFORD",20185,15,13,2,0,0,4,2,2,0,0,11,11,0,0
1991,"STAFFORD",20185,17,15,0,0,2,2,2,0,0,0,15,13,0,2
1992,"STAFFORD",20185,6,5,0,1,0,1,0,0,1,0,5,5,0,0
1993,"STAFFORD",20185,9,7,1,0,1,1,0,1,0,0,8,7,0,1
1994,"STAFFORD",20185,13,13,0,0,0,0,0,0,0,0,13,13,0,0
1995,"STAFFORD",20185,18,16,0,1,1,4,2,0,1,1,14,14,0,0
1996,"STAFFORD",20185,23,17,0,5,1,5,0,0,5,0,18,17,0,1
1997,"STAFFORD",20185,19,15,0,0,4,1,1,0,0,0,18,14,0,4
1998,"STAFFORD",20185,18,17,0,0,1,0,0,0,0,0,18,17,0,1
1999,"STAFFORD",20185,13,12,0,0,1,0,0,0,0,0,13,12,0,1
2000,"STAFFORD",20185,18,18,0,0,0,1,1,0,0,0,17,17,0,0
2001,"STAFFORD",20185,10,10,0,0,0,0,0,0,0,0,10,10,0,0
2002,"STAFFORD",20185,20,18,0,0,2,1,1,0,0,0,19,17,0,2
2003,"STAFFORD",20185,23,20,0,0,3,1,1,0,0,0,22,19,0,3
1990,"STANTON",20187,5,3,1,0,1,1,0,1,0,0,4,3,0,1
1991,"STANTON",20187,2,2,0,0,0,1,1,0,0,0,1,1,0,0
1992,"STANTON",20187,4,3,0,0,1,0,0,0,0,0,4,3,0,1
1993,"STANTON",20187,1,1,0,0,0,1,1,0,0,0,0,0,0,0
1994,"STANTON",20187,5,5,0,0,0,0,0,0,0,0,5,5,0,0
1995,"STANTON",20187,8,5,0,0,3,1,0,0,0,1,7,5,0,2
1996,"STANTON",20187,10,9,0,0,1,1,1,0,0,0,9,8,0,1
1997,"STANTON",20187,7,4,0,2,1,3,0,0,2,1,4,4,0,0
1998,"STANTON",20187,7,6,0,1,0,1,0,0,1,0,6,6,0,0
1999,"STANTON",20187,6,3,0,3,0,4,1,0,3,0,2,2,0,0
2000,"STANTON",20187,9,9,0,0,0,0,0,0,0,0,9,9,0,0
2001,"STANTON",20187,14,13,0,0,1,1,0,0,0,1,13,13,0,0
2002,"STANTON",20187,9,8,0,0,1,1,1,0,0,0,8,7,0,1
2003,"STANTON",20187,9,9,0,0,0,0,0,0,0,0,9,9,0,0
1990,"STEVENS",20189,10,8,0,0,2,1,1,0,0,0,9,7,0,2
1991,"STEVENS",20189,13,11,0,1,1,2,1,0,1,0,11,10,0,1
1992,"STEVENS",20189,12,12,0,0,0,0,0,0,0,0,12,12,0,0
1993,"STEVENS",20189,6,6,0,0,0,0,0,0,0,0,6,6,0,0
1994,"STEVENS",20189,9,8,0,1,0,1,0,0,1,0,8,8,0,0
1995,"STEVENS",20189,15,14,0,1,0,2,1,0,1,0,13,13,0,0
1996,"STEVENS",20189,14,12,0,1,1,2,1,0,1,0,12,11,0,1
1997,"STEVENS",20189,31,27,0,0,4,5,5,0,0,0,26,22,0,4
1998,"STEVENS",20189,17,14,0,0,3,0,0,0,0,0,17,14,0,3
1999,"STEVENS",20189,17,14,0,0,3,0,0,0,0,0,17,14,0,3
2000,"STEVENS",20189,25,23,0,0,2,0,0,0,0,0,25,23,0,2
2001,"STEVENS",20189,39,38,0,0,1,0,0,0,0,0,39,38,0,1
2002,"STEVENS",20189,23,22,0,1,0,2,1,0,1,0,21,21,0,0
2003,"STEVENS",20189,34,30,1,1,2,3,1,1,1,0,31,29,0,2
1990,"SUMNER",20191,89,82,0,0,7,4,4,0,0,0,85,78,0,7
1991,"SUMNER",20191,90,83,0,0,7,4,4,0,0,0,86,79,0,7
1992,"SUMNER",20191,84,71,3,0,10,8,3,3,0,2,76,68,0,8
1993,"SUMNER",20191,63,53,2,2,6,8,2,2,2,2,55,51,0,4
1994,"SUMNER",20191,82,73,1,1,7,3,1,1,1,0,79,72,0,7
1995,"SUMNER",20191,85,75,0,1,9,5,2,0,1,2,80,73,0,7
1996,"SUMNER",20191,106,96,0,0,10,8,6,0,0,2,98,90,0,8
1997,"SUMNER",20191,108,91,1,0,16,5,1,1,0,3,103,90,0,13
1998,"SUMNER",20191,91,78,0,1,12,2,1,0,1,0,89,77,0,12
1999,"SUMNER",20191,96,82,1,1,12,6,3,1,1,1,90,79,0,11
2000,"SUMNER",20191,96,76,7,0,13,9,1,7,0,1,87,75,0,12
2001,"SUMNER",20191,125,114,1,0,10,5,3,1,0,1,120,111,0,9
2002,"SUMNER",20191,152,135,0,1,16,4,2,0,1,1,148,133,0,15
2003,"SUMNER",20191,153,132,6,0,15,10,4,6,0,0,143,128,0,15
1990,"THOMAS",20193,21,16,2,1,2,3,2,0,1,0,18,14,2,2
1991,"THOMAS",20193,15,15,0,0,0,1,1,0,0,0,14,14,0,0
1992,"THOMAS",20193,20,18,0,1,1,3,2,0,1,0,17,16,0,1
1993,"THOMAS",20193,17,12,1,0,4,5,2,1,0,2,12,10,0,2
1994,"THOMAS",20193,13,10,0,1,2,4,2,0,1,1,9,8,0,1
1995,"THOMAS",20193,16,14,0,1,1,2,1,0,1,0,14,13,0,1
1996,"THOMAS",20193,26,19,1,1,5,7,4,1,1,1,19,15,0,4
1997,"THOMAS",20193,32,32,0,0,0,0,0,0,0,0,32,32,0,0
1998,"THOMAS",20193,16,14,0,0,2,0,0,0,0,0,16,14,0,2
1999,"THOMAS",20193,19,17,0,0,2,0,0,0,0,0,19,17,0,2
2000,"THOMAS",20193,19,18,0,0,1,0,0,0,0,0,19,18,0,1
2001,"THOMAS",20193,34,31,0,0,3,2,2,0,0,0,32,29,0,3
2002,"THOMAS",20193,28,25,0,0,3,1,1,0,0,0,27,24,0,3
2003,"THOMAS",20193,33,31,0,0,2,1,0,0,0,1,32,31,0,1
1990,"TREGO",20195,9,9,0,0,0,1,1,0,0,0,8,8,0,0
1991,"TREGO",20195,5,3,0,2,0,2,0,0,2,0,3,3,0,0
1992,"TREGO",20195,5,3,0,0,2,0,0,0,0,0,5,3,0,2
1993,"TREGO",20195,8,7,0,0,1,1,1,0,0,0,7,6,0,1
1994,"TREGO",20195,3,3,0,0,0,0,0,0,0,0,3,3,0,0
1995,"TREGO",20195,10,8,1,0,1,1,0,1,0,0,9,8,0,1
1996,"TREGO",20195,10,9,0,0,1,0,0,0,0,0,10,9,0,1
1997,"TREGO",20195,11,9,0,1,1,1,0,0,1,0,10,9,0,1
1998,"TREGO",20195,5,5,0,0,0,0,0,0,0,0,5,5,0,0
1999,"TREGO",20195,5,5,0,0,0,0,0,0,0,0,5,5,0,0
2000,"TREGO",20195,9,8,0,0,1,0,0,0,0,0,9,8,0,1
2001,"TREGO",20195,10,10,0,0,0,0,0,0,0,0,10,10,0,0
2002,"TREGO",20195,5,5,0,0,0,0,0,0,0,0,5,5,0,0
2003,"TREGO",20195,10,9,0,1,0,1,0,0,1,0,9,9,0,0
1990,"WABAUNSEE",20197,20,17,0,0,3,1,1,0,0,0,19,16,0,3
1991,"WABAUNSEE",20197,12,8,0,0,4,1,1,0,0,0,11,7,0,4
1992,"WABAUNSEE",20197,16,10,0,0,6,0,0,0,0,0,16,10,0,6
1993,"WABAUNSEE",20197,14,6,0,0,8,1,1,0,0,0,13,5,0,8
1994,"WABAUNSEE",20197,16,8,0,0,8,0,0,0,0,0,16,8,0,8
1995,"WABAUNSEE",20197,22,8,1,0,13,2,0,1,0,1,20,8,0,12
1996,"WABAUNSEE",20197,38,18,0,0,20,1,1,0,0,0,37,17,0,20
1997,"WABAUNSEE",20197,36,25,0,1,10,1,0,0,1,0,35,25,0,10
1998,"WABAUNSEE",20197,25,13,0,1,11,1,0,0,1,0,24,13,0,11
1999,"WABAUNSEE",20197,26,13,0,1,12,1,0,0,1,0,25,13,0,12
2000,"WABAUNSEE",20197,17,8,0,0,9,0,0,0,0,0,17,8,0,9
2001,"WABAUNSEE",20197,37,22,0,0,15,1,1,0,0,0,36,21,0,15
2002,"WABAUNSEE",20197,39,28,0,0,11,0,0,0,0,0,39,28,0,11
2003,"WABAUNSEE",20197,43,28,0,0,15,1,1,0,0,0,42,27,0,15
1990,"WALLACE",20199,3,1,2,0,0,2,0,2,0,0,1,1,0,0
1991,"WALLACE",20199,2,2,0,0,0,0,0,0,0,0,2,2,0,0
1992,"WALLACE",20199,4,3,0,0,1,0,0,0,0,0,4,3,0,1
1993,"WALLACE",20199,1,1,0,0,0,0,0,0,0,0,1,1,0,0
1994,"WALLACE",20199,1,1,0,0,0,0,0,0,0,0,1,1,0,0
1995,"WALLACE",20199,4,3,0,1,0,1,0,0,1,0,3,3,0,0
1996,"WALLACE",20199,5,2,1,1,1,3,1,1,1,0,2,1,0,1
1997,"WALLACE",20199,3,3,0,0,0,0,0,0,0,0,3,3,0,0
1999,"WALLACE",20199,3,3,0,0,0,0,0,0,0,0,3,3,0,0
2000,"WALLACE",20199,3,3,0,0,0,0,0,0,0,0,3,3,0,0
2001,"WALLACE",20199,2,2,0,0,0,0,0,0,0,0,2,2,0,0
2002,"WALLACE",20199,1,1,0,0,0,0,0,0,0,0,1,1,0,0
2003,"WALLACE",20199,8,8,0,0,0,0,0,0,0,0,8,8,0,0
1990,"WASHINGTON",20201,12,8,0,2,2,3,1,0,2,0,9,7,0,2
1991,"WASHINGTON",20201,6,6,0,0,0,0,0,0,0,0,6,6,0,0
1992,"WASHINGTON",20201,7,2,0,0,5,2,1,0,0,1,5,1,0,4
1993,"WASHINGTON",20201,16,10,2,0,4,4,3,1,0,0,12,7,1,4
1994,"WASHINGTON",20201,11,9,0,0,2,0,0,0,0,0,11,9,0,2
1995,"WASHINGTON",20201,10,10,0,0,0,1,1,0,0,0,9,9,0,0
1996,"WASHINGTON",20201,12,9,0,2,1,2,0,0,2,0,10,9,0,1
1997,"WASHINGTON",20201,14,9,0,1,4,3,1,0,1,1,11,8,0,3
1998,"WASHINGTON",20201,11,8,0,0,3,0,0,0,0,0,11,8,0,3
1999,"WASHINGTON",20201,9,6,0,0,3,0,0,0,0,0,9,6,0,3
2000,"WASHINGTON",20201,10,9,0,0,1,2,1,0,0,1,8,8,0,0
2001,"WASHINGTON",20201,20,18,0,0,2,0,0,0,0,0,20,18,0,2
2002,"WASHINGTON",20201,23,20,0,0,3,1,0,0,0,1,22,20,0,2
2003,"WASHINGTON",20201,20,15,2,0,3,3,0,2,0,1,17,15,0,2
1990,"WICHITA",20203,4,4,0,0,0,1,1,0,0,0,3,3,0,0
1991,"WICHITA",20203,6,6,0,0,0,0,0,0,0,0,6,6,0,0
1992,"WICHITA",20203,6,6,0,0,0,0,0,0,0,0,6,6,0,0
1993,"WICHITA",20203,3,3,0,0,0,0,0,0,0,0,3,3,0,0
1994,"WICHITA",20203,4,2,0,0,2,0,0,0,0,0,4,2,0,2
1995,"WICHITA",20203,3,2,0,0,1,1,0,0,0,1,2,2,0,0
1996,"WICHITA",20203,4,4,0,0,0,0,0,0,0,0,4,4,0,0
1997,"WICHITA",20203,4,3,0,0,1,0,0,0,0,0,4,3,0,1
1998,"WICHITA",20203,7,4,0,1,2,1,0,0,1,0,6,4,0,2
1999,"WICHITA",20203,3,2,0,0,1,0,0,0,0,0,3,2,0,1
2000,"WICHITA",20203,5,5,0,0,0,0,0,0,0,0,5,5,0,0
2001,"WICHITA",20203,3,1,0,0,2,0,0,0,0,0,3,1,0,2
2002,"WICHITA",20203,7,7,0,0,0,0,0,0,0,0,7,7,0,0
2003,"WICHITA",20203,15,13,0,1,1,1,0,0,1,0,14,13,0,1
1990,"WILSON",20205,28,28,0,0,0,3,3,0,0,0,25,25,0,0
1991,"WILSON",20205,32,31,1,0,0,4,3,1,0,0,28,28,0,0
1992,"WILSON",20205,31,29,0,0,2,4,4,0,0,0,27,25,0,2
1993,"WILSON",20205,21,18,1,0,2,4,2,1,0,1,17,16,0,1
1994,"WILSON",20205,19,18,0,0,1,0,0,0,0,0,19,18,0,1
1995,"WILSON",20205,34,33,0,0,1,3,3,0,0,0,31,30,0,1
1996,"WILSON",20205,39,36,0,0,3,2,2,0,0,0,37,34,0,3
1997,"WILSON",20205,58,51,1,0,6,1,0,1,0,0,57,51,0,6
1998,"WILSON",20205,37,35,0,1,1,2,1,0,1,0,35,34,0,1
1999,"WILSON",20205,33,25,0,0,8,0,0,0,0,0,33,25,0,8
2000,"WILSON",20205,41,39,0,0,2,1,1,0,0,0,40,38,0,2
2001,"WILSON",20205,55,53,0,0,2,1,1,0,0,0,54,52,0,2
2002,"WILSON",20205,61,57,0,0,4,2,2,0,0,0,59,55,0,4
2003,"WILSON",20205,57,56,0,0,1,0,0,0,0,0,57,56,0,1
1990,"WOODSON",20207,11,9,0,1,1,1,0,0,1,0,10,9,0,1
1991,"WOODSON",20207,10,9,1,0,0,1,0,1,0,0,9,9,0,0
1992,"WOODSON",20207,15,12,0,0,3,1,0,0,0,1,14,12,0,2
1993,"WOODSON",20207,9,9,0,0,0,3,3,0,0,0,6,6,0,0
1994,"WOODSON",20207,8,7,0,1,0,1,0,0,1,0,7,7,0,0
1995,"WOODSON",20207,15,12,0,0,3,1,1,0,0,0,14,11,0,3
1996,"WOODSON",20207,11,9,0,0,2,1,1,0,0,0,10,8,0,2
1997,"WOODSON",20207,24,21,0,0,3,0,0,0,0,0,24,21,0,3
1998,"WOODSON",20207,17,16,0,0,1,1,0,0,0,1,16,16,0,0
1999,"WOODSON",20207,13,13,0,0,0,0,0,0,0,0,13,13,0,0
2000,"WOODSON",20207,24,19,0,0,5,0,0,0,0,0,24,19,0,5
2001,"WOODSON",20207,12,12,0,0,0,3,3,0,0,0,9,9,0,0
2002,"WOODSON",20207,21,21,0,0,0,1,1,0,0,0,20,20,0,0
2003,"WOODSON",20207,11,10,0,0,1,0,0,0,0,0,11,10,0,1
1990,"WYANDOTTE",20209,767,570,9,0,188,23,13,9,0,1,744,557,0,187
1991,"WYANDOTTE",20209,870,696,7,0,167,19,11,7,0,1,851,685,0,166
1992,"WYANDOTTE",20209,916,705,11,0,200,36,20,10,0,6,880,685,1,194
1993,"WYANDOTTE",20209,829,602,4,0,223,22,15,4,0,3,807,587,0,220
1994,"WYANDOTTE",20209,748,543,5,0,200,20,13,5,0,2,728,530,0,198
1995,"WYANDOTTE",20209,703,486,6,0,211,13,7,6,0,0,690,479,0,211
1996,"WYANDOTTE",20209,917,642,10,0,265,17,6,10,0,1,900,636,0,264
1997,"WYANDOTTE",20209,990,708,8,0,274,18,10,8,0,0,972,698,0,274
1998,"WYANDOTTE",20209,1061,784,4,0,273,8,4,3,0,1,1053,780,1,272
1999,"WYANDOTTE",20209,932,693,1,0,238,3,2,1,0,0,929,691,0,238
2000,"WYANDOTTE",20209,867,599,4,0,264,9,5,4,0,0,858,594,0,264
2001,"WYANDOTTE",20209,1125,728,4,0,393,10,6,4,0,0,1115,722,0,393
2002,"WYANDOTTE",20209,1243,802,2,0,439,5,3,2,0,0,1238,799,0,439
2003,"WYANDOTTE",20209,1375,929,0,0,446,3,2,0,0,1,1372,927,0,445
1990,"ADAIR",21001,42,37,1,0,4,2,1,1,0,0,40,36,0,4
1991,"ADAIR",21001,33,32,0,0,1,4,4,0,0,0,29,28,0,1
1992,"ADAIR",21001,33,32,0,0,1,1,1,0,0,0,32,31,0,1
1993,"ADAIR",21001,35,35,0,0,0,1,1,0,0,0,34,34,0,0
1994,"ADAIR",21001,33,32,0,0,1,0,0,0,0,0,33,32,0,1
1995,"ADAIR",21001,47,44,0,0,3,1,0,0,0,1,46,44,0,2
1996,"ADAIR",21001,63,58,0,0,5,0,0,0,0,0,63,58,0,5
1997,"ADAIR",21001,63,60,1,0,2,1,0,1,0,0,62,60,0,2
1998,"ADAIR",21001,74,73,0,0,1,0,0,0,0,0,74,73,0,1
1999,"ADAIR",21001,66,63,0,0,3,1,1,0,0,0,65,62,0,3
2000,"ADAIR",21001,59,54,0,0,5,2,2,0,0,0,57,52,0,5
2001,"ADAIR",21001,74,68,0,0,6,0,0,0,0,0,74,68,0,6
2002,"ADAIR",21001,90,80,0,0,10,0,0,0,0,0,90,80,0,10
2003,"ADAIR",21001,101,91,0,1,9,4,3,0,1,0,97,88,0,9
1990,"ALLEN",21003,54,49,0,0,5,3,3,0,0,0,51,46,0,5
1991,"ALLEN",21003,41,35,1,0,5,2,1,1,0,0,39,34,0,5
1992,"ALLEN",21003,41,40,0,0,1,2,2,0,0,0,39,38,0,1
1993,"ALLEN",21003,23,20,0,0,3,1,0,0,0,1,22,20,0,2
1994,"ALLEN",21003,31,26,0,0,5,0,0,0,0,0,31,26,0,5
1995,"ALLEN",21003,63,60,0,0,3,1,1,0,0,0,62,59,0,3
1996,"ALLEN",21003,49,43,0,0,6,2,1,0,0,1,47,42,0,5
1997,"ALLEN",21003,83,79,0,0,4,0,0,0,0,0,83,79,0,4
1998,"ALLEN",21003,76,73,1,0,2,1,0,1,0,0,75,73,0,2
1999,"ALLEN",21003,103,97,0,0,6,0,0,0,0,0,103,97,0,6
2000,"ALLEN",21003,94,85,0,0,9,0,0,0,0,0,94,85,0,9
2001,"ALLEN",21003,142,128,0,0,14,1,1,0,0,0,141,127,0,14
2002,"ALLEN",21003,135,119,0,0,16,2,2,0,0,0,133,117,0,16
2003,"ALLEN",21003,140,129,0,0,11,0,0,0,0,0,140,129,0,11
1990,"ANDERSON",21005,57,36,0,0,21,4,4,0,0,0,53,32,0,21
1991,"ANDERSON",21005,66,56,0,1,9,8,7,0,1,0,58,49,0,9
1992,"ANDERSON",21005,66,59,0,0,7,0,0,0,0,0,66,59,0,7
1993,"ANDERSON",21005,73,60,2,0,11,2,0,2,0,0,71,60,0,11
1994,"ANDERSON",21005,57,50,0,0,7,0,0,0,0,0,57,50,0,7
1995,"ANDERSON",21005,75,68,1,0,6,2,1,1,0,0,73,67,0,6
1996,"ANDERSON",21005,98,89,0,0,9,4,3,0,0,1,94,86,0,8
1997,"ANDERSON",21005,110,102,0,0,8,3,3,0,0,0,107,99,0,8
1998,"ANDERSON",21005,120,107,0,0,13,2,2,0,0,0,118,105,0,13
1999,"ANDERSON",21005,95,83,0,0,12,1,1,0,0,0,94,82,0,12
2000,"ANDERSON",21005,119,102,0,0,17,1,0,0,0,1,118,102,0,16
2001,"ANDERSON",21005,155,138,0,0,17,3,3,0,0,0,152,135,0,17
2002,"ANDERSON",21005,163,138,0,0,25,1,1,0,0,0,162,137,0,25
2003,"ANDERSON",21005,164,138,0,0,26,0,0,0,0,0,164,138,0,26
1990,"BALLARD",21007,26,23,0,1,2,7,6,0,1,0,19,17,0,2
1991,"BALLARD",21007,28,24,0,0,4,2,1,0,0,1,26,23,0,3
1992,"BALLARD",21007,17,10,0,0,7,2,2,0,0,0,15,8,0,7
1993,"BALLARD",21007,14,12,0,0,2,0,0,0,0,0,14,12,0,2
1994,"BALLARD",21007,9,9,0,0,0,1,1,0,0,0,8,8,0,0
1995,"BALLARD",21007,17,16,0,0,1,1,1,0,0,0,16,15,0,1
1996,"BALLARD",21007,18,17,0,0,1,0,0,0,0,0,18,17,0,1
1997,"BALLARD",21007,26,20,0,0,6,1,1,0,0,0,25,19,0,6
1998,"BALLARD",21007,24,20,0,0,4,0,0,0,0,0,24,20,0,4
1999,"BALLARD",21007,21,19,0,0,2,0,0,0,0,0,21,19,0,2
2000,"BALLARD",21007,22,19,0,0,3,0,0,0,0,0,22,19,0,3
2001,"BALLARD",21007,48,42,1,0,5,2,1,1,0,0,46,41,0,5
2002,"BALLARD",21007,43,37,0,0,6,1,1,0,0,0,42,36,0,6
2003,"BALLARD",21007,39,35,0,0,4,0,0,0,0,0,39,35,0,4
1990,"BARREN",21009,111,106,2,1,2,4,1,2,1,0,107,105,0,2
1991,"BARREN",21009,108,104,1,0,3,4,2,1,0,1,104,102,0,2
1992,"BARREN",21009,110,108,0,0,2,2,2,0,0,0,108,106,0,2
1993,"BARREN",21009,86,81,0,1,4,4,3,0,1,0,82,78,0,4
1994,"BARREN",21009,108,102,1,1,4,3,0,1,1,1,105,102,0,3
1995,"BARREN",21009,112,105,0,0,7,1,1,0,0,0,111,104,0,7
1996,"BARREN",21009,188,184,1,0,3,4,3,1,0,0,184,181,0,3
1997,"BARREN",21009,207,190,1,0,16,2,1,1,0,0,205,189,0,16
1998,"BARREN",21009,241,225,0,2,14,6,4,0,2,0,235,221,0,14
1999,"BARREN",21009,239,215,2,4,18,6,0,2,4,0,233,215,0,18
2000,"BARREN",21009,261,234,1,0,26,3,2,1,0,0,258,232,0,26
2001,"BARREN",21009,268,241,0,0,27,0,0,0,0,0,268,241,0,27
2002,"BARREN",21009,276,252,1,0,23,4,3,0,0,1,272,249,1,22
2003,"BARREN",21009,309,262,3,1,43,8,3,3,1,1,301,259,0,42
1990,"BATH",21011,19,14,0,0,5,3,2,0,0,1,16,12,0,4
1991,"BATH",21011,23,21,0,0,2,2,2,0,0,0,21,19,0,2
1992,"BATH",21011,27,26,0,0,1,0,0,0,0,0,27,26,0,1
1993,"BATH",21011,15,14,0,0,1,1,1,0,0,0,14,13,0,1
1994,"BATH",21011,17,13,0,0,4,1,1,0,0,0,16,12,0,4
1995,"BATH",21011,24,20,0,0,4,0,0,0,0,0,24,20,0,4
1996,"BATH",21011,47,43,0,0,4,0,0,0,0,0,47,43,0,4
1997,"BATH",21011,59,50,0,0,9,0,0,0,0,0,59,50,0,9
1998,"BATH",21011,56,52,0,0,4,0,0,0,0,0,56,52,0,4
1999,"BATH",21011,43,39,0,0,4,0,0,0,0,0,43,39,0,4
2000,"BATH",21011,50,48,0,0,2,1,1,0,0,0,49,47,0,2
2001,"BATH",21011,77,72,0,0,5,1,1,0,0,0,76,71,0,5
2002,"BATH",21011,82,75,0,0,7,0,0,0,0,0,82,75,0,7
2003,"BATH",21011,67,63,0,0,4,1,1,0,0,0,66,62,0,4
1990,"BELL",21013,76,75,0,0,1,13,12,0,0,1,63,63,0,0
1991,"BELL",21013,79,75,2,0,2,8,6,2,0,0,71,69,0,2
1992,"BELL",21013,82,78,1,0,3,6,4,1,0,1,76,74,0,2
1993,"BELL",21013,43,42,0,0,1,4,4,0,0,0,39,38,0,1
1994,"BELL",21013,40,35,3,0,2,5,1,3,0,1,35,34,0,1
1995,"BELL",21013,61,60,0,0,1,1,1,0,0,0,60,59,0,1
1996,"BELL",21013,77,74,0,0,3,3,3,0,0,0,74,71,0,3
1997,"BELL",21013,92,86,0,0,6,2,2,0,0,0,90,84,0,6
1998,"BELL",21013,99,95,0,0,4,0,0,0,0,0,99,95,0,4
1999,"BELL",21013,120,110,1,0,9,2,0,1,0,1,118,110,0,8
2000,"BELL",21013,96,86,0,0,10,1,1,0,0,0,95,85,0,10
2001,"BELL",21013,135,125,4,0,6,4,2,2,0,0,131,123,2,6
2002,"BELL",21013,101,95,0,0,6,0,0,0,0,0,101,95,0,6
2003,"BELL",21013,122,111,2,0,9,2,0,2,0,0,120,111,0,9
1990,"BOONE",21015,328,277,2,0,49,28,25,2,0,1,300,252,0,48
1991,"BOONE",21015,358,316,1,0,41,20,17,1,0,2,338,299,0,39
1992,"BOONE",21015,337,290,4,0,43,20,13,4,0,3,317,277,0,40
1993,"BOONE",21015,252,212,3,0,37,8,3,3,0,2,244,209,0,35
1994,"BOONE",21015,258,219,4,0,35,12,6,4,0,2,246,213,0,33
1995,"BOONE",21015,281,240,4,0,37,9,3,4,0,2,272,237,0,35
1996,"BOONE",21015,370,318,0,0,52,9,7,0,0,2,361,311,0,50
1997,"BOONE",21015,440,395,0,0,45,7,7,0,0,0,433,388,0,45
1998,"BOONE",21015,459,407,0,0,52,7,7,0,0,0,452,400,0,52
1999,"BOONE",21015,443,393,0,0,50,11,10,0,0,1,432,383,0,49
2000,"BOONE",21015,451,404,1,0,46,9,7,1,0,1,442,397,0,45
2001,"BOONE",21015,628,547,1,0,80,12,11,1,0,0,616,536,0,80
2002,"BOONE",21015,671,585,0,0,86,9,8,0,0,1,662,577,0,85
2003,"BOONE",21015,833,705,1,0,127,15,12,1,0,2,818,693,0,125
1990,"BOURBON",21017,84,63,3,1,17,13,4,3,1,5,71,59,0,12
1991,"BOURBON",21017,94,80,1,1,12,8,6,1,1,0,86,74,0,12
1992,"BOURBON",21017,79,69,1,1,8,4,2,1,1,0,75,67,0,8
1993,"BOURBON",21017,78,50,1,1,26,3,1,0,1,1,75,49,1,25
1994,"BOURBON",21017,70,59,0,0,11,0,0,0,0,0,70,59,0,11
1995,"BOURBON",21017,84,77,1,0,6,8,5,1,0,2,76,72,0,4
1996,"BOURBON",21017,87,73,0,0,14,3,3,0,0,0,84,70,0,14
1997,"BOURBON",21017,133,121,0,0,12,4,4,0,0,0,129,117,0,12
1998,"BOURBON",21017,108,101,0,0,7,0,0,0,0,0,108,101,0,7
1999,"BOURBON",21017,116,103,0,0,13,0,0,0,0,0,116,103,0,13
2000,"BOURBON",21017,107,86,1,0,20,3,2,1,0,0,104,84,0,20
2001,"BOURBON",21017,111,97,0,0,14,3,3,0,0,0,108,94,0,14
2002,"BOURBON",21017,140,117,0,0,23,4,4,0,0,0,136,113,0,23
2003,"BOURBON",21017,154,120,0,0,34,1,1,0,0,0,153,119,0,34
1990,"BOYD",21019,178,106,4,0,68,24,15,4,0,5,154,91,0,63
1991,"BOYD",21019,250,141,2,0,107,17,12,1,0,4,233,129,1,103
1992,"BOYD",21019,214,144,7,0,63,13,5,7,0,1,201,139,0,62
1993,"BOYD",21019,201,122,3,0,76,16,12,3,0,1,185,110,0,75
1994,"BOYD",21019,197,115,4,0,78,17,10,4,0,3,180,105,0,75
1995,"BOYD",21019,223,132,3,0,88,14,5,3,0,6,209,127,0,82
1996,"BOYD",21019,278,181,3,0,94,8,3,3,0,2,270,178,0,92
1997,"BOYD",21019,286,178,1,0,107,10,6,1,0,3,276,172,0,104
1998,"BOYD",21019,256,172,1,0,83,6,4,1,0,1,250,168,0,82
1999,"BOYD",21019,257,169,3,0,85,5,1,3,0,1,252,168,0,84
2000,"BOYD",21019,215,160,0,0,55,3,3,0,0,0,212,157,0,55
2001,"BOYD",21019,282,216,1,0,65,7,4,1,0,2,275,212,0,63
2002,"BOYD",21019,320,244,1,0,75,2,2,0,0,0,318,242,1,75
2003,"BOYD",21019,386,291,2,0,93,7,4,2,0,1,379,287,0,92
1990,"BOYLE",21021,67,47,1,0,19,8,6,1,0,1,59,41,0,18
1991,"BOYLE",21021,80,73,0,0,7,8,7,0,0,1,72,66,0,6
1992,"BOYLE",21021,72,61,0,0,11,4,3,0,0,1,68,58,0,10
1993,"BOYLE",21021,55,48,1,0,6,3,1,1,0,1,52,47,0,5
1994,"BOYLE",21021,56,49,0,0,7,3,3,0,0,0,53,46,0,7
1995,"BOYLE",21021,76,73,0,0,3,3,3,0,0,0,73,70,0,3
1996,"BOYLE",21021,121,117,0,0,4,1,1,0,0,0,120,116,0,4
1997,"BOYLE",21021,119,114,0,0,5,5,5,0,0,0,114,109,0,5
1998,"BOYLE",21021,108,103,0,0,5,1,1,0,0,0,107,102,0,5
1999,"BOYLE",21021,102,88,2,0,12,3,1,2,0,0,99,87,0,12
2000,"BOYLE",21021,103,92,0,0,11,2,2,0,0,0,101,90,0,11
2001,"BOYLE",21021,147,130,0,0,17,5,4,0,0,1,142,126,0,16
2002,"BOYLE",21021,153,134,0,0,19,3,3,0,0,0,150,131,0,19
2003,"BOYLE",21021,166,153,1,0,12,2,1,1,0,0,164,152,0,12
1990,"BRACKEN",21023,28,26,0,0,2,4,4,0,0,0,24,22,0,2
1991,"BRACKEN",21023,25,23,0,0,2,3,3,0,0,0,22,20,0,2
1992,"BRACKEN",21023,26,23,0,0,3,3,2,0,0,1,23,21,0,2
1993,"BRACKEN",21023,20,16,0,0,4,0,0,0,0,0,20,16,0,4
1994,"BRACKEN",21023,20,18,0,0,2,1,1,0,0,0,19,17,0,2
1995,"BRACKEN",21023,27,21,0,0,6,0,0,0,0,0,27,21,0,6
1996,"BRACKEN",21023,32,29,0,0,3,0,0,0,0,0,32,29,0,3
1997,"BRACKEN",21023,39,33,0,0,6,1,1,0,0,0,38,32,0,6
1998,"BRACKEN",21023,35,29,0,0,6,1,1,0,0,0,34,28,0,6
1999,"BRACKEN",21023,48,41,1,0,6,1,0,1,0,0,47,41,0,6
2000,"BRACKEN",21023,43,35,0,0,8,0,0,0,0,0,43,35,0,8
2001,"BRACKEN",21023,55,49,0,0,6,1,1,0,0,0,54,48,0,6
2002,"BRACKEN",21023,66,49,0,0,17,1,1,0,0,0,65,48,0,17
2003,"BRACKEN",21023,66,56,0,0,10,3,2,0,0,1,63,54,0,9
1990,"BREATHITT",21025,38,29,0,0,9,5,5,0,0,0,33,24,0,9
1991,"BREATHITT",21025,28,21,1,0,6,5,3,1,0,1,23,18,0,5
1992,"BREATHITT",21025,35,30,0,0,5,4,4,0,0,0,31,26,0,5
1993,"BREATHITT",21025,35,30,0,0,5,0,0,0,0,0,35,30,0,5
1994,"BREATHITT",21025,29,26,0,0,3,1,1,0,0,0,28,25,0,3
1995,"BREATHITT",21025,52,38,0,0,14,2,1,0,0,1,50,37,0,13
1996,"BREATHITT",21025,72,61,0,0,11,1,1,0,0,0,71,60,0,11
1997,"BREATHITT",21025,74,61,0,0,13,1,0,0,0,1,73,61,0,12
1998,"BREATHITT",21025,75,56,0,0,19,1,0,0,0,1,74,56,0,18
1999,"BREATHITT",21025,47,36,0,0,11,1,1,0,0,0,46,35,0,11
2000,"BREATHITT",21025,80,64,0,0,16,2,2,0,0,0,78,62,0,16
2001,"BREATHITT",21025,80,64,0,0,16,0,0,0,0,0,80,64,0,16
2002,"BREATHITT",21025,54,47,0,0,7,0,0,0,0,0,54,47,0,7
2003,"BREATHITT",21025,69,61,0,0,8,1,1,0,0,0,68,60,0,8
1990,"BRECKINRIDGE",21027,23,18,0,0,5,2,2,0,0,0,21,16,0,5
1991,"BRECKINRIDGE",21027,38,32,0,0,6,0,0,0,0,0,38,32,0,6
1992,"BRECKINRIDGE",21027,45,36,1,0,8,3,2,1,0,0,42,34,0,8
1993,"BRECKINRIDGE",21027,33,27,0,0,6,0,0,0,0,0,33,27,0,6
1994,"BRECKINRIDGE",21027,25,17,0,0,8,0,0,0,0,0,25,17,0,8
1995,"BRECKINRIDGE",21027,43,32,0,0,11,0,0,0,0,0,43,32,0,11
1996,"BRECKINRIDGE",21027,46,38,0,0,8,0,0,0,0,0,46,38,0,8
1997,"BRECKINRIDGE",21027,70,53,0,0,17,2,2,0,0,0,68,51,0,17
1998,"BRECKINRIDGE",21027,69,53,0,0,16,0,0,0,0,0,69,53,0,16
1999,"BRECKINRIDGE",21027,60,54,0,0,6,0,0,0,0,0,60,54,0,6
2000,"BRECKINRIDGE",21027,92,81,0,0,11,3,3,0,0,0,89,78,0,11
2001,"BRECKINRIDGE",21027,101,89,0,0,12,1,1,0,0,0,100,88,0,12
2002,"BRECKINRIDGE",21027,100,87,0,0,13,0,0,0,0,0,100,87,0,13
2003,"BRECKINRIDGE",21027,112,92,0,0,20,0,0,0,0,0,112,92,0,20
1990,"BULLITT",21029,157,116,2,0,39,6,4,2,0,0,151,112,0,39
1991,"BULLITT",21029,199,161,1,0,37,9,8,1,0,0,190,153,0,37
1992,"BULLITT",21029,164,118,0,0,46,5,2,0,0,3,159,116,0,43
1993,"BULLITT",21029,118,90,0,0,28,2,2,0,0,0,116,88,0,28
1994,"BULLITT",21029,121,105,1,0,15,2,1,0,0,1,119,104,1,14
1995,"BULLITT",21029,140,113,0,0,27,1,1,0,0,0,139,112,0,27
1996,"BULLITT",21029,156,119,0,0,37,1,1,0,0,0,155,118,0,37
1997,"BULLITT",21029,216,167,0,0,49,4,4,0,0,0,212,163,0,49
1998,"BULLITT",21029,275,212,0,0,63,2,2,0,0,0,273,210,0,63
1999,"BULLITT",21029,239,175,2,0,62,6,4,2,0,0,233,171,0,62
2000,"BULLITT",21029,294,214,0,0,80,2,2,0,0,0,292,212,0,80
2001,"BULLITT",21029,360,267,1,0,92,3,2,1,0,0,357,265,0,92
2002,"BULLITT",21029,424,332,0,0,92,1,0,0,0,1,423,332,0,91
2003,"BULLITT",21029,500,363,1,0,136,1,0,1,0,0,499,363,0,136
1990,"BUTLER",21031,33,30,0,0,3,1,1,0,0,0,32,29,0,3
1991,"BUTLER",21031,43,42,1,0,0,1,0,1,0,0,42,42,0,0
1992,"BUTLER",21031,31,28,1,0,2,2,0,1,0,1,29,28,0,1
1993,"BUTLER",21031,22,20,0,0,2,1,0,0,0,1,21,20,0,1
1994,"BUTLER",21031,24,21,0,0,3,1,1,0,0,0,23,20,0,3
1995,"BUTLER",21031,37,37,0,0,0,0,0,0,0,0,37,37,0,0
1996,"BUTLER",21031,45,43,0,1,1,1,0,0,1,0,44,43,0,1
1997,"BUTLER",21031,65,60,1,0,4,1,0,1,0,0,64,60,0,4
1998,"BUTLER",21031,62,60,0,0,2,0,0,0,0,0,62,60,0,2
1999,"BUTLER",21031,54,51,0,0,3,0,0,0,0,0,54,51,0,3
2000,"BUTLER",21031,64,60,0,0,4,0,0,0,0,0,64,60,0,4
2001,"BUTLER",21031,103,96,0,0,7,0,0,0,0,0,103,96,0,7
2002,"BUTLER",21031,75,73,0,0,2,0,0,0,0,0,75,73,0,2
2003,"BUTLER",21031,84,70,0,0,14,0,0,0,0,0,84,70,0,14
1990,"CALDWELL",21033,55,51,0,0,4,4,4,0,0,0,51,47,0,4
1991,"CALDWELL",21033,45,40,0,0,5,0,0,0,0,0,45,40,0,5
1992,"CALDWELL",21033,39,34,0,0,5,2,2,0,0,0,37,32,0,5
1993,"CALDWELL",21033,42,37,2,0,3,3,1,2,0,0,39,36,0,3
1994,"CALDWELL",21033,45,38,0,1,6,2,1,0,1,0,43,37,0,6
1995,"CALDWELL",21033,59,51,0,0,8,4,1,0,0,3,55,50,0,5
1996,"CALDWELL",21033,56,50,0,0,6,0,0,0,0,0,56,50,0,6
1997,"CALDWELL",21033,73,64,0,1,8,2,1,0,1,0,71,63,0,8
1998,"CALDWELL",21033,77,69,1,0,7,1,0,1,0,0,76,69,0,7
1999,"CALDWELL",21033,73,65,0,0,8,1,1,0,0,0,72,64,0,8
2000,"CALDWELL",21033,76,67,0,0,9,0,0,0,0,0,76,67,0,9
2001,"CALDWELL",21033,107,99,0,0,8,1,1,0,0,0,106,98,0,8
2002,"CALDWELL",21033,101,87,0,0,14,0,0,0,0,0,101,87,0,14
2003,"CALDWELL",21033,86,74,0,0,12,0,0,0,0,0,86,74,0,12
1990,"CALLOWAY",21035,52,47,1,1,3,7,4,1,1,1,45,43,0,2
1991,"CALLOWAY",21035,56,52,0,0,4,4,4,0,0,0,52,48,0,4
1992,"CALLOWAY",21035,56,51,0,0,5,5,4,0,0,1,51,47,0,4
1993,"CALLOWAY",21035,49,45,0,0,4,0,0,0,0,0,49,45,0,4
1994,"CALLOWAY",21035,50,45,0,0,5,7,6,0,0,1,43,39,0,4
1995,"CALLOWAY",21035,61,61,0,0,0,4,4,0,0,0,57,57,0,0
1996,"CALLOWAY",21035,70,66,0,0,4,2,1,0,0,1,68,65,0,3
1997,"CALLOWAY",21035,102,99,0,0,3,2,2,0,0,0,100,97,0,3
1998,"CALLOWAY",21035,126,123,0,0,3,6,5,0,0,1,120,118,0,2
1999,"CALLOWAY",21035,102,94,2,0,6,2,0,2,0,0,100,94,0,6
2000,"CALLOWAY",21035,115,111,1,0,3,2,1,1,0,0,113,110,0,3
2001,"CALLOWAY",21035,124,116,0,0,8,5,5,0,0,0,119,111,0,8
2002,"CALLOWAY",21035,137,124,0,0,13,2,1,0,0,1,135,123,0,12
2003,"CALLOWAY",21035,150,138,0,0,12,2,2,0,0,0,148,136,0,12
1990,"CAMPBELL",21037,394,328,0,0,66,26,21,0,0,5,368,307,0,61
1991,"CAMPBELL",21037,446,395,1,0,50,35,30,1,0,4,411,365,0,46
1992,"CAMPBELL",21037,434,371,0,0,63,5,5,0,0,0,429,366,0,63
1993,"CAMPBELL",21037,354,304,1,0,49,4,3,1,0,0,350,301,0,49
1994,"CAMPBELL",21037,319,274,0,0,45,7,4,0,0,3,312,270,0,42
1995,"CAMPBELL",21037,337,286,1,0,50,10,5,1,0,4,327,281,0,46
1996,"CAMPBELL",21037,407,357,1,0,49,6,2,1,0,3,401,355,0,46
1997,"CAMPBELL",21037,453,398,1,0,54,10,10,0,0,0,443,388,1,54
1998,"CAMPBELL",21037,432,387,1,0,44,5,4,1,0,0,427,383,0,44
1999,"CAMPBELL",21037,386,332,2,0,52,8,4,2,0,2,378,328,0,50
2000,"CAMPBELL",21037,448,395,1,0,52,7,5,1,0,1,441,390,0,51
2001,"CAMPBELL",21037,566,486,0,0,80,12,11,0,0,1,554,475,0,79
2002,"CAMPBELL",21037,594,513,1,0,80,6,3,1,0,2,588,510,0,78
2003,"CAMPBELL",21037,646,533,2,0,111,9,6,2,0,1,637,527,0,110
1990,"CARLISLE",21039,9,9,0,0,0,1,1,0,0,0,8,8,0,0
1991,"CARLISLE",21039,17,15,0,0,2,0,0,0,0,0,17,15,0,2
1992,"CARLISLE",21039,8,7,0,0,1,0,0,0,0,0,8,7,0,1
1993,"CARLISLE",21039,7,7,0,0,0,0,0,0,0,0,7,7,0,0
1994,"CARLISLE",21039,9,8,0,0,1,1,1,0,0,0,8,7,0,1
1995,"CARLISLE",21039,6,5,0,0,1,1,1,0,0,0,5,4,0,1
1996,"CARLISLE",21039,9,9,0,0,0,0,0,0,0,0,9,9,0,0
1997,"CARLISLE",21039,9,9,0,0,0,0,0,0,0,0,9,9,0,0
1998,"CARLISLE",21039,17,16,0,0,1,1,0,0,0,1,16,16,0,0
1999,"CARLISLE",21039,14,10,0,0,4,0,0,0,0,0,14,10,0,4
2000,"CARLISLE",21039,13,13,0,0,0,0,0,0,0,0,13,13,0,0
2001,"CARLISLE",21039,29,25,0,0,4,1,1,0,0,0,28,24,0,4
2002,"CARLISLE",21039,36,33,0,0,3,0,0,0,0,0,36,33,0,3
2003,"CARLISLE",21039,26,22,1,0,3,1,0,1,0,0,25,22,0,3
1990,"CARROLL",21041,33,28,0,0,5,3,3,0,0,0,30,25,0,5
1991,"CARROLL",21041,46,44,0,0,2,1,1,0,0,0,45,43,0,2
1992,"CARROLL",21041,28,27,0,0,1,1,1,0,0,0,27,26,0,1
1993,"CARROLL",21041,25,20,0,0,5,2,2,0,0,0,23,18,0,5
1994,"CARROLL",21041,16,16,0,0,0,0,0,0,0,0,16,16,0,0
1995,"CARROLL",21041,34,32,0,0,2,0,0,0,0,0,34,32,0,2
1996,"CARROLL",21041,41,39,0,0,2,0,0,0,0,0,41,39,0,2
1997,"CARROLL",21041,59,51,0,0,8,0,0,0,0,0,59,51,0,8
1998,"CARROLL",21041,47,43,0,0,4,0,0,0,0,0,47,43,0,4
1999,"CARROLL",21041,48,46,0,0,2,0,0,0,0,0,48,46,0,2
2000,"CARROLL",21041,57,52,0,0,5,0,0,0,0,0,57,52,0,5
2001,"CARROLL",21041,52,48,0,0,4,1,1,0,0,0,51,47,0,4
2002,"CARROLL",21041,68,60,0,0,8,1,1,0,0,0,67,59,0,8
2003,"CARROLL",21041,81,72,0,0,9,0,0,0,0,0,81,72,0,9
1990,"CARTER",21043,28,20,1,0,7,5,4,1,0,0,23,16,0,7
1991,"CARTER",21043,35,23,0,0,12,1,1,0,0,0,34,22,0,12
1992,"CARTER",21043,29,21,1,0,7,3,2,1,0,0,26,19,0,7
1993,"CARTER",21043,34,22,1,0,11,1,0,1,0,0,33,22,0,11
1994,"CARTER",21043,38,30,0,0,8,1,0,0,0,1,37,30,0,7
1995,"CARTER",21043,40,23,0,0,17,3,1,0,0,2,37,22,0,15
1996,"CARTER",21043,70,52,0,0,18,2,1,0,0,1,68,51,0,17
1997,"CARTER",21043,81,66,0,0,15,1,1,0,0,0,80,65,0,15
1998,"CARTER",21043,62,47,0,0,15,2,2,0,0,0,60,45,0,15
1999,"CARTER",21043,63,45,0,0,18,0,0,0,0,0,63,45,0,18
2000,"CARTER",21043,75,60,0,0,15,4,3,0,0,1,71,57,0,14
2001,"CARTER",21043,93,79,0,0,14,2,1,0,0,1,91,78,0,13
2002,"CARTER",21043,115,101,0,0,14,1,1,0,0,0,114,100,0,14
2003,"CARTER",21043,126,110,0,0,16,0,0,0,0,0,126,110,0,16
1990,"CASEY",21045,25,19,0,2,4,5,2,0,2,1,20,17,0,3
1991,"CASEY",21045,23,21,0,0,2,0,0,0,0,0,23,21,0,2
1992,"CASEY",21045,21,19,0,0,2,0,0,0,0,0,21,19,0,2
1993,"CASEY",21045,21,18,1,0,2,3,2,1,0,0,18,16,0,2
1994,"CASEY",21045,24,20,0,0,4,3,2,0,0,1,21,18,0,3
1995,"CASEY",21045,38,34,0,0,4,0,0,0,0,0,38,34,0,4
1996,"CASEY",21045,42,39,0,1,2,1,0,0,1,0,41,39,0,2
1997,"CASEY",21045,41,36,0,1,4,1,0,0,1,0,40,36,0,4
1998,"CASEY",21045,51,47,0,0,4,0,0,0,0,0,51,47,0,4
1999,"CASEY",21045,57,52,0,0,5,0,0,0,0,0,57,52,0,5
2000,"CASEY",21045,50,46,0,0,4,0,0,0,0,0,50,46,0,4
2001,"CASEY",21045,70,66,0,0,4,0,0,0,0,0,70,66,0,4
2002,"CASEY",21045,73,71,0,0,2,1,1,0,0,0,72,70,0,2
2003,"CASEY",21045,75,68,0,0,7,0,0,0,0,0,75,68,0,7
1990,"CHRISTIAN",21047,357,210,1,1,145,12,10,1,1,0,345,200,0,145
1991,"CHRISTIAN",21047,356,251,1,0,104,6,5,1,0,0,350,246,0,104
1992,"CHRISTIAN",21047,300,207,2,1,90,4,1,2,1,0,296,206,0,90
1993,"CHRISTIAN",21047,296,191,1,1,103,14,10,1,1,2,282,181,0,101
1994,"CHRISTIAN",21047,286,175,2,0,109,12,8,2,0,2,274,167,0,107
1995,"CHRISTIAN",21047,477,287,2,0,188,5,2,2,0,1,472,285,0,187
1996,"CHRISTIAN",21047,498,334,0,0,164,2,2,0,0,0,496,332,0,164
1997,"CHRISTIAN",21047,549,395,0,1,153,12,10,0,1,1,537,385,0,152
1998,"CHRISTIAN",21047,523,381,1,2,139,11,4,1,2,4,512,377,0,135
1999,"CHRISTIAN",21047,509,380,1,0,128,2,1,1,0,0,507,379,0,128
2000,"CHRISTIAN",21047,526,406,1,0,119,1,0,1,0,0,525,406,0,119
2001,"CHRISTIAN",21047,628,507,0,0,121,2,2,0,0,0,626,505,0,121
2002,"CHRISTIAN",21047,578,476,2,0,100,6,4,2,0,0,572,472,0,100
2003,"CHRISTIAN",21047,591,447,1,0,143,6,4,1,0,1,585,443,0,142
1990,"CLARK",21049,193,160,2,0,31,20,14,2,0,4,173,146,0,27
1991,"CLARK",21049,143,130,0,0,13,5,4,0,0,1,138,126,0,12
1992,"CLARK",21049,128,104,0,0,24,3,3,0,0,0,125,101,0,24
1993,"CLARK",21049,102,83,0,0,19,4,4,0,0,0,98,79,0,19
1994,"CLARK",21049,135,111,0,0,24,5,5,0,0,0,130,106,0,24
1995,"CLARK",21049,153,131,0,0,22,2,2,0,0,0,151,129,0,22
1996,"CLARK",21049,183,157,0,0,26,3,3,0,0,0,180,154,0,26
1997,"CLARK",21049,199,167,0,0,32,4,3,0,0,1,195,164,0,31
1998,"CLARK",21049,205,180,0,0,25,2,2,0,0,0,203,178,0,25
1999,"CLARK",21049,174,158,0,0,16,0,0,0,0,0,174,158,0,16
2000,"CLARK",21049,146,135,0,0,11,3,3,0,0,0,143,132,0,11
2001,"CLARK",21049,234,212,0,0,22,4,4,0,0,0,230,208,0,22
2002,"CLARK",21049,208,184,1,0,23,3,1,1,0,1,205,183,0,22
2003,"CLARK",21049,239,217,0,0,22,6,4,0,0,2,233,213,0,20
1990,"CLAY",21051,40,36,0,0,4,8,7,0,0,1,32,29,0,3
1991,"CLAY",21051,51,49,0,0,2,1,1,0,0,0,50,48,0,2
1992,"CLAY",21051,40,37,0,0,3,1,1,0,0,0,39,36,0,3
1993,"CLAY",21051,34,31,1,0,2,3,2,1,0,0,31,29,0,2
1994,"CLAY",21051,22,22,0,0,0,0,0,0,0,0,22,22,0,0
1995,"CLAY",21051,49,45,0,0,4,2,1,0,0,1,47,44,0,3
1996,"CLAY",21051,56,55,0,0,1,1,1,0,0,0,55,54,0,1
1997,"CLAY",21051,81,77,0,0,4,3,2,0,0,1,78,75,0,3
1998,"CLAY",21051,72,68,0,0,4,2,2,0,0,0,70,66,0,4
1999,"CLAY",21051,53,46,0,0,7,2,2,0,0,0,51,44,0,7
2000,"CLAY",21051,55,52,0,0,3,0,0,0,0,0,55,52,0,3
2001,"CLAY",21051,67,64,0,0,3,2,2,0,0,0,65,62,0,3
2002,"CLAY",21051,75,71,0,0,4,0,0,0,0,0,75,71,0,4
2003,"CLAY",21051,83,76,0,0,7,2,2,0,0,0,81,74,0,7
1990,"CLINTON",21053,20,20,0,0,0,1,1,0,0,0,19,19,0,0
1991,"CLINTON",21053,13,11,2,0,0,3,1,2,0,0,10,10,0,0
1992,"CLINTON",21053,16,14,2,0,0,3,1,2,0,0,13,13,0,0
1993,"CLINTON",21053,16,16,0,0,0,3,3,0,0,0,13,13,0,0
1994,"CLINTON",21053,13,12,0,0,1,0,0,0,0,0,13,12,0,1
1995,"CLINTON",21053,20,19,0,0,1,0,0,0,0,0,20,19,0,1
1996,"CLINTON",21053,20,17,0,0,3,0,0,0,0,0,20,17,0,3
1997,"CLINTON",21053,15,13,0,0,2,0,0,0,0,0,15,13,0,2
1998,"CLINTON",21053,30,26,2,0,2,2,0,2,0,0,28,26,0,2
1999,"CLINTON",21053,23,23,0,0,0,0,0,0,0,0,23,23,0,0
2000,"CLINTON",21053,29,28,0,0,1,0,0,0,0,0,29,28,0,1
2001,"CLINTON",21053,41,36,2,0,3,2,0,2,0,0,39,36,0,3
2002,"CLINTON",21053,47,45,1,0,1,1,0,1,0,0,46,45,0,1
2003,"CLINTON",21053,51,47,2,0,2,2,0,2,0,0,49,47,0,2
1990,"CRITTENDEN",21055,17,17,0,0,0,0,0,0,0,0,17,17,0,0
1991,"CRITTENDEN",21055,14,13,0,0,1,0,0,0,0,0,14,13,0,1
1992,"CRITTENDEN",21055,20,17,0,0,3,0,0,0,0,0,20,17,0,3
1993,"CRITTENDEN",21055,21,21,0,0,0,0,0,0,0,0,21,21,0,0
1994,"CRITTENDEN",21055,27,26,0,0,1,0,0,0,0,0,27,26,0,1
1995,"CRITTENDEN",21055,30,29,0,0,1,0,0,0,0,0,30,29,0,1
1996,"CRITTENDEN",21055,37,32,1,0,4,1,0,1,0,0,36,32,0,4
1997,"CRITTENDEN",21055,45,44,0,0,1,1,1,0,0,0,44,43,0,1
1998,"CRITTENDEN",21055,49,47,0,1,1,1,0,0,1,0,48,47,0,1
1999,"CRITTENDEN",21055,40,35,0,0,5,0,0,0,0,0,40,35,0,5
2000,"CRITTENDEN",21055,38,35,0,0,3,0,0,0,0,0,38,35,0,3
2001,"CRITTENDEN",21055,60,57,0,0,3,1,1,0,0,0,59,56,0,3
2002,"CRITTENDEN",21055,42,38,0,0,4,0,0,0,0,0,42,38,0,4
2003,"CRITTENDEN",21055,50,47,0,0,3,0,0,0,0,0,50,47,0,3
1990,"CUMBERLAND",21057,17,16,1,0,0,4,3,1,0,0,13,13,0,0
1991,"CUMBERLAND",21057,11,11,0,0,0,0,0,0,0,0,11,11,0,0
1992,"CUMBERLAND",21057,21,21,0,0,0,1,1,0,0,0,20,20,0,0
1993,"CUMBERLAND",21057,2,2,0,0,0,0,0,0,0,0,2,2,0,0
1994,"CUMBERLAND",21057,12,12,0,0,0,0,0,0,0,0,12,12,0,0
1995,"CUMBERLAND",21057,20,19,0,1,0,1,0,0,1,0,19,19,0,0
1996,"CUMBERLAND",21057,20,19,0,0,1,1,1,0,0,0,19,18,0,1
1997,"CUMBERLAND",21057,20,15,0,0,5,0,0,0,0,0,20,15,0,5
1998,"CUMBERLAND",21057,37,33,1,1,2,2,0,1,1,0,35,33,0,2
1999,"CUMBERLAND",21057,33,26,0,0,7,0,0,0,0,0,33,26,0,7
2000,"CUMBERLAND",21057,32,27,1,0,4,1,0,1,0,0,31,27,0,4
2001,"CUMBERLAND",21057,27,21,0,0,6,0,0,0,0,0,27,21,0,6
2002,"CUMBERLAND",21057,25,20,0,0,5,0,0,0,0,0,25,20,0,5
2003,"CUMBERLAND",21057,43,37,0,0,6,1,1,0,0,0,42,36,0,6
1990,"DAVIESS",21059,379,333,4,0,42,27,23,4,0,0,352,310,0,42
1991,"DAVIESS",21059,383,320,7,0,56,21,15,6,0,0,362,305,1,56
1992,"DAVIESS",21059,354,304,5,0,45,18,12,3,0,3,336,292,2,42
1993,"DAVIESS",21059,338,292,1,0,45,12,8,1,0,3,326,284,0,42
1994,"DAVIESS",21059,250,213,1,5,31,17,10,1,5,1,233,203,0,30
1995,"DAVIESS",21059,336,305,0,0,31,8,8,0,0,0,328,297,0,31
1996,"DAVIESS",21059,447,401,2,0,44,17,13,2,0,2,430,388,0,42
1997,"DAVIESS",21059,538,479,4,0,55,11,6,4,0,1,527,473,0,54
1998,"DAVIESS",21059,517,452,1,0,64,7,5,1,0,1,510,447,0,63
1999,"DAVIESS",21059,436,399,2,0,35,6,4,2,0,0,430,395,0,35
2000,"DAVIESS",21059,478,419,1,0,58,2,1,1,0,0,476,418,0,58
2001,"DAVIESS",21059,589,535,4,0,50,6,2,4,0,0,583,533,0,50
2002,"DAVIESS",21059,567,506,2,0,59,4,2,2,0,0,563,504,0,59
2003,"DAVIESS",21059,723,635,4,0,84,10,6,4,0,0,713,629,0,84
1990,"EDMONSON",21061,23,23,0,0,0,3,3,0,0,0,20,20,0,0
1991,"EDMONSON",21061,25,24,0,0,1,0,0,0,0,0,25,24,0,1
1992,"EDMONSON",21061,10,10,0,0,0,0,0,0,0,0,10,10,0,0
1993,"EDMONSON",21061,15,15,0,0,0,1,1,0,0,0,14,14,0,0
1994,"EDMONSON",21061,16,14,0,0,2,0,0,0,0,0,16,14,0,2
1995,"EDMONSON",21061,31,30,0,0,1,0,0,0,0,0,31,30,0,1
1996,"EDMONSON",21061,28,26,0,0,2,0,0,0,0,0,28,26,0,2
1997,"EDMONSON",21061,38,36,0,0,2,0,0,0,0,0,38,36,0,2
1998,"EDMONSON",21061,43,40,0,0,3,1,1,0,0,0,42,39,0,3
1999,"EDMONSON",21061,40,38,0,0,2,0,0,0,0,0,40,38,0,2
2000,"EDMONSON",21061,58,53,0,0,5,0,0,0,0,0,58,53,0,5
2001,"EDMONSON",21061,84,80,0,0,4,0,0,0,0,0,84,80,0,4
2002,"EDMONSON",21061,62,57,0,0,5,0,0,0,0,0,62,57,0,5
2003,"EDMONSON",21061,79,73,0,0,6,0,0,0,0,0,79,73,0,6
1990,"ELLIOTT",21063,6,5,0,0,1,1,0,0,0,1,5,5,0,0
1991,"ELLIOTT",21063,6,6,0,0,0,2,2,0,0,0,4,4,0,0
1992,"ELLIOTT",21063,9,5,0,0,4,0,0,0,0,0,9,5,0,4
1993,"ELLIOTT",21063,7,5,0,0,2,3,2,0,0,1,4,3,0,1
1994,"ELLIOTT",21063,5,4,0,0,1,0,0,0,0,0,5,4,0,1
1995,"ELLIOTT",21063,7,4,0,0,3,1,0,0,0,1,6,4,0,2
1996,"ELLIOTT",21063,10,10,0,0,0,0,0,0,0,0,10,10,0,0
1997,"ELLIOTT",21063,13,11,0,0,2,0,0,0,0,0,13,11,0,2
1998,"ELLIOTT",21063,9,8,0,0,1,0,0,0,0,0,9,8,0,1
1999,"ELLIOTT",21063,11,10,0,0,1,0,0,0,0,0,11,10,0,1
2000,"ELLIOTT",21063,18,17,0,0,1,0,0,0,0,0,18,17,0,1
2001,"ELLIOTT",21063,16,13,0,0,3,0,0,0,0,0,16,13,0,3
2002,"ELLIOTT",21063,22,18,0,0,4,0,0,0,0,0,22,18,0,4
2003,"ELLIOTT",21063,17,17,0,0,0,0,0,0,0,0,17,17,0,0
1990,"ESTILL",21065,22,18,0,0,4,1,1,0,0,0,21,17,0,4
1991,"ESTILL",21065,33,28,1,1,3,4,2,1,1,0,29,26,0,3
1992,"ESTILL",21065,28,23,0,0,5,1,1,0,0,0,27,22,0,5
1993,"ESTILL",21065,24,16,0,0,8,0,0,0,0,0,24,16,0,8
1994,"ESTILL",21065,23,20,0,0,3,0,0,0,0,0,23,20,0,3
1995,"ESTILL",21065,22,19,0,0,3,1,1,0,0,0,21,18,0,3
1996,"ESTILL",21065,49,46,0,0,3,0,0,0,0,0,49,46,0,3
1997,"ESTILL",21065,56,49,0,0,7,0,0,0,0,0,56,49,0,7
1998,"ESTILL",21065,61,55,1,0,5,2,1,1,0,0,59,54,0,5
1999,"ESTILL",21065,57,48,1,0,8,1,0,1,0,0,56,48,0,8
2000,"ESTILL",21065,58,53,0,0,5,2,1,0,0,1,56,52,0,4
2001,"ESTILL",21065,75,70,0,0,5,0,0,0,0,0,75,70,0,5
2002,"ESTILL",21065,71,60,0,0,11,1,1,0,0,0,70,59,0,11
2003,"ESTILL",21065,95,83,0,0,12,0,0,0,0,0,95,83,0,12
1990,"FAYETTE",21067,1196,869,14,2,311,118,87,14,2,15,1078,782,0,296
1991,"FAYETTE",21067,1124,892,26,0,206,113,80,26,0,7,1011,812,0,199
1992,"FAYETTE",21067,1081,894,16,0,171,72,43,16,0,13,1009,851,0,158
1993,"FAYETTE",21067,906,706,16,0,184,37,14,16,0,7,869,692,0,177
1994,"FAYETTE",21067,871,703,14,0,154,42,19,14,0,9,829,684,0,145
1995,"FAYETTE",21067,890,734,7,0,149,46,32,7,0,7,844,702,0,142
1996,"FAYETTE",21067,986,820,6,1,159,39,30,6,1,2,947,790,0,157
1997,"FAYETTE",21067,1158,1005,2,0,151,45,32,2,0,11,1113,973,0,140
1998,"FAYETTE",21067,1135,964,15,0,156,39,22,14,0,3,1096,942,1,153
1999,"FAYETTE",21067,1040,874,7,0,159,28,19,7,0,2,1012,855,0,157
2000,"FAYETTE",21067,951,808,30,0,113,56,23,30,0,3,895,785,0,110
2001,"FAYETTE",21067,1204,1014,14,0,176,51,33,13,0,5,1153,981,1,171
2002,"FAYETTE",21067,1284,1118,5,0,161,22,18,3,0,1,1262,1100,2,160
2003,"FAYETTE",21067,1399,1177,2,0,220,27,25,2,0,0,1372,1152,0,220
1990,"FLEMING",21069,22,17,0,0,5,3,2,0,0,1,19,15,0,4
1991,"FLEMING",21069,32,27,1,0,4,4,3,1,0,0,28,24,0,4
1992,"FLEMING",21069,29,27,0,1,1,2,1,0,1,0,27,26,0,1
1993,"FLEMING",21069,16,16,0,0,0,0,0,0,0,0,16,16,0,0
1994,"FLEMING",21069,19,17,0,0,2,0,0,0,0,0,19,17,0,2
1995,"FLEMING",21069,27,25,0,2,0,2,0,0,2,0,25,25,0,0
1996,"FLEMING",21069,39,34,0,1,4,3,0,0,1,2,36,34,0,2
1997,"FLEMING",21069,50,45,0,1,4,2,1,0,1,0,48,44,0,4
1998,"FLEMING",21069,54,48,0,0,6,0,0,0,0,0,54,48,0,6
1999,"FLEMING",21069,63,53,3,0,7,3,0,3,0,0,60,53,0,7
2000,"FLEMING",21069,63,58,1,0,4,2,1,1,0,0,61,57,0,4
2001,"FLEMING",21069,72,65,0,0,7,2,1,0,0,1,70,64,0,6
2002,"FLEMING",21069,73,68,0,2,3,2,0,0,2,0,71,68,0,3
2003,"FLEMING",21069,88,75,0,0,13,1,1,0,0,0,87,74,0,13
1990,"FLOYD",21071,164,108,2,0,54,38,25,2,0,11,126,83,0,43
1991,"FLOYD",21071,108,83,5,0,20,21,12,5,0,4,87,71,0,16
1992,"FLOYD",21071,91,78,4,0,9,8,4,4,0,0,83,74,0,9
1993,"FLOYD",21071,93,79,1,0,13,2,1,1,0,0,91,78,0,13
1994,"FLOYD",21071,98,87,2,0,9,6,4,2,0,0,92,83,0,9
1995,"FLOYD",21071,117,95,2,0,20,6,2,2,0,2,111,93,0,18
1996,"FLOYD",21071,148,117,2,0,29,7,4,2,0,1,141,113,0,28
1997,"FLOYD",21071,154,135,0,0,19,5,3,0,0,2,149,132,0,17
1998,"FLOYD",21071,163,149,0,0,14,6,5,0,0,1,157,144,0,13
1999,"FLOYD",21071,179,152,1,0,26,5,4,1,0,0,174,148,0,26
2000,"FLOYD",21071,159,124,0,0,35,5,5,0,0,0,154,119,0,35
2001,"FLOYD",21071,202,174,0,0,28,1,1,0,0,0,201,173,0,28
2002,"FLOYD",21071,217,194,0,0,23,0,0,0,0,0,217,194,0,23
2003,"FLOYD",21071,246,212,0,0,34,0,0,0,0,0,246,212,0,34
1990,"FRANKLIN",21073,282,200,0,0,82,10,10,0,0,0,272,190,0,82
1991,"FRANKLIN",21073,254,223,1,0,30,17,14,1,0,2,237,209,0,28
1992,"FRANKLIN",21073,269,251,0,0,18,10,7,0,0,3,259,244,0,15
1993,"FRANKLIN",21073,148,129,1,0,18,5,3,1,0,1,143,126,0,17
1994,"FRANKLIN",21073,176,161,0,0,15,3,3,0,0,0,173,158,0,15
1995,"FRANKLIN",21073,224,183,1,0,40,5,2,1,0,2,219,181,0,38
1996,"FRANKLIN",21073,294,262,0,0,32,11,11,0,0,0,283,251,0,32
1997,"FRANKLIN",21073,348,318,0,0,30,10,9,0,0,1,338,309,0,29
1998,"FRANKLIN",21073,353,313,2,0,38,10,5,2,0,3,343,308,0,35
1999,"FRANKLIN",21073,271,239,1,0,31,2,1,1,0,0,269,238,0,31
2000,"FRANKLIN",21073,274,245,1,0,28,5,4,1,0,0,269,241,0,28
2001,"FRANKLIN",21073,307,277,0,0,30,5,4,0,0,1,302,273,0,29
2002,"FRANKLIN",21073,395,347,0,0,48,3,3,0,0,0,392,344,0,48
2003,"FRANKLIN",21073,388,340,2,0,46,5,3,2,0,0,383,337,0,46
1990,"FULTON",21075,35,29,0,1,5,2,1,0,1,0,33,28,0,5
1991,"FULTON",21075,30,27,0,0,3,0,0,0,0,0,30,27,0,3
1992,"FULTON",21075,24,23,0,0,1,0,0,0,0,0,24,23,0,1
1993,"FULTON",21075,15,14,0,0,1,1,1,0,0,0,14,13,0,1
1994,"FULTON",21075,7,5,0,0,2,0,0,0,0,0,7,5,0,2
1995,"FULTON",21075,15,14,0,0,1,0,0,0,0,0,15,14,0,1
1996,"FULTON",21075,43,34,0,0,9,1,1,0,0,0,42,33,0,9
1997,"FULTON",21075,32,29,0,0,3,0,0,0,0,0,32,29,0,3
1998,"FULTON",21075,30,23,0,0,7,0,0,0,0,0,30,23,0,7
1999,"FULTON",21075,45,40,0,0,5,1,1,0,0,0,44,39,0,5
2000,"FULTON",21075,60,50,0,0,10,0,0,0,0,0,60,50,0,10
2001,"FULTON",21075,48,40,0,0,8,1,1,0,0,0,47,39,0,8
2002,"FULTON",21075,59,52,0,0,7,0,0,0,0,0,59,52,0,7
2003,"FULTON",21075,59,54,0,0,5,0,0,0,0,0,59,54,0,5
1990,"GALLATIN",21077,27,24,0,0,3,0,0,0,0,0,27,24,0,3
1991,"GALLATIN",21077,22,20,0,0,2,0,0,0,0,0,22,20,0,2
1992,"GALLATIN",21077,33,28,0,0,5,0,0,0,0,0,33,28,0,5
1993,"GALLATIN",21077,18,14,0,0,4,0,0,0,0,0,18,14,0,4
1994,"GALLATIN",21077,17,16,0,0,1,0,0,0,0,0,17,16,0,1
1995,"GALLATIN",21077,23,19,0,0,4,0,0,0,0,0,23,19,0,4
1996,"GALLATIN",21077,33,30,0,0,3,0,0,0,0,0,33,30,0,3
1997,"GALLATIN",21077,40,37,0,0,3,2,2,0,0,0,38,35,0,3
1998,"GALLATIN",21077,44,39,0,0,5,0,0,0,0,0,44,39,0,5
1999,"GALLATIN",21077,47,38,0,0,9,1,1,0,0,0,46,37,0,9
2000,"GALLATIN",21077,65,52,0,0,13,2,2,0,0,0,63,50,0,13
2001,"GALLATIN",21077,70,65,0,0,5,0,0,0,0,0,70,65,0,5
2002,"GALLATIN",21077,78,67,0,0,11,1,0,0,0,1,77,67,0,10
2003,"GALLATIN",21077,107,97,0,0,10,4,4,0,0,0,103,93,0,10
1990,"GARRARD",21079,40,32,1,0,7,8,7,1,0,0,32,25,0,7
1991,"GARRARD",21079,40,36,1,2,1,5,2,1,2,0,35,34,0,1
1992,"GARRARD",21079,48,36,1,2,9,3,0,1,2,0,45,36,0,9
1993,"GARRARD",21079,33,28,0,0,5,2,2,0,0,0,31,26,0,5
1994,"GARRARD",21079,29,26,0,0,3,1,1,0,0,0,28,25,0,3
1995,"GARRARD",21079,38,31,0,0,7,1,1,0,0,0,37,30,0,7
1996,"GARRARD",21079,54,48,0,1,5,3,2,0,1,0,51,46,0,5
1997,"GARRARD",21079,51,44,0,0,7,4,3,0,0,1,47,41,0,6
1998,"GARRARD",21079,63,56,0,0,7,0,0,0,0,0,63,56,0,7
1999,"GARRARD",21079,61,52,0,2,7,2,0,0,2,0,59,52,0,7
2000,"GARRARD",21079,65,54,0,0,11,1,1,0,0,0,64,53,0,11
2001,"GARRARD",21079,86,75,0,0,11,2,2,0,0,0,84,73,0,11
2002,"GARRARD",21079,89,82,0,0,7,1,1,0,0,0,88,81,0,7
2003,"GARRARD",21079,115,98,0,0,17,0,0,0,0,0,115,98,0,17
1990,"GRANT",21081,112,95,0,0,17,7,6,0,0,1,105,89,0,16
1991,"GRANT",21081,97,89,0,0,8,10,9,0,0,1,87,80,0,7
1992,"GRANT",21081,107,94,1,0,12,2,1,1,0,0,105,93,0,12
1993,"GRANT",21081,68,58,0,0,10,1,0,0,0,1,67,58,0,9
1994,"GRANT",21081,88,77,0,0,11,0,0,0,0,0,88,77,0,11
1995,"GRANT",21081,110,96,0,0,14,2,2,0,0,0,108,94,0,14
1996,"GRANT",21081,116,108,0,0,8,1,0,0,0,1,115,108,0,7
1997,"GRANT",21081,190,161,0,0,29,4,2,0,0,2,186,159,0,27
1998,"GRANT",21081,170,152,0,0,18,1,1,0,0,0,169,151,0,18
1999,"GRANT",21081,150,137,0,0,13,2,1,0,0,1,148,136,0,12
2000,"GRANT",21081,169,153,0,0,16,1,1,0,0,0,168,152,0,16
2001,"GRANT",21081,216,188,1,0,27,5,4,1,0,0,211,184,0,27
2002,"GRANT",21081,252,222,0,0,30,0,0,0,0,0,252,222,0,30
2003,"GRANT",21081,268,230,0,0,38,1,1,0,0,0,267,229,0,38
1990,"GRAVES",21083,70,61,0,0,9,1,0,0,0,1,69,61,0,8
1991,"GRAVES",21083,101,91,0,1,9,7,6,0,1,0,94,85,0,9
1992,"GRAVES",21083,75,68,0,1,6,7,6,0,1,0,68,62,0,6
1993,"GRAVES",21083,51,48,0,0,3,1,1,0,0,0,50,47,0,3
1994,"GRAVES",21083,53,48,1,0,4,4,1,1,0,2,49,47,0,2
1995,"GRAVES",21083,47,43,0,0,4,0,0,0,0,0,47,43,0,4
1996,"GRAVES",21083,113,102,0,0,11,1,1,0,0,0,112,101,0,11
1997,"GRAVES",21083,105,95,2,0,8,4,2,2,0,0,101,93,0,8
1998,"GRAVES",21083,107,89,0,1,17,5,4,0,1,0,102,85,0,17
1999,"GRAVES",21083,127,105,0,1,21,7,5,0,1,1,120,100,0,20
2000,"GRAVES",21083,148,134,0,0,14,1,1,0,0,0,147,133,0,14
2001,"GRAVES",21083,194,182,0,0,12,2,1,0,0,1,192,181,0,11
2002,"GRAVES",21083,221,192,0,0,29,2,2,0,0,0,219,190,0,29
2003,"GRAVES",21083,234,193,0,0,41,1,1,0,0,0,233,192,0,41
1990,"GRAYSON",21085,40,38,0,0,2,1,1,0,0,0,39,37,0,2
1991,"GRAYSON",21085,45,43,1,0,1,4,3,1,0,0,41,40,0,1
1992,"GRAYSON",21085,64,57,0,0,7,1,1,0,0,0,63,56,0,7
1993,"GRAYSON",21085,59,54,1,1,3,6,3,1,1,1,53,51,0,2
1994,"GRAYSON",21085,55,49,1,0,5,2,1,1,0,0,53,48,0,5
1995,"GRAYSON",21085,65,56,1,2,6,3,0,1,2,0,62,56,0,6
1996,"GRAYSON",21085,89,78,0,0,11,3,3,0,0,0,86,75,0,11
1997,"GRAYSON",21085,82,72,1,0,9,2,1,1,0,0,80,71,0,9
1998,"GRAYSON",21085,106,97,0,0,9,3,1,0,0,2,103,96,0,7
1999,"GRAYSON",21085,91,83,1,0,7,3,2,1,0,0,88,81,0,7
2000,"GRAYSON",21085,94,80,1,0,13,1,0,1,0,0,93,80,0,13
2001,"GRAYSON",21085,118,108,1,0,9,1,0,1,0,0,117,108,0,9
2002,"GRAYSON",21085,134,113,0,0,21,3,3,0,0,0,131,110,0,21
2003,"GRAYSON",21085,168,153,1,0,14,1,0,1,0,0,167,153,0,14
1990,"GREEN",21087,32,30,0,0,2,5,5,0,0,0,27,25,0,2
1991,"GREEN",21087,27,24,0,0,3,1,1,0,0,0,26,23,0,3
1992,"GREEN",21087,23,21,0,0,2,0,0,0,0,0,23,21,0,2
1993,"GREEN",21087,23,20,0,0,3,2,2,0,0,0,21,18,0,3
1994,"GREEN",21087,27,25,0,0,2,0,0,0,0,0,27,25,0,2
1995,"GREEN",21087,32,31,0,0,1,1,1,0,0,0,31,30,0,1
1996,"GREEN",21087,32,29,0,0,3,0,0,0,0,0,32,29,0,3
1997,"GREEN",21087,30,28,0,0,2,0,0,0,0,0,30,28,0,2
1998,"GREEN",21087,39,36,0,0,3,0,0,0,0,0,39,36,0,3
1999,"GREEN",21087,37,32,0,0,5,0,0,0,0,0,37,32,0,5
2000,"GREEN",21087,46,42,0,0,4,0,0,0,0,0,46,42,0,4
2001,"GREEN",21087,53,48,1,0,4,1,0,1,0,0,52,48,0,4
2002,"GREEN",21087,61,53,0,0,8,0,0,0,0,0,61,53,0,8
2003,"GREEN",21087,39,36,0,0,3,0,0,0,0,0,39,36,0,3
1990,"GREENUP",21089,101,69,0,0,32,13,10,0,0,3,88,59,0,29
1991,"GREENUP",21089,129,89,0,0,40,8,8,0,0,0,121,81,0,40
1992,"GREENUP",21089,120,71,2,0,47,6,3,2,0,1,114,68,0,46
1993,"GREENUP",21089,105,71,1,0,33,6,4,0,0,2,99,67,1,31
1994,"GREENUP",21089,104,64,0,0,40,2,1,0,0,1,102,63,0,39
1995,"GREENUP",21089,109,65,0,0,44,9,5,0,0,4,100,60,0,40
1996,"GREENUP",21089,150,97,0,0,53,1,0,0,0,1,149,97,0,52
1997,"GREENUP",21089,162,105,0,0,57,7,4,0,0,3,155,101,0,54
1998,"GREENUP",21089,174,118,0,0,56,1,1,0,0,0,173,117,0,56
1999,"GREENUP",21089,155,122,0,0,33,0,0,0,0,0,155,122,0,33
2000,"GREENUP",21089,173,137,0,0,36,2,2,0,0,0,171,135,0,36
2001,"GREENUP",21089,174,126,0,0,48,0,0,0,0,0,174,126,0,48
2002,"GREENUP",21089,372,167,152,0,53,153,1,152,0,0,219,166,0,53
2003,"GREENUP",21089,223,165,0,0,58,4,4,0,0,0,219,161,0,58
1990,"HANCOCK",21091,21,17,0,0,4,2,1,0,0,1,19,16,0,3
1991,"HANCOCK",21091,25,22,1,0,2,2,1,1,0,0,23,21,0,2
1992,"HANCOCK",21091,25,20,0,0,5,1,1,0,0,0,24,19,0,5
1993,"HANCOCK",21091,14,12,0,0,2,0,0,0,0,0,14,12,0,2
1994,"HANCOCK",21091,19,18,0,0,1,0,0,0,0,0,19,18,0,1
1995,"HANCOCK",21091,21,19,0,0,2,0,0,0,0,0,21,19,0,2
1996,"HANCOCK",21091,27,24,0,0,3,0,0,0,0,0,27,24,0,3
1997,"HANCOCK",21091,36,32,0,0,4,1,1,0,0,0,35,31,0,4
1998,"HANCOCK",21091,41,36,0,0,5,0,0,0,0,0,41,36,0,5
1999,"HANCOCK",21091,44,39,0,0,5,0,0,0,0,0,44,39,0,5
2000,"HANCOCK",21091,36,34,1,0,1,1,0,1,0,0,35,34,0,1
2001,"HANCOCK",21091,57,52,0,0,5,0,0,0,0,0,57,52,0,5
2002,"HANCOCK",21091,49,43,0,0,6,0,0,0,0,0,49,43,0,6
2003,"HANCOCK",21091,51,45,0,0,6,0,0,0,0,0,51,45,0,6
1990,"HARDIN",21093,607,460,4,0,143,27,22,3,0,2,580,438,1,141
1991,"HARDIN",21093,688,488,8,0,192,25,14,8,0,3,663,474,0,189
1992,"HARDIN",21093,564,420,4,2,138,14,7,3,2,2,550,413,1,136
1993,"HARDIN",21093,452,353,1,0,98,5,4,1,0,0,447,349,0,98
1994,"HARDIN",21093,428,321,0,0,107,6,4,0,0,2,422,317,0,105
1995,"HARDIN",21093,695,498,1,0,196,7,4,1,0,2,688,494,0,194
1996,"HARDIN",21093,782,616,1,0,165,4,3,1,0,0,778,613,0,165
1997,"HARDIN",21093,912,738,1,0,173,7,6,1,0,0,905,732,0,173
1998,"HARDIN",21093,903,735,3,0,165,8,5,3,0,0,895,730,0,165
1999,"HARDIN",21093,776,635,0,0,141,1,1,0,0,0,775,634,0,141
2000,"HARDIN",21093,737,607,3,0,127,6,3,3,0,0,731,604,0,127
2001,"HARDIN",21093,921,778,3,0,140,7,4,3,0,0,914,774,0,140
2002,"HARDIN",21093,909,756,1,0,152,3,2,1,0,0,906,754,0,152
2003,"HARDIN",21093,904,774,0,0,130,6,6,0,0,0,898,768,0,130
1990,"HARLAN",21095,89,79,3,0,7,7,4,3,0,0,82,75,0,7
1991,"HARLAN",21095,100,93,1,0,6,6,4,1,0,1,94,89,0,5
1992,"HARLAN",21095,81,78,0,0,3,1,1,0,0,0,80,77,0,3
1993,"HARLAN",21095,70,66,3,0,1,5,2,3,0,0,65,64,0,1
1994,"HARLAN",21095,74,72,0,0,2,0,0,0,0,0,74,72,0,2
1995,"HARLAN",21095,88,82,0,0,6,2,2,0,0,0,86,80,0,6
1996,"HARLAN",21095,132,113,0,0,19,8,8,0,0,0,124,105,0,19
1997,"HARLAN",21095,151,131,1,0,19,6,5,1,0,0,145,126,0,19
1998,"HARLAN",21095,217,192,1,0,24,5,4,1,0,0,212,188,0,24
1999,"HARLAN",21095,154,143,0,0,11,2,2,0,0,0,152,141,0,11
2000,"HARLAN",21095,162,148,0,0,14,2,2,0,0,0,160,146,0,14
2001,"HARLAN",21095,184,171,0,0,13,2,2,0,0,0,182,169,0,13
2002,"HARLAN",21095,146,133,0,0,13,2,2,0,0,0,144,131,0,13
2003,"HARLAN",21095,220,203,2,0,15,2,0,2,0,0,218,203,0,15
1990,"HARRISON",21097,74,56,0,0,18,9,6,0,0,3,65,50,0,15
1991,"HARRISON",21097,61,50,1,0,10,3,1,1,0,1,58,49,0,9
1992,"HARRISON",21097,52,44,0,0,8,0,0,0,0,0,52,44,0,8
1993,"HARRISON",21097,51,44,0,2,5,4,2,0,2,0,47,42,0,5
1994,"HARRISON",21097,40,31,0,0,9,1,0,0,0,1,39,31,0,8
1995,"HARRISON",21097,56,46,0,2,8,4,2,0,2,0,52,44,0,8
1996,"HARRISON",21097,61,57,0,0,4,1,1,0,0,0,60,56,0,4
1997,"HARRISON",21097,88,82,0,0,6,2,0,0,0,2,86,82,0,4
1998,"HARRISON",21097,94,84,0,0,10,0,0,0,0,0,94,84,0,10
1999,"HARRISON",21097,79,68,0,0,11,0,0,0,0,0,79,68,0,11
2000,"HARRISON",21097,77,68,0,0,9,1,1,0,0,0,76,67,0,9
2001,"HARRISON",21097,102,95,0,0,7,0,0,0,0,0,102,95,0,7
2002,"HARRISON",21097,116,106,0,0,10,2,2,0,0,0,114,104,0,10
2003,"HARRISON",21097,158,147,0,0,11,0,0,0,0,0,158,147,0,11
1990,"HART",21099,33,33,0,0,0,1,1,0,0,0,32,32,0,0
1991,"HART",21099,40,39,1,0,0,2,1,1,0,0,38,38,0,0
1992,"HART",21099,46,44,0,0,2,4,3,0,0,1,42,41,0,1
1993,"HART",21099,38,35,1,1,1,5,4,0,1,0,33,31,1,1
1994,"HART",21099,30,28,0,0,2,2,2,0,0,0,28,26,0,2
1995,"HART",21099,45,44,0,0,1,3,3,0,0,0,42,41,0,1
1996,"HART",21099,78,72,2,0,4,3,1,2,0,0,75,71,0,4
1997,"HART",21099,79,75,0,0,4,0,0,0,0,0,79,75,0,4
1998,"HART",21099,87,87,0,0,0,1,1,0,0,0,86,86,0,0
1999,"HART",21099,104,96,0,1,7,2,1,0,1,0,102,95,0,7
2000,"HART",21099,90,80,1,0,9,1,0,1,0,0,89,80,0,9
2001,"HART",21099,132,123,0,0,9,1,1,0,0,0,131,122,0,9
2002,"HART",21099,130,120,1,0,9,1,0,1,0,0,129,120,0,9
2003,"HART",21099,112,100,0,0,12,0,0,0,0,0,112,100,0,12
1990,"HENDERSON",21101,247,230,7,0,10,27,20,7,0,0,220,210,0,10
1991,"HENDERSON",21101,206,199,3,0,4,10,7,3,0,0,196,192,0,4
1992,"HENDERSON",21101,251,230,2,0,19,12,9,2,0,1,239,221,0,18
1993,"HENDERSON",21101,211,196,4,0,11,14,9,4,0,1,197,187,0,10
1994,"HENDERSON",21101,199,186,1,0,12,10,9,0,0,1,189,177,1,11
1995,"HENDERSON",21101,187,177,0,0,10,7,6,0,0,1,180,171,0,9
1996,"HENDERSON",21101,321,310,1,0,10,2,1,1,0,0,319,309,0,10
1997,"HENDERSON",21101,389,373,0,0,16,10,8,0,0,2,379,365,0,14
1998,"HENDERSON",21101,345,331,0,0,14,3,3,0,0,0,342,328,0,14
1999,"HENDERSON",21101,315,303,1,0,11,2,2,0,0,0,313,301,1,11
2000,"HENDERSON",21101,304,288,0,0,16,1,1,0,0,0,303,287,0,16
2001,"HENDERSON",21101,384,362,4,0,18,5,1,4,0,0,379,361,0,18
2002,"HENDERSON",21101,375,346,1,0,28,2,1,1,0,0,373,345,0,28
2003,"HENDERSON",21101,396,381,0,0,15,2,2,0,0,0,394,379,0,15
1990,"HENRY",21103,53,44,0,0,9,5,5,0,0,0,48,39,0,9
1991,"HENRY",21103,67,57,0,1,9,3,2,0,1,0,64,55,0,9
1992,"HENRY",21103,48,43,0,0,5,3,3,0,0,0,45,40,0,5
1993,"HENRY",21103,36,30,0,0,6,3,3,0,0,0,33,27,0,6
1994,"HENRY",21103,43,39,0,0,4,1,1,0,0,0,42,38,0,4
1995,"HENRY",21103,41,37,0,0,4,3,3,0,0,0,38,34,0,4
1996,"HENRY",21103,63,54,0,0,9,1,1,0,0,0,62,53,0,9
1997,"HENRY",21103,70,63,0,0,7,2,2,0,0,0,68,61,0,7
1998,"HENRY",21103,72,56,0,0,16,1,0,0,0,1,71,56,0,15
1999,"HENRY",21103,73,63,0,0,10,0,0,0,0,0,73,63,0,10
2000,"HENRY",21103,59,43,0,0,16,2,0,0,0,2,57,43,0,14
2001,"HENRY",21103,71,58,0,0,13,1,1,0,0,0,70,57,0,13
2002,"HENRY",21103,99,86,0,0,13,2,2,0,0,0,97,84,0,13
2003,"HENRY",21103,111,86,0,0,25,2,1,0,0,1,109,85,0,24
1990,"HICKMAN",21105,15,15,0,0,0,1,1,0,0,0,14,14,0,0
1991,"HICKMAN",21105,11,8,0,0,3,1,1,0,0,0,10,7,0,3
1992,"HICKMAN",21105,15,14,0,0,1,0,0,0,0,0,15,14,0,1
1993,"HICKMAN",21105,16,13,0,0,3,3,3,0,0,0,13,10,0,3
1994,"HICKMAN",21105,5,3,1,0,1,2,1,1,0,0,3,2,0,1
1995,"HICKMAN",21105,10,10,0,0,0,0,0,0,0,0,10,10,0,0
1996,"HICKMAN",21105,19,17,0,0,2,0,0,0,0,0,19,17,0,2
1997,"HICKMAN",21105,16,13,0,0,3,0,0,0,0,0,16,13,0,3
1998,"HICKMAN",21105,14,14,0,0,0,0,0,0,0,0,14,14,0,0
1999,"HICKMAN",21105,11,8,0,0,3,0,0,0,0,0,11,8,0,3
2000,"HICKMAN",21105,24,21,0,0,3,0,0,0,0,0,24,21,0,3
2001,"HICKMAN",21105,40,31,1,0,8,1,0,1,0,0,39,31,0,8
2002,"HICKMAN",21105,34,29,1,0,4,1,0,1,0,0,33,29,0,4
2003,"HICKMAN",21105,32,29,0,0,3,0,0,0,0,0,32,29,0,3
1990,"HOPKINS",21107,230,217,2,0,11,8,6,2,0,0,222,211,0,11
1991,"HOPKINS",21107,225,195,2,0,28,7,4,2,0,1,218,191,0,27
1992,"HOPKINS",21107,254,229,1,0,24,6,5,1,0,0,248,224,0,24
1993,"HOPKINS",21107,186,164,1,0,21,11,9,1,0,1,175,155,0,20
1994,"HOPKINS",21107,204,177,1,1,25,10,5,1,1,3,194,172,0,22
1995,"HOPKINS",21107,254,222,2,2,28,9,4,2,2,1,245,218,0,27
1996,"HOPKINS",21107,303,264,1,0,38,8,5,1,0,2,295,259,0,36
1997,"HOPKINS",21107,346,316,0,0,30,9,8,0,0,1,337,308,0,29
1998,"HOPKINS",21107,351,323,1,2,25,7,2,1,2,2,344,321,0,23
1999,"HOPKINS",21107,354,322,1,1,30,4,1,1,1,1,350,321,0,29
2000,"HOPKINS",21107,461,429,1,0,31,3,2,1,0,0,458,427,0,31
2001,"HOPKINS",21107,472,418,2,0,52,4,2,2,0,0,468,416,0,52
2002,"HOPKINS",21107,470,420,1,0,49,5,3,1,0,1,465,417,0,48
2003,"HOPKINS",21107,569,463,2,0,104,4,2,2,0,0,565,461,0,104
1990,"JACKSON",21109,20,13,1,0,6,5,2,1,0,2,15,11,0,4
1991,"JACKSON",21109,17,12,0,0,5,1,1,0,0,0,16,11,0,5
1992,"JACKSON",21109,10,10,0,0,0,0,0,0,0,0,10,10,0,0
1993,"JACKSON",21109,8,7,0,0,1,0,0,0,0,0,8,7,0,1
1994,"JACKSON",21109,11,10,0,0,1,0,0,0,0,0,11,10,0,1
1995,"JACKSON",21109,27,25,0,0,2,0,0,0,0,0,27,25,0,2
1996,"JACKSON",21109,19,16,0,0,3,0,0,0,0,0,19,16,0,3
1997,"JACKSON",21109,33,33,0,0,0,2,2,0,0,0,31,31,0,0
1998,"JACKSON",21109,40,38,0,0,2,2,2,0,0,0,38,36,0,2
1999,"JACKSON",21109,40,38,0,0,2,0,0,0,0,0,40,38,0,2
2000,"JACKSON",21109,37,32,0,0,5,0,0,0,0,0,37,32,0,5
2001,"JACKSON",21109,70,59,0,0,11,4,3,0,0,1,66,56,0,10
2002,"JACKSON",21109,59,52,2,0,5,2,0,2,0,0,57,52,0,5
2003,"JACKSON",21109,69,56,0,0,13,1,1,0,0,0,68,55,0,13
1990,"JEFFERSON",21111,3290,2213,62,1,1014,203,130,60,1,12,3087,2083,2,1002
1991,"JEFFERSON",21111,3757,2518,61,0,1178,157,80,61,0,16,3600,2438,0,1162
1992,"JEFFERSON",21111,3410,2337,40,1,1032,147,90,40,1,16,3263,2247,0,1016
1993,"JEFFERSON",21111,3131,2120,23,0,988,71,41,22,0,8,3060,2079,1,980
1994,"JEFFERSON",21111,3057,2037,33,0,987,77,34,33,0,10,2980,2003,0,977
1995,"JEFFERSON",21111,3515,2318,24,0,1173,87,42,24,0,21,3428,2276,0,1152
1996,"JEFFERSON",21111,4575,3154,34,0,1387,87,45,34,0,8,4488,3109,0,1379
1997,"JEFFERSON",21111,5076,3553,21,0,1502,56,34,21,0,1,5020,3519,0,1501
1998,"JEFFERSON",21111,5328,3815,26,0,1487,68,35,26,0,7,5260,3780,0,1480
1999,"JEFFERSON",21111,5139,3566,154,0,1419,194,39,154,0,1,4945,3527,0,1418
2000,"JEFFERSON",21111,4705,3271,21,0,1413,70,49,21,0,0,4635,3222,0,1413
2001,"JEFFERSON",21111,5565,3958,34,0,1573,78,42,34,0,2,5487,3916,0,1571
2002,"JEFFERSON",21111,5904,4021,17,0,1866,50,30,14,0,6,5854,3991,3,1860
2003,"JEFFERSON",21111,6488,4540,21,0,1927,66,41,21,0,4,6422,4499,0,1923
1990,"JESSAMINE",21113,172,124,0,0,48,18,14,0,0,4,154,110,0,44
1991,"JESSAMINE",21113,160,128,3,2,27,17,12,3,2,0,143,116,0,27
1992,"JESSAMINE",21113,137,116,2,0,19,4,1,2,0,1,133,115,0,18
1993,"JESSAMINE",21113,118,95,0,0,23,2,1,0,0,1,116,94,0,22
1994,"JESSAMINE",21113,116,101,1,0,14,8,7,1,0,0,108,94,0,14
1995,"JESSAMINE",21113,117,102,0,0,15,6,3,0,0,3,111,99,0,12
1996,"JESSAMINE",21113,176,159,1,0,16,7,5,1,0,1,169,154,0,15
1997,"JESSAMINE",21113,179,163,0,0,16,7,6,0,0,1,172,157,0,15
1998,"JESSAMINE",21113,192,174,0,0,18,5,5,0,0,0,187,169,0,18
1999,"JESSAMINE",21113,181,156,0,1,24,1,0,0,1,0,180,156,0,24
2000,"JESSAMINE",21113,161,138,0,0,23,11,8,0,0,3,150,130,0,20
2001,"JESSAMINE",21113,232,206,0,0,26,3,2,0,0,1,229,204,0,25
2002,"JESSAMINE",21113,258,240,0,0,18,5,5,0,0,0,253,235,0,18
2003,"JESSAMINE",21113,291,231,0,0,60,4,4,0,0,0,287,227,0,60
1990,"JOHNSON",21115,98,71,1,0,26,10,3,1,0,6,88,68,0,20
1991,"JOHNSON",21115,94,79,0,0,15,15,14,0,0,1,79,65,0,14
1992,"JOHNSON",21115,70,50,3,0,17,11,5,3,0,3,59,45,0,14
1993,"JOHNSON",21115,69,60,1,0,8,6,5,1,0,0,63,55,0,8
1994,"JOHNSON",21115,86,65,2,0,19,4,2,2,0,0,82,63,0,19
1995,"JOHNSON",21115,89,78,0,0,11,3,3,0,0,0,86,75,0,11
1996,"JOHNSON",21115,124,108,0,0,16,3,3,0,0,0,121,105,0,16
1997,"JOHNSON",21115,136,117,0,0,19,2,2,0,0,0,134,115,0,19
1998,"JOHNSON",21115,148,132,1,0,15,5,4,1,0,0,143,128,0,15
1999,"JOHNSON",21115,147,132,1,0,14,4,1,1,0,2,143,131,0,12
2000,"JOHNSON",21115,147,136,0,0,11,3,3,0,0,0,144,133,0,11
2001,"JOHNSON",21115,161,144,1,0,16,2,1,1,0,0,159,143,0,16
2002,"JOHNSON",21115,161,139,2,0,20,2,0,2,0,0,159,139,0,20
2003,"JOHNSON",21115,155,136,0,0,19,1,1,0,0,0,154,135,0,19
1990,"KENTON",21117,712,607,3,0,102,52,43,3,0,6,660,564,0,96
1991,"KENTON",21117,905,776,3,0,126,52,46,1,0,5,853,730,2,121
1992,"KENTON",21117,818,717,5,0,96,23,19,4,0,0,795,698,1,96
1993,"KENTON",21117,659,566,3,0,90,13,9,2,0,2,646,557,1,88
1994,"KENTON",21117,660,563,1,0,96,26,21,1,0,4,634,542,0,92
1995,"KENTON",21117,627,541,2,0,84,19,16,2,0,1,608,525,0,83
1996,"KENTON",21117,804,701,2,0,101,11,7,2,0,2,793,694,0,99
1997,"KENTON",21117,897,781,3,0,113,18,12,3,0,3,879,769,0,110
1998,"KENTON",21117,829,714,0,0,115,8,7,0,0,1,821,707,0,114
1999,"KENTON",21117,975,753,135,0,87,142,7,135,0,0,833,746,0,87
2000,"KENTON",21117,860,713,51,0,96,60,8,51,0,1,800,705,0,95
2001,"KENTON",21117,1153,995,2,0,156,16,13,2,0,1,1137,982,0,155
2002,"KENTON",21117,1221,1062,0,0,159,13,13,0,0,0,1208,1049,0,159
2003,"KENTON",21117,1287,1084,4,0,199,14,10,3,0,1,1273,1074,1,198
1990,"KNOTT",21119,33,24,0,0,9,9,9,0,0,0,24,15,0,9
1991,"KNOTT",21119,36,22,1,0,13,8,5,1,0,2,28,17,0,11
1992,"KNOTT",21119,46,40,0,0,6,1,0,0,0,1,45,40,0,5
1993,"KNOTT",21119,26,21,0,0,5,0,0,0,0,0,26,21,0,5
1994,"KNOTT",21119,41,34,0,0,7,0,0,0,0,0,41,34,0,7
1995,"KNOTT",21119,48,37,0,0,11,2,2,0,0,0,46,35,0,11
1996,"KNOTT",21119,54,38,0,0,16,0,0,0,0,0,54,38,0,16
1997,"KNOTT",21119,58,39,1,0,18,1,0,1,0,0,57,39,0,18
1998,"KNOTT",21119,48,39,0,0,9,1,1,0,0,0,47,38,0,9
1999,"KNOTT",21119,64,45,0,0,19,0,0,0,0,0,64,45,0,19
2000,"KNOTT",21119,63,44,0,0,19,2,0,0,0,2,61,44,0,17
2001,"KNOTT",21119,78,68,0,0,10,1,1,0,0,0,77,67,0,10
2002,"KNOTT",21119,71,52,1,0,18,1,0,1,0,0,70,52,0,18
2003,"KNOTT",21119,93,71,0,0,22,0,0,0,0,0,93,71,0,22
1990,"KNOX",21121,48,44,0,0,4,5,4,0,0,1,43,40,0,3
1991,"KNOX",21121,70,68,0,0,2,5,4,0,0,1,65,64,0,1
1992,"KNOX",21121,64,57,0,0,7,8,7,0,0,1,56,50,0,6
1993,"KNOX",21121,44,41,0,0,3,4,3,0,0,1,40,38,0,2
1994,"KNOX",21121,48,47,0,0,1,3,3,0,0,0,45,44,0,1
1995,"KNOX",21121,47,44,0,0,3,3,2,0,0,1,44,42,0,2
1996,"KNOX",21121,69,69,0,0,0,5,5,0,0,0,64,64,0,0
1997,"KNOX",21121,87,80,0,0,7,6,4,0,0,2,81,76,0,5
1998,"KNOX",21121,103,100,0,0,3,0,0,0,0,0,103,100,0,3
1999,"KNOX",21121,115,104,0,0,11,0,0,0,0,0,115,104,0,11
2000,"KNOX",21121,103,94,0,0,9,0,0,0,0,0,103,94,0,9
2001,"KNOX",21121,144,131,1,0,12,2,1,1,0,0,142,130,0,12
2002,"KNOX",21121,120,114,0,0,6,1,1,0,0,0,119,113,0,6
2003,"KNOX",21121,154,143,0,0,11,1,0,0,0,1,153,143,0,10
1990,"LARUE",21123,45,38,1,0,6,5,4,1,0,0,40,34,0,6
1991,"LARUE",21123,35,29,1,0,5,1,0,1,0,0,34,29,0,5
1992,"LARUE",21123,32,25,0,0,7,1,1,0,0,0,31,24,0,7
1993,"LARUE",21123,26,20,0,1,5,1,0,0,1,0,25,20,0,5
1994,"LARUE",21123,37,34,0,0,3,1,1,0,0,0,36,33,0,3
1995,"LARUE",21123,38,30,0,1,7,2,0,0,1,1,36,30,0,6
1996,"LARUE",21123,61,49,0,0,12,1,1,0,0,0,60,48,0,12
1997,"LARUE",21123,70,62,0,0,8,0,0,0,0,0,70,62,0,8
1998,"LARUE",21123,56,47,1,0,8,2,1,1,0,0,54,46,0,8
1999,"LARUE",21123,60,50,0,0,10,0,0,0,0,0,60,50,0,10
2000,"LARUE",21123,66,56,1,0,9,1,0,1,0,0,65,56,0,9
2001,"LARUE",21123,106,88,1,0,17,3,2,1,0,0,103,86,0,17
2002,"LARUE",21123,113,102,0,0,11,0,0,0,0,0,113,102,0,11
2003,"LARUE",21123,107,92,0,1,14,2,1,0,1,0,105,91,0,14
1990,"LAUREL",21125,147,138,2,0,7,23,18,2,0,3,124,120,0,4
1991,"LAUREL",21125,130,120,4,0,6,23,17,4,0,2,107,103,0,4
1992,"LAUREL",21125,156,150,0,1,5,10,8,0,1,1,146,142,0,4
1993,"LAUREL",21125,104,95,1,0,8,8,5,1,0,2,96,90,0,6
1994,"LAUREL",21125,116,113,0,0,3,3,2,0,0,1,113,111,0,2
1995,"LAUREL",21125,154,145,3,0,6,6,3,3,0,0,148,142,0,6
1996,"LAUREL",21125,195,185,1,0,9,6,5,1,0,0,189,180,0,9
1997,"LAUREL",21125,241,229,0,0,12,9,9,0,0,0,232,220,0,12
1998,"LAUREL",21125,231,218,1,0,12,5,4,1,0,0,226,214,0,12
1999,"LAUREL",21125,216,198,2,0,16,3,1,2,0,0,213,197,0,16
2000,"LAUREL",21125,245,228,1,0,16,6,4,1,0,1,239,224,0,15
2001,"LAUREL",21125,299,289,0,0,10,7,7,0,0,0,292,282,0,10
2002,"LAUREL",21125,310,299,0,0,11,4,4,0,0,0,306,295,0,11
2003,"LAUREL",21125,331,312,2,0,17,4,2,2,0,0,327,310,0,17
1990,"LAWRENCE",21127,28,23,0,0,5,5,5,0,0,0,23,18,0,5
1991,"LAWRENCE",21127,48,40,4,0,4,8,3,4,0,1,40,37,0,3
1992,"LAWRENCE",21127,39,29,0,0,10,2,1,0,0,1,37,28,0,9
1993,"LAWRENCE",21127,21,16,0,0,5,0,0,0,0,0,21,16,0,5
1994,"LAWRENCE",21127,33,22,0,0,11,3,2,0,0,1,30,20,0,10
1995,"LAWRENCE",21127,34,25,0,0,9,2,1,0,0,1,32,24,0,8
1996,"LAWRENCE",21127,67,48,0,1,18,1,0,0,1,0,66,48,0,18
1997,"LAWRENCE",21127,60,48,0,0,12,2,0,0,0,2,58,48,0,10
1998,"LAWRENCE",21127,64,59,0,0,5,2,1,0,0,1,62,58,0,4
1999,"LAWRENCE",21127,58,55,0,0,3,2,2,0,0,0,56,53,0,3
2000,"LAWRENCE",21127,83,71,0,0,12,4,4,0,0,0,79,67,0,12
2001,"LAWRENCE",21127,71,63,0,0,8,0,0,0,0,0,71,63,0,8
2002,"LAWRENCE",21127,121,108,0,0,13,2,1,0,0,1,119,107,0,12
2003,"LAWRENCE",21127,120,105,6,0,9,6,0,6,0,0,114,105,0,9
1990,"LEE",21129,8,7,0,0,1,3,3,0,0,0,5,4,0,1
1991,"LEE",21129,7,7,0,0,0,2,2,0,0,0,5,5,0,0
1992,"LEE",21129,12,9,0,0,3,0,0,0,0,0,12,9,0,3
1993,"LEE",21129,15,13,0,0,2,2,1,0,0,1,13,12,0,1
1994,"LEE",21129,13,12,0,0,1,1,1,0,0,0,12,11,0,1
1995,"LEE",21129,14,12,0,0,2,1,1,0,0,0,13,11,0,2
1996,"LEE",21129,27,24,1,0,2,2,1,1,0,0,25,23,0,2
1997,"LEE",21129,23,19,0,0,4,0,0,0,0,0,23,19,0,4
1998,"LEE",21129,31,29,0,0,2,0,0,0,0,0,31,29,0,2
1999,"LEE",21129,22,18,0,0,4,0,0,0,0,0,22,18,0,4
2000,"LEE",21129,52,45,0,0,7,0,0,0,0,0,52,45,0,7
2001,"LEE",21129,38,30,0,0,8,0,0,0,0,0,38,30,0,8
2002,"LEE",21129,50,44,0,0,6,0,0,0,0,0,50,44,0,6
2003,"LEE",21129,39,30,0,0,9,0,0,0,0,0,39,30,0,9
1990,"LESLIE",21131,14,9,0,0,5,3,2,0,0,1,11,7,0,4
1991,"LESLIE",21131,25,23,0,0,2,3,3,0,0,0,22,20,0,2
1992,"LESLIE",21131,13,11,0,0,2,0,0,0,0,0,13,11,0,2
1993,"LESLIE",21131,19,14,0,0,5,1,1,0,0,0,18,13,0,5
1994,"LESLIE",21131,26,16,0,0,10,1,1,0,0,0,25,15,0,10
1995,"LESLIE",21131,35,19,0,0,16,0,0,0,0,0,35,19,0,16
1996,"LESLIE",21131,54,25,0,0,29,4,3,0,0,1,50,22,0,28
1997,"LESLIE",21131,54,24,0,0,30,1,1,0,0,0,53,23,0,30
1998,"LESLIE",21131,59,26,2,0,31,3,0,2,0,1,56,26,0,30
1999,"LESLIE",21131,34,20,0,0,14,0,0,0,0,0,34,20,0,14
2000,"LESLIE",21131,49,34,0,0,15,0,0,0,0,0,49,34,0,15
2001,"LESLIE",21131,42,31,0,0,11,0,0,0,0,0,42,31,0,11
2002,"LESLIE",21131,54,34,0,0,20,2,2,0,0,0,52,32,0,20
2003,"LESLIE",21131,58,40,0,0,18,0,0,0,0,0,58,40,0,18
1990,"LETCHER",21133,58,44,0,0,14,7,5,0,0,2,51,39,0,12
1991,"LETCHER",21133,71,61,0,0,10,6,6,0,0,0,65,55,0,10
1992,"LETCHER",21133,62,53,5,0,4,6,1,4,0,1,56,52,1,3
1993,"LETCHER",21133,55,45,0,0,10,3,3,0,0,0,52,42,0,10
1994,"LETCHER",21133,81,68,4,0,9,11,5,4,0,2,70,63,0,7
1995,"LETCHER",21133,103,84,3,0,16,6,0,3,0,3,97,84,0,13
1996,"LETCHER",21133,171,133,0,0,38,5,5,0,0,0,166,128,0,38
1997,"LETCHER",21133,172,146,0,0,26,0,0,0,0,0,172,146,0,26
1998,"LETCHER",21133,153,125,0,0,28,1,1,0,0,0,152,124,0,28
1999,"LETCHER",21133,224,184,0,0,40,1,0,0,0,1,223,184,0,39
2000,"LETCHER",21133,182,145,1,0,36,11,8,1,0,2,171,137,0,34
2001,"LETCHER",21133,192,147,2,0,43,8,4,2,0,2,184,143,0,41
2002,"LETCHER",21133,212,163,0,0,49,1,0,0,0,1,211,163,0,48
2003,"LETCHER",21133,245,185,4,0,56,6,2,4,0,0,239,183,0,56
1990,"LEWIS",21135,30,23,0,2,5,4,2,0,2,0,26,21,0,5
1991,"LEWIS",21135,31,25,0,0,6,2,2,0,0,0,29,23,0,6
1992,"LEWIS",21135,22,16,1,0,5,1,0,1,0,0,21,16,0,5
1993,"LEWIS",21135,20,17,0,0,3,1,1,0,0,0,19,16,0,3
1994,"LEWIS",21135,32,25,0,1,6,2,1,0,1,0,30,24,0,6
1995,"LEWIS",21135,29,22,1,0,6,1,0,0,0,1,28,22,1,5
1996,"LEWIS",21135,33,24,0,0,9,0,0,0,0,0,33,24,0,9
1997,"LEWIS",21135,34,24,0,0,10,0,0,0,0,0,34,24,0,10
1998,"LEWIS",21135,48,38,0,0,10,1,1,0,0,0,47,37,0,10
1999,"LEWIS",21135,53,51,0,0,2,1,1,0,0,0,52,50,0,2
2000,"LEWIS",21135,63,54,0,0,9,0,0,0,0,0,63,54,0,9
2001,"LEWIS",21135,81,60,1,0,20,2,1,1,0,0,79,59,0,20
2002,"LEWIS",21135,99,81,0,0,18,1,1,0,0,0,98,80,0,18
2003,"LEWIS",21135,71,52,0,0,19,0,0,0,0,0,71,52,0,19
1990,"LINCOLN",21137,58,44,0,0,14,9,5,0,0,4,49,39,0,10
1991,"LINCOLN",21137,44,41,0,0,3,7,7,0,0,0,37,34,0,3
1992,"LINCOLN",21137,43,41,0,0,2,1,0,0,0,1,42,41,0,1
1993,"LINCOLN",21137,38,31,0,0,7,3,3,0,0,0,35,28,0,7
1994,"LINCOLN",21137,40,32,1,1,6,3,1,1,1,0,37,31,0,6
1995,"LINCOLN",21137,63,52,0,0,11,2,1,0,0,1,61,51,0,10
1996,"LINCOLN",21137,85,77,0,0,8,4,3,0,0,1,81,74,0,7
1997,"LINCOLN",21137,102,94,0,0,8,1,1,0,0,0,101,93,0,8
1998,"LINCOLN",21137,108,89,0,0,19,1,0,0,0,1,107,89,0,18
1999,"LINCOLN",21137,100,85,0,0,15,0,0,0,0,0,100,85,0,15
2000,"LINCOLN",21137,112,102,0,0,10,3,2,0,0,1,109,100,0,9
2001,"LINCOLN",21137,145,128,1,0,16,3,2,1,0,0,142,126,0,16
2002,"LINCOLN",21137,144,131,0,0,13,4,4,0,0,0,140,127,0,13
2003,"LINCOLN",21137,145,122,0,0,23,0,0,0,0,0,145,122,0,23
1990,"LIVINGSTON",21139,30,24,0,1,5,2,1,0,1,0,28,23,0,5
1991,"LIVINGSTON",21139,20,14,0,1,5,1,0,0,1,0,19,14,0,5
1992,"LIVINGSTON",21139,27,20,2,0,5,2,0,2,0,0,25,20,0,5
1993,"LIVINGSTON",21139,17,14,0,0,3,0,0,0,0,0,17,14,0,3
1994,"LIVINGSTON",21139,16,14,0,0,2,1,1,0,0,0,15,13,0,2
1995,"LIVINGSTON",21139,25,18,1,0,6,2,0,1,0,1,23,18,0,5
1996,"LIVINGSTON",21139,32,27,2,0,3,2,0,2,0,0,30,27,0,3
1997,"LIVINGSTON",21139,34,26,0,0,8,0,0,0,0,0,34,26,0,8
1998,"LIVINGSTON",21139,58,48,1,0,9,2,1,1,0,0,56,47,0,9
1999,"LIVINGSTON",21139,41,36,0,0,5,0,0,0,0,0,41,36,0,5
2000,"LIVINGSTON",21139,63,56,0,0,7,0,0,0,0,0,63,56,0,7
2001,"LIVINGSTON",21139,62,55,0,0,7,1,1,0,0,0,61,54,0,7
2002,"LIVINGSTON",21139,54,50,0,0,4,1,1,0,0,0,53,49,0,4
2003,"LIVINGSTON",21139,51,43,2,0,6,3,1,2,0,0,48,42,0,6
1990,"LOGAN",21141,133,127,2,0,4,4,2,2,0,0,129,125,0,4
1991,"LOGAN",21141,143,141,0,0,2,1,1,0,0,0,142,140,0,2
1992,"LOGAN",21141,106,100,0,0,6,2,2,0,0,0,104,98,0,6
1993,"LOGAN",21141,87,86,0,0,1,3,3,0,0,0,84,83,0,1
1994,"LOGAN",21141,102,98,0,0,4,1,1,0,0,0,101,97,0,4
1995,"LOGAN",21141,145,131,0,0,14,3,2,0,0,1,142,129,0,13
1996,"LOGAN",21141,161,136,1,1,23,3,0,1,1,1,158,136,0,22
1997,"LOGAN",21141,162,142,0,0,20,1,0,0,0,1,161,142,0,19
1998,"LOGAN",21141,185,160,0,0,25,0,0,0,0,0,185,160,0,25
1999,"LOGAN",21141,182,152,2,0,28,3,0,2,0,1,179,152,0,27
2000,"LOGAN",21141,202,160,2,0,40,3,0,2,0,1,199,160,0,39
2001,"LOGAN",21141,233,202,0,0,31,1,0,0,0,1,232,202,0,30
2002,"LOGAN",21141,215,188,2,0,25,2,1,1,0,0,213,187,1,25
2003,"LOGAN",21141,266,211,0,0,55,1,1,0,0,0,265,210,0,55
1990,"LYON",21143,24,21,0,0,3,4,3,0,0,1,20,18,0,2
1991,"LYON",21143,19,17,0,0,2,2,1,0,0,1,17,16,0,1
1992,"LYON",21143,19,15,0,1,3,7,6,0,1,0,12,9,0,3
1993,"LYON",21143,8,7,0,0,1,0,0,0,0,0,8,7,0,1
1994,"LYON",21143,9,8,0,0,1,0,0,0,0,0,9,8,0,1
1995,"LYON",21143,17,16,0,0,1,0,0,0,0,0,17,16,0,1
1996,"LYON",21143,26,17,2,0,7,2,0,2,0,0,24,17,0,7
1997,"LYON",21143,34,31,0,0,3,0,0,0,0,0,34,31,0,3
1998,"LYON",21143,30,28,0,0,2,0,0,0,0,0,30,28,0,2
1999,"LYON",21143,22,21,0,0,1,0,0,0,0,0,22,21,0,1
2000,"LYON",21143,25,23,0,0,2,0,0,0,0,0,25,23,0,2
2001,"LYON",21143,36,30,0,0,6,0,0,0,0,0,36,30,0,6
2002,"LYON",21143,48,43,0,0,5,0,0,0,0,0,48,43,0,5
2003,"LYON",21143,46,41,0,0,5,1,1,0,0,0,45,40,0,5
1990,"MCCRACKEN",21145,191,145,4,0,42,15,10,4,0,1,176,135,0,41
1991,"MCCRACKEN",21145,193,158,3,0,32,7,4,3,0,0,186,154,0,32
1992,"MCCRACKEN",21145,243,189,2,1,51,10,4,2,1,3,233,185,0,48
1993,"MCCRACKEN",21145,122,97,0,0,25,7,7,0,0,0,115,90,0,25
1994,"MCCRACKEN",21145,113,87,4,0,22,7,2,4,0,1,106,85,0,21
1995,"MCCRACKEN",21145,139,126,1,0,12,5,4,1,0,0,134,122,0,12
1996,"MCCRACKEN",21145,225,198,0,1,26,6,4,0,1,1,219,194,0,25
1997,"MCCRACKEN",21145,300,234,5,0,61,9,3,5,0,1,291,231,0,60
1998,"MCCRACKEN",21145,332,269,0,0,63,7,5,0,0,2,325,264,0,61
1999,"MCCRACKEN",21145,353,292,3,0,58,8,5,3,0,0,345,287,0,58
2000,"MCCRACKEN",21145,391,326,6,0,59,13,6,6,0,1,378,320,0,58
2001,"MCCRACKEN",21145,438,364,4,0,70,15,11,4,0,0,423,353,0,70
2002,"MCCRACKEN",21145,396,326,2,0,68,8,6,2,0,0,388,320,0,68
2003,"MCCRACKEN",21145,373,286,3,0,84,6,2,3,0,1,367,284,0,83
1990,"MCCREARY",21147,27,27,0,0,0,6,6,0,0,0,21,21,0,0
1991,"MCCREARY",21147,35,32,1,0,2,5,4,1,0,0,30,28,0,2
1992,"MCCREARY",21147,30,27,0,0,3,3,2,0,0,1,27,25,0,2
1993,"MCCREARY",21147,24,24,0,0,0,1,1,0,0,0,23,23,0,0
1994,"MCCREARY",21147,38,37,0,0,1,0,0,0,0,0,38,37,0,1
1995,"MCCREARY",21147,45,43,0,0,2,0,0,0,0,0,45,43,0,2
1996,"MCCREARY",21147,65,63,0,0,2,2,2,0,0,0,63,61,0,2
1997,"MCCREARY",21147,76,74,0,0,2,2,1,0,0,1,74,73,0,1
1998,"MCCREARY",21147,99,93,0,0,6,2,2,0,0,0,97,91,0,6
1999,"MCCREARY",21147,72,69,0,0,3,1,1,0,0,0,71,68,0,3
2000,"MCCREARY",21147,93,88,0,0,5,0,0,0,0,0,93,88,0,5
2001,"MCCREARY",21147,100,98,0,0,2,3,3,0,0,0,97,95,0,2
2002,"MCCREARY",21147,92,91,0,0,1,0,0,0,0,0,92,91,0,1
2003,"MCCREARY",21147,93,93,0,0,0,3,3,0,0,0,90,90,0,0
1990,"MCLEAN",21149,33,30,0,1,2,3,1,0,1,1,30,29,0,1
1991,"MCLEAN",21149,42,41,0,0,1,1,1,0,0,0,41,40,0,1
1992,"MCLEAN",21149,29,25,0,0,4,2,2,0,0,0,27,23,0,4
1993,"MCLEAN",21149,32,29,1,0,2,3,1,1,0,1,29,28,0,1
1994,"MCLEAN",21149,30,29,0,0,1,1,1,0,0,0,29,28,0,1
1995,"MCLEAN",21149,37,32,0,0,5,0,0,0,0,0,37,32,0,5
1996,"MCLEAN",21149,32,27,0,0,5,1,1,0,0,0,31,26,0,5
1997,"MCLEAN",21149,46,40,0,0,6,1,1,0,0,0,45,39,0,6
1998,"MCLEAN",21149,60,51,0,0,9,1,1,0,0,0,59,50,0,9
1999,"MCLEAN",21149,40,30,0,1,9,2,1,0,1,0,38,29,0,9
2000,"MCLEAN",21149,60,55,0,0,5,0,0,0,0,0,60,55,0,5
2001,"MCLEAN",21149,81,74,0,0,7,0,0,0,0,0,81,74,0,7
2002,"MCLEAN",21149,74,70,0,0,4,0,0,0,0,0,74,70,0,4
2003,"MCLEAN",21149,70,63,0,2,5,2,0,0,2,0,68,63,0,5
1990,"MADISON",21151,167,140,1,0,26,23,20,1,0,2,144,120,0,24
1991,"MADISON",21151,201,179,2,0,20,19,16,2,0,1,182,163,0,19
1992,"MADISON",21151,181,159,0,0,22,6,5,0,0,1,175,154,0,21
1993,"MADISON",21151,170,148,1,0,21,5,4,1,0,0,165,144,0,21
1994,"MADISON",21151,144,128,0,0,16,5,2,0,0,3,139,126,0,13
1995,"MADISON",21151,168,157,0,0,11,6,5,0,0,1,162,152,0,10
1996,"MADISON",21151,243,218,0,0,25,3,2,0,0,1,240,216,0,24
1997,"MADISON",21151,316,288,0,0,28,6,4,0,0,2,310,284,0,26
1998,"MADISON",21151,329,301,1,0,27,10,9,1,0,0,319,292,0,27
1999,"MADISON",21151,322,295,0,0,27,6,5,0,0,1,316,290,0,26
2000,"MADISON",21151,346,315,1,0,30,8,7,1,0,0,338,308,0,30
2001,"MADISON",21151,443,403,3,0,37,11,8,3,0,0,432,395,0,37
2002,"MADISON",21151,439,382,2,0,55,7,4,2,0,1,432,378,0,54
2003,"MADISON",21151,504,420,0,0,84,2,2,0,0,0,502,418,0,84
1990,"MAGOFFIN",21153,34,28,2,0,4,6,4,2,0,0,28,24,0,4
1991,"MAGOFFIN",21153,20,17,0,0,3,1,0,0,0,1,19,17,0,2
1992,"MAGOFFIN",21153,24,22,0,0,2,0,0,0,0,0,24,22,0,2
1993,"MAGOFFIN",21153,21,17,0,0,4,3,3,0,0,0,18,14,0,4
1994,"MAGOFFIN",21153,36,30,0,0,6,1,1,0,0,0,35,29,0,6
1995,"MAGOFFIN",21153,35,35,0,0,0,0,0,0,0,0,35,35,0,0
1996,"MAGOFFIN",21153,46,37,0,0,9,2,1,0,0,1,44,36,0,8
1997,"MAGOFFIN",21153,75,66,0,0,9,1,1,0,0,0,74,65,0,9
1998,"MAGOFFIN",21153,55,52,0,0,3,0,0,0,0,0,55,52,0,3
1999,"MAGOFFIN",21153,53,46,0,0,7,1,0,0,0,1,52,46,0,6
2000,"MAGOFFIN",21153,39,32,0,0,7,1,0,0,0,1,38,32,0,6
2001,"MAGOFFIN",21153,82,76,0,0,6,0,0,0,0,0,82,76,0,6
2002,"MAGOFFIN",21153,75,71,1,0,3,1,1,0,0,0,74,70,1,3
2003,"MAGOFFIN",21153,62,53,0,0,9,1,1,0,0,0,61,52,0,9
1990,"MARION",21155,29,25,0,0,4,0,0,0,0,0,29,25,0,4
1991,"MARION",21155,23,21,0,0,2,1,1,0,0,0,22,20,0,2
1992,"MARION",21155,37,34,0,1,2,3,2,0,1,0,34,32,0,2
1993,"MARION",21155,33,27,1,1,4,2,0,1,1,0,31,27,0,4
1994,"MARION",21155,32,29,0,0,3,0,0,0,0,0,32,29,0,3
1995,"MARION",21155,39,29,0,2,8,2,0,0,2,0,37,29,0,8
1996,"MARION",21155,59,45,0,1,13,4,1,0,1,2,55,44,0,11
1997,"MARION",21155,53,45,1,0,7,1,0,1,0,0,52,45,0,7
1998,"MARION",21155,66,56,0,0,10,1,0,0,0,1,65,56,0,9
1999,"MARION",21155,61,47,0,2,12,3,1,0,2,0,58,46,0,12
2000,"MARION",21155,60,48,0,1,11,1,0,0,1,0,59,48,0,11
2001,"MARION",21155,98,88,0,0,10,0,0,0,0,0,98,88,0,10
2002,"MARION",21155,80,63,0,0,17,0,0,0,0,0,80,63,0,17
2003,"MARION",21155,96,88,0,1,7,1,0,0,1,0,95,88,0,7
1990,"MARSHALL",21157,90,78,4,0,8,10,6,4,0,0,80,72,0,8
1991,"MARSHALL",21157,70,68,0,1,1,7,6,0,1,0,63,62,0,1
1992,"MARSHALL",21157,68,58,0,1,9,7,5,0,1,1,61,53,0,8
1993,"MARSHALL",21157,31,29,1,0,1,3,2,1,0,0,28,27,0,1
1994,"MARSHALL",21157,28,26,1,0,1,1,0,1,0,0,27,26,0,1
1995,"MARSHALL",21157,30,25,2,0,3,2,0,2,0,0,28,25,0,3
1996,"MARSHALL",21157,89,82,0,0,7,1,1,0,0,0,88,81,0,7
1997,"MARSHALL",21157,98,82,2,0,14,5,2,2,0,1,93,80,0,13
1998,"MARSHALL",21157,108,91,4,1,12,8,3,4,1,0,100,88,0,12
1999,"MARSHALL",21157,113,95,1,0,17,3,2,1,0,0,110,93,0,17
2000,"MARSHALL",21157,137,124,1,0,12,3,1,1,0,1,134,123,0,11
2001,"MARSHALL",21157,172,151,3,0,18,8,5,3,0,0,164,146,0,18
2002,"MARSHALL",21157,184,165,0,0,19,3,3,0,0,0,181,162,0,19
2003,"MARSHALL",21157,169,142,5,0,22,12,7,5,0,0,157,135,0,22
1990,"MARTIN",21159,30,22,0,0,8,4,3,0,0,1,26,19,0,7
1991,"MARTIN",21159,43,35,0,0,8,7,3,0,0,4,36,32,0,4
1992,"MARTIN",21159,31,26,1,0,4,2,1,1,0,0,29,25,0,4
1993,"MARTIN",21159,22,19,0,0,3,0,0,0,0,0,22,19,0,3
1994,"MARTIN",21159,24,22,1,0,1,1,0,1,0,0,23,22,0,1
1995,"MARTIN",21159,38,31,0,0,7,0,0,0,0,0,38,31,0,7
1996,"MARTIN",21159,80,68,1,0,11,3,2,1,0,0,77,66,0,11
1997,"MARTIN",21159,72,65,0,0,7,2,2,0,0,0,70,63,0,7
1998,"MARTIN",21159,70,63,0,0,7,2,1,0,0,1,68,62,0,6
1999,"MARTIN",21159,60,51,0,0,9,1,1,0,0,0,59,50,0,9
2000,"MARTIN",21159,58,50,0,0,8,0,0,0,0,0,58,50,0,8
2001,"MARTIN",21159,70,63,0,0,7,2,2,0,0,0,68,61,0,7
2002,"MARTIN",21159,81,74,0,0,7,1,1,0,0,0,80,73,0,7
2003,"MARTIN",21159,68,58,0,0,10,0,0,0,0,0,68,58,0,10
1990,"MASON",21161,52,47,0,0,5,8,7,0,0,1,44,40,0,4
1991,"MASON",21161,59,54,0,0,5,4,4,0,0,0,55,50,0,5
1992,"MASON",21161,49,48,0,0,1,1,1,0,0,0,48,47,0,1
1993,"MASON",21161,43,40,0,0,3,1,1,0,0,0,42,39,0,3
1994,"MASON",21161,41,41,0,0,0,1,1,0,0,0,40,40,0,0
1995,"MASON",21161,38,37,0,0,1,2,2,0,0,0,36,35,0,1
1996,"MASON",21161,56,54,1,0,1,3,2,1,0,0,53,52,0,1
1997,"MASON",21161,69,65,0,0,4,1,1,0,0,0,68,64,0,4
1998,"MASON",21161,89,81,0,1,7,3,2,0,1,0,86,79,0,7
1999,"MASON",21161,82,78,0,0,4,1,1,0,0,0,81,77,0,4
2000,"MASON",21161,87,77,0,0,10,3,2,0,0,1,84,75,0,9
2001,"MASON",21161,117,102,1,0,14,3,2,1,0,0,114,100,0,14
2002,"MASON",21161,127,114,0,0,13,0,0,0,0,0,127,114,0,13
2003,"MASON",21161,114,98,0,0,16,0,0,0,0,0,114,98,0,16
1990,"MEADE",21163,55,44,1,0,10,3,2,1,0,0,52,42,0,10
1991,"MEADE",21163,70,52,1,0,17,7,5,1,0,1,63,47,0,16
1992,"MEADE",21163,80,66,0,0,14,3,3,0,0,0,77,63,0,14
1993,"MEADE",21163,41,35,0,0,6,0,0,0,0,0,41,35,0,6
1994,"MEADE",21163,47,35,0,0,12,0,0,0,0,0,47,35,0,12
1995,"MEADE",21163,82,63,0,0,19,1,0,0,0,1,81,63,0,18
1996,"MEADE",21163,112,83,0,0,29,2,1,0,0,1,110,82,0,28
1997,"MEADE",21163,140,110,0,0,30,1,1,0,0,0,139,109,0,30
1998,"MEADE",21163,95,72,0,0,23,1,1,0,0,0,94,71,0,23
1999,"MEADE",21163,106,84,1,0,21,1,0,1,0,0,105,84,0,21
2000,"MEADE",21163,106,92,0,0,14,0,0,0,0,0,106,92,0,14
2001,"MEADE",21163,156,124,0,0,32,1,1,0,0,0,155,123,0,32
2002,"MEADE",21163,216,185,0,0,31,3,3,0,0,0,213,182,0,31
2003,"MEADE",21163,212,177,0,0,35,0,0,0,0,0,212,177,0,35
1990,"MENIFEE",21165,22,17,0,0,5,4,3,0,0,1,18,14,0,4
1991,"MENIFEE",21165,19,15,0,0,4,2,1,0,0,1,17,14,0,3
1992,"MENIFEE",21165,17,17,0,0,0,0,0,0,0,0,17,17,0,0
1993,"MENIFEE",21165,15,13,0,0,2,1,1,0,0,0,14,12,0,2
1994,"MENIFEE",21165,18,13,0,0,5,0,0,0,0,0,18,13,0,5
1995,"MENIFEE",21165,24,21,0,0,3,0,0,0,0,0,24,21,0,3
1996,"MENIFEE",21165,26,22,0,0,4,0,0,0,0,0,26,22,0,4
1997,"MENIFEE",21165,25,19,0,0,6,0,0,0,0,0,25,19,0,6
1998,"MENIFEE",21165,30,26,0,0,4,0,0,0,0,0,30,26,0,4
1999,"MENIFEE",21165,37,35,0,0,2,0,0,0,0,0,37,35,0,2
2000,"MENIFEE",21165,30,26,0,0,4,0,0,0,0,0,30,26,0,4
2001,"MENIFEE",21165,38,33,0,0,5,0,0,0,0,0,38,33,0,5
2002,"MENIFEE",21165,33,31,0,0,2,0,0,0,0,0,33,31,0,2
2003,"MENIFEE",21165,32,32,0,0,0,0,0,0,0,0,32,32,0,0
1990,"MERCER",21167,81,65,2,0,14,7,4,2,0,1,74,61,0,13
1991,"MERCER",21167,57,50,0,0,7,5,4,0,0,1,52,46,0,6
1992,"MERCER",21167,61,56,0,0,5,4,4,0,0,0,57,52,0,5
1993,"MERCER",21167,49,43,0,0,6,1,1,0,0,0,48,42,0,6
1994,"MERCER",21167,44,39,0,0,5,0,0,0,0,0,44,39,0,5
1995,"MERCER",21167,44,41,0,0,3,4,3,0,0,1,40,38,0,2
1996,"MERCER",21167,84,77,0,0,7,0,0,0,0,0,84,77,0,7
1997,"MERCER",21167,107,98,0,0,9,1,1,0,0,0,106,97,0,9
1998,"MERCER",21167,103,98,0,2,3,3,1,0,2,0,100,97,0,3
1999,"MERCER",21167,98,80,0,2,16,2,0,0,2,0,96,80,0,16
2000,"MERCER",21167,101,94,0,0,7,1,1,0,0,0,100,93,0,7
2001,"MERCER",21167,114,104,0,0,10,2,1,0,0,1,112,103,0,9
2002,"MERCER",21167,115,99,0,0,16,3,3,0,0,0,112,96,0,16
2003,"MERCER",21167,113,99,0,0,14,0,0,0,0,0,113,99,0,14
1990,"METCALFE",21169,24,21,0,1,2,2,1,0,1,0,22,20,0,2
1991,"METCALFE",21169,20,19,0,1,0,1,0,0,1,0,19,19,0,0
1992,"METCALFE",21169,27,26,1,0,0,2,1,1,0,0,25,25,0,0
1993,"METCALFE",21169,25,23,0,0,2,1,1,0,0,0,24,22,0,2
1994,"METCALFE",21169,20,19,0,0,1,0,0,0,0,0,20,19,0,1
1995,"METCALFE",21169,26,21,0,1,4,1,0,0,1,0,25,21,0,4
1996,"METCALFE",21169,39,37,0,0,2,0,0,0,0,0,39,37,0,2
1997,"METCALFE",21169,76,71,0,0,5,1,0,0,0,1,75,71,0,4
1998,"METCALFE",21169,54,52,1,0,1,1,0,1,0,0,53,52,0,1
1999,"METCALFE",21169,55,50,0,0,5,0,0,0,0,0,55,50,0,5
2000,"METCALFE",21169,55,46,1,0,8,1,0,1,0,0,54,46,0,8
2001,"METCALFE",21169,63,59,1,0,3,1,0,1,0,0,62,59,0,3
2002,"METCALFE",21169,66,57,0,0,9,0,0,0,0,0,66,57,0,9
2003,"METCALFE",21169,81,71,0,1,9,1,0,0,1,0,80,71,0,9
1990,"MONROE",21171,37,35,0,0,2,1,1,0,0,0,36,34,0,2
1991,"MONROE",21171,32,31,0,0,1,0,0,0,0,0,32,31,0,1
1992,"MONROE",21171,26,25,0,0,1,1,1,0,0,0,25,24,0,1
1993,"MONROE",21171,25,23,0,0,2,0,0,0,0,0,25,23,0,2
1994,"MONROE",21171,26,25,0,0,1,0,0,0,0,0,26,25,0,1
1995,"MONROE",21171,38,31,1,0,6,2,0,1,0,1,36,31,0,5
1996,"MONROE",21171,50,49,0,0,1,0,0,0,0,0,50,49,0,1
1997,"MONROE",21171,50,46,1,0,3,1,0,1,0,0,49,46,0,3
1998,"MONROE",21171,52,51,0,1,0,1,0,0,1,0,51,51,0,0
1999,"MONROE",21171,44,42,0,0,2,0,0,0,0,0,44,42,0,2
2000,"MONROE",21171,49,45,0,0,4,0,0,0,0,0,49,45,0,4
2001,"MONROE",21171,58,53,0,0,5,1,1,0,0,0,57,52,0,5
2002,"MONROE",21171,57,47,0,0,10,1,0,0,0,1,56,47,0,9
2003,"MONROE",21171,66,60,0,0,6,0,0,0,0,0,66,60,0,6
1990,"MONTGOMERY",21173,98,85,0,0,13,16,14,0,0,2,82,71,0,11
1991,"MONTGOMERY",21173,93,83,0,0,10,9,7,0,0,2,84,76,0,8
1992,"MONTGOMERY",21173,88,79,1,1,7,5,3,1,1,0,83,76,0,7
1993,"MONTGOMERY",21173,67,56,0,0,11,3,3,0,0,0,64,53,0,11
1994,"MONTGOMERY",21173,59,50,0,0,9,1,1,0,0,0,58,49,0,9
1995,"MONTGOMERY",21173,73,67,1,0,5,2,0,1,0,1,71,67,0,4
1996,"MONTGOMERY",21173,118,103,0,0,15,2,2,0,0,0,116,101,0,15
1997,"MONTGOMERY",21173,127,114,0,0,13,2,1,0,0,1,125,113,0,12
1998,"MONTGOMERY",21173,144,115,0,0,29,2,2,0,0,0,142,113,0,29
1999,"MONTGOMERY",21173,129,110,1,0,18,2,0,1,0,1,127,110,0,17
2000,"MONTGOMERY",21173,120,110,0,0,10,1,1,0,0,0,119,109,0,10
2001,"MONTGOMERY",21173,167,156,0,0,11,7,6,0,0,1,160,150,0,10
2002,"MONTGOMERY",21173,160,150,0,0,10,2,2,0,0,0,158,148,0,10
2003,"MONTGOMERY",21173,191,169,0,0,22,0,0,0,0,0,191,169,0,22
1990,"MORGAN",21175,29,22,0,0,7,5,4,0,0,1,24,18,0,6
1991,"MORGAN",21175,27,22,0,0,5,3,3,0,0,0,24,19,0,5
1992,"MORGAN",21175,32,28,0,0,4,1,1,0,0,0,31,27,0,4
1993,"MORGAN",21175,24,17,0,0,7,4,3,0,0,1,20,14,0,6
1994,"MORGAN",21175,17,15,0,0,2,0,0,0,0,0,17,15,0,2
1995,"MORGAN",21175,23,19,0,0,4,0,0,0,0,0,23,19,0,4
1996,"MORGAN",21175,31,24,0,0,7,0,0,0,0,0,31,24,0,7
1997,"MORGAN",21175,31,27,0,0,4,2,1,0,0,1,29,26,0,3
1998,"MORGAN",21175,34,32,0,0,2,0,0,0,0,0,34,32,0,2
1999,"MORGAN",21175,45,35,0,0,10,0,0,0,0,0,45,35,0,10
2000,"MORGAN",21175,50,43,0,0,7,1,1,0,0,0,49,42,0,7
2001,"MORGAN",21175,65,58,0,0,7,1,1,0,0,0,64,57,0,7
2002,"MORGAN",21175,60,53,1,0,6,1,0,1,0,0,59,53,0,6
2003,"MORGAN",21175,91,80,0,0,11,0,0,0,0,0,91,80,0,11
1990,"MUHLENBERG",21177,130,121,1,1,7,9,7,1,1,0,121,114,0,7
1991,"MUHLENBERG",21177,108,101,0,0,7,7,6,0,0,1,101,95,0,6
1992,"MUHLENBERG",21177,87,84,0,0,3,3,2,0,0,1,84,82,0,2
1993,"MUHLENBERG",21177,85,83,0,0,2,2,2,0,0,0,83,81,0,2
1994,"MUHLENBERG",21177,80,75,0,0,5,5,4,0,0,1,75,71,0,4
1995,"MUHLENBERG",21177,120,112,1,0,7,6,5,1,0,0,114,107,0,7
1996,"MUHLENBERG",21177,185,179,1,0,5,2,1,1,0,0,183,178,0,5
1997,"MUHLENBERG",21177,175,169,0,0,6,1,1,0,0,0,174,168,0,6
1998,"MUHLENBERG",21177,216,203,0,0,13,3,1,0,0,2,213,202,0,11
1999,"MUHLENBERG",21177,183,173,0,0,10,3,2,0,0,1,180,171,0,9
2000,"MUHLENBERG",21177,189,184,0,0,5,2,2,0,0,0,187,182,0,5
2001,"MUHLENBERG",21177,245,229,0,0,16,1,1,0,0,0,244,228,0,16
2002,"MUHLENBERG",21177,236,221,0,0,15,2,2,0,0,0,234,219,0,15
2003,"MUHLENBERG",21177,322,301,0,0,21,0,0,0,0,0,322,301,0,21
1990,"NELSON",21179,65,55,2,0,8,4,2,2,0,0,61,53,0,8
1991,"NELSON",21179,93,68,0,0,25,1,1,0,0,0,92,67,0,25
1992,"NELSON",21179,98,67,1,2,28,5,2,1,2,0,93,65,0,28
1993,"NELSON",21179,79,60,0,0,19,0,0,0,0,0,79,60,0,19
1994,"NELSON",21179,92,61,0,0,31,1,1,0,0,0,91,60,0,31
1995,"NELSON",21179,102,69,0,0,33,4,3,0,0,1,98,66,0,32
1996,"NELSON",21179,170,117,0,0,53,0,0,0,0,0,170,117,0,53
1997,"NELSON",21179,172,137,0,0,35,2,2,0,0,0,170,135,0,35
1998,"NELSON",21179,179,143,0,0,36,4,3,0,0,1,175,140,0,35
1999,"NELSON",21179,182,142,0,0,40,0,0,0,0,0,182,142,0,40
2000,"NELSON",21179,170,138,0,1,31,3,2,0,1,0,167,136,0,31
2001,"NELSON",21179,221,176,1,0,44,1,0,1,0,0,220,176,0,44
2002,"NELSON",21179,256,202,0,0,54,1,1,0,0,0,255,201,0,54
2003,"NELSON",21179,281,217,2,0,62,3,1,2,0,0,278,216,0,62
1990,"NICHOLAS",21181,33,26,0,0,7,6,4,0,0,2,27,22,0,5
1991,"NICHOLAS",21181,34,28,0,0,6,2,2,0,0,0,32,26,0,6
1992,"NICHOLAS",21181,25,21,0,0,4,0,0,0,0,0,25,21,0,4
1993,"NICHOLAS",21181,33,30,0,0,3,0,0,0,0,0,33,30,0,3
1994,"NICHOLAS",21181,30,27,0,0,3,0,0,0,0,0,30,27,0,3
1995,"NICHOLAS",21181,31,26,0,2,3,2,0,0,2,0,29,26,0,3
1996,"NICHOLAS",21181,65,53,0,0,12,0,0,0,0,0,65,53,0,12
1997,"NICHOLAS",21181,46,44,0,0,2,1,1,0,0,0,45,43,0,2
1998,"NICHOLAS",21181,45,43,0,0,2,0,0,0,0,0,45,43,0,2
1999,"NICHOLAS",21181,35,33,0,0,2,0,0,0,0,0,35,33,0,2
2000,"NICHOLAS",21181,45,40,0,0,5,0,0,0,0,0,45,40,0,5
2001,"NICHOLAS",21181,60,49,0,0,11,0,0,0,0,0,60,49,0,11
2002,"NICHOLAS",21181,43,40,0,0,3,0,0,0,0,0,43,40,0,3
2003,"NICHOLAS",21181,52,47,0,0,5,0,0,0,0,0,52,47,0,5
1990,"OHIO",21183,78,74,0,1,3,7,5,0,1,1,71,69,0,2
1991,"OHIO",21183,70,62,0,0,8,2,2,0,0,0,68,60,0,8
1992,"OHIO",21183,68,58,0,0,10,3,2,0,0,1,65,56,0,9
1993,"OHIO",21183,62,58,1,0,3,2,1,1,0,0,60,57,0,3
1994,"OHIO",21183,56,46,0,0,10,0,0,0,0,0,56,46,0,10
1995,"OHIO",21183,55,47,0,0,8,3,3,0,0,0,52,44,0,8
1996,"OHIO",21183,73,66,0,0,7,2,2,0,0,0,71,64,0,7
1997,"OHIO",21183,117,97,0,0,20,2,2,0,0,0,115,95,0,20
1998,"OHIO",21183,109,99,0,0,10,0,0,0,0,0,109,99,0,10
1999,"OHIO",21183,116,103,0,0,13,0,0,0,0,0,116,103,0,13
2000,"OHIO",21183,144,125,0,0,19,0,0,0,0,0,144,125,0,19
2001,"OHIO",21183,164,142,0,0,22,0,0,0,0,0,164,142,0,22
2002,"OHIO",21183,150,137,0,0,13,0,0,0,0,0,150,137,0,13
2003,"OHIO",21183,207,188,0,0,19,1,1,0,0,0,206,187,0,19
1990,"OLDHAM",21185,90,67,1,0,22,8,6,1,0,1,82,61,0,21
1991,"OLDHAM",21185,111,86,1,0,24,9,8,1,0,0,102,78,0,24
1992,"OLDHAM",21185,112,82,4,0,26,9,4,4,0,1,103,78,0,25
1993,"OLDHAM",21185,84,62,1,0,21,4,2,1,0,1,80,60,0,20
1994,"OLDHAM",21185,111,78,2,0,31,3,1,2,0,0,108,77,0,31
1995,"OLDHAM",21185,105,72,0,0,33,6,4,0,0,2,99,68,0,31
1996,"OLDHAM",21185,160,121,2,0,37,11,7,2,0,2,149,114,0,35
1997,"OLDHAM",21185,171,124,3,0,44,7,2,3,0,2,164,122,0,42
1998,"OLDHAM",21185,159,121,1,0,37,2,1,1,0,0,157,120,0,37
1999,"OLDHAM",21185,148,115,1,0,32,5,4,1,0,0,143,111,0,32
2000,"OLDHAM",21185,171,126,2,0,43,5,3,2,0,0,166,123,0,43
2001,"OLDHAM",21185,189,146,4,0,39,7,3,4,0,0,182,143,0,39
2002,"OLDHAM",21185,253,176,3,0,74,3,0,3,0,0,250,176,0,74
2003,"OLDHAM",21185,257,184,2,0,71,1,0,1,0,0,256,184,1,71
1990,"OWEN",21187,27,20,1,0,6,5,3,1,0,1,22,17,0,5
1991,"OWEN",21187,37,34,0,0,3,5,4,0,0,1,32,30,0,2
1992,"OWEN",21187,26,22,0,0,4,1,1,0,0,0,25,21,0,4
1993,"OWEN",21187,24,20,0,0,4,0,0,0,0,0,24,20,0,4
1994,"OWEN",21187,18,14,0,0,4,0,0,0,0,0,18,14,0,4
1995,"OWEN",21187,27,23,0,0,4,0,0,0,0,0,27,23,0,4
1996,"OWEN",21187,41,35,1,0,5,1,0,1,0,0,40,35,0,5
1997,"OWEN",21187,45,40,0,0,5,0,0,0,0,0,45,40,0,5
1998,"OWEN",21187,33,28,0,0,5,0,0,0,0,0,33,28,0,5
1999,"OWEN",21187,52,44,0,0,8,0,0,0,0,0,52,44,0,8
2000,"OWEN",21187,47,40,0,0,7,1,1,0,0,0,46,39,0,7
2001,"OWEN",21187,60,49,0,0,11,1,1,0,0,0,59,48,0,11
2002,"OWEN",21187,51,43,0,0,8,0,0,0,0,0,51,43,0,8
2003,"OWEN",21187,75,65,0,0,10,1,1,0,0,0,74,64,0,10
1990,"OWSLEY",21189,6,6,0,0,0,3,3,0,0,0,3,3,0,0
1991,"OWSLEY",21189,5,4,0,0,1,1,1,0,0,0,4,3,0,1
1992,"OWSLEY",21189,4,4,0,0,0,0,0,0,0,0,4,4,0,0
1993,"OWSLEY",21189,5,2,0,0,3,0,0,0,0,0,5,2,0,3
1994,"OWSLEY",21189,5,4,0,0,1,1,0,0,0,1,4,4,0,0
1995,"OWSLEY",21189,5,3,0,1,1,1,0,0,1,0,4,3,0,1
1996,"OWSLEY",21189,12,10,0,1,1,1,0,0,1,0,11,10,0,1
1997,"OWSLEY",21189,5,3,0,0,2,0,0,0,0,0,5,3,0,2
1998,"OWSLEY",21189,18,5,0,0,13,0,0,0,0,0,18,5,0,13
1999,"OWSLEY",21189,20,13,0,0,7,0,0,0,0,0,20,13,0,7
2000,"OWSLEY",21189,28,17,0,0,11,0,0,0,0,0,28,17,0,11
2001,"OWSLEY",21189,16,14,0,0,2,0,0,0,0,0,16,14,0,2
2002,"OWSLEY",21189,17,15,0,0,2,0,0,0,0,0,17,15,0,2
2003,"OWSLEY",21189,27,23,0,0,4,0,0,0,0,0,27,23,0,4
1990,"PENDLETON",21191,43,37,0,1,5,4,2,0,1,1,39,35,0,4
1991,"PENDLETON",21191,56,46,0,0,10,7,4,0,0,3,49,42,0,7
1992,"PENDLETON",21191,43,40,0,1,2,2,1,0,1,0,41,39,0,2
1993,"PENDLETON",21191,40,34,0,0,6,1,1,0,0,0,39,33,0,6
1994,"PENDLETON",21191,30,21,0,0,9,0,0,0,0,0,30,21,0,9
1995,"PENDLETON",21191,49,45,0,0,4,1,1,0,0,0,48,44,0,4
1996,"PENDLETON",21191,70,63,0,0,7,1,1,0,0,0,69,62,0,7
1997,"PENDLETON",21191,70,68,0,0,2,1,1,0,0,0,69,67,0,2
1998,"PENDLETON",21191,84,73,0,0,11,0,0,0,0,0,84,73,0,11
1999,"PENDLETON",21191,79,70,0,0,9,0,0,0,0,0,79,70,0,9
2000,"PENDLETON",21191,81,70,0,0,11,1,0,0,0,1,80,70,0,10
2001,"PENDLETON",21191,120,108,0,0,12,1,1,0,0,0,119,107,0,12
2002,"PENDLETON",21191,138,113,0,0,25,0,0,0,0,0,138,113,0,25
2003,"PENDLETON",21191,108,87,0,0,21,3,2,0,0,1,105,85,0,20
1990,"PERRY",21193,131,83,1,0,47,22,16,1,0,5,109,67,0,42
1991,"PERRY",21193,117,97,1,0,19,15,13,1,0,1,102,84,0,18
1992,"PERRY",21193,157,127,2,0,28,4,2,2,0,0,153,125,0,28
1993,"PERRY",21193,93,68,2,0,23,6,4,2,0,0,87,64,0,23
1994,"PERRY",21193,91,74,2,0,15,7,5,2,0,0,84,69,0,15
1995,"PERRY",21193,135,86,2,0,47,6,2,1,0,3,129,84,1,44
1996,"PERRY",21193,163,113,1,0,49,9,5,1,0,3,154,108,0,46
1997,"PERRY",21193,205,134,2,0,69,6,1,2,0,3,199,133,0,66
1998,"PERRY",21193,158,109,2,0,47,7,3,2,0,2,151,106,0,45
1999,"PERRY",21193,157,103,1,0,53,8,5,1,0,2,149,98,0,51
2000,"PERRY",21193,157,106,2,0,49,2,1,1,0,0,155,105,1,49
2001,"PERRY",21193,167,107,0,0,60,3,2,0,0,1,164,105,0,59
2002,"PERRY",21193,191,138,0,0,53,4,4,0,0,0,187,134,0,53
2003,"PERRY",21193,189,135,6,0,48,9,3,6,0,0,180,132,0,48
1990,"PIKE",21195,198,167,3,0,28,42,32,3,0,7,156,135,0,21
1991,"PIKE",21195,199,184,3,0,12,33,28,3,0,2,166,156,0,10
1992,"PIKE",21195,200,170,8,0,22,29,17,8,0,4,171,153,0,18
1993,"PIKE",21195,176,164,0,0,12,15,12,0,0,3,161,152,0,9
1994,"PIKE",21195,176,148,5,0,23,9,5,3,0,1,167,143,2,22
1995,"PIKE",21195,245,205,6,0,34,19,11,5,0,3,226,194,1,31
1996,"PIKE",21195,364,309,5,0,50,14,9,3,0,2,350,300,2,48
1997,"PIKE",21195,414,355,9,0,50,27,12,9,0,6,387,343,0,44
1998,"PIKE",21195,365,322,0,0,43,11,9,0,0,2,354,313,0,41
1999,"PIKE",21195,334,304,3,0,27,16,12,3,0,1,318,292,0,26
2000,"PIKE",21195,298,263,1,0,34,7,4,1,0,2,291,259,0,32
2001,"PIKE",21195,377,353,3,0,21,10,5,3,0,2,367,348,0,19
2002,"PIKE",21195,339,299,7,0,33,14,6,7,0,1,325,293,0,32
2003,"PIKE",21195,345,301,6,0,38,11,5,6,0,0,334,296,0,38
1990,"POWELL",21197,67,48,0,0,19,3,3,0,0,0,64,45,0,19
1991,"POWELL",21197,62,45,0,0,17,6,4,0,0,2,56,41,0,15
1992,"POWELL",21197,43,34,0,0,9,0,0,0,0,0,43,34,0,9
1993,"POWELL",21197,31,21,0,0,10,0,0,0,0,0,31,21,0,10
1994,"POWELL",21197,41,32,0,0,9,0,0,0,0,0,41,32,0,9
1995,"POWELL",21197,52,42,1,0,9,3,2,1,0,0,49,40,0,9
1996,"POWELL",21197,92,69,1,0,22,2,0,1,0,1,90,69,0,21
1997,"POWELL",21197,78,62,0,0,16,1,0,0,0,1,77,62,0,15
1998,"POWELL",21197,94,82,0,0,12,0,0,0,0,0,94,82,0,12
1999,"POWELL",21197,82,71,0,0,11,1,1,0,0,0,81,70,0,11
2000,"POWELL",21197,71,62,0,0,9,3,2,0,0,1,68,60,0,8
2001,"POWELL",21197,82,74,0,0,8,0,0,0,0,0,82,74,0,8
2002,"POWELL",21197,105,98,0,0,7,0,0,0,0,0,105,98,0,7
2003,"POWELL",21197,90,81,0,0,9,0,0,0,0,0,90,81,0,9
1990,"PULASKI",21199,102,83,1,0,18,23,19,1,0,3,79,64,0,15
1991,"PULASKI",21199,140,129,2,0,9,21,19,2,0,0,119,110,0,9
1992,"PULASKI",21199,128,120,2,0,6,7,5,2,0,0,121,115,0,6
1993,"PULASKI",21199,92,87,1,0,4,5,4,1,0,0,87,83,0,4
1994,"PULASKI",21199,111,106,1,0,4,10,8,1,0,1,101,98,0,3
1995,"PULASKI",21199,123,117,1,0,5,8,6,1,0,1,115,111,0,4
1996,"PULASKI",21199,143,130,0,1,12,6,3,0,1,2,137,127,0,10
1997,"PULASKI",21199,178,167,1,1,9,13,10,1,1,1,165,157,0,8
1998,"PULASKI",21199,253,238,1,0,14,6,4,1,0,1,247,234,0,13
1999,"PULASKI",21199,208,192,2,0,14,8,5,2,0,1,200,187,0,13
2000,"PULASKI",21199,199,188,0,0,11,5,4,0,0,1,194,184,0,10
2001,"PULASKI",21199,281,264,0,0,17,7,6,0,0,1,274,258,0,16
2002,"PULASKI",21199,282,259,2,0,21,13,11,2,0,0,269,248,0,21
2003,"PULASKI",21199,328,313,0,0,15,2,2,0,0,0,326,311,0,15
1990,"ROBERTSON",21201,4,4,0,0,0,1,1,0,0,0,3,3,0,0
1991,"ROBERTSON",21201,2,2,0,0,0,0,0,0,0,0,2,2,0,0
1992,"ROBERTSON",21201,2,2,0,0,0,0,0,0,0,0,2,2,0,0
1993,"ROBERTSON",21201,3,3,0,0,0,0,0,0,0,0,3,3,0,0
1994,"ROBERTSON",21201,2,2,0,0,0,0,0,0,0,0,2,2,0,0
1995,"ROBERTSON",21201,3,3,0,0,0,1,1,0,0,0,2,2,0,0
1996,"ROBERTSON",21201,9,7,0,0,2,0,0,0,0,0,9,7,0,2
1997,"ROBERTSON",21201,6,6,0,0,0,0,0,0,0,0,6,6,0,0
1998,"ROBERTSON",21201,3,3,0,0,0,0,0,0,0,0,3,3,0,0
1999,"ROBERTSON",21201,6,6,0,0,0,0,0,0,0,0,6,6,0,0
2000,"ROBERTSON",21201,8,8,0,0,0,0,0,0,0,0,8,8,0,0
2001,"ROBERTSON",21201,7,7,0,0,0,1,1,0,0,0,6,6,0,0
2002,"ROBERTSON",21201,10,6,0,0,4,0,0,0,0,0,10,6,0,4
2003,"ROBERTSON",21201,19,14,0,0,5,0,0,0,0,0,19,14,0,5
1990,"ROCKCASTLE",21203,37,31,1,0,5,7,6,1,0,0,30,25,0,5
1991,"ROCKCASTLE",21203,31,26,1,0,4,2,0,1,0,1,29,26,0,3
1992,"ROCKCASTLE",21203,32,25,0,0,7,1,0,0,0,1,31,25,0,6
1993,"ROCKCASTLE",21203,17,13,2,0,2,1,0,1,0,0,16,13,1,2
1994,"ROCKCASTLE",21203,29,26,0,0,3,0,0,0,0,0,29,26,0,3
1995,"ROCKCASTLE",21203,29,28,0,0,1,0,0,0,0,0,29,28,0,1
1996,"ROCKCASTLE",21203,46,43,0,0,3,1,1,0,0,0,45,42,0,3
1997,"ROCKCASTLE",21203,66,65,0,0,1,1,1,0,0,0,65,64,0,1
1998,"ROCKCASTLE",21203,59,54,0,0,5,0,0,0,0,0,59,54,0,5
1999,"ROCKCASTLE",21203,48,43,1,0,4,2,1,1,0,0,46,42,0,4
2000,"ROCKCASTLE",21203,66,60,0,0,6,0,0,0,0,0,66,60,0,6
2001,"ROCKCASTLE",21203,67,63,0,0,4,0,0,0,0,0,67,63,0,4
2002,"ROCKCASTLE",21203,84,75,0,0,9,0,0,0,0,0,84,75,0,9
2003,"ROCKCASTLE",21203,118,92,0,0,26,0,0,0,0,0,118,92,0,26
1990,"ROWAN",21205,64,41,1,0,22,10,6,1,0,3,54,35,0,19
1991,"ROWAN",21205,31,22,0,0,9,1,1,0,0,0,30,21,0,9
1992,"ROWAN",21205,42,30,3,0,9,3,0,3,0,0,39,30,0,9
1993,"ROWAN",21205,38,24,1,0,13,1,0,1,0,0,37,24,0,13
1994,"ROWAN",21205,35,28,1,0,6,1,0,1,0,0,34,28,0,6
1995,"ROWAN",21205,44,33,0,0,11,1,0,0,0,1,43,33,0,10
1996,"ROWAN",21205,40,26,1,0,13,1,0,1,0,0,39,26,0,13
1997,"ROWAN",21205,69,49,2,0,18,2,0,2,0,0,67,49,0,18
1998,"ROWAN",21205,60,44,1,0,15,2,0,1,0,1,58,44,0,14
1999,"ROWAN",21205,61,52,1,0,8,1,0,1,0,0,60,52,0,8
2000,"ROWAN",21205,69,55,0,0,14,1,0,0,0,1,68,55,0,13
2001,"ROWAN",21205,105,89,1,0,15,2,1,1,0,0,103,88,0,15
2002,"ROWAN",21205,99,86,0,0,13,2,2,0,0,0,97,84,0,13
2003,"ROWAN",21205,94,85,0,0,9,0,0,0,0,0,94,85,0,9
1990,"RUSSELL",21207,35,33,0,0,2,0,0,0,0,0,35,33,0,2
1991,"RUSSELL",21207,50,49,0,0,1,3,2,0,0,1,47,47,0,0
1992,"RUSSELL",21207,37,35,1,0,1,2,2,0,0,0,35,33,1,1
1993,"RUSSELL",21207,37,36,0,0,1,3,3,0,0,0,34,33,0,1
1994,"RUSSELL",21207,43,41,0,0,2,2,2,0,0,0,41,39,0,2
1995,"RUSSELL",21207,56,54,0,0,2,1,0,0,0,1,55,54,0,1
1996,"RUSSELL",21207,73,66,0,0,7,1,1,0,0,0,72,65,0,7
1997,"RUSSELL",21207,64,62,0,0,2,1,1,0,0,0,63,61,0,2
1998,"RUSSELL",21207,66,64,0,0,2,0,0,0,0,0,66,64,0,2
1999,"RUSSELL",21207,74,74,0,0,0,1,1,0,0,0,73,73,0,0
2000,"RUSSELL",21207,59,56,0,0,3,0,0,0,0,0,59,56,0,3
2001,"RUSSELL",21207,90,84,0,0,6,3,3,0,0,0,87,81,0,6
2002,"RUSSELL",21207,84,77,0,0,7,1,1,0,0,0,83,76,0,7
2003,"RUSSELL",21207,82,76,2,0,4,2,0,2,0,0,80,76,0,4
1990,"SCOTT",21209,106,74,1,0,31,10,6,1,0,3,96,68,0,28
1991,"SCOTT",21209,110,92,1,0,17,11,8,1,0,2,99,84,0,15
1992,"SCOTT",21209,92,76,1,1,14,11,5,1,1,4,81,71,0,10
1993,"SCOTT",21209,79,58,0,0,21,0,0,0,0,0,79,58,0,21
1994,"SCOTT",21209,83,73,0,0,10,1,0,0,0,1,82,73,0,9
1995,"SCOTT",21209,105,89,1,0,15,5,2,1,0,2,100,87,0,13
1996,"SCOTT",21209,115,102,0,0,13,2,2,0,0,0,113,100,0,13
1997,"SCOTT",21209,144,120,1,0,23,2,1,1,0,0,142,119,0,23
1998,"SCOTT",21209,173,153,0,0,20,4,2,0,0,2,169,151,0,18
1999,"SCOTT",21209,161,143,0,0,18,3,3,0,0,0,158,140,0,18
2000,"SCOTT",21209,160,144,0,0,16,2,2,0,0,0,158,142,0,16
2001,"SCOTT",21209,199,175,0,0,24,3,3,0,0,0,196,172,0,24
2002,"SCOTT",21209,216,195,0,0,21,6,6,0,0,0,210,189,0,21
2003,"SCOTT",21209,256,220,0,0,36,3,3,0,0,0,253,217,0,36
1990,"SHELBY",21211,92,68,1,0,23,9,6,1,0,2,83,62,0,21
1991,"SHELBY",21211,89,71,1,0,17,6,4,1,0,1,83,67,0,16
1992,"SHELBY",21211,96,74,1,1,20,6,2,1,1,2,90,72,0,18
1993,"SHELBY",21211,83,69,1,0,13,1,0,1,0,0,82,69,0,13
1994,"SHELBY",21211,78,71,0,0,7,1,1,0,0,0,77,70,0,7
1995,"SHELBY",21211,94,70,0,0,24,0,0,0,0,0,94,70,0,24
1996,"SHELBY",21211,132,109,0,1,22,5,3,0,1,1,127,106,0,21
1997,"SHELBY",21211,148,118,0,0,30,5,4,0,0,1,143,114,0,29
1998,"SHELBY",21211,133,108,1,0,24,4,3,1,0,0,129,105,0,24
1999,"SHELBY",21211,115,101,0,0,14,2,2,0,0,0,113,99,0,14
2000,"SHELBY",21211,97,80,1,0,16,3,2,1,0,0,94,78,0,16
2001,"SHELBY",21211,163,135,0,0,28,2,2,0,0,0,161,133,0,28
2002,"SHELBY",21211,166,133,1,0,32,2,1,1,0,0,164,132,0,32
2003,"SHELBY",21211,181,144,0,0,37,1,1,0,0,0,180,143,0,37
1990,"SIMPSON",21213,68,63,1,0,4,8,7,1,0,0,60,56,0,4
1991,"SIMPSON",21213,78,67,1,0,10,4,3,1,0,0,74,64,0,10
1992,"SIMPSON",21213,85,78,1,0,6,4,3,1,0,0,81,75,0,6
1993,"SIMPSON",21213,56,53,0,0,3,0,0,0,0,0,56,53,0,3
1994,"SIMPSON",21213,51,47,0,0,4,2,2,0,0,0,49,45,0,4
1995,"SIMPSON",21213,70,59,0,0,11,3,3,0,0,0,67,56,0,11
1996,"SIMPSON",21213,85,78,1,0,6,1,0,1,0,0,84,78,0,6
1997,"SIMPSON",21213,110,100,0,1,9,3,1,0,1,1,107,99,0,8
1998,"SIMPSON",21213,136,125,1,1,9,2,0,1,1,0,134,125,0,9
1999,"SIMPSON",21213,119,107,0,0,12,0,0,0,0,0,119,107,0,12
2000,"SIMPSON",21213,114,96,0,0,18,0,0,0,0,0,114,96,0,18
2001,"SIMPSON",21213,151,139,1,0,11,3,2,1,0,0,148,137,0,11
2002,"SIMPSON",21213,144,126,0,0,18,0,0,0,0,0,144,126,0,18
2003,"SIMPSON",21213,183,163,1,0,19,2,0,1,0,1,181,163,0,18
1990,"SPENCER",21215,19,17,0,0,2,2,2,0,0,0,17,15,0,2
1991,"SPENCER",21215,25,22,0,0,3,0,0,0,0,0,25,22,0,3
1992,"SPENCER",21215,19,16,0,0,3,0,0,0,0,0,19,16,0,3
1993,"SPENCER",21215,17,12,0,0,5,0,0,0,0,0,17,12,0,5
1994,"SPENCER",21215,34,25,0,0,9,1,1,0,0,0,33,24,0,9
1995,"SPENCER",21215,28,20,0,0,8,0,0,0,0,0,28,20,0,8
1996,"SPENCER",21215,26,23,0,0,3,0,0,0,0,0,26,23,0,3
1997,"SPENCER",21215,64,52,0,0,12,2,2,0,0,0,62,50,0,12
1998,"SPENCER",21215,44,38,0,0,6,0,0,0,0,0,44,38,0,6
1999,"SPENCER",21215,50,41,1,0,8,1,0,1,0,0,49,41,0,8
2000,"SPENCER",21215,54,43,0,0,11,3,2,0,0,1,51,41,0,10
2001,"SPENCER",21215,62,46,0,0,16,0,0,0,0,0,62,46,0,16
2002,"SPENCER",21215,75,57,0,0,18,0,0,0,0,0,75,57,0,18
2003,"SPENCER",21215,106,81,0,0,25,3,3,0,0,0,103,78,0,25
1990,"TAYLOR",21217,55,48,0,1,6,1,0,0,1,0,54,48,0,6
1991,"TAYLOR",21217,71,68,0,1,2,2,1,0,1,0,69,67,0,2
1992,"TAYLOR",21217,80,73,1,0,6,3,2,1,0,0,77,71,0,6
1993,"TAYLOR",21217,85,79,0,0,6,3,3,0,0,0,82,76,0,6
1994,"TAYLOR",21217,93,83,1,0,9,3,2,1,0,0,90,81,0,9
1995,"TAYLOR",21217,98,81,1,0,16,3,0,1,0,2,95,81,0,14
1996,"TAYLOR",21217,119,104,1,1,13,3,1,1,1,0,116,103,0,13
1997,"TAYLOR",21217,135,123,0,0,12,1,1,0,0,0,134,122,0,12
1998,"TAYLOR",21217,166,155,0,0,11,0,0,0,0,0,166,155,0,11
1999,"TAYLOR",21217,130,119,1,1,9,3,1,1,1,0,127,118,0,9
2000,"TAYLOR",21217,108,97,0,0,11,0,0,0,0,0,108,97,0,11
2001,"TAYLOR",21217,131,120,0,0,11,0,0,0,0,0,131,120,0,11
2002,"TAYLOR",21217,129,121,0,1,7,1,0,0,1,0,128,121,0,7
2003,"TAYLOR",21217,151,134,0,1,16,3,2,0,1,0,148,132,0,16
1990,"TODD",21219,25,20,0,1,4,3,1,0,1,1,22,19,0,3
1991,"TODD",21219,39,30,3,0,6,3,0,3,0,0,36,30,0,6
1992,"TODD",21219,47,38,0,1,8,2,1,0,1,0,45,37,0,8
1993,"TODD",21219,29,26,0,0,3,1,1,0,0,0,28,25,0,3
1994,"TODD",21219,30,21,2,2,5,7,2,2,2,1,23,19,0,4
1995,"TODD",21219,44,28,1,2,13,4,0,1,2,1,40,28,0,12
1996,"TODD",21219,61,49,0,0,12,0,0,0,0,0,61,49,0,12
1997,"TODD",21219,64,58,0,0,6,0,0,0,0,0,64,58,0,6
1998,"TODD",21219,75,65,0,0,10,1,1,0,0,0,74,64,0,10
1999,"TODD",21219,56,45,1,1,9,2,0,1,1,0,54,45,0,9
2000,"TODD",21219,61,46,0,0,15,0,0,0,0,0,61,46,0,15
2001,"TODD",21219,77,65,0,0,12,0,0,0,0,0,77,65,0,12
2002,"TODD",21219,93,76,0,0,17,1,1,0,0,0,92,75,0,17
2003,"TODD",21219,89,81,0,0,8,0,0,0,0,0,89,81,0,8
1990,"TRIGG",21221,32,25,1,0,6,2,1,1,0,0,30,24,0,6
1991,"TRIGG",21221,48,36,0,0,12,0,0,0,0,0,48,36,0,12
1992,"TRIGG",21221,19,13,0,1,5,2,1,0,1,0,17,12,0,5
1993,"TRIGG",21221,21,14,0,0,7,1,1,0,0,0,20,13,0,7
1994,"TRIGG",21221,21,9,0,0,12,0,0,0,0,0,21,9,0,12
1995,"TRIGG",21221,32,20,0,0,12,0,0,0,0,0,32,20,0,12
1996,"TRIGG",21221,43,29,0,0,14,1,0,0,0,1,42,29,0,13
1997,"TRIGG",21221,55,35,0,1,19,2,0,0,1,1,53,35,0,18
1998,"TRIGG",21221,69,51,0,0,18,3,2,0,0,1,66,49,0,17
1999,"TRIGG",21221,73,52,1,0,20,3,2,1,0,0,70,50,0,20
2000,"TRIGG",21221,63,48,1,0,14,2,1,1,0,0,61,47,0,14
2001,"TRIGG",21221,107,76,0,0,31,0,0,0,0,0,107,76,0,31
2002,"TRIGG",21221,93,69,0,0,24,1,1,0,0,0,92,68,0,24
2003,"TRIGG",21221,109,83,0,0,26,0,0,0,0,0,109,83,0,26
1990,"TRIMBLE",21223,25,24,0,0,1,5,5,0,0,0,20,19,0,1
1991,"TRIMBLE",21223,15,14,0,0,1,2,2,0,0,0,13,12,0,1
1992,"TRIMBLE",21223,22,19,0,0,3,0,0,0,0,0,22,19,0,3
1993,"TRIMBLE",21223,12,11,0,0,1,0,0,0,0,0,12,11,0,1
1994,"TRIMBLE",21223,18,16,0,0,2,0,0,0,0,0,18,16,0,2
1995,"TRIMBLE",21223,19,15,0,0,4,0,0,0,0,0,19,15,0,4
1996,"TRIMBLE",21223,35,33,0,0,2,0,0,0,0,0,35,33,0,2
1997,"TRIMBLE",21223,30,29,0,0,1,0,0,0,0,0,30,29,0,1
1998,"TRIMBLE",21223,36,31,0,0,5,0,0,0,0,0,36,31,0,5
1999,"TRIMBLE",21223,39,37,0,0,2,0,0,0,0,0,39,37,0,2
2000,"TRIMBLE",21223,45,40,0,0,5,0,0,0,0,0,45,40,0,5
2001,"TRIMBLE",21223,48,39,0,0,9,0,0,0,0,0,48,39,0,9
2002,"TRIMBLE",21223,60,45,0,0,15,0,0,0,0,0,60,45,0,15
2003,"TRIMBLE",21223,75,64,0,0,11,0,0,0,0,0,75,64,0,11
1990,"UNION",21225,62,60,1,0,1,5,4,1,0,0,57,56,0,1
1991,"UNION",21225,52,45,1,1,5,1,0,0,1,0,51,45,1,5
1992,"UNION",21225,95,86,2,0,7,6,3,2,0,1,89,83,0,6
1993,"UNION",21225,38,35,1,0,2,1,0,1,0,0,37,35,0,2
1994,"UNION",21225,55,51,0,0,4,1,1,0,0,0,54,50,0,4
1995,"UNION",21225,67,66,0,0,1,3,3,0,0,0,64,63,0,1
1996,"UNION",21225,102,97,1,0,4,3,2,1,0,0,99,95,0,4
1997,"UNION",21225,108,105,0,0,3,1,1,0,0,0,107,104,0,3
1998,"UNION",21225,95,89,0,0,6,0,0,0,0,0,95,89,0,6
1999,"UNION",21225,63,57,0,0,6,1,0,0,0,1,62,57,0,5
2000,"UNION",21225,66,60,0,0,6,2,1,0,0,1,64,59,0,5
2001,"UNION",21225,112,105,0,0,7,0,0,0,0,0,112,105,0,7
2002,"UNION",21225,113,103,0,0,10,0,0,0,0,0,113,103,0,10
2003,"UNION",21225,117,109,0,0,8,1,1,0,0,0,116,108,0,8
1990,"WARREN",21227,406,372,7,0,27,26,17,6,0,3,380,355,1,24
1991,"WARREN",21227,441,406,8,1,26,20,11,8,1,0,421,395,0,26
1992,"WARREN",21227,319,297,2,1,19,18,14,2,1,1,301,283,0,18
1993,"WARREN",21227,307,278,1,0,28,11,9,1,0,1,296,269,0,27
1994,"WARREN",21227,291,261,1,0,29,7,5,1,0,1,284,256,0,28
1995,"WARREN",21227,350,306,6,0,38,16,7,6,0,3,334,299,0,35
1996,"WARREN",21227,441,400,5,0,36,14,7,5,0,2,427,393,0,34
1997,"WARREN",21227,558,502,2,2,52,10,6,2,2,0,548,496,0,52
1998,"WARREN",21227,541,513,1,0,27,5,4,1,0,0,536,509,0,27
1999,"WARREN",21227,515,468,5,2,40,11,3,5,2,1,504,465,0,39
2000,"WARREN",21227,524,465,8,0,51,11,3,8,0,0,513,462,0,51
2001,"WARREN",21227,670,606,9,0,55,11,2,9,0,0,659,604,0,55
2002,"WARREN",21227,677,612,2,3,60,6,2,1,3,0,671,610,1,60
2003,"WARREN",21227,790,718,8,0,64,9,4,5,0,0,781,714,3,64
1990,"WASHINGTON",21229,17,15,0,0,2,3,3,0,0,0,14,12,0,2
1991,"WASHINGTON",21229,15,13,0,0,2,0,0,0,0,0,15,13,0,2
1992,"WASHINGTON",21229,10,9,0,0,1,0,0,0,0,0,10,9,0,1
1993,"WASHINGTON",21229,16,13,0,0,3,1,1,0,0,0,15,12,0,3
1994,"WASHINGTON",21229,14,10,1,0,3,1,0,1,0,0,13,10,0,3
1995,"WASHINGTON",21229,12,10,0,0,2,0,0,0,0,0,12,10,0,2
1996,"WASHINGTON",21229,29,27,0,0,2,0,0,0,0,0,29,27,0,2
1997,"WASHINGTON",21229,34,31,0,0,3,1,1,0,0,0,33,30,0,3
1998,"WASHINGTON",21229,32,26,0,0,6,0,0,0,0,0,32,26,0,6
1999,"WASHINGTON",21229,26,24,0,0,2,0,0,0,0,0,26,24,0,2
2000,"WASHINGTON",21229,29,25,0,0,4,0,0,0,0,0,29,25,0,4
2001,"WASHINGTON",21229,50,46,0,0,4,0,0,0,0,0,50,46,0,4
2002,"WASHINGTON",21229,48,40,0,0,8,0,0,0,0,0,48,40,0,8
2003,"WASHINGTON",21229,32,26,0,0,6,0,0,0,0,0,32,26,0,6
1990,"WAYNE",21231,41,40,0,0,1,11,10,0,0,1,30,30,0,0
1991,"WAYNE",21231,29,28,1,0,0,6,5,1,0,0,23,23,0,0
1992,"WAYNE",21231,28,26,1,1,0,5,3,1,1,0,23,23,0,0
1993,"WAYNE",21231,21,21,0,0,0,6,6,0,0,0,15,15,0,0
1994,"WAYNE",21231,26,24,0,0,2,4,3,0,0,1,22,21,0,1
1995,"WAYNE",21231,31,29,1,1,0,3,1,1,1,0,28,28,0,0
1996,"WAYNE",21231,54,53,0,0,1,3,2,0,0,1,51,51,0,0
1997,"WAYNE",21231,65,64,0,0,1,1,1,0,0,0,64,63,0,1
1998,"WAYNE",21231,79,78,0,0,1,1,1,0,0,0,78,77,0,1
1999,"WAYNE",21231,83,75,0,1,7,2,0,0,1,1,81,75,0,6
2000,"WAYNE",21231,81,79,0,1,1,4,3,0,1,0,77,76,0,1
2001,"WAYNE",21231,67,65,0,0,2,0,0,0,0,0,67,65,0,2
2002,"WAYNE",21231,85,82,0,0,3,0,0,0,0,0,85,82,0,3
2003,"WAYNE",21231,74,72,0,0,2,1,1,0,0,0,73,71,0,2
1990,"WEBSTER",21233,46,45,0,0,1,0,0,0,0,0,46,45,0,1
1991,"WEBSTER",21233,48,47,0,0,1,2,2,0,0,0,46,45,0,1
1992,"WEBSTER",21233,61,60,1,0,0,4,3,1,0,0,57,57,0,0
1993,"WEBSTER",21233,47,44,0,0,3,2,2,0,0,0,45,42,0,3
1994,"WEBSTER",21233,57,49,1,0,7,3,2,1,0,0,54,47,0,7
1995,"WEBSTER",21233,69,64,0,0,5,1,0,0,0,1,68,64,0,4
1996,"WEBSTER",21233,73,67,0,0,6,2,2,0,0,0,71,65,0,6
1997,"WEBSTER",21233,102,96,0,0,6,0,0,0,0,0,102,96,0,6
1998,"WEBSTER",21233,74,65,0,0,9,0,0,0,0,0,74,65,0,9
1999,"WEBSTER",21233,78,67,0,0,11,0,0,0,0,0,78,67,0,11
2000,"WEBSTER",21233,76,70,0,0,6,0,0,0,0,0,76,70,0,6
2001,"WEBSTER",21233,111,99,0,1,11,2,1,0,1,0,109,98,0,11
2002,"WEBSTER",21233,119,107,1,0,11,3,2,1,0,0,116,105,0,11
2003,"WEBSTER",21233,127,120,0,0,7,2,2,0,0,0,125,118,0,7
1990,"WHITLEY",21235,130,121,3,0,6,34,28,3,0,3,96,93,0,3
1991,"WHITLEY",21235,109,101,2,1,5,14,11,2,1,0,95,90,0,5
1992,"WHITLEY",21235,102,94,1,0,7,12,10,1,0,1,90,84,0,6
1993,"WHITLEY",21235,58,54,0,0,4,3,2,0,0,1,55,52,0,3
1994,"WHITLEY",21235,44,42,0,0,2,1,0,0,0,1,43,42,0,1
1995,"WHITLEY",21235,86,81,0,0,5,6,3,0,0,3,80,78,0,2
1996,"WHITLEY",21235,116,112,0,0,4,3,3,0,0,0,113,109,0,4
1997,"WHITLEY",21235,164,158,0,0,6,10,10,0,0,0,154,148,0,6
1998,"WHITLEY",21235,157,153,0,0,4,3,1,0,0,2,154,152,0,2
1999,"WHITLEY",21235,156,148,0,0,8,0,0,0,0,0,156,148,0,8
2000,"WHITLEY",21235,172,162,1,0,9,5,3,1,0,1,167,159,0,8
2001,"WHITLEY",21235,208,201,0,0,7,3,3,0,0,0,205,198,0,7
2002,"WHITLEY",21235,175,167,2,0,6,2,0,2,0,0,173,167,0,6
2003,"WHITLEY",21235,249,236,2,0,11,3,1,2,0,0,246,235,0,11
1990,"WOLFE",21237,14,11,0,0,3,1,1,0,0,0,13,10,0,3
1991,"WOLFE",21237,5,4,0,0,1,0,0,0,0,0,5,4,0,1
1992,"WOLFE",21237,11,10,0,0,1,0,0,0,0,0,11,10,0,1
1993,"WOLFE",21237,10,3,1,0,6,1,0,1,0,0,9,3,0,6
1994,"WOLFE",21237,13,12,0,0,1,0,0,0,0,0,13,12,0,1
1995,"WOLFE",21237,22,16,0,0,6,0,0,0,0,0,22,16,0,6
1996,"WOLFE",21237,31,24,1,0,6,4,3,1,0,0,27,21,0,6
1997,"WOLFE",21237,35,30,0,0,5,0,0,0,0,0,35,30,0,5
1998,"WOLFE",21237,36,29,0,0,7,0,0,0,0,0,36,29,0,7
1999,"WOLFE",21237,29,26,0,0,3,0,0,0,0,0,29,26,0,3
2000,"WOLFE",21237,42,35,0,0,7,0,0,0,0,0,42,35,0,7
2001,"WOLFE",21237,34,30,0,0,4,1,0,0,0,1,33,30,0,3
2002,"WOLFE",21237,31,25,0,0,6,0,0,0,0,0,31,25,0,6
2003,"WOLFE",21237,48,45,0,0,3,0,0,0,0,0,48,45,0,3
1990,"WOODFORD",21239,101,73,1,0,27,13,11,1,0,1,88,62,0,26
1991,"WOODFORD",21239,102,91,1,0,10,7,6,1,0,0,95,85,0,10
1992,"WOODFORD",21239,80,65,0,2,13,5,2,0,2,1,75,63,0,12
1993,"WOODFORD",21239,91,73,0,0,18,7,6,0,0,1,84,67,0,17
1994,"WOODFORD",21239,66,54,2,1,9,6,3,2,1,0,60,51,0,9
1995,"WOODFORD",21239,74,66,0,0,8,1,0,0,0,1,73,66,0,7
1996,"WOODFORD",21239,105,88,1,0,16,2,2,0,0,0,103,86,1,16
1997,"WOODFORD",21239,105,93,1,0,11,3,2,1,0,0,102,91,0,11
1998,"WOODFORD",21239,80,70,0,0,10,1,1,0,0,0,79,69,0,10
1999,"WOODFORD",21239,66,56,0,0,10,0,0,0,0,0,66,56,0,10
2000,"WOODFORD",21239,82,76,0,0,6,5,3,0,0,2,77,73,0,4
2001,"WOODFORD",21239,123,112,1,0,10,1,0,1,0,0,122,112,0,10
2002,"WOODFORD",21239,117,108,1,0,8,3,2,1,0,0,114,106,0,8
2003,"WOODFORD",21239,140,123,1,0,16,3,2,1,0,0,137,121,0,16
1990,"ACADIA",22001,94,83,1,3,7,13,9,1,3,0,81,74,0,7
1991,"ACADIA",22001,105,92,1,2,10,9,6,1,2,0,96,86,0,10
1992,"ACADIA",22001,109,84,0,3,22,13,7,0,3,3,96,77,0,19
1993,"ACADIA",22001,97,76,2,1,18,10,4,2,1,3,87,72,0,15
1994,"ACADIA",22001,87,58,1,2,26,6,3,1,2,0,81,55,0,26
1995,"ACADIA",22001,109,84,1,0,24,6,5,1,0,0,103,79,0,24
1996,"ACADIA",22001,202,152,2,0,48,4,2,2,0,0,198,150,0,48
1997,"ACADIA",22001,212,167,1,0,44,3,2,1,0,0,209,165,0,44
1998,"ACADIA",22001,226,170,1,0,55,2,1,1,0,0,224,169,0,55
1999,"ACADIA",22001,234,201,0,0,33,8,8,0,0,0,226,193,0,33
2000,"ACADIA",22001,250,195,2,1,52,5,2,2,1,0,245,193,0,52
2001,"ACADIA",22001,262,210,4,0,48,11,7,4,0,0,251,203,0,48
2002,"ACADIA",22001,269,224,0,0,45,2,2,0,0,0,267,222,0,45
2003,"ACADIA",22001,283,231,4,0,48,5,2,3,0,0,278,229,1,48
1990,"ALLEN",22003,50,39,1,3,7,10,4,1,3,2,40,35,0,5
1991,"ALLEN",22003,61,45,1,2,13,8,5,1,2,0,53,40,0,13
1992,"ALLEN",22003,50,42,0,0,8,7,5,0,0,2,43,37,0,6
1993,"ALLEN",22003,51,35,0,1,15,7,5,0,1,1,44,30,0,14
1994,"ALLEN",22003,56,36,0,0,20,3,2,0,0,1,53,34,0,19
1995,"ALLEN",22003,61,39,0,2,20,4,2,0,2,0,57,37,0,20
1996,"ALLEN",22003,84,52,1,0,31,2,0,1,0,1,82,52,0,30
1997,"ALLEN",22003,109,51,0,0,58,2,1,0,0,1,107,50,0,57
1998,"ALLEN",22003,97,67,0,0,30,0,0,0,0,0,97,67,0,30
1999,"ALLEN",22003,112,82,0,0,30,1,1,0,0,0,111,81,0,30
2000,"ALLEN",22003,97,74,0,0,23,1,1,0,0,0,96,73,0,23
2001,"ALLEN",22003,111,90,1,0,20,4,1,1,0,2,107,89,0,18
2002,"ALLEN",22003,124,91,0,1,32,2,1,0,1,0,122,90,0,32
2003,"ALLEN",22003,157,119,0,1,37,3,2,0,1,0,154,117,0,37
1990,"ASCENSION",22005,117,94,3,0,20,6,3,3,0,0,111,91,0,20
1991,"ASCENSION",22005,123,103,0,0,20,6,6,0,0,0,117,97,0,20
1992,"ASCENSION",22005,125,101,1,0,23,3,2,1,0,0,122,99,0,23
1993,"ASCENSION",22005,90,69,2,0,19,5,3,2,0,0,85,66,0,19
1994,"ASCENSION",22005,114,89,2,0,23,4,1,2,0,1,110,88,0,22
1995,"ASCENSION",22005,122,94,1,0,27,5,2,1,0,2,117,92,0,25
1996,"ASCENSION",22005,217,157,4,0,56,6,2,4,0,0,211,155,0,56
1997,"ASCENSION",22005,229,175,0,0,54,2,2,0,0,0,227,173,0,54
1998,"ASCENSION",22005,257,196,2,0,59,2,0,2,0,0,255,196,0,59
1999,"ASCENSION",22005,247,181,3,0,63,7,4,3,0,0,240,177,0,63
2000,"ASCENSION",22005,311,251,0,0,60,3,3,0,0,0,308,248,0,60
2001,"ASCENSION",22005,359,262,2,0,95,1,0,1,0,0,358,262,1,95
2002,"ASCENSION",22005,362,286,3,0,73,3,0,3,0,0,359,286,0,73
2003,"ASCENSION",22005,448,348,1,0,99,4,3,1,0,0,444,345,0,99
1990,"ASSUMPTION",22007,15,12,0,0,3,1,1,0,0,0,14,11,0,3
1991,"ASSUMPTION",22007,13,10,0,0,3,0,0,0,0,0,13,10,0,3
1992,"ASSUMPTION",22007,15,10,0,0,5,0,0,0,0,0,15,10,0,5
1993,"ASSUMPTION",22007,26,12,0,0,14,0,0,0,0,0,26,12,0,14
1994,"ASSUMPTION",22007,15,8,0,0,7,0,0,0,0,0,15,8,0,7
1995,"ASSUMPTION",22007,19,10,0,0,9,0,0,0,0,0,19,10,0,9
1996,"ASSUMPTION",22007,28,19,0,0,9,0,0,0,0,0,28,19,0,9
1997,"ASSUMPTION",22007,35,23,2,0,10,2,0,2,0,0,33,23,0,10
1998,"ASSUMPTION",22007,35,22,0,0,13,0,0,0,0,0,35,22,0,13
1999,"ASSUMPTION",22007,48,31,0,0,17,1,1,0,0,0,47,30,0,17
2000,"ASSUMPTION",22007,53,33,0,0,20,2,2,0,0,0,51,31,0,20
2001,"ASSUMPTION",22007,78,62,0,0,16,0,0,0,0,0,78,62,0,16
2002,"ASSUMPTION",22007,84,62,0,0,22,0,0,0,0,0,84,62,0,22
2003,"ASSUMPTION",22007,95,73,0,0,22,0,0,0,0,0,95,73,0,22
1990,"AVOYELLES",22009,65,49,2,0,14,11,7,2,0,2,54,42,0,12
1991,"AVOYELLES",22009,76,58,0,3,15,13,7,0,3,3,63,51,0,12
1992,"AVOYELLES",22009,70,38,2,3,27,7,2,2,3,0,63,36,0,27
1993,"AVOYELLES",22009,103,52,0,3,48,12,8,0,3,1,91,44,0,47
1994,"AVOYELLES",22009,105,46,0,0,59,2,1,0,0,1,103,45,0,58
1995,"AVOYELLES",22009,110,54,0,1,55,9,5,0,1,3,101,49,0,52
1996,"AVOYELLES",22009,159,79,1,0,79,9,4,1,0,4,150,75,0,75
1997,"AVOYELLES",22009,160,76,1,2,81,9,4,1,2,2,151,72,0,79
1998,"AVOYELLES",22009,187,89,3,1,94,14,5,3,1,5,173,84,0,89
1999,"AVOYELLES",22009,179,81,0,1,97,11,6,0,1,4,168,75,0,93
2000,"AVOYELLES",22009,260,141,1,0,118,20,10,1,0,9,240,131,0,109
2001,"AVOYELLES",22009,277,173,0,0,104,17,11,0,0,6,260,162,0,98
2002,"AVOYELLES",22009,234,157,1,0,76,20,15,1,0,4,214,142,0,72
2003,"AVOYELLES",22009,277,181,1,0,95,5,3,1,0,1,272,178,0,94
1990,"BEAUREGARD",22011,63,54,0,0,9,6,6,0,0,0,57,48,0,9
1991,"BEAUREGARD",22011,67,55,0,0,12,7,5,0,0,2,60,50,0,10
1992,"BEAUREGARD",22011,67,49,2,0,16,3,1,2,0,0,64,48,0,16
1993,"BEAUREGARD",22011,64,43,1,0,20,7,3,1,0,3,57,40,0,17
1994,"BEAUREGARD",22011,50,31,1,0,18,5,3,1,0,1,45,28,0,17
1995,"BEAUREGARD",22011,90,51,0,0,39,0,0,0,0,0,90,51,0,39
1996,"BEAUREGARD",22011,130,79,0,0,51,4,2,0,0,2,126,77,0,49
1997,"BEAUREGARD",22011,179,107,0,0,72,1,1,0,0,0,178,106,0,72
1998,"BEAUREGARD",22011,169,99,1,0,69,2,1,1,0,0,167,98,0,69
1999,"BEAUREGARD",22011,173,120,0,0,53,5,3,0,0,2,168,117,0,51
2000,"BEAUREGARD",22011,156,109,0,0,47,4,4,0,0,0,152,105,0,47
2001,"BEAUREGARD",22011,167,133,0,0,34,0,0,0,0,0,167,133,0,34
2002,"BEAUREGARD",22011,159,126,0,0,33,1,1,0,0,0,158,125,0,33
2003,"BEAUREGARD",22011,181,134,0,0,47,3,2,0,0,1,178,132,0,46
1990,"BIENVILLE",22013,71,26,0,0,45,6,6,0,0,0,65,20,0,45
1991,"BIENVILLE",22013,57,21,1,0,35,3,2,1,0,0,54,19,0,35
1992,"BIENVILLE",22013,71,20,0,0,51,3,2,0,0,1,68,18,0,50
1993,"BIENVILLE",22013,44,11,0,0,33,1,1,0,0,0,43,10,0,33
1994,"BIENVILLE",22013,61,15,0,1,45,2,1,0,1,0,59,14,0,45
1995,"BIENVILLE",22013,66,5,0,0,61,3,1,0,0,2,63,4,0,59
1996,"BIENVILLE",22013,101,29,0,0,72,3,3,0,0,0,98,26,0,72
1997,"BIENVILLE",22013,104,19,0,0,85,6,1,0,0,5,98,18,0,80
1998,"BIENVILLE",22013,104,33,0,0,71,2,2,0,0,0,102,31,0,71
1999,"BIENVILLE",22013,88,23,0,0,65,3,3,0,0,0,85,20,0,65
2000,"BIENVILLE",22013,98,31,1,0,66,7,3,1,0,3,91,28,0,63
2001,"BIENVILLE",22013,88,30,0,0,58,5,0,0,0,5,83,30,0,53
2002,"BIENVILLE",22013,105,31,0,0,74,3,1,0,0,2,102,30,0,72
2003,"BIENVILLE",22013,129,44,0,1,84,6,4,0,1,1,123,40,0,83
1990,"BOSSIER",22015,425,256,4,1,164,42,28,4,1,9,383,228,0,155
1991,"BOSSIER",22015,389,213,5,0,171,25,16,5,0,4,364,197,0,167
1992,"BOSSIER",22015,476,216,4,2,254,25,16,4,2,3,451,200,0,251
1993,"BOSSIER",22015,432,182,1,0,249,20,11,1,0,8,412,171,0,241
1994,"BOSSIER",22015,379,191,1,2,185,21,12,1,2,6,358,179,0,179
1995,"BOSSIER",22015,482,180,3,0,299,18,10,3,0,5,464,170,0,294
1996,"BOSSIER",22015,712,252,0,0,460,16,7,0,0,9,696,245,0,451
1997,"BOSSIER",22015,808,278,2,0,528,21,8,2,0,11,787,270,0,517
1998,"BOSSIER",22015,830,287,0,0,543,21,11,0,0,10,809,276,0,533
1999,"BOSSIER",22015,788,289,2,0,497,12,6,1,0,5,776,283,1,492
2000,"BOSSIER",22015,732,295,2,0,435,14,11,2,0,1,718,284,0,434
2001,"BOSSIER",22015,891,423,1,0,467,26,20,1,0,5,865,403,0,462
2002,"BOSSIER",22015,907,396,1,0,510,19,11,1,0,7,888,385,0,503
2003,"BOSSIER",22015,990,449,1,0,540,21,12,1,0,8,969,437,0,532
1990,"CADDO",22017,1108,581,24,1,502,137,87,24,1,25,971,494,0,477
1991,"CADDO",22017,1162,591,28,1,542,97,54,27,1,15,1065,537,1,527
1992,"CADDO",22017,1538,633,22,6,877,98,45,22,6,25,1440,588,0,852
1993,"CADDO",22017,1210,478,19,0,713,72,40,18,0,14,1138,438,1,699
1994,"CADDO",22017,1151,486,10,0,655,49,33,9,0,7,1102,453,1,648
1995,"CADDO",22017,1446,554,8,0,884,47,20,8,0,19,1399,534,0,865
1996,"CADDO",22017,2119,645,15,0,1459,55,26,15,0,14,2064,619,0,1445
1997,"CADDO",22017,2388,750,6,0,1632,45,20,6,0,19,2343,730,0,1613
1998,"CADDO",22017,2350,739,3,0,1608,49,27,3,0,19,2301,712,0,1589
1999,"CADDO",22017,2094,663,10,0,1421,53,26,10,0,17,2041,637,0,1404
2000,"CADDO",22017,1989,710,3,0,1276,38,17,3,0,18,1951,693,0,1258
2001,"CADDO",22017,2259,841,8,1,1409,77,47,8,1,21,2182,794,0,1388
2002,"CADDO",22017,2333,874,3,0,1456,80,45,3,0,32,2253,829,0,1424
2003,"CADDO",22017,2758,1055,10,0,1693,94,47,10,0,37,2664,1008,0,1656
1990,"CALCASIEU",22019,545,443,15,4,83,82,57,15,4,6,463,386,0,77
1991,"CALCASIEU",22019,533,422,8,1,102,56,39,8,1,8,477,383,0,94
1992,"CALCASIEU",22019,558,399,9,10,140,57,30,9,10,8,501,369,0,132
1993,"CALCASIEU",22019,564,359,4,2,199,34,21,2,2,9,530,338,2,190
1994,"CALCASIEU",22019,539,333,2,1,203,48,30,2,1,15,491,303,0,188
1995,"CALCASIEU",22019,616,379,6,1,230,35,22,6,1,6,581,357,0,224
1996,"CALCASIEU",22019,868,478,3,1,386,27,17,3,1,6,841,461,0,380
1997,"CALCASIEU",22019,1081,627,6,2,446,23,13,6,2,2,1058,614,0,444
1998,"CALCASIEU",22019,1115,690,1,2,422,17,12,1,2,2,1098,678,0,420
1999,"CALCASIEU",22019,1032,670,0,0,362,18,16,0,0,2,1014,654,0,360
2000,"CALCASIEU",22019,1139,801,12,1,325,30,12,12,1,5,1109,789,0,320
2001,"CALCASIEU",22019,1232,943,3,0,286,12,8,2,0,2,1220,935,1,284
2002,"CALCASIEU",22019,1152,911,4,0,237,20,17,2,0,1,1132,894,2,236
2003,"CALCASIEU",22019,1195,938,3,2,252,11,7,2,2,0,1184,931,1,252
1990,"CALDWELL",22021,51,33,2,1,15,10,5,2,1,2,41,28,0,13
1991,"CALDWELL",22021,53,20,0,2,31,9,3,0,2,4,44,17,0,27
1992,"CALDWELL",22021,51,20,0,2,29,2,0,0,2,0,49,20,0,29
1993,"CALDWELL",22021,45,19,0,4,22,6,1,0,4,1,39,18,0,21
1994,"CALDWELL",22021,42,20,0,1,21,1,0,0,1,0,41,20,0,21
1995,"CALDWELL",22021,52,15,0,1,36,1,0,0,1,0,51,15,0,36
1996,"CALDWELL",22021,86,37,0,1,48,5,4,0,1,0,81,33,0,48
1997,"CALDWELL",22021,133,42,0,1,90,12,7,0,1,4,121,35,0,86
1998,"CALDWELL",22021,110,32,0,0,78,8,5,0,0,3,102,27,0,75
1999,"CALDWELL",22021,94,32,1,0,61,4,2,1,0,1,90,30,0,60
2000,"CALDWELL",22021,75,34,2,0,39,6,2,2,0,2,69,32,0,37
2001,"CALDWELL",22021,89,38,1,0,50,9,5,1,0,3,80,33,0,47
2002,"CALDWELL",22021,105,53,1,0,51,4,1,1,0,2,101,52,0,49
2003,"CALDWELL",22021,103,41,0,0,62,0,0,0,0,0,103,41,0,62
1990,"CAMERON",22023,27,19,0,0,8,3,2,0,0,1,24,17,0,7
1991,"CAMERON",22023,28,22,2,0,4,5,3,2,0,0,23,19,0,4
1992,"CAMERON",22023,13,8,1,0,4,3,0,1,0,2,10,8,0,2
1993,"CAMERON",22023,14,9,0,0,5,2,2,0,0,0,12,7,0,5
1994,"CAMERON",22023,14,12,0,0,2,1,1,0,0,0,13,11,0,2
1995,"CAMERON",22023,8,3,0,0,5,1,1,0,0,0,7,2,0,5
1996,"CAMERON",22023,17,11,0,0,6,2,2,0,0,0,15,9,0,6
1997,"CAMERON",22023,11,7,0,0,4,1,0,0,0,1,10,7,0,3
1998,"CAMERON",22023,23,19,0,0,4,0,0,0,0,0,23,19,0,4
1999,"CAMERON",22023,22,16,0,0,6,1,0,0,0,0,22,16,0,6
2000,"CAMERON",22023,44,34,0,0,10,1,1,0,0,0,43,33,0,10
2001,"CAMERON",22023,21,16,0,0,5,0,0,0,0,0,21,16,0,5
2002,"CAMERON",22023,31,28,0,0,3,1,1,0,0,0,30,27,0,3
2003,"CAMERON",22023,41,31,0,0,10,0,0,0,0,0,41,31,0,10
1990,"CATAHOULA",22025,23,15,0,2,6,11,6,0,2,3,12,9,0,3
1991,"CATAHOULA",22025,31,13,1,5,12,9,1,1,5,2,22,12,0,10
1992,"CATAHOULA",22025,24,11,0,5,8,7,1,0,5,1,17,10,0,7
1993,"CATAHOULA",22025,29,14,1,0,14,4,3,1,0,0,25,11,0,14
1994,"CATAHOULA",22025,31,9,0,2,20,3,0,0,2,1,28,9,0,19
1995,"CATAHOULA",22025,41,12,1,1,27,6,0,1,1,4,35,12,0,23
1996,"CATAHOULA",22025,49,17,1,1,30,5,3,1,1,0,44,14,0,30
1997,"CATAHOULA",22025,53,22,0,1,30,3,1,0,1,1,50,21,0,29
1998,"CATAHOULA",22025,43,16,0,1,26,5,3,0,1,1,38,13,0,25
1999,"CATAHOULA",22025,67,34,0,1,32,8,6,0,1,1,59,28,0,31
2000,"CATAHOULA",22025,62,31,0,0,31,3,1,0,0,2,59,30,0,29
2001,"CATAHOULA",22025,46,21,0,0,25,8,4,0,0,4,38,17,0,21
2002,"CATAHOULA",22025,80,38,0,0,42,3,3,0,0,0,77,35,0,42
2003,"CATAHOULA",22025,83,51,0,3,29,7,2,0,3,2,76,49,0,27
1990,"CLAIBORNE",22027,47,15,0,0,32,3,2,0,0,1,44,13,0,31
1991,"CLAIBORNE",22027,51,25,0,0,26,7,6,0,0,1,44,19,0,25
1992,"CLAIBORNE",22027,32,11,0,0,21,1,0,0,0,1,31,11,0,20
1993,"CLAIBORNE",22027,23,9,0,0,14,2,2,0,0,0,21,7,0,14
1994,"CLAIBORNE",22027,32,9,0,0,23,2,1,0,0,1,30,8,0,22
1995,"CLAIBORNE",22027,49,15,1,0,33,2,1,1,0,0,47,14,0,33
1996,"CLAIBORNE",22027,85,25,0,0,60,2,0,0,0,2,83,25,0,58
1997,"CLAIBORNE",22027,79,28,1,0,50,4,1,1,0,2,75,27,0,48
1998,"CLAIBORNE",22027,80,24,0,0,56,3,2,0,0,1,77,22,0,55
1999,"CLAIBORNE",22027,93,25,0,0,68,3,0,0,0,3,90,25,0,65
2000,"CLAIBORNE",22027,99,25,0,0,74,1,0,0,0,1,98,25,0,73
2001,"CLAIBORNE",22027,90,36,0,0,54,1,1,0,0,0,89,35,0,54
2002,"CLAIBORNE",22027,123,50,0,0,73,3,1,0,0,2,120,49,0,71
2003,"CLAIBORNE",22027,132,42,1,0,89,6,2,1,0,3,126,40,0,86
1990,"CONCORDIA",22029,35,27,1,5,2,17,9,1,5,2,18,18,0,0
1991,"CONCORDIA",22029,41,29,1,5,6,10,4,1,5,0,31,25,0,6
1992,"CONCORDIA",22029,29,18,0,2,9,4,0,0,2,2,25,18,0,7
1993,"CONCORDIA",22029,40,19,0,7,14,10,2,0,7,1,30,17,0,13
1994,"CONCORDIA",22029,36,20,0,2,14,4,1,0,2,1,32,19,0,13
1995,"CONCORDIA",22029,34,15,0,3,16,7,3,0,3,1,27,12,0,15
1996,"CONCORDIA",22029,45,25,0,1,19,7,5,0,1,1,38,20,0,18
1997,"CONCORDIA",22029,85,37,0,3,45,8,2,0,3,3,77,35,0,42
1998,"CONCORDIA",22029,103,62,0,0,41,11,10,0,0,1,92,52,0,40
1999,"CONCORDIA",22029,61,32,0,1,28,6,2,0,1,3,55,30,0,25
2000,"CONCORDIA",22029,71,45,1,0,25,9,6,1,0,2,62,39,0,23
2001,"CONCORDIA",22029,72,51,0,1,20,4,1,0,1,2,68,50,0,18
2002,"CONCORDIA",22029,79,47,2,0,30,6,4,2,0,0,73,43,0,30
2003,"CONCORDIA",22029,105,64,0,0,41,4,4,0,0,0,101,60,0,41
1990,"DE SOTO",22031,66,38,0,1,27,10,6,0,1,3,56,32,0,24
1991,"DE SOTO",22031,76,41,1,0,34,5,3,1,0,1,71,38,0,33
1992,"DE SOTO",22031,117,45,0,0,72,6,3,0,0,3,111,42,0,69
1993,"DE SOTO",22031,84,35,0,0,49,2,1,0,0,1,82,34,0,48
1994,"DE SOTO",22031,95,43,0,0,52,2,2,0,0,0,93,41,0,52
1995,"DE SOTO",22031,91,36,0,1,54,6,3,0,1,2,85,33,0,52
1996,"DE SOTO",22031,167,48,0,0,119,2,1,0,0,1,165,47,0,118
1997,"DE SOTO",22031,191,40,1,0,150,3,1,1,0,1,188,39,0,149
1998,"DE SOTO",22031,235,84,0,0,151,1,0,0,0,1,234,84,0,150
1999,"DE SOTO",22031,212,56,1,0,155,3,1,1,0,1,209,55,0,154
2000,"DE SOTO",22031,209,72,1,0,136,3,1,1,0,1,206,71,0,135
2001,"DE SOTO",22031,207,73,0,0,134,3,2,0,0,1,204,71,0,133
2002,"DE SOTO",22031,239,83,0,0,156,8,3,0,0,5,231,80,0,151
2003,"DE SOTO",22031,259,92,0,2,165,10,3,0,2,5,249,89,0,160
1990,"EAST BATON ROUGE",22033,1110,819,29,0,262,84,51,28,0,5,1026,768,1,257
1991,"EAST BATON ROU",22033,1093,790,32,0,271,61,27,31,0,3,1032,763,1,268
1992,"EAST BATON ROU",22033,926,657,28,0,241,49,21,26,0,2,877,636,2,239
1993,"EAST BATON ROU",22033,934,605,19,0,310,39,18,19,0,2,895,587,0,308
1994,"EAST BATON ROU",22033,1031,715,14,0,302,36,18,13,0,5,995,697,1,297
1995,"EAST BATON ROU",22033,1156,726,21,0,408,42,19,20,0,2,1114,707,1,406
1996,"EAST BATON ROU",22033,1638,1005,19,0,614,40,18,18,0,4,1598,987,1,610
1997,"EAST BATON ROU",22033,1777,1122,16,0,639,39,19,16,0,4,1738,1103,0,635
1998,"EAST BATON ROU",22033,1855,1246,13,0,596,37,24,12,0,1,1818,1222,1,595
1999,"EAST BATON ROUGE",22033,1621,1063,20,0,538,28,7,20,0,1,1593,1056,0,537
2000,"EAST BATON ROU",22033,1719,1201,14,0,504,31,18,13,0,0,1688,1183,1,504
2001,"EAST BATON ROU",22033,2020,1365,19,0,636,34,16,18,0,0,1986,1349,1,636
2002,"EAST BATON ROU",22033,2246,1511,57,0,678,70,15,54,0,1,2176,1496,3,677
2003,"EAST BATON ROU",22033,2374,1646,14,0,714,21,11,9,0,1,2353,1635,5,713
1990,"EAST CARROLL",22035,15,10,0,3,2,7,4,0,3,0,8,6,0,2
1991,"EAST CARROLL",22035,14,7,1,2,4,5,2,1,2,0,9,5,0,4
1992,"EAST CARROLL",22035,22,12,0,4,6,5,0,0,4,1,17,12,0,5
1993,"EAST CARROLL",22035,15,13,0,1,1,5,4,0,1,0,10,9,0,1
1994,"EAST CARROLL",22035,26,13,0,4,9,5,0,0,4,1,21,13,0,8
1995,"EAST CARROLL",22035,19,7,2,0,10,4,2,2,0,0,15,5,0,10
1996,"EAST CARROLL",22035,41,13,0,3,25,4,1,0,3,0,37,12,0,25
1997,"EAST CARROLL",22035,30,16,0,2,12,3,1,0,2,0,27,15,0,12
1998,"EAST CARROLL",22035,41,18,0,2,21,9,6,0,2,1,32,12,0,20
1999,"EAST CARROLL",22035,32,17,0,0,15,1,1,0,0,0,31,16,0,15
2000,"EAST CARROLL",22035,37,20,0,0,17,5,4,0,0,1,32,16,0,16
2001,"EAST CARROLL",22035,27,13,0,0,14,0,0,0,0,0,27,13,0,14
2002,"EAST CARROLL",22035,37,23,0,3,11,3,0,0,3,0,34,23,0,11
2003,"EAST CARROLL",22035,45,19,0,2,24,2,0,0,2,0,43,19,0,24
1990,"EAST FELICIANA",22037,61,40,1,0,20,5,3,1,0,1,56,37,0,19
1991,"EAST FELICIANA",22037,59,36,0,0,23,1,1,0,0,0,58,35,0,23
1992,"EAST FELICIANA",22037,56,39,0,1,16,3,1,0,1,1,53,38,0,15
1993,"EAST FELICIANA",22037,44,24,0,0,20,0,0,0,0,0,44,24,0,20
1994,"EAST FELICIANA",22037,41,27,1,0,13,1,0,1,0,0,40,27,0,13
1995,"EAST FELICIANA",22037,66,43,0,0,23,1,1,0,0,0,65,42,0,23
1996,"EAST FELICIANA",22037,88,44,0,0,44,0,0,0,0,0,88,44,0,44
1997,"EAST FELICIANA",22037,128,85,0,0,43,0,0,0,0,0,128,85,0,43
1998,"EAST FELICIANA",22037,89,56,1,0,32,1,0,1,0,0,88,56,0,32
1999,"EAST FELICIANA",22037,97,64,0,0,33,1,1,0,0,0,96,63,0,33
2000,"EAST FELICIANA",22037,86,63,0,0,23,0,0,0,0,0,86,63,0,23
2001,"EAST FELICIANA",22037,104,86,0,0,18,0,0,0,0,0,104,86,0,18
2002,"EAST FELICIANA",22037,115,88,1,0,26,1,0,1,0,0,114,88,0,26
2003,"EAST FELICIANA",22037,119,80,0,0,39,0,0,0,0,0,119,80,0,39
1990,"EVANGELINE",22039,43,42,0,0,1,8,8,0,0,0,35,34,0,1
1991,"EVANGELINE",22039,66,59,0,1,6,6,5,0,1,0,60,54,0,6
1992,"EVANGELINE",22039,49,38,0,0,11,5,5,0,0,0,44,33,0,11
1993,"EVANGELINE",22039,75,57,1,1,16,8,5,1,1,1,67,52,0,15
1994,"EVANGELINE",22039,79,55,1,3,20,13,8,1,3,1,66,47,0,19
1995,"EVANGELINE",22039,97,70,0,1,26,7,6,0,1,0,90,64,0,26
1996,"EVANGELINE",22039,105,71,0,2,32,6,4,0,2,0,99,67,0,32
1997,"EVANGELINE",22039,131,92,0,0,39,4,4,0,0,0,127,88,0,39
1998,"EVANGELINE",22039,97,68,1,0,28,3,2,1,0,0,94,66,0,28
1999,"EVANGELINE",22039,116,92,0,0,24,0,0,0,0,0,116,92,0,24
2000,"EVANGELINE",22039,144,91,0,0,53,2,2,0,0,0,142,89,0,53
2001,"EVANGELINE",22039,143,104,1,0,38,3,1,1,0,1,140,103,0,37
2002,"EVANGELINE",22039,125,90,0,0,35,0,0,0,0,0,125,90,0,35
2003,"EVANGELINE",22039,152,116,1,2,33,2,0,0,2,0,150,116,1,33
1990,"FRANKLIN",22041,56,43,1,5,7,11,4,1,5,1,45,39,0,6
1991,"FRANKLIN",22041,63,38,1,12,12,21,5,1,12,3,42,33,0,9
1992,"FRANKLIN",22041,82,51,1,8,22,17,7,1,8,1,65,44,0,21
1993,"FRANKLIN",22041,65,44,2,3,16,9,2,2,3,2,56,42,0,14
1994,"FRANKLIN",22041,55,26,0,1,28,6,2,0,1,3,49,24,0,25
1995,"FRANKLIN",22041,84,42,0,0,42,5,5,0,0,0,79,37,0,42
1996,"FRANKLIN",22041,145,52,1,4,88,12,7,1,4,0,133,45,0,88
1997,"FRANKLIN",22041,158,64,1,3,90,13,7,1,3,2,145,57,0,88
1998,"FRANKLIN",22041,153,60,0,5,88,16,8,0,5,3,137,52,0,85
1999,"FRANKLIN",22041,117,55,0,0,62,13,10,0,0,3,104,45,0,59
2000,"FRANKLIN",22041,116,66,0,0,50,11,5,0,0,6,105,61,0,44
2001,"FRANKLIN",22041,113,52,1,0,60,13,8,1,0,4,100,44,0,56
2002,"FRANKLIN",22041,156,73,0,4,79,15,8,0,4,3,141,65,0,76
2003,"FRANKLIN",22041,167,89,0,2,76,7,2,0,2,3,160,87,0,73
1990,"GRANT",22043,51,33,5,1,12,14,6,5,1,2,37,27,0,10
1991,"GRANT",22043,56,36,1,0,19,7,4,1,0,2,49,32,0,17
1992,"GRANT",22043,74,39,1,0,34,4,3,1,0,0,70,36,0,34
1993,"GRANT",22043,60,27,0,0,33,5,5,0,0,0,55,22,0,33
1994,"GRANT",22043,47,24,0,0,23,3,2,0,0,1,44,22,0,22
1995,"GRANT",22043,62,25,0,0,37,3,2,0,0,1,59,23,0,36
1996,"GRANT",22043,101,39,0,0,62,10,5,0,0,5,91,34,0,57
1997,"GRANT",22043,110,44,0,0,66,8,1,0,0,7,102,43,0,59
1998,"GRANT",22043,119,52,1,0,66,11,2,1,0,8,108,50,0,58
1999,"GRANT",22043,103,48,1,0,54,9,5,1,0,3,94,43,0,51
2000,"GRANT",22043,102,55,1,0,46,11,6,1,0,4,91,49,0,42
2001,"GRANT",22043,134,82,0,0,52,7,3,0,0,4,127,79,0,48
2002,"GRANT",22043,120,65,0,0,55,7,4,0,0,3,113,61,0,52
2003,"GRANT",22043,145,79,0,0,66,1,0,0,0,1,144,79,0,65
1990,"IBERIA",22045,141,107,1,0,33,22,19,1,0,2,119,88,0,31
1991,"IBERIA",22045,159,98,3,1,57,23,15,3,1,4,136,83,0,53
1992,"IBERIA",22045,184,106,2,0,76,13,10,2,0,1,171,96,0,75
1993,"IBERIA",22045,159,78,2,0,79,5,3,2,0,0,154,75,0,79
1994,"IBERIA",22045,217,103,0,0,114,6,5,0,0,1,211,98,0,113
1995,"IBERIA",22045,277,109,2,0,166,14,8,2,0,4,263,101,0,162
1996,"IBERIA",22045,408,152,1,5,250,13,7,1,5,0,395,145,0,250
1997,"IBERIA",22045,438,165,1,2,270,7,5,0,2,0,431,160,1,270
1998,"IBERIA",22045,450,161,2,0,287,5,3,2,0,0,445,158,0,287
1999,"IBERIA",22045,460,180,4,0,276,6,1,4,0,1,454,179,0,275
2000,"IBERIA",22045,416,207,1,0,208,8,6,1,0,1,408,201,0,207
2001,"IBERIA",22045,431,222,3,0,206,7,4,2,0,1,424,218,1,205
2002,"IBERIA",22045,456,261,1,0,194,4,2,1,0,1,452,259,0,193
2003,"IBERIA",22045,464,253,0,0,211,0,0,0,0,0,464,253,0,211
1990,"IBERVILLE",22047,49,33,1,2,13,4,1,1,2,0,45,32,0,13
1991,"IBERVILLE",22047,62,48,2,0,12,3,1,2,0,0,59,47,0,12
1992,"IBERVILLE",22047,58,41,0,0,17,3,2,0,0,1,55,39,0,16
1993,"IBERVILLE",22047,61,39,0,2,20,5,3,0,2,0,56,36,0,20
1994,"IBERVILLE",22047,47,29,0,1,17,1,0,0,1,0,46,29,0,17
1995,"IBERVILLE",22047,63,45,0,0,18,1,1,0,0,0,62,44,0,18
1996,"IBERVILLE",22047,119,77,1,0,41,2,1,1,0,0,117,76,0,41
1997,"IBERVILLE",22047,112,78,0,0,34,0,0,0,0,0,112,78,0,34
1998,"IBERVILLE",22047,118,89,4,0,25,4,0,3,0,1,114,89,1,24
1999,"IBERVILLE",22047,126,80,0,0,46,0,0,0,0,0,126,80,0,46
2000,"IBERVILLE",22047,125,83,0,1,41,2,1,0,1,0,123,82,0,41
2001,"IBERVILLE",22047,135,95,0,0,40,0,0,0,0,0,135,95,0,40
2002,"IBERVILLE",22047,151,99,1,0,51,3,2,1,0,0,148,97,0,51
2003,"IBERVILLE",22047,173,120,0,0,53,0,0,0,0,0,173,120,0,53
1990,"JACKSON",22049,124,35,2,0,87,16,5,2,0,9,108,30,0,78
1991,"JACKSON",22049,130,36,0,0,94,7,3,0,0,4,123,33,0,90
1992,"JACKSON",22049,131,42,4,0,85,7,1,4,0,2,124,41,0,83
1993,"JACKSON",22049,91,23,0,0,68,4,1,0,0,3,87,22,0,65
1994,"JACKSON",22049,99,17,0,0,82,2,0,0,0,2,97,17,0,80
1995,"JACKSON",22049,93,17,0,0,76,2,0,0,0,2,91,17,0,74
1996,"JACKSON",22049,144,25,0,0,119,9,6,0,0,3,135,19,0,116
1997,"JACKSON",22049,137,45,0,0,92,3,3,0,0,0,134,42,0,92
1998,"JACKSON",22049,103,46,0,0,57,3,3,0,0,0,100,43,0,57
1999,"JACKSON",22049,110,56,0,0,54,1,1,0,0,0,109,55,0,54
2000,"JACKSON",22049,115,52,0,0,63,4,3,0,0,1,111,49,0,62
2001,"JACKSON",22049,132,65,0,0,67,13,10,0,0,3,119,55,0,64
2002,"JACKSON",22049,135,56,0,0,79,6,5,0,0,1,129,51,0,78
2003,"JACKSON",22049,132,53,1,0,78,6,1,1,0,4,126,52,0,74
1990,"JEFFERSON",22051,1569,1200,77,0,292,100,32,68,0,0,1469,1168,9,292
1991,"JEFFERSON",22051,1816,1307,48,0,461,96,57,39,0,0,1720,1250,9,461
1992,"JEFFERSON",22051,1819,1244,40,0,535,64,42,22,0,0,1755,1202,18,535
1993,"JEFFERSON",22051,1559,1055,32,0,472,61,34,27,0,0,1498,1021,5,472
1994,"JEFFERSON",22051,1448,928,23,0,497,46,28,18,0,0,1402,900,5,497
1995,"JEFFERSON",22051,1519,975,13,0,531,28,16,12,0,0,1491,959,1,531
1996,"JEFFERSON",22051,1979,1299,28,0,652,45,23,21,0,1,1934,1276,7,651
1997,"JEFFERSON",22051,2185,1533,15,0,637,41,27,14,0,0,2144,1506,1,637
1998,"JEFFERSON",22051,2066,1453,13,0,600,33,22,11,0,0,2033,1431,2,600
1999,"JEFFERSON",22051,2070,1370,12,0,688,25,14,11,0,0,2045,1356,1,688
2000,"JEFFERSON",22051,2268,1487,9,0,772,24,18,6,0,0,2244,1469,3,772
2001,"JEFFERSON",22051,2854,2000,21,0,833,49,27,21,0,1,2805,1973,0,832
2002,"JEFFERSON",22051,2662,1835,13,0,814,49,36,11,0,2,2613,1799,2,812
2003,"JEFFERSON",22051,2733,1962,8,0,763,36,30,6,0,0,2697,1932,2,763
1990,"JEFFERSON DAVIS",22053,73,56,0,2,15,18,15,0,2,1,55,41,0,14
1991,"JEFFERSON DAVI",22053,69,52,0,2,15,14,11,0,2,1,55,41,0,14
1992,"JEFFERSON DAVI",22053,70,52,1,5,12,10,3,1,5,1,60,49,0,11
1993,"JEFFERSON DAVI",22053,65,52,2,4,7,13,7,2,4,0,52,45,0,7
1994,"JEFFERSON DAVI",22053,87,62,0,2,23,10,7,0,2,1,77,55,0,22
1995,"JEFFERSON DAVI",22053,90,66,1,3,20,6,2,1,3,0,84,64,0,20
1996,"JEFFERSON DAVI",22053,159,97,0,4,58,5,1,0,4,0,154,96,0,58
1997,"JEFFERSON DAVI",22053,134,80,0,1,53,2,1,0,1,0,132,79,0,53
1998,"JEFFERSON DAVI",22053,154,110,0,0,44,2,2,0,0,0,152,108,0,44
1999,"JEFFERSON DAVIS",22053,154,108,0,1,45,5,2,0,1,2,149,106,0,43
2000,"JEFFERSON DAVI",22053,191,134,0,1,56,6,5,0,1,0,185,129,0,56
2001,"JEFFERSON DAVI",22053,168,134,1,0,33,3,2,1,0,0,165,132,0,33
2002,"JEFFERSON DAVI",22053,164,124,0,0,40,2,2,0,0,0,162,122,0,40
2003,"JEFFERSON DAVI",22053,176,147,0,4,25,5,1,0,4,0,171,146,0,25
1990,"LAFAYETTE",22055,445,382,18,1,44,97,73,18,1,5,348,309,0,39
1991,"LAFAYETTE",22055,460,357,16,0,87,70,50,15,0,5,390,307,1,82
1992,"LAFAYETTE",22055,487,378,14,1,94,84,59,14,1,10,403,319,0,84
1993,"LAFAYETTE",22055,433,299,10,3,121,57,36,9,3,9,376,263,1,112
1994,"LAFAYETTE",22055,384,251,11,0,122,48,31,11,0,6,336,220,0,116
1995,"LAFAYETTE",22055,538,378,9,0,151,45,30,9,0,6,493,348,0,145
1996,"LAFAYETTE",22055,700,435,10,0,255,46,30,10,0,6,654,405,0,249
1997,"LAFAYETTE",22055,815,558,6,0,251,27,17,6,0,4,788,541,0,247
1998,"LAFAYETTE",22055,838,589,7,0,242,34,24,7,0,3,804,565,0,239
1999,"LAFAYETTE",22055,869,607,9,0,253,26,16,7,0,3,843,591,2,250
2000,"LAFAYETTE",22055,802,566,14,0,222,28,14,13,0,1,774,552,1,221
2001,"LAFAYETTE",22055,984,700,8,0,276,31,22,7,0,2,953,678,1,274
2002,"LAFAYETTE",22055,887,630,5,0,252,23,16,4,0,3,864,614,1,249
2003,"LAFAYETTE",22055,983,721,10,0,252,23,14,9,0,0,960,707,1,252
1990,"LAFOURCHE",22057,112,94,2,0,16,3,1,2,0,0,109,93,0,16
1991,"LAFOURCHE",22057,130,98,7,0,25,9,3,6,0,0,121,95,1,25
1992,"LAFOURCHE",22057,140,91,4,0,45,7,3,4,0,0,133,88,0,45
1993,"LAFOURCHE",22057,97,73,1,0,23,1,0,1,0,0,96,73,0,23
1994,"LAFOURCHE",22057,101,56,1,0,44,3,2,1,0,0,98,54,0,44
1995,"LAFOURCHE",22057,142,88,2,0,52,3,1,2,0,0,139,87,0,52
1996,"LAFOURCHE",22057,220,157,0,0,63,4,4,0,0,0,216,153,0,63
1997,"LAFOURCHE",22057,191,132,1,0,58,3,3,0,0,0,188,129,1,58
1998,"LAFOURCHE",22057,178,133,0,0,45,0,0,0,0,0,178,133,0,45
1999,"LAFOURCHE",22057,243,192,2,1,48,4,1,2,1,0,239,191,0,48
2000,"LAFOURCHE",22057,295,228,1,0,66,1,0,1,0,0,294,228,0,66
2001,"LAFOURCHE",22057,341,279,3,0,59,4,1,3,0,0,337,278,0,59
2002,"LAFOURCHE",22057,347,295,0,0,52,3,3,0,0,0,344,292,0,52
2003,"LAFOURCHE",22057,350,287,2,0,61,4,2,2,0,0,346,285,0,61
1990,"LA SALLE",22059,46,39,1,0,6,5,3,1,0,1,41,36,0,5
1991,"LA SALLE",22059,43,28,0,1,14,6,3,0,1,2,37,25,0,12
1992,"LA SALLE",22059,51,21,2,0,28,4,1,2,0,1,47,20,0,27
1993,"LA SALLE",22059,52,23,1,0,28,5,4,1,0,0,47,19,0,28
1994,"LA SALLE",22059,45,14,0,0,31,2,1,0,0,1,43,13,0,30
1995,"LA SALLE",22059,85,24,0,0,61,3,1,0,0,2,82,23,0,59
1996,"LA SALLE",22059,93,30,0,0,63,4,2,0,0,2,89,28,0,61
1997,"LA SALLE",22059,118,32,0,0,86,2,1,0,0,1,116,31,0,85
1998,"LA SALLE",22059,110,31,0,0,79,8,3,0,0,5,102,28,0,74
1999,"LA SALLE",22059,102,39,0,0,63,11,6,0,0,5,91,33,0,58
2000,"LA SALLE",22059,103,46,0,0,57,5,4,0,0,1,98,42,0,56
2001,"LA SALLE",22059,106,48,1,0,57,8,4,1,0,3,98,44,0,54
2002,"LA SALLE",22059,116,50,1,0,65,8,5,1,0,2,108,45,0,63
2003,"LA SALLE",22059,124,54,0,0,70,1,0,0,0,1,123,54,0,69
1990,"LINCOLN",22061,213,93,2,0,118,21,10,2,0,9,192,83,0,109
1991,"LINCOLN",22061,206,94,1,0,111,16,12,1,0,3,190,82,0,108
1992,"LINCOLN",22061,186,77,4,0,105,22,12,4,0,6,164,65,0,99
1993,"LINCOLN",22061,129,50,0,0,79,8,5,0,0,3,121,45,0,76
1994,"LINCOLN",22061,143,54,0,0,89,7,4,0,0,3,136,50,0,86
1995,"LINCOLN",22061,158,46,0,0,112,4,3,0,0,1,154,43,0,111
1996,"LINCOLN",22061,201,60,1,0,140,8,3,1,0,4,193,57,0,136
1997,"LINCOLN",22061,217,66,1,0,150,11,7,1,0,3,206,59,0,147
1998,"LINCOLN",22061,205,80,0,0,125,10,4,0,0,6,195,76,0,119
1999,"LINCOLN",22061,193,88,0,0,105,15,13,0,0,2,178,75,0,103
2000,"LINCOLN",22061,179,62,3,0,114,10,5,3,0,2,169,57,0,112
2001,"LINCOLN",22061,251,99,1,0,151,13,7,1,0,5,238,92,0,146
2002,"LINCOLN",22061,232,91,0,0,141,7,5,0,0,2,225,86,0,139
2003,"LINCOLN",22061,267,136,0,0,131,2,0,0,0,2,265,136,0,129
1990,"LIVINGSTON",22063,170,126,2,0,42,8,7,1,0,0,162,119,1,42
1991,"LIVINGSTON",22063,172,121,0,0,51,5,4,0,0,1,167,117,0,50
1992,"LIVINGSTON",22063,151,112,0,0,39,3,2,0,0,1,148,110,0,38
1993,"LIVINGSTON",22063,149,117,0,0,32,2,2,0,0,0,147,115,0,32
1994,"LIVINGSTON",22063,170,125,0,0,45,3,3,0,0,0,167,122,0,45
1995,"LIVINGSTON",22063,174,129,1,0,44,2,0,1,0,1,172,129,0,43
1996,"LIVINGSTON",22063,308,204,11,0,93,10,0,10,0,0,298,204,1,93
1997,"LIVINGSTON",22063,369,260,2,0,107,9,7,2,0,0,360,253,0,107
1998,"LIVINGSTON",22063,395,324,1,0,70,2,1,1,0,0,393,323,0,70
1999,"LIVINGSTON",22063,348,269,0,0,79,3,3,0,0,0,345,266,0,79
2000,"LIVINGSTON",22063,372,295,1,0,76,1,0,1,0,0,371,295,0,76
2001,"LIVINGSTON",22063,450,358,1,0,91,3,2,1,0,0,447,356,0,91
2002,"LIVINGSTON",22063,523,438,2,0,83,2,0,2,0,0,521,438,0,83
2003,"LIVINGSTON",22063,594,493,0,0,101,2,1,0,0,1,592,492,0,100
1990,"MADISON",22065,24,11,0,1,12,3,2,0,1,0,21,9,0,12
1991,"MADISON",22065,42,23,0,8,11,12,3,0,8,1,30,20,0,10
1992,"MADISON",22065,40,19,0,7,14,10,1,0,7,2,30,18,0,12
1993,"MADISON",22065,29,16,1,3,9,5,0,1,3,1,24,16,0,8
1994,"MADISON",22065,32,18,0,2,12,5,3,0,2,0,27,15,0,12
1995,"MADISON",22065,45,27,0,2,16,3,1,0,2,0,42,26,0,16
1996,"MADISON",22065,75,43,0,5,27,8,3,0,5,0,67,40,0,27
1997,"MADISON",22065,73,45,0,1,27,4,2,0,1,1,69,43,0,26
1998,"MADISON",22065,69,44,0,0,25,4,4,0,0,0,65,40,0,25
1999,"MADISON",22065,67,45,0,1,21,10,6,0,1,3,57,39,0,18
2000,"MADISON",22065,64,46,0,0,18,3,3,0,0,0,61,43,0,18
2001,"MADISON",22065,62,33,0,1,28,5,3,0,1,1,57,30,0,27
2002,"MADISON",22065,69,42,0,0,27,4,4,0,0,0,65,38,0,27
2003,"MADISON",22065,107,65,0,1,41,2,1,0,1,0,105,64,0,41
1990,"MOREHOUSE",22067,129,87,2,1,39,15,9,2,1,3,114,78,0,36
1991,"MOREHOUSE",22067,114,67,0,0,47,7,6,0,0,1,107,61,0,46
1992,"MOREHOUSE",22067,120,70,2,5,43,8,0,2,5,1,112,70,0,42
1993,"MOREHOUSE",22067,112,56,2,3,51,15,7,2,3,3,97,49,0,48
1994,"MOREHOUSE",22067,140,70,0,0,70,2,1,0,0,1,138,69,0,69
1995,"MOREHOUSE",22067,152,54,0,1,97,10,4,0,1,5,142,50,0,92
1996,"MOREHOUSE",22067,235,83,1,6,145,13,3,1,6,3,222,80,0,142
1997,"MOREHOUSE",22067,293,96,1,5,191,21,9,0,5,7,272,87,1,184
1998,"MOREHOUSE",22067,250,115,0,3,132,15,9,0,3,3,235,106,0,129
1999,"MOREHOUSE",22067,224,88,0,0,136,6,5,0,0,1,218,83,0,135
2000,"MOREHOUSE",22067,186,81,0,1,104,13,8,0,1,4,173,73,0,100
2001,"MOREHOUSE",22067,250,112,0,0,138,13,7,0,0,6,237,105,0,132
2002,"MOREHOUSE",22067,231,105,1,4,121,12,5,1,4,2,219,100,0,119
2003,"MOREHOUSE",22067,321,139,4,2,176,13,2,4,2,5,308,137,0,171
1990,"NATCHITOCHES",22069,96,74,9,4,9,27,12,9,4,2,69,62,0,7
1991,"NATCHITOCHES",22069,116,94,3,4,15,25,17,3,4,1,91,77,0,14
1992,"NATCHITOCHES",22069,123,64,2,1,56,11,7,2,1,1,112,57,0,55
1993,"NATCHITOCHES",22069,141,53,1,2,85,8,2,1,2,3,133,51,0,82
1994,"NATCHITOCHES",22069,177,44,1,2,130,10,4,1,2,3,167,40,0,127
1995,"NATCHITOCHES",22069,202,68,0,0,134,7,0,0,0,7,195,68,0,127
1996,"NATCHITOCHES",22069,242,66,1,0,175,10,1,1,0,8,232,65,0,167
1997,"NATCHITOCHES",22069,256,77,0,2,177,9,6,0,2,1,247,71,0,176
1998,"NATCHITOCHES",22069,254,78,1,0,175,10,3,1,0,6,244,75,0,169
1999,"NATCHITOCHES",22069,253,86,0,2,165,10,4,0,2,4,243,82,0,161
2000,"NATCHITOCHES",22069,236,81,0,0,155,12,3,0,0,9,224,78,0,146
2001,"NATCHITOCHES",22069,267,113,3,0,151,14,4,3,0,7,253,109,0,144
2002,"NATCHITOCHES",22069,228,98,2,0,128,12,3,2,0,7,216,95,0,121
2003,"NATCHITOCHES",22069,281,111,0,1,169,6,3,0,1,2,275,108,0,167
1990,"ORLEANS",22071,1767,1189,60,0,518,81,33,47,0,1,1686,1156,13,517
1991,"ORLEANS",22071,1994,1258,69,0,667,87,30,57,0,0,1907,1228,12,667
1992,"ORLEANS",22071,1962,1159,38,0,765,56,29,27,0,0,1906,1130,11,765
1993,"ORLEANS",22071,1721,924,25,0,772,46,29,17,0,0,1675,895,8,772
1994,"ORLEANS",22071,1604,778,27,0,799,34,13,21,0,0,1570,765,6,799
1995,"ORLEANS",22071,1788,928,34,0,826,50,20,30,0,0,1738,908,4,826
1996,"ORLEANS",22071,2151,1127,15,0,1009,29,14,14,0,1,2122,1113,1,1008
1997,"ORLEANS",22071,2453,1366,33,0,1054,52,23,29,0,0,2401,1343,4,1054
1998,"ORLEANS",22071,2419,1338,33,0,1048,46,16,29,0,1,2373,1322,4,1047
1999,"ORLEANS",22071,2657,1409,49,0,1199,57,12,45,0,0,2600,1397,4,1199
2000,"ORLEANS",22071,2784,1395,51,0,1338,69,18,50,0,1,2715,1377,1,1337
2001,"ORLEANS",22071,3232,1874,25,0,1333,58,34,23,0,1,3174,1840,2,1332
2002,"ORLEANS",22071,3061,1700,19,0,1342,39,25,13,0,1,3022,1675,6,1341
2003,"ORLEANS",22071,3081,1656,20,0,1405,38,21,17,0,0,3043,1635,3,1405
1990,"OUACHITA",22073,748,514,17,0,217,103,70,17,0,16,645,444,0,201
1991,"OUACHITA",22073,735,438,7,2,288,65,36,7,2,20,670,402,0,268
1992,"OUACHITA",22073,711,459,13,0,239,45,24,13,0,8,666,435,0,231
1993,"OUACHITA",22073,603,343,6,1,253,51,31,6,1,13,552,312,0,240
1994,"OUACHITA",22073,700,272,7,1,420,30,13,6,1,10,670,259,1,410
1995,"OUACHITA",22073,771,304,6,1,460,35,23,6,1,5,736,281,0,455
1996,"OUACHITA",22073,1077,433,5,2,637,33,17,5,2,9,1044,416,0,628
1997,"OUACHITA",22073,1192,468,9,1,714,55,36,9,1,9,1137,432,0,705
1998,"OUACHITA",22073,1075,466,3,0,606,43,28,3,0,12,1032,438,0,594
1999,"OUACHITA",22073,990,442,3,0,545,38,26,3,0,9,952,416,0,536
2000,"OUACHITA",22073,941,424,4,0,513,50,40,4,0,6,891,384,0,507
2001,"OUACHITA",22073,1102,476,5,0,621,65,45,5,0,15,1037,431,0,606
2002,"OUACHITA",22073,1203,583,5,0,615,26,13,5,0,8,1177,570,0,607
2003,"OUACHITA",22073,1453,698,3,0,752,24,7,3,0,14,1429,691,0,738
1990,"PLAQUEMINES",22075,62,53,5,0,4,5,0,5,0,0,57,53,0,4
1991,"PLAQUEMINES",22075,61,45,4,0,12,5,1,4,0,0,56,44,0,12
1992,"PLAQUEMINES",22075,64,45,2,0,17,5,3,2,0,0,59,42,0,17
1993,"PLAQUEMINES",22075,54,39,0,0,15,0,0,0,0,0,54,39,0,15
1994,"PLAQUEMINES",22075,50,33,1,0,16,1,0,1,0,0,49,33,0,16
1995,"PLAQUEMINES",22075,76,52,0,0,24,0,0,0,0,0,76,52,0,24
1996,"PLAQUEMINES",22075,56,46,0,0,10,0,0,0,0,0,56,46,0,10
1997,"PLAQUEMINES",22075,91,67,4,0,20,3,0,3,0,0,88,67,1,20
1998,"PLAQUEMINES",22075,69,57,2,0,10,1,0,1,0,0,68,57,1,10
1999,"PLAQUEMINES",22075,78,63,2,0,13,5,3,2,0,0,73,60,0,13
2000,"PLAQUEMINES",22075,102,82,0,0,20,2,2,0,0,0,100,80,0,20
2001,"PLAQUEMINES",22075,143,109,1,0,33,1,0,1,0,0,142,109,0,33
2002,"PLAQUEMINES",22075,109,75,0,0,34,1,1,0,0,0,108,74,0,34
2003,"PLAQUEMINES",22075,143,118,1,0,24,2,1,1,0,0,141,117,0,24
1990,"POINTE COUPEE",22077,27,20,3,1,3,4,2,1,1,0,23,18,2,3
1991,"POINTE COUPEE",22077,18,16,0,0,2,0,0,0,0,0,18,16,0,2
1992,"POINTE COUPEE",22077,23,18,1,0,4,1,0,1,0,0,22,18,0,4
1993,"POINTE COUPEE",22077,30,18,0,3,9,4,1,0,3,0,26,17,0,9
1994,"POINTE COUPEE",22077,28,14,0,1,13,1,0,0,1,0,27,14,0,13
1995,"POINTE COUPEE",22077,47,23,0,0,24,0,0,0,0,0,47,23,0,24
1996,"POINTE COUPEE",22077,62,39,0,0,23,0,0,0,0,0,62,39,0,23
1997,"POINTE COUPEE",22077,50,32,0,1,17,1,0,0,1,0,49,32,0,17
1998,"POINTE COUPEE",22077,72,44,0,0,28,0,0,0,0,0,72,44,0,28
1999,"POINTE COUPEE",22077,79,59,0,0,20,0,0,0,0,0,79,59,0,20
2000,"POINTE COUPEE",22077,58,39,0,0,19,0,0,0,0,0,58,39,0,19
2001,"POINTE COUPEE",22077,85,65,0,0,20,0,0,0,0,0,85,65,0,20
2002,"POINTE COUPEE",22077,91,70,0,0,21,1,1,0,0,0,90,69,0,21
2003,"POINTE COUPEE",22077,78,56,0,1,21,1,0,0,1,0,77,56,0,21
1990,"RAPIDES",22079,391,272,22,1,96,80,44,22,1,13,311,228,0,83
1991,"RAPIDES",22079,531,325,7,3,196,70,48,7,3,12,461,277,0,184
1992,"RAPIDES",22079,551,294,12,2,243,50,27,12,2,9,501,267,0,234
1993,"RAPIDES",22079,495,191,9,3,292,42,21,9,3,9,453,170,0,283
1994,"RAPIDES",22079,517,208,1,4,304,27,18,1,4,4,490,190,0,300
1995,"RAPIDES",22079,631,253,3,1,374,20,7,3,1,9,611,246,0,365
1996,"RAPIDES",22079,779,331,2,7,439,46,21,2,7,16,733,310,0,423
1997,"RAPIDES",22079,886,410,9,1,466,56,25,9,1,21,830,385,0,445
1998,"RAPIDES",22079,822,354,5,0,463,50,22,5,0,23,772,332,0,440
1999,"RAPIDES",22079,803,342,5,1,455,50,23,5,1,21,753,319,0,434
2000,"RAPIDES",22079,814,430,8,1,375,71,39,8,1,23,743,391,0,352
2001,"RAPIDES",22079,956,573,10,0,373,57,20,10,0,27,899,553,0,346
2002,"RAPIDES",22079,934,529,6,1,398,62,23,6,1,32,872,506,0,366
2003,"RAPIDES",22079,1052,618,8,1,425,17,7,8,1,1,1035,611,0,424
1990,"RED RIVER",22081,21,13,1,0,7,2,1,1,0,0,19,12,0,7
1991,"RED RIVER",22081,31,21,0,0,10,3,3,0,0,0,28,18,0,10
1992,"RED RIVER",22081,34,11,2,0,21,3,1,2,0,0,31,10,0,21
1993,"RED RIVER",22081,27,13,1,1,12,6,2,0,1,3,21,11,1,9
1994,"RED RIVER",22081,24,9,1,0,14,1,0,1,0,0,23,9,0,14
1995,"RED RIVER",22081,38,15,0,0,23,1,1,0,0,0,37,14,0,23
1996,"RED RIVER",22081,56,18,0,0,38,4,2,0,0,2,52,16,0,36
1997,"RED RIVER",22081,63,18,0,0,45,2,2,0,0,0,61,16,0,45
1998,"RED RIVER",22081,58,15,0,1,42,3,1,0,1,1,55,14,0,41
1999,"RED RIVER",22081,57,13,0,0,44,2,1,0,0,1,55,12,0,43
2000,"RED RIVER",22081,51,17,0,0,34,1,1,0,0,0,50,16,0,34
2001,"RED RIVER",22081,75,29,0,0,46,2,2,0,0,0,73,27,0,46
2002,"RED RIVER",22081,74,36,0,0,38,2,1,0,0,1,72,35,0,37
2003,"RED RIVER",22081,79,29,0,0,50,2,1,0,0,1,77,28,0,49
1990,"RICHLAND",22083,60,28,4,7,21,17,5,3,7,2,43,23,1,19
1991,"RICHLAND",22083,90,48,2,11,29,23,7,2,11,3,67,41,0,26
1992,"RICHLAND",22083,57,39,1,3,14,8,4,1,3,0,49,35,0,14
1993,"RICHLAND",22083,81,35,0,7,39,21,10,0,7,4,60,25,0,35
1994,"RICHLAND",22083,73,29,0,2,42,7,4,0,2,1,66,25,0,41
1995,"RICHLAND",22083,83,33,0,0,50,9,8,0,0,1,74,25,0,49
1996,"RICHLAND",22083,155,63,1,2,89,7,3,1,2,1,148,60,0,88
1997,"RICHLAND",22083,176,69,0,14,93,25,7,0,14,4,151,62,0,89
1998,"RICHLAND",22083,174,82,0,3,89,17,13,0,3,1,157,69,0,88
1999,"RICHLAND",22083,148,73,0,2,73,13,9,0,2,2,135,64,0,71
2000,"RICHLAND",22083,156,71,4,1,80,14,7,4,1,2,142,64,0,78
2001,"RICHLAND",22083,176,78,1,1,96,9,5,1,1,2,167,73,0,94
2002,"RICHLAND",22083,175,99,0,2,74,6,4,0,2,0,169,95,0,74
2003,"RICHLAND",22083,234,99,0,8,127,12,1,0,8,3,222,98,0,124
1990,"SABINE",22085,40,32,0,0,8,5,3,0,0,2,35,29,0,6
1991,"SABINE",22085,50,40,0,0,10,6,6,0,0,0,44,34,0,10
1992,"SABINE",22085,59,24,0,0,35,3,2,0,0,1,56,22,0,34
1993,"SABINE",22085,49,17,1,0,31,5,1,1,0,3,44,16,0,28
1994,"SABINE",22085,46,14,0,0,32,3,1,0,0,2,43,13,0,30
1995,"SABINE",22085,86,18,0,0,68,7,3,0,0,4,79,15,0,64
1996,"SABINE",22085,139,29,0,0,110,2,2,0,0,0,137,27,0,110
1997,"SABINE",22085,171,60,0,0,111,4,3,0,0,1,167,57,0,110
1998,"SABINE",22085,154,49,0,0,105,3,1,0,0,2,151,48,0,103
1999,"SABINE",22085,135,36,0,0,99,5,4,0,0,1,130,32,0,98
2000,"SABINE",22085,147,51,1,0,95,5,2,1,0,2,142,49,0,93
2001,"SABINE",22085,149,65,0,0,84,8,4,0,0,4,141,61,0,80
2002,"SABINE",22085,140,65,0,0,75,5,2,0,0,3,135,63,0,72
2003,"SABINE",22085,179,78,0,0,101,6,3,0,0,3,173,75,0,98
1990,"ST BERNARD",22087,202,186,3,0,13,6,4,2,0,0,196,182,1,13
1991,"ST BERNARD",22087,209,171,3,0,35,9,6,3,0,0,200,165,0,35
1992,"ST BERNARD",22087,186,150,0,0,36,2,2,0,0,0,184,148,0,36
1993,"ST BERNARD",22087,170,134,1,0,35,2,2,0,0,0,168,132,1,35
1994,"ST BERNARD",22087,153,110,1,0,42,3,2,1,0,0,150,108,0,42
1995,"ST BERNARD",22087,200,157,0,0,43,2,2,0,0,0,198,155,0,43
1996,"ST BERNARD",22087,228,175,0,0,53,1,1,0,0,0,227,174,0,53
1997,"ST BERNARD",22087,333,263,3,0,67,4,1,3,0,0,329,262,0,67
1998,"ST BERNARD",22087,276,218,0,0,58,0,0,0,0,0,276,218,0,58
1999,"ST BERNARD",22087,318,256,1,0,61,2,1,1,0,0,316,255,0,61
2000,"ST BERNARD",22087,295,224,1,0,70,2,1,1,0,0,293,223,0,70
2001,"ST BERNARD",22087,421,329,1,0,91,4,3,1,0,0,417,326,0,91
2002,"ST BERNARD",22087,368,295,0,0,73,2,2,0,0,0,366,293,0,73
2003,"ST BERNARD",22087,395,329,0,0,66,4,4,0,0,0,391,325,0,66
1990,"ST CHARLES",22089,92,70,2,0,20,4,3,1,0,0,88,67,1,20
1991,"ST CHARLES",22089,107,89,0,0,18,3,3,0,0,0,104,86,0,18
1992,"ST CHARLES",22089,107,73,0,0,34,1,1,0,0,0,106,72,0,34
1993,"ST CHARLES",22089,114,63,1,0,50,2,1,1,0,0,112,62,0,50
1994,"ST CHARLES",22089,101,59,1,0,41,3,3,0,0,0,98,56,1,41
1995,"ST CHARLES",22089,108,67,2,0,39,1,0,1,0,0,107,67,1,39
1996,"ST CHARLES",22089,144,86,1,0,57,1,0,1,0,0,143,86,0,57
1997,"ST CHARLES",22089,154,106,0,0,48,1,1,0,0,0,153,105,0,48
1998,"ST CHARLES",22089,148,88,0,0,60,1,1,0,0,0,147,87,0,60
1999,"ST CHARLES",22089,159,87,3,0,69,3,0,3,0,0,156,87,0,69
2000,"ST CHARLES",22089,180,109,2,0,69,3,1,2,0,0,177,108,0,69
2001,"ST CHARLES",22089,215,148,1,0,66,1,0,1,0,0,214,148,0,66
2002,"ST CHARLES",22089,212,135,2,0,75,3,1,2,0,0,209,134,0,75
2003,"ST CHARLES",22089,240,157,2,0,81,3,1,2,0,0,237,156,0,81
1990,"ST HELENA",22091,9,1,0,1,7,1,0,0,1,0,8,1,0,7
1991,"ST HELENA",22091,5,3,0,0,2,0,0,0,0,0,5,3,0,2
1992,"ST HELENA",22091,6,4,0,0,2,0,0,0,0,0,6,4,0,2
1993,"ST HELENA",22091,10,7,0,0,3,0,0,0,0,0,10,7,0,3
1994,"ST HELENA",22091,4,2,0,0,2,0,0,0,0,0,4,2,0,2
1995,"ST HELENA",22091,3,2,0,0,1,0,0,0,0,0,3,2,0,1
1996,"ST HELENA",22091,15,9,0,0,6,0,0,0,0,0,15,9,0,6
1997,"ST HELENA",22091,15,5,0,0,10,1,1,0,0,0,14,4,0,10
1998,"ST HELENA",22091,15,9,0,0,6,0,0,0,0,0,15,9,0,6
1999,"ST HELENA",22091,16,7,0,0,9,0,0,0,0,0,16,7,0,9
2000,"ST HELENA",22091,14,10,0,0,4,0,0,0,0,0,14,10,0,4
2001,"ST HELENA",22091,22,18,0,0,4,0,0,0,0,0,22,18,0,4
2002,"ST HELENA",22091,26,18,0,0,8,0,0,0,0,0,26,18,0,8
2003,"ST HELENA",22091,28,16,0,0,12,0,0,0,0,0,28,16,0,12
1990,"ST JAMES",22093,33,27,0,0,6,0,0,0,0,0,33,27,0,6
1991,"ST JAMES",22093,39,25,2,0,12,2,0,2,0,0,37,25,0,12
1992,"ST JAMES",22093,36,21,0,0,15,0,0,0,0,0,36,21,0,15
1993,"ST JAMES",22093,28,17,0,0,11,0,0,0,0,0,28,17,0,11
1994,"ST JAMES",22093,31,14,0,0,17,0,0,0,0,0,31,14,0,17
1995,"ST JAMES",22093,30,20,0,0,10,0,0,0,0,0,30,20,0,10
1996,"ST JAMES",22093,44,26,0,0,18,1,1,0,0,0,43,25,0,18
1997,"ST JAMES",22093,56,39,0,0,17,1,1,0,0,0,55,38,0,17
1998,"ST JAMES",22093,42,36,0,0,6,0,0,0,0,0,42,36,0,6
1999,"ST JAMES",22093,43,27,1,0,15,1,0,1,0,0,42,27,0,15
2000,"ST JAMES",22093,71,39,1,2,29,2,0,0,2,0,69,39,1,29
2001,"ST JAMES",22093,75,43,0,1,31,2,1,0,1,0,73,42,0,31
2002,"ST JAMES",22093,90,52,0,0,38,0,0,0,0,0,90,52,0,38
2003,"ST JAMES",22093,93,47,0,0,46,0,0,0,0,0,93,47,0,46
1990,"ST JOHN THE BAPTIST",22095,113,82,2,0,29,1,0,1,0,0,112,82,1,29
1991,"ST JOHN THE BA",22095,176,112,2,1,61,5,2,2,1,0,171,110,0,61
1992,"ST JOHN THE BA",22095,149,88,0,0,61,1,1,0,0,0,148,87,0,61
1993,"ST JOHN THE BA",22095,138,81,0,0,57,0,0,0,0,0,138,81,0,57
1994,"ST JOHN THE BA",22095,135,71,0,0,64,1,1,0,0,0,134,70,0,64
1995,"ST JOHN THE BA",22095,163,82,0,0,81,0,0,0,0,0,163,82,0,81
1996,"ST JOHN THE BA",22095,211,102,1,0,108,1,0,1,0,0,210,102,0,108
1997,"ST JOHN THE BA",22095,295,163,0,0,132,5,5,0,0,0,290,158,0,132
1998,"ST JOHN THE BA",22095,242,125,0,0,117,2,2,0,0,0,240,123,0,117
1999,"ST JOHN THE BAPTIST",22095,252,120,0,0,132,0,0,0,0,0,252,120,0,132
2000,"ST JOHN THE BA",22095,269,120,1,0,148,2,1,1,0,0,267,119,0,148
2001,"ST JOHN THE BA",22095,309,172,0,0,137,0,0,0,0,0,309,172,0,137
2002,"ST JOHN THE BA",22095,284,153,2,0,129,2,0,2,0,0,282,153,0,129
2003,"ST JOHN THE BA",22095,329,178,1,0,150,2,2,0,0,0,327,176,1,150
1990,"ST LANDRY",22097,143,120,3,4,16,27,20,3,4,0,116,100,0,16
1991,"ST LANDRY",22097,139,104,1,2,32,19,13,1,2,3,120,91,0,29
1992,"ST LANDRY",22097,152,109,2,1,40,21,14,2,1,4,131,95,0,36
1993,"ST LANDRY",22097,151,88,7,2,54,30,18,7,2,3,121,70,0,51
1994,"ST LANDRY",22097,183,90,5,1,87,22,9,4,1,8,161,81,1,79
1995,"ST LANDRY",22097,215,106,0,3,106,17,13,0,3,1,198,93,0,105
1996,"ST LANDRY",22097,303,144,3,1,155,10,5,3,1,1,293,139,0,154
1997,"ST LANDRY",22097,315,154,2,1,158,10,5,2,1,2,305,149,0,156
1998,"ST LANDRY",22097,342,195,3,2,142,7,3,2,2,0,335,192,1,142
1999,"ST LANDRY",22097,332,204,2,0,126,9,8,1,0,0,323,196,1,126
2000,"ST LANDRY",22097,312,177,0,0,135,4,4,0,0,0,308,173,0,135
2001,"ST LANDRY",22097,412,235,0,0,177,2,2,0,0,0,410,233,0,177
2002,"ST LANDRY",22097,424,247,1,2,174,5,2,1,2,0,419,245,0,174
2003,"ST LANDRY",22097,453,283,0,1,169,1,0,0,1,0,452,283,0,169
1990,"ST MARTIN",22099,83,68,0,0,15,14,12,0,0,2,69,56,0,13
1991,"ST MARTIN",22099,123,85,2,0,36,13,11,2,0,0,110,74,0,36
1992,"ST MARTIN",22099,94,54,2,0,38,8,4,2,0,2,86,50,0,36
1993,"ST MARTIN",22099,111,53,0,0,58,3,3,0,0,0,108,50,0,58
1994,"ST MARTIN",22099,103,52,1,0,50,5,4,1,0,0,98,48,0,50
1995,"ST MARTIN",22099,153,60,0,0,93,6,4,0,0,2,147,56,0,91
1996,"ST MARTIN",22099,176,82,2,0,92,4,1,2,0,1,172,81,0,91
1997,"ST MARTIN",22099,231,104,0,0,127,3,3,0,0,0,228,101,0,127
1998,"ST MARTIN",22099,215,98,0,0,117,2,2,0,0,0,213,96,0,117
1999,"ST MARTIN",22099,251,94,1,0,156,5,2,1,0,2,246,92,0,154
2000,"ST MARTIN",22099,238,101,0,0,137,1,1,0,0,0,237,100,0,137
2001,"ST MARTIN",22099,233,126,0,0,107,1,1,0,0,0,232,125,0,107
2002,"ST MARTIN",22099,284,145,2,0,137,3,1,2,0,0,281,144,0,137
2003,"ST MARTIN",22099,267,153,0,0,114,2,2,0,0,0,265,151,0,114
1990,"ST MARY",22101,88,70,1,0,17,13,12,1,0,0,75,58,0,17
1991,"ST MARY",22101,86,65,2,0,19,14,11,2,0,1,72,54,0,18
1992,"ST MARY",22101,99,53,1,0,45,11,8,1,0,2,88,45,0,43
1993,"ST MARY",22101,109,69,0,0,40,8,7,0,0,1,101,62,0,39
1994,"ST MARY",22101,105,49,2,0,54,7,5,1,0,1,98,44,1,53
1995,"ST MARY",22101,166,86,1,0,79,13,8,1,0,4,153,78,0,75
1996,"ST MARY",22101,181,79,0,0,102,4,4,0,0,0,177,75,0,102
1997,"ST MARY",22101,223,117,1,0,105,4,3,1,0,0,219,114,0,105
1998,"ST MARY",22101,240,139,0,0,101,0,0,0,0,0,240,139,0,101
1999,"ST MARY",22101,281,153,1,0,127,5,3,1,0,1,276,150,0,126
2000,"ST MARY",22101,278,182,4,0,92,9,4,4,0,1,269,178,0,91
2001,"ST MARY",22101,229,152,1,0,76,6,5,1,0,0,223,147,0,76
2002,"ST MARY",22101,244,166,0,0,78,2,2,0,0,0,242,164,0,78
2003,"ST MARY",22101,242,171,1,0,70,1,0,1,0,0,241,171,0,70
1990,"ST TAMMANY",22103,501,429,13,0,59,23,11,12,0,0,478,418,1,59
1991,"ST TAMMANY",22103,510,415,15,0,80,16,7,9,0,0,494,408,6,80
1992,"ST TAMMANY",22103,481,372,11,0,98,15,9,6,0,0,466,363,5,98
1993,"ST TAMMANY",22103,435,339,6,0,90,13,10,3,0,0,422,329,3,90
1994,"ST TAMMANY",22103,380,286,5,0,89,8,5,3,0,0,372,281,2,89
1995,"ST TAMMANY",22103,416,308,9,0,99,12,5,7,0,0,404,303,2,99
1996,"ST TAMMANY",22103,553,435,0,0,118,8,8,0,0,0,545,427,0,118
1997,"ST TAMMANY",22103,653,511,9,0,133,15,6,8,0,1,638,505,1,132
1998,"ST TAMMANY",22103,689,547,4,0,138,15,10,4,0,1,674,537,0,137
1999,"ST TAMMANY",22103,740,568,14,0,158,27,13,14,0,0,713,555,0,158
2000,"ST TAMMANY",22103,884,658,17,0,209,32,16,16,0,0,852,642,1,209
2001,"ST TAMMANY",22103,1164,913,9,0,242,27,19,8,0,0,1137,894,1,242
2002,"ST TAMMANY",22103,1242,964,10,0,268,34,24,10,0,0,1208,940,0,268
2003,"ST TAMMANY",22103,1270,965,6,0,299,21,19,2,0,0,1249,946,4,299
1990,"TANGIPAHOA",22105,314,205,3,0,106,6,4,2,0,0,308,201,1,106
1991,"TANGIPAHOA",22105,262,185,1,2,74,8,6,0,2,0,254,179,1,74
1992,"TANGIPAHOA",22105,230,159,1,1,69,3,1,1,1,0,227,158,0,69
1993,"TANGIPAHOA",22105,182,107,2,1,72,5,3,1,1,0,177,104,1,72
1994,"TANGIPAHOA",22105,196,109,2,2,83,8,5,1,2,0,188,104,1,83
1995,"TANGIPAHOA",22105,246,126,1,0,119,3,2,1,0,0,243,124,0,119
1996,"TANGIPAHOA",22105,381,200,3,6,172,9,1,2,6,0,372,199,1,172
1997,"TANGIPAHOA",22105,410,271,8,3,128,11,1,7,3,0,399,270,1,128
1998,"TANGIPAHOA",22105,436,320,1,2,113,7,4,1,2,0,429,316,0,113
1999,"TANGIPAHOA",22105,449,294,3,1,151,7,3,3,1,0,442,291,0,151
2000,"TANGIPAHOA",22105,457,298,5,0,154,7,2,5,0,0,450,296,0,154
2001,"TANGIPAHOA",22105,570,409,2,0,159,7,5,2,0,0,563,404,0,159
2002,"TANGIPAHOA",22105,545,382,1,1,161,11,9,1,1,0,534,373,0,161
2003,"TANGIPAHOA",22105,543,376,0,0,167,3,3,0,0,0,540,373,0,167
1990,"TENSAS",22107,23,10,1,10,2,16,5,1,10,0,7,5,0,2
1991,"TENSAS",22107,16,7,0,6,3,7,1,0,6,0,9,6,0,3
1992,"TENSAS",22107,22,7,0,10,5,12,1,0,10,1,10,6,0,4
1993,"TENSAS",22107,11,4,0,2,5,3,1,0,2,0,8,3,0,5
1994,"TENSAS",22107,19,8,0,3,8,5,2,0,3,0,14,6,0,8
1995,"TENSAS",22107,21,7,0,1,13,3,2,0,1,0,18,5,0,13
1996,"TENSAS",22107,40,16,0,8,16,14,6,0,8,0,26,10,0,16
1997,"TENSAS",22107,38,17,0,5,16,10,4,0,5,1,28,13,0,15
1998,"TENSAS",22107,42,20,0,2,20,7,5,0,2,0,35,15,0,20
1999,"TENSAS",22107,31,22,0,2,7,5,3,0,2,0,26,19,0,7
2000,"TENSAS",22107,31,12,0,0,19,2,2,0,0,0,29,10,0,19
2001,"TENSAS",22107,31,16,0,0,15,2,2,0,0,0,29,14,0,15
2002,"TENSAS",22107,40,18,0,2,20,5,1,0,2,2,35,17,0,18
2003,"TENSAS",22107,47,24,1,3,19,7,0,1,3,3,40,24,0,16
1990,"TERREBONNE",22109,207,160,13,0,34,13,1,12,0,0,194,159,1,34
1991,"TERREBONNE",22109,185,141,3,0,41,7,4,3,0,0,178,137,0,41
1992,"TERREBONNE",22109,225,174,4,0,47,6,2,4,0,0,219,172,0,47
1993,"TERREBONNE",22109,185,130,0,0,55,3,3,0,0,0,182,127,0,55
1994,"TERREBONNE",22109,222,139,2,0,81,4,2,2,0,0,218,137,0,81
1995,"TERREBONNE",22109,238,161,2,0,75,4,2,2,0,0,234,159,0,75
1996,"TERREBONNE",22109,360,251,1,0,108,3,2,1,0,0,357,249,0,108
1997,"TERREBONNE",22109,369,261,5,0,103,3,1,2,0,0,366,260,3,103
1998,"TERREBONNE",22109,388,302,3,0,83,7,5,2,0,0,381,297,1,83
1999,"TERREBONNE",22109,452,355,1,0,96,5,4,1,0,0,447,351,0,96
2000,"TERREBONNE",22109,483,364,2,0,117,7,5,2,0,0,476,359,0,117
2001,"TERREBONNE",22109,576,449,3,0,124,8,6,2,0,0,568,443,1,124
2002,"TERREBONNE",22109,543,439,0,0,104,5,5,0,0,0,538,434,0,104
2003,"TERREBONNE",22109,633,499,4,0,130,6,4,2,0,0,627,495,2,130
1990,"UNION",22111,77,41,1,2,33,12,5,1,2,4,65,36,0,29
1991,"UNION",22111,88,50,0,2,36,14,8,0,2,4,74,42,0,32
1992,"UNION",22111,102,58,1,0,43,5,2,1,0,2,97,56,0,41
1993,"UNION",22111,77,31,0,0,46,2,0,0,0,2,75,31,0,44
1994,"UNION",22111,77,27,0,0,50,2,1,0,0,1,75,26,0,49
1995,"UNION",22111,100,34,0,1,65,9,5,0,1,3,91,29,0,62
1996,"UNION",22111,140,42,0,0,98,2,2,0,0,0,138,40,0,98
1997,"UNION",22111,147,48,0,0,99,4,1,0,0,3,143,47,0,96
1998,"UNION",22111,167,59,0,0,108,6,5,0,0,1,161,54,0,107
1999,"UNION",22111,134,59,0,0,75,8,7,0,0,1,126,52,0,74
2000,"UNION",22111,163,62,0,0,101,7,5,0,0,2,156,57,0,99
2001,"UNION",22111,191,79,0,1,111,16,8,0,1,7,175,71,0,104
2002,"UNION",22111,208,92,1,0,115,6,3,1,0,2,202,89,0,113
2003,"UNION",22111,234,113,0,0,121,8,1,0,0,7,226,112,0,114
1990,"VERMILION",22113,75,63,1,1,10,12,8,1,1,2,63,55,0,8
1991,"VERMILION",22113,89,72,2,1,14,12,7,2,1,2,77,65,0,12
1992,"VERMILION",22113,96,73,1,3,19,12,6,1,3,2,84,67,0,17
1993,"VERMILION",22113,84,66,0,4,14,19,14,0,4,1,65,52,0,13
1994,"VERMILION",22113,81,62,2,0,17,10,7,1,0,2,71,55,1,15
1995,"VERMILION",22113,76,53,1,2,20,10,5,1,2,2,66,48,0,18
1996,"VERMILION",22113,130,87,1,3,39,14,7,1,3,3,116,80,0,36
1997,"VERMILION",22113,144,98,1,0,45,5,4,1,0,0,139,94,0,45
1998,"VERMILION",22113,188,133,0,2,53,2,0,0,2,0,186,133,0,53
1999,"VERMILION",22113,208,136,0,1,71,5,3,0,1,1,203,133,0,70
2000,"VERMILION",22113,155,112,0,0,43,1,1,0,0,0,154,111,0,43
2001,"VERMILION",22113,190,135,0,0,55,4,4,0,0,0,186,131,0,55
2002,"VERMILION",22113,193,134,1,0,58,1,1,0,0,0,192,133,1,58
2003,"VERMILION",22113,237,181,2,0,54,3,1,2,0,0,234,180,0,54
1990,"VERNON",22115,128,111,1,0,16,10,7,1,0,2,118,104,0,14
1991,"VERNON",22115,181,145,0,2,34,15,8,0,2,5,166,137,0,29
1992,"VERNON",22115,181,113,0,0,68,7,5,0,0,2,174,108,0,66
1993,"VERNON",22115,166,90,0,0,76,13,8,0,0,5,153,82,0,71
1994,"VERNON",22115,204,119,1,0,84,9,4,1,0,4,195,115,0,80
1995,"VERNON",22115,261,160,0,0,101,7,4,0,0,3,254,156,0,98
1996,"VERNON",22115,419,211,0,1,207,9,6,0,1,2,410,205,0,205
1997,"VERNON",22115,471,207,1,0,263,14,10,1,0,3,457,197,0,260
1998,"VERNON",22115,430,214,1,0,215,18,14,1,0,3,412,200,0,212
1999,"VERNON",22115,387,191,5,0,191,22,12,5,0,5,365,179,0,186
2000,"VERNON",22115,372,200,0,0,172,21,13,0,0,8,351,187,0,164
2001,"VERNON",22115,329,205,0,0,124,14,11,0,0,3,315,194,0,121
2002,"VERNON",22115,311,199,0,0,112,16,13,0,0,3,295,186,0,109
2003,"VERNON",22115,267,175,1,0,91,2,1,1,0,0,265,174,0,91
1990,"WASHINGTON",22117,77,64,1,0,12,1,1,0,0,0,76,63,1,12
1991,"WASHINGTON",22117,78,63,1,1,13,3,1,1,1,0,75,62,0,13
1992,"WASHINGTON",22117,80,57,1,1,21,1,0,0,1,0,79,57,1,21
1993,"WASHINGTON",22117,96,71,0,0,25,0,0,0,0,0,96,71,0,25
1994,"WASHINGTON",22117,83,63,1,0,19,1,0,1,0,0,82,63,0,19
1995,"WASHINGTON",22117,85,57,0,0,28,0,0,0,0,0,85,57,0,28
1996,"WASHINGTON",22117,123,81,1,1,40,2,0,1,1,0,121,81,0,40
1997,"WASHINGTON",22117,164,125,0,0,39,1,1,0,0,0,163,124,0,39
1998,"WASHINGTON",22117,147,115,0,1,31,3,2,0,1,0,144,113,0,31
1999,"WASHINGTON",22117,169,130,0,1,38,1,0,0,1,0,168,130,0,38
2000,"WASHINGTON",22117,176,130,1,0,45,1,0,1,0,0,175,130,0,45
2001,"WASHINGTON",22117,234,188,3,0,43,1,0,1,0,0,233,188,2,43
2002,"WASHINGTON",22117,211,159,9,1,42,9,0,8,1,0,202,159,1,42
2003,"WASHINGTON",22117,240,193,3,0,44,4,2,2,0,0,236,191,1,44
1990,"WEBSTER",22119,171,116,4,0,51,23,17,4,0,2,148,99,0,49
1991,"WEBSTER",22119,140,89,0,0,51,10,7,0,0,3,130,82,0,48
1992,"WEBSTER",22119,160,74,4,0,82,11,4,4,0,3,149,70,0,79
1993,"WEBSTER",22119,147,68,2,0,77,9,4,2,0,3,138,64,0,74
1994,"WEBSTER",22119,116,47,4,0,65,9,2,4,0,3,107,45,0,62
1995,"WEBSTER",22119,170,53,2,0,115,6,4,2,0,0,164,49,0,115
1996,"WEBSTER",22119,244,70,0,0,174,6,2,0,0,4,238,68,0,170
1997,"WEBSTER",22119,292,91,2,0,199,14,7,2,0,5,278,84,0,194
1998,"WEBSTER",22119,328,105,1,0,222,6,2,1,0,3,322,103,0,219
1999,"WEBSTER",22119,375,105,1,1,268,7,3,1,1,2,368,102,0,266
2000,"WEBSTER",22119,289,111,2,0,176,8,6,2,0,0,281,105,0,176
2001,"WEBSTER",22119,366,158,0,0,208,12,9,0,0,3,354,149,0,205
2002,"WEBSTER",22119,394,142,2,0,250,10,6,2,0,2,384,136,0,248
2003,"WEBSTER",22119,402,149,0,0,253,7,1,0,0,6,395,148,0,247
1990,"WEST BATON ROUGE",22121,52,36,1,0,15,4,3,1,0,0,48,33,0,15
1991,"WEST BATON ROU",22121,37,25,0,0,12,1,1,0,0,0,36,24,0,12
1992,"WEST BATON ROU",22121,43,31,0,0,12,2,2,0,0,0,41,29,0,12
1993,"WEST BATON ROU",22121,44,28,1,0,15,1,0,1,0,0,43,28,0,15
1994,"WEST BATON ROU",22121,45,34,1,0,10,2,1,1,0,0,43,33,0,10
1995,"WEST BATON ROU",22121,41,29,0,0,12,0,0,0,0,0,41,29,0,12
1996,"WEST BATON ROU",22121,70,39,1,0,30,1,0,1,0,0,69,39,0,30
1997,"WEST BATON ROU",22121,90,53,1,0,36,0,0,0,0,0,90,53,1,36
1998,"WEST BATON ROU",22121,100,65,0,0,35,1,1,0,0,0,99,64,0,35
1999,"WEST BATON ROUGE",22121,104,80,0,0,24,0,0,0,0,0,104,80,0,24
2000,"WEST BATON ROU",22121,98,79,0,0,19,0,0,0,0,0,98,79,0,19
2001,"WEST BATON ROU",22121,122,86,0,0,36,0,0,0,0,0,122,86,0,36
2002,"WEST BATON ROU",22121,122,85,0,0,37,2,2,0,0,0,120,83,0,37
2003,"WEST BATON ROU",22121,133,82,1,0,50,2,1,1,0,0,131,81,0,50
1990,"WEST CARROLL",22123,28,18,1,2,7,8,3,1,2,2,20,15,0,5
1991,"WEST CARROLL",22123,24,12,0,5,7,7,2,0,5,0,17,10,0,7
1992,"WEST CARROLL",22123,31,25,0,0,6,10,10,0,0,0,21,15,0,6
1993,"WEST CARROLL",22123,31,18,0,5,8,9,2,0,5,2,22,16,0,6
1994,"WEST CARROLL",22123,26,12,1,1,12,2,0,1,1,0,24,12,0,12
1995,"WEST CARROLL",22123,22,9,0,2,11,3,0,0,2,1,19,9,0,10
1996,"WEST CARROLL",22123,50,24,1,4,21,11,5,1,4,1,39,19,0,20
1997,"WEST CARROLL",22123,71,31,0,7,33,14,7,0,7,0,57,24,0,33
1998,"WEST CARROLL",22123,64,28,0,2,34,6,4,0,2,0,58,24,0,34
1999,"WEST CARROLL",22123,49,28,0,1,20,4,1,0,1,2,45,27,0,18
2000,"WEST CARROLL",22123,52,24,1,0,27,7,4,1,0,2,45,20,0,25
2001,"WEST CARROLL",22123,59,30,0,1,28,5,2,0,1,2,54,28,0,26
2002,"WEST CARROLL",22123,87,55,0,2,30,8,1,0,2,5,79,54,0,25
2003,"WEST CARROLL",22123,100,52,0,3,45,5,2,0,3,0,95,50,0,45
1990,"WEST FELICIANA",22125,25,17,2,0,6,1,0,1,0,0,24,17,1,6
1991,"WEST FELICIANA",22125,13,12,0,0,1,0,0,0,0,0,13,12,0,1
1992,"WEST FELICIANA",22125,16,12,0,0,4,0,0,0,0,0,16,12,0,4
1993,"WEST FELICIANA",22125,16,9,0,0,7,0,0,0,0,0,16,9,0,7
1994,"WEST FELICIANA",22125,22,18,0,0,4,0,0,0,0,0,22,18,0,4
1995,"WEST FELICIANA",22125,24,13,1,0,10,1,0,1,0,0,23,13,0,10
1996,"WEST FELICIANA",22125,34,21,0,0,13,1,0,0,0,1,33,21,0,12
1997,"WEST FELICIANA",22125,27,17,0,0,10,0,0,0,0,0,27,17,0,10
1998,"WEST FELICIANA",22125,35,26,0,0,9,0,0,0,0,0,35,26,0,9
1999,"WEST FELICIANA",22125,29,24,0,0,5,0,0,0,0,0,29,24,0,5
2000,"WEST FELICIANA",22125,38,29,0,0,9,0,0,0,0,0,38,29,0,9
2001,"WEST FELICIANA",22125,33,22,0,0,11,0,0,0,0,0,33,22,0,11
2002,"WEST FELICIANA",22125,36,27,0,0,9,0,0,0,0,0,36,27,0,9
2003,"WEST FELICIANA",22125,53,34,1,0,18,0,0,0,0,0,53,34,1,18
1990,"WINN",22127,48,22,1,0,25,5,1,1,0,3,43,21,0,22
1991,"WINN",22127,62,25,0,0,37,6,2,0,0,4,56,23,0,33
1992,"WINN",22127,78,23,2,0,53,4,2,2,0,0,74,21,0,53
1993,"WINN",22127,50,16,0,0,34,0,0,0,0,0,50,16,0,34
1994,"WINN",22127,61,9,1,0,51,6,2,1,0,3,55,7,0,48
1995,"WINN",22127,97,32,1,1,63,7,2,1,1,3,90,30,0,60
1996,"WINN",22127,95,32,0,0,63,4,0,0,0,4,91,32,0,59
1997,"WINN",22127,106,23,0,0,83,9,1,0,0,8,97,22,0,75
1998,"WINN",22127,98,31,0,0,67,5,4,0,0,1,93,27,0,66
1999,"WINN",22127,83,40,0,0,43,7,2,0,0,5,76,38,0,38
2000,"WINN",22127,87,41,2,0,44,5,3,2,0,0,82,38,0,44
2001,"WINN",22127,92,44,0,0,48,6,4,0,0,2,86,40,0,46
2002,"WINN",22127,107,55,1,0,51,10,6,1,0,3,97,49,0,48
2003,"WINN",22127,112,51,1,0,60,3,1,1,0,1,109,50,0,59
1990,"ANDROSCOGGIN",23001,1,1,0,0,0,0,0,0,0,0,1,1,0,0
1991,"ANDROSCOGGIN",23001,219,169,1,0,49,25,20,1,0,4,194,149,0,45
1992,"ANDROSCOGGIN",23001,219,179,2,0,38,36,26,2,0,8,183,153,0,30
1993,"ANDROSCOGGIN",23001,152,132,1,0,19,16,14,1,0,1,136,118,0,18
1994,"ANDROSCOGGIN",23001,159,133,1,0,25,26,18,1,0,7,133,115,0,18
1995,"ANDROSCOGGIN",23001,195,172,1,0,22,22,16,0,0,6,173,156,1,16
1996,"ANDROSCOGGIN",23001,316,279,3,0,34,16,8,3,0,5,300,271,0,29
1997,"ANDROSCOGGIN",23001,427,388,4,0,35,29,16,4,0,9,398,372,0,26
1998,"ANDROSCOGGIN",23001,469,435,2,0,32,25,17,2,0,6,444,418,0,26
1999,"ANDROSCOGGIN",23001,411,375,0,0,36,19,14,0,0,5,392,361,0,31
2000,"ANDROSCOGGIN",23001,404,366,2,0,36,10,4,2,0,4,394,362,0,32
2001,"ANDROSCOGGIN",23001,495,465,0,0,30,8,6,0,0,2,487,459,0,28
2002,"ANDROSCOGGIN",23001,476,440,1,0,35,6,5,1,0,0,470,435,0,35
2003,"ANDROSCOGGIN",23001,485,451,2,0,32,5,1,2,0,2,480,450,0,30
1991,"AROOSTOOK",23003,227,220,2,0,5,31,28,2,0,1,196,192,0,4
1992,"AROOSTOOK",23003,186,174,5,0,7,32,27,5,0,0,154,147,0,7
1993,"AROOSTOOK",23003,149,146,0,0,3,17,17,0,0,0,132,129,0,3
1994,"AROOSTOOK",23003,111,105,1,0,5,11,9,1,0,1,100,96,0,4
1995,"AROOSTOOK",23003,184,180,2,0,2,24,22,2,0,0,160,158,0,2
1996,"AROOSTOOK",23003,274,263,6,0,5,27,22,4,0,1,247,241,2,4
1997,"AROOSTOOK",23003,353,350,0,1,2,26,24,0,1,1,327,326,0,1
1998,"AROOSTOOK",23003,388,378,2,0,8,36,31,2,0,3,352,347,0,5
1999,"AROOSTOOK",23003,0,0,0,0,0,0,0,0,0,0,0,0,0,0
2000,"AROOSTOOK",23003,392,381,2,0,9,22,20,2,0,0,370,361,0,9
2001,"AROOSTOOK",23003,362,356,2,0,4,25,23,2,0,0,337,333,0,4
2002,"AROOSTOOK",23003,366,356,2,0,8,19,17,2,0,0,347,339,0,8
2003,"AROOSTOOK",23003,354,345,0,0,9,11,10,0,0,1,343,335,0,8
1990,"CUMBERLAND",23005,3,1,0,0,2,0,0,0,0,0,3,1,0,2
1991,"CUMBERLAND",23005,520,355,20,0,145,74,48,19,0,7,446,307,1,138
1992,"CUMBERLAND",23005,546,412,12,0,122,102,72,11,0,19,444,340,1,103
1993,"CUMBERLAND",23005,411,339,8,0,64,80,56,8,0,16,331,283,0,48
1994,"CUMBERLAND",23005,419,325,13,0,81,78,48,13,0,17,341,277,0,64
1995,"CUMBERLAND",23005,489,405,10,0,74,57,32,10,0,15,432,373,0,59
1996,"CUMBERLAND",23005,623,513,5,0,105,59,34,5,0,20,564,479,0,85
1997,"CUMBERLAND",23005,875,752,5,2,116,77,50,5,2,20,798,702,0,96
1998,"CUMBERLAND",23005,846,737,5,0,104,48,29,5,0,14,798,708,0,90
1999,"CUMBERLAND",23005,790,697,6,0,87,46,28,6,0,12,744,669,0,75
2000,"CUMBERLAND",23005,679,597,8,0,74,39,24,8,0,7,640,573,0,67
2001,"CUMBERLAND",23005,755,663,6,0,86,21,13,6,0,2,734,650,0,84
2002,"CUMBERLAND",23005,734,631,2,0,101,23,18,2,0,3,711,613,0,98
2003,"CUMBERLAND",23005,781,679,3,0,99,25,19,3,0,3,756,660,0,96
1990,"FRANKLIN",23007,1,1,0,0,0,0,0,0,0,0,1,1,0,0
1991,"FRANKLIN",23007,31,22,0,0,9,6,4,0,0,2,25,18,0,7
1992,"FRANKLIN",23007,33,21,3,0,9,8,3,3,0,2,25,18,0,7
1993,"FRANKLIN",23007,28,22,0,0,6,3,1,0,0,2,25,21,0,4
1994,"FRANKLIN",23007,17,13,0,0,4,6,5,0,0,1,11,8,0,3
1995,"FRANKLIN",23007,31,30,0,0,1,5,5,0,0,0,26,25,0,1
1996,"FRANKLIN",23007,43,40,0,0,3,1,0,0,0,1,42,40,0,2
1997,"FRANKLIN",23007,55,54,0,0,1,5,4,0,0,1,50,50,0,0
1998,"FRANKLIN",23007,58,53,0,0,5,2,2,0,0,0,56,51,0,5
1999,"FRANKLIN",23007,61,54,0,0,7,6,2,0,0,4,55,52,0,3
2000,"FRANKLIN",23007,74,69,0,1,4,5,4,0,1,0,69,65,0,4
2001,"FRANKLIN",23007,52,48,1,0,3,2,1,1,0,0,50,47,0,3
2002,"FRANKLIN",23007,67,63,0,0,4,2,1,0,0,1,65,62,0,3
2003,"FRANKLIN",23007,61,55,0,0,6,0,0,0,0,0,61,55,0,6
1991,"HANCOCK",23009,57,55,2,0,0,11,9,2,0,0,46,46,0,0
1992,"HANCOCK",23009,52,51,0,0,1,13,12,0,0,1,39,39,0,0
1993,"HANCOCK",23009,55,53,1,0,1,6,5,1,0,0,49,48,0,1
1994,"HANCOCK",23009,37,36,1,0,0,7,6,1,0,0,30,30,0,0
1995,"HANCOCK",23009,58,57,0,0,1,8,8,0,0,0,50,49,0,1
1996,"HANCOCK",23009,96,93,2,0,1,9,7,2,0,0,87,86,0,1
1997,"HANCOCK",23009,107,104,0,0,3,5,5,0,0,0,102,99,0,3
1998,"HANCOCK",23009,138,132,0,0,6,7,6,0,0,1,131,126,0,5
1999,"HANCOCK",23009,0,0,0,0,0,0,0,0,0,0,0,0,0,0
2000,"HANCOCK",23009,150,146,1,0,3,4,2,1,0,1,146,144,0,2
2001,"HANCOCK",23009,175,167,1,0,7,6,5,1,0,0,169,162,0,7
2002,"HANCOCK",23009,165,153,0,0,12,2,2,0,0,0,163,151,0,12
2003,"HANCOCK",23009,155,143,0,1,11,4,1,0,1,2,151,142,0,9
1990,"KENNEBEC",23011,2,2,0,0,0,0,0,0,0,0,2,2,0,0
1991,"KENNEBEC",23011,186,146,6,0,34,36,22,6,0,8,150,124,0,26
1992,"KENNEBEC",23011,195,155,5,0,35,35,24,5,0,6,160,131,0,29
1993,"KENNEBEC",23011,147,123,4,1,19,32,19,4,1,8,115,104,0,11
1994,"KENNEBEC",23011,154,127,4,0,23,24,14,4,0,6,130,113,0,17
1995,"KENNEBEC",23011,222,197,2,0,23,23,14,2,0,7,199,183,0,16
1996,"KENNEBEC",23011,282,256,1,1,24,28,20,1,1,6,254,236,0,18
1997,"KENNEBEC",23011,385,364,1,0,20,23,19,1,0,3,362,345,0,17
1998,"KENNEBEC",23011,415,396,0,1,18,17,14,0,1,2,398,382,0,16
1999,"KENNEBEC",23011,415,395,1,1,18,16,13,1,1,1,399,382,0,17
2000,"KENNEBEC",23011,388,355,2,0,31,14,10,2,0,2,374,345,0,29
2001,"KENNEBEC",23011,406,367,0,0,39,10,7,0,0,3,396,360,0,36
2002,"KENNEBEC",23011,410,360,4,1,45,7,1,4,1,1,403,359,0,44
2003,"KENNEBEC",23011,485,436,1,0,48,4,3,1,0,0,481,433,0,48
1991,"KNOX",23013,41,36,1,0,4,15,11,1,0,3,26,25,0,1
1992,"KNOX",23013,44,33,3,0,8,11,8,2,0,1,33,25,1,7
1993,"KNOX",23013,50,43,3,0,4,16,11,3,0,2,34,32,0,2
1994,"KNOX",23013,37,31,1,0,5,6,5,1,0,0,31,26,0,5
1995,"KNOX",23013,48,42,0,0,6,6,4,0,0,2,42,38,0,4
1996,"KNOX",23013,67,56,0,2,9,11,6,0,2,3,56,50,0,6
1997,"KNOX",23013,98,83,0,0,15,12,6,0,0,6,86,77,0,9
1998,"KNOX",23013,132,119,0,0,13,15,9,0,0,6,117,110,0,7
1999,"KNOX",23013,0,0,0,0,0,0,0,0,0,0,0,0,0,0
2000,"KNOX",23013,103,95,0,0,8,4,4,0,0,0,99,91,0,8
2001,"KNOX",23013,102,92,0,0,10,4,3,0,0,1,98,89,0,9
2002,"KNOX",23013,94,83,0,0,11,4,3,0,0,1,90,80,0,10
2003,"KNOX",23013,108,96,0,0,12,5,5,0,0,0,103,91,0,12
1991,"LINCOLN",23015,38,25,4,0,9,11,5,4,0,2,27,20,0,7
1992,"LINCOLN",23015,48,32,0,0,16,9,8,0,0,1,39,24,0,15
1993,"LINCOLN",23015,45,34,2,0,9,8,5,2,0,1,37,29,0,8
1994,"LINCOLN",23015,41,30,3,0,8,9,3,3,0,3,32,27,0,5
1995,"LINCOLN",23015,35,25,0,0,10,7,4,0,0,3,28,21,0,7
1996,"LINCOLN",23015,64,53,0,0,11,11,7,0,0,4,53,46,0,7
1997,"LINCOLN",23015,74,62,0,0,12,9,4,0,0,5,65,58,0,7
1998,"LINCOLN",23015,82,76,0,0,6,6,6,0,0,0,76,70,0,6
1999,"LINCOLN",23015,0,0,0,0,0,0,0,0,0,0,0,0,0,0
2000,"LINCOLN",23015,70,57,0,0,13,4,4,0,0,0,66,53,0,13
2001,"LINCOLN",23015,102,85,0,0,17,2,2,0,0,0,100,83,0,17
2002,"LINCOLN",23015,88,80,0,0,8,1,0,0,0,1,87,80,0,7
2003,"LINCOLN",23015,101,90,0,0,11,3,1,0,0,2,98,89,0,9
1990,"OXFORD",23017,1,1,0,0,0,0,0,0,0,0,1,1,0,0
1991,"OXFORD",23017,78,50,1,1,26,14,9,1,1,3,64,41,0,23
1992,"OXFORD",23017,90,66,1,1,22,18,9,1,1,7,72,57,0,15
1993,"OXFORD",23017,85,66,1,0,18,20,16,1,0,3,65,50,0,15
1994,"OXFORD",23017,69,55,1,1,12,7,5,1,1,0,62,50,0,12
1995,"OXFORD",23017,82,64,1,1,16,15,11,1,1,2,67,53,0,14
1996,"OXFORD",23017,97,87,1,0,9,11,8,1,0,2,86,79,0,7
1997,"OXFORD",23017,162,141,2,0,19,18,11,2,0,5,144,130,0,14
1998,"OXFORD",23017,181,160,3,0,18,12,6,3,0,3,169,154,0,15
1999,"OXFORD",23017,176,163,0,0,13,12,11,0,0,1,164,152,0,12
2000,"OXFORD",23017,167,154,1,0,12,1,0,1,0,0,166,154,0,12
2001,"OXFORD",23017,187,168,1,1,17,5,3,1,1,0,182,165,0,17
2002,"OXFORD",23017,191,177,0,0,14,2,2,0,0,0,189,175,0,14
2003,"OXFORD",23017,216,194,0,0,22,0,0,0,0,0,216,194,0,22
1990,"PENOBSCOT",23019,177,165,4,0,8,23,19,4,0,0,154,146,0,8
1991,"PENOBSCOT",23019,245,231,4,0,10,32,25,4,0,3,213,206,0,7
1992,"PENOBSCOT",23019,221,206,6,0,9,36,29,6,0,1,185,177,0,8
1993,"PENOBSCOT",23019,218,209,4,0,5,30,26,4,0,0,188,183,0,5
1994,"PENOBSCOT",23019,211,205,3,0,3,33,29,3,0,1,178,176,0,2
1995,"PENOBSCOT",23019,247,242,2,0,3,18,15,2,0,1,229,227,0,2
1996,"PENOBSCOT",23019,380,364,2,0,14,29,24,2,0,3,351,340,0,11
1997,"PENOBSCOT",23019,555,538,0,0,17,26,20,0,0,6,529,518,0,11
1998,"PENOBSCOT",23019,603,586,0,0,17,20,17,0,0,3,583,569,0,14
1999,"PENOBSCOT",23019,507,504,0,0,3,16,15,0,0,1,491,489,0,2
2000,"PENOBSCOT",23019,587,573,2,0,12,10,8,2,0,0,577,565,0,12
2001,"PENOBSCOT",23019,704,689,4,0,11,23,18,4,0,1,681,671,0,10
2002,"PENOBSCOT",23019,620,601,6,0,13,11,5,6,0,0,609,596,0,13
2003,"PENOBSCOT",23019,670,649,1,0,20,9,8,1,0,0,661,641,0,20
1990,"PISCATAQUIS",23021,33,33,0,0,0,9,9,0,0,0,24,24,0,0
1991,"PISCATAQUIS",23021,27,27,0,0,0,3,3,0,0,0,24,24,0,0
1992,"PISCATAQUIS",23021,21,19,0,0,2,2,2,0,0,0,19,17,0,2
1993,"PISCATAQUIS",23021,23,21,0,2,0,5,3,0,2,0,18,18,0,0
1994,"PISCATAQUIS",23021,25,23,0,0,2,4,4,0,0,0,21,19,0,2
1995,"PISCATAQUIS",23021,21,21,0,0,0,3,3,0,0,0,18,18,0,0
1996,"PISCATAQUIS",23021,39,36,1,0,2,6,4,1,0,1,33,32,0,1
1997,"PISCATAQUIS",23021,77,77,0,0,0,1,1,0,0,0,76,76,0,0
1998,"PISCATAQUIS",23021,52,51,0,0,1,2,2,0,0,0,50,49,0,1
1999,"PISCATAQUIS",23021,64,63,0,0,1,3,2,0,0,1,61,61,0,0
2000,"PISCATAQUIS",23021,84,81,0,0,3,3,3,0,0,0,81,78,0,3
2001,"PISCATAQUIS",23021,96,93,0,0,3,1,1,0,0,0,95,92,0,3
2002,"PISCATAQUIS",23021,88,87,0,0,1,1,1,0,0,0,87,86,0,1
2003,"PISCATAQUIS",23021,77,72,0,0,5,0,0,0,0,0,77,72,0,5
1990,"SAGADAHOC",23023,49,38,2,0,9,7,5,2,0,0,42,33,0,9
1991,"SAGADAHOC",23023,69,53,1,0,15,9,6,1,0,2,60,47,0,13
1992,"SAGADAHOC",23023,69,54,1,0,14,6,2,1,0,3,63,52,0,11
1993,"SAGADAHOC",23023,61,54,0,0,7,3,2,0,0,1,58,52,0,6
1994,"SAGADAHOC",23023,50,41,0,0,9,4,3,0,0,1,46,38,0,8
1995,"SAGADAHOC",23023,46,40,0,0,6,3,1,0,0,2,43,39,0,4
1996,"SAGADAHOC",23023,93,81,0,0,12,2,2,0,0,0,91,79,0,12
1997,"SAGADAHOC",23023,105,92,1,0,12,7,6,1,0,0,98,86,0,12
1998,"SAGADAHOC",23023,115,103,0,0,12,6,4,0,0,2,109,99,0,10
1999,"SAGADAHOC",23023,98,92,0,0,6,2,2,0,0,0,96,90,0,6
2000,"SAGADAHOC",23023,102,92,0,0,10,5,5,0,0,0,97,87,0,10
2001,"SAGADAHOC",23023,117,105,3,0,9,4,1,3,0,0,113,104,0,9
2002,"SAGADAHOC",23023,114,102,0,0,12,2,1,0,0,1,112,101,0,11
2003,"SAGADAHOC",23023,107,89,0,0,18,1,1,0,0,0,106,88,0,18
1990,"SOMERSET",23025,50,44,0,0,6,5,5,0,0,0,45,39,0,6
1991,"SOMERSET",23025,68,61,1,0,6,16,12,1,0,3,52,49,0,3
1992,"SOMERSET",23025,75,69,0,0,6,9,7,0,0,2,66,62,0,4
1993,"SOMERSET",23025,57,53,1,0,3,5,3,1,0,1,52,50,0,2
1994,"SOMERSET",23025,62,54,1,0,7,13,10,1,0,2,49,44,0,5
1995,"SOMERSET",23025,88,84,0,0,4,10,8,0,0,2,78,76,0,2
1996,"SOMERSET",23025,110,105,0,0,5,5,3,0,0,2,105,102,0,3
1997,"SOMERSET",23025,166,165,0,0,1,11,10,0,0,1,155,155,0,0
1998,"SOMERSET",23025,190,184,2,0,4,7,4,2,0,1,183,180,0,3
1999,"SOMERSET",23025,176,173,0,0,3,4,2,0,0,2,172,171,0,1
2000,"SOMERSET",23025,158,153,0,1,4,6,4,0,1,1,152,149,0,3
2001,"SOMERSET",23025,231,221,1,0,9,8,7,1,0,0,223,214,0,9
2002,"SOMERSET",23025,185,176,0,0,9,3,3,0,0,0,182,173,0,9
2003,"SOMERSET",23025,189,180,2,0,7,6,3,2,0,1,183,177,0,6
1990,"WALDO",23027,26,24,0,0,2,5,4,0,0,1,21,20,0,1
1991,"WALDO",23027,45,40,0,0,5,8,7,0,0,1,37,33,0,4
1992,"WALDO",23027,30,27,0,0,3,6,5,0,0,1,24,22,0,2
1993,"WALDO",23027,55,47,3,0,5,21,14,3,0,4,34,33,0,1
1994,"WALDO",23027,33,29,0,0,4,6,5,0,0,1,27,24,0,3
1995,"WALDO",23027,48,40,0,0,8,8,5,0,0,3,40,35,0,5
1996,"WALDO",23027,80,68,0,1,11,8,5,0,1,2,72,63,0,9
1997,"WALDO",23027,87,81,0,0,6,8,4,0,0,4,79,77,0,2
1998,"WALDO",23027,108,98,2,0,8,7,4,2,0,1,101,94,0,7
1999,"WALDO",23027,106,99,0,0,7,3,2,0,0,1,103,97,0,6
2000,"WALDO",23027,101,96,0,0,5,4,3,0,0,1,97,93,0,4
2001,"WALDO",23027,99,94,0,1,4,5,4,0,1,0,94,90,0,4
2002,"WALDO",23027,116,110,0,0,6,2,1,0,0,1,114,109,0,5
2003,"WALDO",23027,135,127,0,0,8,2,2,0,0,0,133,125,0,8
1990,"WASHINGTON",23029,29,26,1,0,2,3,2,1,0,0,26,24,0,2
1991,"WASHINGTON",23029,34,31,0,0,3,2,2,0,0,0,32,29,0,3
1992,"WASHINGTON",23029,31,28,2,0,1,8,6,2,0,0,23,22,0,1
1993,"WASHINGTON",23029,22,20,1,0,1,2,1,1,0,0,20,19,0,1
1994,"WASHINGTON",23029,45,43,0,0,2,3,3,0,0,0,42,40,0,2
1995,"WASHINGTON",23029,48,45,0,0,3,7,6,0,0,1,41,39,0,2
1996,"WASHINGTON",23029,57,53,1,0,3,6,4,1,0,1,51,49,0,2
1997,"WASHINGTON",23029,90,85,0,1,4,3,1,0,1,1,87,84,0,3
1998,"WASHINGTON",23029,110,110,0,0,0,3,3,0,0,0,107,107,0,0
1999,"WASHINGTON",23029,125,123,0,0,2,2,2,0,0,0,123,121,0,2
2000,"WASHINGTON",23029,116,113,2,0,1,3,1,2,0,0,113,112,0,1
2001,"WASHINGTON",23029,140,136,0,0,4,0,0,0,0,0,140,136,0,4
2002,"WASHINGTON",23029,133,124,0,0,9,1,1,0,0,0,132,123,0,9
2003,"WASHINGTON",23029,152,145,0,0,7,2,2,0,0,0,150,143,0,7
1990,"YORK",23031,343,177,11,0,155,64,34,11,0,19,279,143,0,136
1991,"YORK",23031,425,251,23,0,151,60,28,23,0,9,365,223,0,142
1992,"YORK",23031,381,271,12,0,98,66,39,10,0,17,315,232,2,81
1993,"YORK",23031,332,231,8,0,93,58,34,8,0,16,274,197,0,77
1994,"YORK",23031,285,215,7,0,63,59,41,7,0,11,226,174,0,52
1995,"YORK",23031,361,269,4,0,88,55,28,4,0,23,306,241,0,65
1996,"YORK",23031,454,347,3,0,104,33,17,3,0,13,421,330,0,91
1997,"YORK",23031,611,494,3,0,114,50,31,3,0,16,561,463,0,98
1998,"YORK",23031,635,517,0,0,118,31,19,0,0,12,604,498,0,106
1999,"YORK",23031,567,471,1,0,95,24,16,1,0,7,543,455,0,88
2000,"YORK",23031,471,383,1,0,87,25,15,1,0,9,446,368,0,78
2001,"YORK",23031,535,467,5,0,63,28,20,5,0,3,507,447,0,60
2002,"YORK",23031,584,488,2,0,94,16,8,2,0,6,568,480,0,88
2003,"YORK",23031,589,489,3,0,97,29,18,3,0,8,560,471,0,89
1990,"ALLEGANY",24001,52,49,1,0,2,9,8,1,0,0,43,41,0,2
1991,"ALLEGANY",24001,83,73,2,0,8,11,9,2,0,0,72,64,0,8
1992,"ALLEGANY",24001,105,95,4,0,6,18,13,4,0,1,87,82,0,5
1993,"ALLEGANY",24001,95,80,6,0,9,13,5,6,0,2,82,75,0,7
1994,"ALLEGANY",24001,84,81,1,0,2,5,4,1,0,0,79,77,0,2
1995,"ALLEGANY",24001,100,97,1,0,2,3,2,1,0,0,97,95,0,2
1996,"ALLEGANY",24001,145,137,0,0,8,10,9,0,0,1,135,128,0,7
1997,"ALLEGANY",24001,193,171,5,0,17,14,8,5,0,1,179,163,0,16
1998,"ALLEGANY",24001,216,193,1,0,22,4,3,1,0,0,212,190,0,22
1999,"ALLEGANY",24001,216,186,1,0,29,4,3,1,0,0,212,183,0,29
2000,"ALLEGANY",24001,197,173,0,0,24,4,3,0,0,1,193,170,0,23
2001,"ALLEGANY",24001,307,261,0,0,46,2,1,0,0,1,305,260,0,45
2002,"ALLEGANY",24001,274,223,0,0,51,4,4,0,0,0,270,219,0,51
2003,"ALLEGANY",24001,326,280,0,0,46,2,2,0,0,0,324,278,0,46
1990,"ANNE ARUNDEL",24003,931,671,42,0,218,111,63,41,0,7,820,608,1,211
1991,"ANNE ARUNDEL",24003,1402,1015,67,0,320,161,82,64,0,15,1241,933,3,305
1992,"ANNE ARUNDEL",24003,1642,1254,60,0,328,138,58,53,0,27,1504,1196,7,301
1993,"ANNE ARUNDEL",24003,1521,1150,30,0,341,140,92,30,0,18,1381,1058,0,323
1994,"ANNE ARUNDEL",24003,1487,1150,41,0,296,115,60,40,0,15,1372,1090,1,281
1995,"ANNE ARUNDEL",24003,1694,1343,22,0,329,110,71,21,0,18,1584,1272,1,311
1996,"ANNE ARUNDEL",24003,2327,1825,28,0,474,103,62,25,0,16,2224,1763,3,458
1997,"ANNE ARUNDEL",24003,2948,2296,34,0,618,135,84,30,0,21,2813,2212,4,597
1998,"ANNE ARUNDEL",24003,3159,2503,19,0,637,110,82,17,0,11,3049,2421,2,626
1999,"ANNE ARUNDEL",24003,2831,2173,6,0,652,85,64,6,0,15,2746,2109,0,637
2000,"ANNE ARUNDEL",24003,2568,1892,14,0,662,73,47,12,0,14,2495,1845,2,648
2001,"ANNE ARUNDEL",24003,2945,2225,21,0,699,122,80,18,0,24,2823,2145,3,675
2002,"ANNE ARUNDEL",24003,2922,2115,21,0,786,87,47,19,0,21,2835,2068,2,765
2003,"ANNE ARUNDEL",24003,2792,2015,24,0,753,76,37,24,0,15,2716,1978,0,738
1990,"BALTIMORE",24005,1765,1180,69,0,516,176,93,68,0,15,1589,1087,1,501
1991,"BALTIMORE (COU",24005,2502,1646,57,2,797,206,130,56,2,18,2296,1516,1,779
1992,"BALTIMORE (COU",24005,2579,1938,73,2,566,188,97,67,2,22,2391,1841,6,544
1993,"BALTIMORE (COU",24005,2532,1919,38,0,575,200,128,38,0,34,2332,1791,0,541
1994,"BALTIMORE (COU",24005,2595,1959,51,1,584,172,97,48,1,26,2423,1862,3,558
1995,"BALTIMORE (COU",24005,2835,2174,34,0,627,162,101,33,0,28,2673,2073,1,599
1996,"BALTIMORE (COU",24005,3688,2815,40,0,833,169,109,38,0,22,3519,2706,2,811
1997,"BALTIMORE (COU",24005,4671,3539,34,0,1098,211,149,33,0,29,4460,3390,1,1069
1998,"BALTIMORE (COU",24005,5137,3861,26,0,1250,150,106,22,0,22,4987,3755,4,1228
1999,"BALTIMORE",24005,4504,3154,23,0,1327,103,55,21,0,27,4401,3099,2,1300
2000,"BALTIMORE (COU",24005,5463,3551,449,0,1463,541,72,447,0,22,4922,3479,2,1441
2001,"BALTIMORE (COU",24005,6148,4313,45,0,1790,156,85,42,0,29,5992,4228,3,1761
2002,"BALTIMORE (COU",24005,6298,4362,24,0,1912,114,72,21,0,21,6184,4290,3,1891
2003,"BALTIMORE (COU",24005,6424,4652,15,1,1756,87,64,13,1,9,6337,4588,2,1747
1991,"BALTIMORE",24007,165,140,0,0,25,9,9,0,0,0,156,131,0,25
1992,"BALTIMORE",24007,136,111,4,0,21,7,3,3,0,1,129,108,1,20
1993,"BALTIMORE",24007,5,0,1,0,4,1,0,1,0,0,4,0,0,4
1994,"BALTIMORE",24007,4,4,0,0,0,0,0,0,0,0,4,4,0,0
1995,"BALTIMORE",24007,1,0,0,0,1,0,0,0,0,0,1,0,0,1
1996,"BALTIMORE",24007,4,4,0,0,0,0,0,0,0,0,4,4,0,0
1997,"BALTIMORE",24007,5,4,1,0,0,3,2,1,0,0,2,2,0,0
1998,"BALTIMORE",24007,1,1,0,0,0,1,1,0,0,0,0,0,0,0
2000,"BALTIMORE",24007,2,1,0,0,1,0,0,0,0,0,2,1,0,1
2001,"BALTIMORE",24007,2,2,0,0,0,0,0,0,0,0,2,2,0,0
2002,"BALTIMORE",24007,1,1,0,0,0,0,0,0,0,0,1,1,0,0
1990,"CALVERT",24009,79,41,2,0,36,13,6,2,0,5,66,35,0,31
1991,"CALVERT",24009,117,78,3,0,36,17,11,2,0,4,100,67,1,32
1992,"CALVERT",24009,167,121,3,0,43,18,14,3,0,1,149,107,0,42
1993,"CALVERT",24009,172,120,7,0,45,22,13,7,0,2,150,107,0,43
1994,"CALVERT",24009,176,138,1,0,37,8,5,1,0,2,168,133,0,35
1995,"CALVERT",24009,200,140,2,0,58,15,11,2,0,2,185,129,0,56
1996,"CALVERT",24009,294,227,7,0,60,18,8,7,0,3,276,219,0,57
1997,"CALVERT",24009,403,294,3,0,106,26,16,3,0,7,377,278,0,99
1998,"CALVERT",24009,470,351,0,0,119,18,15,0,0,3,452,336,0,116
1999,"CALVERT",24009,414,266,3,0,145,11,6,2,0,3,403,260,1,142
2000,"CALVERT",24009,383,251,0,0,132,6,1,0,0,5,377,250,0,127
2001,"CALVERT",24009,435,294,0,0,141,6,5,0,0,1,429,289,0,140
2002,"CALVERT",24009,404,268,1,0,135,5,2,1,0,2,399,266,0,133
2003,"CALVERT",24009,444,257,1,0,186,3,2,1,0,0,441,255,0,186
1990,"CAROLINE",24011,44,41,0,0,3,4,4,0,0,0,40,37,0,3
1991,"CAROLINE",24011,70,66,2,0,2,11,9,2,0,0,59,57,0,2
1992,"CAROLINE",24011,81,67,1,0,13,10,9,1,0,0,71,58,0,13
1993,"CAROLINE",24011,65,59,0,0,6,7,5,0,0,2,58,54,0,4
1994,"CAROLINE",24011,69,60,2,2,5,7,3,2,2,0,62,57,0,5
1995,"CAROLINE",24011,80,71,2,0,7,7,3,2,0,2,73,68,0,5
1996,"CAROLINE",24011,95,82,0,0,13,8,7,0,0,1,87,75,0,12
1997,"CAROLINE",24011,132,121,0,0,11,8,7,0,0,1,124,114,0,10
1998,"CAROLINE",24011,150,125,1,0,24,8,5,1,0,2,142,120,0,22
1999,"CAROLINE",24011,125,97,1,0,27,4,2,1,0,1,121,95,0,26
2000,"CAROLINE",24011,126,103,0,0,23,5,5,0,0,0,121,98,0,23
2001,"CAROLINE",24011,177,141,0,0,36,6,5,0,0,1,171,136,0,35
2002,"CAROLINE",24011,164,126,0,0,38,10,9,0,0,1,154,117,0,37
2003,"CAROLINE",24011,200,146,0,0,54,4,3,0,0,1,196,143,0,53
1990,"CARROLL",24013,171,131,4,0,36,17,12,4,0,1,154,119,0,35
1991,"CARROLL",24013,301,234,10,0,57,40,25,10,0,5,261,209,0,52
1992,"CARROLL",24013,382,307,3,0,72,38,30,3,0,5,344,277,0,67
1993,"CARROLL",24013,364,268,10,0,86,40,27,10,0,3,324,241,0,83
1994,"CARROLL",24013,314,232,8,0,74,37,22,8,0,7,277,210,0,67
1995,"CARROLL",24013,384,323,8,2,51,38,24,8,2,4,346,299,0,47
1996,"CARROLL",24013,521,427,3,0,91,27,20,3,0,4,494,407,0,87
1997,"CARROLL",24013,768,636,4,1,127,57,43,4,1,9,711,593,0,118
1998,"CARROLL",24013,709,564,3,0,142,43,29,2,0,12,666,535,1,130
1999,"CARROLL",24013,658,529,14,1,114,31,13,14,1,3,627,516,0,111
2000,"CARROLL",24013,582,460,2,0,120,18,16,2,0,0,564,444,0,120
2001,"CARROLL",24013,726,579,3,0,144,21,13,3,0,5,705,566,0,139
2002,"CARROLL",24013,662,464,6,0,192,18,13,4,0,1,644,451,2,191
2003,"CARROLL",24013,677,477,5,0,195,14,8,5,0,1,663,469,0,194
1990,"CECIL",24015,104,81,6,0,17,13,6,6,0,1,91,75,0,16
1991,"CECIL",24015,175,145,4,0,26,23,18,4,0,1,152,127,0,25
1992,"CECIL",24015,192,165,3,0,24,20,14,3,0,3,172,151,0,21
1993,"CECIL",24015,191,161,6,0,24,18,11,6,0,1,173,150,0,23
1994,"CECIL",24015,183,155,2,0,26,12,9,2,0,1,171,146,0,25
1995,"CECIL",24015,171,140,2,0,29,12,9,2,0,1,159,131,0,28
1996,"CECIL",24015,286,245,2,0,39,11,7,2,0,2,275,238,0,37
1997,"CECIL",24015,351,313,1,0,37,25,23,1,0,1,326,290,0,36
1998,"CECIL",24015,406,321,3,0,82,20,15,2,0,3,386,306,1,79
1999,"CECIL",24015,384,303,0,0,81,11,10,0,0,1,373,293,0,80
2000,"CECIL",24015,322,243,2,0,77,11,8,1,0,2,311,235,1,75
2001,"CECIL",24015,511,396,3,0,112,27,17,3,0,7,484,379,0,105
2002,"CECIL",24015,431,321,0,0,110,10,9,0,0,1,421,312,0,109
2003,"CECIL",24015,487,338,1,0,148,7,4,1,0,2,480,334,0,146
1990,"CHARLES",24017,225,159,4,0,62,35,26,4,0,5,190,133,0,57
1991,"CHARLES",24017,322,223,3,0,96,33,26,3,0,4,289,197,0,92
1992,"CHARLES",24017,378,272,8,0,98,45,31,8,0,6,333,241,0,92
1993,"CHARLES",24017,403,296,8,0,99,38,18,8,0,12,365,278,0,87
1994,"CHARLES",24017,383,295,11,0,77,24,12,11,0,1,359,283,0,76
1995,"CHARLES",24017,440,326,9,0,105,34,19,9,0,6,406,307,0,99
1996,"CHARLES",24017,630,460,8,0,162,46,29,7,0,10,584,431,1,152
1997,"CHARLES",24017,806,557,8,0,241,43,29,8,0,6,763,528,0,235
1998,"CHARLES",24017,922,656,2,0,264,41,26,1,0,14,881,630,1,250
1999,"CHARLES",24017,900,585,6,0,309,31,20,6,0,5,869,565,0,304
2000,"CHARLES",24017,807,545,2,0,260,16,8,2,0,6,791,537,0,254
2001,"CHARLES",24017,985,630,2,0,353,10,8,2,0,0,975,622,0,353
2002,"CHARLES",24017,1005,609,2,0,394,5,3,2,0,0,1000,606,0,394
2003,"CHARLES",24017,817,460,1,0,356,2,1,1,0,0,815,459,0,356
1990,"DORCHESTER",24019,38,34,1,0,3,6,4,1,0,1,32,30,0,2
1991,"DORCHESTER",24019,56,42,2,0,12,8,5,2,0,1,48,37,0,11
1992,"DORCHESTER",24019,95,87,1,0,7,5,4,1,0,0,90,83,0,7
1993,"DORCHESTER",24019,72,66,0,0,6,2,2,0,0,0,70,64,0,6
1994,"DORCHESTER",24019,66,62,0,0,4,3,2,0,0,1,63,60,0,3
1995,"DORCHESTER",24019,77,68,0,0,9,10,9,0,0,1,67,59,0,8
1996,"DORCHESTER",24019,90,83,0,1,6,8,6,0,1,1,82,77,0,5
1997,"DORCHESTER",24019,126,113,0,0,13,8,7,0,0,1,118,106,0,12
1998,"DORCHESTER",24019,127,113,0,0,14,4,4,0,0,0,123,109,0,14
1999,"DORCHESTER",24019,132,115,0,0,17,3,3,0,0,0,129,112,0,17
2000,"DORCHESTER",24019,115,97,1,0,17,8,7,1,0,0,107,90,0,17
2001,"DORCHESTER",24019,136,120,0,0,16,12,11,0,0,1,124,109,0,15
2002,"DORCHESTER",24019,162,143,0,0,19,12,12,0,0,0,150,131,0,19
2003,"DORCHESTER",24019,169,138,0,0,31,4,3,0,0,1,165,135,0,30
1990,"FREDERICK",24021,277,204,25,0,48,64,34,25,0,5,213,170,0,43
1991,"FREDERICK",24021,405,323,19,0,63,54,32,19,0,3,351,291,0,60
1992,"FREDERICK",24021,456,381,12,1,62,80,56,12,1,11,376,325,0,51
1993,"FREDERICK",24021,483,389,10,1,83,93,66,10,1,16,390,323,0,67
1994,"FREDERICK",24021,452,369,8,0,75,41,28,8,0,5,411,341,0,70
1995,"FREDERICK",24021,552,474,6,1,71,61,47,6,1,7,491,427,0,64
1996,"FREDERICK",24021,799,692,5,1,101,69,54,5,1,9,730,638,0,92
1997,"FREDERICK",24021,1067,887,6,3,171,83,62,5,3,13,984,825,1,158
1998,"FREDERICK",24021,1103,846,10,2,245,64,37,10,2,15,1039,809,0,230
1999,"FREDERICK",24021,929,719,5,1,204,29,19,4,1,5,900,700,1,199
2000,"FREDERICK",24021,821,587,3,0,231,17,10,3,0,4,804,577,0,227
2001,"FREDERICK",24021,964,657,4,0,303,16,9,3,0,4,948,648,1,299
2002,"FREDERICK",24021,985,684,2,0,299,13,10,2,0,1,972,674,0,298
2003,"FREDERICK",24021,868,620,6,0,242,12,6,6,0,0,856,614,0,242
1990,"GARRETT",24023,31,25,1,1,4,9,6,1,1,1,22,19,0,3
1991,"GARRETT",24023,40,37,2,0,1,11,8,2,0,1,29,29,0,0
1992,"GARRETT",24023,27,25,1,0,1,4,2,1,0,1,23,23,0,0
1993,"GARRETT",24023,23,21,0,0,2,2,1,0,0,1,21,20,0,1
1994,"GARRETT",24023,34,30,1,0,3,4,3,1,0,0,30,27,0,3
1995,"GARRETT",24023,42,38,0,0,4,6,6,0,0,0,36,32,0,4
1996,"GARRETT",24023,43,39,0,0,4,3,2,0,0,1,40,37,0,3
1997,"GARRETT",24023,66,62,1,0,3,4,3,1,0,0,62,59,0,3
1998,"GARRETT",24023,73,62,2,0,9,4,2,2,0,0,69,60,0,9
1999,"GARRETT",24023,80,69,0,0,11,3,3,0,0,0,77,66,0,11
2000,"GARRETT",24023,73,57,0,0,16,3,3,0,0,0,70,54,0,16
2001,"GARRETT",24023,113,92,1,0,20,5,3,1,0,1,108,89,0,19
2002,"GARRETT",24023,97,77,0,0,20,0,0,0,0,0,97,77,0,20
2003,"GARRETT",24023,114,100,0,0,14,1,1,0,0,0,113,99,0,14
1990,"HARFORD",24025,359,253,20,0,86,46,20,20,0,6,313,233,0,80
1991,"HARFORD",24025,512,407,16,1,88,52,30,16,1,5,460,377,0,83
1992,"HARFORD",24025,587,470,16,0,101,38,19,15,0,4,549,451,1,97
1993,"HARFORD",24025,580,454,6,0,120,61,44,6,0,11,519,410,0,109
1994,"HARFORD",24025,587,434,48,0,105,77,24,48,0,5,510,410,0,100
1995,"HARFORD",24025,845,547,185,0,113,224,29,185,0,10,621,518,0,103
1996,"HARFORD",24025,975,771,39,0,165,86,39,38,0,9,889,732,1,156
1997,"HARFORD",24025,1215,957,7,0,251,57,43,7,0,7,1158,914,0,244
1998,"HARFORD",24025,1277,1038,8,0,231,54,42,7,0,5,1223,996,1,226
1999,"HARFORD",24025,1129,870,3,0,256,33,24,3,0,6,1096,846,0,250
2000,"HARFORD",24025,1118,820,5,0,293,37,26,5,0,6,1081,794,0,287
2001,"HARFORD",24025,1323,1020,3,0,300,51,39,3,0,9,1272,981,0,291
2002,"HARFORD",24025,1445,1064,4,0,377,55,43,4,0,8,1390,1021,0,369
2003,"HARFORD",24025,1374,991,2,0,381,28,19,1,0,8,1346,972,1,373
1990,"HOWARD",24027,316,231,18,0,67,46,26,18,0,2,270,205,0,65
1991,"HOWARD",24027,466,340,32,0,94,78,39,32,0,7,388,301,0,87
1992,"HOWARD",24027,507,382,28,0,97,58,25,25,0,8,449,357,3,89
1993,"HOWARD",24027,473,346,18,0,109,65,37,17,0,11,408,309,1,98
1994,"HOWARD",24027,518,389,20,0,109,69,39,19,0,11,449,350,1,98
1995,"HOWARD",24027,550,427,12,0,111,52,35,11,0,6,498,392,1,105
1996,"HOWARD",24027,778,590,23,1,164,50,24,21,1,4,728,566,2,160
1997,"HOWARD",24027,945,740,14,0,191,77,52,14,0,11,868,688,0,180
1998,"HOWARD",24027,1070,847,4,0,219,62,55,4,0,3,1008,792,0,216
1999,"HOWARD",24027,907,671,9,0,227,34,23,9,0,2,873,648,0,225
2000,"HOWARD",24027,838,601,7,0,230,38,28,5,0,5,800,573,2,225
2001,"HOWARD",24027,995,682,54,0,259,94,34,54,0,6,901,648,0,253
2002,"HOWARD",24027,954,691,12,0,251,44,31,12,0,1,910,660,0,250
2003,"HOWARD",24027,801,572,12,0,217,27,15,10,0,2,774,557,2,215
1990,"KENT",24029,12,10,0,0,2,2,2,0,0,0,10,8,0,2
1991,"KENT",24029,26,20,5,0,1,8,3,5,0,0,18,17,0,1
1992,"KENT",24029,36,26,3,0,7,1,0,1,0,0,35,26,2,7
1993,"KENT",24029,29,27,0,0,2,7,7,0,0,0,22,20,0,2
1994,"KENT",24029,25,20,2,0,3,5,3,2,0,0,20,17,0,3
1995,"KENT",24029,28,22,2,0,4,3,1,2,0,0,25,21,0,4
1996,"KENT",24029,46,38,0,0,8,2,2,0,0,0,44,36,0,8
1997,"KENT",24029,48,38,1,0,9,3,1,1,0,1,45,37,0,8
1998,"KENT",24029,63,49,0,0,14,2,2,0,0,0,61,47,0,14
1999,"KENT",24029,74,59,0,0,15,2,2,0,0,0,72,57,0,15
2000,"KENT",24029,67,47,3,0,17,4,1,3,0,0,63,46,0,17
2001,"KENT",24029,65,51,0,0,14,3,3,0,0,0,62,48,0,14
2002,"KENT",24029,71,56,0,0,15,0,0,0,0,0,71,56,0,15
2003,"KENT",24029,88,60,0,0,28,1,1,0,0,0,87,59,0,28
1990,"MONTGOMERY",24031,1297,913,112,0,272,306,175,110,0,21,991,738,2,251
1991,"MONTGOMERY",24031,2001,1404,162,0,435,351,174,151,0,26,1650,1230,11,409
1992,"MONTGOMERY",24031,2331,1714,180,0,437,415,204,175,0,36,1916,1510,5,401
1993,"MONTGOMERY",24031,2120,1618,135,0,367,374,200,134,0,40,1746,1418,1,327
1994,"MONTGOMERY",24031,2000,1499,116,0,385,275,136,107,0,32,1725,1363,9,353
1995,"MONTGOMERY",24031,2300,1735,88,2,475,319,181,87,2,49,1981,1554,1,426
1996,"MONTGOMERY",24031,3019,2302,87,0,630,390,251,83,0,56,2629,2051,4,574
1997,"MONTGOMERY",24031,3764,2979,67,0,718,366,233,62,0,71,3398,2746,5,647
1998,"MONTGOMERY",24031,4240,3383,60,0,797,250,150,53,0,47,3990,3233,7,750
1999,"MONTGOMERY",24031,3675,2772,43,0,860,151,92,39,0,20,3524,2680,4,840
2000,"MONTGOMERY",24031,3057,2256,33,0,768,91,55,29,0,7,2966,2201,4,761
2001,"MONTGOMERY",24031,3136,2239,42,0,855,85,40,37,0,8,3051,2199,5,847
2002,"MONTGOMERY",24031,2942,2042,54,0,846,86,39,44,0,3,2856,2003,10,843
2003,"MONTGOMERY",24031,2442,1679,49,1,713,81,36,44,1,0,2361,1643,5,713
1990,"PRINCE GEORGE'S",24033,2173,1007,77,0,1089,259,110,76,0,73,1914,897,1,1016
1991,"PRINCE GEORGE'",24033,3014,1558,119,0,1337,296,124,111,0,61,2718,1434,8,1276
1992,"PRINCE GEORGE'",24033,3481,1957,102,1,1421,298,133,100,1,64,3183,1824,2,1357
1993,"PRINCE GEORGE'",24033,3437,1915,86,0,1436,256,113,84,0,59,3181,1802,2,1377
1994,"PRINCE GEORGE'",24033,3374,1920,54,0,1400,200,100,54,0,46,3174,1820,0,1354
1995,"PRINCE GEORGE'",24033,4075,2306,66,0,1703,248,117,63,0,68,3827,2189,3,1635
1996,"PRINCE GEORGE'",24033,5419,3153,67,0,2199,261,134,65,0,62,5158,3019,2,2137
1997,"PRINCE GEORGE'",24033,7474,4483,66,0,2925,313,164,63,0,86,7161,4319,3,2839
1998,"PRINCE GEORGE'",24033,8938,5598,46,0,3294,221,106,42,0,73,8717,5492,4,3221
1999,"PRINCE GEORGE'S",24033,8177,4855,49,0,3273,160,72,48,0,40,8017,4783,1,3233
2000,"PRINCE GEORGE'",24033,7612,4346,20,0,3246,86,49,17,0,20,7526,4297,3,3226
2001,"PRINCE GEORGE'",24033,8545,5119,30,0,3396,74,42,22,0,10,8471,5077,8,3386
2002,"PRINCE GEORGE'",24033,8225,4485,18,2,3720,56,31,17,2,6,8169,4454,1,3714
2003,"PRINCE GEORGE'",24033,7480,3986,28,0,3466,54,27,23,0,4,7426,3959,5,3462
1990,"QUEEN ANNE'S",24035,53,40,2,0,11,12,8,2,0,2,41,32,0,9
1991,"QUEEN ANNE'S",24035,65,50,4,0,11,17,12,4,0,1,48,38,0,10
1992,"QUEEN ANNE'S",24035,119,90,7,0,22,16,6,7,0,3,103,84,0,19
1993,"QUEEN ANNE'S",24035,97,79,3,0,15,16,11,3,0,2,81,68,0,13
1994,"QUEEN ANNE'S",24035,95,75,8,0,12,15,7,7,0,1,80,68,1,11
1995,"QUEEN ANNE'S",24035,91,70,3,0,18,5,2,3,0,0,86,68,0,18
1996,"QUEEN ANNE'S",24035,140,115,3,0,22,12,8,3,0,1,128,107,0,21
1997,"QUEEN ANNE'S",24035,189,158,1,0,30,12,8,0,0,4,177,150,1,26
1998,"QUEEN ANNE'S",24035,183,144,2,0,37,6,4,2,0,0,177,140,0,37
1999,"QUEEN ANNE'S",24035,172,127,4,0,41,10,5,4,0,1,162,122,0,40
2000,"QUEEN ANNE'S",24035,158,116,0,0,42,4,4,0,0,0,154,112,0,42
2001,"QUEEN ANNE'S",24035,181,133,1,0,47,9,7,1,0,1,172,126,0,46
2002,"QUEEN ANNE'S",24035,185,133,1,0,51,9,8,1,0,0,176,125,0,51
2003,"QUEEN ANNE'S",24035,165,116,1,0,48,5,3,1,0,1,160,113,0,47
1990,"ST MARY'S",24037,122,90,5,0,27,22,13,5,0,4,100,77,0,23
1991,"ST MARY'S",24037,196,164,6,0,26,30,23,5,0,2,166,141,1,24
1992,"ST MARY'S",24037,237,205,5,0,27,28,21,5,0,2,209,184,0,25
1993,"ST MARY'S",24037,212,185,4,0,23,17,12,4,0,1,195,173,0,22
1994,"ST MARY'S",24037,191,158,3,0,30,13,8,3,0,2,178,150,0,28
1995,"ST MARY'S",24037,268,224,4,0,40,18,12,3,0,3,250,212,1,37
1996,"ST MARY'S",24037,310,247,5,0,58,23,15,5,0,3,287,232,0,55
1997,"ST MARY'S",24037,393,323,1,0,69,24,20,1,0,3,369,303,0,66
1998,"ST MARY'S",24037,394,317,0,0,77,14,11,0,0,3,380,306,0,74
1999,"ST MARY'S",24037,364,287,2,0,75,5,4,1,0,0,359,283,1,75
2000,"ST MARY'S",24037,366,278,1,0,87,7,6,1,0,0,359,272,0,87
2001,"ST MARY'S",24037,381,290,4,0,87,7,3,3,0,1,374,287,1,86
2002,"ST MARY'S",24037,404,284,0,0,120,3,2,0,0,1,401,282,0,119
2003,"ST MARY'S",24037,397,264,2,0,131,7,5,2,0,0,390,259,0,131
1990,"SOMERSET",24039,37,35,0,0,2,6,5,0,0,1,31,30,0,1
1991,"SOMERSET",24039,56,49,2,0,5,8,5,2,0,1,48,44,0,4
1992,"SOMERSET",24039,51,46,1,0,4,5,4,1,0,0,46,42,0,4
1993,"SOMERSET",24039,55,51,1,0,3,5,4,1,0,0,50,47,0,3
1994,"SOMERSET",24039,53,51,1,0,1,3,1,1,0,1,50,50,0,0
1995,"SOMERSET",24039,46,37,1,0,8,8,5,1,0,2,38,32,0,6
1996,"SOMERSET",24039,60,53,0,0,7,1,1,0,0,0,59,52,0,7
1997,"SOMERSET",24039,81,72,0,0,9,4,4,0,0,0,77,68,0,9
1998,"SOMERSET",24039,93,86,1,0,6,0,0,0,0,0,93,86,1,6
1999,"SOMERSET",24039,112,100,1,0,11,3,3,0,0,0,109,97,1,11
2000,"SOMERSET",24039,103,91,0,0,12,3,3,0,0,0,100,88,0,12
2001,"SOMERSET",24039,137,110,0,0,27,1,1,0,0,0,136,109,0,27
2002,"SOMERSET",24039,113,91,0,0,22,2,2,0,0,0,111,89,0,22
2003,"SOMERSET",24039,109,89,0,0,20,0,0,0,0,0,109,89,0,20
1990,"TALBOT",24041,48,41,0,4,3,20,16,0,4,0,28,25,0,3
1991,"TALBOT",24041,77,69,5,0,3,16,11,5,0,0,61,58,0,3
1992,"TALBOT",24041,103,91,7,0,5,24,17,6,0,1,79,74,1,4
1993,"TALBOT",24041,78,67,4,0,7,12,8,4,0,0,66,59,0,7
1994,"TALBOT",24041,61,55,3,0,3,8,6,2,0,0,53,49,1,3
1995,"TALBOT",24041,86,76,4,0,6,19,14,4,0,1,67,62,0,5
1996,"TALBOT",24041,83,72,4,0,7,11,7,4,0,0,72,65,0,7
1997,"TALBOT",24041,113,102,0,0,11,8,8,0,0,0,105,94,0,11
1998,"TALBOT",24041,116,101,1,0,14,11,8,1,0,2,105,93,0,12
1999,"TALBOT",24041,98,78,1,0,19,2,1,1,0,0,96,77,0,19
2000,"TALBOT",24041,123,100,1,0,22,7,6,1,0,0,116,94,0,22
2001,"TALBOT",24041,148,119,0,0,29,5,5,0,0,0,143,114,0,29
2002,"TALBOT",24041,123,100,1,0,22,7,3,1,0,3,116,97,0,19
2003,"TALBOT",24041,130,112,0,0,18,5,5,0,0,0,125,107,0,18
1990,"WASHINGTON",24043,255,236,5,0,14,28,23,4,0,1,227,213,1,13
1991,"WASHINGTON",24043,303,275,11,0,17,34,23,11,0,0,269,252,0,17
1992,"WASHINGTON",24043,405,362,9,1,33,39,24,9,1,5,366,338,0,28
1993,"WASHINGTON",24043,348,313,5,0,30,34,27,5,0,2,314,286,0,28
1994,"WASHINGTON",24043,335,303,6,0,26,21,14,6,0,1,314,289,0,25
1995,"WASHINGTON",24043,412,383,7,0,22,22,13,7,0,2,390,370,0,20
1996,"WASHINGTON",24043,616,568,6,0,42,41,29,6,0,6,575,539,0,36
1997,"WASHINGTON",24043,834,755,9,0,70,45,33,9,0,3,789,722,0,67
1998,"WASHINGTON",24043,871,775,1,0,95,28,24,1,0,3,843,751,0,92
1999,"WASHINGTON",24043,632,555,3,0,74,11,8,2,0,1,621,547,1,73
2000,"WASHINGTON",24043,633,557,1,0,75,10,8,1,0,1,623,549,0,74
2001,"WASHINGTON",24043,850,739,0,0,111,5,5,0,0,0,845,734,0,111
2002,"WASHINGTON",24043,743,608,4,1,130,9,4,4,1,0,734,604,0,130
2003,"WASHINGTON",24043,832,678,3,1,150,7,3,3,1,0,825,675,0,150
1990,"WICOMICO",24045,189,179,3,0,7,29,24,3,0,2,160,155,0,5
1991,"WICOMICO",24045,228,214,9,0,5,28,19,9,0,0,200,195,0,5
1992,"WICOMICO",24045,295,259,9,2,25,24,11,8,2,3,271,248,1,22
1993,"WICOMICO",24045,250,232,3,0,15,22,18,3,0,1,228,214,0,14
1994,"WICOMICO",24045,237,218,6,0,13,24,17,6,0,1,213,201,0,12
1995,"WICOMICO",24045,235,214,6,0,15,25,17,5,0,3,210,197,1,12
1996,"WICOMICO",24045,311,283,1,1,26,13,11,1,1,0,298,272,0,26
1997,"WICOMICO",24045,369,329,2,0,38,17,12,2,0,3,352,317,0,35
1998,"WICOMICO",24045,472,407,3,0,62,21,16,3,0,2,451,391,0,60
1999,"WICOMICO",24045,370,328,0,0,42,14,13,0,0,1,356,315,0,41
2000,"WICOMICO",24045,408,345,2,0,61,7,4,2,0,1,401,341,0,60
2001,"WICOMICO",24045,536,466,2,0,68,16,13,2,0,1,520,453,0,67
2002,"WICOMICO",24045,522,454,0,0,68,8,8,0,0,0,514,446,0,68
2003,"WICOMICO",24045,558,477,3,0,78,6,5,1,0,0,552,472,2,78
1990,"WORCESTER",24047,88,80,2,0,6,13,11,2,0,0,75,69,0,6
1991,"WORCESTER",24047,105,85,9,1,10,24,12,9,1,2,81,73,0,8
1992,"WORCESTER",24047,154,132,8,0,14,23,14,8,0,1,131,118,0,13
1993,"WORCESTER",24047,135,124,1,0,10,27,25,1,0,1,108,99,0,9
1994,"WORCESTER",24047,109,98,2,0,9,14,10,2,0,2,95,88,0,7
1995,"WORCESTER",24047,128,118,3,0,7,16,13,3,0,0,112,105,0,7
1996,"WORCESTER",24047,137,114,10,0,13,27,17,9,0,1,110,97,1,12
1997,"WORCESTER",24047,155,131,7,0,17,19,11,7,0,1,136,120,0,16
1998,"WORCESTER",24047,200,183,2,0,15,14,10,2,0,2,186,173,0,13
1999,"WORCESTER",24047,201,178,1,0,22,11,7,1,0,3,190,171,0,19
2000,"WORCESTER",24047,222,205,0,0,17,12,10,0,0,2,210,195,0,15
2001,"WORCESTER",24047,209,185,0,0,24,13,10,0,0,3,196,175,0,21
2002,"WORCESTER",24047,185,163,0,0,22,6,6,0,0,0,179,157,0,22
2003,"WORCESTER",24047,222,185,1,0,36,6,5,1,0,0,216,180,0,36
1990,"BALTIMORE CITY",24510,1546,876,51,0,619,96,36,51,0,9,1450,840,0,610
1991,"BALTIMORE (CIT",24510,2125,1307,57,0,761,126,60,57,0,9,1999,1247,0,752
1992,"BALTIMORE (CIT",24510,2352,1538,45,0,769,121,57,42,0,22,2231,1481,3,747
1993,"BALTIMORE (CIT",24510,2183,1414,36,0,733,125,69,36,0,20,2058,1345,0,713
1994,"BALTIMORE (CIT",24510,2045,1289,34,0,722,111,52,34,0,25,1934,1237,0,697
1995,"BALTIMORE (CIT",24510,2445,1561,20,0,864,93,54,18,0,21,2352,1507,2,843
1996,"BALTIMORE (CIT",24510,3743,2554,28,0,1161,101,58,25,0,18,3642,2496,3,1143
1997,"BALTIMORE (CIT",24510,5090,3510,32,0,1548,133,77,30,0,26,4957,3433,2,1522
1998,"BALTIMORE (CIT",24510,5228,3631,24,0,1573,101,58,24,0,19,5127,3573,0,1554
1999,"BALTIMORE CITY",24510,5373,3436,27,0,1910,95,55,24,0,16,5278,3381,3,1894
2000,"BALTIMORE (CIT",24510,4720,2925,62,0,1733,116,39,62,0,15,4604,2886,0,1718
2001,"BALTIMORE (CIT",24510,5634,3595,20,0,2019,79,45,19,0,15,5555,3550,1,2004
2002,"BALTIMORE (CIT",24510,6137,3983,24,0,2130,79,45,23,0,11,6058,3938,1,2119
2003,"BALTIMORE (CIT",24510,6442,4276,27,0,2139,74,39,25,0,10,6368,4237,2,2129
1990,"BARNSTABLE",25001,574,375,106,1,92,180,74,95,1,10,394,301,11,82
1991,"BARNSTABLE",25001,756,589,58,0,109,147,92,49,0,6,609,497,9,103
1992,"BARNSTABLE",25001,799,598,59,0,142,152,81,58,0,13,647,517,1,129
1993,"BARNSTABLE",25001,598,428,48,0,122,106,50,46,0,10,492,378,2,112
1994,"BARNSTABLE",25001,518,388,36,0,94,81,36,36,0,9,437,352,0,85
1995,"BARNSTABLE",25001,537,416,33,0,88,61,25,33,0,3,476,391,0,85
1996,"BARNSTABLE",25001,617,491,20,1,105,39,16,20,1,2,578,475,0,103
1997,"BARNSTABLE",25001,1031,875,19,0,137,45,25,19,0,1,986,850,0,136
1998,"BARNSTABLE",25001,953,835,10,0,108,32,21,10,0,1,921,814,0,107
1999,"BARNSTABLE",25001,774,661,10,0,103,25,14,10,0,1,749,647,0,102
2000,"BARNSTABLE",25001,677,540,36,0,101,51,15,36,0,0,626,525,0,101
2001,"BARNSTABLE",25001,708,580,37,0,90,41,3,37,0,0,667,577,0,90
2002,"BARNSTABLE",25001,660,541,11,0,108,22,12,10,0,0,638,529,1,108
2003,"BARNSTABLE",25001,641,519,6,0,116,12,6,6,0,0,629,513,0,116
1990,"BERKSHIRE",25003,159,134,11,0,14,31,17,10,0,4,128,117,1,10
1991,"BERKSHIRE",25003,249,205,20,1,23,32,11,16,1,4,217,194,4,19
1992,"BERKSHIRE",25003,302,267,15,0,20,37,22,12,0,3,265,245,3,17
1993,"BERKSHIRE",25003,227,193,9,0,25,35,24,9,0,2,192,169,0,23
1994,"BERKSHIRE",25003,202,173,7,0,22,12,5,6,0,1,190,168,1,21
1995,"BERKSHIRE",25003,231,216,2,0,13,16,13,2,0,1,215,203,0,12
1996,"BERKSHIRE",25003,313,287,5,0,21,27,21,5,0,1,286,266,0,20
1997,"BERKSHIRE",25003,486,458,3,0,25,26,20,3,0,3,460,438,0,22
1998,"BERKSHIRE",25003,427,390,3,0,34,25,17,3,0,5,402,373,0,29
1999,"BERKSHIRE",25003,459,335,93,0,31,101,7,93,0,1,358,328,0,30
2000,"BERKSHIRE",25003,322,291,1,0,30,4,2,1,0,1,318,289,0,29
2001,"BERKSHIRE",25003,430,320,72,0,38,74,2,72,0,0,356,318,0,38
2002,"BERKSHIRE",25003,365,324,1,0,40,4,3,1,0,0,361,321,0,40
2003,"BERKSHIRE",25003,427,384,2,0,41,2,0,2,0,0,425,384,0,41
1990,"BRISTOL",25005,932,737,72,0,123,145,68,68,0,9,787,669,4,114
1991,"BRISTOL",25005,1337,1128,59,0,150,135,69,55,0,11,1202,1059,4,139
1992,"BRISTOL",25005,1532,1240,68,0,224,163,84,64,0,15,1369,1156,4,209
1993,"BRISTOL",25005,1258,998,70,0,190,153,76,68,0,9,1105,922,2,181
1994,"BRISTOL",25005,1234,985,43,0,206,107,53,43,0,11,1127,932,0,195
1995,"BRISTOL",25005,1285,1065,44,0,176,92,45,44,0,3,1193,1020,0,173
1996,"BRISTOL",25005,1788,1567,22,0,199,67,41,22,0,4,1721,1526,0,195
1997,"BRISTOL",25005,2471,2242,18,0,211,62,40,18,0,4,2409,2202,0,207
1998,"BRISTOL",25005,2344,2085,15,0,244,44,29,15,0,0,2300,2056,0,244
1999,"BRISTOL",25005,2143,1938,9,0,196,38,28,9,0,1,2105,1910,0,195
2000,"BRISTOL",25005,1981,1743,14,0,224,39,24,14,0,1,1942,1719,0,223
2001,"BRISTOL",25005,2221,1977,10,0,234,37,26,10,0,1,2184,1951,0,233
2002,"BRISTOL",25005,2194,1946,6,0,242,31,25,6,0,0,2163,1921,0,242
2003,"BRISTOL",25005,2203,1960,6,0,237,30,23,6,0,1,2173,1937,0,236
1990,"DUKES",25007,24,19,0,0,5,3,3,0,0,0,21,16,0,5
1991,"DUKES",25007,50,33,11,0,6,20,10,10,0,0,30,23,1,6
1992,"DUKES",25007,58,46,4,1,7,19,14,3,1,1,39,32,1,6
1993,"DUKES",25007,30,18,3,0,9,9,4,3,0,2,21,14,0,7
1994,"DUKES",25007,41,24,5,0,12,10,3,5,0,2,31,21,0,10
1995,"DUKES",25007,25,16,3,0,6,4,1,3,0,0,21,15,0,6
1996,"DUKES",25007,27,19,4,0,4,5,1,4,0,0,22,18,0,4
1997,"DUKES",25007,40,33,0,0,7,3,3,0,0,0,37,30,0,7
1998,"DUKES",25007,28,26,0,0,2,2,2,0,0,0,26,24,0,2
1999,"DUKES",25007,19,18,0,0,1,0,0,0,0,0,19,18,0,1
2000,"DUKES",25007,24,19,1,0,4,3,2,1,0,0,21,17,0,4
2001,"DUKES",25007,25,19,2,0,4,3,1,2,0,0,22,18,0,4
2002,"DUKES",25007,26,18,1,0,7,1,0,1,0,0,25,18,0,7
2003,"DUKES",25007,43,34,2,0,7,2,0,2,0,0,41,34,0,7
1990,"ESSEX",25009,1195,913,89,0,193,211,110,82,0,19,984,803,7,174
1991,"ESSEX",25009,1803,1437,128,0,238,239,116,110,0,13,1564,1321,18,225
1992,"ESSEX",25009,2128,1689,146,2,291,293,139,130,2,22,1835,1550,16,269
1993,"ESSEX",25009,2042,1710,101,2,229,231,123,98,2,8,1811,1587,3,221
1994,"ESSEX",25009,1784,1479,61,0,244,143,77,60,0,6,1641,1402,1,238
1995,"ESSEX",25009,1855,1515,51,1,288,117,63,50,1,3,1738,1452,1,285
1996,"ESSEX",25009,2077,1679,56,0,342,123,59,56,0,8,1954,1620,0,334
1997,"ESSEX",25009,2757,2359,36,0,362,90,52,33,0,5,2667,2307,3,357
1998,"ESSEX",25009,2451,2093,33,0,325,78,44,33,0,1,2373,2049,0,324
1999,"ESSEX",25009,1942,1641,18,1,282,55,35,18,1,1,1887,1606,0,281
2000,"ESSEX",25009,1661,1405,25,0,231,53,28,25,0,0,1608,1377,0,231
2001,"ESSEX",25009,1738,1506,22,0,210,53,30,22,0,1,1685,1476,0,209
2002,"ESSEX",25009,1729,1486,15,0,228,37,22,15,0,0,1692,1464,0,228
2003,"ESSEX",25009,2004,1740,27,0,237,45,20,25,0,0,1959,1720,2,237
1990,"FRANKLIN",25011,79,65,2,0,12,6,2,2,0,2,73,63,0,10
1991,"FRANKLIN",25011,121,96,15,0,10,17,4,13,0,0,104,92,2,10
1992,"FRANKLIN",25011,134,109,3,0,22,25,15,3,0,7,109,94,0,15
1993,"FRANKLIN",25011,113,87,5,0,21,11,4,5,0,2,102,83,0,19
1994,"FRANKLIN",25011,114,95,2,0,17,6,4,2,0,0,108,91,0,17
1995,"FRANKLIN",25011,125,112,0,0,13,6,5,0,0,1,119,107,0,12
1996,"FRANKLIN",25011,196,169,1,0,26,10,7,1,0,2,186,162,0,24
1997,"FRANKLIN",25011,256,225,1,0,30,13,8,1,0,4,243,217,0,26
1998,"FRANKLIN",25011,269,253,1,0,15,9,5,1,0,3,260,248,0,12
1999,"FRANKLIN",25011,206,188,0,0,18,4,3,0,0,1,202,185,0,17
2000,"FRANKLIN",25011,188,165,1,0,22,3,2,1,0,0,185,163,0,22
2001,"FRANKLIN",25011,234,214,0,0,20,0,0,0,0,0,234,214,0,20
2002,"FRANKLIN",25011,215,196,1,0,18,1,0,1,0,0,214,196,0,18
2003,"FRANKLIN",25011,233,215,1,0,17,3,2,1,0,0,230,213,0,17
1990,"HAMPDEN",25013,706,584,45,0,77,77,41,34,0,2,629,543,11,75
1991,"HAMPDEN",25013,897,716,60,0,121,94,39,49,0,6,803,677,11,115
1992,"HAMPDEN",25013,1155,910,50,0,195,159,93,48,0,18,996,817,2,177
1993,"HAMPDEN",25013,1158,950,38,0,170,141,83,38,0,20,1017,867,0,150
1994,"HAMPDEN",25013,1117,885,32,1,199,80,39,32,1,8,1037,846,0,191
1995,"HAMPDEN",25013,1232,997,24,2,209,79,48,20,2,9,1153,949,4,200
1996,"HAMPDEN",25013,1608,1308,26,0,274,101,54,24,0,23,1507,1254,2,251
1997,"HAMPDEN",25013,2170,1865,15,0,290,88,50,13,0,25,2082,1815,2,265
1998,"HAMPDEN",25013,2228,1979,9,0,240,68,44,9,0,15,2160,1935,0,225
1999,"HAMPDEN",25013,1982,1749,8,0,225,50,28,8,0,14,1932,1721,0,211
2000,"HAMPDEN",25013,1702,1415,6,0,281,22,12,6,0,4,1680,1403,0,277
2001,"HAMPDEN",25013,2091,1760,7,0,324,16,7,7,0,2,2075,1753,0,322
2002,"HAMPDEN",25013,2130,1694,12,0,424,21,9,12,0,0,2109,1685,0,424
2003,"HAMPDEN",25013,2152,1777,7,0,368,15,9,6,0,0,2137,1768,1,368
1990,"HAMPSHIRE",25015,151,110,17,1,23,26,7,15,1,3,125,103,2,20
1991,"HAMPSHIRE",25015,252,212,20,0,20,28,12,15,0,1,224,200,5,19
1992,"HAMPSHIRE",25015,300,234,17,1,48,62,29,17,1,15,238,205,0,33
1993,"HAMPSHIRE",25015,263,216,9,0,38,44,29,9,0,6,219,187,0,32
1994,"HAMPSHIRE",25015,231,178,9,1,43,13,4,7,1,1,218,174,2,42
1995,"HAMPSHIRE",25015,274,232,7,0,35,22,13,6,0,3,252,219,1,32
1996,"HAMPSHIRE",25015,365,311,6,0,48,31,21,6,0,4,334,290,0,44
1997,"HAMPSHIRE",25015,516,425,7,1,83,27,12,6,1,8,489,413,1,75
1998,"HAMPSHIRE",25015,453,402,2,0,49,19,13,2,0,4,434,389,0,45
1999,"HAMPSHIRE",25015,412,377,2,0,33,10,6,2,0,2,402,371,0,31
2000,"HAMPSHIRE",25015,420,371,3,0,46,7,3,3,0,1,413,368,0,45
2001,"HAMPSHIRE",25015,489,434,3,0,52,4,1,3,0,0,485,433,0,52
2002,"HAMPSHIRE",25015,423,374,2,0,47,2,0,2,0,0,421,374,0,47
2003,"HAMPSHIRE",25015,423,371,4,0,48,5,1,4,0,0,418,370,0,48
1990,"MIDDLESEX",25017,2042,1579,219,0,244,416,202,201,0,13,1626,1377,18,231
1991,"MIDDLESEX",25017,3013,2491,229,0,293,457,239,199,0,19,2556,2252,30,274
1992,"MIDDLESEX",25017,3592,2910,238,1,443,522,277,223,1,21,3070,2633,15,422
1993,"MIDDLESEX",25017,3271,2608,200,1,462,430,217,192,1,20,2841,2391,8,442
1994,"MIDDLESEX",25017,3049,2511,130,2,406,278,140,128,2,8,2771,2371,2,398
1995,"MIDDLESEX",25017,3087,2513,119,0,455,245,116,116,0,13,2842,2397,3,442
1996,"MIDDLESEX",25017,3426,2828,88,0,510,219,123,85,0,11,3207,2705,3,499
1997,"MIDDLESEX",25017,4341,3768,76,0,497,202,113,75,0,14,4139,3655,1,483
1998,"MIDDLESEX",25017,3986,3475,59,0,452,171,103,59,0,9,3815,3372,0,443
1999,"MIDDLESEX",25017,3148,2755,46,0,347,126,75,46,0,5,3022,2680,0,342
2000,"MIDDLESEX",25017,2593,2292,31,0,270,94,62,31,0,1,2499,2230,0,269
2001,"MIDDLESEX",25017,2818,2450,42,0,326,102,63,39,0,0,2716,2387,3,326
2002,"MIDDLESEX",25017,2731,2376,50,0,305,110,62,46,0,2,2621,2314,4,303
2003,"MIDDLESEX",25017,2887,2559,53,0,275,107,55,51,0,1,2780,2504,2,274
1990,"NANTUCKET",25019,9,5,3,0,1,7,3,3,0,1,2,2,0,0
1991,"NANTUCKET",25019,22,17,4,0,1,9,7,2,0,0,13,10,2,1
1992,"NANTUCKET",25019,25,18,6,0,1,7,2,5,0,0,18,16,1,1
1993,"NANTUCKET",25019,21,16,5,0,0,6,1,5,0,0,15,15,0,0
1994,"NANTUCKET",25019,11,8,2,0,1,4,2,2,0,0,7,6,0,1
1995,"NANTUCKET",25019,16,14,1,0,1,2,1,1,0,0,14,13,0,1
1996,"NANTUCKET",25019,2,1,0,0,1,0,0,0,0,0,2,1,0,1
1997,"NANTUCKET",25019,14,10,1,0,3,1,0,1,0,0,13,10,0,3
1998,"NANTUCKET",25019,12,10,0,0,2,2,2,0,0,0,10,8,0,2
1999,"NANTUCKET",25019,14,9,1,0,4,2,1,1,0,0,12,8,0,4
2000,"NANTUCKET",25019,13,11,0,0,2,0,0,0,0,0,13,11,0,2
2001,"NANTUCKET",25019,10,9,0,0,1,0,0,0,0,0,10,9,0,1
2002,"NANTUCKET",25019,11,7,1,0,3,1,0,1,0,0,10,7,0,3
2003,"NANTUCKET",25019,6,5,0,0,1,0,0,0,0,0,6,5,0,1
1990,"NORFOLK",25021,875,625,91,0,159,175,92,78,0,5,700,533,13,154
1991,"NORFOLK",25021,1260,932,135,0,193,250,109,125,0,16,1010,823,10,177
1992,"NORFOLK",25021,1512,1122,111,0,279,247,134,104,0,9,1265,988,7,270
1993,"NORFOLK",25021,1353,1024,83,0,246,186,90,83,0,13,1167,934,0,233
1994,"NORFOLK",25021,1217,912,85,0,220,181,91,84,0,6,1036,821,1,214
1995,"NORFOLK",25021,1307,977,71,0,259,139,62,70,0,7,1168,915,1,252
1996,"NORFOLK",25021,1436,1126,38,0,272,88,47,37,0,4,1348,1079,1,268
1997,"NORFOLK",25021,1862,1526,27,0,309,68,38,25,0,5,1794,1488,2,304
1998,"NORFOLK",25021,1689,1404,20,0,265,66,43,20,0,3,1623,1361,0,262
1999,"NORFOLK",25021,1389,1134,16,0,239,51,32,16,0,3,1338,1102,0,236
2000,"NORFOLK",25021,1130,913,22,0,195,54,32,22,0,0,1076,881,0,195
2001,"NORFOLK",25021,1309,1069,27,0,213,54,25,27,0,2,1255,1044,0,211
2002,"NORFOLK",25021,1263,1043,27,0,193,53,26,27,0,0,1210,1017,0,193
2003,"NORFOLK",25021,1307,1080,25,0,202,47,23,24,0,0,1260,1057,1,202
1990,"PLYMOUTH",25023,947,622,66,0,259,156,89,57,0,10,791,533,9,249
1991,"PLYMOUTH",25023,1396,1033,86,0,277,185,97,73,0,15,1211,936,13,262
1992,"PLYMOUTH",25023,1594,1147,109,0,338,228,108,103,0,17,1366,1039,6,321
1993,"PLYMOUTH",25023,1375,953,56,0,366,149,81,53,0,15,1226,872,3,351
1994,"PLYMOUTH",25023,1326,980,42,0,304,127,75,42,0,10,1199,905,0,294
1995,"PLYMOUTH",25023,1370,960,42,2,366,96,44,40,2,10,1274,916,2,356
1996,"PLYMOUTH",25023,1656,1254,37,0,365,74,37,35,0,2,1582,1217,2,363
1997,"PLYMOUTH",25023,2193,1783,22,0,388,73,44,22,0,7,2120,1739,0,381
1998,"PLYMOUTH",25023,1997,1627,14,0,356,46,31,13,0,2,1951,1596,1,354
1999,"PLYMOUTH",25023,1594,1273,11,0,310,41,29,11,0,1,1553,1244,0,309
2000,"PLYMOUTH",25023,1249,977,10,0,262,24,13,10,0,1,1225,964,0,261
2001,"PLYMOUTH",25023,1460,1179,12,1,268,31,18,12,1,0,1429,1161,0,268
2002,"PLYMOUTH",25023,1383,1055,5,2,321,24,17,5,2,0,1359,1038,0,321
2003,"PLYMOUTH",25023,1458,1086,7,0,365,21,14,7,0,0,1437,1072,0,365
1990,"SUFFOLK",25025,1193,810,134,0,249,233,98,122,0,13,960,712,12,236
1991,"SUFFOLK",25025,1581,1155,191,0,235,287,87,189,0,11,1294,1068,2,224
1992,"SUFFOLK",25025,1970,1423,136,1,410,249,101,133,1,14,1721,1322,3,396
1993,"SUFFOLK",25025,1695,1232,94,0,369,178,80,88,0,10,1517,1152,6,359
1994,"SUFFOLK",25025,1638,1172,89,0,377,157,65,88,0,4,1481,1107,1,373
1995,"SUFFOLK",25025,1776,1258,50,0,468,95,36,50,0,9,1681,1222,0,459
1996,"SUFFOLK",25025,2026,1457,58,0,511,107,46,57,0,4,1919,1411,1,507
1997,"SUFFOLK",25025,2422,1971,39,0,412,89,46,39,0,4,2333,1925,0,408
1998,"SUFFOLK",25025,2371,1946,25,0,400,66,38,25,0,3,2305,1908,0,397
1999,"SUFFOLK",25025,1914,1574,36,0,304,64,25,36,0,3,1850,1549,0,301
2000,"SUFFOLK",25025,1552,1223,86,0,243,108,22,86,0,0,1444,1201,0,243
2001,"SUFFOLK",25025,1749,1475,14,0,260,51,37,14,0,0,1698,1438,0,260
2002,"SUFFOLK",25025,1640,1370,17,0,253,35,17,17,0,1,1605,1353,0,252
2003,"SUFFOLK",25025,1746,1487,23,0,236,40,17,23,0,0,1706,1470,0,236
1990,"WORCESTER",25027,1272,1039,103,0,130,184,84,94,0,6,1088,955,9,124
1991,"WORCESTER",25027,1787,1484,112,0,191,202,93,100,0,9,1585,1391,12,182
1992,"WORCESTER",25027,2088,1689,110,1,288,258,126,106,1,25,1830,1563,4,263
1993,"WORCESTER",25027,1841,1486,80,0,275,195,98,78,0,19,1646,1388,2,256
1994,"WORCESTER",25027,1710,1416,52,0,242,99,48,49,0,2,1611,1368,3,240
1995,"WORCESTER",25027,1780,1484,57,0,239,134,65,57,0,12,1646,1419,0,227
1996,"WORCESTER",25027,2249,1909,43,0,297,155,89,41,0,25,2094,1820,2,272
1997,"WORCESTER",25027,3283,2903,31,0,349,173,109,30,0,34,3110,2794,1,315
1998,"WORCESTER",25027,3069,2754,20,0,295,99,64,20,0,15,2970,2690,0,280
1999,"WORCESTER",25027,2692,2339,18,0,335,75,48,18,0,9,2617,2291,0,326
2000,"WORCESTER",25027,2240,1936,20,0,284,52,28,20,0,4,2188,1908,0,280
2001,"WORCESTER",25027,2494,2165,36,0,293,58,20,35,0,3,2436,2145,1,290
2002,"WORCESTER",25027,2603,2218,20,1,364,36,15,20,1,0,2567,2203,0,364
2003,"WORCESTER",25027,2692,2352,17,0,323,32,15,17,0,0,2660,2337,0,323
1990,"ALCONA",26001,13,12,0,0,1,1,1,0,0,0,12,11,0,1
1991,"ALCONA",26001,12,10,0,0,2,1,0,0,0,1,11,10,0,1
1992,"ALCONA",26001,18,13,2,0,3,5,3,2,0,0,13,10,0,3
1993,"ALCONA",26001,12,9,0,0,3,3,1,0,0,2,9,8,0,1
1994,"ALCONA",26001,8,7,0,0,1,0,0,0,0,0,8,7,0,1
1995,"ALCONA",26001,16,14,0,0,2,1,0,0,0,1,15,14,0,1
1996,"ALCONA",26001,29,29,0,0,0,3,3,0,0,0,26,26,0,0
1997,"ALCONA",26001,27,25,0,0,2,1,1,0,0,0,26,24,0,2
1998,"ALCONA",26001,37,32,2,0,3,3,1,2,0,0,34,31,0,3
1999,"ALCONA",26001,41,39,0,0,2,0,0,0,0,0,41,39,0,2
2000,"ALCONA",26001,53,44,1,0,8,3,2,1,0,0,50,42,0,8
2001,"ALCONA",26001,52,45,0,0,7,1,0,0,0,1,51,45,0,6
2002,"ALCONA",26001,47,43,1,0,3,1,0,1,0,0,46,43,0,3
2003,"ALCONA",26001,59,49,0,0,10,0,0,0,0,0,59,49,0,10
1990,"ALGER",26003,14,13,0,1,0,1,0,0,1,0,13,13,0,0
1991,"ALGER",26003,7,7,0,0,0,0,0,0,0,0,7,7,0,0
1992,"ALGER",26003,15,13,2,0,0,3,1,2,0,0,12,12,0,0
1993,"ALGER",26003,11,10,0,0,1,0,0,0,0,0,11,10,0,1
1994,"ALGER",26003,12,12,0,0,0,1,1,0,0,0,11,11,0,0
1995,"ALGER",26003,14,13,0,0,1,2,1,0,0,1,12,12,0,0
1996,"ALGER",26003,13,12,0,0,1,1,1,0,0,0,12,11,0,1
1997,"ALGER",26003,16,16,0,0,0,1,1,0,0,0,15,15,0,0
1998,"ALGER",26003,18,18,0,0,0,0,0,0,0,0,18,18,0,0
1999,"ALGER",26003,28,27,0,0,1,0,0,0,0,0,28,27,0,1
2000,"ALGER",26003,25,23,0,0,2,1,1,0,0,0,24,22,0,2
2001,"ALGER",26003,26,25,1,0,0,1,0,1,0,0,25,25,0,0
2002,"ALGER",26003,19,19,0,0,0,0,0,0,0,0,19,19,0,0
2003,"ALGER",26003,32,28,0,0,4,0,0,0,0,0,32,28,0,4
1990,"ALLEGAN",26005,197,135,7,3,52,26,11,7,3,5,171,124,0,47
1991,"ALLEGAN",26005,222,171,2,0,49,12,8,2,0,2,210,163,0,47
1992,"ALLEGAN",26005,229,180,0,2,47,18,10,0,2,6,211,170,0,41
1993,"ALLEGAN",26005,186,137,2,3,44,21,11,2,3,5,165,126,0,39
1994,"ALLEGAN",26005,193,139,0,0,54,12,9,0,0,3,181,130,0,51
1995,"ALLEGAN",26005,209,162,3,0,44,16,10,3,0,3,193,152,0,41
1996,"ALLEGAN",26005,297,225,4,0,68,17,10,4,0,3,280,215,0,65
1997,"ALLEGAN",26005,394,325,1,0,68,16,10,1,0,5,378,315,0,63
1998,"ALLEGAN",26005,372,301,1,0,70,7,5,1,0,1,365,296,0,69
1999,"ALLEGAN",26005,318,259,3,0,56,9,4,3,0,2,309,255,0,54
2000,"ALLEGAN",26005,340,273,3,1,63,10,6,3,1,0,330,267,0,63
2001,"ALLEGAN",26005,434,353,3,0,78,7,4,3,0,0,427,349,0,78
2002,"ALLEGAN",26005,503,413,6,0,84,10,4,6,0,0,493,409,0,84
2003,"ALLEGAN",26005,548,434,2,0,112,15,9,2,0,4,533,425,0,108
1990,"ALPENA",26007,22,19,1,0,2,2,1,1,0,0,20,18,0,2
1991,"ALPENA",26007,41,35,1,0,5,7,5,1,0,1,34,30,0,4
1992,"ALPENA",26007,59,49,1,2,7,10,7,1,2,0,49,42,0,7
1993,"ALPENA",26007,44,38,0,1,5,4,1,0,1,2,40,37,0,3
1994,"ALPENA",26007,48,40,3,0,5,17,12,3,0,2,31,28,0,3
1995,"ALPENA",26007,45,41,0,0,4,6,4,0,0,2,39,37,0,2
1996,"ALPENA",26007,56,49,0,0,7,4,3,0,0,1,52,46,0,6
1997,"ALPENA",26007,75,71,0,0,4,3,3,0,0,0,72,68,0,4
1998,"ALPENA",26007,80,70,2,0,8,4,2,2,0,0,76,68,0,8
1999,"ALPENA",26007,72,59,2,0,11,3,1,2,0,0,69,58,0,11
2000,"ALPENA",26007,80,68,1,0,11,2,1,1,0,0,78,67,0,11
2001,"ALPENA",26007,95,80,1,0,14,8,4,1,0,3,87,76,0,11
2002,"ALPENA",26007,118,95,0,0,23,5,5,0,0,0,113,90,0,23
2003,"ALPENA",26007,131,100,0,0,31,6,4,0,0,2,125,96,0,29
1990,"ANTRIM",26009,31,23,1,0,7,6,4,1,0,1,25,19,0,6
1991,"ANTRIM",26009,42,35,2,1,4,6,3,2,1,0,36,32,0,4
1992,"ANTRIM",26009,48,36,3,0,9,7,2,3,0,2,41,34,0,7
1993,"ANTRIM",26009,37,29,1,0,7,3,2,1,0,0,34,27,0,7
1994,"ANTRIM",26009,38,29,0,0,9,4,4,0,0,0,34,25,0,9
1995,"ANTRIM",26009,39,32,1,0,6,4,2,1,0,1,35,30,0,5
1996,"ANTRIM",26009,52,43,0,0,9,2,0,0,0,2,50,43,0,7
1997,"ANTRIM",26009,70,65,1,0,4,5,4,1,0,0,65,61,0,4
1998,"ANTRIM",26009,75,69,1,0,5,3,2,1,0,0,72,67,0,5
1999,"ANTRIM",26009,84,73,0,0,11,2,1,0,0,1,82,72,0,10
2000,"ANTRIM",26009,68,54,0,0,14,3,3,0,0,0,65,51,0,14
2001,"ANTRIM",26009,83,75,1,0,7,4,3,1,0,0,79,72,0,7
2002,"ANTRIM",26009,83,75,2,0,6,2,1,1,0,0,81,74,1,6
2003,"ANTRIM",26009,116,91,0,0,25,1,1,0,0,0,115,90,0,25
1990,"ARENAC",26011,11,10,1,0,0,3,2,1,0,0,8,8,0,0
1991,"ARENAC",26011,17,13,1,0,3,1,0,1,0,0,16,13,0,3
1992,"ARENAC",26011,31,23,0,0,8,6,3,0,0,3,25,20,0,5
1993,"ARENAC",26011,27,24,0,0,3,5,4,0,0,1,22,20,0,2
1994,"ARENAC",26011,15,10,1,3,1,6,2,1,3,0,9,8,0,1
1995,"ARENAC",26011,26,19,1,1,5,7,3,1,1,2,19,16,0,3
1996,"ARENAC",26011,40,32,2,0,6,6,2,2,0,2,34,30,0,4
1997,"ARENAC",26011,55,48,2,1,4,5,2,2,1,0,50,46,0,4
1998,"ARENAC",26011,54,51,0,0,3,1,1,0,0,0,53,50,0,3
1999,"ARENAC",26011,43,42,0,1,0,1,0,0,1,0,42,42,0,0
2000,"ARENAC",26011,50,44,0,0,6,0,0,0,0,0,50,44,0,6
2001,"ARENAC",26011,44,36,0,0,8,2,2,0,0,0,42,34,0,8
2002,"ARENAC",26011,55,45,0,0,10,3,2,0,0,1,52,43,0,9
2003,"ARENAC",26011,73,63,1,0,9,2,0,1,0,1,71,63,0,8
1990,"BARAGA",26013,6,5,1,0,0,1,0,1,0,0,5,5,0,0
1991,"BARAGA",26013,5,5,0,0,0,0,0,0,0,0,5,5,0,0
1992,"BARAGA",26013,7,7,0,0,0,0,0,0,0,0,7,7,0,0
1993,"BARAGA",26013,5,3,1,0,1,3,1,1,0,1,2,2,0,0
1994,"BARAGA",26013,7,7,0,0,0,1,1,0,0,0,6,6,0,0
1995,"BARAGA",26013,10,10,0,0,0,0,0,0,0,0,10,10,0,0
1996,"BARAGA",26013,6,6,0,0,0,0,0,0,0,0,6,6,0,0
1997,"BARAGA",26013,8,8,0,0,0,0,0,0,0,0,8,8,0,0
1998,"BARAGA",26013,16,15,0,0,1,1,1,0,0,0,15,14,0,1
1999,"BARAGA",26013,19,19,0,0,0,0,0,0,0,0,19,19,0,0
2000,"BARAGA",26013,21,21,0,0,0,1,1,0,0,0,20,20,0,0
2001,"BARAGA",26013,18,16,0,0,2,1,1,0,0,0,17,15,0,2
2002,"BARAGA",26013,29,27,0,0,2,1,1,0,0,0,28,26,0,2
2003,"BARAGA",26013,31,29,0,0,2,0,0,0,0,0,31,29,0,2
1990,"BARRY",26015,90,53,2,0,35,9,4,2,0,3,81,49,0,32
1991,"BARRY",26015,80,53,1,0,26,6,2,1,0,3,74,51,0,23
1992,"BARRY",26015,88,69,1,1,17,8,4,1,1,2,80,65,0,15
1993,"BARRY",26015,88,56,2,0,30,4,1,2,0,1,84,55,0,29
1994,"BARRY",26015,96,66,3,0,27,4,1,3,0,0,92,65,0,27
1995,"BARRY",26015,89,65,0,0,24,5,4,0,0,1,84,61,0,23
1996,"BARRY",26015,130,93,1,1,35,7,3,1,1,2,123,90,0,33
1997,"BARRY",26015,203,150,1,0,52,12,6,1,0,5,191,144,0,47
1998,"BARRY",26015,180,132,1,2,45,5,2,1,2,0,175,130,0,45
1999,"BARRY",26015,171,122,2,0,47,5,3,2,0,0,166,119,0,47
2000,"BARRY",26015,191,141,3,0,47,5,2,3,0,0,186,139,0,47
2001,"BARRY",26015,235,181,1,0,53,4,2,1,0,1,231,179,0,52
2002,"BARRY",26015,288,232,0,0,56,7,6,0,0,1,281,226,0,55
2003,"BARRY",26015,312,253,0,0,59,4,4,0,0,0,308,249,0,59
1990,"BAY",26017,151,122,8,0,21,17,9,6,0,2,134,113,2,19
1991,"BAY",26017,173,138,7,0,28,12,5,7,0,0,161,133,0,28
1992,"BAY",26017,192,149,4,0,39,15,8,3,0,4,177,141,1,35
1993,"BAY",26017,163,134,1,0,28,11,6,1,0,4,152,128,0,24
1994,"BAY",26017,146,116,5,0,25,11,3,4,0,4,135,113,1,21
1995,"BAY",26017,175,148,3,2,22,11,4,2,2,3,164,144,1,19
1996,"BAY",26017,261,230,1,2,28,14,6,1,2,5,247,224,0,23
1997,"BAY",26017,352,323,3,0,26,19,15,3,0,1,333,308,0,25
1998,"BAY",26017,362,326,2,0,34,6,4,1,0,1,356,322,1,33
1999,"BAY",26017,352,318,2,1,31,7,4,2,1,0,345,314,0,31
2000,"BAY",26017,356,303,2,0,51,4,1,2,0,1,352,302,0,50
2001,"BAY",26017,509,433,5,0,71,13,7,5,0,1,496,426,0,70
2002,"BAY",26017,496,413,3,0,80,6,2,3,0,1,490,411,0,79
2003,"BAY",26017,603,481,2,0,120,3,3,0,0,0,600,478,2,120
1990,"BENZIE",26019,21,16,1,0,4,1,0,1,0,0,20,16,0,4
1991,"BENZIE",26019,26,23,0,0,3,1,1,0,0,0,25,22,0,3
1992,"BENZIE",26019,31,24,1,0,6,5,2,1,0,2,26,22,0,4
1993,"BENZIE",26019,26,21,2,0,3,7,4,2,0,1,19,17,0,2
1994,"BENZIE",26019,17,10,0,0,7,3,0,0,0,3,14,10,0,4
1995,"BENZIE",26019,35,27,1,0,7,4,3,1,0,0,31,24,0,7
1996,"BENZIE",26019,37,33,0,0,4,0,0,0,0,0,37,33,0,4
1997,"BENZIE",26019,44,37,0,0,7,3,2,0,0,1,41,35,0,6
1998,"BENZIE",26019,39,31,0,0,8,1,0,0,0,1,38,31,0,7
1999,"BENZIE",26019,49,41,0,0,8,1,1,0,0,0,48,40,0,8
2000,"BENZIE",26019,38,27,0,0,11,1,1,0,0,0,37,26,0,11
2001,"BENZIE",26019,57,50,0,0,7,2,2,0,0,0,55,48,0,7
2002,"BENZIE",26019,55,43,1,0,11,2,1,1,0,0,53,42,0,11
2003,"BENZIE",26019,78,58,0,0,20,1,0,0,0,1,77,58,0,19
1990,"BERRIEN",26021,430,294,15,1,120,39,17,12,1,9,391,277,3,111
1991,"BERRIEN",26021,517,388,10,2,117,33,16,10,2,5,484,372,0,112
1992,"BERRIEN",26021,507,377,5,0,125,30,14,5,0,11,477,363,0,114
1993,"BERRIEN",26021,455,336,7,0,112,27,13,7,0,7,428,323,0,105
1994,"BERRIEN",26021,377,280,9,0,88,30,14,9,0,7,347,266,0,81
1995,"BERRIEN",26021,383,306,3,2,72,24,12,3,2,7,359,294,0,65
1996,"BERRIEN",26021,542,427,7,0,108,23,9,7,0,7,519,418,0,101
1997,"BERRIEN",26021,736,547,13,1,175,47,18,12,1,16,689,529,1,159
1998,"BERRIEN",26021,793,622,5,0,166,18,10,5,0,3,775,612,0,163
1999,"BERRIEN",26021,719,554,3,0,162,19,10,3,0,6,700,544,0,156
2000,"BERRIEN",26021,591,495,0,1,95,8,4,0,1,3,583,491,0,92
2001,"BERRIEN",26021,926,778,6,0,142,16,7,6,0,3,910,771,0,139
2002,"BERRIEN",26021,998,814,5,0,179,15,8,4,0,3,983,806,1,176
2003,"BERRIEN",26021,1038,872,3,1,162,13,7,3,1,2,1025,865,0,160
1990,"BRANCH",26023,103,83,4,0,16,12,8,4,0,0,91,75,0,16
1991,"BRANCH",26023,113,90,0,1,22,5,4,0,1,0,108,86,0,22
1992,"BRANCH",26023,154,121,3,2,28,15,6,3,2,4,139,115,0,24
1993,"BRANCH",26023,113,95,0,3,15,10,5,0,3,2,103,90,0,13
1994,"BRANCH",26023,107,85,1,4,17,10,3,1,4,2,97,82,0,15
1995,"BRANCH",26023,116,95,1,1,19,6,2,1,1,2,110,93,0,17
1996,"BRANCH",26023,140,118,2,0,20,10,5,2,0,3,130,113,0,17
1997,"BRANCH",26023,176,149,1,0,26,2,1,1,0,0,174,148,0,26
1998,"BRANCH",26023,182,149,0,0,33,4,4,0,0,0,178,145,0,33
1999,"BRANCH",26023,116,102,0,0,14,2,2,0,0,0,114,100,0,14
2000,"BRANCH",26023,158,131,1,0,26,1,0,1,0,0,157,131,0,26
2001,"BRANCH",26023,229,186,0,0,43,2,2,0,0,0,227,184,0,43
2002,"BRANCH",26023,285,243,0,0,42,7,6,0,0,1,278,237,0,41
2003,"BRANCH",26023,277,234,1,0,42,4,3,1,0,0,273,231,0,42
1990,"CALHOUN",26025,405,240,1,0,164,33,18,1,0,14,372,222,0,150
1991,"CALHOUN",26025,439,312,9,0,118,23,8,9,0,6,416,304,0,112
1992,"CALHOUN",26025,434,297,5,3,129,25,6,5,3,11,409,291,0,118
1993,"CALHOUN",26025,352,240,5,0,107,16,8,5,0,3,336,232,0,104
1994,"CALHOUN",26025,324,214,7,1,102,17,7,6,1,3,307,207,1,99
1995,"CALHOUN",26025,391,302,1,1,87,16,6,1,1,8,375,296,0,79
1996,"CALHOUN",26025,496,381,2,0,113,10,5,2,0,3,486,376,0,110
1997,"CALHOUN",26025,568,458,3,0,107,16,9,3,0,4,552,449,0,103
1998,"CALHOUN",26025,551,421,0,2,128,13,9,0,2,2,538,412,0,126
1999,"CALHOUN",26025,499,385,3,0,111,11,6,3,0,2,488,379,0,109
2000,"CALHOUN",26025,523,409,3,0,111,10,6,3,0,1,513,403,0,110
2001,"CALHOUN",26025,724,564,4,1,155,7,1,4,1,1,717,563,0,154
2002,"CALHOUN",26025,807,630,3,0,174,14,7,3,0,4,793,623,0,170
2003,"CALHOUN",26025,820,668,1,1,150,3,1,1,1,0,817,667,0,150
1990,"CASS",26027,125,92,3,0,30,12,8,3,0,1,113,84,0,29
1991,"CASS",26027,152,128,2,1,21,17,11,2,1,3,135,117,0,18
1992,"CASS",26027,127,96,1,2,28,11,6,1,2,2,116,90,0,26
1993,"CASS",26027,121,102,1,1,17,9,6,1,1,1,112,96,0,16
1994,"CASS",26027,116,89,2,5,20,11,4,2,5,0,105,85,0,20
1995,"CASS",26027,138,111,4,1,22,9,1,4,1,3,129,110,0,19
1996,"CASS",26027,205,168,1,0,36,7,6,1,0,0,198,162,0,36
1997,"CASS",26027,195,165,0,0,30,4,2,0,0,2,191,163,0,28
1998,"CASS",26027,266,229,2,2,33,8,3,2,2,1,258,226,0,32
1999,"CASS",26027,194,173,0,1,20,3,2,0,1,0,191,171,0,20
2000,"CASS",26027,206,175,3,0,28,6,3,3,0,0,200,172,0,28
2001,"CASS",26027,262,226,0,1,35,3,2,0,1,0,259,224,0,35
2002,"CASS",26027,328,283,0,0,45,1,1,0,0,0,327,282,0,45
2003,"CASS",26027,329,272,1,1,55,6,4,1,1,0,323,268,0,55
1990,"CHARLEVOIX",26029,45,32,5,0,8,10,4,5,0,1,35,28,0,7
1991,"CHARLEVOIX",26029,35,29,1,1,4,6,3,1,1,1,29,26,0,3
1992,"CHARLEVOIX",26029,45,40,1,0,4,4,3,1,0,0,41,37,0,4
1993,"CHARLEVOIX",26029,34,30,2,1,1,6,2,2,1,1,28,28,0,0
1994,"CHARLEVOIX",26029,35,29,1,0,5,7,5,1,0,1,28,24,0,4
1995,"CHARLEVOIX",26029,52,41,1,0,10,3,1,1,0,1,49,40,0,9
1996,"CHARLEVOIX",26029,51,45,0,0,6,2,1,0,0,1,49,44,0,5
1997,"CHARLEVOIX",26029,63,57,1,0,5,7,5,1,0,1,56,52,0,4
1998,"CHARLEVOIX",26029,67,64,0,0,3,3,2,0,0,1,64,62,0,2
1999,"CHARLEVOIX",26029,74,66,0,0,8,0,0,0,0,0,74,66,0,8
2000,"CHARLEVOIX",26029,69,64,0,0,5,4,4,0,0,0,65,60,0,5
2001,"CHARLEVOIX",26029,62,57,0,0,5,3,3,0,0,0,59,54,0,5
2002,"CHARLEVOIX",26029,74,70,1,0,3,1,0,1,0,0,73,70,0,3
2003,"CHARLEVOIX",26029,93,83,0,0,10,3,3,0,0,0,90,80,0,10
1990,"CHEBOYGAN",26031,28,25,1,0,2,4,3,1,0,0,24,22,0,2
1991,"CHEBOYGAN",26031,27,21,1,0,5,1,0,1,0,0,26,21,0,5
1992,"CHEBOYGAN",26031,42,36,4,0,2,7,3,4,0,0,35,33,0,2
1993,"CHEBOYGAN",26031,24,22,0,0,2,1,1,0,0,0,23,21,0,2
1994,"CHEBOYGAN",26031,32,25,5,0,2,6,0,5,0,1,26,25,0,1
1995,"CHEBOYGAN",26031,50,44,1,0,5,5,3,0,0,2,45,41,1,3
1996,"CHEBOYGAN",26031,52,49,0,0,3,2,1,0,0,1,50,48,0,2
1997,"CHEBOYGAN",26031,67,64,0,0,3,0,0,0,0,0,67,64,0,3
1998,"CHEBOYGAN",26031,79,76,1,0,2,4,3,1,0,0,75,73,0,2
1999,"CHEBOYGAN",26031,78,74,2,0,2,2,1,1,0,0,76,73,1,2
2000,"CHEBOYGAN",26031,78,72,0,0,6,2,2,0,0,0,76,70,0,6
2001,"CHEBOYGAN",26031,67,63,1,0,3,3,2,1,0,0,64,61,0,3
2002,"CHEBOYGAN",26031,82,74,2,0,6,2,0,2,0,0,80,74,0,6
2003,"CHEBOYGAN",26031,118,98,1,0,19,4,2,1,0,1,114,96,0,18
1990,"CHIPPEWA",26033,34,34,0,0,0,4,4,0,0,0,30,30,0,0
1991,"CHIPPEWA",26033,32,29,0,0,3,3,2,0,0,1,29,27,0,2
1992,"CHIPPEWA",26033,41,35,1,0,5,9,4,1,0,4,32,31,0,1
1993,"CHIPPEWA",26033,37,32,2,0,3,7,3,2,0,2,30,29,0,1
1994,"CHIPPEWA",26033,37,32,2,0,3,7,4,2,0,1,30,28,0,2
1995,"CHIPPEWA",26033,44,42,1,0,1,7,5,1,0,1,37,37,0,0
1996,"CHIPPEWA",26033,63,58,0,0,5,6,6,0,0,0,57,52,0,5
1997,"CHIPPEWA",26033,79,76,0,0,3,2,1,0,0,1,77,75,0,2
1998,"CHIPPEWA",26033,93,85,0,0,8,5,5,0,0,0,88,80,0,8
1999,"CHIPPEWA",26033,101,90,0,0,11,1,0,0,0,1,100,90,0,10
2000,"CHIPPEWA",26033,87,78,2,0,7,3,1,2,0,0,84,77,0,7
2001,"CHIPPEWA",26033,107,98,0,0,9,0,0,0,0,0,107,98,0,9
2002,"CHIPPEWA",26033,100,87,0,0,13,0,0,0,0,0,100,87,0,13
2003,"CHIPPEWA",26033,100,87,2,0,11,3,1,2,0,0,97,86,0,11
1990,"CLARE",26035,37,28,1,0,8,2,1,1,0,0,35,27,0,8
1991,"CLARE",26035,52,45,0,0,7,3,3,0,0,0,49,42,0,7
1992,"CLARE",26035,65,52,3,0,10,9,4,3,0,2,56,48,0,8
1993,"CLARE",26035,57,53,0,0,4,8,8,0,0,0,49,45,0,4
1994,"CLARE",26035,50,47,0,0,3,1,1,0,0,0,49,46,0,3
1995,"CLARE",26035,68,59,3,0,6,7,2,3,0,2,61,57,0,4
1996,"CLARE",26035,98,91,0,0,7,3,2,0,0,1,95,89,0,6
1997,"CLARE",26035,118,106,0,0,12,5,3,0,0,2,113,103,0,10
1998,"CLARE",26035,158,153,0,0,5,2,1,0,0,1,156,152,0,4
1999,"CLARE",26035,116,111,0,0,5,2,1,0,0,1,114,110,0,4
2000,"CLARE",26035,150,140,1,1,8,3,1,1,1,0,147,139,0,8
2001,"CLARE",26035,204,196,2,0,6,3,1,2,0,0,201,195,0,6
2002,"CLARE",26035,234,219,0,0,15,2,2,0,0,0,232,217,0,15
2003,"CLARE",26035,218,196,1,0,21,4,3,1,0,0,214,193,0,21
1990,"CLINTON",26037,78,55,5,0,18,17,8,4,0,5,61,47,1,13
1991,"CLINTON",26037,101,76,2,1,22,11,5,2,1,3,90,71,0,19
1992,"CLINTON",26037,89,67,2,0,20,8,2,2,0,4,81,65,0,16
1993,"CLINTON",26037,98,75,4,0,19,8,3,4,0,1,90,72,0,18
1994,"CLINTON",26037,76,61,2,0,13,6,3,2,0,1,70,58,0,12
1995,"CLINTON",26037,111,85,1,0,25,11,8,1,0,2,100,77,0,23
1996,"CLINTON",26037,132,106,1,0,25,6,3,1,0,2,126,103,0,23
1997,"CLINTON",26037,192,153,2,1,36,11,5,2,1,3,181,148,0,33
1998,"CLINTON",26037,177,150,0,1,26,4,3,0,1,0,173,147,0,26
1999,"CLINTON",26037,193,154,0,1,38,8,6,0,1,1,185,148,0,37
2000,"CLINTON",26037,172,139,2,1,30,7,4,2,1,0,165,135,0,30
2001,"CLINTON",26037,186,156,0,0,30,4,4,0,0,0,182,152,0,30
2002,"CLINTON",26037,228,204,2,1,21,4,1,2,1,0,224,203,0,21
2003,"CLINTON",26037,276,217,0,0,59,2,2,0,0,0,274,215,0,59
1990,"CRAWFORD",26039,12,9,1,0,2,2,0,1,0,1,10,9,0,1
1991,"CRAWFORD",26039,25,21,1,0,3,3,2,1,0,0,22,19,0,3
1992,"CRAWFORD",26039,20,18,1,0,1,1,0,1,0,0,19,18,0,1
1993,"CRAWFORD",26039,18,14,1,0,3,5,3,0,0,2,13,11,1,1
1994,"CRAWFORD",26039,19,17,0,0,2,1,1,0,0,0,18,16,0,2
1995,"CRAWFORD",26039,31,27,0,0,4,2,1,0,0,1,29,26,0,3
1996,"CRAWFORD",26039,25,25,0,0,0,0,0,0,0,0,25,25,0,0
1997,"CRAWFORD",26039,40,37,1,0,2,3,1,1,0,1,37,36,0,1
1998,"CRAWFORD",26039,42,39,0,0,3,1,0,0,0,1,41,39,0,2
1999,"CRAWFORD",26039,43,41,0,0,2,2,2,0,0,0,41,39,0,2
2000,"CRAWFORD",26039,48,44,0,0,4,1,1,0,0,0,47,43,0,4
2001,"CRAWFORD",26039,57,53,0,0,4,1,1,0,0,0,56,52,0,4
2002,"CRAWFORD",26039,43,37,0,0,6,0,0,0,0,0,43,37,0,6
2003,"CRAWFORD",26039,84,78,0,0,6,0,0,0,0,0,84,78,0,6
1990,"DELTA",26041,54,47,3,0,4,10,6,3,0,1,44,41,0,3
1991,"DELTA",26041,61,57,3,0,1,9,6,3,0,0,52,51,0,1
1992,"DELTA",26041,45,38,2,2,3,7,3,2,2,0,38,35,0,3
1993,"DELTA",26041,50,48,1,0,1,6,5,1,0,0,44,43,0,1
1994,"DELTA",26041,43,41,1,0,1,6,5,1,0,0,37,36,0,1
1995,"DELTA",26041,50,49,0,0,1,7,7,0,0,0,43,42,0,1
1996,"DELTA",26041,94,91,3,0,0,9,6,3,0,0,85,85,0,0
1997,"DELTA",26041,122,115,0,0,7,6,5,0,0,1,116,110,0,6
1998,"DELTA",26041,134,130,1,0,3,6,5,1,0,0,128,125,0,3
1999,"DELTA",26041,113,106,0,0,7,1,1,0,0,0,112,105,0,7
2000,"DELTA",26041,148,142,1,0,5,4,3,1,0,0,144,139,0,5
2001,"DELTA",26041,105,100,0,0,5,2,2,0,0,0,103,98,0,5
2002,"DELTA",26041,142,139,1,0,2,3,2,1,0,0,139,137,0,2
2003,"DELTA",26041,172,164,0,0,8,5,5,0,0,0,167,159,0,8
1990,"DICKINSON",26043,35,32,0,0,3,4,3,0,0,1,31,29,0,2
1991,"DICKINSON",26043,46,42,2,0,2,9,6,2,0,1,37,36,0,1
1992,"DICKINSON",26043,34,34,0,0,0,2,2,0,0,0,32,32,0,0
1993,"DICKINSON",26043,35,32,1,0,2,5,4,1,0,0,30,28,0,2
1994,"DICKINSON",26043,42,38,1,0,3,6,4,1,0,1,36,34,0,2
1995,"DICKINSON",26043,60,56,0,0,4,2,1,0,0,1,58,55,0,3
1996,"DICKINSON",26043,102,96,1,0,5,4,3,1,0,0,98,93,0,5
1997,"DICKINSON",26043,175,167,0,0,8,3,2,0,0,1,172,165,0,7
1998,"DICKINSON",26043,184,171,1,0,12,4,3,1,0,0,180,168,0,12
1999,"DICKINSON",26043,149,143,0,0,6,0,0,0,0,0,149,143,0,6
2000,"DICKINSON",26043,151,136,1,0,14,2,1,1,0,0,149,135,0,14
2001,"DICKINSON",26043,68,61,0,0,7,3,3,0,0,0,65,58,0,7
2002,"DICKINSON",26043,125,117,0,0,8,2,2,0,0,0,123,115,0,8
2003,"DICKINSON",26043,186,162,0,0,24,0,0,0,0,0,186,162,0,24
1990,"EATON",26045,163,107,5,0,51,20,14,4,0,2,143,93,1,49
1991,"EATON",26045,199,155,3,1,40,20,11,3,1,5,179,144,0,35
1992,"EATON",26045,194,161,4,0,29,12,5,4,0,3,182,156,0,26
1993,"EATON",26045,189,160,5,0,24,17,12,5,0,0,172,148,0,24
1994,"EATON",26045,151,114,2,0,35,8,3,2,0,3,143,111,0,32
1995,"EATON",26045,241,197,1,1,42,8,5,1,1,1,233,192,0,41
1996,"EATON",26045,289,232,0,0,57,5,3,0,0,2,284,229,0,55
1997,"EATON",26045,368,306,1,1,60,17,11,1,1,4,351,295,0,56
1998,"EATON",26045,399,334,0,1,64,8,6,0,1,1,391,328,0,63
1999,"EATON",26045,334,289,0,1,44,4,2,0,1,1,330,287,0,43
2000,"EATON",26045,387,330,1,0,56,11,9,1,0,1,376,321,0,55
2001,"EATON",26045,468,400,0,0,68,8,6,0,0,2,460,394,0,66
2002,"EATON",26045,437,381,0,0,56,9,8,0,0,1,428,373,0,55
2003,"EATON",26045,513,408,0,0,105,6,5,0,0,1,507,403,0,104
1990,"EMMET",26047,31,29,1,0,1,6,4,1,0,1,25,25,0,0
1991,"EMMET",26047,48,42,0,1,5,3,2,0,1,0,45,40,0,5
1992,"EMMET",26047,44,42,2,0,0,5,3,2,0,0,39,39,0,0
1993,"EMMET",26047,51,44,2,0,5,9,6,2,0,1,42,38,0,4
1994,"EMMET",26047,44,40,1,0,3,8,6,1,0,1,36,34,0,2
1995,"EMMET",26047,55,48,0,0,7,9,9,0,0,0,46,39,0,7
1996,"EMMET",26047,62,59,0,0,3,2,1,0,0,1,60,58,0,2
1997,"EMMET",26047,83,78,1,1,3,6,5,0,1,0,77,73,1,3
1998,"EMMET",26047,95,91,1,0,3,5,4,1,0,0,90,87,0,3
1999,"EMMET",26047,87,79,0,0,8,2,1,0,0,1,85,78,0,7
2000,"EMMET",26047,77,70,1,0,6,3,2,1,0,0,74,68,0,6
2001,"EMMET",26047,83,77,0,0,6,2,2,0,0,0,81,75,0,6
2002,"EMMET",26047,116,110,0,0,6,4,4,0,0,0,112,106,0,6
2003,"EMMET",26047,123,116,0,0,7,2,2,0,0,0,121,114,0,7
1990,"GENESEE",26049,1119,596,20,0,503,60,31,19,0,10,1059,565,1,493
1991,"GENESEE",26049,1244,735,29,0,480,103,53,26,0,24,1141,682,3,456
1992,"GENESEE",26049,1274,797,16,1,460,73,35,14,1,23,1201,762,2,437
1993,"GENESEE",26049,1055,613,11,1,430,24,16,7,1,0,1031,597,4,430
1994,"GENESEE",26049,991,594,10,1,386,20,9,10,1,0,971,585,0,386
1995,"GENESEE",26049,1095,730,14,0,351,18,4,12,0,2,1077,726,2,349
1996,"GENESEE",26049,1486,1029,8,0,449,18,9,8,0,1,1468,1020,0,448
1997,"GENESEE",26049,1830,1352,12,0,466,26,14,12,0,0,1804,1338,0,466
1998,"GENESEE",26049,2014,1514,3,0,497,18,15,3,0,0,1996,1499,0,497
1999,"GENESEE",26049,1841,1359,20,0,462,27,7,20,0,0,1814,1352,0,462
2000,"GENESEE",26049,1849,1378,8,0,463,27,16,8,0,3,1822,1362,0,460
2001,"GENESEE",26049,2606,1931,15,0,660,35,19,15,0,1,2571,1912,0,659
2002,"GENESEE",26049,3143,2179,16,0,948,34,18,15,0,1,3109,2161,1,947
2003,"GENESEE",26049,3594,2480,14,0,1100,32,18,14,0,0,3562,2462,0,1100
1990,"GLADWIN",26051,26,18,1,0,7,3,2,1,0,0,23,16,0,7
1991,"GLADWIN",26051,38,31,3,0,4,4,2,2,0,0,34,29,1,4
1992,"GLADWIN",26051,40,36,0,0,4,2,2,0,0,0,38,34,0,4
1993,"GLADWIN",26051,33,30,0,0,3,4,4,0,0,0,29,26,0,3
1994,"GLADWIN",26051,30,28,0,0,2,3,2,0,0,1,27,26,0,1
1995,"GLADWIN",26051,46,37,2,0,7,5,2,2,0,1,41,35,0,6
1996,"GLADWIN",26051,42,40,1,0,1,5,3,1,0,1,37,37,0,0
1997,"GLADWIN",26051,94,87,0,0,7,4,3,0,0,1,90,84,0,6
1998,"GLADWIN",26051,89,87,0,0,2,2,2,0,0,0,87,85,0,2
1999,"GLADWIN",26051,79,72,0,0,7,0,0,0,0,0,79,72,0,7
2000,"GLADWIN",26051,93,83,0,0,10,0,0,0,0,0,93,83,0,10
2001,"GLADWIN",26051,130,123,0,0,7,0,0,0,0,0,130,123,0,7
2002,"GLADWIN",26051,138,120,1,0,17,2,1,1,0,0,136,119,0,17
2003,"GLADWIN",26051,144,116,0,0,28,2,1,0,0,1,142,115,0,27
1990,"GOGEBIC",26053,26,18,1,1,6,3,1,1,1,0,23,17,0,6
1991,"GOGEBIC",26053,24,21,0,0,3,2,1,0,0,1,22,20,0,2
1992,"GOGEBIC",26053,25,22,0,0,3,3,1,0,0,2,22,21,0,1
1993,"GOGEBIC",26053,31,26,0,0,5,2,1,0,0,1,29,25,0,4
1994,"GOGEBIC",26053,19,10,0,0,9,3,0,0,0,3,16,10,0,6
1995,"GOGEBIC",26053,22,17,0,0,5,1,1,0,0,0,21,16,0,5
1996,"GOGEBIC",26053,27,27,0,0,0,2,2,0,0,0,25,25,0,0
1997,"GOGEBIC",26053,48,47,0,0,1,1,1,0,0,0,47,46,0,1
1998,"GOGEBIC",26053,67,64,1,0,2,3,2,1,0,0,64,62,0,2
1999,"GOGEBIC",26053,47,46,0,0,1,0,0,0,0,0,47,46,0,1
2000,"GOGEBIC",26053,39,38,1,0,0,1,0,1,0,0,38,38,0,0
2001,"GOGEBIC",26053,55,53,1,0,1,2,1,1,0,0,53,52,0,1
2002,"GOGEBIC",26053,56,52,1,0,3,5,2,1,0,2,51,50,0,1
2003,"GOGEBIC",26053,83,79,0,0,4,0,0,0,0,0,83,79,0,4
1990,"GRAND TRAVERSE",26055,201,142,15,0,44,44,25,12,0,7,157,117,3,37
1991,"GRAND TRAVERSE",26055,233,184,6,0,43,21,11,6,0,4,212,173,0,39
1992,"GRAND TRAVERSE",26055,204,161,9,0,34,23,11,9,0,3,181,150,0,31
1993,"GRAND TRAVERSE",26055,175,144,4,0,27,14,9,4,0,1,161,135,0,26
1994,"GRAND TRAVERSE",26055,170,122,7,1,40,20,10,7,1,2,150,112,0,38
1995,"GRAND TRAVERSE",26055,181,150,2,0,29,15,11,2,0,2,166,139,0,27
1996,"GRAND TRAVERSE",26055,247,210,4,0,33,19,7,4,0,8,228,203,0,25
1997,"GRAND TRAVERSE",26055,266,228,0,0,38,14,9,0,0,5,252,219,0,33
1998,"GRAND TRAVERSE",26055,301,257,3,0,41,16,11,3,0,2,285,246,0,39
1999,"GRAND TRAVERSE",26055,298,242,5,0,51,20,12,5,0,3,278,230,0,48
2000,"GRAND TRAVERSE",26055,292,256,1,0,35,17,16,1,0,0,275,240,0,35
2001,"GRAND TRAVERSE",26055,292,254,2,0,36,14,10,2,0,2,278,244,0,34
2002,"GRAND TRAVERSE",26055,346,282,4,0,60,20,15,4,0,1,326,267,0,59
2003,"GRAND TRAVERSE",26055,438,375,2,0,61,10,9,1,0,0,428,366,1,61
1990,"GRATIOT",26057,86,78,0,1,7,10,8,0,1,1,76,70,0,6
1991,"GRATIOT",26057,79,77,0,0,2,2,2,0,0,0,77,75,0,2
1992,"GRATIOT",26057,71,68,1,0,2,7,6,1,0,0,64,62,0,2
1993,"GRATIOT",26057,56,49,2,0,5,5,3,2,0,0,51,46,0,5
1994,"GRATIOT",26057,64,59,0,0,5,2,1,0,0,1,62,58,0,4
1995,"GRATIOT",26057,59,57,1,0,1,4,3,1,0,0,55,54,0,1
1996,"GRATIOT",26057,116,114,0,0,2,4,4,0,0,0,112,110,0,2
1997,"GRATIOT",26057,151,141,1,0,9,7,2,1,0,4,144,139,0,5
1998,"GRATIOT",26057,153,147,0,0,6,3,1,0,0,2,150,146,0,4
1999,"GRATIOT",26057,142,132,1,0,9,3,2,0,0,1,139,130,1,8
2000,"GRATIOT",26057,139,130,1,0,8,2,1,1,0,0,137,129,0,8
2001,"GRATIOT",26057,167,157,0,0,10,2,2,0,0,0,165,155,0,10
2002,"GRATIOT",26057,194,186,0,0,8,0,0,0,0,0,194,186,0,8
2003,"GRATIOT",26057,234,217,0,0,17,2,2,0,0,0,232,215,0,17
1990,"HILLSDALE",26059,91,78,1,1,11,16,13,1,1,1,75,65,0,10
1991,"HILLSDALE",26059,118,107,2,1,8,9,6,2,1,0,109,101,0,8
1992,"HILLSDALE",26059,143,133,2,0,8,12,9,2,0,1,131,124,0,7
1993,"HILLSDALE",26059,97,89,0,2,6,8,6,0,2,0,89,83,0,6
1994,"HILLSDALE",26059,65,61,1,0,3,6,5,1,0,0,59,56,0,3
1995,"HILLSDALE",26059,68,59,2,1,6,9,4,2,1,2,59,55,0,4
1996,"HILLSDALE",26059,111,105,0,0,6,6,4,0,0,2,105,101,0,4
1997,"HILLSDALE",26059,155,142,0,1,12,4,3,0,1,0,151,139,0,12
1998,"HILLSDALE",26059,145,127,2,1,15,4,2,1,1,0,141,125,1,15
1999,"HILLSDALE",26059,156,149,0,0,7,1,1,0,0,0,155,148,0,7
2000,"HILLSDALE",26059,139,122,0,0,17,2,2,0,0,0,137,120,0,17
2001,"HILLSDALE",26059,199,187,1,1,10,4,2,1,1,0,195,185,0,10
2002,"HILLSDALE",26059,228,215,0,1,12,2,1,0,1,0,226,214,0,12
2003,"HILLSDALE",26059,248,214,1,1,32,3,1,1,1,0,245,213,0,32
1990,"HOUGHTON",26061,25,24,0,0,1,0,0,0,0,0,25,24,0,1
1991,"HOUGHTON",26061,34,27,5,0,2,8,2,5,0,1,26,25,0,1
1992,"HOUGHTON",26061,32,30,1,0,1,1,0,1,0,0,31,30,0,1
1993,"HOUGHTON",26061,28,26,0,0,2,3,3,0,0,0,25,23,0,2
1994,"HOUGHTON",26061,30,28,0,0,2,6,5,0,0,1,24,23,0,1
1995,"HOUGHTON",26061,43,42,1,0,0,7,6,1,0,0,36,36,0,0
1996,"HOUGHTON",26061,64,63,0,0,1,2,2,0,0,0,62,61,0,1
1997,"HOUGHTON",26061,73,71,0,0,2,7,7,0,0,0,66,64,0,2
1998,"HOUGHTON",26061,69,69,0,0,0,3,3,0,0,0,66,66,0,0
1999,"HOUGHTON",26061,59,56,2,0,1,2,0,2,0,0,57,56,0,1
2000,"HOUGHTON",26061,46,44,1,0,1,1,0,1,0,0,45,44,0,1
2001,"HOUGHTON",26061,62,58,3,0,1,6,3,3,0,0,56,55,0,1
2002,"HOUGHTON",26061,69,61,2,0,6,3,0,2,0,1,66,61,0,5
2003,"HOUGHTON",26061,92,85,0,0,7,1,0,0,0,1,91,85,0,6
1990,"HURON",26063,43,32,1,6,4,11,4,1,6,0,32,28,0,4
1991,"HURON",26063,52,39,1,3,9,8,3,1,3,1,44,36,0,8
1992,"HURON",26063,52,35,1,3,13,10,4,1,3,2,42,31,0,11
1993,"HURON",26063,30,25,2,0,3,8,5,2,0,1,22,20,0,2
1994,"HURON",26063,27,23,0,0,4,2,2,0,0,0,25,21,0,4
1995,"HURON",26063,34,26,1,1,6,3,2,0,1,0,31,24,1,6
1996,"HURON",26063,63,53,0,1,9,5,2,0,1,2,58,51,0,7
1997,"HURON",26063,63,59,0,1,3,5,4,0,1,0,58,55,0,3
1998,"HURON",26063,72,63,0,3,6,5,1,0,3,1,67,62,0,5
1999,"HURON",26063,85,74,0,1,10,4,3,0,1,0,81,71,0,10
2000,"HURON",26063,76,70,0,0,6,0,0,0,0,0,76,70,0,6
2001,"HURON",26063,116,97,0,0,19,3,2,0,0,1,113,95,0,18
2002,"HURON",26063,120,100,0,1,19,3,1,0,1,1,117,99,0,18
2003,"HURON",26063,114,92,1,0,21,4,2,1,0,1,110,90,0,20
1990,"INGHAM",26065,719,532,12,4,171,80,54,12,4,10,639,478,0,161
1991,"INGHAM",26065,790,610,31,3,146,92,52,31,3,6,698,558,0,140
1992,"INGHAM",26065,726,573,23,2,128,61,25,21,2,13,665,548,2,115
1993,"INGHAM",26065,669,531,16,7,115,58,30,15,7,6,611,501,1,109
1994,"INGHAM",26065,632,501,12,2,117,51,25,12,2,12,581,476,0,105
1995,"INGHAM",26065,709,544,14,0,151,49,23,14,0,12,660,521,0,139
1996,"INGHAM",26065,909,717,10,2,180,37,20,10,2,5,872,697,0,175
1997,"INGHAM",26065,1125,922,7,1,195,37,25,7,1,4,1088,897,0,191
1998,"INGHAM",26065,1159,972,2,0,185,26,22,2,0,2,1133,950,0,183
1999,"INGHAM",26065,1010,822,5,0,183,24,17,5,0,2,986,805,0,181
2000,"INGHAM",26065,986,806,10,0,170,26,15,10,0,1,960,791,0,169
2001,"INGHAM",26065,1223,1012,6,0,205,21,13,6,0,2,1202,999,0,203
2002,"INGHAM",26065,1243,1028,5,0,210,24,17,5,0,2,1219,1011,0,208
2003,"INGHAM",26065,1456,1205,7,0,244,25,16,7,0,2,1431,1189,0,242
1990,"IONIA",26067,128,81,0,0,47,18,12,0,0,6,110,69,0,41
1991,"IONIA",26067,123,75,2,2,44,17,7,2,2,6,106,68,0,38
1992,"IONIA",26067,149,111,2,0,36,15,6,2,0,7,134,105,0,29
1993,"IONIA",26067,115,89,0,1,25,7,4,0,1,2,108,85,0,23
1994,"IONIA",26067,113,73,3,0,37,10,3,3,0,4,103,70,0,33
1995,"IONIA",26067,152,116,0,0,36,7,5,0,0,2,145,111,0,34
1996,"IONIA",26067,185,119,0,1,65,13,6,0,1,6,172,113,0,59
1997,"IONIA",26067,200,152,2,0,46,12,5,2,0,5,188,147,0,41
1998,"IONIA",26067,217,166,0,1,50,3,1,0,1,1,214,165,0,49
1999,"IONIA",26067,176,137,1,0,38,4,3,1,0,0,172,134,0,38
2000,"IONIA",26067,198,140,2,0,56,4,1,2,0,1,194,139,0,55
2001,"IONIA",26067,257,190,0,0,67,4,3,0,0,1,253,187,0,66
2002,"IONIA",26067,279,191,1,0,87,3,1,1,0,1,276,190,0,86
2003,"IONIA",26067,294,218,0,0,76,3,2,0,0,1,291,216,0,75
1990,"IOSCO",26069,40,34,1,0,5,5,4,1,0,0,35,30,0,5
1991,"IOSCO",26069,28,27,1,0,0,3,2,1,0,0,25,25,0,0
1992,"IOSCO",26069,53,49,1,0,3,5,4,1,0,0,48,45,0,3
1993,"IOSCO",26069,47,39,3,0,5,8,3,3,0,2,39,36,0,3
1994,"IOSCO",26069,43,36,1,0,6,4,2,1,0,1,39,34,0,5
1995,"IOSCO",26069,57,52,0,0,5,6,5,0,0,1,51,47,0,4
1996,"IOSCO",26069,72,64,1,0,7,9,5,0,0,4,63,59,1,3
1997,"IOSCO",26069,92,88,0,0,4,7,6,0,0,1,85,82,0,3
1998,"IOSCO",26069,84,78,3,0,3,4,1,3,0,0,80,77,0,3
1999,"IOSCO",26069,98,89,0,0,9,2,2,0,0,0,96,87,0,9
2000,"IOSCO",26069,102,90,2,0,10,1,0,1,0,0,101,90,1,10
2001,"IOSCO",26069,103,97,0,0,6,1,1,0,0,0,102,96,0,6
2002,"IOSCO",26069,134,120,4,0,10,10,4,4,0,2,124,116,0,8
2003,"IOSCO",26069,126,111,0,0,15,1,1,0,0,0,125,110,0,15
1990,"IRON",26071,15,15,0,0,0,1,1,0,0,0,14,14,0,0
1991,"IRON",26071,15,14,0,0,1,1,1,0,0,0,14,13,0,1
1992,"IRON",26071,21,20,1,0,0,4,3,1,0,0,17,17,0,0
1993,"IRON",26071,25,23,0,0,2,6,5,0,0,1,19,18,0,1
1994,"IRON",26071,19,18,0,0,1,3,3,0,0,0,16,15,0,1
1995,"IRON",26071,23,19,0,0,4,4,3,0,0,1,19,16,0,3
1996,"IRON",26071,35,35,0,0,0,1,1,0,0,0,34,34,0,0
1997,"IRON",26071,60,58,0,0,2,7,6,0,0,1,53,52,0,1
1998,"IRON",26071,69,66,0,0,3,0,0,0,0,0,69,66,0,3
1999,"IRON",26071,59,51,0,0,8,0,0,0,0,0,59,51,0,8
2000,"IRON",26071,57,51,0,0,6,1,1,0,0,0,56,50,0,6
2001,"IRON",26071,29,26,0,0,3,1,1,0,0,0,28,25,0,3
2002,"IRON",26071,52,51,0,0,1,1,1,0,0,0,51,50,0,1
2003,"IRON",26071,63,54,0,0,9,2,2,0,0,0,61,52,0,9
1990,"ISABELLA",26073,64,60,0,1,3,8,7,0,1,0,56,53,0,3
1991,"ISABELLA",26073,76,71,0,2,3,6,3,0,2,1,70,68,0,2
1992,"ISABELLA",26073,101,96,0,1,4,13,11,0,1,1,88,85,0,3
1993,"ISABELLA",26073,79,71,2,0,6,9,7,2,0,0,70,64,0,6
1994,"ISABELLA",26073,70,64,3,1,2,5,1,3,1,0,65,63,0,2
1995,"ISABELLA",26073,91,86,1,0,4,7,6,1,0,0,84,80,0,4
1996,"ISABELLA",26073,103,102,0,0,1,6,6,0,0,0,97,96,0,1
1997,"ISABELLA",26073,124,122,0,0,2,2,2,0,0,0,122,120,0,2
1998,"ISABELLA",26073,176,173,0,0,3,3,2,0,0,1,173,171,0,2
1999,"ISABELLA",26073,156,149,0,1,6,6,5,0,1,0,150,144,0,6
2000,"ISABELLA",26073,151,148,0,0,3,1,1,0,0,0,150,147,0,3
2001,"ISABELLA",26073,213,208,0,0,5,6,6,0,0,0,207,202,0,5
2002,"ISABELLA",26073,227,212,5,0,10,6,1,5,0,0,221,211,0,10
2003,"ISABELLA",26073,229,216,0,0,13,2,2,0,0,0,227,214,0,13
1990,"JACKSON",26075,427,410,1,0,16,21,20,1,0,0,406,390,0,16
1991,"JACKSON",26075,498,476,6,2,14,20,13,5,2,0,478,463,1,14
1992,"JACKSON",26075,527,491,7,1,28,20,11,6,1,2,507,480,1,26
1993,"JACKSON",26075,413,396,0,0,17,2,1,0,0,1,411,395,0,16
1994,"JACKSON",26075,381,360,1,1,19,11,8,1,1,1,370,352,0,18
1995,"JACKSON",26075,413,392,4,0,17,9,5,4,0,0,404,387,0,17
1996,"JACKSON",26075,565,539,1,2,23,14,10,1,2,1,551,529,0,22
1997,"JACKSON",26075,682,648,0,3,31,12,9,0,3,0,670,639,0,31
1998,"JACKSON",26075,726,680,4,0,42,10,4,4,0,2,716,676,0,40
1999,"JACKSON",26075,673,626,2,0,45,10,7,2,0,1,663,619,0,44
2000,"JACKSON",26075,610,546,6,0,58,7,1,6,0,0,603,545,0,58
2001,"JACKSON",26075,895,810,4,0,81,12,8,4,0,0,883,802,0,81
2002,"JACKSON",26075,1193,1042,7,0,144,21,13,6,0,2,1172,1029,1,142
2003,"JACKSON",26075,1232,1037,7,0,188,19,11,7,0,1,1213,1026,0,187
1990,"KALAMAZOO",26077,499,401,11,0,87,56,35,11,0,10,443,366,0,77
1991,"KALAMAZOO",26077,667,540,9,1,117,47,29,9,1,8,620,511,0,109
1992,"KALAMAZOO",26077,665,549,8,1,107,43,24,7,1,11,622,525,1,96
1993,"KALAMAZOO",26077,596,474,9,0,113,31,14,9,0,8,565,460,0,105
1994,"KALAMAZOO",26077,553,414,6,0,133,24,14,6,0,4,529,400,0,129
1995,"KALAMAZOO",26077,662,520,12,0,130,35,14,12,0,9,627,506,0,121
1996,"KALAMAZOO",26077,864,695,9,0,160,29,17,9,0,3,835,678,0,157
1997,"KALAMAZOO",26077,975,810,9,0,156,29,19,9,0,1,946,791,0,155
1998,"KALAMAZOO",26077,965,799,6,0,160,13,8,5,0,0,952,791,1,160
1999,"KALAMAZOO",26077,848,702,0,0,146,10,7,0,0,3,838,695,0,143
2000,"KALAMAZOO",26077,833,652,7,0,174,16,8,7,0,1,817,644,0,173
2001,"KALAMAZOO",26077,1170,943,1,0,226,11,10,1,0,0,1159,933,0,226
2002,"KALAMAZOO",26077,1380,1109,4,0,267,20,13,4,0,3,1360,1096,0,264
2003,"KALAMAZOO",26077,1442,1165,7,0,270,19,11,5,0,3,1423,1154,2,267
1990,"KALKASKA",26079,26,19,2,0,5,4,1,2,0,1,22,18,0,4
1991,"KALKASKA",26079,28,22,0,0,6,2,0,0,0,2,26,22,0,4
1992,"KALKASKA",26079,41,33,0,0,8,4,1,0,0,3,37,32,0,5
1993,"KALKASKA",26079,33,20,1,0,12,1,0,1,0,0,32,20,0,12
1994,"KALKASKA",26079,21,18,0,0,3,2,1,0,0,1,19,17,0,2
1995,"KALKASKA",26079,23,22,0,0,1,2,2,0,0,0,21,20,0,1
1996,"KALKASKA",26079,42,35,0,0,7,2,2,0,0,0,40,33,0,7
1997,"KALKASKA",26079,85,77,0,0,8,2,2,0,0,0,83,75,0,8
1998,"KALKASKA",26079,76,70,0,0,6,2,1,0,0,1,74,69,0,5
1999,"KALKASKA",26079,64,58,1,0,5,2,1,1,0,0,62,57,0,5
2000,"KALKASKA",26079,64,48,0,0,16,1,1,0,0,0,63,47,0,16
2001,"KALKASKA",26079,81,72,0,0,9,1,1,0,0,0,80,71,0,9
2002,"KALKASKA",26079,101,78,2,0,21,4,0,2,0,2,97,78,0,19
2003,"KALKASKA",26079,109,84,0,0,25,1,1,0,0,0,108,83,0,25
1990,"KENT",26081,1144,747,39,1,357,158,91,37,1,29,986,656,2,328
1991,"KENT",26081,1375,955,41,0,379,110,48,39,0,23,1265,907,2,356
1992,"KENT",26081,1445,1062,25,0,358,135,87,24,0,24,1310,975,1,334
1993,"KENT",26081,1276,898,26,4,348,117,65,24,4,24,1159,833,2,324
1994,"KENT",26081,1320,888,15,1,416,90,53,14,1,22,1230,835,1,394
1995,"KENT",26081,1394,846,12,5,531,95,57,12,5,21,1299,789,0,510
1996,"KENT",26081,2009,1006,23,1,979,98,47,23,1,27,1911,959,0,952
1997,"KENT",26081,2380,1252,14,1,1113,105,57,14,1,33,2275,1195,0,1080
1998,"KENT",26081,2218,1210,11,0,997,62,34,10,0,18,2156,1176,1,979
1999,"KENT",26081,2139,1108,8,0,1023,55,36,8,0,11,2084,1072,0,1012
2000,"KENT",26081,2032,1131,6,0,895,46,33,6,0,7,1986,1098,0,888
2001,"KENT",26081,2451,1433,23,0,995,67,36,23,0,8,2384,1397,0,987
2002,"KENT",26081,2737,1651,7,0,1079,58,42,7,0,9,2679,1609,0,1070
2003,"KENT",26081,2834,1826,13,0,995,67,42,12,0,13,2767,1784,1,982
1990,"KEWEENAW",26083,2,2,0,0,0,0,0,0,0,0,2,2,0,0
1991,"KEWEENAW",26083,5,5,0,0,0,1,1,0,0,0,4,4,0,0
1992,"KEWEENAW",26083,3,3,0,0,0,0,0,0,0,0,3,3,0,0
1993,"KEWEENAW",26083,2,2,0,0,0,0,0,0,0,0,2,2,0,0
1994,"KEWEENAW",26083,2,2,0,0,0,0,0,0,0,0,2,2,0,0
1995,"KEWEENAW",26083,4,4,0,0,0,1,1,0,0,0,3,3,0,0
1996,"KEWEENAW",26083,5,5,0,0,0,1,1,0,0,0,4,4,0,0
1997,"KEWEENAW",26083,2,2,0,0,0,0,0,0,0,0,2,2,0,0
1998,"KEWEENAW",26083,4,4,0,0,0,0,0,0,0,0,4,4,0,0
1999,"KEWEENAW",26083,8,8,0,0,0,0,0,0,0,0,8,8,0,0
2000,"KEWEENAW",26083,5,5,0,0,0,0,0,0,0,0,5,5,0,0
2001,"KEWEENAW",26083,4,3,0,0,1,0,0,0,0,0,4,3,0,1
2002,"KEWEENAW",26083,7,7,0,0,0,0,0,0,0,0,7,7,0,0
2003,"KEWEENAW",26083,10,6,0,0,4,0,0,0,0,0,10,6,0,4
1990,"LAKE",26085,13,11,1,0,1,2,1,1,0,0,11,10,0,1
1991,"LAKE",26085,22,15,1,0,6,2,1,1,0,0,20,14,0,6
1992,"LAKE",26085,22,19,0,1,2,3,1,0,1,1,19,18,0,1
1993,"LAKE",26085,19,17,0,0,2,0,0,0,0,0,19,17,0,2
1994,"LAKE",26085,26,21,0,0,5,1,0,0,0,1,25,21,0,4
1995,"LAKE",26085,23,18,0,0,5,1,1,0,0,0,22,17,0,5
1996,"LAKE",26085,44,36,0,0,8,2,2,0,0,0,42,34,0,8
1997,"LAKE",26085,33,28,1,0,4,4,2,1,0,1,29,26,0,3
1998,"LAKE",26085,34,25,0,0,9,0,0,0,0,0,34,25,0,9
1999,"LAKE",26085,31,25,0,0,6,2,0,0,0,2,29,25,0,4
2000,"LAKE",26085,42,37,0,0,5,1,1,0,0,0,41,36,0,5
2001,"LAKE",26085,47,37,1,0,9,2,1,1,0,0,45,36,0,9
2002,"LAKE",26085,49,44,0,0,5,1,0,0,0,1,48,44,0,4
2003,"LAKE",26085,58,43,0,0,15,2,1,0,0,1,56,42,0,14
1990,"LAPEER",26087,126,84,0,0,42,10,7,0,0,3,116,77,0,39
1991,"LAPEER",26087,180,130,3,3,44,20,13,2,3,2,160,117,1,42
1992,"LAPEER",26087,194,142,3,8,41,26,13,3,8,2,168,129,0,39
1993,"LAPEER",26087,159,119,0,1,39,3,2,0,1,0,156,117,0,39
1994,"LAPEER",26087,152,110,5,0,37,6,2,4,0,0,146,108,1,37
1995,"LAPEER",26087,168,131,3,1,33,8,4,3,1,0,160,127,0,33
1996,"LAPEER",26087,236,187,5,0,44,10,5,5,0,0,226,182,0,44
1997,"LAPEER",26087,339,263,1,2,73,7,4,1,2,0,332,259,0,73
1998,"LAPEER",26087,359,293,2,1,63,5,2,2,1,0,354,291,0,63
1999,"LAPEER",26087,328,250,2,0,76,6,4,2,0,0,322,246,0,76
2000,"LAPEER",26087,277,221,2,0,54,7,4,2,0,1,270,217,0,53
2001,"LAPEER",26087,432,344,2,0,86,3,1,2,0,0,429,343,0,86
2002,"LAPEER",26087,546,431,5,0,110,19,14,4,0,1,527,417,1,109
2003,"LAPEER",26087,606,497,4,0,105,6,2,4,0,0,600,495,0,105
1990,"LEELANAU",26089,19,15,0,0,4,5,2,0,0,3,14,13,0,1
1991,"LEELANAU",26089,19,16,0,0,3,0,0,0,0,0,19,16,0,3
1992,"LEELANAU",26089,19,15,0,0,4,1,1,0,0,0,18,14,0,4
1993,"LEELANAU",26089,16,11,1,0,4,1,0,1,0,0,15,11,0,4
1994,"LEELANAU",26089,23,16,0,0,7,3,1,0,0,2,20,15,0,5
1995,"LEELANAU",26089,20,17,0,0,3,2,2,0,0,0,18,15,0,3
1996,"LEELANAU",26089,27,22,1,0,4,5,2,1,0,2,22,20,0,2
1997,"LEELANAU",26089,40,32,0,0,8,2,2,0,0,0,38,30,0,8
1998,"LEELANAU",26089,29,23,1,0,5,2,0,1,0,1,27,23,0,4
1999,"LEELANAU",26089,33,25,0,0,8,1,1,0,0,0,32,24,0,8
2000,"LEELANAU",26089,30,26,0,0,4,1,1,0,0,0,29,25,0,4
2001,"LEELANAU",26089,37,32,0,0,5,3,3,0,0,0,34,29,0,5
2002,"LEELANAU",26089,49,38,3,0,8,7,4,3,0,0,42,34,0,8
2003,"LEELANAU",26089,58,45,1,0,12,5,4,1,0,0,53,41,0,12
1990,"LENAWEE",26091,177,165,1,4,7,15,10,1,4,0,162,155,0,7
1991,"LENAWEE",26091,281,264,0,7,10,22,13,0,7,2,259,251,0,8
1992,"LENAWEE",26091,251,238,1,6,5,16,7,1,6,1,235,231,0,4
1993,"LENAWEE",26091,218,196,3,3,16,12,5,3,3,1,206,191,0,15
1994,"LENAWEE",26091,165,157,1,3,4,8,3,1,3,1,157,154,0,3
1995,"LENAWEE",26091,205,198,0,2,5,6,4,0,2,0,199,194,0,5
1996,"LENAWEE",26091,280,262,1,3,14,13,9,1,3,0,267,253,0,14
1997,"LENAWEE",26091,333,314,0,2,17,8,6,0,2,0,325,308,0,17
1998,"LENAWEE",26091,364,342,0,0,22,0,0,0,0,0,364,342,0,22
1999,"LENAWEE",26091,352,324,1,1,26,2,0,1,1,0,350,324,0,26
2000,"LENAWEE",26091,301,273,0,0,28,4,4,0,0,0,297,269,0,28
2001,"LENAWEE",26091,455,409,1,0,45,4,3,1,0,0,451,406,0,45
2002,"LENAWEE",26091,551,489,0,1,61,6,5,0,1,0,545,484,0,61
2003,"LENAWEE",26091,683,577,2,0,104,4,2,2,0,0,679,575,0,104
1990,"LIVINGSTON",26093,131,115,6,0,10,12,6,6,0,0,119,109,0,10
1991,"LIVINGSTON",26093,210,170,8,1,31,23,13,8,1,1,187,157,0,30
1992,"LIVINGSTON",26093,244,206,6,3,29,23,13,6,3,1,221,193,0,28
1993,"LIVINGSTON",26093,218,182,6,0,30,17,11,6,0,0,201,171,0,30
1994,"LIVINGSTON",26093,207,174,3,1,29,7,2,3,1,1,200,172,0,28
1995,"LIVINGSTON",26093,219,182,13,0,24,17,4,13,0,0,202,178,0,24
1996,"LIVINGSTON",26093,301,263,6,0,32,11,4,6,0,1,290,259,0,31
1997,"LIVINGSTON",26093,347,302,2,0,43,4,2,2,0,0,343,300,0,43
1998,"LIVINGSTON",26093,379,335,0,0,44,2,2,0,0,0,377,333,0,44
1999,"LIVINGSTON",26093,332,277,2,0,53,7,4,2,0,1,325,273,0,52
2000,"LIVINGSTON",26093,310,266,3,2,39,8,3,3,2,0,302,263,0,39
2001,"LIVINGSTON",26093,381,326,5,0,50,9,5,4,0,0,372,321,1,50
2002,"LIVINGSTON",26093,522,448,5,0,69,17,13,4,0,0,505,435,1,69
2003,"LIVINGSTON",26093,619,491,1,0,127,5,4,0,0,1,614,487,1,126
1990,"LUCE",26095,10,9,0,0,1,2,2,0,0,0,8,7,0,1
1991,"LUCE",26095,7,7,0,0,0,0,0,0,0,0,7,7,0,0
1992,"LUCE",26095,14,13,0,0,1,1,1,0,0,0,13,12,0,1
1993,"LUCE",26095,12,11,0,0,1,1,1,0,0,0,11,10,0,1
1994,"LUCE",26095,7,6,0,0,1,2,1,0,0,1,5,5,0,0
1995,"LUCE",26095,11,11,0,0,0,1,1,0,0,0,10,10,0,0
1996,"LUCE",26095,12,11,0,0,1,2,1,0,0,1,10,10,0,0
1997,"LUCE",26095,19,16,1,0,2,2,1,1,0,0,17,15,0,2
1998,"LUCE",26095,15,15,0,0,0,0,0,0,0,0,15,15,0,0
1999,"LUCE",26095,17,16,0,0,1,0,0,0,0,0,17,16,0,1
2000,"LUCE",26095,18,17,0,0,1,0,0,0,0,0,18,17,0,1
2001,"LUCE",26095,25,22,1,0,2,1,0,1,0,0,24,22,0,2
2002,"LUCE",26095,16,15,0,0,1,0,0,0,0,0,16,15,0,1
2003,"LUCE",26095,14,13,0,0,1,0,0,0,0,0,14,13,0,1
1990,"MACKINAC",26097,8,5,3,0,0,2,0,2,0,0,6,5,1,0
1991,"MACKINAC",26097,20,20,0,0,0,2,2,0,0,0,18,18,0,0
1992,"MACKINAC",26097,13,12,0,0,1,1,1,0,0,0,12,11,0,1
1993,"MACKINAC",26097,14,9,4,0,1,5,1,4,0,0,9,8,0,1
1994,"MACKINAC",26097,13,11,0,0,2,2,2,0,0,0,11,9,0,2
1995,"MACKINAC",26097,19,17,1,0,1,3,2,1,0,0,16,15,0,1
1996,"MACKINAC",26097,15,14,0,0,1,1,1,0,0,0,14,13,0,1
1997,"MACKINAC",26097,21,19,0,0,2,0,0,0,0,0,21,19,0,2
1998,"MACKINAC",26097,38,36,0,0,2,2,2,0,0,0,36,34,0,2
1999,"MACKINAC",26097,31,29,0,0,2,0,0,0,0,0,31,29,0,2
2000,"MACKINAC",26097,20,18,0,0,2,0,0,0,0,0,20,18,0,2
2001,"MACKINAC",26097,20,19,0,0,1,1,1,0,0,0,19,18,0,1
2002,"MACKINAC",26097,27,26,0,0,1,1,1,0,0,0,26,25,0,1
2003,"MACKINAC",26097,40,36,0,0,4,0,0,0,0,0,40,36,0,4
1990,"MACOMB",26099,1518,1250,41,1,226,98,54,37,1,6,1420,1196,4,220
1991,"MACOMB",26099,2008,1676,33,0,299,74,35,33,0,6,1934,1641,0,293
1992,"MACOMB",26099,2171,1777,44,0,350,140,82,43,0,15,2031,1695,1,335
1993,"MACOMB",26099,1827,1477,24,1,325,82,50,24,1,7,1745,1427,0,318
1994,"MACOMB",26099,1703,1365,24,0,314,67,42,21,0,4,1636,1323,3,310
1995,"MACOMB",26099,1962,1645,29,0,288,70,34,29,0,7,1892,1611,0,281
1996,"MACOMB",26099,2407,2012,18,0,377,60,38,18,0,4,2347,1974,0,373
1997,"MACOMB",26099,3091,2499,33,0,559,78,43,32,0,3,3013,2456,1,556
1998,"MACOMB",26099,3122,2514,19,0,589,41,22,19,0,0,3081,2492,0,589
1999,"MACOMB",26099,2760,2130,20,0,610,44,23,20,0,1,2716,2107,0,609
2000,"MACOMB",26099,2785,2194,22,0,569,48,26,21,0,1,2737,2168,1,568
2001,"MACOMB",26099,3671,2821,14,0,836,42,29,13,0,0,3629,2792,1,836
2002,"MACOMB",26099,4594,3487,19,1,1087,48,25,18,1,4,4546,3462,1,1083
2003,"MACOMB",26099,5456,4066,34,1,1355,59,26,30,1,2,5397,4040,4,1353
1990,"MANISTEE",26101,19,14,2,1,2,4,1,2,1,0,15,13,0,2
1991,"MANISTEE",26101,47,39,1,0,7,5,3,1,0,1,42,36,0,6
1992,"MANISTEE",26101,43,29,2,0,12,4,2,1,0,1,39,27,1,11
1993,"MANISTEE",26101,28,24,1,0,3,2,1,1,0,0,26,23,0,3
1994,"MANISTEE",26101,29,25,1,0,3,4,3,1,0,0,25,22,0,3
1995,"MANISTEE",26101,43,40,1,0,2,3,2,1,0,0,40,38,0,2
1996,"MANISTEE",26101,70,57,0,0,13,2,1,0,0,1,68,56,0,12
1997,"MANISTEE",26101,81,71,0,0,10,3,3,0,0,0,78,68,0,10
1998,"MANISTEE",26101,73,62,0,0,11,3,2,0,0,1,70,60,0,10
1999,"MANISTEE",26101,70,61,0,0,9,1,1,0,0,0,69,60,0,9
2000,"MANISTEE",26101,75,65,1,0,9,1,0,1,0,0,74,65,0,9
2001,"MANISTEE",26101,91,87,0,0,4,3,3,0,0,0,88,84,0,4
2002,"MANISTEE",26101,88,82,0,0,6,3,2,0,0,1,85,80,0,5
2003,"MANISTEE",26101,109,102,0,0,7,3,3,0,0,0,106,99,0,7
1990,"MARQUETTE",26103,92,88,1,0,3,6,5,1,0,0,86,83,0,3
1991,"MARQUETTE",26103,118,114,2,0,2,7,4,2,0,1,111,110,0,1
1992,"MARQUETTE",26103,98,92,1,0,5,11,9,1,0,1,87,83,0,4
1993,"MARQUETTE",26103,90,87,0,0,3,5,5,0,0,0,85,82,0,3
1994,"MARQUETTE",26103,86,82,1,0,3,7,4,1,0,2,79,78,0,1
1995,"MARQUETTE",26103,124,121,0,0,3,12,11,0,0,1,112,110,0,2
1996,"MARQUETTE",26103,181,175,4,0,2,13,9,4,0,0,168,166,0,2
1997,"MARQUETTE",26103,199,193,3,0,3,11,8,3,0,0,188,185,0,3
1998,"MARQUETTE",26103,202,197,0,0,5,9,8,0,0,1,193,189,0,4
1999,"MARQUETTE",26103,187,175,2,0,10,3,1,2,0,0,184,174,0,10
2000,"MARQUETTE",26103,172,164,1,0,7,3,2,1,0,0,169,162,0,7
2001,"MARQUETTE",26103,182,175,0,0,7,5,5,0,0,0,177,170,0,7
2002,"MARQUETTE",26103,192,184,0,0,8,2,2,0,0,0,190,182,0,8
2003,"MARQUETTE",26103,231,213,0,0,18,4,4,0,0,0,227,209,0,18
1990,"MASON",26105,20,15,0,1,4,7,3,0,1,3,13,12,0,1
1991,"MASON",26105,44,32,4,0,8,8,1,4,0,3,36,31,0,5
1992,"MASON",26105,29,22,2,0,5,5,2,2,0,1,24,20,0,4
1993,"MASON",26105,51,43,2,1,5,6,2,2,1,1,45,41,0,4
1994,"MASON",26105,44,31,0,1,12,4,0,0,1,3,40,31,0,9
1995,"MASON",26105,38,27,0,0,11,3,1,0,0,2,35,26,0,9
1996,"MASON",26105,62,51,1,0,10,5,3,1,0,1,57,48,0,9
1997,"MASON",26105,74,63,2,0,9,4,1,2,0,1,70,62,0,8
1998,"MASON",26105,86,75,0,0,11,4,2,0,0,2,82,73,0,9
1999,"MASON",26105,72,66,0,0,6,3,2,0,0,1,69,64,0,5
2000,"MASON",26105,60,55,0,0,5,0,0,0,0,0,60,55,0,5
2001,"MASON",26105,75,63,0,0,12,2,2,0,0,0,73,61,0,12
2002,"MASON",26105,103,88,1,0,14,2,0,1,0,1,101,88,0,13
2003,"MASON",26105,98,93,0,0,5,3,3,0,0,0,95,90,0,5
1990,"MECOSTA",26107,41,29,0,0,12,3,3,0,0,0,38,26,0,12
1991,"MECOSTA",26107,50,34,0,0,16,3,1,0,0,2,47,33,0,14
1992,"MECOSTA",26107,65,52,1,0,12,10,6,1,0,3,55,46,0,9
1993,"MECOSTA",26107,44,37,0,1,6,6,5,0,1,0,38,32,0,6
1994,"MECOSTA",26107,45,33,1,2,9,4,1,1,2,0,41,32,0,9
1995,"MECOSTA",26107,49,28,0,2,19,4,1,0,2,1,45,27,0,18
1996,"MECOSTA",26107,73,52,2,0,19,6,3,2,0,1,67,49,0,18
1997,"MECOSTA",26107,110,84,1,3,22,7,3,1,3,0,103,81,0,22
1998,"MECOSTA",26107,94,81,0,0,13,3,3,0,0,0,91,78,0,13
1999,"MECOSTA",26107,106,78,2,0,26,8,4,2,0,2,98,74,0,24
2000,"MECOSTA",26107,87,51,0,0,36,5,2,0,0,3,82,49,0,33
2001,"MECOSTA",26107,142,108,0,0,34,3,3,0,0,0,139,105,0,34
2002,"MECOSTA",26107,145,112,0,0,33,1,1,0,0,0,144,111,0,33
2003,"MECOSTA",26107,150,111,1,0,38,4,2,1,0,1,146,109,0,37
1990,"MENOMINEE",26109,14,14,0,0,0,2,2,0,0,0,12,12,0,0
1991,"MENOMINEE",26109,25,25,0,0,0,4,4,0,0,0,21,21,0,0
1992,"MENOMINEE",26109,33,31,0,0,2,4,3,0,0,1,29,28,0,1
1993,"MENOMINEE",26109,33,31,0,2,0,5,3,0,2,0,28,28,0,0
1994,"MENOMINEE",26109,22,22,0,0,0,2,2,0,0,0,20,20,0,0
1995,"MENOMINEE",26109,33,30,1,0,2,6,4,1,0,1,27,26,0,1
1996,"MENOMINEE",26109,47,45,1,0,1,5,3,1,0,1,42,42,0,0
1997,"MENOMINEE",26109,53,51,1,1,0,4,2,1,1,0,49,49,0,0
1998,"MENOMINEE",26109,76,72,0,0,4,5,4,0,0,1,71,68,0,3
1999,"MENOMINEE",26109,58,52,0,0,6,0,0,0,0,0,58,52,0,6
2000,"MENOMINEE",26109,72,69,0,0,3,0,0,0,0,0,72,69,0,3
2001,"MENOMINEE",26109,66,62,1,0,3,1,0,1,0,0,65,62,0,3
2002,"MENOMINEE",26109,89,85,0,0,4,0,0,0,0,0,89,85,0,4
2003,"MENOMINEE",26109,112,101,0,0,11,1,1,0,0,0,111,100,0,11
1990,"MIDLAND",26111,81,62,2,0,17,6,3,2,0,1,75,59,0,16
1991,"MIDLAND",26111,107,86,3,0,18,9,3,3,0,3,98,83,0,15
1992,"MIDLAND",26111,135,114,5,0,16,15,8,5,0,2,120,106,0,14
1993,"MIDLAND",26111,99,84,3,1,11,10,6,3,1,0,89,78,0,11
1994,"MIDLAND",26111,111,100,3,0,8,5,2,2,0,1,106,98,1,7
1995,"MIDLAND",26111,132,115,3,0,14,5,0,2,0,3,127,115,1,11
1996,"MIDLAND",26111,199,181,3,0,15,13,9,2,0,2,186,172,1,13
1997,"MIDLAND",26111,222,197,3,0,22,12,6,3,0,3,210,191,0,19
1998,"MIDLAND",26111,247,219,3,0,25,5,3,2,0,0,242,216,1,25
1999,"MIDLAND",26111,221,197,1,1,22,7,4,1,1,1,214,193,0,21
2000,"MIDLAND",26111,206,183,2,0,21,6,3,2,0,1,200,180,0,20
2001,"MIDLAND",26111,301,272,4,0,25,6,1,4,0,1,295,271,0,24
2002,"MIDLAND",26111,332,290,0,0,42,3,2,0,0,1,329,288,0,41
2003,"MIDLAND",26111,356,303,3,0,50,7,3,3,0,1,349,300,0,49
1990,"MISSAUKEE",26113,21,15,0,1,5,6,4,0,1,1,15,11,0,4
1991,"MISSAUKEE",26113,23,16,3,1,3,4,0,3,1,0,19,16,0,3
1992,"MISSAUKEE",26113,20,15,1,0,4,3,2,1,0,0,17,13,0,4
1993,"MISSAUKEE",26113,10,10,0,0,0,1,1,0,0,0,9,9,0,0
1994,"MISSAUKEE",26113,22,18,1,0,3,2,1,1,0,0,20,17,0,3
1995,"MISSAUKEE",26113,32,29,0,0,3,4,3,0,0,1,28,26,0,2
1996,"MISSAUKEE",26113,31,25,0,1,5,7,5,0,1,1,24,20,0,4
1997,"MISSAUKEE",26113,49,44,1,0,4,5,2,1,0,2,44,42,0,2
1998,"MISSAUKEE",26113,43,36,0,0,7,1,0,0,0,1,42,36,0,6
1999,"MISSAUKEE",26113,37,32,1,0,4,2,1,1,0,0,35,31,0,4
2000,"MISSAUKEE",26113,46,42,0,0,4,1,1,0,0,0,45,41,0,4
2001,"MISSAUKEE",26113,55,49,0,0,6,1,1,0,0,0,54,48,0,6
2002,"MISSAUKEE",26113,53,46,0,0,7,1,1,0,0,0,52,45,0,7
2003,"MISSAUKEE",26113,65,53,0,0,12,0,0,0,0,0,65,53,0,12
1990,"MONROE",26115,273,255,0,0,18,19,18,0,0,1,254,237,0,17
1991,"MONROE",26115,372,344,5,1,22,23,16,5,1,1,349,328,0,21
1992,"MONROE",26115,332,318,3,0,11,16,14,2,0,0,316,304,1,11
1993,"MONROE",26115,345,327,4,2,12,23,17,4,2,0,322,310,0,12
1994,"MONROE",26115,297,275,4,1,17,7,3,3,1,0,290,272,1,17
1995,"MONROE",26115,310,282,2,2,24,10,5,2,2,1,300,277,0,23
1996,"MONROE",26115,425,400,2,0,23,7,5,2,0,0,418,395,0,23
1997,"MONROE",26115,559,520,1,1,37,10,6,1,1,2,549,514,0,35
1998,"MONROE",26115,549,508,3,0,38,8,5,3,0,0,541,503,0,38
1999,"MONROE",26115,514,463,1,0,50,3,2,1,0,0,511,461,0,50
2000,"MONROE",26115,465,427,4,0,34,6,2,4,0,0,459,425,0,34
2001,"MONROE",26115,702,654,2,0,46,8,5,2,0,1,694,649,0,45
2002,"MONROE",26115,753,681,1,0,71,3,2,1,0,0,750,679,0,71
2003,"MONROE",26115,921,836,0,0,85,3,3,0,0,0,918,833,0,85
1990,"MONTCALM",26117,142,78,4,1,59,16,6,4,1,5,126,72,0,54
1991,"MONTCALM",26117,171,101,0,1,69,11,6,0,1,4,160,95,0,65
1992,"MONTCALM",26117,191,140,0,1,50,10,7,0,1,2,181,133,0,48
1993,"MONTCALM",26117,136,94,1,1,40,14,8,1,1,4,122,86,0,36
1994,"MONTCALM",26117,144,93,3,0,48,10,2,3,0,5,134,91,0,43
1995,"MONTCALM",26117,172,117,0,0,55,9,4,0,0,5,163,113,0,50
1996,"MONTCALM",26117,222,147,2,0,73,11,6,2,0,3,211,141,0,70
1997,"MONTCALM",26117,289,208,2,1,78,7,2,1,1,3,282,206,1,75
1998,"MONTCALM",26117,293,206,0,2,85,9,4,0,2,3,284,202,0,82
1999,"MONTCALM",26117,249,172,1,3,73,9,2,1,3,3,240,170,0,70
2000,"MONTCALM",26117,272,175,0,0,97,7,7,0,0,0,265,168,0,97
2001,"MONTCALM",26117,324,236,1,0,87,4,1,1,0,2,320,235,0,85
2002,"MONTCALM",26117,350,237,2,0,111,6,2,2,0,2,344,235,0,109
2003,"MONTCALM",26117,370,255,4,1,110,7,2,3,1,1,363,253,1,109
1990,"MONTMORENCY",26119,16,15,0,0,1,2,2,0,0,0,14,13,0,1
1991,"MONTMORENCY",26119,12,10,0,0,2,2,1,0,0,1,10,9,0,1
1992,"MONTMORENCY",26119,15,14,0,0,1,2,2,0,0,0,13,12,0,1
1993,"MONTMORENCY",26119,9,8,0,0,1,1,1,0,0,0,8,7,0,1
1994,"MONTMORENCY",26119,16,13,0,0,3,2,0,0,0,2,14,13,0,1
1995,"MONTMORENCY",26119,15,12,0,0,3,3,1,0,0,2,12,11,0,1
1996,"MONTMORENCY",26119,26,24,0,0,2,4,4,0,0,0,22,20,0,2
1997,"MONTMORENCY",26119,29,25,0,0,4,2,2,0,0,0,27,23,0,4
1998,"MONTMORENCY",26119,33,31,0,0,2,1,1,0,0,0,32,30,0,2
1999,"MONTMORENCY",26119,27,22,1,0,4,3,1,1,0,1,24,21,0,3
2000,"MONTMORENCY",26119,36,34,0,0,2,1,1,0,0,0,35,33,0,2
2001,"MONTMORENCY",26119,52,46,0,0,6,0,0,0,0,0,52,46,0,6
2002,"MONTMORENCY",26119,62,47,1,0,14,1,0,1,0,0,61,47,0,14
2003,"MONTMORENCY",26119,61,48,0,0,13,1,1,0,0,0,60,47,0,13
1990,"MUSKEGON",26121,362,154,4,0,204,54,32,4,0,18,308,122,0,186
1991,"MUSKEGON",26121,416,220,8,0,188,39,13,8,0,18,377,207,0,170
1992,"MUSKEGON",26121,414,235,7,0,172,37,18,7,0,12,377,217,0,160
1993,"MUSKEGON",26121,446,243,12,2,189,33,10,11,2,10,413,233,1,179
1994,"MUSKEGON",26121,384,195,6,0,183,21,9,6,0,6,363,186,0,177
1995,"MUSKEGON",26121,447,217,8,1,221,36,19,8,1,8,411,198,0,213
1996,"MUSKEGON",26121,565,295,2,0,268,13,7,2,0,4,552,288,0,264
1997,"MUSKEGON",26121,780,449,3,0,328,20,8,3,0,9,760,441,0,319
1998,"MUSKEGON",26121,770,422,4,0,344,15,9,4,0,2,755,413,0,342
1999,"MUSKEGON",26121,740,362,6,0,372,13,4,6,0,3,727,358,0,369
2000,"MUSKEGON",26121,756,359,2,0,395,10,6,2,0,2,746,353,0,393
2001,"MUSKEGON",26121,946,467,16,0,463,20,4,16,0,0,926,463,0,463
2002,"MUSKEGON",26121,1068,524,6,0,538,18,8,6,0,4,1050,516,0,534
2003,"MUSKEGON",26121,1117,645,6,0,466,18,9,6,0,3,1099,636,0,463
1990,"NEWAYGO",26123,111,70,3,1,37,23,10,3,1,9,88,60,0,28
1991,"NEWAYGO",26123,113,74,2,1,36,11,6,2,1,2,102,68,0,34
1992,"NEWAYGO",26123,110,76,1,1,32,5,2,1,1,1,105,74,0,31
1993,"NEWAYGO",26123,90,65,0,0,25,7,4,0,0,3,83,61,0,22
1994,"NEWAYGO",26123,84,49,1,0,34,3,0,1,0,2,81,49,0,32
1995,"NEWAYGO",26123,119,85,0,0,34,6,3,0,0,3,113,82,0,31
1996,"NEWAYGO",26123,138,72,0,1,65,8,3,0,1,4,130,69,0,61
1997,"NEWAYGO",26123,175,107,1,0,67,7,3,0,0,4,168,104,1,63
1998,"NEWAYGO",26123,162,102,2,0,58,8,5,2,0,1,154,97,0,57
1999,"NEWAYGO",26123,151,85,1,1,64,5,3,1,1,0,146,82,0,64
2000,"NEWAYGO",26123,152,78,0,0,74,2,1,0,0,1,150,77,0,73
2001,"NEWAYGO",26123,232,149,1,0,82,6,4,1,0,1,226,145,0,81
2002,"NEWAYGO",26123,241,146,0,0,95,9,9,0,0,0,232,137,0,95
2003,"NEWAYGO",26123,243,170,2,0,71,8,5,2,0,1,235,165,0,70
1990,"OAKLAND",26125,2420,1965,85,0,370,185,89,82,0,14,2235,1876,3,356
1991,"OAKLAND",26125,3020,2344,108,0,568,224,107,107,0,10,2796,2237,1,558
1992,"OAKLAND",26125,3368,2585,111,0,672,281,161,102,0,18,3087,2424,9,654
1993,"OAKLAND",26125,2971,2228,85,0,658,221,129,71,0,21,2750,2099,14,637
1994,"OAKLAND",26125,2628,1961,75,0,592,181,112,63,0,6,2447,1849,12,586
1995,"OAKLAND",26125,2910,2188,61,2,659,142,78,59,2,3,2768,2110,2,656
1996,"OAKLAND",26125,3299,2561,63,1,674,145,72,61,1,11,3154,2489,2,663
1997,"OAKLAND",26125,4187,3039,60,0,1088,127,70,55,0,2,4060,2969,5,1086
1998,"OAKLAND",26125,4130,3128,39,0,963,94,53,37,0,4,4036,3075,2,959
1999,"OAKLAND",26125,3619,2597,58,0,964,105,47,55,0,3,3514,2550,3,961
2000,"OAKLAND",26125,3421,2507,29,0,885,71,41,28,0,2,3350,2466,1,883
2001,"OAKLAND",26125,4306,3065,46,0,1195,105,60,45,0,0,4201,3005,1,1195
2002,"OAKLAND",26125,5238,3731,45,0,1462,108,59,44,0,5,5130,3672,1,1457
2003,"OAKLAND",26125,6224,4350,51,0,1823,81,37,43,0,1,6143,4313,8,1822
1990,"OCEANA",26127,22,9,4,0,9,5,0,4,0,1,17,9,0,8
1991,"OCEANA",26127,39,23,0,0,16,5,2,0,0,3,34,21,0,13
1992,"OCEANA",26127,35,20,2,1,12,8,4,2,1,1,27,16,0,11
1993,"OCEANA",26127,38,25,0,0,13,4,4,0,0,0,34,21,0,13
1994,"OCEANA",26127,44,25,0,0,19,2,2,0,0,0,42,23,0,19
1995,"OCEANA",26127,62,29,1,1,31,6,2,1,1,2,56,27,0,29
1996,"OCEANA",26127,62,27,0,0,35,5,3,0,0,2,57,24,0,33
1997,"OCEANA",26127,74,50,0,0,24,7,5,0,0,2,67,45,0,22
1998,"OCEANA",26127,104,68,0,1,35,5,3,0,1,1,99,65,0,34
1999,"OCEANA",26127,77,49,0,0,28,0,0,0,0,0,77,49,0,28
2000,"OCEANA",26127,81,35,0,1,45,3,1,0,1,1,78,34,0,44
2001,"OCEANA",26127,82,48,0,0,34,0,0,0,0,0,82,48,0,34
2002,"OCEANA",26127,97,67,0,0,30,2,1,0,0,1,95,66,0,29
2003,"OCEANA",26127,109,71,0,0,38,1,1,0,0,0,108,70,0,38
1990,"OGEMAW",26129,24,16,1,0,7,4,3,1,0,0,20,13,0,7
1991,"OGEMAW",26129,31,27,1,0,3,5,4,1,0,0,26,23,0,3
1992,"OGEMAW",26129,27,25,0,0,2,1,1,0,0,0,26,24,0,2
1993,"OGEMAW",26129,24,17,0,1,6,5,2,0,1,2,19,15,0,4
1994,"OGEMAW",26129,36,33,0,0,3,4,3,0,0,1,32,30,0,2
1995,"OGEMAW",26129,36,30,0,0,6,2,2,0,0,0,34,28,0,6
1996,"OGEMAW",26129,52,46,1,0,5,5,3,1,0,1,47,43,0,4
1997,"OGEMAW",26129,63,53,2,0,8,2,0,2,0,0,61,53,0,8
1998,"OGEMAW",26129,76,73,0,0,3,1,1,0,0,0,75,72,0,3
1999,"OGEMAW",26129,58,52,0,0,6,2,1,0,0,1,56,51,0,5
2000,"OGEMAW",26129,67,62,0,0,5,2,2,0,0,0,65,60,0,5
2001,"OGEMAW",26129,94,92,0,0,2,2,2,0,0,0,92,90,0,2
2002,"OGEMAW",26129,112,102,0,0,10,6,5,0,0,1,106,97,0,9
2003,"OGEMAW",26129,117,107,1,0,9,2,2,0,0,0,115,105,1,9
1990,"ONTONAGON",26131,5,5,0,0,0,0,0,0,0,0,5,5,0,0
1991,"ONTONAGON",26131,14,13,0,0,1,3,2,0,0,1,11,11,0,0
1992,"ONTONAGON",26131,9,9,0,0,0,2,2,0,0,0,7,7,0,0
1993,"ONTONAGON",26131,11,11,0,0,0,2,2,0,0,0,9,9,0,0
1994,"ONTONAGON",26131,13,9,0,0,4,2,1,0,0,1,11,8,0,3
1995,"ONTONAGON",26131,19,19,0,0,0,3,3,0,0,0,16,16,0,0
1996,"ONTONAGON",26131,18,16,0,0,2,1,0,0,0,1,17,16,0,1
1997,"ONTONAGON",26131,13,13,0,0,0,1,1,0,0,0,12,12,0,0
1998,"ONTONAGON",26131,29,26,0,0,3,4,3,0,0,1,25,23,0,2
1999,"ONTONAGON",26131,22,21,0,0,1,2,2,0,0,0,20,19,0,1
2000,"ONTONAGON",26131,18,18,0,0,0,0,0,0,0,0,18,18,0,0
2001,"ONTONAGON",26131,18,16,0,0,2,2,2,0,0,0,16,14,0,2
2002,"ONTONAGON",26131,20,17,1,0,2,2,1,1,0,0,18,16,0,2
2003,"ONTONAGON",26131,21,17,0,0,4,1,1,0,0,0,20,16,0,4
1990,"OSCEOLA",26133,31,26,0,0,5,5,5,0,0,0,26,21,0,5
1991,"OSCEOLA",26133,38,26,1,3,8,6,2,1,3,0,32,24,0,8
1992,"OSCEOLA",26133,31,22,0,0,9,1,1,0,0,0,30,21,0,9
1993,"OSCEOLA",26133,38,30,3,0,5,8,3,3,0,2,30,27,0,3
1994,"OSCEOLA",26133,43,30,1,0,12,2,0,1,0,1,41,30,0,11
1995,"OSCEOLA",26133,34,30,0,0,4,2,2,0,0,0,32,28,0,4
1996,"OSCEOLA",26133,48,37,0,0,11,2,2,0,0,0,46,35,0,11
1997,"OSCEOLA",26133,83,72,0,0,11,3,1,0,0,2,80,71,0,9
1998,"OSCEOLA",26133,103,94,0,0,9,1,1,0,0,0,102,93,0,9
1999,"OSCEOLA",26133,56,48,1,0,7,2,1,1,0,0,54,47,0,7
2000,"OSCEOLA",26133,97,75,0,0,22,1,1,0,0,0,96,74,0,22
2001,"OSCEOLA",26133,104,89,0,0,15,1,1,0,0,0,103,88,0,15
2002,"OSCEOLA",26133,96,75,0,0,21,1,0,0,0,1,95,75,0,20
2003,"OSCEOLA",26133,86,65,1,0,20,3,0,1,0,2,83,65,0,18
1990,"OSCODA",26135,16,13,1,0,2,5,2,1,0,2,11,11,0,0
1991,"OSCODA",26135,13,11,0,0,2,1,0,0,0,1,12,11,0,1
1992,"OSCODA",26135,21,18,0,0,3,2,2,0,0,0,19,16,0,3
1993,"OSCODA",26135,11,10,0,0,1,2,1,0,0,1,9,9,0,0
1994,"OSCODA",26135,5,3,0,0,2,2,2,0,0,0,3,1,0,2
1995,"OSCODA",26135,17,17,0,0,0,1,1,0,0,0,16,16,0,0
1996,"OSCODA",26135,30,29,0,0,1,3,2,0,0,1,27,27,0,0
1997,"OSCODA",26135,24,20,1,0,3,3,2,1,0,0,21,18,0,3
1998,"OSCODA",26135,24,23,0,0,1,0,0,0,0,0,24,23,0,1
1999,"OSCODA",26135,39,35,0,0,4,0,0,0,0,0,39,35,0,4
2000,"OSCODA",26135,26,23,0,0,3,0,0,0,0,0,26,23,0,3
2001,"OSCODA",26135,40,38,0,0,2,1,1,0,0,0,39,37,0,2
2002,"OSCODA",26135,46,41,0,0,5,0,0,0,0,0,46,41,0,5
2003,"OSCODA",26135,37,29,0,0,8,3,2,0,0,1,34,27,0,7
1990,"OTSEGO",26137,22,18,1,0,3,1,0,1,0,0,21,18,0,3
1991,"OTSEGO",26137,34,26,1,0,7,5,3,1,0,1,29,23,0,6
1992,"OTSEGO",26137,42,31,4,0,7,9,5,4,0,0,33,26,0,7
1993,"OTSEGO",26137,49,38,2,0,9,11,4,2,0,5,38,34,0,4
1994,"OTSEGO",26137,45,37,1,0,7,6,4,1,0,1,39,33,0,6
1995,"OTSEGO",26137,43,32,0,0,11,5,2,0,0,3,38,30,0,8
1996,"OTSEGO",26137,54,49,1,0,4,4,1,1,0,2,50,48,0,2
1997,"OTSEGO",26137,83,68,1,0,14,9,5,1,0,3,74,63,0,11
1998,"OTSEGO",26137,85,83,0,0,2,4,3,0,0,1,81,80,0,1
1999,"OTSEGO",26137,97,87,1,0,9,3,2,1,0,0,94,85,0,9
2000,"OTSEGO",26137,64,58,2,0,4,4,1,2,0,1,60,57,0,3
2001,"OTSEGO",26137,104,90,0,0,14,1,1,0,0,0,103,89,0,14
2002,"OTSEGO",26137,120,110,4,0,6,6,2,4,0,0,114,108,0,6
2003,"OTSEGO",26137,147,135,0,0,12,2,1,0,0,1,145,134,0,11
1990,"OTTAWA",26139,258,167,5,2,84,36,22,4,2,8,222,145,1,76
1991,"OTTAWA",26139,314,202,3,2,107,18,10,3,2,3,296,192,0,104
1992,"OTTAWA",26139,338,239,9,2,88,41,22,9,2,8,297,217,0,80
1993,"OTTAWA",26139,294,218,4,2,70,25,14,4,2,5,269,204,0,65
1994,"OTTAWA",26139,311,230,3,0,78,26,18,3,0,5,285,212,0,73
1995,"OTTAWA",26139,382,255,5,1,121,43,28,5,1,9,339,227,0,112
1996,"OTTAWA",26139,538,355,5,1,177,34,23,5,1,5,504,332,0,172
1997,"OTTAWA",26139,589,383,3,2,201,30,16,3,2,9,559,367,0,192
1998,"OTTAWA",26139,659,460,2,0,197,28,16,2,0,10,631,444,0,187
1999,"OTTAWA",26139,661,480,6,0,175,30,14,6,0,10,631,466,0,165
2000,"OTTAWA",26139,593,449,2,0,142,11,8,1,0,2,582,441,1,140
2001,"OTTAWA",26139,802,600,6,0,196,28,19,6,0,3,774,581,0,193
2002,"OTTAWA",26139,877,695,3,0,179,30,22,2,0,6,847,673,1,173
2003,"OTTAWA",26139,942,735,3,0,204,21,16,2,0,3,921,719,1,201
1990,"PRESQUE ISLE",26141,17,15,0,0,2,1,1,0,0,0,16,14,0,2
1991,"PRESQUE ISLE",26141,6,4,0,0,2,0,0,0,0,0,6,4,0,2
1992,"PRESQUE ISLE",26141,21,17,1,1,2,3,1,0,1,1,18,16,1,1
1993,"PRESQUE ISLE",26141,16,12,0,0,4,2,1,0,0,1,14,11,0,3
1994,"PRESQUE ISLE",26141,11,9,0,1,1,2,0,0,1,1,9,9,0,0
1995,"PRESQUE ISLE",26141,6,6,0,0,0,1,1,0,0,0,5,5,0,0
1996,"PRESQUE ISLE",26141,18,17,0,0,1,1,1,0,0,0,17,16,0,1
1997,"PRESQUE ISLE",26141,27,23,0,0,4,1,1,0,0,0,26,22,0,4
1998,"PRESQUE ISLE",26141,34,34,0,0,0,0,0,0,0,0,34,34,0,0
1999,"PRESQUE ISLE",26141,24,21,1,1,1,2,0,1,1,0,22,21,0,1
2000,"PRESQUE ISLE",26141,26,23,0,0,3,1,1,0,0,0,25,22,0,3
2001,"PRESQUE ISLE",26141,42,34,0,0,8,3,3,0,0,0,39,31,0,8
2002,"PRESQUE ISLE",26141,39,29,1,0,9,4,2,1,0,1,35,27,0,8
2003,"PRESQUE ISLE",26141,46,40,0,0,6,0,0,0,0,0,46,40,0,6
1990,"ROSCOMMON",26143,24,22,0,0,2,3,2,0,0,1,21,20,0,1
1991,"ROSCOMMON",26143,46,39,0,0,7,3,2,0,0,1,43,37,0,6
1992,"ROSCOMMON",26143,41,36,1,0,4,7,4,1,0,2,34,32,0,2
1993,"ROSCOMMON",26143,39,31,4,0,4,10,4,4,0,2,29,27,0,2
1994,"ROSCOMMON",26143,35,32,1,0,2,3,2,1,0,0,32,30,0,2
1995,"ROSCOMMON",26143,46,43,0,0,3,4,4,0,0,0,42,39,0,3
1996,"ROSCOMMON",26143,47,39,0,0,8,0,0,0,0,0,47,39,0,8
1997,"ROSCOMMON",26143,83,78,0,0,5,2,1,0,0,1,81,77,0,4
1998,"ROSCOMMON",26143,100,94,0,0,6,0,0,0,0,0,100,94,0,6
1999,"ROSCOMMON",26143,91,82,1,0,8,4,3,1,0,0,87,79,0,8
2000,"ROSCOMMON",26143,92,82,1,0,9,3,2,1,0,0,89,80,0,9
2001,"ROSCOMMON",26143,110,101,3,0,6,3,0,3,0,0,107,101,0,6
2002,"ROSCOMMON",26143,122,106,0,0,16,3,2,0,0,1,119,104,0,15
2003,"ROSCOMMON",26143,172,153,0,0,19,3,2,0,0,1,169,151,0,18
1990,"SAGINAW",26145,336,209,14,0,113,34,21,13,0,0,302,188,1,113
1991,"SAGINAW",26145,403,250,17,0,136,27,7,16,0,4,376,243,1,132
1992,"SAGINAW",26145,476,332,10,1,133,32,18,10,1,3,444,314,0,130
1993,"SAGINAW",26145,424,278,12,0,134,28,16,10,0,2,396,262,2,132
1994,"SAGINAW",26145,392,276,13,1,102,30,12,13,1,4,362,264,0,98
1995,"SAGINAW",26145,447,337,12,0,98,28,14,12,0,2,419,323,0,96
1996,"SAGINAW",26145,595,493,5,0,97,23,16,5,0,2,572,477,0,95
1997,"SAGINAW",26145,747,642,3,0,102,29,22,3,0,4,718,620,0,98
1998,"SAGINAW",26145,841,733,1,0,107,13,12,1,0,0,828,721,0,107
1999,"SAGINAW",26145,809,686,5,0,118,6,1,4,0,1,803,685,1,117
2000,"SAGINAW",26145,840,695,4,0,141,15,10,4,0,1,825,685,0,140
2001,"SAGINAW",26145,1086,865,7,0,214,13,6,7,0,0,1073,859,0,214
2002,"SAGINAW",26145,1234,955,11,0,268,19,7,11,0,1,1215,948,0,267
2003,"SAGINAW",26145,1430,1051,3,1,375,14,12,1,1,0,1416,1039,2,375
1990,"ST CLAIR",26147,271,242,6,1,22,13,4,6,1,2,258,238,0,20
1991,"ST CLAIR",26147,338,306,5,1,26,15,6,5,1,3,323,300,0,23
1992,"ST CLAIR",26147,343,303,17,0,23,29,11,16,0,2,314,292,1,21
1993,"ST CLAIR",26147,281,254,5,0,22,12,6,5,0,1,269,248,0,21
1994,"ST CLAIR",26147,239,207,0,0,32,4,4,0,0,0,235,203,0,32
1995,"ST CLAIR",26147,261,231,5,0,25,8,3,5,0,0,253,228,0,25
1996,"ST CLAIR",26147,402,357,2,0,43,5,2,1,0,2,397,355,1,41
1997,"ST CLAIR",26147,538,480,4,0,54,12,8,4,0,0,526,472,0,54
1998,"ST CLAIR",26147,614,549,4,1,60,13,7,4,1,1,601,542,0,59
1999,"ST CLAIR",26147,542,478,2,0,62,4,3,1,0,0,538,475,1,62
2000,"ST CLAIR",26147,543,476,1,0,66,5,3,1,0,1,538,473,0,65
2001,"ST CLAIR",26147,807,699,5,0,103,9,4,5,0,0,798,695,0,103
2002,"ST CLAIR",26147,944,809,2,0,133,12,9,2,0,1,932,800,0,132
2003,"ST CLAIR",26147,1096,933,6,0,157,11,5,6,0,0,1085,928,0,157
1990,"ST JOSEPH",26149,168,138,2,0,28,15,10,2,0,3,153,128,0,25
1991,"ST JOSEPH",26149,188,156,5,0,27,11,5,5,0,1,177,151,0,26
1992,"ST JOSEPH",26149,182,150,3,2,27,17,10,3,2,2,165,140,0,25
1993,"ST JOSEPH",26149,151,125,4,0,22,10,5,4,0,1,141,120,0,21
1994,"ST JOSEPH",26149,126,104,2,1,19,8,5,2,1,0,118,99,0,19
1995,"ST JOSEPH",26149,161,140,3,1,17,8,4,2,1,1,153,136,1,16
1996,"ST JOSEPH",26149,232,198,6,0,28,13,6,6,0,1,219,192,0,27
1997,"ST JOSEPH",26149,269,235,1,0,33,4,3,1,0,0,265,232,0,33
1998,"ST JOSEPH",26149,293,266,0,0,27,6,5,0,0,1,287,261,0,26
1999,"ST JOSEPH",26149,259,224,1,0,34,3,2,1,0,0,256,222,0,34
2000,"ST JOSEPH",26149,282,231,1,0,50,1,0,1,0,0,281,231,0,50
2001,"ST JOSEPH",26149,357,309,1,0,47,6,3,1,0,2,351,306,0,45
2002,"ST JOSEPH",26149,423,353,0,0,70,7,5,0,0,2,416,348,0,68
2003,"ST JOSEPH",26149,352,299,0,0,53,6,6,0,0,0,346,293,0,53
1990,"SANILAC",26151,44,37,0,3,4,6,3,0,3,0,38,34,0,4
1991,"SANILAC",26151,57,41,5,3,8,8,0,5,3,0,49,41,0,8
1992,"SANILAC",26151,52,49,1,0,2,4,3,1,0,0,48,46,0,2
1993,"SANILAC",26151,50,39,1,3,7,4,0,1,3,0,46,39,0,7
1994,"SANILAC",26151,39,35,0,0,4,0,0,0,0,0,39,35,0,4
1995,"SANILAC",26151,77,66,1,4,6,5,0,1,4,0,72,66,0,6
1996,"SANILAC",26151,85,69,3,4,9,10,2,3,4,1,75,67,0,8
1997,"SANILAC",26151,140,127,2,0,11,3,1,2,0,0,137,126,0,11
1998,"SANILAC",26151,137,118,3,2,14,6,1,3,2,0,131,117,0,14
1999,"SANILAC",26151,123,112,0,1,10,2,1,0,1,0,121,111,0,10
2000,"SANILAC",26151,132,116,0,0,16,2,2,0,0,0,130,114,0,16
2001,"SANILAC",26151,168,147,0,0,21,1,1,0,0,0,167,146,0,21
2002,"SANILAC",26151,169,157,1,0,11,1,0,1,0,0,168,157,0,11
2003,"SANILAC",26151,221,195,1,2,23,3,0,1,2,0,218,195,0,23
1990,"SCHOOLCRAFT",26153,13,13,0,0,0,3,3,0,0,0,10,10,0,0
1991,"SCHOOLCRAFT",26153,8,7,1,0,0,2,1,1,0,0,6,6,0,0
1992,"SCHOOLCRAFT",26153,18,16,1,0,1,4,2,1,0,1,14,14,0,0
1993,"SCHOOLCRAFT",26153,24,20,4,0,0,4,0,4,0,0,20,20,0,0
1994,"SCHOOLCRAFT",26153,18,18,0,0,0,1,1,0,0,0,17,17,0,0
1995,"SCHOOLCRAFT",26153,14,13,0,0,1,2,2,0,0,0,12,11,0,1
1996,"SCHOOLCRAFT",26153,11,10,0,0,1,2,2,0,0,0,9,8,0,1
1997,"SCHOOLCRAFT",26153,22,22,0,0,0,0,0,0,0,0,22,22,0,0
1998,"SCHOOLCRAFT",26153,24,21,0,0,3,3,1,0,0,2,21,20,0,1
1999,"SCHOOLCRAFT",26153,29,28,1,0,0,1,0,1,0,0,28,28,0,0
2000,"SCHOOLCRAFT",26153,24,23,0,0,1,0,0,0,0,0,24,23,0,1
2001,"SCHOOLCRAFT",26153,26,25,0,0,1,0,0,0,0,0,26,25,0,1
2002,"SCHOOLCRAFT",26153,26,24,0,0,2,1,1,0,0,0,25,23,0,2
2003,"SCHOOLCRAFT",26153,40,38,0,0,2,0,0,0,0,0,40,38,0,2
1990,"SHIAWASSEE",26155,148,109,4,0,35,13,6,4,0,3,135,103,0,32
1991,"SHIAWASSEE",26155,151,107,2,1,41,14,8,2,1,3,137,99,0,38
1992,"SHIAWASSEE",26155,210,148,1,0,61,18,12,1,0,5,192,136,0,56
1993,"SHIAWASSEE",26155,193,120,0,0,73,5,4,0,0,1,188,116,0,72
1994,"SHIAWASSEE",26155,145,109,0,0,36,1,1,0,0,0,144,108,0,36
1995,"SHIAWASSEE",26155,171,130,1,0,40,1,0,1,0,0,170,130,0,40
1996,"SHIAWASSEE",26155,199,165,1,1,32,6,4,1,1,0,193,161,0,32
1997,"SHIAWASSEE",26155,278,234,0,0,44,5,5,0,0,0,273,229,0,44
1998,"SHIAWASSEE",26155,275,242,2,1,30,6,2,2,1,1,269,240,0,29
1999,"SHIAWASSEE",26155,256,216,0,0,40,3,3,0,0,0,253,213,0,40
2000,"SHIAWASSEE",26155,279,226,3,0,50,7,3,3,0,1,272,223,0,49
2001,"SHIAWASSEE",26155,394,326,0,0,68,3,3,0,0,0,391,323,0,68
2002,"SHIAWASSEE",26155,439,358,1,0,80,6,5,1,0,0,433,353,0,80
2003,"SHIAWASSEE",26155,516,424,1,0,91,4,2,1,0,1,512,422,0,90
1990,"TUSCOLA",26157,83,61,1,1,20,6,4,1,1,0,77,57,0,20
1991,"TUSCOLA",26157,100,71,0,0,29,5,5,0,0,0,95,66,0,29
1992,"TUSCOLA",26157,107,85,1,1,20,5,4,0,1,0,102,81,1,20
1993,"TUSCOLA",26157,82,60,2,0,20,3,1,2,0,0,79,59,0,20
1994,"TUSCOLA",26157,76,59,0,0,17,7,7,0,0,0,69,52,0,17
1995,"TUSCOLA",26157,91,77,0,0,14,0,0,0,0,0,91,77,0,14
1996,"TUSCOLA",26157,124,107,1,1,15,6,4,1,1,0,118,103,0,15
1997,"TUSCOLA",26157,164,146,0,0,18,6,5,0,0,1,158,141,0,17
1998,"TUSCOLA",26157,188,167,0,0,21,4,4,0,0,0,184,163,0,21
1999,"TUSCOLA",26157,181,150,0,0,31,3,2,0,0,1,178,148,0,30
2000,"TUSCOLA",26157,175,143,2,0,30,2,0,2,0,0,173,143,0,30
2001,"TUSCOLA",26157,256,210,0,0,46,3,3,0,0,0,253,207,0,46
2002,"TUSCOLA",26157,288,229,0,0,59,3,2,0,0,1,285,227,0,58
2003,"TUSCOLA",26157,328,258,1,1,68,4,2,0,1,1,324,256,1,67
1990,"VAN BUREN",26159,163,123,0,0,40,18,14,0,0,4,145,109,0,36
1991,"VAN BUREN",26159,182,139,3,2,38,13,8,2,2,1,169,131,1,37
1992,"VAN BUREN",26159,210,163,1,3,43,14,9,1,3,1,196,154,0,42
1993,"VAN BUREN",26159,184,137,0,3,44,19,10,0,3,6,165,127,0,38
1994,"VAN BUREN",26159,167,120,1,3,43,8,2,1,3,2,159,118,0,41
1995,"VAN BUREN",26159,203,145,5,1,52,16,7,5,1,3,187,138,0,49
1996,"VAN BUREN",26159,285,222,4,0,59,19,12,4,0,3,266,210,0,56
1997,"VAN BUREN",26159,354,298,2,0,54,10,5,2,0,3,344,293,0,51
1998,"VAN BUREN",26159,362,297,1,0,64,6,2,1,0,3,356,295,0,61
1999,"VAN BUREN",26159,341,297,0,2,42,9,4,0,2,3,332,293,0,39
2000,"VAN BUREN",26159,357,289,0,0,68,2,2,0,0,0,355,287,0,68
2001,"VAN BUREN",26159,419,334,2,0,83,7,5,2,0,0,412,329,0,83
2002,"VAN BUREN",26159,441,340,3,1,97,7,3,3,1,0,434,337,0,97
2003,"VAN BUREN",26159,509,417,0,0,92,9,7,0,0,2,500,410,0,90
1990,"WASHTENAW",26161,490,421,8,0,61,35,22,8,0,5,455,399,0,56
1991,"WASHTENAW",26161,725,605,17,0,103,44,24,17,0,3,681,581,0,100
1992,"WASHTENAW",26161,759,637,22,0,100,52,26,22,0,4,707,611,0,96
1993,"WASHTENAW",26161,597,487,11,0,99,24,13,10,0,1,573,474,1,98
1994,"WASHTENAW",26161,544,451,8,0,85,24,16,7,0,1,520,435,1,84
1995,"WASHTENAW",26161,580,475,6,0,99,15,5,5,0,5,565,470,1,94
1996,"WASHTENAW",26161,771,635,9,0,127,20,10,9,0,1,751,625,0,126
1997,"WASHTENAW",26161,870,695,11,0,164,27,13,11,0,3,843,682,0,161
1998,"WASHTENAW",26161,921,747,2,0,172,19,17,2,0,0,902,730,0,172
1999,"WASHTENAW",26161,894,726,3,0,165,14,10,3,0,1,880,716,0,164
2000,"WASHTENAW",26161,703,575,4,0,124,9,4,4,0,1,694,571,0,123
2001,"WASHTENAW",26161,975,810,12,0,153,21,11,10,0,0,954,799,2,153
2002,"WASHTENAW",26161,1074,869,4,0,201,15,11,4,0,0,1059,858,0,201
2003,"WASHTENAW",26161,1243,981,8,0,254,12,4,8,0,0,1231,977,0,254
1990,"WAYNE",26163,6015,4414,95,3,1503,218,108,94,3,13,5797,4306,1,1490
1991,"WAYNE",26163,7623,5356,106,0,2161,245,120,104,0,21,7378,5236,2,2140
1992,"WAYNE",26163,8198,5659,88,0,2451,286,157,86,0,43,7912,5502,2,2408
1993,"WAYNE",26163,7378,4774,64,0,2540,195,112,59,0,24,7183,4662,5,2516
1994,"WAYNE",26163,6950,4407,67,2,2474,161,90,63,2,6,6789,4317,4,2468
1995,"WAYNE",26163,7409,4724,67,0,2617,135,60,66,0,8,7274,4664,1,2609
1996,"WAYNE",26163,9360,6056,78,0,3226,152,66,74,0,12,9208,5990,4,3214
1997,"WAYNE",26163,11434,7081,74,0,4279,143,60,72,0,11,11291,7021,2,4268
1998,"WAYNE",26163,11603,7415,36,0,4152,86,48,34,0,4,11517,7367,2,4148
1999,"WAYNE",26163,10770,6372,29,0,4369,79,45,29,0,5,10691,6327,0,4364
2000,"WAYNE",26163,10537,6084,29,0,4424,76,39,29,0,8,10461,6045,0,4416
2001,"WAYNE",26163,13125,7534,36,0,5555,68,31,35,0,2,13057,7503,1,5553
2002,"WAYNE",26163,16474,8854,50,0,7570,107,47,48,0,12,16367,8807,2,7558
2003,"WAYNE",26163,18405,9996,32,0,8377,80,45,29,0,6,18325,9951,3,8371
1990,"WEXFORD",26165,46,37,0,1,8,6,5,0,1,0,40,32,0,8
1991,"WEXFORD",26165,63,54,0,0,9,6,5,0,0,1,57,49,0,8
1992,"WEXFORD",26165,64,53,2,0,9,9,5,1,0,3,55,48,1,6
1993,"WEXFORD",26165,55,39,2,2,12,8,3,2,2,1,47,36,0,11
1994,"WEXFORD",26165,62,48,2,0,12,6,1,2,0,3,56,47,0,9
1995,"WEXFORD",26165,65,51,1,0,13,6,3,1,0,2,59,48,0,11
1996,"WEXFORD",26165,76,66,0,0,10,5,2,0,0,3,71,64,0,7
1997,"WEXFORD",26165,145,131,2,0,12,8,5,2,0,1,137,126,0,11
1998,"WEXFORD",26165,157,145,1,0,11,2,1,1,0,0,155,144,0,11
1999,"WEXFORD",26165,130,110,1,0,19,2,1,1,0,0,128,109,0,19
2000,"WEXFORD",26165,133,120,0,0,13,2,1,0,0,1,131,119,0,12
2001,"WEXFORD",26165,181,158,0,0,23,3,3,0,0,0,178,155,0,23
2002,"WEXFORD",26165,166,140,0,0,26,2,2,0,0,0,164,138,0,26
2003,"WEXFORD",26165,214,181,0,0,33,0,0,0,0,0,214,181,0,33
1990,"AITKIN",27001,21,20,0,1,0,8,7,0,1,0,13,13,0,0
1991,"AITKIN",27001,34,31,0,0,3,9,9,0,0,0,25,22,0,3
1992,"AITKIN",27001,21,18,0,0,3,4,4,0,0,0,17,14,0,3
1993,"AITKIN",27001,22,20,0,0,2,1,1,0,0,0,21,19,0,2
1994,"AITKIN",27001,16,13,0,0,3,1,1,0,0,0,15,12,0,3
1995,"AITKIN",27001,21,13,0,0,8,4,1,0,0,3,17,12,0,5
1996,"AITKIN",27001,36,33,0,0,3,3,0,0,0,3,33,33,0,0
1997,"AITKIN",27001,41,31,1,0,9,4,1,1,0,2,37,30,0,7
1998,"AITKIN",27001,53,45,1,0,7,3,1,1,0,1,50,44,0,6
1999,"AITKIN",27001,44,40,0,0,4,3,3,0,0,0,41,37,0,4
2000,"AITKIN",27001,40,37,1,0,2,3,2,1,0,0,37,35,0,2
2001,"AITKIN",27001,38,35,0,0,3,2,2,0,0,0,36,33,0,3
2002,"AITKIN",27001,47,44,0,0,3,3,3,0,0,0,44,41,0,3
2003,"AITKIN",27001,50,47,0,0,3,0,0,0,0,0,50,47,0,3
1990,"ANOKA",27003,1381,987,8,0,386,81,54,8,0,19,1300,933,0,367
1991,"ANOKA",27003,1713,1246,7,0,460,148,112,7,0,29,1565,1134,0,431
1992,"ANOKA",27003,1491,1090,4,2,395,88,58,4,2,24,1403,1032,0,371
1993,"ANOKA",27003,1355,933,4,1,417,151,108,4,1,38,1204,825,0,379
1994,"ANOKA",27003,1183,802,1,0,380,170,111,1,0,58,1013,691,0,322
1995,"ANOKA",27003,1267,911,1,0,355,156,109,1,0,46,1111,802,0,309
1996,"ANOKA",27003,1595,1197,6,0,392,157,122,6,0,29,1438,1075,0,363
1997,"ANOKA",27003,1738,1342,5,0,391,217,165,5,0,47,1521,1177,0,344
1998,"ANOKA",27003,1523,1142,1,0,380,169,132,1,0,36,1354,1010,0,344
1999,"ANOKA",27003,1259,984,3,0,272,119,95,3,0,21,1140,889,0,251
2000,"ANOKA",27003,1282,1024,2,0,256,116,95,2,0,19,1166,929,0,237
2001,"ANOKA",27003,1572,1292,1,0,279,123,103,1,0,19,1449,1189,0,260
2002,"ANOKA",27003,1554,1276,2,0,276,101,81,2,0,18,1453,1195,0,258
2003,"ANOKA",27003,1681,1380,1,0,300,55,45,1,0,9,1626,1335,0,291
1990,"BECKER",27005,51,41,1,2,7,14,10,1,2,1,37,31,0,6
1991,"BECKER",27005,46,40,3,0,3,18,13,3,0,2,28,27,0,1
1992,"BECKER",27005,53,46,1,0,6,14,11,1,0,2,39,35,0,4
1993,"BECKER",27005,38,35,1,0,2,14,12,1,0,1,24,23,0,1
1994,"BECKER",27005,40,35,1,1,3,12,10,1,1,0,28,25,0,3
1995,"BECKER",27005,38,36,0,0,2,10,10,0,0,0,28,26,0,2
1996,"BECKER",27005,55,50,0,0,5,6,4,0,0,2,49,46,0,3
1997,"BECKER",27005,84,79,0,0,5,10,9,0,0,1,74,70,0,4
1998,"BECKER",27005,82,75,0,1,6,12,9,0,1,2,70,66,0,4
1999,"BECKER",27005,69,63,0,0,6,7,5,0,0,2,62,58,0,4
2000,"BECKER",27005,68,63,0,1,4,11,10,0,1,0,57,53,0,4
2001,"BECKER",27005,91,83,0,0,8,14,14,0,0,0,77,69,0,8
2002,"BECKER",27005,85,80,0,0,5,12,12,0,0,0,73,68,0,5
2003,"BECKER",27005,92,86,0,0,6,6,6,0,0,0,86,80,0,6
1990,"BELTRAMI",27007,33,26,2,0,5,12,9,2,0,1,21,17,0,4
1991,"BELTRAMI",27007,38,34,0,0,4,10,7,0,0,3,28,27,0,1
1992,"BELTRAMI",27007,37,35,1,0,1,9,8,1,0,0,28,27,0,1
1993,"BELTRAMI",27007,40,36,1,1,2,11,9,1,1,0,29,27,0,2
1994,"BELTRAMI",27007,33,31,0,0,2,8,6,0,0,2,25,25,0,0
1995,"BELTRAMI",27007,52,44,0,0,8,4,3,0,0,1,48,41,0,7
1996,"BELTRAMI",27007,68,55,0,1,12,8,4,0,1,3,60,51,0,9
1997,"BELTRAMI",27007,96,85,1,0,10,18,12,1,0,5,78,73,0,5
1998,"BELTRAMI",27007,114,106,0,0,8,12,12,0,0,0,102,94,0,8
1999,"BELTRAMI",27007,81,71,0,0,10,4,3,0,0,1,77,68,0,9
2000,"BELTRAMI",27007,88,78,0,0,10,3,3,0,0,0,85,75,0,10
2001,"BELTRAMI",27007,109,106,1,0,2,10,9,1,0,0,99,97,0,2
2002,"BELTRAMI",27007,103,101,0,0,2,14,13,0,0,1,89,88,0,1
2003,"BELTRAMI",27007,113,108,0,1,4,7,6,0,1,0,106,102,0,4
1990,"BENTON",27009,65,54,1,0,10,11,8,1,0,2,54,46,0,8
1991,"BENTON",27009,70,56,1,0,13,10,7,1,0,2,60,49,0,11
1992,"BENTON",27009,76,62,0,0,14,13,10,0,0,3,63,52,0,11
1993,"BENTON",27009,40,32,0,0,8,7,6,0,0,1,33,26,0,7
1994,"BENTON",27009,50,35,2,0,13,8,4,2,0,2,42,31,0,11
1995,"BENTON",27009,70,48,0,0,22,10,5,0,0,5,60,43,0,17
1996,"BENTON",27009,73,52,0,0,21,12,8,0,0,4,61,44,0,17
1997,"BENTON",27009,101,70,0,1,30,8,5,0,1,2,93,65,0,28
1998,"BENTON",27009,108,85,0,0,23,10,3,0,0,7,98,82,0,16
1999,"BENTON",27009,80,61,0,0,19,5,4,0,0,1,75,57,0,18
2000,"BENTON",27009,104,77,2,0,25,10,6,2,0,2,94,71,0,23
2001,"BENTON",27009,101,82,0,0,19,10,8,0,0,2,91,74,0,17
2002,"BENTON",27009,157,130,0,0,27,11,8,0,0,3,146,122,0,24
2003,"BENTON",27009,187,166,0,0,21,12,9,0,0,3,175,157,0,18
1990,"BIG STONE",27011,6,4,2,0,0,3,2,1,0,0,3,2,1,0
1991,"BIG STONE",27011,7,7,0,0,0,3,3,0,0,0,4,4,0,0
1992,"BIG STONE",27011,8,8,0,0,0,1,1,0,0,0,7,7,0,0
1993,"BIG STONE",27011,7,6,0,1,0,3,2,0,1,0,4,4,0,0
1994,"BIG STONE",27011,6,4,0,1,1,4,3,0,1,0,2,1,0,1
1995,"BIG STONE",27011,16,14,1,1,0,3,1,1,1,0,13,13,0,0
1996,"BIG STONE",27011,3,3,0,0,0,2,2,0,0,0,1,1,0,0
1997,"BIG STONE",27011,12,10,0,1,1,4,3,0,1,0,8,7,0,1
1998,"BIG STONE",27011,5,5,0,0,0,2,2,0,0,0,3,3,0,0
1999,"BIG STONE",27011,8,8,0,0,0,3,3,0,0,0,5,5,0,0
2000,"BIG STONE",27011,17,17,0,0,0,2,2,0,0,0,15,15,0,0
2001,"BIG STONE",27011,12,12,0,0,0,3,3,0,0,0,9,9,0,0
2002,"BIG STONE",27011,15,15,0,0,0,2,2,0,0,0,13,13,0,0
2003,"BIG STONE",27011,17,17,0,0,0,4,4,0,0,0,13,13,0,0
1990,"BLUE EARTH",27013,95,86,0,0,9,18,15,0,0,3,77,71,0,6
1991,"BLUE EARTH",27013,104,98,0,0,6,7,7,0,0,0,97,91,0,6
1992,"BLUE EARTH",27013,109,101,0,0,8,10,10,0,0,0,99,91,0,8
1993,"BLUE EARTH",27013,108,101,0,0,7,18,15,0,0,3,90,86,0,4
1994,"BLUE EARTH",27013,74,64,0,0,10,8,8,0,0,0,66,56,0,10
1995,"BLUE EARTH",27013,128,116,0,0,12,12,12,0,0,0,116,104,0,12
1996,"BLUE EARTH",27013,151,131,0,0,20,14,12,0,0,2,137,119,0,18
1997,"BLUE EARTH",27013,205,181,0,0,24,24,24,0,0,0,181,157,0,24
1998,"BLUE EARTH",27013,191,176,0,0,15,15,15,0,0,0,176,161,0,15
1999,"BLUE EARTH",27013,161,148,1,0,12,11,10,1,0,0,150,138,0,12
2000,"BLUE EARTH",27013,138,131,0,0,7,16,15,0,0,1,122,116,0,6
2001,"BLUE EARTH",27013,163,154,2,0,7,16,11,2,0,3,147,143,0,4
2002,"BLUE EARTH",27013,211,199,0,0,12,14,13,0,0,1,197,186,0,11
2003,"BLUE EARTH",27013,211,196,2,0,13,27,22,2,0,3,184,174,0,10
1990,"BROWN",27015,33,29,0,0,4,5,5,0,0,0,28,24,0,4
1991,"BROWN",27015,47,41,0,0,6,4,4,0,0,0,43,37,0,6
1992,"BROWN",27015,35,29,0,1,5,4,3,0,1,0,31,26,0,5
1993,"BROWN",27015,37,33,0,1,3,10,9,0,1,0,27,24,0,3
1994,"BROWN",27015,29,29,0,0,0,3,3,0,0,0,26,26,0,0
1995,"BROWN",27015,31,28,0,1,2,2,1,0,1,0,29,27,0,2
1996,"BROWN",27015,43,40,0,0,3,12,11,0,0,1,31,29,0,2
1997,"BROWN",27015,60,59,0,0,1,12,12,0,0,0,48,47,0,1
1998,"BROWN",27015,54,52,0,0,2,6,6,0,0,0,48,46,0,2
1999,"BROWN",27015,64,62,0,0,2,9,9,0,0,0,55,53,0,2
2000,"BROWN",27015,59,56,1,0,2,9,8,1,0,0,50,48,0,2
2001,"BROWN",27015,65,62,0,0,3,8,8,0,0,0,57,54,0,3
2002,"BROWN",27015,75,69,1,0,5,7,6,1,0,0,68,63,0,5
2003,"BROWN",27015,75,70,0,0,5,12,10,0,0,2,63,60,0,3
1990,"CARLTON",27017,62,57,0,1,4,6,4,0,1,1,56,53,0,3
1991,"CARLTON",27017,48,45,1,0,2,10,9,1,0,0,38,36,0,2
1992,"CARLTON",27017,62,60,1,0,1,4,2,1,0,1,58,58,0,0
1993,"CARLTON",27017,39,38,0,0,1,3,3,0,0,0,36,35,0,1
1994,"CARLTON",27017,43,42,0,0,1,3,3,0,0,0,40,39,0,1
1995,"CARLTON",27017,71,67,0,0,4,6,5,0,0,1,65,62,0,3
1996,"CARLTON",27017,104,97,0,0,7,5,5,0,0,0,99,92,0,7
1997,"CARLTON",27017,153,122,0,0,31,8,6,0,0,2,145,116,0,29
1998,"CARLTON",27017,157,120,0,0,37,3,1,0,0,2,154,119,0,35
1999,"CARLTON",27017,100,86,0,0,14,4,4,0,0,0,96,82,0,14
2000,"CARLTON",27017,89,81,0,0,8,4,3,0,0,1,85,78,0,7
2001,"CARLTON",27017,110,95,3,0,12,9,5,3,0,1,101,90,0,11
2002,"CARLTON",27017,120,108,0,0,12,5,3,0,0,2,115,105,0,10
2003,"CARLTON",27017,117,101,0,2,14,5,2,0,2,1,112,99,0,13
1990,"CARVER",27019,154,104,3,0,47,15,8,3,0,4,139,96,0,43
1991,"CARVER",27019,202,161,1,0,40,21,20,1,0,0,181,141,0,40
1992,"CARVER",27019,201,153,2,0,46,11,7,2,0,2,190,146,0,44
1993,"CARVER",27019,169,112,2,0,55,22,13,2,0,7,147,99,0,48
1994,"CARVER",27019,136,98,0,0,38,27,22,0,0,5,109,76,0,33
1995,"CARVER",27019,164,122,1,0,41,18,13,1,0,4,146,109,0,37
1996,"CARVER",27019,195,147,1,0,47,34,24,1,0,9,161,123,0,38
1997,"CARVER",27019,224,179,3,0,42,34,27,3,0,4,190,152,0,38
1998,"CARVER",27019,204,160,0,0,44,21,16,0,0,5,183,144,0,39
1999,"CARVER",27019,158,126,0,0,32,18,11,0,0,7,140,115,0,25
2000,"CARVER",27019,154,130,0,0,24,12,11,0,0,1,142,119,0,23
2001,"CARVER",27019,203,163,1,0,39,33,24,1,0,8,170,139,0,31
2002,"CARVER",27019,218,186,3,0,29,19,14,2,0,3,199,172,1,26
2003,"CARVER",27019,240,208,0,0,32,7,6,0,0,1,233,202,0,31
1990,"CASS",27021,26,23,0,1,2,4,3,0,1,0,22,20,0,2
1991,"CASS",27021,30,27,0,0,3,8,7,0,0,1,22,20,0,2
1992,"CASS",27021,36,33,0,0,3,4,4,0,0,0,32,29,0,3
1993,"CASS",27021,32,27,0,0,5,3,3,0,0,0,29,24,0,5
1994,"CASS",27021,28,22,0,0,6,4,2,0,0,2,24,20,0,4
1995,"CASS",27021,36,30,0,0,6,5,4,0,0,1,31,26,0,5
1996,"CASS",27021,52,40,0,1,11,4,2,0,1,1,48,38,0,10
1997,"CASS",27021,69,63,0,0,6,8,7,0,0,1,61,56,0,5
1998,"CASS",27021,60,48,0,0,12,7,4,0,0,3,53,44,0,9
1999,"CASS",27021,56,46,0,0,10,2,1,0,0,1,54,45,0,9
2000,"CASS",27021,60,54,0,0,6,8,6,0,0,2,52,48,0,4
2001,"CASS",27021,64,57,0,0,7,8,6,0,0,2,56,51,0,5
2002,"CASS",27021,75,71,0,0,4,6,6,0,0,0,69,65,0,4
2003,"CASS",27021,71,66,1,0,4,1,0,1,0,0,70,66,0,4
1990,"CHIPPEWA",27023,25,21,0,0,4,8,5,0,0,3,17,16,0,1
1991,"CHIPPEWA",27023,18,17,0,0,1,1,1,0,0,0,17,16,0,1
1992,"CHIPPEWA",27023,16,14,0,0,2,2,1,0,0,1,14,13,0,1
1993,"CHIPPEWA",27023,22,18,0,1,3,7,5,0,1,1,15,13,0,2
1994,"CHIPPEWA",27023,15,12,0,0,3,4,4,0,0,0,11,8,0,3
1995,"CHIPPEWA",27023,17,14,0,0,3,4,3,0,0,1,13,11,0,2
1996,"CHIPPEWA",27023,24,20,0,0,4,5,3,0,0,2,19,17,0,2
1997,"CHIPPEWA",27023,24,21,0,0,3,4,3,0,0,1,20,18,0,2
1998,"CHIPPEWA",27023,28,21,1,0,6,6,3,1,0,2,22,18,0,4
1999,"CHIPPEWA",27023,38,31,0,1,6,9,7,0,1,1,29,24,0,5
2000,"CHIPPEWA",27023,34,31,0,0,3,4,4,0,0,0,30,27,0,3
2001,"CHIPPEWA",27023,38,32,1,0,5,2,1,1,0,0,36,31,0,5
2002,"CHIPPEWA",27023,53,48,2,0,3,8,6,2,0,0,45,42,0,3
2003,"CHIPPEWA",27023,46,41,0,0,5,2,2,0,0,0,44,39,0,5
1990,"CHISAGO",27025,106,84,0,0,22,13,13,0,0,0,93,71,0,22
1991,"CHISAGO",27025,135,104,0,0,31,9,7,0,0,2,126,97,0,29
1992,"CHISAGO",27025,119,100,1,0,18,7,6,1,0,0,112,94,0,18
1993,"CHISAGO",27025,110,87,1,0,22,17,14,1,0,2,93,73,0,20
1994,"CHISAGO",27025,98,74,0,2,22,12,9,0,2,1,86,65,0,21
1995,"CHISAGO",27025,102,80,0,0,22,9,6,0,0,3,93,74,0,19
1996,"CHISAGO",27025,162,125,0,0,37,20,17,0,0,3,142,108,0,34
1997,"CHISAGO",27025,210,174,0,0,36,25,22,0,0,3,185,152,0,33
1998,"CHISAGO",27025,172,138,0,0,34,21,17,0,0,4,151,121,0,30
1999,"CHISAGO",27025,131,100,0,1,30,13,7,0,1,5,118,93,0,25
2000,"CHISAGO",27025,137,108,0,0,29,10,7,0,0,3,127,101,0,26
2001,"CHISAGO",27025,205,165,0,0,40,19,16,0,0,3,186,149,0,37
2002,"CHISAGO",27025,242,202,1,0,39,26,22,1,0,3,216,180,0,36
2003,"CHISAGO",27025,267,223,0,0,44,28,26,0,0,2,239,197,0,42
1990,"CLAY",27027,86,76,0,2,8,19,15,0,2,2,67,61,0,6
1991,"CLAY",27027,95,84,5,0,6,24,19,4,0,1,71,65,1,5
1992,"CLAY",27027,70,64,0,1,5,13,11,0,1,1,57,53,0,4
1993,"CLAY",27027,80,77,0,0,3,13,13,0,0,0,67,64,0,3
1994,"CLAY",27027,64,61,1,0,2,9,8,1,0,0,55,53,0,2
1995,"CLAY",27027,54,46,1,0,7,6,4,1,0,1,48,42,0,6
1996,"CLAY",27027,86,79,1,0,6,11,10,1,0,0,75,69,0,6
1997,"CLAY",27027,114,107,0,0,7,8,8,0,0,0,106,99,0,7
1998,"CLAY",27027,147,145,0,0,2,9,9,0,0,0,138,136,0,2
1999,"CLAY",27027,117,110,0,0,7,10,8,0,0,2,107,102,0,5
2000,"CLAY",27027,93,93,0,0,0,6,6,0,0,0,87,87,0,0
2001,"CLAY",27027,113,112,0,0,1,13,13,0,0,0,100,99,0,1
2002,"CLAY",27027,143,137,0,0,6,9,9,0,0,0,134,128,0,6
2003,"CLAY",27027,205,190,0,1,14,11,9,0,1,1,194,181,0,13
1990,"CLEARWATER",27029,2,2,0,0,0,0,0,0,0,0,2,2,0,0
1991,"CLEARWATER",27029,6,6,0,0,0,2,2,0,0,0,4,4,0,0
1992,"CLEARWATER",27029,12,10,0,1,1,2,1,0,1,0,10,9,0,1
1993,"CLEARWATER",27029,12,9,0,1,2,4,2,0,1,1,8,7,0,1
1994,"CLEARWATER",27029,12,11,0,0,1,4,4,0,0,0,8,7,0,1
1995,"CLEARWATER",27029,9,7,0,1,1,2,0,0,1,1,7,7,0,0
1996,"CLEARWATER",27029,13,12,0,0,1,3,3,0,0,0,10,9,0,1
1997,"CLEARWATER",27029,10,10,0,0,0,2,2,0,0,0,8,8,0,0
1998,"CLEARWATER",27029,25,22,0,1,2,5,4,0,1,0,20,18,0,2
1999,"CLEARWATER",27029,10,9,0,0,1,2,2,0,0,0,8,7,0,1
2000,"CLEARWATER",27029,12,9,0,2,1,3,1,0,2,0,9,8,0,1
2001,"CLEARWATER",27029,16,13,0,0,3,0,0,0,0,0,16,13,0,3
2002,"CLEARWATER",27029,29,29,0,0,0,3,3,0,0,0,26,26,0,0
2003,"CLEARWATER",27029,26,25,0,0,1,3,3,0,0,0,23,22,0,1
1990,"COOK",27031,6,6,0,0,0,0,0,0,0,0,6,6,0,0
1991,"COOK",27031,10,8,0,0,2,3,3,0,0,0,7,5,0,2
1992,"COOK",27031,14,12,0,0,2,1,1,0,0,0,13,11,0,2
1993,"COOK",27031,9,9,0,0,0,0,0,0,0,0,9,9,0,0
1994,"COOK",27031,7,6,0,0,1,1,0,0,0,1,6,6,0,0
1995,"COOK",27031,7,6,0,0,1,2,1,0,0,1,5,5,0,0
1996,"COOK",27031,6,6,0,0,0,3,3,0,0,0,3,3,0,0
1997,"COOK",27031,11,11,0,0,0,1,1,0,0,0,10,10,0,0
1998,"COOK",27031,13,13,0,0,0,2,2,0,0,0,11,11,0,0
1999,"COOK",27031,9,8,0,0,1,0,0,0,0,0,9,8,0,1
2000,"COOK",27031,9,9,0,0,0,1,1,0,0,0,8,8,0,0
2001,"COOK",27031,18,17,0,0,1,4,4,0,0,0,14,13,0,1
2002,"COOK",27031,17,17,0,0,0,1,1,0,0,0,16,16,0,0
2003,"COOK",27031,12,11,0,0,1,1,1,0,0,0,11,10,0,1
1990,"COTTONWOOD",27033,15,13,0,0,2,2,2,0,0,0,13,11,0,2
1991,"COTTONWOOD",27033,20,17,0,0,3,2,2,0,0,0,18,15,0,3
1992,"COTTONWOOD",27033,25,22,0,0,3,6,6,0,0,0,19,16,0,3
1993,"COTTONWOOD",27033,16,14,0,0,2,7,6,0,0,1,9,8,0,1
1994,"COTTONWOOD",27033,15,14,0,0,1,5,4,0,0,1,10,10,0,0
1995,"COTTONWOOD",27033,22,21,0,0,1,4,4,0,0,0,18,17,0,1
1996,"COTTONWOOD",27033,25,21,0,1,3,4,3,0,1,0,21,18,0,3
1997,"COTTONWOOD",27033,32,32,0,0,0,5,5,0,0,0,27,27,0,0
1998,"COTTONWOOD",27033,26,26,0,0,0,7,7,0,0,0,19,19,0,0
1999,"COTTONWOOD",27033,33,32,0,0,1,5,5,0,0,0,28,27,0,1
2000,"COTTONWOOD",27033,20,20,0,0,0,5,5,0,0,0,15,15,0,0
2001,"COTTONWOOD",27033,20,19,0,0,1,3,3,0,0,0,17,16,0,1
2002,"COTTONWOOD",27033,38,37,0,0,1,7,7,0,0,0,31,30,0,1
2003,"COTTONWOOD",27033,38,38,0,0,0,5,5,0,0,0,33,33,0,0
1990,"CROW WING",27035,67,57,4,1,5,18,13,4,1,0,49,44,0,5
1991,"CROW WING",27035,100,88,4,0,8,32,26,4,0,2,68,62,0,6
1992,"CROW WING",27035,122,107,2,0,13,21,17,2,0,2,101,90,0,11
1993,"CROW WING",27035,111,89,3,0,19,26,21,3,0,2,85,68,0,17
1994,"CROW WING",27035,78,56,0,0,22,13,7,0,0,6,65,49,0,16
1995,"CROW WING",27035,124,104,0,0,20,15,10,0,0,5,109,94,0,15
1996,"CROW WING",27035,167,138,0,1,28,13,9,0,1,3,154,129,0,25
1997,"CROW WING",27035,182,158,2,0,22,18,11,2,0,5,164,147,0,17
1998,"CROW WING",27035,201,172,0,0,29,13,10,0,0,3,188,162,0,26
1999,"CROW WING",27035,167,142,0,0,25,10,5,0,0,5,157,137,0,20
2000,"CROW WING",27035,172,146,0,0,26,12,8,0,0,4,160,138,0,22
2001,"CROW WING",27035,174,158,1,0,15,19,17,1,0,1,155,141,0,14
2002,"CROW WING",27035,209,178,0,0,31,3,2,0,0,1,206,176,0,30
2003,"CROW WING",27035,242,212,0,0,30,4,4,0,0,0,238,208,0,30
1990,"DAKOTA",27037,1426,971,12,0,442,172,129,12,0,31,1254,842,0,412
1991,"DAKOTA",27037,1613,1164,17,0,432,123,91,16,0,16,1490,1073,1,416
1992,"DAKOTA",27037,1517,1044,19,3,451,114,72,19,3,20,1403,972,0,431
1993,"DAKOTA",27037,1372,917,10,1,444,184,132,10,1,41,1188,785,0,403
1994,"DAKOTA",27037,1310,852,7,0,451,162,112,7,0,43,1148,740,0,408
1995,"DAKOTA",27037,1395,902,8,0,485,147,98,8,0,41,1248,804,0,444
1996,"DAKOTA",27037,1654,1166,6,0,482,168,118,6,0,44,1486,1048,0,438
1997,"DAKOTA",27037,1722,1194,3,0,525,174,136,3,0,35,1548,1058,0,490
1998,"DAKOTA",27037,1580,1175,5,0,400,142,105,5,0,32,1438,1070,0,368
1999,"DAKOTA",27037,1315,1047,2,0,266,107,89,2,0,16,1208,958,0,250
2000,"DAKOTA",27037,1255,987,3,0,265,141,111,3,0,27,1114,876,0,238
2001,"DAKOTA",27037,1597,1319,6,0,272,166,128,6,0,32,1431,1191,0,240
2002,"DAKOTA",27037,1605,1282,5,0,318,177,146,4,0,27,1428,1136,1,291
2003,"DAKOTA",27037,1691,1358,2,0,331,140,112,2,0,26,1551,1246,0,305
1990,"DODGE",27039,40,34,0,1,5,5,4,0,1,0,35,30,0,5
1991,"DODGE",27039,57,43,0,1,13,8,7,0,1,0,49,36,0,13
1992,"DODGE",27039,46,40,0,0,6,6,6,0,0,0,40,34,0,6
1993,"DODGE",27039,26,22,0,0,4,3,3,0,0,0,23,19,0,4
1994,"DODGE",27039,42,37,0,0,5,9,9,0,0,0,33,28,0,5
1995,"DODGE",27039,36,31,0,0,5,7,6,0,0,1,29,25,0,4
1996,"DODGE",27039,60,54,0,0,6,11,10,0,0,1,49,44,0,5
1997,"DODGE",27039,63,52,1,0,10,10,8,1,0,1,53,44,0,9
1998,"DODGE",27039,44,35,0,0,9,8,7,0,0,1,36,28,0,8
1999,"DODGE",27039,40,32,0,2,6,12,10,0,2,0,28,22,0,6
2000,"DODGE",27039,36,30,0,0,6,4,3,0,0,1,32,27,0,5
2001,"DODGE",27039,35,29,0,0,6,2,1,0,0,1,33,28,0,5
2002,"DODGE",27039,55,50,0,0,5,7,6,0,0,1,48,44,0,4
2003,"DODGE",27039,94,85,0,0,9,16,15,0,0,1,78,70,0,8
1990,"DOUGLAS",27041,43,40,0,0,3,15,15,0,0,0,28,25,0,3
1991,"DOUGLAS",27041,52,48,1,0,3,15,13,1,0,1,37,35,0,2
1992,"DOUGLAS",27041,62,59,0,1,2,22,20,0,1,1,40,39,0,1
1993,"DOUGLAS",27041,40,34,1,0,5,9,6,1,0,2,31,28,0,3
1994,"DOUGLAS",27041,44,40,0,0,4,2,2,0,0,0,42,38,0,4
1995,"DOUGLAS",27041,51,42,0,2,7,10,5,0,2,3,41,37,0,4
1996,"DOUGLAS",27041,68,57,0,1,10,9,6,0,1,2,59,51,0,8
1997,"DOUGLAS",27041,81,69,0,0,12,16,14,0,0,2,65,55,0,10
1998,"DOUGLAS",27041,90,79,0,0,11,7,6,0,0,1,83,73,0,10
1999,"DOUGLAS",27041,76,69,0,0,7,10,10,0,0,0,66,59,0,7
2000,"DOUGLAS",27041,84,72,1,1,10,13,10,1,1,1,71,62,0,9
2001,"DOUGLAS",27041,108,101,1,0,6,10,8,1,0,1,98,93,0,5
2002,"DOUGLAS",27041,105,101,0,0,4,10,9,0,0,1,95,92,0,3
2003,"DOUGLAS",27041,121,107,1,0,13,7,5,1,0,1,114,102,0,12
1990,"FARIBAULT",27043,17,17,0,0,0,2,2,0,0,0,15,15,0,0
1991,"FARIBAULT",27043,34,28,2,2,2,5,1,2,2,0,29,27,0,2
1992,"FARIBAULT",27043,31,24,0,2,5,4,1,0,2,1,27,23,0,4
1993,"FARIBAULT",27043,19,19,0,0,0,5,5,0,0,0,14,14,0,0
1994,"FARIBAULT",27043,29,21,1,0,7,3,2,1,0,0,26,19,0,7
1995,"FARIBAULT",27043,28,26,0,0,2,6,6,0,0,0,22,20,0,2
1996,"FARIBAULT",27043,41,34,0,0,7,10,9,0,0,1,31,25,0,6
1997,"FARIBAULT",27043,46,41,0,0,5,10,10,0,0,0,36,31,0,5
1998,"FARIBAULT",27043,44,43,0,0,1,6,6,0,0,0,38,37,0,1
1999,"FARIBAULT",27043,36,34,0,0,2,8,7,0,0,1,28,27,0,1
2000,"FARIBAULT",27043,51,51,0,0,0,7,7,0,0,0,44,44,0,0
2001,"FARIBAULT",27043,61,59,0,0,2,17,17,0,0,0,44,42,0,2
2002,"FARIBAULT",27043,51,47,0,0,4,6,6,0,0,0,45,41,0,4
2003,"FARIBAULT",27043,52,47,0,0,5,4,4,0,0,0,48,43,0,5
1990,"FILLMORE",27045,27,23,0,1,3,3,2,0,1,0,24,21,0,3
1991,"FILLMORE",27045,45,38,0,1,6,5,4,0,1,0,40,34,0,6
1992,"FILLMORE",27045,36,33,0,1,2,11,9,0,1,1,25,24,0,1
1993,"FILLMORE",27045,36,32,0,2,2,11,7,0,2,2,25,25,0,0
1994,"FILLMORE",27045,43,39,0,2,2,13,10,0,2,1,30,29,0,1
1995,"FILLMORE",27045,36,34,0,0,2,12,12,0,0,0,24,22,0,2
1996,"FILLMORE",27045,40,34,0,0,6,12,10,0,0,2,28,24,0,4
1997,"FILLMORE",27045,56,54,0,0,2,14,14,0,0,0,42,40,0,2
1998,"FILLMORE",27045,39,36,0,1,2,12,11,0,1,0,27,25,0,2
1999,"FILLMORE",27045,34,33,0,0,1,6,6,0,0,0,28,27,0,1
2000,"FILLMORE",27045,30,29,0,0,1,6,6,0,0,0,24,23,0,1
2001,"FILLMORE",27045,43,41,0,0,2,4,4,0,0,0,39,37,0,2
2002,"FILLMORE",27045,50,46,0,0,4,5,4,0,0,1,45,42,0,3
2003,"FILLMORE",27045,53,45,1,1,6,12,8,1,1,2,41,37,0,4
1990,"FREEBORN",27047,77,71,1,1,4,11,9,1,1,0,66,62,0,4
1991,"FREEBORN",27047,104,98,1,0,5,12,10,1,0,1,92,88,0,4
1992,"FREEBORN",27047,87,80,0,0,7,8,7,0,0,1,79,73,0,6
1993,"FREEBORN",27047,74,69,0,0,5,8,8,0,0,0,66,61,0,5
1994,"FREEBORN",27047,94,82,1,0,11,13,10,1,0,2,81,72,0,9
1995,"FREEBORN",27047,65,53,0,0,12,6,4,0,0,2,59,49,0,10
1996,"FREEBORN",27047,78,74,0,0,4,6,6,0,0,0,72,68,0,4
1997,"FREEBORN",27047,112,108,0,0,4,12,11,0,0,1,100,97,0,3
1998,"FREEBORN",27047,88,81,0,0,7,12,12,0,0,0,76,69,0,7
1999,"FREEBORN",27047,76,69,0,0,7,11,11,0,0,0,65,58,0,7
2000,"FREEBORN",27047,58,55,0,0,3,9,9,0,0,0,49,46,0,3
2001,"FREEBORN",27047,102,86,1,1,14,12,7,1,1,3,90,79,0,11
2002,"FREEBORN",27047,126,112,0,0,14,18,17,0,0,1,108,95,0,13
2003,"FREEBORN",27047,131,126,0,0,5,14,13,0,0,1,117,113,0,4
1990,"GOODHUE",27049,100,78,1,0,21,18,15,1,0,2,82,63,0,19
1991,"GOODHUE",27049,118,96,2,1,19,12,7,2,1,2,106,89,0,17
1992,"GOODHUE",27049,86,69,1,0,16,9,7,1,0,1,77,62,0,15
1993,"GOODHUE",27049,94,79,1,0,14,11,10,1,0,0,83,69,0,14
1994,"GOODHUE",27049,92,74,0,1,17,13,8,0,1,4,79,66,0,13
1995,"GOODHUE",27049,108,80,1,0,27,19,13,1,0,5,89,67,0,22
1996,"GOODHUE",27049,148,115,1,0,32,12,9,1,0,2,136,106,0,30
1997,"GOODHUE",27049,148,119,0,0,29,21,19,0,0,2,127,100,0,27
1998,"GOODHUE",27049,127,96,0,0,31,14,9,0,0,5,113,87,0,26
1999,"GOODHUE",27049,143,109,0,0,34,9,7,0,0,2,134,102,0,32
2000,"GOODHUE",27049,117,94,0,0,23,12,9,0,0,3,105,85,0,20
2001,"GOODHUE",27049,164,138,0,0,26,19,18,0,0,1,145,120,0,25
2002,"GOODHUE",27049,164,148,0,1,15,18,17,0,1,0,146,131,0,15
2003,"GOODHUE",27049,173,149,1,0,23,22,20,1,0,1,151,129,0,22
1990,"GRANT",27051,7,4,1,0,2,2,1,1,0,0,5,3,0,2
1991,"GRANT",27051,7,6,0,1,0,3,2,0,1,0,4,4,0,0
1992,"GRANT",27051,15,12,0,0,3,4,4,0,0,0,11,8,0,3
1993,"GRANT",27051,7,6,0,0,1,0,0,0,0,0,7,6,0,1
1994,"GRANT",27051,11,10,0,1,0,2,1,0,1,0,9,9,0,0
1995,"GRANT",27051,15,14,0,1,0,3,2,0,1,0,12,12,0,0
1996,"GRANT",27051,16,14,0,0,2,2,2,0,0,0,14,12,0,2
1997,"GRANT",27051,12,11,0,0,1,2,2,0,0,0,10,9,0,1
1998,"GRANT",27051,14,11,0,1,2,3,2,0,1,0,11,9,0,2
1999,"GRANT",27051,17,16,0,0,1,3,3,0,0,0,14,13,0,1
2000,"GRANT",27051,15,14,0,0,1,2,2,0,0,0,13,12,0,1
2001,"GRANT",27051,26,24,0,1,1,6,5,0,1,0,20,19,0,1
2002,"GRANT",27051,23,22,0,0,1,2,2,0,0,0,21,20,0,1
2003,"GRANT",27051,30,26,0,0,4,0,0,0,0,0,30,26,0,4
1990,"HENNEPIN",27053,5212,3298,111,0,1803,448,268,111,0,69,4764,3030,0,1734
1991,"HENNEPIN",27053,6033,4009,103,0,1921,516,322,102,0,92,5517,3687,1,1829
1992,"HENNEPIN",27053,5833,3971,79,0,1783,454,298,75,0,81,5379,3673,4,1702
1993,"HENNEPIN",27053,4922,3204,67,0,1651,606,406,66,0,134,4316,2798,1,1517
1994,"HENNEPIN",27053,4357,2776,34,0,1547,617,400,34,0,183,3740,2376,0,1364
1995,"HENNEPIN",27053,4575,2991,42,0,1542,571,384,42,0,145,4004,2607,0,1397
1996,"HENNEPIN",27053,5448,3792,40,0,1616,779,555,40,0,184,4669,3237,0,1432
1997,"HENNEPIN",27053,5682,4038,42,0,1602,773,537,42,0,194,4909,3501,0,1408
1998,"HENNEPIN",27053,5275,3761,19,0,1495,626,464,19,0,143,4649,3297,0,1352
1999,"HENNEPIN",27053,4377,3135,32,0,1210,484,344,32,0,108,3893,2791,0,1102
2000,"HENNEPIN",27053,4183,3098,33,0,1052,413,304,33,0,76,3770,2794,0,976
2001,"HENNEPIN",27053,4866,3801,25,0,1040,474,363,25,0,86,4392,3438,0,954
2002,"HENNEPIN",27053,4901,3876,27,0,998,351,270,27,0,54,4550,3606,0,944
2003,"HENNEPIN",27053,5182,4072,16,0,1094,220,161,16,0,43,4962,3911,0,1051
1990,"HOUSTON",27055,29,27,1,0,1,8,7,1,0,0,21,20,0,1
1991,"HOUSTON",27055,25,24,0,1,0,1,0,0,1,0,24,24,0,0
1992,"HOUSTON",27055,31,31,0,0,0,3,3,0,0,0,28,28,0,0
1993,"HOUSTON",27055,27,25,0,0,2,5,5,0,0,0,22,20,0,2
1994,"HOUSTON",27055,29,25,1,0,3,10,9,1,0,0,19,16,0,3
1995,"HOUSTON",27055,23,23,0,0,0,4,4,0,0,0,19,19,0,0
1996,"HOUSTON",27055,39,38,0,1,0,8,7,0,1,0,31,31,0,0
1997,"HOUSTON",27055,46,45,0,0,1,8,8,0,0,0,38,37,0,1
1998,"HOUSTON",27055,37,37,0,0,0,6,6,0,0,0,31,31,0,0
1999,"HOUSTON",27055,36,36,0,0,0,2,2,0,0,0,34,34,0,0
2000,"HOUSTON",27055,29,28,0,0,1,4,3,0,0,1,25,25,0,0
2001,"HOUSTON",27055,26,25,0,0,1,4,4,0,0,0,22,21,0,1
2002,"HOUSTON",27055,62,61,0,0,1,14,13,0,0,1,48,48,0,0
2003,"HOUSTON",27055,40,40,0,0,0,11,11,0,0,0,29,29,0,0
1990,"HUBBARD",27057,28,19,3,2,4,13,7,3,2,1,15,12,0,3
1991,"HUBBARD",27057,42,34,2,0,6,13,9,2,0,2,29,25,0,4
1992,"HUBBARD",27057,30,29,0,0,1,7,7,0,0,0,23,22,0,1
1993,"HUBBARD",27057,23,21,0,0,2,7,7,0,0,0,16,14,0,2
1994,"HUBBARD",27057,27,26,0,0,1,3,3,0,0,0,24,23,0,1
1995,"HUBBARD",27057,28,26,0,0,2,5,5,0,0,0,23,21,0,2
1996,"HUBBARD",27057,53,49,0,0,4,7,7,0,0,0,46,42,0,4
1997,"HUBBARD",27057,54,50,3,0,1,11,8,3,0,0,43,42,0,1
1998,"HUBBARD",27057,59,56,0,0,3,6,6,0,0,0,53,50,0,3
1999,"HUBBARD",27057,47,43,0,0,4,5,4,0,0,1,42,39,0,3
2000,"HUBBARD",27057,47,41,0,1,5,4,3,0,1,0,43,38,0,5
2001,"HUBBARD",27057,44,43,0,0,1,6,6,0,0,0,38,37,0,1
2002,"HUBBARD",27057,53,53,0,0,0,12,12,0,0,0,41,41,0,0
2003,"HUBBARD",27057,57,55,0,0,2,8,8,0,0,0,49,47,0,2
1990,"ISANTI",27059,122,96,1,0,25,10,8,1,0,1,112,88,0,24
1991,"ISANTI",27059,115,85,1,0,29,21,19,1,0,1,94,66,0,28
1992,"ISANTI",27059,123,97,0,0,26,9,9,0,0,0,114,88,0,26
1993,"ISANTI",27059,86,64,0,0,22,12,9,0,0,3,74,55,0,19
1994,"ISANTI",27059,99,73,2,0,24,21,14,2,0,5,78,59,0,19
1995,"ISANTI",27059,100,76,0,0,24,11,10,0,0,1,89,66,0,23
1996,"ISANTI",27059,147,116,1,0,30,20,15,1,0,4,127,101,0,26
1997,"ISANTI",27059,162,132,0,0,30,31,28,0,0,3,131,104,0,27
1998,"ISANTI",27059,137,108,0,0,29,13,9,0,0,4,124,99,0,25
1999,"ISANTI",27059,139,110,0,0,29,20,17,0,0,3,119,93,0,26
2000,"ISANTI",27059,117,94,0,0,23,13,7,0,0,6,104,87,0,17
2001,"ISANTI",27059,167,146,0,0,21,24,20,0,0,4,143,126,0,17
2002,"ISANTI",27059,191,153,0,0,38,19,16,0,0,3,172,137,0,35
2003,"ISANTI",27059,194,160,0,0,34,9,8,0,0,1,185,152,0,33
1990,"ITASCA",27061,57,55,0,0,2,17,16,0,0,1,40,39,0,1
1991,"ITASCA",27061,53,48,1,0,4,11,9,1,0,1,42,39,0,3
1992,"ITASCA",27061,58,56,0,0,2,8,7,0,0,1,50,49,0,1
1993,"ITASCA",27061,54,50,1,1,2,6,4,1,1,0,48,46,0,2
1994,"ITASCA",27061,50,47,1,0,2,9,7,1,0,1,41,40,0,1
1995,"ITASCA",27061,73,67,0,0,6,7,6,0,0,1,66,61,0,5
1996,"ITASCA",27061,64,57,0,0,7,4,3,0,0,1,60,54,0,6
1997,"ITASCA",27061,106,96,1,0,9,13,9,1,0,3,93,87,0,6
1998,"ITASCA",27061,123,106,1,0,16,7,4,1,0,2,116,102,0,14
1999,"ITASCA",27061,119,109,0,0,10,8,7,0,0,1,111,102,0,9
2000,"ITASCA",27061,115,104,0,0,11,10,8,0,0,2,105,96,0,9
2001,"ITASCA",27061,136,116,1,0,19,9,5,1,0,3,127,111,0,16
2002,"ITASCA",27061,147,130,1,0,16,10,8,1,0,1,137,122,0,15
2003,"ITASCA",27061,158,137,0,0,21,3,3,0,0,0,155,134,0,21
1990,"JACKSON",27063,11,11,0,0,0,4,4,0,0,0,7,7,0,0
1991,"JACKSON",27063,21,19,0,0,2,5,5,0,0,0,16,14,0,2
1992,"JACKSON",27063,26,24,0,0,2,2,2,0,0,0,24,22,0,2
1993,"JACKSON",27063,14,12,0,0,2,0,0,0,0,0,14,12,0,2
1994,"JACKSON",27063,14,13,0,0,1,5,4,0,0,1,9,9,0,0
1995,"JACKSON",27063,14,14,0,0,0,7,7,0,0,0,7,7,0,0
1996,"JACKSON",27063,24,20,0,1,3,6,5,0,1,0,18,15,0,3
1997,"JACKSON",27063,31,28,0,0,3,8,7,0,0,1,23,21,0,2
1998,"JACKSON",27063,23,23,0,0,0,5,5,0,0,0,18,18,0,0
1999,"JACKSON",27063,26,24,0,0,2,9,8,0,0,1,17,16,0,1
2000,"JACKSON",27063,21,19,0,0,2,2,2,0,0,0,19,17,0,2
2001,"JACKSON",27063,24,24,0,0,0,5,5,0,0,0,19,19,0,0
2002,"JACKSON",27063,34,31,0,0,3,8,7,0,0,1,26,24,0,2
2003,"JACKSON",27063,23,21,0,0,2,6,6,0,0,0,17,15,0,2
1990,"KANABEC",27065,38,30,0,0,8,3,1,0,0,2,35,29,0,6
1991,"KANABEC",27065,43,36,0,0,7,4,4,0,0,0,39,32,0,7
1992,"KANABEC",27065,49,39,0,0,10,2,2,0,0,0,47,37,0,10
1993,"KANABEC",27065,36,32,0,0,4,7,7,0,0,0,29,25,0,4
1994,"KANABEC",27065,37,25,0,0,12,10,6,0,0,4,27,19,0,8
1995,"KANABEC",27065,48,36,0,1,11,5,3,0,1,1,43,33,0,10
1996,"KANABEC",27065,53,43,0,0,10,7,7,0,0,0,46,36,0,10
1997,"KANABEC",27065,76,59,0,1,16,7,5,0,1,1,69,54,0,15
1998,"KANABEC",27065,89,66,0,1,22,4,2,0,1,1,85,64,0,21
1999,"KANABEC",27065,63,53,0,0,10,1,1,0,0,0,62,52,0,10
2000,"KANABEC",27065,68,52,0,0,16,2,2,0,0,0,66,50,0,16
2001,"KANABEC",27065,65,52,0,0,13,1,1,0,0,0,64,51,0,13
2002,"KANABEC",27065,71,63,0,0,8,4,4,0,0,0,67,59,0,8
2003,"KANABEC",27065,89,80,0,0,9,3,3,0,0,0,86,77,0,9
1990,"KANDIYOHI",27067,59,54,0,1,4,7,6,0,1,0,52,48,0,4
1991,"KANDIYOHI",27067,59,55,0,0,4,12,11,0,0,1,47,44,0,3
1992,"KANDIYOHI",27067,69,67,0,0,2,10,9,0,0,1,59,58,0,1
1993,"KANDIYOHI",27067,55,50,0,0,5,7,6,0,0,1,48,44,0,4
1994,"KANDIYOHI",27067,76,57,0,3,16,14,10,0,3,1,62,47,0,15
1995,"KANDIYOHI",27067,78,61,0,1,16,15,11,0,1,3,63,50,0,13
1996,"KANDIYOHI",27067,91,69,0,0,22,11,9,0,0,2,80,60,0,20
1997,"KANDIYOHI",27067,100,90,0,0,10,13,11,0,0,2,87,79,0,8
1998,"KANDIYOHI",27067,107,87,0,0,20,16,14,0,0,2,91,73,0,18
1999,"KANDIYOHI",27067,101,83,0,2,16,20,16,0,2,2,81,67,0,14
2000,"KANDIYOHI",27067,87,78,0,0,9,14,14,0,0,0,73,64,0,9
2001,"KANDIYOHI",27067,101,87,0,0,14,16,11,0,0,5,85,76,0,9
2002,"KANDIYOHI",27067,114,94,0,0,20,10,9,0,0,1,104,85,0,19
2003,"KANDIYOHI",27067,125,116,0,0,9,8,7,0,0,1,117,109,0,8
1990,"KITTSON",27069,4,3,0,1,0,3,2,0,1,0,1,1,0,0
1991,"KITTSON",27069,7,5,0,2,0,5,3,0,2,0,2,2,0,0
1992,"KITTSON",27069,10,10,0,0,0,0,0,0,0,0,10,10,0,0
1993,"KITTSON",27069,5,4,0,1,0,1,0,0,1,0,4,4,0,0
1994,"KITTSON",27069,4,4,0,0,0,0,0,0,0,0,4,4,0,0
1995,"KITTSON",27069,4,4,0,0,0,0,0,0,0,0,4,4,0,0
1996,"KITTSON",27069,9,7,1,0,1,3,2,1,0,0,6,5,0,1
1997,"KITTSON",27069,5,5,0,0,0,1,1,0,0,0,4,4,0,0
1998,"KITTSON",27069,18,11,0,3,4,8,3,0,3,2,10,8,0,2
1999,"KITTSON",27069,5,4,0,1,0,2,1,0,1,0,3,3,0,0
2000,"KITTSON",27069,11,9,0,1,1,3,2,0,1,0,8,7,0,1
2001,"KITTSON",27069,14,13,0,0,1,1,1,0,0,0,13,12,0,1
2002,"KITTSON",27069,14,13,0,0,1,1,1,0,0,0,13,12,0,1
2003,"KITTSON",27069,8,8,0,0,0,0,0,0,0,0,8,8,0,0
1990,"KOOCHICHING",27071,9,9,0,0,0,3,3,0,0,0,6,6,0,0
1991,"KOOCHICHING",27071,11,11,0,0,0,0,0,0,0,0,11,11,0,0
1992,"KOOCHICHING",27071,17,15,2,0,0,3,1,2,0,0,14,14,0,0
1993,"KOOCHICHING",27071,18,15,2,0,1,5,3,2,0,0,13,12,0,1
1994,"KOOCHICHING",27071,16,15,0,0,1,2,2,0,0,0,14,13,0,1
1995,"KOOCHICHING",27071,14,14,0,0,0,1,1,0,0,0,13,13,0,0
1996,"KOOCHICHING",27071,37,36,0,0,1,2,1,0,0,1,35,35,0,0
1997,"KOOCHICHING",27071,35,32,0,0,3,3,2,0,0,1,32,30,0,2
1998,"KOOCHICHING",27071,43,39,0,0,4,2,0,0,0,2,41,39,0,2
1999,"KOOCHICHING",27071,40,39,0,0,1,2,2,0,0,0,38,37,0,1
2000,"KOOCHICHING",27071,35,34,0,0,1,0,0,0,0,0,35,34,0,1
2001,"KOOCHICHING",27071,37,33,0,0,4,1,1,0,0,0,36,32,0,4
2002,"KOOCHICHING",27071,36,35,0,0,1,1,1,0,0,0,35,34,0,1
2003,"KOOCHICHING",27071,53,49,0,0,4,1,1,0,0,0,52,48,0,4
1990,"LAC QUI PARLE",27073,15,9,1,1,4,5,3,1,1,0,10,6,0,4
1991,"LAC QUI PARLE",27073,10,9,0,0,1,3,2,0,0,1,7,7,0,0
1992,"LAC QUI PARLE",27073,8,8,0,0,0,0,0,0,0,0,8,8,0,0
1993,"LAC QUI PARLE",27073,8,6,0,1,1,3,2,0,1,0,5,4,0,1
1994,"LAC QUI PARLE",27073,9,6,0,1,2,4,2,0,1,1,5,4,0,1
1995,"LAC QUI PARLE",27073,13,11,0,1,1,4,3,0,1,0,9,8,0,1
1996,"LAC QUI PARLE",27073,10,10,0,0,0,2,2,0,0,0,8,8,0,0
1997,"LAC QUI PARLE",27073,10,10,0,0,0,1,1,0,0,0,9,9,0,0
1998,"LAC QUI PARLE",27073,18,15,0,0,3,7,7,0,0,0,11,8,0,3
1999,"LAC QUI PARLE",27073,12,10,1,0,1,6,5,1,0,0,6,5,0,1
2000,"LAC QUI PARLE",27073,12,11,0,0,1,1,1,0,0,0,11,10,0,1
2001,"LAC QUI PARLE",27073,17,15,0,1,1,4,3,0,1,0,13,12,0,1
2002,"LAC QUI PARLE",27073,22,22,0,0,0,5,5,0,0,0,17,17,0,0
2003,"LAC QUI PARLE",27073,23,22,1,0,0,2,1,1,0,0,21,21,0,0
1990,"LAKE",27075,15,15,0,0,0,2,2,0,0,0,13,13,0,0
1991,"LAKE",27075,15,14,0,0,1,4,4,0,0,0,11,10,0,1
1992,"LAKE",27075,21,19,0,0,2,1,0,0,0,1,20,19,0,1
1993,"LAKE",27075,12,12,0,0,0,0,0,0,0,0,12,12,0,0
1994,"LAKE",27075,5,5,0,0,0,0,0,0,0,0,5,5,0,0
1995,"LAKE",27075,13,12,0,0,1,0,0,0,0,0,13,12,0,1
1996,"LAKE",27075,33,29,0,0,4,4,3,0,0,1,29,26,0,3
1997,"LAKE",27075,25,20,0,0,5,3,2,0,0,1,22,18,0,4
1998,"LAKE",27075,30,26,0,0,4,3,2,0,0,1,27,24,0,3
1999,"LAKE",27075,34,29,0,0,5,3,1,0,0,2,31,28,0,3
2000,"LAKE",27075,20,16,0,0,4,3,3,0,0,0,17,13,0,4
2001,"LAKE",27075,39,32,0,0,7,7,7,0,0,0,32,25,0,7
2002,"LAKE",27075,34,31,0,0,3,1,1,0,0,0,33,30,0,3
2003,"LAKE",27075,33,28,3,0,2,4,1,3,0,0,29,27,0,2
1990,"LAKE OF THE WOODS",27077,6,5,0,0,1,1,1,0,0,0,5,4,0,1
1991,"LAKE OF THE WO",27077,4,3,1,0,0,2,1,1,0,0,2,2,0,0
1992,"LAKE OF THE WO",27077,2,2,0,0,0,0,0,0,0,0,2,2,0,0
1993,"LAKE OF THE WO",27077,7,7,0,0,0,2,2,0,0,0,5,5,0,0
1994,"LAKE OF THE WO",27077,3,3,0,0,0,0,0,0,0,0,3,3,0,0
1995,"LAKE OF THE WO",27077,8,8,0,0,0,0,0,0,0,0,8,8,0,0
1996,"LAKE OF THE WO",27077,4,3,0,0,1,0,0,0,0,0,4,3,0,1
1997,"LAKE OF THE WO",27077,12,10,0,1,1,2,0,0,1,1,10,10,0,0
1998,"LAKE OF THE WO",27077,15,14,0,1,0,1,0,0,1,0,14,14,0,0
1999,"LAKE OF THE WOODS",27077,9,8,0,1,0,3,2,0,1,0,6,6,0,0
2000,"LAKE OF THE WO",27077,13,13,0,0,0,1,1,0,0,0,12,12,0,0
2001,"LAKE OF THE WO",27077,18,17,0,0,1,1,1,0,0,0,17,16,0,1
2002,"LAKE OF THE WO",27077,16,16,0,0,0,0,0,0,0,0,16,16,0,0
2003,"LAKE OF THE WO",27077,18,17,0,0,1,1,1,0,0,0,17,16,0,1
1990,"LE SUEUR",27079,41,35,0,0,6,4,4,0,0,0,37,31,0,6
1991,"LE SUEUR",27079,47,35,1,0,11,2,1,1,0,0,45,34,0,11
1992,"LE SUEUR",27079,57,49,0,0,8,8,7,0,0,1,49,42,0,7
1993,"LE SUEUR",27079,46,35,0,0,11,14,12,0,0,2,32,23,0,9
1994,"LE SUEUR",27079,48,33,0,0,15,9,7,0,0,2,39,26,0,13
1995,"LE SUEUR",27079,58,46,0,1,11,12,8,0,1,3,46,38,0,8
1996,"LE SUEUR",27079,87,68,1,0,18,10,6,1,0,3,77,62,0,15
1997,"LE SUEUR",27079,90,77,0,0,13,10,9,0,0,1,80,68,0,12
1998,"LE SUEUR",27079,72,56,0,0,16,10,8,0,0,2,62,48,0,14
1999,"LE SUEUR",27079,69,56,0,0,13,12,12,0,0,0,57,44,0,13
2000,"LE SUEUR",27079,76,64,0,0,12,9,7,0,0,2,67,57,0,10
2001,"LE SUEUR",27079,91,77,1,0,13,15,11,1,0,3,76,66,0,10
2002,"LE SUEUR",27079,90,78,0,1,11,14,13,0,1,0,76,65,0,11
2003,"LE SUEUR",27079,103,94,0,0,9,13,11,0,0,2,90,83,0,7
1990,"LINCOLN",27081,9,9,0,0,0,4,4,0,0,0,5,5,0,0
1991,"LINCOLN",27081,7,5,0,1,1,4,3,0,1,0,3,2,0,1
1992,"LINCOLN",27081,8,7,0,0,1,2,2,0,0,0,6,5,0,1
1993,"LINCOLN",27081,6,5,0,0,1,4,3,0,0,1,2,2,0,0
1994,"LINCOLN",27081,6,5,0,1,0,4,3,0,1,0,2,2,0,0
1995,"LINCOLN",27081,13,9,0,2,2,5,3,0,2,0,8,6,0,2
1996,"LINCOLN",27081,16,14,0,1,1,6,5,0,1,0,10,9,0,1
1997,"LINCOLN",27081,10,9,0,0,1,4,3,0,0,1,6,6,0,0
1998,"LINCOLN",27081,12,10,0,0,2,4,4,0,0,0,8,6,0,2
1999,"LINCOLN",27081,11,8,0,1,2,4,3,0,1,0,7,5,0,2
2000,"LINCOLN",27081,14,14,0,0,0,1,1,0,0,0,13,13,0,0
2001,"LINCOLN",27081,5,5,0,0,0,0,0,0,0,0,5,5,0,0
2002,"LINCOLN",27081,13,13,0,0,0,4,4,0,0,0,9,9,0,0
2003,"LINCOLN",27081,12,11,0,0,1,2,1,0,0,1,10,10,0,0
1990,"LYON",27083,29,27,0,0,2,8,7,0,0,1,21,20,0,1
1991,"LYON",27083,32,26,0,3,3,4,1,0,3,0,28,25,0,3
1992,"LYON",27083,33,32,0,0,1,5,5,0,0,0,28,27,0,1
1993,"LYON",27083,26,22,0,0,4,12,11,0,0,1,14,11,0,3
1994,"LYON",27083,27,25,0,0,2,5,5,0,0,0,22,20,0,2
1995,"LYON",27083,45,40,0,0,5,8,8,0,0,0,37,32,0,5
1996,"LYON",27083,45,43,0,0,2,5,5,0,0,0,40,38,0,2
1997,"LYON",27083,53,49,0,0,4,10,10,0,0,0,43,39,0,4
1998,"LYON",27083,53,48,0,0,5,11,11,0,0,0,42,37,0,5
1999,"LYON",27083,47,43,0,1,3,9,8,0,1,0,38,35,0,3
2000,"LYON",27083,50,43,0,2,5,7,5,0,2,0,43,38,0,5
2001,"LYON",27083,59,56,0,0,3,10,10,0,0,0,49,46,0,3
2002,"LYON",27083,62,54,0,1,7,10,8,0,1,1,52,46,0,6
2003,"LYON",27083,71,68,0,0,3,1,1,0,0,0,70,67,0,3
1990,"MCLEOD",27085,53,40,0,3,10,8,5,0,3,0,45,35,0,10
1991,"MCLEOD",27085,81,59,0,0,22,11,9,0,0,2,70,50,0,20
1992,"MCLEOD",27085,81,71,1,0,9,11,10,1,0,0,70,61,0,9
1993,"MCLEOD",27085,72,55,0,1,16,14,10,0,1,3,58,45,0,13
1994,"MCLEOD",27085,73,47,0,0,26,15,12,0,0,3,58,35,0,23
1995,"MCLEOD",27085,88,62,0,0,26,21,19,0,0,2,67,43,0,24
1996,"MCLEOD",27085,100,75,0,0,25,18,14,0,0,4,82,61,0,21
1997,"MCLEOD",27085,121,95,0,0,26,23,17,0,0,6,98,78,0,20
1998,"MCLEOD",27085,100,84,0,1,15,11,7,0,1,3,89,77,0,12
1999,"MCLEOD",27085,101,82,1,0,18,13,9,1,0,3,88,73,0,15
2000,"MCLEOD",27085,89,69,0,0,20,10,10,0,0,0,79,59,0,20
2001,"MCLEOD",27085,116,92,1,0,23,18,14,1,0,3,98,78,0,20
2002,"MCLEOD",27085,130,105,0,0,25,13,12,0,0,1,117,93,0,24
2003,"MCLEOD",27085,141,122,0,0,19,3,2,0,0,1,138,120,0,18
1990,"MAHNOMEN",27087,5,5,0,0,0,1,1,0,0,0,4,4,0,0
1991,"MAHNOMEN",27087,2,0,1,0,1,1,0,1,0,0,1,0,0,1
1992,"MAHNOMEN",27087,2,2,0,0,0,1,1,0,0,0,1,1,0,0
1993,"MAHNOMEN",27087,5,5,0,0,0,2,2,0,0,0,3,3,0,0
1994,"MAHNOMEN",27087,3,3,0,0,0,1,1,0,0,0,2,2,0,0
1995,"MAHNOMEN",27087,7,4,0,0,3,4,1,0,0,3,3,3,0,0
1996,"MAHNOMEN",27087,9,9,0,0,0,2,2,0,0,0,7,7,0,0
1997,"MAHNOMEN",27087,8,8,0,0,0,1,1,0,0,0,7,7,0,0
1998,"MAHNOMEN",27087,13,12,0,0,1,1,1,0,0,0,12,11,0,1
1999,"MAHNOMEN",27087,10,7,0,0,3,4,2,0,0,2,6,5,0,1
2000,"MAHNOMEN",27087,12,10,0,0,2,1,1,0,0,0,11,9,0,2
2001,"MAHNOMEN",27087,8,8,0,0,0,0,0,0,0,0,8,8,0,0
2002,"MAHNOMEN",27087,15,13,0,1,1,2,1,0,1,0,13,12,0,1
2003,"MAHNOMEN",27087,15,14,0,0,1,0,0,0,0,0,15,14,0,1
1990,"MARSHALL",27089,13,13,0,0,0,7,7,0,0,0,6,6,0,0
1991,"MARSHALL",27089,19,19,0,0,0,6,6,0,0,0,13,13,0,0
1992,"MARSHALL",27089,12,6,0,6,0,7,1,0,6,0,5,5,0,0
1993,"MARSHALL",27089,7,7,0,0,0,2,2,0,0,0,5,5,0,0
1994,"MARSHALL",27089,17,15,0,0,2,7,6,0,0,1,10,9,0,1
1995,"MARSHALL",27089,26,25,0,0,1,5,5,0,0,0,21,20,0,1
1996,"MARSHALL",27089,26,19,1,3,3,8,3,1,3,1,18,16,0,2
1997,"MARSHALL",27089,28,26,0,0,2,4,3,0,0,1,24,23,0,1
1998,"MARSHALL",27089,23,22,0,0,1,3,3,0,0,0,20,19,0,1
1999,"MARSHALL",27089,32,29,0,1,2,8,7,0,1,0,24,22,0,2
2000,"MARSHALL",27089,22,21,0,0,1,1,0,0,0,1,21,21,0,0
2001,"MARSHALL",27089,36,35,0,1,0,6,5,0,1,0,30,30,0,0
2002,"MARSHALL",27089,30,30,0,0,0,1,1,0,0,0,29,29,0,0
2003,"MARSHALL",27089,24,20,0,1,3,1,0,0,1,0,23,20,0,3
1990,"MARTIN",27091,37,35,0,1,1,4,3,0,1,0,33,32,0,1
1991,"MARTIN",27091,37,33,1,0,3,4,3,0,0,1,33,30,1,2
1992,"MARTIN",27091,38,32,0,1,5,8,7,0,1,0,30,25,0,5
1993,"MARTIN",27091,44,35,0,3,6,6,1,0,3,2,38,34,0,4
1994,"MARTIN",27091,25,23,0,1,1,6,5,0,1,0,19,18,0,1
1995,"MARTIN",27091,50,45,0,1,4,6,5,0,1,0,44,40,0,4
1996,"MARTIN",27091,47,42,0,0,5,4,4,0,0,0,43,38,0,5
1997,"MARTIN",27091,61,58,1,0,2,8,7,1,0,0,53,51,0,2
1998,"MARTIN",27091,53,46,0,0,7,7,6,0,0,1,46,40,0,6
1999,"MARTIN",27091,48,43,0,1,4,5,3,0,1,1,43,40,0,3
2000,"MARTIN",27091,51,48,0,0,3,10,9,0,0,1,41,39,0,2
2001,"MARTIN",27091,81,76,1,0,4,10,9,1,0,0,71,67,0,4
2002,"MARTIN",27091,59,58,0,0,1,7,7,0,0,0,52,51,0,1
2003,"MARTIN",27091,68,62,0,0,6,4,4,0,0,0,64,58,0,6
1990,"MEEKER",27093,49,43,1,1,4,8,6,1,1,0,41,37,0,4
1991,"MEEKER",27093,40,35,0,0,5,10,10,0,0,0,30,25,0,5
1992,"MEEKER",27093,45,40,0,1,4,10,8,0,1,1,35,32,0,3
1993,"MEEKER",27093,45,41,0,0,4,12,11,0,0,1,33,30,0,3
1994,"MEEKER",27093,53,39,1,2,11,11,6,1,2,2,42,33,0,9
1995,"MEEKER",27093,51,45,0,0,6,7,5,0,0,2,44,40,0,4
1996,"MEEKER",27093,65,46,2,0,17,15,12,2,0,1,50,34,0,16
1997,"MEEKER",27093,64,54,0,0,10,9,9,0,0,0,55,45,0,10
1998,"MEEKER",27093,67,53,0,1,13,14,9,0,1,4,53,44,0,9
1999,"MEEKER",27093,50,39,0,0,11,5,4,0,0,1,45,35,0,10
2000,"MEEKER",27093,43,34,0,0,9,5,4,0,0,1,38,30,0,8
2001,"MEEKER",27093,79,66,0,0,13,10,8,0,0,2,69,58,0,11
2002,"MEEKER",27093,78,59,0,1,18,8,6,0,1,1,70,53,0,17
2003,"MEEKER",27093,90,77,0,0,13,8,8,0,0,0,82,69,0,13
1990,"MILLE LACS",27095,47,38,1,1,7,9,7,1,1,0,38,31,0,7
1991,"MILLE LACS",27095,71,53,1,2,15,10,6,1,2,1,61,47,0,14
1992,"MILLE LACS",27095,75,60,1,0,14,7,4,1,0,2,68,56,0,12
1993,"MILLE LACS",27095,52,37,0,0,15,10,6,0,0,4,42,31,0,11
1994,"MILLE LACS",27095,58,44,0,0,14,6,4,0,0,2,52,40,0,12
1995,"MILLE LACS",27095,61,47,0,0,14,9,6,0,0,3,52,41,0,11
1996,"MILLE LACS",27095,91,75,0,0,16,12,10,0,0,2,79,65,0,14
1997,"MILLE LACS",27095,108,89,0,0,19,16,14,0,0,2,92,75,0,17
1998,"MILLE LACS",27095,96,72,0,1,23,12,7,0,1,4,84,65,0,19
1999,"MILLE LACS",27095,97,71,0,0,26,14,12,0,0,2,83,59,0,24
2000,"MILLE LACS",27095,77,64,0,0,13,7,4,0,0,3,70,60,0,10
2001,"MILLE LACS",27095,140,115,0,0,25,9,7,0,0,2,131,108,0,23
2002,"MILLE LACS",27095,122,102,0,0,20,10,7,0,0,3,112,95,0,17
2003,"MILLE LACS",27095,153,135,0,0,18,15,14,0,0,1,138,121,0,17
1990,"MORRISON",27097,54,45,0,0,9,12,10,0,0,2,42,35,0,7
1991,"MORRISON",27097,43,38,1,0,4,8,7,1,0,0,35,31,0,4
1992,"MORRISON",27097,60,52,0,0,8,9,8,0,0,1,51,44,0,7
1993,"MORRISON",27097,62,48,1,0,13,16,11,1,0,4,46,37,0,9
1994,"MORRISON",27097,48,32,0,1,15,9,6,0,1,2,39,26,0,13
1995,"MORRISON",27097,48,41,0,1,6,5,3,0,1,1,43,38,0,5
1996,"MORRISON",27097,79,61,0,1,17,14,8,0,1,5,65,53,0,12
1997,"MORRISON",27097,67,56,0,0,11,7,7,0,0,0,60,49,0,11
1998,"MORRISON",27097,79,62,1,0,16,9,7,1,0,1,70,55,0,15
1999,"MORRISON",27097,60,48,0,0,12,7,5,0,0,2,53,43,0,10
2000,"MORRISON",27097,75,56,0,0,19,8,5,0,0,3,67,51,0,16
2001,"MORRISON",27097,87,69,0,0,18,11,9,0,0,2,76,60,0,16
2002,"MORRISON",27097,94,80,0,0,14,9,8,0,0,1,85,72,0,13
2003,"MORRISON",27097,126,101,0,0,25,18,12,0,0,6,108,89,0,19
1990,"MOWER",27099,121,107,0,0,14,9,9,0,0,0,112,98,0,14
1991,"MOWER",27099,115,102,0,2,11,11,9,0,2,0,104,93,0,11
1992,"MOWER",27099,88,81,0,1,6,6,4,0,1,1,82,77,0,5
1993,"MOWER",27099,73,61,1,0,11,9,7,1,0,1,64,54,0,10
1994,"MOWER",27099,62,53,0,0,9,6,3,0,0,3,56,50,0,6
1995,"MOWER",27099,75,69,0,0,6,13,12,0,0,1,62,57,0,5
1996,"MOWER",27099,98,86,0,0,12,16,12,0,0,4,82,74,0,8
1997,"MOWER",27099,103,96,0,0,7,9,8,0,0,1,94,88,0,6
1998,"MOWER",27099,116,104,0,0,12,16,15,0,0,1,100,89,0,11
1999,"MOWER",27099,99,76,0,1,22,15,13,0,1,1,84,63,0,21
2000,"MOWER",27099,84,73,0,0,11,14,13,0,0,1,70,60,0,10
2001,"MOWER",27099,152,136,0,0,16,25,22,0,0,3,127,114,0,13
2002,"MOWER",27099,146,128,0,0,18,13,12,0,0,1,133,116,0,17
2003,"MOWER",27099,162,136,0,0,26,14,10,0,0,4,148,126,0,22
1990,"MURRAY",27101,10,9,0,0,1,2,2,0,0,0,8,7,0,1
1991,"MURRAY",27101,9,9,0,0,0,2,2,0,0,0,7,7,0,0
1992,"MURRAY",27101,9,9,0,0,0,0,0,0,0,0,9,9,0,0
1993,"MURRAY",27101,10,9,0,0,1,5,4,0,0,1,5,5,0,0
1994,"MURRAY",27101,9,9,0,0,0,4,4,0,0,0,5,5,0,0
1995,"MURRAY",27101,18,18,0,0,0,3,3,0,0,0,15,15,0,0
1996,"MURRAY",27101,21,20,0,0,1,4,4,0,0,0,17,16,0,1
1997,"MURRAY",27101,23,22,0,0,1,5,4,0,0,1,18,18,0,0
1998,"MURRAY",27101,12,12,0,0,0,4,4,0,0,0,8,8,0,0
1999,"MURRAY",27101,13,12,0,0,1,4,4,0,0,0,9,8,0,1
2000,"MURRAY",27101,18,17,0,0,1,4,4,0,0,0,14,13,0,1
2001,"MURRAY",27101,22,21,0,0,1,3,3,0,0,0,19,18,0,1
2002,"MURRAY",27101,14,14,0,0,0,3,3,0,0,0,11,11,0,0
2003,"MURRAY",27101,26,26,0,0,0,5,5,0,0,0,21,21,0,0
1990,"NICOLLET",27103,49,49,0,0,0,7,7,0,0,0,42,42,0,0
1991,"NICOLLET",27103,48,44,0,0,4,1,1,0,0,0,47,43,0,4
1992,"NICOLLET",27103,51,46,1,0,4,4,3,1,0,0,47,43,0,4
1993,"NICOLLET",27103,19,17,0,0,2,5,4,0,0,1,14,13,0,1
1994,"NICOLLET",27103,22,18,0,0,4,4,4,0,0,0,18,14,0,4
1995,"NICOLLET",27103,28,22,0,0,6,3,2,0,0,1,25,20,0,5
1996,"NICOLLET",27103,20,13,0,0,7,1,1,0,0,0,19,12,0,7
1997,"NICOLLET",27103,40,34,0,0,6,5,5,0,0,0,35,29,0,6
1998,"NICOLLET",27103,36,30,0,0,6,3,3,0,0,0,33,27,0,6
1999,"NICOLLET",27103,30,26,0,1,3,5,4,0,1,0,25,22,0,3
2000,"NICOLLET",27103,27,22,0,0,5,0,0,0,0,0,27,22,0,5
2001,"NICOLLET",27103,39,35,0,0,4,6,5,0,0,1,33,30,0,3
2002,"NICOLLET",27103,65,57,0,0,8,2,2,0,0,0,63,55,0,8
2003,"NICOLLET",27103,89,77,4,0,8,10,6,4,0,0,79,71,0,8
1990,"NOBLES",27105,42,39,0,0,3,10,10,0,0,0,32,29,0,3
1991,"NOBLES",27105,36,34,0,0,2,1,1,0,0,0,35,33,0,2
1992,"NOBLES",27105,37,31,0,0,6,6,5,0,0,1,31,26,0,5
1993,"NOBLES",27105,39,34,0,0,5,10,10,0,0,0,29,24,0,5
1994,"NOBLES",27105,27,21,0,0,6,2,2,0,0,0,25,19,0,6
1995,"NOBLES",27105,34,31,0,0,3,6,6,0,0,0,28,25,0,3
1996,"NOBLES",27105,40,40,0,0,0,7,7,0,0,0,33,33,0,0
1997,"NOBLES",27105,59,54,0,0,5,9,7,0,0,2,50,47,0,3
1998,"NOBLES",27105,46,44,0,0,2,11,10,0,0,1,35,34,0,1
1999,"NOBLES",27105,38,37,0,0,1,9,9,0,0,0,29,28,0,1
2000,"NOBLES",27105,35,32,0,1,2,7,5,0,1,1,28,27,0,1
2001,"NOBLES",27105,52,49,0,0,3,9,7,0,0,2,43,42,0,1
2002,"NOBLES",27105,39,39,0,0,0,6,6,0,0,0,33,33,0,0
2003,"NOBLES",27105,45,42,0,0,3,4,4,0,0,0,41,38,0,3
1990,"NORMAN",27107,12,9,0,2,1,4,2,0,2,0,8,7,0,1
1991,"NORMAN",27107,10,10,0,0,0,3,3,0,0,0,7,7,0,0
1992,"NORMAN",27107,9,8,0,0,1,2,1,0,0,1,7,7,0,0
1993,"NORMAN",27107,10,9,0,0,1,1,0,0,0,1,9,9,0,0
1994,"NORMAN",27107,6,4,1,0,1,2,1,1,0,0,4,3,0,1
1995,"NORMAN",27107,12,12,0,0,0,4,4,0,0,0,8,8,0,0
1996,"NORMAN",27107,25,21,0,1,3,6,3,0,1,2,19,18,0,1
1997,"NORMAN",27107,11,11,0,0,0,0,0,0,0,0,11,11,0,0
1998,"NORMAN",27107,15,15,0,0,0,3,3,0,0,0,12,12,0,0
1999,"NORMAN",27107,14,12,0,0,2,2,2,0,0,0,12,10,0,2
2000,"NORMAN",27107,26,22,0,1,3,6,4,0,1,1,20,18,0,2
2001,"NORMAN",27107,22,21,0,0,1,2,2,0,0,0,20,19,0,1
2002,"NORMAN",27107,30,24,0,1,5,3,2,0,1,0,27,22,0,5
2003,"NORMAN",27107,26,25,0,0,1,1,1,0,0,0,25,24,0,1
1990,"OLMSTED",27109,233,209,2,0,22,34,30,2,0,2,199,179,0,20
1991,"OLMSTED",27109,241,209,1,0,31,20,16,1,0,3,221,193,0,28
1992,"OLMSTED",27109,243,220,0,0,23,8,6,0,0,2,235,214,0,21
1993,"OLMSTED",27109,205,157,5,0,43,36,23,5,0,8,169,134,0,35
1994,"OLMSTED",27109,202,171,0,0,31,26,21,0,0,5,176,150,0,26
1995,"OLMSTED",27109,249,220,0,0,29,41,36,0,0,5,208,184,0,24
1996,"OLMSTED",27109,311,256,0,0,55,47,39,0,0,8,264,217,0,47
1997,"OLMSTED",27109,336,299,0,0,37,50,44,0,0,6,286,255,0,31
1998,"OLMSTED",27109,276,229,0,0,47,38,32,0,0,6,238,197,0,41
1999,"OLMSTED",27109,240,211,0,0,29,16,15,0,0,1,224,196,0,28
2000,"OLMSTED",27109,209,182,1,0,26,27,22,1,0,4,182,160,0,22
2001,"OLMSTED",27109,273,237,0,0,36,46,39,0,0,7,227,198,0,29
2002,"OLMSTED",27109,333,289,0,0,44,54,48,0,0,6,279,241,0,38
2003,"OLMSTED",27109,349,306,0,0,43,32,31,0,0,1,317,275,0,42
1990,"OTTER TAIL",27111,56,47,1,5,3,22,14,1,5,2,34,33,0,1
1991,"OTTER TAIL",27111,74,68,0,0,6,27,24,0,0,3,47,44,0,3
1992,"OTTER TAIL",27111,78,70,1,1,6,31,27,1,1,2,47,43,0,4
1993,"OTTER TAIL",27111,58,51,0,2,5,12,9,0,2,1,46,42,0,4
1994,"OTTER TAIL",27111,69,60,0,4,5,15,11,0,4,0,54,49,0,5
1995,"OTTER TAIL",27111,83,73,0,3,7,13,7,0,3,3,70,66,0,4
1996,"OTTER TAIL",27111,106,100,1,1,4,9,7,1,1,0,97,93,0,4
1997,"OTTER TAIL",27111,130,122,0,4,4,24,19,0,4,1,106,103,0,3
1998,"OTTER TAIL",27111,125,116,0,0,9,16,13,0,0,3,109,103,0,6
1999,"OTTER TAIL",27111,96,86,0,0,10,11,9,0,0,2,85,77,0,8
2000,"OTTER TAIL",27111,102,95,0,1,6,11,8,0,1,2,91,87,0,4
2001,"OTTER TAIL",27111,141,136,0,1,4,12,11,0,1,0,129,125,0,4
2002,"OTTER TAIL",27111,167,163,0,0,4,18,18,0,0,0,149,145,0,4
2003,"OTTER TAIL",27111,184,168,0,5,11,16,8,0,5,3,168,160,0,8
1990,"PENNINGTON",27113,25,25,0,0,0,7,7,0,0,0,18,18,0,0
1991,"PENNINGTON",27113,32,30,0,2,0,9,7,0,2,0,23,23,0,0
1992,"PENNINGTON",27113,25,21,2,1,1,6,3,2,1,0,19,18,0,1
1993,"PENNINGTON",27113,22,20,0,2,0,5,3,0,2,0,17,17,0,0
1994,"PENNINGTON",27113,25,22,0,2,1,4,2,0,2,0,21,20,0,1
1995,"PENNINGTON",27113,24,23,0,1,0,2,1,0,1,0,22,22,0,0
1996,"PENNINGTON",27113,33,33,0,0,0,6,6,0,0,0,27,27,0,0
1997,"PENNINGTON",27113,46,43,0,2,1,10,8,0,2,0,36,35,0,1
1998,"PENNINGTON",27113,55,49,0,1,5,5,3,0,1,1,50,46,0,4
1999,"PENNINGTON",27113,39,36,0,0,3,4,4,0,0,0,35,32,0,3
2000,"PENNINGTON",27113,34,28,1,0,5,2,0,1,0,1,32,28,0,4
2001,"PENNINGTON",27113,52,51,1,0,0,4,3,1,0,0,48,48,0,0
2002,"PENNINGTON",27113,53,50,0,0,3,0,0,0,0,0,53,50,0,3
2003,"PENNINGTON",27113,45,38,0,1,6,3,2,0,1,0,42,36,0,6
1990,"PINE",27115,51,41,0,0,10,11,9,0,0,2,40,32,0,8
1991,"PINE",27115,66,53,0,0,13,9,7,0,0,2,57,46,0,11
1992,"PINE",27115,63,55,0,0,8,8,7,0,0,1,55,48,0,7
1993,"PINE",27115,71,60,0,1,10,9,6,0,1,2,62,54,0,8
1994,"PINE",27115,75,56,0,0,19,14,10,0,0,4,61,46,0,15
1995,"PINE",27115,71,47,0,0,24,8,6,0,0,2,63,41,0,22
1996,"PINE",27115,75,64,1,0,10,9,7,1,0,1,66,57,0,9
1997,"PINE",27115,110,88,0,0,22,12,9,0,0,3,98,79,0,19
1998,"PINE",27115,117,90,1,0,26,6,3,1,0,2,111,87,0,24
1999,"PINE",27115,101,82,0,0,19,4,4,0,0,0,97,78,0,19
2000,"PINE",27115,70,59,0,1,10,4,3,0,1,0,66,56,0,10
2001,"PINE",27115,126,104,0,0,22,7,5,0,0,2,119,99,0,20
2002,"PINE",27115,138,108,0,0,30,9,7,0,0,2,129,101,0,28
2003,"PINE",27115,145,129,0,0,16,8,7,0,0,1,137,122,0,15
1990,"PIPESTONE",27117,11,9,0,0,2,3,1,0,0,2,8,8,0,0
1991,"PIPESTONE",27117,9,8,0,0,1,1,1,0,0,0,8,7,0,1
1992,"PIPESTONE",27117,13,12,0,0,1,4,3,0,0,1,9,9,0,0
1993,"PIPESTONE",27117,11,11,0,0,0,4,4,0,0,0,7,7,0,0
1994,"PIPESTONE",27117,13,13,0,0,0,5,5,0,0,0,8,8,0,0
1995,"PIPESTONE",27117,21,20,0,0,1,7,7,0,0,0,14,13,0,1
1996,"PIPESTONE",27117,14,13,0,0,1,7,6,0,0,1,7,7,0,0
1997,"PIPESTONE",27117,32,28,0,2,2,12,9,0,2,1,20,19,0,1
1998,"PIPESTONE",27117,26,26,0,0,0,5,5,0,0,0,21,21,0,0
1999,"PIPESTONE",27117,13,13,0,0,0,3,3,0,0,0,10,10,0,0
2000,"PIPESTONE",27117,16,16,0,0,0,3,3,0,0,0,13,13,0,0
2001,"PIPESTONE",27117,43,43,0,0,0,11,11,0,0,0,32,32,0,0
2002,"PIPESTONE",27117,38,37,0,0,1,12,12,0,0,0,26,25,0,1
2003,"PIPESTONE",27117,35,35,0,0,0,7,7,0,0,0,28,28,0,0
1990,"POLK",27119,33,29,2,0,2,14,12,2,0,0,19,17,0,2
1991,"POLK",27119,44,41,1,0,2,18,17,1,0,0,26,24,0,2
1992,"POLK",27119,54,50,4,0,0,10,6,4,0,0,44,44,0,0
1993,"POLK",27119,39,38,0,0,1,8,8,0,0,0,31,30,0,1
1994,"POLK",27119,61,54,1,1,5,11,9,1,1,0,50,45,0,5
1995,"POLK",27119,38,35,1,0,2,3,2,1,0,0,35,33,0,2
1996,"POLK",27119,73,64,2,3,4,17,11,2,3,1,56,53,0,3
1997,"POLK",27119,74,66,1,5,2,16,10,1,5,0,58,56,0,2
1998,"POLK",27119,82,74,1,2,5,10,6,1,2,1,72,68,0,4
1999,"POLK",27119,73,66,1,2,4,11,8,1,2,0,62,58,0,4
2000,"POLK",27119,84,80,0,1,3,10,8,0,1,1,74,72,0,2
2001,"POLK",27119,84,82,0,0,2,9,9,0,0,0,75,73,0,2
2002,"POLK",27119,97,90,0,0,7,7,7,0,0,0,90,83,0,7
2003,"POLK",27119,120,115,1,1,3,9,7,1,1,0,111,108,0,3
1990,"POPE",27121,15,14,0,0,1,5,4,0,0,1,10,10,0,0
1991,"POPE",27121,19,17,0,0,2,4,4,0,0,0,15,13,0,2
1992,"POPE",27121,27,25,1,0,1,10,9,1,0,0,17,16,0,1
1993,"POPE",27121,15,10,0,1,4,6,4,0,1,1,9,6,0,3
1994,"POPE",27121,15,14,0,1,0,5,4,0,1,0,10,10,0,0
1995,"POPE",27121,13,13,0,0,0,3,3,0,0,0,10,10,0,0
1996,"POPE",27121,26,24,0,1,1,6,4,0,1,1,20,20,0,0
1997,"POPE",27121,30,24,0,0,6,5,3,0,0,2,25,21,0,4
1998,"POPE",27121,21,15,0,0,6,3,2,0,0,1,18,13,0,5
1999,"POPE",27121,19,16,0,1,2,4,3,0,1,0,15,13,0,2
2000,"POPE",27121,17,14,0,0,3,0,0,0,0,0,17,14,0,3
2001,"POPE",27121,20,18,0,0,2,4,3,0,0,1,16,15,0,1
2002,"POPE",27121,31,30,0,0,1,5,5,0,0,0,26,25,0,1
2003,"POPE",27121,37,33,0,1,3,6,4,0,1,1,31,29,0,2
1990,"RAMSEY",27123,2193,1501,29,0,663,203,137,29,0,37,1990,1364,0,626
1991,"RAMSEY",27123,2589,1737,34,0,818,194,117,33,0,44,2395,1620,1,774
1992,"RAMSEY",27123,2414,1614,23,0,777,147,99,22,0,26,2267,1515,1,751
1993,"RAMSEY",27123,2195,1421,19,0,755,281,187,19,0,75,1914,1234,0,680
1994,"RAMSEY",27123,2104,1343,20,0,741,226,139,20,0,67,1878,1204,0,674
1995,"RAMSEY",27123,2216,1402,18,0,796,212,130,18,0,64,2004,1272,0,732
1996,"RAMSEY",27123,2440,1704,13,0,723,223,144,13,0,66,2217,1560,0,657
1997,"RAMSEY",27123,2770,1937,6,0,827,257,182,6,0,69,2513,1755,0,758
1998,"RAMSEY",27123,2486,1770,1,0,715,171,116,1,0,54,2315,1654,0,661
1999,"RAMSEY",27123,2083,1564,3,0,516,133,105,3,0,25,1950,1459,0,491
2000,"RAMSEY",27123,1963,1452,4,0,507,135,97,4,0,34,1828,1355,0,473
2001,"RAMSEY",27123,2261,1725,5,0,531,164,129,5,0,30,2097,1596,0,501
2002,"RAMSEY",27123,2216,1703,6,0,507,186,133,6,0,47,2030,1570,0,460
2003,"RAMSEY",27123,2317,1842,6,0,469,151,112,6,0,33,2166,1730,0,436
1990,"RED LAKE",27125,7,7,0,0,0,5,5,0,0,0,2,2,0,0
1991,"RED LAKE",27125,9,8,0,1,0,3,2,0,1,0,6,6,0,0
1992,"RED LAKE",27125,2,1,1,0,0,1,0,1,0,0,1,1,0,0
1993,"RED LAKE",27125,6,5,0,1,0,3,2,0,1,0,3,3,0,0
1994,"RED LAKE",27125,3,2,1,0,0,3,2,1,0,0,0,0,0,0
1995,"RED LAKE",27125,10,7,2,0,1,5,2,2,0,1,5,5,0,0
1996,"RED LAKE",27125,10,8,0,1,1,4,3,0,1,0,6,5,0,1
1997,"RED LAKE",27125,5,4,0,1,0,1,0,0,1,0,4,4,0,0
1998,"RED LAKE",27125,8,8,0,0,0,2,2,0,0,0,6,6,0,0
1999,"RED LAKE",27125,11,11,0,0,0,0,0,0,0,0,11,11,0,0
2000,"RED LAKE",27125,9,8,0,0,1,1,1,0,0,0,8,7,0,1
2001,"RED LAKE",27125,12,10,0,0,2,0,0,0,0,0,12,10,0,2
2002,"RED LAKE",27125,10,10,0,0,0,0,0,0,0,0,10,10,0,0
2003,"RED LAKE",27125,17,15,0,0,2,1,1,0,0,0,16,14,0,2
1990,"REDWOOD",27127,24,22,0,0,2,11,11,0,0,0,13,11,0,2
1991,"REDWOOD",27127,24,22,0,1,1,1,0,0,1,0,23,22,0,1
1992,"REDWOOD",27127,20,17,0,1,2,6,5,0,1,0,14,12,0,2
1993,"REDWOOD",27127,25,24,0,0,1,8,8,0,0,0,17,16,0,1
1994,"REDWOOD",27127,16,14,0,0,2,2,2,0,0,0,14,12,0,2
1995,"REDWOOD",27127,25,23,0,0,2,6,5,0,0,1,19,18,0,1
1996,"REDWOOD",27127,20,20,0,0,0,3,3,0,0,0,17,17,0,0
1997,"REDWOOD",27127,45,34,0,1,10,10,7,0,1,2,35,27,0,8
1998,"REDWOOD",27127,37,32,0,0,5,6,5,0,0,1,31,27,0,4
1999,"REDWOOD",27127,32,27,0,0,5,4,4,0,0,0,28,23,0,5
2000,"REDWOOD",27127,31,26,0,0,5,6,4,0,0,2,25,22,0,3
2001,"REDWOOD",27127,25,19,0,0,6,7,5,0,0,2,18,14,0,4
2002,"REDWOOD",27127,43,40,0,0,3,5,5,0,0,0,38,35,0,3
2003,"REDWOOD",27127,66,58,0,0,8,5,5,0,0,0,61,53,0,8
1990,"RENVILLE",27129,20,18,1,0,1,6,5,1,0,0,14,13,0,1
1991,"RENVILLE",27129,35,30,0,0,5,6,6,0,0,0,29,24,0,5
1992,"RENVILLE",27129,30,24,1,0,5,6,3,1,0,2,24,21,0,3
1993,"RENVILLE",27129,38,33,1,1,3,14,12,1,1,0,24,21,0,3
1994,"RENVILLE",27129,37,31,0,0,6,9,8,0,0,1,28,23,0,5
1995,"RENVILLE",27129,32,26,0,0,6,8,7,0,0,1,24,19,0,5
1996,"RENVILLE",27129,38,27,0,0,11,9,7,0,0,2,29,20,0,9
1997,"RENVILLE",27129,41,33,0,1,7,7,5,0,1,1,34,28,0,6
1998,"RENVILLE",27129,47,40,0,0,7,14,14,0,0,0,33,26,0,7
1999,"RENVILLE",27129,40,29,1,2,8,11,7,1,2,1,29,22,0,7
2000,"RENVILLE",27129,33,26,0,0,7,6,4,0,0,2,27,22,0,5
2001,"RENVILLE",27129,51,44,0,0,7,11,8,0,0,3,40,36,0,4
2002,"RENVILLE",27129,48,41,0,0,7,7,7,0,0,0,41,34,0,7
2003,"RENVILLE",27129,66,59,0,0,7,4,4,0,0,0,62,55,0,7
1990,"RICE",27131,109,86,0,0,23,9,9,0,0,0,100,77,0,23
1991,"RICE",27131,123,95,3,0,25,12,9,3,0,0,111,86,0,25
1992,"RICE",27131,129,116,0,0,13,10,9,0,0,1,119,107,0,12
1993,"RICE",27131,117,96,0,0,21,12,11,0,0,1,105,85,0,20
1994,"RICE",27131,131,93,0,0,38,11,7,0,0,4,120,86,0,34
1995,"RICE",27131,147,105,1,0,41,17,15,1,0,1,130,90,0,40
1996,"RICE",27131,155,99,2,0,54,18,12,2,0,4,137,87,0,50
1997,"RICE",27131,200,146,0,0,54,22,16,0,0,6,178,130,0,48
1998,"RICE",27131,176,139,0,0,37,18,16,0,0,2,158,123,0,35
1999,"RICE",27131,163,123,0,0,40,16,11,0,0,5,147,112,0,35
2000,"RICE",27131,149,117,0,0,32,7,5,0,0,2,142,112,0,30
2001,"RICE",27131,171,154,1,0,16,17,15,1,0,1,154,139,0,15
2002,"RICE",27131,165,148,0,0,17,19,17,0,0,2,146,131,0,15
2003,"RICE",27131,183,165,0,0,18,15,13,0,0,2,168,152,0,16
1990,"ROCK",27133,11,11,0,0,0,5,5,0,0,0,6,6,0,0
1991,"ROCK",27133,16,16,0,0,0,4,4,0,0,0,12,12,0,0
1992,"ROCK",27133,11,11,0,0,0,0,0,0,0,0,11,11,0,0
1993,"ROCK",27133,16,15,0,0,1,6,5,0,0,1,10,10,0,0
1994,"ROCK",27133,10,10,0,0,0,5,5,0,0,0,5,5,0,0
1995,"ROCK",27133,11,9,0,0,2,1,1,0,0,0,10,8,0,2
1996,"ROCK",27133,12,10,0,0,2,1,0,0,0,1,11,10,0,1
1997,"ROCK",27133,18,15,0,0,3,4,3,0,0,1,14,12,0,2
1998,"ROCK",27133,14,14,0,0,0,4,4,0,0,0,10,10,0,0
1999,"ROCK",27133,19,19,0,0,0,1,1,0,0,0,18,18,0,0
2000,"ROCK",27133,9,8,0,0,1,5,4,0,0,1,4,4,0,0
2001,"ROCK",27133,24,23,0,0,1,8,8,0,0,0,16,15,0,1
2002,"ROCK",27133,22,20,0,0,2,3,3,0,0,0,19,17,0,2
2003,"ROCK",27133,30,27,0,0,3,4,3,0,0,1,26,24,0,2
1990,"ROSEAU",27135,21,17,0,1,3,8,6,0,1,1,13,11,0,2
1991,"ROSEAU",27135,21,20,0,1,0,7,6,0,1,0,14,14,0,0
1992,"ROSEAU",27135,26,24,0,0,2,5,3,0,0,2,21,21,0,0
1993,"ROSEAU",27135,26,22,2,0,2,6,4,2,0,0,20,18,0,2
1994,"ROSEAU",27135,28,24,0,0,4,4,2,0,0,2,24,22,0,2
1995,"ROSEAU",27135,29,26,0,1,2,4,3,0,1,0,25,23,0,2
1996,"ROSEAU",27135,47,45,0,1,1,7,6,0,1,0,40,39,0,1
1997,"ROSEAU",27135,43,42,0,1,0,4,3,0,1,0,39,39,0,0
1998,"ROSEAU",27135,48,43,0,1,4,6,3,0,1,2,42,40,0,2
1999,"ROSEAU",27135,48,45,0,0,3,2,2,0,0,0,46,43,0,3
2000,"ROSEAU",27135,55,51,1,1,2,6,4,1,1,0,49,47,0,2
2001,"ROSEAU",27135,45,43,0,1,1,5,4,0,1,0,40,39,0,1
2002,"ROSEAU",27135,46,46,0,0,0,1,1,0,0,0,45,45,0,0
2003,"ROSEAU",27135,67,60,0,2,5,2,0,0,2,0,65,60,0,5
1990,"ST LOUIS",27137,331,312,2,0,17,49,46,2,0,1,282,266,0,16
1991,"ST LOUIS",27137,368,345,5,0,18,61,56,5,0,0,307,289,0,18
1992,"ST LOUIS",27137,349,329,1,0,19,34,30,1,0,3,315,299,0,16
1993,"ST LOUIS",27137,300,284,1,0,15,30,27,1,0,2,270,257,0,13
1994,"ST LOUIS",27137,292,281,2,0,9,25,21,2,0,2,267,260,0,7
1995,"ST LOUIS",27137,359,334,1,0,24,30,23,1,0,6,329,311,0,18
1996,"ST LOUIS",27137,612,556,2,0,54,33,31,2,0,0,579,525,0,54
1997,"ST LOUIS",27137,776,679,1,0,96,44,33,1,0,10,732,646,0,86
1998,"ST LOUIS",27137,770,651,1,0,118,50,39,1,0,10,720,612,0,108
1999,"ST LOUIS",27137,652,567,2,0,83,42,29,2,0,11,610,538,0,72
2000,"ST LOUIS",27137,586,521,0,0,65,20,16,0,0,4,566,505,0,61
2001,"ST LOUIS",27137,717,641,0,0,76,33,30,0,0,3,684,611,0,73
2002,"ST LOUIS",27137,692,611,5,0,76,47,34,5,0,8,645,577,0,68
2003,"ST LOUIS",27137,748,653,5,0,90,44,33,5,0,6,704,620,0,84
1990,"SCOTT",27139,236,181,4,0,51,37,26,4,0,7,199,155,0,44
1991,"SCOTT",27139,240,181,0,0,59,21,16,0,0,5,219,165,0,54
1992,"SCOTT",27139,251,174,2,0,75,20,14,2,0,4,231,160,0,71
1993,"SCOTT",27139,223,160,1,0,62,25,19,1,0,5,198,141,0,57
1994,"SCOTT",27139,214,152,3,0,59,38,23,3,0,12,176,129,0,47
1995,"SCOTT",27139,228,163,1,0,64,32,24,1,0,7,196,139,0,57
1996,"SCOTT",27139,285,190,0,0,95,40,31,0,0,9,245,159,0,86
1997,"SCOTT",27139,287,206,0,0,81,37,28,0,0,9,250,178,0,72
1998,"SCOTT",27139,283,229,0,0,54,28,27,0,0,1,255,202,0,53
1999,"SCOTT",27139,256,190,1,0,65,28,20,1,0,7,228,170,0,58
2000,"SCOTT",27139,248,203,2,1,42,29,21,2,1,5,219,182,0,37
2001,"SCOTT",27139,324,266,1,0,57,43,33,1,0,9,281,233,0,48
2002,"SCOTT",27139,376,318,0,0,58,54,46,0,0,8,322,272,0,50
2003,"SCOTT",27139,399,318,2,0,79,49,36,2,0,11,350,282,0,68
1990,"SHERBURNE",27141,191,137,1,1,52,21,18,1,1,1,170,119,0,51
1991,"SHERBURNE",27141,191,138,1,1,51,15,8,1,1,5,176,130,0,46
1992,"SHERBURNE",27141,215,163,0,1,51,17,14,0,1,2,198,149,0,49
1993,"SHERBURNE",27141,170,119,1,0,50,27,22,1,0,4,143,97,0,46
1994,"SHERBURNE",27141,165,115,0,0,50,26,18,0,0,8,139,97,0,42
1995,"SHERBURNE",27141,163,113,0,0,50,23,21,0,0,2,140,92,0,48
1996,"SHERBURNE",27141,270,186,0,0,84,40,25,0,0,15,230,161,0,69
1997,"SHERBURNE",27141,265,203,0,0,62,27,21,0,0,6,238,182,0,56
1998,"SHERBURNE",27141,279,218,1,0,60,37,27,1,0,9,242,191,0,51
1999,"SHERBURNE",27141,237,180,0,0,57,27,21,0,0,6,210,159,0,51
2000,"SHERBURNE",27141,263,200,2,0,61,27,20,2,0,5,236,180,0,56
2001,"SHERBURNE",27141,319,265,0,0,54,33,31,0,0,2,286,234,0,52
2002,"SHERBURNE",27141,352,290,0,0,62,27,23,0,0,4,325,267,0,58
2003,"SHERBURNE",27141,404,325,0,0,79,21,18,0,0,3,383,307,0,76
1990,"SIBLEY",27143,19,13,0,1,5,5,3,0,1,1,14,10,0,4
1991,"SIBLEY",27143,19,17,0,0,2,2,2,0,0,0,17,15,0,2
1992,"SIBLEY",27143,22,19,0,1,2,2,1,0,1,0,20,18,0,2
1993,"SIBLEY",27143,26,20,0,0,6,5,5,0,0,0,21,15,0,6
1994,"SIBLEY",27143,23,19,0,0,4,4,4,0,0,0,19,15,0,4
1995,"SIBLEY",27143,27,18,1,1,7,9,6,1,1,1,18,12,0,6
1996,"SIBLEY",27143,29,26,0,0,3,9,9,0,0,0,20,17,0,3
1997,"SIBLEY",27143,29,22,0,0,7,3,2,0,0,1,26,20,0,6
1998,"SIBLEY",27143,25,19,0,0,6,2,1,0,0,1,23,18,0,5
1999,"SIBLEY",27143,31,26,0,0,5,3,3,0,0,0,28,23,0,5
2000,"SIBLEY",27143,30,25,0,0,5,8,6,0,0,2,22,19,0,3
2001,"SIBLEY",27143,44,33,1,0,10,8,4,1,0,3,36,29,0,7
2002,"SIBLEY",27143,32,27,0,0,5,4,3,0,0,1,28,24,0,4
2003,"SIBLEY",27143,58,52,0,1,5,9,8,0,1,0,49,44,0,5
1990,"STEARNS",27145,194,146,8,1,39,49,34,8,1,6,145,112,0,33
1991,"STEARNS",27145,242,195,8,2,37,45,31,8,2,4,197,164,0,33
1992,"STEARNS",27145,183,161,1,3,18,36,31,1,3,1,147,130,0,17
1993,"STEARNS",27145,234,189,2,1,42,39,31,2,1,5,195,158,0,37
1994,"STEARNS",27145,231,149,6,1,75,44,24,6,1,13,187,125,0,62
1995,"STEARNS",27145,277,196,3,1,77,46,29,3,1,13,231,167,0,64
1996,"STEARNS",27145,374,275,0,3,96,40,22,0,3,15,334,253,0,81
1997,"STEARNS",27145,442,329,0,0,113,35,22,0,0,13,407,307,0,100
1998,"STEARNS",27145,441,363,1,0,77,33,25,1,0,7,408,338,0,70
1999,"STEARNS",27145,315,251,1,2,61,40,27,1,2,10,275,224,0,51
2000,"STEARNS",27145,323,251,1,0,71,28,18,1,0,9,295,233,0,62
2001,"STEARNS",27145,430,357,3,0,70,26,17,3,0,6,404,340,0,64
2002,"STEARNS",27145,487,417,1,1,68,27,23,1,1,2,460,394,0,66
2003,"STEARNS",27145,482,411,0,1,70,24,21,0,1,2,458,390,0,68
1990,"STEELE",27147,63,52,1,1,9,9,7,1,1,0,54,45,0,9
1991,"STEELE",27147,85,69,0,1,15,11,9,0,1,1,74,60,0,14
1992,"STEELE",27147,70,62,0,0,8,6,5,0,0,1,64,57,0,7
1993,"STEELE",27147,63,52,0,0,11,9,9,0,0,0,54,43,0,11
1994,"STEELE",27147,83,70,0,0,13,12,10,0,0,2,71,60,0,11
1995,"STEELE",27147,77,58,1,0,18,11,9,1,0,1,66,49,0,17
1996,"STEELE",27147,91,60,1,0,30,7,4,1,0,2,84,56,0,28
1997,"STEELE",27147,96,75,0,0,21,14,13,0,0,1,82,62,0,20
1998,"STEELE",27147,107,81,0,0,26,6,5,0,0,1,101,76,0,25
1999,"STEELE",27147,83,64,0,0,19,9,7,0,0,2,74,57,0,17
2000,"STEELE",27147,77,67,1,0,9,3,2,1,0,0,74,65,0,9
2001,"STEELE",27147,96,83,1,0,12,19,15,1,0,3,77,68,0,9
2002,"STEELE",27147,113,104,0,0,9,10,10,0,0,0,103,94,0,9
2003,"STEELE",27147,150,131,0,1,18,16,13,0,1,2,134,118,0,16
1990,"STEVENS",27149,7,7,0,0,0,3,3,0,0,0,4,4,0,0
1991,"STEVENS",27149,9,8,0,0,1,3,3,0,0,0,6,5,0,1
1992,"STEVENS",27149,5,5,0,0,0,1,1,0,0,0,4,4,0,0
1993,"STEVENS",27149,7,7,0,0,0,2,2,0,0,0,5,5,0,0
1994,"STEVENS",27149,10,8,0,1,1,4,2,0,1,1,6,6,0,0
1995,"STEVENS",27149,16,14,0,0,2,4,4,0,0,0,12,10,0,2
1996,"STEVENS",27149,15,14,0,1,0,3,2,0,1,0,12,12,0,0
1997,"STEVENS",27149,10,10,0,0,0,2,2,0,0,0,8,8,0,0
1998,"STEVENS",27149,21,20,0,0,1,2,2,0,0,0,19,18,0,1
1999,"STEVENS",27149,11,11,0,0,0,2,2,0,0,0,9,9,0,0
2000,"STEVENS",27149,11,9,0,0,2,3,3,0,0,0,8,6,0,2
2001,"STEVENS",27149,29,27,0,0,2,4,4,0,0,0,25,23,0,2
2002,"STEVENS",27149,20,20,0,0,0,1,1,0,0,0,19,19,0,0
2003,"STEVENS",27149,16,15,0,0,1,1,1,0,0,0,15,14,0,1
1990,"SWIFT",27151,10,8,0,0,2,3,3,0,0,0,7,5,0,2
1991,"SWIFT",27151,15,14,0,1,0,4,3,0,1,0,11,11,0,0
1992,"SWIFT",27151,12,9,0,2,1,2,0,0,2,0,10,9,0,1
1993,"SWIFT",27151,17,15,1,0,1,5,4,1,0,0,12,11,0,1
1994,"SWIFT",27151,15,14,0,0,1,2,2,0,0,0,13,12,0,1
1995,"SWIFT",27151,13,8,2,0,3,6,4,2,0,0,7,4,0,3
1996,"SWIFT",27151,19,16,0,1,2,5,4,0,1,0,14,12,0,2
1997,"SWIFT",27151,24,20,0,1,3,5,4,0,1,0,19,16,0,3
1998,"SWIFT",27151,24,22,0,0,2,2,2,0,0,0,22,20,0,2
1999,"SWIFT",27151,25,21,0,1,3,4,3,0,1,0,21,18,0,3
2000,"SWIFT",27151,25,23,0,0,2,1,1,0,0,0,24,22,0,2
2001,"SWIFT",27151,25,23,0,0,2,4,3,0,0,1,21,20,0,1
2002,"SWIFT",27151,39,36,0,1,2,5,3,0,1,1,34,33,0,1
2003,"SWIFT",27151,35,30,0,0,5,4,3,0,0,1,31,27,0,4
1990,"TODD",27153,45,38,5,0,2,19,13,5,0,1,26,25,0,1
1991,"TODD",27153,36,30,1,3,2,12,7,1,3,1,24,23,0,1
1992,"TODD",27153,41,32,0,3,6,11,6,0,3,2,30,26,0,4
1993,"TODD",27153,27,22,0,1,4,7,4,0,1,2,20,18,0,2
1994,"TODD",27153,25,21,1,1,2,7,5,1,1,0,18,16,0,2
1995,"TODD",27153,26,20,0,0,6,10,7,0,0,3,16,13,0,3
1996,"TODD",27153,50,46,0,0,4,12,11,0,0,1,38,35,0,3
1997,"TODD",27153,74,62,0,3,9,15,9,0,3,3,59,53,0,6
1998,"TODD",27153,65,60,0,1,4,5,4,0,1,0,60,56,0,4
1999,"TODD",27153,57,55,0,0,2,4,4,0,0,0,53,51,0,2
2000,"TODD",27153,51,41,0,1,9,7,5,0,1,1,44,36,0,8
2001,"TODD",27153,67,58,0,0,9,10,9,0,0,1,57,49,0,8
2002,"TODD",27153,71,61,0,0,10,7,6,0,0,1,64,55,0,9
2003,"TODD",27153,102,94,0,1,7,6,3,0,1,2,96,91,0,5
1990,"TRAVERSE",27155,5,3,1,1,0,3,1,1,1,0,2,2,0,0
1991,"TRAVERSE",27155,2,2,0,0,0,0,0,0,0,0,2,2,0,0
1992,"TRAVERSE",27155,6,6,0,0,0,4,4,0,0,0,2,2,0,0
1993,"TRAVERSE",27155,2,2,0,0,0,1,1,0,0,0,1,1,0,0
1994,"TRAVERSE",27155,3,3,0,0,0,3,3,0,0,0,0,0,0,0
1995,"TRAVERSE",27155,3,2,0,1,0,2,1,0,1,0,1,1,0,0
1996,"TRAVERSE",27155,8,4,0,3,1,4,0,0,3,1,4,4,0,0
1997,"TRAVERSE",27155,6,6,0,0,0,0,0,0,0,0,6,6,0,0
1998,"TRAVERSE",27155,6,5,0,0,1,2,2,0,0,0,4,3,0,1
1999,"TRAVERSE",27155,11,11,0,0,0,3,3,0,0,0,8,8,0,0
2000,"TRAVERSE",27155,11,11,0,0,0,4,4,0,0,0,7,7,0,0
2001,"TRAVERSE",27155,7,6,0,0,1,0,0,0,0,0,7,6,0,1
2002,"TRAVERSE",27155,8,8,0,0,0,0,0,0,0,0,8,8,0,0
2003,"TRAVERSE",27155,6,6,0,0,0,0,0,0,0,0,6,6,0,0
1990,"WABASHA",27157,39,34,0,0,5,6,5,0,0,1,33,29,0,4
1991,"WABASHA",27157,43,39,0,0,4,6,6,0,0,0,37,33,0,4
1992,"WABASHA",27157,50,38,1,1,10,13,8,1,1,3,37,30,0,7
1993,"WABASHA",27157,34,28,0,0,6,10,10,0,0,0,24,18,0,6
1994,"WABASHA",27157,29,22,0,0,7,5,4,0,0,1,24,18,0,6
1995,"WABASHA",27157,32,25,0,1,6,13,10,0,1,2,19,15,0,4
1996,"WABASHA",27157,60,47,0,0,13,13,10,0,0,3,47,37,0,10
1997,"WABASHA",27157,61,56,2,0,3,15,12,2,0,1,46,44,0,2
1998,"WABASHA",27157,46,37,0,0,9,5,4,0,0,1,41,33,0,8
1999,"WABASHA",27157,36,29,0,0,7,4,4,0,0,0,32,25,0,7
2000,"WABASHA",27157,55,49,0,0,6,10,8,0,0,2,45,41,0,4
2001,"WABASHA",27157,53,44,0,0,9,11,8,0,0,3,42,36,0,6
2002,"WABASHA",27157,56,52,0,0,4,10,10,0,0,0,46,42,0,4
2003,"WABASHA",27157,80,76,0,0,4,8,7,0,0,1,72,69,0,3
1990,"WADENA",27159,17,15,1,0,1,3,1,1,0,1,14,14,0,0
1991,"WADENA",27159,22,19,0,0,3,6,5,0,0,1,16,14,0,2
1992,"WADENA",27159,19,19,0,0,0,4,4,0,0,0,15,15,0,0
1993,"WADENA",27159,17,16,0,0,1,4,4,0,0,0,13,12,0,1
1994,"WADENA",27159,34,28,0,0,6,3,3,0,0,0,31,25,0,6
1995,"WADENA",27159,28,26,0,0,2,4,3,0,0,1,24,23,0,1
1996,"WADENA",27159,36,31,0,0,5,6,5,0,0,1,30,26,0,4
1997,"WADENA",27159,40,36,0,1,3,6,3,0,1,2,34,33,0,1
1998,"WADENA",27159,33,29,0,0,4,5,3,0,0,2,28,26,0,2
1999,"WADENA",27159,29,27,0,1,1,5,4,0,1,0,24,23,0,1
2000,"WADENA",27159,33,30,0,0,3,5,3,0,0,2,28,27,0,1
2001,"WADENA",27159,42,41,0,0,1,4,4,0,0,0,38,37,0,1
2002,"WADENA",27159,53,51,0,0,2,5,4,0,0,1,48,47,0,1
2003,"WADENA",27159,54,48,0,0,6,4,1,0,0,3,50,47,0,3
1990,"WASECA",27161,31,28,0,0,3,8,8,0,0,0,23,20,0,3
1991,"WASECA",27161,38,36,1,0,1,4,3,1,0,0,34,33,0,1
1992,"WASECA",27161,50,46,0,0,4,6,5,0,0,1,44,41,0,3
1993,"WASECA",27161,41,33,0,0,8,1,0,0,0,1,40,33,0,7
1994,"WASECA",27161,34,27,0,0,7,0,0,0,0,0,34,27,0,7
1995,"WASECA",27161,53,48,0,0,5,6,6,0,0,0,47,42,0,5
1996,"WASECA",27161,52,47,0,0,5,5,5,0,0,0,47,42,0,5
1997,"WASECA",27161,64,55,0,0,9,5,3,0,0,2,59,52,0,7
1998,"WASECA",27161,60,45,0,0,15,9,7,0,0,2,51,38,0,13
1999,"WASECA",27161,53,46,0,0,7,1,1,0,0,0,52,45,0,7
2000,"WASECA",27161,62,56,0,0,6,2,2,0,0,0,60,54,0,6
2001,"WASECA",27161,69,62,0,1,6,11,10,0,1,0,58,52,0,6
2002,"WASECA",27161,74,67,1,0,6,8,6,1,0,1,66,61,0,5
2003,"WASECA",27161,71,67,0,0,4,7,7,0,0,0,64,60,0,4
1990,"WASHINGTON",27163,550,382,8,0,160,70,52,8,0,10,480,330,0,150
1991,"WASHINGTON",27163,669,470,5,0,194,60,47,5,0,8,609,423,0,186
1992,"WASHINGTON",27163,681,499,4,1,177,63,47,4,1,11,618,452,0,166
1993,"WASHINGTON",27163,632,432,2,0,198,94,63,2,0,29,538,369,0,169
1994,"WASHINGTON",27163,623,400,8,0,215,93,63,8,0,22,530,337,0,193
1995,"WASHINGTON",27163,622,430,1,1,190,82,60,1,1,20,540,370,0,170
1996,"WASHINGTON",27163,741,533,4,0,204,74,58,4,0,12,667,475,0,192
1997,"WASHINGTON",27163,856,618,2,0,236,98,75,2,0,21,758,543,0,215
1998,"WASHINGTON",27163,753,557,2,0,194,82,65,2,0,15,671,492,0,179
1999,"WASHINGTON",27163,617,475,2,0,140,56,42,2,0,12,561,433,0,128
2000,"WASHINGTON",27163,619,467,5,0,147,71,57,5,0,9,548,410,0,138
2001,"WASHINGTON",27163,789,641,4,0,144,89,77,4,0,8,700,564,0,136
2002,"WASHINGTON",27163,779,615,4,0,160,90,73,4,0,13,689,542,0,147
2003,"WASHINGTON",27163,772,627,1,0,144,71,63,1,0,7,701,564,0,137
1990,"WATONWAN",27165,24,20,1,1,2,10,6,1,1,2,14,14,0,0
1991,"WATONWAN",27165,21,21,0,0,0,3,3,0,0,0,18,18,0,0
1992,"WATONWAN",27165,18,18,0,0,0,3,3,0,0,0,15,15,0,0
1993,"WATONWAN",27165,31,28,0,0,3,9,9,0,0,0,22,19,0,3
1994,"WATONWAN",27165,21,17,0,0,4,4,3,0,0,1,17,14,0,3
1995,"WATONWAN",27165,20,20,0,0,0,5,5,0,0,0,15,15,0,0
1996,"WATONWAN",27165,25,22,0,0,3,6,6,0,0,0,19,16,0,3
1997,"WATONWAN",27165,29,28,0,1,0,7,6,0,1,0,22,22,0,0
1998,"WATONWAN",27165,21,19,0,0,2,1,1,0,0,0,20,18,0,2
1999,"WATONWAN",27165,27,24,0,0,3,7,7,0,0,0,20,17,0,3
2000,"WATONWAN",27165,30,27,0,0,3,5,5,0,0,0,25,22,0,3
2001,"WATONWAN",27165,38,36,0,0,2,5,5,0,0,0,33,31,0,2
2002,"WATONWAN",27165,37,34,0,0,3,7,6,0,0,1,30,28,0,2
2003,"WATONWAN",27165,57,53,0,2,2,13,10,0,2,1,44,43,0,1
1990,"WILKIN",27167,15,12,0,2,1,5,3,0,2,0,10,9,0,1
1991,"WILKIN",27167,14,13,0,1,0,4,3,0,1,0,10,10,0,0
1992,"WILKIN",27167,18,16,0,1,1,4,3,0,1,0,14,13,0,1
1993,"WILKIN",27167,14,14,0,0,0,2,2,0,0,0,12,12,0,0
1994,"WILKIN",27167,17,17,0,0,0,1,1,0,0,0,16,16,0,0
1995,"WILKIN",27167,16,16,0,0,0,3,3,0,0,0,13,13,0,0
1996,"WILKIN",27167,19,19,0,0,0,1,1,0,0,0,18,18,0,0
1997,"WILKIN",27167,20,20,0,0,0,0,0,0,0,0,20,20,0,0
1998,"WILKIN",27167,14,14,0,0,0,0,0,0,0,0,14,14,0,0
1999,"WILKIN",27167,20,20,0,0,0,2,2,0,0,0,18,18,0,0
2000,"WILKIN",27167,17,17,0,0,0,1,1,0,0,0,16,16,0,0
2001,"WILKIN",27167,22,22,0,0,0,0,0,0,0,0,22,22,0,0
2002,"WILKIN",27167,28,28,0,0,0,2,2,0,0,0,26,26,0,0
2003,"WILKIN",27167,25,23,0,0,2,2,1,0,0,1,23,22,0,1
1990,"WINONA",27169,104,92,7,1,4,14,5,7,1,1,90,87,0,3
1991,"WINONA",27169,122,116,2,0,4,7,5,2,0,0,115,111,0,4
1992,"WINONA",27169,106,101,0,0,5,6,6,0,0,0,100,95,0,5
1993,"WINONA",27169,80,76,1,0,3,13,11,1,0,1,67,65,0,2
1994,"WINONA",27169,83,78,1,0,4,13,12,1,0,0,70,66,0,4
1995,"WINONA",27169,103,94,0,0,9,10,10,0,0,0,93,84,0,9
1996,"WINONA",27169,127,117,1,0,9,15,12,1,0,2,112,105,0,7
1997,"WINONA",27169,125,116,1,0,8,10,9,1,0,0,115,107,0,8
1998,"WINONA",27169,97,95,1,0,1,12,10,1,0,1,85,85,0,0
1999,"WINONA",27169,88,85,0,0,3,9,9,0,0,0,79,76,0,3
2000,"WINONA",27169,80,75,0,0,5,9,9,0,0,0,71,66,0,5
2001,"WINONA",27169,108,101,0,0,7,18,12,0,0,6,90,89,0,1
2002,"WINONA",27169,142,133,1,0,8,19,16,1,0,2,123,117,0,6
2003,"WINONA",27169,154,149,0,1,4,14,13,0,1,0,140,136,0,4
1990,"WRIGHT",27171,268,207,3,0,58,27,23,3,0,1,241,184,0,57
1991,"WRIGHT",27171,350,260,3,0,87,34,26,3,0,5,316,234,0,82
1992,"WRIGHT",27171,275,210,2,0,63,32,22,2,0,8,243,188,0,55
1993,"WRIGHT",27171,272,189,3,2,78,39,24,3,2,10,233,165,0,68
1994,"WRIGHT",27171,198,134,0,0,64,29,19,0,0,10,169,115,0,54
1995,"WRIGHT",27171,227,158,0,1,68,33,22,0,1,10,194,136,0,58
1996,"WRIGHT",27171,301,201,2,1,97,42,24,2,1,15,259,177,0,82
1997,"WRIGHT",27171,328,252,2,0,74,53,37,2,0,14,275,215,0,60
1998,"WRIGHT",27171,320,250,0,1,69,39,34,0,1,4,281,216,0,65
1999,"WRIGHT",27171,268,227,2,0,39,43,35,2,0,6,225,192,0,33
2000,"WRIGHT",27171,299,227,3,1,68,42,28,3,1,10,257,199,0,58
2001,"WRIGHT",27171,376,315,0,0,61,43,37,0,0,6,333,278,0,55
2002,"WRIGHT",27171,440,372,1,0,67,38,29,1,0,8,402,343,0,59
2003,"WRIGHT",27171,489,418,1,1,69,36,32,1,1,2,453,386,0,67
1990,"YELLOW MEDICINE",27173,17,15,0,0,2,8,8,0,0,0,9,7,0,2
1991,"YELLOW MEDICIN",27173,19,18,0,1,0,4,3,0,1,0,15,15,0,0
1992,"YELLOW MEDICIN",27173,15,13,0,0,2,3,3,0,0,0,12,10,0,2
1993,"YELLOW MEDICIN",27173,12,7,0,2,3,5,1,0,2,2,7,6,0,1
1994,"YELLOW MEDICIN",27173,11,8,0,0,3,4,3,0,0,1,7,5,0,2
1995,"YELLOW MEDICIN",27173,15,13,0,0,2,3,2,0,0,1,12,11,0,1
1996,"YELLOW MEDICIN",27173,15,11,0,0,4,3,2,0,0,1,12,9,0,3
1997,"YELLOW MEDICIN",27173,18,14,0,1,3,5,3,0,1,1,13,11,0,2
1998,"YELLOW MEDICIN",27173,26,22,0,0,4,2,2,0,0,0,24,20,0,4
1999,"YELLOW MEDICINE",27173,18,15,0,0,3,3,3,0,0,0,15,12,0,3
2000,"YELLOW MEDICIN",27173,30,22,0,0,8,4,4,0,0,0,26,18,0,8
2001,"YELLOW MEDICIN",27173,28,24,0,1,3,7,6,0,1,0,21,18,0,3
2002,"YELLOW MEDICIN",27173,28,24,0,0,4,7,6,0,0,1,21,18,0,3
2003,"YELLOW MEDICIN",27173,39,37,0,0,2,7,7,0,0,0,32,30,0,2
1990,"ADAMS",28001,115,90,3,0,22,2,1,1,0,0,113,89,2,22
1991,"ADAMS",28001,141,100,8,0,33,9,1,8,0,0,132,99,0,33
1992,"ADAMS",28001,118,96,1,0,21,9,5,1,0,3,109,91,0,18
1993,"ADAMS",28001,102,79,1,0,22,1,1,0,0,0,101,78,1,22
1994,"ADAMS",28001,128,101,0,0,27,2,2,0,0,0,126,99,0,27
1995,"ADAMS",28001,130,88,1,0,41,4,2,1,0,1,126,86,0,40
1996,"ADAMS",28001,137,110,2,0,25,4,2,2,0,0,133,108,0,25
1997,"ADAMS",28001,187,132,2,0,53,6,3,2,0,1,181,129,0,52
1998,"ADAMS",28001,172,124,0,0,48,1,1,0,0,0,171,123,0,48
1999,"ADAMS",28001,203,140,0,0,63,3,3,0,0,0,200,137,0,63
2000,"ADAMS",28001,183,114,1,0,68,1,0,1,0,0,182,114,0,68
2001,"ADAMS",28001,177,114,7,0,56,6,0,6,0,0,171,114,1,56
2002,"ADAMS",28001,245,166,1,0,78,1,0,1,0,0,244,166,0,78
2003,"ADAMS",28001,262,183,5,0,74,3,0,3,0,0,259,183,2,74
1990,"ALCORN",28003,107,96,5,0,6,9,3,5,0,1,98,93,0,5
1991,"ALCORN",28003,121,105,0,0,16,2,2,0,0,0,119,103,0,16
1992,"ALCORN",28003,140,131,1,0,8,4,3,1,0,0,136,128,0,8
1993,"ALCORN",28003,145,135,0,0,10,4,4,0,0,0,141,131,0,10
1994,"ALCORN",28003,148,142,0,0,6,3,3,0,0,0,145,139,0,6
1995,"ALCORN",28003,151,134,1,0,16,6,3,1,0,2,145,131,0,14
1996,"ALCORN",28003,195,186,0,0,9,5,5,0,0,0,190,181,0,9
1997,"ALCORN",28003,228,205,0,0,23,6,6,0,0,0,222,199,0,23
1998,"ALCORN",28003,196,174,1,0,21,5,4,1,0,0,191,170,0,21
1999,"ALCORN",28003,218,181,2,0,35,10,7,2,0,1,208,174,0,34
2000,"ALCORN",28003,232,196,0,0,36,2,2,0,0,0,230,194,0,36
2001,"ALCORN",28003,290,253,1,0,36,4,3,1,0,0,286,250,0,36
2002,"ALCORN",28003,340,304,3,0,33,7,3,3,0,1,333,301,0,32
2003,"ALCORN",28003,277,254,1,0,22,10,8,1,0,1,267,246,0,21
1990,"AMITE",28005,36,30,2,1,3,2,0,1,1,0,34,30,1,3
1991,"AMITE",28005,25,17,0,0,8,0,0,0,0,0,25,17,0,8
1992,"AMITE",28005,43,34,0,0,9,1,0,0,0,1,42,34,0,8
1993,"AMITE",28005,21,16,0,0,5,1,1,0,0,0,20,15,0,5
1994,"AMITE",28005,24,18,0,0,6,0,0,0,0,0,24,18,0,6
1995,"AMITE",28005,36,25,2,0,9,2,1,1,0,0,34,24,1,9
1996,"AMITE",28005,41,32,0,0,9,0,0,0,0,0,41,32,0,9
1997,"AMITE",28005,48,28,0,0,20,0,0,0,0,0,48,28,0,20
1998,"AMITE",28005,55,36,0,0,19,0,0,0,0,0,55,36,0,19
1999,"AMITE",28005,63,34,0,0,29,0,0,0,0,0,63,34,0,29
2000,"AMITE",28005,58,38,0,0,20,0,0,0,0,0,58,38,0,20
2001,"AMITE",28005,66,41,0,0,25,0,0,0,0,0,66,41,0,25
2002,"AMITE",28005,91,70,0,0,21,0,0,0,0,0,91,70,0,21
2003,"AMITE",28005,106,71,0,0,35,0,0,0,0,0,106,71,0,35
1990,"ATTALA",28007,48,34,0,0,14,5,5,0,0,0,43,29,0,14
1991,"ATTALA",28007,61,41,1,0,19,2,1,1,0,0,59,40,0,19
1992,"ATTALA",28007,75,50,1,0,24,5,3,1,0,1,70,47,0,23
1993,"ATTALA",28007,69,45,2,0,22,4,2,2,0,0,65,43,0,22
1994,"ATTALA",28007,54,38,0,0,16,4,3,0,0,1,50,35,0,15
1995,"ATTALA",28007,76,38,0,0,38,0,0,0,0,0,76,38,0,38
1996,"ATTALA",28007,128,47,0,0,81,0,0,0,0,0,128,47,0,81
1997,"ATTALA",28007,146,61,0,0,85,2,1,0,0,1,144,60,0,84
1998,"ATTALA",28007,125,55,0,0,70,1,0,0,0,1,124,55,0,69
1999,"ATTALA",28007,109,47,0,0,62,0,0,0,0,0,109,47,0,62
2000,"ATTALA",28007,111,51,0,0,60,2,2,0,0,0,109,49,0,60
2001,"ATTALA",28007,110,59,0,0,51,0,0,0,0,0,110,59,0,51
2002,"ATTALA",28007,117,64,0,0,53,3,3,0,0,0,114,61,0,53
2003,"ATTALA",28007,132,60,0,0,72,1,0,0,0,1,131,60,0,71
1990,"BENTON",28009,45,17,0,0,28,0,0,0,0,0,45,17,0,28
1991,"BENTON",28009,33,14,0,0,19,0,0,0,0,0,33,14,0,19
1992,"BENTON",28009,30,14,0,0,16,2,1,0,0,1,28,13,0,15
1993,"BENTON",28009,48,21,1,2,24,3,0,1,2,0,45,21,0,24
1994,"BENTON",28009,31,11,0,0,20,1,1,0,0,0,30,10,0,20
1995,"BENTON",28009,45,15,0,0,30,0,0,0,0,0,45,15,0,30
1996,"BENTON",28009,67,26,0,2,39,3,0,0,2,1,64,26,0,38
1997,"BENTON",28009,83,30,0,1,52,1,0,0,1,0,82,30,0,52
1998,"BENTON",28009,71,23,0,0,48,1,1,0,0,0,70,22,0,48
1999,"BENTON",28009,66,19,0,1,46,1,0,0,1,0,65,19,0,46
2000,"BENTON",28009,67,30,0,0,37,2,2,0,0,0,65,28,0,37
2001,"BENTON",28009,76,37,0,0,39,1,1,0,0,0,75,36,0,39
2002,"BENTON",28009,81,37,0,0,44,1,0,0,0,1,80,37,0,43
2003,"BENTON",28009,75,48,0,1,26,3,2,0,1,0,72,46,0,26
1990,"BOLIVAR",28011,179,87,1,1,90,13,7,1,1,4,166,80,0,86
1991,"BOLIVAR",28011,165,73,1,1,90,4,3,0,1,0,161,70,1,90
1992,"BOLIVAR",28011,146,66,2,1,77,8,4,2,1,1,138,62,0,76
1993,"BOLIVAR",28011,164,76,1,1,86,6,3,1,1,1,158,73,0,85
1994,"BOLIVAR",28011,157,68,2,0,87,3,1,2,0,0,154,67,0,87
1995,"BOLIVAR",28011,173,62,0,2,109,7,5,0,2,0,166,57,0,109
1996,"BOLIVAR",28011,247,122,0,0,125,1,1,0,0,0,246,121,0,125
1997,"BOLIVAR",28011,248,139,5,1,102,11,3,5,1,1,237,136,0,101
1998,"BOLIVAR",28011,252,118,0,0,134,6,5,0,0,1,246,113,0,133
1999,"BOLIVAR",28011,209,105,3,5,96,12,2,3,5,2,197,103,0,94
2000,"BOLIVAR",28011,231,108,0,1,122,6,5,0,1,0,225,103,0,122
2001,"BOLIVAR",28011,327,168,0,0,159,4,3,0,0,1,323,165,0,158
2002,"BOLIVAR",28011,313,181,2,0,130,10,6,2,0,2,303,175,0,128
2003,"BOLIVAR",28011,306,178,2,3,123,8,3,2,3,0,298,175,0,123
1990,"CALHOUN",28013,45,27,1,2,15,3,0,1,2,0,42,27,0,15
1991,"CALHOUN",28013,65,29,5,0,31,6,1,5,0,0,59,28,0,31
1992,"CALHOUN",28013,47,34,0,0,13,2,2,0,0,0,45,32,0,13
1993,"CALHOUN",28013,38,25,0,2,11,2,0,0,2,0,36,25,0,11
1994,"CALHOUN",28013,75,50,0,0,25,0,0,0,0,0,75,50,0,25
1995,"CALHOUN",28013,71,39,1,0,31,5,3,1,0,1,66,36,0,30
1996,"CALHOUN",28013,105,55,0,1,49,3,2,0,1,0,102,53,0,49
1997,"CALHOUN",28013,116,56,0,0,60,1,0,0,0,1,115,56,0,59
1998,"CALHOUN",28013,99,54,0,1,44,1,0,0,1,0,98,54,0,44
1999,"CALHOUN",28013,101,62,2,1,36,3,0,2,1,0,98,62,0,36
2000,"CALHOUN",28013,112,67,0,0,45,3,3,0,0,0,109,64,0,45
2001,"CALHOUN",28013,135,83,0,0,52,1,1,0,0,0,134,82,0,52
2002,"CALHOUN",28013,138,78,0,0,60,0,0,0,0,0,138,78,0,60
2003,"CALHOUN",28013,135,89,2,0,44,2,0,2,0,0,133,89,0,44
1990,"CARROLL",28015,37,25,0,0,12,0,0,0,0,0,37,25,0,12
1991,"CARROLL",28015,50,32,0,0,18,1,1,0,0,0,49,31,0,18
1992,"CARROLL",28015,31,21,0,0,10,1,1,0,0,0,30,20,0,10
1993,"CARROLL",28015,23,19,0,0,4,0,0,0,0,0,23,19,0,4
1994,"CARROLL",28015,24,16,0,0,8,0,0,0,0,0,24,16,0,8
1995,"CARROLL",28015,33,24,0,0,9,3,3,0,0,0,30,21,0,9
1996,"CARROLL",28015,61,32,0,0,29,0,0,0,0,0,61,32,0,29
1997,"CARROLL",28015,61,26,0,0,35,0,0,0,0,0,61,26,0,35
1998,"CARROLL",28015,49,23,0,0,26,2,2,0,0,0,47,21,0,26
1999,"CARROLL",28015,46,28,0,0,18,0,0,0,0,0,46,28,0,18
2000,"CARROLL",28015,54,33,0,0,21,1,1,0,0,0,53,32,0,21
2001,"CARROLL",28015,59,34,1,1,23,1,0,0,1,0,58,34,1,23
2002,"CARROLL",28015,56,38,1,0,17,1,0,1,0,0,55,38,0,17
2003,"CARROLL",28015,65,42,0,0,23,1,1,0,0,0,64,41,0,23
1990,"CHICKASAW",28017,62,35,3,0,24,4,1,3,0,0,58,34,0,24
1991,"CHICKASAW",28017,64,35,0,1,28,2,1,0,1,0,62,34,0,28
1992,"CHICKASAW",28017,78,40,0,0,38,2,2,0,0,0,76,38,0,38
1993,"CHICKASAW",28017,84,46,2,0,36,4,1,2,0,1,80,45,0,35
1994,"CHICKASAW",28017,68,37,4,0,27,4,0,4,0,0,64,37,0,27
1995,"CHICKASAW",28017,58,29,0,0,29,3,2,0,0,1,55,27,0,28
1996,"CHICKASAW",28017,82,46,0,0,36,1,1,0,0,0,81,45,0,36
1997,"CHICKASAW",28017,126,62,1,1,62,4,1,1,1,1,122,61,0,61
1998,"CHICKASAW",28017,120,66,0,2,52,8,5,0,2,1,112,61,0,51
1999,"CHICKASAW",28017,126,83,1,2,40,6,3,1,2,0,120,80,0,40
2000,"CHICKASAW",28017,145,63,0,1,81,1,0,0,1,0,144,63,0,81
2001,"CHICKASAW",28017,189,105,6,0,78,9,2,6,0,1,180,103,0,77
2002,"CHICKASAW",28017,174,86,1,12,75,14,1,1,12,0,160,85,0,75
2003,"CHICKASAW",28017,165,121,0,0,44,1,0,0,0,1,164,121,0,43
1990,"CHOCTAW",28019,22,15,1,0,6,2,0,1,0,1,20,15,0,5
1991,"CHOCTAW",28019,37,20,2,0,15,5,2,2,0,1,32,18,0,14
1992,"CHOCTAW",28019,21,9,1,0,11,1,0,1,0,0,20,9,0,11
1993,"CHOCTAW",28019,28,14,0,0,14,0,0,0,0,0,28,14,0,14
1994,"CHOCTAW",28019,38,13,0,0,25,1,1,0,0,0,37,12,0,25
1995,"CHOCTAW",28019,40,12,1,0,27,1,0,1,0,0,39,12,0,27
1996,"CHOCTAW",28019,58,13,1,0,44,1,0,1,0,0,57,13,0,44
1997,"CHOCTAW",28019,83,31,1,0,51,2,0,1,0,1,81,31,0,50
1998,"CHOCTAW",28019,52,26,1,0,25,1,0,1,0,0,51,26,0,25
1999,"CHOCTAW",28019,59,21,0,0,38,1,0,0,0,1,58,21,0,37
2000,"CHOCTAW",28019,68,21,0,0,47,0,0,0,0,0,68,21,0,47
2001,"CHOCTAW",28019,72,38,1,0,33,1,0,1,0,0,71,38,0,33
2002,"CHOCTAW",28019,79,35,0,0,44,0,0,0,0,0,79,35,0,44
2003,"CHOCTAW",28019,81,45,0,0,36,0,0,0,0,0,81,45,0,36
1990,"CLAIBORNE",28021,35,25,0,0,10,0,0,0,0,0,35,25,0,10
1991,"CLAIBORNE",28021,26,18,0,0,8,0,0,0,0,0,26,18,0,8
1992,"CLAIBORNE",28021,33,22,0,0,11,0,0,0,0,0,33,22,0,11
1993,"CLAIBORNE",28021,31,12,0,0,19,0,0,0,0,0,31,12,0,19
1994,"CLAIBORNE",28021,40,19,0,0,21,2,1,0,0,1,38,18,0,20
1995,"CLAIBORNE",28021,44,28,0,0,16,0,0,0,0,0,44,28,0,16
1996,"CLAIBORNE",28021,60,22,1,0,37,1,0,1,0,0,59,22,0,37
1997,"CLAIBORNE",28021,79,42,0,0,37,0,0,0,0,0,79,42,0,37
1998,"CLAIBORNE",28021,77,55,0,0,22,1,1,0,0,0,76,54,0,22
1999,"CLAIBORNE",28021,66,37,1,0,28,1,0,1,0,0,65,37,0,28
2000,"CLAIBORNE",28021,77,39,0,0,38,0,0,0,0,0,77,39,0,38
2001,"CLAIBORNE",28021,76,38,0,0,38,1,1,0,0,0,75,37,0,38
2002,"CLAIBORNE",28021,68,34,0,0,34,0,0,0,0,0,68,34,0,34
2003,"CLAIBORNE",28021,97,54,1,0,42,2,1,1,0,0,95,53,0,42
1990,"CLARKE",28023,63,31,0,2,30,2,0,0,2,0,61,31,0,30
1991,"CLARKE",28023,70,38,0,0,32,0,0,0,0,0,70,38,0,32
1992,"CLARKE",28023,74,41,0,0,33,2,2,0,0,0,72,39,0,33
1993,"CLARKE",28023,56,29,1,0,26,1,0,1,0,0,55,29,0,26
1994,"CLARKE",28023,35,14,0,0,21,0,0,0,0,0,35,14,0,21
1995,"CLARKE",28023,70,31,0,0,39,0,0,0,0,0,70,31,0,39
1996,"CLARKE",28023,82,41,0,0,41,2,2,0,0,0,80,39,0,41
1997,"CLARKE",28023,114,52,0,0,62,0,0,0,0,0,114,52,0,62
1998,"CLARKE",28023,84,46,0,0,38,1,1,0,0,0,83,45,0,38
1999,"CLARKE",28023,115,53,0,0,62,0,0,0,0,0,115,53,0,62
2000,"CLARKE",28023,105,65,1,0,39,2,1,1,0,0,103,64,0,39
2001,"CLARKE",28023,124,82,0,0,42,2,1,0,0,1,122,81,0,41
2002,"CLARKE",28023,106,69,0,0,37,2,2,0,0,0,104,67,0,37
2003,"CLARKE",28023,100,61,1,0,38,1,0,1,0,0,99,61,0,38
1990,"CLAY",28025,99,46,0,1,52,4,3,0,1,0,95,43,0,52
1991,"CLAY",28025,127,57,2,1,67,7,2,2,1,2,120,55,0,65
1992,"CLAY",28025,133,57,1,0,75,4,1,1,0,2,129,56,0,73
1993,"CLAY",28025,126,57,0,0,69,7,7,0,0,0,119,50,0,69
1994,"CLAY",28025,97,42,0,0,55,0,0,0,0,0,97,42,0,55
1995,"CLAY",28025,112,40,1,0,71,4,2,1,0,1,108,38,0,70
1996,"CLAY",28025,135,57,0,2,76,3,1,0,2,0,132,56,0,76
1997,"CLAY",28025,162,77,0,0,85,3,3,0,0,0,159,74,0,85
1998,"CLAY",28025,152,73,1,0,78,2,0,1,0,1,150,73,0,77
1999,"CLAY",28025,136,64,0,0,72,0,0,0,0,0,136,64,0,72
2000,"CLAY",28025,197,67,1,0,129,1,0,1,0,0,196,67,0,129
2001,"CLAY",28025,227,104,3,0,120,3,0,3,0,0,224,104,0,120
2002,"CLAY",28025,210,102,0,0,108,0,0,0,0,0,210,102,0,108
2003,"CLAY",28025,263,149,1,0,113,0,0,0,0,0,263,149,1,113
1990,"COAHOMA",28027,78,58,2,2,16,6,2,2,2,0,72,56,0,16
1991,"COAHOMA",28027,112,86,2,1,23,7,3,2,1,1,105,83,0,22
1992,"COAHOMA",28027,94,68,1,0,25,8,6,1,0,1,86,62,0,24
1993,"COAHOMA",28027,90,69,1,1,19,4,2,1,1,0,86,67,0,19
1994,"COAHOMA",28027,85,45,2,0,38,3,1,2,0,0,82,44,0,38
1995,"COAHOMA",28027,120,69,2,0,49,3,1,2,0,0,117,68,0,49
1996,"COAHOMA",28027,229,127,2,5,95,9,1,2,5,1,220,126,0,94
1997,"COAHOMA",28027,252,147,1,3,101,5,1,1,3,0,247,146,0,101
1998,"COAHOMA",28027,234,122,0,0,112,0,0,0,0,0,234,122,0,112
1999,"COAHOMA",28027,242,111,1,0,130,4,2,1,0,1,238,109,0,129
2000,"COAHOMA",28027,232,142,0,0,90,0,0,0,0,0,232,142,0,90
2001,"COAHOMA",28027,270,157,1,0,112,6,5,1,0,0,264,152,0,112
2002,"COAHOMA",28027,305,171,1,0,133,2,1,1,0,0,303,170,0,133
2003,"COAHOMA",28027,305,182,0,0,123,2,2,0,0,0,303,180,0,123
1990,"COPIAH",28029,136,61,0,0,75,0,0,0,0,0,136,61,0,75
1991,"COPIAH",28029,176,64,4,0,108,6,1,4,0,1,170,63,0,107
1992,"COPIAH",28029,165,71,5,0,89,10,5,5,0,0,155,66,0,89
1993,"COPIAH",28029,159,64,1,0,94,5,3,1,0,1,154,61,0,93
1994,"COPIAH",28029,127,50,2,0,75,2,0,2,0,0,125,50,0,75
1995,"COPIAH",28029,163,76,0,1,86,4,3,0,1,0,159,73,0,86
1996,"COPIAH",28029,246,86,1,1,158,3,1,1,1,0,243,85,0,158
1997,"COPIAH",28029,296,130,1,0,165,3,2,1,0,0,293,128,0,165
1998,"COPIAH",28029,302,144,1,0,157,3,2,1,0,0,299,142,0,157
1999,"COPIAH",28029,283,138,1,0,144,1,0,1,0,0,282,138,0,144
2000,"COPIAH",28029,291,138,0,0,153,1,1,0,0,0,290,137,0,153
2001,"COPIAH",28029,314,149,0,0,165,0,0,0,0,0,314,149,0,165
2002,"COPIAH",28029,325,162,0,0,163,0,0,0,0,0,325,162,0,163
2003,"COPIAH",28029,337,183,0,0,154,1,1,0,0,0,336,182,0,154
1990,"COVINGTON",28031,74,36,0,0,38,0,0,0,0,0,74,36,0,38
1991,"COVINGTON",28031,109,52,0,0,57,0,0,0,0,0,109,52,0,57
1992,"COVINGTON",28031,134,57,2,0,75,1,0,1,0,0,133,57,1,75
1993,"COVINGTON",28031,91,39,2,0,50,2,0,2,0,0,89,39,0,50
1994,"COVINGTON",28031,86,37,1,0,48,0,0,0,0,0,86,37,1,48
1995,"COVINGTON",28031,74,37,0,0,37,0,0,0,0,0,74,37,0,37
1996,"COVINGTON",28031,86,47,0,0,39,0,0,0,0,0,86,47,0,39
1997,"COVINGTON",28031,150,70,0,0,80,0,0,0,0,0,150,70,0,80
1998,"COVINGTON",28031,132,59,0,0,73,0,0,0,0,0,132,59,0,73
1999,"COVINGTON",28031,138,55,0,0,83,0,0,0,0,0,138,55,0,83
2000,"COVINGTON",28031,143,62,0,0,81,0,0,0,0,0,143,62,0,81
2001,"COVINGTON",28031,115,69,0,0,46,0,0,0,0,0,115,69,0,46
2002,"COVINGTON",28031,126,67,0,0,59,0,0,0,0,0,126,67,0,59
2003,"COVINGTON",28031,140,91,0,0,49,0,0,0,0,0,140,91,0,49
1990,"DE SOTO",28033,513,304,4,0,205,11,8,3,0,0,502,296,1,205
1991,"DE SOTO",28033,737,336,11,2,388,29,15,11,2,1,708,321,0,387
1992,"DE SOTO",28033,699,303,4,1,391,13,6,4,1,2,686,297,0,389
1993,"DE SOTO",28033,632,260,1,0,371,10,4,1,0,5,622,256,0,366
1994,"DE SOTO",28033,608,242,3,0,363,17,7,3,0,7,591,235,0,356
1995,"DE SOTO",28033,713,318,3,0,392,10,1,3,0,6,703,317,0,386
1996,"DE SOTO",28033,908,409,4,0,495,18,8,4,0,6,890,401,0,489
1997,"DE SOTO",28033,1037,484,6,1,546,18,5,5,1,7,1019,479,1,539
1998,"DE SOTO",28033,1016,549,4,0,463,18,10,4,0,4,998,539,0,459
1999,"DE SOTO",28033,963,496,2,0,465,11,9,1,0,1,952,487,1,464
2000,"DE SOTO",28033,1059,578,2,0,479,12,10,2,0,0,1047,568,0,479
2001,"DE SOTO",28033,1381,721,6,0,654,14,8,4,0,2,1367,713,2,652
2002,"DE SOTO",28033,1603,866,5,0,732,19,15,4,0,0,1584,851,1,732
2003,"DE SOTO",28033,1650,905,1,0,744,13,12,1,0,0,1637,893,0,744
1990,"FORREST",28035,361,266,9,0,86,7,1,6,0,0,354,265,3,86
1991,"FORREST",28035,463,281,4,0,178,6,3,3,0,0,457,278,1,178
1992,"FORREST",28035,432,264,3,0,165,7,5,2,0,0,425,259,1,165
1993,"FORREST",28035,338,216,3,0,119,6,2,3,0,1,332,214,0,118
1994,"FORREST",28035,278,168,5,0,105,5,0,5,0,0,273,168,0,105
1995,"FORREST",28035,328,211,5,0,112,9,4,5,0,0,319,207,0,112
1996,"FORREST",28035,397,246,3,0,148,7,3,3,0,1,390,243,0,147
1997,"FORREST",28035,407,251,4,0,152,8,3,4,0,1,399,248,0,151
1998,"FORREST",28035,425,273,2,0,150,1,0,1,0,0,424,273,1,150
1999,"FORREST",28035,430,270,4,0,156,8,4,4,0,0,422,266,0,156
2000,"FORREST",28035,451,281,0,0,170,4,4,0,0,0,447,277,0,170
2001,"FORREST",28035,481,327,1,0,153,6,4,1,0,1,475,323,0,152
2002,"FORREST",28035,458,301,0,0,157,1,1,0,0,0,457,300,0,157
2003,"FORREST",28035,482,345,0,0,137,1,1,0,0,0,481,344,0,137
1990,"FRANKLIN",28037,18,14,2,0,2,1,0,1,0,0,17,14,1,2
1991,"FRANKLIN",28037,22,17,0,0,5,0,0,0,0,0,22,17,0,5
1992,"FRANKLIN",28037,28,20,0,0,8,1,0,0,0,1,27,20,0,7
1993,"FRANKLIN",28037,22,18,1,0,3,2,1,1,0,0,20,17,0,3
1994,"FRANKLIN",28037,21,14,0,0,7,1,1,0,0,0,20,13,0,7
1995,"FRANKLIN",28037,18,11,1,0,6,2,1,1,0,0,16,10,0,6
1996,"FRANKLIN",28037,28,22,0,0,6,0,0,0,0,0,28,22,0,6
1997,"FRANKLIN",28037,50,34,0,0,16,0,0,0,0,0,50,34,0,16
1998,"FRANKLIN",28037,37,27,0,0,10,1,1,0,0,0,36,26,0,10
1999,"FRANKLIN",28037,39,22,0,0,17,0,0,0,0,0,39,22,0,17
2000,"FRANKLIN",28037,48,35,1,0,12,1,0,1,0,0,47,35,0,12
2001,"FRANKLIN",28037,56,39,0,0,17,0,0,0,0,0,56,39,0,17
2002,"FRANKLIN",28037,53,39,0,0,14,1,1,0,0,0,52,38,0,14
2003,"FRANKLIN",28037,46,34,0,0,12,0,0,0,0,0,46,34,0,12
1990,"GEORGE",28039,61,36,2,0,23,0,0,0,0,0,61,36,2,23
1991,"GEORGE",28039,96,59,0,4,33,6,2,0,4,0,90,57,0,33
1992,"GEORGE",28039,71,46,1,1,23,3,1,1,1,0,68,45,0,23
1993,"GEORGE",28039,63,40,0,0,23,1,1,0,0,0,62,39,0,23
1994,"GEORGE",28039,52,37,1,0,14,2,1,1,0,0,50,36,0,14
1995,"GEORGE",28039,65,37,0,1,27,1,0,0,1,0,64,37,0,27
1996,"GEORGE",28039,124,80,1,0,43,0,0,0,0,0,124,80,1,43
1997,"GEORGE",28039,120,90,0,0,30,0,0,0,0,0,120,90,0,30
1998,"GEORGE",28039,96,61,1,0,34,1,1,0,0,0,95,60,1,34
1999,"GEORGE",28039,116,63,0,0,53,0,0,0,0,0,116,63,0,53
2000,"GEORGE",28039,128,89,0,0,39,1,1,0,0,0,127,88,0,39
2001,"GEORGE",28039,166,114,1,0,51,2,0,0,0,2,164,114,1,49
2002,"GEORGE",28039,136,103,1,0,32,3,2,1,0,0,133,101,0,32
2003,"GEORGE",28039,112,85,0,0,27,2,1,0,0,1,110,84,0,26
1990,"GREENE",28041,20,17,0,0,3,1,1,0,0,0,19,16,0,3
1991,"GREENE",28041,35,21,0,0,14,0,0,0,0,0,35,21,0,14
1992,"GREENE",28041,25,15,0,0,10,0,0,0,0,0,25,15,0,10
1993,"GREENE",28041,14,8,0,0,6,0,0,0,0,0,14,8,0,6
1994,"GREENE",28041,21,13,0,0,8,0,0,0,0,0,21,13,0,8
1995,"GREENE",28041,33,19,0,0,14,0,0,0,0,0,33,19,0,14
1996,"GREENE",28041,34,19,0,0,15,0,0,0,0,0,34,19,0,15
1997,"GREENE",28041,46,31,0,0,15,2,2,0,0,0,44,29,0,15
1998,"GREENE",28041,49,30,0,0,19,0,0,0,0,0,49,30,0,19
1999,"GREENE",28041,43,35,0,0,8,0,0,0,0,0,43,35,0,8
2000,"GREENE",28041,47,30,0,0,17,1,1,0,0,0,46,29,0,17
2001,"GREENE",28041,58,39,0,0,19,0,0,0,0,0,58,39,0,19
2002,"GREENE",28041,56,39,1,0,16,2,0,1,0,1,54,39,0,15
2003,"GREENE",28041,81,66,0,0,15,3,3,0,0,0,78,63,0,15
1990,"GRENADA",28043,143,64,1,0,78,4,1,1,0,2,139,63,0,76
1991,"GRENADA",28043,132,50,0,0,82,6,3,0,0,3,126,47,0,79
1992,"GRENADA",28043,112,77,3,0,32,6,3,3,0,0,106,74,0,32
1993,"GRENADA",28043,101,64,0,0,37,6,6,0,0,0,95,58,0,37
1994,"GRENADA",28043,86,56,1,0,29,4,3,1,0,0,82,53,0,29
1995,"GRENADA",28043,104,54,0,0,50,1,1,0,0,0,103,53,0,50
1996,"GRENADA",28043,104,60,0,1,43,2,0,0,1,1,102,60,0,42
1997,"GRENADA",28043,174,108,1,0,65,3,1,1,0,1,171,107,0,64
1998,"GRENADA",28043,172,109,1,1,61,3,1,1,1,0,169,108,0,61
1999,"GRENADA",28043,173,109,0,2,62,3,1,0,2,0,170,108,0,62
2000,"GRENADA",28043,169,103,0,0,66,0,0,0,0,0,169,103,0,66
2001,"GRENADA",28043,191,116,1,0,74,2,1,1,0,0,189,115,0,74
2002,"GRENADA",28043,212,147,1,0,64,2,0,1,0,1,210,147,0,63
2003,"GRENADA",28043,225,160,2,0,63,2,0,2,0,0,223,160,0,63
1990,"HANCOCK",28045,102,68,1,0,33,1,0,1,0,0,101,68,0,33
1991,"HANCOCK",28045,104,65,0,0,39,1,1,0,0,0,103,64,0,39
1992,"HANCOCK",28045,96,73,1,0,22,5,4,1,0,0,91,69,0,22
1993,"HANCOCK",28045,90,69,0,0,21,3,3,0,0,0,87,66,0,21
1994,"HANCOCK",28045,59,45,0,0,14,0,0,0,0,0,59,45,0,14
1995,"HANCOCK",28045,119,79,3,0,37,2,1,1,0,0,117,78,2,37
1996,"HANCOCK",28045,160,107,1,0,52,1,0,1,0,0,159,107,0,52
1997,"HANCOCK",28045,180,131,0,0,49,0,0,0,0,0,180,131,0,49
1998,"HANCOCK",28045,212,143,0,0,69,0,0,0,0,0,212,143,0,69
1999,"HANCOCK",28045,202,143,1,0,58,2,1,0,0,1,200,142,1,57
2000,"HANCOCK",28045,216,160,2,0,54,5,3,2,0,0,211,157,0,54
2001,"HANCOCK",28045,296,237,0,0,59,6,6,0,0,0,290,231,0,59
2002,"HANCOCK",28045,305,247,5,0,53,13,9,4,0,0,292,238,1,53
2003,"HANCOCK",28045,275,211,0,0,64,8,8,0,0,0,267,203,0,64
1990,"HARRISON",28047,913,585,10,0,318,12,5,7,0,0,901,580,3,318
1991,"HARRISON",28047,1016,641,15,0,360,22,9,13,0,0,994,632,2,360
1992,"HARRISON",28047,947,599,18,0,330,30,14,15,0,1,917,585,3,329
1993,"HARRISON",28047,664,446,3,0,215,19,15,3,0,1,645,431,0,214
1994,"HARRISON",28047,665,458,7,0,200,10,3,7,0,0,655,455,0,200
1995,"HARRISON",28047,849,578,12,0,259,19,9,10,0,0,830,569,2,259
1996,"HARRISON",28047,1012,691,4,0,317,12,8,4,0,0,1000,683,0,317
1997,"HARRISON",28047,1222,885,6,0,331,13,7,6,0,0,1209,878,0,331
1998,"HARRISON",28047,1303,902,4,0,397,10,7,3,0,0,1293,895,1,397
1999,"HARRISON",28047,1298,950,20,0,328,18,3,15,0,0,1280,947,5,328
2000,"HARRISON",28047,1335,939,3,0,393,16,7,3,0,6,1319,932,0,387
2001,"HARRISON",28047,1652,1261,47,0,344,77,25,47,0,5,1575,1236,0,339
2002,"HARRISON",28047,1659,1292,14,0,353,40,22,12,0,6,1619,1270,2,347
2003,"HARRISON",28047,1561,1213,9,0,339,37,21,7,0,9,1524,1192,2,330
1990,"HINDS",28049,1728,883,31,0,814,28,3,25,0,0,1700,880,6,814
1991,"HINDS",28049,1786,944,23,0,819,41,19,20,0,2,1745,925,3,817
1992,"HINDS",28049,1724,861,18,0,845,67,41,16,0,10,1657,820,2,835
1993,"HINDS",28049,1587,748,11,1,827,44,25,10,1,8,1543,723,1,819
1994,"HINDS",28049,1523,753,8,0,762,19,12,6,0,1,1504,741,2,761
1995,"HINDS",28049,1736,863,15,0,858,33,14,14,0,5,1703,849,1,853
1996,"HINDS",28049,2346,1039,16,0,1291,42,19,16,0,7,2304,1020,0,1284
1997,"HINDS",28049,2894,1303,5,0,1586,28,17,4,0,7,2866,1286,1,1579
1998,"HINDS",28049,2617,1343,10,0,1264,29,18,10,0,1,2588,1325,0,1263
1999,"HINDS",28049,2348,1153,19,0,1176,32,13,19,0,0,2316,1140,0,1176
2000,"HINDS",28049,2349,1201,4,1,1143,21,16,4,1,0,2328,1185,0,1143
2001,"HINDS",28049,2775,1499,3,0,1273,12,9,3,0,0,2763,1490,0,1273
2002,"HINDS",28049,2832,1585,13,0,1234,18,7,10,0,1,2814,1578,3,1233
2003,"HINDS",28049,2677,1523,19,0,1135,21,3,18,0,0,2656,1520,1,1135
1990,"HOLMES",28051,41,20,0,0,21,0,0,0,0,0,41,20,0,21
1991,"HOLMES",28051,66,33,2,0,31,2,0,2,0,0,64,33,0,31
1992,"HOLMES",28051,59,29,0,0,30,3,2,0,0,1,56,27,0,29
1993,"HOLMES",28051,56,29,0,1,26,2,1,0,1,0,54,28,0,26
1994,"HOLMES",28051,46,20,0,1,25,2,0,0,1,1,44,20,0,24
1995,"HOLMES",28051,73,30,1,1,41,2,0,1,1,0,71,30,0,41
1996,"HOLMES",28051,106,29,1,0,76,1,0,1,0,0,105,29,0,76
1997,"HOLMES",28051,167,49,0,0,118,1,1,0,0,0,166,48,0,118
1998,"HOLMES",28051,187,56,0,0,131,0,0,0,0,0,187,56,0,131
1999,"HOLMES",28051,165,55,0,0,110,1,1,0,0,0,164,54,0,110
2000,"HOLMES",28051,150,43,0,0,107,0,0,0,0,0,150,43,0,107
2001,"HOLMES",28051,132,48,0,0,84,0,0,0,0,0,132,48,0,84
2002,"HOLMES",28051,156,51,0,2,103,2,0,0,2,0,154,51,0,103
2003,"HOLMES",28051,131,47,1,0,83,0,0,0,0,0,131,47,1,83
1990,"HUMPHREYS",28053,33,18,0,0,15,1,1,0,0,0,32,17,0,15
1991,"HUMPHREYS",28053,35,20,2,1,12,4,1,2,1,0,31,19,0,12
1992,"HUMPHREYS",28053,39,24,5,1,9,6,0,5,1,0,33,24,0,9
1993,"HUMPHREYS",28053,45,22,1,1,21,3,1,1,1,0,42,21,0,21
1994,"HUMPHREYS",28053,34,22,1,3,8,4,0,1,3,0,30,22,0,8
1995,"HUMPHREYS",28053,30,16,0,1,13,1,0,0,1,0,29,16,0,13
1996,"HUMPHREYS",28053,60,30,0,0,30,0,0,0,0,0,60,30,0,30
1997,"HUMPHREYS",28053,58,29,2,2,25,5,1,2,2,0,53,28,0,25
1998,"HUMPHREYS",28053,68,41,1,0,26,4,2,1,0,1,64,39,0,25
1999,"HUMPHREYS",28053,61,27,4,1,29,5,0,4,1,0,56,27,0,29
2000,"HUMPHREYS",28053,36,18,1,0,17,2,1,1,0,0,34,17,0,17
2001,"HUMPHREYS",28053,61,40,0,0,21,2,2,0,0,0,59,38,0,21
2002,"HUMPHREYS",28053,66,38,2,3,23,7,2,2,3,0,59,36,0,23
2003,"HUMPHREYS",28053,79,49,0,0,30,0,0,0,0,0,79,49,0,30
1990,"ISSAQUENA",28055,5,0,0,0,0,1,0,0,1,0,4,0,0,4
1991,"ISSAQUENA",28055,4,1,2,0,1,2,0,2,0,0,2,1,0,1
1992,"ISSAQUENA",28055,2,1,0,0,1,0,0,0,0,0,2,1,0,1
1993,"ISSAQUENA",28055,1,0,0,0,1,0,0,0,0,0,1,0,0,1
1994,"ISSAQUENA",28055,3,3,0,0,0,1,1,0,0,0,2,2,0,0
1995,"ISSAQUENA",28055,2,2,0,0,0,0,0,0,0,0,2,2,0,0
1996,"ISSAQUENA",28055,3,2,0,0,1,1,1,0,0,0,2,1,0,1
1997,"ISSAQUENA",28055,4,4,0,0,0,1,1,0,0,0,3,3,0,0
1998,"ISSAQUENA",28055,5,5,0,0,0,1,1,0,0,0,4,4,0,0
1999,"ISSAQUENA",28055,4,4,0,0,0,0,0,0,0,0,4,4,0,0
2001,"ISSAQUENA",28055,2,1,0,0,1,0,0,0,0,0,2,1,0,1
2002,"ISSAQUENA",28055,3,1,0,0,2,0,0,0,0,0,3,1,0,2
2003,"ISSAQUENA",28055,2,2,0,0,0,0,0,0,0,0,2,2,0,0
1990,"ITAWAMBA",28057,80,59,0,0,21,3,1,0,0,2,77,58,0,19
1991,"ITAWAMBA",28057,111,83,0,0,28,5,4,0,0,1,106,79,0,27
1992,"ITAWAMBA",28057,80,62,0,0,18,2,2,0,0,0,78,60,0,18
1993,"ITAWAMBA",28057,73,66,1,0,6,1,0,1,0,0,72,66,0,6
1994,"ITAWAMBA",28057,76,68,0,0,8,2,2,0,0,0,74,66,0,8
1995,"ITAWAMBA",28057,83,71,1,0,11,2,1,1,0,0,81,70,0,11
1996,"ITAWAMBA",28057,102,92,1,0,9,5,3,1,0,1,97,89,0,8
1997,"ITAWAMBA",28057,126,110,0,0,16,0,0,0,0,0,126,110,0,16
1998,"ITAWAMBA",28057,148,126,0,0,22,4,4,0,0,0,144,122,0,22
1999,"ITAWAMBA",28057,132,105,0,0,27,4,4,0,0,0,128,101,0,27
2000,"ITAWAMBA",28057,134,103,0,0,31,3,3,0,0,0,131,100,0,31
2001,"ITAWAMBA",28057,185,152,0,0,33,0,0,0,0,0,185,152,0,33
2002,"ITAWAMBA",28057,163,126,0,0,37,1,1,0,0,0,162,125,0,37
2003,"ITAWAMBA",28057,141,121,0,0,20,0,0,0,0,0,141,121,0,20
1990,"JACKSON",28059,626,355,5,0,266,7,4,3,0,0,619,351,2,266
1991,"JACKSON",28059,689,410,5,0,274,8,4,4,0,0,681,406,1,274
1992,"JACKSON",28059,595,345,1,0,249,5,5,0,0,0,590,340,1,249
1993,"JACKSON",28059,424,284,5,0,135,9,5,4,0,0,415,279,1,135
1994,"JACKSON",28059,479,330,2,0,147,4,3,1,0,0,475,327,1,147
1995,"JACKSON",28059,620,414,1,0,205,4,3,1,0,0,616,411,0,205
1996,"JACKSON",28059,816,531,2,0,283,5,2,2,0,1,811,529,0,282
1997,"JACKSON",28059,889,610,1,0,278,4,3,1,0,0,885,607,0,278
1998,"JACKSON",28059,944,650,6,0,288,9,5,4,0,0,935,645,2,288
1999,"JACKSON",28059,845,582,3,0,260,4,2,2,0,0,841,580,1,260
2000,"JACKSON",28059,926,604,1,0,321,4,3,1,0,0,922,601,0,321
2001,"JACKSON",28059,1193,899,6,0,288,18,14,3,0,1,1175,885,3,287
2002,"JACKSON",28059,1074,832,3,0,239,8,4,3,0,1,1066,828,0,238
2003,"JACKSON",28059,1098,870,3,0,225,11,8,1,0,2,1087,862,2,223
1990,"JASPER",28061,66,24,1,0,41,1,0,1,0,0,65,24,0,41
1991,"JASPER",28061,78,19,2,0,57,2,0,2,0,0,76,19,0,57
1992,"JASPER",28061,95,31,1,0,63,3,1,1,0,1,92,30,0,62
1993,"JASPER",28061,73,30,0,0,43,0,0,0,0,0,73,30,0,43
1994,"JASPER",28061,87,29,0,0,58,5,5,0,0,0,82,24,0,58
1995,"JASPER",28061,90,36,0,0,54,1,1,0,0,0,89,35,0,54
1996,"JASPER",28061,100,33,1,0,66,1,0,1,0,0,99,33,0,66
1997,"JASPER",28061,123,48,0,0,75,0,0,0,0,0,123,48,0,75
1998,"JASPER",28061,127,46,0,0,81,0,0,0,0,0,127,46,0,81
1999,"JASPER",28061,97,40,0,0,57,0,0,0,0,0,97,40,0,57
2000,"JASPER",28061,103,31,0,0,72,0,0,0,0,0,103,31,0,72
2001,"JASPER",28061,107,52,0,0,55,0,0,0,0,0,107,52,0,55
2002,"JASPER",28061,87,34,0,0,53,1,1,0,0,0,86,33,0,53
2003,"JASPER",28061,106,54,0,0,52,1,1,0,0,0,105,53,0,52
1990,"JEFFERSON",28063,18,9,0,0,9,0,0,0,0,0,18,9,0,9
1991,"JEFFERSON",28063,21,13,0,0,8,0,0,0,0,0,21,13,0,8
1992,"JEFFERSON",28063,28,16,0,0,12,1,1,0,0,0,27,15,0,12
1993,"JEFFERSON",28063,27,17,0,0,10,0,0,0,0,0,27,17,0,10
1994,"JEFFERSON",28063,28,17,0,0,11,2,2,0,0,0,26,15,0,11
1995,"JEFFERSON",28063,34,21,0,0,13,1,1,0,0,0,33,20,0,13
1996,"JEFFERSON",28063,55,27,0,0,28,0,0,0,0,0,55,27,0,28
1997,"JEFFERSON",28063,51,26,0,0,25,1,1,0,0,0,50,25,0,25
1998,"JEFFERSON",28063,48,28,0,0,20,0,0,0,0,0,48,28,0,20
1999,"JEFFERSON",28063,37,21,0,0,16,0,0,0,0,0,37,21,0,16
2000,"JEFFERSON",28063,43,19,1,0,23,0,0,0,0,0,43,19,1,23
2001,"JEFFERSON",28063,41,23,0,0,18,0,0,0,0,0,41,23,0,18
2002,"JEFFERSON",28063,50,22,0,0,28,0,0,0,0,0,50,22,0,28
2003,"JEFFERSON",28063,63,31,0,0,32,0,0,0,0,0,63,31,0,32
1990,"JEFFERSON DAVIS",28065,46,20,2,0,24,4,2,2,0,0,42,18,0,24
1991,"JEFFERSON DAVI",28065,69,22,0,0,47,0,0,0,0,0,69,22,0,47
1992,"JEFFERSON DAVI",28065,72,17,1,0,54,0,0,0,0,0,72,17,1,54
1993,"JEFFERSON DAVI",28065,50,19,0,0,31,0,0,0,0,0,50,19,0,31
1994,"JEFFERSON DAVI",28065,40,16,0,0,24,0,0,0,0,0,40,16,0,24
1995,"JEFFERSON DAVI",28065,63,20,1,0,42,1,0,1,0,0,62,20,0,42
1996,"JEFFERSON DAVI",28065,112,27,1,0,84,1,0,1,0,0,111,27,0,84
1997,"JEFFERSON DAVI",28065,77,25,0,0,52,0,0,0,0,0,77,25,0,52
1998,"JEFFERSON DAVI",28065,67,24,0,0,43,0,0,0,0,0,67,24,0,43
1999,"JEFFERSON DAVIS",28065,83,29,0,0,54,0,0,0,0,0,83,29,0,54
2000,"JEFFERSON DAVI",28065,70,25,0,0,45,0,0,0,0,0,70,25,0,45
2001,"JEFFERSON DAVI",28065,93,47,0,0,46,1,1,0,0,0,92,46,0,46
2002,"JEFFERSON DAVI",28065,77,31,0,0,46,0,0,0,0,0,77,31,0,46
2003,"JEFFERSON DAVI",28065,83,48,0,0,35,1,1,0,0,0,82,47,0,35
1990,"JONES",28067,255,138,6,0,111,5,1,4,0,0,250,137,2,111
1991,"JONES",28067,296,144,3,0,149,4,1,3,0,0,292,143,0,149
1992,"JONES",28067,295,166,1,0,128,3,2,1,0,0,292,164,0,128
1993,"JONES",28067,219,121,2,0,96,1,0,1,0,0,218,121,1,96
1994,"JONES",28067,226,136,4,0,86,5,2,3,0,0,221,134,1,86
1995,"JONES",28067,276,153,1,0,122,2,1,1,0,0,274,152,0,122
1996,"JONES",28067,324,174,0,0,150,0,0,0,0,0,324,174,0,150
1997,"JONES",28067,345,186,1,0,158,1,0,1,0,0,344,186,0,158
1998,"JONES",28067,331,197,2,0,132,1,0,1,0,0,330,197,1,132
1999,"JONES",28067,301,166,0,0,135,0,0,0,0,0,301,166,0,135
2000,"JONES",28067,327,194,1,0,132,1,0,1,0,0,326,194,0,132
2001,"JONES",28067,404,281,6,0,117,7,1,6,0,0,397,280,0,117
2002,"JONES",28067,378,252,3,0,123,4,3,1,0,0,374,249,2,123
2003,"JONES",28067,341,230,1,0,110,2,1,1,0,0,339,229,0,110
1990,"KEMPER",28069,21,5,0,0,16,0,0,0,0,0,21,5,0,16
1991,"KEMPER",28069,15,7,0,0,8,0,0,0,0,0,15,7,0,8
1992,"KEMPER",28069,16,10,0,0,6,0,0,0,0,0,16,10,0,6
1993,"KEMPER",28069,18,9,0,0,9,0,0,0,0,0,18,9,0,9
1994,"KEMPER",28069,15,9,0,0,6,0,0,0,0,0,15,9,0,6
1995,"KEMPER",28069,23,14,0,0,9,0,0,0,0,0,23,14,0,9
1996,"KEMPER",28069,26,18,0,0,8,0,0,0,0,0,26,18,0,8
1997,"KEMPER",28069,51,12,0,0,39,1,1,0,0,0,50,11,0,39
1998,"KEMPER",28069,57,21,0,0,36,0,0,0,0,0,57,21,0,36
1999,"KEMPER",28069,35,8,0,0,27,0,0,0,0,0,35,8,0,27
2000,"KEMPER",28069,36,8,0,0,28,0,0,0,0,0,36,8,0,28
2001,"KEMPER",28069,56,25,0,0,31,2,1,0,0,1,54,24,0,30
2002,"KEMPER",28069,43,18,2,0,23,1,0,1,0,0,42,18,1,23
2003,"KEMPER",28069,47,19,0,0,28,0,0,0,0,0,47,19,0,28
1990,"LAFAYETTE",28071,125,65,2,0,58,5,2,2,0,1,120,63,0,57
1991,"LAFAYETTE",28071,128,47,2,1,78,9,5,2,1,1,119,42,0,77
1992,"LAFAYETTE",28071,128,59,1,1,67,7,3,1,1,2,121,56,0,65
1993,"LAFAYETTE",28071,127,63,0,1,63,4,2,0,1,1,123,61,0,62
1994,"LAFAYETTE",28071,124,51,2,0,71,7,3,2,0,2,117,48,0,69
1995,"LAFAYETTE",28071,163,64,2,0,97,4,2,2,0,0,159,62,0,97
1996,"LAFAYETTE",28071,167,81,1,0,85,2,1,1,0,0,165,80,0,85
1997,"LAFAYETTE",28071,192,82,0,0,110,0,0,0,0,0,192,82,0,110
1998,"LAFAYETTE",28071,186,96,3,0,87,5,2,3,0,0,181,94,0,87
1999,"LAFAYETTE",28071,167,81,1,0,85,1,0,1,0,0,166,81,0,85
2000,"LAFAYETTE",28071,181,98,2,0,81,3,0,2,0,1,178,98,0,80
2001,"LAFAYETTE",28071,188,91,1,0,96,2,1,1,0,0,186,90,0,96
2002,"LAFAYETTE",28071,198,133,0,0,65,1,1,0,0,0,197,132,0,65
2003,"LAFAYETTE",28071,225,149,4,0,72,4,0,4,0,0,221,149,0,72
1990,"LAMAR",28073,94,75,0,0,19,0,0,0,0,0,94,75,0,19
1991,"LAMAR",28073,131,83,2,0,46,2,1,1,0,0,129,82,1,46
1992,"LAMAR",28073,112,65,0,1,46,1,0,0,1,0,111,65,0,46
1993,"LAMAR",28073,96,61,0,0,35,1,1,0,0,0,95,60,0,35
1994,"LAMAR",28073,76,47,0,0,29,0,0,0,0,0,76,47,0,29
1995,"LAMAR",28073,92,57,1,1,33,3,1,1,1,0,89,56,0,33
1996,"LAMAR",28073,147,91,0,1,55,2,1,0,1,0,145,90,0,55
1997,"LAMAR",28073,194,118,0,0,76,4,3,0,0,1,190,115,0,75
1998,"LAMAR",28073,210,158,0,0,52,2,2,0,0,0,208,156,0,52
1999,"LAMAR",28073,198,134,0,0,64,0,0,0,0,0,198,134,0,64
2000,"LAMAR",28073,191,126,0,0,65,1,1,0,0,0,190,125,0,65
2001,"LAMAR",28073,249,188,1,0,60,3,3,0,0,0,246,185,1,60
2002,"LAMAR",28073,252,169,1,0,82,5,4,1,0,0,247,165,0,82
2003,"LAMAR",28073,249,166,1,0,82,3,2,1,0,0,246,164,0,82
1990,"LAUDERDALE",28075,278,157,5,0,116,6,1,5,0,0,272,156,0,116
1991,"LAUDERDALE",28075,311,170,7,0,134,10,1,7,0,2,301,169,0,132
1992,"LAUDERDALE",28075,277,193,6,0,78,22,11,5,0,6,255,182,1,72
1993,"LAUDERDALE",28075,255,184,1,0,70,10,8,1,0,1,245,176,0,69
1994,"LAUDERDALE",28075,228,135,2,0,91,3,2,1,0,0,225,133,1,91
1995,"LAUDERDALE",28075,271,150,0,0,121,6,4,0,0,2,265,146,0,119
1996,"LAUDERDALE",28075,395,216,1,0,178,3,2,1,0,0,392,214,0,178
1997,"LAUDERDALE",28075,591,311,1,0,279,3,2,1,0,0,588,309,0,279
1998,"LAUDERDALE",28075,501,287,0,1,213,3,2,0,1,0,498,285,0,213
1999,"LAUDERDALE",28075,505,267,6,0,232,6,1,5,0,0,499,266,1,232
2000,"LAUDERDALE",28075,533,289,20,0,224,25,4,20,0,1,508,285,0,223
2001,"LAUDERDALE",28075,573,336,0,0,237,2,2,0,0,0,571,334,0,237
2002,"LAUDERDALE",28075,542,310,2,0,230,6,3,2,0,1,536,307,0,229
2003,"LAUDERDALE",28075,473,277,0,0,196,4,3,0,0,1,469,274,0,195
1990,"LAWRENCE",28077,48,27,0,0,21,1,1,0,0,0,47,26,0,21
1991,"LAWRENCE",28077,104,50,1,0,53,1,1,0,0,0,103,49,1,53
1992,"LAWRENCE",28077,73,38,0,0,35,1,1,0,0,0,72,37,0,35
1993,"LAWRENCE",28077,55,26,0,0,29,1,1,0,0,0,54,25,0,29
1994,"LAWRENCE",28077,55,30,0,0,25,0,0,0,0,0,55,30,0,25
1995,"LAWRENCE",28077,68,28,0,0,40,0,0,0,0,0,68,28,0,40
1996,"LAWRENCE",28077,87,35,0,0,52,0,0,0,0,0,87,35,0,52
1997,"LAWRENCE",28077,87,42,0,0,45,1,0,0,0,1,86,42,0,44
1998,"LAWRENCE",28077,87,50,0,0,37,0,0,0,0,0,87,50,0,37
1999,"LAWRENCE",28077,103,62,0,0,41,0,0,0,0,0,103,62,0,41
2000,"LAWRENCE",28077,102,49,0,0,53,1,1,0,0,0,101,48,0,53
2001,"LAWRENCE",28077,116,65,0,0,51,1,1,0,0,0,115,64,0,51
2002,"LAWRENCE",28077,103,53,0,0,50,1,1,0,0,0,102,52,0,50
2003,"LAWRENCE",28077,88,57,0,0,31,0,0,0,0,0,88,57,0,31
1990,"LEAKE",28079,62,33,0,2,27,3,1,0,2,0,59,32,0,27
1991,"LEAKE",28079,68,33,2,0,33,4,2,2,0,0,64,31,0,33
1992,"LEAKE",28079,67,39,1,1,26,4,2,1,1,0,63,37,0,26
1993,"LEAKE",28079,56,33,0,0,23,2,2,0,0,0,54,31,0,23
1994,"LEAKE",28079,67,42,0,0,25,0,0,0,0,0,67,42,0,25
1995,"LEAKE",28079,69,37,0,0,32,2,2,0,0,0,67,35,0,32
1996,"LEAKE",28079,120,62,1,0,57,3,1,1,0,1,117,61,0,56
1997,"LEAKE",28079,131,64,0,0,67,1,1,0,0,0,130,63,0,67
1998,"LEAKE",28079,138,67,2,0,69,2,0,2,0,0,136,67,0,69
1999,"LEAKE",28079,147,76,0,1,70,1,0,0,1,0,146,76,0,70
2000,"LEAKE",28079,129,65,0,0,64,2,2,0,0,0,127,63,0,64
2001,"LEAKE",28079,146,87,0,0,59,0,0,0,0,0,146,87,0,59
2002,"LEAKE",28079,133,58,2,1,72,3,0,2,1,0,130,58,0,72
2003,"LEAKE",28079,146,80,1,0,65,1,0,1,0,0,145,80,0,65
1990,"LEE",28081,381,272,3,0,106,17,14,3,0,0,364,258,0,106
1991,"LEE",28081,412,302,5,1,104,16,9,5,1,1,396,293,0,103
1992,"LEE",28081,434,356,2,0,76,13,10,2,0,1,421,346,0,75
1993,"LEE",28081,314,250,2,0,62,10,7,2,0,1,304,243,0,61
1994,"LEE",28081,259,206,1,0,52,8,7,1,0,0,251,199,0,52
1995,"LEE",28081,277,219,1,0,57,7,5,1,0,1,270,214,0,56
1996,"LEE",28081,379,278,5,1,95,12,5,5,1,1,367,273,0,94
1997,"LEE",28081,481,346,1,0,134,13,9,1,0,3,468,337,0,131
1998,"LEE",28081,509,367,6,0,136,17,10,6,0,1,492,357,0,135
1999,"LEE",28081,498,360,4,0,134,19,12,4,0,3,479,348,0,131
2000,"LEE",28081,477,339,0,0,138,6,5,0,0,1,471,334,0,137
2001,"LEE",28081,628,465,0,0,163,7,7,0,0,0,621,458,0,163
2002,"LEE",28081,664,509,1,0,154,6,5,1,0,0,658,504,0,154
2003,"LEE",28081,704,553,3,1,147,9,4,3,1,1,695,549,0,146
1990,"LEFLORE",28083,156,113,4,0,39,7,3,3,0,1,149,110,1,38
1991,"LEFLORE",28083,178,110,5,0,63,15,6,5,0,4,163,104,0,59
1992,"LEFLORE",28083,150,90,1,0,59,5,4,1,0,0,145,86,0,59
1993,"LEFLORE",28083,144,82,4,3,55,10,2,4,3,1,134,80,0,54
1994,"LEFLORE",28083,135,70,0,0,65,2,0,0,0,2,133,70,0,63
1995,"LEFLORE",28083,218,117,2,0,99,12,9,2,0,1,206,108,0,98
1996,"LEFLORE",28083,346,160,0,0,186,10,9,0,0,1,336,151,0,185
1997,"LEFLORE",28083,300,138,1,1,160,8,4,1,1,2,292,134,0,158
1998,"LEFLORE",28083,267,138,2,1,126,5,1,2,1,1,262,137,0,125
1999,"LEFLORE",28083,207,118,3,0,86,6,3,3,0,0,201,115,0,86
2000,"LEFLORE",28083,236,132,1,0,103,1,0,1,0,0,235,132,0,103
2001,"LEFLORE",28083,286,184,0,0,102,1,1,0,0,0,285,183,0,102
2002,"LEFLORE",28083,292,208,0,0,84,2,2,0,0,0,290,206,0,84
2003,"LEFLORE",28083,256,159,0,1,96,4,3,0,1,0,252,156,0,96
1990,"LINCOLN",28085,122,86,0,0,36,0,0,0,0,0,122,86,0,36
1991,"LINCOLN",28085,124,91,5,0,28,7,2,5,0,0,117,89,0,28
1992,"LINCOLN",28085,120,92,0,0,28,4,3,0,0,1,116,89,0,27
1993,"LINCOLN",28085,110,77,4,1,28,9,3,4,1,1,101,74,0,27
1994,"LINCOLN",28085,133,79,1,0,53,2,1,1,0,0,131,78,0,53
1995,"LINCOLN",28085,143,86,2,0,55,3,1,2,0,0,140,85,0,55
1996,"LINCOLN",28085,157,90,2,0,65,3,0,2,0,1,154,90,0,64
1997,"LINCOLN",28085,208,135,0,0,73,3,3,0,0,0,205,132,0,73
1998,"LINCOLN",28085,210,126,0,0,84,0,0,0,0,0,210,126,0,84
1999,"LINCOLN",28085,219,144,0,0,75,0,0,0,0,0,219,144,0,75
2000,"LINCOLN",28085,203,139,0,0,64,0,0,0,0,0,203,139,0,64
2001,"LINCOLN",28085,237,145,0,0,92,0,0,0,0,0,237,145,0,92
2002,"LINCOLN",28085,274,172,0,0,102,2,2,0,0,0,272,170,0,102
2003,"LINCOLN",28085,287,203,0,0,84,0,0,0,0,0,287,203,0,84
1990,"LOWNDES",28087,318,147,3,4,164,18,6,3,4,5,300,141,0,159
1991,"LOWNDES",28087,350,148,3,0,199,15,8,3,0,4,335,140,0,195
1992,"LOWNDES",28087,321,135,5,1,180,15,6,4,1,4,306,129,1,176
1993,"LOWNDES",28087,270,102,6,0,162,8,1,6,0,1,262,101,0,161
1994,"LOWNDES",28087,263,106,3,0,154,6,1,3,0,2,257,105,0,152
1995,"LOWNDES",28087,300,111,3,0,186,8,2,3,0,3,292,109,0,183
1996,"LOWNDES",28087,428,222,2,0,204,3,0,2,0,1,425,222,0,203
1997,"LOWNDES",28087,493,262,1,0,230,6,2,1,0,3,487,260,0,227
1998,"LOWNDES",28087,422,225,5,0,192,9,0,5,0,4,413,225,0,188
1999,"LOWNDES",28087,386,203,0,0,183,5,2,0,0,3,381,201,0,180
2000,"LOWNDES",28087,447,228,3,0,216,6,1,3,0,2,441,227,0,214
2001,"LOWNDES",28087,434,251,2,0,181,5,3,2,0,0,429,248,0,181
2002,"LOWNDES",28087,451,270,6,0,175,9,2,5,0,2,442,268,1,173
2003,"LOWNDES",28087,478,309,4,0,165,5,0,4,0,1,473,309,0,164
1990,"MADISON",28089,238,138,3,0,97,2,0,2,0,0,236,138,1,97
1991,"MADISON",28089,302,160,4,0,138,8,5,3,0,0,294,155,1,138
1992,"MADISON",28089,289,169,8,0,112,14,6,6,0,2,275,163,2,110
1993,"MADISON",28089,265,160,2,0,103,11,8,1,0,2,254,152,1,101
1994,"MADISON",28089,237,124,5,0,108,7,2,5,0,0,230,122,0,108
1995,"MADISON",28089,277,150,1,0,126,9,6,1,0,2,268,144,0,124
1996,"MADISON",28089,333,159,0,0,174,9,8,0,0,1,324,151,0,173
1997,"MADISON",28089,406,205,5,0,196,9,3,5,0,1,397,202,0,195
1998,"MADISON",28089,440,235,2,0,203,9,6,2,0,1,431,229,0,202
1999,"MADISON",28089,388,228,3,0,157,4,1,3,0,0,384,227,0,157
2000,"MADISON",28089,407,255,0,1,151,4,3,0,1,0,403,252,0,151
2001,"MADISON",28089,516,314,6,0,196,6,1,5,0,0,510,313,1,196
2002,"MADISON",28089,525,324,0,0,201,2,2,0,0,0,523,322,0,201
2003,"MADISON",28089,520,331,1,0,188,3,2,1,0,0,517,329,0,188
1990,"MARION",28091,102,66,0,0,36,0,0,0,0,0,102,66,0,36
1991,"MARION",28091,125,79,1,0,45,1,1,0,0,0,124,78,1,45
1992,"MARION",28091,139,67,6,0,66,4,0,4,0,0,135,67,2,66
1993,"MARION",28091,101,62,1,0,38,3,2,1,0,0,98,60,0,38
1994,"MARION",28091,84,54,1,0,29,1,1,0,0,0,83,53,1,29
1995,"MARION",28091,115,65,0,0,50,1,1,0,0,0,114,64,0,50
1996,"MARION",28091,113,61,1,0,51,1,0,1,0,0,112,61,0,51
1997,"MARION",28091,135,79,1,1,54,2,1,0,1,0,133,78,1,54
1998,"MARION",28091,141,83,0,0,58,1,1,0,0,0,140,82,0,58
1999,"MARION",28091,159,99,0,0,60,1,1,0,0,0,158,98,0,60
2000,"MARION",28091,127,83,0,0,44,0,0,0,0,0,127,83,0,44
2001,"MARION",28091,146,106,0,0,40,3,3,0,0,0,143,103,0,40
2002,"MARION",28091,153,101,1,0,51,4,2,1,0,1,149,99,0,50
2003,"MARION",28091,159,105,1,0,53,2,1,1,0,0,157,104,0,53
1990,"MARSHALL",28093,213,65,1,1,146,3,0,1,1,1,210,65,0,145
1991,"MARSHALL",28093,296,77,1,0,218,2,0,1,0,1,294,77,0,217
1992,"MARSHALL",28093,293,85,2,0,206,5,0,2,0,3,288,85,0,203
1993,"MARSHALL",28093,256,84,1,1,170,3,1,1,1,0,253,83,0,170
1994,"MARSHALL",28093,275,87,1,3,184,4,1,0,3,0,271,86,1,184
1995,"MARSHALL",28093,297,81,4,1,211,9,2,4,1,2,288,79,0,209
1996,"MARSHALL",28093,370,106,0,0,264,2,2,0,0,0,368,104,0,264
1997,"MARSHALL",28093,429,129,0,0,300,2,1,0,0,1,427,128,0,299
1998,"MARSHALL",28093,396,118,1,0,277,2,1,1,0,0,394,117,0,277
1999,"MARSHALL",28093,348,100,0,4,244,4,0,0,4,0,344,100,0,244
2000,"MARSHALL",28093,401,117,0,0,284,4,3,0,0,1,397,114,0,283
2001,"MARSHALL",28093,472,159,1,0,312,1,0,1,0,0,471,159,0,312
2002,"MARSHALL",28093,533,209,1,0,323,5,4,1,0,0,528,205,0,323
2003,"MARSHALL",28093,589,247,1,0,341,1,0,1,0,0,588,247,0,341
1990,"MONROE",28095,236,100,0,0,136,2,1,0,0,1,234,99,0,135
1991,"MONROE",28095,228,110,3,1,114,8,2,3,1,2,220,108,0,112
1992,"MONROE",28095,198,95,2,0,101,4,1,2,0,1,194,94,0,100
1993,"MONROE",28095,201,102,3,1,95,10,5,3,1,1,191,97,0,94
1994,"MONROE",28095,167,88,3,0,76,6,2,3,0,1,161,86,0,75
1995,"MONROE",28095,220,116,2,0,102,7,5,2,0,0,213,111,0,102
1996,"MONROE",28095,244,133,5,0,106,10,3,5,0,2,234,130,0,104
1997,"MONROE",28095,288,127,0,0,161,4,2,0,0,2,284,125,0,159
1998,"MONROE",28095,242,128,0,0,114,2,2,0,0,0,240,126,0,114
1999,"MONROE",28095,262,151,0,0,111,1,1,0,0,0,261,150,0,111
2000,"MONROE",28095,268,150,0,0,118,3,3,0,0,0,265,147,0,118
2001,"MONROE",28095,392,220,1,0,171,2,1,1,0,0,390,219,0,171
2002,"MONROE",28095,357,224,1,1,131,4,2,1,1,0,353,222,0,131
2003,"MONROE",28095,354,224,0,0,130,0,0,0,0,0,354,224,0,130
1990,"MONTGOMERY",28097,44,30,0,0,14,1,1,0,0,0,43,29,0,14
1991,"MONTGOMERY",28097,52,31,1,0,20,3,2,1,0,0,49,29,0,20
1992,"MONTGOMERY",28097,37,26,0,1,10,5,1,0,1,3,32,25,0,7
1993,"MONTGOMERY",28097,47,34,1,0,12,1,0,1,0,0,46,34,0,12
1994,"MONTGOMERY",28097,35,21,0,0,14,2,2,0,0,0,33,19,0,14
1995,"MONTGOMERY",28097,55,35,0,0,20,2,2,0,0,0,53,33,0,20
1996,"MONTGOMERY",28097,85,33,0,0,52,0,0,0,0,0,85,33,0,52
1997,"MONTGOMERY",28097,98,46,0,0,52,1,1,0,0,0,97,45,0,52
1998,"MONTGOMERY",28097,80,46,0,0,34,2,1,0,0,1,78,45,0,33
1999,"MONTGOMERY",28097,79,32,0,0,47,0,0,0,0,0,79,32,0,47
2000,"MONTGOMERY",28097,73,40,0,0,33,3,2,0,0,1,70,38,0,32
2001,"MONTGOMERY",28097,87,41,0,0,46,1,1,0,0,0,86,40,0,46
2002,"MONTGOMERY",28097,78,39,0,1,38,1,0,0,1,0,77,39,0,38
2003,"MONTGOMERY",28097,99,55,0,0,44,0,0,0,0,0,99,55,0,44
1990,"NESHOBA",28099,48,33,0,1,14,1,0,0,1,0,47,33,0,14
1991,"NESHOBA",28099,38,29,0,0,9,1,0,0,0,1,37,29,0,8
1992,"NESHOBA",28099,47,34,1,0,12,4,3,1,0,0,43,31,0,12
1993,"NESHOBA",28099,31,21,0,0,10,2,2,0,0,0,29,19,0,10
1994,"NESHOBA",28099,42,29,0,0,13,2,2,0,0,0,40,27,0,13
1995,"NESHOBA",28099,69,46,1,0,22,1,1,0,0,0,68,45,1,22
1996,"NESHOBA",28099,96,58,1,0,37,0,0,0,0,0,96,58,1,37
1997,"NESHOBA",28099,128,87,0,0,41,0,0,0,0,0,128,87,0,41
1998,"NESHOBA",28099,139,83,0,0,56,0,0,0,0,0,139,83,0,56
1999,"NESHOBA",28099,128,87,0,0,41,1,1,0,0,0,127,86,0,41
2000,"NESHOBA",28099,109,72,0,0,37,0,0,0,0,0,109,72,0,37
2001,"NESHOBA",28099,181,115,0,0,66,2,2,0,0,0,179,113,0,66
2002,"NESHOBA",28099,138,78,0,0,60,0,0,0,0,0,138,78,0,60
2003,"NESHOBA",28099,120,74,0,0,46,2,2,0,0,0,118,72,0,46
1990,"NEWTON",28101,59,34,0,0,25,0,0,0,0,0,59,34,0,25
1991,"NEWTON",28101,72,51,0,1,20,2,0,0,1,1,70,51,0,19
1992,"NEWTON",28101,77,47,0,2,28,5,3,0,2,0,72,44,0,28
1993,"NEWTON",28101,84,55,3,0,26,4,1,2,0,1,80,54,1,25
1994,"NEWTON",28101,80,50,1,0,29,3,1,1,0,1,77,49,0,28
1995,"NEWTON",28101,112,60,0,0,52,2,2,0,0,0,110,58,0,52
1996,"NEWTON",28101,132,73,0,0,59,0,0,0,0,0,132,73,0,59
1997,"NEWTON",28101,150,67,0,0,83,2,2,0,0,0,148,65,0,83
1998,"NEWTON",28101,126,62,0,0,64,0,0,0,0,0,126,62,0,64
1999,"NEWTON",28101,143,73,0,0,70,0,0,0,0,0,143,73,0,70
2000,"NEWTON",28101,136,70,0,0,66,1,1,0,0,0,135,69,0,66
2001,"NEWTON",28101,155,88,1,0,66,1,0,1,0,0,154,88,0,66
2002,"NEWTON",28101,144,91,0,0,53,1,0,0,0,1,143,91,0,52
2003,"NEWTON",28101,133,86,0,0,47,1,1,0,0,0,132,85,0,47
1990,"NOXUBEE",28103,34,16,1,0,17,1,0,1,0,0,33,16,0,17
1991,"NOXUBEE",28103,36,12,1,1,22,2,0,1,1,0,34,12,0,22
1992,"NOXUBEE",28103,36,13,0,0,23,1,1,0,0,0,35,12,0,23
1993,"NOXUBEE",28103,30,9,0,0,21,0,0,0,0,0,30,9,0,21
1994,"NOXUBEE",28103,23,4,0,0,19,0,0,0,0,0,23,4,0,19
1995,"NOXUBEE",28103,38,6,1,1,30,2,0,1,1,0,36,6,0,30
1996,"NOXUBEE",28103,46,13,0,0,33,0,0,0,0,0,46,13,0,33
1997,"NOXUBEE",28103,54,19,2,0,33,1,0,1,0,0,53,19,1,33
1998,"NOXUBEE",28103,75,21,0,0,54,0,0,0,0,0,75,21,0,54
1999,"NOXUBEE",28103,74,30,1,0,43,1,0,1,0,0,73,30,0,43
2000,"NOXUBEE",28103,79,24,0,0,55,1,1,0,0,0,78,23,0,55
2001,"NOXUBEE",28103,69,27,0,0,42,1,1,0,0,0,68,26,0,42
2002,"NOXUBEE",28103,64,20,1,0,43,0,0,0,0,0,64,20,1,43
2003,"NOXUBEE",28103,67,23,0,0,44,0,0,0,0,0,67,23,0,44
1990,"OKTIBBEHA",28105,100,45,1,0,54,2,1,0,0,1,98,44,1,53
1991,"OKTIBBEHA",28105,123,55,2,0,66,8,6,2,0,0,115,49,0,66
1992,"OKTIBBEHA",28105,124,62,3,0,59,9,4,3,0,2,115,58,0,57
1993,"OKTIBBEHA",28105,107,60,1,0,46,6,5,1,0,0,101,55,0,46
1994,"OKTIBBEHA",28105,103,47,2,0,54,3,1,2,0,0,100,46,0,54
1995,"OKTIBBEHA",28105,120,46,2,0,72,3,0,2,0,1,117,46,0,71
1996,"OKTIBBEHA",28105,145,60,0,0,85,2,2,0,0,0,143,58,0,85
1997,"OKTIBBEHA",28105,217,94,1,0,122,2,0,1,0,1,215,94,0,121
1998,"OKTIBBEHA",28105,177,77,1,0,99,2,1,1,0,0,175,76,0,99
1999,"OKTIBBEHA",28105,185,80,0,0,105,2,2,0,0,0,183,78,0,105
2000,"OKTIBBEHA",28105,210,81,1,0,128,3,1,1,0,1,207,80,0,127
2001,"OKTIBBEHA",28105,265,132,1,0,132,4,2,1,0,1,261,130,0,131
2002,"OKTIBBEHA",28105,305,150,1,0,154,1,0,1,0,0,304,150,0,154
2003,"OKTIBBEHA",28105,259,146,1,2,110,3,0,1,2,0,256,146,0,110
1990,"PANOLA",28107,129,94,1,0,34,3,2,1,0,0,126,92,0,34
1991,"PANOLA",28107,195,128,2,0,65,6,4,2,0,0,189,124,0,65
1992,"PANOLA",28107,176,106,1,1,68,7,3,1,1,2,169,103,0,66
1993,"PANOLA",28107,183,82,0,1,100,5,3,0,1,1,178,79,0,99
1994,"PANOLA",28107,187,78,1,0,108,3,2,1,0,0,184,76,0,108
1995,"PANOLA",28107,243,119,0,0,124,3,3,0,0,0,240,116,0,124
1996,"PANOLA",28107,288,114,0,3,171,9,3,0,3,3,279,111,0,168
1997,"PANOLA",28107,362,160,1,0,201,10,6,1,0,3,352,154,0,198
1998,"PANOLA",28107,340,139,1,1,199,3,1,1,1,0,337,138,0,199
1999,"PANOLA",28107,306,124,1,1,180,6,3,1,1,1,300,121,0,179
2000,"PANOLA",28107,287,126,0,0,161,2,2,0,0,0,285,124,0,161
2001,"PANOLA",28107,342,150,4,0,188,9,5,4,0,0,333,145,0,188
2002,"PANOLA",28107,368,182,0,0,186,2,2,0,0,0,366,180,0,186
2003,"PANOLA",28107,373,212,0,0,161,5,5,0,0,0,368,207,0,161
1990,"PEARL RIVER",28109,114,77,2,0,35,2,1,1,0,0,112,76,1,35
1991,"PEARL RIVER",28109,180,109,5,1,65,2,0,1,1,0,178,109,4,65
1992,"PEARL RIVER",28109,132,79,1,0,52,0,0,0,0,0,132,79,1,52
1993,"PEARL RIVER",28109,105,65,1,0,39,3,2,1,0,0,102,63,0,39
1994,"PEARL RIVER",28109,88,55,0,1,32,3,2,0,1,0,85,53,0,32
1995,"PEARL RIVER",28109,126,83,2,0,41,3,2,1,0,0,123,81,1,41
1996,"PEARL RIVER",28109,158,108,0,0,50,0,0,0,0,0,158,108,0,50
1997,"PEARL RIVER",28109,185,116,0,0,69,2,2,0,0,0,183,114,0,69
1998,"PEARL RIVER",28109,228,156,0,1,71,3,2,0,1,0,225,154,0,71
1999,"PEARL RIVER",28109,246,156,0,0,90,2,2,0,0,0,244,154,0,90
2000,"PEARL RIVER",28109,247,157,1,0,89,1,0,1,0,0,246,157,0,89
2001,"PEARL RIVER",28109,306,252,1,1,52,4,1,1,1,1,302,251,0,51
2002,"PEARL RIVER",28109,281,229,2,0,50,9,7,2,0,0,272,222,0,50
2003,"PEARL RIVER",28109,293,245,2,0,46,15,9,2,0,4,278,236,0,42
1990,"PERRY",28111,25,20,0,0,5,0,0,0,0,0,25,20,0,5
1991,"PERRY",28111,44,24,0,0,20,0,0,0,0,0,44,24,0,20
1992,"PERRY",28111,61,32,0,0,29,0,0,0,0,0,61,32,0,29
1993,"PERRY",28111,42,24,0,1,17,1,0,0,1,0,41,24,0,17
1994,"PERRY",28111,30,14,0,0,16,0,0,0,0,0,30,14,0,16
1995,"PERRY",28111,33,21,0,0,12,0,0,0,0,0,33,21,0,12
1996,"PERRY",28111,59,34,0,0,25,0,0,0,0,0,59,34,0,25
1997,"PERRY",28111,64,41,0,0,23,1,1,0,0,0,63,40,0,23
1998,"PERRY",28111,64,39,0,0,25,1,1,0,0,0,63,38,0,25
1999,"PERRY",28111,79,47,0,0,32,1,1,0,0,0,78,46,0,32
2000,"PERRY",28111,70,42,0,0,28,1,1,0,0,0,69,41,0,28
2001,"PERRY",28111,71,51,0,0,20,0,0,0,0,0,71,51,0,20
2002,"PERRY",28111,85,56,0,0,29,1,1,0,0,0,84,55,0,29
2003,"PERRY",28111,74,54,0,0,20,1,1,0,0,0,73,53,0,20
1990,"PIKE",28113,119,93,0,0,26,0,0,0,0,0,119,93,0,26
1991,"PIKE",28113,152,115,4,2,31,5,2,1,2,0,147,113,3,31
1992,"PIKE",28113,133,103,1,1,28,11,7,1,1,2,122,96,0,26
1993,"PIKE",28113,127,92,0,0,35,3,2,0,0,1,124,90,0,34
1994,"PIKE",28113,134,102,2,0,30,4,2,2,0,0,130,100,0,30
1995,"PIKE",28113,159,108,0,0,51,3,3,0,0,0,156,105,0,51
1996,"PIKE",28113,214,145,0,0,69,4,4,0,0,0,210,141,0,69
1997,"PIKE",28113,271,143,0,0,128,2,1,0,0,1,269,142,0,127
1998,"PIKE",28113,299,180,0,0,119,2,1,0,0,1,297,179,0,118
1999,"PIKE",28113,308,180,0,0,128,0,0,0,0,0,308,180,0,128
2000,"PIKE",28113,301,189,0,0,112,1,1,0,0,0,300,188,0,112
2001,"PIKE",28113,393,277,0,0,116,1,1,0,0,0,392,276,0,116
2002,"PIKE",28113,389,248,0,0,141,1,1,0,0,0,388,247,0,141
2003,"PIKE",28113,411,270,0,0,141,3,3,0,0,0,408,267,0,141
1990,"PONTOTOC",28115,95,65,1,1,28,4,1,1,1,1,91,64,0,27
1991,"PONTOTOC",28115,87,57,0,1,29,4,3,0,1,0,83,54,0,29
1992,"PONTOTOC",28115,94,71,0,1,22,5,4,0,1,0,89,67,0,22
1993,"PONTOTOC",28115,98,77,1,2,18,7,2,1,2,2,91,75,0,16
1994,"PONTOTOC",28115,94,70,1,0,23,2,1,1,0,0,92,69,0,23
1995,"PONTOTOC",28115,92,68,1,0,23,5,0,1,0,4,87,68,0,19
1996,"PONTOTOC",28115,121,92,0,0,29,6,2,0,0,4,115,90,0,25
1997,"PONTOTOC",28115,156,117,0,0,39,3,2,0,0,1,153,115,0,38
1998,"PONTOTOC",28115,158,120,0,0,38,1,1,0,0,0,157,119,0,38
1999,"PONTOTOC",28115,137,89,2,0,46,5,2,2,0,1,132,87,0,45
2000,"PONTOTOC",28115,178,129,0,0,49,5,3,0,0,2,173,126,0,47
2001,"PONTOTOC",28115,221,162,1,0,58,1,0,1,0,0,220,162,0,58
2002,"PONTOTOC",28115,215,163,0,0,52,1,1,0,0,0,214,162,0,52
2003,"PONTOTOC",28115,254,215,0,0,39,5,5,0,0,0,249,210,0,39
1990,"PRENTISS",28117,79,76,0,0,3,3,3,0,0,0,76,73,0,3
1991,"PRENTISS",28117,83,70,0,0,13,4,4,0,0,0,79,66,0,13
1992,"PRENTISS",28117,90,79,0,0,11,1,1,0,0,0,89,78,0,11
1993,"PRENTISS",28117,68,54,0,1,13,1,0,0,1,0,67,54,0,13
1994,"PRENTISS",28117,68,66,0,0,2,2,1,0,0,1,66,65,0,1
1995,"PRENTISS",28117,91,86,0,0,5,2,2,0,0,0,89,84,0,5
1996,"PRENTISS",28117,120,105,1,0,14,5,4,1,0,0,115,101,0,14
1997,"PRENTISS",28117,156,118,0,0,38,4,4,0,0,0,152,114,0,38
1998,"PRENTISS",28117,131,110,0,0,21,3,3,0,0,0,128,107,0,21
1999,"PRENTISS",28117,136,106,1,0,29,3,1,1,0,1,133,105,0,28
2000,"PRENTISS",28117,129,109,0,0,20,3,2,0,0,1,126,107,0,19
2001,"PRENTISS",28117,222,186,0,0,36,1,1,0,0,0,221,185,0,36
2002,"PRENTISS",28117,218,176,0,0,42,0,0,0,0,0,218,176,0,42
2003,"PRENTISS",28117,190,161,2,0,27,2,0,2,0,0,188,161,0,27
1990,"QUITMAN",28119,34,24,0,1,9,5,4,0,1,0,29,20,0,9
1991,"QUITMAN",28119,38,24,1,0,13,2,1,1,0,0,36,23,0,13
1992,"QUITMAN",28119,27,19,0,0,8,0,0,0,0,0,27,19,0,8
1993,"QUITMAN",28119,24,21,0,0,3,4,4,0,0,0,20,17,0,3
1994,"QUITMAN",28119,20,10,0,0,10,2,2,0,0,0,18,8,0,10
1995,"QUITMAN",28119,35,22,1,1,11,3,1,1,1,0,32,21,0,11
1996,"QUITMAN",28119,54,30,1,0,23,0,0,0,0,0,54,30,1,23
1997,"QUITMAN",28119,65,35,0,0,30,4,3,0,0,1,61,32,0,29
1998,"QUITMAN",28119,63,28,0,2,33,2,0,0,2,0,61,28,0,33
1999,"QUITMAN",28119,68,30,0,0,38,0,0,0,0,0,68,30,0,38
2000,"QUITMAN",28119,76,29,1,0,46,1,0,1,0,0,75,29,0,46
2001,"QUITMAN",28119,96,51,0,0,45,1,1,0,0,0,95,50,0,45
2002,"QUITMAN",28119,97,50,1,0,46,1,0,1,0,0,96,50,0,46
2003,"QUITMAN",28119,96,52,1,1,42,3,1,1,1,0,93,51,0,42
1990,"RANKIN",28121,572,398,4,0,170,4,0,4,0,0,568,398,0,170
1991,"RANKIN",28121,618,402,7,0,209,13,5,7,0,1,605,397,0,208
1992,"RANKIN",28121,631,422,7,0,202,36,24,7,0,5,595,398,0,197
1993,"RANKIN",28121,495,304,2,0,189,11,6,2,0,3,484,298,0,186
1994,"RANKIN",28121,484,320,2,0,162,8,5,2,0,1,476,315,0,161
1995,"RANKIN",28121,506,329,2,0,175,6,4,2,0,0,500,325,0,175
1996,"RANKIN",28121,705,439,3,0,263,15,8,3,0,4,690,431,0,259
1997,"RANKIN",28121,974,614,2,0,358,22,18,2,0,2,952,596,0,356
1998,"RANKIN",28121,934,613,0,0,321,6,6,0,0,0,928,607,0,321
1999,"RANKIN",28121,827,537,3,0,287,9,6,3,0,0,818,531,0,287
2000,"RANKIN",28121,920,603,5,1,311,10,5,4,1,0,910,598,1,311
2001,"RANKIN",28121,1151,794,4,0,353,10,6,4,0,0,1141,788,0,353
2002,"RANKIN",28121,1090,760,4,0,326,8,5,3,0,0,1082,755,1,326
2003,"RANKIN",28121,1069,773,1,0,295,3,2,1,0,0,1066,771,0,295
1990,"SCOTT",28123,122,64,0,1,57,1,0,0,1,0,121,64,0,57
1991,"SCOTT",28123,123,52,0,0,71,1,1,0,0,0,122,51,0,71
1992,"SCOTT",28123,108,42,0,2,64,3,0,0,2,1,105,42,0,63
1993,"SCOTT",28123,102,45,0,0,57,3,2,0,0,1,99,43,0,56
1994,"SCOTT",28123,125,53,0,0,72,0,0,0,0,0,125,53,0,72
1995,"SCOTT",28123,152,68,2,1,81,5,1,2,1,1,147,67,0,80
1996,"SCOTT",28123,255,109,1,0,145,2,1,1,0,0,253,108,0,145
1997,"SCOTT",28123,279,130,0,0,149,1,0,0,0,1,278,130,0,148
1998,"SCOTT",28123,270,116,2,0,152,3,1,2,0,0,267,115,0,152
1999,"SCOTT",28123,217,100,0,0,117,0,0,0,0,0,217,100,0,117
2000,"SCOTT",28123,220,104,1,0,115,2,1,1,0,0,218,103,0,115
2001,"SCOTT",28123,225,114,2,0,109,2,0,2,0,0,223,114,0,109
2002,"SCOTT",28123,245,122,1,0,122,0,0,0,0,0,245,122,1,122
2003,"SCOTT",28123,244,144,1,1,98,2,0,1,1,0,242,144,0,98
1990,"SHARKEY",28125,8,5,0,0,3,0,0,0,0,0,8,5,0,3
1991,"SHARKEY",28125,8,7,0,0,1,0,0,0,0,0,8,7,0,1
1992,"SHARKEY",28125,11,7,0,0,4,1,1,0,0,0,10,6,0,4
1993,"SHARKEY",28125,13,7,2,1,3,4,1,2,1,0,9,6,0,3
1994,"SHARKEY",28125,14,11,0,0,3,1,1,0,0,0,13,10,0,3
1995,"SHARKEY",28125,15,12,0,0,3,0,0,0,0,0,15,12,0,3
1996,"SHARKEY",28125,24,19,0,0,5,1,1,0,0,0,23,18,0,5
1997,"SHARKEY",28125,26,14,0,2,10,2,0,0,2,0,24,14,0,10
1998,"SHARKEY",28125,21,15,0,1,5,1,0,0,1,0,20,15,0,5
1999,"SHARKEY",28125,25,17,0,2,6,2,0,0,2,0,23,17,0,6
2000,"SHARKEY",28125,22,21,0,0,1,0,0,0,0,0,22,21,0,1
2001,"SHARKEY",28125,32,22,1,1,8,1,0,0,1,0,31,22,1,8
2002,"SHARKEY",28125,34,24,0,0,10,0,0,0,0,0,34,24,0,10
2003,"SHARKEY",28125,33,24,2,0,7,2,0,2,0,0,31,24,0,7
1990,"SIMPSON",28127,128,50,1,1,76,2,0,1,1,0,126,50,0,76
1991,"SIMPSON",28127,151,73,1,1,76,4,2,1,1,0,147,71,0,76
1992,"SIMPSON",28127,123,58,1,1,63,5,3,1,1,0,118,55,0,63
1993,"SIMPSON",28127,172,67,0,0,105,1,1,0,0,0,171,66,0,105
1994,"SIMPSON",28127,146,54,0,0,92,1,1,0,0,0,145,53,0,92
1995,"SIMPSON",28127,162,68,0,0,94,0,0,0,0,0,162,68,0,94
1996,"SIMPSON",28127,186,94,0,0,92,1,1,0,0,0,185,93,0,92
1997,"SIMPSON",28127,257,109,0,0,148,2,2,0,0,0,255,107,0,148
1998,"SIMPSON",28127,205,100,0,0,105,0,0,0,0,0,205,100,0,105
1999,"SIMPSON",28127,189,101,1,0,87,1,0,1,0,0,188,101,0,87
2000,"SIMPSON",28127,242,124,0,0,118,4,4,0,0,0,238,120,0,118
2001,"SIMPSON",28127,238,118,0,0,120,1,1,0,0,0,237,117,0,120
2002,"SIMPSON",28127,298,167,0,1,130,1,0,0,1,0,297,167,0,130
2003,"SIMPSON",28127,246,150,0,1,95,2,1,0,1,0,244,149,0,95
1990,"SMITH",28129,66,19,1,1,45,2,0,1,1,0,64,19,0,45
1991,"SMITH",28129,80,30,0,0,50,0,0,0,0,0,80,30,0,50
1992,"SMITH",28129,74,30,0,0,44,2,0,0,0,2,72,30,0,42
1993,"SMITH",28129,55,20,0,0,35,0,0,0,0,0,55,20,0,35
1994,"SMITH",28129,66,29,0,0,37,0,0,0,0,0,66,29,0,37
1995,"SMITH",28129,77,43,0,0,34,2,1,0,0,1,75,42,0,33
1996,"SMITH",28129,78,30,0,0,48,0,0,0,0,0,78,30,0,48
1997,"SMITH",28129,83,33,0,1,49,1,0,0,1,0,82,33,0,49
1998,"SMITH",28129,68,27,0,0,41,0,0,0,0,0,68,27,0,41
1999,"SMITH",28129,82,36,0,0,46,0,0,0,0,0,82,36,0,46
2000,"SMITH",28129,78,30,0,0,48,1,1,0,0,0,77,29,0,48
2001,"SMITH",28129,89,43,0,0,46,0,0,0,0,0,89,43,0,46
2002,"SMITH",28129,79,37,0,0,42,1,1,0,0,0,78,36,0,42
2003,"SMITH",28129,61,36,0,0,25,0,0,0,0,0,61,36,0,25
1990,"STONE",28131,42,31,3,0,8,1,0,1,0,0,41,31,2,8
1991,"STONE",28131,48,34,0,0,14,0,0,0,0,0,48,34,0,14
1992,"STONE",28131,58,40,0,0,18,0,0,0,0,0,58,40,0,18
1993,"STONE",28131,42,30,1,1,10,2,1,0,1,0,40,29,1,10
1994,"STONE",28131,47,34,0,0,13,1,1,0,0,0,46,33,0,13
1995,"STONE",28131,39,27,0,0,12,0,0,0,0,0,39,27,0,12
1996,"STONE",28131,56,35,0,0,21,0,0,0,0,0,56,35,0,21
1997,"STONE",28131,52,36,0,0,16,0,0,0,0,0,52,36,0,16
1998,"STONE",28131,70,50,0,0,20,1,1,0,0,0,69,49,0,20
1999,"STONE",28131,77,59,1,0,17,0,0,0,0,0,77,59,1,17
2000,"STONE",28131,88,67,0,0,21,3,3,0,0,0,85,64,0,21
2001,"STONE",28131,112,79,0,0,33,5,5,0,0,0,107,74,0,33
2002,"STONE",28131,121,95,0,0,26,3,3,0,0,0,118,92,0,26
2003,"STONE",28131,95,75,0,0,20,2,2,0,0,0,93,73,0,20
1990,"SUNFLOWER",28133,122,86,0,1,35,5,4,0,1,0,117,82,0,35
1991,"SUNFLOWER",28133,122,70,0,3,49,9,6,0,3,0,113,64,0,49
1992,"SUNFLOWER",28133,121,73,2,4,42,15,6,2,4,3,106,67,0,39
1993,"SUNFLOWER",28133,119,73,1,3,42,7,3,1,3,0,112,70,0,42
1994,"SUNFLOWER",28133,93,45,1,0,47,4,1,1,0,2,89,44,0,45
1995,"SUNFLOWER",28133,137,84,1,0,52,7,4,1,0,2,130,80,0,50
1996,"SUNFLOWER",28133,161,87,0,0,74,2,2,0,0,0,159,85,0,74
1997,"SUNFLOWER",28133,190,115,0,0,75,4,3,0,0,1,186,112,0,74
1998,"SUNFLOWER",28133,197,122,2,0,73,7,5,2,0,0,190,117,0,73
1999,"SUNFLOWER",28133,154,79,1,1,73,3,0,1,1,1,151,79,0,72
2000,"SUNFLOWER",28133,156,81,0,2,73,2,0,0,2,0,154,81,0,73
2001,"SUNFLOWER",28133,226,121,2,1,102,5,1,2,1,1,221,120,0,101
2002,"SUNFLOWER",28133,232,141,10,0,81,14,4,10,0,0,218,137,0,81
2003,"SUNFLOWER",28133,179,117,1,2,59,8,5,1,2,0,171,112,0,59
1990,"TALLAHATCHIE",28135,45,20,0,3,22,6,2,0,3,1,39,18,0,21
1991,"TALLAHATCHIE",28135,66,35,1,6,24,10,3,1,6,0,56,32,0,24
1992,"TALLAHATCHIE",28135,44,28,0,3,13,5,1,0,3,1,39,27,0,12
1993,"TALLAHATCHIE",28135,44,15,0,1,28,2,0,0,1,1,42,15,0,27
1994,"TALLAHATCHIE",28135,32,11,1,0,20,2,1,1,0,0,30,10,0,20
1995,"TALLAHATCHIE",28135,59,26,0,0,33,1,1,0,0,0,58,25,0,33
1996,"TALLAHATCHIE",28135,120,46,0,3,71,4,1,0,3,0,116,45,0,71
1997,"TALLAHATCHIE",28135,141,68,0,1,72,2,1,0,1,0,139,67,0,72
1998,"TALLAHATCHIE",28135,120,60,0,3,57,6,3,0,3,0,114,57,0,57
1999,"TALLAHATCHIE",28135,101,41,0,2,58,2,0,0,2,0,99,41,0,58
2000,"TALLAHATCHIE",28135,88,42,2,0,44,2,0,2,0,0,86,42,0,44
2001,"TALLAHATCHIE",28135,140,72,0,0,68,2,2,0,0,0,138,70,0,68
2002,"TALLAHATCHIE",28135,126,70,0,0,56,0,0,0,0,0,126,70,0,56
2003,"TALLAHATCHIE",28135,123,60,0,0,63,0,0,0,0,0,123,60,0,63
1990,"TATE",28137,74,38,0,1,35,3,2,0,1,0,71,36,0,35
1991,"TATE",28137,128,54,0,1,73,3,2,0,1,0,125,52,0,73
1992,"TATE",28137,138,57,0,0,81,2,1,0,0,1,136,56,0,80
1993,"TATE",28137,128,51,1,0,76,5,2,1,0,2,123,49,0,74
1994,"TATE",28137,121,50,2,0,69,2,0,2,0,0,119,50,0,69
1995,"TATE",28137,131,49,0,0,82,2,2,0,0,0,129,47,0,82
1996,"TATE",28137,159,76,0,0,83,2,1,0,0,1,157,75,0,82
1997,"TATE",28137,242,123,0,0,119,6,4,0,0,2,236,119,0,117
1998,"TATE",28137,166,79,0,0,87,1,0,0,0,1,165,79,0,86
1999,"TATE",28137,183,89,0,0,94,3,3,0,0,0,180,86,0,94
2000,"TATE",28137,187,98,1,0,88,5,3,1,0,1,182,95,0,87
2001,"TATE",28137,229,102,0,0,127,0,0,0,0,0,229,102,0,127
2002,"TATE",28137,297,156,0,0,141,2,2,0,0,0,295,154,0,141
2003,"TATE",28137,310,163,0,0,147,2,2,0,0,0,308,161,0,147
1990,"TIPPAH",28139,57,32,1,1,23,3,1,1,1,0,54,31,0,23
1991,"TIPPAH",28139,63,48,0,1,14,1,0,0,1,0,62,48,0,14
1992,"TIPPAH",28139,66,54,1,0,11,1,0,1,0,0,65,54,0,11
1993,"TIPPAH",28139,76,53,0,2,21,2,0,0,2,0,74,53,0,21
1994,"TIPPAH",28139,59,36,0,1,22,3,2,0,1,0,56,34,0,22
1995,"TIPPAH",28139,59,47,0,0,12,2,1,0,0,1,57,46,0,11
1996,"TIPPAH",28139,101,71,1,0,29,2,1,1,0,0,99,70,0,29
1997,"TIPPAH",28139,116,85,1,1,29,2,0,1,1,0,114,85,0,29
1998,"TIPPAH",28139,108,90,0,0,18,2,2,0,0,0,106,88,0,18
1999,"TIPPAH",28139,111,83,0,1,27,1,0,0,1,0,110,83,0,27
2000,"TIPPAH",28139,136,106,0,0,30,3,3,0,0,0,133,103,0,30
2001,"TIPPAH",28139,169,132,1,0,36,4,3,1,0,0,165,129,0,36
2002,"TIPPAH",28139,175,126,1,0,48,2,0,1,0,1,173,126,0,47
2003,"TIPPAH",28139,207,171,1,1,34,8,3,1,1,3,199,168,0,31
1990,"TISHOMINGO",28141,54,51,1,0,2,4,3,1,0,0,50,48,0,2
1991,"TISHOMINGO",28141,39,33,0,0,6,0,0,0,0,0,39,33,0,6
1992,"TISHOMINGO",28141,64,57,0,0,7,3,3,0,0,0,61,54,0,7
1993,"TISHOMINGO",28141,58,55,0,0,3,2,2,0,0,0,56,53,0,3
1994,"TISHOMINGO",28141,70,66,0,0,4,1,1,0,0,0,69,65,0,4
1995,"TISHOMINGO",28141,67,62,0,0,5,3,3,0,0,0,64,59,0,5
1996,"TISHOMINGO",28141,70,66,0,0,4,3,3,0,0,0,67,63,0,4
1997,"TISHOMINGO",28141,94,87,0,0,7,2,2,0,0,0,92,85,0,7
1998,"TISHOMINGO",28141,102,90,0,0,12,4,2,0,0,2,98,88,0,10
1999,"TISHOMINGO",28141,116,101,0,0,15,1,1,0,0,0,115,100,0,15
2000,"TISHOMINGO",28141,136,118,1,0,17,4,3,1,0,0,132,115,0,17
2001,"TISHOMINGO",28141,144,126,0,0,18,2,2,0,0,0,142,124,0,18
2002,"TISHOMINGO",28141,143,126,0,0,17,1,0,0,0,1,142,126,0,16
2003,"TISHOMINGO",28141,164,151,0,0,13,2,2,0,0,0,162,149,0,13
1990,"TUNICA",28143,26,15,2,0,9,3,1,2,0,0,23,14,0,9
1991,"TUNICA",28143,26,8,2,0,16,2,0,2,0,0,24,8,0,16
1992,"TUNICA",28143,34,15,0,2,17,2,0,0,2,0,32,15,0,17
1993,"TUNICA",28143,35,18,1,2,14,3,0,1,2,0,32,18,0,14
1994,"TUNICA",28143,23,11,0,1,11,1,0,0,1,0,22,11,0,11
1995,"TUNICA",28143,34,18,0,0,16,2,2,0,0,0,32,16,0,16
1996,"TUNICA",28143,47,21,0,0,26,0,0,0,0,0,47,21,0,26
1997,"TUNICA",28143,89,35,0,0,54,5,4,0,0,1,84,31,0,53
1998,"TUNICA",28143,75,29,0,0,46,1,0,0,0,1,74,29,0,45
1999,"TUNICA",28143,65,29,0,0,36,0,0,0,0,0,65,29,0,36
2000,"TUNICA",28143,71,29,1,0,41,1,0,1,0,0,70,29,0,41
2001,"TUNICA",28143,119,58,0,0,61,3,3,0,0,0,116,55,0,61
2002,"TUNICA",28143,123,53,1,0,69,3,2,1,0,0,120,51,0,69
2003,"TUNICA",28143,135,62,0,1,72,3,2,0,1,0,132,60,0,72
1990,"UNION",28145,120,103,2,1,14,6,3,2,1,0,114,100,0,14
1991,"UNION",28145,118,96,0,3,19,5,1,0,3,1,113,95,0,18
1992,"UNION",28145,84,66,0,0,18,1,0,0,0,1,83,66,0,17
1993,"UNION",28145,91,69,0,2,20,3,0,0,2,1,88,69,0,19
1994,"UNION",28145,86,61,0,1,24,2,0,0,1,1,84,61,0,23
1995,"UNION",28145,102,83,0,0,19,1,1,0,0,0,101,82,0,19
1996,"UNION",28145,144,118,2,0,24,7,5,2,0,0,137,113,0,24
1997,"UNION",28145,156,113,1,0,42,3,1,1,0,1,153,112,0,41
1998,"UNION",28145,131,103,0,0,28,2,2,0,0,0,129,101,0,28
1999,"UNION",28145,144,110,0,0,34,2,2,0,0,0,142,108,0,34
2000,"UNION",28145,159,110,0,0,49,2,2,0,0,0,157,108,0,49
2001,"UNION",28145,191,147,0,0,44,1,1,0,0,0,190,146,0,44
2002,"UNION",28145,202,151,4,0,47,8,4,4,0,0,194,147,0,47
2003,"UNION",28145,239,194,0,0,45,2,2,0,0,0,237,192,0,45
1990,"WALTHALL",28147,30,23,2,0,5,0,0,0,0,0,30,23,2,5
1991,"WALTHALL",28147,28,17,2,0,9,2,0,2,0,0,26,17,0,9
1992,"WALTHALL",28147,25,14,0,1,10,1,0,0,1,0,24,14,0,10
1993,"WALTHALL",28147,30,17,0,0,13,0,0,0,0,0,30,17,0,13
1994,"WALTHALL",28147,28,16,0,0,12,0,0,0,0,0,28,16,0,12
1995,"WALTHALL",28147,28,18,0,0,10,0,0,0,0,0,28,18,0,10
1996,"WALTHALL",28147,56,33,0,1,22,1,0,0,1,0,55,33,0,22
1997,"WALTHALL",28147,69,36,0,0,33,0,0,0,0,0,69,36,0,33
1998,"WALTHALL",28147,79,56,0,0,23,0,0,0,0,0,79,56,0,23
1999,"WALTHALL",28147,86,55,0,0,31,0,0,0,0,0,86,55,0,31
2000,"WALTHALL",28147,81,47,0,0,34,0,0,0,0,0,81,47,0,34
2001,"WALTHALL",28147,112,82,0,0,30,1,1,0,0,0,111,81,0,30
2002,"WALTHALL",28147,128,83,2,0,43,1,0,1,0,0,127,83,1,43
2003,"WALTHALL",28147,120,74,0,0,46,1,1,0,0,0,119,73,0,46
1990,"WARREN",28149,208,134,1,0,73,0,0,0,0,0,208,134,1,73
1991,"WARREN",28149,225,149,6,0,70,10,2,5,0,3,215,147,1,67
1992,"WARREN",28149,244,163,3,0,78,6,3,3,0,0,238,160,0,78
1993,"WARREN",28149,187,121,1,0,65,7,3,1,0,3,180,118,0,62
1994,"WARREN",28149,180,135,0,0,45,1,1,0,0,0,179,134,0,45
1995,"WARREN",28149,216,159,2,0,55,7,5,2,0,0,209,154,0,55
1996,"WARREN",28149,310,205,5,0,100,10,4,5,0,1,300,201,0,99
1997,"WARREN",28149,404,242,1,1,160,3,1,1,1,0,401,241,0,160
1998,"WARREN",28149,432,271,1,0,160,6,5,1,0,0,426,266,0,160
1999,"WARREN",28149,414,262,2,0,150,4,2,2,0,0,410,260,0,150
2000,"WARREN",28149,421,266,0,0,155,1,1,0,0,0,420,265,0,155
2001,"WARREN",28149,414,295,0,0,119,1,1,0,0,0,413,294,0,119
2002,"WARREN",28149,400,290,2,0,108,4,2,2,0,0,396,288,0,108
2003,"WARREN",28149,423,318,1,0,104,1,0,1,0,0,422,318,0,104
1990,"WASHINGTON",28151,354,242,7,2,103,14,4,7,2,1,340,238,0,102
1991,"WASHINGTON",28151,378,265,7,2,104,16,6,7,2,1,362,259,0,103
1992,"WASHINGTON",28151,345,247,7,0,91,11,4,7,0,0,334,243,0,91
1993,"WASHINGTON",28151,252,173,5,1,73,13,6,5,1,1,239,167,0,72
1994,"WASHINGTON",28151,229,166,2,0,61,5,2,2,0,1,224,164,0,60
1995,"WASHINGTON",28151,310,235,1,0,74,8,4,1,0,3,302,231,0,71
1996,"WASHINGTON",28151,396,276,1,1,118,9,4,1,1,3,387,272,0,115
1997,"WASHINGTON",28151,563,351,5,0,207,12,6,5,0,1,551,345,0,206
1998,"WASHINGTON",28151,606,392,2,4,208,11,5,2,4,0,595,387,0,208
1999,"WASHINGTON",28151,549,362,3,3,181,11,4,2,3,2,538,358,1,179
2000,"WASHINGTON",28151,600,380,6,1,213,7,1,5,1,0,593,379,1,213
2001,"WASHINGTON",28151,673,507,1,1,164,4,2,1,1,0,669,505,0,164
2002,"WASHINGTON",28151,700,525,5,0,170,10,5,5,0,0,690,520,0,170
2003,"WASHINGTON",28151,581,431,8,3,139,16,4,8,3,1,565,427,0,138
1990,"WAYNE",28153,32,16,1,0,15,1,0,1,0,0,31,16,0,15
1991,"WAYNE",28153,55,36,1,0,18,1,0,1,0,0,54,36,0,18
1992,"WAYNE",28153,63,27,1,0,35,5,4,1,0,0,58,23,0,35
1993,"WAYNE",28153,32,15,0,0,17,1,0,0,0,1,31,15,0,16
1994,"WAYNE",28153,21,10,0,0,11,0,0,0,0,0,21,10,0,11
1995,"WAYNE",28153,39,25,0,0,14,0,0,0,0,0,39,25,0,14
1996,"WAYNE",28153,63,25,0,0,38,0,0,0,0,0,63,25,0,38
1997,"WAYNE",28153,84,44,0,0,40,1,1,0,0,0,83,43,0,40
1998,"WAYNE",28153,103,56,1,0,46,1,0,1,0,0,102,56,0,46
1999,"WAYNE",28153,101,43,0,0,58,0,0,0,0,0,101,43,0,58
2000,"WAYNE",28153,96,49,1,0,46,1,0,1,0,0,95,49,0,46
2001,"WAYNE",28153,98,70,0,0,28,1,1,0,0,0,97,69,0,28
2002,"WAYNE",28153,91,68,0,0,23,0,0,0,0,0,91,68,0,23
2003,"WAYNE",28153,85,54,0,0,31,0,0,0,0,0,85,54,0,31
1990,"WEBSTER",28155,29,20,0,0,9,2,1,0,0,1,27,19,0,8
1991,"WEBSTER",28155,36,24,0,0,12,2,2,0,0,0,34,22,0,12
1992,"WEBSTER",28155,42,23,2,0,17,3,1,2,0,0,39,22,0,17
1993,"WEBSTER",28155,29,17,0,0,12,0,0,0,0,0,29,17,0,12
1994,"WEBSTER",28155,30,13,0,0,17,0,0,0,0,0,30,13,0,17
1995,"WEBSTER",28155,45,23,0,0,22,1,1,0,0,0,44,22,0,22
1996,"WEBSTER",28155,60,31,0,1,28,1,0,0,1,0,59,31,0,28
1997,"WEBSTER",28155,63,36,0,0,27,1,1,0,0,0,62,35,0,27
1998,"WEBSTER",28155,67,44,0,0,23,0,0,0,0,0,67,44,0,23
1999,"WEBSTER",28155,68,42,0,0,26,2,2,0,0,0,66,40,0,26
2000,"WEBSTER",28155,79,33,0,0,46,2,2,0,0,0,77,31,0,46
2001,"WEBSTER",28155,83,46,0,0,37,1,1,0,0,0,82,45,0,37
2002,"WEBSTER",28155,85,47,0,0,38,0,0,0,0,0,85,47,0,38
2003,"WEBSTER",28155,103,60,0,0,43,1,1,0,0,0,102,59,0,43
1990,"WILKINSON",28157,22,19,0,0,3,0,0,0,0,0,22,19,0,3
1991,"WILKINSON",28157,28,19,0,0,9,0,0,0,0,0,28,19,0,9
1992,"WILKINSON",28157,26,16,0,0,10,1,1,0,0,0,25,15,0,10
1993,"WILKINSON",28157,29,20,0,0,9,1,1,0,0,0,28,19,0,9
1994,"WILKINSON",28157,22,13,0,0,9,0,0,0,0,0,22,13,0,9
1995,"WILKINSON",28157,16,13,0,0,3,0,0,0,0,0,16,13,0,3
1996,"WILKINSON",28157,30,23,0,0,7,0,0,0,0,0,30,23,0,7
1997,"WILKINSON",28157,35,17,0,0,18,4,0,0,0,4,31,17,0,14
1998,"WILKINSON",28157,25,16,0,0,9,0,0,0,0,0,25,16,0,9
1999,"WILKINSON",28157,47,34,0,0,13,0,0,0,0,0,47,34,0,13
2000,"WILKINSON",28157,51,35,0,0,16,0,0,0,0,0,51,35,0,16
2001,"WILKINSON",28157,47,35,0,0,12,3,3,0,0,0,44,32,0,12
2002,"WILKINSON",28157,60,42,0,0,18,0,0,0,0,0,60,42,0,18
2003,"WILKINSON",28157,76,53,0,0,23,0,0,0,0,0,76,53,0,23
1990,"WINSTON",28159,72,39,3,0,30,10,6,3,0,1,62,33,0,29
1991,"WINSTON",28159,115,41,1,1,72,11,6,1,1,3,104,35,0,69
1992,"WINSTON",28159,102,48,0,0,54,2,0,0,0,2,100,48,0,52
1993,"WINSTON",28159,53,23,0,1,29,3,2,0,1,0,50,21,0,29
1994,"WINSTON",28159,79,37,1,0,41,5,3,1,0,1,74,34,0,40
1995,"WINSTON",28159,74,41,0,0,33,2,0,0,0,2,72,41,0,31
1996,"WINSTON",28159,92,54,0,0,38,4,4,0,0,0,88,50,0,38
1997,"WINSTON",28159,86,44,1,0,41,1,0,1,0,0,85,44,0,41
1998,"WINSTON",28159,97,48,1,0,48,1,0,1,0,0,96,48,0,48
1999,"WINSTON",28159,94,51,2,0,41,4,1,2,0,1,90,50,0,40
2000,"WINSTON",28159,113,68,1,0,44,2,1,1,0,0,111,67,0,44
2001,"WINSTON",28159,124,68,0,0,56,1,1,0,0,0,123,67,0,56
2002,"WINSTON",28159,130,76,1,0,53,2,1,1,0,0,128,75,0,53
2003,"WINSTON",28159,121,78,1,0,42,3,2,1,0,0,118,76,0,42
1990,"YALOBUSHA",28161,51,29,0,0,22,1,1,0,0,0,50,28,0,22
1991,"YALOBUSHA",28161,80,36,0,0,44,0,0,0,0,0,80,36,0,44
1992,"YALOBUSHA",28161,51,30,0,0,21,0,0,0,0,0,51,30,0,21
1993,"YALOBUSHA",28161,58,28,0,0,30,3,2,0,0,1,55,26,0,29
1994,"YALOBUSHA",28161,52,21,0,0,31,1,0,0,0,1,51,21,0,30
1995,"YALOBUSHA",28161,60,34,0,0,26,1,1,0,0,0,59,33,0,26
1996,"YALOBUSHA",28161,72,31,0,0,41,1,1,0,0,0,71,30,0,41
1997,"YALOBUSHA",28161,106,47,0,0,59,0,0,0,0,0,106,47,0,59
1998,"YALOBUSHA",28161,94,48,0,0,46,1,1,0,0,0,93,47,0,46
1999,"YALOBUSHA",28161,92,52,1,0,39,2,1,1,0,0,90,51,0,39
2000,"YALOBUSHA",28161,93,47,0,0,46,0,0,0,0,0,93,47,0,46
2001,"YALOBUSHA",28161,103,56,0,0,47,0,0,0,0,0,103,56,0,47
2002,"YALOBUSHA",28161,116,79,0,0,37,0,0,0,0,0,116,79,0,37
2003,"YALOBUSHA",28161,141,92,1,1,47,2,0,1,1,0,139,92,0,47
1990,"YAZOO",28163,70,45,1,0,24,1,0,1,0,0,69,45,0,24
1991,"YAZOO",28163,101,68,0,0,33,1,1,0,0,0,100,67,0,33
1992,"YAZOO",28163,101,66,2,1,32,11,6,2,1,2,90,60,0,30
1993,"YAZOO",28163,85,53,2,0,30,7,3,2,0,2,78,50,0,28
1994,"YAZOO",28163,104,58,0,0,46,2,2,0,0,0,102,56,0,46
1995,"YAZOO",28163,100,51,2,0,47,5,3,2,0,0,95,48,0,47
1996,"YAZOO",28163,139,72,0,0,67,4,4,0,0,0,135,68,0,67
1997,"YAZOO",28163,208,110,0,0,98,4,4,0,0,0,204,106,0,98
1998,"YAZOO",28163,222,125,0,0,97,3,3,0,0,0,219,122,0,97
1999,"YAZOO",28163,177,92,0,0,85,1,0,0,0,1,176,92,0,84
2000,"YAZOO",28163,198,104,1,3,90,4,0,1,3,0,194,104,0,90
2001,"YAZOO",28163,214,118,0,0,96,0,0,0,0,0,214,118,0,96
2002,"YAZOO",28163,245,143,1,2,99,4,1,1,2,0,241,142,0,99
2003,"YAZOO",28163,220,144,10,0,66,10,0,10,0,0,210,144,0,66
1990,"ADAIR",29001,43,37,0,0,6,3,2,0,0,1,40,35,0,5
1991,"ADAIR",29001,37,33,1,0,3,3,2,1,0,0,34,31,0,3
1992,"ADAIR",29001,14,8,0,0,6,1,1,0,0,0,13,7,0,6
1993,"ADAIR",29001,23,23,0,0,0,4,4,0,0,0,19,19,0,0
1994,"ADAIR",29001,23,18,0,2,3,5,3,0,2,0,18,15,0,3
1995,"ADAIR",29001,27,25,0,0,2,0,0,0,0,0,27,25,0,2
1996,"ADAIR",29001,40,37,0,0,3,0,0,0,0,0,40,37,0,3
1997,"ADAIR",29001,57,52,0,0,5,6,5,0,0,1,51,47,0,4
1998,"ADAIR",29001,44,41,2,0,1,4,2,2,0,0,40,39,0,1
1999,"ADAIR",29001,57,53,0,0,4,4,4,0,0,0,53,49,0,4
2000,"ADAIR",29001,38,32,0,0,6,0,0,0,0,0,38,32,0,6
2001,"ADAIR",29001,61,53,1,0,7,2,1,1,0,0,59,52,0,7
2002,"ADAIR",29001,60,56,0,0,4,0,0,0,0,0,60,56,0,4
2003,"ADAIR",29001,74,67,1,0,6,1,0,1,0,0,73,67,0,6
1990,"ANDREW",29003,26,21,0,2,3,3,1,0,2,0,23,20,0,3
1991,"ANDREW",29003,23,21,0,0,2,1,1,0,0,0,22,20,0,2
1992,"ANDREW",29003,19,18,1,0,0,2,1,1,0,0,17,17,0,0
1993,"ANDREW",29003,25,25,0,0,0,3,3,0,0,0,22,22,0,0
1994,"ANDREW",29003,24,21,0,0,3,0,0,0,0,0,24,21,0,3
1995,"ANDREW",29003,35,32,0,1,2,1,0,0,1,0,34,32,0,2
1996,"ANDREW",29003,34,33,0,0,1,1,1,0,0,0,33,32,0,1
1997,"ANDREW",29003,44,39,0,0,5,2,2,0,0,0,42,37,0,5
1998,"ANDREW",29003,46,44,0,0,2,0,0,0,0,0,46,44,0,2
1999,"ANDREW",29003,32,31,0,0,1,0,0,0,0,0,32,31,0,1
2000,"ANDREW",29003,34,32,0,0,2,1,1,0,0,0,33,31,0,2
2001,"ANDREW",29003,56,48,0,0,8,1,0,0,0,1,55,48,0,7
2002,"ANDREW",29003,74,68,0,0,6,1,1,0,0,0,73,67,0,6
2003,"ANDREW",29003,95,83,0,0,12,1,0,0,0,1,94,83,0,11
1990,"ATCHISON",29005,7,7,0,0,0,1,1,0,0,0,6,6,0,0
1991,"ATCHISON",29005,9,7,1,0,1,2,1,1,0,0,7,6,0,1
1992,"ATCHISON",29005,5,4,0,0,1,0,0,0,0,0,5,4,0,1
1993,"ATCHISON",29005,14,14,0,0,0,1,1,0,0,0,13,13,0,0
1994,"ATCHISON",29005,6,6,0,0,0,0,0,0,0,0,6,6,0,0
1995,"ATCHISON",29005,15,13,0,0,2,2,1,0,0,1,13,12,0,1
1996,"ATCHISON",29005,14,12,0,0,2,0,0,0,0,0,14,12,0,2
1997,"ATCHISON",29005,24,22,0,0,2,2,2,0,0,0,22,20,0,2
1998,"ATCHISON",29005,15,14,0,0,1,0,0,0,0,0,15,14,0,1
1999,"ATCHISON",29005,18,18,0,0,0,0,0,0,0,0,18,18,0,0
2000,"ATCHISON",29005,17,15,0,0,2,1,1,0,0,0,16,14,0,2
2001,"ATCHISON",29005,24,23,0,0,1,0,0,0,0,0,24,23,0,1
2002,"ATCHISON",29005,22,22,0,0,0,0,0,0,0,0,22,22,0,0
2003,"ATCHISON",29005,22,22,0,0,0,0,0,0,0,0,22,22,0,0
1990,"AUDRAIN",29007,46,41,1,0,4,2,1,1,0,0,44,40,0,4
1991,"AUDRAIN",29007,64,42,1,1,20,6,4,1,1,0,58,38,0,20
1992,"AUDRAIN",29007,60,43,0,0,17,2,2,0,0,0,58,41,0,17
1993,"AUDRAIN",29007,53,34,0,0,19,1,0,0,0,1,52,34,0,18
1994,"AUDRAIN",29007,42,36,1,0,5,4,4,0,0,0,38,32,1,5
1995,"AUDRAIN",29007,52,38,1,0,13,1,0,1,0,0,51,38,0,13
1996,"AUDRAIN",29007,78,64,4,0,10,6,2,4,0,0,72,62,0,10
1997,"AUDRAIN",29007,87,70,2,0,15,6,4,2,0,0,81,66,0,15
1998,"AUDRAIN",29007,84,75,0,0,9,0,0,0,0,0,84,75,0,9
1999,"AUDRAIN",29007,94,85,0,0,9,1,1,0,0,0,93,84,0,9
2000,"AUDRAIN",29007,93,81,1,0,11,1,0,1,0,0,92,81,0,11
2001,"AUDRAIN",29007,111,99,1,0,11,1,0,1,0,0,110,99,0,11
2002,"AUDRAIN",29007,138,123,1,0,14,2,1,1,0,0,136,122,0,14
2003,"AUDRAIN",29007,131,120,0,1,10,1,0,0,1,0,130,120,0,10
1990,"BARRY",29009,46,36,5,0,5,13,7,5,0,1,33,29,0,4
1991,"BARRY",29009,78,68,1,2,7,9,5,1,2,1,69,63,0,6
1992,"BARRY",29009,78,74,2,1,1,8,5,2,1,0,70,69,0,1
1993,"BARRY",29009,56,56,0,0,0,2,2,0,0,0,54,54,0,0
1994,"BARRY",29009,49,48,0,0,1,2,2,0,0,0,47,46,0,1
1995,"BARRY",29009,66,60,2,0,4,5,2,2,0,1,61,58,0,3
1996,"BARRY",29009,94,85,2,0,7,9,6,2,0,1,85,79,0,6
1997,"BARRY",29009,103,99,1,0,3,6,5,1,0,0,97,94,0,3
1998,"BARRY",29009,120,113,0,0,7,2,0,0,0,2,118,113,0,5
1999,"BARRY",29009,96,90,0,1,5,1,0,0,1,0,95,90,0,5
2000,"BARRY",29009,111,102,0,0,9,1,1,0,0,0,110,101,0,9
2001,"BARRY",29009,136,121,0,1,14,1,0,0,1,0,135,121,0,14
2002,"BARRY",29009,137,123,1,0,13,9,8,1,0,0,128,115,0,13
2003,"BARRY",29009,149,137,0,2,10,5,3,0,2,0,144,134,0,10
1990,"BARTON",29011,15,13,0,0,2,1,1,0,0,0,14,12,0,2
1991,"BARTON",29011,22,22,0,0,0,3,3,0,0,0,19,19,0,0
1992,"BARTON",29011,22,22,0,0,0,1,1,0,0,0,21,21,0,0
1993,"BARTON",29011,14,13,0,0,1,1,1,0,0,0,13,12,0,1
1994,"BARTON",29011,18,14,2,0,2,4,1,2,0,1,14,13,0,1
1995,"BARTON",29011,18,17,0,0,1,1,1,0,0,0,17,16,0,1
1996,"BARTON",29011,32,31,0,0,1,0,0,0,0,0,32,31,0,1
1997,"BARTON",29011,35,32,1,0,2,2,1,1,0,0,33,31,0,2
1998,"BARTON",29011,45,41,0,0,4,1,1,0,0,0,44,40,0,4
1999,"BARTON",29011,25,24,0,0,1,0,0,0,0,0,25,24,0,1
2000,"BARTON",29011,39,38,0,1,0,2,1,0,1,0,37,37,0,0
2001,"BARTON",29011,45,43,0,0,2,0,0,0,0,0,45,43,0,2
2002,"BARTON",29011,43,40,1,0,2,1,0,1,0,0,42,40,0,2
2003,"BARTON",29011,51,47,0,0,4,0,0,0,0,0,51,47,0,4
1990,"BATES",29013,25,22,2,1,0,9,6,2,1,0,16,16,0,0
1991,"BATES",29013,36,34,1,0,1,1,0,1,0,0,35,34,0,1
1992,"BATES",29013,38,35,1,0,2,5,4,1,0,0,33,31,0,2
1993,"BATES",29013,26,21,0,1,4,1,0,0,1,0,25,21,0,4
1994,"BATES",29013,18,15,0,0,3,2,2,0,0,0,16,13,0,3
1995,"BATES",29013,20,13,2,0,5,3,1,2,0,0,17,12,0,5
1996,"BATES",29013,26,21,0,1,4,2,1,0,1,0,24,20,0,4
1997,"BATES",29013,41,38,1,0,2,2,1,1,0,0,39,37,0,2
1998,"BATES",29013,46,41,1,0,4,1,1,0,0,0,45,40,1,4
1999,"BATES",29013,43,35,1,0,7,1,0,1,0,0,42,35,0,7
2000,"BATES",29013,38,30,0,0,8,1,0,0,0,1,37,30,0,7
2001,"BATES",29013,59,43,0,0,16,0,0,0,0,0,59,43,0,16
2002,"BATES",29013,84,63,0,0,21,0,0,0,0,0,84,63,0,21
2003,"BATES",29013,78,62,0,0,16,1,1,0,0,0,77,61,0,16
1990,"BENTON",29015,26,23,1,0,2,5,4,1,0,0,21,19,0,2
1991,"BENTON",29015,19,18,0,0,1,2,2,0,0,0,17,16,0,1
1992,"BENTON",29015,29,26,1,1,1,7,5,1,1,0,22,21,0,1
1993,"BENTON",29015,25,24,0,0,1,2,1,0,0,1,23,23,0,0
1994,"BENTON",29015,22,22,0,0,0,0,0,0,0,0,22,22,0,0
1995,"BENTON",29015,25,23,0,0,2,4,3,0,0,1,21,20,0,1
1996,"BENTON",29015,40,39,0,0,1,0,0,0,0,0,40,39,0,1
1997,"BENTON",29015,41,37,0,0,4,3,3,0,0,0,38,34,0,4
1998,"BENTON",29015,44,39,0,0,5,2,1,0,0,1,42,38,0,4
1999,"BENTON",29015,56,54,0,0,2,1,1,0,0,0,55,53,0,2
2000,"BENTON",29015,53,45,0,0,8,2,2,0,0,0,51,43,0,8
2001,"BENTON",29015,54,49,0,0,5,1,1,0,0,0,53,48,0,5
2002,"BENTON",29015,70,63,0,1,6,1,0,0,1,0,69,63,0,6
2003,"BENTON",29015,88,76,3,0,9,7,4,2,0,1,81,72,1,8
1990,"BOLLINGER",29017,26,23,0,0,3,1,1,0,0,0,25,22,0,3
1991,"BOLLINGER",29017,33,31,0,0,2,1,1,0,0,0,32,30,0,2
1992,"BOLLINGER",29017,33,31,0,0,2,1,1,0,0,0,32,30,0,2
1993,"BOLLINGER",29017,24,23,0,0,1,0,0,0,0,0,24,23,0,1
1994,"BOLLINGER",29017,26,24,0,0,2,0,0,0,0,0,26,24,0,2
1995,"BOLLINGER",29017,19,18,0,0,1,0,0,0,0,0,19,18,0,1
1996,"BOLLINGER",29017,28,28,0,0,0,1,1,0,0,0,27,27,0,0
1997,"BOLLINGER",29017,33,30,0,0,3,2,1,0,0,1,31,29,0,2
1998,"BOLLINGER",29017,32,32,0,0,0,0,0,0,0,0,32,32,0,0
1999,"BOLLINGER",29017,29,27,0,0,2,2,2,0,0,0,27,25,0,2
2000,"BOLLINGER",29017,42,41,0,0,1,3,3,0,0,0,39,38,0,1
2001,"BOLLINGER",29017,59,57,1,0,1,2,1,1,0,0,57,56,0,1
2002,"BOLLINGER",29017,52,50,0,0,2,1,1,0,0,0,51,49,0,2
2003,"BOLLINGER",29017,78,74,0,0,4,0,0,0,0,0,78,74,0,4
1990,"BOONE",29019,338,303,3,0,32,31,28,2,0,1,307,275,1,31
1991,"BOONE",29019,420,339,4,0,77,22,15,4,0,3,398,324,0,74
1992,"BOONE",29019,413,330,5,1,77,42,30,5,1,6,371,300,0,71
1993,"BOONE",29019,323,253,3,0,67,16,10,3,0,3,307,243,0,64
1994,"BOONE",29019,312,274,0,1,37,19,12,0,1,6,293,262,0,31
1995,"BOONE",29019,305,279,1,0,25,9,8,1,0,0,296,271,0,25
1996,"BOONE",29019,471,437,4,0,30,16,12,4,0,0,455,425,0,30
1997,"BOONE",29019,504,467,4,0,33,22,18,3,0,1,482,449,1,32
1998,"BOONE",29019,496,453,2,0,41,9,6,2,0,1,487,447,0,40
1999,"BOONE",29019,421,380,2,0,39,4,2,2,0,0,417,378,0,39
2000,"BOONE",29019,406,357,1,0,48,7,5,1,0,1,399,352,0,47
2001,"BOONE",29019,547,497,1,1,48,5,2,1,1,1,542,495,0,47
2002,"BOONE",29019,672,620,2,1,49,12,10,1,1,0,660,610,1,49
2003,"BOONE",29019,794,730,0,0,64,5,5,0,0,0,789,725,0,64
1990,"BUCHANAN",29021,199,187,2,1,9,26,23,2,1,0,173,164,0,9
1991,"BUCHANAN",29021,237,221,2,0,14,9,7,2,0,0,228,214,0,14
1992,"BUCHANAN",29021,225,213,2,0,10,15,12,2,0,1,210,201,0,9
1993,"BUCHANAN",29021,195,179,0,1,15,18,15,0,1,2,177,164,0,13
1994,"BUCHANAN",29021,165,151,0,2,12,8,6,0,2,0,157,145,0,12
1995,"BUCHANAN",29021,228,210,0,0,18,11,10,0,0,1,217,200,0,17
1996,"BUCHANAN",29021,274,245,2,0,27,10,5,2,0,3,264,240,0,24
1997,"BUCHANAN",29021,351,315,3,0,33,15,12,3,0,0,336,303,0,33
1998,"BUCHANAN",29021,354,321,0,1,32,5,4,0,1,0,349,317,0,32
1999,"BUCHANAN",29021,326,290,5,0,31,7,1,5,0,1,319,289,0,30
2000,"BUCHANAN",29021,337,307,2,0,28,7,5,2,0,0,330,302,0,28
2001,"BUCHANAN",29021,423,369,1,0,53,4,2,1,0,1,419,367,0,52
2002,"BUCHANAN",29021,569,467,4,0,98,11,3,4,0,4,558,464,0,94
2003,"BUCHANAN",29021,538,454,12,0,72,20,7,12,0,1,518,447,0,71
1990,"BUTLER",29023,95,91,1,0,3,4,3,1,0,0,91,88,0,3
1991,"BUTLER",29023,110,103,1,0,6,8,6,1,0,1,102,97,0,5
1992,"BUTLER",29023,113,108,0,0,5,4,3,0,0,1,109,105,0,4
1993,"BUTLER",29023,113,109,3,1,0,6,2,3,1,0,107,107,0,0
1994,"BUTLER",29023,80,77,0,0,3,4,4,0,0,0,76,73,0,3
1995,"BUTLER",29023,75,71,0,1,3,5,4,0,1,0,70,67,0,3
1996,"BUTLER",29023,159,156,0,0,3,5,5,0,0,0,154,151,0,3
1997,"BUTLER",29023,214,208,1,1,4,7,5,1,1,0,207,203,0,4
1998,"BUTLER",29023,186,174,3,0,9,9,6,3,0,0,177,168,0,9
1999,"BUTLER",29023,217,210,0,0,7,8,8,0,0,0,209,202,0,7
2000,"BUTLER",29023,196,193,1,0,2,4,3,1,0,0,192,190,0,2
2001,"BUTLER",29023,188,179,3,0,6,6,3,3,0,0,182,176,0,6
2002,"BUTLER",29023,188,180,4,0,4,7,5,2,0,0,181,175,2,4
2003,"BUTLER",29023,218,211,0,0,7,0,0,0,0,0,218,211,0,7
1990,"CALDWELL",29025,28,25,0,0,3,8,8,0,0,0,20,17,0,3
1991,"CALDWELL",29025,26,21,0,0,5,0,0,0,0,0,26,21,0,5
1992,"CALDWELL",29025,26,22,0,1,3,4,2,0,1,1,22,20,0,2
1993,"CALDWELL",29025,15,12,0,1,2,2,1,0,1,0,13,11,0,2
1994,"CALDWELL",29025,10,7,0,1,2,1,0,0,1,0,9,7,0,2
1995,"CALDWELL",29025,14,11,0,1,2,2,0,0,1,1,12,11,0,1
1996,"CALDWELL",29025,18,13,0,1,4,2,1,0,1,0,16,12,0,4
1997,"CALDWELL",29025,32,31,0,0,1,0,0,0,0,0,32,31,0,1
1998,"CALDWELL",29025,43,40,0,0,3,0,0,0,0,0,43,40,0,3
1999,"CALDWELL",29025,39,30,0,2,7,3,1,0,2,0,36,29,0,7
2000,"CALDWELL",29025,30,27,2,0,1,4,2,2,0,0,26,25,0,1
2001,"CALDWELL",29025,33,27,0,0,6,0,0,0,0,0,33,27,0,6
2002,"CALDWELL",29025,47,40,0,0,7,3,1,0,0,2,44,39,0,5
2003,"CALDWELL",29025,42,36,0,0,6,1,1,0,0,0,41,35,0,6
1990,"CALLAWAY",29027,85,78,0,0,7,7,7,0,0,0,78,71,0,7
1991,"CALLAWAY",29027,140,119,2,1,18,12,5,2,1,4,128,114,0,14
1992,"CALLAWAY",29027,141,111,0,0,30,10,9,0,0,1,131,102,0,29
1993,"CALLAWAY",29027,117,97,0,0,20,7,7,0,0,0,110,90,0,20
1994,"CALLAWAY",29027,97,78,0,1,18,4,3,0,1,0,93,75,0,18
1995,"CALLAWAY",29027,106,90,2,0,14,7,5,2,0,0,99,85,0,14
1996,"CALLAWAY",29027,136,125,0,0,11,2,2,0,0,0,134,123,0,11
1997,"CALLAWAY",29027,186,174,0,0,12,6,6,0,0,0,180,168,0,12
1998,"CALLAWAY",29027,168,161,1,0,6,1,0,1,0,0,167,161,0,6
1999,"CALLAWAY",29027,164,149,0,0,15,1,1,0,0,0,163,148,0,15
2000,"CALLAWAY",29027,209,194,0,0,15,3,3,0,0,0,206,191,0,15
2001,"CALLAWAY",29027,209,187,0,0,22,0,0,0,0,0,209,187,0,22
2002,"CALLAWAY",29027,308,274,2,0,32,5,3,2,0,0,303,271,0,32
2003,"CALLAWAY",29027,385,342,0,1,42,3,2,0,1,0,382,340,0,42
1990,"CAMDEN",29029,73,65,5,1,2,16,9,5,1,1,57,56,0,1
1991,"CAMDEN",29029,70,62,6,0,2,12,6,6,0,0,58,56,0,2
1992,"CAMDEN",29029,71,65,3,0,3,13,10,3,0,0,58,55,0,3
1993,"CAMDEN",29029,64,54,4,0,6,11,7,4,0,0,53,47,0,6
1994,"CAMDEN",29029,53,49,1,0,3,4,4,0,0,0,49,45,1,3
1995,"CAMDEN",29029,67,63,1,0,3,7,5,1,0,1,60,58,0,2
1996,"CAMDEN",29029,96,89,0,0,7,6,6,0,0,0,90,83,0,7
1997,"CAMDEN",29029,126,122,1,0,3,12,10,1,0,1,114,112,0,2
1998,"CAMDEN",29029,122,112,2,0,7,8,4,2,0,1,114,108,0,6
1999,"CAMDEN",29029,120,113,2,0,5,2,0,2,0,0,118,113,0,5
2000,"CAMDEN",29029,116,103,6,0,6,11,2,5,0,3,105,101,1,3
2001,"CAMDEN",29029,163,156,0,0,7,3,2,0,0,1,160,154,0,6
2002,"CAMDEN",29029,170,166,1,0,3,3,2,1,0,0,167,164,0,3
2003,"CAMDEN",29029,225,214,0,0,11,4,4,0,0,0,221,210,0,11
1990,"CAPE GIRARDEAU",29031,182,173,1,0,8,14,13,1,0,0,168,160,0,8
1991,"CAPE GIRARDEAU",29031,234,224,0,1,9,16,15,0,1,0,218,209,0,9
1992,"CAPE GIRARDEAU",29031,216,204,3,0,9,17,14,3,0,0,199,190,0,9
1993,"CAPE GIRARDEAU",29031,134,128,2,0,4,6,4,2,0,0,128,124,0,4
1994,"CAPE GIRARDEAU",29031,115,110,1,0,4,7,6,1,0,0,108,104,0,4
1995,"CAPE GIRARDEAU",29031,144,138,3,0,3,12,8,3,0,1,132,130,0,2
1996,"CAPE GIRARDEAU",29031,187,182,0,0,5,14,12,0,0,2,173,170,0,3
1997,"CAPE GIRARDEAU",29031,211,203,2,0,6,12,9,2,0,1,199,194,0,5
1998,"CAPE GIRARDEAU",29031,221,212,2,0,7,13,9,2,0,2,208,203,0,5
1999,"CAPE GIRARDEAU",29031,219,204,0,0,15,4,4,0,0,0,215,200,0,15
2000,"CAPE GIRARDEAU",29031,287,275,1,0,11,12,10,1,0,1,275,265,0,10
2001,"CAPE GIRARDEAU",29031,301,288,4,0,9,11,6,4,0,1,290,282,0,8
2002,"CAPE GIRARDEAU",29031,331,317,2,0,12,8,6,2,0,0,323,311,0,12
2003,"CAPE GIRARDEAU",29031,380,365,3,0,12,9,6,3,0,0,371,359,0,12
1990,"CARROLL",29033,25,18,0,4,3,8,4,0,4,0,17,14,0,3
1991,"CARROLL",29033,28,25,0,2,1,3,1,0,2,0,25,24,0,1
1992,"CARROLL",29033,19,18,0,1,0,1,0,0,1,0,18,18,0,0
1993,"CARROLL",29033,20,19,0,1,0,3,2,0,1,0,17,17,0,0
1994,"CARROLL",29033,22,17,0,3,2,5,2,0,3,0,17,15,0,2
1995,"CARROLL",29033,23,18,1,0,4,2,1,1,0,0,21,17,0,4
1996,"CARROLL",29033,20,18,0,0,2,0,0,0,0,0,20,18,0,2
1997,"CARROLL",29033,30,28,0,0,2,0,0,0,0,0,30,28,0,2
1998,"CARROLL",29033,30,25,0,0,5,1,1,0,0,0,29,24,0,5
1999,"CARROLL",29033,14,14,0,0,0,0,0,0,0,0,14,14,0,0
2000,"CARROLL",29033,21,15,0,0,6,0,0,0,0,0,21,15,0,6
2001,"CARROLL",29033,28,24,0,0,4,2,1,0,0,1,26,23,0,3
2002,"CARROLL",29033,33,27,0,1,5,1,0,0,1,0,32,27,0,5
2003,"CARROLL",29033,44,36,0,0,8,0,0,0,0,0,44,36,0,8
1990,"CARTER",29035,14,13,1,0,0,2,1,1,0,0,12,12,0,0
1991,"CARTER",29035,8,8,0,0,0,0,0,0,0,0,8,8,0,0
1992,"CARTER",29035,9,9,0,0,0,0,0,0,0,0,9,9,0,0
1993,"CARTER",29035,15,15,0,0,0,0,0,0,0,0,15,15,0,0
1994,"CARTER",29035,15,15,0,0,0,0,0,0,0,0,15,15,0,0
1995,"CARTER",29035,11,11,0,0,0,1,1,0,0,0,10,10,0,0
1996,"CARTER",29035,15,15,0,0,0,2,2,0,0,0,13,13,0,0
1997,"CARTER",29035,18,16,0,0,2,0,0,0,0,0,18,16,0,2
1998,"CARTER",29035,26,25,0,0,1,0,0,0,0,0,26,25,0,1
1999,"CARTER",29035,16,15,0,0,1,0,0,0,0,0,16,15,0,1
2000,"CARTER",29035,20,20,0,0,0,0,0,0,0,0,20,20,0,0
2001,"CARTER",29035,24,24,0,0,0,2,2,0,0,0,22,22,0,0
2002,"CARTER",29035,22,22,0,0,0,0,0,0,0,0,22,22,0,0
2003,"CARTER",29035,22,21,0,0,1,0,0,0,0,0,22,21,0,1
1990,"CASS",29037,221,189,3,0,29,27,20,3,0,4,194,169,0,25
1991,"CASS",29037,248,220,2,2,24,13,8,2,2,1,235,212,0,23
1992,"CASS",29037,244,205,2,3,34,19,11,2,3,3,225,194,0,31
1993,"CASS",29037,223,189,1,0,33,12,11,1,0,0,211,178,0,33
1994,"CASS",29037,205,179,0,0,26,11,8,0,0,3,194,171,0,23
1995,"CASS",29037,216,177,2,0,37,6,3,2,0,1,210,174,0,36
1996,"CASS",29037,257,221,1,1,34,9,6,1,1,1,248,215,0,33
1997,"CASS",29037,336,283,3,1,49,18,9,3,1,5,318,274,0,44
1998,"CASS",29037,335,299,0,0,36,4,2,0,0,2,331,297,0,34
1999,"CASS",29037,339,290,0,0,49,3,3,0,0,0,336,287,0,49
2000,"CASS",29037,292,257,0,0,35,2,0,0,0,2,290,257,0,33
2001,"CASS",29037,420,331,0,1,88,3,0,0,1,2,417,331,0,86
2002,"CASS",29037,464,348,1,0,115,8,6,1,0,1,456,342,0,114
2003,"CASS",29037,526,404,0,0,122,6,3,0,0,3,520,401,0,119
1990,"CEDAR",29039,26,19,0,3,4,6,3,0,3,0,20,16,0,4
1991,"CEDAR",29039,26,23,0,0,3,0,0,0,0,0,26,23,0,3
1992,"CEDAR",29039,24,21,2,1,0,3,0,2,1,0,21,21,0,0
1993,"CEDAR",29039,20,19,0,0,1,0,0,0,0,0,20,19,0,1
1994,"CEDAR",29039,24,23,0,0,1,0,0,0,0,0,24,23,0,1
1995,"CEDAR",29039,16,16,0,0,0,0,0,0,0,0,16,16,0,0
1996,"CEDAR",29039,31,25,1,1,4,2,0,1,1,0,29,25,0,4
1997,"CEDAR",29039,36,35,0,0,1,3,3,0,0,0,33,32,0,1
1998,"CEDAR",29039,48,44,1,0,3,2,1,1,0,0,46,43,0,3
1999,"CEDAR",29039,55,48,0,0,7,0,0,0,0,0,55,48,0,7
2000,"CEDAR",29039,41,38,0,0,3,0,0,0,0,0,41,38,0,3
2001,"CEDAR",29039,39,36,2,0,1,2,0,2,0,0,37,36,0,1
2002,"CEDAR",29039,36,34,0,0,2,1,1,0,0,0,35,33,0,2
2003,"CEDAR",29039,50,47,1,0,2,1,0,1,0,0,49,47,0,2
1990,"CHARITON",29041,12,12,0,0,0,1,1,0,0,0,11,11,0,0
1991,"CHARITON",29041,6,6,0,0,0,0,0,0,0,0,6,6,0,0
1992,"CHARITON",29041,7,7,0,0,0,0,0,0,0,0,7,7,0,0
1993,"CHARITON",29041,21,20,0,0,1,2,2,0,0,0,19,18,0,1
1994,"CHARITON",29041,10,9,0,0,1,0,0,0,0,0,10,9,0,1
1995,"CHARITON",29041,13,11,0,1,1,2,1,0,1,0,11,10,0,1
1996,"CHARITON",29041,14,14,0,0,0,1,1,0,0,0,13,13,0,0
1997,"CHARITON",29041,13,12,0,0,1,1,1,0,0,0,12,11,0,1
1998,"CHARITON",29041,9,9,0,0,0,0,0,0,0,0,9,9,0,0
1999,"CHARITON",29041,13,12,0,0,1,0,0,0,0,0,13,12,0,1
2000,"CHARITON",29041,9,8,0,0,1,0,0,0,0,0,9,8,0,1
2001,"CHARITON",29041,15,14,0,0,1,0,0,0,0,0,15,14,0,1
2002,"CHARITON",29041,18,17,0,0,1,0,0,0,0,0,18,17,0,1
2003,"CHARITON",29041,12,9,0,0,3,0,0,0,0,0,12,9,0,3
1990,"CHRISTIAN",29043,114,100,3,0,11,13,8,3,0,2,101,92,0,9
1991,"CHRISTIAN",29043,124,103,4,0,17,10,4,4,0,2,114,99,0,15
1992,"CHRISTIAN",29043,133,128,1,0,4,10,7,1,0,2,123,121,0,2
1993,"CHRISTIAN",29043,85,74,3,0,8,8,2,2,0,4,77,72,1,4
1994,"CHRISTIAN",29043,77,68,1,1,7,7,5,1,1,0,70,63,0,7
1995,"CHRISTIAN",29043,113,98,4,0,11,9,4,4,0,1,104,94,0,10
1996,"CHRISTIAN",29043,154,129,3,0,22,11,5,3,0,3,143,124,0,19
1997,"CHRISTIAN",29043,191,175,1,0,15,5,3,1,0,1,186,172,0,14
1998,"CHRISTIAN",29043,236,209,1,0,26,5,4,1,0,0,231,205,0,26
1999,"CHRISTIAN",29043,256,228,1,0,27,4,3,1,0,0,252,225,0,27
2000,"CHRISTIAN",29043,264,241,0,0,23,4,4,0,0,0,260,237,0,23
2001,"CHRISTIAN",29043,332,291,3,0,38,10,6,3,0,1,322,285,0,37
2002,"CHRISTIAN",29043,307,274,1,0,32,2,2,0,0,0,305,272,1,32
2003,"CHRISTIAN",29043,345,313,1,0,31,4,3,1,0,0,341,310,0,31
1990,"CLARK",29045,18,16,0,2,0,4,2,0,2,0,14,14,0,0
1991,"CLARK",29045,16,11,2,0,3,2,1,1,0,0,14,10,1,3
1992,"CLARK",29045,13,10,0,1,2,1,0,0,1,0,12,10,0,2
1993,"CLARK",29045,12,10,0,2,0,2,0,0,2,0,10,10,0,0
1994,"CLARK",29045,10,10,0,0,0,1,1,0,0,0,9,9,0,0
1995,"CLARK",29045,6,3,0,0,3,0,0,0,0,0,6,3,0,3
1996,"CLARK",29045,11,8,0,0,3,0,0,0,0,0,11,8,0,3
1997,"CLARK",29045,18,16,0,0,2,0,0,0,0,0,18,16,0,2
1998,"CLARK",29045,8,8,0,0,0,0,0,0,0,0,8,8,0,0
1999,"CLARK",29045,18,13,0,0,5,0,0,0,0,0,18,13,0,5
2000,"CLARK",29045,19,18,0,0,1,1,1,0,0,0,18,17,0,1
2001,"CLARK",29045,19,19,0,0,0,0,0,0,0,0,19,19,0,0
2002,"CLARK",29045,15,15,0,0,0,0,0,0,0,0,15,15,0,0
2003,"CLARK",29045,23,20,0,0,3,0,0,0,0,0,23,20,0,3
1990,"CLAY",29047,464,405,4,0,55,39,27,4,0,8,425,378,0,47
1991,"CLAY",29047,588,525,10,0,53,34,24,10,0,0,554,501,0,53
1992,"CLAY",29047,591,514,3,1,73,27,22,2,1,2,564,492,1,71
1993,"CLAY",29047,563,476,2,0,85,26,21,2,0,3,537,455,0,82
1994,"CLAY",29047,488,408,4,0,76,29,17,3,0,9,459,391,1,67
1995,"CLAY",29047,450,380,5,0,65,12,7,5,0,0,438,373,0,65
1996,"CLAY",29047,608,514,2,0,92,9,6,1,0,2,599,508,1,90
1997,"CLAY",29047,781,640,1,0,140,13,6,1,0,6,768,634,0,134
1998,"CLAY",29047,901,733,2,0,166,5,3,2,0,0,896,730,0,166
1999,"CLAY",29047,798,636,1,0,161,8,6,1,0,1,790,630,0,160
2000,"CLAY",29047,770,596,2,0,172,9,5,2,0,2,761,591,0,170
2001,"CLAY",29047,983,710,4,0,269,15,7,4,0,4,968,703,0,265
2002,"CLAY",29047,1129,797,1,1,330,10,5,1,1,3,1119,792,0,327
2003,"CLAY",29047,1314,912,2,0,400,13,8,2,0,3,1301,904,0,397
1990,"CLINTON",29049,45,41,0,0,4,1,1,0,0,0,44,40,0,4
1991,"CLINTON",29049,46,43,0,0,3,3,2,0,0,1,43,41,0,2
1992,"CLINTON",29049,39,31,0,1,7,2,0,0,1,1,37,31,0,6
1993,"CLINTON",29049,41,34,0,2,5,3,1,0,2,0,38,33,0,5
1994,"CLINTON",29049,24,18,0,0,6,0,0,0,0,0,24,18,0,6
1995,"CLINTON",29049,51,46,0,1,4,1,0,0,1,0,50,46,0,4
1996,"CLINTON",29049,67,54,3,0,10,5,1,3,0,1,62,53,0,9
1997,"CLINTON",29049,70,62,0,0,8,3,2,0,0,1,67,60,0,7
1998,"CLINTON",29049,55,47,0,0,8,0,0,0,0,0,55,47,0,8
1999,"CLINTON",29049,70,59,0,0,11,0,0,0,0,0,70,59,0,11
2000,"CLINTON",29049,61,49,0,0,12,0,0,0,0,0,61,49,0,12
2001,"CLINTON",29049,84,69,0,0,15,1,1,0,0,0,83,68,0,15
2002,"CLINTON",29049,94,65,0,0,29,3,0,0,0,3,91,65,0,26
2003,"CLINTON",29049,125,85,2,0,38,4,1,2,0,1,121,84,0,37
1990,"COLE",29051,158,147,1,0,10,10,8,1,0,1,148,139,0,9
1991,"COLE",29051,204,185,1,0,18,18,16,1,0,1,186,169,0,17
1992,"COLE",29051,159,140,3,1,15,11,7,3,1,0,148,133,0,15
1993,"COLE",29051,139,128,1,0,10,8,6,1,0,1,131,122,0,9
1994,"COLE",29051,108,95,1,0,12,5,2,1,0,2,103,93,0,10
1995,"COLE",29051,140,131,0,0,9,9,8,0,0,1,131,123,0,8
1996,"COLE",29051,158,150,0,0,8,7,5,0,0,2,151,145,0,6
1997,"COLE",29051,203,195,1,0,7,8,6,1,0,1,195,189,0,6
1998,"COLE",29051,245,230,0,0,15,3,2,0,0,1,242,228,0,14
1999,"COLE",29051,259,240,0,0,19,3,2,0,0,1,256,238,0,18
2000,"COLE",29051,205,194,0,0,11,6,5,0,0,1,199,189,0,10
2001,"COLE",29051,264,256,0,0,8,2,2,0,0,0,262,254,0,8
2002,"COLE",29051,306,272,0,0,34,1,1,0,0,0,305,271,0,34
2003,"COLE",29051,369,342,0,0,27,0,0,0,0,0,369,342,0,27
1990,"COOPER",29053,40,37,0,0,3,8,8,0,0,0,32,29,0,3
1991,"COOPER",29053,39,29,0,1,9,4,2,0,1,1,35,27,0,8
1992,"COOPER",29053,41,36,0,0,5,1,1,0,0,0,40,35,0,5
1993,"COOPER",29053,26,19,1,0,6,1,1,0,0,0,25,18,1,6
1994,"COOPER",29053,34,31,0,0,3,2,2,0,0,0,32,29,0,3
1995,"COOPER",29053,20,19,0,0,1,2,2,0,0,0,18,17,0,1
1996,"COOPER",29053,52,50,0,0,2,1,1,0,0,0,51,49,0,2
1997,"COOPER",29053,53,50,1,0,2,3,2,1,0,0,50,48,0,2
1998,"COOPER",29053,38,37,0,0,1,0,0,0,0,0,38,37,0,1
1999,"COOPER",29053,54,46,0,1,7,1,0,0,1,0,53,46,0,7
2000,"COOPER",29053,51,42,2,0,7,2,0,2,0,0,49,42,0,7
2001,"COOPER",29053,63,58,0,0,5,1,1,0,0,0,62,57,0,5
2002,"COOPER",29053,68,61,0,0,7,0,0,0,0,0,68,61,0,7
2003,"COOPER",29053,111,98,0,0,13,2,2,0,0,0,109,96,0,13
1990,"CRAWFORD",29055,38,32,0,0,6,1,1,0,0,0,37,31,0,6
1991,"CRAWFORD",29055,55,43,1,0,11,1,0,1,0,0,54,43,0,11
1992,"CRAWFORD",29055,43,32,1,0,10,3,2,1,0,0,40,30,0,10
1993,"CRAWFORD",29055,43,34,0,1,8,3,2,0,1,0,40,32,0,8
1994,"CRAWFORD",29055,47,34,0,0,13,0,0,0,0,0,47,34,0,13
1995,"CRAWFORD",29055,50,43,0,0,7,2,2,0,0,0,48,41,0,7
1996,"CRAWFORD",29055,59,49,0,0,10,6,6,0,0,0,53,43,0,10
1997,"CRAWFORD",29055,87,77,0,0,10,7,6,0,0,1,80,71,0,9
1998,"CRAWFORD",29055,89,75,0,0,14,5,3,0,0,2,84,72,0,12
1999,"CRAWFORD",29055,73,59,0,0,14,0,0,0,0,0,73,59,0,14
2000,"CRAWFORD",29055,64,47,0,0,17,2,1,0,0,1,62,46,0,16
2001,"CRAWFORD",29055,101,86,0,0,15,1,1,0,0,0,100,85,0,15
2002,"CRAWFORD",29055,121,96,0,0,25,3,3,0,0,0,118,93,0,25
2003,"CRAWFORD",29055,138,115,3,0,20,4,1,3,0,0,134,114,0,20
1990,"DADE",29057,17,14,0,1,2,3,2,0,1,0,14,12,0,2
1991,"DADE",29057,14,13,0,0,1,1,1,0,0,0,13,12,0,1
1992,"DADE",29057,16,14,0,0,2,0,0,0,0,0,16,14,0,2
1993,"DADE",29057,15,15,0,0,0,0,0,0,0,0,15,15,0,0
1994,"DADE",29057,12,11,0,0,1,1,1,0,0,0,11,10,0,1
1995,"DADE",29057,16,14,0,0,2,0,0,0,0,0,16,14,0,2
1996,"DADE",29057,11,9,0,0,2,1,1,0,0,0,10,8,0,2
1997,"DADE",29057,20,17,0,1,2,1,0,0,1,0,19,17,0,2
1998,"DADE",29057,24,21,0,0,3,0,0,0,0,0,24,21,0,3
1999,"DADE",29057,18,14,1,0,3,1,0,1,0,0,17,14,0,3
2000,"DADE",29057,23,19,0,0,4,0,0,0,0,0,23,19,0,4
2001,"DADE",29057,30,24,1,0,5,1,0,0,0,1,29,24,1,4
2002,"DADE",29057,33,28,0,0,5,2,2,0,0,0,31,26,0,5
2003,"DADE",29057,41,35,1,0,5,1,0,1,0,0,40,35,0,5
1990,"DALLAS",29059,26,23,0,1,2,3,2,0,1,0,23,21,0,2
1991,"DALLAS",29059,32,25,1,3,3,5,1,1,3,0,27,24,0,3
1992,"DALLAS",29059,43,39,0,0,4,4,2,0,0,2,39,37,0,2
1993,"DALLAS",29059,19,17,1,0,1,2,1,1,0,0,17,16,0,1
1994,"DALLAS",29059,19,19,0,0,0,0,0,0,0,0,19,19,0,0
1995,"DALLAS",29059,32,23,0,0,9,2,2,0,0,0,30,21,0,9
1996,"DALLAS",29059,48,39,2,0,7,3,1,2,0,0,45,38,0,7
1997,"DALLAS",29059,41,33,0,0,8,2,1,0,0,1,39,32,0,7
1998,"DALLAS",29059,53,46,0,0,7,0,0,0,0,0,53,46,0,7
1999,"DALLAS",29059,29,26,1,0,2,1,0,1,0,0,28,26,0,2
2000,"DALLAS",29059,37,29,0,0,8,1,1,0,0,0,36,28,0,8
2001,"DALLAS",29059,60,55,0,0,5,1,1,0,0,0,59,54,0,5
2002,"DALLAS",29059,80,74,0,0,6,2,2,0,0,0,78,72,0,6
2003,"DALLAS",29059,76,58,2,0,16,2,0,2,0,0,74,58,0,16
1990,"DAVIESS",29061,14,11,0,2,1,5,2,0,2,1,9,9,0,0
1991,"DAVIESS",29061,21,18,0,1,2,6,4,0,1,1,15,14,0,1
1992,"DAVIESS",29061,23,19,2,1,1,5,2,2,1,0,18,17,0,1
1993,"DAVIESS",29061,13,9,0,0,4,1,1,0,0,0,12,8,0,4
1994,"DAVIESS",29061,7,6,0,1,0,2,1,0,1,0,5,5,0,0
1995,"DAVIESS",29061,12,11,0,0,1,0,0,0,0,0,12,11,0,1
1996,"DAVIESS",29061,22,17,0,1,4,4,2,0,1,1,18,15,0,3
1997,"DAVIESS",29061,21,20,0,0,1,0,0,0,0,0,21,20,0,1
1998,"DAVIESS",29061,22,19,0,2,1,3,1,0,2,0,19,18,0,1
1999,"DAVIESS",29061,17,14,0,0,3,3,2,0,0,1,14,12,0,2
2000,"DAVIESS",29061,30,25,0,0,5,2,2,0,0,0,28,23,0,5
2001,"DAVIESS",29061,29,25,0,0,4,4,2,0,0,2,25,23,0,2
2002,"DAVIESS",29061,35,27,0,0,8,0,0,0,0,0,35,27,0,8
2003,"DAVIESS",29061,47,33,0,0,14,2,0,0,0,2,45,33,0,12
1990,"DEKALB",29063,17,15,0,1,1,1,0,0,1,0,16,15,0,1
1991,"DE KALB",29063,20,19,0,0,1,2,2,0,0,0,18,17,0,1
1992,"DE KALB",29063,20,19,0,0,1,1,1,0,0,0,19,18,0,1
1993,"DE KALB",29063,19,18,0,0,1,1,1,0,0,0,18,17,0,1
1994,"DE KALB",29063,14,12,0,0,2,1,0,0,0,1,13,12,0,1
1995,"DE KALB",29063,16,15,0,1,0,1,0,0,1,0,15,15,0,0
1996,"DE KALB",29063,19,16,0,2,1,2,0,0,2,0,17,16,0,1
1997,"DE KALB",29063,19,16,0,0,3,0,0,0,0,0,19,16,0,3
1998,"DE KALB",29063,28,25,0,0,3,2,2,0,0,0,26,23,0,3
1999,"DEKALB",29063,29,27,0,0,2,0,0,0,0,0,29,27,0,2
2000,"DE KALB",29063,23,20,0,0,3,1,1,0,0,0,22,19,0,3
2001,"DE KALB",29063,30,25,0,0,5,0,0,0,0,0,30,25,0,5
2002,"DE KALB",29063,51,44,0,0,7,3,2,0,0,1,48,42,0,6
2003,"DE KALB",29063,41,34,0,0,7,0,0,0,0,0,41,34,0,7
1990,"DENT",29065,27,27,0,0,0,1,1,0,0,0,26,26,0,0
1991,"DENT",29065,19,16,0,0,3,2,2,0,0,0,17,14,0,3
1992,"DENT",29065,42,31,0,0,11,3,2,0,0,1,39,29,0,10
1993,"DENT",29065,24,22,0,0,2,4,4,0,0,0,20,18,0,2
1994,"DENT",29065,21,19,0,0,2,1,1,0,0,0,20,18,0,2
1995,"DENT",29065,22,22,0,0,0,0,0,0,0,0,22,22,0,0
1996,"DENT",29065,53,48,0,0,5,0,0,0,0,0,53,48,0,5
1997,"DENT",29065,53,49,0,0,4,1,0,0,0,1,52,49,0,3
1998,"DENT",29065,61,60,0,0,1,1,0,0,0,1,60,60,0,0
1999,"DENT",29065,53,49,0,0,4,1,1,0,0,0,52,48,0,4
2000,"DENT",29065,49,48,0,0,1,1,1,0,0,0,48,47,0,1
2001,"DENT",29065,57,52,0,0,5,1,1,0,0,0,56,51,0,5
2002,"DENT",29065,75,71,0,0,4,0,0,0,0,0,75,71,0,4
2003,"DENT",29065,84,73,0,0,11,0,0,0,0,0,84,73,0,11
1990,"DOUGLAS",29067,11,6,2,0,3,6,2,2,0,2,5,4,0,1
1991,"DOUGLAS",29067,23,18,1,3,1,6,2,1,3,0,17,16,0,1
1992,"DOUGLAS",29067,12,11,0,1,0,3,2,0,1,0,9,9,0,0
1993,"DOUGLAS",29067,8,7,0,1,0,5,4,0,1,0,3,3,0,0
1994,"DOUGLAS",29067,15,14,0,1,0,2,1,0,1,0,13,13,0,0
1995,"DOUGLAS",29067,25,21,0,0,4,1,1,0,0,0,24,20,0,4
1996,"DOUGLAS",29067,22,17,0,0,5,0,0,0,0,0,22,17,0,5
1997,"DOUGLAS",29067,30,26,0,0,4,2,2,0,0,0,28,24,0,4
1998,"DOUGLAS",29067,36,31,0,1,4,1,0,0,1,0,35,31,0,4
1999,"DOUGLAS",29067,31,29,0,0,2,0,0,0,0,0,31,29,0,2
2000,"DOUGLAS",29067,32,29,0,0,3,0,0,0,0,0,32,29,0,3
2001,"DOUGLAS",29067,48,41,0,0,7,1,0,0,0,1,47,41,0,6
2002,"DOUGLAS",29067,60,57,0,0,3,1,1,0,0,0,59,56,0,3
2003,"DOUGLAS",29067,50,48,0,0,2,1,1,0,0,0,49,47,0,2
1990,"DUNKLIN",29069,76,73,1,0,2,5,4,1,0,0,71,69,0,2
1991,"DUNKLIN",29069,73,71,0,0,2,4,4,0,0,0,69,67,0,2
1992,"DUNKLIN",29069,84,78,1,0,5,3,1,1,0,1,81,77,0,4
1993,"DUNKLIN",29069,48,45,0,0,3,1,1,0,0,0,47,44,0,3
1994,"DUNKLIN",29069,58,56,0,1,1,4,3,0,1,0,54,53,0,1
1995,"DUNKLIN",29069,59,57,0,0,2,2,2,0,0,0,57,55,0,2
1996,"DUNKLIN",29069,115,112,2,0,1,4,3,1,0,0,111,109,1,1
1997,"DUNKLIN",29069,128,127,1,0,0,7,6,1,0,0,121,121,0,0
1998,"DUNKLIN",29069,135,131,0,0,4,3,2,0,0,1,132,129,0,3
1999,"DUNKLIN",29069,151,150,0,0,1,8,8,0,0,0,143,142,0,1
2000,"DUNKLIN",29069,137,136,0,0,1,2,2,0,0,0,135,134,0,1
2001,"DUNKLIN",29069,171,169,1,0,1,10,8,1,0,1,161,161,0,0
2002,"DUNKLIN",29069,192,187,0,0,5,4,3,0,0,1,188,184,0,4
2003,"DUNKLIN",29069,158,149,0,0,9,2,2,0,0,0,156,147,0,9
1990,"FRANKLIN",29071,274,194,3,1,76,10,5,3,1,1,264,189,0,75
1991,"FRANKLIN",29071,384,247,1,0,136,20,18,0,0,2,364,229,1,134
1992,"FRANKLIN",29071,339,200,2,0,137,7,4,1,0,2,332,196,1,135
1993,"FRANKLIN",29071,236,153,1,0,82,6,4,1,0,1,230,149,0,81
1994,"FRANKLIN",29071,264,171,0,0,93,11,7,0,0,4,253,164,0,89
1995,"FRANKLIN",29071,341,214,3,0,124,18,12,3,0,3,323,202,0,121
1996,"FRANKLIN",29071,395,268,3,0,124,11,5,3,0,3,384,263,0,121
1997,"FRANKLIN",29071,496,367,1,0,128,22,18,1,0,3,474,349,0,125
1998,"FRANKLIN",29071,496,378,2,0,116,16,9,2,0,5,480,369,0,111
1999,"FRANKLIN",29071,394,280,0,0,114,1,1,0,0,0,393,279,0,114
2000,"FRANKLIN",29071,405,287,0,0,118,8,7,0,0,1,397,280,0,117
2001,"FRANKLIN",29071,517,400,1,0,116,6,5,1,0,0,511,395,0,116
2002,"FRANKLIN",29071,530,402,4,0,124,7,3,4,0,0,523,399,0,124
2003,"FRANKLIN",29071,602,429,3,0,170,4,1,3,0,0,598,428,0,170
1990,"GASCONADE",29073,34,23,0,0,11,3,2,0,0,1,31,21,0,10
1991,"GASCONADE",29073,39,31,0,0,8,3,3,0,0,0,36,28,0,8
1992,"GASCONADE",29073,44,32,0,0,12,0,0,0,0,0,44,32,0,12
1993,"GASCONADE",29073,29,24,0,0,5,0,0,0,0,0,29,24,0,5
1994,"GASCONADE",29073,36,27,0,0,9,2,2,0,0,0,34,25,0,9
1995,"GASCONADE",29073,41,31,0,0,10,2,2,0,0,0,39,29,0,10
1996,"GASCONADE",29073,46,40,0,0,6,2,2,0,0,0,44,38,0,6
1997,"GASCONADE",29073,37,34,0,0,3,1,1,0,0,0,36,33,0,3
1998,"GASCONADE",29073,47,40,0,0,7,2,2,0,0,0,45,38,0,7
1999,"GASCONADE",29073,40,34,0,0,6,1,1,0,0,0,39,33,0,6
2000,"GASCONADE",29073,47,37,0,0,10,1,1,0,0,0,46,36,0,10
2001,"GASCONADE",29073,65,49,0,0,16,0,0,0,0,0,65,49,0,16
2002,"GASCONADE",29073,66,55,0,0,11,2,1,0,0,1,64,54,0,10
2003,"GASCONADE",29073,69,54,0,0,15,1,1,0,0,0,68,53,0,15
1990,"GENTRY",29075,24,17,0,4,3,16,11,0,4,1,8,6,0,2
1991,"GENTRY",29075,14,14,0,0,0,1,1,0,0,0,13,13,0,0
1992,"GENTRY",29075,8,6,0,0,2,5,4,0,0,1,3,2,0,1
1993,"GENTRY",29075,7,5,0,0,2,1,1,0,0,0,6,4,0,2
1994,"GENTRY",29075,9,8,0,0,1,1,1,0,0,0,8,7,0,1
1995,"GENTRY",29075,5,5,0,0,0,0,0,0,0,0,5,5,0,0
1996,"GENTRY",29075,24,22,0,0,2,2,2,0,0,0,22,20,0,2
1997,"GENTRY",29075,14,13,0,0,1,0,0,0,0,0,14,13,0,1
1998,"GENTRY",29075,18,17,0,0,1,0,0,0,0,0,18,17,0,1
1999,"GENTRY",29075,23,22,0,0,1,1,1,0,0,0,22,21,0,1
2000,"GENTRY",29075,22,19,0,0,3,2,1,0,0,1,20,18,0,2
2001,"GENTRY",29075,25,19,1,0,5,2,0,1,0,1,23,19,0,4
2002,"GENTRY",29075,22,22,0,0,0,0,0,0,0,0,22,22,0,0
2003,"GENTRY",29075,22,18,0,1,3,3,0,0,1,2,19,18,0,1
1990,"GREENE",29077,676,577,30,0,69,107,65,30,0,12,569,512,0,57
1991,"GREENE",29077,766,692,22,1,51,106,70,22,1,13,660,622,0,38
1992,"GREENE",29077,808,746,18,1,43,73,48,17,1,7,735,698,1,36
1993,"GREENE",29077,645,589,16,0,40,50,30,16,0,4,595,559,0,36
1994,"GREENE",29077,593,547,16,0,30,45,27,16,0,2,548,520,0,28
1995,"GREENE",29077,598,539,11,0,48,31,18,11,0,2,567,521,0,46
1996,"GREENE",29077,803,700,11,1,91,51,27,11,1,12,752,673,0,79
1997,"GREENE",29077,976,867,10,0,99,42,26,10,0,6,934,841,0,93
1998,"GREENE",29077,1023,913,5,0,105,18,12,5,0,1,1005,901,0,104
1999,"GREENE",29077,1006,903,9,0,94,17,7,9,0,1,989,896,0,93
2000,"GREENE",29077,976,872,7,0,97,22,15,7,0,0,954,857,0,97
2001,"GREENE",29077,1290,1154,14,0,122,32,18,13,0,1,1258,1136,1,121
2002,"GREENE",29077,1396,1274,9,0,113,21,12,9,0,0,1375,1262,0,113
2003,"GREENE",29077,1409,1261,3,0,145,14,11,3,0,0,1395,1250,0,145
1990,"GRUNDY",29079,14,12,0,2,0,6,4,0,2,0,8,8,0,0
1991,"GRUNDY",29079,29,26,0,0,3,4,4,0,0,0,25,22,0,3
1992,"GRUNDY",29079,18,16,0,1,1,3,2,0,1,0,15,14,0,1
1993,"GRUNDY",29079,16,14,0,1,1,1,0,0,1,0,15,14,0,1
1994,"GRUNDY",29079,12,10,0,1,1,2,1,0,1,0,10,9,0,1
1995,"GRUNDY",29079,18,16,0,0,2,2,2,0,0,0,16,14,0,2
1996,"GRUNDY",29079,31,27,1,1,2,5,1,1,1,2,26,26,0,0
1997,"GRUNDY",29079,37,31,0,0,6,1,1,0,0,0,36,30,0,6
1998,"GRUNDY",29079,43,42,0,0,1,0,0,0,0,0,43,42,0,1
1999,"GRUNDY",29079,25,22,0,0,3,1,1,0,0,0,24,21,0,3
2000,"GRUNDY",29079,27,26,0,0,1,0,0,0,0,0,27,26,0,1
2001,"GRUNDY",29079,32,29,0,0,3,0,0,0,0,0,32,29,0,3
2002,"GRUNDY",29079,39,32,0,0,7,2,1,0,0,1,37,31,0,6
2003,"GRUNDY",29079,58,49,1,0,8,2,0,1,0,1,56,49,0,7
1990,"HARRISON",29081,8,8,0,0,0,2,2,0,0,0,6,6,0,0
1991,"HARRISON",29081,14,11,0,0,3,4,2,0,0,2,10,9,0,1
1992,"HARRISON",29081,12,9,0,2,1,3,1,0,2,0,9,8,0,1
1993,"HARRISON",29081,10,6,0,0,4,1,1,0,0,0,9,5,0,4
1994,"HARRISON",29081,11,10,0,0,1,1,1,0,0,0,10,9,0,1
1995,"HARRISON",29081,11,10,1,0,0,2,1,1,0,0,9,9,0,0
1996,"HARRISON",29081,22,16,1,1,4,2,1,0,1,0,20,15,1,4
1997,"HARRISON",29081,21,18,0,1,2,3,1,0,1,1,18,17,0,1
1998,"HARRISON",29081,22,19,0,0,3,0,0,0,0,0,22,19,0,3
1999,"HARRISON",29081,25,23,0,1,1,1,0,0,1,0,24,23,0,1
2000,"HARRISON",29081,20,20,0,0,0,0,0,0,0,0,20,20,0,0
2001,"HARRISON",29081,34,29,0,0,5,0,0,0,0,0,34,29,0,5
2002,"HARRISON",29081,37,31,0,1,5,1,0,0,1,0,36,31,0,5
2003,"HARRISON",29081,57,50,0,0,7,0,0,0,0,0,57,50,0,7
1990,"HENRY",29083,29,29,0,0,0,2,2,0,0,0,27,27,0,0
1991,"HENRY",29083,34,34,0,0,0,2,2,0,0,0,32,32,0,0
1992,"HENRY",29083,41,38,0,1,2,4,2,0,1,1,37,36,0,1
1993,"HENRY",29083,35,33,0,1,1,3,2,0,1,0,32,31,0,1
1994,"HENRY",29083,34,28,1,0,5,6,3,1,0,2,28,25,0,3
1995,"HENRY",29083,29,25,0,0,4,0,0,0,0,0,29,25,0,4
1996,"HENRY",29083,54,48,0,1,5,2,1,0,1,0,52,47,0,5
1997,"HENRY",29083,57,54,0,0,3,1,1,0,0,0,56,53,0,3
1998,"HENRY",29083,74,68,0,0,6,0,0,0,0,0,74,68,0,6
1999,"HENRY",29083,59,57,0,0,2,0,0,0,0,0,59,57,0,2
2000,"HENRY",29083,78,69,0,0,9,0,0,0,0,0,78,69,0,9
2001,"HENRY",29083,87,74,0,0,13,0,0,0,0,0,87,74,0,13
2002,"HENRY",29083,103,91,0,0,12,4,4,0,0,0,99,87,0,12
2003,"HENRY",29083,126,116,0,0,10,1,1,0,0,0,125,115,0,10
1990,"HICKORY",29085,5,4,0,0,1,0,0,0,0,0,5,4,0,1
1991,"HICKORY",29085,12,8,1,0,3,4,2,1,0,1,8,6,0,2
1992,"HICKORY",29085,13,9,1,1,2,3,0,1,1,1,10,9,0,1
1993,"HICKORY",29085,12,8,1,0,3,1,0,1,0,0,11,8,0,3
1994,"HICKORY",29085,11,10,0,0,1,1,0,0,0,1,10,10,0,0
1995,"HICKORY",29085,10,8,0,1,1,1,0,0,1,0,9,8,0,1
1996,"HICKORY",29085,14,12,0,0,2,1,1,0,0,0,13,11,0,2
1997,"HICKORY",29085,22,19,0,0,3,1,1,0,0,0,21,18,0,3
1998,"HICKORY",29085,17,15,0,0,2,0,0,0,0,0,17,15,0,2
1999,"HICKORY",29085,25,23,0,0,2,0,0,0,0,0,25,23,0,2
2000,"HICKORY",29085,34,31,0,0,3,1,1,0,0,0,33,30,0,3
2001,"HICKORY",29085,38,37,0,0,1,0,0,0,0,0,38,37,0,1
2002,"HICKORY",29085,31,29,0,0,2,0,0,0,0,0,31,29,0,2
2003,"HICKORY",29085,33,30,0,0,3,1,1,0,0,0,32,29,0,3
1990,"HOLT",29087,9,9,0,0,0,4,4,0,0,0,5,5,0,0
1991,"HOLT",29087,5,4,0,0,1,1,1,0,0,0,4,3,0,1
1992,"HOLT",29087,7,7,0,0,0,1,1,0,0,0,6,6,0,0
1993,"HOLT",29087,13,11,0,0,2,0,0,0,0,0,13,11,0,2
1994,"HOLT",29087,6,4,0,0,2,0,0,0,0,0,6,4,0,2
1995,"HOLT",29087,10,10,0,0,0,2,2,0,0,0,8,8,0,0
1996,"HOLT",29087,18,17,0,1,0,1,0,0,1,0,17,17,0,0
1997,"HOLT",29087,21,18,0,0,3,0,0,0,0,0,21,18,0,3
1998,"HOLT",29087,24,23,0,0,1,1,0,0,0,1,23,23,0,0
1999,"HOLT",29087,17,16,0,0,1,0,0,0,0,0,17,16,0,1
2000,"HOLT",29087,15,14,0,0,1,0,0,0,0,0,15,14,0,1
2001,"HOLT",29087,23,22,0,0,1,0,0,0,0,0,23,22,0,1
2002,"HOLT",29087,27,24,1,0,2,1,0,1,0,0,26,24,0,2
2003,"HOLT",29087,38,35,0,0,3,0,0,0,0,0,38,35,0,3
1990,"HOWARD",29089,15,14,0,0,1,0,0,0,0,0,15,14,0,1
1991,"HOWARD",29089,26,23,0,0,3,1,1,0,0,0,25,22,0,3
1992,"HOWARD",29089,21,18,0,0,3,1,1,0,0,0,20,17,0,3
1993,"HOWARD",29089,22,21,0,0,1,1,1,0,0,0,21,20,0,1
1994,"HOWARD",29089,21,19,0,1,1,1,0,0,1,0,20,19,0,1
1995,"HOWARD",29089,19,19,0,0,0,1,1,0,0,0,18,18,0,0
1996,"HOWARD",29089,33,31,0,0,2,0,0,0,0,0,33,31,0,2
1997,"HOWARD",29089,27,25,0,0,2,1,1,0,0,0,26,24,0,2
1998,"HOWARD",29089,35,33,0,0,2,1,1,0,0,0,34,32,0,2
1999,"HOWARD",29089,26,24,0,0,2,0,0,0,0,0,26,24,0,2
2000,"HOWARD",29089,29,25,0,0,4,0,0,0,0,0,29,25,0,4
2001,"HOWARD",29089,31,29,0,0,2,0,0,0,0,0,31,29,0,2
2002,"HOWARD",29089,29,29,0,0,0,0,0,0,0,0,29,29,0,0
2003,"HOWARD",29089,70,67,0,0,3,0,0,0,0,0,70,67,0,3
1990,"HOWELL",29091,35,30,1,0,4,7,5,1,0,1,28,25,0,3
1991,"HOWELL",29091,54,49,1,0,4,5,4,1,0,0,49,45,0,4
1992,"HOWELL",29091,44,38,1,2,3,11,7,1,2,1,33,31,0,2
1993,"HOWELL",29091,47,41,1,0,5,1,0,1,0,0,46,41,0,5
1994,"HOWELL",29091,50,46,1,0,3,3,2,1,0,0,47,44,0,3
1995,"HOWELL",29091,76,69,1,1,5,3,1,1,1,0,73,68,0,5
1996,"HOWELL",29091,85,81,1,0,3,2,1,1,0,0,83,80,0,3
1997,"HOWELL",29091,115,96,0,0,19,4,3,0,0,1,111,93,0,18
1998,"HOWELL",29091,99,87,0,0,12,0,0,0,0,0,99,87,0,12
1999,"HOWELL",29091,103,88,3,0,12,3,0,2,0,1,100,88,1,11
2000,"HOWELL",29091,102,95,1,0,6,3,2,1,0,0,99,93,0,6
2001,"HOWELL",29091,127,121,0,0,6,1,0,0,0,1,126,121,0,5
2002,"HOWELL",29091,126,122,1,0,3,1,0,1,0,0,125,122,0,3
2003,"HOWELL",29091,130,120,0,0,10,2,2,0,0,0,128,118,0,10
1990,"IRON",29093,18,10,0,0,8,2,2,0,0,0,16,8,0,8
1991,"IRON",29093,35,23,0,0,12,2,1,0,0,1,33,22,0,11
1992,"IRON",29093,41,25,0,0,16,2,2,0,0,0,39,23,0,16
1993,"IRON",29093,29,18,0,1,10,2,1,0,1,0,27,17,0,10
1994,"IRON",29093,23,13,0,0,10,1,1,0,0,0,22,12,0,10
1995,"IRON",29093,26,21,0,0,5,1,1,0,0,0,25,20,0,5
1996,"IRON",29093,41,36,0,0,5,3,3,0,0,0,38,33,0,5
1997,"IRON",29093,38,35,0,0,3,2,1,0,0,1,36,34,0,2
1998,"IRON",29093,56,50,0,0,6,2,1,0,0,1,54,49,0,5
1999,"IRON",29093,37,32,0,0,5,0,0,0,0,0,37,32,0,5
2000,"IRON",29093,33,31,0,0,2,0,0,0,0,0,33,31,0,2
2001,"IRON",29093,47,40,0,0,7,0,0,0,0,0,47,40,0,7
2002,"IRON",29093,61,56,0,0,5,0,0,0,0,0,61,56,0,5
2003,"IRON",29093,63,55,0,0,8,0,0,0,0,0,63,55,0,8
1990,"JACKSON",29095,2241,1735,28,0,478,188,140,28,0,20,2053,1595,0,458
1991,"JACKSON",29095,2864,2299,33,0,532,155,104,33,0,18,2709,2195,0,514
1992,"JACKSON",29095,2830,2229,32,0,569,135,91,31,0,13,2695,2138,1,556
1993,"JACKSON",29095,2563,1941,39,0,583,132,84,37,0,11,2431,1857,2,572
1994,"JACKSON",29095,2415,1796,36,0,583,111,65,33,0,13,2304,1731,3,570
1995,"JACKSON",29095,2458,1728,24,0,706,46,21,23,0,2,2412,1707,1,704
1996,"JACKSON",29095,2985,2227,25,1,732,67,32,23,1,11,2918,2195,2,721
1997,"JACKSON",29095,3358,2542,20,0,796,113,64,19,0,30,3245,2478,1,766
1998,"JACKSON",29095,3600,2718,14,0,868,45,23,13,0,9,3555,2695,1,859
1999,"JACKSON",29095,3344,2368,15,0,961,39,20,15,0,4,3305,2348,0,957
2000,"JACKSON",29095,3275,2206,7,0,1062,37,24,7,0,6,3238,2182,0,1056
2001,"JACKSON",29095,4072,2623,7,0,1442,41,26,7,0,8,4031,2597,0,1434
2002,"JACKSON",29095,4839,3175,27,0,1637,52,15,27,0,10,4787,3160,0,1627
2003,"JACKSON",29095,5250,3482,3,0,1765,36,28,3,0,5,5214,3454,0,1760
1990,"JASPER",29097,272,234,8,1,29,38,25,8,1,4,234,209,0,25
1991,"JASPER",29097,303,284,3,0,16,22,17,3,0,2,281,267,0,14
1992,"JASPER",29097,272,255,1,0,16,17,12,1,0,4,255,243,0,12
1993,"JASPER",29097,226,211,2,0,13,16,13,2,0,1,210,198,0,12
1994,"JASPER",29097,234,216,4,1,13,19,12,2,1,4,215,204,2,9
1995,"JASPER",29097,237,225,0,0,12,7,6,0,0,1,230,219,0,11
1996,"JASPER",29097,321,301,1,0,19,13,10,1,0,2,308,291,0,17
1997,"JASPER",29097,417,393,1,0,23,15,12,1,0,2,402,381,0,21
1998,"JASPER",29097,460,423,2,1,34,9,5,2,1,1,451,418,0,33
1999,"JASPER",29097,431,396,4,1,30,8,2,4,1,1,423,394,0,29
2000,"JASPER",29097,403,372,3,1,27,7,3,3,1,0,396,369,0,27
2001,"JASPER",29097,561,503,17,0,41,18,1,17,0,0,543,502,0,41
2002,"JASPER",29097,617,575,2,1,39,8,4,2,1,1,609,571,0,38
2003,"JASPER",29097,622,580,1,0,41,4,1,1,0,2,618,579,0,39
1990,"JEFFERSON",29099,703,434,1,0,268,33,22,1,0,10,670,412,0,258
1991,"JEFFERSON",29099,819,482,4,0,333,32,25,4,0,3,787,457,0,330
1992,"JEFFERSON",29099,871,476,1,0,394,20,18,1,0,1,851,458,0,393
1993,"JEFFERSON",29099,699,373,0,0,326,25,18,0,0,7,674,355,0,319
1994,"JEFFERSON",29099,757,466,1,0,290,18,12,1,0,5,739,454,0,285
1995,"JEFFERSON",29099,805,503,0,0,302,16,11,0,0,5,789,492,0,297
1996,"JEFFERSON",29099,1089,638,3,0,448,22,14,3,0,5,1067,624,0,443
1997,"JEFFERSON",29099,1208,752,1,0,455,22,17,1,0,4,1186,735,0,451
1998,"JEFFERSON",29099,1321,908,0,0,413,14,12,0,0,2,1307,896,0,411
1999,"JEFFERSON",29099,1293,860,1,0,432,11,7,1,0,3,1282,853,0,429
2000,"JEFFERSON",29099,1156,733,0,0,423,10,9,0,0,1,1146,724,0,422
2001,"JEFFERSON",29099,1391,932,3,0,456,14,10,3,0,1,1377,922,0,455
2002,"JEFFERSON",29099,1385,924,3,0,458,18,13,2,0,3,1367,911,1,455
2003,"JEFFERSON",29099,1571,1053,0,0,518,6,4,0,0,2,1565,1049,0,516
1990,"JOHNSON",29101,84,71,3,1,9,5,0,3,1,1,79,71,0,8
1991,"JOHNSON",29101,89,75,1,0,13,7,6,1,0,0,82,69,0,13
1992,"JOHNSON",29101,95,84,0,0,10,6,5,0,0,0,89,79,0,10
1993,"JOHNSON",29101,87,83,0,0,4,6,6,0,0,0,81,77,0,4
1994,"JOHNSON",29101,85,79,0,0,6,2,2,0,0,0,83,77,0,6
1995,"JOHNSON",29101,90,72,1,0,17,1,1,0,0,0,89,71,1,17
1996,"JOHNSON",29101,130,118,0,0,12,5,4,0,0,1,125,114,0,11
1997,"JOHNSON",29101,181,159,2,0,20,4,1,2,0,1,177,158,0,19
1998,"JOHNSON",29101,178,168,0,0,10,3,3,0,0,0,175,165,0,10
1999,"JOHNSON",29101,156,139,0,0,17,3,3,0,0,0,153,136,0,17
2000,"JOHNSON",29101,134,117,2,0,15,2,0,2,0,0,132,117,0,15
2001,"JOHNSON",29101,194,168,2,0,24,1,0,1,0,0,193,168,1,24
2002,"JOHNSON",29101,183,155,0,0,28,5,4,0,0,1,178,151,0,27
2003,"JOHNSON",29101,211,168,1,0,42,6,4,0,0,2,205,164,1,40
1990,"KNOX",29103,6,3,0,2,1,2,0,0,2,0,4,3,0,1
1991,"KNOX",29103,4,4,0,0,0,1,1,0,0,0,3,3,0,0
1992,"KNOX",29103,9,3,2,3,1,5,1,1,3,0,4,2,1,1
1993,"KNOX",29103,4,1,0,0,3,0,0,0,0,0,4,1,0,3
1994,"KNOX",29103,5,5,0,0,0,3,3,0,0,0,2,2,0,0
1995,"KNOX",29103,5,3,0,0,2,2,2,0,0,0,3,1,0,2
1996,"KNOX",29103,8,6,0,0,2,0,0,0,0,0,8,6,0,2
1997,"KNOX",29103,11,9,0,1,1,1,0,0,1,0,10,9,0,1
1998,"KNOX",29103,15,12,1,1,1,2,0,1,1,0,13,12,0,1
1999,"KNOX",29103,9,6,0,1,2,2,0,0,1,1,7,6,0,1
2000,"KNOX",29103,9,8,0,1,0,1,0,0,1,0,8,8,0,0
2001,"KNOX",29103,10,9,0,1,0,1,0,0,1,0,9,9,0,0
2002,"KNOX",29103,13,12,0,0,1,0,0,0,0,0,13,12,0,1
2003,"KNOX",29103,21,17,2,2,0,5,1,2,2,0,16,16,0,0
1990,"LACLEDE",29105,72,69,1,2,0,8,5,1,2,0,64,64,0,0
1991,"LACLEDE",29105,101,98,0,1,2,9,8,0,1,0,92,90,0,2
1992,"LACLEDE",29105,100,93,1,2,4,12,8,1,2,1,88,85,0,3
1993,"LACLEDE",29105,73,69,0,1,3,5,4,0,1,0,68,65,0,3
1994,"LACLEDE",29105,52,48,0,1,3,5,4,0,1,0,47,44,0,3
1995,"LACLEDE",29105,58,54,0,1,3,4,3,0,1,0,54,51,0,3
1996,"LACLEDE",29105,94,86,1,0,7,9,6,1,0,2,85,80,0,5
1997,"LACLEDE",29105,108,100,0,1,7,3,2,0,1,0,105,98,0,7
1998,"LACLEDE",29105,141,129,0,1,11,2,1,0,1,0,139,128,0,11
1999,"LACLEDE",29105,138,127,0,0,11,0,0,0,0,0,138,127,0,11
2000,"LACLEDE",29105,126,121,0,0,5,0,0,0,0,0,126,121,0,5
2001,"LACLEDE",29105,155,146,0,0,9,1,1,0,0,0,154,145,0,9
2002,"LACLEDE",29105,199,190,0,0,9,1,1,0,0,0,198,189,0,9
2003,"LACLEDE",29105,208,194,0,0,14,1,1,0,0,0,207,193,0,14
1990,"LAFAYETTE",29107,82,75,0,0,7,7,6,0,0,1,75,69,0,6
1991,"LAFAYETTE",29107,81,73,0,2,6,8,6,0,2,0,73,67,0,6
1992,"LAFAYETTE",29107,99,85,2,2,10,15,10,2,2,1,84,75,0,9
1993,"LAFAYETTE",29107,58,48,1,0,9,6,4,0,0,2,52,44,1,7
1994,"LAFAYETTE",29107,71,56,0,0,15,2,1,0,0,1,69,55,0,14
1995,"LAFAYETTE",29107,74,64,0,1,9,1,0,0,1,0,73,64,0,9
1996,"LAFAYETTE",29107,89,76,0,0,13,2,2,0,0,0,87,74,0,13
1997,"LAFAYETTE",29107,111,99,0,0,12,0,0,0,0,0,111,99,0,12
1998,"LAFAYETTE",29107,129,117,0,0,12,2,2,0,0,0,127,115,0,12
1999,"LAFAYETTE",29107,110,94,0,1,15,4,0,0,1,3,106,94,0,12
2000,"LAFAYETTE",29107,110,92,0,0,18,1,1,0,0,0,109,91,0,18
2001,"LAFAYETTE",29107,133,110,1,0,22,4,3,1,0,0,129,107,0,22
2002,"LAFAYETTE",29107,138,118,0,0,20,0,0,0,0,0,138,118,0,20
2003,"LAFAYETTE",29107,180,147,0,0,33,1,1,0,0,0,179,146,0,33
1990,"LAWRENCE",29109,64,56,1,0,7,6,4,1,0,1,58,52,0,6
1991,"LAWRENCE",29109,75,68,2,1,4,7,4,2,1,0,68,64,0,4
1992,"LAWRENCE",29109,69,62,0,2,5,5,3,0,2,0,64,59,0,5
1993,"LAWRENCE",29109,50,46,1,1,2,3,1,1,1,0,47,45,0,2
1994,"LAWRENCE",29109,97,92,3,0,2,6,3,3,0,0,91,89,0,2
1995,"LAWRENCE",29109,66,59,2,1,4,3,0,2,1,0,63,59,0,4
1996,"LAWRENCE",29109,92,79,1,0,12,5,4,1,0,0,87,75,0,12
1997,"LAWRENCE",29109,153,140,1,0,12,4,3,1,0,0,149,137,0,12
1998,"LAWRENCE",29109,123,112,0,0,11,0,0,0,0,0,123,112,0,11
1999,"LAWRENCE",29109,139,129,0,0,10,1,0,0,0,1,138,129,0,9
2000,"LAWRENCE",29109,149,136,0,0,13,3,3,0,0,0,146,133,0,13
2001,"LAWRENCE",29109,185,173,1,0,11,3,2,1,0,0,182,171,0,11
2002,"LAWRENCE",29109,193,170,3,0,20,9,5,3,0,1,184,165,0,19
2003,"LAWRENCE",29109,211,189,0,0,22,2,2,0,0,0,209,187,0,22
1990,"LEWIS",29111,25,22,0,1,2,2,1,0,1,0,23,21,0,2
1991,"LEWIS",29111,28,17,1,0,10,4,2,1,0,1,24,15,0,9
1992,"LEWIS",29111,20,13,0,0,7,2,1,0,0,1,18,12,0,6
1993,"LEWIS",29111,19,13,0,0,6,1,1,0,0,0,18,12,0,6
1994,"LEWIS",29111,15,12,0,0,3,0,0,0,0,0,15,12,0,3
1995,"LEWIS",29111,10,9,0,0,1,0,0,0,0,0,10,9,0,1
1996,"LEWIS",29111,9,8,0,0,1,0,0,0,0,0,9,8,0,1
1997,"LEWIS",29111,22,18,0,0,4,1,0,0,0,1,21,18,0,3
1998,"LEWIS",29111,30,27,0,0,3,1,1,0,0,0,29,26,0,3
1999,"LEWIS",29111,24,24,0,0,0,0,0,0,0,0,24,24,0,0
2000,"LEWIS",29111,39,36,0,0,3,1,1,0,0,0,38,35,0,3
2001,"LEWIS",29111,49,43,0,0,6,1,1,0,0,0,48,42,0,6
2002,"LEWIS",29111,45,38,0,0,7,1,0,0,0,1,44,38,0,6
2003,"LEWIS",29111,61,55,1,0,5,1,0,1,0,0,60,55,0,5
1990,"LINCOLN",29113,82,50,1,1,30,4,2,1,1,0,78,48,0,30
1991,"LINCOLN",29113,109,73,0,0,36,5,3,0,0,2,104,70,0,34
1992,"LINCOLN",29113,120,66,1,0,53,2,1,1,0,0,118,65,0,53
1993,"LINCOLN",29113,80,47,0,0,33,3,3,0,0,0,77,44,0,33
1994,"LINCOLN",29113,68,45,0,0,23,2,2,0,0,0,66,43,0,23
1995,"LINCOLN",29113,96,50,0,0,46,1,1,0,0,0,95,49,0,46
1996,"LINCOLN",29113,117,77,0,0,40,1,1,0,0,0,116,76,0,40
1997,"LINCOLN",29113,166,105,0,0,61,2,0,0,0,2,164,105,0,59
1998,"LINCOLN",29113,195,130,0,0,65,0,0,0,0,0,195,130,0,65
1999,"LINCOLN",29113,164,103,0,0,61,2,2,0,0,0,162,101,0,61
2000,"LINCOLN",29113,180,115,2,0,63,3,1,2,0,0,177,114,0,63
2001,"LINCOLN",29113,220,154,0,0,66,1,1,0,0,0,219,153,0,66
2002,"LINCOLN",29113,208,157,0,0,51,1,1,0,0,0,207,156,0,51
2003,"LINCOLN",29113,263,210,0,0,53,1,1,0,0,0,262,209,0,53
1990,"LINN",29115,19,18,0,0,1,2,2,0,0,0,17,16,0,1
1991,"LINN",29115,31,29,0,0,2,6,5,0,0,1,25,24,0,1
1992,"LINN",29115,17,16,0,0,1,1,1,0,0,0,16,15,0,1
1993,"LINN",29115,23,21,0,0,2,2,2,0,0,0,21,19,0,2
1994,"LINN",29115,19,17,0,0,2,0,0,0,0,0,19,17,0,2
1995,"LINN",29115,17,15,0,1,1,1,0,0,1,0,16,15,0,1
1996,"LINN",29115,39,35,0,0,4,1,1,0,0,0,38,34,0,4
1997,"LINN",29115,42,40,0,0,2,1,1,0,0,0,41,39,0,2
1998,"LINN",29115,30,25,1,0,4,1,0,1,0,0,29,25,0,4
1999,"LINN",29115,30,26,0,0,4,0,0,0,0,0,30,26,0,4
2000,"LINN",29115,31,29,0,0,2,0,0,0,0,0,31,29,0,2
2001,"LINN",29115,48,37,0,0,11,0,0,0,0,0,48,37,0,11
2002,"LINN",29115,49,44,1,1,3,2,0,1,1,0,47,44,0,3
2003,"LINN",29115,45,40,0,1,4,3,1,0,1,1,42,39,0,3
1990,"LIVINGSTON",29117,25,21,0,0,4,5,5,0,0,0,20,16,0,4
1991,"LIVINGSTON",29117,20,18,1,1,0,7,5,1,1,0,13,13,0,0
1992,"LIVINGSTON",29117,42,35,0,2,5,4,2,0,2,0,38,33,0,5
1993,"LIVINGSTON",29117,21,18,0,1,2,2,0,0,1,1,19,18,0,1
1994,"LIVINGSTON",29117,17,17,0,0,0,3,3,0,0,0,14,14,0,0
1995,"LIVINGSTON",29117,23,18,0,4,1,5,1,0,4,0,18,17,0,1
1996,"LIVINGSTON",29117,29,25,0,0,4,0,0,0,0,0,29,25,0,4
1997,"LIVINGSTON",29117,30,26,0,0,4,3,3,0,0,0,27,23,0,4
1998,"LIVINGSTON",29117,36,31,0,0,5,0,0,0,0,0,36,31,0,5
1999,"LIVINGSTON",29117,44,38,0,0,6,0,0,0,0,0,44,38,0,6
2000,"LIVINGSTON",29117,39,34,0,0,5,0,0,0,0,0,39,34,0,5
2001,"LIVINGSTON",29117,42,33,1,0,8,1,0,1,0,0,41,33,0,8
2002,"LIVINGSTON",29117,66,54,0,0,12,0,0,0,0,0,66,54,0,12
2003,"LIVINGSTON",29117,75,55,0,2,18,2,0,0,2,0,73,55,0,18
1990,"MACON",29119,30,27,0,0,3,6,5,0,0,1,24,22,0,2
1991,"MCDONALD",29119,51,45,2,1,3,6,3,2,1,0,45,42,0,3
1992,"MCDONALD",29119,37,34,0,1,2,5,3,0,1,1,32,31,0,1
1993,"MCDONALD",29119,32,32,0,0,0,0,0,0,0,0,32,32,0,0
1994,"MCDONALD",29119,19,17,1,0,1,2,1,1,0,0,17,16,0,1
1995,"MCDONALD",29119,29,28,0,0,1,1,1,0,0,0,28,27,0,1
1996,"MCDONALD",29119,43,40,2,0,1,2,0,2,0,0,41,40,0,1
1997,"MCDONALD",29119,62,62,0,0,0,1,1,0,0,0,61,61,0,0
1998,"MCDONALD",29119,60,56,0,0,4,1,1,0,0,0,59,55,0,4
1999,"MACON",29119,52,50,1,0,1,2,1,1,0,0,50,49,0,1
2000,"MCDONALD",29119,40,36,0,0,4,1,1,0,0,0,39,35,0,4
2001,"MCDONALD",29119,69,66,1,0,2,1,0,1,0,0,68,66,0,2
2002,"MCDONALD",29119,82,75,0,0,7,2,2,0,0,0,80,73,0,7
2003,"MCDONALD",29119,78,72,1,0,5,2,1,1,0,0,76,71,0,5
1990,"MADISON",29121,28,23,0,1,4,2,1,0,1,0,26,22,0,4
1991,"MACON",29121,30,26,0,0,4,2,2,0,0,0,28,24,0,4
1992,"MACON",29121,28,22,0,1,5,2,0,0,1,1,26,22,0,4
1993,"MACON",29121,31,24,0,0,7,1,1,0,0,0,30,23,0,7
1994,"MACON",29121,19,17,0,0,2,0,0,0,0,0,19,17,0,2
1995,"MACON",29121,27,24,0,0,3,0,0,0,0,0,27,24,0,3
1996,"MACON",29121,33,31,0,1,1,1,0,0,1,0,32,31,0,1
1997,"MACON",29121,36,33,2,0,1,2,0,2,0,0,34,33,0,1
1998,"MACON",29121,39,36,0,1,2,2,1,0,1,0,37,35,0,2
1999,"MADISON",29121,37,35,1,0,1,1,0,1,0,0,36,35,0,1
2000,"MACON",29121,41,33,1,1,6,5,3,1,1,0,36,30,0,6
2001,"MACON",29121,49,41,0,2,6,3,0,0,2,1,46,41,0,5
2002,"MACON",29121,58,48,0,0,10,0,0,0,0,0,58,48,0,10
2003,"MACON",29121,57,52,0,0,5,0,0,0,0,0,57,52,0,5
1990,"MARIES",29123,19,18,0,0,1,1,1,0,0,0,18,17,0,1
1991,"MADISON",29123,30,26,0,0,4,0,0,0,0,0,30,26,0,4
1992,"MADISON",29123,56,39,1,0,16,2,1,1,0,0,54,38,0,16
1993,"MADISON",29123,37,28,0,0,9,4,3,0,0,1,33,25,0,8
1994,"MADISON",29123,24,22,0,0,2,1,1,0,0,0,23,21,0,2
1995,"MADISON",29123,35,29,0,0,6,3,3,0,0,0,32,26,0,6
1996,"MADISON",29123,42,36,0,0,6,0,0,0,0,0,42,36,0,6
1997,"MADISON",29123,68,57,0,0,11,0,0,0,0,0,68,57,0,11
1998,"MADISON",29123,53,51,0,0,2,2,2,0,0,0,51,49,0,2
1999,"MARIES",29123,75,71,0,0,4,2,1,0,0,1,73,70,0,3
2000,"MADISON",29123,52,45,0,0,7,0,0,0,0,0,52,45,0,7
2001,"MADISON",29123,55,50,0,0,5,0,0,0,0,0,55,50,0,5
2002,"MADISON",29123,64,57,0,0,7,1,1,0,0,0,63,56,0,7
2003,"MADISON",29123,92,85,0,0,7,2,2,0,0,0,90,83,0,7
1990,"MARION",29125,13,13,0,0,0,1,1,0,0,0,12,12,0,0
1991,"MARIES",29125,14,10,0,0,4,1,1,0,0,0,13,9,0,4
1992,"MARIES",29125,17,12,0,0,5,2,2,0,0,0,15,10,0,5
1993,"MARIES",29125,10,8,0,0,2,0,0,0,0,0,10,8,0,2
1994,"MARIES",29125,12,11,0,0,1,0,0,0,0,0,12,11,0,1
1995,"MARIES",29125,14,12,0,0,2,0,0,0,0,0,14,12,0,2
1996,"MARIES",29125,20,19,0,1,0,2,1,0,1,0,18,18,0,0
1997,"MARIES",29125,23,19,0,0,4,1,0,0,0,1,22,19,0,3
1998,"MARIES",29125,18,16,0,0,2,0,0,0,0,0,18,16,0,2
1999,"MARION",29125,15,14,0,0,1,0,0,0,0,0,15,14,0,1
2000,"MARIES",29125,9,9,0,0,0,0,0,0,0,0,9,9,0,0
2001,"MARIES",29125,18,17,0,0,1,0,0,0,0,0,18,17,0,1
2002,"MARIES",29125,34,32,0,0,2,3,3,0,0,0,31,29,0,2
2003,"MARIES",29125,30,28,0,0,2,1,1,0,0,0,29,27,0,2
1990,"MCDONALD",29127,95,73,0,1,21,3,2,0,1,0,92,71,0,21
1991,"MARION",29127,130,78,2,1,49,7,3,2,1,1,123,75,0,48
1992,"MARION",29127,115,77,0,0,38,7,6,0,0,1,108,71,0,37
1993,"MARION",29127,69,47,0,0,22,2,2,0,0,0,67,45,0,22
1994,"MARION",29127,75,53,0,0,22,0,0,0,0,0,75,53,0,22
1995,"MARION",29127,87,67,0,0,20,1,1,0,0,0,86,66,0,20
1996,"MARION",29127,120,100,1,0,19,3,1,1,0,1,117,99,0,18
1997,"MARION",29127,140,127,0,0,13,0,0,0,0,0,140,127,0,13
1998,"MARION",29127,175,149,1,0,25,1,0,1,0,0,174,149,0,25
1999,"MCDONALD",29127,126,115,0,1,10,3,2,0,1,0,123,113,0,10
2000,"MARION",29127,126,116,0,0,10,0,0,0,0,0,126,116,0,10
2001,"MARION",29127,162,142,1,0,19,2,1,1,0,0,160,141,0,19
2002,"MARION",29127,225,210,0,0,15,2,2,0,0,0,223,208,0,15
2003,"MARION",29127,185,175,0,0,10,1,1,0,0,0,184,174,0,10
1991,"MERCER",29129,2,2,0,0,0,0,0,0,0,0,2,2,0,0
1992,"MERCER",29129,3,2,0,0,1,1,0,0,0,1,2,2,0,0
1993,"MERCER",29129,9,9,0,0,0,1,1,0,0,0,8,8,0,0
1994,"MERCER",29129,5,5,0,0,0,0,0,0,0,0,5,5,0,0
1995,"MERCER",29129,7,5,0,2,0,2,0,0,2,0,5,5,0,0
1996,"MERCER",29129,13,8,4,1,0,6,1,4,1,0,7,7,0,0
1997,"MERCER",29129,8,7,0,0,1,0,0,0,0,0,8,7,0,1
1998,"MERCER",29129,12,12,0,0,0,0,0,0,0,0,12,12,0,0
1999,"MERCER",29129,0,0,0,0,0,0,0,0,0,0,0,0,0,0
2000,"MERCER",29129,4,2,0,2,0,2,0,0,2,0,2,2,0,0
2001,"MERCER",29129,16,13,0,0,3,0,0,0,0,0,16,13,0,3
2002,"MERCER",29129,14,12,2,0,0,3,1,2,0,0,11,11,0,0
2003,"MERCER",29129,21,19,0,0,2,0,0,0,0,0,21,19,0,2
1990,"MILLER",29131,41,38,0,0,3,13,12,0,0,1,28,26,0,2
1991,"MILLER",29131,57,52,1,0,4,10,9,1,0,0,47,43,0,4
1992,"MILLER",29131,44,40,0,1,3,5,4,0,1,0,39,36,0,3
1993,"MILLER",29131,34,33,0,0,1,4,4,0,0,0,30,29,0,1
1994,"MILLER",29131,40,40,0,0,0,4,4,0,0,0,36,36,0,0
1995,"MILLER",29131,37,34,0,0,3,1,0,0,0,1,36,34,0,2
1996,"MILLER",29131,89,85,2,0,2,5,2,2,0,1,84,83,0,1
1997,"MILLER",29131,115,112,1,0,2,10,8,1,0,1,105,104,0,1
1998,"MILLER",29131,108,104,0,0,4,1,1,0,0,0,107,103,0,4
1999,"MILLER",29131,98,95,0,0,3,0,0,0,0,0,98,95,0,3
2000,"MILLER",29131,110,106,1,0,3,3,2,1,0,0,107,104,0,3
2001,"MILLER",29131,119,116,0,0,3,0,0,0,0,0,119,116,0,3
2002,"MILLER",29131,155,150,0,0,5,2,2,0,0,0,153,148,0,5
2003,"MILLER",29131,163,155,2,0,6,4,2,2,0,0,159,153,0,6
1990,"MISSISSIPPI",29133,45,39,5,0,1,8,3,5,0,0,37,36,0,1
1991,"MISSISSIPPI",29133,61,56,0,0,5,4,4,0,0,0,57,52,0,5
1992,"MISSISSIPPI",29133,49,46,1,0,2,3,2,1,0,0,46,44,0,2
1993,"MISSISSIPPI",29133,23,19,1,3,0,4,0,1,3,0,19,19,0,0
1994,"MISSISSIPPI",29133,29,28,1,0,0,2,1,1,0,0,27,27,0,0
1995,"MISSISSIPPI",29133,24,23,0,1,0,3,2,0,1,0,21,21,0,0
1996,"MISSISSIPPI",29133,35,33,0,1,1,5,4,0,1,0,30,29,0,1
1997,"MISSISSIPPI",29133,30,30,0,0,0,1,1,0,0,0,29,29,0,0
1998,"MISSISSIPPI",29133,56,55,0,0,1,3,3,0,0,0,53,52,0,1
1999,"MISSISSIPPI",29133,58,56,0,0,2,2,2,0,0,0,56,54,0,2
2000,"MISSISSIPPI",29133,66,60,0,0,6,2,1,0,0,1,64,59,0,5
2001,"MISSISSIPPI",29133,68,66,0,0,2,6,6,0,0,0,62,60,0,2
2002,"MISSISSIPPI",29133,88,85,0,0,3,2,2,0,0,0,86,83,0,3
2003,"MISSISSIPPI",29133,73,71,0,0,2,2,2,0,0,0,71,69,0,2
1990,"MONITEAU",29135,25,23,0,1,1,5,4,0,1,0,20,19,0,1
1991,"MONITEAU",29135,31,30,0,0,1,1,1,0,0,0,30,29,0,1
1992,"MONITEAU",29135,30,27,0,0,3,4,3,0,0,1,26,24,0,2
1993,"MONITEAU",29135,28,27,0,0,1,5,5,0,0,0,23,22,0,1
1994,"MONITEAU",29135,21,21,0,0,0,3,3,0,0,0,18,18,0,0
1995,"MONITEAU",29135,24,19,0,0,5,0,0,0,0,0,24,19,0,5
1996,"MONITEAU",29135,47,46,0,0,1,0,0,0,0,0,47,46,0,1
1997,"MONITEAU",29135,60,59,0,0,1,2,2,0,0,0,58,57,0,1
1998,"MONITEAU",29135,42,42,0,0,0,1,1,0,0,0,41,41,0,0
1999,"MONITEAU",29135,49,48,0,0,1,0,0,0,0,0,49,48,0,1
2000,"MONITEAU",29135,44,42,0,0,2,2,2,0,0,0,42,40,0,2
2001,"MONITEAU",29135,62,60,0,0,2,1,1,0,0,0,61,59,0,2
2002,"MONITEAU",29135,84,83,0,0,1,1,1,0,0,0,83,82,0,1
2003,"MONITEAU",29135,78,75,0,0,3,1,1,0,0,0,77,74,0,3
1990,"MONROE",29137,26,22,1,1,2,4,2,1,1,0,22,20,0,2
1991,"MONROE",29137,21,14,0,0,7,1,1,0,0,0,20,13,0,7
1992,"MONROE",29137,21,14,1,1,5,2,0,1,1,0,19,14,0,5
1993,"MONROE",29137,19,15,0,1,3,5,4,0,1,0,14,11,0,3
1994,"MONROE",29137,7,6,0,0,1,0,0,0,0,0,7,6,0,1
1995,"MONROE",29137,11,9,0,0,2,0,0,0,0,0,11,9,0,2
1996,"MONROE",29137,17,15,0,0,2,0,0,0,0,0,17,15,0,2
1997,"MONROE",29137,27,23,0,0,4,1,1,0,0,0,26,22,0,4
1998,"MONROE",29137,39,35,1,0,3,2,0,1,0,1,37,35,0,2
1999,"MONROE",29137,27,23,0,0,4,2,0,0,0,2,25,23,0,2
2000,"MONROE",29137,28,20,0,1,7,1,0,0,1,0,27,20,0,7
2001,"MONROE",29137,43,36,0,0,7,1,1,0,0,0,42,35,0,7
2002,"MONROE",29137,30,26,1,1,2,2,0,1,1,0,28,26,0,2
2003,"MONROE",29137,51,48,0,1,2,1,0,0,1,0,50,48,0,2
1990,"MONTGOMERY",29139,19,14,0,0,5,1,1,0,0,0,18,13,0,5
1991,"MONTGOMERY",29139,28,15,1,1,11,3,1,1,1,0,25,14,0,11
1992,"MONTGOMERY",29139,35,21,1,1,12,3,1,1,1,0,32,20,0,12
1993,"MONTGOMERY",29139,14,9,0,0,5,0,0,0,0,0,14,9,0,5
1994,"MONTGOMERY",29139,17,13,0,0,4,1,0,0,0,1,16,13,0,3
1995,"MONTGOMERY",29139,30,24,0,0,6,1,1,0,0,0,29,23,0,6
1996,"MONTGOMERY",29139,37,26,1,0,10,1,0,1,0,0,36,26,0,10
1997,"MONTGOMERY",29139,29,26,0,0,3,0,0,0,0,0,29,26,0,3
1998,"MONTGOMERY",29139,30,18,0,0,12,1,0,0,0,1,29,18,0,11
1999,"MONTGOMERY",29139,27,19,0,0,8,0,0,0,0,0,27,19,0,8
2000,"MONTGOMERY",29139,36,29,0,0,7,1,1,0,0,0,35,28,0,7
2001,"MONTGOMERY",29139,55,44,0,0,11,2,2,0,0,0,53,42,0,11
2002,"MONTGOMERY",29139,57,52,1,0,4,1,0,1,0,0,56,52,0,4
2003,"MONTGOMERY",29139,54,51,0,0,3,1,1,0,0,0,53,50,0,3
1990,"MORGAN",29141,25,23,0,0,2,3,3,0,0,0,22,20,0,2
1991,"MORGAN",29141,22,19,1,0,2,4,3,1,0,0,18,16,0,2
1992,"MORGAN",29141,32,30,1,0,1,8,7,1,0,0,24,23,0,1
1993,"MORGAN",29141,19,17,2,0,0,3,1,2,0,0,16,16,0,0
1994,"MORGAN",29141,27,23,1,0,3,4,1,1,0,2,23,22,0,1
1995,"MORGAN",29141,27,25,0,1,1,1,0,0,1,0,26,25,0,1
1996,"MORGAN",29141,45,44,0,0,1,0,0,0,0,0,45,44,0,1
1997,"MORGAN",29141,66,62,1,1,2,7,4,1,1,1,59,58,0,1
1998,"MORGAN",29141,64,62,0,0,2,0,0,0,0,0,64,62,0,2
1999,"MORGAN",29141,62,62,0,0,0,0,0,0,0,0,62,62,0,0
2000,"MORGAN",29141,55,55,0,0,0,0,0,0,0,0,55,55,0,0
2001,"MORGAN",29141,84,82,0,0,2,0,0,0,0,0,84,82,0,2
2002,"MORGAN",29141,97,92,0,0,5,0,0,0,0,0,97,92,0,5
2003,"MORGAN",29141,122,114,0,0,8,1,1,0,0,0,121,113,0,8
1990,"NEW MADRID",29143,49,47,1,0,1,3,2,1,0,0,46,45,0,1
1991,"NEW MADRID",29143,87,80,4,1,2,9,3,4,1,1,78,77,0,1
1992,"NEW MADRID",29143,72,64,2,0,6,6,2,2,0,2,66,62,0,4
1993,"NEW MADRID",29143,49,47,1,0,1,4,3,1,0,0,45,44,0,1
1994,"NEW MADRID",29143,44,41,0,0,3,2,1,0,0,1,42,40,0,2
1995,"NEW MADRID",29143,37,35,0,0,2,2,2,0,0,0,35,33,0,2
1996,"NEW MADRID",29143,71,71,0,0,0,1,1,0,0,0,70,70,0,0
1997,"NEW MADRID",29143,69,67,0,1,1,2,1,0,1,0,67,66,0,1
1998,"NEW MADRID",29143,69,67,0,1,1,2,1,0,1,0,67,66,0,1
1999,"NEW MADRID",29143,80,79,0,1,0,5,4,0,1,0,75,75,0,0
2000,"NEW MADRID",29143,89,87,0,0,2,2,2,0,0,0,87,85,0,2
2001,"NEW MADRID",29143,84,83,0,1,0,2,1,0,1,0,82,82,0,0
2002,"NEW MADRID",29143,117,114,0,2,1,4,2,0,2,0,113,112,0,1
2003,"NEW MADRID",29143,114,112,0,0,2,1,1,0,0,0,113,111,0,2
1990,"NEWTON",29145,70,65,1,0,4,11,9,1,0,1,59,56,0,3
1991,"NEWTON",29145,105,99,0,2,4,6,4,0,2,0,99,95,0,4
1992,"NEWTON",29145,96,85,1,1,9,9,6,1,1,1,87,79,0,8
1993,"NEWTON",29145,77,66,2,0,9,10,4,2,0,4,67,62,0,5
1994,"NEWTON",29145,81,77,1,0,3,4,4,0,0,0,77,73,1,3
1995,"NEWTON",29145,87,85,0,0,2,2,2,0,0,0,85,83,0,2
1996,"NEWTON",29145,126,113,0,2,11,6,2,0,2,2,120,111,0,9
1997,"NEWTON",29145,203,193,0,0,10,3,2,0,0,1,200,191,0,9
1998,"NEWTON",29145,193,184,1,0,8,3,1,1,0,1,190,183,0,7
1999,"NEWTON",29145,192,184,0,0,8,1,1,0,0,0,191,183,0,8
2000,"NEWTON",29145,196,177,4,0,15,6,2,4,0,0,190,175,0,15
2001,"NEWTON",29145,232,219,1,0,12,4,3,1,0,0,228,216,0,12
2002,"NEWTON",29145,263,243,0,0,20,2,1,0,0,1,261,242,0,19
2003,"NEWTON",29145,285,268,0,0,17,4,4,0,0,0,281,264,0,17
1990,"NODAWAY",29147,24,20,0,1,3,10,9,0,1,0,14,11,0,3
1991,"NODAWAY",29147,25,16,3,0,6,6,1,3,0,2,19,15,0,4
1992,"NODAWAY",29147,23,21,0,0,2,2,2,0,0,0,21,19,0,2
1993,"NODAWAY",29147,22,21,0,1,0,6,5,0,1,0,16,16,0,0
1994,"NODAWAY",29147,19,19,0,0,0,3,3,0,0,0,16,16,0,0
1995,"NODAWAY",29147,19,17,0,0,2,1,1,0,0,0,18,16,0,2
1996,"NODAWAY",29147,25,20,0,2,3,4,2,0,2,0,21,18,0,3
1997,"NODAWAY",29147,25,25,0,0,0,0,0,0,0,0,25,25,0,0
1998,"NODAWAY",29147,43,43,0,0,0,1,1,0,0,0,42,42,0,0
1999,"NODAWAY",29147,41,38,0,1,2,2,1,0,1,0,39,37,0,2
2000,"NODAWAY",29147,29,28,0,1,0,1,0,0,1,0,28,28,0,0
2001,"NODAWAY",29147,48,43,0,0,5,2,1,0,0,1,46,42,0,4
2002,"NODAWAY",29147,53,49,0,0,4,0,0,0,0,0,53,49,0,4
2003,"NODAWAY",29147,60,58,0,0,2,0,0,0,0,0,60,58,0,2
1990,"OREGON",29149,8,5,0,1,2,3,1,0,1,1,5,4,0,1
1991,"OREGON",29149,12,11,1,0,0,2,1,1,0,0,10,10,0,0
1992,"OREGON",29149,8,8,0,0,0,1,1,0,0,0,7,7,0,0
1993,"OREGON",29149,8,8,0,0,0,0,0,0,0,0,8,8,0,0
1994,"OREGON",29149,12,11,0,0,1,1,1,0,0,0,11,10,0,1
1995,"OREGON",29149,7,7,0,0,0,0,0,0,0,0,7,7,0,0
1996,"OREGON",29149,21,18,0,0,3,2,1,0,0,1,19,17,0,2
1997,"OREGON",29149,15,14,0,0,1,0,0,0,0,0,15,14,0,1
1998,"OREGON",29149,21,20,0,0,1,0,0,0,0,0,21,20,0,1
1999,"OREGON",29149,29,26,0,0,3,1,1,0,0,0,28,25,0,3
2000,"OREGON",29149,23,21,0,0,2,0,0,0,0,0,23,21,0,2
2001,"OREGON",29149,28,27,0,0,1,0,0,0,0,0,28,27,0,1
2002,"OREGON",29149,26,22,0,0,4,0,0,0,0,0,26,22,0,4
2003,"OREGON",29149,20,16,0,0,4,0,0,0,0,0,20,16,0,4
1990,"OSAGE",29151,8,7,0,0,1,1,1,0,0,0,7,6,0,1
1991,"OSAGE",29151,20,15,0,0,5,1,1,0,0,0,19,14,0,5
1992,"OSAGE",29151,16,13,1,0,2,4,3,1,0,0,12,10,0,2
1993,"OSAGE",29151,10,10,0,0,0,0,0,0,0,0,10,10,0,0
1994,"OSAGE",29151,11,10,0,0,1,0,0,0,0,0,11,10,0,1
1995,"OSAGE",29151,15,12,0,0,3,0,0,0,0,0,15,12,0,3
1996,"OSAGE",29151,17,15,0,0,2,1,1,0,0,0,16,14,0,2
1997,"OSAGE",29151,18,18,0,0,0,1,1,0,0,0,17,17,0,0
1998,"OSAGE",29151,21,20,0,0,1,0,0,0,0,0,21,20,0,1
1999,"OSAGE",29151,24,22,0,0,2,1,1,0,0,0,23,21,0,2
2000,"OSAGE",29151,19,18,0,0,1,0,0,0,0,0,19,18,0,1
2001,"OSAGE",29151,26,24,0,0,2,0,0,0,0,0,26,24,0,2
2002,"OSAGE",29151,31,29,0,0,2,0,0,0,0,0,31,29,0,2
2003,"OSAGE",29151,51,50,0,0,1,0,0,0,0,0,51,50,0,1
1990,"OZARK",29153,7,6,0,0,1,1,1,0,0,0,6,5,0,1
1991,"OZARK",29153,5,4,0,0,1,0,0,0,0,0,5,4,0,1
1992,"OZARK",29153,11,10,0,1,0,5,4,0,1,0,6,6,0,0
1993,"OZARK",29153,13,11,0,1,1,2,1,0,1,0,11,10,0,1
1994,"OZARK",29153,10,8,0,0,2,1,1,0,0,0,9,7,0,2
1995,"OZARK",29153,8,8,0,0,0,0,0,0,0,0,8,8,0,0
1996,"OZARK",29153,16,15,0,0,1,0,0,0,0,0,16,15,0,1
1997,"OZARK",29153,26,18,1,1,6,3,0,1,1,1,23,18,0,5
1998,"OZARK",29153,23,21,0,0,2,0,0,0,0,0,23,21,0,2
1999,"OZARK",29153,33,30,0,0,3,0,0,0,0,0,33,30,0,3
2000,"OZARK",29153,29,27,0,0,2,1,1,0,0,0,28,26,0,2
2001,"OZARK",29153,36,35,1,0,0,1,0,1,0,0,35,35,0,0
2002,"OZARK",29153,30,28,0,0,2,0,0,0,0,0,30,28,0,2
2003,"OZARK",29153,33,28,0,2,3,3,0,0,2,1,30,28,0,2
1990,"PEMISCOT",29155,41,40,1,0,0,2,1,1,0,0,39,39,0,0
1991,"PEMISCOT",29155,67,66,1,0,0,6,5,1,0,0,61,61,0,0
1992,"PEMISCOT",29155,62,59,0,0,3,2,1,0,0,1,60,58,0,2
1993,"PEMISCOT",29155,43,40,0,1,2,3,2,0,1,0,40,38,0,2
1994,"PEMISCOT",29155,41,40,0,0,1,1,1,0,0,0,40,39,0,1
1995,"PEMISCOT",29155,46,42,0,0,4,2,2,0,0,0,44,40,0,4
1996,"PEMISCOT",29155,70,68,0,0,2,5,5,0,0,0,65,63,0,2
1997,"PEMISCOT",29155,78,76,0,0,2,3,2,0,0,1,75,74,0,1
1998,"PEMISCOT",29155,92,90,0,0,2,2,2,0,0,0,90,88,0,2
1999,"PEMISCOT",29155,104,100,1,0,3,8,7,1,0,0,96,93,0,3
2000,"PEMISCOT",29155,95,92,0,1,2,2,1,0,1,0,93,91,0,2
2001,"PEMISCOT",29155,103,94,1,0,8,4,3,1,0,0,99,91,0,8
2002,"PEMISCOT",29155,135,126,1,1,7,2,0,1,1,0,133,126,0,7
2003,"PEMISCOT",29155,123,120,0,1,2,1,0,0,1,0,122,120,0,2
1990,"PERRY",29157,25,19,0,0,6,0,0,0,0,0,25,19,0,6
1991,"PERRY",29157,43,32,0,1,10,6,4,0,1,1,37,28,0,9
1992,"PERRY",29157,44,27,1,0,16,4,3,1,0,0,40,24,0,16
1993,"PERRY",29157,31,21,1,1,8,3,0,1,1,1,28,21,0,7
1994,"PERRY",29157,33,26,0,2,5,3,1,0,2,0,30,25,0,5
1995,"PERRY",29157,41,34,0,0,7,2,2,0,0,0,39,32,0,7
1996,"PERRY",29157,62,51,0,0,11,2,2,0,0,0,60,49,0,11
1997,"PERRY",29157,62,42,0,0,20,0,0,0,0,0,62,42,0,20
1998,"PERRY",29157,52,41,0,0,11,1,1,0,0,0,51,40,0,11
1999,"PERRY",29157,61,48,0,1,12,2,0,0,1,1,59,48,0,11
2000,"PERRY",29157,63,51,0,0,12,4,4,0,0,0,59,47,0,12
2001,"PERRY",29157,92,74,0,0,18,3,2,0,0,1,89,72,0,17
2002,"PERRY",29157,94,77,0,0,17,0,0,0,0,0,94,77,0,17
2003,"PERRY",29157,102,78,0,0,24,0,0,0,0,0,102,78,0,24
1990,"PETTIS",29159,76,70,1,0,5,17,16,1,0,0,59,54,0,5
1991,"PETTIS",29159,93,86,2,0,5,10,8,2,0,0,83,78,0,5
1992,"PETTIS",29159,105,93,3,0,9,8,5,3,0,0,97,88,0,9
1993,"PETTIS",29159,96,92,1,0,3,7,6,1,0,0,89,86,0,3
1994,"PETTIS",29159,75,73,0,0,2,5,5,0,0,0,70,68,0,2
1995,"PETTIS",29159,82,80,0,0,2,4,4,0,0,0,78,76,0,2
1996,"PETTIS",29159,116,108,1,0,7,4,2,1,0,1,112,106,0,6
1997,"PETTIS",29159,126,118,0,1,7,5,2,0,1,2,121,116,0,5
1998,"PETTIS",29159,137,130,0,1,6,2,0,0,1,1,135,130,0,5
1999,"PETTIS",29159,138,129,0,1,8,1,0,0,1,0,137,129,0,8
2000,"PETTIS",29159,119,117,0,0,2,2,2,0,0,0,117,115,0,2
2001,"PETTIS",29159,153,140,0,0,13,7,4,0,0,3,146,136,0,10
2002,"PETTIS",29159,198,190,0,0,8,4,4,0,0,0,194,186,0,8
2003,"PETTIS",29159,217,207,0,0,10,3,3,0,0,0,214,204,0,10
1990,"PHELPS",29161,70,64,2,0,4,11,9,2,0,0,59,55,0,4
1991,"PHELPS",29161,88,81,0,0,7,8,8,0,0,0,80,73,0,7
1992,"PHELPS",29161,69,63,0,0,6,5,5,0,0,0,64,58,0,6
1993,"PHELPS",29161,71,58,0,0,13,8,6,0,0,2,63,52,0,11
1994,"PHELPS",29161,79,72,0,0,7,6,6,0,0,0,73,66,0,7
1995,"PHELPS",29161,56,51,1,0,4,1,1,0,0,0,55,50,1,4
1996,"PHELPS",29161,103,94,1,0,8,4,3,1,0,0,99,91,0,8
1997,"PHELPS",29161,146,139,0,0,7,2,2,0,0,0,144,137,0,7
1998,"PHELPS",29161,141,138,0,0,3,4,4,0,0,0,137,134,0,3
1999,"PHELPS",29161,131,120,0,0,11,3,3,0,0,0,128,117,0,11
2000,"PHELPS",29161,140,119,0,0,21,4,3,0,0,1,136,116,0,20
2001,"PHELPS",29161,155,137,0,0,18,2,1,0,0,1,153,136,0,17
2002,"PHELPS",29161,144,137,0,0,7,5,5,0,0,0,139,132,0,7
2003,"PHELPS",29161,164,154,0,0,10,2,2,0,0,0,162,152,0,10
1990,"PIKE",29163,43,34,0,0,9,2,2,0,0,0,41,32,0,9
1991,"PIKE",29163,55,35,0,0,20,3,3,0,0,0,52,32,0,20
1992,"PIKE",29163,49,33,1,0,15,3,2,1,0,0,46,31,0,15
1993,"PIKE",29163,31,20,0,0,11,1,1,0,0,0,30,19,0,11
1994,"PIKE",29163,29,22,0,0,7,3,3,0,0,0,26,19,0,7
1995,"PIKE",29163,35,22,0,0,13,0,0,0,0,0,35,22,0,13
1996,"PIKE",29163,45,30,0,1,14,2,1,0,1,0,43,29,0,14
1997,"PIKE",29163,50,37,0,0,13,1,1,0,0,0,49,36,0,13
1998,"PIKE",29163,46,38,0,0,8,0,0,0,0,0,46,38,0,8
1999,"PIKE",29163,74,65,0,0,9,1,1,0,0,0,73,64,0,9
2000,"PIKE",29163,54,44,0,0,10,0,0,0,0,0,54,44,0,10
2001,"PIKE",29163,61,50,0,0,11,1,1,0,0,0,60,49,0,11
2002,"PIKE",29163,62,52,0,0,10,0,0,0,0,0,62,52,0,10
2003,"PIKE",29163,62,55,0,0,7,0,0,0,0,0,62,55,0,7
1990,"PLATTE",29165,171,142,5,0,24,15,9,5,0,1,156,133,0,23
1991,"PLATTE",29165,205,172,1,1,31,14,9,1,1,3,191,163,0,28
1992,"PLATTE",29165,239,208,2,0,29,14,8,2,0,4,225,200,0,25
1993,"PLATTE",29165,219,183,6,0,30,10,4,6,0,0,209,179,0,30
1994,"PLATTE",29165,188,149,2,0,37,8,6,2,0,0,180,143,0,37
1995,"PLATTE",29165,167,139,4,0,24,4,1,3,0,0,163,138,1,24
1996,"PLATTE",29165,259,212,2,0,45,6,2,2,0,2,253,210,0,43
1997,"PLATTE",29165,278,228,2,0,48,7,4,1,0,2,271,224,1,46
1998,"PLATTE",29165,309,252,3,0,54,8,5,3,0,0,301,247,0,54
1999,"PLATTE",29165,259,217,0,0,42,4,4,0,0,0,255,213,0,42
2000,"PLATTE",29165,234,198,0,0,36,6,5,0,0,1,228,193,0,35
2001,"PLATTE",29165,281,215,0,0,66,1,1,0,0,0,280,214,0,66
2002,"PLATTE",29165,426,315,6,0,105,6,0,6,0,0,420,315,0,105
2003,"PLATTE",29165,419,291,1,0,127,3,1,1,0,1,416,290,0,126
1990,"POLK",29167,48,42,1,1,4,7,5,1,1,0,41,37,0,4
1991,"POLK",29167,42,39,1,0,2,4,3,1,0,0,38,36,0,2
1992,"POLK",29167,66,64,0,0,2,4,3,0,0,1,62,61,0,1
1993,"POLK",29167,41,32,0,0,9,0,0,0,0,0,41,32,0,9
1994,"POLK",29167,33,30,1,0,2,1,0,1,0,0,32,30,0,2
1995,"POLK",29167,45,40,1,0,4,2,1,1,0,0,43,39,0,4
1996,"POLK",29167,64,55,0,3,6,3,0,0,3,0,61,55,0,6
1997,"POLK",29167,85,73,1,0,11,4,2,1,0,1,81,71,0,10
1998,"POLK",29167,72,62,0,0,10,0,0,0,0,0,72,62,0,10
1999,"POLK",29167,78,71,0,0,7,1,1,0,0,0,77,70,0,7
2000,"POLK",29167,69,64,0,0,5,0,0,0,0,0,69,64,0,5
2001,"POLK",29167,94,85,0,0,9,2,2,0,0,0,92,83,0,9
2002,"POLK",29167,113,101,0,0,12,1,1,0,0,0,112,100,0,12
2003,"POLK",29167,135,119,2,0,14,3,1,2,0,0,132,118,0,14
1990,"PULASKI",29169,153,141,1,0,11,20,16,1,0,3,133,125,0,8
1991,"PULASKI",29169,151,129,7,0,15,15,7,7,0,1,136,122,0,14
1992,"PULASKI",29169,130,122,4,0,4,15,11,4,0,0,115,111,0,4
1993,"PULASKI",29169,104,95,4,0,5,12,8,4,0,0,92,87,0,5
1994,"PULASKI",29169,91,81,1,0,9,7,4,1,0,2,84,77,0,7
1995,"PULASKI",29169,122,110,1,0,11,1,0,1,0,0,121,110,0,11
1996,"PULASKI",29169,186,177,0,0,9,5,4,0,0,1,181,173,0,8
1997,"PULASKI",29169,172,168,0,0,4,3,2,0,0,1,169,166,0,3
1998,"PULASKI",29169,138,131,0,0,7,3,2,0,0,1,135,129,0,6
1999,"PULASKI",29169,112,102,1,0,9,3,1,1,0,1,109,101,0,8
2000,"PULASKI",29169,154,145,3,0,6,3,1,2,0,0,151,144,1,6
2001,"PULASKI",29169,177,169,1,0,7,1,0,1,0,0,176,169,0,7
2002,"PULASKI",29169,160,154,0,0,6,0,0,0,0,0,160,154,0,6
2003,"PULASKI",29169,153,144,0,0,9,1,1,0,0,0,152,143,0,9
1990,"PUTNAM",29171,4,4,0,0,0,1,1,0,0,0,3,3,0,0
1991,"PUTNAM",29171,3,3,0,0,0,2,2,0,0,0,1,1,0,0
1992,"PUTNAM",29171,2,2,0,0,0,0,0,0,0,0,2,2,0,0
1993,"PUTNAM",29171,6,6,0,0,0,2,2,0,0,0,4,4,0,0
1994,"PUTNAM",29171,4,3,0,0,1,0,0,0,0,0,4,3,0,1
1995,"PUTNAM",29171,3,3,0,0,0,0,0,0,0,0,3,3,0,0
1996,"PUTNAM",29171,4,4,0,0,0,0,0,0,0,0,4,4,0,0
1997,"PUTNAM",29171,8,8,0,0,0,0,0,0,0,0,8,8,0,0
1998,"PUTNAM",29171,14,12,0,1,1,1,0,0,1,0,13,12,0,1
1999,"PUTNAM",29171,7,6,1,0,0,1,0,1,0,0,6,6,0,0
2000,"PUTNAM",29171,7,7,0,0,0,0,0,0,0,0,7,7,0,0
2001,"PUTNAM",29171,14,13,0,0,1,0,0,0,0,0,14,13,0,1
2002,"PUTNAM",29171,6,6,0,0,0,0,0,0,0,0,6,6,0,0
2003,"PUTNAM",29171,15,11,0,0,4,1,1,0,0,0,14,10,0,4
1990,"RALLS",29173,25,18,0,0,7,2,2,0,0,0,23,16,0,7
1991,"RALLS",29173,21,14,0,0,7,0,0,0,0,0,21,14,0,7
1992,"RALLS",29173,23,18,0,0,5,0,0,0,0,0,23,18,0,5
1993,"RALLS",29173,11,6,0,0,5,0,0,0,0,0,11,6,0,5
1994,"RALLS",29173,16,11,1,0,4,3,1,1,0,1,13,10,0,3
1995,"RALLS",29173,17,11,3,0,3,4,1,3,0,0,13,10,0,3
1996,"RALLS",29173,23,18,0,0,5,1,1,0,0,0,22,17,0,5
1997,"RALLS",29173,30,27,0,0,3,1,0,0,0,1,29,27,0,2
1998,"RALLS",29173,18,17,0,0,1,0,0,0,0,0,18,17,0,1
1999,"RALLS",29173,22,19,0,0,3,0,0,0,0,0,22,19,0,3
2000,"RALLS",29173,26,23,0,0,3,0,0,0,0,0,26,23,0,3
2001,"RALLS",29173,30,27,0,0,3,1,1,0,0,0,29,26,0,3
2002,"RALLS",29173,34,31,0,0,3,1,1,0,0,0,33,30,0,3
2003,"RALLS",29173,50,49,0,0,1,2,2,0,0,0,48,47,0,1
1990,"RANDOLPH",29175,67,60,2,0,5,5,1,2,0,2,62,59,0,3
1991,"RANDOLPH",29175,78,69,1,0,8,12,10,1,0,1,66,59,0,7
1992,"RANDOLPH",29175,75,60,0,0,15,6,4,0,0,2,69,56,0,13
1993,"RANDOLPH",29175,57,49,0,0,8,2,2,0,0,0,55,47,0,8
1994,"RANDOLPH",29175,40,36,0,0,4,0,0,0,0,0,40,36,0,4
1995,"RANDOLPH",29175,49,45,0,0,4,0,0,0,0,0,49,45,0,4
1996,"RANDOLPH",29175,77,62,3,0,12,2,0,2,0,0,75,62,1,12
1997,"RANDOLPH",29175,87,79,0,0,8,0,0,0,0,0,87,79,0,8
1998,"RANDOLPH",29175,99,90,0,1,8,1,0,0,1,0,98,90,0,8
1999,"RANDOLPH",29175,88,73,0,0,15,0,0,0,0,0,88,73,0,15
2000,"RANDOLPH",29175,105,97,0,0,8,0,0,0,0,0,105,97,0,8
2001,"RANDOLPH",29175,92,80,0,0,12,0,0,0,0,0,92,80,0,12
2002,"RANDOLPH",29175,131,116,0,0,15,1,1,0,0,0,130,115,0,15
2003,"RANDOLPH",29175,152,135,0,0,17,0,0,0,0,0,152,135,0,17
1990,"RAY",29177,56,54,0,0,2,5,5,0,0,0,51,49,0,2
1991,"RAY",29177,75,66,1,0,8,3,2,1,0,0,72,64,0,8
1992,"RAY",29177,94,89,0,0,5,11,9,0,0,2,83,80,0,3
1993,"RAY",29177,68,60,0,0,8,3,3,0,0,0,65,57,0,8
1994,"RAY",29177,44,37,0,1,6,4,2,0,1,1,40,35,0,5
1995,"RAY",29177,56,43,1,3,9,6,2,1,3,0,50,41,0,9
1996,"RAY",29177,67,52,1,0,14,1,0,1,0,0,66,52,0,14
1997,"RAY",29177,85,70,3,0,12,6,3,3,0,0,79,67,0,12
1998,"RAY",29177,111,98,0,0,13,2,2,0,0,0,109,96,0,13
1999,"RAY",29177,84,76,0,0,8,1,1,0,0,0,83,75,0,8
2000,"RAY",29177,68,59,0,0,9,0,0,0,0,0,68,59,0,9
2001,"RAY",29177,107,75,0,0,32,7,1,0,0,6,100,74,0,26
2002,"RAY",29177,122,87,0,0,35,1,1,0,0,0,121,86,0,35
2003,"RAY",29177,126,95,1,0,30,3,1,1,0,1,123,94,0,29
1990,"REYNOLDS",29179,8,7,0,0,1,1,1,0,0,0,7,6,0,1
1991,"REYNOLDS",29179,7,5,0,0,2,1,1,0,0,0,6,4,0,2
1992,"REYNOLDS",29179,11,10,0,0,1,2,1,0,0,1,9,9,0,0
1993,"REYNOLDS",29179,5,5,0,0,0,0,0,0,0,0,5,5,0,0
1994,"REYNOLDS",29179,7,6,0,0,1,1,0,0,0,1,6,6,0,0
1995,"REYNOLDS",29179,14,10,0,0,3,3,0,0,0,2,11,10,0,1
1996,"REYNOLDS",29179,18,16,0,0,2,0,0,0,0,0,18,16,0,2
1997,"REYNOLDS",29179,18,18,0,0,0,0,0,0,0,0,18,18,0,0
1998,"REYNOLDS",29179,26,25,0,0,1,0,0,0,0,0,26,25,0,1
1999,"REYNOLDS",29179,9,8,0,0,1,1,1,0,0,0,8,7,0,1
2000,"REYNOLDS",29179,16,15,0,0,0,1,0,0,0,0,15,15,0,0
2001,"REYNOLDS",29179,20,20,0,0,0,0,0,0,0,0,20,20,0,0
2002,"REYNOLDS",29179,18,17,0,0,1,0,0,0,0,0,18,17,0,1
2003,"REYNOLDS",29179,15,15,0,0,0,0,0,0,0,0,15,15,0,0
1990,"RIPLEY",29181,28,28,0,0,0,1,1,0,0,0,27,27,0,0
1991,"RIPLEY",29181,27,27,0,0,0,2,2,0,0,0,25,25,0,0
1992,"RIPLEY",29181,28,28,0,0,0,0,0,0,0,0,28,28,0,0
1993,"RIPLEY",29181,33,31,0,0,2,1,1,0,0,0,32,30,0,2
1994,"RIPLEY",29181,15,13,0,0,2,0,0,0,0,0,15,13,0,2
1995,"RIPLEY",29181,20,17,1,0,2,3,1,1,0,1,17,16,0,1
1996,"RIPLEY",29181,34,33,0,0,1,2,1,0,0,1,32,32,0,0
1997,"RIPLEY",29181,43,42,0,1,0,2,1,0,1,0,41,41,0,0
1998,"RIPLEY",29181,58,58,0,0,0,3,3,0,0,0,55,55,0,0
1999,"RIPLEY",29181,67,65,1,0,1,4,3,0,0,1,63,62,1,0
2000,"RIPLEY",29181,43,43,0,0,0,2,2,0,0,0,41,41,0,0
2001,"RIPLEY",29181,57,57,0,0,0,0,0,0,0,0,57,57,0,0
2002,"RIPLEY",29181,59,57,0,0,2,0,0,0,0,0,59,57,0,2
2003,"RIPLEY",29181,62,60,0,0,2,0,0,0,0,0,62,60,0,2
1990,"SALINE",29183,650,424,8,0,218,44,31,8,0,5,606,393,0,213
1991,"ST CHARLES",29183,898,592,6,0,300,51,38,6,0,7,847,554,0,293
1992,"ST CHARLES",29183,919,516,7,0,396,36,26,6,0,4,883,490,1,392
1993,"ST CHARLES",29183,742,429,6,0,307,24,18,3,0,3,718,411,3,304
1994,"ST CHARLES",29183,695,415,2,0,278,9,6,2,0,1,686,409,0,277
1995,"ST CHARLES",29183,861,497,3,0,361,16,13,2,0,1,845,484,1,360
1996,"ST CHARLES",29183,1127,688,3,0,436,21,15,2,0,4,1106,673,1,432
1997,"ST CHARLES",29183,1375,858,4,0,513,23,15,4,0,4,1352,843,0,509
1998,"ST CHARLES",29183,1399,934,0,0,465,21,15,0,0,6,1378,919,0,459
1999,"SALINE",29183,1369,864,1,0,504,12,12,0,0,0,1357,852,1,504
2000,"ST CHARLES",29183,1305,784,3,0,518,18,12,2,0,4,1287,772,1,514
2001,"ST CHARLES",29183,1341,899,5,0,437,14,10,4,0,0,1327,889,1,437
2002,"ST CHARLES",29183,1509,1015,4,0,490,10,6,4,0,0,1499,1009,0,490
2003,"ST CHARLES",29183,1617,1124,1,0,492,4,3,1,0,0,1613,1121,0,492
1990,"SCHUYLER",29185,15,11,2,0,2,10,6,2,0,2,5,5,0,0
1991,"ST CLAIR",29185,13,13,0,0,0,1,1,0,0,0,12,12,0,0
1992,"ST CLAIR",29185,10,10,0,0,0,1,1,0,0,0,9,9,0,0
1993,"ST CLAIR",29185,10,8,0,0,2,1,1,0,0,0,9,7,0,2
1994,"ST CLAIR",29185,9,9,0,0,0,0,0,0,0,0,9,9,0,0
1995,"ST CLAIR",29185,16,13,0,1,1,2,0,0,1,0,14,13,0,1
1996,"ST CLAIR",29185,20,19,0,0,1,1,1,0,0,0,19,18,0,1
1997,"ST CLAIR",29185,28,27,0,0,1,1,1,0,0,0,27,26,0,1
1998,"ST CLAIR",29185,30,27,1,0,2,1,0,1,0,0,29,27,0,2
1999,"SCHUYLER",29185,11,10,0,0,1,0,0,0,0,0,11,10,0,1
2000,"ST CLAIR",29185,25,19,1,0,5,0,0,0,0,0,25,19,1,5
2001,"ST CLAIR",29185,19,18,0,0,1,0,0,0,0,0,19,18,0,1
2002,"ST CLAIR",29185,30,30,0,0,0,1,1,0,0,0,29,29,0,0
2003,"ST CLAIR",29185,45,36,0,0,9,0,0,0,0,0,45,36,0,9
1990,"SCOTLAND",29186,31,25,0,0,6,2,2,0,0,0,29,23,0,6
1991,"STE GENEVIEVE",29186,32,20,1,0,11,3,2,1,0,0,29,18,0,11
1992,"STE GENEVIEVE",29186,29,20,0,0,9,0,0,0,0,0,29,20,0,9
1993,"STE GENEVIEVE",29186,29,14,0,0,15,1,1,0,0,0,28,13,0,15
1994,"STE GENEVIEVE",29186,23,13,0,0,10,0,0,0,0,0,23,13,0,10
1995,"STE GENEVIEVE",29186,16,13,0,0,3,0,0,0,0,0,16,13,0,3
1996,"STE GENEVIEVE",29186,41,22,0,0,19,0,0,0,0,0,41,22,0,19
1997,"STE GENEVIEVE",29186,44,28,0,0,16,1,1,0,0,0,43,27,0,16
1998,"STE GENEVIEVE",29186,47,31,0,0,16,2,2,0,0,0,45,29,0,16
1999,"SCOTLAND",29186,47,20,1,0,26,1,0,1,0,0,46,20,0,26
2000,"STE GENEVIEVE",29186,67,44,0,0,23,1,1,0,0,0,66,43,0,23
2001,"STE GENEVIEVE",29186,46,31,0,0,15,0,0,0,0,0,46,31,0,15
2002,"STE GENEVIEVE",29186,77,52,1,0,24,1,0,1,0,0,76,52,0,24
2003,"STE GENEVIEVE",29186,77,47,0,0,30,0,0,0,0,0,77,47,0,30
1990,"SCOTT",29187,108,80,0,0,28,8,6,0,0,2,100,74,0,26
1991,"ST FRANCOIS",29187,182,124,1,0,57,8,7,1,0,0,174,117,0,57
1992,"ST FRANCOIS",29187,220,155,0,0,65,6,5,0,0,1,214,150,0,64
1993,"ST FRANCOIS",29187,155,112,0,0,43,5,5,0,0,0,150,107,0,43
1994,"ST FRANCOIS",29187,145,105,0,0,40,7,6,0,0,1,138,99,0,39
1995,"ST FRANCOIS",29187,164,119,0,0,45,4,3,0,0,1,160,116,0,44
1996,"ST FRANCOIS",29187,211,164,0,0,47,5,5,0,0,0,206,159,0,47
1997,"ST FRANCOIS",29187,273,221,0,0,52,2,1,0,0,1,271,220,0,51
1998,"ST FRANCOIS",29187,279,235,1,0,43,6,5,1,0,0,273,230,0,43
1999,"SCOTT",29187,261,212,0,0,49,1,0,0,0,1,260,212,0,48
2000,"ST FRANCOIS",29187,272,217,0,0,55,7,6,0,0,1,265,211,0,54
2001,"ST FRANCOIS",29187,322,276,1,0,45,6,4,1,0,1,316,272,0,44
2002,"ST FRANCOIS",29187,345,298,0,0,47,1,1,0,0,0,344,297,0,47
2003,"ST FRANCOIS",29187,376,311,0,0,64,3,2,0,0,0,373,309,0,64
1990,"SHANNON",29189,2977,1477,52,0,1448,169,103,52,0,14,2808,1374,0,1434
1991,"ST LOUIS",29189,3938,1847,49,0,2042,187,120,48,0,19,3751,1727,1,2023
1992,"ST LOUIS",29189,3892,1819,34,0,2039,134,87,32,0,15,3758,1732,2,2024
1993,"ST LOUIS",29189,3043,1461,30,0,1552,121,74,27,0,20,2922,1387,3,1532
1994,"ST LOUIS",29189,3213,1655,29,0,1528,102,62,26,0,13,3111,1593,3,1515
1995,"ST LOUIS",29189,3998,1879,19,0,2100,78,48,18,0,12,3920,1831,1,2088
1996,"ST LOUIS",29189,5073,2401,25,0,2647,100,52,24,0,24,4973,2349,1,2623
1997,"ST LOUIS",29189,5887,2958,21,0,2908,94,64,19,0,11,5793,2894,2,2897
1998,"ST LOUIS",29189,6813,3689,8,0,3116,72,47,7,0,18,6741,3642,1,3098
1999,"SHANNON",29189,6618,3505,20,0,3093,77,40,19,0,18,6541,3465,1,3075
2000,"ST LOUIS",29189,6187,3271,12,0,2904,50,33,11,0,6,6137,3238,1,2898
2001,"ST LOUIS",29189,6691,3698,72,0,2920,121,45,68,0,7,6570,3653,4,2913
2002,"ST LOUIS",29189,7369,4100,15,0,3254,47,29,11,0,7,7322,4071,4,3247
2003,"ST LOUIS",29189,8671,4896,24,0,3751,58,30,20,0,8,8613,4866,4,3743
1993,"STE GENEVIEVE",29193,2,0,0,0,2,0,0,0,0,0,2,0,0,2
1990,"SHELBY",29195,69,63,0,3,3,13,9,0,3,1,56,54,0,2
1991,"SALINE",29195,93,87,0,1,5,8,7,0,1,0,85,80,0,5
1992,"SALINE",29195,85,75,0,2,8,12,9,0,2,1,73,66,0,7
1993,"SALINE",29195,60,54,0,0,6,3,3,0,0,0,57,51,0,6
1994,"SALINE",29195,52,49,0,0,3,2,2,0,0,0,50,47,0,3
1995,"SALINE",29195,59,52,0,0,7,3,2,0,0,1,56,50,0,6
1996,"SALINE",29195,84,75,1,0,8,2,1,1,0,0,82,74,0,8
1997,"SALINE",29195,122,111,1,0,10,4,2,1,0,1,118,109,0,9
1998,"SALINE",29195,105,96,0,0,9,1,1,0,0,0,104,95,0,9
1999,"SHELBY",29195,88,86,0,0,2,2,2,0,0,0,86,84,0,2
2000,"SALINE",29195,82,75,0,0,7,0,0,0,0,0,82,75,0,7
2001,"SALINE",29195,93,86,0,0,7,1,1,0,0,0,92,85,0,7
2002,"SALINE",29195,107,90,0,0,17,1,1,0,0,0,106,89,0,17
2003,"SALINE",29195,125,120,0,1,4,3,2,0,1,0,122,118,0,4
1990,"ST CHARLES",29197,4,4,0,0,0,0,0,0,0,0,4,4,0,0
1991,"SCHUYLER",29197,4,2,0,0,2,0,0,0,0,0,4,2,0,2
1992,"SCHUYLER",29197,2,2,0,0,0,0,0,0,0,0,2,2,0,0
1993,"SCHUYLER",29197,5,4,0,0,1,0,0,0,0,0,5,4,0,1
1994,"SCHUYLER",29197,2,2,0,0,0,0,0,0,0,0,2,2,0,0
1995,"SCHUYLER",29197,2,2,0,0,0,0,0,0,0,0,2,2,0,0
1996,"SCHUYLER",29197,4,4,0,0,0,0,0,0,0,0,4,4,0,0
1997,"SCHUYLER",29197,11,9,1,1,0,2,0,1,1,0,9,9,0,0
1998,"SCHUYLER",29197,13,11,0,0,2,1,1,0,0,0,12,10,0,2
1999,"ST CHARLES",29197,15,13,0,1,1,1,0,0,1,0,14,13,0,1
2000,"SCHUYLER",29197,12,9,0,0,3,1,1,0,0,0,11,8,0,3
2001,"SCHUYLER",29197,14,12,0,0,2,0,0,0,0,0,14,12,0,2
2002,"SCHUYLER",29197,15,14,0,0,1,0,0,0,0,0,15,14,0,1
2003,"SCHUYLER",29197,17,17,0,0,0,0,0,0,0,0,17,17,0,0
1990,"ST CLAIR",29199,4,4,0,0,0,1,1,0,0,0,3,3,0,0
1991,"SCOTLAND",29199,5,4,0,0,1,0,0,0,0,0,5,4,0,1
1992,"SCOTLAND",29199,4,4,0,0,0,0,0,0,0,0,4,4,0,0
1993,"SCOTLAND",29199,5,3,1,0,1,2,1,1,0,0,3,2,0,1
1994,"SCOTLAND",29199,2,2,0,0,0,0,0,0,0,0,2,2,0,0
1995,"SCOTLAND",29199,7,7,0,0,0,0,0,0,0,0,7,7,0,0
1996,"SCOTLAND",29199,7,7,0,0,0,0,0,0,0,0,7,7,0,0
1997,"SCOTLAND",29199,11,10,0,0,1,0,0,0,0,0,11,10,0,1
1998,"SCOTLAND",29199,13,10,0,0,3,3,1,0,0,2,10,9,0,1
1999,"ST CLAIR",29199,13,11,0,0,2,1,1,0,0,0,12,10,0,2
2000,"SCOTLAND",29199,6,6,0,0,0,0,0,0,0,0,6,6,0,0
2001,"SCOTLAND",29199,21,19,1,0,1,0,0,0,0,0,21,19,1,1
2002,"SCOTLAND",29199,16,15,0,1,0,6,5,0,1,0,10,10,0,0
2003,"SCOTLAND",29199,13,13,0,0,0,0,0,0,0,0,13,13,0,0
1990,"ST FRANCOIS",29201,157,154,1,0,2,7,6,1,0,0,150,148,0,2
1991,"SCOTT",29201,209,196,2,1,10,15,12,2,1,0,194,184,0,10
1992,"SCOTT",29201,187,177,1,1,8,11,9,1,1,0,176,168,0,8
1993,"SCOTT",29201,110,103,1,0,6,8,6,1,0,1,102,97,0,5
1994,"SCOTT",29201,98,95,0,0,3,4,4,0,0,0,94,91,0,3
1995,"SCOTT",29201,118,116,0,0,2,6,6,0,0,0,112,110,0,2
1996,"SCOTT",29201,167,165,1,0,1,4,3,1,0,0,163,162,0,1
1997,"SCOTT",29201,182,170,1,1,10,13,10,1,1,1,169,160,0,9
1998,"SCOTT",29201,185,176,0,0,9,7,7,0,0,0,178,169,0,9
1999,"ST FRANCOIS",29201,201,182,0,0,19,6,6,0,0,0,195,176,0,19
2000,"SCOTT",29201,189,176,2,0,11,10,8,2,0,0,179,168,0,11
2001,"SCOTT",29201,275,260,2,0,13,11,7,2,0,2,264,253,0,11
2002,"SCOTT",29201,276,264,0,0,12,4,4,0,0,0,272,260,0,12
2003,"SCOTT",29201,296,278,1,1,16,5,3,1,1,0,291,275,0,16
1990,"ST LOUIS CITY",29203,6,6,0,0,0,0,0,0,0,0,6,6,0,0
1991,"SHANNON",29203,5,5,0,0,0,1,1,0,0,0,4,4,0,0
1992,"SHANNON",29203,8,7,0,0,1,1,1,0,0,0,7,6,0,1
1993,"SHANNON",29203,3,3,0,0,0,0,0,0,0,0,3,3,0,0
1994,"SHANNON",29203,3,3,0,0,0,0,0,0,0,0,3,3,0,0
1995,"SHANNON",29203,6,5,0,0,1,0,0,0,0,0,6,5,0,1
1996,"SHANNON",29203,4,4,0,0,0,1,1,0,0,0,3,3,0,0
1997,"SHANNON",29203,7,7,0,0,0,1,1,0,0,0,6,6,0,0
1998,"SHANNON",29203,7,7,0,0,0,0,0,0,0,0,7,7,0,0
1999,"ST LOUIS CITY",29203,11,10,0,0,1,1,0,0,0,1,10,10,0,0
2000,"SHANNON",29203,13,13,0,0,0,1,1,0,0,0,12,12,0,0
2001,"SHANNON",29203,14,14,0,0,0,0,0,0,0,0,14,14,0,0
2002,"SHANNON",29203,22,22,0,0,0,0,0,0,0,0,22,22,0,0
2003,"SHANNON",29203,20,20,0,0,0,0,0,0,0,0,20,20,0,0
1990,"ST LOUIS",29205,12,8,0,1,3,1,0,0,1,0,11,8,0,3
1991,"SHELBY",29205,18,11,1,0,6,3,1,1,0,1,15,10,0,5
1992,"SHELBY",29205,20,15,0,0,5,0,0,0,0,0,20,15,0,5
1993,"SHELBY",29205,9,8,0,0,1,1,1,0,0,0,8,7,0,1
1994,"SHELBY",29205,15,14,0,0,1,3,3,0,0,0,12,11,0,1
1995,"SHELBY",29205,13,10,0,0,3,1,1,0,0,0,12,9,0,3
1996,"SHELBY",29205,18,17,0,0,1,0,0,0,0,0,18,17,0,1
1997,"SHELBY",29205,27,24,0,0,3,1,1,0,0,0,26,23,0,3
1998,"SHELBY",29205,17,17,0,0,0,0,0,0,0,0,17,17,0,0
1999,"ST LOUIS",29205,35,30,0,1,4,2,1,0,1,0,33,29,0,4
2000,"SHELBY",29205,15,15,0,0,0,0,0,0,0,0,15,15,0,0
2001,"SHELBY",29205,32,29,0,0,3,1,0,0,0,1,31,29,0,2
2002,"SHELBY",29205,31,29,0,0,2,0,0,0,0,0,31,29,0,2
2003,"SHELBY",29205,32,28,1,1,2,2,0,1,1,0,30,28,0,2
1990,"STE GENEVIEVE",29207,95,91,2,0,2,12,10,2,0,0,83,81,0,2
1991,"STODDARD",29207,113,110,1,0,2,10,8,1,0,1,103,102,0,1
1992,"STODDARD",29207,83,78,3,1,1,6,2,3,1,0,77,76,0,1
1993,"STODDARD",29207,86,80,0,3,3,7,4,0,3,0,79,76,0,3
1994,"STODDARD",29207,42,40,0,1,1,4,2,0,1,1,38,38,0,0
1995,"STODDARD",29207,69,67,0,0,2,4,4,0,0,0,65,63,0,2
1996,"STODDARD",29207,139,137,1,0,1,8,7,1,0,0,131,130,0,1
1997,"STODDARD",29207,131,129,1,0,1,8,7,1,0,0,123,122,0,1
1998,"STODDARD",29207,156,154,0,1,1,5,4,0,1,0,151,150,0,1
1999,"STE GENEVIEVE",29207,177,173,1,0,3,10,9,1,0,0,167,164,0,3
2000,"STODDARD",29207,148,147,0,0,1,5,5,0,0,0,143,142,0,1
2001,"STODDARD",29207,190,186,0,1,3,6,5,0,1,0,184,181,0,3
2002,"STODDARD",29207,218,212,0,0,6,2,2,0,0,0,216,210,0,6
2003,"STODDARD",29207,211,205,0,1,5,2,1,0,1,0,209,204,0,5
1990,"STODDARD",29209,36,31,1,2,2,13,10,1,2,0,23,21,0,2
1991,"STONE",29209,38,34,0,0,4,9,8,0,0,1,29,26,0,3
1992,"STONE",29209,31,29,1,0,1,3,1,1,0,1,28,28,0,0
1993,"STONE",29209,46,38,4,1,3,8,2,4,1,1,38,36,0,2
1994,"STONE",29209,41,34,1,0,6,7,4,1,0,2,34,30,0,4
1995,"STONE",29209,46,35,5,0,6,9,4,4,0,1,37,31,1,5
1996,"STONE",29209,62,51,1,0,10,4,2,1,0,1,58,49,0,9
1997,"STONE",29209,97,84,1,0,12,7,5,1,0,1,90,79,0,11
1998,"STONE",29209,92,83,1,0,8,0,0,0,0,0,92,83,1,8
1999,"STODDARD",29209,89,72,1,1,15,5,2,1,1,1,84,70,0,14
2000,"STONE",29209,88,71,0,0,17,0,0,0,0,0,88,71,0,17
2001,"STONE",29209,109,93,0,0,16,3,3,0,0,0,106,90,0,16
2002,"STONE",29209,122,105,0,0,16,1,0,0,0,0,121,105,0,16
2003,"STONE",29209,129,114,1,0,14,5,3,1,0,1,124,111,0,13
1990,"STONE",29211,9,8,0,1,0,3,2,0,1,0,6,6,0,0
1991,"SULLIVAN",29211,7,7,0,0,0,1,1,0,0,0,6,6,0,0
1992,"SULLIVAN",29211,10,10,0,0,0,0,0,0,0,0,10,10,0,0
1993,"SULLIVAN",29211,14,11,1,0,2,2,1,0,0,1,12,10,1,1
1994,"SULLIVAN",29211,6,5,0,0,1,0,0,0,0,0,6,5,0,1
1995,"SULLIVAN",29211,10,8,1,0,1,1,0,1,0,0,9,8,0,1
1996,"SULLIVAN",29211,12,12,0,0,0,2,2,0,0,0,10,10,0,0
1997,"SULLIVAN",29211,18,16,0,0,2,4,3,0,0,1,14,13,0,1
1998,"SULLIVAN",29211,9,8,0,0,1,1,0,0,0,1,8,8,0,0
1999,"STONE",29211,7,7,0,0,0,0,0,0,0,0,7,7,0,0
2000,"SULLIVAN",29211,10,8,0,0,2,0,0,0,0,0,10,8,0,2
2001,"SULLIVAN",29211,13,13,0,0,0,0,0,0,0,0,13,13,0,0
2002,"SULLIVAN",29211,15,15,0,0,0,0,0,0,0,0,15,15,0,0
2003,"SULLIVAN",29211,17,14,0,0,3,1,0,0,0,1,16,14,0,2
1990,"SULLIVAN",29213,71,57,10,0,4,19,8,10,0,1,52,49,0,3
1991,"TANEY",29213,82,76,4,0,2,12,7,4,0,1,70,69,0,1
1992,"TANEY",29213,79,73,3,0,3,11,7,3,0,1,68,66,0,2
1993,"TANEY",29213,70,63,4,0,3,7,2,4,0,1,63,61,0,2
1994,"TANEY",29213,82,69,7,0,6,11,4,6,0,1,71,65,1,5
1995,"TANEY",29213,122,97,14,0,11,22,7,14,0,1,100,90,0,10
1996,"TANEY",29213,173,137,18,0,18,26,8,18,0,0,147,129,0,18
1997,"TANEY",29213,184,156,9,0,19,18,6,9,0,3,166,150,0,16
1998,"TANEY",29213,169,148,0,0,21,0,0,0,0,0,169,148,0,21
1999,"SULLIVAN",29213,164,144,7,0,13,9,2,7,0,0,155,142,0,13
2000,"TANEY",29213,169,144,5,0,20,6,2,4,0,0,163,142,1,20
2001,"TANEY",29213,189,168,6,0,15,8,2,5,0,1,181,166,1,14
2002,"TANEY",29213,241,223,4,0,14,6,2,4,0,0,235,221,0,14
2003,"TANEY",29213,242,220,2,0,20,4,2,2,0,0,238,218,0,20
1990,"TANEY",29215,28,24,1,0,3,8,6,1,0,1,20,18,0,2
1991,"TEXAS",29215,40,35,0,2,3,5,3,0,2,0,35,32,0,3
1992,"TEXAS",29215,43,36,2,3,2,11,5,2,3,1,32,31,0,1
1993,"TEXAS",29215,30,26,0,1,3,4,3,0,1,0,26,23,0,3
1994,"TEXAS",29215,34,28,1,0,5,3,0,1,0,2,31,28,0,3
1995,"TEXAS",29215,37,30,0,3,4,3,0,0,3,0,34,30,0,4
1996,"TEXAS",29215,63,57,0,1,5,5,3,0,1,1,58,54,0,4
1997,"TEXAS",29215,56,52,0,1,3,2,0,0,1,1,54,52,0,2
1998,"TEXAS",29215,55,48,0,0,7,0,0,0,0,0,55,48,0,7
1999,"TANEY",29215,52,50,0,0,2,0,0,0,0,0,52,50,0,2
2000,"TEXAS",29215,60,56,0,0,4,2,2,0,0,0,58,54,0,4
2001,"TEXAS",29215,66,62,0,0,4,0,0,0,0,0,66,62,0,4
2002,"TEXAS",29215,86,81,0,0,5,1,1,0,0,0,85,80,0,5
2003,"TEXAS",29215,62,58,0,0,4,0,0,0,0,0,62,58,0,4
1990,"TEXAS",29217,32,31,0,0,1,7,7,0,0,0,25,24,0,1
1991,"VERNON",29217,45,42,1,0,2,5,4,1,0,0,40,38,0,2
1992,"VERNON",29217,42,38,1,0,3,4,1,1,0,2,38,37,0,1
1993,"VERNON",29217,30,28,0,0,2,1,1,0,0,0,29,27,0,2
1994,"VERNON",29217,29,28,0,0,1,0,0,0,0,0,29,28,0,1
1995,"VERNON",29217,28,27,0,0,1,1,1,0,0,0,27,26,0,1
1996,"VERNON",29217,56,55,0,0,1,3,3,0,0,0,53,52,0,1
1997,"VERNON",29217,68,64,0,1,3,8,6,0,1,1,60,58,0,2
1998,"VERNON",29217,60,53,0,1,6,3,1,0,1,1,57,52,0,5
1999,"TEXAS",29217,67,61,0,0,6,1,1,0,0,0,66,60,0,6
2000,"VERNON",29217,56,55,0,0,1,2,2,0,0,0,54,53,0,1
2001,"VERNON",29217,82,77,1,1,3,5,3,1,1,0,77,74,0,3
2002,"VERNON",29217,89,84,0,0,5,0,0,0,0,0,89,84,0,5
2003,"VERNON",29217,97,92,0,0,5,3,3,0,0,0,94,89,0,5
1990,"VERNON",29219,56,38,1,0,17,2,1,1,0,0,54,37,0,17
1991,"WARREN",29219,82,58,0,0,24,4,4,0,0,0,78,54,0,24
1992,"WARREN",29219,73,34,0,0,39,3,2,0,0,1,70,32,0,38
1993,"WARREN",29219,75,45,0,0,30,4,4,0,0,0,71,41,0,30
1994,"WARREN",29219,57,33,1,0,23,3,2,1,0,0,54,31,0,23
1995,"WARREN",29219,78,53,0,0,25,1,1,0,0,0,77,52,0,25
1996,"WARREN",29219,78,47,0,0,31,1,0,0,0,1,77,47,0,30
1997,"WARREN",29219,81,55,0,0,26,1,1,0,0,0,80,54,0,26
1998,"WARREN",29219,113,72,0,0,41,2,1,0,0,1,111,71,0,40
1999,"VERNON",29219,105,72,0,0,33,1,1,0,0,0,104,71,0,33
2000,"WARREN",29219,115,79,0,0,36,3,2,0,0,1,112,77,0,35
2001,"WARREN",29219,142,107,3,0,32,4,2,2,0,0,138,105,1,32
2002,"WARREN",29219,127,87,0,0,40,0,0,0,0,0,127,87,0,40
2003,"WARREN",29219,156,109,0,0,47,2,2,0,0,0,154,107,0,47
1990,"WARREN",29221,35,19,0,0,16,4,3,0,0,1,31,16,0,15
1991,"WASHINGTON",29221,60,32,1,0,27,4,3,1,0,0,56,29,0,27
1992,"WASHINGTON",29221,71,38,0,0,33,5,3,0,0,2,66,35,0,31
1993,"WASHINGTON",29221,52,30,0,0,22,2,1,0,0,1,50,29,0,21
1994,"WASHINGTON",29221,46,28,0,0,18,4,2,0,0,2,42,26,0,16
1995,"WASHINGTON",29221,54,39,0,0,15,4,2,0,0,2,50,37,0,13
1996,"WASHINGTON",29221,69,54,0,0,15,2,2,0,0,0,67,52,0,15
1997,"WASHINGTON",29221,97,70,0,0,27,2,1,0,0,1,95,69,0,26
1998,"WASHINGTON",29221,114,89,0,0,25,3,2,0,0,1,111,87,0,24
1999,"WARREN",29221,87,69,0,0,18,0,0,0,0,0,87,69,0,18
2000,"WASHINGTON",29221,85,67,0,0,18,0,0,0,0,0,85,67,0,18
2001,"WASHINGTON",29221,123,98,0,0,25,3,3,0,0,0,120,95,0,25
2002,"WASHINGTON",29221,102,76,0,0,26,1,1,0,0,0,101,75,0,26
2003,"WASHINGTON",29221,125,105,0,0,20,0,0,0,0,0,125,105,0,20
1990,"WASHINGTON",29223,24,24,0,0,0,1,1,0,0,0,23,23,0,0
1991,"WAYNE",29223,31,31,0,0,0,2,2,0,0,0,29,29,0,0
1992,"WAYNE",29223,29,26,1,0,2,1,0,1,0,0,28,26,0,2
1993,"WAYNE",29223,25,20,0,0,5,3,1,0,0,2,22,19,0,3
1994,"WAYNE",29223,21,18,0,0,3,1,0,0,0,1,20,18,0,2
1995,"WAYNE",29223,21,20,0,0,1,0,0,0,0,0,21,20,0,1
1996,"WAYNE",29223,33,32,1,0,0,0,0,0,0,0,33,32,1,0
1997,"WAYNE",29223,63,62,0,0,1,2,2,0,0,0,61,60,0,1
1998,"WAYNE",29223,64,61,0,0,3,0,0,0,0,0,64,61,0,3
1999,"WASHINGTON",29223,46,46,0,0,0,0,0,0,0,0,46,46,0,0
2000,"WAYNE",29223,40,36,0,0,4,0,0,0,0,0,40,36,0,4
2001,"WAYNE",29223,59,55,2,0,2,2,0,2,0,0,57,55,0,2
2002,"WAYNE",29223,76,74,0,0,2,0,0,0,0,0,76,74,0,2
2003,"WAYNE",29223,49,49,0,0,0,0,0,0,0,0,49,49,0,0
1990,"WAYNE",29225,54,48,1,0,5,11,9,1,0,1,43,39,0,4
1991,"WEBSTER",29225,82,77,1,1,3,9,7,1,1,0,73,70,0,3
1992,"WEBSTER",29225,57,53,1,0,3,5,2,1,0,2,52,51,0,1
1993,"WEBSTER",29225,52,48,0,0,4,2,2,0,0,0,50,46,0,4
1994,"WEBSTER",29225,47,46,0,0,1,2,1,0,0,1,45,45,0,0
1995,"WEBSTER",29225,62,54,2,1,5,3,1,1,1,0,59,53,1,5
1996,"WEBSTER",29225,71,62,0,1,8,3,0,0,1,2,68,62,0,6
1997,"WEBSTER",29225,87,79,0,0,8,6,4,0,0,2,81,75,0,6
1998,"WEBSTER",29225,93,86,0,0,7,2,2,0,0,0,91,84,0,7
1999,"WAYNE",29225,111,97,1,0,13,1,0,1,0,0,110,97,0,13
2000,"WEBSTER",29225,124,111,0,0,13,0,0,0,0,0,124,111,0,13
2001,"WEBSTER",29225,165,153,0,0,12,3,3,0,0,0,162,150,0,12
2002,"WEBSTER",29225,170,154,1,0,15,0,0,0,0,0,170,154,1,15
2003,"WEBSTER",29225,165,142,0,0,23,1,1,0,0,0,164,141,0,23
1990,"WEBSTER",29227,3,1,0,1,0,3,1,0,2,0,0,0,0,0
1991,"WORTH",29227,2,2,0,0,0,1,1,0,0,0,1,1,0,0
1992,"WORTH",29227,3,3,0,0,0,0,0,0,0,0,3,3,0,0
1993,"WORTH",29227,1,1,0,0,0,0,0,0,0,0,1,1,0,0
1994,"WORTH",29227,6,4,0,0,2,1,1,0,0,0,5,3,0,2
1995,"WORTH",29227,3,3,0,0,0,1,1,0,0,0,2,2,0,0
1996,"WORTH",29227,1,1,0,0,0,0,0,0,0,0,1,1,0,0
1997,"WORTH",29227,5,3,1,0,1,2,0,1,0,1,3,3,0,0
1998,"WORTH",29227,6,6,0,0,0,0,0,0,0,0,6,6,0,0
1999,"WEBSTER",29227,10,9,0,0,1,0,0,0,0,0,10,9,0,1
2000,"WORTH",29227,5,5,0,0,0,0,0,0,0,0,5,5,0,0
2001,"WORTH",29227,7,7,0,0,0,0,0,0,0,0,7,7,0,0
2002,"WORTH",29227,4,4,0,0,0,0,0,0,0,0,4,4,0,0
2003,"WORTH",29227,3,3,0,0,0,0,0,0,0,0,3,3,0,0
1990,"WORTH",29229,31,26,0,3,2,10,7,0,3,0,21,19,0,2
1991,"WRIGHT",29229,31,26,2,3,0,10,5,2,3,0,21,21,0,0
1992,"WRIGHT",29229,41,31,1,3,6,13,6,1,3,3,28,25,0,3
1993,"WRIGHT",29229,24,22,1,0,1,2,1,0,0,1,22,21,1,0
1994,"WRIGHT",29229,27,26,0,1,0,3,2,0,1,0,24,24,0,0
1995,"WRIGHT",29229,31,28,0,0,3,3,3,0,0,0,28,25,0,3
1996,"WRIGHT",29229,33,28,1,1,3,4,1,1,1,1,29,27,0,2
1997,"WRIGHT",29229,42,38,0,0,4,2,2,0,0,0,40,36,0,4
1998,"WRIGHT",29229,79,77,0,0,2,1,1,0,0,0,78,76,0,2
1999,"WORTH",29229,81,79,1,0,1,2,1,1,0,0,79,78,0,1
2000,"WRIGHT",29229,56,52,1,0,3,0,0,0,0,0,56,52,1,3
2001,"WRIGHT",29229,62,58,0,0,4,1,1,0,0,0,61,57,0,4
2002,"WRIGHT",29229,68,62,0,0,6,0,0,0,0,0,68,62,0,6
2003,"WRIGHT",29229,59,57,0,0,2,0,0,0,0,0,59,57,0,2
1990,"WRIGHT",29510,1485,732,15,0,738,42,22,15,0,5,1443,710,0,733
1991,"ST LOUIS",29510,1885,920,12,0,953,49,32,12,0,5,1836,888,0,948
1992,"ST LOUIS",29510,1875,845,19,0,1011,56,28,19,0,9,1819,817,0,1002
1993,"ST LOUIS",29510,1451,700,11,0,740,48,34,11,0,3,1403,666,0,737
1994,"ST LOUIS",29510,1568,832,15,0,721,30,14,15,0,1,1538,818,0,720
1995,"ST LOUIS",29510,2001,855,81,0,1065,93,8,81,0,4,1908,847,0,1061
1996,"ST LOUIS",29510,2503,1197,9,0,1297,39,25,9,0,5,2464,1172,0,1292
1997,"ST LOUIS",29510,2902,1565,7,0,1330,25,13,7,0,5,2877,1552,0,1325
1998,"ST LOUIS",29510,3200,1825,12,0,1363,32,15,11,0,6,3168,1810,1,1357
1999,"WRIGHT",29510,3065,1704,15,0,1346,23,4,15,0,4,3042,1700,0,1342
2000,"ST LOUIS",29510,2884,1583,5,0,1296,16,9,5,0,2,2868,1574,0,1294
2001,"ST LOUIS CITY",29510,3117,1818,27,0,1272,44,12,27,0,5,3073,1806,0,1267
2002,"ST LOUIS CITY",29510,3325,2032,19,0,1274,33,11,18,0,4,3292,2021,1,1270
2003,"ST LOUIS CITY",29510,3342,1934,10,0,1398,21,6,10,0,5,3321,1928,0,1393
1990,"BEAVERHEAD",30001,19,13,2,0,4,3,1,2,0,0,16,12,0,4
1991,"BEAVERHEAD",30001,10,7,0,1,2,2,1,0,1,0,8,6,0,2
1992,"BEAVERHEAD",30001,18,17,1,0,0,4,3,1,0,0,14,14,0,0
1993,"BEAVERHEAD",30001,13,13,0,0,0,0,0,0,0,0,13,13,0,0
1994,"BEAVERHEAD",30001,13,11,0,1,1,1,0,0,1,0,12,11,0,1
1995,"BEAVERHEAD",30001,13,12,1,0,0,1,0,1,0,0,12,12,0,0
1996,"BEAVERHEAD",30001,13,10,0,0,3,2,1,0,0,1,11,9,0,2
1997,"BEAVERHEAD",30001,38,38,0,0,0,2,2,0,0,0,36,36,0,0
1998,"BEAVERHEAD",30001,39,38,0,0,1,2,2,0,0,0,37,36,0,1
1999,"BEAVERHEAD",30001,30,28,0,0,2,0,0,0,0,0,30,28,0,2
2000,"BEAVERHEAD",30001,24,24,0,0,0,1,1,0,0,0,23,23,0,0
2001,"BEAVERHEAD",30001,20,20,0,0,0,2,2,0,0,0,18,18,0,0
2002,"BEAVERHEAD",30001,18,18,0,0,0,0,0,0,0,0,18,18,0,0
2003,"BEAVERHEAD",30001,25,21,0,0,4,0,0,0,0,0,25,21,0,4
1990,"BIG HORN",30003,15,12,0,2,1,5,3,0,2,0,10,9,0,1
1991,"BIG HORN",30003,20,17,0,1,2,2,1,0,1,0,18,16,0,2
1992,"BIG HORN",30003,8,7,1,0,0,1,0,1,0,0,7,7,0,0
1993,"BIG HORN",30003,14,12,0,1,1,1,0,0,1,0,13,12,0,1
1994,"BIG HORN",30003,7,4,0,0,3,0,0,0,0,0,7,4,0,3
1995,"BIG HORN",30003,7,4,0,0,3,0,0,0,0,0,7,4,0,3
1996,"BIG HORN",30003,17,15,0,1,1,1,0,0,1,0,16,15,0,1
1997,"BIG HORN",30003,13,10,0,0,3,2,2,0,0,0,11,8,0,3
1998,"BIG HORN",30003,17,13,0,0,4,0,0,0,0,0,17,13,0,4
1999,"BIG HORN",30003,16,10,0,0,6,0,0,0,0,0,16,10,0,6
2000,"BIG HORN",30003,20,16,0,0,4,0,0,0,0,0,20,16,0,4
2001,"BIG HORN",30003,21,16,0,0,5,0,0,0,0,0,21,16,0,5
2002,"BIG HORN",30003,24,20,0,0,4,0,0,0,0,0,24,20,0,4
2003,"BIG HORN",30003,19,15,0,0,4,0,0,0,0,0,19,15,0,4
1990,"BLAINE",30005,7,2,3,2,0,4,0,2,2,0,3,2,1,0
1991,"BLAINE",30005,5,4,0,1,0,1,0,0,1,0,4,4,0,0
1992,"BLAINE",30005,8,7,0,1,0,1,0,0,1,0,7,7,0,0
1993,"BLAINE",30005,3,1,0,2,0,2,0,0,2,0,1,1,0,0
1994,"BLAINE",30005,8,6,0,1,1,2,1,0,1,0,6,5,0,1
1995,"BLAINE",30005,6,4,0,1,1,1,0,0,1,0,5,4,0,1
1996,"BLAINE",30005,9,5,0,2,2,2,0,0,2,0,7,5,0,2
1997,"BLAINE",30005,7,4,0,1,2,1,0,0,1,0,6,4,0,2
1998,"BLAINE",30005,15,9,1,1,4,2,0,1,1,0,13,9,0,4
1999,"BLAINE",30005,7,6,0,0,1,1,1,0,0,0,6,5,0,1
2000,"BLAINE",30005,11,8,1,0,2,2,0,1,0,1,9,8,0,1
2001,"BLAINE",30005,10,9,0,0,1,0,0,0,0,0,10,9,0,1
2002,"BLAINE",30005,12,11,0,0,1,0,0,0,0,0,12,11,0,1
2003,"BLAINE",30005,13,13,0,0,0,0,0,0,0,0,13,13,0,0
1990,"BROADWATER",30007,5,4,0,1,0,1,0,0,1,0,4,4,0,0
1991,"BROADWATER",30007,6,5,0,1,0,1,0,0,1,0,5,5,0,0
1992,"BROADWATER",30007,6,6,0,0,0,0,0,0,0,0,6,6,0,0
1993,"BROADWATER",30007,10,5,0,3,2,4,1,0,3,0,6,4,0,2
1994,"BROADWATER",30007,7,7,0,0,0,0,0,0,0,0,7,7,0,0
1995,"BROADWATER",30007,9,6,3,0,0,3,0,3,0,0,6,6,0,0
1996,"BROADWATER",30007,17,12,0,2,3,3,0,0,2,1,14,12,0,2
1997,"BROADWATER",30007,10,7,0,1,2,2,1,0,1,0,8,6,0,2
1998,"BROADWATER",30007,21,17,1,0,3,2,1,1,0,0,19,16,0,3
1999,"BROADWATER",30007,20,19,0,0,1,1,1,0,0,0,19,18,0,1
2000,"BROADWATER",30007,13,12,0,1,0,1,0,0,1,0,12,12,0,0
2001,"BROADWATER",30007,14,13,0,0,1,0,0,0,0,0,14,13,0,1
2002,"BROADWATER",30007,20,15,0,2,3,2,0,0,2,0,18,15,0,3
2003,"BROADWATER",30007,24,22,0,0,2,2,2,0,0,0,22,20,0,2
1990,"CARBON",30009,16,11,0,1,4,4,1,0,1,2,12,10,0,2
1991,"CARBON",30009,18,16,0,0,2,3,2,0,0,1,15,14,0,1
1992,"CARBON",30009,22,19,0,0,3,2,1,0,0,1,20,18,0,2
1993,"CARBON",30009,16,16,0,0,0,0,0,0,0,0,16,16,0,0
1994,"CARBON",30009,12,7,0,0,5,3,2,0,0,1,9,5,0,4
1995,"CARBON",30009,18,15,0,2,1,3,1,0,2,0,15,14,0,1
1996,"CARBON",30009,21,15,1,0,5,2,1,1,0,0,19,14,0,5
1997,"CARBON",30009,37,14,0,3,20,7,2,0,3,2,30,12,0,18
1998,"CARBON",30009,45,30,0,0,15,4,4,0,0,0,41,26,0,15
1999,"CARBON",30009,32,22,0,0,10,1,1,0,0,0,31,21,0,10
2000,"CARBON",30009,33,27,0,1,5,2,0,0,1,1,31,27,0,4
2001,"CARBON",30009,37,33,0,0,4,0,0,0,0,0,37,33,0,4
2002,"CARBON",30009,37,31,1,0,5,2,2,0,0,0,35,29,1,5
2003,"CARBON",30009,41,35,1,1,4,2,0,1,1,0,39,35,0,4
1990,"CARTER",30011,2,1,0,1,0,1,0,0,1,0,1,1,0,0
1991,"CARTER",30011,2,1,0,1,0,2,1,0,1,0,0,0,0,0
1992,"CARTER",30011,1,1,0,0,0,0,0,0,0,0,1,1,0,0
1993,"CARTER",30011,1,0,1,0,0,1,0,1,0,0,0,0,0,0
1996,"CARTER",30011,1,0,0,0,1,0,0,0,0,0,1,0,0,1
1997,"CARTER",30011,1,0,0,0,1,1,0,0,0,1,0,0,0,0
1998,"CARTER",30011,3,3,0,0,0,0,0,0,0,0,3,3,0,0
1999,"CARTER",30011,2,1,0,0,1,0,0,0,0,0,2,1,0,1
2000,"CARTER",30011,5,4,0,0,1,0,0,0,0,0,5,4,0,1
2001,"CARTER",30011,2,1,0,1,0,2,1,0,1,0,0,0,0,0
2002,"CARTER",30011,2,0,1,0,1,0,0,0,0,0,2,0,1,1
2003,"CARTER",30011,1,0,0,1,0,1,0,0,1,0,0,0,0,0
1990,"CASCADE",30013,237,217,4,1,15,17,10,4,1,2,220,207,0,13
1991,"CASCADE",30013,229,217,1,4,7,11,5,1,4,1,218,212,0,6
1992,"CASCADE",30013,245,213,4,3,25,22,9,4,3,6,223,204,0,19
1993,"CASCADE",30013,224,176,5,0,43,18,7,5,0,6,206,169,0,37
1994,"CASCADE",30013,255,221,2,2,30,15,8,2,2,3,240,213,0,27
1995,"CASCADE",30013,292,240,3,1,48,8,1,3,1,3,284,239,0,45
1996,"CASCADE",30013,371,277,1,0,93,11,4,1,0,6,360,273,0,87
1997,"CASCADE",30013,411,314,1,1,95,12,8,1,1,2,399,306,0,93
1998,"CASCADE",30013,371,278,1,2,90,12,10,0,2,0,359,268,1,90
1999,"CASCADE",30013,400,328,5,0,67,9,3,5,0,1,391,325,0,66
2000,"CASCADE",30013,379,321,1,1,56,8,4,1,1,2,371,317,0,54
2001,"CASCADE",30013,473,385,0,0,88,8,5,0,0,3,465,380,0,85
2002,"CASCADE",30013,471,384,1,0,86,4,3,0,0,1,467,381,1,85
2003,"CASCADE",30013,441,357,2,0,82,3,1,2,0,0,438,356,0,82
1990,"CHOUTEAU",30015,11,6,0,4,1,5,1,0,4,0,6,5,0,1
1991,"CHOUTEAU",30015,8,7,0,1,0,1,0,0,1,0,7,7,0,0
1992,"CHOUTEAU",30015,6,5,0,0,1,0,0,0,0,0,6,5,0,1
1993,"CHOUTEAU",30015,7,6,0,1,0,1,0,0,1,0,6,6,0,0
1994,"CHOUTEAU",30015,10,10,0,0,0,0,0,0,0,0,10,10,0,0
1995,"CHOUTEAU",30015,9,9,0,0,0,0,0,0,0,0,9,9,0,0
1996,"CHOUTEAU",30015,14,12,0,0,2,0,0,0,0,0,14,12,0,2
1997,"CHOUTEAU",30015,10,9,0,0,1,1,1,0,0,0,9,8,0,1
1998,"CHOUTEAU",30015,3,1,0,0,2,0,0,0,0,0,3,1,0,2
1999,"CHOUTEAU",30015,12,11,0,0,1,1,1,0,0,0,11,10,0,1
2000,"CHOUTEAU",30015,14,13,0,0,1,0,0,0,0,0,14,13,0,1
2001,"CHOUTEAU",30015,12,9,0,0,3,1,1,0,0,0,11,8,0,3
2002,"CHOUTEAU",30015,15,13,0,1,1,2,1,0,1,0,13,12,0,1
2003,"CHOUTEAU",30015,10,10,0,0,0,0,0,0,0,0,10,10,0,0
1990,"CUSTER",30017,19,15,0,1,3,3,1,0,1,1,16,14,0,2
1991,"CUSTER",30017,20,19,0,1,0,4,3,0,1,0,16,16,0,0
1992,"CUSTER",30017,21,20,0,0,1,1,1,0,0,0,20,19,0,1
1993,"CUSTER",30017,19,18,0,0,1,2,1,0,0,1,17,17,0,0
1994,"CUSTER",30017,18,15,0,0,3,1,1,0,0,0,17,14,0,3
1995,"CUSTER",30017,20,17,0,1,2,2,1,0,1,0,18,16,0,2
1996,"CUSTER",30017,33,28,0,0,5,6,4,0,0,2,27,24,0,3
1997,"CUSTER",30017,28,21,0,0,7,2,1,0,0,1,26,20,0,6
1998,"CUSTER",30017,51,44,0,0,7,2,2,0,0,0,49,42,0,7
1999,"CUSTER",30017,45,35,0,0,10,3,2,0,0,1,42,33,0,9
2000,"CUSTER",30017,26,25,0,0,1,1,1,0,0,0,25,24,0,1
2001,"CUSTER",30017,51,48,0,1,2,3,2,0,1,0,48,46,0,2
2002,"CUSTER",30017,40,35,0,0,5,3,3,0,0,0,37,32,0,5
2003,"CUSTER",30017,55,48,0,4,3,4,0,0,4,0,51,48,0,3
1990,"DANIELS",30019,4,3,0,1,0,2,1,0,1,0,2,2,0,0
1991,"DANIELS",30019,4,3,0,1,0,1,0,0,1,0,3,3,0,0
1993,"DANIELS",30019,3,2,0,0,1,0,0,0,0,0,3,2,0,1
1994,"DANIELS",30019,5,4,0,1,0,1,0,0,1,0,4,4,0,0
1995,"DANIELS",30019,3,2,0,1,0,1,0,0,1,0,2,2,0,0
1997,"DANIELS",30019,2,2,0,0,0,1,1,0,0,0,1,1,0,0
1998,"DANIELS",30019,5,3,0,1,1,1,0,0,1,0,4,3,0,1
1999,"DANIELS",30019,6,5,0,0,1,1,1,0,0,0,5,4,0,1
2000,"DANIELS",30019,4,3,0,0,1,0,0,0,0,0,4,3,0,1
2001,"DANIELS",30019,4,4,0,0,0,0,0,0,0,0,4,4,0,0
2002,"DANIELS",30019,7,6,0,0,1,0,0,0,0,0,7,6,0,1
2003,"DANIELS",30019,1,1,0,0,0,0,0,0,0,0,1,1,0,0
1990,"DAWSON",30021,20,18,0,2,0,4,2,0,2,0,16,16,0,0
1991,"DAWSON",30021,16,13,0,0,3,0,0,0,0,0,16,13,0,3
1992,"DAWSON",30021,12,12,0,0,0,0,0,0,0,0,12,12,0,0
1993,"DAWSON",30021,17,15,2,0,0,1,0,1,0,0,16,15,1,0
1994,"DAWSON",30021,16,15,0,1,0,2,1,0,1,0,14,14,0,0
1995,"DAWSON",30021,14,12,0,0,2,2,2,0,0,0,12,10,0,2
1996,"DAWSON",30021,16,14,1,0,1,3,2,1,0,0,13,12,0,1
1997,"DAWSON",30021,22,19,0,0,3,0,0,0,0,0,22,19,0,3
1998,"DAWSON",30021,25,20,0,1,4,2,1,0,1,0,23,19,0,4
1999,"DAWSON",30021,18,14,0,0,4,0,0,0,0,0,18,14,0,4
2000,"DAWSON",30021,23,16,1,0,6,2,1,1,0,0,21,15,0,6
2001,"DAWSON",30021,25,23,1,0,1,2,1,1,0,0,23,22,0,1
2002,"DAWSON",30021,19,18,0,0,1,0,0,0,0,0,19,18,0,1
2003,"DAWSON",30021,24,23,0,0,1,0,0,0,0,0,24,23,0,1
1990,"DEER LODGE",30023,19,18,0,0,1,0,0,0,0,0,19,18,0,1
1991,"DEER LODGE",30023,14,14,0,0,0,0,0,0,0,0,14,14,0,0
1992,"DEER LODGE",30023,14,14,0,0,0,0,0,0,0,0,14,14,0,0
1993,"DEER LODGE",30023,16,15,0,0,1,1,1,0,0,0,15,14,0,1
1994,"DEER LODGE",30023,17,16,0,0,1,1,1,0,0,0,16,15,0,1
1995,"DEER LODGE",30023,23,22,0,0,1,1,1,0,0,0,22,21,0,1
1996,"DEER LODGE",30023,23,23,0,0,0,0,0,0,0,0,23,23,0,0
1997,"DEER LODGE",30023,26,26,0,0,0,1,1,0,0,0,25,25,0,0
1998,"DEER LODGE",30023,27,27,0,0,0,1,1,0,0,0,26,26,0,0
1999,"DEER LODGE",30023,41,41,0,0,0,0,0,0,0,0,41,41,0,0
2000,"DEER LODGE",30023,39,39,0,0,0,0,0,0,0,0,39,39,0,0
2001,"DEER LODGE",30023,41,39,0,0,2,1,1,0,0,0,40,38,0,2
2002,"DEER LODGE",30023,51,49,0,0,2,0,0,0,0,0,51,49,0,2
2003,"DEER LODGE",30023,47,45,0,0,2,0,0,0,0,0,47,45,0,2
1990,"FALLON",30025,5,3,0,1,1,1,0,0,1,0,4,3,0,1
1991,"FALLON",30025,3,2,0,1,0,1,0,0,1,0,2,2,0,0
1992,"FALLON",30025,5,4,0,1,0,3,2,0,1,0,2,2,0,0
1993,"FALLON",30025,3,2,0,0,1,0,0,0,0,0,3,2,0,1
1994,"FALLON",30025,5,4,0,0,1,1,0,0,0,1,4,4,0,0
1995,"FALLON",30025,6,4,0,0,2,2,0,0,0,2,4,4,0,0
1996,"FALLON",30025,7,7,0,0,0,1,1,0,0,0,6,6,0,0
1997,"FALLON",30025,8,3,2,1,2,3,0,2,1,0,5,3,0,2
1998,"FALLON",30025,3,3,0,0,0,0,0,0,0,0,3,3,0,0
1999,"FALLON",30025,11,11,0,0,0,0,0,0,0,0,11,11,0,0
2000,"FALLON",30025,6,4,0,1,1,1,0,0,1,0,5,4,0,1
2001,"FALLON",30025,8,8,0,0,0,0,0,0,0,0,8,8,0,0
2002,"FALLON",30025,6,6,0,0,0,0,0,0,0,0,6,6,0,0
2003,"FALLON",30025,8,7,0,0,1,0,0,0,0,0,8,7,0,1
1990,"FERGUS",30027,13,9,2,1,1,2,0,1,1,0,11,9,1,1
1991,"FERGUS",30027,16,14,1,1,0,3,1,1,1,0,13,13,0,0
1992,"FERGUS",30027,25,19,0,5,1,6,1,0,5,0,19,18,0,1
1993,"FERGUS",30027,16,12,1,1,2,4,2,1,1,0,12,10,0,2
1994,"FERGUS",30027,18,16,0,0,2,1,1,0,0,0,17,15,0,2
1995,"FERGUS",30027,17,16,0,1,0,2,1,0,1,0,15,15,0,0
1996,"FERGUS",30027,35,30,0,2,3,2,0,0,2,0,33,30,0,3
1997,"FERGUS",30027,23,18,1,1,3,4,2,1,1,0,19,16,0,3
1998,"FERGUS",30027,40,33,0,0,7,0,0,0,0,0,40,33,0,7
1999,"FERGUS",30027,32,29,0,2,1,2,0,0,2,0,30,29,0,1
2000,"FERGUS",30027,33,29,2,0,2,2,0,2,0,0,31,29,0,2
2001,"FERGUS",30027,44,39,0,0,5,1,1,0,0,0,43,38,0,5
2002,"FERGUS",30027,39,36,0,0,3,0,0,0,0,0,39,36,0,3
2003,"FERGUS",30027,23,19,1,0,3,1,0,1,0,0,22,19,0,3
1990,"FLATHEAD",30029,188,157,6,0,25,16,8,6,0,2,172,149,0,23
1991,"FLATHEAD",30029,191,163,8,0,18,17,6,8,0,1,174,157,0,17
1992,"FLATHEAD",30029,209,180,4,1,24,19,8,4,1,6,190,172,0,18
1993,"FLATHEAD",30029,195,165,7,0,23,13,5,7,0,1,182,160,0,22
1994,"FLATHEAD",30029,186,146,4,0,36,9,5,3,0,1,177,141,1,35
1995,"FLATHEAD",30029,244,192,5,0,47,15,8,4,0,3,229,184,1,44
1996,"FLATHEAD",30029,302,221,8,1,72,31,10,8,1,12,271,211,0,60
1997,"FLATHEAD",30029,393,311,6,1,75,37,22,5,1,9,356,289,1,66
1998,"FLATHEAD",30029,419,333,3,0,83,7,5,2,0,0,412,328,1,83
1999,"FLATHEAD",30029,321,260,2,0,59,11,7,2,0,2,310,253,0,57
2000,"FLATHEAD",30029,344,288,1,0,55,14,10,1,0,3,330,278,0,52
2001,"FLATHEAD",30029,391,329,1,0,61,25,23,0,0,2,366,306,1,59
2002,"FLATHEAD",30029,421,360,2,0,59,11,9,2,0,0,410,351,0,59
2003,"FLATHEAD",30029,470,396,0,0,74,10,9,0,0,1,460,387,0,73
1990,"GALLATIN",30031,87,75,0,0,12,10,7,0,0,3,77,68,0,9
1991,"GALLATIN",30031,108,96,4,0,8,13,10,3,0,0,95,86,1,8
1992,"GALLATIN",30031,88,79,2,2,5,15,9,2,2,2,73,70,0,3
1993,"GALLATIN",30031,75,70,3,0,2,8,4,3,0,1,67,66,0,1
1994,"GALLATIN",30031,68,64,4,0,0,6,2,4,0,0,62,62,0,0
1995,"GALLATIN",30031,142,133,3,1,5,12,7,3,1,1,130,126,0,4
1996,"GALLATIN",30031,142,136,2,1,3,20,17,2,1,0,122,119,0,3
1997,"GALLATIN",30031,200,193,0,0,7,14,13,0,0,1,186,180,0,6
1998,"GALLATIN",30031,253,239,5,1,8,15,10,4,1,0,238,229,1,8
1999,"GALLATIN",30031,234,227,1,0,6,9,8,1,0,0,225,219,0,6
2000,"GALLATIN",30031,265,249,3,0,13,24,20,3,0,1,241,229,0,12
2001,"GALLATIN",30031,262,253,1,0,8,20,19,1,0,0,242,234,0,8
2002,"GALLATIN",30031,285,278,1,0,6,18,16,1,0,1,267,262,0,5
2003,"GALLATIN",30031,347,336,0,0,11,10,8,0,0,2,337,328,0,9
1990,"GARFIELD",30033,2,0,2,0,0,2,0,2,0,0,0,0,0,0
1991,"GARFIELD",30033,3,1,0,2,0,2,0,0,2,0,1,1,0,0
1992,"GARFIELD",30033,2,1,0,1,0,2,1,0,1,0,0,0,0,0
1993,"GARFIELD",30033,3,2,0,1,0,1,0,0,1,0,2,2,0,0
1994,"GARFIELD",30033,1,1,0,0,0,0,0,0,0,0,1,1,0,0
1997,"GARFIELD",30033,2,2,0,0,0,0,0,0,0,0,2,2,0,0
1998,"GARFIELD",30033,3,3,0,0,0,0,0,0,0,0,3,3,0,0
1999,"GARFIELD",30033,1,0,0,0,1,0,0,0,0,0,1,0,0,1
2001,"GARFIELD",30033,1,1,0,0,0,0,0,0,0,0,1,1,0,0
2002,"GARFIELD",30033,1,1,0,0,0,0,0,0,0,0,1,1,0,0
2003,"GARFIELD",30033,3,0,0,1,2,1,0,0,1,0,2,0,0,2
1990,"GLACIER",30035,14,11,0,2,1,2,0,0,2,0,12,11,0,1
1991,"GLACIER",30035,18,13,1,4,0,6,1,1,4,0,12,12,0,0
1992,"GLACIER",30035,13,5,7,1,0,9,1,7,1,0,4,4,0,0
1993,"GLACIER",30035,5,4,0,1,0,1,0,0,1,0,4,4,0,0
1994,"GLACIER",30035,11,7,1,1,2,4,1,1,1,1,7,6,0,1
1995,"GLACIER",30035,16,13,0,1,2,1,0,0,1,0,15,13,0,2
1996,"GLACIER",30035,20,14,1,0,5,1,0,1,0,0,19,14,0,5
1997,"GLACIER",30035,22,19,1,0,2,1,0,1,0,0,21,19,0,2
1998,"GLACIER",30035,16,11,0,0,5,1,1,0,0,0,15,10,0,5
1999,"GLACIER",30035,19,17,0,0,2,0,0,0,0,0,19,17,0,2
2000,"GLACIER",30035,17,13,0,0,4,0,0,0,0,0,17,13,0,4
2001,"GLACIER",30035,21,18,0,0,3,0,0,0,0,0,21,18,0,3
2002,"GLACIER",30035,16,11,0,1,4,1,0,0,1,0,15,11,0,4
2003,"GLACIER",30035,18,17,0,0,1,0,0,0,0,0,18,17,0,1
1991,"GOLDEN VALLEY",30037,1,1,0,0,0,0,0,0,0,0,1,1,0,0
1992,"GOLDEN VALLEY",30037,3,3,0,0,0,0,0,0,0,0,3,3,0,0
1993,"GOLDEN VALLEY",30037,3,3,0,0,0,0,0,0,0,0,3,3,0,0
1994,"GOLDEN VALLEY",30037,2,2,0,0,0,0,0,0,0,0,2,2,0,0
1995,"GOLDEN VALLEY",30037,1,1,0,0,0,0,0,0,0,0,1,1,0,0
1996,"GOLDEN VALLEY",30037,1,0,0,0,1,0,0,0,0,0,1,0,0,1
1997,"GOLDEN VALLEY",30037,3,2,0,0,1,0,0,0,0,0,3,2,0,1
1998,"GOLDEN VALLEY",30037,7,7,0,0,0,1,1,0,0,0,6,6,0,0
1999,"GOLDEN VALLEY",30037,0,0,0,0,0,0,0,0,0,0,0,0,0,0
2000,"GOLDEN VALLEY",30037,2,2,0,0,0,0,0,0,0,0,2,2,0,0
2001,"GOLDEN VALLEY",30037,2,2,0,0,0,0,0,0,0,0,2,2,0,0
2002,"GOLDEN VALLEY",30037,3,3,0,0,0,0,0,0,0,0,3,3,0,0
2003,"GOLDEN VALLEY",30037,4,3,0,0,1,0,0,0,0,0,4,3,0,1
1990,"GRANITE",30039,4,3,1,0,0,2,1,1,0,0,2,2,0,0
1991,"GRANITE",30039,8,6,0,0,2,3,1,0,0,2,5,5,0,0
1992,"GRANITE",30039,6,6,0,0,0,1,1,0,0,0,5,5,0,0
1993,"GRANITE",30039,6,6,0,0,0,1,1,0,0,0,5,5,0,0
1994,"GRANITE",30039,6,5,0,0,1,0,0,0,0,0,6,5,0,1
1995,"GRANITE",30039,4,3,0,0,1,2,1,0,0,1,2,2,0,0
1996,"GRANITE",30039,3,3,0,0,0,1,1,0,0,0,2,2,0,0
1997,"GRANITE",30039,8,7,0,0,1,3,2,0,0,1,5,5,0,0
1998,"GRANITE",30039,6,4,0,0,2,0,0,0,0,0,6,4,0,2
1999,"GRANITE",30039,9,7,0,0,2,0,0,0,0,0,9,7,0,2
2000,"GRANITE",30039,9,9,0,0,0,1,1,0,0,0,8,8,0,0
2001,"GRANITE",30039,9,9,0,0,0,0,0,0,0,0,9,9,0,0
2002,"GRANITE",30039,13,13,0,0,0,0,0,0,0,0,13,13,0,0
2003,"GRANITE",30039,14,12,0,0,2,1,0,0,0,1,13,12,0,1
1990,"HILL",30041,28,26,0,0,2,2,2,0,0,0,26,24,0,2
1991,"HILL",30041,28,25,3,0,0,3,0,3,0,0,25,25,0,0
1992,"HILL",30041,26,20,4,1,1,6,1,4,1,0,20,19,0,1
1993,"HILL",30041,16,16,0,0,0,3,3,0,0,0,13,13,0,0
1994,"HILL",30041,18,16,0,0,2,1,1,0,0,0,17,15,0,2
1995,"HILL",30041,20,18,0,0,2,0,0,0,0,0,20,18,0,2
1996,"HILL",30041,24,18,0,0,6,1,1,0,0,0,23,17,0,6
1997,"HILL",30041,33,26,0,0,7,2,1,0,0,1,31,25,0,6
1998,"HILL",30041,40,26,0,0,14,0,0,0,0,0,40,26,0,14
1999,"HILL",30041,41,32,0,1,8,4,3,0,1,0,37,29,0,8
2000,"HILL",30041,55,42,1,1,11,4,2,1,1,0,51,40,0,11
2001,"HILL",30041,54,49,0,0,5,1,1,0,0,0,53,48,0,5
2002,"HILL",30041,53,46,0,0,7,1,1,0,0,0,52,45,0,7
2003,"HILL",30041,60,53,0,0,7,1,0,0,0,1,59,53,0,6
1990,"JEFFERSON",30043,16,15,0,1,0,2,1,0,1,0,14,14,0,0
1991,"JEFFERSON",30043,17,17,0,0,0,1,1,0,0,0,16,16,0,0
1992,"JEFFERSON",30043,21,21,0,0,0,2,2,0,0,0,19,19,0,0
1993,"JEFFERSON",30043,12,12,0,0,0,2,2,0,0,0,10,10,0,0
1994,"JEFFERSON",30043,16,15,0,0,1,1,1,0,0,0,15,14,0,1
1995,"JEFFERSON",30043,17,16,0,0,1,1,1,0,0,0,16,15,0,1
1996,"JEFFERSON",30043,24,21,0,0,3,1,1,0,0,0,23,20,0,3
1997,"JEFFERSON",30043,31,29,0,0,2,1,0,0,0,1,30,29,0,1
1998,"JEFFERSON",30043,25,22,1,0,2,4,2,1,0,1,21,20,0,1
1999,"JEFFERSON",30043,28,24,0,0,4,0,0,0,0,0,28,24,0,4
2000,"JEFFERSON",30043,37,36,0,0,1,0,0,0,0,0,37,36,0,1
2001,"JEFFERSON",30043,28,26,0,0,2,2,2,0,0,0,26,24,0,2
2002,"JEFFERSON",30043,38,38,0,0,0,3,3,0,0,0,35,35,0,0
2003,"JEFFERSON",30043,42,40,0,0,2,0,0,0,0,0,42,40,0,2
1990,"JUDITH BASIN",30045,3,2,1,0,0,1,0,1,0,0,2,2,0,0
1991,"JUDITH BASIN",30045,7,5,1,1,0,2,0,1,1,0,5,5,0,0
1992,"JUDITH BASIN",30045,4,3,0,1,0,2,1,0,1,0,2,2,0,0
1993,"JUDITH BASIN",30045,3,1,0,1,1,1,0,0,1,0,2,1,0,1
1994,"JUDITH BASIN",30045,3,2,0,0,1,0,0,0,0,0,3,2,0,1
1996,"JUDITH BASIN",30045,4,3,0,0,1,1,0,0,0,1,3,3,0,0
1997,"JUDITH BASIN",30045,1,1,0,0,0,0,0,0,0,0,1,1,0,0
1998,"JUDITH BASIN",30045,5,3,0,0,2,0,0,0,0,0,5,3,0,2
1999,"JUDITH BASIN",30045,6,5,0,0,1,0,0,0,0,0,6,5,0,1
2000,"JUDITH BASIN",30045,3,1,0,0,2,0,0,0,0,0,3,1,0,2
2002,"JUDITH BASIN",30045,2,1,0,0,1,0,0,0,0,0,2,1,0,1
2003,"JUDITH BASIN",30045,7,7,0,0,0,0,0,0,0,0,7,7,0,0
1990,"LAKE",30047,53,49,1,0,3,9,8,1,0,0,44,41,0,3
1991,"LAKE",30047,32,29,1,1,1,4,2,1,1,0,28,27,0,1
1992,"LAKE",30047,41,38,0,0,3,5,5,0,0,0,36,33,0,3
1993,"LAKE",30047,36,32,1,1,2,8,5,1,1,1,28,27,0,1
1994,"LAKE",30047,35,26,0,1,8,3,1,0,1,1,32,25,0,7
1995,"LAKE",30047,38,33,0,0,5,2,1,0,0,1,36,32,0,4
1996,"LAKE",30047,53,41,0,0,12,6,3,0,0,3,47,38,0,9
1997,"LAKE",30047,85,67,0,0,18,10,3,0,0,7,75,64,0,11
1998,"LAKE",30047,74,60,1,1,12,3,1,1,1,0,71,59,0,12
1999,"LAKE",30047,78,69,0,0,9,6,5,0,0,1,72,64,0,8
2000,"LAKE",30047,73,59,1,2,11,7,3,1,2,1,66,56,0,10
2001,"LAKE",30047,85,77,1,0,7,4,3,1,0,0,81,74,0,7
2002,"LAKE",30047,90,78,0,0,12,2,1,0,0,1,88,77,0,11
2003,"LAKE",30047,111,99,1,0,11,1,0,1,0,0,110,99,0,11
1990,"LEWIS AND CLARK",30049,117,113,0,0,4,9,8,0,0,1,108,105,0,3
1991,"LEWIS AND CLAR",30049,107,103,1,0,3,6,5,1,0,0,101,98,0,3
1992,"LEWIS AND CLAR",30049,145,136,2,0,7,9,6,2,0,1,136,130,0,6
1993,"LEWIS AND CLAR",30049,120,116,1,0,3,8,6,1,0,1,112,110,0,2
1994,"LEWIS AND CLAR",30049,119,118,0,0,1,5,5,0,0,0,114,113,0,1
1995,"LEWIS AND CLAR",30049,154,140,2,1,11,18,13,2,1,2,136,127,0,9
1996,"LEWIS AND CLAR",30049,198,184,0,0,14,6,5,0,0,1,192,179,0,13
1997,"LEWIS AND CLAR",30049,217,204,0,0,13,13,11,0,0,2,204,193,0,11
1998,"LEWIS AND CLAR",30049,213,195,3,0,15,7,5,2,0,0,206,190,1,15
1999,"LEWIS AND CLARK",30049,206,193,1,1,11,7,5,1,1,0,199,188,0,11
2000,"LEWIS AND CLAR",30049,218,208,0,0,10,5,4,0,0,1,213,204,0,9
2001,"LEWIS AND CLAR",30049,303,280,1,1,21,7,4,1,1,1,296,276,0,20
2002,"LEWIS AND CLAR",30049,265,231,3,0,31,14,10,3,0,1,251,221,0,30
2003,"LEWIS AND CLAR",30049,298,268,2,1,27,8,4,2,1,1,290,264,0,26
1990,"LIBERTY",30051,3,2,0,1,0,1,0,0,1,0,2,2,0,0
1991,"LIBERTY",30051,2,1,1,0,0,2,1,1,0,0,0,0,0,0
1993,"LIBERTY",30051,5,3,0,2,0,2,0,0,2,0,3,3,0,0
1994,"LIBERTY",30051,1,1,0,0,0,1,1,0,0,0,0,0,0,0
1996,"LIBERTY",30051,3,1,0,0,2,0,0,0,0,0,3,1,0,2
1997,"LIBERTY",30051,6,6,0,0,0,0,0,0,0,0,6,6,0,0
1998,"LIBERTY",30051,2,2,0,0,0,0,0,0,0,0,2,2,0,0
1999,"LIBERTY",30051,3,3,0,0,0,0,0,0,0,0,3,3,0,0
2000,"LIBERTY",30051,1,1,0,0,0,0,0,0,0,0,1,1,0,0
2001,"LIBERTY",30051,2,2,0,0,0,0,0,0,0,0,2,2,0,0
2002,"LIBERTY",30051,5,4,0,0,1,0,0,0,0,0,5,4,0,1
2003,"LIBERTY",30051,2,2,0,0,0,0,0,0,0,0,2,2,0,0
1990,"LINCOLN",30053,44,38,1,0,5,2,1,1,0,0,42,37,0,5
1991,"LINCOLN",30053,51,41,4,0,6,7,1,4,0,2,44,40,0,4
1992,"LINCOLN",30053,36,31,1,0,4,1,0,1,0,0,35,31,0,4
1993,"LINCOLN",30053,29,23,1,0,5,3,2,1,0,0,26,21,0,5
1994,"LINCOLN",30053,38,33,0,0,5,1,0,0,0,1,37,33,0,4
1995,"LINCOLN",30053,38,32,0,0,6,3,1,0,0,2,35,31,0,4
1996,"LINCOLN",30053,47,37,0,0,10,2,2,0,0,0,45,35,0,10
1997,"LINCOLN",30053,75,59,0,0,16,3,2,0,0,1,72,57,0,15
1998,"LINCOLN",30053,74,63,0,0,11,3,3,0,0,0,71,60,0,11
1999,"LINCOLN",30053,64,57,0,0,7,4,3,0,0,1,60,54,0,6
2000,"LINCOLN",30053,71,63,1,0,7,7,4,1,0,2,64,59,0,5
2001,"LINCOLN",30053,83,73,1,0,9,3,1,1,0,1,80,72,0,8
2002,"LINCOLN",30053,74,67,0,0,7,0,0,0,0,0,74,67,0,7
2003,"LINCOLN",30053,86,74,1,0,11,1,0,1,0,0,85,74,0,11
1990,"MCCONE",30055,4,1,0,3,0,3,0,0,3,0,1,1,0,0
1992,"MCCONE",30055,5,2,0,2,1,3,0,0,2,1,2,2,0,0
1993,"MCCONE",30055,2,2,0,0,0,0,0,0,0,0,2,2,0,0
1994,"MCCONE",30055,1,1,0,0,0,0,0,0,0,0,1,1,0,0
1995,"MCCONE",30055,1,0,0,1,0,1,0,0,1,0,0,0,0,0
1997,"MCCONE",30055,7,6,0,0,1,1,0,0,0,1,6,6,0,0
1998,"MCCONE",30055,4,4,0,0,0,0,0,0,0,0,4,4,0,0
1999,"MCCONE",30055,3,2,0,1,0,1,0,0,1,0,2,2,0,0
2000,"MCCONE",30055,2,2,0,0,0,0,0,0,0,0,2,2,0,0
2001,"MCCONE",30055,7,7,0,0,0,0,0,0,0,0,7,7,0,0
2002,"MCCONE",30055,5,5,0,0,0,0,0,0,0,0,5,5,0,0
2003,"MCCONE",30055,5,4,0,1,0,1,0,0,1,0,4,4,0,0
1990,"MADISON",30057,8,4,1,1,2,2,0,1,1,0,6,4,0,2
1991,"MADISON",30057,7,5,0,1,1,2,1,0,1,0,5,4,0,1
1992,"MADISON",30057,5,3,0,0,2,3,2,0,0,1,2,1,0,1
1993,"MADISON",30057,11,9,0,2,0,4,2,0,2,0,7,7,0,0
1994,"MADISON",30057,7,6,0,0,1,1,0,0,0,1,6,6,0,0
1995,"MADISON",30057,9,7,0,2,0,2,0,0,2,0,7,7,0,0
1996,"MADISON",30057,12,11,1,0,0,2,1,1,0,0,10,10,0,0
1997,"MADISON",30057,20,16,0,1,3,3,2,0,1,0,17,14,0,3
1998,"MADISON",30057,16,13,2,0,1,2,0,2,0,0,14,13,0,1
1999,"MADISON",30057,18,18,0,0,0,3,3,0,0,0,15,15,0,0
2000,"MADISON",30057,20,18,0,0,2,0,0,0,0,0,20,18,0,2
2001,"MADISON",30057,22,19,0,0,3,0,0,0,0,0,22,19,0,3
2002,"MADISON",30057,18,17,0,0,1,1,1,0,0,0,17,16,0,1
2003,"MADISON",30057,21,19,0,1,1,1,0,0,1,0,20,19,0,1
1990,"MEAGHER",30059,8,5,0,0,3,2,0,0,0,2,6,5,0,1
1991,"MEAGHER",30059,6,5,0,0,1,3,3,0,0,0,3,2,0,1
1992,"MEAGHER",30059,5,4,0,0,1,0,0,0,0,0,5,4,0,1
1993,"MEAGHER",30059,3,3,0,0,0,0,0,0,0,0,3,3,0,0
1994,"MEAGHER",30059,5,5,0,0,0,0,0,0,0,0,5,5,0,0
1995,"MEAGHER",30059,5,5,0,0,0,0,0,0,0,0,5,5,0,0
1996,"MEAGHER",30059,6,4,0,1,1,1,0,0,1,0,5,4,0,1
1997,"MEAGHER",30059,10,7,0,0,3,1,0,0,0,1,9,7,0,2
1998,"MEAGHER",30059,7,4,1,0,2,3,1,1,0,1,4,3,0,1
1999,"MEAGHER",30059,6,6,0,0,0,0,0,0,0,0,6,6,0,0
2000,"MEAGHER",30059,6,6,0,0,0,0,0,0,0,0,6,6,0,0
2001,"MEAGHER",30059,6,6,0,0,0,0,0,0,0,0,6,6,0,0
2002,"MEAGHER",30059,14,11,0,0,3,0,0,0,0,0,14,11,0,3
2003,"MEAGHER",30059,3,3,0,0,0,0,0,0,0,0,3,3,0,0
1990,"MINERAL",30061,8,8,0,0,0,1,1,0,0,0,7,7,0,0
1991,"MINERAL",30061,13,10,0,0,3,1,1,0,0,0,12,9,0,3
1992,"MINERAL",30061,11,7,1,0,3,2,1,1,0,0,9,6,0,3
1993,"MINERAL",30061,13,12,0,0,1,1,1,0,0,0,12,11,0,1
1994,"MINERAL",30061,9,6,0,0,3,0,0,0,0,0,9,6,0,3
1995,"MINERAL",30061,11,7,0,0,4,0,0,0,0,0,11,7,0,4
1996,"MINERAL",30061,18,13,0,0,5,3,2,0,0,1,15,11,0,4
1997,"MINERAL",30061,15,12,0,0,3,1,1,0,0,0,14,11,0,3
1998,"MINERAL",30061,21,17,0,0,4,3,2,0,0,1,18,15,0,3
1999,"MINERAL",30061,18,12,0,0,6,1,1,0,0,0,17,11,0,6
2000,"MINERAL",30061,21,19,0,0,2,2,2,0,0,0,19,17,0,2
2001,"MINERAL",30061,29,24,0,0,5,2,2,0,0,0,27,22,0,5
2002,"MINERAL",30061,36,31,0,0,5,1,1,0,0,0,35,30,0,5
2003,"MINERAL",30061,36,31,0,0,5,2,1,0,0,1,34,30,0,4
1990,"MISSOULA",30063,242,210,5,0,27,17,10,5,0,2,225,200,0,25
1991,"MISSOULA",30063,278,239,2,0,37,14,7,2,0,5,264,232,0,32
1992,"MISSOULA",30063,256,193,7,2,54,25,15,6,2,2,231,178,1,52
1993,"MISSOULA",30063,244,169,3,0,72,20,6,3,0,11,224,163,0,61
1994,"MISSOULA",30063,211,146,2,0,63,15,8,1,0,6,196,138,1,57
1995,"MISSOULA",30063,275,200,0,1,74,13,6,0,1,6,262,194,0,68
1996,"MISSOULA",30063,315,249,1,0,65,24,16,1,0,7,291,233,0,58
1997,"MISSOULA",30063,375,300,3,0,72,27,14,2,0,11,348,286,1,61
1998,"MISSOULA",30063,406,335,0,0,71,15,15,0,0,0,391,320,0,71
1999,"MISSOULA",30063,411,363,4,0,44,13,8,4,0,1,398,355,0,43
2000,"MISSOULA",30063,354,319,0,0,35,13,10,0,0,3,341,309,0,32
2001,"MISSOULA",30063,492,438,3,0,51,19,14,3,0,2,473,424,0,49
2002,"MISSOULA",30063,520,456,5,0,59,21,12,5,0,4,499,444,0,55
2003,"MISSOULA",30063,516,467,5,0,44,16,10,5,0,1,500,457,0,43
1990,"MUSSELSHELL",30065,16,15,0,0,1,1,0,0,0,1,15,15,0,0
1991,"MUSSELSHELL",30065,15,12,0,0,3,3,1,0,0,2,12,11,0,1
1992,"MUSSELSHELL",30065,8,7,0,0,1,0,0,0,0,0,8,7,0,1
1993,"MUSSELSHELL",30065,14,13,0,0,1,3,3,0,0,0,11,10,0,1
1994,"MUSSELSHELL",30065,13,11,0,0,2,1,0,0,0,1,12,11,0,1
1995,"MUSSELSHELL",30065,14,11,0,0,3,0,0,0,0,0,14,11,0,3
1996,"MUSSELSHELL",30065,21,7,0,0,14,3,0,0,0,3,18,7,0,11
1997,"MUSSELSHELL",30065,16,9,0,0,7,3,1,0,0,2,13,8,0,5
1998,"MUSSELSHELL",30065,25,19,0,1,5,1,0,0,1,0,24,19,0,5
1999,"MUSSELSHELL",30065,21,20,0,0,1,0,0,0,0,0,21,20,0,1
2000,"MUSSELSHELL",30065,32,29,0,0,3,0,0,0,0,0,32,29,0,3
2001,"MUSSELSHELL",30065,24,23,0,0,1,0,0,0,0,0,24,23,0,1
2002,"MUSSELSHELL",30065,20,16,0,0,4,1,1,0,0,0,19,15,0,4
2003,"MUSSELSHELL",30065,25,25,0,0,0,0,0,0,0,0,25,25,0,0
1990,"PARK",30067,33,30,1,0,2,6,4,1,0,1,27,26,0,1
1991,"PARK",30067,24,20,0,0,4,3,1,0,0,2,21,19,0,2
1992,"PARK",30067,27,25,0,1,1,3,1,0,1,1,24,24,0,0
1993,"PARK",30067,23,21,1,0,1,5,4,1,0,0,18,17,0,1
1994,"PARK",30067,30,27,1,0,2,3,1,1,0,1,27,26,0,1
1995,"PARK",30067,24,24,0,0,0,0,0,0,0,0,24,24,0,0
1996,"PARK",30067,38,36,0,0,2,2,2,0,0,0,36,34,0,2
1997,"PARK",30067,66,62,0,0,4,5,3,0,0,2,61,59,0,2
1998,"PARK",30067,63,59,0,0,4,1,1,0,0,0,62,58,0,4
1999,"PARK",30067,69,66,0,0,3,7,6,0,0,1,62,60,0,2
2000,"PARK",30067,79,72,1,0,6,10,7,1,0,2,69,65,0,4
2001,"PARK",30067,104,99,1,0,4,4,4,0,0,0,100,95,1,4
2002,"PARK",30067,65,63,1,0,1,3,2,1,0,0,62,61,0,1
2003,"PARK",30067,91,86,1,0,4,0,0,0,0,0,91,86,1,4
1992,"PETROLEUM",30069,1,1,0,0,0,0,0,0,0,0,1,1,0,0
1993,"PETROLEUM",30069,1,1,0,0,0,0,0,0,0,0,1,1,0,0
1997,"PETROLEUM",30069,2,1,0,0,1,0,0,0,0,0,2,1,0,1
1998,"PETROLEUM",30069,1,1,0,0,0,0,0,0,0,0,1,1,0,0
1999,"PETROLEUM",30069,0,0,0,0,0,0,0,0,0,0,0,0,0,0
2001,"PETROLEUM",30069,1,1,0,0,0,0,0,0,0,0,1,1,0,0
2002,"PETROLEUM",30069,2,1,0,0,1,0,0,0,0,0,2,1,0,1
1990,"PHILLIPS",30071,7,3,0,2,2,2,0,0,2,0,5,3,0,2
1991,"PHILLIPS",30071,5,2,0,1,2,1,0,0,1,0,4,2,0,2
1992,"PHILLIPS",30071,9,7,0,2,0,2,0,0,2,0,7,7,0,0
1993,"PHILLIPS",30071,5,3,1,0,1,2,0,1,0,1,3,3,0,0
1994,"PHILLIPS",30071,8,5,0,2,1,3,0,0,2,1,5,5,0,0
1995,"PHILLIPS",30071,8,5,0,2,1,3,1,0,2,0,5,4,0,1
1996,"PHILLIPS",30071,10,3,0,3,4,4,0,0,3,1,6,3,0,3
1997,"PHILLIPS",30071,14,8,1,2,3,5,2,0,2,1,9,6,1,2
1998,"PHILLIPS",30071,9,6,1,0,2,1,0,1,0,0,8,6,0,2
1999,"PHILLIPS",30071,7,5,0,0,2,0,0,0,0,0,7,5,0,2
2000,"PHILLIPS",30071,8,7,0,0,1,0,0,0,0,0,8,7,0,1
2001,"PHILLIPS",30071,7,7,0,0,0,0,0,0,0,0,7,7,0,0
2002,"PHILLIPS",30071,10,8,0,0,2,1,1,0,0,0,9,7,0,2
2003,"PHILLIPS",30071,13,10,0,2,1,2,0,0,2,0,11,10,0,1
1990,"PONDERA",30073,4,4,0,0,0,0,0,0,0,0,4,4,0,0
1991,"PONDERA",30073,10,7,0,1,2,1,0,0,1,0,9,7,0,2
1992,"PONDERA",30073,10,6,2,1,1,4,1,2,1,0,6,5,0,1
1993,"PONDERA",30073,8,5,0,1,2,3,1,0,1,1,5,4,0,1
1994,"PONDERA",30073,7,5,0,1,1,2,0,0,1,1,5,5,0,0
1995,"PONDERA",30073,13,10,0,0,3,0,0,0,0,0,13,10,0,3
1996,"PONDERA",30073,14,12,0,0,2,1,0,0,0,1,13,12,0,1
1997,"PONDERA",30073,16,12,0,0,4,0,0,0,0,0,16,12,0,4
1998,"PONDERA",30073,19,12,0,3,4,3,0,0,3,0,16,12,0,4
1999,"PONDERA",30073,19,13,0,1,5,1,0,0,1,0,18,13,0,5
2000,"PONDERA",30073,16,15,0,0,1,0,0,0,0,0,16,15,0,1
2001,"PONDERA",30073,17,16,0,0,1,0,0,0,0,0,17,16,0,1
2002,"PONDERA",30073,24,18,0,0,6,0,0,0,0,0,24,18,0,6
2003,"PONDERA",30073,30,20,0,0,10,0,0,0,0,0,30,20,0,10
1990,"POWDER RIVER",30075,1,1,0,0,0,0,0,0,0,0,1,1,0,0
1992,"POWDER RIVER",30075,3,1,0,0,2,2,0,0,0,2,1,1,0,0
1993,"POWDER RIVER",30075,2,1,0,0,1,1,0,0,0,1,1,1,0,0
1994,"POWDER RIVER",30075,2,1,0,0,1,1,0,0,0,1,1,1,0,0
1995,"POWDER RIVER",30075,5,3,0,2,0,2,0,0,2,0,3,3,0,0
1997,"POWDER RIVER",30075,4,2,0,1,1,1,0,0,1,0,3,2,0,1
1998,"POWDER RIVER",30075,4,4,0,0,0,2,2,0,0,0,2,2,0,0
1999,"POWDER RIVER",30075,6,5,0,1,0,2,1,0,1,0,4,4,0,0
2000,"POWDER RIVER",30075,1,0,0,0,1,0,0,0,0,0,1,0,0,1
2003,"POWDER RIVER",30075,6,6,0,0,0,0,0,0,0,0,6,6,0,0
1990,"POWELL",30077,15,14,1,0,0,1,0,1,0,0,14,14,0,0
1991,"POWELL",30077,15,12,3,0,0,3,1,2,0,0,12,11,1,0
1992,"POWELL",30077,17,17,0,0,0,2,2,0,0,0,15,15,0,0
1993,"POWELL",30077,25,24,0,0,1,2,2,0,0,0,23,22,0,1
1994,"POWELL",30077,13,12,0,0,1,0,0,0,0,0,13,12,0,1
1995,"POWELL",30077,10,9,0,0,1,0,0,0,0,0,10,9,0,1
1996,"POWELL",30077,19,15,0,0,4,2,0,0,0,2,17,15,0,2
1997,"POWELL",30077,34,25,0,1,8,3,2,0,1,0,31,23,0,8
1998,"POWELL",30077,30,25,0,0,5,2,2,0,0,0,28,23,0,5
1999,"POWELL",30077,22,21,0,0,1,1,1,0,0,0,21,20,0,1
2000,"POWELL",30077,13,13,0,0,0,0,0,0,0,0,13,13,0,0
2001,"POWELL",30077,18,18,0,0,0,0,0,0,0,0,18,18,0,0
2002,"POWELL",30077,36,35,0,0,1,0,0,0,0,0,36,35,0,1
2003,"POWELL",30077,28,26,0,1,1,1,0,0,1,0,27,26,0,1
1991,"PRAIRIE",30079,3,0,0,3,0,3,0,0,3,0,0,0,0,0
1992,"PRAIRIE",30079,1,0,0,0,1,0,0,0,0,0,1,0,0,1
1993,"PRAIRIE",30079,1,1,0,0,0,0,0,0,0,0,1,1,0,0
1996,"PRAIRIE",30079,2,2,0,0,0,0,0,0,0,0,2,2,0,0
1997,"PRAIRIE",30079,1,1,0,0,0,0,0,0,0,0,1,1,0,0
1998,"PRAIRIE",30079,2,2,0,0,0,1,1,0,0,0,1,1,0,0
1999,"PRAIRIE",30079,0,0,0,0,0,0,0,0,0,0,0,0,0,0
2000,"PRAIRIE",30079,1,1,0,0,0,0,0,0,0,0,1,1,0,0
2001,"PRAIRIE",30079,4,4,0,0,0,0,0,0,0,0,4,4,0,0
2002,"PRAIRIE",30079,5,5,0,0,0,0,0,0,0,0,5,5,0,0
2003,"PRAIRIE",30079,2,2,0,0,0,0,0,0,0,0,2,2,0,0
1990,"RAVALLI",30081,68,60,1,0,7,6,4,1,0,1,62,56,0,6
1991,"RAVALLI",30081,55,46,2,0,7,4,1,2,0,1,51,45,0,6
1992,"RAVALLI",30081,75,56,3,1,15,14,9,3,1,1,61,47,0,14
1993,"RAVALLI",30081,48,34,0,0,14,7,4,0,0,3,41,30,0,11
1994,"RAVALLI",30081,79,53,0,0,26,8,4,0,0,4,71,49,0,22
1995,"RAVALLI",30081,88,61,1,0,26,6,2,1,0,3,82,59,0,23
1996,"RAVALLI",30081,95,67,1,0,27,8,3,1,0,4,87,64,0,23
1997,"RAVALLI",30081,148,107,1,0,40,9,5,0,0,4,139,102,1,36
1998,"RAVALLI",30081,162,134,1,0,27,9,8,1,0,0,153,126,0,27
1999,"RAVALLI",30081,160,139,1,0,20,9,9,0,0,0,151,130,1,20
2000,"RAVALLI",30081,123,103,0,0,20,6,5,0,0,1,117,98,0,19
2001,"RAVALLI",30081,175,153,0,0,22,6,4,0,0,2,169,149,0,20
2002,"RAVALLI",30081,204,173,1,0,30,8,6,1,0,1,196,167,0,29
2003,"RAVALLI",30081,220,190,0,0,30,8,6,0,0,2,212,184,0,28
1990,"RICHLAND",30083,39,34,0,3,2,5,2,0,3,0,34,32,0,2
1991,"RICHLAND",30083,36,33,1,0,2,3,1,1,0,1,33,32,0,1
1992,"RICHLAND",30083,24,20,0,4,0,4,0,0,4,0,20,20,0,0
1993,"RICHLAND",30083,22,20,0,1,1,4,2,0,1,1,18,18,0,0
1994,"RICHLAND",30083,27,21,0,3,3,3,0,0,3,0,24,21,0,3
1995,"RICHLAND",30083,20,18,0,0,2,1,1,0,0,0,19,17,0,2
1996,"RICHLAND",30083,19,18,0,0,1,4,3,0,0,1,15,15,0,0
1997,"RICHLAND",30083,34,25,0,1,8,4,3,0,1,0,30,22,0,8
1998,"RICHLAND",30083,31,28,0,0,3,1,1,0,0,0,30,27,0,3
1999,"RICHLAND",30083,30,27,0,0,3,0,0,0,0,0,30,27,0,3
2000,"RICHLAND",30083,24,22,0,0,2,0,0,0,0,0,24,22,0,2
2001,"RICHLAND",30083,41,38,2,0,1,2,1,1,0,0,39,37,1,1
2002,"RICHLAND",30083,46,43,0,3,0,4,1,0,3,0,42,42,0,0
2003,"RICHLAND",30083,24,22,0,1,1,2,1,0,1,0,22,21,0,1
1990,"ROOSEVELT",30085,8,5,0,3,0,5,2,0,3,0,3,3,0,0
1991,"ROOSEVELT",30085,5,3,0,2,0,2,0,0,2,0,3,3,0,0
1992,"ROOSEVELT",30085,21,12,1,5,3,8,2,1,5,0,13,10,0,3
1993,"ROOSEVELT",30085,8,4,0,2,2,4,0,0,2,2,4,4,0,0
1994,"ROOSEVELT",30085,15,8,0,2,5,5,0,0,2,3,10,8,0,2
1995,"ROOSEVELT",30085,15,10,0,2,3,3,0,0,2,1,12,10,0,2
1996,"ROOSEVELT",30085,6,3,0,1,2,2,1,0,1,0,4,2,0,2
1997,"ROOSEVELT",30085,22,20,0,0,2,2,2,0,0,0,20,18,0,2
1998,"ROOSEVELT",30085,25,20,0,0,5,0,0,0,0,0,25,20,0,5
1999,"ROOSEVELT",30085,4,4,0,0,0,0,0,0,0,0,4,4,0,0
2000,"ROOSEVELT",30085,11,9,0,0,2,0,0,0,0,0,11,9,0,2
2001,"ROOSEVELT",30085,19,17,0,0,2,0,0,0,0,0,19,17,0,2
2002,"ROOSEVELT",30085,12,10,0,1,1,2,1,0,1,0,10,9,0,1
2003,"ROOSEVELT",30085,12,10,0,0,2,0,0,0,0,0,12,10,0,2
1990,"ROSEBUD",30087,11,8,2,0,1,2,0,2,0,0,9,8,0,1
1991,"ROSEBUD",30087,23,17,0,1,5,1,0,0,1,0,22,17,0,5
1992,"ROSEBUD",30087,22,19,1,2,0,5,2,1,2,0,17,17,0,0
1993,"ROSEBUD",30087,17,10,0,0,7,1,0,0,0,1,16,10,0,6
1994,"ROSEBUD",30087,18,15,0,0,3,1,1,0,0,0,17,14,0,3
1995,"ROSEBUD",30087,24,15,0,0,9,4,2,0,0,2,20,13,0,7
1996,"ROSEBUD",30087,22,16,0,0,6,2,1,0,0,1,20,15,0,5
1997,"ROSEBUD",30087,29,20,0,0,9,2,1,0,0,1,27,19,0,8
1998,"ROSEBUD",30087,26,21,0,0,5,4,4,0,0,0,22,17,0,5
1999,"ROSEBUD",30087,18,15,0,0,3,1,1,0,0,0,17,14,0,3
2000,"ROSEBUD",30087,11,9,0,0,2,0,0,0,0,0,11,9,0,2
2001,"ROSEBUD",30087,17,16,0,1,0,1,0,0,1,0,16,16,0,0
2002,"ROSEBUD",30087,14,12,0,0,2,0,0,0,0,0,14,12,0,2
2003,"ROSEBUD",30087,20,18,0,0,2,0,0,0,0,0,20,18,0,2
1990,"SANDERS",30089,12,12,0,0,0,0,0,0,0,0,12,12,0,0
1991,"SANDERS",30089,20,17,2,0,1,4,2,2,0,0,16,15,0,1
1992,"SANDERS",30089,13,9,0,0,4,0,0,0,0,0,13,9,0,4
1993,"SANDERS",30089,13,12,0,0,1,1,1,0,0,0,12,11,0,1
1994,"SANDERS",30089,15,8,1,2,4,6,1,1,2,2,9,7,0,2
1995,"SANDERS",30089,24,16,0,1,7,6,2,0,1,3,18,14,0,4
1996,"SANDERS",30089,34,26,2,0,6,4,2,2,0,0,30,24,0,6
1997,"SANDERS",30089,34,28,0,0,6,4,3,0,0,1,30,25,0,5
1998,"SANDERS",30089,43,41,0,0,2,3,3,0,0,0,40,38,0,2
1999,"SANDERS",30089,35,28,1,1,5,2,1,0,1,0,33,27,1,5
2000,"SANDERS",30089,26,21,0,0,5,3,0,0,0,3,23,21,0,2
2001,"SANDERS",30089,45,41,0,0,4,5,4,0,0,1,40,37,0,3
2002,"SANDERS",30089,37,36,0,0,1,0,0,0,0,0,37,36,0,1
2003,"SANDERS",30089,55,51,0,0,4,2,1,0,0,1,53,50,0,3
1990,"SHERIDAN",30091,6,3,0,2,1,2,0,0,2,0,4,3,0,1
1991,"SHERIDAN",30091,9,4,0,5,0,6,1,0,5,0,3,3,0,0
1992,"SHERIDAN",30091,12,7,0,4,1,5,1,0,4,0,7,6,0,1
1993,"SHERIDAN",30091,6,6,0,0,0,2,2,0,0,0,4,4,0,0
1994,"SHERIDAN",30091,5,4,0,1,0,1,0,0,1,0,4,4,0,0
1995,"SHERIDAN",30091,6,6,0,0,0,0,0,0,0,0,6,6,0,0
1996,"SHERIDAN",30091,4,3,0,0,1,0,0,0,0,0,4,3,0,1
1997,"SHERIDAN",30091,8,8,0,0,0,0,0,0,0,0,8,8,0,0
1998,"SHERIDAN",30091,8,7,0,0,1,1,1,0,0,0,7,6,0,1
1999,"SHERIDAN",30091,11,11,0,0,0,1,1,0,0,0,10,10,0,0
2000,"SHERIDAN",30091,6,5,0,0,1,0,0,0,0,0,6,5,0,1
2001,"SHERIDAN",30091,9,6,0,0,3,1,1,0,0,0,8,5,0,3
2002,"SHERIDAN",30091,11,10,0,0,1,0,0,0,0,0,11,10,0,1
2003,"SHERIDAN",30091,12,9,0,0,3,0,0,0,0,0,12,9,0,3
1990,"SILVER BOW",30093,60,53,1,0,6,6,4,1,0,1,54,49,0,5
1991,"SILVER BOW",30093,89,83,4,0,2,9,4,4,0,1,80,79,0,1
1992,"SILVER BOW",30093,74,70,1,0,3,3,2,1,0,0,71,68,0,3
1993,"SILVER BOW",30093,61,61,0,0,0,1,1,0,0,0,60,60,0,0
1994,"SILVER BOW",30093,55,55,0,0,0,3,3,0,0,0,52,52,0,0
1995,"SILVER BOW",30093,98,93,0,0,5,5,3,0,0,2,93,90,0,3
1996,"SILVER BOW",30093,108,104,0,0,4,3,3,0,0,0,105,101,0,4
1997,"SILVER BOW",30093,103,99,1,0,3,4,3,1,0,0,99,96,0,3
1998,"SILVER BOW",30093,125,119,1,0,5,4,3,1,0,0,121,116,0,5
1999,"SILVER BOW",30093,117,114,0,0,3,3,2,0,0,1,114,112,0,2
2000,"SILVER BOW",30093,127,121,1,0,5,1,0,1,0,0,126,121,0,5
2001,"SILVER BOW",30093,140,133,1,0,6,3,0,1,0,2,137,133,0,4
2002,"SILVER BOW",30093,158,154,1,0,3,1,0,1,0,0,157,154,0,3
2003,"SILVER BOW",30093,164,156,0,0,8,1,1,0,0,0,163,155,0,8
1990,"STILLWATER",30095,10,9,0,0,1,2,2,0,0,0,8,7,0,1
1991,"STILLWATER",30095,25,21,1,0,3,3,0,1,0,2,22,21,0,1
1992,"STILLWATER",30095,22,22,0,0,0,2,2,0,0,0,20,20,0,0
1993,"STILLWATER",30095,19,18,0,0,1,2,2,0,0,0,17,16,0,1
1994,"STILLWATER",30095,16,10,0,2,4,2,0,0,2,0,14,10,0,4
1995,"STILLWATER",30095,16,9,0,0,7,3,0,0,0,3,13,9,0,4
1996,"STILLWATER",30095,23,19,0,0,4,1,1,0,0,0,22,18,0,4
1997,"STILLWATER",30095,27,16,0,0,11,2,2,0,0,0,25,14,0,11
1998,"STILLWATER",30095,38,25,0,0,13,1,1,0,0,0,37,24,0,13
1999,"STILLWATER",30095,27,19,0,1,7,1,0,0,1,0,26,19,0,7
2000,"STILLWATER",30095,26,22,0,0,4,3,1,0,0,2,23,21,0,2
2001,"STILLWATER",30095,40,30,3,0,7,4,1,3,0,0,36,29,0,7
2002,"STILLWATER",30095,37,30,0,0,7,0,0,0,0,0,37,30,0,7
2003,"STILLWATER",30095,40,37,0,0,3,0,0,0,0,0,40,37,0,3
1990,"SWEET GRASS",30097,4,3,0,0,1,0,0,0,0,0,4,3,0,1
1991,"SWEET GRASS",30097,4,3,0,1,0,2,1,0,1,0,2,2,0,0
1992,"SWEET GRASS",30097,2,1,0,0,1,0,0,0,0,0,2,1,0,1
1993,"SWEET GRASS",30097,2,1,0,0,1,0,0,0,0,0,2,1,0,1
1994,"SWEET GRASS",30097,4,4,0,0,0,0,0,0,0,0,4,4,0,0
1995,"SWEET GRASS",30097,1,1,0,0,0,0,0,0,0,0,1,1,0,0
1996,"SWEET GRASS",30097,6,3,0,0,3,0,0,0,0,0,6,3,0,3
1997,"SWEET GRASS",30097,8,6,0,0,2,1,1,0,0,0,7,5,0,2
1998,"SWEET GRASS",30097,3,3,0,0,0,0,0,0,0,0,3,3,0,0
1999,"SWEET GRASS",30097,9,9,0,0,0,1,1,0,0,0,8,8,0,0
2000,"SWEET GRASS",30097,7,6,0,0,1,0,0,0,0,0,7,6,0,1
2001,"SWEET GRASS",30097,11,10,0,0,1,1,1,0,0,0,10,9,0,1
2002,"SWEET GRASS",30097,5,4,0,0,1,0,0,0,0,0,5,4,0,1
2003,"SWEET GRASS",30097,13,12,0,0,1,0,0,0,0,0,13,12,0,1
1990,"TETON",30099,6,4,0,1,1,2,0,0,1,1,4,4,0,0
1991,"TETON",30099,18,14,0,4,0,4,0,0,4,0,14,14,0,0
1992,"TETON",30099,6,6,0,0,0,1,1,0,0,0,5,5,0,0
1993,"TETON",30099,11,5,3,1,2,3,0,1,1,1,8,5,2,1
1994,"TETON",30099,7,5,0,0,2,0,0,0,0,0,7,5,0,2
1995,"TETON",30099,9,6,0,1,2,2,1,0,1,0,7,5,0,2
1996,"TETON",30099,16,10,1,0,5,2,0,1,0,1,14,10,0,4
1997,"TETON",30099,17,13,0,2,2,3,1,0,2,0,14,12,0,2
1998,"TETON",30099,13,10,0,0,3,1,1,0,0,0,12,9,0,3
1999,"TETON",30099,19,14,1,0,4,1,0,1,0,0,18,14,0,4
2000,"TETON",30099,13,11,0,0,2,0,0,0,0,0,13,11,0,2
2001,"TETON",30099,26,23,0,0,3,1,1,0,0,0,25,22,0,3
2002,"TETON",30099,16,13,0,0,3,2,2,0,0,0,14,11,0,3
2003,"TETON",30099,17,14,0,0,3,0,0,0,0,0,17,14,0,3
1990,"TOOLE",30101,6,5,0,1,0,1,0,0,1,0,5,5,0,0
1991,"TOOLE",30101,2,2,0,0,0,1,1,0,0,0,1,1,0,0
1992,"TOOLE",30101,7,7,0,0,0,1,1,0,0,0,6,6,0,0
1993,"TOOLE",30101,11,10,0,1,0,1,0,0,1,0,10,10,0,0
1994,"TOOLE",30101,4,1,0,0,3,0,0,0,0,0,4,1,0,3
1995,"TOOLE",30101,20,19,0,0,1,1,1,0,0,0,19,18,0,1
1996,"TOOLE",30101,20,15,1,1,3,3,1,1,1,0,17,14,0,3
1997,"TOOLE",30101,19,14,0,0,5,1,0,0,0,1,18,14,0,4
1998,"TOOLE",30101,17,17,0,0,0,0,0,0,0,0,17,17,0,0
1999,"TOOLE",30101,22,19,0,0,3,2,2,0,0,0,20,17,0,3
2000,"TOOLE",30101,14,14,0,0,0,2,2,0,0,0,12,12,0,0
2001,"TOOLE",30101,16,12,0,0,4,0,0,0,0,0,16,12,0,4
2002,"TOOLE",30101,16,12,0,0,4,0,0,0,0,0,16,12,0,4
2003,"TOOLE",30101,19,17,0,0,2,0,0,0,0,0,19,17,0,2
1990,"TREASURE",30103,1,1,0,0,0,0,0,0,0,0,1,1,0,0
1992,"TREASURE",30103,1,1,0,0,0,0,0,0,0,0,1,1,0,0
1993,"TREASURE",30103,2,0,2,0,0,2,0,2,0,0,0,0,0,0
1994,"TREASURE",30103,1,1,0,0,0,0,0,0,0,0,1,1,0,0
1995,"TREASURE",30103,3,3,0,0,0,0,0,0,0,0,3,3,0,0
1996,"TREASURE",30103,3,0,1,0,2,1,0,1,0,0,2,0,0,2
1997,"TREASURE",30103,2,2,0,0,0,0,0,0,0,0,2,2,0,0
1998,"TREASURE",30103,4,3,0,0,1,0,0,0,0,0,4,3,0,1
1999,"TREASURE",30103,1,1,0,0,0,0,0,0,0,0,1,1,0,0
2000,"TREASURE",30103,3,2,0,0,1,1,1,0,0,0,2,1,0,1
2001,"TREASURE",30103,2,2,0,0,0,0,0,0,0,0,2,2,0,0
2002,"TREASURE",30103,1,1,0,0,0,0,0,0,0,0,1,1,0,0
2003,"TREASURE",30103,1,1,0,0,0,0,0,0,0,0,1,1,0,0
1990,"VALLEY",30105,9,7,0,1,1,1,0,0,1,0,8,7,0,1
1991,"VALLEY",30105,12,9,0,2,1,4,1,0,2,1,8,8,0,0
1992,"VALLEY",30105,9,4,3,2,0,5,0,3,2,0,4,4,0,0
1993,"VALLEY",30105,10,9,0,1,0,3,2,0,1,0,7,7,0,0
1994,"VALLEY",30105,8,7,0,1,0,2,1,0,1,0,6,6,0,0
1995,"VALLEY",30105,9,9,0,0,0,1,1,0,0,0,8,8,0,0
1996,"VALLEY",30105,13,11,0,0,2,2,1,0,0,1,11,10,0,1
1997,"VALLEY",30105,12,8,1,0,3,4,0,1,0,3,8,8,0,0
1998,"VALLEY",30105,10,10,0,0,0,0,0,0,0,0,10,10,0,0
1999,"VALLEY",30105,19,14,0,0,5,1,1,0,0,0,18,13,0,5
2000,"VALLEY",30105,13,11,1,0,1,1,0,1,0,0,12,11,0,1
2001,"VALLEY",30105,20,16,0,0,4,2,2,0,0,0,18,14,0,4
2002,"VALLEY",30105,26,23,0,0,3,1,0,0,0,1,25,23,0,2
2003,"VALLEY",30105,17,14,1,0,2,1,0,1,0,0,16,14,0,2
1990,"WHEATLAND",30107,3,2,0,1,0,1,0,0,1,0,2,2,0,0
1991,"WHEATLAND",30107,3,1,0,0,2,1,0,0,0,1,2,1,0,1
1992,"WHEATLAND",30107,2,1,0,0,1,0,0,0,0,0,2,1,0,1
1993,"WHEATLAND",30107,3,2,0,0,1,1,1,0,0,0,2,1,0,1
1994,"WHEATLAND",30107,4,1,0,0,3,1,0,0,0,1,3,1,0,2
1995,"WHEATLAND",30107,7,6,0,0,1,1,0,0,0,1,6,6,0,0
1996,"WHEATLAND",30107,6,3,0,0,3,0,0,0,0,0,6,3,0,3
1997,"WHEATLAND",30107,8,6,0,0,2,0,0,0,0,0,8,6,0,2
1998,"WHEATLAND",30107,4,4,0,0,0,0,0,0,0,0,4,4,0,0
1999,"WHEATLAND",30107,6,5,0,0,1,0,0,0,0,0,6,5,0,1
2000,"WHEATLAND",30107,4,4,0,0,0,0,0,0,0,0,4,4,0,0
2001,"WHEATLAND",30107,8,8,0,0,0,1,1,0,0,0,7,7,0,0
2002,"WHEATLAND",30107,11,9,0,0,2,0,0,0,0,0,11,9,0,2
2003,"WHEATLAND",30107,5,4,0,0,1,0,0,0,0,0,5,4,0,1
1990,"WIBAUX",30109,2,2,0,0,0,0,0,0,0,0,2,2,0,0
1991,"WIBAUX",30109,3,2,1,0,0,1,0,1,0,0,2,2,0,0
1992,"WIBAUX",30109,2,0,0,2,0,2,0,0,2,0,0,0,0,0
1994,"WIBAUX",30109,1,0,0,1,0,1,0,0,1,0,0,0,0,0
1995,"WIBAUX",30109,3,2,0,1,0,1,0,0,1,0,2,2,0,0
1997,"WIBAUX",30109,1,1,0,0,0,0,0,0,0,0,1,1,0,0
1998,"WIBAUX",30109,2,1,0,0,1,0,0,0,0,0,2,1,0,1
1999,"WIBAUX",30109,3,2,0,0,1,1,0,0,0,1,2,2,0,0
2000,"WIBAUX",30109,3,3,0,0,0,0,0,0,0,0,3,3,0,0
2001,"WIBAUX",30109,4,4,0,0,0,1,1,0,0,0,3,3,0,0
2002,"WIBAUX",30109,1,1,0,0,0,0,0,0,0,0,1,1,0,0
2003,"WIBAUX",30109,1,0,0,0,1,0,0,0,0,0,1,0,0,1
1990,"YELLOWSTONE",30111,410,336,15,0,59,43,20,15,0,8,367,316,0,51
1991,"YELLOWSTONE",30111,495,415,13,1,65,30,14,13,1,1,465,401,0,64
1992,"YELLOWSTONE",30111,386,320,7,2,57,31,14,7,2,8,355,306,0,49
1993,"YELLOWSTONE",30111,424,347,4,0,73,32,20,4,0,8,392,327,0,65
1994,"YELLOWSTONE",30111,421,321,6,0,94,39,20,6,0,13,382,301,0,81
1995,"YELLOWSTONE",30111,456,363,3,0,90,34,20,3,0,11,422,343,0,79
1996,"YELLOWSTONE",30111,561,409,2,1,149,41,23,2,1,15,520,386,0,134
1997,"YELLOWSTONE",30111,756,490,2,0,264,54,29,1,0,24,702,461,1,240
1998,"YELLOWSTONE",30111,786,593,0,1,192,22,20,0,1,1,764,573,0,191
1999,"YELLOWSTONE",30111,594,466,2,0,126,14,12,2,0,0,580,454,0,126
2000,"YELLOWSTONE",30111,631,530,5,0,96,18,11,5,0,2,613,519,0,94
2001,"YELLOWSTONE",30111,693,593,3,0,97,16,11,2,0,3,677,582,1,94
2002,"YELLOWSTONE",30111,668,573,3,1,91,13,7,2,1,3,655,566,1,88
2003,"YELLOWSTONE",30111,780,675,2,1,102,13,7,2,1,3,767,668,0,99
1990,"ADAMS",31001,59,50,0,0,9,0,0,0,0,0,59,50,0,9
1991,"ADAMS",31001,72,69,0,0,3,2,2,0,0,0,70,67,0,3
1992,"ADAMS",31001,85,78,1,2,4,5,2,1,2,0,80,76,0,4
1993,"ADAMS",31001,65,57,1,0,7,2,1,1,0,0,63,56,0,7
1994,"ADAMS",31001,52,50,0,0,2,3,3,0,0,0,49,47,0,2
1995,"ADAMS",31001,51,47,0,0,4,4,3,0,0,1,47,44,0,3
1996,"ADAMS",31001,73,69,0,0,4,4,2,0,0,2,69,67,0,2
1997,"ADAMS",31001,98,96,0,1,1,4,3,0,1,0,94,93,0,1
1998,"ADAMS",31001,116,114,0,0,2,0,0,0,0,0,116,114,0,2
1999,"ADAMS",31001,88,83,0,2,3,2,0,0,2,0,86,83,0,3
2000,"ADAMS",31001,101,99,0,0,2,2,2,0,0,0,99,97,0,2
2001,"ADAMS",31001,140,136,0,0,4,3,3,0,0,0,137,133,0,4
2002,"ADAMS",31001,121,117,0,0,4,0,0,0,0,0,121,117,0,4
2003,"ADAMS",31001,139,136,0,0,3,7,6,0,0,1,132,130,0,2
1990,"ANTELOPE",31003,9,6,0,1,2,3,0,0,1,2,6,6,0,0
1991,"ANTELOPE",31003,7,3,0,2,2,2,0,0,2,0,5,3,0,2
1992,"ANTELOPE",31003,13,8,1,3,1,4,0,1,3,0,9,8,0,1
1993,"ANTELOPE",31003,14,6,1,2,5,4,1,1,2,0,10,5,0,5
1994,"ANTELOPE",31003,10,7,1,1,1,3,1,1,1,0,7,6,0,1
1995,"ANTELOPE",31003,16,14,0,2,0,2,0,0,2,0,14,14,0,0
1996,"ANTELOPE",31003,6,6,0,0,0,1,1,0,0,0,5,5,0,0
1997,"ANTELOPE",31003,22,16,1,4,1,8,3,1,4,0,14,13,0,1
1998,"ANTELOPE",31003,15,13,0,1,1,2,1,0,1,0,13,12,0,1
1999,"ANTELOPE",31003,10,9,0,1,0,1,0,0,1,0,9,9,0,0
2000,"ANTELOPE",31003,11,11,0,0,0,0,0,0,0,0,11,11,0,0
2001,"ANTELOPE",31003,8,6,0,1,1,1,0,0,1,0,7,6,0,1
2002,"ANTELOPE",31003,13,12,0,0,1,1,0,0,0,1,12,12,0,0
2003,"ANTELOPE",31003,26,21,0,4,1,6,2,0,4,0,20,19,0,1
1996,"ARTHUR",31005,3,2,0,0,1,2,1,0,0,1,1,1,0,0
1999,"ARTHUR",31005,0,0,0,0,0,0,0,0,0,0,0,0,0,0
2000,"ARTHUR",31005,2,0,0,1,1,1,0,0,1,0,1,0,0,1
2003,"ARTHUR",31005,3,3,0,0,0,0,0,0,0,0,3,3,0,0
1990,"BANNER",31007,1,1,0,0,0,0,0,0,0,0,1,1,0,0
1991,"BANNER",31007,2,2,0,0,0,0,0,0,0,0,2,2,0,0
1992,"BANNER",31007,1,1,0,0,0,0,0,0,0,0,1,1,0,0
1995,"BANNER",31007,1,1,0,0,0,0,0,0,0,0,1,1,0,0
1996,"BANNER",31007,7,5,0,2,0,4,2,0,2,0,3,3,0,0
1997,"BANNER",31007,3,3,0,0,0,0,0,0,0,0,3,3,0,0
1999,"BANNER",31007,1,1,0,0,0,0,0,0,0,0,1,1,0,0
2000,"BANNER",31007,2,1,0,0,1,0,0,0,0,0,2,1,0,1
2001,"BANNER",31007,1,1,0,0,0,0,0,0,0,0,1,1,0,0
2002,"BANNER",31007,1,0,0,0,1,0,0,0,0,0,1,0,0,1
2003,"BANNER",31007,1,1,0,0,0,0,0,0,0,0,1,1,0,0
1992,"BLAINE",31009,1,1,0,0,0,0,0,0,0,0,1,1,0,0
1993,"BLAINE",31009,1,1,0,0,0,0,0,0,0,0,1,1,0,0
1994,"BLAINE",31009,2,2,0,0,0,0,0,0,0,0,2,2,0,0
1995,"BLAINE",31009,1,1,0,0,0,1,1,0,0,0,0,0,0,0
1996,"BLAINE",31009,4,3,0,1,0,1,0,0,1,0,3,3,0,0
1997,"BLAINE",31009,2,2,0,0,0,0,0,0,0,0,2,2,0,0
1998,"BLAINE",31009,3,3,0,0,0,0,0,0,0,0,3,3,0,0
1999,"BLAINE",31009,0,0,0,0,0,0,0,0,0,0,0,0,0,0
2001,"BLAINE",31009,1,0,0,0,1,0,0,0,0,0,1,0,0,1
2002,"BLAINE",31009,1,1,0,0,0,0,0,0,0,0,1,1,0,0
2003,"BLAINE",31009,1,1,0,0,0,0,0,0,0,0,1,1,0,0
1990,"BOONE",31011,3,3,0,0,0,0,0,0,0,0,3,3,0,0
1991,"BOONE",31011,8,8,0,0,0,1,1,0,0,0,7,7,0,0
1992,"BOONE",31011,8,5,0,1,2,3,1,0,1,1,5,4,0,1
1993,"BOONE",31011,3,3,0,0,0,0,0,0,0,0,3,3,0,0
1994,"BOONE",31011,3,2,0,0,1,1,1,0,0,0,2,1,0,1
1995,"BOONE",31011,7,7,0,0,0,0,0,0,0,0,7,7,0,0
1996,"BOONE",31011,7,6,0,1,0,1,0,0,1,0,6,6,0,0
1997,"BOONE",31011,10,10,0,0,0,0,0,0,0,0,10,10,0,0
1998,"BOONE",31011,10,7,0,0,3,0,0,0,0,0,10,7,0,3
1999,"BOONE",31011,10,7,1,2,0,3,0,1,2,0,7,7,0,0
2000,"BOONE",31011,15,14,0,0,1,0,0,0,0,0,15,14,0,1
2001,"BOONE",31011,10,9,0,1,0,1,0,0,1,0,9,9,0,0
2002,"BOONE",31011,14,14,0,0,0,0,0,0,0,0,14,14,0,0
2003,"BOONE",31011,22,19,0,2,1,2,0,0,2,0,20,19,0,1
1990,"BOX BUTTE",31013,26,21,0,1,4,3,2,0,1,0,23,19,0,4
1991,"BOX BUTTE",31013,21,18,0,2,1,2,0,0,2,0,19,18,0,1
1992,"BOX BUTTE",31013,20,17,1,1,1,3,1,1,1,0,17,16,0,1
1993,"BOX BUTTE",31013,15,14,0,0,1,1,1,0,0,0,14,13,0,1
1994,"BOX BUTTE",31013,18,17,0,1,0,3,2,0,1,0,15,15,0,0
1995,"BOX BUTTE",31013,19,19,0,0,0,0,0,0,0,0,19,19,0,0
1996,"BOX BUTTE",31013,33,30,0,1,2,1,0,0,1,0,32,30,0,2
1997,"BOX BUTTE",31013,47,45,0,0,2,0,0,0,0,0,47,45,0,2
1998,"BOX BUTTE",31013,52,47,0,0,5,0,0,0,0,0,52,47,0,5
1999,"BOX BUTTE",31013,54,49,0,0,5,0,0,0,0,0,54,49,0,5
2000,"BOX BUTTE",31013,64,59,0,1,4,1,0,0,1,0,63,59,0,4
2001,"BOX BUTTE",31013,78,73,0,2,3,2,0,0,2,0,76,73,0,3
2002,"BOX BUTTE",31013,98,94,0,0,4,1,1,0,0,0,97,93,0,4
2003,"BOX BUTTE",31013,82,74,0,1,7,3,1,0,1,1,79,73,0,6
1990,"BOYD",31015,2,1,0,0,1,0,0,0,0,0,2,1,0,1
1991,"BOYD",31015,3,1,0,2,0,2,0,0,2,0,1,1,0,0
1992,"BOYD",31015,4,4,0,0,0,1,1,0,0,0,3,3,0,0
1993,"BOYD",31015,2,2,0,0,0,0,0,0,0,0,2,2,0,0
1995,"BOYD",31015,3,3,0,0,0,0,0,0,0,0,3,3,0,0
1996,"BOYD",31015,2,2,0,0,0,0,0,0,0,0,2,2,0,0
1997,"BOYD",31015,2,1,0,1,0,1,0,0,1,0,1,1,0,0
1998,"BOYD",31015,5,4,0,1,0,1,0,0,1,0,4,4,0,0
1999,"BOYD",31015,2,1,0,1,0,1,0,0,1,0,1,1,0,0
2000,"BOYD",31015,1,1,0,0,0,0,0,0,0,0,1,1,0,0
2001,"BOYD",31015,4,4,0,0,0,0,0,0,0,0,4,4,0,0
2002,"BOYD",31015,2,2,0,0,0,0,0,0,0,0,2,2,0,0
2003,"BOYD",31015,4,3,0,0,1,0,0,0,0,0,4,3,0,1
1990,"BROWN",31017,10,6,1,1,2,2,0,0,1,1,8,6,1,1
1991,"BROWN",31017,2,2,0,0,0,0,0,0,0,0,2,2,0,0
1992,"BROWN",31017,3,2,0,1,0,1,0,0,1,0,2,2,0,0
1993,"BROWN",31017,5,4,0,1,0,1,0,0,1,0,4,4,0,0
1994,"BROWN",31017,3,2,0,0,1,1,0,0,0,1,2,2,0,0
1995,"BROWN",31017,6,6,0,0,0,1,1,0,0,0,5,5,0,0
1996,"BROWN",31017,4,4,0,0,0,1,1,0,0,0,3,3,0,0
1997,"BROWN",31017,9,8,0,1,0,2,1,0,1,0,7,7,0,0
1998,"BROWN",31017,11,10,0,0,1,0,0,0,0,0,11,10,0,1
1999,"BROWN",31017,17,12,0,2,3,2,0,0,2,0,15,12,0,3
2000,"BROWN",31017,9,7,0,1,1,1,0,0,1,0,8,7,0,1
2001,"BROWN",31017,7,6,0,1,0,1,0,0,1,0,6,6,0,0
2002,"BROWN",31017,14,13,0,1,0,2,1,0,1,0,12,12,0,0
2003,"BROWN",31017,8,7,0,0,1,0,0,0,0,0,8,7,0,1
1990,"BUFFALO",31019,58,44,1,0,13,2,1,1,0,0,56,43,0,13
1991,"BUFFALO",31019,86,69,3,1,13,7,2,3,1,1,79,67,0,12
1992,"BUFFALO",31019,79,70,0,3,6,7,4,0,3,0,72,66,0,6
1993,"BUFFALO",31019,74,71,1,0,2,4,3,1,0,0,70,68,0,2
1994,"BUFFALO",31019,75,73,1,0,1,5,4,1,0,0,70,69,0,1
1995,"BUFFALO",31019,78,75,0,1,2,7,6,0,1,0,71,69,0,2
1996,"BUFFALO",31019,122,116,0,2,4,5,3,0,2,0,117,113,0,4
1997,"BUFFALO",31019,132,127,0,0,5,6,6,0,0,0,126,121,0,5
1998,"BUFFALO",31019,144,138,0,2,4,4,2,0,2,0,140,136,0,4
1999,"BUFFALO",31019,124,116,0,4,4,5,1,0,4,0,119,115,0,4
2000,"BUFFALO",31019,129,118,4,0,7,4,0,4,0,0,125,118,0,7
2001,"BUFFALO",31019,181,176,0,0,5,2,2,0,0,0,179,174,0,5
2002,"BUFFALO",31019,140,138,0,0,2,2,2,0,0,0,138,136,0,2
2003,"BUFFALO",31019,186,179,0,2,5,5,3,0,2,0,181,176,0,5
1990,"BURT",31021,18,11,0,0,7,2,1,0,0,1,16,10,0,6
1991,"BURT",31021,22,12,0,1,9,3,2,0,1,0,19,10,0,9
1992,"BURT",31021,17,13,1,1,2,3,1,1,1,0,14,12,0,2
1993,"BURT",31021,23,19,0,0,4,1,1,0,0,0,22,18,0,4
1994,"BURT",31021,16,13,0,0,3,0,0,0,0,0,16,13,0,3
1995,"BURT",31021,25,17,1,2,5,3,0,1,2,0,22,17,0,5
1996,"BURT",31021,21,14,0,2,5,2,0,0,2,0,19,14,0,5
1997,"BURT",31021,37,34,0,0,3,1,1,0,0,0,36,33,0,3
1998,"BURT",31021,27,20,0,1,6,1,0,0,1,0,26,20,0,6
1999,"BURT",31021,30,21,0,1,8,1,0,0,1,0,29,21,0,8
2000,"BURT",31021,29,17,0,1,11,1,0,0,1,0,28,17,0,11
2001,"BURT",31021,38,23,0,0,15,2,1,0,0,1,36,22,0,14
2002,"BURT",31021,33,24,1,1,7,4,0,1,1,2,29,24,0,5
2003,"BURT",31021,39,27,0,0,12,3,2,0,0,1,36,25,0,11
1990,"BUTLER",31023,11,4,0,2,5,2,0,0,2,0,9,4,0,5
1991,"BUTLER",31023,16,15,0,0,1,0,0,0,0,0,16,15,0,1
1992,"BUTLER",31023,6,5,0,0,1,1,1,0,0,0,5,4,0,1
1993,"BUTLER",31023,10,6,0,2,2,2,0,0,2,0,8,6,0,2
1994,"BUTLER",31023,15,11,0,1,3,1,0,0,1,0,14,11,0,3
1995,"BUTLER",31023,13,10,0,0,3,2,2,0,0,0,11,8,0,3
1996,"BUTLER",31023,20,15,0,1,4,2,1,0,1,0,18,14,0,4
1997,"BUTLER",31023,22,20,0,0,2,2,2,0,0,0,20,18,0,2
1998,"BUTLER",31023,19,17,0,0,2,0,0,0,0,0,19,17,0,2
1999,"BUTLER",31023,18,12,0,0,6,0,0,0,0,0,18,12,0,6
2000,"BUTLER",31023,20,16,0,0,4,0,0,0,0,0,20,16,0,4
2001,"BUTLER",31023,38,33,0,0,5,0,0,0,0,0,38,33,0,5
2002,"BUTLER",31023,23,16,0,0,7,0,0,0,0,0,23,16,0,7
2003,"BUTLER",31023,38,30,0,0,8,0,0,0,0,0,38,30,0,8
1990,"CASS",31025,50,33,0,0,17,1,0,0,0,1,49,33,0,16
1991,"CASS",31025,68,47,0,2,19,3,0,0,2,1,65,47,0,18
1992,"CASS",31025,71,51,1,1,18,5,2,1,1,1,66,49,0,17
1993,"CASS",31025,57,40,3,0,14,3,1,2,0,0,54,39,1,14
1994,"CASS",31025,38,35,0,0,3,1,1,0,0,0,37,34,0,3
1995,"CASS",31025,63,46,0,0,17,3,1,0,0,2,60,45,0,15
1996,"CASS",31025,92,73,0,0,19,1,0,0,0,1,91,73,0,18
1997,"CASS",31025,84,69,0,0,15,1,1,0,0,0,83,68,0,15
1998,"CASS",31025,95,84,0,0,11,0,0,0,0,0,95,84,0,11
1999,"CASS",31025,77,69,0,0,8,0,0,0,0,0,77,69,0,8
2000,"CASS",31025,83,72,0,0,11,0,0,0,0,0,83,72,0,11
2001,"CASS",31025,120,100,0,0,20,1,1,0,0,0,119,99,0,20
2002,"CASS",31025,114,87,0,0,27,1,1,0,0,0,113,86,0,27
2003,"CASS",31025,142,106,2,1,33,2,0,1,1,0,140,106,1,33
1990,"CEDAR",31027,4,3,0,1,0,2,1,0,1,0,2,2,0,0
1991,"CEDAR",31027,7,5,0,1,1,1,0,0,1,0,6,5,0,1
1992,"CEDAR",31027,10,4,0,3,3,5,0,0,3,2,5,4,0,1
1993,"CEDAR",31027,8,6,0,0,2,0,0,0,0,0,8,6,0,2
1994,"CEDAR",31027,11,11,0,0,0,1,1,0,0,0,10,10,0,0
1995,"CEDAR",31027,11,9,1,1,0,2,0,1,1,0,9,9,0,0
1996,"CEDAR",31027,13,13,0,0,0,0,0,0,0,0,13,13,0,0
1997,"CEDAR",31027,12,9,0,0,3,0,0,0,0,0,12,9,0,3
1998,"CEDAR",31027,16,14,0,1,1,1,0,0,1,0,15,14,0,1
1999,"CEDAR",31027,6,6,0,0,0,0,0,0,0,0,6,6,0,0
2000,"CEDAR",31027,20,17,0,1,2,1,0,0,1,0,19,17,0,2
2001,"CEDAR",31027,22,18,0,2,2,2,0,0,2,0,20,18,0,2
2002,"CEDAR",31027,25,24,0,0,1,1,0,0,0,1,24,24,0,0
2003,"CEDAR",31027,20,16,0,0,4,0,0,0,0,0,20,16,0,4
1990,"CHASE",31029,7,4,2,1,0,4,1,2,1,0,3,3,0,0
1991,"CHASE",31029,9,6,2,1,0,3,0,2,1,0,6,6,0,0
1992,"CHASE",31029,9,5,2,1,1,5,1,2,1,1,4,4,0,0
1993,"CHASE",31029,6,2,3,1,0,4,0,3,1,0,2,2,0,0
1994,"CHASE",31029,6,5,0,0,1,0,0,0,0,0,6,5,0,1
1995,"CHASE",31029,2,2,0,0,0,0,0,0,0,0,2,2,0,0
1996,"CHASE",31029,9,7,0,1,1,4,2,0,1,1,5,5,0,0
1997,"CHASE",31029,8,5,0,1,2,4,2,0,1,1,4,3,0,1
1998,"CHASE",31029,10,9,0,1,0,1,0,0,1,0,9,9,0,0
1999,"CHASE",31029,10,8,0,0,2,0,0,0,0,0,10,8,0,2
2000,"CHASE",31029,20,18,0,1,1,1,0,0,1,0,19,18,0,1
2001,"CHASE",31029,15,12,0,0,3,0,0,0,0,0,15,12,0,3
2002,"CHASE",31029,7,6,0,0,1,0,0,0,0,0,7,6,0,1
2003,"CHASE",31029,11,9,0,1,1,2,1,0,1,0,9,8,0,1
1990,"CHERRY",31031,4,4,0,0,0,0,0,0,0,0,4,4,0,0
1991,"CHERRY",31031,5,3,0,0,2,0,0,0,0,0,5,3,0,2
1992,"CHERRY",31031,5,4,0,0,1,0,0,0,0,0,5,4,0,1
1993,"CHERRY",31031,8,7,0,1,0,2,1,0,1,0,6,6,0,0
1994,"CHERRY",31031,9,6,0,0,3,3,1,0,0,2,6,5,0,1
1995,"CHERRY",31031,6,6,0,0,0,0,0,0,0,0,6,6,0,0
1996,"CHERRY",31031,11,10,0,1,0,3,2,0,1,0,8,8,0,0
1997,"CHERRY",31031,13,12,0,1,0,2,1,0,1,0,11,11,0,0
1998,"CHERRY",31031,20,19,0,0,1,1,1,0,0,0,19,18,0,1
1999,"CHERRY",31031,14,11,0,2,1,2,0,0,2,0,12,11,0,1
2000,"CHERRY",31031,16,16,0,0,0,0,0,0,0,0,16,16,0,0
2001,"CHERRY",31031,16,15,0,0,1,0,0,0,0,0,16,15,0,1
2002,"CHERRY",31031,23,21,0,0,2,1,1,0,0,0,22,20,0,2
2003,"CHERRY",31031,24,17,0,5,2,7,0,0,5,2,17,17,0,0
1990,"CHEYENNE",31033,22,14,0,1,7,2,1,0,1,0,20,13,0,7
1991,"CHEYENNE",31033,18,13,0,0,5,3,3,0,0,0,15,10,0,5
1992,"CHEYENNE",31033,18,12,0,0,6,0,0,0,0,0,18,12,0,6
1993,"CHEYENNE",31033,18,14,0,2,2,2,0,0,2,0,16,14,0,2
1994,"CHEYENNE",31033,24,21,0,2,1,3,1,0,2,0,21,20,0,1
1995,"CHEYENNE",31033,13,12,0,1,0,1,0,0,1,0,12,12,0,0
1996,"CHEYENNE",31033,18,18,0,0,0,1,1,0,0,0,17,17,0,0
1997,"CHEYENNE",31033,25,23,0,1,1,3,2,0,1,0,22,21,0,1
1998,"CHEYENNE",31033,33,31,0,0,2,1,1,0,0,0,32,30,0,2
1999,"CHEYENNE",31033,29,23,0,1,5,1,0,0,1,0,28,23,0,5
2000,"CHEYENNE",31033,18,18,0,0,0,0,0,0,0,0,18,18,0,0
2001,"CHEYENNE",31033,31,29,0,0,2,0,0,0,0,0,31,29,0,2
2002,"CHEYENNE",31033,34,32,0,0,2,0,0,0,0,0,34,32,0,2
2003,"CHEYENNE",31033,41,37,0,1,3,2,0,0,1,1,39,37,0,2
1990,"CLAY",31035,23,17,0,5,1,6,1,0,5,0,17,16,0,1
1991,"CLAY",31035,11,6,1,0,4,1,0,1,0,0,10,6,0,4
1992,"CLAY",31035,20,19,0,0,1,4,4,0,0,0,16,15,0,1
1993,"CLAY",31035,19,18,0,0,1,1,1,0,0,0,18,17,0,1
1994,"CLAY",31035,16,16,0,0,0,2,2,0,0,0,14,14,0,0
1995,"CLAY",31035,20,19,0,0,1,4,4,0,0,0,16,15,0,1
1996,"CLAY",31035,27,26,0,0,1,1,1,0,0,0,26,25,0,1
1997,"CLAY",31035,28,26,0,1,1,1,0,0,1,0,27,26,0,1
1998,"CLAY",31035,24,21,0,1,2,1,0,0,1,0,23,21,0,2
1999,"CLAY",31035,16,13,0,2,1,2,0,0,2,0,14,13,0,1
2000,"CLAY",31035,28,26,0,0,2,0,0,0,0,0,28,26,0,2
2001,"CLAY",31035,35,30,1,0,4,1,0,1,0,0,34,30,0,4
2002,"CLAY",31035,33,33,0,0,0,0,0,0,0,0,33,33,0,0
2003,"CLAY",31035,31,29,2,0,0,2,0,2,0,0,29,29,0,0
1990,"COLFAX",31037,27,18,0,5,4,6,0,0,5,1,21,18,0,3
1991,"COLFAX",31037,17,10,1,2,4,3,0,1,2,0,14,10,0,4
1992,"COLFAX",31037,20,15,0,3,2,4,0,0,3,1,16,15,0,1
1993,"COLFAX",31037,17,14,1,0,2,1,0,1,0,0,16,14,0,2
1994,"COLFAX",31037,17,15,0,0,2,0,0,0,0,0,17,15,0,2
1995,"COLFAX",31037,14,11,0,1,2,1,0,0,1,0,13,11,0,2
1996,"COLFAX",31037,20,14,0,5,1,5,0,0,5,0,15,14,0,1
1997,"COLFAX",31037,24,20,0,0,4,0,0,0,0,0,24,20,0,4
1998,"COLFAX",31037,15,15,0,0,0,0,0,0,0,0,15,15,0,0
1999,"COLFAX",31037,13,10,0,0,3,0,0,0,0,0,13,10,0,3
2000,"COLFAX",31037,20,14,0,0,6,0,0,0,0,0,20,14,0,6
2001,"COLFAX",31037,27,22,0,0,5,0,0,0,0,0,27,22,0,5
2002,"COLFAX",31037,29,20,2,1,6,3,0,2,1,0,26,20,0,6
2003,"COLFAX",31037,38,27,0,2,9,5,2,0,2,1,33,25,0,8
1990,"CUMING",31039,14,10,0,2,2,3,1,0,2,0,11,9,0,2
1991,"CUMING",31039,14,12,0,0,2,1,0,0,0,1,13,12,0,1
1992,"CUMING",31039,12,5,0,4,3,4,0,0,4,0,8,5,0,3
1993,"CUMING",31039,14,11,2,0,1,2,0,2,0,0,12,11,0,1
1994,"CUMING",31039,9,8,0,1,0,2,1,0,1,0,7,7,0,0
1995,"CUMING",31039,9,8,0,0,1,0,0,0,0,0,9,8,0,1
1996,"CUMING",31039,19,14,0,1,4,2,1,0,1,0,17,13,0,4
1997,"CUMING",31039,18,16,0,0,2,1,1,0,0,0,17,15,0,2
1998,"CUMING",31039,16,13,1,0,2,1,0,1,0,0,15,13,0,2
1999,"CUMING",31039,15,11,0,3,1,3,0,0,3,0,12,11,0,1
2000,"CUMING",31039,21,21,0,0,0,0,0,0,0,0,21,21,0,0
2001,"CUMING",31039,25,17,0,0,8,0,0,0,0,0,25,17,0,8
2002,"CUMING",31039,17,12,0,0,5,0,0,0,0,0,17,12,0,5
2003,"CUMING",31039,25,20,0,0,5,1,1,0,0,0,24,19,0,5
1990,"CUSTER",31041,12,10,2,0,0,2,0,2,0,0,10,10,0,0
1991,"CUSTER",31041,10,7,1,0,2,1,0,1,0,0,9,7,0,2
1992,"CUSTER",31041,24,18,2,1,3,5,1,2,1,1,19,17,0,2
1993,"CUSTER",31041,12,9,0,2,1,4,2,0,2,0,8,7,0,1
1994,"CUSTER",31041,22,19,0,3,0,3,0,0,3,0,19,19,0,0
1995,"CUSTER",31041,25,20,0,3,2,8,4,0,3,1,17,16,0,1
1996,"CUSTER",31041,24,20,1,2,1,4,1,1,2,0,20,19,0,1
1997,"CUSTER",31041,30,27,0,2,1,3,1,0,2,0,27,26,0,1
1998,"CUSTER",31041,36,29,0,3,4,4,1,0,3,0,32,28,0,4
1999,"CUSTER",31041,32,24,0,5,3,6,0,0,5,1,26,24,0,2
2000,"CUSTER",31041,28,24,0,2,2,2,0,0,2,0,26,24,0,2
2001,"CUSTER",31041,38,35,0,2,1,4,2,0,2,0,34,33,0,1
2002,"CUSTER",31041,37,33,1,0,3,0,0,0,0,0,37,33,1,3
2003,"CUSTER",31041,38,36,0,0,2,1,1,0,0,0,37,35,0,2
1990,"DAKOTA",31043,60,57,0,1,2,8,6,0,1,1,52,51,0,1
1991,"DAKOTA",31043,59,57,0,0,2,6,6,0,0,0,53,51,0,2
1992,"DAKOTA",31043,45,42,0,0,3,3,2,0,0,1,42,40,0,2
1993,"DAKOTA",31043,44,42,0,0,2,2,2,0,0,0,42,40,0,2
1994,"DAKOTA",31043,50,48,0,0,2,2,2,0,0,0,48,46,0,2
1995,"DAKOTA",31043,63,59,0,0,4,1,1,0,0,0,62,58,0,4
1996,"DAKOTA",31043,73,72,0,0,1,1,1,0,0,0,72,71,0,1
1997,"DAKOTA",31043,88,85,0,0,3,3,3,0,0,0,85,82,0,3
1998,"DAKOTA",31043,89,87,0,0,2,3,3,0,0,0,86,84,0,2
1999,"DAKOTA",31043,66,66,0,0,0,1,1,0,0,0,65,65,0,0
2000,"DAKOTA",31043,66,61,0,0,5,2,1,0,0,1,64,60,0,4
2001,"DAKOTA",31043,94,91,0,0,3,2,2,0,0,0,92,89,0,3
2002,"DAKOTA",31043,85,82,0,0,3,1,1,0,0,0,84,81,0,3
2003,"DAKOTA",31043,101,98,0,0,3,2,2,0,0,0,99,96,0,3
1990,"DAWES",31045,5,5,0,0,0,3,3,0,0,0,2,2,0,0
1991,"DAWES",31045,23,21,0,2,0,5,3,0,2,0,18,18,0,0
1992,"DAWES",31045,10,7,0,1,2,2,0,0,1,1,8,7,0,1
1993,"DAWES",31045,10,9,0,0,1,1,1,0,0,0,9,8,0,1
1994,"DAWES",31045,12,11,0,1,0,2,1,0,1,0,10,10,0,0
1995,"DAWES",31045,5,5,0,0,0,0,0,0,0,0,5,5,0,0
1996,"DAWES",31045,10,10,0,0,0,1,1,0,0,0,9,9,0,0
1997,"DAWES",31045,15,14,0,1,0,3,2,0,1,0,12,12,0,0
1998,"DAWES",31045,15,15,0,0,0,1,1,0,0,0,14,14,0,0
1999,"DAWES",31045,15,15,0,0,0,0,0,0,0,0,15,15,0,0
2000,"DAWES",31045,16,16,0,0,0,0,0,0,0,0,16,16,0,0
2001,"DAWES",31045,22,17,3,0,2,3,0,3,0,0,19,17,0,2
2002,"DAWES",31045,23,20,0,0,3,1,1,0,0,0,22,19,0,3
2003,"DAWES",31045,31,26,0,0,5,0,0,0,0,0,31,26,0,5
1990,"DAWSON",31047,42,35,0,2,5,5,3,0,2,0,37,32,0,5
1991,"DAWSON",31047,44,40,1,1,2,5,3,1,1,0,39,37,0,2
1992,"DAWSON",31047,68,63,1,1,3,11,7,1,1,2,57,56,0,1
1993,"DAWSON",31047,50,48,0,0,2,2,2,0,0,0,48,46,0,2
1994,"DAWSON",31047,42,33,0,8,1,8,0,0,8,0,34,33,0,1
1995,"DAWSON",31047,42,37,0,4,1,7,3,0,4,0,35,34,0,1
1996,"DAWSON",31047,64,57,1,4,2,7,2,1,4,0,57,55,0,2
1997,"DAWSON",31047,66,58,0,4,4,7,3,0,4,0,59,55,0,4
1998,"DAWSON",31047,84,79,0,2,3,3,1,0,2,0,81,78,0,3
1999,"DAWSON",31047,83,79,0,2,2,2,0,0,2,0,81,79,0,2
2000,"DAWSON",31047,52,50,0,0,2,0,0,0,0,0,52,50,0,2
2001,"DAWSON",31047,94,91,0,0,3,0,0,0,0,0,94,91,0,3
2002,"DAWSON",31047,125,115,0,3,7,4,1,0,3,0,121,114,0,7
2003,"DAWSON",31047,123,111,2,4,6,11,4,2,4,1,112,107,0,5
1990,"DEUEL",31049,2,2,0,0,0,1,1,0,0,0,1,1,0,0
1991,"DEUEL",31049,4,2,0,2,0,3,1,0,2,0,1,1,0,0
1992,"DEUEL",31049,4,3,0,1,0,1,0,0,1,0,3,3,0,0
1993,"DEUEL",31049,1,0,0,1,0,1,0,0,1,0,0,0,0,0
1994,"DEUEL",31049,1,1,0,0,0,0,0,0,0,0,1,1,0,0
1995,"DEUEL",31049,3,3,0,0,0,0,0,0,0,0,3,3,0,0
1996,"DEUEL",31049,4,3,0,0,1,0,0,0,0,0,4,3,0,1
1997,"DEUEL",31049,4,4,0,0,0,0,0,0,0,0,4,4,0,0
1998,"DEUEL",31049,8,6,0,1,1,1,0,0,1,0,7,6,0,1
1999,"DEUEL",31049,7,6,0,0,1,1,0,0,0,1,6,6,0,0
2000,"DEUEL",31049,3,2,0,0,1,0,0,0,0,0,3,2,0,1
2001,"DEUEL",31049,8,8,0,0,0,0,0,0,0,0,8,8,0,0
2002,"DEUEL",31049,6,5,0,0,1,0,0,0,0,0,6,5,0,1
2003,"DEUEL",31049,10,9,0,0,1,0,0,0,0,0,10,9,0,1
1990,"DIXON",31051,7,6,0,1,0,1,0,0,1,0,6,6,0,0
1991,"DIXON",31051,11,8,0,1,2,3,1,0,1,1,8,7,0,1
1992,"DIXON",31051,8,8,0,0,0,1,1,0,0,0,7,7,0,0
1993,"DIXON",31051,8,8,0,0,0,1,1,0,0,0,7,7,0,0
1994,"DIXON",31051,8,8,0,0,0,0,0,0,0,0,8,8,0,0
1995,"DIXON",31051,13,12,0,1,0,2,1,0,1,0,11,11,0,0
1996,"DIXON",31051,8,8,0,0,0,0,0,0,0,0,8,8,0,0
1997,"DIXON",31051,1,1,0,0,0,0,0,0,0,0,1,1,0,0
1998,"DIXON",31051,17,16,0,0,1,0,0,0,0,0,17,16,0,1
1999,"DIXON",31051,22,21,0,0,1,0,0,0,0,0,22,21,0,1
2000,"DIXON",31051,12,12,0,0,0,0,0,0,0,0,12,12,0,0
2001,"DIXON",31051,18,16,0,1,1,1,0,0,1,0,17,16,0,1
2002,"DIXON",31051,11,11,0,0,0,0,0,0,0,0,11,11,0,0
2003,"DIXON",31051,17,17,0,0,0,2,2,0,0,0,15,15,0,0
1990,"DODGE",31053,111,66,4,0,41,13,4,4,0,5,98,62,0,36
1991,"DODGE",31053,130,81,4,1,44,15,8,4,1,2,115,73,0,42
1992,"DODGE",31053,135,80,1,2,52,11,5,1,2,3,124,75,0,49
1993,"DODGE",31053,102,60,1,3,38,7,3,1,3,0,95,57,0,38
1994,"DODGE",31053,91,70,1,0,20,2,1,1,0,0,89,69,0,20
1995,"DODGE",31053,98,62,4,1,31,6,2,3,1,0,92,60,1,31
1996,"DODGE",31053,121,88,0,0,33,3,1,0,0,2,118,87,0,31
1997,"DODGE",31053,174,137,1,0,36,5,3,1,0,1,169,134,0,35
1998,"DODGE",31053,183,145,2,0,36,4,2,1,0,1,179,143,1,35
1999,"DODGE",31053,147,119,2,0,26,3,1,2,0,0,144,118,0,26
2000,"DODGE",31053,140,113,0,0,27,3,3,0,0,0,137,110,0,27
2001,"DODGE",31053,162,120,0,1,41,2,0,0,1,1,160,120,0,40
2002,"DODGE",31053,170,118,0,0,52,1,1,0,0,0,169,117,0,52
2003,"DODGE",31053,234,165,0,1,68,5,4,0,1,0,229,161,0,68
1990,"DOUGLAS",31055,1596,815,30,0,749,176,85,30,0,59,1420,730,0,690
1991,"DOUGLAS",31055,1788,1006,21,0,758,144,71,21,0,49,1644,935,0,709
1992,"DOUGLAS",31055,1667,1030,28,0,607,92,46,27,0,17,1575,984,1,590
1993,"DOUGLAS",31055,1447,996,17,0,433,63,38,15,0,9,1384,958,2,424
1994,"DOUGLAS",31055,1368,1007,10,0,351,39,22,9,0,8,1329,985,1,343
1995,"DOUGLAS",31055,1503,1125,3,1,374,32,20,3,1,8,1471,1105,0,366
1996,"DOUGLAS",31055,2071,1508,9,2,551,58,32,8,2,15,2013,1476,1,536
1997,"DOUGLAS",31055,2160,1603,8,0,547,58,35,8,0,13,2102,1568,0,534
1998,"DOUGLAS",31055,2180,1668,13,0,499,27,14,12,0,1,2153,1654,1,498
1999,"DOUGLAS",31055,1800,1393,8,1,398,22,13,8,1,0,1778,1380,0,398
2000,"DOUGLAS",31055,1879,1420,9,0,450,26,14,9,0,3,1853,1406,0,447
2001,"DOUGLAS",31055,2459,1848,17,0,594,42,21,16,0,5,2417,1827,1,589
2002,"DOUGLAS",31055,2743,1851,20,1,871,34,15,17,1,1,2709,1836,3,870
2003,"DOUGLAS",31055,2920,1968,11,0,941,35,20,10,0,5,2885,1948,1,936
1990,"DUNDY",31057,3,2,1,0,0,1,0,1,0,0,2,2,0,0
1991,"DUNDY",31057,5,3,0,1,1,2,1,0,1,0,3,2,0,1
1992,"DUNDY",31057,4,4,0,0,0,2,2,0,0,0,2,2,0,0
1993,"DUNDY",31057,4,2,1,0,1,1,0,1,0,0,3,2,0,1
1994,"DUNDY",31057,2,0,0,1,1,2,0,0,1,1,0,0,0,0
1995,"DUNDY",31057,4,3,1,0,0,2,1,1,0,0,2,2,0,0
1997,"DUNDY",31057,6,6,0,0,0,2,2,0,0,0,4,4,0,0
1998,"DUNDY",31057,5,3,0,1,1,1,0,0,1,0,4,3,0,1
1999,"DUNDY",31057,3,2,1,0,0,0,0,0,0,0,3,2,1,0
2000,"DUNDY",31057,4,3,0,0,1,1,0,0,0,1,3,3,0,0
2001,"DUNDY",31057,4,3,0,1,0,1,0,0,1,0,3,3,0,0
2002,"DUNDY",31057,7,6,0,0,1,0,0,0,0,0,7,6,0,1
2003,"DUNDY",31057,6,4,0,1,1,3,1,0,1,1,3,3,0,0
1990,"FILLMORE",31059,8,6,0,0,2,0,0,0,0,0,8,6,0,2
1991,"FILLMORE",31059,8,6,0,0,2,0,0,0,0,0,8,6,0,2
1992,"FILLMORE",31059,9,8,0,0,1,0,0,0,0,0,9,8,0,1
1993,"FILLMORE",31059,13,10,0,0,3,0,0,0,0,0,13,10,0,3
1994,"FILLMORE",31059,8,6,0,0,2,0,0,0,0,0,8,6,0,2
1995,"FILLMORE",31059,18,11,0,2,5,3,1,0,2,0,15,10,0,5
1996,"FILLMORE",31059,17,17,0,0,0,1,1,0,0,0,16,16,0,0
1997,"FILLMORE",31059,19,16,2,0,1,3,0,2,0,1,16,16,0,0
1998,"FILLMORE",31059,20,16,0,0,4,0,0,0,0,0,20,16,0,4
1999,"FILLMORE",31059,26,22,0,2,2,3,0,0,2,1,23,22,0,1
2000,"FILLMORE",31059,23,19,0,0,4,1,0,0,0,1,22,19,0,3
2001,"FILLMORE",31059,18,15,0,0,3,0,0,0,0,0,18,15,0,3
2002,"FILLMORE",31059,14,12,0,1,1,1,0,0,1,0,13,12,0,1
2003,"FILLMORE",31059,11,8,0,0,3,0,0,0,0,0,11,8,0,3
1990,"FRANKLIN",31061,9,8,1,0,0,1,0,1,0,0,8,8,0,0
1991,"FRANKLIN",31061,2,2,0,0,0,0,0,0,0,0,2,2,0,0
1992,"FRANKLIN",31061,4,4,0,0,0,0,0,0,0,0,4,4,0,0
1993,"FRANKLIN",31061,6,5,0,0,1,1,1,0,0,0,5,4,0,1
1994,"FRANKLIN",31061,11,9,0,1,1,1,0,0,1,0,10,9,0,1
1995,"FRANKLIN",31061,9,8,0,0,1,0,0,0,0,0,9,8,0,1
1996,"FRANKLIN",31061,13,11,0,2,0,3,1,0,2,0,10,10,0,0
1997,"FRANKLIN",31061,17,16,0,1,0,2,1,0,1,0,15,15,0,0
1998,"FRANKLIN",31061,11,11,0,0,0,1,1,0,0,0,10,10,0,0
1999,"FRANKLIN",31061,5,4,0,0,1,0,0,0,0,0,5,4,0,1
2000,"FRANKLIN",31061,7,6,0,0,1,0,0,0,0,0,7,6,0,1
2001,"FRANKLIN",31061,12,11,0,0,1,0,0,0,0,0,12,11,0,1
2002,"FRANKLIN",31061,12,12,0,0,0,0,0,0,0,0,12,12,0,0
2003,"FRANKLIN",31061,15,14,0,1,0,3,2,0,1,0,12,12,0,0
1990,"FRONTIER",31063,4,2,0,2,0,2,0,0,2,0,2,2,0,0
1991,"FRONTIER",31063,2,0,1,1,0,2,0,1,1,0,0,0,0,0
1992,"FRONTIER",31063,4,3,0,1,0,1,0,0,1,0,3,3,0,0
1993,"FRONTIER",31063,3,2,0,1,0,1,0,0,1,0,2,2,0,0
1994,"FRONTIER",31063,2,2,0,0,0,0,0,0,0,0,2,2,0,0
1995,"FRONTIER",31063,3,2,0,1,0,1,0,0,1,0,2,2,0,0
1996,"FRONTIER",31063,10,9,0,1,0,1,0,0,1,0,9,9,0,0
1997,"FRONTIER",31063,8,6,0,2,0,3,1,0,2,0,5,5,0,0
1998,"FRONTIER",31063,7,6,0,1,0,3,2,0,1,0,4,4,0,0
1999,"FRONTIER",31063,10,9,0,1,0,2,1,0,1,0,8,8,0,0
2000,"FRONTIER",31063,12,12,0,0,0,0,0,0,0,0,12,12,0,0
2001,"FRONTIER",31063,8,6,0,1,1,1,0,0,1,0,7,6,0,1
2002,"FRONTIER",31063,10,9,0,0,1,0,0,0,0,0,10,9,0,1
2003,"FRONTIER",31063,13,10,0,1,2,2,0,0,1,1,11,10,0,1
1990,"FURNAS",31065,9,4,1,2,2,3,0,1,2,0,6,4,0,2
1991,"FURNAS",31065,12,10,0,2,0,2,0,0,2,0,10,10,0,0
1992,"FURNAS",31065,14,12,0,2,0,4,2,0,2,0,10,10,0,0
1993,"FURNAS",31065,10,9,0,1,0,2,1,0,1,0,8,8,0,0
1994,"FURNAS",31065,10,8,0,1,1,1,0,0,1,0,9,8,0,1
1995,"FURNAS",31065,11,7,1,0,3,1,0,1,0,0,10,7,0,3
1996,"FURNAS",31065,7,7,0,0,0,3,3,0,0,0,4,4,0,0
1997,"FURNAS",31065,4,4,0,0,0,1,1,0,0,0,3,3,0,0
1998,"FURNAS",31065,11,9,0,1,1,2,1,0,1,0,9,8,0,1
1999,"FURNAS",31065,24,21,0,0,3,1,1,0,0,0,23,20,0,3
2000,"FURNAS",31065,11,10,0,0,1,0,0,0,0,0,11,10,0,1
2001,"FURNAS",31065,18,14,1,1,2,2,0,1,1,0,16,14,0,2
2002,"FURNAS",31065,24,18,0,4,2,5,0,0,4,1,19,18,0,1
2003,"FURNAS",31065,23,23,0,0,0,0,0,0,0,0,23,23,0,0
1990,"GAGE",31067,56,34,2,4,15,10,3,2,5,0,46,31,0,15
1991,"GAGE",31067,54,43,0,2,9,2,0,0,2,0,52,43,0,9
1992,"GAGE",31067,71,57,2,7,5,11,2,2,7,0,60,55,0,5
1993,"GAGE",31067,65,53,2,3,7,6,0,2,3,1,59,53,0,6
1994,"GAGE",31067,58,54,2,1,1,3,0,2,1,0,55,54,0,1
1995,"GAGE",31067,50,47,0,0,3,3,2,0,0,1,47,45,0,2
1996,"GAGE",31067,66,61,0,0,5,5,3,0,0,2,61,58,0,3
1997,"GAGE",31067,92,79,0,1,12,2,1,0,1,0,90,78,0,12
1998,"GAGE",31067,79,70,0,0,9,1,0,0,0,1,78,70,0,8
1999,"GAGE",31067,110,95,0,1,14,2,0,0,1,1,108,95,0,13
2000,"GAGE",31067,98,74,0,0,24,1,0,0,0,1,97,74,0,23
2001,"GAGE",31067,116,96,0,0,20,0,0,0,0,0,116,96,0,20
2002,"GAGE",31067,150,101,2,1,46,13,5,1,1,6,137,96,1,40
2003,"GAGE",31067,140,93,0,1,46,5,1,0,1,3,135,92,0,43
1990,"GARDEN",31069,7,6,0,1,0,2,1,0,1,0,5,5,0,0
1991,"GARDEN",31069,2,2,0,0,0,0,0,0,0,0,2,2,0,0
1992,"GARDEN",31069,4,3,0,1,0,1,0,0,1,0,3,3,0,0
1993,"GARDEN",31069,3,2,0,1,0,1,0,0,1,0,2,2,0,0
1994,"GARDEN",31069,4,4,0,0,0,0,0,0,0,0,4,4,0,0
1995,"GARDEN",31069,2,2,0,0,0,0,0,0,0,0,2,2,0,0
1996,"GARDEN",31069,4,4,0,0,0,0,0,0,0,0,4,4,0,0
1997,"GARDEN",31069,8,8,0,0,0,0,0,0,0,0,8,8,0,0
1998,"GARDEN",31069,1,1,0,0,0,0,0,0,0,0,1,1,0,0
1999,"GARDEN",31069,4,3,0,0,1,0,0,0,0,0,4,3,0,1
2000,"GARDEN",31069,2,2,0,0,0,0,0,0,0,0,2,2,0,0
2001,"GARDEN",31069,8,7,0,0,1,0,0,0,0,0,8,7,0,1
2002,"GARDEN",31069,7,6,0,0,1,0,0,0,0,0,7,6,0,1
2003,"GARDEN",31069,10,7,0,2,1,2,0,0,2,0,8,7,0,1
1990,"GARFIELD",31071,2,2,0,0,0,0,0,0,0,0,2,2,0,0
1991,"GARFIELD",31071,2,2,0,0,0,1,1,0,0,0,1,1,0,0
1992,"GARFIELD",31071,1,1,0,0,0,0,0,0,0,0,1,1,0,0
1993,"GARFIELD",31071,1,1,0,0,0,0,0,0,0,0,1,1,0,0
1994,"GARFIELD",31071,2,1,0,1,0,1,0,0,1,0,1,1,0,0
1995,"GARFIELD",31071,1,1,0,0,0,0,0,0,0,0,1,1,0,0
1996,"GARFIELD",31071,6,4,0,2,0,2,0,0,2,0,4,4,0,0
1997,"GARFIELD",31071,2,1,0,1,0,1,0,0,1,0,1,1,0,0
1998,"GARFIELD",31071,5,4,0,0,1,0,0,0,0,0,5,4,0,1
1999,"GARFIELD",31071,9,8,0,0,1,1,1,0,0,0,8,7,0,1
2000,"GARFIELD",31071,4,3,1,0,0,1,0,1,0,0,3,3,0,0
2001,"GARFIELD",31071,8,7,0,0,1,0,0,0,0,0,8,7,0,1
2002,"GARFIELD",31071,6,6,0,0,0,0,0,0,0,0,6,6,0,0
2003,"GARFIELD",31071,3,3,0,0,0,1,1,0,0,0,2,2,0,0
1990,"GOSPER",31073,4,2,0,2,0,2,0,0,2,0,2,2,0,0
1991,"GOSPER",31073,5,3,1,1,0,2,0,1,1,0,3,3,0,0
1992,"GOSPER",31073,2,2,0,0,0,1,1,0,0,0,1,1,0,0
1993,"GOSPER",31073,4,4,0,0,0,0,0,0,0,0,4,4,0,0
1994,"GOSPER",31073,4,4,0,0,0,0,0,0,0,0,4,4,0,0
1995,"GOSPER",31073,2,1,0,0,1,0,0,0,0,0,2,1,0,1
1996,"GOSPER",31073,3,3,0,0,0,0,0,0,0,0,3,3,0,0
1997,"GOSPER",31073,6,6,0,0,0,0,0,0,0,0,6,6,0,0
1998,"GOSPER",31073,9,7,0,1,1,1,0,0,1,0,8,7,0,1
1999,"GOSPER",31073,9,5,0,4,0,4,0,0,4,0,5,5,0,0
2000,"GOSPER",31073,6,4,2,0,0,1,0,1,0,0,5,4,1,0
2001,"GOSPER",31073,7,6,1,0,0,1,0,1,0,0,6,6,0,0
2002,"GOSPER",31073,15,12,0,0,3,1,1,0,0,0,14,11,0,3
2003,"GOSPER",31073,13,10,0,1,2,2,1,0,1,0,11,9,0,2
1991,"GRANT",31075,1,1,0,0,0,1,1,0,0,0,0,0,0,0
1993,"GRANT",31075,1,0,0,0,1,1,0,0,0,1,0,0,0,0
1994,"GRANT",31075,1,1,0,0,0,0,0,0,0,0,1,1,0,0
1996,"GRANT",31075,5,5,0,0,0,0,0,0,0,0,5,5,0,0
1997,"GRANT",31075,3,3,0,0,0,0,0,0,0,0,3,3,0,0
1998,"GRANT",31075,3,3,0,0,0,0,0,0,0,0,3,3,0,0
1999,"GRANT",31075,0,0,0,0,0,0,0,0,0,0,0,0,0,0
2000,"GRANT",31075,1,0,0,0,1,1,0,0,0,1,0,0,0,0
2001,"GRANT",31075,2,2,0,0,0,0,0,0,0,0,2,2,0,0
2002,"GRANT",31075,2,2,0,0,0,0,0,0,0,0,2,2,0,0
1990,"GREELEY",31077,4,2,0,1,1,1,0,0,1,0,3,2,0,1
1991,"GREELEY",31077,3,2,0,0,1,0,0,0,0,0,3,2,0,1
1992,"GREELEY",31077,8,2,0,5,1,5,0,0,5,0,3,2,0,1
1993,"GREELEY",31077,3,1,0,1,1,1,0,0,1,0,2,1,0,1
1994,"GREELEY",31077,4,4,0,0,0,1,1,0,0,0,3,3,0,0
1995,"GREELEY",31077,7,5,0,2,0,3,1,0,2,0,4,4,0,0
1996,"GREELEY",31077,8,6,0,1,1,1,0,0,1,0,7,6,0,1
1997,"GREELEY",31077,4,3,0,1,0,1,0,0,1,0,3,3,0,0
1998,"GREELEY",31077,10,9,0,0,1,0,0,0,0,0,10,9,0,1
1999,"GREELEY",31077,4,0,0,4,0,4,0,0,4,0,0,0,0,0
2000,"GREELEY",31077,6,4,0,1,1,1,0,0,1,0,5,4,0,1
2001,"GREELEY",31077,7,7,0,0,0,0,0,0,0,0,7,7,0,0
2002,"GREELEY",31077,9,7,0,2,0,2,0,0,2,0,7,7,0,0
2003,"GREELEY",31077,9,9,0,0,0,1,1,0,0,0,8,8,0,0
1990,"HALL",31079,93,77,2,0,14,5,2,2,0,1,88,75,0,13
1991,"HALL",31079,124,106,4,1,13,10,5,4,1,0,114,101,0,13
1992,"HALL",31079,127,114,0,2,11,8,6,0,2,0,119,108,0,11
1993,"HALL",31079,89,80,2,1,6,9,6,2,1,0,80,74,0,6
1994,"HALL",31079,95,89,0,0,6,6,5,0,0,1,89,84,0,5
1995,"HALL",31079,139,126,1,5,7,12,5,1,5,1,127,121,0,6
1996,"HALL",31079,192,183,1,1,7,7,4,1,1,1,185,179,0,6
1997,"HALL",31079,202,190,1,1,10,6,3,1,1,1,196,187,0,9
1998,"HALL",31079,205,194,0,0,11,0,0,0,0,0,205,194,0,11
1999,"HALL",31079,216,201,3,4,8,7,1,2,4,0,209,200,1,8
2000,"HALL",31079,222,213,1,0,8,2,1,1,0,0,220,212,0,8
2001,"HALL",31079,303,292,1,1,9,3,1,1,1,0,300,291,0,9
2002,"HALL",31079,206,192,0,0,14,1,1,0,0,0,205,191,0,14
2003,"HALL",31079,241,227,0,1,13,8,6,0,1,1,233,221,0,12
1990,"HAMILTON",31081,11,9,0,1,1,1,0,0,1,0,10,9,0,1
1991,"HAMILTON",31081,15,10,0,2,3,2,0,0,2,0,13,10,0,3
1992,"HAMILTON",31081,15,9,0,0,6,1,0,0,0,1,14,9,0,5
1993,"HAMILTON",31081,17,14,0,1,2,2,1,0,1,0,15,13,0,2
1994,"HAMILTON",31081,16,15,0,0,1,0,0,0,0,0,16,15,0,1
1995,"HAMILTON",31081,11,11,0,0,0,0,0,0,0,0,11,11,0,0
1996,"HAMILTON",31081,20,17,0,0,3,0,0,0,0,0,20,17,0,3
1997,"HAMILTON",31081,22,21,0,0,1,1,1,0,0,0,21,20,0,1
1998,"HAMILTON",31081,32,30,0,1,1,3,2,0,1,0,29,28,0,1
1999,"HAMILTON",31081,26,22,0,2,2,2,0,0,2,0,24,22,0,2
2000,"HAMILTON",31081,30,30,0,0,0,0,0,0,0,0,30,30,0,0
2001,"HAMILTON",31081,17,17,0,0,0,0,0,0,0,0,17,17,0,0
2002,"HAMILTON",31081,41,37,0,0,4,1,1,0,0,0,40,36,0,4
2003,"HAMILTON",31081,45,40,0,0,5,0,0,0,0,0,45,40,0,5
1990,"HARLAN",31083,6,3,0,3,0,4,1,0,3,0,2,2,0,0
1991,"HARLAN",31083,8,5,0,1,2,1,0,0,1,0,7,5,0,2
1992,"HARLAN",31083,6,5,0,1,0,1,0,0,1,0,5,5,0,0
1993,"HARLAN",31083,9,7,0,1,1,2,0,0,1,1,7,7,0,0
1994,"HARLAN",31083,8,7,0,1,0,1,0,0,1,0,7,7,0,0
1995,"HARLAN",31083,6,3,1,0,2,3,1,1,0,1,3,2,0,1
1996,"HARLAN",31083,8,8,0,0,0,0,0,0,0,0,8,8,0,0
1997,"HARLAN",31083,16,16,0,0,0,1,1,0,0,0,15,15,0,0
1998,"HARLAN",31083,5,5,0,0,0,0,0,0,0,0,5,5,0,0
1999,"HARLAN",31083,15,12,2,0,1,3,0,2,0,1,12,12,0,0
2000,"HARLAN",31083,7,5,0,0,2,0,0,0,0,0,7,5,0,2
2001,"HARLAN",31083,9,7,0,0,2,0,0,0,0,0,9,7,0,2
2002,"HARLAN",31083,9,9,0,0,0,0,0,0,0,0,9,9,0,0
2003,"HARLAN",31083,11,9,0,0,2,2,1,0,0,1,9,8,0,1
1991,"HAYES",31085,1,1,0,0,0,0,0,0,0,0,1,1,0,0
1992,"HAYES",31085,2,1,0,0,1,1,1,0,0,0,1,0,0,1
1993,"HAYES",31085,3,3,0,0,0,1,1,0,0,0,2,2,0,0
1994,"HAYES",31085,3,2,0,1,0,1,0,0,1,0,2,2,0,0
1995,"HAYES",31085,1,1,0,0,0,1,1,0,0,0,0,0,0,0
1996,"HAYES",31085,1,1,0,0,0,0,0,0,0,0,1,1,0,0
1998,"HAYES",31085,2,1,0,1,0,1,0,0,1,0,1,1,0,0
1999,"HAYES",31085,0,0,0,0,0,0,0,0,0,0,0,0,0,0
2000,"HAYES",31085,1,1,0,0,0,0,0,0,0,0,1,1,0,0
2001,"HAYES",31085,1,0,1,0,0,1,0,1,0,0,0,0,0,0
2002,"HAYES",31085,2,0,2,0,0,2,0,2,0,0,0,0,0,0
2003,"HAYES",31085,2,2,0,0,0,1,1,0,0,0,1,1,0,0
1990,"HITCHCOCK",31087,5,1,0,1,3,1,0,0,1,0,4,1,0,3
1991,"HITCHCOCK",31087,4,3,0,1,0,1,0,0,1,0,3,3,0,0
1992,"HITCHCOCK",31087,8,4,1,1,2,2,0,1,1,0,6,4,0,2
1993,"HITCHCOCK",31087,4,3,0,0,1,0,0,0,0,0,4,3,0,1
1994,"HITCHCOCK",31087,7,5,0,2,0,2,0,0,2,0,5,5,0,0
1995,"HITCHCOCK",31087,5,3,0,1,1,3,1,0,1,1,2,2,0,0
1996,"HITCHCOCK",31087,7,7,0,0,0,1,1,0,0,0,6,6,0,0
1997,"HITCHCOCK",31087,10,6,0,0,4,1,0,0,0,1,9,6,0,3
1998,"HITCHCOCK",31087,6,5,0,0,1,0,0,0,0,0,6,5,0,1
1999,"HITCHCOCK",31087,6,4,0,2,0,2,0,0,2,0,4,4,0,0
2000,"HITCHCOCK",31087,10,8,0,2,0,2,0,0,2,0,8,8,0,0
2001,"HITCHCOCK",31087,11,9,0,0,2,0,0,0,0,0,11,9,0,2
2002,"HITCHCOCK",31087,16,12,0,1,3,1,0,0,1,0,15,12,0,3
2003,"HITCHCOCK",31087,13,10,0,2,1,3,1,0,2,0,10,9,0,1
1990,"HOLT",31089,25,21,0,1,3,3,2,0,1,0,22,19,0,3
1991,"HOLT",31089,9,8,0,0,1,0,0,0,0,0,9,8,0,1
1992,"HOLT",31089,18,16,0,1,1,2,1,0,1,0,16,15,0,1
1993,"HOLT",31089,15,10,0,2,3,2,0,0,2,0,13,10,0,3
1994,"HOLT",31089,14,12,0,0,2,0,0,0,0,0,14,12,0,2
1995,"HOLT",31089,20,13,1,3,3,7,1,1,3,2,13,12,0,1
1996,"HOLT",31089,18,16,0,1,1,1,0,0,1,0,17,16,0,1
1997,"HOLT",31089,22,20,1,0,1,1,0,1,0,0,21,20,0,1
1998,"HOLT",31089,15,13,0,0,2,0,0,0,0,0,15,13,0,2
1999,"HOLT",31089,23,17,0,3,3,7,4,0,3,0,16,13,0,3
2000,"HOLT",31089,22,18,0,2,2,2,0,0,2,0,20,18,0,2
2001,"HOLT",31089,23,21,0,1,1,1,0,0,1,0,22,21,0,1
2002,"HOLT",31089,31,27,0,0,4,0,0,0,0,0,31,27,0,4
2003,"HOLT",31089,36,28,0,1,7,5,3,0,1,1,31,25,0,6
1992,"HOOKER",31091,2,2,0,0,0,0,0,0,0,0,2,2,0,0
1997,"HOOKER",31091,4,4,0,0,0,0,0,0,0,0,4,4,0,0
1998,"HOOKER",31091,3,3,0,0,0,0,0,0,0,0,3,3,0,0
1999,"HOOKER",31091,0,0,0,0,0,0,0,0,0,0,0,0,0,0
2000,"HOOKER",31091,2,2,0,0,0,0,0,0,0,0,2,2,0,0
2001,"HOOKER",31091,1,1,0,0,0,0,0,0,0,0,1,1,0,0
2002,"HOOKER",31091,5,4,0,1,0,1,0,0,1,0,4,4,0,0
2003,"HOOKER",31091,4,3,0,1,0,1,0,0,1,0,3,3,0,0
1990,"HOWARD",31093,8,4,0,0,4,0,0,0,0,0,8,4,0,4
1991,"HOWARD",31093,9,9,0,0,0,0,0,0,0,0,9,9,0,0
1992,"HOWARD",31093,5,3,0,1,1,1,0,0,1,0,4,3,0,1
1993,"HOWARD",31093,5,5,0,0,0,1,1,0,0,0,4,4,0,0
1994,"HOWARD",31093,8,8,0,0,0,0,0,0,0,0,8,8,0,0
1995,"HOWARD",31093,8,6,0,1,1,1,0,0,1,0,7,6,0,1
1996,"HOWARD",31093,20,17,0,1,2,2,1,0,1,0,18,16,0,2
1997,"HOWARD",31093,16,15,0,0,1,2,2,0,0,0,14,13,0,1
1998,"HOWARD",31093,17,17,0,0,0,0,0,0,0,0,17,17,0,0
1999,"HOWARD",31093,29,25,4,0,0,4,0,4,0,0,25,25,0,0
2000,"HOWARD",31093,26,24,1,1,0,2,0,1,1,0,24,24,0,0
2001,"HOWARD",31093,24,21,1,2,0,3,0,1,2,0,21,21,0,0
2002,"HOWARD",31093,18,14,0,1,3,2,0,0,1,1,16,14,0,2
2003,"HOWARD",31093,24,21,1,2,0,2,0,0,2,0,22,21,1,0
1990,"JEFFERSON",31095,23,18,1,1,3,2,0,1,1,0,21,18,0,3
1991,"JEFFERSON",31095,20,17,0,2,1,2,0,0,2,0,18,17,0,1
1992,"JEFFERSON",31095,19,12,2,2,3,6,1,2,2,1,13,11,0,2
1993,"JEFFERSON",31095,26,20,0,3,3,3,0,0,3,0,23,20,0,3
1994,"JEFFERSON",31095,19,18,0,1,0,3,2,0,1,0,16,16,0,0
1995,"JEFFERSON",31095,12,11,0,1,0,3,2,0,1,0,9,9,0,0
1996,"JEFFERSON",31095,22,19,0,2,1,4,2,0,2,0,18,17,0,1
1997,"JEFFERSON",31095,36,32,0,1,3,3,1,0,1,1,33,31,0,2
1998,"JEFFERSON",31095,35,32,0,1,2,1,0,0,1,0,34,32,0,2
1999,"JEFFERSON",31095,28,25,0,1,2,2,0,0,1,1,26,25,0,1
2000,"JEFFERSON",31095,29,24,1,2,2,3,0,1,2,0,26,24,0,2
2001,"JEFFERSON",31095,35,31,0,0,4,0,0,0,0,0,35,31,0,4
2002,"JEFFERSON",31095,49,41,2,1,5,4,1,2,1,0,45,40,0,5
2003,"JEFFERSON",31095,51,42,0,0,9,1,0,0,0,1,50,42,0,8
1990,"JOHNSON",31097,54,42,0,2,10,3,0,0,2,1,51,42,0,9
1991,"JOHNSON",31097,5,4,1,0,0,1,0,1,0,0,4,4,0,0
1992,"JOHNSON",31097,12,10,0,0,2,0,0,0,0,0,12,10,0,2
1993,"JOHNSON",31097,4,4,0,0,0,0,0,0,0,0,4,4,0,0
1994,"JOHNSON",31097,7,5,0,0,2,0,0,0,0,0,7,5,0,2
1995,"JOHNSON",31097,8,7,0,0,1,1,1,0,0,0,7,6,0,1
1996,"JOHNSON",31097,12,11,1,0,0,1,0,1,0,0,11,11,0,0
1997,"JOHNSON",31097,11,11,0,0,0,2,2,0,0,0,9,9,0,0
1998,"JOHNSON",31097,11,10,0,1,0,1,0,0,1,0,10,10,0,0
1999,"JOHNSON",31097,15,15,0,0,0,0,0,0,0,0,15,15,0,0
2000,"JOHNSON",31097,9,6,1,0,2,1,0,1,0,0,8,6,0,2
2001,"JOHNSON",31097,10,8,0,0,2,0,0,0,0,0,10,8,0,2
2002,"JOHNSON",31097,7,5,0,0,2,0,0,0,0,0,7,5,0,2
2003,"JOHNSON",31097,16,11,0,0,5,0,0,0,0,0,16,11,0,5
1990,"KEARNEY",31099,13,13,0,0,0,2,2,0,0,0,11,11,0,0
1991,"KEARNEY",31099,5,4,0,0,1,0,0,0,0,0,5,4,0,1
1992,"KEARNEY",31099,16,15,0,1,0,1,0,0,1,0,15,15,0,0
1993,"KEARNEY",31099,13,13,0,0,0,1,1,0,0,0,12,12,0,0
1994,"KEARNEY",31099,14,10,0,0,4,5,4,0,0,1,9,6,0,3
1995,"KEARNEY",31099,9,8,0,0,1,2,2,0,0,0,7,6,0,1
1996,"KEARNEY",31099,18,17,0,0,1,3,3,0,0,0,15,14,0,1
1997,"KEARNEY",31099,21,17,0,2,2,3,0,0,2,1,18,17,0,1
1998,"KEARNEY",31099,28,26,0,1,1,3,2,0,1,0,25,24,0,1
1999,"KEARNEY",31099,21,20,0,0,1,0,0,0,0,0,21,20,0,1
2000,"KEARNEY",31099,15,14,0,0,1,0,0,0,0,0,15,14,0,1
2001,"KEARNEY",31099,32,30,0,0,2,0,0,0,0,0,32,30,0,2
2002,"KEARNEY",31099,28,27,0,0,1,1,1,0,0,0,27,26,0,1
2003,"KEARNEY",31099,30,28,1,0,1,1,0,1,0,0,29,28,0,1
1990,"KEITH",31101,13,10,1,0,2,1,0,1,0,0,12,10,0,2
1991,"KEITH",31101,21,18,3,0,0,5,2,3,0,0,16,16,0,0
1992,"KEITH",31101,17,15,0,0,2,2,2,0,0,0,15,13,0,2
1993,"KEITH",31101,18,16,0,0,2,2,2,0,0,0,16,14,0,2
1994,"KEITH",31101,8,8,0,0,0,0,0,0,0,0,8,8,0,0
1995,"KEITH",31101,18,17,0,0,1,3,3,0,0,0,15,14,0,1
1996,"KEITH",31101,11,11,0,0,0,1,1,0,0,0,10,10,0,0
1997,"KEITH",31101,20,19,0,0,1,2,2,0,0,0,18,17,0,1
1998,"KEITH",31101,27,23,0,1,3,1,0,0,1,0,26,23,0,3
1999,"KEITH",31101,25,20,2,0,3,2,0,2,0,0,23,20,0,3
2000,"KEITH",31101,24,23,0,0,1,0,0,0,0,0,24,23,0,1
2001,"KEITH",31101,34,30,0,0,4,1,1,0,0,0,33,29,0,4
2002,"KEITH",31101,26,23,2,0,1,3,1,2,0,0,23,22,0,1
2003,"KEITH",31101,33,28,1,0,4,3,2,1,0,0,30,26,0,4
1990,"KEYA PAHA",31103,2,1,0,0,1,0,0,0,0,0,2,1,0,1
1991,"KEYA PAHA",31103,5,3,0,0,2,0,0,0,0,0,5,3,0,2
1992,"KEYA PAHA",31103,4,2,0,1,1,1,0,0,1,0,3,2,0,1
1993,"KEYA PAHA",31103,2,1,0,1,0,1,0,0,1,0,1,1,0,0
1995,"KEYA PAHA",31103,1,1,0,0,0,0,0,0,0,0,1,1,0,0
1996,"KEYA PAHA",31103,1,0,1,0,0,1,0,1,0,0,0,0,0,0
1997,"KEYA PAHA",31103,1,1,0,0,0,0,0,0,0,0,1,1,0,0
1998,"KEYA PAHA",31103,1,1,0,0,0,0,0,0,0,0,1,1,0,0
1999,"KEYA PAHA",31103,2,2,0,0,0,0,0,0,0,0,2,2,0,0
2001,"KEYA PAHA",31103,3,3,0,0,0,0,0,0,0,0,3,3,0,0
2002,"KEYA PAHA",31103,1,1,0,0,0,0,0,0,0,0,1,1,0,0
2003,"KEYA PAHA",31103,1,1,0,0,0,0,0,0,0,0,1,1,0,0
1990,"KIMBALL",31105,12,8,0,2,2,2,0,0,2,0,10,8,0,2
1991,"KIMBALL",31105,9,4,0,1,4,1,0,0,1,0,8,4,0,4
1992,"KIMBALL",31105,13,8,0,1,4,5,1,0,1,3,8,7,0,1
1993,"KIMBALL",31105,11,9,1,0,1,3,2,1,0,0,8,7,0,1
1994,"KIMBALL",31105,5,3,0,1,1,2,0,0,1,1,3,3,0,0
1995,"KIMBALL",31105,3,2,0,1,0,1,0,0,1,0,2,2,0,0
1996,"KIMBALL",31105,16,15,0,0,1,1,1,0,0,0,15,14,0,1
1997,"KIMBALL",31105,10,9,0,0,1,0,0,0,0,0,10,9,0,1
1998,"KIMBALL",31105,25,22,0,0,3,0,0,0,0,0,25,22,0,3
1999,"KIMBALL",31105,9,8,0,0,1,0,0,0,0,0,9,8,0,1
2000,"KIMBALL",31105,10,8,0,0,2,0,0,0,0,0,10,8,0,2
2001,"KIMBALL",31105,17,15,0,0,2,1,1,0,0,0,16,14,0,2
2002,"KIMBALL",31105,19,17,0,0,2,0,0,0,0,0,19,17,0,2
2003,"KIMBALL",31105,19,15,0,0,4,1,1,0,0,0,18,14,0,4
1990,"KNOX",31107,9,7,0,1,1,2,0,0,1,1,7,7,0,0
1991,"KNOX",31107,8,4,0,1,3,1,0,0,1,0,7,4,0,3
1992,"KNOX",31107,5,3,0,1,1,3,2,0,1,0,2,1,0,1
1993,"KNOX",31107,13,6,0,3,4,5,0,0,3,2,8,6,0,2
1994,"KNOX",31107,12,10,0,2,0,2,0,0,2,0,10,10,0,0
1995,"KNOX",31107,10,9,0,0,1,1,1,0,0,0,9,8,0,1
1996,"KNOX",31107,11,9,0,1,1,3,2,0,1,0,8,7,0,1
1997,"KNOX",31107,21,20,0,0,1,5,4,0,0,1,16,16,0,0
1998,"KNOX",31107,22,21,0,0,1,2,2,0,0,0,20,19,0,1
1999,"KNOX",31107,20,13,0,6,1,6,0,0,6,0,14,13,0,1
2000,"KNOX",31107,17,15,1,1,0,4,2,1,1,0,13,13,0,0
2001,"KNOX",31107,19,18,0,0,1,3,2,0,0,1,16,16,0,0
2002,"KNOX",31107,22,20,0,0,2,0,0,0,0,0,22,20,0,2
2003,"KNOX",31107,23,17,1,1,4,3,0,1,1,1,20,17,0,3
1990,"LANCASTER",31109,541,387,8,3,143,21,8,8,3,2,520,379,0,141
1991,"LANCASTER",31109,646,495,5,3,143,26,15,5,3,3,620,480,0,140
1992,"LANCASTER",31109,560,458,1,2,99,24,14,1,2,7,536,444,0,92
1993,"LANCASTER",31109,464,396,4,2,62,18,9,4,2,3,446,387,0,59
1994,"LANCASTER",31109,465,406,0,0,59,14,10,0,0,4,451,396,0,55
1995,"LANCASTER",31109,511,436,3,0,72,22,14,3,0,5,489,422,0,67
1996,"LANCASTER",31109,708,597,7,2,102,32,17,7,2,6,676,580,0,96
1997,"LANCASTER",31109,809,724,3,0,82,35,22,2,0,11,774,702,1,71
1998,"LANCASTER",31109,810,731,0,1,78,11,10,0,1,0,799,721,0,78
1999,"LANCASTER",31109,760,671,5,0,84,8,3,4,0,1,752,668,1,83
2000,"LANCASTER",31109,841,729,5,0,107,19,12,5,0,2,822,717,0,105
2001,"LANCASTER",31109,1027,903,3,0,121,14,11,3,0,0,1013,892,0,121
2002,"LANCASTER",31109,1093,880,8,0,205,18,10,8,0,0,1075,870,0,205
2003,"LANCASTER",31109,1280,1030,5,0,245,19,12,5,0,2,1261,1018,0,243
1990,"LINCOLN",31111,73,56,1,1,15,6,3,1,1,1,67,53,0,14
1991,"LINCOLN",31111,91,80,1,0,10,8,5,1,0,2,83,75,0,8
1992,"LINCOLN",31111,68,56,1,0,11,5,2,1,0,2,63,54,0,9
1993,"LINCOLN",31111,57,53,1,0,3,2,1,1,0,0,55,52,0,3
1994,"LINCOLN",31111,57,50,0,2,5,4,2,0,2,0,53,48,0,5
1995,"LINCOLN",31111,61,55,0,0,6,3,1,0,0,2,58,54,0,4
1996,"LINCOLN",31111,95,85,1,2,7,10,6,1,2,1,85,79,0,6
1997,"LINCOLN",31111,121,111,0,2,8,8,5,0,2,1,113,106,0,7
1998,"LINCOLN",31111,155,134,0,3,18,4,1,0,3,0,151,133,0,18
1999,"LINCOLN",31111,132,112,1,1,18,2,0,1,1,0,130,112,0,18
2000,"LINCOLN",31111,124,112,0,0,12,1,1,0,0,0,123,111,0,12
2001,"LINCOLN",31111,159,144,0,0,15,1,0,0,0,1,158,144,0,14
2002,"LINCOLN",31111,164,153,0,2,9,7,5,0,2,0,157,148,0,9
2003,"LINCOLN",31111,192,170,0,1,21,7,5,0,1,1,185,165,0,20
1992,"LOGAN",31113,3,3,0,0,0,0,0,0,0,0,3,3,0,0
1993,"LOGAN",31113,1,1,0,0,0,0,0,0,0,0,1,1,0,0
1995,"LOGAN",31113,2,1,0,0,1,0,0,0,0,0,2,1,0,1
1996,"LOGAN",31113,1,1,0,0,0,0,0,0,0,0,1,1,0,0
1997,"LOGAN",31113,3,2,0,0,1,1,0,0,0,1,2,2,0,0
1998,"LOGAN",31113,4,3,0,1,0,1,0,0,1,0,3,3,0,0
1999,"LOGAN",31113,0,0,0,0,0,0,0,0,0,0,0,0,0,0
2000,"LOGAN",31113,2,2,0,0,0,0,0,0,0,0,2,2,0,0
2001,"LOGAN",31113,8,4,0,1,3,1,0,0,1,0,7,4,0,3
2002,"LOGAN",31113,2,1,0,0,1,0,0,0,0,0,2,1,0,1
2003,"LOGAN",31113,3,3,0,0,0,0,0,0,0,0,3,3,0,0
1992,"LOUP",31115,3,2,1,0,0,1,0,1,0,0,2,2,0,0
1999,"LOUP",31115,0,0,0,0,0,0,0,0,0,0,0,0,0,0
2000,"LOUP",31115,1,0,0,0,1,0,0,0,0,0,1,0,0,1
2002,"LOUP",31115,3,3,0,0,0,0,0,0,0,0,3,3,0,0
2003,"LOUP",31115,1,1,0,0,0,0,0,0,0,0,1,1,0,0
1992,"MCPHERSON",31117,2,2,0,0,0,0,0,0,0,0,2,2,0,0
1993,"MCPHERSON",31117,2,2,0,0,0,0,0,0,0,0,2,2,0,0
1996,"MCPHERSON",31117,1,1,0,0,0,0,0,0,0,0,1,1,0,0
1997,"MCPHERSON",31117,1,1,0,0,0,0,0,0,0,0,1,1,0,0
1999,"MCPHERSON",31117,0,0,0,0,0,0,0,0,0,0,0,0,0,0
2000,"MCPHERSON",31117,1,1,0,0,0,0,0,0,0,0,1,1,0,0
2003,"MCPHERSON",31117,1,1,0,0,0,0,0,0,0,0,1,1,0,0
1990,"MADISON",31119,66,49,2,0,15,7,4,2,0,1,59,45,0,14
1991,"MADISON",31119,72,57,3,3,9,8,1,3,3,1,64,56,0,8
1992,"MADISON",31119,70,50,3,4,13,9,1,3,4,1,61,49,0,12
1993,"MADISON",31119,57,49,0,0,8,3,1,0,0,2,54,48,0,6
1994,"MADISON",31119,67,63,0,0,4,5,4,0,0,1,62,59,0,3
1995,"MADISON",31119,51,45,0,2,4,4,1,0,2,1,47,44,0,3
1996,"MADISON",31119,80,78,0,1,1,5,4,0,1,0,75,74,0,1
1997,"MADISON",31119,98,93,0,0,5,4,3,0,0,1,94,90,0,4
1998,"MADISON",31119,93,93,0,0,0,2,2,0,0,0,91,91,0,0
1999,"MADISON",31119,105,103,1,0,1,1,0,1,0,0,104,103,0,1
2000,"MADISON",31119,100,96,1,0,3,1,0,1,0,0,99,96,0,3
2001,"MADISON",31119,114,107,0,0,7,2,2,0,0,0,112,105,0,7
2002,"MADISON",31119,112,100,3,0,9,4,1,3,0,0,108,99,0,9
2003,"MADISON",31119,143,126,0,1,16,8,7,0,1,0,135,119,0,16
1990,"MERRICK",31121,20,14,1,2,3,3,0,1,2,0,17,14,0,3
1991,"MERRICK",31121,25,22,0,0,3,0,0,0,0,0,25,22,0,3
1992,"MERRICK",31121,20,17,0,2,1,3,1,0,2,0,17,16,0,1
1993,"MERRICK",31121,18,16,0,1,1,2,1,0,1,0,16,15,0,1
1994,"MERRICK",31121,14,13,0,0,1,1,1,0,0,0,13,12,0,1
1995,"MERRICK",31121,11,9,0,0,2,0,0,0,0,0,11,9,0,2
1996,"MERRICK",31121,20,18,0,1,1,2,1,0,1,0,18,17,0,1
1997,"MERRICK",31121,26,20,0,2,4,3,0,0,2,1,23,20,0,3
1998,"MERRICK",31121,30,29,0,0,1,0,0,0,0,0,30,29,0,1
1999,"MERRICK",31121,28,26,0,1,1,1,0,0,1,0,27,26,0,1
2000,"MERRICK",31121,25,23,0,0,2,0,0,0,0,0,25,23,0,2
2001,"MERRICK",31121,26,25,0,0,1,0,0,0,0,0,26,25,0,1
2002,"MERRICK",31121,36,33,0,0,3,0,0,0,0,0,36,33,0,3
2003,"MERRICK",31121,34,31,0,2,1,2,0,0,2,0,32,31,0,1
1990,"MORRILL",31123,9,9,0,0,0,0,0,0,0,0,9,9,0,0
1991,"MORRILL",31123,12,11,0,1,0,1,0,0,1,0,11,11,0,0
1992,"MORRILL",31123,12,6,0,4,2,6,1,0,4,1,6,5,0,1
1993,"MORRILL",31123,11,8,1,0,2,2,1,1,0,0,9,7,0,2
1994,"MORRILL",31123,15,12,0,2,1,3,1,0,2,0,12,11,0,1
1995,"MORRILL",31123,10,6,0,4,0,4,0,0,4,0,6,6,0,0
1996,"MORRILL",31123,12,11,0,1,0,4,3,0,1,0,8,8,0,0
1997,"MORRILL",31123,22,19,0,2,1,3,1,0,2,0,19,18,0,1
1998,"MORRILL",31123,17,13,0,2,2,2,0,0,2,0,15,13,0,2
1999,"MORRILL",31123,22,17,1,3,1,4,1,0,3,0,18,16,1,1
2000,"MORRILL",31123,18,16,0,1,1,2,1,0,1,0,16,15,0,1
2001,"MORRILL",31123,22,17,2,0,3,3,0,2,0,1,19,17,0,2
2002,"MORRILL",31123,28,26,0,0,2,1,1,0,0,0,27,25,0,2
2003,"MORRILL",31123,20,16,0,1,3,1,0,0,1,0,19,16,0,3
1990,"NANCE",31125,10,9,0,0,1,1,1,0,0,0,9,8,0,1
1991,"NANCE",31125,7,7,0,0,0,0,0,0,0,0,7,7,0,0
1992,"NANCE",31125,2,1,0,1,0,1,0,0,1,0,1,1,0,0
1993,"NANCE",31125,9,8,0,1,0,2,1,0,1,0,7,7,0,0
1994,"NANCE",31125,7,5,0,0,2,1,0,0,0,1,6,5,0,1
1995,"NANCE",31125,3,2,0,0,1,1,0,0,0,1,2,2,0,0
1996,"NANCE",31125,18,12,0,5,1,5,0,0,5,0,13,12,0,1
1997,"NANCE",31125,9,9,0,0,0,1,1,0,0,0,8,8,0,0
1998,"NANCE",31125,11,8,0,1,2,1,0,0,1,0,10,8,0,2
1999,"NANCE",31125,16,11,0,2,3,2,0,0,2,0,14,11,0,3
2000,"NANCE",31125,11,9,0,1,1,1,0,0,1,0,10,9,0,1
2001,"NANCE",31125,19,17,0,1,1,1,0,0,1,0,18,17,0,1
2002,"NANCE",31125,5,5,0,0,0,0,0,0,0,0,5,5,0,0
2003,"NANCE",31125,10,9,0,0,1,1,1,0,0,0,9,8,0,1
1990,"NEMAHA",31127,12,9,1,0,2,2,1,1,0,0,10,8,0,2
1991,"NEMAHA",31127,13,8,1,0,4,1,0,1,0,0,12,8,0,4
1992,"NEMAHA",31127,11,10,0,0,1,2,2,0,0,0,9,8,0,1
1993,"NEMAHA",31127,10,7,1,0,2,1,0,1,0,0,9,7,0,2
1994,"NEMAHA",31127,10,10,0,0,0,1,1,0,0,0,9,9,0,0
1995,"NEMAHA",31127,11,8,0,0,3,0,0,0,0,0,11,8,0,3
1996,"NEMAHA",31127,16,13,0,1,2,2,0,0,1,1,14,13,0,1
1997,"NEMAHA",31127,16,15,0,0,1,2,1,0,0,1,14,14,0,0
1998,"NEMAHA",31127,22,20,0,0,2,0,0,0,0,0,22,20,0,2
1999,"NEMAHA",31127,25,20,0,1,4,1,0,0,1,0,24,20,0,4
2000,"NEMAHA",31127,22,17,0,0,5,0,0,0,0,0,22,17,0,5
2001,"NEMAHA",31127,27,24,0,0,3,0,0,0,0,0,27,24,0,3
2002,"NEMAHA",31127,29,25,0,0,4,0,0,0,0,0,29,25,0,4
2003,"NEMAHA",31127,20,18,0,0,2,1,1,0,0,0,19,17,0,2
1990,"NUCKOLLS",31129,4,3,0,0,1,0,0,0,0,0,4,3,0,1
1991,"NUCKOLLS",31129,6,5,0,0,1,0,0,0,0,0,6,5,0,1
1992,"NUCKOLLS",31129,8,8,0,0,0,0,0,0,0,0,8,8,0,0
1993,"NUCKOLLS",31129,9,6,0,2,1,2,0,0,2,0,7,6,0,1
1994,"NUCKOLLS",31129,10,10,0,0,0,1,1,0,0,0,9,9,0,0
1995,"NUCKOLLS",31129,11,10,0,0,1,0,0,0,0,0,11,10,0,1
1996,"NUCKOLLS",31129,14,12,0,1,1,1,0,0,1,0,13,12,0,1
1997,"NUCKOLLS",31129,10,9,0,0,1,1,1,0,0,0,9,8,0,1
1998,"NUCKOLLS",31129,14,12,0,0,2,0,0,0,0,0,14,12,0,2
1999,"NUCKOLLS",31129,6,6,0,0,0,0,0,0,0,0,6,6,0,0
2000,"NUCKOLLS",31129,11,10,0,0,1,0,0,0,0,0,11,10,0,1
2001,"NUCKOLLS",31129,15,15,0,0,0,1,1,0,0,0,14,14,0,0
2002,"NUCKOLLS",31129,11,10,0,0,1,0,0,0,0,0,11,10,0,1
2003,"NUCKOLLS",31129,16,15,0,1,0,2,1,0,1,0,14,14,0,0
1990,"OTOE",31131,27,15,0,0,12,1,0,0,0,1,26,15,0,11
1991,"OTOE",31131,32,21,0,3,8,4,1,0,3,0,28,20,0,8
1992,"OTOE",31131,36,26,0,3,7,4,1,0,3,0,32,25,0,7
1993,"OTOE",31131,30,21,0,0,9,3,2,0,0,1,27,19,0,8
1994,"OTOE",31131,28,25,1,0,2,2,1,1,0,0,26,24,0,2
1995,"OTOE",31131,23,16,0,2,5,3,1,0,2,0,20,15,0,5
1996,"OTOE",31131,43,36,0,0,7,0,0,0,0,0,43,36,0,7
1997,"OTOE",31131,39,33,0,1,5,3,1,0,1,1,36,32,0,4
1998,"OTOE",31131,54,43,0,1,10,1,0,0,1,0,53,43,0,10
1999,"OTOE",31131,43,38,0,0,5,0,0,0,0,0,43,38,0,5
2000,"OTOE",31131,52,48,0,0,4,1,1,0,0,0,51,47,0,4
2001,"OTOE",31131,61,42,4,1,14,5,0,4,1,0,56,42,0,14
2002,"OTOE",31131,50,41,0,0,9,0,0,0,0,0,50,41,0,9
2003,"OTOE",31131,58,41,0,1,16,1,0,0,1,0,57,41,0,16
1990,"PAWNEE",31133,5,5,0,0,0,0,0,0,0,0,5,5,0,0
1991,"PAWNEE",31133,2,2,0,0,0,0,0,0,0,0,2,2,0,0
1992,"PAWNEE",31133,7,5,0,2,0,4,2,0,2,0,3,3,0,0
1993,"PAWNEE",31133,8,7,0,0,1,2,2,0,0,0,6,5,0,1
1994,"PAWNEE",31133,2,2,0,0,0,0,0,0,0,0,2,2,0,0
1995,"PAWNEE",31133,7,5,0,0,2,3,3,0,0,0,4,2,0,2
1996,"PAWNEE",31133,5,5,0,0,0,2,2,0,0,0,3,3,0,0
1997,"PAWNEE",31133,4,4,0,0,0,0,0,0,0,0,4,4,0,0
1998,"PAWNEE",31133,8,7,0,0,1,2,1,0,0,1,6,6,0,0
1999,"PAWNEE",31133,10,6,0,0,4,1,0,0,0,1,9,6,0,3
2000,"PAWNEE",31133,12,7,0,0,5,0,0,0,0,0,12,7,0,5
2001,"PAWNEE",31133,10,8,0,0,2,0,0,0,0,0,10,8,0,2
2002,"PAWNEE",31133,6,6,0,0,0,0,0,0,0,0,6,6,0,0
2003,"PAWNEE",31133,6,4,0,0,2,0,0,0,0,0,6,4,0,2
1990,"PERKINS",31135,3,1,1,1,0,2,0,1,1,0,1,1,0,0
1991,"PERKINS",31135,8,3,0,1,4,2,1,0,1,0,6,2,0,4
1992,"PERKINS",31135,6,2,0,2,2,2,0,0,2,0,4,2,0,2
1994,"PERKINS",31135,2,2,0,0,0,0,0,0,0,0,2,2,0,0
1995,"PERKINS",31135,4,3,0,1,0,2,1,0,1,0,2,2,0,0
1996,"PERKINS",31135,6,5,0,0,1,0,0,0,0,0,6,5,0,1
1997,"PERKINS",31135,3,2,0,0,1,2,1,0,0,1,1,1,0,0
1998,"PERKINS",31135,5,4,0,0,1,0,0,0,0,0,5,4,0,1
1999,"PERKINS",31135,5,5,0,0,0,0,0,0,0,0,5,5,0,0
2000,"PERKINS",31135,5,4,0,0,1,0,0,0,0,0,5,4,0,1
2001,"PERKINS",31135,6,6,0,0,0,0,0,0,0,0,6,6,0,0
2002,"PERKINS",31135,4,4,0,0,0,0,0,0,0,0,4,4,0,0
2003,"PERKINS",31135,6,2,0,2,2,3,0,0,2,1,3,2,0,1
1990,"PHELPS",31137,25,19,1,0,5,0,0,0,0,0,25,19,1,5
1991,"PHELPS",31137,24,21,1,0,2,3,2,1,0,0,21,19,0,2
1992,"PHELPS",31137,15,14,0,0,1,0,0,0,0,0,15,14,0,1
1993,"PHELPS",31137,23,19,0,0,4,0,0,0,0,0,23,19,0,4
1994,"PHELPS",31137,18,16,0,2,0,2,0,0,2,0,16,16,0,0
1995,"PHELPS",31137,17,17,0,0,0,0,0,0,0,0,17,17,0,0
1996,"PHELPS",31137,23,20,0,1,2,1,0,0,1,0,22,20,0,2
1997,"PHELPS",31137,39,35,0,4,0,8,4,0,4,0,31,31,0,0
1998,"PHELPS",31137,42,40,0,0,2,1,0,0,0,1,41,40,0,1
1999,"PHELPS",31137,43,38,1,3,1,3,0,0,3,0,40,38,1,1
2000,"PHELPS",31137,31,30,0,0,1,0,0,0,0,0,31,30,0,1
2001,"PHELPS",31137,52,47,3,1,1,5,1,3,1,0,47,46,0,1
2002,"PHELPS",31137,41,40,1,0,0,2,1,1,0,0,39,39,0,0
2003,"PHELPS",31137,40,36,0,1,3,2,1,0,1,0,38,35,0,3
1990,"PIERCE",31139,3,1,0,0,2,1,0,0,0,1,2,1,0,1
1991,"PIERCE",31139,4,3,0,0,1,0,0,0,0,0,4,3,0,1
1992,"PIERCE",31139,6,3,2,0,1,2,0,2,0,0,4,3,0,1
1993,"PIERCE",31139,3,1,0,1,1,1,0,0,1,0,2,1,0,1
1994,"PIERCE",31139,6,5,0,1,0,1,0,0,1,0,5,5,0,0
1995,"PIERCE",31139,7,5,0,1,1,3,2,0,1,0,4,3,0,1
1996,"PIERCE",31139,6,5,0,1,0,1,0,0,1,0,5,5,0,0
1997,"PIERCE",31139,9,9,0,0,0,1,1,0,0,0,8,8,0,0
1998,"PIERCE",31139,12,12,0,0,0,0,0,0,0,0,12,12,0,0
1999,"PIERCE",31139,11,10,0,0,1,0,0,0,0,0,11,10,0,1
2000,"PIERCE",31139,20,20,0,0,0,0,0,0,0,0,20,20,0,0
2001,"PIERCE",31139,24,24,0,0,0,0,0,0,0,0,24,24,0,0
2002,"PIERCE",31139,20,18,0,1,1,1,0,0,1,0,19,18,0,1
2003,"PIERCE",31139,23,21,0,0,2,2,2,0,0,0,21,19,0,2
1990,"PLATTE",31141,15,10,0,3,2,3,0,0,3,0,12,10,0,2
1991,"PLATTE",31141,60,52,0,1,7,2,1,0,1,0,58,51,0,7
1992,"PLATTE",31141,45,41,2,0,2,4,2,2,0,0,41,39,0,2
1993,"PLATTE",31141,74,60,0,1,13,3,2,0,1,0,71,58,0,13
1994,"PLATTE",31141,51,43,0,1,7,4,3,0,1,0,47,40,0,7
1995,"PLATTE",31141,70,67,0,0,3,2,2,0,0,0,68,65,0,3
1996,"PLATTE",31141,87,80,0,0,7,4,3,0,0,1,83,77,0,6
1997,"PLATTE",31141,86,75,1,1,9,3,1,1,1,0,83,74,0,9
1998,"PLATTE",31141,104,95,0,0,9,1,0,0,0,1,103,95,0,8
1999,"PLATTE",31141,76,61,0,1,14,2,0,0,1,1,74,61,0,13
2000,"PLATTE",31141,87,81,0,0,6,2,2,0,0,0,85,79,0,6
2001,"PLATTE",31141,95,85,0,0,10,1,1,0,0,0,94,84,0,10
2002,"PLATTE",31141,131,114,1,0,16,1,1,0,0,0,130,113,1,16
2003,"PLATTE",31141,151,125,0,0,26,2,2,0,0,0,149,123,0,26
1990,"POLK",31143,6,4,0,0,2,0,0,0,0,0,6,4,0,2
1991,"POLK",31143,13,10,1,0,2,2,1,1,0,0,11,9,0,2
1992,"POLK",31143,10,7,0,1,2,2,1,0,1,0,8,6,0,2
1993,"POLK",31143,8,6,0,0,2,0,0,0,0,0,8,6,0,2
1994,"POLK",31143,8,6,0,0,2,0,0,0,0,0,8,6,0,2
1995,"POLK",31143,7,7,0,0,0,0,0,0,0,0,7,7,0,0
1996,"POLK",31143,13,9,0,2,2,3,0,0,2,1,10,9,0,1
1997,"POLK",31143,11,10,0,0,1,1,1,0,0,0,10,9,0,1
1998,"POLK",31143,13,13,0,0,0,0,0,0,0,0,13,13,0,0
1999,"POLK",31143,8,7,0,1,0,1,0,0,1,0,7,7,0,0
2000,"POLK",31143,13,12,0,0,1,0,0,0,0,0,13,12,0,1
2001,"POLK",31143,14,13,0,0,1,0,0,0,0,0,14,13,0,1
2002,"POLK",31143,10,9,0,1,0,1,0,0,1,0,9,9,0,0
2003,"POLK",31143,18,15,0,1,2,1,0,0,1,0,17,15,0,2
1990,"RED WILLOW",31145,29,20,0,1,8,3,2,0,1,0,26,18,0,8
1991,"RED WILLOW",31145,30,24,1,0,5,1,0,1,0,0,29,24,0,5
1992,"RED WILLOW",31145,28,21,3,0,4,3,0,3,0,0,25,21,0,4
1993,"RED WILLOW",31145,21,15,1,3,2,5,1,1,3,0,16,14,0,2
1994,"RED WILLOW",31145,15,15,0,0,0,2,2,0,0,0,13,13,0,0
1995,"RED WILLOW",31145,25,22,0,2,1,5,3,0,2,0,20,19,0,1
1996,"RED WILLOW",31145,23,18,0,2,3,3,1,0,2,0,20,17,0,3
1997,"RED WILLOW",31145,40,34,0,5,1,13,8,0,5,0,27,26,0,1
1998,"RED WILLOW",31145,42,38,0,3,1,4,0,0,3,1,38,38,0,0
1999,"RED WILLOW",31145,40,37,0,1,2,2,1,0,1,0,38,36,0,2
2000,"RED WILLOW",31145,27,24,1,0,2,2,2,0,0,0,25,22,1,2
2001,"RED WILLOW",31145,41,28,2,0,11,2,0,2,0,0,39,28,0,11
2002,"RED WILLOW",31145,38,30,1,0,7,2,1,1,0,0,36,29,0,7
2003,"RED WILLOW",31145,43,32,1,3,7,13,7,1,3,2,30,25,0,5
1990,"RICHARDSON",31147,23,21,0,0,2,3,3,0,0,0,20,18,0,2
1991,"RICHARDSON",31147,34,32,0,0,2,2,2,0,0,0,32,30,0,2
1992,"RICHARDSON",31147,22,21,0,0,1,2,2,0,0,0,20,19,0,1
1993,"RICHARDSON",31147,24,22,0,1,1,1,0,0,1,0,23,22,0,1
1994,"RICHARDSON",31147,21,21,0,0,0,3,3,0,0,0,18,18,0,0
1995,"RICHARDSON",31147,19,16,0,0,3,0,0,0,0,0,19,16,0,3
1996,"RICHARDSON",31147,31,30,1,0,0,1,0,1,0,0,30,30,0,0
1997,"RICHARDSON",31147,46,44,0,0,2,5,5,0,0,0,41,39,0,2
1998,"RICHARDSON",31147,42,35,0,2,5,3,1,0,2,0,39,34,0,5
1999,"RICHARDSON",31147,42,38,0,0,4,0,0,0,0,0,42,38,0,4
2000,"RICHARDSON",31147,41,40,0,0,1,1,1,0,0,0,40,39,0,1
2001,"RICHARDSON",31147,46,45,0,0,1,1,0,0,0,1,45,45,0,0
2002,"RICHARDSON",31147,45,38,0,0,7,0,0,0,0,0,45,38,0,7
2003,"RICHARDSON",31147,52,44,0,0,8,0,0,0,0,0,52,44,0,8
1990,"ROCK",31149,2,2,0,0,0,0,0,0,0,0,2,2,0,0
1991,"ROCK",31149,2,2,0,0,0,0,0,0,0,0,2,2,0,0
1992,"ROCK",31149,3,2,0,1,0,1,0,0,1,0,2,2,0,0
1993,"ROCK",31149,2,2,0,0,0,0,0,0,0,0,2,2,0,0
1994,"ROCK",31149,3,2,0,1,0,2,1,0,1,0,1,1,0,0
1995,"ROCK",31149,2,1,0,1,0,1,0,0,1,0,1,1,0,0
1996,"ROCK",31149,4,4,0,0,0,0,0,0,0,0,4,4,0,0
1997,"ROCK",31149,4,2,0,2,0,3,1,0,2,0,1,1,0,0
1998,"ROCK",31149,3,2,0,1,0,1,0,0,1,0,2,2,0,0
1999,"ROCK",31149,7,6,0,0,1,0,0,0,0,0,7,6,0,1
2000,"ROCK",31149,5,4,0,1,0,1,0,0,1,0,4,4,0,0
2001,"ROCK",31149,5,5,0,0,0,0,0,0,0,0,5,5,0,0
2002,"ROCK",31149,4,4,0,0,0,0,0,0,0,0,4,4,0,0
2003,"ROCK",31149,1,1,0,0,0,0,0,0,0,0,1,1,0,0
1990,"SALINE",31151,31,24,0,3,4,3,0,0,3,0,28,24,0,4
1991,"SALINE",31151,36,29,0,1,6,2,1,0,1,0,34,28,0,6
1992,"SALINE",31151,41,32,0,2,7,4,1,0,2,1,37,31,0,6
1993,"SALINE",31151,19,13,0,1,5,1,0,0,1,0,18,13,0,5
1994,"SALINE",31151,21,18,1,1,1,4,2,1,1,0,17,16,0,1
1995,"SALINE",31151,33,27,0,0,6,1,0,0,0,1,32,27,0,5
1996,"SALINE",31151,39,36,0,1,2,3,1,0,1,1,36,35,0,1
1997,"SALINE",31151,36,35,0,1,0,1,0,0,1,0,35,35,0,0
1998,"SALINE",31151,51,47,0,0,4,0,0,0,0,0,51,47,0,4
1999,"SALINE",31151,42,40,1,0,1,2,1,1,0,0,40,39,0,1
2000,"SALINE",31151,46,38,0,0,8,0,0,0,0,0,46,38,0,8
2001,"SALINE",31151,58,49,0,0,9,0,0,0,0,0,58,49,0,9
2002,"SALINE",31151,49,32,0,0,17,2,0,0,0,2,47,32,0,15
2003,"SALINE",31151,79,60,0,0,19,1,1,0,0,0,78,59,0,19
1990,"SARPY",31153,312,189,0,1,122,30,20,0,1,9,282,169,0,113
1991,"SARPY",31153,324,179,2,0,142,28,13,2,0,12,296,166,0,130
1992,"SARPY",31153,277,192,1,0,84,7,4,1,0,2,270,188,0,82
1993,"SARPY",31153,246,162,1,0,83,9,6,1,0,2,237,156,0,81
1994,"SARPY",31153,224,163,0,0,60,4,3,0,0,0,220,160,0,60
1995,"SARPY",31153,256,193,0,0,63,2,2,0,0,0,254,191,0,63
1996,"SARPY",31153,393,302,1,0,90,9,6,1,0,2,384,296,0,88
1997,"SARPY",31153,442,346,1,0,95,9,6,1,0,2,433,340,0,93
1998,"SARPY",31153,413,328,0,0,85,4,4,0,0,0,409,324,0,85
1999,"SARPY",31153,346,278,0,1,67,1,0,0,1,0,345,278,0,67
2000,"SARPY",31153,394,320,0,0,74,0,0,0,0,0,394,320,0,74
2001,"SARPY",31153,467,378,4,0,85,6,2,4,0,0,461,376,0,85
2002,"SARPY",31153,624,451,4,0,169,8,4,4,0,0,616,447,0,169
2003,"SARPY",31153,703,501,1,0,201,10,8,1,0,1,693,493,0,200
1990,"SAUNDERS",31155,49,25,0,0,24,2,1,0,0,1,47,24,0,23
1991,"SAUNDERS",31155,53,28,0,2,23,4,2,0,2,0,49,26,0,23
1992,"SAUNDERS",31155,40,29,1,1,9,4,2,1,1,0,36,27,0,9
1993,"SAUNDERS",31155,43,29,0,1,13,3,1,0,1,1,40,28,0,12
1994,"SAUNDERS",31155,22,12,0,1,9,4,2,0,1,1,18,10,0,8
1995,"SAUNDERS",31155,40,32,0,0,8,1,1,0,0,0,39,31,0,8
1996,"SAUNDERS",31155,46,36,0,0,10,2,2,0,0,0,44,34,0,10
1997,"SAUNDERS",31155,67,58,1,0,8,2,1,1,0,0,65,57,0,8
1998,"SAUNDERS",31155,46,38,0,0,8,0,0,0,0,0,46,38,0,8
1999,"SAUNDERS",31155,37,32,0,0,5,0,0,0,0,0,37,32,0,5
2000,"SAUNDERS",31155,47,39,0,0,8,0,0,0,0,0,47,39,0,8
2001,"SAUNDERS",31155,60,53,0,1,6,2,1,0,1,0,58,52,0,6
2002,"SAUNDERS",31155,92,69,0,0,23,0,0,0,0,0,92,69,0,23
2003,"SAUNDERS",31155,90,67,0,1,22,2,0,0,1,1,88,67,0,21
1990,"SCOTTS BLUFF",31157,74,65,0,1,8,10,6,0,1,3,64,59,0,5
1991,"SCOTTS BLUFF",31157,100,88,2,5,5,14,5,2,5,2,86,83,0,3
1992,"SCOTTS BLUFF",31157,83,72,1,3,7,7,2,1,3,1,76,70,0,6
1993,"SCOTTS BLUFF",31157,80,76,1,1,2,9,7,1,1,0,71,69,0,2
1994,"SCOTTS BLUFF",31157,73,65,0,0,8,8,3,0,0,5,65,62,0,3
1995,"SCOTTS BLUFF",31157,64,63,0,0,1,4,4,0,0,0,60,59,0,1
1996,"SCOTTS BLUFF",31157,99,92,0,4,3,9,3,0,4,2,90,89,0,1
1997,"SCOTTS BLUFF",31157,132,126,0,0,6,5,4,0,0,1,127,122,0,5
1998,"SCOTTS BLUFF",31157,137,128,0,5,4,6,0,0,5,1,131,128,0,3
1999,"SCOTTS BLUFF",31157,156,145,1,2,8,5,3,0,2,0,151,142,1,8
2000,"SCOTTS BLUFF",31157,125,118,1,2,4,3,0,1,2,0,122,118,0,4
2001,"SCOTTS BLUFF",31157,184,179,2,0,3,6,4,2,0,0,178,175,0,3
2002,"SCOTTS BLUFF",31157,193,187,0,1,5,3,2,0,1,0,190,185,0,5
2003,"SCOTTS BLUFF",31157,231,218,2,0,11,1,0,0,0,1,230,218,2,10
1990,"SEWARD",31159,26,19,1,2,4,3,0,1,2,0,23,19,0,4
1991,"SEWARD",31159,32,23,0,3,6,3,0,0,3,0,29,23,0,6
1992,"SEWARD",31159,23,15,1,3,4,4,0,1,3,0,19,15,0,4
1993,"SEWARD",31159,19,16,0,1,2,2,1,0,1,0,17,15,0,2
1994,"SEWARD",31159,17,16,0,0,1,0,0,0,0,0,17,16,0,1
1995,"SEWARD",31159,23,21,0,0,2,2,2,0,0,0,21,19,0,2
1996,"SEWARD",31159,40,38,0,0,2,3,2,0,0,1,37,36,0,1
1997,"SEWARD",31159,36,33,0,1,2,2,1,0,1,0,34,32,0,2
1998,"SEWARD",31159,40,37,0,0,3,1,1,0,0,0,39,36,0,3
1999,"SEWARD",31159,38,29,0,3,6,4,1,0,3,0,34,28,0,6
2000,"SEWARD",31159,37,34,0,0,3,0,0,0,0,0,37,34,0,3
2001,"SEWARD",31159,38,32,0,0,6,0,0,0,0,0,38,32,0,6
2002,"SEWARD",31159,49,39,0,0,10,0,0,0,0,0,49,39,0,10
2003,"SEWARD",31159,47,37,0,0,10,0,0,0,0,0,47,37,0,10
1990,"SHERIDAN",31161,10,8,1,1,0,5,3,1,1,0,5,5,0,0
1991,"SHERIDAN",31161,11,8,0,2,1,4,2,0,2,0,7,6,0,1
1992,"SHERIDAN",31161,10,7,1,1,1,2,0,1,1,0,8,7,0,1
1993,"SHERIDAN",31161,3,2,0,0,1,1,1,0,0,0,2,1,0,1
1994,"SHERIDAN",31161,8,6,0,1,1,4,2,0,1,1,4,4,0,0
1995,"SHERIDAN",31161,8,8,0,0,0,0,0,0,0,0,8,8,0,0
1996,"SHERIDAN",31161,13,10,0,2,1,2,0,0,2,0,11,10,0,1
1997,"SHERIDAN",31161,13,12,0,0,1,0,0,0,0,0,13,12,0,1
1998,"SHERIDAN",31161,13,13,0,0,0,0,0,0,0,0,13,13,0,0
1999,"SHERIDAN",31161,9,9,0,0,0,0,0,0,0,0,9,9,0,0
2000,"SHERIDAN",31161,8,8,0,0,0,0,0,0,0,0,8,8,0,0
2001,"SHERIDAN",31161,24,23,0,0,1,0,0,0,0,0,24,23,0,1
2002,"SHERIDAN",31161,15,15,0,0,0,0,0,0,0,0,15,15,0,0
2003,"SHERIDAN",31161,27,23,0,1,3,1,0,0,1,0,26,23,0,3
1990,"SHERMAN",31163,4,3,0,1,0,1,0,0,1,0,3,3,0,0
1991,"SHERMAN",31163,7,7,0,0,0,1,1,0,0,0,6,6,0,0
1992,"SHERMAN",31163,2,2,0,0,0,0,0,0,0,0,2,2,0,0
1993,"SHERMAN",31163,4,4,0,0,0,0,0,0,0,0,4,4,0,0
1994,"SHERMAN",31163,6,4,0,1,1,1,0,0,1,0,5,4,0,1
1995,"SHERMAN",31163,4,4,0,0,0,0,0,0,0,0,4,4,0,0
1996,"SHERMAN",31163,7,6,0,1,0,2,1,0,1,0,5,5,0,0
1997,"SHERMAN",31163,9,9,0,0,0,0,0,0,0,0,9,9,0,0
1998,"SHERMAN",31163,11,9,0,1,1,1,0,0,1,0,10,9,0,1
1999,"SHERMAN",31163,9,9,0,0,0,0,0,0,0,0,9,9,0,0
2000,"SHERMAN",31163,7,6,0,1,0,1,0,0,1,0,6,6,0,0
2001,"SHERMAN",31163,18,18,0,0,0,0,0,0,0,0,18,18,0,0
2002,"SHERMAN",31163,16,15,0,0,1,0,0,0,0,0,16,15,0,1
2003,"SHERMAN",31163,10,10,0,0,0,0,0,0,0,0,10,10,0,0
1992,"SIOUX",31165,2,1,0,1,0,1,0,0,1,0,1,1,0,0
1993,"SIOUX",31165,1,1,0,0,0,0,0,0,0,0,1,1,0,0
1994,"SIOUX",31165,1,1,0,0,0,0,0,0,0,0,1,1,0,0
1996,"SIOUX",31165,2,1,0,1,0,1,0,0,1,0,1,1,0,0
1997,"SIOUX",31165,1,1,0,0,0,1,1,0,0,0,0,0,0,0
1998,"SIOUX",31165,2,2,0,0,0,0,0,0,0,0,2,2,0,0
1999,"SIOUX",31165,0,0,0,0,0,0,0,0,0,0,0,0,0,0
2002,"SIOUX",31165,3,3,0,0,0,0,0,0,0,0,3,3,0,0
2003,"SIOUX",31165,2,2,0,0,0,0,0,0,0,0,2,2,0,0
1990,"STANTON",31167,9,6,0,2,1,2,0,0,2,0,7,6,0,1
1991,"STANTON",31167,14,11,1,2,0,4,1,1,2,0,10,10,0,0
1992,"STANTON",31167,9,7,0,1,1,2,1,0,1,0,7,6,0,1
1993,"STANTON",31167,15,10,0,4,1,5,1,0,4,0,10,9,0,1
1994,"STANTON",31167,8,6,0,0,2,0,0,0,0,0,8,6,0,2
1995,"STANTON",31167,6,6,0,0,0,0,0,0,0,0,6,6,0,0
1996,"STANTON",31167,14,11,0,1,2,1,0,0,1,0,13,11,0,2
1997,"STANTON",31167,10,8,0,0,2,2,2,0,0,0,8,6,0,2
1998,"STANTON",31167,6,6,0,0,0,0,0,0,0,0,6,6,0,0
1999,"STANTON",31167,19,19,0,0,0,0,0,0,0,0,19,19,0,0
2000,"STANTON",31167,14,14,0,0,0,0,0,0,0,0,14,14,0,0
2001,"STANTON",31167,18,18,0,0,0,0,0,0,0,0,18,18,0,0
2002,"STANTON",31167,29,24,0,1,4,1,0,0,1,0,28,24,0,4
2003,"STANTON",31167,30,30,0,0,0,1,1,0,0,0,29,29,0,0
1990,"THAYER",31169,13,11,0,1,1,2,1,0,1,0,11,10,0,1
1991,"THAYER",31169,13,6,2,3,2,5,0,2,3,0,8,6,0,2
1992,"THAYER",31169,12,7,0,5,0,5,0,0,5,0,7,7,0,0
1993,"THAYER",31169,14,12,0,0,2,2,1,0,0,1,12,11,0,1
1994,"THAYER",31169,15,13,0,1,1,1,0,0,1,0,14,13,0,1
1995,"THAYER",31169,13,11,0,2,0,5,3,0,2,0,8,8,0,0
1996,"THAYER",31169,22,22,0,0,0,4,4,0,0,0,18,18,0,0
1997,"THAYER",31169,16,12,0,1,3,2,0,0,1,1,14,12,0,2
1998,"THAYER",31169,17,14,0,1,2,2,1,0,1,0,15,13,0,2
1999,"THAYER",31169,23,19,0,0,4,0,0,0,0,0,23,19,0,4
2000,"THAYER",31169,21,18,0,2,1,2,0,0,2,0,19,18,0,1
2001,"THAYER",31169,32,31,0,0,1,1,1,0,0,0,31,30,0,1
2002,"THAYER",31169,18,17,0,0,1,0,0,0,0,0,18,17,0,1
2003,"THAYER",31169,23,21,0,0,2,0,0,0,0,0,23,21,0,2
1990,"THOMAS",31171,1,1,0,0,0,0,0,0,0,0,1,1,0,0
1991,"THOMAS",31171,4,3,0,1,0,1,0,0,1,0,3,3,0,0
1992,"THOMAS",31171,3,3,0,0,0,0,0,0,0,0,3,3,0,0
1993,"THOMAS",31171,2,2,0,0,0,0,0,0,0,0,2,2,0,0
1994,"THOMAS",31171,1,1,0,0,0,0,0,0,0,0,1,1,0,0
1995,"THOMAS",31171,2,1,0,1,0,1,0,0,1,0,1,1,0,0
1996,"THOMAS",31171,5,4,0,1,0,1,0,0,1,0,4,4,0,0
1997,"THOMAS",31171,1,1,0,0,0,1,1,0,0,0,0,0,0,0
1998,"THOMAS",31171,2,2,0,0,0,0,0,0,0,0,2,2,0,0
1999,"THOMAS",31171,2,2,0,0,0,0,0,0,0,0,2,2,0,0
2000,"THOMAS",31171,3,3,0,0,0,0,0,0,0,0,3,3,0,0
2001,"THOMAS",31171,5,3,1,0,1,1,0,1,0,0,4,3,0,1
2002,"THOMAS",31171,1,0,0,0,1,0,0,0,0,0,1,0,0,1
2003,"THOMAS",31171,5,4,0,0,1,0,0,0,0,0,5,4,0,1
1990,"THURSTON",31173,15,9,0,4,2,7,2,0,4,1,8,7,0,1
1991,"THURSTON",31173,5,5,0,0,0,0,0,0,0,0,5,5,0,0
1992,"THURSTON",31173,5,4,0,0,1,1,0,0,0,1,4,4,0,0
1993,"THURSTON",31173,8,7,0,1,0,2,1,0,1,0,6,6,0,0
1994,"THURSTON",31173,6,6,0,0,0,0,0,0,0,0,6,6,0,0
1995,"THURSTON",31173,4,3,0,1,0,1,0,0,1,0,3,3,0,0
1996,"THURSTON",31173,13,12,0,0,1,1,0,0,0,1,12,12,0,0
1997,"THURSTON",31173,14,10,1,1,2,2,0,1,1,0,12,10,0,2
1998,"THURSTON",31173,7,7,0,0,0,0,0,0,0,0,7,7,0,0
1999,"THURSTON",31173,13,12,0,0,1,0,0,0,0,0,13,12,0,1
2000,"THURSTON",31173,11,9,0,1,1,2,1,0,1,0,9,8,0,1
2001,"THURSTON",31173,13,12,0,1,0,2,1,0,1,0,11,11,0,0
2002,"THURSTON",31173,21,16,0,0,5,1,0,0,0,1,20,16,0,4
2003,"THURSTON",31173,8,3,0,0,5,0,0,0,0,0,8,3,0,5
1990,"VALLEY",31175,8,8,0,0,0,0,0,0,0,0,8,8,0,0
1991,"VALLEY",31175,5,5,0,0,0,0,0,0,0,0,5,5,0,0
1992,"VALLEY",31175,4,3,0,0,1,1,1,0,0,0,3,2,0,1
1993,"VALLEY",31175,1,1,0,0,0,0,0,0,0,0,1,1,0,0
1994,"VALLEY",31175,3,3,0,0,0,0,0,0,0,0,3,3,0,0
1995,"VALLEY",31175,5,5,0,0,0,0,0,0,0,0,5,5,0,0
1996,"VALLEY",31175,13,10,1,1,1,3,1,1,1,0,10,9,0,1
1997,"VALLEY",31175,9,8,0,0,1,1,1,0,0,0,8,7,0,1
1998,"VALLEY",31175,9,9,0,0,0,0,0,0,0,0,9,9,0,0
1999,"VALLEY",31175,15,12,0,3,0,3,0,0,3,0,12,12,0,0
2000,"VALLEY",31175,7,7,0,0,0,0,0,0,0,0,7,7,0,0
2001,"VALLEY",31175,14,12,0,0,2,0,0,0,0,0,14,12,0,2
2002,"VALLEY",31175,11,9,1,0,1,1,0,1,0,0,10,9,0,1
2003,"VALLEY",31175,13,11,0,0,2,0,0,0,0,0,13,11,0,2
1990,"WASHINGTON",31177,40,26,0,0,14,6,3,0,0,3,34,23,0,11
1991,"WASHINGTON",31177,39,22,0,0,17,2,0,0,0,2,37,22,0,15
1992,"WASHINGTON",31177,41,32,0,0,9,2,2,0,0,0,39,30,0,9
1993,"WASHINGTON",31177,37,22,0,1,14,2,1,0,1,0,35,21,0,14
1994,"WASHINGTON",31177,40,33,0,0,7,0,0,0,0,0,40,33,0,7
1995,"WASHINGTON",31177,30,25,0,0,5,2,1,0,0,1,28,24,0,4
1996,"WASHINGTON",31177,45,32,0,0,13,2,1,0,0,1,43,31,0,12
1997,"WASHINGTON",31177,58,48,2,0,8,3,0,2,0,1,55,48,0,7
1998,"WASHINGTON",31177,55,43,0,0,12,0,0,0,0,0,55,43,0,12
1999,"WASHINGTON",31177,59,43,0,0,16,1,1,0,0,0,58,42,0,16
2000,"WASHINGTON",31177,44,38,0,0,6,0,0,0,0,0,44,38,0,6
2001,"WASHINGTON",31177,63,48,1,0,14,1,0,1,0,0,62,48,0,14
2002,"WASHINGTON",31177,76,48,2,0,26,2,0,2,0,0,74,48,0,26
2003,"WASHINGTON",31177,79,56,0,0,23,1,1,0,0,0,78,55,0,23
1990,"WAYNE",31179,12,10,1,0,1,3,1,1,0,1,9,9,0,0
1991,"WAYNE",31179,8,7,0,1,0,1,0,0,1,0,7,7,0,0
1992,"WAYNE",31179,15,10,0,1,4,4,2,0,1,1,11,8,0,3
1993,"WAYNE",31179,7,6,0,1,0,1,0,0,1,0,6,6,0,0
1994,"WAYNE",31179,13,10,0,0,3,0,0,0,0,0,13,10,0,3
1995,"WAYNE",31179,10,9,1,0,0,0,0,0,0,0,10,9,1,0
1996,"WAYNE",31179,10,8,0,0,2,1,0,0,0,1,9,8,0,1
1997,"WAYNE",31179,15,13,0,0,2,0,0,0,0,0,15,13,0,2
1998,"WAYNE",31179,17,17,0,0,0,2,2,0,0,0,15,15,0,0
1999,"WAYNE",31179,17,14,0,0,3,0,0,0,0,0,17,14,0,3
2000,"WAYNE",31179,10,7,0,0,3,0,0,0,0,0,10,7,0,3
2001,"WAYNE",31179,15,15,0,0,0,0,0,0,0,0,15,15,0,0
2002,"WAYNE",31179,17,16,0,0,1,0,0,0,0,0,17,16,0,1
2003,"WAYNE",31179,14,13,0,0,1,1,1,0,0,0,13,12,0,1
1990,"WEBSTER",31181,5,5,0,0,0,0,0,0,0,0,5,5,0,0
1991,"WEBSTER",31181,8,7,0,0,1,0,0,0,0,0,8,7,0,1
1992,"WEBSTER",31181,3,3,0,0,0,0,0,0,0,0,3,3,0,0
1993,"WEBSTER",31181,4,4,0,0,0,0,0,0,0,0,4,4,0,0
1994,"WEBSTER",31181,6,5,0,0,1,0,0,0,0,0,6,5,0,1
1995,"WEBSTER",31181,5,5,0,0,0,0,0,0,0,0,5,5,0,0
1996,"WEBSTER",31181,11,9,0,2,0,3,1,0,2,0,8,8,0,0
1997,"WEBSTER",31181,13,13,0,0,0,0,0,0,0,0,13,13,0,0
1998,"WEBSTER",31181,10,9,0,0,1,0,0,0,0,0,10,9,0,1
1999,"WEBSTER",31181,12,11,0,0,1,0,0,0,0,0,12,11,0,1
2000,"WEBSTER",31181,12,12,0,0,0,0,0,0,0,0,12,12,0,0
2001,"WEBSTER",31181,17,16,0,0,1,0,0,0,0,0,17,16,0,1
2002,"WEBSTER",31181,15,15,0,0,0,0,0,0,0,0,15,15,0,0
2003,"WEBSTER",31181,19,18,0,0,1,1,1,0,0,0,18,17,0,1
1990,"WHEELER",31183,1,0,0,0,0,1,0,0,1,0,0,0,0,0
1991,"WHEELER",31183,1,1,0,0,0,0,0,0,0,0,1,1,0,0
1993,"WHEELER",31183,2,1,1,0,0,1,0,1,0,0,1,1,0,0
1994,"WHEELER",31183,1,1,0,0,0,0,0,0,0,0,1,1,0,0
1995,"WHEELER",31183,1,1,0,0,0,0,0,0,0,0,1,1,0,0
1996,"WHEELER",31183,3,3,0,0,0,0,0,0,0,0,3,3,0,0
1997,"WHEELER",31183,3,3,0,0,0,0,0,0,0,0,3,3,0,0
1999,"WHEELER",31183,2,2,0,0,0,0,0,0,0,0,2,2,0,0
2000,"WHEELER",31183,1,0,0,1,0,1,0,0,1,0,0,0,0,0
2002,"WHEELER",31183,6,6,0,0,0,0,0,0,0,0,6,6,0,0
2003,"WHEELER",31183,4,3,0,0,1,1,1,0,0,0,3,2,0,1
1990,"YORK",31185,23,14,0,3,6,6,2,0,3,1,17,12,0,5
1991,"YORK",31185,32,25,0,1,6,2,1,0,1,0,30,24,0,6
1992,"YORK",31185,30,26,0,1,3,2,1,0,1,0,28,25,0,3
1993,"YORK",31185,21,17,1,0,3,1,0,1,0,0,20,17,0,3
1994,"YORK",31185,20,13,0,1,6,1,0,0,1,0,19,13,0,6
1995,"YORK",31185,24,21,0,0,3,2,1,0,0,1,22,20,0,2
1996,"YORK",31185,29,25,0,0,4,3,3,0,0,0,26,22,0,4
1997,"YORK",31185,40,34,0,2,4,3,1,0,2,0,37,33,0,4
1998,"YORK",31185,51,45,0,3,3,4,1,0,3,0,47,44,0,3
1999,"YORK",31185,46,40,0,1,5,2,0,0,1,1,44,40,0,4
2000,"YORK",31185,49,39,4,3,3,7,0,4,3,0,42,39,0,3
2001,"YORK",31185,53,43,0,0,10,0,0,0,0,0,53,43,0,10
2002,"YORK",31185,54,41,4,0,9,2,0,2,0,0,52,41,2,9
2003,"YORK",31185,72,64,0,0,8,0,0,0,0,0,72,64,0,8
1990,"CHURCHILL",32001,62,57,3,0,2,3,1,2,0,0,59,56,1,2
1991,"CHURCHILL",32001,66,58,2,0,6,2,0,1,0,1,64,58,1,5
1992,"CHURCHILL",32001,60,52,1,0,7,2,0,1,0,1,58,52,0,6
1993,"CHURCHILL",32001,64,59,0,0,5,3,3,0,0,0,61,56,0,5
1994,"CHURCHILL",32001,65,56,0,0,9,2,1,0,0,1,63,55,0,8
1995,"CHURCHILL",32001,92,77,1,0,14,9,6,1,0,2,83,71,0,12
1996,"CHURCHILL",32001,88,70,0,0,18,5,3,0,0,2,83,67,0,16
1997,"CHURCHILL",32001,143,130,0,0,13,1,0,0,0,1,142,130,0,12
1998,"CHURCHILL",32001,145,122,0,1,22,7,4,0,1,2,138,118,0,20
1999,"CHURCHILL",32001,154,136,1,0,17,5,3,0,0,2,149,133,1,15
2000,"CHURCHILL",32001,152,129,0,0,23,2,1,0,0,1,150,128,0,22
2001,"CHURCHILL",32001,137,121,0,0,16,0,0,0,0,0,137,121,0,16
2002,"CHURCHILL",32001,162,140,0,0,22,0,0,0,0,0,162,140,0,22
2003,"CHURCHILL",32001,165,148,0,0,17,2,2,0,0,0,163,146,0,17
1990,"CLARK",32003,4532,2835,140,0,1557,201,69,116,0,16,4331,2766,24,1541
1991,"CLARK",32003,5032,3274,194,0,1564,306,92,178,0,36,4726,3182,16,1528
1992,"CLARK",32003,5663,3923,176,0,1564,335,104,165,0,66,5328,3819,11,1498
1993,"CLARK",32003,5625,3932,160,0,1533,319,113,150,0,56,5306,3819,10,1477
1994,"CLARK",32003,5066,3567,101,0,1398,243,101,94,0,48,4823,3466,7,1350
1995,"CLARK",32003,5533,3864,98,1,1570,198,72,92,1,33,5335,3792,6,1537
1996,"CLARK",32003,7657,5142,107,0,2408,226,88,100,0,38,7431,5054,7,2370
1997,"CLARK",32003,9914,6629,98,0,3186,190,74,93,0,22,9724,6555,5,3164
1998,"CLARK",32003,11496,7972,76,0,3448,190,99,72,0,19,11306,7873,4,3429
1999,"CLARK",32003,10449,7135,84,0,3230,159,61,81,0,17,10290,7074,3,3213
2000,"CLARK",32003,9978,6776,85,0,3117,191,100,81,0,10,9787,6676,4,3107
2001,"CLARK",32003,13367,9351,105,0,3911,206,97,99,0,10,13161,9254,6,3901
2002,"CLARK",32003,14796,10409,115,0,4272,182,83,93,0,6,14614,10326,22,4266
2003,"CLARK",32003,15900,11358,95,0,4447,189,98,84,0,7,15711,11260,11,4440
1990,"DOUGLAS",32005,76,67,5,0,4,9,4,5,0,0,67,63,0,4
1991,"DOUGLAS",32005,100,80,6,0,14,14,8,5,0,1,86,72,1,13
1992,"DOUGLAS",32005,115,95,7,0,13,15,8,7,0,0,100,87,0,13
1993,"DOUGLAS",32005,111,89,3,0,19,8,5,3,0,0,103,84,0,19
1994,"DOUGLAS",32005,90,74,1,0,15,6,4,1,0,1,84,70,0,14
1995,"DOUGLAS",32005,112,82,6,0,24,16,6,5,0,5,96,76,1,19
1996,"DOUGLAS",32005,157,129,5,0,23,17,9,5,0,3,140,120,0,20
1997,"DOUGLAS",32005,170,139,6,0,25,20,10,6,0,4,150,129,0,21
1998,"DOUGLAS",32005,184,159,4,0,21,11,6,4,0,1,173,153,0,20
1999,"DOUGLAS",32005,190,166,1,0,23,4,3,1,0,0,186,163,0,23
2000,"DOUGLAS",32005,166,137,1,0,28,8,5,1,0,2,158,132,0,26
2001,"DOUGLAS",32005,179,165,2,0,12,5,3,2,0,0,174,162,0,12
2002,"DOUGLAS",32005,206,190,1,0,15,6,5,0,0,1,200,185,1,14
2003,"DOUGLAS",32005,208,189,2,0,17,3,1,1,0,1,205,188,1,16
1990,"ELKO",32007,92,84,2,0,6,7,5,2,0,0,85,79,0,6
1991,"ELKO",32007,114,104,2,0,8,5,1,2,0,2,109,103,0,6
1992,"ELKO",32007,106,97,3,0,6,12,8,3,0,1,94,89,0,5
1993,"ELKO",32007,109,99,4,0,6,8,4,4,0,0,101,95,0,6
1994,"ELKO",32007,88,82,0,0,6,4,4,0,0,0,84,78,0,6
1995,"ELKO",32007,118,105,1,1,11,4,1,1,1,1,114,104,0,10
1996,"ELKO",32007,162,143,3,1,15,5,1,3,1,0,157,142,0,15
1997,"ELKO",32007,223,206,1,0,16,4,2,1,0,1,219,204,0,15
1998,"ELKO",32007,308,284,3,0,21,11,6,3,0,2,297,278,0,19
1999,"ELKO",32007,319,302,2,1,14,8,4,2,1,1,311,298,0,13
2000,"ELKO",32007,275,262,0,0,13,3,3,0,0,0,272,259,0,13
2001,"ELKO",32007,388,374,1,0,13,5,2,1,0,2,383,372,0,11
2002,"ELKO",32007,429,395,14,0,20,20,1,13,0,6,409,394,1,14
2003,"ELKO",32007,270,252,0,0,18,10,8,0,0,2,260,244,0,16
1990,"ESMERALDA",32009,1,1,0,0,0,0,0,0,0,0,1,1,0,0
1991,"ESMERALDA",32009,1,1,0,0,0,0,0,0,0,0,1,1,0,0
1992,"ESMERALDA",32009,2,1,0,1,0,1,0,0,1,0,1,1,0,0
1993,"ESMERALDA",32009,2,2,0,0,0,0,0,0,0,0,2,2,0,0
1994,"ESMERALDA",32009,5,5,0,0,0,0,0,0,0,0,5,5,0,0
1995,"ESMERALDA",32009,3,2,0,0,1,1,0,0,0,1,2,2,0,0
1996,"ESMERALDA",32009,4,3,0,0,1,1,0,0,0,1,3,3,0,0
1997,"ESMERALDA",32009,12,11,0,0,1,3,2,0,0,1,9,9,0,0
1998,"ESMERALDA",32009,5,4,0,0,1,0,0,0,0,0,5,4,0,1
1999,"ESMERALDA",32009,9,9,0,0,0,0,0,0,0,0,9,9,0,0
2000,"ESMERALDA",32009,4,4,0,0,0,0,0,0,0,0,4,4,0,0
2001,"ESMERALDA",32009,9,7,0,0,2,0,0,0,0,0,9,7,0,2
2002,"ESMERALDA",32009,1,0,1,0,0,1,0,1,0,0,0,0,0,0
2003,"ESMERALDA",32009,2,1,0,0,1,0,0,0,0,0,2,1,0,1
1990,"EUREKA",32011,7,3,0,2,2,2,0,0,2,0,5,3,0,2
1991,"EUREKA",32011,2,1,0,1,0,1,0,0,1,0,1,1,0,0
1992,"EUREKA",32011,2,0,0,0,2,1,0,0,0,1,1,0,0,1
1993,"EUREKA",32011,2,0,0,0,2,0,0,0,0,0,2,0,0,2
1995,"EUREKA",32011,3,3,0,0,0,0,0,0,0,0,3,3,0,0
1996,"EUREKA",32011,2,1,0,0,1,1,0,0,0,1,1,1,0,0
1997,"EUREKA",32011,4,4,0,0,0,1,1,0,0,0,3,3,0,0
1998,"EUREKA",32011,4,2,0,0,2,0,0,0,0,0,4,2,0,2
1999,"EUREKA",32011,3,3,0,0,0,0,0,0,0,0,3,3,0,0
2000,"EUREKA",32011,7,6,0,0,1,0,0,0,0,0,7,6,0,1
2001,"EUREKA",32011,10,9,0,0,1,0,0,0,0,0,10,9,0,1
2002,"EUREKA",32011,7,7,0,0,0,0,0,0,0,0,7,7,0,0
2003,"EUREKA",32011,8,8,0,0,0,0,0,0,0,0,8,8,0,0
1990,"HUMBOLDT",32013,37,29,2,0,6,5,2,2,0,1,32,27,0,5
1991,"HUMBOLDT",32013,48,42,1,0,5,2,1,1,0,0,46,41,0,5
1992,"HUMBOLDT",32013,41,39,0,0,2,2,2,0,0,0,39,37,0,2
1993,"HUMBOLDT",32013,32,29,1,0,2,0,0,0,0,0,32,29,1,2
1994,"HUMBOLDT",32013,38,33,0,1,4,4,3,0,1,0,34,30,0,4
1995,"HUMBOLDT",32013,30,22,2,0,6,2,0,2,0,0,28,22,0,6
1996,"HUMBOLDT",32013,48,41,1,0,6,2,0,1,0,1,46,41,0,5
1997,"HUMBOLDT",32013,74,69,0,0,5,4,2,0,0,2,70,67,0,3
1998,"HUMBOLDT",32013,119,102,2,0,15,9,4,2,0,3,110,98,0,12
1999,"HUMBOLDT",32013,141,135,0,1,5,2,1,0,1,0,139,134,0,5
2000,"HUMBOLDT",32013,124,112,0,0,12,5,2,0,0,3,119,110,0,9
2001,"HUMBOLDT",32013,158,150,0,1,7,3,1,0,1,1,155,149,0,6
2002,"HUMBOLDT",32013,146,141,1,0,4,6,5,1,0,0,140,136,0,4
2003,"HUMBOLDT",32013,93,89,0,0,4,3,2,0,0,1,90,87,0,3
1990,"LANDER",32015,20,19,0,0,1,1,1,0,0,0,19,18,0,1
1991,"LANDER",32015,20,18,1,0,1,0,0,0,0,0,20,18,1,1
1992,"LANDER",32015,39,33,4,0,2,4,0,4,0,0,35,33,0,2
1993,"LANDER",32015,37,35,0,0,2,1,1,0,0,0,36,34,0,2
1994,"LANDER",32015,30,22,0,0,8,1,1,0,0,0,29,21,0,8
1995,"LANDER",32015,16,15,0,0,1,0,0,0,0,0,16,15,0,1
1996,"LANDER",32015,26,24,0,0,2,1,1,0,0,0,25,23,0,2
1997,"LANDER",32015,43,41,0,0,2,0,0,0,0,0,43,41,0,2
1998,"LANDER",32015,38,34,0,0,4,0,0,0,0,0,38,34,0,4
1999,"LANDER",32015,52,48,0,0,4,0,0,0,0,0,52,48,0,4
2000,"LANDER",32015,43,40,0,0,3,0,0,0,0,0,43,40,0,3
2001,"LANDER",32015,43,40,0,0,3,1,1,0,0,0,42,39,0,3
2002,"LANDER",32015,42,39,1,0,2,2,1,1,0,0,40,38,0,2
2003,"LANDER",32015,35,34,0,0,1,0,0,0,0,0,35,34,0,1
1990,"LINCOLN",32017,4,3,1,0,0,1,0,1,0,0,3,3,0,0
1991,"LINCOLN",32017,8,7,0,0,1,0,0,0,0,0,8,7,0,1
1992,"LINCOLN",32017,6,5,0,0,1,0,0,0,0,0,6,5,0,1
1993,"LINCOLN",32017,5,4,0,0,1,1,0,0,0,1,4,4,0,0
1994,"LINCOLN",32017,8,7,0,0,1,0,0,0,0,0,8,7,0,1
1995,"LINCOLN",32017,2,1,0,0,1,1,0,0,0,1,1,1,0,0
1996,"LINCOLN",32017,7,5,0,0,2,0,0,0,0,0,7,5,0,2
1997,"LINCOLN",32017,3,3,0,0,0,0,0,0,0,0,3,3,0,0
1998,"LINCOLN",32017,5,2,0,0,3,0,0,0,0,0,5,2,0,3
1999,"LINCOLN",32017,14,11,0,1,2,1,0,0,1,0,13,11,0,2
2000,"LINCOLN",32017,15,11,0,0,4,0,0,0,0,0,15,11,0,4
2001,"LINCOLN",32017,14,12,0,0,2,0,0,0,0,0,14,12,0,2
2002,"LINCOLN",32017,10,8,1,0,1,0,0,0,0,0,10,8,1,1
2003,"LINCOLN",32017,7,7,0,0,0,0,0,0,0,0,7,7,0,0
1990,"LYON",32019,92,82,2,0,8,3,1,2,0,0,89,81,0,8
1991,"LYON",32019,77,69,2,0,6,3,1,2,0,0,74,68,0,6
1992,"LYON",32019,88,75,3,0,10,7,2,3,0,2,81,73,0,8
1993,"LYON",32019,75,69,0,0,6,2,1,0,0,1,73,68,0,5
1994,"LYON",32019,72,60,1,0,11,7,3,1,0,3,65,57,0,8
1995,"LYON",32019,105,89,2,0,14,6,3,2,0,1,99,86,0,13
1996,"LYON",32019,126,107,2,0,17,6,2,2,0,2,120,105,0,15
1997,"LYON",32019,142,123,1,0,18,9,5,1,0,3,133,118,0,15
1998,"LYON",32019,193,167,0,0,26,5,4,0,0,1,188,163,0,25
1999,"LYON",32019,245,201,4,0,40,8,4,4,0,0,237,197,0,40
2000,"LYON",32019,257,220,1,0,36,1,0,1,0,0,256,220,0,36
2001,"LYON",32019,293,257,0,0,36,6,3,0,0,3,287,254,0,33
2002,"LYON",32019,327,290,2,0,35,4,2,1,0,1,323,288,1,34
2003,"LYON",32019,329,279,3,0,47,7,2,3,0,2,322,277,0,45
1990,"MINERAL",32021,20,19,0,0,1,0,0,0,0,0,20,19,0,1
1991,"MINERAL",32021,12,11,0,0,1,0,0,0,0,0,12,11,0,1
1992,"MINERAL",32021,20,16,0,0,4,0,0,0,0,0,20,16,0,4
1993,"MINERAL",32021,26,21,1,0,4,1,0,1,0,0,25,21,0,4
1994,"MINERAL",32021,12,10,0,0,2,0,0,0,0,0,12,10,0,2
1995,"MINERAL",32021,10,6,2,0,2,2,0,2,0,0,8,6,0,2
1996,"MINERAL",32021,16,15,0,0,1,0,0,0,0,0,16,15,0,1
1997,"MINERAL",32021,12,10,2,0,0,3,1,2,0,0,9,9,0,0
1998,"MINERAL",32021,23,19,1,0,3,3,2,1,0,0,20,17,0,3
1999,"MINERAL",32021,29,25,0,0,4,1,0,0,0,1,28,25,0,3
2000,"MINERAL",32021,21,21,0,0,0,0,0,0,0,0,21,21,0,0
2001,"MINERAL",32021,24,23,0,0,1,0,0,0,0,0,24,23,0,1
2002,"MINERAL",32021,32,30,0,0,2,0,0,0,0,0,32,30,0,2
2003,"MINERAL",32021,17,16,0,0,1,0,0,0,0,0,17,16,0,1
1990,"NYE",32023,66,48,1,1,16,3,1,1,1,0,63,47,0,16
1991,"NYE",32023,60,44,3,0,13,3,0,3,0,0,57,44,0,13
1992,"NYE",32023,88,67,1,0,20,1,0,1,0,0,87,67,0,20
1993,"NYE",32023,96,73,4,0,19,8,3,4,0,1,88,70,0,18
1994,"NYE",32023,91,68,2,1,20,3,0,2,1,0,88,68,0,20
1995,"NYE",32023,94,64,1,1,28,4,2,1,1,0,90,62,0,28
1996,"NYE",32023,123,88,0,1,34,4,3,0,1,0,119,85,0,34
1997,"NYE",32023,187,128,1,0,58,6,4,1,0,1,181,124,0,57
1998,"NYE",32023,227,169,1,0,57,3,2,1,0,0,224,167,0,57
1999,"NYE",32023,232,166,2,1,63,6,2,2,1,1,226,164,0,62
2000,"NYE",32023,236,175,1,0,60,4,3,1,0,0,232,172,0,60
2001,"NYE",32023,321,245,5,0,71,9,4,5,0,0,312,241,0,71
2002,"NYE",32023,236,165,3,0,68,3,0,3,0,0,233,165,0,68
2003,"NYE",32023,257,200,1,0,56,1,0,1,0,0,256,200,0,56
1990,"PERSHING",32027,17,16,0,0,1,1,1,0,0,0,16,15,0,1
1991,"PERSHING",32027,9,8,0,0,1,2,1,0,0,1,7,7,0,0
1992,"PERSHING",32027,11,9,1,0,1,1,0,1,0,0,10,9,0,1
1993,"PERSHING",32027,18,17,1,0,0,1,0,1,0,0,17,17,0,0
1994,"PERSHING",32027,12,12,0,0,0,0,0,0,0,0,12,12,0,0
1995,"PERSHING",32027,22,15,0,0,7,1,0,0,0,1,21,15,0,6
1996,"PERSHING",32027,12,10,0,0,2,1,0,0,0,1,11,10,0,1
1997,"PERSHING",32027,22,17,2,0,3,4,1,2,0,1,18,16,0,2
1998,"PERSHING",32027,17,14,1,0,2,2,0,1,0,1,15,14,0,1
1999,"PERSHING",32027,28,21,2,0,5,2,0,1,0,1,26,21,1,4
2000,"PERSHING",32027,20,18,0,1,1,2,1,0,1,0,18,17,0,1
2001,"PERSHING",32027,16,16,0,0,0,0,0,0,0,0,16,16,0,0
2002,"PERSHING",32027,23,20,0,0,3,1,1,0,0,0,22,19,0,3
2003,"PERSHING",32027,26,23,0,0,3,1,1,0,0,0,25,22,0,3
1990,"STOREY",32029,7,3,2,0,2,3,0,2,0,1,4,3,0,1
1991,"STOREY",32029,10,6,2,0,2,3,0,2,0,1,7,6,0,1
1992,"STOREY",32029,6,4,1,0,1,1,0,1,0,0,5,4,0,1
1993,"STOREY",32029,10,7,1,0,2,1,0,1,0,0,9,7,0,2
1994,"STOREY",32029,6,4,0,0,2,1,0,0,0,1,5,4,0,1
1995,"STOREY",32029,6,6,0,0,0,0,0,0,0,0,6,6,0,0
1996,"STOREY",32029,11,8,0,0,3,1,0,0,0,1,10,8,0,2
1997,"STOREY",32029,21,21,0,0,0,1,1,0,0,0,20,20,0,0
1998,"STOREY",32029,13,10,0,0,3,0,0,0,0,0,13,10,0,3
1999,"STOREY",32029,5,4,0,0,1,0,0,0,0,0,5,4,0,1
2002,"STOREY",32029,25,23,0,0,2,2,2,0,0,0,23,21,0,2
2003,"STOREY",32029,19,13,0,0,6,0,0,0,0,0,19,13,0,6
1990,"WASHOE",32031,1232,1078,46,0,108,104,49,42,0,13,1128,1029,4,95
1991,"WASHOE",32031,1446,1210,66,0,170,116,43,58,0,15,1330,1167,8,155
1992,"WASHOE",32031,1440,1236,43,0,161,97,45,40,0,12,1343,1191,3,149
1993,"WASHOE",32031,1403,1178,41,1,183,103,44,40,1,18,1300,1134,1,165
1994,"WASHOE",32031,1253,989,42,0,222,79,27,38,0,14,1174,962,4,208
1995,"WASHOE",32031,1434,1163,35,1,235,103,51,33,1,18,1331,1112,2,217
1996,"WASHOE",32031,1691,1401,28,1,261,111,48,28,1,34,1580,1353,0,227
1997,"WASHOE",32031,1922,1604,31,0,287,115,53,31,0,31,1807,1551,0,256
1998,"WASHOE",32031,2332,1944,44,0,344,137,66,44,0,27,2195,1878,0,317
1999,"WASHOE",32031,2336,1937,15,0,384,86,57,13,0,16,2250,1880,2,368
2000,"WASHOE",32031,2195,1867,24,0,304,77,41,21,0,15,2118,1826,3,289
2001,"WASHOE",32031,2452,2118,30,0,304,75,41,26,0,8,2377,2077,4,296
2002,"WASHOE",32031,2656,2296,47,0,312,88,38,40,0,9,2568,2258,7,303
2003,"WASHOE",32031,2665,2254,28,0,383,84,50,27,0,7,2581,2204,1,376
1990,"WHITE PINE",32033,32,32,0,0,0,0,0,0,0,0,32,32,0,0
1991,"WHITE PINE",32033,42,39,0,0,3,2,1,0,0,1,40,38,0,2
1992,"WHITE PINE",32033,38,36,0,0,2,1,0,0,0,1,37,36,0,1
1993,"WHITE PINE",32033,30,27,2,0,1,4,2,2,0,0,26,25,0,1
1994,"WHITE PINE",32033,38,37,0,0,1,1,1,0,0,0,37,36,0,1
1995,"WHITE PINE",32033,32,32,0,0,0,1,1,0,0,0,31,31,0,0
1996,"WHITE PINE",32033,39,36,1,1,1,1,0,0,1,0,38,36,1,1
1997,"WHITE PINE",32033,46,46,0,0,0,0,0,0,0,0,46,46,0,0
1998,"WHITE PINE",32033,48,42,0,0,6,3,2,0,0,1,45,40,0,5
1999,"WHITE PINE",32033,59,58,0,1,0,2,1,0,1,0,57,57,0,0
2000,"WHITE PINE",32033,57,54,1,1,1,2,0,1,1,0,55,54,0,1
2001,"WHITE PINE",32033,28,24,0,0,4,2,2,0,0,0,26,22,0,4
2002,"WHITE PINE",32033,36,33,0,0,3,0,0,0,0,0,36,33,0,3
2003,"WHITE PINE",32033,41,39,0,0,2,0,0,0,0,0,41,39,0,2
1990,"CARSON CITY",32510,172,158,5,0,9,10,3,5,0,2,162,155,0,7
1991,"CARSON CITY",32510,188,173,6,0,9,13,7,6,0,0,175,166,0,9
1992,"CARSON CITY",32510,206,173,14,0,19,21,4,14,0,3,185,169,0,16
1993,"CARSON CITY",32510,197,167,9,0,21,17,8,8,0,1,180,159,1,20
1994,"CARSON CITY",32510,227,193,8,0,26,18,9,8,0,1,209,184,0,25
1995,"CARSON CITY",32510,249,200,8,0,41,22,8,8,0,6,227,192,0,35
1996,"CARSON CITY",32510,290,244,11,0,35,25,9,11,0,5,265,235,0,30
1997,"CARSON CITY",32510,418,359,11,0,48,26,13,10,0,3,392,346,1,45
1998,"CARSON CITY",32510,409,367,5,0,37,18,11,5,0,2,391,356,0,35
1999,"CARSON CITY",32510,394,333,5,0,56,19,13,3,0,3,375,320,2,53
2000,"CARSON CITY",32510,366,321,6,0,39,12,5,6,0,1,354,316,0,38
2001,"CARSON CITY",32510,472,420,5,0,47,17,11,5,0,1,455,409,0,46
2002,"CARSON CITY",32510,405,358,11,0,36,14,4,10,0,0,391,354,1,36
2003,"CARSON CITY",32510,449,403,7,0,39,19,11,6,0,2,430,392,1,37
1990,"BELKNAP",33001,116,94,9,0,13,23,14,9,0,0,93,80,0,13
1991,"BELKNAP",33001,199,172,11,0,16,37,24,9,0,4,162,148,2,12
1992,"BELKNAP",33001,138,126,5,0,7,8,5,3,0,0,130,121,2,7
1993,"BELKNAP",33001,175,151,8,0,16,7,1,6,0,0,168,150,2,16
1994,"BELKNAP",33001,148,133,0,0,15,6,5,0,0,1,142,128,0,14
1995,"BELKNAP",33001,152,133,3,0,16,7,4,3,0,0,145,129,0,16
1996,"BELKNAP",33001,191,155,2,0,34,1,0,1,0,0,190,155,1,34
1997,"BELKNAP",33001,268,236,3,0,29,12,8,3,0,1,256,228,0,28
1998,"BELKNAP",33001,256,227,1,0,28,21,17,1,0,3,235,210,0,25
1999,"BELKNAP",33001,216,195,0,0,21,11,9,0,0,2,205,186,0,19
2000,"BELKNAP",33001,247,226,3,0,18,27,24,3,0,0,220,202,0,18
2001,"BELKNAP",33001,242,205,3,0,34,25,22,3,0,0,217,183,0,34
2002,"BELKNAP",33001,255,222,2,0,31,21,16,1,0,4,234,206,1,27
2003,"BELKNAP",33001,250,211,3,0,36,14,9,3,0,2,236,202,0,34
1990,"CARROLL",33003,67,54,8,0,5,26,19,7,0,0,41,35,1,5
1991,"CARROLL",33003,101,86,10,0,5,29,16,10,0,3,72,70,0,2
1992,"CARROLL",33003,125,108,2,0,15,0,0,0,0,0,125,108,2,15
1993,"CARROLL",33003,95,86,2,0,7,4,2,2,0,0,91,84,0,7
1994,"CARROLL",33003,78,64,5,0,9,8,3,5,0,0,70,61,0,9
1995,"CARROLL",33003,83,75,3,0,5,5,2,3,0,0,78,73,0,5
1996,"CARROLL",33003,110,97,5,0,8,5,1,4,0,0,105,96,1,8
1997,"CARROLL",33003,136,126,2,0,8,8,6,2,0,0,128,120,0,8
1998,"CARROLL",33003,144,135,1,0,8,23,21,1,0,1,121,114,0,7
1999,"CARROLL",33003,123,111,4,0,8,16,10,4,0,2,107,101,0,6
2000,"CARROLL",33003,114,101,2,0,11,15,12,2,0,1,99,89,0,10
2001,"CARROLL",33003,107,99,2,0,6,15,13,2,0,0,92,86,0,6
2002,"CARROLL",33003,107,95,0,0,12,3,3,0,0,0,104,92,0,12
2003,"CARROLL",33003,132,120,0,0,12,2,2,0,0,0,130,118,0,12
1990,"CHESHIRE",33005,81,65,10,0,6,23,12,10,0,1,58,53,0,5
1991,"CHESHIRE",33005,139,124,2,0,13,23,16,2,0,5,116,108,0,8
1992,"CHESHIRE",33005,129,113,5,0,11,6,1,5,0,0,123,112,0,11
1993,"CHESHIRE",33005,133,108,2,0,23,3,1,2,0,0,130,107,0,23
1994,"CHESHIRE",33005,118,111,1,0,6,5,4,1,0,0,113,107,0,6
1995,"CHESHIRE",33005,176,166,1,0,9,3,2,1,0,0,173,164,0,9
1996,"CHESHIRE",33005,178,164,3,0,11,6,3,3,0,0,172,161,0,11
1997,"CHESHIRE",33005,271,255,1,1,14,9,7,1,1,0,262,248,0,14
1998,"CHESHIRE",33005,297,273,2,0,22,31,27,2,0,2,266,246,0,20
1999,"CHESHIRE",33005,252,224,3,0,25,27,20,3,0,4,225,204,0,21
2000,"CHESHIRE",33005,247,226,1,0,20,21,18,1,0,2,226,208,0,18
2001,"CHESHIRE",33005,287,259,3,0,25,30,26,3,0,1,257,233,0,24
2002,"CHESHIRE",33005,262,235,0,0,27,9,7,0,0,2,253,228,0,25
2003,"CHESHIRE",33005,293,261,0,0,32,9,9,0,0,0,284,252,0,32
1990,"COOS",33007,27,25,1,0,1,4,3,1,0,0,23,22,0,1
1991,"COOS",33007,50,41,3,0,6,15,8,3,0,4,35,33,0,2
1992,"COOS",33007,64,53,1,1,9,2,0,1,1,0,62,53,0,9
1993,"COOS",33007,61,56,2,0,3,2,0,2,0,0,59,56,0,3
1994,"COOS",33007,34,33,1,0,0,1,0,1,0,0,33,33,0,0
1995,"COOS",33007,66,55,0,0,11,1,0,0,0,1,65,55,0,10
1996,"COOS",33007,75,71,0,0,4,1,1,0,0,0,74,70,0,4
1997,"COOS",33007,91,88,0,0,3,3,3,0,0,0,88,85,0,3
1998,"COOS",33007,114,108,0,0,6,7,7,0,0,0,107,101,0,6
1999,"COOS",33007,113,104,0,0,9,11,11,0,0,0,102,93,0,9
2000,"COOS",33007,148,139,0,0,9,13,13,0,0,0,135,126,0,9
2001,"COOS",33007,117,107,1,0,9,7,6,1,0,0,110,101,0,9
2002,"COOS",33007,121,107,0,0,14,9,9,0,0,0,112,98,0,14
2003,"COOS",33007,152,127,0,0,25,1,0,0,0,1,151,127,0,24
1990,"GRAFTON",33009,116,98,9,0,9,38,29,8,0,1,78,69,1,8
1991,"GRAFTON",33009,160,133,10,0,17,37,26,8,0,3,123,107,2,14
1992,"GRAFTON",33009,150,125,11,0,14,9,3,6,0,0,141,122,5,14
1993,"GRAFTON",33009,111,100,1,0,10,7,6,1,0,0,104,94,0,10
1994,"GRAFTON",33009,109,92,7,0,10,10,3,7,0,0,99,89,0,10
1995,"GRAFTON",33009,146,137,1,0,8,3,2,1,0,0,143,135,0,8
1996,"GRAFTON",33009,193,169,4,0,20,6,3,3,0,0,187,166,1,20
1997,"GRAFTON",33009,267,243,5,1,18,18,12,5,1,0,249,231,0,18
1998,"GRAFTON",33009,320,297,1,0,22,26,23,1,0,2,294,274,0,20
1999,"GRAFTON",33009,269,242,0,1,26,24,20,0,1,3,245,222,0,23
2000,"GRAFTON",33009,275,250,0,0,25,31,30,0,0,1,244,220,0,24
2001,"GRAFTON",33009,281,251,2,0,28,23,20,2,0,1,258,231,0,27
2002,"GRAFTON",33009,292,263,1,0,28,11,10,1,0,0,281,253,0,28
2003,"GRAFTON",33009,329,292,1,0,36,18,14,0,0,4,311,278,1,32
1990,"HILLSBOROUGH",33011,949,834,54,0,61,145,83,49,0,13,804,751,5,48
1991,"HILLSBOROUGH",33011,1356,1204,67,0,85,190,113,62,0,15,1166,1091,5,70
1992,"HILLSBOROUGH",33011,1396,1280,37,0,79,62,32,30,0,0,1334,1248,7,79
1993,"HILLSBOROUGH",33011,1272,1168,17,0,87,45,29,16,0,0,1227,1139,1,87
1994,"HILLSBOROUGH",33011,1116,1016,17,0,83,30,14,16,0,0,1086,1002,1,83
1995,"HILLSBOROUGH",33011,1133,1052,14,0,67,37,22,14,0,1,1096,1030,0,66
1996,"HILLSBOROUGH",33011,1241,1165,11,0,65,28,18,9,0,1,1213,1147,2,64
1997,"HILLSBOROUGH",33011,1580,1500,10,0,70,49,40,9,0,0,1531,1460,1,70
1998,"HILLSBOROUGH",33011,1598,1497,12,0,89,128,108,12,0,8,1470,1389,0,81
1999,"HILLSBOROUGH",33011,1336,1249,15,0,72,112,93,15,0,3,1225,1156,0,69
2000,"HILLSBOROUGH",33011,1054,974,6,0,74,82,75,6,0,1,972,899,0,73
2001,"HILLSBOROUGH",33011,1150,1054,14,0,82,109,94,14,0,1,1041,960,0,81
2002,"HILLSBOROUGH",33011,1233,1123,8,0,101,60,48,8,0,3,1173,1075,0,98
2003,"HILLSBOROUGH",33011,1349,1238,5,0,106,57,50,5,0,2,1292,1188,0,104
1990,"MERRIMACK",33013,262,228,7,0,27,46,37,6,0,3,216,191,1,24
1991,"MERRIMACK",33013,448,401,18,0,29,74,54,17,0,3,374,347,1,26
1992,"MERRIMACK",33013,467,431,5,0,31,6,3,3,0,0,461,428,2,31
1993,"MERRIMACK",33013,421,368,10,1,42,21,11,9,1,0,400,357,1,42
1994,"MERRIMACK",33013,339,282,9,0,48,12,3,9,0,0,327,279,0,48
1995,"MERRIMACK",33013,346,316,8,1,21,15,6,8,1,0,331,310,0,21
1996,"MERRIMACK",33013,390,357,4,0,29,11,7,4,0,0,379,350,0,29
1997,"MERRIMACK",33013,562,519,6,0,37,24,17,6,0,1,538,502,0,36
1998,"MERRIMACK",33013,598,556,4,0,38,50,42,4,0,4,548,514,0,34
1999,"MERRIMACK",33013,488,449,1,0,38,40,38,1,0,1,448,411,0,37
2000,"MERRIMACK",33013,404,361,0,0,43,22,21,0,0,1,382,340,0,42
2001,"MERRIMACK",33013,479,445,1,0,33,41,39,1,0,1,438,406,0,32
2002,"MERRIMACK",33013,465,420,0,0,45,26,23,0,0,3,439,397,0,42
2003,"MERRIMACK",33013,518,462,4,0,52,29,24,2,0,3,489,438,2,49
1990,"ROCKINGHAM",33015,680,547,54,1,78,135,73,49,1,12,545,474,5,66
1991,"ROCKINGHAM",33015,969,832,48,0,89,147,106,34,0,7,822,726,14,82
1992,"ROCKINGHAM",33015,953,827,28,0,98,57,34,23,0,0,896,793,5,98
1993,"ROCKINGHAM",33015,955,864,16,0,75,34,19,14,0,1,921,845,2,74
1994,"ROCKINGHAM",33015,824,742,16,0,66,24,8,16,0,0,800,734,0,66
1995,"ROCKINGHAM",33015,795,730,6,0,59,22,16,6,0,0,773,714,0,59
1996,"ROCKINGHAM",33015,926,847,8,0,71,21,12,7,0,2,905,835,1,69
1997,"ROCKINGHAM",33015,1136,1048,6,1,81,41,34,6,1,0,1095,1014,0,81
1998,"ROCKINGHAM",33015,1075,990,6,0,79,80,70,6,0,4,995,920,0,75
1999,"ROCKINGHAM",33015,869,790,9,0,70,74,62,9,0,3,795,728,0,67
2000,"ROCKINGHAM",33015,656,594,4,0,58,53,48,4,0,1,603,546,0,57
2001,"ROCKINGHAM",33015,722,655,4,0,63,59,53,4,0,2,663,602,0,61
2002,"ROCKINGHAM",33015,727,636,12,0,79,52,32,12,0,8,675,604,0,71
2003,"ROCKINGHAM",33015,839,724,2,0,113,30,27,2,0,1,809,697,0,112
1990,"STRAFFORD",33017,202,166,13,0,23,42,26,13,0,3,160,140,0,20
1991,"STRAFFORD",33017,333,284,4,0,45,31,24,4,0,3,302,260,0,42
1992,"STRAFFORD",33017,298,264,8,1,25,8,3,4,1,0,290,261,4,25
1993,"STRAFFORD",33017,282,253,8,0,21,18,11,7,0,0,264,242,1,21
1994,"STRAFFORD",33017,202,179,4,0,19,9,5,4,0,0,193,174,0,19
1995,"STRAFFORD",33017,235,226,2,0,7,3,1,2,0,0,232,225,0,7
1996,"STRAFFORD",33017,279,260,1,0,18,8,6,1,0,1,271,254,0,17
1997,"STRAFFORD",33017,430,416,1,0,13,9,8,1,0,0,421,408,0,13
1998,"STRAFFORD",33017,421,394,0,0,27,38,35,0,0,3,383,359,0,24
1999,"STRAFFORD",33017,291,278,0,0,13,24,23,0,0,1,267,255,0,12
2000,"STRAFFORD",33017,288,264,0,0,24,18,17,0,0,1,270,247,0,23
2001,"STRAFFORD",33017,336,316,2,0,18,15,11,2,0,2,321,305,0,16
2002,"STRAFFORD",33017,391,362,1,0,28,10,10,0,0,0,381,352,1,28
2003,"STRAFFORD",33017,367,331,0,0,36,12,11,0,0,1,355,320,0,35
1990,"SULLIVAN",33019,79,72,2,0,5,11,9,2,0,0,68,63,0,5
1991,"SULLIVAN",33019,95,84,5,0,6,17,11,5,0,1,78,73,0,5
1992,"SULLIVAN",33019,109,99,6,0,4,8,3,5,0,0,101,96,1,4
1993,"SULLIVAN",33019,85,72,3,0,8,7,2,3,0,0,78,70,0,8
1994,"SULLIVAN",33019,81,65,7,1,8,7,0,6,1,0,74,65,1,8
1995,"SULLIVAN",33019,95,86,0,0,9,1,1,0,0,0,94,85,0,9
1996,"SULLIVAN",33019,104,96,1,1,6,4,2,1,1,0,100,94,0,6
1997,"SULLIVAN",33019,144,134,3,0,7,8,5,3,0,0,136,129,0,7
1998,"SULLIVAN",33019,158,149,1,0,8,12,9,1,0,2,146,140,0,6
1999,"SULLIVAN",33019,129,120,0,0,9,9,8,0,0,1,120,112,0,8
2000,"SULLIVAN",33019,153,135,1,0,17,14,13,1,0,0,139,122,0,17
2001,"SULLIVAN",33019,180,159,4,0,17,8,4,4,0,0,172,155,0,17
2002,"SULLIVAN",33019,165,152,0,0,13,7,7,0,0,0,158,145,0,13
2003,"SULLIVAN",33019,179,163,0,0,16,3,3,0,0,0,176,160,0,16
1990,"ATLANTIC",34001,832,593,42,0,197,53,13,40,0,0,779,580,2,197
1991,"ATLANTIC",34001,1127,864,45,0,218,58,18,39,0,1,1069,846,6,217
1992,"ATLANTIC",34001,1135,851,46,0,238,85,41,40,0,4,1050,810,6,234
1993,"ATLANTIC",34001,998,725,29,0,244,76,41,27,0,8,922,684,2,236
1994,"ATLANTIC",34001,964,721,27,0,216,72,38,27,0,7,892,683,0,209
1995,"ATLANTIC",34001,1289,926,15,0,348,49,31,13,0,5,1240,895,2,343
1996,"ATLANTIC",34001,1690,1178,20,0,492,29,12,17,0,0,1661,1166,3,492
1997,"ATLANTIC",34001,2211,1541,17,0,653,35,18,16,0,1,2176,1523,1,652
1998,"ATLANTIC",34001,2453,1748,19,0,686,27,12,15,0,0,2426,1736,4,686
1999,"ATLANTIC",34001,2192,1502,14,0,676,34,21,13,0,0,2158,1481,1,676
2000,"ATLANTIC",34001,2071,1368,9,0,694,22,16,6,0,0,2049,1352,3,694
2001,"ATLANTIC",34001,2317,1549,19,0,749,35,16,19,0,0,2282,1533,0,749
2002,"ATLANTIC",34001,2349,1536,8,0,805,11,4,7,0,0,2338,1532,1,805
2003,"ATLANTIC",34001,2381,1551,11,0,819,17,7,10,0,0,2364,1544,1,819
1990,"BERGEN",34003,1246,1038,87,0,121,115,53,62,0,0,1131,985,25,121
1991,"BERGEN",34003,1905,1564,152,0,189,201,93,108,0,0,1704,1471,44,189
1992,"BERGEN",34003,2252,1873,131,0,248,207,101,105,0,1,2045,1772,26,247
1993,"BERGEN",34003,2168,1700,171,0,297,234,100,130,0,4,1934,1600,41,293
1994,"BERGEN",34003,2000,1543,147,0,310,167,72,94,0,1,1833,1471,53,309
1995,"BERGEN",34003,2274,1777,90,0,407,148,78,67,0,3,2126,1699,23,404
1996,"BERGEN",34003,2589,2080,79,0,430,108,50,56,0,2,2481,2030,23,428
1997,"BERGEN",34003,3166,2625,95,0,446,130,52,73,0,5,3036,2573,22,441
1998,"BERGEN",34003,3439,2845,121,0,473,171,54,115,0,2,3268,2791,6,471
1999,"BERGEN",34003,2870,2297,58,0,515,96,52,44,0,0,2774,2245,14,515
2000,"BERGEN",34003,2467,1946,53,0,468,93,51,41,0,1,2374,1895,12,467
2001,"BERGEN",34003,2780,2213,47,0,520,92,50,42,0,0,2688,2163,5,520
2002,"BERGEN",34003,2524,2056,26,0,442,65,39,25,0,1,2459,2017,1,441
2003,"BERGEN",34003,2708,2236,42,0,430,99,61,35,0,3,2609,2175,7,427
1990,"BURLINGTON",34005,1012,516,37,1,458,55,22,28,1,4,957,494,9,454
1991,"BURLINGTON",34005,1490,785,43,0,662,59,20,32,0,7,1431,765,11,655
1992,"BURLINGTON",34005,1495,782,33,0,680,73,41,24,0,8,1422,741,9,672
1993,"BURLINGTON",34005,1441,735,45,0,661,109,42,43,0,24,1332,693,2,637
1994,"BURLINGTON",34005,1477,727,51,0,699,92,35,42,0,15,1385,692,9,684
1995,"BURLINGTON",34005,1766,909,22,0,835,61,28,20,0,13,1705,881,2,822
1996,"BURLINGTON",34005,2222,1104,34,1,1083,41,13,25,1,2,2181,1091,9,1081
1997,"BURLINGTON",34005,2836,1487,25,0,1324,34,13,21,0,0,2802,1474,4,1324
1998,"BURLINGTON",34005,3124,1586,15,2,1521,37,24,11,2,0,3087,1562,4,1521
1999,"BURLINGTON",34005,2807,1442,30,0,1335,39,12,27,0,0,2768,1430,3,1335
2000,"BURLINGTON",34005,2714,1341,11,2,1360,24,16,6,2,0,2690,1325,5,1360
2001,"BURLINGTON",34005,3032,1585,14,0,1433,26,14,12,0,0,3006,1571,2,1433
2002,"BURLINGTON",34005,2993,1575,10,0,1408,20,10,9,0,1,2973,1565,1,1407
2003,"BURLINGTON",34005,2959,1559,24,2,1374,41,18,20,2,1,2918,1541,4,1373
1990,"CAMDEN",34007,1447,612,39,0,796,64,26,35,0,3,1383,586,4,793
1991,"CAMDEN",34007,1959,925,69,0,965,96,38,51,0,7,1863,887,18,958
1992,"CAMDEN",34007,2036,1007,67,0,962,140,65,54,0,21,1896,942,13,941
1993,"CAMDEN",34007,1825,860,94,0,871,172,65,87,0,20,1653,795,7,851
1994,"CAMDEN",34007,2042,957,74,0,1011,146,58,67,0,21,1896,899,7,990
1995,"CAMDEN",34007,2448,1154,40,0,1254,124,63,37,0,24,2324,1091,3,1230
1996,"CAMDEN",34007,3188,1532,49,0,1607,79,34,41,0,4,3109,1498,8,1603
1997,"CAMDEN",34007,4017,1939,39,0,2039,85,44,39,0,2,3932,1895,0,2037
1998,"CAMDEN",34007,4267,2047,35,0,2185,63,30,32,0,1,4204,2017,3,2184
1999,"CAMDEN",34007,4169,1976,25,0,2168,59,35,23,0,0,4111,1941,2,2168
2000,"CAMDEN",34007,3860,1865,26,0,1969,56,29,26,0,1,3804,1836,0,1968
2001,"CAMDEN",34007,4736,2371,46,0,2319,62,17,45,0,0,4674,2354,1,2319
2002,"CAMDEN",34007,4548,2227,18,0,2303,40,22,17,0,1,4508,2205,1,2302
2003,"CAMDEN",34007,4970,2414,24,0,2532,47,18,23,0,6,4923,2396,1,2526
1990,"CAPE MAY",34009,187,126,16,0,45,20,7,12,0,1,167,119,4,44
1991,"CAPE MAY",34009,295,227,19,0,49,29,12,15,0,2,266,215,4,47
1992,"CAPE MAY",34009,336,240,23,0,73,38,19,17,0,2,298,221,6,71
1993,"CAPE MAY",34009,343,247,23,0,73,43,17,21,0,5,300,230,2,68
1994,"CAPE MAY",34009,357,264,11,0,82,30,17,10,0,3,327,247,1,79
1995,"CAPE MAY",34009,398,286,3,0,109,21,13,2,0,6,377,273,1,103
1996,"CAPE MAY",34009,512,360,14,0,138,13,3,9,0,1,499,357,5,137
1997,"CAPE MAY",34009,663,472,14,0,177,20,8,11,0,1,643,464,3,176
1998,"CAPE MAY",34009,664,514,3,0,147,11,8,3,0,0,653,506,0,147
1999,"CAPE MAY",34009,608,438,5,0,165,8,3,5,0,0,600,435,0,165
2000,"CAPE MAY",34009,502,363,0,0,139,1,1,0,0,0,501,362,0,139
2001,"CAPE MAY",34009,603,410,6,0,187,5,1,4,0,0,598,409,2,187
2002,"CAPE MAY",34009,557,387,5,0,165,10,5,4,0,1,547,382,1,164
2003,"CAPE MAY",34009,542,372,3,0,167,6,1,3,0,2,536,371,0,165
1990,"CUMBERLAND",34011,347,246,6,1,94,14,6,6,1,1,333,240,0,93
1991,"CUMBERLAND",34011,468,326,15,1,126,23,9,11,1,2,445,317,4,124
1992,"CUMBERLAND",34011,452,320,6,1,125,23,15,4,1,3,429,305,2,122
1993,"CUMBERLAND",34011,413,289,7,0,117,36,20,7,0,9,377,269,0,108
1994,"CUMBERLAND",34011,446,314,10,3,119,32,15,8,3,6,414,299,2,113
1995,"CUMBERLAND",34011,618,388,4,1,225,17,12,4,1,0,601,376,0,225
1996,"CUMBERLAND",34011,928,415,4,0,509,7,4,3,0,0,921,411,1,509
1997,"CUMBERLAND",34011,1225,597,5,0,623,9,4,5,0,0,1216,593,0,623
1998,"CUMBERLAND",34011,1517,758,3,0,756,5,4,1,0,0,1512,754,2,756
1999,"CUMBERLAND",34011,1441,660,7,0,774,7,3,4,0,0,1434,657,3,774
2000,"CUMBERLAND",34011,1490,599,2,1,888,4,2,1,1,0,1486,597,1,888
2001,"CUMBERLAND",34011,1696,696,7,0,993,10,3,7,0,0,1686,693,0,993
2002,"CUMBERLAND",34011,1626,722,0,0,904,3,3,0,0,0,1623,719,0,904
2003,"CUMBERLAND",34011,1755,762,3,1,989,4,0,3,1,0,1751,762,0,989
1990,"ESSEX",34013,1386,960,74,0,352,114,47,67,0,0,1272,913,7,352
1991,"ESSEX",34013,1897,1298,101,0,498,131,48,82,0,1,1766,1250,19,497
1992,"ESSEX",34013,2359,1618,109,0,632,161,72,88,0,1,2198,1546,21,631
1993,"ESSEX",34013,2221,1448,93,0,680,118,51,65,0,2,2103,1397,28,678
1994,"ESSEX",34013,2122,1378,79,0,665,102,47,48,0,7,2020,1331,31,658
1995,"ESSEX",34013,2435,1616,65,0,754,98,51,47,0,0,2337,1565,18,754
1996,"ESSEX",34013,2975,2069,82,0,824,119,42,74,0,3,2856,2027,8,821
1997,"ESSEX",34013,3918,2857,77,0,984,133,71,60,0,2,3785,2786,17,982
1998,"ESSEX",34013,4306,3066,69,0,1170,122,59,60,0,2,4184,3007,9,1168
1999,"ESSEX",34013,3745,2480,54,0,1211,85,37,47,0,1,3660,2443,7,1210
2000,"ESSEX",34013,3648,2308,36,0,1304,73,41,32,0,0,3575,2267,4,1304
2001,"ESSEX",34013,3882,2572,36,0,1274,58,22,35,0,1,3824,2550,1,1273
2002,"ESSEX",34013,4214,2660,43,0,1511,68,25,41,0,2,4146,2635,2,1509
2003,"ESSEX",34013,4390,2915,34,0,1441,54,25,28,0,1,4336,2890,6,1440
1990,"GLOUCESTER",34015,527,283,15,0,229,25,7,15,0,3,502,276,0,226
1991,"GLOUCESTER",34015,665,376,16,1,272,30,11,15,1,3,635,365,1,269
1992,"GLOUCESTER",34015,816,456,26,0,334,60,26,22,0,12,756,430,4,322
1993,"GLOUCESTER",34015,767,424,30,0,313,68,33,29,0,6,699,391,1,307
1994,"GLOUCESTER",34015,798,449,16,0,333,50,20,11,0,19,748,429,5,314
1995,"GLOUCESTER",34015,1062,610,15,1,436,58,26,14,1,17,1004,584,1,419
1996,"GLOUCESTER",34015,1251,639,19,0,593,32,14,17,0,1,1219,625,2,592
1997,"GLOUCESTER",34015,1628,858,14,1,755,23,10,11,1,1,1605,848,3,754
1998,"GLOUCESTER",34015,1697,930,12,0,755,19,8,11,0,0,1678,922,1,755
1999,"GLOUCESTER",34015,1695,902,5,0,788,16,11,5,0,0,1679,891,0,788
2000,"GLOUCESTER",34015,1588,836,6,0,746,13,8,5,0,0,1575,828,1,746
2001,"GLOUCESTER",34015,1889,965,14,0,910,26,12,14,0,0,1863,953,0,910
2002,"GLOUCESTER",34015,1865,995,10,0,860,16,6,9,0,1,1849,989,1,859
2003,"GLOUCESTER",34015,1868,982,10,0,876,20,9,10,0,1,1848,973,0,875
1990,"HUDSON",34017,1003,847,50,0,106,64,21,43,0,0,939,826,7,106
1991,"HUDSON",34017,1468,1259,43,0,166,56,21,34,0,1,1412,1238,9,165
1992,"HUDSON",34017,1880,1599,63,0,218,86,32,52,0,2,1794,1567,11,216
1993,"HUDSON",34017,1889,1573,39,0,277,69,38,29,0,2,1820,1535,10,275
1994,"HUDSON",34017,1769,1490,23,0,256,41,24,17,0,0,1728,1466,6,256
1995,"HUDSON",34017,2151,1786,34,0,331,71,38,32,0,1,2080,1748,2,330
1996,"HUDSON",34017,2498,2053,40,0,405,63,28,35,0,0,2435,2025,5,405
1997,"HUDSON",34017,3181,2733,41,0,407,64,26,35,0,3,3117,2707,6,404
1998,"HUDSON",34017,3585,3055,31,0,499,57,23,31,0,3,3528,3032,0,496
1999,"HUDSON",34017,3133,2556,81,0,496,106,28,78,0,0,3027,2528,3,496
2000,"HUDSON",34017,2486,1982,14,0,490,29,17,12,0,0,2457,1965,2,490
2001,"HUDSON",34017,2805,2285,23,0,497,41,18,23,0,0,2764,2267,0,497
2002,"HUDSON",34017,2905,2317,22,0,566,39,19,19,0,1,2866,2298,3,565
2003,"HUDSON",34017,3169,2633,21,0,515,36,12,20,0,4,3133,2621,1,511
1990,"HUNTERDON",34019,143,116,10,1,16,17,8,8,1,0,126,108,2,16
1991,"HUNTERDON",34019,208,166,14,0,28,14,6,8,0,0,194,160,6,28
1992,"HUNTERDON",34019,196,143,18,0,35,15,9,6,0,0,181,134,12,35
1993,"HUNTERDON",34019,236,163,23,0,50,27,11,15,0,1,209,152,8,49
1994,"HUNTERDON",34019,176,134,9,0,33,15,8,5,0,2,161,126,4,31
1995,"HUNTERDON",34019,198,140,11,0,47,10,0,10,0,0,188,140,1,47
1996,"HUNTERDON",34019,271,207,8,0,56,15,9,6,0,0,256,198,2,56
1997,"HUNTERDON",34019,289,218,8,0,63,11,7,4,0,0,278,211,4,63
1998,"HUNTERDON",34019,347,278,3,1,65,16,12,3,1,0,331,266,0,65
1999,"HUNTERDON",34019,306,237,9,0,60,12,4,8,0,0,294,233,1,60
2000,"HUNTERDON",34019,258,204,3,0,51,10,8,2,0,0,248,196,1,51
2001,"HUNTERDON",34019,247,177,6,0,64,12,7,5,0,0,235,170,1,64
2002,"HUNTERDON",34019,264,189,10,0,65,21,12,9,0,0,243,177,1,65
2003,"HUNTERDON",34019,287,200,2,0,85,7,5,1,0,1,280,195,1,84
1990,"MERCER",34021,590,356,34,1,199,52,21,29,1,1,538,335,5,198
1991,"MERCER",34021,748,485,32,0,231,48,21,26,0,1,700,464,6,230
1992,"MERCER",34021,890,592,45,0,253,50,16,34,0,0,840,576,11,253
1993,"MERCER",34021,789,485,68,0,236,88,26,56,0,6,701,459,12,230
1994,"MERCER",34021,803,488,33,0,282,45,23,22,0,0,758,465,11,282
1995,"MERCER",34021,942,616,25,0,301,47,27,19,0,1,895,589,6,300
1996,"MERCER",34021,1225,800,31,0,394,42,13,29,0,0,1183,787,2,394
1997,"MERCER",34021,1691,1119,28,0,542,48,21,25,0,0,1643,1098,3,542
1998,"MERCER",34021,1800,1167,16,0,617,25,9,16,0,0,1775,1158,0,617
1999,"MERCER",34021,1656,988,23,0,645,41,18,22,0,1,1615,970,1,644
2000,"MERCER",34021,1544,863,24,0,657,32,12,20,0,0,1512,851,4,657
2001,"MERCER",34021,1699,971,12,0,716,23,12,10,0,1,1676,959,2,715
2002,"MERCER",34021,1719,939,20,0,759,35,17,17,0,0,1684,922,3,759
2003,"MERCER",34021,1837,1029,22,0,786,41,22,18,0,1,1796,1007,4,785
1990,"MIDDLESEX",34023,1217,1007,34,0,176,82,54,27,0,1,1135,953,7,175
1991,"MIDDLESEX",34023,1863,1519,48,1,295,94,53,40,1,0,1769,1466,8,295
1992,"MIDDLESEX",34023,2075,1664,76,0,335,96,41,54,0,1,1979,1623,22,334
1993,"MIDDLESEX",34023,2101,1620,98,0,383,142,73,65,0,4,1959,1547,33,379
1994,"MIDDLESEX",34023,1904,1418,70,0,416,94,37,54,0,3,1810,1381,16,413
1995,"MIDDLESEX",34023,2245,1665,39,0,541,88,50,34,0,4,2157,1615,5,537
1996,"MIDDLESEX",34023,2730,2060,37,0,633,87,55,32,0,0,2643,2005,5,633
1997,"MIDDLESEX",34023,3201,2556,32,0,613,86,57,27,0,2,3115,2499,5,611
1998,"MIDDLESEX",34023,3365,2636,28,0,701,63,35,26,0,2,3302,2601,2,699
1999,"MIDDLESEX",34023,3012,2217,46,0,749,91,48,42,0,1,2921,2169,4,748
2000,"MIDDLESEX",34023,2696,1881,32,0,783,66,36,30,0,0,2630,1845,2,783
2001,"MIDDLESEX",34023,2754,1976,26,0,752,51,26,25,0,0,2703,1950,1,752
2002,"MIDDLESEX",34023,2573,1803,32,0,738,69,36,31,0,2,2504,1767,1,736
2003,"MIDDLESEX",34023,2595,1886,32,0,677,61,31,30,0,0,2534,1855,2,677
1990,"MONMOUTH",34025,1225,883,94,0,248,125,65,57,0,3,1100,818,37,245
1991,"MONMOUTH",34025,2045,1550,109,0,386,129,58,71,0,0,1916,1492,38,386
1992,"MONMOUTH",34025,2265,1720,126,0,419,136,63,73,0,0,2129,1657,53,419
1993,"MONMOUTH",34025,2184,1503,169,0,512,183,87,87,0,9,2001,1416,82,503
1994,"MONMOUTH",34025,2076,1431,98,0,547,128,71,54,0,3,1948,1360,44,544
1995,"MONMOUTH",34025,2393,1671,81,0,641,129,78,50,0,1,2264,1593,31,640
1996,"MONMOUTH",34025,2833,1870,75,0,888,126,70,56,0,0,2707,1800,19,888
1997,"MONMOUTH",34025,3154,2215,81,0,858,137,70,65,0,2,3017,2145,16,856
1998,"MONMOUTH",34025,3169,2222,55,0,892,93,58,35,0,0,3076,2164,20,892
1999,"MONMOUTH",34025,2746,1827,29,0,890,72,48,24,0,0,2674,1779,5,890
2000,"MONMOUTH",34025,2377,1503,29,0,845,55,38,17,0,0,2322,1465,12,845
2001,"MONMOUTH",34025,2458,1534,33,0,891,64,37,26,0,1,2394,1497,7,890
2002,"MONMOUTH",34025,2418,1512,32,0,874,60,31,29,0,0,2358,1481,3,874
2003,"MONMOUTH",34025,2468,1571,34,0,863,79,47,30,0,2,2389,1524,4,861
1990,"MORRIS",34027,658,523,57,0,78,78,32,45,0,1,580,491,12,77
1991,"MORRIS",34027,934,733,77,0,124,100,41,58,0,1,834,692,19,123
1992,"MORRIS",34027,1023,864,54,0,105,86,42,43,0,1,937,822,11,104
1993,"MORRIS",34027,1003,794,67,0,142,93,46,47,0,0,910,748,20,142
1994,"MORRIS",34027,969,759,39,0,171,59,31,28,0,0,910,728,11,171
1995,"MORRIS",34027,1011,793,31,1,186,64,42,20,1,1,947,751,11,185
1996,"MORRIS",34027,1235,956,47,0,232,62,27,35,0,0,1173,929,12,232
1997,"MORRIS",34027,1407,1155,36,0,216,60,31,28,0,1,1347,1124,8,215
1998,"MORRIS",34027,1502,1232,34,0,236,62,32,30,0,0,1440,1200,4,236
1999,"MORRIS",34027,1164,913,29,0,222,53,26,27,0,0,1111,887,2,222
2000,"MORRIS",34027,968,758,14,0,196,37,24,13,0,0,931,734,1,196
2001,"MORRIS",34027,1114,878,20,0,216,50,31,19,0,0,1064,847,1,216
2002,"MORRIS",34027,1085,813,27,0,245,48,23,25,0,0,1037,790,2,245
2003,"MORRIS",34027,1129,869,25,0,235,47,23,22,0,2,1082,846,3,233
1990,"OCEAN",34029,1161,803,61,0,297,88,43,42,0,3,1073,760,19,294
1991,"OCEAN",34029,1732,1324,44,0,364,61,33,27,0,1,1671,1291,17,363
1992,"OCEAN",34029,1892,1415,47,0,430,63,36,26,0,1,1829,1379,21,429
1993,"OCEAN",34029,1890,1397,75,0,418,130,75,49,0,6,1760,1322,26,412
1994,"OCEAN",34029,1729,1254,54,0,421,69,39,25,0,5,1660,1215,29,416
1995,"OCEAN",34029,1992,1486,36,0,470,59,31,26,0,2,1933,1455,10,468
1996,"OCEAN",34029,2479,1764,43,0,672,61,29,32,0,0,2418,1735,11,672
1997,"OCEAN",34029,2987,2203,28,0,756,45,28,16,0,1,2942,2175,12,755
1998,"OCEAN",34029,3297,2380,29,0,888,49,26,22,0,1,3248,2354,7,887
1999,"OCEAN",34029,2887,1957,20,0,910,42,27,15,0,0,2845,1930,5,910
2000,"OCEAN",34029,2638,1716,11,0,911,27,19,7,0,1,2611,1697,4,910
2001,"OCEAN",34029,2877,1899,23,0,955,36,18,17,0,1,2841,1881,6,954
2002,"OCEAN",34029,2744,1774,11,0,959,42,33,8,0,1,2702,1741,3,958
2003,"OCEAN",34029,2740,1762,11,0,967,41,29,10,0,2,2699,1733,1,965
1990,"PASSAIC",34031,783,638,22,0,123,56,36,20,0,0,727,602,2,123
1991,"PASSAIC",34031,1176,917,37,0,222,68,35,33,0,0,1108,882,4,222
1992,"PASSAIC",34031,1259,1003,31,0,225,70,46,23,0,1,1189,957,8,224
1993,"PASSAIC",34031,1263,976,57,0,230,97,52,42,0,3,1166,924,15,227
1994,"PASSAIC",34031,1226,920,31,0,275,51,31,19,0,1,1175,889,12,274
1995,"PASSAIC",34031,1368,1033,20,0,315,40,23,15,0,2,1328,1010,5,313
1996,"PASSAIC",34031,1670,1252,36,0,382,68,36,32,0,0,1602,1216,4,382
1997,"PASSAIC",34031,2062,1662,35,0,365,76,42,33,0,1,1986,1620,2,364
1998,"PASSAIC",34031,2159,1737,25,1,396,52,28,23,1,0,2107,1709,2,396
1999,"PASSAIC",34031,1962,1479,24,0,459,50,29,21,0,0,1912,1450,3,459
2000,"PASSAIC",34031,1824,1306,23,0,495,47,29,17,0,1,1777,1277,6,494
2001,"PASSAIC",34031,2022,1554,24,0,444,54,31,23,0,0,1968,1523,1,444
2002,"PASSAIC",34031,1935,1401,20,0,514,43,22,20,0,1,1892,1379,0,513
2003,"PASSAIC",34031,1986,1536,15,0,435,52,37,14,0,1,1934,1499,1,434
1990,"SALEM",34033,127,98,1,0,28,1,0,1,0,0,126,98,0,28
1991,"SALEM",34033,134,86,2,0,46,4,2,1,0,1,130,84,1,45
1992,"SALEM",34033,160,102,4,1,53,7,4,2,1,0,153,98,2,53
1993,"SALEM",34033,165,104,6,0,55,19,12,5,0,2,146,92,1,53
1994,"SALEM",34033,210,140,7,0,63,11,2,7,0,2,199,138,0,61
1995,"SALEM",34033,272,195,0,0,77,2,1,0,0,1,270,194,0,76
1996,"SALEM",34033,357,199,1,0,157,4,3,1,0,0,353,196,0,157
1997,"SALEM",34033,428,252,5,1,170,7,3,2,1,1,421,249,3,169
1998,"SALEM",34033,435,260,2,0,173,2,2,0,0,0,433,258,2,173
1999,"SALEM",34033,460,256,2,0,202,2,1,1,0,0,458,255,1,202
2000,"SALEM",34033,416,223,0,0,193,1,1,0,0,0,415,222,0,193
2001,"SALEM",34033,478,262,1,0,215,2,1,1,0,0,476,261,0,215
2002,"SALEM",34033,509,268,3,0,238,5,3,2,0,0,504,265,1,238
2003,"SALEM",34033,531,286,0,0,245,1,1,0,0,0,530,285,0,245
1990,"SOMERSET",34035,366,287,24,0,55,40,20,19,0,1,326,267,5,54
1991,"SOMERSET",34035,565,434,33,0,98,46,24,22,0,0,519,410,11,98
1992,"SOMERSET",34035,664,495,51,0,118,59,19,40,0,0,605,476,11,118
1993,"SOMERSET",34035,528,397,26,1,104,40,23,15,1,1,488,374,11,103
1994,"SOMERSET",34035,532,378,43,0,111,52,29,21,0,2,480,349,22,109
1995,"SOMERSET",34035,559,417,19,0,123,38,25,11,0,2,521,392,8,121
1996,"SOMERSET",34035,655,484,15,2,154,24,10,12,2,0,631,474,3,154
1997,"SOMERSET",34035,802,621,18,0,163,31,18,13,0,0,771,603,5,163
1998,"SOMERSET",34035,760,589,6,0,165,22,18,4,0,0,738,571,2,165
1999,"SOMERSET",34035,644,474,13,0,157,21,11,10,0,0,623,463,3,157
2000,"SOMERSET",34035,591,418,14,0,159,25,11,13,0,1,566,407,1,158
2001,"SOMERSET",34035,684,479,15,0,190,29,17,12,0,0,655,462,3,190
2002,"SOMERSET",34035,739,477,14,1,247,25,13,11,1,0,714,464,3,247
2003,"SOMERSET",34035,783,491,15,0,277,31,19,11,0,1,752,472,4,276
1990,"SUSSEX",34037,254,179,12,0,63,15,6,9,0,0,239,173,3,63
1991,"SUSSEX",34037,349,258,11,0,80,12,8,4,0,0,337,250,7,80
1992,"SUSSEX",34037,487,383,20,0,84,36,23,12,0,1,451,360,8,83
1993,"SUSSEX",34037,416,299,17,0,100,32,16,13,0,3,384,283,4,97
1994,"SUSSEX",34037,404,297,16,0,91,15,8,7,0,0,389,289,9,91
1995,"SUSSEX",34037,478,350,7,0,121,22,16,5,0,1,456,334,2,120
1996,"SUSSEX",34037,585,400,22,0,163,31,11,20,0,0,554,389,2,163
1997,"SUSSEX",34037,704,563,6,0,135,19,14,5,0,0,685,549,1,135
1998,"SUSSEX",34037,783,588,4,0,191,11,8,3,0,0,772,580,1,191
1999,"SUSSEX",34037,630,470,9,0,151,11,5,6,0,0,619,465,3,151
2000,"SUSSEX",34037,548,390,13,0,145,12,3,9,0,0,536,387,4,145
2001,"SUSSEX",34037,604,433,16,0,155,19,5,14,0,0,585,428,2,155
2002,"SUSSEX",34037,598,402,6,0,190,13,8,5,0,0,585,394,1,190
2003,"SUSSEX",34037,658,447,6,0,205,8,1,6,0,1,650,446,0,204
1990,"UNION",34039,768,568,36,0,164,52,24,28,0,0,716,544,8,164
1991,"UNION",34039,1153,813,59,0,281,65,22,43,0,0,1088,791,16,281
1992,"UNION",34039,1459,1108,52,0,299,88,52,36,0,0,1371,1056,16,299
1993,"UNION",34039,1463,1029,68,0,366,103,50,51,0,2,1360,979,17,364
1994,"UNION",34039,1473,975,59,0,439,79,34,45,0,0,1394,941,14,439
1995,"UNION",34039,1647,1119,28,0,500,47,27,18,0,2,1600,1092,10,498
1996,"UNION",34039,1882,1335,41,0,506,76,37,39,0,0,1806,1298,2,506
1997,"UNION",34039,2438,1819,50,0,569,73,27,44,0,2,2365,1792,6,567
1998,"UNION",34039,2772,2115,31,0,626,53,25,28,0,0,2719,2090,3,626
1999,"UNION",34039,2324,1658,33,0,633,63,31,31,0,1,2261,1627,2,632
2000,"UNION",34039,2265,1487,21,0,757,45,25,20,0,0,2220,1462,1,757
2001,"UNION",34039,2411,1658,20,0,733,48,30,17,0,1,2363,1628,3,732
2002,"UNION",34039,2408,1599,13,0,796,30,18,10,0,2,2378,1581,3,794
2003,"UNION",34039,2149,1436,16,0,697,31,17,14,0,0,2118,1419,2,697
1990,"WARREN",34041,156,126,3,0,27,9,8,1,0,0,147,118,2,27
1991,"WARREN",34041,219,176,8,1,34,9,6,2,1,0,210,170,6,34
1992,"WARREN",34041,275,215,12,1,47,15,6,8,1,0,260,209,4,47
1993,"WARREN",34041,251,189,6,1,55,10,4,4,1,1,241,185,2,54
1994,"WARREN",34041,260,211,1,0,48,19,17,0,0,2,241,194,1,46
1995,"WARREN",34041,297,232,9,0,56,14,8,6,0,0,283,224,3,56
1996,"WARREN",34041,390,299,4,0,87,4,2,1,0,1,386,297,3,86
1997,"WARREN",34041,524,394,5,0,125,17,13,4,0,0,507,381,1,125
1998,"WARREN",34041,595,435,5,0,155,10,6,4,0,0,585,429,1,155
1999,"WARREN",34041,454,318,5,1,130,16,10,5,1,0,438,308,0,130
2000,"WARREN",34041,416,277,5,0,134,11,7,4,0,0,405,270,1,134
2001,"WARREN",34041,457,325,3,1,128,15,11,3,1,0,442,314,0,128
2002,"WARREN",34041,447,297,6,0,144,10,4,6,0,0,437,293,0,144
2003,"WARREN",34041,479,323,5,0,151,12,8,4,0,0,467,315,1,151
1990,"BERNALILLO",35001,1860,1541,65,0,254,160,86,51,0,23,1700,1455,14,231
1991,"BERNALILLO",35001,1999,1625,51,1,322,151,82,44,1,24,1848,1543,7,298
1992,"BERNALILLO",35001,1856,1427,44,0,385,198,112,40,0,46,1658,1315,4,339
1993,"BERNALILLO",35001,1529,1138,38,0,353,136,76,33,0,27,1393,1062,5,326
1994,"BERNALILLO",35001,1314,940,15,0,359,98,51,13,0,34,1216,889,2,325
1995,"BERNALILLO",35001,1631,1057,16,0,558,112,56,15,0,41,1519,1001,1,517
1996,"BERNALILLO",35001,2226,1329,32,0,865,157,68,31,0,58,2069,1261,1,807
1997,"BERNALILLO",35001,2670,1732,32,0,906,141,76,31,0,34,2529,1656,1,872
1998,"BERNALILLO",35001,2744,2044,16,0,684,135,95,15,0,25,2609,1949,1,659
1999,"BERNALILLO",35001,2720,2129,202,0,389,373,139,200,0,34,2347,1990,2,355
2000,"BERNALILLO",35001,2373,1960,10,0,403,195,147,10,0,38,2178,1813,0,365
2001,"BERNALILLO",35001,2912,2451,33,0,428,220,155,31,0,34,2692,2296,2,394
2002,"BERNALILLO",35001,3329,2878,31,0,420,269,201,30,0,38,3060,2677,1,382
2003,"BERNALILLO",35001,3506,3081,15,0,410,252,192,13,0,47,3254,2889,2,363
1990,"CATRON",35003,6,3,1,0,2,0,0,0,0,0,6,3,1,2
1991,"CATRON",35003,6,1,2,1,2,3,0,2,1,0,3,1,0,2
1992,"CATRON",35003,4,2,0,1,1,1,0,0,1,0,3,2,0,1
1993,"CATRON",35003,7,5,0,0,2,2,1,0,0,1,5,4,0,1
1994,"CATRON",35003,4,4,0,0,0,1,1,0,0,0,3,3,0,0
1995,"CATRON",35003,3,1,0,0,2,0,0,0,0,0,3,1,0,2
1996,"CATRON",35003,3,3,0,0,0,0,0,0,0,0,3,3,0,0
1997,"CATRON",35003,7,6,0,0,1,1,1,0,0,0,6,5,0,1
1998,"CATRON",35003,14,12,0,0,2,0,0,0,0,0,14,12,0,2
1999,"CATRON",35003,10,8,0,0,2,4,4,0,0,0,6,4,0,2
2000,"CATRON",35003,13,10,0,0,3,2,2,0,0,0,11,8,0,3
2001,"CATRON",35003,6,6,0,0,0,0,0,0,0,0,6,6,0,0
2002,"CATRON",35003,9,8,0,0,1,1,1,0,0,0,8,7,0,1
2003,"CATRON",35003,11,11,0,0,0,0,0,0,0,0,11,11,0,0
1990,"CHAVES",35005,170,159,4,1,6,14,10,3,1,0,156,149,1,6
1991,"CHAVES",35005,198,187,9,0,2,25,16,9,0,0,173,171,0,2
1992,"CHAVES",35005,227,210,1,0,16,25,21,1,0,3,202,189,0,13
1993,"CHAVES",35005,165,152,3,0,10,14,9,3,0,2,151,143,0,8
1994,"CHAVES",35005,174,165,1,0,8,10,9,1,0,0,164,156,0,8
1995,"CHAVES",35005,197,186,0,0,11,15,11,0,0,4,182,175,0,7
1996,"CHAVES",35005,243,226,2,1,14,9,6,2,1,0,234,220,0,14
1997,"CHAVES",35005,358,319,2,1,36,11,7,2,1,1,347,312,0,35
1998,"CHAVES",35005,380,330,4,0,46,16,12,4,0,0,364,318,0,46
1999,"CHAVES",35005,351,323,0,0,28,14,11,0,0,3,337,312,0,25
2000,"CHAVES",35005,392,366,2,0,24,22,18,2,0,2,370,348,0,22
2001,"CHAVES",35005,451,428,1,0,22,20,17,1,0,2,431,411,0,20
2002,"CHAVES",35005,441,423,1,0,17,37,31,1,0,5,404,392,0,12
2003,"CHAVES",35005,455,443,1,0,11,29,27,1,0,1,426,416,0,10
1990,"CIBOLA",35006,35,30,1,0,4,4,3,1,0,0,31,27,0,4
1991,"CIBOLA",35006,41,33,0,0,8,3,1,0,0,2,38,32,0,6
1992,"CIBOLA",35006,35,23,2,0,10,2,0,2,0,0,33,23,0,10
1993,"CIBOLA",35006,38,31,0,0,7,2,1,0,0,1,36,30,0,6
1994,"CIBOLA",35006,39,29,0,0,10,4,3,0,0,1,35,26,0,9
1995,"CIBOLA",35006,45,19,0,0,26,0,0,0,0,0,45,19,0,26
1996,"CIBOLA",35006,76,44,0,0,32,7,3,0,0,4,69,41,0,28
1997,"CIBOLA",35006,72,51,0,0,21,0,0,0,0,0,72,51,0,21
1998,"CIBOLA",35006,102,67,0,0,35,0,0,0,0,0,102,67,0,35
1999,"CIBOLA",35006,97,75,1,0,21,6,4,1,0,1,91,71,0,20
2000,"CIBOLA",35006,98,77,0,0,21,5,5,0,0,0,93,72,0,21
2001,"CIBOLA",35006,142,117,2,0,23,9,6,2,0,1,133,111,0,22
2002,"CIBOLA",35006,102,97,0,0,5,6,6,0,0,0,96,91,0,5
2003,"CIBOLA",35006,138,126,1,0,11,6,5,0,0,1,132,121,1,10
1990,"COLFAX",35007,23,19,1,0,3,1,0,1,0,0,22,19,0,3
1991,"COLFAX",35007,23,20,0,0,3,1,0,0,0,1,22,20,0,2
1992,"COLFAX",35007,23,19,3,0,1,3,0,3,0,0,20,19,0,1
1993,"COLFAX",35007,19,13,5,0,1,6,1,5,0,0,13,12,0,1
1994,"COLFAX",35007,18,17,0,0,1,0,0,0,0,0,18,17,0,1
1995,"COLFAX",35007,19,16,0,0,3,2,1,0,0,1,17,15,0,2
1996,"COLFAX",35007,30,25,1,0,4,3,0,1,0,2,27,25,0,2
1997,"COLFAX",35007,41,38,0,0,3,1,0,0,0,1,40,38,0,2
1998,"COLFAX",35007,44,37,0,0,7,2,0,0,0,2,42,37,0,5
1999,"COLFAX",35007,35,30,0,0,5,5,5,0,0,0,30,25,0,5
2000,"COLFAX",35007,36,32,0,0,4,4,4,0,0,0,32,28,0,4
2001,"COLFAX",35007,55,48,1,0,6,8,5,1,0,2,47,43,0,4
2002,"COLFAX",35007,71,65,0,0,6,4,3,0,0,1,67,62,0,5
2003,"COLFAX",35007,75,71,1,0,3,8,7,1,0,0,67,64,0,3
1990,"CURRY",35009,92,87,0,3,2,7,3,0,3,1,85,84,0,1
1991,"CURRY",35009,110,102,3,4,1,16,8,3,4,1,94,94,0,0
1992,"CURRY",35009,118,108,3,2,5,20,11,3,2,4,98,97,0,1
1993,"CURRY",35009,92,85,0,0,7,10,6,0,0,4,82,79,0,3
1994,"CURRY",35009,87,80,3,2,2,14,9,3,2,0,73,71,0,2
1995,"CURRY",35009,121,117,0,0,4,8,6,0,0,2,113,111,0,2
1996,"CURRY",35009,157,147,3,1,6,14,9,2,1,2,143,138,1,4
1997,"CURRY",35009,225,209,1,0,15,16,15,1,0,0,209,194,0,15
1998,"CURRY",35009,271,228,1,1,41,11,6,1,1,3,260,222,0,38
1999,"CURRY",35009,214,183,1,0,30,19,16,1,0,2,195,167,0,28
2000,"CURRY",35009,246,216,0,1,29,22,20,0,1,1,224,196,0,28
2001,"CURRY",35009,274,246,2,0,26,19,17,2,0,0,255,229,0,26
2002,"CURRY",35009,228,216,2,0,10,18,16,2,0,0,210,200,0,10
2003,"CURRY",35009,234,221,1,0,12,12,11,1,0,0,222,210,0,12
1990,"DEBACA",35011,6,6,0,0,0,1,1,0,0,0,5,5,0,0
1991,"DE BACA",35011,2,2,0,0,0,0,0,0,0,0,2,2,0,0
1992,"DE BACA",35011,6,5,0,0,1,0,0,0,0,0,6,5,0,1
1994,"DE BACA",35011,2,2,0,0,0,0,0,0,0,0,2,2,0,0
1995,"DE BACA",35011,2,1,0,0,1,0,0,0,0,0,2,1,0,1
1996,"DE BACA",35011,11,9,0,0,2,0,0,0,0,0,11,9,0,2
1997,"DE BACA",35011,6,4,0,0,2,0,0,0,0,0,6,4,0,2
1998,"DE BACA",35011,10,9,0,0,1,0,0,0,0,0,10,9,0,1
1999,"DEBACA",35011,4,4,0,0,0,1,1,0,0,0,3,3,0,0
2000,"DE BACA",35011,7,7,0,0,0,0,0,0,0,0,7,7,0,0
2001,"DE BACA",35011,19,18,0,0,1,0,0,0,0,0,19,18,0,1
2002,"DE BACA",35011,10,10,0,0,0,0,0,0,0,0,10,10,0,0
2003,"DE BACA",35011,10,9,0,0,1,2,1,0,0,1,8,8,0,0
1990,"DONA ANA",35013,315,293,13,0,9,28,16,11,0,1,287,277,2,8
1991,"DONA ANA",35013,375,337,3,0,35,18,12,3,0,3,357,325,0,32
1992,"DONA ANA",35013,323,273,2,5,43,44,27,2,5,10,279,246,0,33
1993,"DONA ANA",35013,286,226,5,0,55,26,17,3,0,6,260,209,2,49
1994,"DONA ANA",35013,320,236,5,0,79,22,9,3,0,10,298,227,2,69
1995,"DONA ANA",35013,355,228,2,0,125,39,22,2,0,15,316,206,0,110
1996,"DONA ANA",35013,454,299,5,3,147,49,22,5,3,19,405,277,0,128
1997,"DONA ANA",35013,648,331,2,0,315,38,14,2,0,22,610,317,0,293
1998,"DONA ANA",35013,677,381,2,0,294,32,17,2,0,13,645,364,0,281
1999,"DONA ANA",35013,614,522,4,1,87,46,35,4,1,6,568,487,0,81
2000,"DONA ANA",35013,549,463,1,0,85,30,24,1,0,5,519,439,0,80
2001,"DONA ANA",35013,714,633,3,0,78,65,50,3,0,12,649,583,0,66
2002,"DONA ANA",35013,741,681,2,2,56,61,54,2,2,3,680,627,0,53
2003,"DONA ANA",35013,822,774,5,0,43,78,68,5,0,5,744,706,0,38
1990,"EDDY",35015,123,113,1,2,7,13,9,1,2,1,110,104,0,6
1991,"EDDY",35015,91,89,1,0,1,8,6,1,0,1,83,83,0,0
1992,"EDDY",35015,144,133,3,2,6,13,8,3,2,0,131,125,0,6
1993,"EDDY",35015,143,135,1,1,6,16,11,1,1,3,127,124,0,3
1994,"EDDY",35015,109,102,0,0,7,3,1,0,0,2,106,101,0,5
1995,"EDDY",35015,168,157,0,1,10,9,7,0,1,1,159,150,0,9
1996,"EDDY",35015,186,171,1,0,14,6,5,1,0,0,180,166,0,14
1997,"EDDY",35015,289,260,1,0,28,6,3,1,0,2,283,257,0,26
1998,"EDDY",35015,318,275,0,0,43,9,8,0,0,1,309,267,0,42
1999,"EDDY",35015,309,278,1,3,27,14,9,1,3,1,295,269,0,26
2000,"EDDY",35015,324,297,1,0,26,16,14,1,0,1,308,283,0,25
2001,"EDDY",35015,342,315,3,1,23,18,13,3,1,1,324,302,0,22
2002,"EDDY",35015,312,298,0,0,14,10,10,0,0,0,302,288,0,14
2003,"EDDY",35015,329,315,0,0,14,25,25,0,0,0,304,290,0,14
1990,"GRANT",35017,64,45,3,0,16,6,1,2,0,3,58,44,1,13
1991,"GRANT",35017,49,30,3,0,16,6,2,3,0,1,43,28,0,15
1992,"GRANT",35017,68,45,1,0,22,3,2,1,0,0,65,43,0,22
1993,"GRANT",35017,39,32,0,0,7,7,6,0,0,1,32,26,0,6
1994,"GRANT",35017,46,32,2,0,12,4,2,2,0,0,42,30,0,12
1995,"GRANT",35017,47,37,1,0,9,4,3,1,0,0,43,34,0,9
1996,"GRANT",35017,56,39,0,0,17,1,0,0,0,1,55,39,0,16
1997,"GRANT",35017,77,45,0,0,32,9,5,0,0,4,68,40,0,28
1998,"GRANT",35017,88,43,0,0,45,5,2,0,0,3,83,41,0,42
1999,"GRANT",35017,105,81,0,0,24,2,2,0,0,0,103,79,0,24
2000,"GRANT",35017,98,82,1,0,15,5,4,1,0,0,93,78,0,15
2001,"GRANT",35017,177,145,2,0,30,10,9,1,0,0,167,136,1,30
2002,"GRANT",35017,195,185,0,0,10,13,13,0,0,0,182,172,0,10
2003,"GRANT",35017,169,154,1,0,14,14,12,1,0,1,155,142,0,13
1990,"GUADALUPE",35019,1,1,0,0,0,0,0,0,0,0,1,1,0,0
1991,"GUADALUPE",35019,5,3,0,0,2,0,0,0,0,0,5,3,0,2
1992,"GUADALUPE",35019,15,11,0,2,2,4,2,0,2,0,11,9,0,2
1993,"GUADALUPE",35019,8,4,1,0,3,2,1,1,0,0,6,3,0,3
1994,"GUADALUPE",35019,2,1,0,0,1,0,0,0,0,0,2,1,0,1
1995,"GUADALUPE",35019,8,4,0,0,4,2,1,0,0,1,6,3,0,3
1996,"GUADALUPE",35019,2,1,0,0,1,0,0,0,0,0,2,1,0,1
1997,"GUADALUPE",35019,11,8,1,0,2,1,0,1,0,0,10,8,0,2
1998,"GUADALUPE",35019,9,5,0,0,4,0,0,0,0,0,9,5,0,4
1999,"GUADALUPE",35019,11,9,0,0,2,0,0,0,0,0,11,9,0,2
2000,"GUADALUPE",35019,15,7,0,0,8,1,0,0,0,1,14,7,0,7
2001,"GUADALUPE",35019,18,13,0,0,5,0,0,0,0,0,18,13,0,5
2002,"GUADALUPE",35019,11,11,0,0,0,0,0,0,0,0,11,11,0,0
2003,"GUADALUPE",35019,13,12,0,0,1,0,0,0,0,0,13,12,0,1
1991,"HARDING",35021,1,1,0,0,0,0,0,0,0,0,1,1,0,0
1992,"HARDING",35021,1,1,0,0,0,0,0,0,0,0,1,1,0,0
1993,"HARDING",35021,2,1,0,0,1,0,0,0,0,0,2,1,0,1
1997,"HARDING",35021,2,2,0,0,0,0,0,0,0,0,2,2,0,0
1998,"HARDING",35021,1,1,0,0,0,0,0,0,0,0,1,1,0,0
1999,"HARDING",35021,0,0,0,0,0,0,0,0,0,0,0,0,0,0
2000,"HARDING",35021,3,3,0,0,0,0,0,0,0,0,3,3,0,0
2002,"HARDING",35021,1,1,0,0,0,0,0,0,0,0,1,1,0,0
2003,"HARDING",35021,3,2,0,0,1,0,0,0,0,0,3,2,0,1
1990,"HIDALGO",35023,14,7,0,0,7,0,0,0,0,0,14,7,0,7
1991,"HIDALGO",35023,6,3,0,0,3,1,0,0,0,1,5,3,0,2
1992,"HIDALGO",35023,14,10,0,0,4,0,0,0,0,0,14,10,0,4
1993,"HIDALGO",35023,5,2,0,0,3,1,0,0,0,1,4,2,0,2
1994,"HIDALGO",35023,7,5,0,0,2,1,0,0,0,1,6,5,0,1
1995,"HIDALGO",35023,7,5,0,0,2,0,0,0,0,0,7,5,0,2
1996,"HIDALGO",35023,17,13,0,0,4,0,0,0,0,0,17,13,0,4
1997,"HIDALGO",35023,23,14,0,0,9,2,2,0,0,0,21,12,0,9
1998,"HIDALGO",35023,26,15,0,0,11,0,0,0,0,0,26,15,0,11
1999,"HIDALGO",35023,26,21,0,0,5,1,1,0,0,0,25,20,0,5
2000,"HIDALGO",35023,16,12,0,0,4,1,1,0,0,0,15,11,0,4
2001,"HIDALGO",35023,12,7,0,0,5,1,0,0,0,1,11,7,0,4
2002,"HIDALGO",35023,14,13,0,0,1,2,2,0,0,0,12,11,0,1
2003,"HIDALGO",35023,29,28,0,0,1,2,2,0,0,0,27,26,0,1
1990,"LEA",35025,209,202,2,0,5,12,10,2,0,0,197,192,0,5
1991,"LEA",35025,191,184,2,1,4,13,10,1,1,1,178,174,1,3
1992,"LEA",35025,246,238,4,1,3,20,13,4,1,2,226,225,0,1
1993,"LEA",35025,194,183,6,0,5,19,12,6,0,1,175,171,0,4
1994,"LEA",35025,190,181,1,0,8,11,8,1,0,2,179,173,0,6
1995,"LEA",35025,177,157,3,0,17,10,3,3,0,4,167,154,0,13
1996,"LEA",35025,213,180,4,0,29,11,3,4,0,4,202,177,0,25
1997,"LEA",35025,260,241,1,0,18,7,4,1,0,2,253,237,0,16
1998,"LEA",35025,254,239,2,0,13,6,4,2,0,0,248,235,0,13
1999,"LEA",35025,294,283,3,0,8,25,21,3,0,1,269,262,0,7
2000,"LEA",35025,237,214,1,0,22,16,14,1,0,1,221,200,0,21
2001,"LEA",35025,255,240,0,0,15,10,10,0,0,0,245,230,0,15
2002,"LEA",35025,249,243,0,0,6,14,14,0,0,0,235,229,0,6
2003,"LEA",35025,300,288,0,0,12,20,19,0,0,1,280,269,0,11
1990,"LINCOLN",35027,33,31,2,0,0,5,5,0,0,0,28,26,2,0
1991,"LINCOLN",35027,46,44,1,0,1,3,2,1,0,0,43,42,0,1
1992,"LINCOLN",35027,34,29,1,0,4,3,1,1,0,1,31,28,0,3
1993,"LINCOLN",35027,33,27,2,1,3,13,8,2,1,2,20,19,0,1
1994,"LINCOLN",35027,34,27,1,0,6,4,1,1,0,2,30,26,0,4
1995,"LINCOLN",35027,52,44,1,0,7,9,7,1,0,1,43,37,0,6
1996,"LINCOLN",35027,55,47,0,0,8,3,3,0,0,0,52,44,0,8
1997,"LINCOLN",35027,74,66,1,0,7,5,4,0,0,1,69,62,1,6
1998,"LINCOLN",35027,68,56,0,1,11,6,5,0,1,0,62,51,0,11
1999,"LINCOLN",35027,65,59,1,0,5,4,4,0,0,0,61,55,1,5
2000,"LINCOLN",35027,67,55,3,0,9,10,6,3,0,1,57,49,0,8
2001,"LINCOLN",35027,92,86,0,0,6,9,8,0,0,1,83,78,0,5
2002,"LINCOLN",35027,90,82,2,0,6,6,3,2,0,1,84,79,0,5
2003,"LINCOLN",35027,80,72,0,0,8,8,7,0,0,1,72,65,0,7
1990,"LOS ALAMOS",35028,22,19,0,0,3,2,2,0,0,0,20,17,0,3
1991,"LOS ALAMOS",35028,28,24,0,0,4,1,1,0,0,0,27,23,0,4
1992,"LOS ALAMOS",35028,35,32,2,0,1,4,2,2,0,0,31,30,0,1
1993,"LOS ALAMOS",35028,23,18,2,0,3,4,2,2,0,0,19,16,0,3
1994,"LOS ALAMOS",35028,18,15,0,0,3,0,0,0,0,0,18,15,0,3
1995,"LOS ALAMOS",35028,25,18,1,0,6,2,1,1,0,0,23,17,0,6
1996,"LOS ALAMOS",35028,36,27,1,0,8,1,0,1,0,0,35,27,0,8
1997,"LOS ALAMOS",35028,23,19,0,0,4,1,1,0,0,0,22,18,0,4
1998,"LOS ALAMOS",35028,21,16,0,0,5,1,1,0,0,0,20,15,0,5
1999,"LOS ALAMOS",35028,17,15,0,0,2,1,0,0,0,1,16,15,0,1
2000,"LOS ALAMOS",35028,11,10,0,0,1,0,0,0,0,0,11,10,0,1
2001,"LOS ALAMOS",35028,24,23,0,0,1,2,2,0,0,0,22,21,0,1
2002,"LOS ALAMOS",35028,25,25,0,0,0,2,2,0,0,0,23,23,0,0
2003,"LOS ALAMOS",35028,20,18,0,0,2,1,1,0,0,0,19,17,0,2
1990,"LUNA",35029,27,23,0,0,4,1,1,0,0,0,26,22,0,4
1991,"LUNA",35029,47,35,1,1,10,3,1,1,1,0,44,34,0,10
1992,"LUNA",35029,45,35,0,0,10,4,1,0,0,3,41,34,0,7
1993,"LUNA",35029,35,30,0,0,5,4,3,0,0,1,31,27,0,4
1994,"LUNA",35029,29,24,0,0,5,3,3,0,0,0,26,21,0,5
1995,"LUNA",35029,31,27,0,0,4,1,0,0,0,1,30,27,0,3
1996,"LUNA",35029,36,26,1,0,9,6,4,1,0,1,30,22,0,8
1997,"LUNA",35029,73,48,0,0,25,6,4,0,0,2,67,44,0,23
1998,"LUNA",35029,81,56,0,0,25,2,2,0,0,0,79,54,0,25
1999,"LUNA",35029,67,61,0,0,6,8,6,0,0,2,59,55,0,4
2000,"LUNA",35029,76,70,0,0,6,2,2,0,0,0,74,68,0,6
2001,"LUNA",35029,83,77,0,0,6,7,6,0,0,1,76,71,0,5
2002,"LUNA",35029,118,113,0,0,5,5,5,0,0,0,113,108,0,5
2003,"LUNA",35029,120,111,1,0,8,15,12,1,0,2,105,99,0,6
1990,"MCKINLEY",35031,55,45,2,0,8,4,2,2,0,0,51,43,0,8
1991,"MCKINLEY",35031,44,35,2,0,7,2,1,0,0,1,42,34,2,6
1992,"MCKINLEY",35031,43,34,1,0,8,2,0,1,0,1,41,34,0,7
1993,"MCKINLEY",35031,38,27,2,0,9,6,1,2,0,3,32,26,0,6
1994,"MCKINLEY",35031,42,35,1,0,6,9,5,1,0,3,33,30,0,3
1995,"MCKINLEY",35031,40,29,0,0,11,4,3,0,0,1,36,26,0,10
1996,"MCKINLEY",35031,65,39,0,0,26,3,2,0,0,1,62,37,0,25
1997,"MCKINLEY",35031,97,60,1,0,36,8,4,1,0,3,89,56,0,33
1998,"MCKINLEY",35031,94,63,2,0,29,2,0,2,0,0,92,63,0,29
1999,"MCKINLEY",35031,112,73,2,0,37,7,3,1,0,3,105,70,1,34
2000,"MCKINLEY",35031,109,65,1,0,43,3,2,1,0,0,106,63,0,43
2001,"MCKINLEY",35031,127,104,0,0,23,3,3,0,0,0,124,101,0,23
2002,"MCKINLEY",35031,119,105,0,0,14,8,5,0,0,3,111,100,0,11
2003,"MCKINLEY",35031,163,140,2,0,21,8,5,2,0,1,155,135,0,20
1990,"MORA",35033,2,2,0,0,0,0,0,0,0,0,2,2,0,0
1991,"MORA",35033,4,3,0,0,1,0,0,0,0,0,4,3,0,1
1992,"MORA",35033,1,0,0,0,1,0,0,0,0,0,1,0,0,1
1993,"MORA",35033,6,5,0,0,1,1,0,0,0,1,5,5,0,0
1994,"MORA",35033,3,3,0,0,0,0,0,0,0,0,3,3,0,0
1995,"MORA",35033,5,4,0,0,1,1,0,0,0,1,4,4,0,0
1996,"MORA",35033,13,10,1,0,2,1,0,1,0,0,12,10,0,2
1997,"MORA",35033,5,5,0,0,0,0,0,0,0,0,5,5,0,0
1998,"MORA",35033,13,10,0,0,3,0,0,0,0,0,13,10,0,3
1999,"MORA",35033,9,7,0,0,2,0,0,0,0,0,9,7,0,2
2000,"MORA",35033,10,7,0,0,3,2,2,0,0,0,8,5,0,3
2001,"MORA",35033,15,14,0,0,1,2,2,0,0,0,13,12,0,1
2002,"MORA",35033,18,17,0,0,1,1,1,0,0,0,17,16,0,1
2003,"MORA",35033,14,14,0,0,0,1,1,0,0,0,13,13,0,0
1990,"OTERO",35035,137,129,4,0,4,8,4,3,0,1,129,125,1,3
1991,"OTERO",35035,148,146,0,0,2,1,1,0,0,0,147,145,0,2
1992,"OTERO",35035,137,128,2,1,6,6,2,2,1,1,131,126,0,5
1993,"OTERO",35035,104,100,1,0,3,4,2,1,0,1,100,98,0,2
1994,"OTERO",35035,93,87,1,0,5,7,5,1,0,1,86,82,0,4
1995,"OTERO",35035,127,105,0,0,22,10,6,0,0,4,117,99,0,18
1996,"OTERO",35035,209,172,0,0,37,10,6,0,0,4,199,166,0,33
1997,"OTERO",35035,272,205,0,0,67,13,8,0,0,5,259,197,0,62
1998,"OTERO",35035,219,178,0,0,41,12,11,0,0,1,207,167,0,40
1999,"OTERO",35035,219,183,1,0,35,23,20,1,0,2,196,163,0,33
2000,"OTERO",35035,266,233,0,0,33,21,19,0,0,2,245,214,0,31
2001,"OTERO",35035,292,258,4,0,30,28,21,4,0,3,264,237,0,27
2002,"OTERO",35035,285,271,0,0,14,27,25,0,0,2,258,246,0,12
2003,"OTERO",35035,263,253,0,0,10,29,28,0,0,1,234,225,0,9
1990,"QUAY",35037,15,14,0,0,1,1,1,0,0,0,14,13,0,1
1991,"QUAY",35037,14,14,0,0,0,1,1,0,0,0,13,13,0,0
1992,"QUAY",35037,16,10,0,3,3,4,1,0,3,0,12,9,0,3
1993,"QUAY",35037,12,9,0,2,1,2,0,0,2,0,10,9,0,1
1994,"QUAY",35037,8,8,0,0,0,1,1,0,0,0,7,7,0,0
1995,"QUAY",35037,12,8,0,0,4,0,0,0,0,0,12,8,0,4
1996,"QUAY",35037,25,20,0,0,5,1,1,0,0,0,24,19,0,5
1997,"QUAY",35037,20,15,0,0,5,1,1,0,0,0,19,14,0,5
1998,"QUAY",35037,34,22,0,1,11,2,1,0,1,0,32,21,0,11
1999,"QUAY",35037,19,16,0,0,3,1,1,0,0,0,18,15,0,3
2000,"QUAY",35037,29,20,0,1,8,3,2,0,1,0,26,18,0,8
2001,"QUAY",35037,33,29,0,0,4,2,2,0,0,0,31,27,0,4
2002,"QUAY",35037,35,33,0,0,2,3,3,0,0,0,32,30,0,2
2003,"QUAY",35037,35,34,0,0,1,3,3,0,0,0,32,31,0,1
1990,"RIO ARRIBA",35039,30,23,0,0,7,3,2,0,0,1,27,21,0,6
1991,"RIO ARRIBA",35039,37,30,0,0,7,1,1,0,0,0,36,29,0,7
1992,"RIO ARRIBA",35039,32,25,1,0,6,4,2,0,0,2,28,23,1,4
1993,"RIO ARRIBA",35039,50,37,3,0,10,7,2,3,0,2,43,35,0,8
1994,"RIO ARRIBA",35039,29,25,0,0,4,3,1,0,0,2,26,24,0,2
1995,"RIO ARRIBA",35039,60,37,1,0,22,6,2,1,0,3,54,35,0,19
1996,"RIO ARRIBA",35039,56,29,0,0,27,3,0,0,0,3,53,29,0,24
1997,"RIO ARRIBA",35039,82,58,0,0,24,3,2,0,0,1,79,56,0,23
1998,"RIO ARRIBA",35039,85,66,1,0,18,1,0,1,0,0,84,66,0,18
1999,"RIO ARRIBA",35039,74,62,0,0,12,4,4,0,0,0,70,58,0,12
2000,"RIO ARRIBA",35039,72,60,0,0,12,3,1,0,0,2,69,59,0,10
2001,"RIO ARRIBA",35039,91,73,0,0,18,5,4,0,0,1,86,69,0,17
2002,"RIO ARRIBA",35039,94,80,0,0,14,4,3,0,0,1,90,77,0,13
2003,"RIO ARRIBA",35039,95,89,0,0,6,3,2,0,0,1,92,87,0,5
1990,"ROOSEVELT",35041,24,23,0,1,0,1,0,0,1,0,23,23,0,0
1991,"ROOSEVELT",35041,16,16,0,0,0,1,1,0,0,0,15,15,0,0
1992,"ROOSEVELT",35041,36,27,3,3,3,13,6,3,3,1,23,21,0,2
1993,"ROOSEVELT",35041,27,23,1,3,0,9,5,1,3,0,18,18,0,0
1994,"ROOSEVELT",35041,26,22,2,1,1,5,2,2,1,0,21,20,0,1
1995,"ROOSEVELT",35041,34,32,0,0,2,7,6,0,0,1,27,26,0,1
1996,"ROOSEVELT",35041,42,36,1,3,2,8,4,1,3,0,34,32,0,2
1997,"ROOSEVELT",35041,65,61,0,2,2,4,2,0,2,0,61,59,0,2
1998,"ROOSEVELT",35041,71,63,0,1,7,4,2,0,1,1,67,61,0,6
1999,"ROOSEVELT",35041,78,68,0,2,8,7,5,0,2,0,71,63,0,8
2000,"ROOSEVELT",35041,42,36,3,1,2,5,0,3,1,1,37,36,0,1
2001,"ROOSEVELT",35041,69,63,0,2,4,4,2,0,2,0,65,61,0,4
2002,"ROOSEVELT",35041,91,84,3,1,3,13,8,3,1,1,78,76,0,2
2003,"ROOSEVELT",35041,84,83,0,1,0,9,8,0,1,0,75,75,0,0
1990,"SANDOVAL",35043,188,158,2,0,28,9,7,1,0,1,179,151,1,27
1991,"SANDOVAL",35043,235,184,2,0,49,13,7,2,0,4,222,177,0,45
1992,"SANDOVAL",35043,204,163,1,0,40,12,8,1,0,3,192,155,0,37
1993,"SANDOVAL",35043,209,158,1,0,50,14,7,1,0,6,195,151,0,44
1994,"SANDOVAL",35043,156,116,0,0,40,10,7,0,0,3,146,109,0,37
1995,"SANDOVAL",35043,222,133,0,0,89,11,4,0,0,7,211,129,0,82
1996,"SANDOVAL",35043,354,198,1,0,155,20,10,0,0,10,334,188,1,145
1997,"SANDOVAL",35043,429,271,0,0,158,18,9,0,0,9,411,262,0,149
1998,"SANDOVAL",35043,469,345,2,0,122,16,11,2,0,3,453,334,0,119
1999,"SANDOVAL",35043,395,333,0,0,62,28,24,0,0,4,367,309,0,58
2000,"SANDOVAL",35043,392,316,1,0,75,27,23,1,0,3,365,293,0,72
2001,"SANDOVAL",35043,493,417,2,0,74,37,30,2,0,5,456,387,0,69
2002,"SANDOVAL",35043,603,530,0,1,72,28,25,0,1,2,575,505,0,70
2003,"SANDOVAL",35043,618,515,1,0,102,52,38,1,0,13,566,477,0,89
1990,"SAN JUAN",35045,200,185,6,0,9,17,11,6,0,0,183,174,0,9
1991,"SAN JUAN",35045,206,175,4,0,27,14,5,4,0,5,192,170,0,22
1992,"SAN JUAN",35045,243,209,7,0,27,29,11,6,0,12,214,198,1,15
1993,"SAN JUAN",35045,187,164,1,0,22,7,2,1,0,4,180,162,0,18
1994,"SAN JUAN",35045,214,201,3,0,10,11,3,3,0,5,203,198,0,5
1995,"SAN JUAN",35045,216,187,1,0,28,7,5,1,0,1,209,182,0,27
1996,"SAN JUAN",35045,290,258,2,0,30,12,5,2,0,5,278,253,0,25
1997,"SAN JUAN",35045,396,346,4,1,45,9,2,3,1,3,387,344,1,42
1998,"SAN JUAN",35045,417,343,1,0,73,17,16,1,0,0,400,327,0,73
1999,"SAN JUAN",35045,420,373,2,0,45,43,38,2,0,3,377,335,0,42
2000,"SAN JUAN",35045,375,346,1,0,28,17,16,1,0,0,358,330,0,28
2001,"SAN JUAN",35045,504,472,1,0,31,37,36,1,0,0,467,436,0,31
2002,"SAN JUAN",35045,524,502,0,0,22,30,30,0,0,0,494,472,0,22
2003,"SAN JUAN",35045,533,508,1,0,24,40,36,1,0,3,493,472,0,21
1990,"SAN MIGUEL",35047,37,29,0,0,8,1,1,0,0,0,36,28,0,8
1991,"SAN MIGUEL",35047,31,25,0,0,6,2,1,0,0,1,29,24,0,5
1992,"SAN MIGUEL",35047,59,47,0,0,12,3,1,0,0,2,56,46,0,10
1993,"SAN MIGUEL",35047,44,39,1,0,4,3,2,1,0,0,41,37,0,4
1994,"SAN MIGUEL",35047,32,27,1,0,4,2,0,1,0,1,30,27,0,3
1995,"SAN MIGUEL",35047,53,43,0,0,10,2,0,0,0,2,51,43,0,8
1996,"SAN MIGUEL",35047,60,46,0,0,14,1,0,0,0,1,59,46,0,13
1997,"SAN MIGUEL",35047,89,61,0,0,28,0,0,0,0,0,89,61,0,28
1998,"SAN MIGUEL",35047,108,75,2,0,31,3,0,2,0,1,105,75,0,30
1999,"SAN MIGUEL",35047,110,87,0,0,23,3,2,0,0,1,107,85,0,22
2000,"SAN MIGUEL",35047,68,54,0,0,14,3,2,0,0,1,65,52,0,13
2001,"SAN MIGUEL",35047,99,85,0,0,14,1,1,0,0,0,98,84,0,14
2002,"SAN MIGUEL",35047,134,122,1,0,11,5,4,1,0,0,129,118,0,11
2003,"SAN MIGUEL",35047,145,128,0,1,16,10,6,0,1,3,135,122,0,13
1990,"SANTA FE",35049,222,187,4,0,30,26,15,3,1,7,196,172,1,23
1991,"SANTA FE",35049,250,209,6,0,35,27,17,5,0,5,223,192,1,30
1992,"SANTA FE",35049,316,256,6,0,54,24,13,6,0,5,292,243,0,49
1993,"SANTA FE",35049,276,226,9,0,41,34,21,7,0,6,242,205,2,35
1994,"SANTA FE",35049,282,222,11,0,49,35,18,11,0,6,247,204,0,43
1995,"SANTA FE",35049,361,272,7,0,82,34,13,6,0,15,327,259,1,67
1996,"SANTA FE",35049,469,326,4,0,139,32,14,4,0,14,437,312,0,125
1997,"SANTA FE",35049,564,437,3,0,124,44,33,2,0,9,520,404,1,115
1998,"SANTA FE",35049,597,454,2,0,141,31,22,2,0,7,566,432,0,134
1999,"SANTA FE",35049,469,404,4,0,61,45,35,3,0,7,424,369,1,54
2000,"SANTA FE",35049,401,342,3,1,55,32,24,2,1,5,369,318,1,50
2001,"SANTA FE",35049,566,498,3,0,65,40,31,3,0,6,526,467,0,59
2002,"SANTA FE",35049,527,488,5,0,34,53,44,4,0,5,474,444,1,29
2003,"SANTA FE",35049,537,490,3,0,44,46,36,3,0,7,491,454,0,37
1990,"SIERRA",35051,21,21,0,0,0,0,0,0,0,0,21,21,0,0
1991,"SIERRA",35051,16,15,1,0,0,2,1,1,0,0,14,14,0,0
1992,"SIERRA",35051,21,16,4,0,1,6,3,3,0,0,15,13,1,1
1993,"SIERRA",35051,31,29,0,0,2,6,5,0,0,1,25,24,0,1
1994,"SIERRA",35051,22,17,1,0,4,4,3,1,0,0,18,14,0,4
1995,"SIERRA",35051,32,23,0,1,8,4,1,0,1,2,28,22,0,6
1996,"SIERRA",35051,46,32,0,0,14,3,3,0,0,0,43,29,0,14
1997,"SIERRA",35051,40,25,0,0,15,4,2,0,0,2,36,23,0,13
1998,"SIERRA",35051,52,38,0,0,14,2,1,0,0,1,50,37,0,13
1999,"SIERRA",35051,47,42,0,0,5,6,5,0,0,1,41,37,0,4
2000,"SIERRA",35051,44,44,0,0,0,5,5,0,0,0,39,39,0,0
2001,"SIERRA",35051,60,55,0,0,5,10,10,0,0,0,50,45,0,5
2002,"SIERRA",35051,67,65,0,0,2,4,4,0,0,0,63,61,0,2
2003,"SIERRA",35051,66,64,0,0,2,11,10,0,0,1,55,54,0,1
1990,"SOCORRO",35053,19,12,0,1,6,5,1,0,1,3,14,11,0,3
1991,"SOCORRO",35053,30,24,0,0,6,3,3,0,0,0,27,21,0,6
1992,"SOCORRO",35053,30,25,0,0,5,3,2,0,0,1,27,23,0,4
1993,"SOCORRO",35053,23,15,0,0,8,0,0,0,0,0,23,15,0,8
1994,"SOCORRO",35053,23,19,0,0,4,3,2,0,0,1,20,17,0,3
1995,"SOCORRO",35053,35,20,0,0,15,4,1,0,0,3,31,19,0,12
1996,"SOCORRO",35053,48,28,1,0,19,4,2,0,0,2,44,26,1,17
1997,"SOCORRO",35053,46,20,0,0,26,0,0,0,0,0,46,20,0,26
1998,"SOCORRO",35053,51,39,0,0,12,0,0,0,0,0,51,39,0,12
1999,"SOCORRO",35053,54,41,0,0,13,2,1,0,0,1,52,40,0,12
2000,"SOCORRO",35053,40,29,0,0,11,1,1,0,0,0,39,28,0,11
2001,"SOCORRO",35053,47,36,0,0,11,1,1,0,0,0,46,35,0,11
2002,"SOCORRO",35053,65,57,0,0,8,5,5,0,0,0,60,52,0,8
2003,"SOCORRO",35053,69,59,0,0,10,3,3,0,0,0,66,56,0,10
1990,"TAOS",35055,26,18,0,0,8,2,1,0,0,1,24,17,0,7
1991,"TAOS",35055,31,23,2,0,6,5,2,2,0,1,26,21,0,5
1992,"TAOS",35055,24,18,1,0,5,2,0,1,0,1,22,18,0,4
1993,"TAOS",35055,27,21,1,0,5,3,0,1,0,2,24,21,0,3
1994,"TAOS",35055,26,24,0,0,2,3,2,0,0,1,23,22,0,1
1995,"TAOS",35055,30,23,0,0,7,6,4,0,0,2,24,19,0,5
1996,"TAOS",35055,46,36,1,0,9,6,4,1,0,1,40,32,0,8
1997,"TAOS",35055,77,59,0,0,18,12,9,0,0,3,65,50,0,15
1998,"TAOS",35055,68,55,1,0,12,7,6,1,0,0,61,49,0,12
1999,"TAOS",35055,66,55,1,0,10,12,8,1,0,3,54,47,0,7
2000,"TAOS",35055,86,73,2,0,11,15,11,2,0,2,71,62,0,9
2001,"TAOS",35055,91,69,1,0,21,17,11,1,0,5,74,58,0,16
2002,"TAOS",35055,106,90,1,0,15,15,13,1,0,1,91,77,0,14
2003,"TAOS",35055,97,84,0,0,13,16,14,0,0,2,81,70,0,11
1990,"TORRANCE",35057,38,33,0,0,5,0,0,0,0,0,38,33,0,5
1991,"TORRANCE",35057,25,22,0,0,3,1,0,0,0,1,24,22,0,2
1992,"TORRANCE",35057,32,22,1,0,9,5,2,1,0,2,27,20,0,7
1993,"TORRANCE",35057,20,16,0,0,4,1,0,0,0,1,19,16,0,3
1994,"TORRANCE",35057,19,17,0,0,2,2,2,0,0,0,17,15,0,2
1995,"TORRANCE",35057,26,13,0,0,13,2,0,0,0,2,24,13,0,11
1996,"TORRANCE",35057,38,23,1,0,14,2,1,1,0,0,36,22,0,14
1997,"TORRANCE",35057,58,40,1,0,17,3,0,1,0,2,55,40,0,15
1998,"TORRANCE",35057,71,39,0,0,32,2,0,0,0,2,69,39,0,30
1999,"TORRANCE",35057,56,45,0,0,11,4,3,0,0,1,52,42,0,10
2000,"TORRANCE",35057,51,40,1,0,10,7,4,1,0,2,44,36,0,8
2001,"TORRANCE",35057,75,64,0,0,11,7,7,0,0,0,68,57,0,11
2002,"TORRANCE",35057,95,80,0,0,15,2,2,0,0,0,93,78,0,15
2003,"TORRANCE",35057,108,89,0,0,19,10,8,0,0,2,98,81,0,17
1990,"UNION",35059,8,5,0,1,2,2,1,0,1,0,6,4,0,2
1991,"UNION",35059,17,15,0,0,2,4,3,0,0,1,13,12,0,1
1992,"UNION",35059,8,7,0,0,1,2,2,0,0,0,6,5,0,1
1993,"UNION",35059,11,7,1,0,3,3,1,1,0,1,8,6,0,2
1994,"UNION",35059,12,10,1,0,1,2,1,1,0,0,10,9,0,1
1995,"UNION",35059,1,0,0,0,1,1,0,0,0,1,0,0,0,0
1996,"UNION",35059,7,5,0,0,2,0,0,0,0,0,7,5,0,2
1997,"UNION",35059,13,12,0,0,1,0,0,0,0,0,13,12,0,1
1998,"UNION",35059,11,8,3,0,0,2,0,2,0,0,9,8,1,0
1999,"UNION",35059,10,8,0,1,1,1,0,0,1,0,9,8,0,1
2000,"UNION",35059,14,12,0,0,2,4,4,0,0,0,10,8,0,2
2001,"UNION",35059,9,6,0,0,3,0,0,0,0,0,9,6,0,3
2002,"UNION",35059,14,13,0,0,1,2,2,0,0,0,12,11,0,1
2003,"UNION",35059,17,16,0,1,0,4,3,0,1,0,13,13,0,0
1990,"VALENCIA",35061,157,130,3,0,24,12,9,3,0,0,145,121,0,24
1991,"VALENCIA",35061,166,137,1,0,28,7,3,1,0,3,159,134,0,25
1992,"VALENCIA",35061,165,116,2,0,47,15,10,2,0,3,150,106,0,44
1993,"VALENCIA",35061,155,100,9,0,46,17,4,7,0,6,138,96,2,40
1994,"VALENCIA",35061,130,95,1,0,34,9,6,1,0,2,121,89,0,32
1995,"VALENCIA",35061,174,93,0,1,80,10,4,0,1,5,164,89,0,75
1996,"VALENCIA",35061,243,131,0,0,112,6,1,0,0,5,237,130,0,107
1997,"VALENCIA",35061,353,214,1,0,138,13,7,1,0,5,340,207,0,133
1998,"VALENCIA",35061,341,224,0,0,117,6,6,0,0,0,335,218,0,117
1999,"VALENCIA",35061,359,294,1,0,64,21,18,1,0,2,338,276,0,62
2000,"VALENCIA",35061,384,322,1,0,61,28,21,1,0,6,356,301,0,55
2001,"VALENCIA",35061,412,352,0,0,60,18,15,0,0,3,394,337,0,57
2002,"VALENCIA",35061,447,400,1,0,46,33,27,1,0,5,414,373,0,41
2003,"VALENCIA",35061,497,442,0,0,55,32,25,0,0,7,465,417,0,48
1990,"ALBANY",36001,750,543,23,0,184,64,36,21,0,7,686,507,2,177
1991,"ALBANY",36001,915,609,28,0,278,61,24,26,0,11,854,585,2,267
1992,"ALBANY",36001,1057,675,25,0,357,89,42,25,0,22,968,633,0,335
1993,"ALBANY",36001,908,570,25,2,311,76,32,25,2,17,832,538,0,294
1994,"ALBANY",36001,886,599,16,0,270,58,29,15,0,13,828,570,1,257
1995,"ALBANY",36001,1009,651,26,0,332,79,40,26,0,13,930,611,0,319
1996,"ALBANY",36001,1346,893,12,0,440,75,47,12,0,15,1271,846,0,425
1997,"ALBANY",36001,1439,964,15,0,460,57,29,15,0,13,1382,935,0,447
1998,"ALBANY",36001,1413,1022,9,0,382,34,18,9,0,7,1379,1004,0,375
1999,"ALBANY",36001,1328,925,4,0,399,26,17,3,0,6,1302,908,1,393
2000,"ALBANY",36001,1119,759,6,0,354,38,28,5,0,5,1081,731,1,349
2001,"ALBANY",36001,1393,972,6,0,415,32,24,6,0,2,1361,948,0,413
2002,"ALBANY",36001,1485,997,10,0,478,33,17,10,0,6,1452,980,0,472
2003,"ALBANY",36001,1448,967,10,0,471,34,17,10,0,7,1414,950,0,464
1990,"ALLEGANY",36003,73,57,3,1,12,3,0,2,1,0,70,57,1,12
1991,"ALLEGANY",36003,75,62,0,0,13,4,2,0,0,2,71,60,0,11
1992,"ALLEGANY",36003,90,71,0,0,19,11,8,0,0,3,79,63,0,16
1993,"ALLEGANY",36003,72,58,1,0,13,10,6,1,0,3,62,52,0,10
1994,"ALLEGANY",36003,65,51,1,0,13,6,3,1,0,2,59,48,0,11
1995,"ALLEGANY",36003,75,62,0,0,13,10,6,0,0,4,65,56,0,9
1996,"ALLEGANY",36003,127,100,0,0,27,7,7,0,0,0,120,93,0,27
1997,"ALLEGANY",36003,190,143,0,0,47,10,8,0,0,2,180,135,0,45
1998,"ALLEGANY",36003,165,127,1,0,37,10,7,1,0,2,155,120,0,35
1999,"ALLEGANY",36003,183,123,1,0,59,11,7,1,0,3,172,116,0,56
2000,"ALLEGANY",36003,152,108,0,0,44,3,2,0,0,1,149,106,0,43
2001,"ALLEGANY",36003,169,126,0,1,42,5,4,0,1,0,164,122,0,42
2002,"ALLEGANY",36003,171,136,0,0,35,7,6,0,0,1,164,130,0,34
2003,"ALLEGANY",36003,186,142,0,2,42,5,2,0,2,1,181,140,0,41
1990,"BRONX",36005,1560,1381,45,0,134,52,8,41,0,3,1508,1373,4,131
1991,"BRONX",36005,2081,1829,82,0,170,100,21,77,0,2,1981,1808,5,168
1992,"BRONX",36005,2725,2341,108,0,276,125,21,101,0,3,2600,2320,7,273
1993,"BRONX",36005,2661,2248,77,0,336,93,20,70,0,3,2568,2228,7,333
1994,"BRONX",36005,2449,1998,52,0,399,73,14,47,0,12,2376,1984,5,387
1995,"BRONX",36005,2601,2075,45,0,481,69,23,43,0,3,2532,2052,2,478
1996,"BRONX",36005,3197,2701,39,0,457,58,20,37,0,1,3139,2681,2,456
1997,"BRONX",36005,4032,3509,35,0,488,58,18,34,0,6,3974,3491,1,482
1998,"BRONX",36005,4780,4223,22,0,535,34,12,20,0,2,4746,4211,2,533
1999,"BRONX",36005,4240,3718,22,0,500,41,15,21,0,5,4199,3703,1,495
2000,"BRONX",36005,3508,3035,17,0,456,25,8,16,0,1,3483,3027,1,455
2001,"BRONX",36005,4268,3738,15,0,515,26,12,13,0,1,4242,3726,2,514
2002,"BRONX",36005,5007,4319,22,0,666,27,6,21,0,0,4980,4313,1,666
2003,"BRONX",36005,5812,5151,15,0,646,32,18,12,0,2,5780,5133,3,644
1990,"BROOME",36007,550,348,8,0,194,44,25,8,0,11,506,323,0,183
1991,"BROOME",36007,705,461,19,0,225,55,23,19,0,13,650,438,0,212
1992,"BROOME",36007,616,401,22,0,193,58,24,22,0,12,558,377,0,181
1993,"BROOME",36007,575,409,10,0,156,52,26,9,0,17,523,383,1,139
1994,"BROOME",36007,483,375,7,0,101,44,25,7,0,12,439,350,0,89
1995,"BROOME",36007,534,448,4,0,82,35,21,3,0,11,499,427,1,71
1996,"BROOME",36007,672,578,8,0,86,38,23,8,0,7,634,555,0,79
1997,"BROOME",36007,919,787,5,0,127,54,41,5,0,8,865,746,0,119
1998,"BROOME",36007,867,758,6,0,103,35,24,5,0,6,832,734,1,97
1999,"BROOME",36007,728,615,6,1,106,43,27,5,1,10,685,588,1,96
2000,"BROOME",36007,652,516,3,0,133,32,18,3,0,11,620,498,0,122
2001,"BROOME",36007,789,626,5,0,158,23,15,5,0,3,766,611,0,155
2002,"BROOME",36007,759,592,9,0,158,25,11,9,0,5,734,581,0,153
2003,"BROOME",36007,817,599,9,0,209,21,10,9,0,2,796,589,0,207
1990,"CATTARAUGUS",36009,154,116,3,0,35,3,1,2,0,0,151,115,1,35
1991,"CATTARAUGUS",36009,185,135,2,1,47,18,11,2,1,4,167,124,0,43
1992,"CATTARAUGUS",36009,181,127,4,0,50,33,21,4,0,8,148,106,0,42
1993,"CATTARAUGUS",36009,186,117,2,0,67,17,11,2,0,4,169,106,0,63
1994,"CATTARAUGUS",36009,164,111,1,0,52,24,14,1,0,9,140,97,0,43
1995,"CATTARAUGUS",36009,238,155,5,1,77,36,20,5,1,10,202,135,0,67
1996,"CATTARAUGUS",36009,346,228,1,1,116,16,7,1,1,7,330,221,0,109
1997,"CATTARAUGUS",36009,483,290,4,0,189,37,18,4,0,15,446,272,0,174
1998,"CATTARAUGUS",36009,457,298,3,3,153,25,10,1,3,11,432,288,2,142
1999,"CATTARAUGUS",36009,395,270,0,1,124,17,8,0,1,8,378,262,0,116
2000,"CATTARAUGUS",36009,315,214,1,0,99,6,4,1,0,0,309,210,0,99
2001,"CATTARAUGUS",36009,385,269,0,0,116,11,8,0,0,3,374,261,0,113
2002,"CATTARAUGUS",36009,374,263,1,0,110,9,7,1,0,1,365,256,0,109
2003,"CATTARAUGUS",36009,415,305,1,0,109,3,1,1,0,1,412,304,0,108
1990,"CAYUGA",36011,220,212,1,1,6,15,12,1,1,1,205,200,0,5
1991,"CAYUGA",36011,226,212,2,1,11,26,21,1,1,3,200,191,1,8
1992,"CAYUGA",36011,214,201,2,1,10,26,20,2,1,3,188,181,0,7
1993,"CAYUGA",36011,238,216,1,0,21,31,26,1,0,4,207,190,0,17
1994,"CAYUGA",36011,224,201,1,2,20,21,14,1,2,4,203,187,0,16
1995,"CAYUGA",36011,259,237,2,1,19,17,9,2,1,5,242,228,0,14
1996,"CAYUGA",36011,351,321,1,2,27,20,16,1,2,1,331,305,0,26
1997,"CAYUGA",36011,385,348,1,2,34,28,20,1,2,5,357,328,0,29
1998,"CAYUGA",36011,427,395,2,1,29,24,18,2,1,3,403,377,0,26
1999,"CAYUGA",36011,339,287,0,1,51,13,8,0,1,4,326,279,0,47
2000,"CAYUGA",36011,363,323,2,0,38,4,2,2,0,0,359,321,0,38
2001,"CAYUGA",36011,418,362,1,0,55,5,3,1,0,1,413,359,0,54
2002,"CAYUGA",36011,462,402,1,1,58,13,10,1,1,1,449,392,0,57
2003,"CAYUGA",36011,467,390,0,1,76,7,3,0,1,3,460,387,0,73
1990,"CHAUTAUQUA",36013,390,243,2,0,145,4,1,2,0,1,386,242,0,144
1991,"CHAUTAUQUA",36013,495,298,11,4,182,53,25,10,4,14,442,273,1,168
1992,"CHAUTAUQUA",36013,444,255,11,1,177,51,24,11,1,15,393,231,0,162
1993,"CHAUTAUQUA",36013,366,223,5,1,137,46,24,5,1,16,320,199,0,121
1994,"CHAUTAUQUA",36013,340,224,3,1,112,35,23,3,1,8,305,201,0,104
1995,"CHAUTAUQUA",36013,441,287,10,0,144,32,16,8,0,8,409,271,2,136
1996,"CHAUTAUQUA",36013,660,455,3,0,202,37,21,3,0,13,623,434,0,189
1997,"CHAUTAUQUA",36013,900,578,7,2,313,53,30,7,2,14,847,548,0,299
1998,"CHAUTAUQUA",36013,843,538,7,0,298,55,27,7,0,21,788,511,0,277
1999,"CHAUTAUQUA",36013,676,432,8,2,234,42,14,7,2,19,634,418,1,215
2000,"CHAUTAUQUA",36013,632,407,2,0,223,17,9,2,0,6,615,398,0,217
2001,"CHAUTAUQUA",36013,785,539,6,0,240,23,14,5,0,4,762,525,1,236
2002,"CHAUTAUQUA",36013,801,580,2,0,219,24,16,2,0,6,777,564,0,213
2003,"CHAUTAUQUA",36013,894,684,4,0,206,11,7,4,0,0,883,677,0,206
1990,"CHEMUNG",36015,224,150,1,0,73,2,1,1,0,0,222,149,0,73
1991,"CHEMUNG",36015,249,184,1,0,64,18,11,1,0,6,231,173,0,58
1992,"CHEMUNG",36015,239,184,2,0,53,12,8,2,0,2,227,176,0,51
1993,"CHEMUNG",36015,164,141,1,0,22,22,16,1,0,5,142,125,0,17
1994,"CHEMUNG",36015,181,161,0,0,20,30,23,0,0,7,151,138,0,13
1995,"CHEMUNG",36015,192,170,1,0,21,25,19,1,0,5,167,151,0,16
1996,"CHEMUNG",36015,276,251,0,0,25,24,20,0,0,4,252,231,0,21
1997,"CHEMUNG",36015,365,328,0,0,37,24,19,0,0,5,341,309,0,32
1998,"CHEMUNG",36015,366,314,2,0,50,23,16,2,0,5,343,298,0,45
1999,"CHEMUNG",36015,325,287,0,0,38,15,11,0,0,4,310,276,0,34
2000,"CHEMUNG",36015,272,238,0,0,34,21,18,0,0,3,251,220,0,31
2001,"CHEMUNG",36015,315,266,2,0,47,9,3,1,0,5,306,263,1,42
2002,"CHEMUNG",36015,345,269,0,0,76,14,6,0,0,8,331,263,0,68
2003,"CHEMUNG",36015,340,271,1,0,68,9,5,1,0,3,331,266,0,65
1990,"CHENANGO",36017,110,95,1,0,14,10,8,1,0,1,100,87,0,13
1991,"CHENANGO",36017,126,98,1,0,27,17,14,1,0,2,109,84,0,25
1992,"CHENANGO",36017,123,106,2,0,15,13,9,2,0,2,110,97,0,13
1993,"CHENANGO",36017,128,102,3,2,21,21,11,3,2,5,107,91,0,16
1994,"CHENANGO",36017,116,91,1,0,24,9,5,1,0,3,107,86,0,21
1995,"CHENANGO",36017,149,124,0,1,24,19,6,0,1,12,130,118,0,12
1996,"CHENANGO",36017,155,134,2,1,18,14,8,2,1,3,141,126,0,15
1997,"CHENANGO",36017,227,194,2,2,29,23,13,2,2,6,204,181,0,23
1998,"CHENANGO",36017,272,246,0,0,26,15,12,0,0,3,257,234,0,23
1999,"CHENANGO",36017,199,178,0,0,21,6,2,0,0,4,193,176,0,17
2000,"CHENANGO",36017,218,173,0,0,45,13,7,0,0,6,205,166,0,39
2001,"CHENANGO",36017,253,216,1,0,36,8,4,1,0,3,245,212,0,33
2002,"CHENANGO",36017,231,193,4,2,32,9,2,4,2,1,222,191,0,31
2003,"CHENANGO",36017,270,227,0,0,43,9,8,0,0,1,261,219,0,42
1990,"CLINTON",36019,127,126,0,0,1,13,12,0,0,1,114,114,0,0
1991,"CLINTON",36019,171,151,10,1,9,29,17,10,1,1,142,134,0,8
1992,"CLINTON",36019,175,166,5,0,4,20,13,5,0,2,155,153,0,2
1993,"CLINTON",36019,166,157,4,0,5,12,8,4,0,0,154,149,0,5
1994,"CLINTON",36019,150,144,1,0,5,18,12,1,0,5,132,132,0,0
1995,"CLINTON",36019,198,185,3,1,9,22,15,3,1,3,176,170,0,6
1996,"CLINTON",36019,301,282,6,0,13,29,20,4,0,5,272,262,2,8
1997,"CLINTON",36019,351,333,1,1,16,23,14,1,1,7,328,319,0,9
1998,"CLINTON",36019,357,340,2,0,15,8,6,2,0,0,349,334,0,15
1999,"CLINTON",36019,280,259,3,0,18,7,3,3,0,1,273,256,0,17
2000,"CLINTON",36019,296,279,1,0,16,4,3,1,0,0,292,276,0,16
2001,"CLINTON",36019,311,292,2,1,16,11,6,2,1,2,300,286,0,14
2002,"CLINTON",36019,283,264,0,0,19,6,6,0,0,0,277,258,0,19
2003,"CLINTON",36019,315,299,1,0,15,6,5,1,0,0,309,294,0,15
1990,"COLUMBIA",36021,98,78,9,2,9,13,3,7,2,1,85,75,2,8
1991,"COLUMBIA",36021,121,98,8,0,15,14,7,7,0,0,107,91,1,15
1992,"COLUMBIA",36021,135,114,3,2,16,11,4,3,2,2,124,110,0,14
1993,"COLUMBIA",36021,119,90,3,2,24,11,7,0,2,2,108,83,3,22
1994,"COLUMBIA",36021,140,106,5,2,27,11,5,4,2,0,129,101,1,27
1995,"COLUMBIA",36021,146,117,2,0,27,8,5,1,0,2,138,112,1,25
1996,"COLUMBIA",36021,200,168,1,3,28,10,6,1,3,0,190,162,0,28
1997,"COLUMBIA",36021,258,213,3,0,42,11,8,3,0,0,247,205,0,42
1998,"COLUMBIA",36021,286,217,0,1,68,9,5,0,1,3,277,212,0,65
1999,"COLUMBIA",36021,216,175,2,1,38,3,1,1,1,0,213,174,1,38
2000,"COLUMBIA",36021,183,135,2,0,46,10,5,2,0,3,173,130,0,43
2001,"COLUMBIA",36021,246,180,1,2,63,7,4,1,2,0,239,176,0,63
2002,"COLUMBIA",36021,233,178,1,0,54,3,2,1,0,0,230,176,0,54
2003,"COLUMBIA",36021,259,179,0,0,80,4,4,0,0,0,255,175,0,80
1990,"CORTLAND",36023,103,91,0,0,12,14,10,0,0,4,89,81,0,8
1991,"CORTLAND",36023,119,100,0,1,18,11,9,0,1,1,108,91,0,17
1992,"CORTLAND",36023,111,92,1,0,18,17,10,1,0,6,94,82,0,12
1993,"CORTLAND",36023,119,107,3,1,8,10,6,3,1,0,109,101,0,8
1994,"CORTLAND",36023,104,93,1,0,10,14,9,1,0,4,90,84,0,6
1995,"CORTLAND",36023,135,130,0,0,5,7,6,0,0,1,128,124,0,4
1996,"CORTLAND",36023,215,187,1,0,27,18,13,1,0,4,197,174,0,23
1997,"CORTLAND",36023,200,179,1,0,20,10,7,1,0,2,190,172,0,18
1998,"CORTLAND",36023,249,225,0,1,23,6,4,0,1,1,243,221,0,22
1999,"CORTLAND",36023,175,146,0,1,28,9,5,0,1,3,166,141,0,25
2000,"CORTLAND",36023,182,155,1,0,26,8,5,1,0,2,174,150,0,24
2001,"CORTLAND",36023,234,192,0,1,41,4,1,0,1,2,230,191,0,39
2002,"CORTLAND",36023,245,203,0,0,42,6,5,0,0,1,239,198,0,41
2003,"CORTLAND",36023,290,226,2,1,61,5,2,2,1,0,285,224,0,61
1990,"DELAWARE",36025,74,60,0,3,11,15,10,0,3,2,59,50,0,9
1991,"DELAWARE",36025,78,57,1,0,20,13,6,1,0,6,65,51,0,14
1992,"DELAWARE",36025,100,74,1,1,24,18,8,1,1,8,82,66,0,16
1993,"DELAWARE",36025,82,59,0,0,23,13,5,0,0,8,69,54,0,15
1994,"DELAWARE",36025,100,73,2,2,23,10,4,2,2,2,90,69,0,21
1995,"DELAWARE",36025,96,78,1,0,17,5,2,0,0,3,91,76,1,14
1996,"DELAWARE",36025,108,84,4,1,19,14,6,4,1,3,94,78,0,16
1997,"DELAWARE",36025,143,114,0,0,29,7,3,0,0,4,136,111,0,25
1998,"DELAWARE",36025,119,97,0,0,22,3,2,0,0,1,116,95,0,21
1999,"DELAWARE",36025,132,106,2,0,24,8,4,2,0,2,124,102,0,22
2000,"DELAWARE",36025,125,105,0,1,19,4,2,0,1,1,121,103,0,18
2001,"DELAWARE",36025,159,134,1,0,24,5,3,1,0,1,154,131,0,23
2002,"DELAWARE",36025,140,115,2,0,23,5,3,2,0,0,135,112,0,23
2003,"DELAWARE",36025,149,128,1,0,20,1,0,1,0,0,148,128,0,20
1990,"DUTCHESS",36027,520,471,15,0,34,38,24,12,0,2,482,447,3,32
1991,"DUTCHESS",36027,825,745,24,0,56,44,27,17,0,0,781,718,7,56
1992,"DUTCHESS",36027,806,709,29,0,68,43,26,17,0,0,763,683,12,68
1993,"DUTCHESS",36027,812,701,38,0,73,50,26,24,0,0,762,675,14,73
1994,"DUTCHESS",36027,776,668,21,0,87,23,8,15,0,0,753,660,6,87
1995,"DUTCHESS",36027,805,695,14,1,95,16,9,6,1,0,789,686,8,95
1996,"DUTCHESS",36027,992,873,8,0,111,8,4,4,0,0,984,869,4,111
1997,"DUTCHESS",36027,1076,942,13,0,121,16,6,10,0,0,1060,936,3,121
1998,"DUTCHESS",36027,1105,943,9,2,151,17,8,7,2,0,1088,935,2,151
1999,"DUTCHESS",36027,911,729,7,0,175,16,9,7,0,0,895,720,0,175
2000,"DUTCHESS",36027,852,683,8,0,161,21,17,4,0,0,831,666,4,161
2001,"DUTCHESS",36027,1020,810,13,0,197,21,7,11,0,3,999,803,2,194
2002,"DUTCHESS",36027,971,762,13,0,196,19,9,9,0,1,952,753,4,195
2003,"DUTCHESS",36027,922,705,11,0,206,18,9,9,0,0,904,696,2,206
1990,"ERIE",36029,2446,1338,47,0,1061,76,34,42,0,0,2370,1304,5,1061
1991,"ERIE",36029,2576,1478,66,0,1032,231,108,63,0,60,2345,1370,3,972
1992,"ERIE",36029,2596,1522,50,1,1023,287,135,49,1,102,2309,1387,1,921
1993,"ERIE",36029,2342,1325,38,0,979,296,141,38,0,117,2046,1184,0,862
1994,"ERIE",36029,2283,1368,45,0,869,243,127,44,0,71,2040,1241,1,798
1995,"ERIE",36029,2695,1691,40,0,964,221,102,37,0,82,2474,1589,3,882
1996,"ERIE",36029,3496,2339,38,0,1119,253,146,37,0,70,3243,2193,1,1049
1997,"ERIE",36029,4675,3211,42,2,1420,282,158,41,2,81,4393,3053,1,1339
1998,"ERIE",36029,5029,3585,26,0,1418,189,120,25,0,44,4840,3465,1,1374
1999,"ERIE",36029,4279,3044,20,0,1215,113,77,19,0,16,4167,2967,1,1199
2000,"ERIE",36029,4022,2808,18,0,1196,91,55,16,0,20,3931,2753,2,1176
2001,"ERIE",36029,4751,3553,26,0,1171,99,60,24,0,14,4652,3493,2,1157
2002,"ERIE",36029,5008,3727,17,0,1264,76,54,16,0,6,4932,3673,1,1258
2003,"ERIE",36029,5918,4370,28,1,1519,85,50,28,1,6,5833,4320,0,1513
1990,"ESSEX",36031,45,37,1,0,7,6,5,1,0,0,39,32,0,7
1991,"ESSEX",36031,72,69,1,1,1,13,11,1,1,0,59,58,0,1
1992,"ESSEX",36031,74,64,4,0,6,12,4,4,0,4,62,60,0,2
1993,"ESSEX",36031,69,59,1,0,9,8,7,1,0,0,61,52,0,9
1994,"ESSEX",36031,53,49,1,0,3,4,3,1,0,0,49,46,0,3
1995,"ESSEX",36031,60,56,1,0,3,5,3,1,0,1,55,53,0,2
1996,"ESSEX",36031,114,101,1,1,11,17,9,1,1,6,97,92,0,5
1997,"ESSEX",36031,152,140,1,2,9,11,5,1,2,3,141,135,0,6
1998,"ESSEX",36031,155,134,0,2,19,9,6,0,2,1,146,128,0,18
1999,"ESSEX",36031,125,112,1,1,11,7,5,1,1,0,118,107,0,11
2000,"ESSEX",36031,135,125,0,0,10,2,2,0,0,0,133,123,0,10
2001,"ESSEX",36031,156,139,0,0,17,1,0,0,0,1,155,139,0,16
2002,"ESSEX",36031,137,121,1,0,15,5,4,1,0,0,132,117,0,15
2003,"ESSEX",36031,146,119,1,0,26,2,1,1,0,0,144,118,0,26
1990,"FRANKLIN",36033,51,50,1,0,0,12,11,1,0,0,39,39,0,0
1991,"FRANKLIN",36033,69,64,0,2,3,14,11,0,2,1,55,53,0,2
1992,"FRANKLIN",36033,70,68,1,0,1,11,10,1,0,0,59,58,0,1
1993,"FRANKLIN",36033,69,66,0,2,1,13,10,0,2,1,56,56,0,0
1994,"FRANKLIN",36033,78,74,0,3,1,14,11,0,3,0,64,63,0,1
1995,"FRANKLIN",36033,117,110,1,3,3,9,3,1,3,2,108,107,0,1
1996,"FRANKLIN",36033,138,118,0,1,19,10,4,0,1,5,128,114,0,14
1997,"FRANKLIN",36033,207,170,0,2,35,10,4,0,2,4,197,166,0,31
1998,"FRANKLIN",36033,209,167,1,0,41,9,5,1,0,3,200,162,0,38
1999,"FRANKLIN",36033,189,151,0,1,37,8,2,0,1,5,181,149,0,32
2000,"FRANKLIN",36033,171,137,0,2,32,5,2,0,2,1,166,135,0,31
2001,"FRANKLIN",36033,144,131,0,1,12,5,2,0,1,2,139,129,0,10
2002,"FRANKLIN",36033,166,149,1,1,15,3,0,1,1,1,163,149,0,14
2003,"FRANKLIN",36033,164,147,0,3,14,8,5,0,3,0,156,142,0,14
1990,"FULTON",36035,119,97,3,0,19,7,2,3,0,2,112,95,0,17
1991,"FULTON",36035,164,136,10,1,17,25,12,9,1,3,139,124,1,14
1992,"FULTON",36035,146,118,1,0,27,17,12,1,0,4,129,106,0,23
1993,"FULTON",36035,161,127,2,0,32,13,8,2,0,3,148,119,0,29
1994,"FULTON",36035,148,108,2,1,37,13,9,1,1,2,135,99,1,35
1995,"FULTON",36035,180,142,7,0,31,19,7,7,0,5,161,135,0,26
1996,"FULTON",36035,213,180,1,0,32,17,13,1,0,3,196,167,0,29
1997,"FULTON",36035,274,221,0,0,53,12,10,0,0,2,262,211,0,51
1998,"FULTON",36035,300,254,0,0,46,7,4,0,0,3,293,250,0,43
1999,"FULTON",36035,265,216,2,0,47,4,2,2,0,0,261,214,0,47
2000,"FULTON",36035,250,203,0,2,45,7,3,0,2,2,243,200,0,43
2001,"FULTON",36035,333,247,3,0,83,6,2,3,0,1,327,245,0,82
2002,"FULTON",36035,390,260,0,0,130,2,1,0,0,1,388,259,0,129
2003,"FULTON",36035,429,296,4,0,129,7,3,4,0,0,422,293,0,129
1990,"GENESEE",36037,165,113,1,0,51,1,1,0,0,0,164,112,1,51
1991,"GENESEE",36037,173,116,2,0,55,21,17,2,0,2,152,99,0,53
1992,"GENESEE",36037,189,123,2,4,60,26,15,2,4,5,163,108,0,55
1993,"GENESEE",36037,133,89,3,0,41,23,13,3,0,7,110,76,0,34
1994,"GENESEE",36037,154,112,1,0,41,17,14,1,0,2,137,98,0,39
1995,"GENESEE",36037,151,103,0,0,48,11,8,0,0,3,140,95,0,45
1996,"GENESEE",36037,212,166,1,0,45,15,11,1,0,3,197,155,0,42
1997,"GENESEE",36037,268,213,0,2,53,18,12,0,2,4,250,201,0,49
1998,"GENESEE",36037,281,211,0,1,69,10,8,0,1,1,271,203,0,68
1999,"GENESEE",36037,257,180,2,0,75,7,5,2,0,0,250,175,0,75
2000,"GENESEE",36037,235,164,0,1,70,8,7,0,1,0,227,157,0,70
2001,"GENESEE",36037,271,214,3,0,53,7,3,3,0,0,264,211,0,53
2002,"GENESEE",36037,262,200,1,0,61,7,6,1,0,0,255,194,0,61
2003,"GENESEE",36037,316,239,0,0,77,7,4,0,0,3,309,235,0,74
1990,"GREENE",36039,74,64,4,0,6,9,5,4,0,0,65,59,0,6
1991,"GREENE",36039,134,109,10,0,15,22,10,9,0,3,112,99,1,12
1992,"GREENE",36039,114,94,4,0,16,13,7,3,0,3,101,87,1,13
1993,"GREENE",36039,123,102,1,1,19,9,4,1,1,3,114,98,0,16
1994,"GREENE",36039,112,74,7,0,31,15,2,6,0,7,97,72,1,24
1995,"GREENE",36039,143,100,5,0,38,20,7,5,0,8,123,93,0,30
1996,"GREENE",36039,198,147,5,0,46,20,9,5,0,6,178,138,0,40
1997,"GREENE",36039,195,146,1,0,48,4,2,1,0,1,191,144,0,47
1998,"GREENE",36039,236,198,1,0,37,7,4,1,0,2,229,194,0,35
1999,"GREENE",36039,187,154,1,0,32,6,2,0,0,4,181,152,1,28
2000,"GREENE",36039,196,144,3,0,49,5,1,2,0,2,191,143,1,47
2001,"GREENE",36039,213,152,0,0,61,12,7,0,0,5,201,145,0,56
2002,"GREENE",36039,209,148,0,0,61,5,2,0,0,3,204,146,0,58
2003,"GREENE",36039,210,134,2,0,74,8,2,1,0,5,202,132,1,69
1990,"HAMILTON",36041,8,5,0,0,3,2,1,0,0,1,6,4,0,2
1991,"HAMILTON",36041,10,9,0,0,1,2,2,0,0,0,8,7,0,1
1992,"HAMILTON",36041,7,5,0,0,2,1,0,0,0,1,6,5,0,1
1993,"HAMILTON",36041,9,6,0,0,3,2,1,0,0,1,7,5,0,2
1994,"HAMILTON",36041,5,5,0,0,0,1,1,0,0,0,4,4,0,0
1995,"HAMILTON",36041,8,8,0,0,0,0,0,0,0,0,8,8,0,0
1996,"HAMILTON",36041,15,13,0,0,2,1,0,0,0,1,14,13,0,1
1997,"HAMILTON",36041,11,10,0,0,1,0,0,0,0,0,11,10,0,1
1998,"HAMILTON",36041,24,20,0,0,4,1,1,0,0,0,23,19,0,4
1999,"HAMILTON",36041,12,9,0,0,3,0,0,0,0,0,12,9,0,3
2000,"HAMILTON",36041,7,6,0,0,1,0,0,0,0,0,7,6,0,1
2001,"HAMILTON",36041,14,10,1,0,3,2,0,1,0,1,12,10,0,2
2002,"HAMILTON",36041,11,10,0,0,1,0,0,0,0,0,11,10,0,1
2003,"HAMILTON",36041,15,13,0,0,2,0,0,0,0,0,15,13,0,2
1990,"HERKIMER",36043,117,103,1,0,13,6,3,1,0,2,111,100,0,11
1991,"HERKIMER",36043,194,167,4,1,22,20,10,4,1,5,174,157,0,17
1992,"HERKIMER",36043,207,177,4,0,26,22,12,3,0,7,185,165,1,19
1993,"HERKIMER",36043,162,141,3,1,17,22,14,3,1,4,140,127,0,13
1994,"HERKIMER",36043,170,152,1,0,17,20,16,1,0,3,150,136,0,14
1995,"HERKIMER",36043,206,179,0,0,27,22,14,0,0,8,184,165,0,19
1996,"HERKIMER",36043,244,230,1,0,13,23,18,0,0,5,221,212,1,8
1997,"HERKIMER",36043,351,328,0,1,22,19,16,0,1,2,332,312,0,20
1998,"HERKIMER",36043,378,356,0,0,22,16,12,0,0,4,362,344,0,18
1999,"HERKIMER",36043,330,298,0,0,32,5,3,0,0,2,325,295,0,30
2000,"HERKIMER",36043,300,269,2,1,28,11,7,2,1,1,289,262,0,27
2001,"HERKIMER",36043,309,292,0,0,17,7,5,0,0,2,302,287,0,15
2002,"HERKIMER",36043,354,333,1,1,19,7,4,1,1,1,347,329,0,18
2003,"HERKIMER",36043,396,363,1,1,31,6,4,1,1,0,390,359,0,31
1990,"JEFFERSON",36045,262,250,4,1,7,29,24,3,1,1,233,226,1,6
1991,"JEFFERSON",36045,280,254,6,5,15,29,11,6,5,7,251,243,0,8
1992,"JEFFERSON",36045,331,299,6,1,25,36,19,6,1,10,295,280,0,15
1993,"JEFFERSON",36045,419,382,8,2,27,45,27,8,2,8,374,355,0,19
1994,"JEFFERSON",36045,347,306,3,3,35,32,13,3,3,13,315,293,0,22
1995,"JEFFERSON",36045,456,415,4,5,32,32,14,4,5,9,424,401,0,23
1996,"JEFFERSON",36045,706,664,0,5,37,43,26,0,5,12,663,638,0,25
1997,"JEFFERSON",36045,751,701,2,1,47,21,11,2,1,7,730,690,0,40
1998,"JEFFERSON",36045,812,766,0,1,45,15,10,0,1,4,797,756,0,41
1999,"JEFFERSON",36045,711,671,3,1,36,16,9,3,1,3,695,662,0,33
2000,"JEFFERSON",36045,684,644,4,0,36,27,16,4,0,7,657,628,0,29
2001,"JEFFERSON",36045,671,632,3,0,36,11,8,3,0,0,660,624,0,36
2002,"JEFFERSON",36045,662,621,2,0,39,7,3,1,0,3,655,618,1,36
2003,"JEFFERSON",36045,632,581,0,0,51,16,12,0,0,4,616,569,0,47
1990,"KINGS",36047,3064,2546,112,0,406,137,38,95,0,4,2927,2508,17,402
1991,"KINGS",36047,4513,3712,158,0,643,187,42,140,0,5,4326,3670,18,638
1992,"KINGS",36047,5385,4304,207,0,874,243,61,176,0,6,5142,4243,31,868
1993,"KINGS",36047,5211,4037,194,0,980,227,57,159,0,11,4984,3980,35,969
1994,"KINGS",36047,4692,3610,132,0,950,178,56,105,0,17,4514,3554,27,933
1995,"KINGS",36047,4845,3740,102,0,1003,141,56,79,0,6,4704,3684,23,997
1996,"KINGS",36047,5791,4719,103,0,969,156,64,86,0,6,5635,4655,17,963
1997,"KINGS",36047,6916,5890,103,0,923,149,58,88,0,3,6767,5832,15,920
1998,"KINGS",36047,7725,6613,67,0,1045,112,51,59,0,2,7613,6562,8,1043
1999,"KINGS",36047,6974,5786,63,0,1125,93,34,56,0,3,6881,5752,7,1122
2000,"KINGS",36047,6165,5182,55,0,928,94,43,51,0,0,6071,5139,4,928
2001,"KINGS",36047,7042,5929,60,0,1053,93,35,56,0,2,6949,5894,4,1051
2002,"KINGS",36047,7660,6351,52,0,1257,91,42,48,0,1,7569,6309,4,1256
2003,"KINGS",36047,8062,6827,46,0,1189,72,24,45,0,3,7990,6803,1,1186
1990,"LEWIS",36049,26,24,0,0,2,4,3,0,0,1,22,21,0,1
1991,"LEWIS",36049,34,28,1,1,4,7,2,1,1,3,27,26,0,1
1992,"LEWIS",36049,41,34,2,0,5,3,2,1,0,0,38,32,1,5
1993,"LEWIS",36049,55,49,0,0,6,4,2,0,0,2,51,47,0,4
1994,"LEWIS",36049,40,32,0,0,8,8,5,0,0,3,32,27,0,5
1995,"LEWIS",36049,39,33,1,1,4,5,2,1,1,1,34,31,0,3
1996,"LEWIS",36049,71,57,1,2,11,13,4,1,2,6,58,53,0,5
1997,"LEWIS",36049,117,107,0,1,9,10,4,0,1,5,107,103,0,4
1998,"LEWIS",36049,109,100,0,0,9,4,4,0,0,0,105,96,0,9
1999,"LEWIS",36049,89,84,0,1,4,4,3,0,1,0,85,81,0,4
2000,"LEWIS",36049,111,92,0,2,17,9,4,0,2,3,102,88,0,14
2001,"LEWIS",36049,96,84,0,0,12,8,6,0,0,2,88,78,0,10
2002,"LEWIS",36049,92,82,1,1,8,6,4,1,1,0,86,78,0,8
2003,"LEWIS",36049,100,92,0,1,7,3,1,0,1,1,97,91,0,6
1990,"LIVINGSTON",36051,129,109,3,0,17,5,2,3,0,0,124,107,0,17
1991,"LIVINGSTON",36051,179,151,0,0,28,19,13,0,0,6,160,138,0,22
1992,"LIVINGSTON",36051,162,137,1,0,24,14,12,1,0,1,148,125,0,23
1993,"LIVINGSTON",36051,143,113,2,1,27,20,13,2,1,4,123,100,0,23
1994,"LIVINGSTON",36051,134,119,3,0,12,23,19,2,0,2,111,100,1,10
1995,"LIVINGSTON",36051,141,128,0,0,13,19,15,0,0,4,122,113,0,9
1996,"LIVINGSTON",36051,192,172,0,0,20,14,12,0,0,2,178,160,0,18
1997,"LIVINGSTON",36051,258,223,1,0,34,23,20,1,0,2,235,203,0,32
1998,"LIVINGSTON",36051,232,183,0,0,49,18,11,0,0,7,214,172,0,42
1999,"LIVINGSTON",36051,197,167,0,0,30,14,11,0,0,3,183,156,0,27
2000,"LIVINGSTON",36051,166,140,0,0,26,10,7,0,0,3,156,133,0,23
2001,"LIVINGSTON",36051,199,168,3,0,28,15,7,3,0,5,184,161,0,23
2002,"LIVINGSTON",36051,191,163,0,0,28,5,5,0,0,0,186,158,0,28
2003,"LIVINGSTON",36051,238,195,1,0,42,6,4,1,0,1,232,191,0,41
1990,"MADISON",36053,164,148,0,0,16,9,6,0,0,3,155,142,0,13
1991,"MADISON",36053,182,167,1,1,13,23,16,1,1,5,159,151,0,8
1992,"MADISON",36053,212,189,2,0,21,22,17,2,0,3,190,172,0,18
1993,"MADISON",36053,149,133,1,1,14,21,15,1,1,4,128,118,0,10
1994,"MADISON",36053,146,130,2,1,13,11,6,2,1,2,135,124,0,11
1995,"MADISON",36053,196,178,0,0,18,12,11,0,0,1,184,167,0,17
1996,"MADISON",36053,269,244,1,1,23,11,7,1,1,2,258,237,0,21
1997,"MADISON",36053,351,320,1,2,28,30,21,1,2,6,321,299,0,22
1998,"MADISON",36053,359,339,0,2,18,13,9,0,2,2,346,330,0,16
1999,"MADISON",36053,304,279,2,0,23,15,11,2,0,2,289,268,0,21
2000,"MADISON",36053,285,253,0,1,31,12,7,0,1,4,273,246,0,27
2001,"MADISON",36053,338,294,2,0,42,19,11,2,0,6,319,283,0,36
2002,"MADISON",36053,358,311,2,0,45,11,7,2,0,2,347,304,0,43
2003,"MADISON",36053,355,310,1,0,44,8,6,1,0,1,347,304,0,43
1990,"MONROE",36055,1871,1375,54,0,442,77,25,51,0,1,1794,1350,3,441
1991,"MONROE",36055,2333,1818,50,0,465,262,169,50,0,43,2071,1649,0,422
1992,"MONROE",36055,2144,1661,49,0,434,319,216,49,0,54,1825,1445,0,380
1993,"MONROE",36055,1850,1392,64,1,393,275,166,63,1,45,1575,1226,1,348
1994,"MONROE",36055,1805,1432,49,2,322,294,199,48,2,45,1511,1233,1,277
1995,"MONROE",36055,1960,1598,30,0,332,257,188,30,0,39,1703,1410,0,293
1996,"MONROE",36055,2418,1940,34,2,442,278,193,32,2,51,2140,1747,2,391
1997,"MONROE",36055,2898,2275,12,0,611,292,207,12,0,73,2606,2068,0,538
1998,"MONROE",36055,2953,2338,17,0,598,230,168,16,0,46,2723,2170,1,552
1999,"MONROE",36055,2417,1931,11,0,475,181,138,11,0,32,2236,1793,0,443
2000,"MONROE",36055,2349,1836,5,1,507,153,114,5,1,33,2196,1722,0,474
2001,"MONROE",36055,3149,2481,10,0,658,123,100,9,0,14,3026,2381,1,644
2002,"MONROE",36055,3153,2270,20,0,863,96,62,18,0,16,3057,2208,2,847
2003,"MONROE",36055,3263,2365,13,1,884,100,72,13,1,14,3163,2293,0,870
1990,"MONTGOMERY",36057,89,68,2,0,19,8,5,2,0,1,81,63,0,18
1991,"MONTGOMERY",36057,107,93,0,0,14,5,4,0,0,1,102,89,0,13
1992,"MONTGOMERY",36057,140,121,0,1,18,9,5,0,1,3,131,116,0,15
1993,"MONTGOMERY",36057,124,84,2,2,36,13,3,2,2,6,111,81,0,30
1994,"MONTGOMERY",36057,130,110,0,1,19,8,6,0,1,1,122,104,0,18
1995,"MONTGOMERY",36057,168,125,5,0,38,15,6,5,0,4,153,119,0,34
1996,"MONTGOMERY",36057,227,182,1,1,43,16,7,1,1,7,211,175,0,36
1997,"MONTGOMERY",36057,266,213,1,2,50,16,9,1,2,4,250,204,0,46
1998,"MONTGOMERY",36057,305,257,1,1,46,13,10,1,1,1,292,247,0,45
1999,"MONTGOMERY",36057,246,195,1,0,50,7,4,1,0,2,239,191,0,48
2000,"MONTGOMERY",36057,217,173,3,0,41,7,3,3,0,1,210,170,0,40
2001,"MONTGOMERY",36057,307,247,1,0,59,12,8,1,0,3,295,239,0,56
2002,"MONTGOMERY",36057,324,234,1,0,89,7,3,1,0,3,317,231,0,86
2003,"MONTGOMERY",36057,367,275,1,0,91,1,0,1,0,0,366,275,0,91
1990,"NASSAU",36059,2081,1488,113,0,480,174,80,92,0,2,1907,1408,21,478
1991,"NASSAU",36059,2990,2123,185,0,682,245,99,146,0,0,2745,2024,39,682
1992,"NASSAU",36059,3576,2529,225,0,822,261,84,171,0,6,3315,2445,54,816
1993,"NASSAU",36059,3928,2642,206,0,1080,237,82,144,0,11,3691,2560,62,1069
1994,"NASSAU",36059,3870,2485,168,1,1216,202,75,111,1,15,3668,2410,57,1201
1995,"NASSAU",36059,4104,2704,134,0,1266,194,77,107,0,10,3910,2627,27,1256
1996,"NASSAU",36059,4194,2981,120,0,1093,165,70,93,0,2,4029,2911,27,1091
1997,"NASSAU",36059,4591,3428,90,0,1073,126,50,74,0,2,4465,3378,16,1071
1998,"NASSAU",36059,4752,3567,57,0,1128,93,44,48,0,1,4659,3523,9,1127
1999,"NASSAU",36059,3875,2756,93,0,1026,112,30,80,0,2,3763,2726,13,1024
2000,"NASSAU",36059,3182,2244,55,0,883,69,24,45,0,0,3113,2220,10,883
2001,"NASSAU",36059,3616,2502,57,0,1057,88,32,54,0,2,3528,2470,3,1055
2002,"NASSAU",36059,3755,2507,86,0,1162,121,37,82,0,2,3634,2470,4,1160
2003,"NASSAU",36059,3242,2137,43,0,1062,63,25,38,0,0,3179,2112,5,1062
1990,"NEW YORK",36061,2784,1838,728,0,213,843,140,699,0,0,1941,1698,29,214
1991,"NEW YORK",36061,3910,2753,957,0,191,1096,180,905,0,2,2814,2573,52,189
1992,"NEW YORK",36061,4517,3350,951,0,199,1163,235,911,0,0,3354,3115,40,199
1993,"NEW YORK",36061,3891,2931,741,0,212,884,170,701,0,6,3007,2761,40,206
1994,"NEW YORK",36061,3679,2793,610,0,267,769,172,575,0,13,2910,2621,35,254
1995,"NEW YORK",36061,3696,2652,730,0,307,907,185,705,0,10,2789,2467,25,297
1996,"NEW YORK",36061,4130,3299,493,0,330,662,173,472,0,9,3468,3126,21,321
1997,"NEW YORK",36061,4668,3890,439,0,339,560,140,409,0,11,4108,3750,30,328
1998,"NEW YORK",36061,4862,4285,251,1,318,391,148,231,1,4,4471,4137,20,314
1999,"NEW YORK",36061,4267,3720,284,0,263,391,119,265,0,6,3877,3601,19,257
2000,"NEW YORK",36061,3657,3022,392,0,238,523,134,381,0,3,3134,2888,11,235
2001,"NEW YORK",36061,4823,3615,995,0,211,1119,137,978,0,2,3704,3478,17,209
2002,"NEW YORK",36061,4769,3892,642,0,230,750,124,617,0,4,4019,3768,25,226
2003,"NEW YORK",36061,4965,4441,282,0,234,379,93,277,0,1,4586,4348,5,233
1990,"NIAGARA",36063,582,419,11,0,152,17,7,10,0,0,565,412,1,152
1991,"NIAGARA",36063,672,455,14,0,203,57,33,13,0,11,615,422,1,192
1992,"NIAGARA",36063,674,503,10,0,161,78,45,10,0,23,596,458,0,138
1993,"NIAGARA",36063,595,398,13,0,184,62,27,13,0,22,533,371,0,162
1994,"NIAGARA",36063,595,433,7,0,155,53,32,6,0,15,542,401,1,140
1995,"NIAGARA",36063,731,511,3,0,217,60,43,3,0,14,671,468,0,203
1996,"NIAGARA",36063,913,655,8,0,250,53,31,8,0,14,860,624,0,236
1997,"NIAGARA",36063,1282,969,3,0,310,65,37,2,0,26,1217,932,1,284
1998,"NIAGARA",36063,1206,874,6,0,326,34,23,5,0,6,1172,851,1,320
1999,"NIAGARA",36063,1129,872,3,0,254,37,26,3,0,8,1092,846,0,246
2000,"NIAGARA",36063,1018,773,9,0,236,26,16,7,0,3,992,757,2,233
2001,"NIAGARA",36063,1212,946,2,0,264,13,10,2,0,1,1199,936,0,263
2002,"NIAGARA",36063,1241,965,4,0,272,13,9,4,0,0,1228,956,0,272
2003,"NIAGARA",36063,1483,1150,1,0,332,19,13,1,0,5,1464,1137,0,327
1990,"ONEIDA",36065,538,484,7,1,46,38,21,7,1,9,500,463,0,37
1991,"ONEIDA",36065,686,639,2,1,44,44,39,1,1,3,642,600,1,41
1992,"ONEIDA",36065,732,666,21,0,45,74,44,19,0,11,658,622,2,34
1993,"ONEIDA",36065,666,607,13,1,45,70,50,12,1,7,596,557,1,38
1994,"ONEIDA",36065,698,645,7,0,46,70,54,6,0,10,628,591,1,36
1995,"ONEIDA",36065,785,726,10,1,48,71,51,10,1,9,714,675,0,39
1996,"ONEIDA",36065,1087,1021,4,1,61,70,51,4,1,14,1017,970,0,47
1997,"ONEIDA",36065,1490,1417,2,0,71,65,57,2,0,6,1425,1360,0,65
1998,"ONEIDA",36065,1472,1396,4,0,72,48,37,3,0,8,1424,1359,1,64
1999,"ONEIDA",36065,1138,1056,1,0,81,34,30,0,0,4,1104,1026,1,77
2000,"ONEIDA",36065,1028,918,5,0,105,37,28,5,0,4,991,890,0,101
2001,"ONEIDA",36065,1287,1173,7,0,107,40,25,6,0,9,1247,1148,1,98
2002,"ONEIDA",36065,1335,1202,4,0,129,36,26,4,0,6,1299,1176,0,123
2003,"ONEIDA",36065,1450,1318,5,1,126,29,20,4,1,4,1421,1298,1,122
1990,"ONONDAGA",36067,1271,1150,20,1,100,96,61,19,1,15,1175,1089,1,85
1991,"ONONDAGA",36067,1376,1183,36,0,157,122,67,34,0,21,1254,1116,2,136
1992,"ONONDAGA",36067,1458,1254,27,0,177,134,87,23,0,24,1324,1167,4,153
1993,"ONONDAGA",36067,1409,1201,22,1,185,110,63,21,1,25,1299,1138,1,160
1994,"ONONDAGA",36067,1203,1072,16,2,113,111,81,14,2,14,1092,991,2,99
1995,"ONONDAGA",36067,1539,1371,14,2,152,106,70,14,2,20,1433,1301,0,132
1996,"ONONDAGA",36067,1912,1685,27,1,199,145,91,27,1,26,1767,1594,0,173
1997,"ONONDAGA",36067,2207,1951,15,2,239,101,69,15,2,15,2106,1882,0,224
1998,"ONONDAGA",36067,2498,2174,17,0,307,90,56,17,0,17,2408,2118,0,290
1999,"ONONDAGA",36067,2222,1933,11,0,278,63,40,11,0,12,2159,1893,0,266
2000,"ONONDAGA",36067,2075,1717,14,0,344,58,37,14,0,7,2017,1680,0,337
2001,"ONONDAGA",36067,2436,1996,22,0,418,73,42,22,0,9,2363,1954,0,409
2002,"ONONDAGA",36067,2634,2161,14,0,459,64,42,13,0,9,2570,2119,1,450
2003,"ONONDAGA",36067,2963,2377,21,0,565,53,23,21,0,9,2910,2354,0,556
1990,"ONTARIO",36069,230,184,2,0,44,4,3,1,0,0,226,181,1,44
1991,"ONTARIO",36069,314,246,7,2,59,39,21,7,2,9,275,225,0,50
1992,"ONTARIO",36069,302,252,10,0,40,50,30,9,0,11,252,222,1,29
1993,"ONTARIO",36069,219,180,3,0,36,34,26,3,0,5,185,154,0,31
1994,"ONTARIO",36069,230,199,1,0,30,34,25,1,0,8,196,174,0,22
1995,"ONTARIO",36069,279,235,4,2,38,36,26,4,2,4,243,209,0,34
1996,"ONTARIO",36069,382,332,5,0,45,43,29,5,0,9,339,303,0,36
1997,"ONTARIO",36069,436,369,4,1,62,50,36,4,1,9,386,333,0,53
1998,"ONTARIO",36069,433,365,0,1,67,35,30,0,1,4,398,335,0,63
1999,"ONTARIO",36069,338,261,3,0,74,25,17,2,0,6,313,244,1,68
2000,"ONTARIO",36069,292,238,0,0,54,16,11,0,0,5,276,227,0,49
2001,"ONTARIO",36069,337,280,2,0,55,19,9,2,0,8,318,271,0,47
2002,"ONTARIO",36069,369,289,2,0,78,13,8,2,0,3,356,281,0,75
2003,"ONTARIO",36069,398,314,1,0,83,12,10,1,0,1,386,304,0,82
1990,"ORANGE",36071,529,468,13,0,48,32,22,9,0,1,497,446,4,47
1991,"ORANGE",36071,1024,929,31,0,64,63,40,23,0,0,961,889,8,64
1992,"ORANGE",36071,1108,974,35,1,98,50,22,26,1,1,1058,952,9,97
1993,"ORANGE",36071,1010,865,26,0,119,32,18,14,0,0,978,847,12,119
1994,"ORANGE",36071,893,767,16,0,110,17,7,10,0,0,876,760,6,110
1995,"ORANGE",36071,994,853,16,0,125,25,11,12,0,2,969,842,4,123
1996,"ORANGE",36071,1219,1048,24,1,146,35,12,22,1,0,1184,1036,2,146
1997,"ORANGE",36071,1473,1291,25,0,157,31,10,21,0,0,1442,1281,4,157
1998,"ORANGE",36071,1535,1358,17,0,160,24,12,12,0,0,1511,1346,5,160
1999,"ORANGE",36071,1302,1117,12,0,173,23,12,11,0,0,1279,1105,1,173
2000,"ORANGE",36071,1151,935,22,0,194,29,10,17,0,2,1122,925,5,192
2001,"ORANGE",36071,1281,1080,11,0,190,15,5,9,0,1,1266,1075,2,189
2002,"ORANGE",36071,1273,1023,11,0,239,20,11,8,0,1,1253,1012,3,238
2003,"ORANGE",36071,1225,917,10,1,297,19,8,8,1,2,1206,909,2,295
1990,"ORLEANS",36073,128,92,5,2,29,8,1,5,2,0,120,91,0,29
1991,"ORLEANS",36073,167,129,3,0,35,13,7,3,0,3,154,122,0,32
1992,"ORLEANS",36073,139,99,0,1,39,11,8,0,1,2,128,91,0,37
1993,"ORLEANS",36073,141,104,1,0,36,9,6,1,0,2,132,98,0,34
1994,"ORLEANS",36073,116,89,1,0,26,13,7,1,0,5,103,82,0,21
1995,"ORLEANS",36073,152,120,0,0,32,13,8,0,0,5,139,112,0,27
1996,"ORLEANS",36073,189,152,2,0,35,17,13,2,0,2,172,139,0,33
1997,"ORLEANS",36073,240,185,0,0,55,20,12,0,0,8,220,173,0,47
1998,"ORLEANS",36073,226,175,1,0,50,9,8,1,0,0,217,167,0,50
1999,"ORLEANS",36073,167,132,0,0,35,6,5,0,0,1,161,127,0,34
2000,"ORLEANS",36073,199,153,0,0,46,10,9,0,0,1,189,144,0,45
2001,"ORLEANS",36073,235,182,0,0,53,9,7,0,0,2,226,175,0,51
2002,"ORLEANS",36073,215,170,2,0,43,5,3,1,0,1,210,167,1,42
2003,"ORLEANS",36073,264,221,0,2,41,5,2,0,2,1,259,219,0,40
1990,"OSWEGO",36075,285,259,4,2,20,17,9,3,2,3,268,250,1,17
1991,"OSWEGO",36075,385,362,3,1,19,20,16,2,1,1,365,346,1,18
1992,"OSWEGO",36075,418,391,3,0,24,31,24,2,0,5,387,367,1,19
1993,"OSWEGO",36075,421,378,4,0,39,31,21,3,0,7,390,357,1,32
1994,"OSWEGO",36075,396,374,2,0,20,25,18,2,0,5,371,356,0,15
1995,"OSWEGO",36075,394,365,2,0,27,15,12,2,0,1,379,353,0,26
1996,"OSWEGO",36075,565,526,2,0,37,24,19,2,0,3,541,507,0,34
1997,"OSWEGO",36075,808,745,2,0,61,25,16,2,0,7,783,729,0,54
1998,"OSWEGO",36075,797,725,3,0,69,26,16,3,0,7,771,709,0,62
1999,"OSWEGO",36075,724,658,2,0,64,8,6,2,0,0,716,652,0,64
2000,"OSWEGO",36075,679,612,1,0,66,13,10,1,0,2,666,602,0,64
2001,"OSWEGO",36075,753,658,2,0,93,14,5,2,0,7,739,653,0,86
2002,"OSWEGO",36075,878,741,3,0,134,17,7,3,0,7,861,734,0,127
2003,"OSWEGO",36075,895,759,1,1,134,11,6,1,1,3,884,753,0,131
1990,"OTSEGO",36077,57,49,2,0,6,13,8,2,0,3,44,41,0,3
1991,"OTESGO",36077,87,78,0,0,9,24,19,0,0,5,63,59,0,4
1992,"OTESGO",36077,99,78,1,0,20,22,15,1,0,6,77,63,0,14
1993,"OTESGO",36077,108,96,0,0,12,12,10,0,0,2,96,86,0,10
1994,"OTESGO",36077,94,71,1,0,22,12,7,1,0,4,82,64,0,18
1995,"OTESGO",36077,123,100,0,0,23,15,8,0,0,7,108,92,0,16
1996,"OTESGO",36077,157,132,0,2,23,15,10,0,2,3,142,122,0,20
1997,"OTESGO",36077,188,155,0,0,33,9,5,0,0,4,179,150,0,29
1998,"OTESGO",36077,206,177,1,1,27,12,7,1,1,3,194,170,0,24
1999,"OTSEGO",36077,176,155,1,1,19,3,1,1,1,0,173,154,0,19
2000,"OTESGO",36077,131,118,0,0,13,4,4,0,0,0,127,114,0,13
2001,"OTESGO",36077,166,137,0,0,29,8,4,0,0,4,158,133,0,25
2002,"OTESGO",36077,172,146,2,0,24,6,2,2,0,2,166,144,0,22
2003,"OTESGO",36077,243,203,1,0,39,5,4,1,0,0,238,199,0,39
1990,"PUTNAM",36079,111,91,8,0,12,10,3,7,0,0,101,88,1,12
1991,"PUTNAM",36079,230,196,5,0,29,5,2,3,0,0,225,194,2,29
1992,"PUTNAM",36079,210,178,14,0,18,12,5,7,0,0,198,173,7,18
1993,"PUTNAM",36079,185,154,10,0,21,10,3,7,0,0,175,151,3,21
1994,"PUTNAM",36079,148,122,9,0,17,14,6,8,0,0,134,116,1,17
1995,"PUTNAM",36079,176,136,4,0,36,3,1,2,0,0,173,135,2,36
1996,"PUTNAM",36079,179,146,2,0,31,3,2,1,0,0,176,144,1,31
1997,"PUTNAM",36079,300,250,1,0,49,4,4,0,0,0,296,246,1,49
1998,"PUTNAM",36079,290,249,0,0,41,1,1,0,0,0,289,248,0,41
1999,"PUTNAM",36079,237,207,4,0,26,4,0,4,0,0,233,207,0,26
2000,"PUTNAM",36079,195,158,0,0,37,1,1,0,0,0,194,157,0,37
2001,"PUTNAM",36079,210,169,2,0,39,3,2,1,0,0,207,167,1,39
2002,"PUTNAM",36079,227,173,5,0,49,6,1,5,0,0,221,172,0,49
2003,"PUTNAM",36079,231,172,3,0,56,3,0,3,0,0,228,172,0,56
1990,"QUEENS",36081,3019,2447,90,0,482,118,42,74,0,2,2901,2405,16,480
1991,"QUEENS",36081,4452,3515,137,0,800,178,59,112,0,7,4274,3456,25,793
1992,"QUEENS",36081,5875,4709,156,0,1010,231,88,129,0,14,5644,4621,27,996
1993,"QUEENS",36081,5817,4398,159,0,1260,199,69,119,0,11,5618,4329,40,1249
1994,"QUEENS",36081,5653,4198,129,0,1326,174,68,97,0,9,5479,4130,32,1317
1995,"QUEENS",36081,5786,4398,90,0,1298,163,75,78,0,10,5623,4323,12,1288
1996,"QUEENS",36081,7030,5634,100,0,1296,150,58,87,0,5,6880,5576,13,1291
1997,"QUEENS",36081,8432,7042,84,0,1306,120,55,64,0,1,8312,6987,20,1305
1998,"QUEENS",36081,9020,7615,63,0,1342,105,45,56,0,4,8915,7570,7,1338
1999,"QUEENS",36081,7812,6418,34,0,1360,84,52,30,0,2,7728,6366,4,1358
2000,"QUEENS",36081,6510,5192,45,0,1273,75,28,44,0,3,6435,5164,1,1270
2001,"QUEENS",36081,7487,6033,45,0,1409,77,32,44,0,1,7410,6001,1,1408
2002,"QUEENS",36081,7586,6112,52,0,1422,75,27,48,0,0,7511,6085,4,1422
2003,"QUEENS",36081,8002,6583,32,0,1387,62,32,29,0,1,7940,6551,3,1386
1990,"RENSSELAER",36083,393,269,11,0,113,23,10,10,0,3,370,259,1,110
1991,"RENSSELAER",36083,583,392,12,1,178,37,18,11,1,7,546,374,1,171
1992,"RENSSELAER",36083,585,373,10,0,202,32,12,10,0,10,553,361,0,192
1993,"RENSSELAER",36083,500,336,7,1,156,36,18,7,1,10,464,318,0,146
1994,"RENSSELAER",36083,503,339,6,1,157,41,26,6,1,8,462,313,0,149
1995,"RENSSELAER",36083,512,329,4,0,179,24,18,3,0,3,488,311,1,176
1996,"RENSSELAER",36083,738,513,4,0,221,33,20,4,0,9,705,493,0,212
1997,"RENSSELAER",36083,815,534,1,0,280,19,10,1,0,8,796,524,0,272
1998,"RENSSELAER",36083,821,568,1,0,252,14,7,1,0,6,807,561,0,246
1999,"RENSSELAER",36083,785,548,3,0,234,13,7,3,0,3,772,541,0,231
2000,"RENSSELAER",36083,709,459,7,0,243,19,9,7,0,3,690,450,0,240
2001,"RENSSELAER",36083,719,484,0,0,235,14,11,0,0,3,705,473,0,232
2002,"RENSSELAER",36083,819,537,1,0,281,4,2,1,0,1,815,535,0,280
2003,"RENSSELAER",36083,862,547,4,0,311,15,8,4,0,3,847,539,0,308
1990,"RICHMOND",36085,707,575,23,0,109,20,6,14,0,0,687,569,9,109
1991,"RICHMOND",36085,1114,901,30,0,183,28,7,21,0,0,1086,894,9,183
1992,"RICHMOND",36085,1360,1111,46,0,203,54,18,35,0,1,1306,1093,11,202
1993,"RICHMOND",36085,1339,1061,56,0,222,54,16,37,0,1,1285,1045,19,221
1994,"RICHMOND",36085,1225,934,41,0,250,54,21,27,0,6,1171,913,14,244
1995,"RICHMOND",36085,1183,946,17,0,220,25,9,10,0,6,1158,937,7,214
1996,"RICHMOND",36085,1469,1268,19,0,182,25,7,15,0,3,1444,1261,4,179
1997,"RICHMOND",36085,1663,1473,14,0,176,24,15,9,0,0,1639,1458,5,176
1998,"RICHMOND",36085,1886,1689,12,0,185,22,10,12,0,0,1864,1679,0,185
1999,"RICHMOND",36085,1446,1294,5,0,147,7,4,3,0,0,1439,1290,2,147
2000,"RICHMOND",36085,1240,1063,11,0,166,13,2,11,0,0,1227,1061,0,166
2001,"RICHMOND",36085,1418,1209,11,0,198,15,5,10,0,0,1403,1204,1,198
2002,"RICHMOND",36085,1405,1162,30,0,213,34,4,30,0,0,1371,1158,0,213
2003,"RICHMOND",36085,1319,1106,11,0,202,18,7,11,0,0,1301,1099,0,202
1990,"ROCKLAND",36087,323,250,18,0,55,21,6,15,0,0,302,244,3,55
1991,"ROCKLAND",36087,482,387,33,0,62,32,13,19,0,0,450,374,14,62
1992,"ROCKLAND",36087,617,481,45,0,91,40,9,31,0,0,577,472,14,91
1993,"ROCKLAND",36087,637,481,43,0,113,40,13,27,0,0,597,468,16,113
1994,"ROCKLAND",36087,544,402,35,0,107,36,9,26,0,1,508,393,9,106
1995,"ROCKLAND",36087,660,508,27,0,125,41,17,24,0,0,619,491,3,125
1996,"ROCKLAND",36087,802,627,33,0,142,42,13,28,0,1,760,614,5,141
1997,"ROCKLAND",36087,864,673,27,0,164,52,22,26,0,4,812,651,1,160
1998,"ROCKLAND",36087,885,739,20,0,126,25,10,15,0,0,860,729,5,126
1999,"ROCKLAND",36087,682,553,15,0,114,14,4,10,0,0,668,549,5,114
2000,"ROCKLAND",36087,564,459,15,0,90,16,5,11,0,0,548,454,4,90
2001,"ROCKLAND",36087,633,499,14,0,120,20,8,12,0,0,613,491,2,120
2002,"ROCKLAND",36087,557,427,18,0,112,19,2,16,0,1,538,425,2,111
2003,"ROCKLAND",36087,600,489,7,0,104,10,4,6,0,0,590,485,1,104
1990,"ST LAWRENCE",36089,160,159,0,0,1,16,15,0,0,1,144,144,0,0
1991,"ST LAWRENCE",36089,213,208,4,1,0,20,15,4,1,0,193,193,0,0
1992,"ST LAWRENCE",36089,203,186,8,2,7,28,15,8,2,3,175,171,0,4
1993,"ST LAWRENCE",36089,228,208,2,3,15,26,18,2,3,3,202,190,0,12
1994,"ST LAWRENCE",36089,218,194,2,1,21,24,14,2,1,7,194,180,0,14
1995,"ST LAWRENCE",36089,267,237,1,0,29,18,9,1,0,8,249,228,0,21
1996,"ST LAWRENCE",36089,412,369,2,2,39,16,10,2,2,2,396,359,0,37
1997,"ST LAWRENCE",36089,593,509,2,2,80,26,15,2,2,7,567,494,0,73
1998,"ST LAWRENCE",36089,578,517,1,2,58,10,5,1,2,2,568,512,0,56
1999,"ST LAWRENCE",36089,549,495,1,3,50,15,8,1,3,3,534,487,0,47
2000,"ST LAWRENCE",36089,476,440,2,2,32,17,7,2,2,6,459,433,0,26
2001,"ST LAWRENCE",36089,544,507,2,0,35,11,7,1,0,3,533,500,1,32
2002,"ST LAWRENCE",36089,488,453,1,2,31,7,1,1,2,3,481,452,0,28
2003,"ST LAWRENCE",36089,538,474,5,6,53,17,4,5,6,2,521,470,0,51
1990,"SARATOGA",36091,501,406,16,0,79,59,38,16,0,5,442,368,0,74
1991,"SARATOGA",36091,636,496,15,1,124,37,16,15,1,5,599,480,0,119
1992,"SARATOGA",36091,709,523,6,0,180,64,37,6,0,21,645,486,0,159
1993,"SARATOGA",36091,676,504,9,1,162,49,24,8,1,16,627,480,1,146
1994,"SARATOGA",36091,621,476,4,0,141,33,18,4,0,11,588,458,0,130
1995,"SARATOGA",36091,686,529,2,1,154,36,25,2,1,8,650,504,0,146
1996,"SARATOGA",36091,989,768,6,0,215,35,17,6,0,12,954,751,0,203
1997,"SARATOGA",36091,1213,977,6,0,230,47,34,5,0,8,1166,943,1,222
1998,"SARATOGA",36091,1173,957,1,0,215,17,13,1,0,3,1156,944,0,212
1999,"SARATOGA",36091,1047,806,4,0,237,16,10,3,0,3,1031,796,1,234
2000,"SARATOGA",36091,948,738,1,0,209,18,13,1,0,4,930,725,0,205
2001,"SARATOGA",36091,1054,792,5,0,257,30,23,5,0,2,1024,769,0,255
2002,"SARATOGA",36091,1031,753,1,0,277,16,8,1,0,7,1015,745,0,270
2003,"SARATOGA",36091,1172,873,2,0,297,24,18,2,0,4,1148,855,0,293
1990,"SCHENECTADY",36093,389,287,11,0,91,39,22,11,0,6,350,265,0,85
1991,"SCHENECTADY",36093,525,390,13,0,122,33,18,11,0,4,492,372,2,118
1992,"SCHENECTADY",36093,545,374,4,0,167,40,23,4,0,13,505,351,0,154
1993,"SCHENECTADY",36093,454,331,5,0,118,37,25,5,0,7,417,306,0,111
1994,"SCHENECTADY",36093,510,380,4,0,126,26,14,4,0,8,484,366,0,118
1995,"SCHENECTADY",36093,574,416,3,0,155,34,22,3,0,9,540,394,0,146
1996,"SCHENECTADY",36093,763,560,8,0,195,46,27,8,0,11,717,533,0,184
1997,"SCHENECTADY",36093,840,600,17,0,223,56,25,17,0,14,784,575,0,209
1998,"SCHENECTADY",36093,829,634,3,0,192,21,12,3,0,6,808,622,0,186
1999,"SCHENECTADY",36093,742,564,2,0,176,19,11,2,0,6,723,553,0,170
2000,"SCHENECTADY",36093,667,477,3,0,186,14,8,2,0,3,653,469,1,183
2001,"SCHENECTADY",36093,856,615,1,0,240,7,5,1,0,1,849,610,0,239
2002,"SCHENECTADY",36093,922,615,0,0,307,9,9,0,0,0,913,606,0,307
2003,"SCHENECTADY",36093,903,605,4,0,294,12,8,2,0,2,891,597,2,292
1990,"SCHOHARIE",36095,44,32,4,0,8,7,4,3,0,0,37,28,1,8
1991,"SCHOHARIE",36095,70,54,1,1,14,9,5,1,1,2,61,49,0,12
1992,"SCHOHARIE",36095,78,62,2,0,14,12,8,2,0,2,66,54,0,12
1993,"SCHOHARIE",36095,76,54,2,1,19,8,3,2,1,2,68,51,0,17
1994,"SCHOHARIE",36095,87,55,1,0,31,2,0,1,0,1,85,55,0,30
1995,"SCHOHARIE",36095,121,90,3,3,25,14,4,3,3,4,107,86,0,21
1996,"SCHOHARIE",36095,113,92,1,0,20,3,2,1,0,0,110,90,0,20
1997,"SCHOHARIE",36095,160,119,0,0,41,7,2,0,0,5,153,117,0,36
1998,"SCHOHARIE",36095,162,140,0,0,22,4,4,0,0,0,158,136,0,22
1999,"SCHOHARIE",36095,135,108,0,1,26,6,5,0,1,0,129,103,0,26
2000,"SCHOHARIE",36095,128,96,0,0,32,3,3,0,0,0,125,93,0,32
2001,"SCHOHARIE",36095,157,122,0,0,35,4,2,0,0,2,153,120,0,33
2002,"SCHOHARIE",36095,137,100,1,1,35,6,3,1,1,1,131,97,0,34
2003,"SCHOHARIE",36095,172,122,1,0,49,6,4,1,0,1,166,118,0,48
1990,"SCHUYLER",36097,31,19,1,0,11,1,0,1,0,0,30,19,0,11
1991,"SCHUYLER",36097,52,42,1,1,8,6,4,1,1,0,46,38,0,8
1992,"SCHUYLER",36097,48,42,1,0,5,7,5,1,0,1,41,37,0,4
1993,"SCHUYLER",36097,45,43,1,0,1,7,5,1,0,1,38,38,0,0
1994,"SCHUYLER",36097,38,35,0,0,3,0,0,0,0,0,38,35,0,3
1995,"SCHUYLER",36097,41,39,0,0,2,6,5,0,0,1,35,34,0,1
1996,"SCHUYLER",36097,51,42,0,0,9,5,2,0,0,3,46,40,0,6
1997,"SCHUYLER",36097,71,63,0,0,8,4,4,0,0,0,67,59,0,8
1998,"SCHUYLER",36097,70,59,2,1,8,9,4,2,1,2,61,55,0,6
1999,"SCHUYLER",36097,50,45,0,0,5,5,3,0,0,2,45,42,0,3
2000,"SCHUYLER",36097,62,53,0,0,9,2,2,0,0,0,60,51,0,9
2001,"SCHUYLER",36097,75,60,0,0,15,2,0,0,0,2,73,60,0,13
2002,"SCHUYLER",36097,75,52,1,2,20,6,0,1,2,3,69,52,0,17
2003,"SCHUYLER",36097,76,62,0,0,14,2,1,0,0,1,74,61,0,13
1990,"SENECA",36099,57,51,1,0,5,2,1,1,0,0,55,50,0,5
1991,"SENECA",36099,57,52,1,0,4,5,3,1,0,1,52,49,0,3
1992,"SENECA",36099,65,60,1,1,3,8,6,1,1,0,57,54,0,3
1993,"SENECA",36099,66,58,0,0,8,9,8,0,0,1,57,50,0,7
1994,"SENECA",36099,79,73,3,0,3,15,11,3,0,1,64,62,0,2
1995,"SENECA",36099,72,66,1,0,5,9,6,1,0,2,63,60,0,3
1996,"SENECA",36099,109,106,1,0,2,10,8,1,0,1,99,98,0,1
1997,"SENECA",36099,122,108,0,0,14,10,7,0,0,3,112,101,0,11
1998,"SENECA",36099,133,117,0,0,16,8,8,0,0,0,125,109,0,16
1999,"SENECA",36099,96,83,1,0,12,7,3,1,0,3,89,80,0,9
2000,"SENECA",36099,110,98,0,0,12,3,3,0,0,0,107,95,0,12
2001,"SENECA",36099,153,129,1,0,23,10,6,1,0,3,143,123,0,20
2002,"SENECA",36099,298,264,2,0,32,10,8,2,0,0,288,256,0,32
2003,"SENECA",36099,401,362,3,0,36,9,3,3,0,3,392,359,0,33
1990,"STEUBEN",36101,178,139,4,5,30,9,0,4,5,0,169,139,0,30
1991,"STEUBEN",36101,234,186,1,2,45,24,17,1,2,4,210,169,0,41
1992,"STEUBEN",36101,201,153,5,0,43,25,14,5,0,6,176,139,0,37
1993,"STEUBEN",36101,181,149,3,3,26,19,9,3,3,4,162,140,0,22
1994,"STEUBEN",36101,176,158,5,0,13,22,15,5,0,2,154,143,0,11
1995,"STEUBEN",36101,234,210,0,1,23,23,17,0,1,5,211,193,0,18
1996,"STEUBEN",36101,266,240,1,1,24,32,25,1,1,5,234,215,0,19
1997,"STEUBEN",36101,313,285,0,0,28,30,23,0,0,7,283,262,0,21
1998,"STEUBEN",36101,369,331,2,0,36,31,23,2,0,6,338,308,0,30
1999,"STEUBEN",36101,309,270,3,0,36,16,11,2,0,3,293,259,1,33
2000,"STEUBEN",36101,308,279,1,0,28,17,15,1,0,1,291,264,0,27
2001,"STEUBEN",36101,330,291,1,0,38,11,7,0,0,4,319,284,1,34
2002,"STEUBEN",36101,376,325,0,1,50,6,3,0,1,2,370,322,0,48
2003,"STEUBEN",36101,364,304,1,0,59,17,10,1,0,6,347,294,0,53
1990,"SUFFOLK",36103,3107,2265,116,0,726,177,86,90,0,1,2930,2179,26,725
1991,"SUFFOLK",36103,4485,3279,217,0,989,267,88,177,0,2,4218,3191,40,987
1992,"SUFFOLK",36103,5838,4319,243,3,1273,288,80,202,3,3,5550,4239,41,1270
1993,"SUFFOLK",36103,5938,4499,192,0,1247,232,80,151,0,1,5706,4419,41,1246
1994,"SUFFOLK",36103,5787,4096,143,2,1546,172,63,104,2,3,5615,4033,39,1543
1995,"SUFFOLK",36103,6244,4457,143,0,1644,201,73,124,0,4,6043,4384,19,1640
1996,"SUFFOLK",36103,6657,5012,121,0,1524,165,58,105,0,2,6492,4954,16,1522
1997,"SUFFOLK",36103,7744,6020,109,0,1615,150,53,96,0,1,7594,5967,13,1614
1998,"SUFFOLK",36103,7969,6157,76,0,1736,124,60,63,0,1,7845,6097,13,1735
1999,"SUFFOLK",36103,6235,4567,69,0,1599,92,28,62,0,2,6143,4539,7,1597
2000,"SUFFOLK",36103,5422,3789,167,0,1466,196,31,160,0,5,5226,3758,7,1461
2001,"SUFFOLK",36103,5811,4146,73,0,1592,98,30,68,0,0,5713,4116,5,1592
2002,"SUFFOLK",36103,5758,3901,32,0,1825,54,21,28,0,5,5704,3880,4,1820
2003,"SUFFOLK",36103,5325,3587,67,1,1670,87,23,62,1,1,5238,3564,5,1669
1990,"SULLIVAN",36105,123,105,7,0,11,11,4,7,0,0,112,101,0,11
1991,"SULLIVAN",36105,217,199,5,0,13,16,13,3,0,0,201,186,2,13
1992,"SULLIVAN",36105,246,221,9,0,16,10,3,7,0,0,236,218,2,16
1993,"SULLIVAN",36105,225,207,1,0,17,2,2,0,0,0,223,205,1,17
1994,"SULLIVAN",36105,228,193,8,0,27,7,3,4,0,0,221,190,4,27
1995,"SULLIVAN",36105,220,179,4,0,37,6,2,4,0,0,214,177,0,37
1996,"SULLIVAN",36105,241,210,5,1,25,9,6,2,1,0,232,204,3,25
1997,"SULLIVAN",36105,369,334,2,0,33,2,0,2,0,0,367,334,0,33
1998,"SULLIVAN",36105,376,341,1,0,34,4,4,0,0,0,372,337,1,34
1999,"SULLIVAN",36105,307,269,2,0,36,7,5,2,0,0,300,264,0,36
2000,"SULLIVAN",36105,305,263,4,0,38,4,0,4,0,0,301,263,0,38
2001,"SULLIVAN",36105,328,289,5,0,34,8,4,4,0,0,320,285,1,34
2002,"SULLIVAN",36105,255,217,1,0,37,2,1,0,0,1,253,216,1,36
2003,"SULLIVAN",36105,332,278,3,0,51,3,1,2,0,0,329,277,1,51
1990,"TIOGA",36107,109,50,0,0,59,10,4,0,0,6,99,46,0,53
1991,"TIOGA",36107,147,85,1,0,61,7,3,1,0,3,140,82,0,58
1992,"TIOGA",36107,154,88,3,2,61,17,6,3,2,6,137,82,0,55
1993,"TIOGA",36107,120,79,1,0,40,12,5,0,0,7,108,74,1,33
1994,"TIOGA",36107,119,79,1,2,37,10,6,1,2,1,109,73,0,36
1995,"TIOGA",36107,123,110,0,3,10,5,1,0,3,1,118,109,0,9
1996,"TIOGA",36107,179,152,0,1,26,12,8,0,1,3,167,144,0,23
1997,"TIOGA",36107,221,181,0,2,38,17,8,0,2,7,204,173,0,31
1998,"TIOGA",36107,201,174,0,1,26,8,2,0,1,5,193,172,0,21
1999,"TIOGA",36107,169,138,0,0,31,6,2,0,0,4,163,136,0,27
2000,"TIOGA",36107,158,127,1,0,30,8,1,1,0,6,150,126,0,24
2001,"TIOGA",36107,182,142,0,0,40,4,2,0,0,2,178,140,0,38
2002,"TIOGA",36107,188,137,1,1,49,10,5,1,1,3,178,132,0,46
2003,"TIOGA",36107,203,151,1,0,51,9,7,1,0,1,194,144,0,50
1990,"TOMPKINS",36109,70,63,1,1,5,9,7,1,1,0,61,56,0,5
1991,"TOMPKINS",36109,115,98,6,0,11,24,15,6,0,3,91,83,0,8
1992,"TOMPKINS",36109,123,100,4,0,19,22,16,4,0,2,101,84,0,17
1993,"TOMPKINS",36109,107,89,2,0,16,16,11,2,0,3,91,78,0,13
1994,"TOMPKINS",36109,100,89,1,0,10,10,5,1,0,4,90,84,0,6
1995,"TOMPKINS",36109,127,113,4,0,10,11,6,4,0,1,116,107,0,9
1996,"TOMPKINS",36109,192,176,1,1,14,16,11,1,1,3,176,165,0,11
1997,"TOMPKINS",36109,241,220,1,0,20,10,7,0,0,3,231,213,1,17
1998,"TOMPKINS",36109,262,247,0,0,15,7,6,0,0,1,255,241,0,14
1999,"TOMPKINS",36109,191,170,2,0,19,9,4,2,0,3,182,166,0,16
2000,"TOMPKINS",36109,165,145,1,0,19,4,2,1,0,1,161,143,0,18
2001,"TOMPKINS",36109,200,183,1,0,16,14,8,1,0,5,186,175,0,11
2002,"TOMPKINS",36109,166,149,0,0,17,5,4,0,0,1,161,145,0,16
2003,"TOMPKINS",36109,209,188,1,1,19,5,1,1,1,2,204,187,0,17
1990,"ULSTER",36111,323,288,9,0,26,27,17,8,0,2,296,271,1,24
1991,"ULSTER",36111,540,493,11,1,35,19,9,8,1,1,521,484,3,34
1992,"ULSTER",36111,549,501,15,0,33,15,7,8,0,0,534,494,7,33
1993,"ULSTER",36111,512,461,11,0,40,12,7,5,0,0,500,454,6,40
1994,"ULSTER",36111,489,448,10,0,31,12,6,6,0,0,477,442,4,31
1995,"ULSTER",36111,560,499,6,0,55,10,7,3,0,0,550,492,3,55
1996,"ULSTER",36111,689,612,11,0,66,18,7,9,0,2,671,605,2,64
1997,"ULSTER",36111,784,710,5,0,69,17,11,4,0,2,767,699,1,67
1998,"ULSTER",36111,818,723,3,0,92,3,1,2,0,0,815,722,1,92
1999,"ULSTER",36111,650,569,6,1,74,11,6,3,1,1,639,563,3,73
2000,"ULSTER",36111,627,549,6,0,72,17,9,5,0,3,610,540,1,69
2001,"ULSTER",36111,700,606,3,1,90,13,7,3,1,2,687,599,0,88
2002,"ULSTER",36111,726,616,0,0,110,4,3,0,0,1,722,613,0,109
2003,"ULSTER",36111,737,604,8,0,125,13,6,7,0,0,724,598,1,125
1990,"WARREN",36113,144,130,1,0,13,11,7,1,0,3,133,123,0,10
1991,"WARREN",36113,230,204,5,0,21,20,9,4,0,7,210,195,1,14
1992,"WARREN",36113,246,205,9,0,32,29,16,9,0,4,217,189,0,28
1993,"WARREN",36113,197,161,4,1,31,21,12,3,1,5,176,149,1,26
1994,"WARREN",36113,210,171,6,0,33,18,6,3,0,9,192,165,3,24
1995,"WARREN",36113,290,243,4,0,43,19,8,3,0,8,271,235,1,35
1996,"WARREN",36113,353,305,2,0,46,18,11,2,0,5,335,294,0,41
1997,"WARREN",36113,442,378,4,0,60,20,13,4,0,3,422,365,0,57
1998,"WARREN",36113,411,362,0,0,49,6,5,0,0,1,405,357,0,48
1999,"WARREN",36113,368,307,1,0,60,10,7,1,0,2,358,300,0,58
2000,"WARREN",36113,365,289,1,0,75,6,4,1,0,1,359,285,0,74
2001,"WARREN",36113,434,374,1,0,59,9,5,1,0,3,425,369,0,56
2002,"WARREN",36113,480,379,3,0,98,6,4,2,0,0,474,375,1,98
2003,"WARREN",36113,497,383,0,0,114,6,3,0,0,3,491,380,0,111
1990,"WASHINGTON",36115,117,98,2,1,16,11,7,2,1,1,106,91,0,15
1991,"WASHINGTON",36115,219,181,4,2,32,21,11,3,2,5,198,170,1,27
1992,"WASHINGTON",36115,245,196,2,1,46,24,10,2,1,11,221,186,0,35
1993,"WASHINGTON",36115,184,142,2,6,34,23,9,2,6,6,161,133,0,28
1994,"WASHINGTON",36115,165,141,1,0,23,13,10,1,0,2,152,131,0,21
1995,"WASHINGTON",36115,180,155,0,0,25,6,2,0,0,4,174,153,0,21
1996,"WASHINGTON",36115,318,265,0,6,47,20,8,0,6,6,298,257,0,41
1997,"WASHINGTON",36115,380,328,2,2,48,15,5,2,2,6,365,323,0,42
1998,"WASHINGTON",36115,410,342,2,4,62,13,5,2,4,2,397,337,0,60
1999,"WASHINGTON",36115,331,265,0,1,65,10,4,0,1,5,321,261,0,60
2000,"WASHINGTON",36115,343,269,3,2,69,11,3,3,2,3,332,266,0,66
2001,"WASHINGTON",36115,426,344,2,2,78,10,5,2,2,1,416,339,0,77
2002,"WASHINGTON",36115,424,305,1,0,118,0,0,0,0,0,424,305,1,118
2003,"WASHINGTON",36115,434,318,1,1,114,5,1,1,1,2,429,317,0,112
1990,"WAYNE",36117,201,168,7,0,26,8,2,6,0,0,193,166,1,26
1991,"WAYNE",36117,268,220,4,3,41,19,10,4,3,2,249,210,0,39
1992,"WAYNE",36117,261,210,2,1,48,37,22,2,1,12,224,188,0,36
1993,"WAYNE",36117,202,160,4,1,37,30,18,4,1,7,172,142,0,30
1994,"WAYNE",36117,173,152,3,0,18,29,21,2,0,6,144,131,1,12
1995,"WAYNE",36117,209,186,1,0,22,18,14,1,0,3,191,172,0,19
1996,"WAYNE",36117,310,277,0,1,32,30,25,0,1,4,280,252,0,28
1997,"WAYNE",36117,423,374,0,1,48,32,23,0,1,8,391,351,0,40
1998,"WAYNE",36117,369,325,0,0,44,24,20,0,0,4,345,305,0,40
1999,"WAYNE",36117,323,254,2,1,66,29,20,2,1,6,294,234,0,60
2000,"WAYNE",36117,287,222,0,0,65,22,14,0,0,8,265,208,0,57
2001,"WAYNE",36117,392,324,1,1,66,25,20,1,1,3,367,304,0,63
2002,"WAYNE",36117,404,328,1,0,75,14,10,1,0,3,390,318,0,72
2003,"WAYNE",36117,392,291,1,1,99,9,4,1,1,3,383,287,0,96
1990,"WESTCHESTER",36119,1016,795,100,0,121,104,23,81,0,0,912,772,19,121
1991,"WESTCHESTER",36119,1708,1342,141,0,225,142,41,101,0,0,1566,1301,40,225
1992,"WESTCHESTER",36119,1909,1460,150,0,299,147,25,122,0,0,1762,1435,28,299
1993,"WESTCHESTER",36119,1946,1507,134,0,305,112,29,83,0,0,1834,1478,51,305
1994,"WESTCHESTER",36119,1733,1340,98,0,295,95,27,68,0,0,1638,1313,30,295
1995,"WESTCHESTER",36119,1913,1476,90,1,346,92,24,66,1,1,1821,1452,24,345
1996,"WESTCHESTER",36119,2095,1723,69,3,300,100,34,61,3,2,1995,1689,8,298
1997,"WESTCHESTER",36119,2483,2069,82,0,332,112,42,64,0,6,2371,2027,18,326
1998,"WESTCHESTER",36119,2524,2149,66,0,308,80,22,55,0,2,2444,2127,11,306
1999,"WESTCHESTER",36119,2355,1954,53,0,348,76,30,44,0,2,2279,1924,9,346
2000,"WESTCHESTER",36119,1819,1445,73,0,301,84,19,65,0,0,1735,1426,8,301
2001,"WESTCHESTER",36119,1937,1636,43,0,258,56,24,32,0,0,1881,1612,11,258
2002,"WESTCHESTER",36119,2123,1728,75,0,320,87,24,62,0,1,2036,1704,13,319
2003,"WESTCHESTER",36119,2243,1840,55,0,348,68,19,48,0,1,2175,1821,7,347
1990,"WYOMING",36121,84,57,0,0,27,0,0,0,0,0,84,57,0,27
1991,"WYOMING",36121,108,73,0,2,33,13,7,0,2,4,95,66,0,29
1992,"WYOMING",36121,80,56,0,1,23,13,10,0,1,2,67,46,0,21
1993,"WYOMING",36121,66,44,1,0,21,5,3,1,0,1,61,41,0,20
1994,"WYOMING",36121,82,56,0,0,26,12,9,0,0,3,70,47,0,23
1995,"WYOMING",36121,101,63,0,2,36,14,8,0,2,4,87,55,0,32
1996,"WYOMING",36121,145,109,1,0,35,10,4,1,0,5,135,105,0,30
1997,"WYOMING",36121,129,95,0,1,33,3,2,0,1,0,126,93,0,33
1998,"WYOMING",36121,196,146,0,2,48,13,6,0,2,5,183,140,0,43
1999,"WYOMING",36121,146,111,2,1,32,8,4,2,1,1,138,107,0,31
2000,"WYOMING",36121,146,104,0,0,42,11,7,0,0,4,135,97,0,38
2001,"WYOMING",36121,137,105,1,0,31,10,8,1,0,1,127,97,0,30
2002,"WYOMING",36121,149,124,0,1,24,4,2,0,1,1,145,122,0,23
2003,"WYOMING",36121,156,119,1,1,35,4,1,1,1,1,152,118,0,34
1990,"YATES",36123,38,25,1,0,12,1,0,1,0,0,37,25,0,12
1991,"YATES",36123,32,19,0,0,13,4,2,0,0,2,28,17,0,11
1992,"YATES",36123,66,46,0,0,20,10,5,0,0,5,56,41,0,15
1993,"YATES",36123,38,25,1,0,12,7,3,1,0,3,31,22,0,9
1994,"YATES",36123,49,42,1,0,6,14,12,1,0,1,35,30,0,5
1995,"YATES",36123,63,48,1,0,14,7,4,1,0,2,56,44,0,12
1996,"YATES",36123,79,65,0,0,14,6,3,0,0,3,73,62,0,11
1997,"YATES",36123,85,73,0,0,12,12,9,0,0,3,73,64,0,9
1998,"YATES",36123,85,72,0,0,13,5,4,0,0,1,80,68,0,12
1999,"YATES",36123,80,62,0,0,18,9,4,0,0,5,71,58,0,13
2000,"YATES",36123,62,52,0,1,9,8,5,0,1,2,54,47,0,7
2001,"YATES",36123,80,67,1,0,12,5,1,1,0,3,75,66,0,9
2002,"YATES",36123,99,75,0,0,24,3,2,0,0,1,96,73,0,23
2003,"YATES",36123,81,50,0,1,30,4,2,0,1,1,77,48,0,29
1990,"ALAMANCE",37001,249,69,7,0,173,28,11,7,0,10,221,58,0,163
1991,"ALAMANCE",37001,348,118,1,0,229,29,17,1,0,11,319,101,0,218
1992,"ALAMANCE",37001,305,100,2,0,203,21,14,2,0,5,284,86,0,198
1993,"ALAMANCE",37001,232,73,1,0,158,13,11,1,0,1,219,62,0,157
1994,"ALAMANCE",37001,252,56,1,0,195,6,5,1,0,0,246,51,0,195
1995,"ALAMANCE",37001,310,71,2,1,236,7,3,2,1,1,303,68,0,235
1996,"ALAMANCE",37001,415,99,2,0,314,16,13,2,0,1,399,86,0,313
1997,"ALAMANCE",37001,522,159,0,0,363,13,8,0,0,5,509,151,0,358
1998,"ALAMANCE",37001,566,188,4,0,374,11,7,4,0,0,555,181,0,374
1999,"ALAMANCE",37001,511,174,3,0,334,12,8,3,0,1,499,166,0,333
2000,"ALAMANCE",37001,496,189,3,0,304,11,8,3,0,0,485,181,0,304
2001,"ALAMANCE",37001,576,289,0,0,287,13,11,0,0,2,563,278,0,285
2002,"ALAMANCE",37001,564,279,2,0,283,15,11,2,0,2,549,268,0,281
2003,"ALAMANCE",37001,652,380,3,0,269,6,3,3,0,0,646,377,0,269
1990,"ALEXANDER",37003,28,10,0,0,18,0,0,0,0,0,28,10,0,18
1991,"ALEXANDER",37003,48,21,0,0,27,1,1,0,0,0,47,20,0,27
1992,"ALEXANDER",37003,38,13,1,0,24,1,0,1,0,0,37,13,0,24
1993,"ALEXANDER",37003,24,10,0,0,14,0,0,0,0,0,24,10,0,14
1994,"ALEXANDER",37003,40,18,0,0,22,1,1,0,0,0,39,17,0,22
1995,"ALEXANDER",37003,59,26,0,0,33,2,2,0,0,0,57,24,0,33
1996,"ALEXANDER",37003,93,36,2,0,55,2,0,2,0,0,91,36,0,55
1997,"ALEXANDER",37003,95,39,0,0,56,0,0,0,0,0,95,39,0,56
1998,"ALEXANDER",37003,115,54,0,0,61,0,0,0,0,0,115,54,0,61
1999,"ALEXANDER",37003,112,47,0,0,65,0,0,0,0,0,112,47,0,65
2000,"ALEXANDER",37003,92,41,0,0,51,0,0,0,0,0,92,41,0,51
2001,"ALEXANDER",37003,130,53,1,0,76,1,0,1,0,0,129,53,0,76
2002,"ALEXANDER",37003,131,59,0,0,72,1,1,0,0,0,130,58,0,72
2003,"ALEXANDER",37003,140,66,0,0,74,0,0,0,0,0,140,66,0,74
1990,"ALLEGHANY",37005,7,6,0,1,0,1,0,0,1,0,6,6,0,0
1991,"ALLEGHANY",37005,9,7,0,0,2,1,1,0,0,0,8,6,0,2
1992,"ALLEGHANY",37005,20,17,1,0,2,6,5,1,0,0,14,12,0,2
1993,"ALLEGHANY",37005,15,6,1,1,7,2,0,1,1,0,13,6,0,7
1994,"ALLEGHANY",37005,14,5,0,0,9,0,0,0,0,0,14,5,0,9
1995,"ALLEGHANY",37005,10,3,0,0,7,0,0,0,0,0,10,3,0,7
1996,"ALLEGHANY",37005,25,17,1,0,7,1,0,1,0,0,24,17,0,7
1997,"ALLEGHANY",37005,23,14,0,0,9,0,0,0,0,0,23,14,0,9
1998,"ALLEGHANY",37005,21,13,0,0,8,0,0,0,0,0,21,13,0,8
1999,"ALLEGHANY",37005,20,16,0,0,4,0,0,0,0,0,20,16,0,4
2000,"ALLEGHANY",37005,33,19,0,0,14,0,0,0,0,0,33,19,0,14
2001,"ALLEGHANY",37005,33,24,0,0,9,0,0,0,0,0,33,24,0,9
2002,"ALLEGHANY",37005,31,27,0,0,4,0,0,0,0,0,31,27,0,4
2003,"ALLEGHANY",37005,35,27,0,0,8,0,0,0,0,0,35,27,0,8
1990,"ANSON",37007,48,2,3,0,43,4,0,3,0,1,44,2,0,42
1991,"ANSON",37007,60,2,0,0,58,0,0,0,0,0,60,2,0,58
1992,"ANSON",37007,42,6,0,0,36,2,1,0,0,1,40,5,0,35
1993,"ANSON",37007,42,2,0,0,40,1,0,0,0,1,41,2,0,39
1994,"ANSON",37007,30,4,1,0,25,2,1,1,0,0,28,3,0,25
1995,"ANSON",37007,41,3,0,0,38,0,0,0,0,0,41,3,0,38
1996,"ANSON",37007,64,5,0,0,59,0,0,0,0,0,64,5,0,59
1997,"ANSON",37007,58,6,0,0,52,0,0,0,0,0,58,6,0,52
1998,"ANSON",37007,81,8,1,0,72,1,0,1,0,0,80,8,0,72
1999,"ANSON",37007,85,10,0,0,75,0,0,0,0,0,85,10,0,75
2000,"ANSON",37007,79,12,0,0,67,0,0,0,0,0,79,12,0,67
2001,"ANSON",37007,94,21,0,0,73,0,0,0,0,0,94,21,0,73
2002,"ANSON",37007,107,17,0,0,90,0,0,0,0,0,107,17,0,90
2003,"ANSON",37007,95,20,2,0,73,1,0,1,0,0,94,20,1,73
1990,"ASHE",37009,26,19,1,0,6,2,0,1,0,1,24,19,0,5
1991,"ASHE",37009,36,20,1,0,15,2,1,1,0,0,34,19,0,15
1992,"ASHE",37009,26,12,0,0,14,0,0,0,0,0,26,12,0,14
1993,"ASHE",37009,30,16,0,0,14,0,0,0,0,0,30,16,0,14
1994,"ASHE",37009,28,14,1,0,13,1,0,1,0,0,27,14,0,13
1995,"ASHE",37009,31,19,0,0,12,1,1,0,0,0,30,18,0,12
1996,"ASHE",37009,44,35,0,0,9,0,0,0,0,0,44,35,0,9
1997,"ASHE",37009,60,47,0,0,13,1,1,0,0,0,59,46,0,13
1998,"ASHE",37009,71,59,0,1,11,1,0,0,1,0,70,59,0,11
1999,"ASHE",37009,58,47,0,0,11,0,0,0,0,0,58,47,0,11
2000,"ASHE",37009,64,52,0,0,12,0,0,0,0,0,64,52,0,12
2001,"ASHE",37009,66,55,0,0,11,3,3,0,0,0,63,52,0,11
2002,"ASHE",37009,84,69,0,0,15,0,0,0,0,0,84,69,0,15
2003,"ASHE",37009,84,66,0,0,18,0,0,0,0,0,84,66,0,18
1990,"AVERY",37011,22,11,1,0,10,2,1,1,0,0,20,10,0,10
1991,"AVERY",37011,16,10,0,0,6,3,2,0,0,1,13,8,0,5
1992,"AVERY",37011,25,12,3,0,10,4,1,3,0,0,21,11,0,10
1993,"AVERY",37011,19,5,0,0,14,0,0,0,0,0,19,5,0,14
1994,"AVERY",37011,19,12,0,0,7,2,2,0,0,0,17,10,0,7
1995,"AVERY",37011,32,18,1,0,13,2,1,1,0,0,30,17,0,13
1996,"AVERY",37011,28,12,1,0,15,1,0,1,0,0,27,12,0,15
1997,"AVERY",37011,36,27,0,0,9,0,0,0,0,0,36,27,0,9
1998,"AVERY",37011,46,34,0,0,12,1,1,0,0,0,45,33,0,12
1999,"AVERY",37011,30,24,0,0,6,0,0,0,0,0,30,24,0,6
2000,"AVERY",37011,41,34,0,0,7,0,0,0,0,0,41,34,0,7
2001,"AVERY",37011,37,30,0,0,7,0,0,0,0,0,37,30,0,7
2002,"AVERY",37011,51,46,0,0,5,0,0,0,0,0,51,46,0,5
2003,"AVERY",37011,59,49,1,0,9,0,0,0,0,0,59,49,1,9
1990,"BEAUFORT",37013,32,21,1,1,9,3,1,1,1,0,29,20,0,9
1991,"BEAUFORT",37013,73,39,2,1,31,9,6,2,1,0,64,33,0,31
1992,"BEAUFORT",37013,57,28,2,0,27,12,9,1,0,2,45,19,1,25
1993,"BEAUFORT",37013,58,29,4,0,25,10,4,3,0,3,48,25,1,22
1994,"BEAUFORT",37013,74,35,0,0,39,11,6,0,0,5,63,29,0,34
1995,"BEAUFORT",37013,81,25,1,1,54,9,4,1,1,3,72,21,0,51
1996,"BEAUFORT",37013,129,50,2,0,77,8,3,2,0,3,121,47,0,74
1997,"BEAUFORT",37013,92,41,0,0,51,2,1,0,0,1,90,40,0,50
1998,"BEAUFORT",37013,123,63,1,0,59,3,0,1,0,2,120,63,0,57
1999,"BEAUFORT",37013,117,46,1,1,69,5,2,1,1,1,112,44,0,68
2000,"BEAUFORT",37013,143,60,0,0,83,2,1,0,0,1,141,59,0,82
2001,"BEAUFORT",37013,192,78,4,0,110,6,1,4,0,1,186,77,0,109
2002,"BEAUFORT",37013,217,68,0,0,149,1,0,0,0,1,216,68,0,148
2003,"BEAUFORT",37013,183,77,1,0,105,1,1,0,0,0,182,76,1,105
1990,"BERTIE",37015,17,10,0,1,6,1,0,0,1,0,16,10,0,6
1991,"BERTIE",37015,15,4,0,0,11,0,0,0,0,0,15,4,0,11
1992,"BERTIE",37015,18,8,1,0,9,3,2,1,0,0,15,6,0,9
1993,"BERTIE",37015,18,7,0,1,10,2,1,0,1,0,16,6,0,10
1994,"BERTIE",37015,24,7,0,1,16,2,0,0,1,1,22,7,0,15
1995,"BERTIE",37015,25,7,0,0,18,1,0,0,0,1,24,7,0,17
1996,"BERTIE",37015,40,5,0,3,32,4,0,0,3,1,36,5,0,31
1997,"BERTIE",37015,62,16,0,0,46,1,0,0,0,1,61,16,0,45
1998,"BERTIE",37015,53,21,0,0,32,3,1,0,0,2,50,20,0,30
1999,"BERTIE",37015,50,13,0,1,36,1,0,0,1,0,49,13,0,36
2000,"BERTIE",37015,59,15,1,0,43,3,1,1,0,1,56,14,0,42
2001,"BERTIE",37015,79,16,0,1,62,2,0,0,1,1,77,16,0,61
2002,"BERTIE",37015,73,16,1,0,56,1,0,1,0,0,72,16,0,56
2003,"BERTIE",37015,82,28,0,1,53,1,0,0,1,0,81,28,0,53
1990,"BLADEN",37017,20,8,3,0,9,4,1,2,0,1,16,7,1,8
1991,"BLADEN",37017,29,12,1,0,16,3,2,1,0,0,26,10,0,16
1992,"BLADEN",37017,32,6,0,0,26,3,0,0,0,3,29,6,0,23
1993,"BLADEN",37017,32,7,1,0,24,1,0,1,0,0,31,7,0,24
1994,"BLADEN",37017,34,7,0,0,27,6,1,0,0,5,28,6,0,22
1995,"BLADEN",37017,30,8,0,0,22,1,0,0,0,1,29,8,0,21
1996,"BLADEN",37017,39,7,0,0,32,2,1,0,0,1,37,6,0,31
1997,"BLADEN",37017,62,14,2,0,46,7,0,2,0,5,55,14,0,41
1998,"BLADEN",37017,69,8,0,0,61,1,0,0,0,1,68,8,0,60
1999,"BLADEN",37017,68,14,1,0,53,1,0,1,0,0,67,14,0,53
2000,"BLADEN",37017,84,15,1,0,68,1,0,1,0,0,83,15,0,68
2001,"BLADEN",37017,119,31,0,1,87,1,0,0,1,0,118,31,0,87
2002,"BLADEN",37017,125,24,0,0,101,1,1,0,0,0,124,23,0,101
2003,"BLADEN",37017,142,20,0,0,122,1,1,0,0,0,141,19,0,122
1990,"BRUNSWICK",37019,70,43,1,2,24,21,10,1,2,8,49,33,0,16
1991,"BRUNSWICK",37019,76,48,7,1,20,26,13,6,1,6,50,35,1,14
1992,"BRUNSWICK",37019,79,50,6,0,23,21,11,6,0,4,58,39,0,19
1993,"BRUNSWICK",37019,51,34,2,2,13,10,4,2,2,2,41,30,0,11
1994,"BRUNSWICK",37019,63,39,2,0,22,9,2,2,0,5,54,37,0,17
1995,"BRUNSWICK",37019,59,37,0,0,22,3,2,0,0,1,56,35,0,21
1996,"BRUNSWICK",37019,97,63,3,0,31,11,6,3,0,2,86,57,0,29
1997,"BRUNSWICK",37019,126,65,3,0,58,11,4,3,0,4,115,61,0,54
1998,"BRUNSWICK",37019,138,78,0,0,60,5,2,0,0,3,133,76,0,57
1999,"BRUNSWICK",37019,166,103,1,0,62,6,4,0,0,2,160,99,1,60
2000,"BRUNSWICK",37019,188,84,4,0,100,11,2,4,0,5,177,82,0,95
2001,"BRUNSWICK",37019,337,135,2,0,200,2,1,1,0,0,335,134,1,200
2002,"BRUNSWICK",37019,386,126,2,0,258,3,1,1,0,1,383,125,1,257
2003,"BRUNSWICK",37019,431,122,2,0,307,4,2,2,0,0,427,120,0,307
1990,"BUNCOMBE",37021,266,135,10,1,120,28,13,9,1,5,238,122,1,115
1991,"BUNCOMBE",37021,360,147,13,0,200,24,10,13,0,1,336,137,0,199
1992,"BUNCOMBE",37021,360,179,13,0,168,21,8,13,0,0,339,171,0,168
1993,"BUNCOMBE",37021,253,131,9,0,113,17,8,9,0,0,236,123,0,113
1994,"BUNCOMBE",37021,300,140,4,0,156,7,3,4,0,0,293,137,0,156
1995,"BUNCOMBE",37021,349,159,0,0,190,3,3,0,0,0,346,156,0,190
1996,"BUNCOMBE",37021,484,221,0,0,263,7,6,0,0,1,477,215,0,262
1997,"BUNCOMBE",37021,594,323,4,0,267,4,0,4,0,0,590,323,0,267
1998,"BUNCOMBE",37021,590,318,6,0,266,10,3,6,0,1,580,315,0,265
1999,"BUNCOMBE",37021,564,345,5,0,214,12,6,5,0,1,552,339,0,213
2000,"BUNCOMBE",37021,561,335,5,0,221,9,4,5,0,0,552,331,0,221
2001,"BUNCOMBE",37021,711,453,3,0,255,9,6,3,0,0,702,447,0,255
2002,"BUNCOMBE",37021,774,496,8,0,270,14,7,7,0,0,760,489,1,270
2003,"BUNCOMBE",37021,823,583,3,2,235,11,7,2,2,0,812,576,1,235
1990,"BURKE",37023,80,23,0,0,57,5,1,0,0,4,75,22,0,53
1991,"BURKE",37023,119,28,3,0,88,3,0,3,0,0,116,28,0,88
1992,"BURKE",37023,105,33,1,0,71,3,2,1,0,0,102,31,0,71
1993,"BURKE",37023,76,26,1,0,49,1,0,1,0,0,75,26,0,49
1994,"BURKE",37023,67,28,0,0,39,0,0,0,0,0,67,28,0,39
1995,"BURKE",37023,80,34,0,0,46,0,0,0,0,0,80,34,0,46
1996,"BURKE",37023,132,62,0,0,70,0,0,0,0,0,132,62,0,70
1997,"BURKE",37023,193,83,1,0,109,2,1,1,0,0,191,82,0,109
1998,"BURKE",37023,203,84,0,0,119,2,2,0,0,0,201,82,0,119
1999,"BURKE",37023,212,82,0,0,130,0,0,0,0,0,212,82,0,130
2000,"BURKE",37023,208,94,0,0,114,0,0,0,0,0,208,94,0,114
2001,"BURKE",37023,309,155,0,2,152,2,0,0,2,0,307,155,0,152
2002,"BURKE",37023,370,178,0,0,192,0,0,0,0,0,370,178,0,192
2003,"BURKE",37023,382,197,0,0,185,0,0,0,0,0,382,197,0,185
1990,"CABARRUS",37025,156,47,2,0,107,9,6,2,0,1,147,41,0,106
1991,"CABARRUS",37025,235,88,4,0,143,19,12,4,0,3,216,76,0,140
1992,"CABARRUS",37025,211,88,2,0,121,22,18,2,0,2,189,70,0,119
1993,"CABARRUS",37025,148,73,0,0,75,11,11,0,0,0,137,62,0,75
1994,"CABARRUS",37025,171,69,2,0,100,6,2,2,0,2,165,67,0,98
1995,"CABARRUS",37025,195,72,1,0,122,5,4,1,0,0,190,68,0,122
1996,"CABARRUS",37025,270,106,1,0,163,8,7,1,0,0,262,99,0,163
1997,"CABARRUS",37025,332,139,1,1,191,9,6,1,1,1,323,133,0,190
1998,"CABARRUS",37025,314,194,0,0,120,2,2,0,0,0,312,192,0,120
1999,"CABARRUS",37025,276,151,2,0,123,3,1,2,0,0,273,150,0,123
2000,"CABARRUS",37025,335,176,18,0,141,25,7,18,0,0,310,169,0,141
2001,"CABARRUS",37025,393,208,1,0,184,7,6,1,0,0,386,202,0,184
2002,"CABARRUS",37025,453,242,0,0,211,5,5,0,0,0,448,237,0,211
2003,"CABARRUS",37025,537,287,2,0,248,3,1,2,0,0,534,286,0,248
1990,"CALDWELL",37027,70,21,1,0,48,5,3,1,0,1,65,18,0,47
1991,"CALDWELL",37027,148,30,7,0,111,7,0,7,0,0,141,30,0,111
1992,"CALDWELL",37027,104,35,2,0,67,2,0,2,0,0,102,35,0,67
1993,"CALDWELL",37027,82,22,1,0,59,1,0,1,0,0,81,22,0,59
1994,"CALDWELL",37027,73,23,1,0,49,1,0,1,0,0,72,23,0,49
1995,"CALDWELL",37027,103,31,1,0,71,2,1,1,0,0,101,30,0,71
1996,"CALDWELL",37027,168,47,1,0,120,1,0,1,0,0,167,47,0,120
1997,"CALDWELL",37027,231,56,1,0,174,2,1,1,0,0,229,55,0,174
1998,"CALDWELL",37027,213,83,1,0,129,1,0,1,0,0,212,83,0,129
1999,"CALDWELL",37027,216,65,0,0,151,0,0,0,0,0,216,65,0,151
2000,"CALDWELL",37027,246,96,0,0,150,2,2,0,0,0,244,94,0,150
2001,"CALDWELL",37027,349,102,0,0,247,0,0,0,0,0,349,102,0,247
2002,"CALDWELL",37027,371,163,0,0,208,0,0,0,0,0,371,163,0,208
2003,"CALDWELL",37027,412,190,0,0,222,1,1,0,0,0,411,189,0,222
1990,"CAMDEN",37029,8,5,0,0,3,0,0,0,0,0,8,5,0,3
1991,"CAMDEN",37029,15,12,0,0,3,1,1,0,0,0,14,11,0,3
1992,"CAMDEN",37029,8,6,0,1,1,4,3,0,1,0,4,3,0,1
1993,"CAMDEN",37029,5,4,0,0,1,0,0,0,0,0,5,4,0,1
1994,"CAMDEN",37029,6,4,0,0,2,0,0,0,0,0,6,4,0,2
1995,"CAMDEN",37029,9,8,0,0,1,0,0,0,0,0,9,8,0,1
1996,"CAMDEN",37029,11,11,0,0,0,1,1,0,0,0,10,10,0,0
1997,"CAMDEN",37029,20,17,0,0,3,5,5,0,0,0,15,12,0,3
1998,"CAMDEN",37029,16,14,0,0,2,1,1,0,0,0,15,13,0,2
1999,"CAMDEN",37029,16,14,0,0,2,0,0,0,0,0,16,14,0,2
2000,"CAMDEN",37029,12,12,0,0,0,0,0,0,0,0,12,12,0,0
2001,"CAMDEN",37029,16,12,0,0,4,0,0,0,0,0,16,12,0,4
2002,"CAMDEN",37029,21,18,0,0,3,0,0,0,0,0,21,18,0,3
2003,"CAMDEN",37029,12,10,0,0,2,0,0,0,0,0,12,10,0,2
1990,"CARTERET",37031,103,77,5,0,21,21,14,5,0,2,82,63,0,19
1991,"CARTERET",37031,122,75,5,0,42,18,10,3,0,5,104,65,2,37
1992,"CARTERET",37031,84,46,4,1,33,14,7,3,1,3,70,39,1,30
1993,"CARTERET",37031,82,45,3,1,33,25,9,3,1,12,57,36,0,21
1994,"CARTERET",37031,62,34,4,0,24,10,2,4,0,4,52,32,0,20
1995,"CARTERET",37031,108,77,0,1,30,12,10,0,1,1,96,67,0,29
1996,"CARTERET",37031,140,112,1,0,27,7,3,1,0,3,133,109,0,24
1997,"CARTERET",37031,193,146,1,1,45,15,9,1,1,4,178,137,0,41
1998,"CARTERET",37031,190,136,1,0,53,9,4,1,0,4,181,132,0,49
1999,"CARTERET",37031,174,130,0,0,44,1,0,0,0,1,173,130,0,43
2000,"CARTERET",37031,169,121,1,0,47,5,2,1,0,2,164,119,0,45
2001,"CARTERET",37031,246,173,1,0,72,7,7,0,0,0,239,166,1,72
2002,"CARTERET",37031,252,185,2,0,65,8,6,2,0,0,244,179,0,65
2003,"CARTERET",37031,241,172,2,0,67,5,3,2,0,0,236,169,0,67
1990,"CASWELL",37033,24,11,1,0,12,3,2,1,0,0,21,9,0,12
1991,"CASWELL",37033,74,16,1,0,57,7,1,1,0,5,67,15,0,52
1992,"CASWELL",37033,37,5,0,0,32,1,0,0,0,1,36,5,0,31
1993,"CASWELL",37033,39,14,0,0,25,2,0,0,0,2,37,14,0,23
1994,"CASWELL",37033,53,10,0,0,43,1,1,0,0,0,52,9,0,43
1995,"CASWELL",37033,39,7,0,0,32,1,1,0,0,0,38,6,0,32
1996,"CASWELL",37033,53,12,0,0,41,0,0,0,0,0,53,12,0,41
1997,"CASWELL",37033,79,22,1,0,56,1,0,1,0,0,78,22,0,56
1998,"CASWELL",37033,79,25,0,0,54,1,0,0,0,1,78,25,0,53
1999,"CASWELL",37033,91,31,0,0,60,2,2,0,0,0,89,29,0,60
2000,"CASWELL",37033,90,41,0,0,49,0,0,0,0,0,90,41,0,49
2001,"CASWELL",37033,126,47,0,0,79,0,0,0,0,0,126,47,0,79
2002,"CASWELL",37033,118,40,0,0,78,0,0,0,0,0,118,40,0,78
2003,"CASWELL",37033,146,61,0,0,85,3,3,0,0,0,143,58,0,85
1990,"CATAWBA",37035,218,59,1,0,158,16,13,1,0,2,202,46,0,156
1991,"CATAWBA",37035,311,82,3,0,226,5,1,3,0,1,306,81,0,225
1992,"CATAWBA",37035,244,69,3,0,172,8,5,3,0,0,236,64,0,172
1993,"CATAWBA",37035,211,57,5,0,149,8,3,5,0,0,203,54,0,149
1994,"CATAWBA",37035,174,50,2,0,122,4,1,2,0,1,170,49,0,121
1995,"CATAWBA",37035,236,59,3,0,174,7,4,3,0,0,229,55,0,174
1996,"CATAWBA",37035,344,97,3,0,244,4,1,3,0,0,340,96,0,244
1997,"CATAWBA",37035,415,145,2,0,268,6,4,2,0,0,409,141,0,268
1998,"CATAWBA",37035,418,143,1,0,274,4,3,1,0,0,414,140,0,274
1999,"CATAWBA",37035,385,152,3,0,230,3,0,3,0,0,382,152,0,230
2000,"CATAWBA",37035,387,158,7,0,222,7,0,7,0,0,380,158,0,222
2001,"CATAWBA",37035,499,220,7,0,272,10,3,7,0,0,489,217,0,272
2002,"CATAWBA",37035,543,256,1,0,286,5,4,1,0,0,538,252,0,286
2003,"CATAWBA",37035,578,302,1,0,275,2,1,1,0,0,576,301,0,275
1990,"CHATHAM",37037,97,14,3,0,80,7,2,3,0,2,90,12,0,78
1991,"CHATHAM",37037,97,16,0,0,81,6,3,0,0,3,91,13,0,78
1992,"CHATHAM",37037,73,8,0,0,65,2,1,0,0,1,71,7,0,64
1993,"CHATHAM",37037,79,18,0,0,61,5,4,0,0,1,74,14,0,60
1994,"CHATHAM",37037,90,16,0,0,74,3,1,0,0,2,87,15,0,72
1995,"CHATHAM",37037,105,11,0,0,94,2,2,0,0,0,103,9,0,94
1996,"CHATHAM",37037,154,13,1,0,140,3,2,1,0,0,151,11,0,140
1997,"CHATHAM",37037,140,24,0,0,116,1,0,0,0,1,139,24,0,115
1998,"CHATHAM",37037,160,24,0,0,136,1,1,0,0,0,159,23,0,136
1999,"CHATHAM",37037,166,28,1,0,137,3,2,1,0,0,163,26,0,137
2000,"CHATHAM",37037,209,26,0,0,183,0,0,0,0,0,209,26,0,183
2001,"CHATHAM",37037,218,52,2,0,164,3,1,2,0,0,215,51,0,164
2002,"CHATHAM",37037,182,56,1,0,125,3,1,1,0,1,179,55,0,124
2003,"CHATHAM",37037,224,68,1,0,155,5,4,1,0,0,219,64,0,155
1990,"CHEROKEE",37039,34,24,0,0,10,3,3,0,0,0,31,21,0,10
1991,"CHEROKEE",37039,53,27,1,0,25,1,0,1,0,0,52,27,0,25
1992,"CHEROKEE",37039,32,20,0,0,12,0,0,0,0,0,32,20,0,12
1993,"CHEROKEE",37039,32,21,0,0,11,0,0,0,0,0,32,21,0,11
1994,"CHEROKEE",37039,45,23,0,0,22,0,0,0,0,0,45,23,0,22
1995,"CHEROKEE",37039,40,20,1,0,19,1,0,1,0,0,39,20,0,19
1996,"CHEROKEE",37039,35,20,0,0,15,0,0,0,0,0,35,20,0,15
1997,"CHEROKEE",37039,40,23,0,0,17,1,1,0,0,0,39,22,0,17
1998,"CHEROKEE",37039,35,19,0,0,16,0,0,0,0,0,35,19,0,16
1999,"CHEROKEE",37039,42,22,0,0,20,1,1,0,0,0,41,21,0,20
2000,"CHEROKEE",37039,37,20,1,0,16,1,0,1,0,0,36,20,0,16
2001,"CHEROKEE",37039,55,36,1,0,18,2,1,1,0,0,53,35,0,18
2002,"CHEROKEE",37039,55,30,3,0,22,2,0,2,0,0,53,30,1,22
2003,"CHEROKEE",37039,63,37,0,0,26,0,0,0,0,0,63,37,0,26
1990,"CHOWAN",37041,9,2,0,2,5,2,0,0,2,0,7,2,0,5
1991,"CHOWAN",37041,34,26,1,0,7,6,4,1,0,1,28,22,0,6
1992,"CHOWAN",37041,15,11,0,1,3,2,1,0,1,0,13,10,0,3
1993,"CHOWAN",37041,27,16,1,1,9,5,3,1,1,0,22,13,0,9
1994,"CHOWAN",37041,15,10,0,1,4,3,1,0,1,1,12,9,0,3
1995,"CHOWAN",37041,14,4,0,0,10,1,0,0,0,1,13,4,0,9
1996,"CHOWAN",37041,16,10,0,0,6,5,3,0,0,2,11,7,0,4
1997,"CHOWAN",37041,27,18,0,0,9,1,0,0,0,1,26,18,0,8
1998,"CHOWAN",37041,28,18,0,0,10,2,0,0,0,2,26,18,0,8
1999,"CHOWAN",37041,30,14,0,0,16,1,0,0,0,1,29,14,0,15
2000,"CHOWAN",37041,16,9,0,0,7,1,0,0,0,1,15,9,0,6
2001,"CHOWAN",37041,44,28,1,0,15,1,0,1,0,0,43,28,0,15
2002,"CHOWAN",37041,41,27,1,0,13,3,2,1,0,0,38,25,0,13
2003,"CHOWAN",37041,41,25,0,0,16,2,2,0,0,0,39,23,0,16
1990,"CLAY",37043,10,6,0,0,4,1,1,0,0,0,9,5,0,4
1991,"CLAY",37043,11,8,0,0,3,0,0,0,0,0,11,8,0,3
1992,"CLAY",37043,17,11,0,2,4,2,0,0,2,0,15,11,0,4
1993,"CLAY",37043,5,2,0,0,3,0,0,0,0,0,5,2,0,3
1994,"CLAY",37043,6,3,0,1,2,1,0,0,1,0,5,3,0,2
1995,"CLAY",37043,5,4,0,0,1,0,0,0,0,0,5,4,0,1
1996,"CLAY",37043,14,8,0,0,6,0,0,0,0,0,14,8,0,6
1997,"CLAY",37043,13,8,0,0,5,0,0,0,0,0,13,8,0,5
1998,"CLAY",37043,11,8,0,0,3,0,0,0,0,0,11,8,0,3
1999,"CLAY",37043,10,6,0,0,4,0,0,0,0,0,10,6,0,4
2000,"CLAY",37043,10,5,0,0,5,0,0,0,0,0,10,5,0,5
2001,"CLAY",37043,14,9,0,0,5,0,0,0,0,0,14,9,0,5
2002,"CLAY",37043,13,8,0,0,5,0,0,0,0,0,13,8,0,5
2003,"CLAY",37043,20,17,0,0,3,0,0,0,0,0,20,17,0,3
1990,"CLEVELAND",37045,216,8,0,1,207,3,0,0,1,2,213,8,0,205
1991,"CLEVELAND",37045,289,19,0,0,270,1,1,0,0,0,288,18,0,270
1992,"CLEVELAND",37045,216,22,4,1,189,5,0,4,1,0,211,22,0,189
1993,"CLEVELAND",37045,153,15,1,0,137,1,0,1,0,0,152,15,0,137
1994,"CLEVELAND",37045,165,26,0,0,139,1,1,0,0,0,164,25,0,139
1995,"CLEVELAND",37045,260,28,1,0,231,4,3,1,0,0,256,25,0,231
1996,"CLEVELAND",37045,325,44,1,0,280,1,0,1,0,0,324,44,0,280
1997,"CLEVELAND",37045,360,78,0,0,282,6,6,0,0,0,354,72,0,282
1998,"CLEVELAND",37045,365,69,1,0,295,1,0,1,0,0,364,69,0,295
1999,"CLEVELAND",37045,406,60,1,0,345,4,3,1,0,0,402,57,0,345
2000,"CLEVELAND",37045,433,58,0,0,375,4,4,0,0,0,429,54,0,375
2001,"CLEVELAND",37045,517,81,0,0,436,1,1,0,0,0,516,80,0,436
2002,"CLEVELAND",37045,503,114,1,0,388,2,1,1,0,0,501,113,0,388
2003,"CLEVELAND",37045,490,85,1,0,404,2,2,0,0,0,488,83,1,404
1990,"COLUMBUS",37047,29,11,1,0,17,3,2,0,0,1,26,9,1,16
1991,"COLUMBUS",37047,49,22,2,0,25,6,3,2,0,1,43,19,0,24
1992,"COLUMBUS",37047,40,16,0,0,24,6,3,0,0,3,34,13,0,21
1993,"COLUMBUS",37047,37,7,3,0,27,6,0,3,0,3,31,7,0,24
1994,"COLUMBUS",37047,43,15,1,1,26,8,4,1,1,2,35,11,0,24
1995,"COLUMBUS",37047,43,9,0,0,34,2,2,0,0,0,41,7,0,34
1996,"COLUMBUS",37047,65,11,0,0,54,2,1,0,0,1,63,10,0,53
1997,"COLUMBUS",37047,72,20,1,2,49,7,1,1,2,3,65,19,0,46
1998,"COLUMBUS",37047,91,25,0,1,65,7,2,0,1,4,84,23,0,61
1999,"COLUMBUS",37047,117,23,0,0,94,1,0,0,0,1,116,23,0,93
2000,"COLUMBUS",37047,112,32,0,0,80,4,2,0,0,2,108,30,0,78
2001,"COLUMBUS",37047,156,28,0,1,127,1,0,0,1,0,155,28,0,127
2002,"COLUMBUS",37047,205,32,1,0,172,2,1,0,0,1,203,31,1,171
2003,"COLUMBUS",37047,252,27,0,1,224,1,0,0,1,0,251,27,0,224
1990,"CRAVEN",37049,169,101,1,2,65,16,4,1,2,9,153,97,0,56
1991,"CRAVEN",37049,205,118,4,0,83,19,9,4,0,6,186,109,0,77
1992,"CRAVEN",37049,170,91,5,1,73,25,11,4,1,9,145,80,1,64
1993,"CRAVEN",37049,139,68,2,0,69,15,6,2,0,7,124,62,0,62
1994,"CRAVEN",37049,187,87,0,0,100,17,9,0,0,8,170,78,0,92
1995,"CRAVEN",37049,260,130,1,0,129,21,10,1,0,10,239,120,0,119
1996,"CRAVEN",37049,320,171,3,0,146,20,8,3,0,9,300,163,0,137
1997,"CRAVEN",37049,371,225,2,0,144,15,7,2,0,6,356,218,0,138
1998,"CRAVEN",37049,373,225,1,1,146,10,6,1,1,2,363,219,0,144
1999,"CRAVEN",37049,352,209,2,4,137,12,5,2,4,1,340,204,0,136
2000,"CRAVEN",37049,383,240,3,0,140,11,7,3,0,1,372,233,0,139
2001,"CRAVEN",37049,413,243,0,0,170,3,2,0,0,1,410,241,0,169
2002,"CRAVEN",37049,445,294,2,0,149,1,0,1,0,0,444,294,1,149
2003,"CRAVEN",37049,432,271,2,0,159,4,2,2,0,0,428,269,0,159
1990,"CUMBERLAND",37051,677,422,11,2,242,59,30,11,2,16,618,392,0,226
1991,"CUMBERLAND",37051,719,442,7,0,270,67,34,7,0,26,652,408,0,244
1992,"CUMBERLAND",37051,651,388,12,0,251,52,19,12,0,21,599,369,0,230
1993,"CUMBERLAND",37051,743,349,7,0,387,48,13,7,0,28,695,336,0,359
1994,"CUMBERLAND",37051,1010,433,7,1,569,44,16,6,1,21,966,417,1,548
1995,"CUMBERLAND",37051,1166,512,5,1,648,49,17,3,1,28,1117,495,2,620
1996,"CUMBERLAND",37051,1473,702,4,0,767,40,25,4,0,11,1433,677,0,756
1997,"CUMBERLAND",37051,1682,891,7,0,784,51,25,6,0,20,1631,866,1,764
1998,"CUMBERLAND",37051,1727,906,3,0,818,29,14,2,0,13,1698,892,1,805
1999,"CUMBERLAND",37051,1610,831,5,0,774,27,16,4,0,7,1583,815,1,767
2000,"CUMBERLAND",37051,1749,882,6,0,861,25,15,5,0,5,1724,867,1,856
2001,"CUMBERLAND",37051,2053,1225,3,0,825,20,16,2,0,2,2033,1209,1,823
2002,"CUMBERLAND",37051,2055,1161,4,0,890,23,17,4,0,2,2032,1144,0,888
2003,"CUMBERLAND",37051,1999,1126,1,0,872,11,10,1,0,0,1988,1116,0,872
1990,"CURRITUCK",37053,25,23,1,0,1,4,3,1,0,0,21,20,0,1
1991,"CURRITUCK",37053,39,36,1,0,2,7,6,1,0,0,32,30,0,2
1992,"CURRITUCK",37053,33,26,1,0,6,5,3,1,0,1,28,23,0,5
1993,"CURRITUCK",37053,32,30,0,0,2,1,1,0,0,0,31,29,0,2
1994,"CURRITUCK",37053,23,18,0,0,5,2,2,0,0,0,21,16,0,5
1995,"CURRITUCK",37053,26,25,0,0,1,1,1,0,0,0,25,24,0,1
1996,"CURRITUCK",37053,56,45,0,0,11,1,0,0,0,1,55,45,0,10
1997,"CURRITUCK",37053,50,41,0,0,9,4,4,0,0,0,46,37,0,9
1998,"CURRITUCK",37053,50,42,0,0,8,1,0,0,0,1,49,42,0,7
1999,"CURRITUCK",37053,38,33,0,0,5,1,1,0,0,0,37,32,0,5
2000,"CURRITUCK",37053,38,29,0,0,9,0,0,0,0,0,38,29,0,9
2001,"CURRITUCK",37053,45,39,0,0,6,0,0,0,0,0,45,39,0,6
2002,"CURRITUCK",37053,65,52,0,0,13,0,0,0,0,0,65,52,0,13
2003,"CURRITUCK",37053,54,40,0,0,14,1,1,0,0,0,53,39,0,14
1990,"DARE",37055,43,35,5,0,3,25,19,5,0,1,18,16,0,2
1991,"DARE",37055,53,36,3,0,14,16,11,3,0,2,37,25,0,12
1992,"DARE",37055,45,33,6,0,6,11,5,6,0,0,34,28,0,6
1993,"DARE",37055,37,28,2,0,7,15,11,2,0,2,22,17,0,5
1994,"DARE",37055,19,16,0,0,3,3,3,0,0,0,16,13,0,3
1995,"DARE",37055,27,21,2,0,4,6,4,2,0,0,21,17,0,4
1996,"DARE",37055,50,39,0,0,11,7,6,0,0,1,43,33,0,10
1997,"DARE",37055,55,47,2,0,6,4,2,2,0,0,51,45,0,6
1998,"DARE",37055,53,39,0,0,14,7,5,0,0,2,46,34,0,12
1999,"DARE",37055,66,56,0,0,10,5,4,0,0,1,61,52,0,9
2000,"DARE",37055,50,45,0,0,5,0,0,0,0,0,50,45,0,5
2001,"DARE",37055,45,43,0,0,2,3,3,0,0,0,42,40,0,2
2002,"DARE",37055,62,51,1,0,10,2,1,1,0,0,60,50,0,10
2003,"DARE",37055,53,43,1,0,9,3,2,1,0,0,50,41,0,9
1990,"DAVIDSON",37057,195,61,4,0,130,24,15,4,0,5,171,46,0,125
1991,"DAVIDSON",37057,281,93,3,0,185,23,10,3,0,10,258,83,0,175
1992,"DAVIDSON",37057,248,101,1,0,146,23,19,1,0,3,225,82,0,143
1993,"DAVIDSON",37057,188,67,1,0,120,14,9,1,0,4,174,58,0,116
1994,"DAVIDSON",37057,169,71,3,0,95,11,7,3,0,1,158,64,0,94
1995,"DAVIDSON",37057,204,75,8,0,121,14,5,8,0,1,190,70,0,120
1996,"DAVIDSON",37057,246,111,2,0,133,4,2,2,0,0,242,109,0,133
1997,"DAVIDSON",37057,347,143,1,0,203,8,7,1,0,0,339,136,0,203
1998,"DAVIDSON",37057,419,189,0,0,230,1,1,0,0,0,418,188,0,230
1999,"DAVIDSON",37057,413,177,0,0,236,2,2,0,0,0,411,175,0,236
2000,"DAVIDSON",37057,429,205,0,0,224,2,2,0,0,0,427,203,0,224
2001,"DAVIDSON",37057,559,275,1,0,283,7,5,1,0,1,552,270,0,282
2002,"DAVIDSON",37057,620,321,0,0,299,4,4,0,0,0,616,317,0,299
2003,"DAVIDSON",37057,682,379,2,0,301,6,3,2,0,1,676,376,0,300
1990,"DAVIE",37059,35,16,1,0,18,4,2,1,0,1,31,14,0,17
1991,"DAVIE",37059,62,25,1,0,36,14,6,1,0,7,48,19,0,29
1992,"DAVIE",37059,51,27,3,0,21,9,6,3,0,0,42,21,0,21
1993,"DAVIE",37059,40,25,1,0,14,6,5,1,0,0,34,20,0,14
1994,"DAVIE",37059,33,18,0,0,15,0,0,0,0,0,33,18,0,15
1995,"DAVIE",37059,38,21,0,0,17,1,1,0,0,0,37,20,0,17
1996,"DAVIE",37059,69,38,0,0,31,0,0,0,0,0,69,38,0,31
1997,"DAVIE",37059,99,51,0,0,48,1,1,0,0,0,98,50,0,48
1998,"DAVIE",37059,96,42,0,0,54,1,1,0,0,0,95,41,0,54
1999,"DAVIE",37059,94,52,0,0,42,0,0,0,0,0,94,52,0,42
2000,"DAVIE",37059,113,62,0,0,51,0,0,0,0,0,113,62,0,51
2001,"DAVIE",37059,130,86,0,0,44,2,2,0,0,0,128,84,0,44
2002,"DAVIE",37059,139,81,2,0,56,3,1,2,0,0,136,80,0,56
2003,"DAVIE",37059,175,109,0,0,66,1,1,0,0,0,174,108,0,66
1990,"DUPLIN",37061,32,9,2,2,19,7,2,2,2,1,25,7,0,18
1991,"DUPLIN",37061,60,18,4,3,35,13,1,4,3,5,47,17,0,30
1992,"DUPLIN",37061,54,16,0,2,36,5,1,0,2,2,49,15,0,34
1993,"DUPLIN",37061,40,12,0,1,27,5,1,0,1,3,35,11,0,24
1994,"DUPLIN",37061,61,19,2,2,38,4,1,1,2,0,57,18,1,38
1995,"DUPLIN",37061,81,18,0,0,63,4,2,0,0,2,77,16,0,61
1996,"DUPLIN",37061,128,34,1,0,93,11,1,1,0,9,117,33,0,84
1997,"DUPLIN",37061,114,26,1,1,86,9,0,1,1,7,105,26,0,79
1998,"DUPLIN",37061,149,30,0,2,117,6,2,0,2,2,143,28,0,115
1999,"DUPLIN",37061,148,45,4,0,99,10,3,4,0,3,138,42,0,96
2000,"DUPLIN",37061,147,38,0,0,109,4,2,0,0,2,143,36,0,107
2001,"DUPLIN",37061,194,48,1,0,145,1,0,1,0,0,193,48,0,145
2002,"DUPLIN",37061,198,55,1,0,142,2,1,1,0,0,196,54,0,142
2003,"DUPLIN",37061,227,66,1,1,159,4,2,1,1,0,223,64,0,159
1990,"DURHAM",37063,439,52,9,0,378,37,11,9,0,17,402,41,0,361
1991,"DURHAM",37063,548,97,5,0,446,49,23,5,0,21,499,74,0,425
1992,"DURHAM",37063,594,105,9,0,480,34,18,9,0,7,560,87,0,473
1993,"DURHAM",37063,530,93,5,0,432,27,18,5,0,4,503,75,0,428
1994,"DURHAM",37063,556,95,7,0,454,31,16,7,0,8,525,79,0,446
1995,"DURHAM",37063,580,99,2,0,479,20,16,2,0,2,560,83,0,477
1996,"DURHAM",37063,870,145,2,0,723,20,13,2,0,5,850,132,0,718
1997,"DURHAM",37063,997,144,8,0,845,23,13,7,0,3,974,131,1,842
1998,"DURHAM",37063,1002,201,1,0,800,15,14,1,0,0,987,187,0,800
1999,"DURHAM",37063,897,183,1,0,713,8,7,1,0,0,889,176,0,713
2000,"DURHAM",37063,1041,219,4,0,818,13,7,4,0,2,1028,212,0,816
2001,"DURHAM",37063,1201,303,20,0,878,38,14,20,0,4,1163,289,0,874
2002,"DURHAM",37063,1474,393,193,0,888,224,22,189,0,13,1250,371,4,875
2003,"DURHAM",37063,1375,410,19,0,946,43,21,17,0,5,1332,389,2,941
1990,"EDGECOMBE",37065,126,27,2,0,97,7,3,2,0,2,119,24,0,95
1991,"EDGECOMBE",37065,171,44,1,1,125,9,4,1,1,3,162,40,0,122
1992,"EDGECOMBE",37065,199,52,2,5,140,9,1,2,5,1,190,51,0,139
1993,"EDGECOMBE",37065,145,33,1,0,111,6,2,1,0,3,139,31,0,108
1994,"EDGECOMBE",37065,171,31,0,2,138,8,3,0,2,3,163,28,0,135
1995,"EDGECOMBE",37065,229,43,1,0,185,7,2,1,0,4,222,41,0,181
1996,"EDGECOMBE",37065,291,59,0,0,232,4,0,0,0,4,287,59,0,228
1997,"EDGECOMBE",37065,346,61,0,0,285,7,1,0,0,6,339,60,0,279
1998,"EDGECOMBE",37065,381,56,0,2,323,11,1,0,2,8,370,55,0,315
1999,"EDGECOMBE",37065,329,59,2,0,268,5,0,1,0,4,324,59,1,264
2000,"EDGECOMBE",37065,244,52,0,0,192,2,0,0,0,2,242,52,0,190
2001,"EDGECOMBE",37065,353,74,0,2,277,5,1,0,2,2,348,73,0,275
2002,"EDGECOMBE",37065,398,96,2,0,300,5,0,2,0,3,393,96,0,297
2003,"EDGECOMBE",37065,430,98,1,1,330,3,1,1,1,0,427,97,0,330
1990,"FORSYTH",37067,481,215,14,0,252,81,54,14,0,13,400,161,0,239
1991,"FORSYTH",37067,774,356,27,0,391,103,63,27,0,13,671,293,0,378
1992,"FORSYTH",37067,605,296,7,0,302,69,53,7,0,9,536,243,0,293
1993,"FORSYTH",37067,528,270,19,0,239,82,61,19,0,2,446,209,0,237
1994,"FORSYTH",37067,477,239,5,0,233,34,23,5,0,6,443,216,0,227
1995,"FORSYTH",37067,519,242,2,0,275,15,13,2,0,0,504,229,0,275
1996,"FORSYTH",37067,786,354,7,1,424,21,13,7,1,0,765,341,0,424
1997,"FORSYTH",37067,999,434,14,0,551,25,11,13,0,1,974,423,1,550
1998,"FORSYTH",37067,906,424,3,0,479,18,15,3,0,0,888,409,0,479
1999,"FORSYTH",37067,851,384,5,0,462,10,6,4,0,0,841,378,1,462
2000,"FORSYTH",37067,968,416,2,0,550,13,11,2,0,0,955,405,0,550
2001,"FORSYTH",37067,1116,546,5,0,565,30,21,5,0,4,1086,525,0,561
2002,"FORSYTH",37067,1245,610,5,0,630,14,8,5,0,1,1231,602,0,629
2003,"FORSYTH",37067,1349,667,7,0,675,23,15,7,0,1,1326,652,0,674
1990,"FRANKLIN",37069,89,41,1,0,47,13,4,1,0,8,76,37,0,39
1991,"FRANKLIN",37069,139,61,2,0,76,15,5,1,0,9,124,56,1,67
1992,"FRANKLIN",37069,119,47,4,0,68,10,4,4,0,2,109,43,0,66
1993,"FRANKLIN",37069,126,40,0,0,86,11,5,0,0,6,115,35,0,80
1994,"FRANKLIN",37069,105,32,1,0,72,6,3,1,0,2,99,29,0,70
1995,"FRANKLIN",37069,134,26,3,0,105,8,3,3,0,2,126,23,0,103
1996,"FRANKLIN",37069,190,49,0,0,141,8,4,0,0,4,182,45,0,137
1997,"FRANKLIN",37069,221,53,0,0,168,5,2,0,0,3,216,51,0,165
1998,"FRANKLIN",37069,245,58,1,0,186,10,2,1,0,7,235,56,0,179
1999,"FRANKLIN",37069,228,70,1,0,157,9,4,1,0,4,219,66,0,153
2000,"FRANKLIN",37069,244,88,1,0,155,2,1,1,0,0,242,87,0,155
2001,"FRANKLIN",37069,301,134,1,0,166,3,1,0,0,2,298,133,1,164
2002,"FRANKLIN",37069,326,154,2,0,170,3,1,2,0,0,323,153,0,170
2003,"FRANKLIN",37069,322,159,1,0,162,3,2,1,0,0,319,157,0,162
1990,"GASTON",37071,541,61,4,0,476,15,7,4,0,4,526,54,0,472
1991,"GASTON",37071,662,98,6,0,558,11,5,6,0,0,651,93,0,558
1992,"GASTON",37071,516,111,3,0,402,6,3,3,0,0,510,108,0,402
1993,"GASTON",37071,399,100,1,0,298,3,2,1,0,0,396,98,0,298
1994,"GASTON",37071,313,86,1,0,226,2,1,1,0,0,311,85,0,226
1995,"GASTON",37071,493,98,1,0,394,4,3,1,0,0,489,95,0,394
1996,"GASTON",37071,776,149,3,0,624,6,3,3,0,0,770,146,0,624
1997,"GASTON",37071,762,171,2,0,589,3,1,2,0,0,759,170,0,589
1998,"GASTON",37071,744,201,1,0,542,3,2,1,0,0,741,199,0,542
1999,"GASTON",37071,753,231,1,0,521,6,5,1,0,0,747,226,0,521
2000,"GASTON",37071,732,226,1,0,505,5,3,1,0,1,727,223,0,504
2001,"GASTON",37071,810,297,3,0,510,6,3,3,0,0,804,294,0,510
2002,"GASTON",37071,861,352,7,0,502,10,3,7,0,0,851,349,0,502
2003,"GASTON",37071,940,361,2,0,576,9,6,2,0,0,931,355,0,576
1990,"GATES",37073,14,9,1,0,4,1,0,1,0,0,13,9,0,4
1991,"GATES",37073,15,8,0,0,7,2,2,0,0,0,13,6,0,7
1992,"GATES",37073,14,12,0,1,1,2,1,0,1,0,12,11,0,1
1993,"GATES",37073,14,12,1,0,1,1,0,1,0,0,13,12,0,1
1994,"GATES",37073,10,6,1,0,3,1,0,1,0,0,9,6,0,3
1995,"GATES",37073,11,8,0,0,3,1,0,0,0,1,10,8,0,2
1996,"GATES",37073,33,21,0,0,12,2,1,0,0,1,31,20,0,11
1997,"GATES",37073,30,20,0,0,10,2,1,0,0,1,28,19,0,9
1998,"GATES",37073,23,11,0,1,11,2,1,0,1,0,21,10,0,11
1999,"GATES",37073,33,22,0,0,11,0,0,0,0,0,33,22,0,11
2000,"GATES",37073,29,18,0,0,11,0,0,0,0,0,29,18,0,11
2001,"GATES",37073,49,28,0,0,21,0,0,0,0,0,49,28,0,21
2002,"GATES",37073,39,18,0,0,21,1,1,0,0,0,38,17,0,21
2003,"GATES",37073,39,25,0,0,14,0,0,0,0,0,39,25,0,14
1990,"GRAHAM",37075,13,7,1,0,5,1,0,1,0,0,12,7,0,5
1991,"GRAHAM",37075,12,6,3,0,3,3,0,3,0,0,9,6,0,3
1992,"GRAHAM",37075,12,7,2,0,3,2,0,2,0,0,10,7,0,3
1993,"GRAHAM",37075,14,6,0,0,8,0,0,0,0,0,14,6,0,8
1994,"GRAHAM",37075,7,4,0,0,3,0,0,0,0,0,7,4,0,3
1995,"GRAHAM",37075,18,10,0,0,8,0,0,0,0,0,18,10,0,8
1996,"GRAHAM",37075,16,9,0,0,7,0,0,0,0,0,16,9,0,7
1997,"GRAHAM",37075,18,10,0,0,8,0,0,0,0,0,18,10,0,8
1998,"GRAHAM",37075,14,3,0,0,11,0,0,0,0,0,14,3,0,11
1999,"GRAHAM",37075,17,9,0,0,8,0,0,0,0,0,17,9,0,8
2000,"GRAHAM",37075,22,11,0,0,11,0,0,0,0,0,22,11,0,11
2001,"GRAHAM",37075,12,7,0,0,5,0,0,0,0,0,12,7,0,5
2002,"GRAHAM",37075,9,4,0,0,5,0,0,0,0,0,9,4,0,5
2003,"GRAHAM",37075,18,12,0,0,6,0,0,0,0,0,18,12,0,6
1990,"GRANVILLE",37077,121,11,1,0,109,3,1,1,0,1,118,10,0,108
1991,"GRANVILLE",37077,141,12,0,0,129,5,2,0,0,3,136,10,0,126
1992,"GRANVILLE",37077,113,13,0,0,100,2,1,0,0,1,111,12,0,99
1993,"GRANVILLE",37077,146,17,0,1,128,7,2,0,1,4,139,15,0,124
1994,"GRANVILLE",37077,162,13,0,0,149,3,2,0,0,1,159,11,0,148
1995,"GRANVILLE",37077,196,12,0,1,183,5,2,0,1,2,191,10,0,181
1996,"GRANVILLE",37077,267,30,0,0,237,3,2,0,0,1,264,28,0,236
1997,"GRANVILLE",37077,290,31,0,1,258,1,0,0,1,0,289,31,0,258
1998,"GRANVILLE",37077,271,30,0,0,241,2,2,0,0,0,269,28,0,241
1999,"GRANVILLE",37077,274,47,1,0,226,2,1,1,0,0,272,46,0,226
2000,"GRANVILLE",37077,291,47,1,0,242,3,1,0,0,1,288,46,1,241
2001,"GRANVILLE",37077,323,68,1,0,254,2,0,0,0,2,321,68,1,252
2002,"GRANVILLE",37077,374,94,1,0,279,6,4,1,0,1,368,90,0,278
2003,"GRANVILLE",37077,395,90,2,0,303,3,0,2,0,1,392,90,0,302
1990,"GREENE",37079,14,3,0,0,11,1,0,0,0,1,13,3,0,10
1991,"GREENE",37079,23,13,0,0,10,1,1,0,0,0,22,12,0,10
1992,"GREENE",37079,21,9,0,0,12,2,2,0,0,0,19,7,0,12
1993,"GREENE",37079,21,9,0,0,12,1,0,0,0,1,20,9,0,11
1994,"GREENE",37079,17,8,0,0,9,1,0,0,0,1,16,8,0,8
1995,"GREENE",37079,22,3,0,0,19,1,0,0,0,1,21,3,0,18
1996,"GREENE",37079,45,7,0,0,38,2,0,0,0,2,43,7,0,36
1997,"GREENE",37079,49,8,0,0,41,1,0,0,0,1,48,8,0,40
1998,"GREENE",37079,57,16,0,0,41,0,0,0,0,0,57,16,0,41
1999,"GREENE",37079,49,15,0,0,34,1,1,0,0,0,48,14,0,34
2000,"GREENE",37079,63,14,1,0,48,3,1,1,0,1,60,13,0,47
2001,"GREENE",37079,67,20,0,0,47,2,1,0,0,1,65,19,0,46
2002,"GREENE",37079,68,26,0,0,42,1,0,0,0,1,67,26,0,41
2003,"GREENE",37079,86,29,1,5,51,6,0,0,5,1,80,29,1,50
1990,"GUILFORD",37081,818,260,18,0,540,110,67,18,0,25,708,193,0,515
1991,"GUILFORD",37081,1182,331,25,0,826,114,47,25,0,42,1068,284,0,784
1992,"GUILFORD",37081,998,354,18,0,626,106,68,18,0,20,892,286,0,606
1993,"GUILFORD",37081,824,273,19,0,532,84,49,19,0,16,740,224,0,516
1994,"GUILFORD",37081,843,308,9,0,526,76,61,9,0,6,767,247,0,520
1995,"GUILFORD",37081,886,301,19,0,566,63,40,18,0,5,823,261,1,561
1996,"GUILFORD",37081,1208,460,5,0,743,45,39,5,0,1,1163,421,0,742
1997,"GUILFORD",37081,1473,580,8,0,885,61,49,8,0,4,1412,531,0,881
1998,"GUILFORD",37081,1572,792,6,0,774,58,49,6,0,3,1514,743,0,771
1999,"GUILFORD",37081,1450,734,7,0,709,32,25,7,0,0,1418,709,0,709
2000,"GUILFORD",37081,1418,725,7,0,686,39,30,7,0,2,1379,695,0,684
2001,"GUILFORD",37081,1745,941,9,0,795,65,48,9,0,8,1680,893,0,787
2002,"GUILFORD",37081,2017,1115,5,0,897,73,64,5,0,4,1944,1051,0,893
2003,"GUILFORD",37081,2091,1266,6,0,819,45,36,6,0,3,2046,1230,0,816
1990,"HALIFAX",37083,55,20,0,0,35,2,1,0,0,1,53,19,0,34
1991,"HALIFAX",37083,85,36,1,0,48,8,4,1,0,3,77,32,0,45
1992,"HALIFAX",37083,76,26,0,0,50,4,2,0,0,2,72,24,0,48
1993,"HALIFAX",37083,113,44,2,1,66,7,2,2,1,2,106,42,0,64
1994,"HALIFAX",37083,86,28,1,0,57,7,2,1,0,4,79,26,0,53
1995,"HALIFAX",37083,115,36,0,0,79,0,0,0,0,0,115,36,0,79
1996,"HALIFAX",37083,187,64,1,0,122,10,4,1,0,5,177,60,0,117
1997,"HALIFAX",37083,196,64,2,1,129,8,3,2,1,2,188,61,0,127
1998,"HALIFAX",37083,183,59,0,0,124,6,1,0,0,5,177,58,0,119
1999,"HALIFAX",37083,179,60,1,0,118,5,1,1,0,3,174,59,0,115
2000,"HALIFAX",37083,190,59,0,0,131,4,2,0,0,2,186,57,0,129
2001,"HALIFAX",37083,225,81,0,0,144,1,0,0,0,1,224,81,0,143
2002,"HALIFAX",37083,267,99,0,0,168,1,0,0,0,1,266,99,0,167
2003,"HALIFAX",37083,292,119,0,0,173,2,2,0,0,0,290,117,0,173
1990,"HARNETT",37085,112,51,7,0,54,11,2,6,0,3,101,49,1,51
1991,"HARNETT",37085,106,45,3,1,57,12,5,2,1,4,94,40,1,53
1992,"HARNETT",37085,127,53,2,0,72,11,5,1,0,5,116,48,1,67
1993,"HARNETT",37085,128,42,0,0,86,12,6,0,0,6,116,36,0,80
1994,"HARNETT",37085,155,53,2,0,100,11,6,1,0,4,144,47,1,96
1995,"HARNETT",37085,212,65,0,0,147,12,7,0,0,5,200,58,0,142
1996,"HARNETT",37085,290,67,1,0,222,17,9,1,0,7,273,58,0,215
1997,"HARNETT",37085,338,106,0,1,231,3,0,0,1,2,335,106,0,229
1998,"HARNETT",37085,388,131,0,1,256,3,0,0,1,2,385,131,0,254
1999,"HARNETT",37085,371,123,2,0,246,9,7,2,0,0,362,116,0,246
2000,"HARNETT",37085,371,132,1,0,238,4,4,0,0,0,367,128,1,238
2001,"HARNETT",37085,475,191,1,0,283,10,9,1,0,0,465,182,0,283
2002,"HARNETT",37085,445,194,2,1,248,7,4,2,1,0,438,190,0,248
2003,"HARNETT",37085,447,220,0,0,227,1,1,0,0,0,446,219,0,227
1990,"HAYWOOD",37087,80,57,2,0,21,6,4,2,0,0,74,53,0,21
1991,"HAYWOOD",37087,113,79,1,0,33,2,1,1,0,0,111,78,0,33
1992,"HAYWOOD",37087,124,78,2,0,44,3,1,2,0,0,121,77,0,44
1993,"HAYWOOD",37087,86,48,0,0,38,0,0,0,0,0,86,48,0,38
1994,"HAYWOOD",37087,85,45,0,0,40,0,0,0,0,0,85,45,0,40
1995,"HAYWOOD",37087,72,24,0,0,48,0,0,0,0,0,72,24,0,48
1996,"HAYWOOD",37087,98,44,0,0,54,0,0,0,0,0,98,44,0,54
1997,"HAYWOOD",37087,123,52,1,0,70,1,0,1,0,0,122,52,0,70
1998,"HAYWOOD",37087,117,58,0,0,59,0,0,0,0,0,117,58,0,59
1999,"HAYWOOD",37087,116,59,0,0,57,0,0,0,0,0,116,59,0,57
2000,"HAYWOOD",37087,127,72,0,0,55,0,0,0,0,0,127,72,0,55
2001,"HAYWOOD",37087,162,104,3,0,55,3,0,3,0,0,159,104,0,55
2002,"HAYWOOD",37087,144,101,1,0,42,2,1,1,0,0,142,100,0,42
2003,"HAYWOOD",37087,168,110,0,0,58,0,0,0,0,0,168,110,0,58
1990,"HENDERSON",37089,92,47,8,0,37,15,6,8,0,1,77,41,0,36
1991,"HENDERSON",37089,129,68,7,0,54,9,2,7,0,0,120,66,0,54
1992,"HENDERSON",37089,100,55,3,1,41,8,4,3,1,0,92,51,0,41
1993,"HENDERSON",37089,75,48,3,1,23,4,0,3,1,0,71,48,0,23
1994,"HENDERSON",37089,87,51,1,0,35,3,2,1,0,0,84,49,0,35
1995,"HENDERSON",37089,100,45,2,0,53,2,0,2,0,0,98,45,0,53
1996,"HENDERSON",37089,135,74,2,2,57,6,2,2,2,0,129,72,0,57
1997,"HENDERSON",37089,154,99,1,0,54,1,0,1,0,0,153,99,0,54
1998,"HENDERSON",37089,196,119,1,0,76,1,0,1,0,0,195,119,0,76
1999,"HENDERSON",37089,191,123,5,0,63,10,5,5,0,0,181,118,0,63
2000,"HENDERSON",37089,205,129,3,3,70,9,4,2,3,0,196,125,1,70
2001,"HENDERSON",37089,223,160,2,0,61,4,3,1,0,0,219,157,1,61
2002,"HENDERSON",37089,258,194,1,0,63,5,4,1,0,0,253,190,0,63
2003,"HENDERSON",37089,291,206,1,0,84,1,0,1,0,0,290,206,0,84
1990,"HERTFORD",37091,25,9,0,0,16,4,3,0,0,1,21,6,0,15
1991,"HERTFORD",37091,27,11,0,0,16,2,2,0,0,0,25,9,0,16
1992,"HERTFORD",37091,30,8,1,0,21,2,0,1,0,1,28,8,0,20
1993,"HERTFORD",37091,35,12,0,1,22,3,2,0,1,0,32,10,0,22
1994,"HERTFORD",37091,23,7,1,0,15,3,1,1,0,1,20,6,0,14
1995,"HERTFORD",37091,30,8,0,0,22,0,0,0,0,0,30,8,0,22
1996,"HERTFORD",37091,35,10,0,0,25,3,1,0,0,2,32,9,0,23
1997,"HERTFORD",37091,81,26,0,0,55,2,0,0,0,2,79,26,0,53
1998,"HERTFORD",37091,72,19,0,0,53,3,1,0,0,2,69,18,0,51
1999,"HERTFORD",37091,39,11,1,0,27,2,1,1,0,0,37,10,0,27
2000,"HERTFORD",37091,71,21,0,1,49,5,2,0,1,2,66,19,0,47
2001,"HERTFORD",37091,86,17,1,0,68,2,0,1,0,1,84,17,0,67
2002,"HERTFORD",37091,74,26,0,2,46,4,1,0,2,1,70,25,0,45
2003,"HERTFORD",37091,77,27,0,2,48,2,0,0,2,0,75,27,0,48
1990,"HOKE",37093,63,6,0,0,57,5,0,0,0,5,58,6,0,52
1991,"HOKE",37093,59,10,1,1,47,5,0,1,1,3,54,10,0,44
1992,"HOKE",37093,58,11,1,0,46,3,2,1,0,0,55,9,0,46
1993,"HOKE",37093,39,6,0,0,33,1,1,0,0,0,38,5,0,33
1994,"HOKE",37093,69,13,0,0,56,0,0,0,0,0,69,13,0,56
1995,"HOKE",37093,89,16,1,0,72,4,0,1,0,3,85,16,0,69
1996,"HOKE",37093,119,22,0,0,97,1,0,0,0,1,118,22,0,96
1997,"HOKE",37093,162,52,0,0,110,1,1,0,0,0,161,51,0,110
1998,"HOKE",37093,177,44,0,0,133,1,1,0,0,0,176,43,0,133
1999,"HOKE",37093,186,35,0,0,151,1,1,0,0,0,185,34,0,151
2000,"HOKE",37093,240,55,0,0,185,2,0,0,0,2,238,55,0,183
2001,"HOKE",37093,230,61,0,0,169,2,1,0,0,1,228,60,0,168
2002,"HOKE",37093,195,72,0,0,123,4,2,0,0,2,191,70,0,121
2003,"HOKE",37093,203,53,0,0,150,2,1,0,0,1,201,52,0,149
1990,"HYDE",37095,6,1,1,0,4,1,0,1,0,0,5,1,0,4
1991,"HYDE",37095,10,3,0,0,7,3,1,0,0,2,7,2,0,5
1992,"HYDE",37095,7,3,0,0,4,0,0,0,0,0,7,3,0,4
1993,"HYDE",37095,9,4,0,0,5,2,2,0,0,0,7,2,0,5
1994,"HYDE",37095,4,2,0,0,2,0,0,0,0,0,4,2,0,2
1995,"HYDE",37095,9,4,0,2,3,4,1,0,2,1,5,3,0,2
1996,"HYDE",37095,2,2,0,0,0,0,0,0,0,0,2,2,0,0
1997,"HYDE",37095,6,3,0,0,3,2,1,0,0,1,4,2,0,2
1998,"HYDE",37095,11,4,0,0,7,1,0,0,0,1,10,4,0,6
1999,"HYDE",37095,6,4,0,0,2,0,0,0,0,0,6,4,0,2
2000,"HYDE",37095,11,5,0,0,6,0,0,0,0,0,11,5,0,6
2001,"HYDE",37095,4,1,0,0,3,0,0,0,0,0,4,1,0,3
2002,"HYDE",37095,16,3,0,0,13,0,0,0,0,0,16,3,0,13
2003,"HYDE",37095,13,4,0,0,9,0,0,0,0,0,13,4,0,9
1990,"IREDELL",37097,225,68,0,0,157,5,5,0,0,0,220,63,0,157
1991,"IREDELL",37097,339,125,6,0,208,13,7,6,0,0,326,118,0,208
1992,"IREDELL",37097,189,70,3,0,116,4,1,3,0,0,185,69,0,116
1993,"IREDELL",37097,179,83,1,0,95,1,1,0,0,0,178,82,1,95
1994,"IREDELL",37097,183,74,2,0,107,3,1,2,0,0,180,73,0,107
1995,"IREDELL",37097,245,84,2,0,159,2,0,2,0,0,243,84,0,159
1996,"IREDELL",37097,371,168,2,0,201,3,1,2,0,0,368,167,0,201
1997,"IREDELL",37097,487,192,3,0,292,7,4,3,0,0,480,188,0,292
1998,"IREDELL",37097,426,199,1,0,226,2,1,1,0,0,424,198,0,226
1999,"IREDELL",37097,417,179,0,0,238,0,0,0,0,0,417,179,0,238
2000,"IREDELL",37097,432,215,0,0,217,6,6,0,0,0,426,209,0,217
2001,"IREDELL",37097,620,327,5,0,288,10,5,5,0,0,610,322,0,288
2002,"IREDELL",37097,604,327,1,0,276,4,3,1,0,0,600,324,0,276
2003,"IREDELL",37097,663,364,1,1,297,2,0,1,1,0,661,364,0,297
1990,"JACKSON",37099,16,13,1,0,2,1,0,1,0,0,15,13,0,2
1991,"JACKSON",37099,27,14,0,1,12,1,0,0,1,0,26,14,0,12
1992,"JACKSON",37099,25,10,1,0,14,1,0,1,0,0,24,10,0,14
1993,"JACKSON",37099,33,22,0,0,11,2,2,0,0,0,31,20,0,11
1994,"JACKSON",37099,20,12,0,0,8,1,1,0,0,0,19,11,0,8
1995,"JACKSON",37099,21,11,0,0,10,0,0,0,0,0,21,11,0,10
1996,"JACKSON",37099,31,15,1,0,15,1,0,1,0,0,30,15,0,15
1997,"JACKSON",37099,39,24,0,0,15,0,0,0,0,0,39,24,0,15
1998,"JACKSON",37099,30,20,0,0,10,1,1,0,0,0,29,19,0,10
1999,"JACKSON",37099,41,26,0,1,14,1,0,0,1,0,40,26,0,14
2000,"JACKSON",37099,34,24,0,0,10,0,0,0,0,0,34,24,0,10
2001,"JACKSON",37099,44,31,0,0,13,0,0,0,0,0,44,31,0,13
2002,"JACKSON",37099,44,29,0,0,15,1,1,0,0,0,43,28,0,15
2003,"JACKSON",37099,61,47,0,0,14,0,0,0,0,0,61,47,0,14
1990,"JOHNSTON",37101,150,69,4,0,77,17,9,4,0,4,133,60,0,73
1991,"JOHNSTON",37101,200,103,3,0,94,16,7,3,0,6,184,96,0,88
1992,"JOHNSTON",37101,219,108,4,3,104,33,15,4,3,11,186,93,0,93
1993,"JOHNSTON",37101,180,73,3,1,103,16,3,3,1,9,164,70,0,94
1994,"JOHNSTON",37101,175,75,2,1,97,21,11,2,1,7,154,64,0,90
1995,"JOHNSTON",37101,225,103,0,1,121,19,8,0,1,10,206,95,0,111
1996,"JOHNSTON",37101,332,128,3,0,201,13,7,3,0,3,319,121,0,198
1997,"JOHNSTON",37101,387,171,0,0,216,8,8,0,0,0,379,163,0,216
1998,"JOHNSTON",37101,449,227,1,1,220,8,3,1,1,3,441,224,0,217
1999,"JOHNSTON",37101,396,176,2,3,215,13,7,2,3,1,383,169,0,214
2000,"JOHNSTON",37101,442,225,1,0,216,10,3,1,0,6,432,222,0,210
2001,"JOHNSTON",37101,627,393,1,0,233,9,4,1,0,4,618,389,0,229
2002,"JOHNSTON",37101,656,393,3,0,260,10,7,3,0,0,646,386,0,260
2003,"JOHNSTON",37101,717,490,1,1,225,9,7,0,1,1,708,483,1,224
1990,"JONES",37103,16,3,2,0,11,4,1,2,0,1,12,2,0,10
1991,"JONES",37103,23,5,2,0,16,5,0,2,0,3,18,5,0,13
1992,"JONES",37103,22,9,0,1,12,2,1,0,1,0,20,8,0,12
1993,"JONES",37103,17,7,0,0,10,1,0,0,0,1,16,7,0,9
1994,"JONES",37103,24,8,0,0,16,5,0,0,0,5,19,8,0,11
1995,"JONES",37103,22,6,0,0,16,2,0,0,0,2,20,6,0,14
1996,"JONES",37103,33,8,0,0,25,2,1,0,0,1,31,7,0,24
1997,"JONES",37103,39,12,0,0,27,2,0,0,0,2,37,12,0,25
1998,"JONES",37103,36,16,0,0,20,0,0,0,0,0,36,16,0,20
1999,"JONES",37103,37,16,0,0,21,2,2,0,0,0,35,14,0,21
2000,"JONES",37103,44,20,0,0,24,3,2,0,0,1,41,18,0,23
2001,"JONES",37103,57,20,0,0,37,0,0,0,0,0,57,20,0,37
2002,"JONES",37103,65,24,0,0,41,0,0,0,0,0,65,24,0,41
2003,"JONES",37103,54,16,0,0,38,0,0,0,0,0,54,16,0,38
1990,"LEE",37105,127,17,3,0,107,10,4,3,0,3,117,13,0,104
1991,"LEE",37105,160,24,5,0,131,13,7,5,0,1,147,17,0,130
1992,"LEE",37105,122,24,0,0,98,5,5,0,0,0,117,19,0,98
1993,"LEE",37105,131,19,0,0,112,7,5,0,0,2,124,14,0,110
1994,"LEE",37105,166,16,0,0,150,3,2,0,0,1,163,14,0,149
1995,"LEE",37105,200,14,0,0,186,1,1,0,0,0,199,13,0,186
1996,"LEE",37105,254,33,1,0,220,4,3,1,0,0,250,30,0,220
1997,"LEE",37105,247,24,1,0,222,2,1,1,0,0,245,23,0,222
1998,"LEE",37105,255,44,1,0,210,2,1,1,0,0,253,43,0,210
1999,"LEE",37105,249,34,0,0,215,0,0,0,0,0,249,34,0,215
2000,"LEE",37105,293,24,0,0,269,0,0,0,0,0,293,24,0,269
2001,"LEE",37105,326,66,0,0,260,4,3,0,0,1,322,63,0,259
2002,"LEE",37105,276,75,0,0,201,5,4,0,0,1,271,71,0,200
2003,"LEE",37105,326,97,0,0,229,6,5,0,0,1,320,92,0,228
1990,"LENOIR",37107,89,50,1,0,38,9,4,1,0,4,80,46,0,34
1991,"LENOIR",37107,123,54,2,0,67,17,12,2,0,3,106,42,0,64
1992,"LENOIR",37107,113,40,3,3,67,16,7,2,3,4,97,33,1,63
1993,"LENOIR",37107,118,47,0,0,71,8,4,0,0,4,110,43,0,67
1994,"LENOIR",37107,120,38,0,1,81,10,5,0,1,4,110,33,0,77
1995,"LENOIR",37107,145,39,0,0,106,9,4,0,0,5,136,35,0,101
1996,"LENOIR",37107,182,45,0,0,137,6,2,0,0,4,176,43,0,133
1997,"LENOIR",37107,216,59,1,0,156,10,5,1,0,4,206,54,0,152
1998,"LENOIR",37107,263,90,0,0,173,3,1,0,0,2,260,89,0,171
1999,"LENOIR",37107,211,69,2,0,140,5,1,2,0,2,206,68,0,138
2000,"LENOIR",37107,252,68,1,0,183,1,0,1,0,0,251,68,0,183
2001,"LENOIR",37107,338,117,0,0,221,3,3,0,0,0,335,114,0,221
2002,"LENOIR",37107,343,121,1,2,219,5,1,1,2,1,338,120,0,218
2003,"LENOIR",37107,326,100,0,2,224,3,1,0,2,0,323,99,0,224
1990,"LINCOLN",37109,134,21,1,0,112,7,4,1,0,2,127,17,0,110
1991,"LINCOLN",37109,162,21,2,0,139,3,1,2,0,0,159,20,0,139
1992,"LINCOLN",37109,114,31,2,0,81,3,1,2,0,0,111,30,0,81
1993,"LINCOLN",37109,80,17,0,0,63,0,0,0,0,0,80,17,0,63
1994,"LINCOLN",37109,101,25,1,0,75,2,1,1,0,0,99,24,0,75
1995,"LINCOLN",37109,134,27,0,0,107,0,0,0,0,0,134,27,0,107
1996,"LINCOLN",37109,173,41,1,0,131,1,0,1,0,0,172,41,0,131
1997,"LINCOLN",37109,246,64,0,0,182,2,2,0,0,0,244,62,0,182
1998,"LINCOLN",37109,207,73,1,0,133,3,2,1,0,0,204,71,0,133
1999,"LINCOLN",37109,224,65,0,0,159,1,1,0,0,0,223,64,0,159
2000,"LINCOLN",37109,209,73,0,0,136,1,1,0,0,0,208,72,0,136
2001,"LINCOLN",37109,252,93,0,0,159,0,0,0,0,0,252,93,0,159
2002,"LINCOLN",37109,304,123,3,0,178,2,0,2,0,0,302,123,1,178
2003,"LINCOLN",37109,315,129,0,0,186,0,0,0,0,0,315,129,0,186
1990,"MCDOWELL",37111,43,10,1,0,32,2,1,1,0,0,41,9,0,32
1991,"MCDOWELL",37111,71,18,1,0,52,1,0,1,0,0,70,18,0,52
1992,"MCDOWELL",37111,72,16,1,0,55,2,1,1,0,0,70,15,0,55
1993,"MCDOWELL",37111,65,14,2,0,49,2,0,2,0,0,63,14,0,49
1994,"MCDOWELL",37111,54,12,0,0,42,0,0,0,0,0,54,12,0,42
1995,"MCDOWELL",37111,86,12,0,0,74,0,0,0,0,0,86,12,0,74
1996,"MCDOWELL",37111,137,16,0,0,121,0,0,0,0,0,137,16,0,121
1997,"MCDOWELL",37111,136,42,0,0,94,0,0,0,0,0,136,42,0,94
1998,"MCDOWELL",37111,163,45,0,0,118,0,0,0,0,0,163,45,0,118
1999,"MCDOWELL",37111,142,43,0,0,99,3,3,0,0,0,139,40,0,99
2000,"MCDOWELL",37111,134,44,0,0,90,0,0,0,0,0,134,44,0,90
2001,"MCDOWELL",37111,198,84,2,0,112,2,0,2,0,0,196,84,0,112
2002,"MCDOWELL",37111,170,73,0,0,97,1,1,0,0,0,169,72,0,97
2003,"MCDOWELL",37111,188,96,3,0,89,2,0,2,0,0,186,96,1,89
1990,"MACON",37113,32,19,3,0,10,5,2,3,0,0,27,17,0,10
1991,"MACON",37113,35,27,1,0,7,1,0,1,0,0,34,27,0,7
1992,"MACON",37113,36,29,2,0,5,3,1,2,0,0,33,28,0,5
1993,"MACON",37113,26,20,2,0,4,1,0,1,0,0,25,20,1,4
1994,"MACON",37113,18,10,2,0,6,2,0,2,0,0,16,10,0,6
1995,"MACON",37113,31,24,0,0,7,0,0,0,0,0,31,24,0,7
1996,"MACON",37113,38,25,0,0,13,0,0,0,0,0,38,25,0,13
1997,"MACON",37113,43,26,2,0,15,2,0,2,0,0,41,26,0,15
1998,"MACON",37113,41,36,0,0,5,0,0,0,0,0,41,36,0,5
1999,"MACON",37113,44,34,0,0,10,0,0,0,0,0,44,34,0,10
2000,"MACON",37113,45,25,0,0,20,0,0,0,0,0,45,25,0,20
2001,"MACON",37113,70,48,0,0,22,0,0,0,0,0,70,48,0,22
2002,"MACON",37113,75,43,4,0,28,4,0,4,0,0,71,43,0,28
2003,"MACON",37113,61,43,1,0,17,1,1,0,0,0,60,42,1,17
1990,"MADISON",37115,11,6,0,0,5,0,0,0,0,0,11,6,0,5
1991,"MADISON",37115,19,7,1,0,11,2,1,1,0,0,17,6,0,11
1992,"MADISON",37115,17,6,0,0,11,0,0,0,0,0,17,6,0,11
1993,"MADISON",37115,19,9,0,2,8,2,0,0,2,0,17,9,0,8
1994,"MADISON",37115,18,8,0,0,10,0,0,0,0,0,18,8,0,10
1995,"MADISON",37115,23,10,0,0,13,0,0,0,0,0,23,10,0,13
1996,"MADISON",37115,31,13,0,0,18,0,0,0,0,0,31,13,0,18
1997,"MADISON",37115,44,17,0,1,26,1,0,0,1,0,43,17,0,26
1998,"MADISON",37115,44,26,4,0,14,4,0,4,0,0,40,26,0,14
1999,"MADISON",37115,48,22,1,0,25,1,0,1,0,0,47,22,0,25
2000,"MADISON",37115,49,28,0,0,21,0,0,0,0,0,49,28,0,21
2001,"MADISON",37115,47,33,0,0,14,0,0,0,0,0,47,33,0,14
2002,"MADISON",37115,56,37,0,0,19,2,2,0,0,0,54,35,0,19
2003,"MADISON",37115,67,44,0,0,23,1,1,0,0,0,66,43,0,23
1990,"MARTIN",37117,23,9,0,1,13,2,1,0,1,0,21,8,0,13
1991,"MARTIN",37117,42,19,0,0,23,1,1,0,0,0,41,18,0,23
1992,"MARTIN",37117,35,16,0,1,18,6,3,0,1,2,29,13,0,16
1993,"MARTIN",37117,35,13,0,0,22,2,2,0,0,0,33,11,0,22
1994,"MARTIN",37117,30,12,1,0,17,3,2,1,0,0,27,10,0,17
1995,"MARTIN",37117,36,6,0,0,30,2,1,0,0,1,34,5,0,29
1996,"MARTIN",37117,81,25,0,0,56,7,3,0,0,4,74,22,0,52
1997,"MARTIN",37117,69,21,0,0,48,1,1,0,0,0,68,20,0,48
1998,"MARTIN",37117,77,31,0,0,46,1,1,0,0,0,76,30,0,46
1999,"MARTIN",37117,70,30,1,0,39,2,0,1,0,1,68,30,0,38
2000,"MARTIN",37117,67,25,0,0,42,0,0,0,0,0,67,25,0,42
2001,"MARTIN",37117,101,37,0,0,64,1,0,0,0,1,100,37,0,63
2002,"MARTIN",37117,127,44,0,2,81,2,0,0,2,0,125,44,0,81
2003,"MARTIN",37117,122,36,0,1,85,3,1,0,1,1,119,35,0,84
1990,"MECKLENBURG",37119,1073,461,42,0,570,82,37,39,0,6,991,424,3,564
1991,"MECKLENBURG",37119,1497,690,46,0,761,78,32,46,0,0,1419,658,0,761
1992,"MECKLENBURG",37119,1401,671,34,1,695,73,38,34,1,0,1328,633,0,695
1993,"MECKLENBURG",37119,1061,504,27,0,530,47,21,25,0,1,1014,483,2,529
1994,"MECKLENBURG",37119,1023,517,25,0,481,48,23,25,0,0,975,494,0,481
1995,"MECKLENBURG",37119,1111,575,22,0,514,44,22,22,0,0,1067,553,0,514
1996,"MECKLENBURG",37119,1528,741,26,0,761,46,21,25,0,0,1482,720,1,761
1997,"MECKLENBURG",37119,1894,1029,8,0,857,28,20,8,0,0,1866,1009,0,857
1998,"MECKLENBURG",37119,1814,1031,9,0,774,27,17,9,0,1,1787,1014,0,773
1999,"MECKLENBURG",37119,1709,939,9,0,761,27,17,9,0,1,1682,922,0,760
2000,"MECKLENBURG",37119,1586,835,20,0,731,35,14,19,0,2,1551,821,1,729
2001,"MECKLENBURG",37119,2136,1205,26,0,905,65,40,24,0,1,2071,1165,2,904
2002,"MECKLENBURG",37119,2292,1273,21,0,998,39,21,18,0,0,2253,1252,3,998
2003,"MECKLENBURG",37119,2744,1472,49,0,1223,56,10,45,0,1,2688,1462,4,1222
1990,"MITCHELL",37121,22,6,0,0,16,1,1,0,0,0,21,5,0,16
1991,"MITCHELL",37121,29,9,0,0,20,3,3,0,0,0,26,6,0,20
1992,"MITCHELL",37121,25,7,0,0,18,0,0,0,0,0,25,7,0,18
1993,"MITCHELL",37121,19,8,0,0,11,0,0,0,0,0,19,8,0,11
1994,"MITCHELL",37121,24,13,0,0,11,0,0,0,0,0,24,13,0,11
1995,"MITCHELL",37121,19,9,0,0,10,0,0,0,0,0,19,9,0,10
1996,"MITCHELL",37121,37,24,0,0,13,0,0,0,0,0,37,24,0,13
1997,"MITCHELL",37121,32,19,0,0,13,0,0,0,0,0,32,19,0,13
1998,"MITCHELL",37121,37,19,0,0,18,0,0,0,0,0,37,19,0,18
1999,"MITCHELL",37121,37,23,0,0,14,0,0,0,0,0,37,23,0,14
2000,"MITCHELL",37121,44,35,0,0,9,0,0,0,0,0,44,35,0,9
2001,"MITCHELL",37121,44,35,1,0,8,1,0,1,0,0,43,35,0,8
2002,"MITCHELL",37121,53,40,0,0,13,0,0,0,0,0,53,40,0,13
2003,"MITCHELL",37121,51,38,0,0,13,0,0,0,0,0,51,38,0,13
1990,"MONTGOMERY",37123,38,6,0,0,32,4,1,0,0,3,34,5,0,29
1991,"MONTGOMERY",37123,61,6,1,1,53,4,0,1,1,2,57,6,0,51
1992,"MONTGOMERY",37123,44,12,1,0,31,4,3,1,0,0,40,9,0,31
1993,"MONTGOMERY",37123,31,4,0,0,27,1,0,0,0,1,30,4,0,26
1994,"MONTGOMERY",37123,30,5,0,0,25,2,2,0,0,0,28,3,0,25
1995,"MONTGOMERY",37123,44,7,0,0,37,2,2,0,0,0,42,5,0,37
1996,"MONTGOMERY",37123,45,7,0,0,38,1,1,0,0,0,44,6,0,38
1997,"MONTGOMERY",37123,83,20,0,0,63,2,2,0,0,0,81,18,0,63
1998,"MONTGOMERY",37123,76,19,0,0,57,0,0,0,0,0,76,19,0,57
1999,"MONTGOMERY",37123,84,30,0,0,54,2,1,0,0,1,82,29,0,53
2000,"MONTGOMERY",37123,78,22,0,0,56,1,1,0,0,0,77,21,0,56
2001,"MONTGOMERY",37123,103,35,0,0,68,1,0,0,0,1,102,35,0,67
2002,"MONTGOMERY",37123,91,46,0,0,45,0,0,0,0,0,91,46,0,45
2003,"MONTGOMERY",37123,116,51,0,0,65,0,0,0,0,0,116,51,0,65
1990,"MOORE",37125,175,34,7,0,134,24,9,7,0,8,151,25,0,126
1991,"MOORE",37125,180,37,3,0,140,19,9,3,0,7,161,28,0,133
1992,"MOORE",37125,181,34,3,0,144,16,7,3,0,6,165,27,0,138
1993,"MOORE",37125,154,25,0,0,129,3,3,0,0,0,151,22,0,129
1994,"MOORE",37125,130,26,0,0,104,8,6,0,0,2,122,20,0,102
1995,"MOORE",37125,189,33,1,0,155,8,7,1,0,0,181,26,0,155
1996,"MOORE",37125,229,34,2,0,193,10,7,2,0,1,219,27,0,192
1997,"MOORE",37125,265,51,0,0,214,6,4,0,0,2,259,47,0,212
1998,"MOORE",37125,281,51,0,0,230,7,7,0,0,0,274,44,0,230
1999,"MOORE",37125,266,62,0,0,204,5,4,0,0,1,261,58,0,203
2000,"MOORE",37125,355,90,2,0,263,7,5,2,0,0,348,85,0,263
2001,"MOORE",37125,402,127,3,0,272,10,5,3,0,2,392,122,0,270
2002,"MOORE",37125,412,150,0,0,262,12,10,0,0,2,400,140,0,260
2003,"MOORE",37125,403,153,1,0,249,10,9,1,0,0,393,144,0,249
1990,"NASH",37127,128,47,3,0,78,13,6,3,0,4,115,41,0,74
1991,"NASH",37127,182,64,3,2,113,22,10,3,2,7,160,54,0,106
1992,"NASH",37127,166,64,1,0,101,8,3,1,0,4,158,61,0,97
1993,"NASH",37127,173,64,2,2,105,8,3,2,2,1,165,61,0,104
1994,"NASH",37127,175,53,3,0,119,12,5,3,0,4,163,48,0,115
1995,"NASH",37127,180,54,0,0,126,9,5,0,0,4,171,49,0,122
1996,"NASH",37127,316,97,3,1,215,9,1,3,1,4,307,96,0,211
1997,"NASH",37127,400,103,1,0,296,11,7,1,0,3,389,96,0,293
1998,"NASH",37127,394,128,1,0,265,7,2,1,0,4,387,126,0,261
1999,"NASH",37127,363,102,2,0,259,12,3,1,0,8,351,99,1,251
2000,"NASH",37127,354,122,1,0,231,11,4,1,0,6,343,118,0,225
2001,"NASH",37127,502,211,0,0,291,5,3,0,0,2,497,208,0,289
2002,"NASH",37127,549,227,0,0,322,2,1,0,0,1,547,226,0,321
2003,"NASH",37127,556,243,0,3,310,6,2,0,3,1,550,241,0,309
1990,"NEW HANOVER",37129,183,133,5,0,45,36,23,5,0,8,147,110,0,37
1991,"NEW HANOVER",37129,237,156,14,0,67,44,19,13,0,12,193,137,1,55
1992,"NEW HANOVER",37129,208,133,8,0,67,32,18,6,0,8,176,115,2,59
1993,"NEW HANOVER",37129,163,103,6,0,54,30,17,6,0,7,133,86,0,47
1994,"NEW HANOVER",37129,138,90,4,0,44,21,10,4,0,7,117,80,0,37
1995,"NEW HANOVER",37129,192,118,4,0,70,27,18,3,0,6,165,100,1,64
1996,"NEW HANOVER",37129,298,185,7,0,106,30,16,6,0,8,268,169,1,98
1997,"NEW HANOVER",37129,342,206,6,0,130,32,14,6,0,12,310,192,0,118
1998,"NEW HANOVER",37129,340,205,5,0,130,19,8,5,0,6,321,197,0,124
1999,"NEW HANOVER",37129,382,251,5,0,126,20,10,5,0,5,362,241,0,121
2000,"NEW HANOVER",37129,392,232,4,0,156,14,5,3,0,6,378,227,1,150
2001,"NEW HANOVER",37129,560,334,5,0,221,17,9,5,0,3,543,325,0,218
2002,"NEW HANOVER",37129,723,399,6,0,318,18,12,4,0,2,705,387,2,316
2003,"NEW HANOVER",37129,772,409,3,0,360,4,2,2,0,0,768,407,1,360
1990,"NORTHAMPTON",37131,17,5,0,3,9,4,0,0,3,1,13,5,0,8
1991,"NORTHAMPTON",37131,39,19,1,0,19,4,3,1,0,0,35,16,0,19
1992,"NORTHAMPTON",37131,41,14,0,1,26,1,0,0,1,0,40,14,0,26
1993,"NORTHAMPTON",37131,31,11,1,0,19,1,0,1,0,0,30,11,0,19
1994,"NORTHAMPTON",37131,39,7,0,0,32,1,0,0,0,1,38,7,0,31
1995,"NORTHAMPTON",37131,51,18,1,0,32,3,1,1,0,1,48,17,0,31
1996,"NORTHAMPTON",37131,61,14,0,1,46,3,0,0,1,2,58,14,0,44
1997,"NORTHAMPTON",37131,77,16,0,0,61,0,0,0,0,0,77,16,0,61
1998,"NORTHAMPTON",37131,69,17,0,0,52,3,1,0,0,2,66,16,0,50
1999,"NORTHAMPTON",37131,59,12,0,0,47,0,0,0,0,0,59,12,0,47
2000,"NORTHAMPTON",37131,97,19,0,0,78,1,0,0,0,1,96,19,0,77
2001,"NORTHAMPTON",37131,92,23,0,2,67,2,0,0,2,0,90,23,0,67
2002,"NORTHAMPTON",37131,100,33,0,0,67,1,0,0,0,1,99,33,0,66
2003,"NORTHAMPTON",37131,111,34,0,1,76,1,0,0,1,0,110,34,0,76
1990,"ONSLOW",37133,403,219,7,0,177,24,9,7,0,8,379,210,0,169
1991,"ONSLOW",37133,462,191,6,0,265,32,12,6,0,14,430,179,0,251
1992,"ONSLOW",37133,443,173,2,0,268,17,7,2,0,8,426,166,0,260
1993,"ONSLOW",37133,362,134,1,0,227,23,10,1,0,12,339,124,0,215
1994,"ONSLOW",37133,394,146,1,0,247,24,13,1,0,10,370,133,0,237
1995,"ONSLOW",37133,494,167,4,0,323,35,7,4,0,24,459,160,0,299
1996,"ONSLOW",37133,634,276,2,0,356,26,7,1,0,18,608,269,1,338
1997,"ONSLOW",37133,606,225,2,0,379,20,8,2,0,10,586,217,0,369
1998,"ONSLOW",37133,649,254,0,0,395,13,6,0,0,7,636,248,0,388
1999,"ONSLOW",37133,600,243,1,0,356,9,3,1,0,5,591,240,0,351
2000,"ONSLOW",37133,622,266,1,0,355,11,4,1,0,6,611,262,0,349
2001,"ONSLOW",37133,699,288,5,0,406,7,2,4,0,1,692,286,1,405
2002,"ONSLOW",37133,803,345,0,0,458,0,0,0,0,0,803,345,0,458
2003,"ONSLOW",37133,746,299,2,0,445,4,2,2,0,0,742,297,0,445
1990,"ORANGE",37135,146,37,6,0,103,17,8,6,0,3,129,29,0,100
1991,"ORANGE",37135,181,44,1,0,136,13,7,1,0,5,168,37,0,131
1992,"ORANGE",37135,188,59,1,0,128,17,9,1,0,7,171,50,0,121
1993,"ORANGE",37135,170,53,4,0,113,17,9,4,0,4,153,44,0,109
1994,"ORANGE",37135,169,36,3,0,130,11,7,3,0,1,158,29,0,129
1995,"ORANGE",37135,171,35,1,0,135,7,5,1,0,1,164,30,0,134
1996,"ORANGE",37135,278,62,2,0,214,10,6,2,0,2,268,56,0,212
1997,"ORANGE",37135,301,70,1,0,230,14,13,1,0,0,287,57,0,230
1998,"ORANGE",37135,324,89,1,0,234,8,6,1,0,1,316,83,0,233
1999,"ORANGE",37135,287,93,0,0,194,7,7,0,0,0,280,86,0,194
2000,"ORANGE",37135,299,79,0,0,220,3,2,0,0,1,296,77,0,219
2001,"ORANGE",37135,357,134,0,0,223,9,6,0,0,3,348,128,0,220
2002,"ORANGE",37135,365,142,1,0,222,12,10,1,0,1,353,132,0,221
2003,"ORANGE",37135,394,153,0,0,241,9,7,0,0,2,385,146,0,239
1990,"PAMLICO",37137,12,3,0,0,9,1,0,0,0,1,11,3,0,8
1991,"PAMLICO",37137,21,5,2,0,14,4,0,2,0,2,17,5,0,12
1992,"PAMLICO",37137,16,4,0,0,12,1,1,0,0,0,15,3,0,12
1993,"PAMLICO",37137,21,8,0,0,13,4,3,0,0,1,17,5,0,12
1994,"PAMLICO",37137,25,15,0,0,10,5,2,0,0,3,20,13,0,7
1995,"PAMLICO",37137,15,6,0,0,9,2,0,0,0,2,13,6,0,7
1996,"PAMLICO",37137,18,5,0,0,13,4,0,0,0,4,14,5,0,9
1997,"PAMLICO",37137,40,18,1,0,21,1,0,1,0,0,39,18,0,21
1998,"PAMLICO",37137,28,11,0,0,17,2,0,0,0,2,26,11,0,15
1999,"PAMLICO",37137,23,11,0,0,12,0,0,0,0,0,23,11,0,12
2000,"PAMLICO",37137,29,15,0,0,14,0,0,0,0,0,29,15,0,14
2001,"PAMLICO",37137,50,20,0,0,30,0,0,0,0,0,50,20,0,30
2002,"PAMLICO",37137,35,18,0,0,17,0,0,0,0,0,35,18,0,17
2003,"PAMLICO",37137,51,24,0,0,27,0,0,0,0,0,51,24,0,27
1990,"PASQUOTANK",37139,60,52,1,1,6,9,7,1,1,0,51,45,0,6
1991,"PASQUOTANK",37139,53,44,0,0,9,6,5,0,0,1,47,39,0,8
1992,"PASQUOTANK",37139,51,41,1,0,9,4,3,1,0,0,47,38,0,9
1993,"PASQUOTANK",37139,42,31,2,1,8,6,3,2,1,0,36,28,0,8
1994,"PASQUOTANK",37139,45,31,0,0,14,2,1,0,0,1,43,30,0,13
1995,"PASQUOTANK",37139,45,30,1,0,14,8,3,1,0,4,37,27,0,10
1996,"PASQUOTANK",37139,66,52,0,0,14,6,5,0,0,1,60,47,0,13
1997,"PASQUOTANK",37139,83,68,0,0,15,0,0,0,0,0,83,68,0,15
1998,"PASQUOTANK",37139,64,50,0,0,14,2,1,0,0,1,62,49,0,13
1999,"PASQUOTANK",37139,96,87,1,0,8,4,3,1,0,0,92,84,0,8
2000,"PASQUOTANK",37139,70,57,0,0,13,2,2,0,0,0,68,55,0,13
2001,"PASQUOTANK",37139,88,68,0,0,20,0,0,0,0,0,88,68,0,20
2002,"PASQUOTANK",37139,83,70,0,0,13,1,1,0,0,0,82,69,0,13
2003,"PASQUOTANK",37139,98,75,0,0,23,0,0,0,0,0,98,75,0,23
1990,"PENDER",37141,28,17,3,2,6,9,3,3,2,1,19,14,0,5
1991,"PENDER",37141,45,24,3,0,18,7,1,2,0,4,38,23,1,14
1992,"PENDER",37141,45,32,0,1,12,3,1,0,1,1,42,31,0,11
1993,"PENDER",37141,41,21,1,0,19,8,2,1,0,5,33,19,0,14
1994,"PENDER",37141,30,15,2,0,13,3,2,1,0,0,27,13,1,13
1995,"PENDER",37141,40,16,0,0,24,7,4,0,0,3,33,12,0,21
1996,"PENDER",37141,69,30,0,1,38,7,3,0,1,3,62,27,0,35
1997,"PENDER",37141,76,27,0,0,49,6,2,0,0,4,70,25,0,45
1998,"PENDER",37141,87,31,0,0,56,5,2,0,0,3,82,29,0,53
1999,"PENDER",37141,127,57,0,1,69,6,4,0,1,1,121,53,0,68
2000,"PENDER",37141,137,63,0,0,74,8,4,0,0,4,129,59,0,70
2001,"PENDER",37141,177,78,0,0,99,2,0,0,0,2,175,78,0,97
2002,"PENDER",37141,261,98,1,0,162,3,1,1,0,1,258,97,0,161
2003,"PENDER",37141,269,90,0,0,179,0,0,0,0,0,269,90,0,179
1990,"PERQUIMANS",37143,20,19,0,0,1,2,2,0,0,0,18,17,0,1
1991,"PERQUIMANS",37143,20,16,0,0,4,2,2,0,0,0,18,14,0,4
1992,"PERQUIMANS",37143,10,8,0,0,2,1,0,0,0,1,9,8,0,1
1993,"PERQUIMANS",37143,9,6,0,0,3,0,0,0,0,0,9,6,0,3
1994,"PERQUIMANS",37143,12,9,0,0,3,1,0,0,0,1,11,9,0,2
1995,"PERQUIMANS",37143,18,9,0,0,9,3,2,0,0,1,15,7,0,8
1996,"PERQUIMANS",37143,13,10,0,0,3,2,1,0,0,1,11,9,0,2
1997,"PERQUIMANS",37143,27,23,0,0,4,1,1,0,0,0,26,22,0,4
1998,"PERQUIMANS",37143,30,23,0,0,7,2,2,0,0,0,28,21,0,7
1999,"PERQUIMANS",37143,20,16,0,1,3,1,0,0,1,0,19,16,0,3
2000,"PERQUIMANS",37143,17,10,0,0,7,0,0,0,0,0,17,10,0,7
2001,"PERQUIMANS",37143,25,20,0,0,5,0,0,0,0,0,25,20,0,5
2002,"PERQUIMANS",37143,27,21,0,0,6,0,0,0,0,0,27,21,0,6
2003,"PERQUIMANS",37143,34,28,0,0,6,0,0,0,0,0,34,28,0,6
1990,"PERSON",37145,46,6,0,0,40,3,2,0,0,1,43,4,0,39
1991,"PERSON",37145,91,17,1,1,72,5,3,1,1,0,86,14,0,72
1992,"PERSON",37145,80,7,1,0,72,3,1,1,0,1,77,6,0,71
1993,"PERSON",37145,79,11,0,0,68,1,1,0,0,0,78,10,0,68
1994,"PERSON",37145,67,5,0,0,62,0,0,0,0,0,67,5,0,62
1995,"PERSON",37145,95,12,0,0,83,5,5,0,0,0,90,7,0,83
1996,"PERSON",37145,180,12,0,0,168,3,2,0,0,1,177,10,0,167
1997,"PERSON",37145,177,20,0,0,157,3,2,0,0,1,174,18,0,156
1998,"PERSON",37145,218,24,0,0,194,0,0,0,0,0,218,24,0,194
1999,"PERSON",37145,184,29,0,0,155,0,0,0,0,0,184,29,0,155
2000,"PERSON",37145,236,37,0,1,198,2,1,0,1,0,234,36,0,198
2001,"PERSON",37145,292,73,0,0,219,2,0,0,0,2,290,73,0,217
2002,"PERSON",37145,323,89,1,0,233,5,3,1,0,1,318,86,0,232
2003,"PERSON",37145,318,101,0,0,217,2,1,0,0,1,316,100,0,216
1990,"PITT",37147,181,77,7,0,97,29,11,7,0,11,152,66,0,86
1991,"PITT",37147,248,101,9,1,137,33,11,9,1,12,215,90,0,125
1992,"PITT",37147,213,97,7,0,109,24,12,7,0,5,189,85,0,104
1993,"PITT",37147,170,84,1,2,83,13,8,1,2,2,157,76,0,81
1994,"PITT",37147,182,73,2,1,106,22,9,2,1,10,160,64,0,96
1995,"PITT",37147,266,98,4,1,163,22,7,4,1,10,244,91,0,153
1996,"PITT",37147,329,109,4,0,216,20,10,4,0,6,309,99,0,210
1997,"PITT",37147,364,155,3,0,206,14,9,3,0,2,350,146,0,204
1998,"PITT",37147,437,186,2,0,249,14,5,2,0,7,423,181,0,242
1999,"PITT",37147,394,150,1,0,243,10,5,1,0,4,384,145,0,239
2000,"PITT",37147,399,165,0,1,233,13,4,0,1,8,386,161,0,225
2001,"PITT",37147,624,234,3,0,387,16,4,3,0,9,608,230,0,378
2002,"PITT",37147,624,281,4,1,338,9,2,3,1,3,615,279,1,335
2003,"PITT",37147,637,255,2,0,380,7,4,2,0,1,630,251,0,379
1990,"POLK",37149,8,2,0,0,6,0,0,0,0,0,8,2,0,6
1991,"POLK",37149,25,11,0,0,14,0,0,0,0,0,25,11,0,14
1992,"POLK",37149,13,6,0,0,7,0,0,0,0,0,13,6,0,7
1993,"POLK",37149,10,7,0,0,3,0,0,0,0,0,10,7,0,3
1994,"POLK",37149,10,6,0,0,4,0,0,0,0,0,10,6,0,4
1995,"POLK",37149,10,4,0,0,6,0,0,0,0,0,10,4,0,6
1996,"POLK",37149,29,12,0,0,17,0,0,0,0,0,29,12,0,17
1997,"POLK",37149,28,17,0,1,10,1,0,0,1,0,27,17,0,10
1998,"POLK",37149,23,15,0,0,8,0,0,0,0,0,23,15,0,8
1999,"POLK",37149,33,18,0,0,15,0,0,0,0,0,33,18,0,15
2000,"POLK",37149,30,18,0,0,12,0,0,0,0,0,30,18,0,12
2001,"POLK",37149,28,15,0,0,13,0,0,0,0,0,28,15,0,13
2002,"POLK",37149,30,17,0,0,13,0,0,0,0,0,30,17,0,13
2003,"POLK",37149,48,22,1,0,25,1,0,1,0,0,47,22,0,25
1990,"RANDOLPH",37151,215,48,0,0,167,11,6,0,0,5,204,42,0,162
1991,"RANDOLPH",37151,304,70,1,0,233,18,10,1,0,7,286,60,0,226
1992,"RANDOLPH",37151,225,82,0,0,143,17,10,0,0,7,208,72,0,136
1993,"RANDOLPH",37151,195,55,0,0,140,4,1,0,0,3,191,54,0,137
1994,"RANDOLPH",37151,229,55,0,0,174,10,6,0,0,4,219,49,0,170
1995,"RANDOLPH",37151,245,68,0,0,177,7,6,0,0,1,238,62,0,176
1996,"RANDOLPH",37151,395,123,1,0,271,7,6,1,0,0,388,117,0,271
1997,"RANDOLPH",37151,480,182,1,2,295,14,9,1,2,2,466,173,0,293
1998,"RANDOLPH",37151,573,242,0,0,331,5,5,0,0,0,568,237,0,331
1999,"RANDOLPH",37151,495,228,1,0,266,9,8,1,0,0,486,220,0,266
2000,"RANDOLPH",37151,510,257,1,1,251,10,8,1,1,0,500,249,0,251
2001,"RANDOLPH",37151,606,293,1,0,312,16,11,1,0,4,590,282,0,308
2002,"RANDOLPH",37151,658,387,2,0,269,17,12,2,0,3,641,375,0,266
2003,"RANDOLPH",37151,740,431,1,0,308,7,4,1,0,2,733,427,0,306
1990,"RICHMOND",37153,119,5,2,0,112,7,0,2,0,5,112,5,0,107
1991,"RICHMOND",37153,126,13,1,0,112,1,0,1,0,0,125,13,0,112
1992,"RICHMOND",37153,80,20,0,0,60,4,4,0,0,0,76,16,0,60
1993,"RICHMOND",37153,61,10,1,0,50,4,2,1,0,1,57,8,0,49
1994,"RICHMOND",37153,94,7,1,0,86,3,2,1,0,0,91,5,0,86
1995,"RICHMOND",37153,110,6,0,0,104,1,1,0,0,0,109,5,0,104
1996,"RICHMOND",37153,152,11,0,0,141,0,0,0,0,0,152,11,0,141
1997,"RICHMOND",37153,150,14,0,0,136,2,2,0,0,0,148,12,0,136
1998,"RICHMOND",37153,187,25,0,0,162,0,0,0,0,0,187,25,0,162
1999,"RICHMOND",37153,160,24,0,0,136,2,2,0,0,0,158,22,0,136
2000,"RICHMOND",37153,180,32,0,0,148,1,1,0,0,0,179,31,0,148
2001,"RICHMOND",37153,237,62,2,0,173,4,2,2,0,0,233,60,0,173
2002,"RICHMOND",37153,208,63,0,0,145,1,0,0,0,1,207,63,0,144
2003,"RICHMOND",37153,192,72,0,0,120,3,3,0,0,0,189,69,0,120
1990,"ROBESON",37155,133,39,0,3,91,17,4,0,3,10,116,35,0,81
1991,"ROBESON",37155,159,38,1,1,119,14,2,1,1,10,145,36,0,109
1992,"ROBESON",37155,154,38,4,0,112,20,7,4,0,9,134,31,0,103
1993,"ROBESON",37155,141,26,0,1,114,12,6,0,1,5,129,20,0,109
1994,"ROBESON",37155,177,26,2,1,148,13,4,2,1,6,164,22,0,142
1995,"ROBESON",37155,242,48,2,1,191,16,5,2,1,8,226,43,0,183
1996,"ROBESON",37155,307,67,2,0,238,15,6,2,0,7,292,61,0,231
1997,"ROBESON",37155,360,86,1,0,273,17,5,1,0,11,343,81,0,262
1998,"ROBESON",37155,376,86,2,0,288,12,5,2,0,5,364,81,0,283
1999,"ROBESON",37155,368,87,4,0,277,10,2,4,0,4,358,85,0,273
2000,"ROBESON",37155,495,102,0,0,393,8,2,0,0,6,487,100,0,387
2001,"ROBESON",37155,525,116,0,0,409,3,3,0,0,0,522,113,0,409
2002,"ROBESON",37155,550,118,0,0,432,4,4,0,0,0,546,114,0,432
2003,"ROBESON",37155,533,147,0,1,385,4,3,0,1,0,529,144,0,385
1990,"ROCKINGHAM",37157,183,48,1,1,133,10,4,1,1,4,173,44,0,129
1991,"ROCKINGHAM",37157,234,74,2,0,158,16,12,2,0,2,218,62,0,156
1992,"ROCKINGHAM",37157,193,80,1,1,111,9,7,1,1,0,184,73,0,111
1993,"ROCKINGHAM",37157,150,48,0,0,102,7,5,0,0,2,143,43,0,100
1994,"ROCKINGHAM",37157,159,56,0,0,103,2,1,0,0,1,157,55,0,102
1995,"ROCKINGHAM",37157,189,68,0,0,121,7,7,0,0,0,182,61,0,121
1996,"ROCKINGHAM",37157,273,115,0,0,158,9,9,0,0,0,264,106,0,158
1997,"ROCKINGHAM",37157,319,146,1,0,172,16,15,1,0,0,303,131,0,172
1998,"ROCKINGHAM",37157,356,176,0,0,180,2,2,0,0,0,354,174,0,180
1999,"ROCKINGHAM",37157,373,167,1,1,204,8,6,1,1,0,365,161,0,204
2000,"ROCKINGHAM",37157,415,209,2,0,204,5,2,2,0,1,410,207,0,203
2001,"ROCKINGHAM",37157,424,236,1,0,187,6,4,1,0,1,418,232,0,186
2002,"ROCKINGHAM",37157,470,260,1,0,209,10,8,1,0,1,460,252,0,208
2003,"ROCKINGHAM",37157,465,287,1,0,177,10,8,1,0,1,455,279,0,176
1990,"ROWAN",37159,169,56,3,2,108,17,9,3,2,3,152,47,0,105
1991,"ROWAN",37159,245,97,4,0,144,20,13,4,0,3,225,84,0,141
1992,"ROWAN",37159,174,70,1,0,103,11,9,1,0,1,163,61,0,102
1993,"ROWAN",37159,145,71,0,0,74,9,9,0,0,0,136,62,0,74
1994,"ROWAN",37159,160,76,2,0,82,6,2,2,0,2,154,74,0,80
1995,"ROWAN",37159,168,79,2,0,87,7,5,2,0,0,161,74,0,87
1996,"ROWAN",37159,307,134,0,0,173,2,2,0,0,0,305,132,0,173
1997,"ROWAN",37159,358,170,1,0,187,4,3,1,0,0,354,167,0,187
1998,"ROWAN",37159,330,144,2,0,184,4,2,2,0,0,326,142,0,184
1999,"ROWAN",37159,335,160,1,0,174,3,2,1,0,0,332,158,0,174
2000,"ROWAN",37159,408,190,0,0,218,2,2,0,0,0,406,188,0,218
2001,"ROWAN",37159,463,246,0,0,217,5,5,0,0,0,458,241,0,217
2002,"ROWAN",37159,551,274,1,0,276,6,5,1,0,0,545,269,0,276
2003,"ROWAN",37159,585,314,1,0,270,6,5,1,0,0,579,309,0,270
1990,"RUTHERFORD",37161,61,6,2,0,53,4,1,2,0,1,57,5,0,52
1991,"RUTHERFORD",37161,110,23,1,0,86,2,1,1,0,0,108,22,0,86
1992,"RUTHERFORD",37161,102,32,2,0,68,2,0,2,0,0,100,32,0,68
1993,"RUTHERFORD",37161,65,24,1,0,40,1,0,1,0,0,64,24,0,40
1994,"RUTHERFORD",37161,44,17,1,0,26,1,0,1,0,0,43,17,0,26
1995,"RUTHERFORD",37161,73,15,0,0,58,0,0,0,0,0,73,15,0,58
1996,"RUTHERFORD",37161,101,28,2,0,71,2,0,2,0,0,99,28,0,71
1997,"RUTHERFORD",37161,134,52,0,0,82,0,0,0,0,0,134,52,0,82
1998,"RUTHERFORD",37161,130,48,0,0,82,0,0,0,0,0,130,48,0,82
1999,"RUTHERFORD",37161,183,64,2,0,117,1,0,1,0,0,182,64,1,117
2000,"RUTHERFORD",37161,138,38,0,0,100,1,1,0,0,0,137,37,0,100
2001,"RUTHERFORD",37161,173,64,0,0,109,1,0,0,0,1,172,64,0,108
2002,"RUTHERFORD",37161,178,69,4,0,105,3,0,3,0,0,175,69,1,105
2003,"RUTHERFORD",37161,214,76,2,0,136,2,0,2,0,0,212,76,0,136
1990,"SAMPSON",37163,53,24,1,0,28,9,5,1,0,3,44,19,0,25
1991,"SAMPSON",37163,83,38,2,2,41,13,8,1,2,2,70,30,1,39
1992,"SAMPSON",37163,96,37,1,2,56,12,3,1,2,6,84,34,0,50
1993,"SAMPSON",37163,82,34,2,0,46,10,5,2,0,3,72,29,0,43
1994,"SAMPSON",37163,93,33,2,3,55,7,1,2,3,1,86,32,0,54
1995,"SAMPSON",37163,121,51,2,0,68,6,1,2,0,3,115,50,0,65
1996,"SAMPSON",37163,175,64,3,1,107,7,1,3,1,2,168,63,0,105
1997,"SAMPSON",37163,215,87,2,0,126,10,3,1,0,6,205,84,1,120
1998,"SAMPSON",37163,204,65,1,0,138,13,5,1,0,7,191,60,0,131
1999,"SAMPSON",37163,214,75,1,0,138,7,4,1,0,2,207,71,0,136
2000,"SAMPSON",37163,248,102,1,0,145,5,2,1,0,2,243,100,0,143
2001,"SAMPSON",37163,287,106,1,1,179,6,2,1,1,2,281,104,0,177
2002,"SAMPSON",37163,288,116,0,0,172,4,2,0,0,2,284,114,0,170
2003,"SAMPSON",37163,335,133,0,0,202,2,2,0,0,0,333,131,0,202
1990,"SCOTLAND",37165,109,16,3,0,90,7,1,3,0,3,102,15,0,87
1991,"SCOTLAND",37165,112,10,0,0,102,4,0,0,0,4,108,10,0,98
1992,"SCOTLAND",37165,94,11,0,0,83,3,2,0,0,1,91,9,0,82
1993,"SCOTLAND",37165,77,7,0,0,70,3,1,0,0,2,74,6,0,68
1994,"SCOTLAND",37165,102,6,0,0,96,2,0,0,0,2,100,6,0,94
1995,"SCOTLAND",37165,102,7,4,0,91,6,2,4,0,0,96,5,0,91
1996,"SCOTLAND",37165,125,8,1,1,115,3,1,1,1,0,122,7,0,115
1997,"SCOTLAND",37165,148,13,0,0,135,4,2,0,0,2,144,11,0,133
1998,"SCOTLAND",37165,144,17,1,0,126,1,0,1,0,0,143,17,0,126
1999,"SCOTLAND",37165,182,30,3,0,149,4,0,3,0,1,178,30,0,148
2000,"SCOTLAND",37165,192,39,0,0,153,0,0,0,0,0,192,39,0,153
2001,"SCOTLAND",37165,182,31,0,0,151,1,1,0,0,0,181,30,0,151
2002,"SCOTLAND",37165,198,46,0,0,152,1,0,0,0,1,197,46,0,151
2003,"SCOTLAND",37165,221,66,0,0,155,4,3,0,0,1,217,63,0,154
1990,"STANLY",37167,74,29,1,0,44,10,5,1,0,4,64,24,0,40
1991,"STANLY",37167,102,31,1,1,69,8,4,1,1,2,94,27,0,67
1992,"STANLY",37167,85,32,1,1,51,6,3,1,1,1,79,29,0,50
1993,"STANLY",37167,68,34,2,0,32,7,3,2,0,2,61,31,0,30
1994,"STANLY",37167,54,30,0,0,24,1,1,0,0,0,53,29,0,24
1995,"STANLY",37167,75,30,1,0,44,3,2,1,0,0,72,28,0,44
1996,"STANLY",37167,94,36,0,0,58,1,1,0,0,0,93,35,0,58
1997,"STANLY",37167,114,44,3,0,67,5,2,3,0,0,109,42,0,67
1998,"STANLY",37167,93,43,0,0,50,0,0,0,0,0,93,43,0,50
1999,"STANLY",37167,151,66,2,0,83,2,0,2,0,0,149,66,0,83
2000,"STANLY",37167,164,64,0,0,100,1,1,0,0,0,163,63,0,100
2001,"STANLY",37167,174,74,0,0,100,1,1,0,0,0,173,73,0,100
2002,"STANLY",37167,170,83,0,0,87,0,0,0,0,0,170,83,0,87
2003,"STANLY",37167,198,110,0,0,88,1,1,0,0,0,197,109,0,88
1990,"STOKES",37169,46,20,0,0,26,6,4,0,0,2,40,16,0,24
1991,"STOKES",37169,88,35,0,0,53,8,5,0,0,3,80,30,0,50
1992,"STOKES",37169,58,35,1,0,22,4,3,1,0,0,54,32,0,22
1993,"STOKES",37169,52,23,1,1,27,5,3,1,1,0,47,20,0,27
1994,"STOKES",37169,69,31,0,0,38,2,2,0,0,0,67,29,0,38
1995,"STOKES",37169,84,46,0,0,38,2,2,0,0,0,82,44,0,38
1996,"STOKES",37169,125,65,0,1,59,1,0,0,1,0,124,65,0,59
1997,"STOKES",37169,160,75,0,0,85,0,0,0,0,0,160,75,0,85
1998,"STOKES",37169,143,65,0,0,78,0,0,0,0,0,143,65,0,78
1999,"STOKES",37169,135,56,0,0,79,4,4,0,0,0,131,52,0,79
2000,"STOKES",37169,147,56,0,0,91,0,0,0,0,0,147,56,0,91
2001,"STOKES",37169,188,95,1,0,92,2,1,1,0,0,186,94,0,92
2002,"STOKES",37169,233,107,0,0,126,2,2,0,0,0,231,105,0,126
2003,"STOKES",37169,249,137,0,0,112,2,2,0,0,0,247,135,0,112
1990,"SURRY",37171,85,25,7,0,53,12,3,7,0,2,73,22,0,51
1991,"SURRY",37171,104,38,7,0,59,11,2,7,0,2,93,36,0,57
1992,"SURRY",37171,93,44,5,0,44,13,6,5,0,2,80,38,0,42
1993,"SURRY",37171,69,29,1,0,39,4,3,1,0,0,65,26,0,39
1994,"SURRY",37171,88,31,2,0,55,3,1,2,0,0,85,30,0,55
1995,"SURRY",37171,110,41,0,0,69,1,1,0,0,0,109,40,0,69
1996,"SURRY",37171,176,70,2,0,104,5,3,2,0,0,171,67,0,104
1997,"SURRY",37171,191,77,2,0,112,4,2,2,0,0,187,75,0,112
1998,"SURRY",37171,200,89,0,0,111,0,0,0,0,0,200,89,0,111
1999,"SURRY",37171,186,61,0,0,125,1,1,0,0,0,185,60,0,125
2000,"SURRY",37171,229,97,0,0,132,1,1,0,0,0,228,96,0,132
2001,"SURRY",37171,220,119,0,0,101,5,5,0,0,0,215,114,0,101
2002,"SURRY",37171,278,151,2,0,125,10,6,2,0,2,268,145,0,123
2003,"SURRY",37171,246,141,2,0,103,2,0,2,0,0,244,141,0,103
1990,"SWAIN",37173,11,6,2,0,3,2,0,2,0,0,9,6,0,3
1991,"SWAIN",37173,13,7,0,0,6,0,0,0,0,0,13,7,0,6
1992,"SWAIN",37173,11,6,1,0,4,1,0,1,0,0,10,6,0,4
1993,"SWAIN",37173,8,7,1,0,0,2,1,1,0,0,6,6,0,0
1994,"SWAIN",37173,13,7,0,0,6,0,0,0,0,0,13,7,0,6
1995,"SWAIN",37173,11,5,0,0,6,0,0,0,0,0,11,5,0,6
1996,"SWAIN",37173,13,7,0,0,6,0,0,0,0,0,13,7,0,6
1997,"SWAIN",37173,12,4,0,0,8,0,0,0,0,0,12,4,0,8
1998,"SWAIN",37173,24,13,0,0,11,0,0,0,0,0,24,13,0,11
1999,"SWAIN",37173,16,9,0,0,7,1,0,0,0,1,15,9,0,6
2000,"SWAIN",37173,16,7,0,0,9,0,0,0,0,0,16,7,0,9
2001,"SWAIN",37173,16,15,0,0,1,0,0,0,0,0,16,15,0,1
2002,"SWAIN",37173,16,8,0,0,8,0,0,0,0,0,16,8,0,8
2003,"SWAIN",37173,28,23,1,0,4,0,0,0,0,0,28,23,1,4
1990,"TRANSYLVANIA",37175,22,9,2,0,11,4,2,2,0,0,18,7,0,11
1991,"TRANSYLVANIA",37175,49,23,2,0,24,4,1,2,0,1,45,22,0,23
1992,"TRANSYLVANIA",37175,57,27,3,2,25,5,0,3,2,0,52,27,0,25
1993,"TRANSYLVANIA",37175,37,15,0,0,22,1,1,0,0,0,36,14,0,22
1994,"TRANSYLVANIA",37175,26,14,0,0,12,0,0,0,0,0,26,14,0,12
1995,"TRANSYLVANIA",37175,26,11,0,0,15,0,0,0,0,0,26,11,0,15
1996,"TRANSYLVANIA",37175,50,34,0,0,16,0,0,0,0,0,50,34,0,16
1997,"TRANSYLVANIA",37175,52,32,0,0,20,0,0,0,0,0,52,32,0,20
1998,"TRANSYLVANIA",37175,64,44,1,0,19,1,0,1,0,0,63,44,0,19
1999,"TRANSYLVANIA",37175,62,32,1,1,28,2,0,1,1,0,60,32,0,28
2000,"TRANSYLVANIA",37175,61,45,0,0,16,1,1,0,0,0,60,44,0,16
2001,"TRANSYLVANIA",37175,65,43,0,0,22,1,1,0,0,0,64,42,0,22
2002,"TRANSYLVANIA",37175,60,41,3,0,16,2,0,2,0,0,58,41,1,16
2003,"TRANSYLVANIA",37175,82,65,3,0,14,3,0,3,0,0,79,65,0,14
1990,"TYRRELL",37177,5,3,0,2,0,2,0,0,2,0,3,3,0,0
1991,"TYRRELL",37177,5,5,0,0,0,0,0,0,0,0,5,5,0,0
1992,"TYRRELL",37177,4,4,0,0,0,2,2,0,0,0,2,2,0,0
1993,"TYRRELL",37177,2,2,0,0,0,0,0,0,0,0,2,2,0,0
1994,"TYRRELL",37177,2,1,0,0,1,0,0,0,0,0,2,1,0,1
1995,"TYRRELL",37177,2,1,0,0,1,0,0,0,0,0,2,1,0,1
1996,"TYRRELL",37177,5,0,0,1,4,2,0,0,1,1,3,0,0,3
1997,"TYRRELL",37177,13,7,0,3,3,3,0,0,3,0,10,7,0,3
1998,"TYRRELL",37177,7,6,0,0,1,2,2,0,0,0,5,4,0,1
1999,"TYRRELL",37177,10,8,0,0,2,0,0,0,0,0,10,8,0,2
2000,"TYRRELL",37177,4,2,0,0,2,0,0,0,0,0,4,2,0,2
2001,"TYRRELL",37177,5,2,0,0,3,0,0,0,0,0,5,2,0,3
2002,"TYRRELL",37177,5,3,0,0,2,0,0,0,0,0,5,3,0,2
2003,"TYRRELL",37177,5,3,0,0,2,0,0,0,0,0,5,3,0,2
1990,"UNION",37179,244,38,7,1,198,20,3,7,1,9,224,35,0,189
1991,"UNION",37179,269,40,6,2,221,13,3,6,2,2,256,37,0,219
1992,"UNION",37179,218,43,5,2,168,10,3,5,2,0,208,40,0,168
1993,"UNION",37179,188,57,6,0,125,7,3,4,0,0,181,54,2,125
1994,"UNION",37179,161,43,3,0,115,6,3,3,0,0,155,40,0,115
1995,"UNION",37179,203,76,2,0,125,5,3,2,0,0,198,73,0,125
1996,"UNION",37179,230,59,1,0,170,3,2,1,0,0,227,57,0,170
1997,"UNION",37179,294,95,0,0,199,2,2,0,0,0,292,93,0,199
1998,"UNION",37179,313,100,2,1,210,5,3,1,1,0,308,97,1,210
1999,"UNION",37179,310,125,1,0,184,4,3,1,0,0,306,122,0,184
2000,"UNION",37179,273,97,0,0,176,2,2,0,0,0,271,95,0,176
2001,"UNION",37179,466,209,3,0,254,8,6,2,0,0,458,203,1,254
2002,"UNION",37179,545,239,0,0,306,3,3,0,0,0,542,236,0,306
2003,"UNION",37179,626,313,0,0,313,2,2,0,0,0,624,311,0,313
1990,"VANCE",37181,107,24,0,0,83,2,0,0,0,2,105,24,0,81
1991,"VANCE",37181,143,22,1,0,120,7,2,1,0,4,136,20,0,116
1992,"VANCE",37181,146,23,1,0,122,9,3,1,0,5,137,20,0,117
1993,"VANCE",37181,194,32,1,0,161,11,5,1,0,5,183,27,0,156
1994,"VANCE",37181,185,16,0,0,169,6,2,0,0,4,179,14,0,165
1995,"VANCE",37181,210,13,0,0,197,2,2,0,0,0,208,11,0,197
1996,"VANCE",37181,274,23,0,0,251,3,1,0,0,2,271,22,0,249
1997,"VANCE",37181,292,26,1,0,265,7,2,1,0,4,285,24,0,261
1998,"VANCE",37181,291,23,0,0,268,3,2,0,0,1,288,21,0,267
1999,"VANCE",37181,291,22,0,0,269,6,2,0,0,4,285,20,0,265
2000,"VANCE",37181,330,32,0,0,298,0,0,0,0,0,330,32,0,298
2001,"VANCE",37181,396,44,0,0,352,5,1,0,0,4,391,43,0,348
2002,"VANCE",37181,494,60,0,0,434,5,2,0,0,3,489,58,0,431
2003,"VANCE",37181,482,49,1,0,432,5,0,1,0,4,477,49,0,428
1990,"WAKE",37183,912,557,28,1,326,137,73,24,1,39,775,484,4,287
1991,"WAKE",37183,1164,716,26,1,421,142,76,25,1,40,1022,640,1,381
1992,"WAKE",37183,1220,741,27,1,451,146,93,24,1,28,1074,648,3,423
1993,"WAKE",37183,1249,642,25,0,582,144,81,25,0,38,1105,561,0,544
1994,"WAKE",37183,1065,466,25,0,574,135,63,24,0,48,930,403,1,526
1995,"WAKE",37183,1169,527,8,0,634,97,60,8,0,29,1072,467,0,605
1996,"WAKE",37183,1473,678,11,1,783,77,42,11,1,23,1396,636,0,760
1997,"WAKE",37183,1761,883,12,0,866,86,57,11,0,18,1675,826,1,848
1998,"WAKE",37183,1813,1041,11,1,760,72,56,11,1,4,1741,985,0,756
1999,"WAKE",37183,1688,918,10,0,760,53,37,10,0,6,1635,881,0,754
2000,"WAKE",37183,1806,1004,29,0,773,63,32,28,0,3,1743,972,1,770
2001,"WAKE",37183,2426,1508,28,0,890,85,48,28,0,9,2341,1460,0,881
2002,"WAKE",37183,2721,1789,35,0,897,94,57,33,0,4,2627,1732,2,893
2003,"WAKE",37183,3144,2171,36,0,937,84,51,32,0,1,3060,2120,4,936
1990,"WARREN",37185,30,11,0,0,19,5,2,0,0,3,25,9,0,16
1991,"WARREN",37185,36,10,4,0,22,6,2,3,0,1,30,8,1,21
1992,"WARREN",37185,46,14,0,0,32,2,0,0,0,2,44,14,0,30
1993,"WARREN",37185,32,2,0,0,30,2,0,0,0,2,30,2,0,28
1994,"WARREN",37185,50,6,0,0,44,0,0,0,0,0,50,6,0,44
1995,"WARREN",37185,75,7,1,0,67,2,0,1,0,1,73,7,0,66
1996,"WARREN",37185,83,12,0,0,71,1,1,0,0,0,82,11,0,71
1997,"WARREN",37185,99,13,0,0,86,2,1,0,0,1,97,12,0,85
1998,"WARREN",37185,102,9,0,0,93,0,0,0,0,0,102,9,0,93
1999,"WARREN",37185,93,11,0,0,82,0,0,0,0,0,93,11,0,82
2000,"WARREN",37185,96,8,0,0,88,1,0,0,0,1,95,8,0,87
2001,"WARREN",37185,94,16,0,0,78,1,0,0,0,1,93,16,0,77
2002,"WARREN",37185,135,27,0,0,108,1,0,0,0,1,134,27,0,107
2003,"WARREN",37185,163,27,0,0,136,0,0,0,0,0,163,27,0,136
1990,"WASHINGTON",37187,17,13,0,0,4,1,1,0,0,0,16,12,0,4
1991,"WASHINGTON",37187,29,18,0,0,11,0,0,0,0,0,29,18,0,11
1992,"WASHINGTON",37187,17,7,0,1,9,3,1,0,1,1,14,6,0,8
1993,"WASHINGTON",37187,17,6,0,1,10,3,2,0,1,0,14,4,0,10
1994,"WASHINGTON",37187,24,14,0,0,10,5,5,0,0,0,19,9,0,10
1995,"WASHINGTON",37187,18,5,0,0,13,3,2,0,0,1,15,3,0,12
1996,"WASHINGTON",37187,43,10,0,0,33,2,1,0,0,1,41,9,0,32
1997,"WASHINGTON",37187,50,16,0,0,34,1,0,0,0,1,49,16,0,33
1998,"WASHINGTON",37187,36,14,0,0,22,1,1,0,0,0,35,13,0,22
1999,"WASHINGTON",37187,41,16,0,0,25,0,0,0,0,0,41,16,0,25
2000,"WASHINGTON",37187,47,13,0,0,34,1,0,0,0,1,46,13,0,33
2001,"WASHINGTON",37187,60,15,0,0,45,1,1,0,0,0,59,14,0,45
2002,"WASHINGTON",37187,62,22,0,0,40,0,0,0,0,0,62,22,0,40
2003,"WASHINGTON",37187,67,13,0,0,54,0,0,0,0,0,67,13,0,54
1990,"WATAUGA",37189,37,15,1,0,21,10,4,1,0,5,27,11,0,16
1991,"WATAUGA",37189,46,20,3,0,23,9,4,3,0,2,37,16,0,21
1992,"WATAUGA",37189,33,22,1,0,10,5,4,1,0,0,28,18,0,10
1993,"WATAUGA",37189,25,13,0,0,12,1,1,0,0,0,24,12,0,12
1994,"WATAUGA",37189,33,17,0,0,16,2,1,0,0,1,31,16,0,15
1995,"WATAUGA",37189,30,23,1,0,6,5,4,1,0,0,25,19,0,6
1996,"WATAUGA",37189,57,48,0,0,9,2,2,0,0,0,55,46,0,9
1997,"WATAUGA",37189,94,79,0,0,15,3,3,0,0,0,91,76,0,15
1998,"WATAUGA",37189,72,63,0,0,9,1,1,0,0,0,71,62,0,9
1999,"WATAUGA",37189,69,59,0,0,10,0,0,0,0,0,69,59,0,10
2000,"WATAUGA",37189,72,62,0,0,10,1,1,0,0,0,71,61,0,10
2001,"WATAUGA",37189,101,88,2,0,11,3,2,1,0,0,98,86,1,11
2002,"WATAUGA",37189,88,84,0,0,4,0,0,0,0,0,88,84,0,4
2003,"WATAUGA",37189,105,92,0,0,13,0,0,0,0,0,105,92,0,13
1990,"WAYNE",37191,180,92,2,0,86,10,3,1,0,6,170,89,1,80
1991,"WAYNE",37191,215,101,2,1,111,7,2,1,1,3,208,99,1,108
1992,"WAYNE",37191,254,133,3,1,117,18,8,3,1,6,236,125,0,111
1993,"WAYNE",37191,226,97,4,2,123,12,5,3,2,2,214,92,1,121
1994,"WAYNE",37191,235,93,4,1,137,6,1,3,1,1,229,92,1,136
1995,"WAYNE",37191,281,98,2,1,180,11,3,2,1,5,270,95,0,175
1996,"WAYNE",37191,381,148,3,0,230,14,5,3,0,6,367,143,0,224
1997,"WAYNE",37191,519,190,2,0,327,12,3,2,0,7,507,187,0,320
1998,"WAYNE",37191,535,194,0,3,338,11,4,0,3,4,524,190,0,334
1999,"WAYNE",37191,517,180,0,0,337,10,3,0,0,7,507,177,0,330
2000,"WAYNE",37191,553,191,4,0,358,12,5,4,0,3,541,186,0,355
2001,"WAYNE",37191,724,265,1,0,458,6,3,1,0,2,718,262,0,456
2002,"WAYNE",37191,723,287,2,0,434,8,4,1,0,3,715,283,1,431
2003,"WAYNE",37191,791,302,4,0,485,4,1,2,0,1,787,301,2,484
1990,"WILKES",37193,70,44,1,0,25,7,5,1,0,1,63,39,0,24
1991,"WILKES",37193,101,55,4,0,42,12,6,4,0,2,89,49,0,40
1992,"WILKES",37193,105,60,1,0,44,3,2,1,0,0,102,58,0,44
1993,"WILKES",37193,81,51,0,0,30,2,1,0,0,1,79,50,0,29
1994,"WILKES",37193,79,49,0,1,29,3,2,0,1,0,76,47,0,29
1995,"WILKES",37193,94,55,0,0,39,2,2,0,0,0,92,53,0,39
1996,"WILKES",37193,142,84,2,1,55,3,0,2,1,0,139,84,0,55
1997,"WILKES",37193,165,97,0,0,68,1,1,0,0,0,164,96,0,68
1998,"WILKES",37193,175,122,0,0,53,0,0,0,0,0,175,122,0,53
1999,"WILKES",37193,189,117,0,0,72,1,1,0,0,0,188,116,0,72
2000,"WILKES",37193,183,110,1,0,72,1,0,1,0,0,182,110,0,72
2001,"WILKES",37193,235,147,0,0,88,1,1,0,0,0,234,146,0,88
2002,"WILKES",37193,246,175,1,0,70,1,0,1,0,0,245,175,0,70
2003,"WILKES",37193,270,193,3,0,74,3,1,2,0,0,267,192,1,74
1990,"WILSON",37195,107,44,0,0,63,1,1,0,0,0,106,43,0,63
1991,"WILSON",37195,198,99,6,0,93,18,10,6,0,2,180,89,0,91
1992,"WILSON",37195,162,81,1,0,80,13,8,1,0,4,149,73,0,76
1993,"WILSON",37195,129,50,2,0,77,8,3,2,0,3,121,47,0,74
1994,"WILSON",37195,132,46,4,0,82,8,1,4,0,3,124,45,0,79
1995,"WILSON",37195,151,61,0,0,90,10,7,0,0,3,141,54,0,87
1996,"WILSON",37195,235,81,1,0,153,7,3,1,0,3,228,78,0,150
1997,"WILSON",37195,276,102,1,0,173,6,3,1,0,2,270,99,0,171
1998,"WILSON",37195,300,95,1,0,204,3,0,0,0,3,297,95,1,201
1999,"WILSON",37195,305,113,1,0,191,5,2,1,0,2,300,111,0,189
2000,"WILSON",37195,265,102,0,0,163,5,1,0,0,4,260,101,0,159
2001,"WILSON",37195,336,159,0,0,177,4,4,0,0,0,332,155,0,177
2002,"WILSON",37195,413,186,2,0,225,6,2,2,0,2,407,184,0,223
2003,"WILSON",37195,446,220,2,1,223,6,2,2,1,1,440,218,0,222
1990,"YADKIN",37197,27,16,0,0,11,6,6,0,0,0,21,10,0,11
1991,"YADKIN",37197,41,24,2,0,15,9,7,2,0,0,32,17,0,15
1992,"YADKIN",37197,34,13,1,1,19,5,2,1,1,1,29,11,0,18
1993,"YADKIN",37197,34,17,0,0,17,4,3,0,0,1,30,14,0,16
1994,"YADKIN",37197,39,20,0,0,19,1,0,0,0,1,38,20,0,18
1995,"YADKIN",37197,55,31,0,0,24,1,1,0,0,0,54,30,0,24
1996,"YADKIN",37197,86,37,1,0,48,1,0,1,0,0,85,37,0,48
1997,"YADKIN",37197,107,58,0,0,49,2,2,0,0,0,105,56,0,49
1998,"YADKIN",37197,98,48,0,0,50,0,0,0,0,0,98,48,0,50
1999,"YADKIN",37197,106,50,0,0,56,0,0,0,0,0,106,50,0,56
2000,"YADKIN",37197,111,43,0,0,68,0,0,0,0,0,111,43,0,68
2001,"YADKIN",37197,128,65,3,0,60,6,2,3,0,1,122,63,0,59
2002,"YADKIN",37197,135,67,0,0,68,1,1,0,0,0,134,66,0,68
2003,"YADKIN",37197,162,84,0,0,78,2,2,0,0,0,160,82,0,78
1990,"YANCEY",37199,14,5,0,0,9,0,0,0,0,0,14,5,0,9
1991,"YANCEY",37199,22,7,1,0,14,1,0,1,0,0,21,7,0,14
1992,"YANCEY",37199,17,8,0,0,9,0,0,0,0,0,17,8,0,9
1993,"YANCEY",37199,12,5,0,0,7,0,0,0,0,0,12,5,0,7
1994,"YANCEY",37199,19,12,0,0,7,1,1,0,0,0,18,11,0,7
1995,"YANCEY",37199,13,8,0,0,5,0,0,0,0,0,13,8,0,5
1996,"YANCEY",37199,21,7,0,0,14,0,0,0,0,0,21,7,0,14
1997,"YANCEY",37199,47,33,0,0,14,2,2,0,0,0,45,31,0,14
1998,"YANCEY",37199,36,20,0,0,16,0,0,0,0,0,36,20,0,16
1999,"YANCEY",37199,26,18,0,0,8,0,0,0,0,0,26,18,0,8
2000,"YANCEY",37199,28,22,0,0,6,0,0,0,0,0,28,22,0,6
2001,"YANCEY",37199,46,34,0,0,12,0,0,0,0,0,46,34,0,12
2002,"YANCEY",37199,55,41,0,0,14,0,0,0,0,0,55,41,0,14
2003,"YANCEY",37199,61,42,0,0,19,0,0,0,0,0,61,42,0,19
1990,"ADAMS",38001,13,5,3,2,3,10,2,3,2,3,3,3,0,0
1991,"ADAMS",38001,5,3,1,0,1,2,0,1,0,1,3,3,0,0
1992,"ADAMS",38001,11,8,0,3,0,5,2,0,3,0,6,6,0,0
1993,"ADAMS",38001,3,1,0,1,1,2,0,0,1,1,1,1,0,0
1994,"ADAMS",38001,5,4,0,1,0,2,1,0,1,0,3,3,0,0
1995,"ADAMS",38001,11,8,0,1,2,6,4,0,1,1,5,4,0,1
1996,"ADAMS",38001,7,4,0,3,0,6,3,0,3,0,1,1,0,0
1997,"ADAMS",38001,15,9,0,5,1,7,2,0,5,0,8,7,0,1
1998,"ADAMS",38001,9,8,0,1,0,3,2,0,1,0,6,6,0,0
1999,"ADAMS",38001,15,13,0,1,1,1,0,0,1,0,14,13,0,1
2000,"ADAMS",38001,6,4,0,1,1,2,0,0,1,1,4,4,0,0
2001,"ADAMS",38001,11,10,0,0,1,0,0,0,0,0,11,10,0,1
2002,"ADAMS",38001,7,6,0,1,0,2,1,0,1,0,5,5,0,0
2003,"ADAMS",38001,8,7,0,1,0,1,0,0,1,0,7,7,0,0
1990,"BARNES",38003,20,15,0,2,3,7,2,0,2,3,13,13,0,0
1991,"BARNES",38003,22,20,0,2,0,2,0,0,2,0,20,20,0,0
1992,"BARNES",38003,19,16,0,3,0,3,0,0,3,0,16,16,0,0
1993,"BARNES",38003,19,14,2,2,1,6,2,2,2,0,13,12,0,1
1994,"BARNES",38003,20,19,0,0,1,5,4,0,0,1,15,15,0,0
1995,"BARNES",38003,20,19,0,1,0,4,3,0,1,0,16,16,0,0
1996,"BARNES",38003,26,25,0,1,0,3,2,0,1,0,23,23,0,0
1997,"BARNES",38003,22,19,0,1,2,2,0,0,1,1,20,19,0,1
1998,"BARNES",38003,28,24,0,1,3,3,1,0,1,1,25,23,0,2
1999,"BARNES",38003,30,29,0,1,0,2,1,0,1,0,28,28,0,0
2000,"BARNES",38003,21,20,0,0,1,1,1,0,0,0,20,19,0,1
2001,"BARNES",38003,25,25,0,0,0,1,1,0,0,0,24,24,0,0
2002,"BARNES",38003,29,28,0,0,1,2,2,0,0,0,27,26,0,1
2003,"BARNES",38003,32,31,0,0,1,1,1,0,0,0,31,30,0,1
1990,"BENSON",38005,11,10,0,1,0,1,0,0,1,0,10,10,0,0
1991,"BENSON",38005,13,10,2,1,0,6,3,2,1,0,7,7,0,0
1992,"BENSON",38005,7,7,0,0,0,1,1,0,0,0,6,6,0,0
1993,"BENSON",38005,7,6,0,1,0,2,1,0,1,0,5,5,0,0
1994,"BENSON",38005,3,3,0,0,0,1,1,0,0,0,2,2,0,0
1995,"BENSON",38005,4,4,0,0,0,1,1,0,0,0,3,3,0,0
1996,"BENSON",38005,13,10,0,2,1,2,0,0,2,0,11,10,0,1
1997,"BENSON",38005,10,9,0,1,0,3,2,0,1,0,7,7,0,0
1998,"BENSON",38005,13,11,0,1,1,2,0,0,1,1,11,11,0,0
1999,"BENSON",38005,10,8,0,2,0,4,2,0,2,0,6,6,0,0
2000,"BENSON",38005,4,4,0,0,0,0,0,0,0,0,4,4,0,0
2001,"BENSON",38005,8,8,0,0,0,1,1,0,0,0,7,7,0,0
2002,"BENSON",38005,7,7,0,0,0,0,0,0,0,0,7,7,0,0
2003,"BENSON",38005,13,12,0,1,0,2,1,0,1,0,11,11,0,0
1993,"BILLINGS",38007,3,2,0,1,0,1,0,0,1,0,2,2,0,0
1996,"BILLINGS",38007,1,1,0,0,0,0,0,0,0,0,1,1,0,0
1997,"BILLINGS",38007,2,2,0,0,0,1,1,0,0,0,1,1,0,0
1998,"BILLINGS",38007,2,2,0,0,0,0,0,0,0,0,2,2,0,0
1999,"BILLINGS",38007,0,0,0,0,0,0,0,0,0,0,0,0,0,0
2001,"BILLINGS",38007,3,3,0,0,0,0,0,0,0,0,3,3,0,0
1990,"BOTTINEAU",38009,5,5,0,0,0,0,0,0,0,0,5,5,0,0
1991,"BOTTINEAU",38009,16,13,0,2,1,5,3,0,2,0,11,10,0,1
1992,"BOTTINEAU",38009,12,12,0,0,0,5,5,0,0,0,7,7,0,0
1993,"BOTTINEAU",38009,16,14,0,1,1,4,2,0,1,1,12,12,0,0
1994,"BOTTINEAU",38009,8,8,0,0,0,2,2,0,0,0,6,6,0,0
1995,"BOTTINEAU",38009,16,16,0,0,0,0,0,0,0,0,16,16,0,0
1996,"BOTTINEAU",38009,19,17,0,1,1,4,2,0,1,1,15,15,0,0
1997,"BOTTINEAU",38009,25,24,0,1,0,2,1,0,1,0,23,23,0,0
1998,"BOTTINEAU",38009,27,25,0,2,0,4,2,0,2,0,23,23,0,0
1999,"BOTTINEAU",38009,19,16,0,3,0,4,1,0,3,0,15,15,0,0
2000,"BOTTINEAU",38009,17,16,0,0,1,0,0,0,0,0,17,16,0,1
2001,"BOTTINEAU",38009,26,23,0,1,2,2,1,0,1,0,24,22,0,2
2002,"BOTTINEAU",38009,23,20,1,0,2,1,0,1,0,0,22,20,0,2
2003,"BOTTINEAU",38009,16,13,0,2,1,2,0,0,2,0,14,13,0,1
1990,"BOWMAN",38011,10,6,1,1,2,6,2,1,1,2,4,4,0,0
1991,"BOWMAN",38011,6,3,0,3,0,4,1,0,3,0,2,2,0,0
1992,"BOWMAN",38011,6,5,0,1,0,2,1,0,1,0,4,4,0,0
1993,"BOWMAN",38011,8,6,0,2,0,2,0,0,2,0,6,6,0,0
1994,"BOWMAN",38011,4,3,0,1,0,1,0,0,1,0,3,3,0,0
1995,"BOWMAN",38011,8,7,0,1,0,3,2,0,1,0,5,5,0,0
1996,"BOWMAN",38011,13,10,1,1,1,6,3,1,1,1,7,7,0,0
1997,"BOWMAN",38011,8,8,0,0,0,0,0,0,0,0,8,8,0,0
1998,"BOWMAN",38011,10,8,0,2,0,2,0,0,2,0,8,8,0,0
1999,"BOWMAN",38011,7,7,0,0,0,0,0,0,0,0,7,7,0,0
2000,"BOWMAN",38011,7,7,0,0,0,2,2,0,0,0,5,5,0,0
2001,"BOWMAN",38011,11,11,0,0,0,1,1,0,0,0,10,10,0,0
2002,"BOWMAN",38011,4,4,0,0,0,1,1,0,0,0,3,3,0,0
2003,"BOWMAN",38011,4,4,0,0,0,0,0,0,0,0,4,4,0,0
1990,"BURKE",38013,2,2,0,0,0,1,1,0,0,0,1,1,0,0
1991,"BURKE",38013,3,2,0,1,0,1,0,0,1,0,2,2,0,0
1992,"BURKE",38013,3,3,0,0,0,0,0,0,0,0,3,3,0,0
1993,"BURKE",38013,3,1,0,2,0,2,0,0,2,0,1,1,0,0
1994,"BURKE",38013,4,4,0,0,0,0,0,0,0,0,4,4,0,0
1995,"BURKE",38013,4,4,0,0,0,0,0,0,0,0,4,4,0,0
1996,"BURKE",38013,1,0,0,0,1,0,0,0,0,0,1,0,0,1
1997,"BURKE",38013,4,4,0,0,0,0,0,0,0,0,4,4,0,0
1998,"BURKE",38013,6,5,0,1,0,1,0,0,1,0,5,5,0,0
1999,"BURKE",38013,5,5,0,0,0,0,0,0,0,0,5,5,0,0
2000,"BURKE",38013,2,2,0,0,0,0,0,0,0,0,2,2,0,0
2001,"BURKE",38013,6,6,0,0,0,0,0,0,0,0,6,6,0,0
2002,"BURKE",38013,4,4,0,0,0,1,1,0,0,0,3,3,0,0
2003,"BURKE",38013,6,6,0,0,0,1,1,0,0,0,5,5,0,0
1990,"BURLEIGH",38015,118,111,0,0,7,16,13,0,0,3,102,98,0,4
1991,"BURLEIGH",38015,130,130,0,0,0,13,13,0,0,0,117,117,0,0
1992,"BURLEIGH",38015,157,150,2,1,4,22,17,2,1,2,135,133,0,2
1993,"BURLEIGH",38015,131,126,0,1,4,17,13,0,1,3,114,113,0,1
1994,"BURLEIGH",38015,142,134,3,0,5,14,10,3,0,1,128,124,0,4
1995,"BURLEIGH",38015,184,178,0,4,2,13,8,0,4,1,171,170,0,1
1996,"BURLEIGH",38015,191,187,0,0,4,5,4,0,0,1,186,183,0,3
1997,"BURLEIGH",38015,247,237,3,0,7,12,5,3,0,4,235,232,0,3
1998,"BURLEIGH",38015,311,307,0,0,4,6,5,0,0,1,305,302,0,3
1999,"BURLEIGH",38015,271,259,4,1,7,13,8,4,1,0,258,251,0,7
2000,"BURLEIGH",38015,255,248,0,0,7,7,6,0,0,1,248,242,0,6
2001,"BURLEIGH",38015,274,267,2,0,5,14,11,2,0,1,260,256,0,4
2002,"BURLEIGH",38015,262,255,0,0,7,12,12,0,0,0,250,243,0,7
2003,"BURLEIGH",38015,301,290,1,0,10,9,8,1,0,0,292,282,0,10
1990,"CASS",38017,227,201,8,3,15,36,25,8,3,0,191,176,0,15
1991,"CASS",38017,254,242,3,2,7,29,24,3,2,0,225,218,0,7
1992,"CASS",38017,270,255,2,1,12,18,14,2,1,1,252,241,0,11
1993,"CASS",38017,234,229,1,0,4,13,12,0,0,1,221,217,1,3
1994,"CASS",38017,252,239,1,0,12,19,17,1,0,1,233,222,0,11
1995,"CASS",38017,278,267,0,0,11,17,16,0,0,1,261,251,0,10
1996,"CASS",38017,331,306,0,0,25,14,14,0,0,0,317,292,0,25
1997,"CASS",38017,433,409,2,1,21,18,13,2,1,2,415,396,0,19
1998,"CASS",38017,493,468,0,3,22,12,8,0,3,1,481,460,0,21
1999,"CASS",38017,484,449,0,0,35,10,8,0,0,2,474,441,0,33
2000,"CASS",38017,379,354,8,0,17,21,13,8,0,0,358,341,0,17
2001,"CASS",38017,453,439,0,0,14,8,8,0,0,0,445,431,0,14
2002,"CASS",38017,456,431,0,1,24,20,17,0,1,2,436,414,0,22
2003,"CASS",38017,569,537,0,1,31,20,18,0,1,1,549,519,0,30
1990,"CAVALIER",38019,6,5,0,0,1,1,1,0,0,0,5,4,0,1
1991,"CAVALIER",38019,3,3,0,0,0,0,0,0,0,0,3,3,0,0
1992,"CAVALIER",38019,6,6,0,0,0,2,2,0,0,0,4,4,0,0
1993,"CAVALIER",38019,5,5,0,0,0,2,2,0,0,0,3,3,0,0
1994,"CAVALIER",38019,9,7,0,0,2,0,0,0,0,0,9,7,0,2
1995,"CAVALIER",38019,4,3,1,0,0,1,0,1,0,0,3,3,0,0
1996,"CAVALIER",38019,5,4,0,0,1,1,0,0,0,1,4,4,0,0
1997,"CAVALIER",38019,6,6,0,0,0,1,1,0,0,0,5,5,0,0
1998,"CAVALIER",38019,8,8,0,0,0,0,0,0,0,0,8,8,0,0
1999,"CAVALIER",38019,11,11,0,0,0,0,0,0,0,0,11,11,0,0
2000,"CAVALIER",38019,6,6,0,0,0,0,0,0,0,0,6,6,0,0
2001,"CAVALIER",38019,16,15,0,0,1,4,3,0,0,1,12,12,0,0
2002,"CAVALIER",38019,11,11,0,0,0,1,1,0,0,0,10,10,0,0
2003,"CAVALIER",38019,7,7,0,0,0,0,0,0,0,0,7,7,0,0
1990,"DICKEY",38021,4,2,0,2,0,2,0,0,2,0,2,2,0,0
1991,"DICKEY",38021,9,8,0,0,1,2,2,0,0,0,7,6,0,1
1992,"DICKEY",38021,3,2,1,0,0,1,0,1,0,0,2,2,0,0
1993,"DICKEY",38021,4,4,0,0,0,0,0,0,0,0,4,4,0,0
1994,"DICKEY",38021,8,7,0,1,0,2,1,0,1,0,6,6,0,0
1995,"DICKEY",38021,4,4,0,0,0,1,1,0,0,0,3,3,0,0
1996,"DICKEY",38021,10,9,0,1,0,3,2,0,1,0,7,7,0,0
1997,"DICKEY",38021,10,9,0,1,0,2,1,0,1,0,8,8,0,0
1998,"DICKEY",38021,13,13,0,0,0,1,1,0,0,0,12,12,0,0
1999,"DICKEY",38021,9,8,0,0,1,0,0,0,0,0,9,8,0,1
2000,"DICKEY",38021,13,13,0,0,0,2,2,0,0,0,11,11,0,0
2001,"DICKEY",38021,16,16,0,0,0,0,0,0,0,0,16,16,0,0
2002,"DICKEY",38021,7,7,0,0,0,0,0,0,0,0,7,7,0,0
2003,"DICKEY",38021,17,17,0,0,0,0,0,0,0,0,17,17,0,0
1990,"DIVIDE",38023,3,1,0,1,1,3,1,0,1,1,0,0,0,0
1991,"DIVIDE",38023,1,0,0,1,0,1,0,0,1,0,0,0,0,0
1992,"DIVIDE",38023,2,2,0,0,0,0,0,0,0,0,2,2,0,0
1993,"DIVIDE",38023,2,1,0,1,0,1,0,0,1,0,1,1,0,0
1994,"DIVIDE",38023,1,1,0,0,0,0,0,0,0,0,1,1,0,0
1995,"DIVIDE",38023,1,1,0,0,0,0,0,0,0,0,1,1,0,0
1996,"DIVIDE",38023,2,2,0,0,0,0,0,0,0,0,2,2,0,0
1997,"DIVIDE",38023,3,2,0,0,1,1,0,0,0,1,2,2,0,0
1998,"DIVIDE",38023,2,2,0,0,0,0,0,0,0,0,2,2,0,0
1999,"DIVIDE",38023,7,4,2,1,0,3,0,2,1,0,4,4,0,0
2000,"DIVIDE",38023,2,2,0,0,0,0,0,0,0,0,2,2,0,0
2001,"DIVIDE",38023,5,4,0,0,1,1,0,0,0,1,4,4,0,0
2002,"DIVIDE",38023,1,1,0,0,0,0,0,0,0,0,1,1,0,0
2003,"DIVIDE",38023,3,3,0,0,0,0,0,0,0,0,3,3,0,0
1990,"DUNN",38025,6,4,0,1,1,3,1,0,1,1,3,3,0,0
1991,"DUNN",38025,3,1,1,1,0,2,0,1,1,0,1,1,0,0
1992,"DUNN",38025,7,5,0,2,0,4,2,0,2,0,3,3,0,0
1993,"DUNN",38025,4,4,0,0,0,1,1,0,0,0,3,3,0,0
1994,"DUNN",38025,2,1,0,1,0,1,0,0,1,0,1,1,0,0
1995,"DUNN",38025,2,2,0,0,0,0,0,0,0,0,2,2,0,0
1996,"DUNN",38025,4,4,0,0,0,0,0,0,0,0,4,4,0,0
1997,"DUNN",38025,2,1,0,1,0,1,0,0,1,0,1,1,0,0
1998,"DUNN",38025,8,7,0,1,0,2,1,0,1,0,6,6,0,0
1999,"DUNN",38025,5,5,0,0,0,0,0,0,0,0,5,5,0,0
2000,"DUNN",38025,5,5,0,0,0,1,1,0,0,0,4,4,0,0
2001,"DUNN",38025,7,5,0,2,0,2,0,0,2,0,5,5,0,0
2002,"DUNN",38025,5,5,0,0,0,1,1,0,0,0,4,4,0,0
2003,"DUNN",38025,9,9,0,0,0,2,2,0,0,0,7,7,0,0
1990,"EDDY",38027,5,4,0,1,0,2,1,0,1,0,3,3,0,0
1991,"EDDY",38027,5,3,2,0,0,3,1,2,0,0,2,2,0,0
1992,"EDDY",38027,1,1,0,0,0,0,0,0,0,0,1,1,0,0
1993,"EDDY",38027,4,4,0,0,0,1,1,0,0,0,3,3,0,0
1994,"EDDY",38027,4,4,0,0,0,0,0,0,0,0,4,4,0,0
1995,"EDDY",38027,8,8,0,0,0,1,1,0,0,0,7,7,0,0
1996,"EDDY",38027,2,2,0,0,0,0,0,0,0,0,2,2,0,0
1997,"EDDY",38027,4,4,0,0,0,2,2,0,0,0,2,2,0,0
1998,"EDDY",38027,3,3,0,0,0,0,0,0,0,0,3,3,0,0
1999,"EDDY",38027,7,7,0,0,0,1,1,0,0,0,6,6,0,0
2000,"EDDY",38027,6,6,0,0,0,1,1,0,0,0,5,5,0,0
2001,"EDDY",38027,3,3,0,0,0,0,0,0,0,0,3,3,0,0
2002,"EDDY",38027,4,4,0,0,0,1,1,0,0,0,3,3,0,0
2003,"EDDY",38027,11,11,0,0,0,0,0,0,0,0,11,11,0,0
1990,"EMMONS",38029,1,1,0,0,0,0,0,0,0,0,1,1,0,0
1991,"EMMONS",38029,6,5,0,1,0,4,3,0,1,0,2,2,0,0
1992,"EMMONS",38029,5,3,0,2,0,3,1,0,2,0,2,2,0,0
1993,"EMMONS",38029,9,8,0,1,0,4,3,0,1,0,5,5,0,0
1994,"EMMONS",38029,6,4,0,2,0,2,0,0,2,0,4,4,0,0
1995,"EMMONS",38029,7,3,0,2,2,2,0,0,2,0,5,3,0,2
1996,"EMMONS",38029,6,3,0,2,1,2,0,0,2,0,4,3,0,1
1997,"EMMONS",38029,8,6,0,1,1,3,2,0,1,0,5,4,0,1
1998,"EMMONS",38029,10,9,0,1,0,1,0,0,1,0,9,9,0,0
1999,"EMMONS",38029,12,11,1,0,0,2,1,1,0,0,10,10,0,0
2000,"EMMONS",38029,5,5,0,0,0,0,0,0,0,0,5,5,0,0
2001,"EMMONS",38029,14,12,1,0,1,2,1,1,0,0,12,11,0,1
2002,"EMMONS",38029,10,10,0,0,0,1,1,0,0,0,9,9,0,0
2003,"EMMONS",38029,7,6,0,1,0,3,2,0,1,0,4,4,0,0
1990,"FOSTER",38031,7,7,0,0,0,1,1,0,0,0,6,6,0,0
1991,"FOSTER",38031,12,12,0,0,0,1,1,0,0,0,11,11,0,0
1992,"FOSTER",38031,10,9,0,1,0,2,1,0,1,0,8,8,0,0
1993,"FOSTER",38031,2,1,0,0,1,1,0,0,0,1,1,1,0,0
1994,"FOSTER",38031,8,8,0,0,0,0,0,0,0,0,8,8,0,0
1995,"FOSTER",38031,9,7,0,1,1,1,0,0,1,0,8,7,0,1
1996,"FOSTER",38031,7,7,0,0,0,0,0,0,0,0,7,7,0,0
1997,"FOSTER",38031,9,9,0,0,0,1,1,0,0,0,8,8,0,0
1998,"FOSTER",38031,5,5,0,0,0,1,1,0,0,0,4,4,0,0
1999,"FOSTER",38031,5,5,0,0,0,1,1,0,0,0,4,4,0,0
2000,"FOSTER",38031,10,10,0,0,0,1,1,0,0,0,9,9,0,0
2001,"FOSTER",38031,8,7,0,1,0,2,1,0,1,0,6,6,0,0
2002,"FOSTER",38031,8,8,0,0,0,1,1,0,0,0,7,7,0,0
2003,"FOSTER",38031,11,11,0,0,0,1,1,0,0,0,10,10,0,0
1990,"GOLDEN VALLEY",38033,4,4,0,0,0,2,2,0,0,0,2,2,0,0
1991,"GOLDEN VALLEY",38033,6,5,0,1,0,5,4,0,1,0,1,1,0,0
1992,"GOLDEN VALLEY",38033,3,3,0,0,0,0,0,0,0,0,3,3,0,0
1993,"GOLDEN VALLEY",38033,4,3,0,1,0,1,0,0,1,0,3,3,0,0
1994,"GOLDEN VALLEY",38033,5,5,0,0,0,0,0,0,0,0,5,5,0,0
1995,"GOLDEN VALLEY",38033,5,5,0,0,0,0,0,0,0,0,5,5,0,0
1996,"GOLDEN VALLEY",38033,5,4,0,1,0,1,0,0,1,0,4,4,0,0
1997,"GOLDEN VALLEY",38033,1,0,0,1,0,1,0,0,1,0,0,0,0,0
1998,"GOLDEN VALLEY",38033,6,6,0,0,0,1,1,0,0,0,5,5,0,0
1999,"GOLDEN VALLEY",38033,1,0,0,1,0,1,0,0,1,0,0,0,0,0
2000,"GOLDEN VALLEY",38033,3,3,0,0,0,0,0,0,0,0,3,3,0,0
2001,"GOLDEN VALLEY",38033,3,2,0,1,0,1,0,0,1,0,2,2,0,0
2002,"GOLDEN VALLEY",38033,8,7,0,1,0,3,2,0,1,0,5,5,0,0
2003,"GOLDEN VALLEY",38033,6,5,0,1,0,2,1,0,1,0,4,4,0,0
1990,"GRAND FORKS",38035,156,146,6,0,4,20,14,6,0,0,136,132,0,4
1991,"GRAND FORKS",38035,170,169,0,0,1,8,8,0,0,0,162,161,0,1
1992,"GRAND FORKS",38035,161,155,0,0,6,12,11,0,0,1,149,144,0,5
1993,"GRAND FORKS",38035,171,162,1,0,8,16,14,1,0,1,155,148,0,7
1994,"GRAND FORKS",38035,189,169,0,0,20,9,7,0,0,2,180,162,0,18
1995,"GRAND FORKS",38035,167,158,0,0,9,6,6,0,0,0,161,152,0,9
1996,"GRAND FORKS",38035,264,252,1,0,11,9,7,1,0,1,255,245,0,10
1997,"GRAND FORKS",38035,247,241,0,0,6,13,13,0,0,0,234,228,0,6
1998,"GRAND FORKS",38035,271,259,0,1,11,3,2,0,1,0,268,257,0,11
1999,"GRAND FORKS",38035,269,260,1,0,8,3,2,1,0,0,266,258,0,8
2000,"GRAND FORKS",38035,268,260,1,0,7,12,10,1,0,1,256,250,0,6
2001,"GRAND FORKS",38035,266,258,1,0,7,18,17,1,0,0,248,241,0,7
2002,"GRAND FORKS",38035,277,262,0,0,15,7,7,0,0,0,270,255,0,15
2003,"GRAND FORKS",38035,289,269,0,0,20,6,6,0,0,0,283,263,0,20
1990,"GRANT",38037,3,1,0,2,0,3,1,0,2,0,0,0,0,0
1991,"GRANT",38037,3,2,0,1,0,2,1,0,1,0,1,1,0,0
1992,"GRANT",38037,5,4,0,1,0,1,0,0,1,0,4,4,0,0
1993,"GRANT",38037,4,2,0,1,1,2,0,0,1,1,2,2,0,0
1994,"GRANT",38037,4,2,0,1,1,1,0,0,1,0,3,2,0,1
1995,"GRANT",38037,6,3,0,3,0,4,1,0,3,0,2,2,0,0
1997,"GRANT",38037,10,8,0,2,0,5,3,0,2,0,5,5,0,0
1998,"GRANT",38037,5,4,0,1,0,1,0,0,1,0,4,4,0,0
1999,"GRANT",38037,5,3,0,2,0,2,0,0,2,0,3,3,0,0
2000,"GRANT",38037,1,1,0,0,0,0,0,0,0,0,1,1,0,0
2001,"GRANT",38037,1,1,0,0,0,0,0,0,0,0,1,1,0,0
2002,"GRANT",38037,6,6,0,0,0,0,0,0,0,0,6,6,0,0
2003,"GRANT",38037,6,5,0,1,0,1,0,0,1,0,5,5,0,0
1990,"GRIGGS",38039,1,0,0,0,0,1,0,0,1,0,0,0,0,0
1991,"GRIGGS",38039,4,4,0,0,0,3,3,0,0,0,1,1,0,0
1992,"GRIGGS",38039,1,1,0,0,0,0,0,0,0,0,1,1,0,0
1993,"GRIGGS",38039,1,1,0,0,0,0,0,0,0,0,1,1,0,0
1994,"GRIGGS",38039,3,3,0,0,0,0,0,0,0,0,3,3,0,0
1995,"GRIGGS",38039,3,3,0,0,0,1,1,0,0,0,2,2,0,0
1996,"GRIGGS",38039,4,4,0,0,0,1,1,0,0,0,3,3,0,0
1997,"GRIGGS",38039,4,3,0,0,1,1,1,0,0,0,3,2,0,1
1998,"GRIGGS",38039,10,10,0,0,0,2,2,0,0,0,8,8,0,0
1999,"GRIGGS",38039,3,3,0,0,0,0,0,0,0,0,3,3,0,0
2000,"GRIGGS",38039,11,11,0,0,0,0,0,0,0,0,11,11,0,0
2001,"GRIGGS",38039,11,10,0,0,1,2,2,0,0,0,9,8,0,1
2002,"GRIGGS",38039,5,5,0,0,0,2,2,0,0,0,3,3,0,0
2003,"GRIGGS",38039,10,10,0,0,0,1,1,0,0,0,9,9,0,0
1990,"HETTINGER",38041,12,3,0,8,1,9,0,0,8,1,3,3,0,0
1991,"HETTINGER",38041,15,7,2,6,0,11,3,2,6,0,4,4,0,0
1992,"HETTINGER",38041,10,8,0,2,0,4,2,0,2,0,6,6,0,0
1993,"HETTINGER",38041,8,2,1,4,1,6,0,1,4,1,2,2,0,0
1994,"HETTINGER",38041,6,4,0,0,2,2,0,0,0,2,4,4,0,0
1995,"HETTINGER",38041,4,4,0,0,0,1,1,0,0,0,3,3,0,0
1996,"HETTINGER",38041,8,5,0,3,0,5,2,0,3,0,3,3,0,0
1997,"HETTINGER",38041,7,5,0,1,1,2,0,0,1,1,5,5,0,0
1998,"HETTINGER",38041,15,13,0,2,0,2,0,0,2,0,13,13,0,0
1999,"HETTINGER",38041,6,5,0,1,0,2,1,0,1,0,4,4,0,0
2000,"HETTINGER",38041,6,6,0,0,0,0,0,0,0,0,6,6,0,0
2001,"HETTINGER",38041,3,3,0,0,0,0,0,0,0,0,3,3,0,0
2002,"HETTINGER",38041,8,8,0,0,0,0,0,0,0,0,8,8,0,0
2003,"HETTINGER",38041,5,5,0,0,0,0,0,0,0,0,5,5,0,0
1990,"KIDDER",38043,3,2,1,0,0,1,0,1,0,0,2,2,0,0
1991,"KIDDER",38043,5,4,1,0,0,1,0,1,0,0,4,4,0,0
1992,"KIDDER",38043,6,4,0,2,0,2,0,0,2,0,4,4,0,0
1993,"KIDDER",38043,6,4,0,2,0,4,2,0,2,0,2,2,0,0
1994,"KIDDER",38043,3,3,0,0,0,0,0,0,0,0,3,3,0,0
1995,"KIDDER",38043,9,8,0,1,0,5,4,0,1,0,4,4,0,0
1996,"KIDDER",38043,7,5,0,2,0,4,2,0,2,0,3,3,0,0
1997,"KIDDER",38043,7,5,0,2,0,2,0,0,2,0,5,5,0,0
1998,"KIDDER",38043,5,5,0,0,0,0,0,0,0,0,5,5,0,0
1999,"KIDDER",38043,9,8,0,0,1,0,0,0,0,0,9,8,0,1
2000,"KIDDER",38043,4,4,0,0,0,0,0,0,0,0,4,4,0,0
2001,"KIDDER",38043,6,6,0,0,0,1,1,0,0,0,5,5,0,0
2002,"KIDDER",38043,8,8,0,0,0,0,0,0,0,0,8,8,0,0
2003,"KIDDER",38043,6,4,0,2,0,3,1,0,2,0,3,3,0,0
1990,"LAMOURE",38045,4,4,0,0,0,0,0,0,0,0,4,4,0,0
1991,"LA MOURE",38045,3,2,0,0,1,0,0,0,0,0,3,2,0,1
1992,"LA MOURE",38045,5,4,0,1,0,2,1,0,1,0,3,3,0,0
1993,"LA MOURE",38045,11,9,0,2,0,5,3,0,2,0,6,6,0,0
1994,"LA MOURE",38045,2,1,0,1,0,1,0,0,1,0,1,1,0,0
1995,"LA MOURE",38045,8,8,0,0,0,3,3,0,0,0,5,5,0,0
1996,"LA MOURE",38045,7,5,0,2,0,2,0,0,2,0,5,5,0,0
1997,"LA MOURE",38045,11,11,0,0,0,2,2,0,0,0,9,9,0,0
1998,"LA MOURE",38045,11,11,0,0,0,0,0,0,0,0,11,11,0,0
1999,"LAMOURE",38045,9,9,0,0,0,0,0,0,0,0,9,9,0,0
2000,"LA MOURE",38045,3,3,0,0,0,0,0,0,0,0,3,3,0,0
2001,"LA MOURE",38045,9,9,0,0,0,0,0,0,0,0,9,9,0,0
2002,"LA MOURE",38045,10,9,0,0,1,0,0,0,0,0,10,9,0,1
2003,"LA MOURE",38045,10,9,0,0,1,1,0,0,0,1,9,9,0,0
1990,"LOGAN",38047,7,6,0,1,0,4,3,0,1,0,3,3,0,0
1991,"LOGAN",38047,7,5,0,2,0,3,1,0,2,0,4,4,0,0
1992,"LOGAN",38047,3,2,0,1,0,2,1,0,1,0,1,1,0,0
1993,"LOGAN",38047,3,3,0,0,0,1,1,0,0,0,2,2,0,0
1994,"LOGAN",38047,3,3,0,0,0,0,0,0,0,0,3,3,0,0
1995,"LOGAN",38047,2,2,0,0,0,0,0,0,0,0,2,2,0,0
1996,"LOGAN",38047,4,4,0,0,0,1,1,0,0,0,3,3,0,0
1997,"LOGAN",38047,1,1,0,0,0,0,0,0,0,0,1,1,0,0
1998,"LOGAN",38047,7,5,0,2,0,2,0,0,2,0,5,5,0,0
1999,"LOGAN",38047,2,2,0,0,0,0,0,0,0,0,2,2,0,0
2000,"LOGAN",38047,3,3,0,0,0,0,0,0,0,0,3,3,0,0
2001,"LOGAN",38047,4,4,0,0,0,0,0,0,0,0,4,4,0,0
2002,"LOGAN",38047,4,2,0,1,1,2,1,0,1,0,2,1,0,1
2003,"LOGAN",38047,5,5,0,0,0,1,1,0,0,0,4,4,0,0
1990,"MCHENRY",38049,12,10,0,1,1,3,1,0,1,1,9,9,0,0
1991,"MCHENRY",38049,8,5,0,3,0,3,0,0,3,0,5,5,0,0
1992,"MCHENRY",38049,7,5,0,2,0,3,1,0,2,0,4,4,0,0
1993,"MCHENRY",38049,5,4,1,0,0,4,3,1,0,0,1,1,0,0
1994,"MCHENRY",38049,13,12,1,0,0,1,0,1,0,0,12,12,0,0
1995,"MCHENRY",38049,7,6,0,1,0,1,0,0,1,0,6,6,0,0
1996,"MCHENRY",38049,27,21,0,4,2,6,2,0,4,0,21,19,0,2
1997,"MCHENRY",38049,32,25,0,6,1,8,2,0,6,0,24,23,0,1
1998,"MCHENRY",38049,24,22,0,2,0,2,0,0,2,0,22,22,0,0
1999,"MCHENRY",38049,12,11,0,0,1,0,0,0,0,0,12,11,0,1
2000,"MCHENRY",38049,7,7,0,0,0,0,0,0,0,0,7,7,0,0
2001,"MCHENRY",38049,25,24,0,0,1,1,1,0,0,0,24,23,0,1
2002,"MCHENRY",38049,17,16,0,0,1,0,0,0,0,0,17,16,0,1
2003,"MCHENRY",38049,17,14,0,1,2,1,0,0,1,0,16,14,0,2
1990,"MCINTOSH",38051,3,3,0,0,0,2,2,0,0,0,1,1,0,0
1991,"MCINTOSH",38051,2,2,0,0,0,0,0,0,0,0,2,2,0,0
1992,"MCINTOSH",38051,4,2,0,2,0,2,0,0,2,0,2,2,0,0
1993,"MCINTOSH",38051,8,6,0,2,0,3,1,0,2,0,5,5,0,0
1994,"MCINTOSH",38051,3,3,0,0,0,0,0,0,0,0,3,3,0,0
1995,"MCINTOSH",38051,9,7,0,1,1,4,2,0,1,1,5,5,0,0
1996,"MCINTOSH",38051,4,3,0,1,0,2,1,0,1,0,2,2,0,0
1997,"MCINTOSH",38051,7,6,0,1,0,2,1,0,1,0,5,5,0,0
1998,"MCINTOSH",38051,7,7,0,0,0,2,2,0,0,0,5,5,0,0
1999,"MCINTOSH",38051,5,4,0,0,1,0,0,0,0,0,5,4,0,1
2000,"MCINTOSH",38051,4,4,0,0,0,0,0,0,0,0,4,4,0,0
2001,"MCINTOSH",38051,9,9,0,0,0,0,0,0,0,0,9,9,0,0
2002,"MCINTOSH",38051,7,6,0,0,1,0,0,0,0,0,7,6,0,1
2003,"MCINTOSH",38051,9,8,0,1,0,1,0,0,1,0,8,8,0,0
1990,"MCKENZIE",38053,6,6,0,0,0,1,1,0,0,0,5,5,0,0
1991,"MCKENZIE",38053,15,14,0,1,0,4,3,0,1,0,11,11,0,0
1992,"MCKENZIE",38053,8,8,0,0,0,1,1,0,0,0,7,7,0,0
1993,"MCKENZIE",38053,2,1,1,0,0,1,0,1,0,0,1,1,0,0
1994,"MCKENZIE",38053,3,3,0,0,0,1,1,0,0,0,2,2,0,0
1995,"MCKENZIE",38053,1,1,0,0,0,0,0,0,0,0,1,1,0,0
1996,"MCKENZIE",38053,8,6,0,2,0,2,0,0,2,0,6,6,0,0
1997,"MCKENZIE",38053,11,11,0,0,0,0,0,0,0,0,11,11,0,0
1998,"MCKENZIE",38053,8,6,0,0,2,0,0,0,0,0,8,6,0,2
1999,"MCKENZIE",38053,7,5,0,2,0,2,0,0,2,0,5,5,0,0
2000,"MCKENZIE",38053,10,9,0,0,1,0,0,0,0,0,10,9,0,1
2001,"MCKENZIE",38053,9,9,0,0,0,1,1,0,0,0,8,8,0,0
2002,"MCKENZIE",38053,6,6,0,0,0,1,1,0,0,0,5,5,0,0
2003,"MCKENZIE",38053,8,6,0,2,0,2,0,0,2,0,6,6,0,0
1990,"MCLEAN",38055,16,15,1,0,0,3,2,1,0,0,13,13,0,0
1991,"MCLEAN",38055,20,18,0,2,0,4,2,0,2,0,16,16,0,0
1992,"MCLEAN",38055,16,13,0,3,0,5,2,0,3,0,11,11,0,0
1993,"MCLEAN",38055,12,11,1,0,0,3,2,1,0,0,9,9,0,0
1994,"MCLEAN",38055,16,13,0,1,2,4,2,0,1,1,12,11,0,1
1995,"MCLEAN",38055,10,9,0,0,1,2,1,0,0,1,8,8,0,0
1996,"MCLEAN",38055,24,16,0,4,4,9,2,0,4,3,15,14,0,1
1997,"MCLEAN",38055,23,19,0,3,1,5,2,0,3,0,18,17,0,1
1998,"MCLEAN",38055,31,30,0,1,0,1,0,0,1,0,30,30,0,0
1999,"MCLEAN",38055,17,15,1,0,1,1,0,1,0,0,16,15,0,1
2000,"MCLEAN",38055,18,17,0,1,0,1,0,0,1,0,17,17,0,0
2001,"MCLEAN",38055,30,29,0,0,1,2,2,0,0,0,28,27,0,1
2002,"MCLEAN",38055,19,19,0,0,0,3,3,0,0,0,16,16,0,0
2003,"MCLEAN",38055,28,28,0,0,0,2,2,0,0,0,26,26,0,0
1990,"MERCER",38057,11,9,0,2,0,4,2,0,2,0,7,7,0,0
1991,"MERCER",38057,9,9,0,0,0,2,2,0,0,0,7,7,0,0
1992,"MERCER",38057,19,17,0,2,0,2,0,0,2,0,17,17,0,0
1993,"MERCER",38057,7,7,0,0,0,0,0,0,0,0,7,7,0,0
1994,"MERCER",38057,12,11,0,1,0,1,0,0,1,0,11,11,0,0
1995,"MERCER",38057,15,13,0,1,1,2,1,0,1,0,13,12,0,1
1996,"MERCER",38057,19,18,0,1,0,1,0,0,1,0,18,18,0,0
1997,"MERCER",38057,18,18,0,0,0,4,4,0,0,0,14,14,0,0
1998,"MERCER",38057,22,22,0,0,0,0,0,0,0,0,22,22,0,0
1999,"MERCER",38057,21,20,0,1,0,2,1,0,1,0,19,19,0,0
2000,"MERCER",38057,27,25,0,0,2,1,1,0,0,0,26,24,0,2
2001,"MERCER",38057,16,16,0,0,0,0,0,0,0,0,16,16,0,0
2002,"MERCER",38057,16,14,0,0,2,1,1,0,0,0,15,13,0,2
2003,"MERCER",38057,27,25,0,0,2,2,2,0,0,0,25,23,0,2
1990,"MORTON",38059,52,42,1,3,6,7,2,1,3,1,45,40,0,5
1991,"MORTON",38059,43,40,0,2,1,6,3,0,2,1,37,37,0,0
1992,"MORTON",38059,60,57,0,2,1,7,4,0,2,1,53,53,0,0
1993,"MORTON",38059,56,54,1,1,0,4,2,1,1,0,52,52,0,0
1994,"MORTON",38059,53,52,0,0,1,2,2,0,0,0,51,50,0,1
1995,"MORTON",38059,89,85,0,0,4,5,5,0,0,0,84,80,0,4
1996,"MORTON",38059,86,79,0,5,2,8,3,0,5,0,78,76,0,2
1997,"MORTON",38059,118,111,2,0,5,10,6,2,0,2,108,105,0,3
1998,"MORTON",38059,130,124,0,2,4,5,3,0,2,0,125,121,0,4
1999,"MORTON",38059,117,114,1,1,1,7,5,1,1,0,110,109,0,1
2000,"MORTON",38059,125,122,1,1,1,4,1,1,1,1,121,121,0,0
2001,"MORTON",38059,129,126,0,1,2,8,7,0,1,0,121,119,0,2
2002,"MORTON",38059,107,105,0,1,1,12,11,0,1,0,95,94,0,1
2003,"MORTON",38059,118,109,0,1,8,5,3,0,1,1,113,106,0,7
1990,"MOUNTRAIL",38061,5,4,1,0,0,2,1,1,0,0,3,3,0,0
1991,"MOUNTRAIL",38061,6,6,0,0,0,0,0,0,0,0,6,6,0,0
1992,"MOUNTRAIL",38061,9,5,1,3,0,4,0,1,3,0,5,5,0,0
1993,"MOUNTRAIL",38061,13,12,0,1,0,5,4,0,1,0,8,8,0,0
1994,"MOUNTRAIL",38061,9,8,1,0,0,2,1,1,0,0,7,7,0,0
1995,"MOUNTRAIL",38061,5,5,0,0,0,0,0,0,0,0,5,5,0,0
1996,"MOUNTRAIL",38061,3,2,0,1,0,1,0,0,1,0,2,2,0,0
1997,"MOUNTRAIL",38061,8,7,0,1,0,2,1,0,1,0,6,6,0,0
1998,"MOUNTRAIL",38061,17,15,0,2,0,2,0,0,2,0,15,15,0,0
1999,"MOUNTRAIL",38061,12,9,0,2,1,2,0,0,2,0,10,9,0,1
2000,"MOUNTRAIL",38061,9,7,1,0,1,1,0,1,0,0,8,7,0,1
2001,"MOUNTRAIL",38061,21,20,0,1,0,1,0,0,1,0,20,20,0,0
2002,"MOUNTRAIL",38061,13,13,0,0,0,1,1,0,0,0,12,12,0,0
2003,"MOUNTRAIL",38061,8,7,0,1,0,1,0,0,1,0,7,7,0,0
1990,"NELSON",38063,3,3,0,0,0,0,0,0,0,0,3,3,0,0
1991,"NELSON",38063,5,5,0,0,0,0,0,0,0,0,5,5,0,0
1992,"NELSON",38063,3,3,0,0,0,0,0,0,0,0,3,3,0,0
1993,"NELSON",38063,5,5,0,0,0,2,2,0,0,0,3,3,0,0
1994,"NELSON",38063,3,3,0,0,0,1,1,0,0,0,2,2,0,0
1995,"NELSON",38063,1,1,0,0,0,1,1,0,0,0,0,0,0,0
1996,"NELSON",38063,6,5,0,1,0,1,0,0,1,0,5,5,0,0
1997,"NELSON",38063,8,7,0,0,1,0,0,0,0,0,8,7,0,1
1998,"NELSON",38063,11,10,0,0,1,0,0,0,0,0,11,10,0,1
1999,"NELSON",38063,5,5,0,0,0,1,1,0,0,0,4,4,0,0
2000,"NELSON",38063,12,12,0,0,0,2,2,0,0,0,10,10,0,0
2001,"NELSON",38063,10,10,0,0,0,1,1,0,0,0,9,9,0,0
2002,"NELSON",38063,11,11,0,0,0,0,0,0,0,0,11,11,0,0
2003,"NELSON",38063,8,8,0,0,0,1,1,0,0,0,7,7,0,0
1990,"OLIVER",38065,3,3,0,0,0,0,0,0,0,0,3,3,0,0
1991,"OLIVER",38065,1,1,0,0,0,0,0,0,0,0,1,1,0,0
1992,"OLIVER",38065,2,2,0,0,0,1,1,0,0,0,1,1,0,0
1993,"OLIVER",38065,6,6,0,0,0,0,0,0,0,0,6,6,0,0
1994,"OLIVER",38065,4,3,0,0,1,1,0,0,0,1,3,3,0,0
1995,"OLIVER",38065,2,1,0,1,0,1,0,0,1,0,1,1,0,0
1996,"OLIVER",38065,1,1,0,0,0,0,0,0,0,0,1,1,0,0
1997,"OLIVER",38065,6,5,0,1,0,1,0,0,1,0,5,5,0,0
1998,"OLIVER",38065,3,3,0,0,0,0,0,0,0,0,3,3,0,0
1999,"OLIVER",38065,2,2,0,0,0,0,0,0,0,0,2,2,0,0
2000,"OLIVER",38065,3,3,0,0,0,0,0,0,0,0,3,3,0,0
2001,"OLIVER",38065,5,5,0,0,0,0,0,0,0,0,5,5,0,0
2002,"OLIVER",38065,5,5,0,0,0,1,1,0,0,0,4,4,0,0
2003,"OLIVER",38065,2,2,0,0,0,0,0,0,0,0,2,2,0,0
1990,"PEMBINA",38067,7,7,0,0,0,0,0,0,0,0,7,7,0,0
1991,"PEMBINA",38067,20,20,0,0,0,4,4,0,0,0,16,16,0,0
1992,"PEMBINA",38067,15,14,0,0,1,2,2,0,0,0,13,12,0,1
1993,"PEMBINA",38067,11,9,0,1,1,1,0,0,1,0,10,9,0,1
1994,"PEMBINA",38067,14,13,0,0,1,0,0,0,0,0,14,13,0,1
1995,"PEMBINA",38067,9,8,0,0,1,0,0,0,0,0,9,8,0,1
1996,"PEMBINA",38067,12,12,0,0,0,0,0,0,0,0,12,12,0,0
1997,"PEMBINA",38067,14,14,0,0,0,0,0,0,0,0,14,14,0,0
1998,"PEMBINA",38067,26,26,0,0,0,2,2,0,0,0,24,24,0,0
1999,"PEMBINA",38067,25,22,0,2,1,2,0,0,2,0,23,22,0,1
2000,"PEMBINA",38067,31,27,0,0,4,6,4,0,0,2,25,23,0,2
2001,"PEMBINA",38067,28,28,0,0,0,1,1,0,0,0,27,27,0,0
2002,"PEMBINA",38067,16,15,0,0,1,2,2,0,0,0,14,13,0,1
2003,"PEMBINA",38067,26,23,0,0,3,1,1,0,0,0,25,22,0,3
1990,"PIERCE",38069,5,5,0,0,0,0,0,0,0,0,5,5,0,0
1991,"PIERCE",38069,5,4,0,1,0,1,0,0,1,0,4,4,0,0
1992,"PIERCE",38069,3,3,0,0,0,1,1,0,0,0,2,2,0,0
1993,"PIERCE",38069,4,4,0,0,0,0,0,0,0,0,4,4,0,0
1994,"PIERCE",38069,8,8,0,0,0,2,2,0,0,0,6,6,0,0
1995,"PIERCE",38069,6,4,0,1,1,2,1,0,1,0,4,3,0,1
1996,"PIERCE",38069,7,6,0,0,1,0,0,0,0,0,7,6,0,1
1997,"PIERCE",38069,15,14,0,1,0,1,0,0,1,0,14,14,0,0
1998,"PIERCE",38069,10,10,0,0,0,0,0,0,0,0,10,10,0,0
1999,"PIERCE",38069,15,15,0,0,0,0,0,0,0,0,15,15,0,0
2000,"PIERCE",38069,9,9,0,0,0,0,0,0,0,0,9,9,0,0
2001,"PIERCE",38069,24,22,0,0,2,1,0,0,0,1,23,22,0,1
2002,"PIERCE",38069,13,12,0,1,0,2,1,0,1,0,11,11,0,0
2003,"PIERCE",38069,6,6,0,0,0,1,1,0,0,0,5,5,0,0
1990,"RAMSEY",38071,20,19,0,1,0,3,2,0,1,0,17,17,0,0
1991,"RAMSEY",38071,21,19,1,0,1,4,3,1,0,0,17,16,0,1
1992,"RAMSEY",38071,25,23,0,2,0,3,1,0,2,0,22,22,0,0
1993,"RAMSEY",38071,14,14,0,0,0,1,1,0,0,0,13,13,0,0
1994,"RAMSEY",38071,16,15,0,0,1,1,1,0,0,0,15,14,0,1
1995,"RAMSEY",38071,34,34,0,0,0,2,2,0,0,0,32,32,0,0
1996,"RAMSEY",38071,22,22,0,0,0,2,2,0,0,0,20,20,0,0
1997,"RAMSEY",38071,30,30,0,0,0,4,4,0,0,0,26,26,0,0
1998,"RAMSEY",38071,29,27,0,0,2,2,1,0,0,1,27,26,0,1
1999,"RAMSEY",38071,52,48,0,1,3,4,3,0,1,0,48,45,0,3
2000,"RAMSEY",38071,43,43,0,0,0,2,2,0,0,0,41,41,0,0
2001,"RAMSEY",38071,42,42,0,0,0,1,1,0,0,0,41,41,0,0
2002,"RAMSEY",38071,50,49,0,0,1,0,0,0,0,0,50,49,0,1
2003,"RAMSEY",38071,47,46,0,0,1,2,2,0,0,0,45,44,0,1
1990,"RANSOM",38073,9,7,0,1,1,1,0,0,1,0,8,7,0,1
1991,"RANSOM",38073,6,5,1,0,0,3,2,1,0,0,3,3,0,0
1992,"RANSOM",38073,5,5,0,0,0,0,0,0,0,0,5,5,0,0
1993,"RANSOM",38073,7,6,0,0,1,0,0,0,0,0,7,6,0,1
1994,"RANSOM",38073,4,4,0,0,0,1,1,0,0,0,3,3,0,0
1995,"RANSOM",38073,5,5,0,0,0,0,0,0,0,0,5,5,0,0
1996,"RANSOM",38073,4,4,0,0,0,1,1,0,0,0,3,3,0,0
1997,"RANSOM",38073,11,11,0,0,0,2,2,0,0,0,9,9,0,0
1998,"RANSOM",38073,14,13,0,0,1,0,0,0,0,0,14,13,0,1
1999,"RANSOM",38073,20,18,0,0,2,1,1,0,0,0,19,17,0,2
2000,"RANSOM",38073,7,5,0,0,2,0,0,0,0,0,7,5,0,2
2001,"RANSOM",38073,16,15,0,0,1,0,0,0,0,0,16,15,0,1
2002,"RANSOM",38073,14,13,0,0,1,0,0,0,0,0,14,13,0,1
2003,"RANSOM",38073,14,13,0,0,1,0,0,0,0,0,14,13,0,1
1990,"RENVILLE",38075,3,3,0,0,0,1,1,0,0,0,2,2,0,0
1991,"RENVILLE",38075,9,5,0,2,2,4,2,0,2,0,5,3,0,2
1992,"RENVILLE",38075,3,1,0,2,0,2,0,0,2,0,1,1,0,0
1993,"RENVILLE",38075,7,6,0,1,0,3,2,0,1,0,4,4,0,0
1994,"RENVILLE",38075,3,2,0,1,0,1,0,0,1,0,2,2,0,0
1995,"RENVILLE",38075,2,2,0,0,0,0,0,0,0,0,2,2,0,0
1996,"RENVILLE",38075,10,9,0,1,0,2,1,0,1,0,8,8,0,0
1997,"RENVILLE",38075,4,3,0,1,0,1,0,0,1,0,3,3,0,0
1998,"RENVILLE",38075,6,5,0,1,0,1,0,0,1,0,5,5,0,0
1999,"RENVILLE",38075,10,10,0,0,0,0,0,0,0,0,10,10,0,0
2000,"RENVILLE",38075,4,4,0,0,0,0,0,0,0,0,4,4,0,0
2001,"RENVILLE",38075,7,7,0,0,0,0,0,0,0,0,7,7,0,0
2002,"RENVILLE",38075,4,4,0,0,0,1,1,0,0,0,3,3,0,0
2003,"RENVILLE",38075,9,8,0,0,1,0,0,0,0,0,9,8,0,1
1990,"RICHLAND",38077,27,25,0,1,1,4,3,0,1,0,23,22,0,1
1991,"RICHLAND",38077,34,32,0,0,2,4,4,0,0,0,30,28,0,2
1992,"RICHLAND",38077,26,23,2,0,1,4,2,2,0,0,22,21,0,1
1993,"RICHLAND",38077,38,37,0,1,0,5,4,0,1,0,33,33,0,0
1994,"RICHLAND",38077,31,31,0,0,0,4,4,0,0,0,27,27,0,0
1995,"RICHLAND",38077,39,37,0,0,2,2,1,0,0,1,37,36,0,1
1996,"RICHLAND",38077,51,48,0,1,2,6,5,0,1,0,45,43,0,2
1997,"RICHLAND",38077,49,47,0,0,2,0,0,0,0,0,49,47,0,2
1998,"RICHLAND",38077,48,45,0,0,3,0,0,0,0,0,48,45,0,3
1999,"RICHLAND",38077,48,44,0,1,3,2,0,0,1,1,46,44,0,2
2000,"RICHLAND",38077,56,56,0,0,0,1,1,0,0,0,55,55,0,0
2001,"RICHLAND",38077,47,46,1,0,0,2,1,1,0,0,45,45,0,0
2002,"RICHLAND",38077,51,50,0,0,1,1,1,0,0,0,50,49,0,1
2003,"RICHLAND",38077,50,46,3,0,1,5,2,3,0,0,45,44,0,1
1990,"ROLETTE",38079,6,6,0,0,0,1,1,0,0,0,5,5,0,0
1991,"ROLETTE",38079,9,9,0,0,0,0,0,0,0,0,9,9,0,0
1992,"ROLETTE",38079,12,10,0,2,0,4,2,0,2,0,8,8,0,0
1993,"ROLETTE",38079,2,2,0,0,0,1,1,0,0,0,1,1,0,0
1994,"ROLETTE",38079,5,5,0,0,0,1,1,0,0,0,4,4,0,0
1995,"ROLETTE",38079,4,3,0,1,0,2,1,0,1,0,2,2,0,0
1996,"ROLETTE",38079,23,22,0,1,0,4,3,0,1,0,19,19,0,0
1997,"ROLETTE",38079,21,16,0,0,5,2,0,0,0,2,19,16,0,3
1998,"ROLETTE",38079,13,12,0,1,0,1,0,0,1,0,12,12,0,0
1999,"ROLETTE",38079,23,23,0,0,0,0,0,0,0,0,23,23,0,0
2000,"ROLETTE",38079,21,20,0,0,1,3,3,0,0,0,18,17,0,1
2001,"ROLETTE",38079,36,35,0,0,1,1,0,0,0,1,35,35,0,0
2002,"ROLETTE",38079,33,32,0,0,1,0,0,0,0,0,33,32,0,1
2003,"ROLETTE",38079,27,25,0,0,2,1,1,0,0,0,26,24,0,2
1990,"SARGENT",38081,8,7,0,0,1,1,1,0,0,0,7,6,0,1
1991,"SARGENT",38081,5,4,0,1,0,1,0,0,1,0,4,4,0,0
1992,"SARGENT",38081,1,1,0,0,0,0,0,0,0,0,1,1,0,0
1993,"SARGENT",38081,8,8,0,0,0,0,0,0,0,0,8,8,0,0
1994,"SARGENT",38081,3,3,0,0,0,0,0,0,0,0,3,3,0,0
1995,"SARGENT",38081,9,9,0,0,0,2,2,0,0,0,7,7,0,0
1996,"SARGENT",38081,5,5,0,0,0,1,1,0,0,0,4,4,0,0
1997,"SARGENT",38081,8,8,0,0,0,0,0,0,0,0,8,8,0,0
1998,"SARGENT",38081,12,10,0,0,2,1,0,0,0,1,11,10,0,1
1999,"SARGENT",38081,7,7,0,0,0,0,0,0,0,0,7,7,0,0
2000,"SARGENT",38081,7,6,0,0,1,0,0,0,0,0,7,6,0,1
2001,"SARGENT",38081,13,13,0,0,0,0,0,0,0,0,13,13,0,0
2002,"SARGENT",38081,9,7,0,1,1,2,1,0,1,0,7,6,0,1
2003,"SARGENT",38081,9,9,0,0,0,2,2,0,0,0,7,7,0,0
1990,"SHERIDAN",38083,4,2,0,2,0,2,0,0,2,0,2,2,0,0
1991,"SHERIDAN",38083,9,6,0,2,1,2,0,0,2,0,7,6,0,1
1992,"SHERIDAN",38083,3,3,0,0,0,0,0,0,0,0,3,3,0,0
1993,"SHERIDAN",38083,2,1,0,1,0,1,0,0,1,0,1,1,0,0
1994,"SHERIDAN",38083,3,1,0,2,0,2,0,0,2,0,1,1,0,0
1996,"SHERIDAN",38083,4,4,0,0,0,0,0,0,0,0,4,4,0,0
1997,"SHERIDAN",38083,1,1,0,0,0,1,1,0,0,0,0,0,0,0
1998,"SHERIDAN",38083,3,3,0,0,0,0,0,0,0,0,3,3,0,0
1999,"SHERIDAN",38083,6,4,0,2,0,3,1,0,2,0,3,3,0,0
2000,"SHERIDAN",38083,7,7,0,0,0,0,0,0,0,0,7,7,0,0
2001,"SHERIDAN",38083,7,7,0,0,0,0,0,0,0,0,7,7,0,0
2002,"SHERIDAN",38083,8,6,1,0,1,2,0,1,0,1,6,6,0,0
2003,"SHERIDAN",38083,6,5,0,1,0,2,1,0,1,0,4,4,0,0
1990,"SIOUX",38085,3,3,0,0,0,0,0,0,0,0,3,3,0,0
1991,"SIOUX",38085,4,3,0,1,0,2,1,0,1,0,2,2,0,0
1992,"SIOUX",38085,2,1,0,0,1,1,1,0,0,0,1,0,0,1
1993,"SIOUX",38085,4,1,0,2,1,4,1,0,2,1,0,0,0,0
1994,"SIOUX",38085,2,1,0,1,0,1,0,0,1,0,1,1,0,0
1995,"SIOUX",38085,2,1,0,1,0,1,0,0,1,0,1,1,0,0
1996,"SIOUX",38085,2,1,0,1,0,1,0,0,1,0,1,1,0,0
1997,"SIOUX",38085,3,2,0,0,1,1,0,0,0,1,2,2,0,0
1998,"SIOUX",38085,10,9,0,1,0,1,0,0,1,0,9,9,0,0
1999,"SIOUX",38085,8,7,0,1,0,3,2,0,1,0,5,5,0,0
2000,"SIOUX",38085,3,2,0,0,1,0,0,0,0,0,3,2,0,1
2001,"SIOUX",38085,4,2,0,2,0,2,0,0,2,0,2,2,0,0
2002,"SIOUX",38085,5,4,0,0,1,0,0,0,0,0,5,4,0,1
2003,"SIOUX",38085,5,5,0,0,0,0,0,0,0,0,5,5,0,0
1991,"SLOPE",38087,2,1,0,0,1,0,0,0,0,0,2,1,0,1
1992,"SLOPE",38087,3,2,0,1,0,1,0,0,1,0,2,2,0,0
1993,"SLOPE",38087,1,1,0,0,0,0,0,0,0,0,1,1,0,0
1997,"SLOPE",38087,1,1,0,0,0,0,0,0,0,0,1,1,0,0
1999,"SLOPE",38087,0,0,0,0,0,0,0,0,0,0,0,0,0,0
2000,"SLOPE",38087,2,2,0,0,0,0,0,0,0,0,2,2,0,0
2001,"SLOPE",38087,1,1,0,0,0,0,0,0,0,0,1,1,0,0
2002,"SLOPE",38087,3,2,0,1,0,2,1,0,1,0,1,1,0,0
1990,"STARK",38089,43,35,1,4,3,12,5,1,4,2,31,30,0,1
1991,"STARK",38089,38,33,2,1,2,5,2,2,1,0,33,31,0,2
1992,"STARK",38089,53,50,0,2,1,6,3,0,2,1,47,47,0,0
1993,"STARK",38089,42,37,1,1,3,8,3,1,1,3,34,34,0,0
1994,"STARK",38089,44,40,0,3,1,6,2,0,3,1,38,38,0,0
1995,"STARK",38089,37,35,0,0,2,4,3,0,0,1,33,32,0,1
1996,"STARK",38089,69,65,1,1,2,8,5,0,1,2,61,60,1,0
1997,"STARK",38089,76,73,0,0,3,5,4,0,0,1,71,69,0,2
1998,"STARK",38089,66,64,1,1,0,3,1,1,1,0,63,63,0,0
1999,"STARK",38089,75,68,0,3,4,5,0,0,3,2,70,68,0,2
2000,"STARK",38089,71,67,0,1,3,3,2,0,1,0,68,65,0,3
2001,"STARK",38089,88,86,0,1,1,8,7,0,1,0,80,79,0,1
2002,"STARK",38089,86,83,0,0,3,7,7,0,0,0,79,76,0,3
2003,"STARK",38089,79,75,1,2,1,7,3,1,2,1,72,72,0,0
1990,"STEELE",38091,1,1,0,0,0,0,0,0,0,0,1,1,0,0
1991,"STEELE",38091,1,1,0,0,0,0,0,0,0,0,1,1,0,0
1992,"STEELE",38091,2,1,1,0,0,1,0,1,0,0,1,1,0,0
1994,"STEELE",38091,6,5,0,0,1,0,0,0,0,0,6,5,0,1
1996,"STEELE",38091,1,1,0,0,0,0,0,0,0,0,1,1,0,0
1997,"STEELE",38091,3,3,0,0,0,1,1,0,0,0,2,2,0,0
1998,"STEELE",38091,3,3,0,0,0,1,1,0,0,0,2,2,0,0
1999,"STEELE",38091,3,3,0,0,0,1,1,0,0,0,2,2,0,0
2000,"STEELE",38091,1,1,0,0,0,0,0,0,0,0,1,1,0,0
2001,"STEELE",38091,8,7,0,0,1,2,2,0,0,0,6,5,0,1
2002,"STEELE",38091,3,3,0,0,0,0,0,0,0,0,3,3,0,0
2003,"STEELE",38091,3,3,0,0,0,0,0,0,0,0,3,3,0,0
1990,"STUTSMAN",38093,21,20,0,0,1,5,4,0,0,1,16,16,0,0
1991,"STUTSMAN",38093,37,37,0,0,0,5,5,0,0,0,32,32,0,0
1992,"STUTSMAN",38093,42,40,0,0,2,7,5,0,0,2,35,35,0,0
1993,"STUTSMAN",38093,24,22,0,1,1,2,0,0,1,1,22,22,0,0
1994,"STUTSMAN",38093,32,32,0,0,0,4,4,0,0,0,28,28,0,0
1995,"STUTSMAN",38093,28,25,0,0,3,1,1,0,0,0,27,24,0,3
1996,"STUTSMAN",38093,46,42,0,0,4,2,2,0,0,0,44,40,0,4
1997,"STUTSMAN",38093,51,50,0,0,1,2,2,0,0,0,49,48,0,1
1998,"STUTSMAN",38093,58,56,0,0,2,2,2,0,0,0,56,54,0,2
1999,"STUTSMAN",38093,75,70,0,1,4,3,2,0,1,0,72,68,0,4
2000,"STUTSMAN",38093,49,49,0,0,0,2,2,0,0,0,47,47,0,0
2001,"STUTSMAN",38093,77,75,0,0,2,5,5,0,0,0,72,70,0,2
2002,"STUTSMAN",38093,75,67,6,1,1,9,2,6,1,0,66,65,0,1
2003,"STUTSMAN",38093,74,72,0,0,2,3,2,0,0,1,71,70,0,1
1990,"TOWNER",38095,6,6,0,0,0,2,2,0,0,0,4,4,0,0
1991,"TOWNER",38095,6,6,0,0,0,1,1,0,0,0,5,5,0,0
1992,"TOWNER",38095,5,5,0,0,0,0,0,0,0,0,5,5,0,0
1993,"TOWNER",38095,3,3,0,0,0,0,0,0,0,0,3,3,0,0
1994,"TOWNER",38095,8,5,0,2,1,2,0,0,2,0,6,5,0,1
1995,"TOWNER",38095,4,4,0,0,0,1,1,0,0,0,3,3,0,0
1996,"TOWNER",38095,6,6,0,0,0,1,1,0,0,0,5,5,0,0
1997,"TOWNER",38095,7,7,0,0,0,0,0,0,0,0,7,7,0,0
1998,"TOWNER",38095,7,7,0,0,0,1,1,0,0,0,6,6,0,0
1999,"TOWNER",38095,6,6,0,0,0,2,2,0,0,0,4,4,0,0
2000,"TOWNER",38095,4,4,0,0,0,1,1,0,0,0,3,3,0,0
2001,"TOWNER",38095,8,8,0,0,0,0,0,0,0,0,8,8,0,0
2002,"TOWNER",38095,16,15,0,0,1,1,1,0,0,0,15,14,0,1
2003,"TOWNER",38095,14,14,0,0,0,1,1,0,0,0,13,13,0,0
1990,"TRAILL",38097,2,2,0,0,0,0,0,0,0,0,2,2,0,0
1991,"TRAILL",38097,7,7,0,0,0,1,1,0,0,0,6,6,0,0
1992,"TRAILL",38097,12,10,0,1,1,2,1,0,1,0,10,9,0,1
1993,"TRAILL",38097,10,10,0,0,0,1,1,0,0,0,9,9,0,0
1994,"TRAILL",38097,13,13,0,0,0,2,2,0,0,0,11,11,0,0
1995,"TRAILL",38097,10,10,0,0,0,2,2,0,0,0,8,8,0,0
1996,"TRAILL",38097,19,17,0,0,2,3,3,0,0,0,16,14,0,2
1997,"TRAILL",38097,19,19,0,0,0,0,0,0,0,0,19,19,0,0
1998,"TRAILL",38097,21,20,0,0,1,1,1,0,0,0,20,19,0,1
1999,"TRAILL",38097,19,18,0,1,0,2,1,0,1,0,17,17,0,0
2000,"TRAILL",38097,29,25,0,0,4,3,2,0,0,1,26,23,0,3
2001,"TRAILL",38097,30,27,0,0,3,2,1,0,0,1,28,26,0,2
2002,"TRAILL",38097,19,18,0,0,1,0,0,0,0,0,19,18,0,1
2003,"TRAILL",38097,22,20,0,0,2,2,2,0,0,0,20,18,0,2
1990,"WALSH",38099,20,20,0,0,0,2,2,0,0,0,18,18,0,0
1991,"WALSH",38099,28,27,1,0,0,7,6,1,0,0,21,21,0,0
1992,"WALSH",38099,29,27,0,0,2,6,5,0,0,1,23,22,0,1
1993,"WALSH",38099,11,11,0,0,0,0,0,0,0,0,11,11,0,0
1994,"WALSH",38099,26,24,0,1,1,4,3,0,1,0,22,21,0,1
1995,"WALSH",38099,19,16,0,0,3,1,1,0,0,0,18,15,0,3
1996,"WALSH",38099,21,21,0,0,0,0,0,0,0,0,21,21,0,0
1997,"WALSH",38099,32,29,0,1,2,5,4,0,1,0,27,25,0,2
1998,"WALSH",38099,31,29,0,1,1,3,2,0,1,0,28,27,0,1
1999,"WALSH",38099,36,36,0,0,0,0,0,0,0,0,36,36,0,0
2000,"WALSH",38099,42,42,0,0,0,4,4,0,0,0,38,38,0,0
2001,"WALSH",38099,47,47,0,0,0,5,5,0,0,0,42,42,0,0
2002,"WALSH",38099,55,51,0,0,4,3,3,0,0,0,52,48,0,4
2003,"WALSH",38099,40,40,0,0,0,2,2,0,0,0,38,38,0,0
1990,"WARD",38101,112,108,1,1,2,9,7,1,1,0,103,101,0,2
1991,"WARD",38101,143,136,1,4,2,13,7,1,4,1,130,129,0,1
1992,"WARD",38101,120,117,1,1,1,11,9,1,1,0,109,108,0,1
1993,"WARD",38101,107,105,1,1,0,12,10,1,1,0,95,95,0,0
1994,"WARD",38101,114,112,0,2,0,10,8,0,2,0,104,104,0,0
1995,"WARD",38101,163,158,2,1,2,5,3,1,1,0,158,155,1,2
1996,"WARD",38101,218,212,0,3,3,11,8,0,3,0,207,204,0,3
1997,"WARD",38101,241,228,1,2,10,11,8,1,2,0,230,220,0,10
1998,"WARD",38101,243,226,0,1,16,6,2,0,1,3,237,224,0,13
1999,"WARD",38101,235,219,1,2,13,11,6,1,2,2,224,213,0,11
2000,"WARD",38101,236,222,2,1,11,7,4,2,1,0,229,218,0,11
2001,"WARD",38101,262,250,1,1,10,7,5,1,1,0,255,245,0,10
2002,"WARD",38101,178,170,0,0,8,3,3,0,0,0,175,167,0,8
2003,"WARD",38101,207,199,0,1,7,3,2,0,1,0,204,197,0,7
1990,"WELLS",38103,10,8,0,2,0,6,4,0,2,0,4,4,0,0
1991,"WELLS",38103,15,12,0,1,2,4,1,0,1,2,11,11,0,0
1992,"WELLS",38103,11,11,0,0,0,4,4,0,0,0,7,7,0,0
1993,"WELLS",38103,8,8,0,0,0,3,3,0,0,0,5,5,0,0
1994,"WELLS",38103,7,5,0,1,1,3,1,0,1,1,4,4,0,0
1995,"WELLS",38103,8,5,0,3,0,5,2,0,3,0,3,3,0,0
1996,"WELLS",38103,14,12,0,2,0,7,5,0,2,0,7,7,0,0
1997,"WELLS",38103,14,10,0,3,1,3,0,0,3,0,11,10,0,1
1998,"WELLS",38103,11,10,0,0,1,1,1,0,0,0,10,9,0,1
1999,"WELLS",38103,9,9,0,0,0,0,0,0,0,0,9,9,0,0
2000,"WELLS",38103,7,7,0,0,0,0,0,0,0,0,7,7,0,0
2001,"WELLS",38103,7,6,1,0,0,1,0,1,0,0,6,6,0,0
2002,"WELLS",38103,15,15,0,0,0,1,1,0,0,0,14,14,0,0
2003,"WELLS",38103,20,19,0,0,1,1,1,0,0,0,19,18,0,1
1990,"WILLIAMS",38105,31,30,0,1,0,6,5,0,1,0,25,25,0,0
1991,"WILLIAMS",38105,48,43,0,2,2,6,2,0,2,1,42,41,0,1
1992,"WILLIAMS",38105,53,49,1,0,3,9,6,1,0,2,44,43,0,1
1993,"WILLIAMS",38105,28,23,0,3,2,8,4,0,3,1,20,19,0,1
1994,"WILLIAMS",38105,36,34,0,2,0,2,0,0,2,0,34,34,0,0
1995,"WILLIAMS",38105,36,35,0,1,0,2,1,0,1,0,34,34,0,0
1996,"WILLIAMS",38105,44,41,0,1,2,4,2,0,1,1,40,39,0,1
1997,"WILLIAMS",38105,48,46,1,0,1,3,1,1,0,1,45,45,0,0
1998,"WILLIAMS",38105,56,54,0,0,2,0,0,0,0,0,56,54,0,2
1999,"WILLIAMS",38105,84,79,2,1,2,3,0,2,1,0,81,79,0,2
2000,"WILLIAMS",38105,53,52,0,0,1,1,1,0,0,0,52,51,0,1
2001,"WILLIAMS",38105,41,40,0,0,1,3,3,0,0,0,38,37,0,1
2002,"WILLIAMS",38105,59,57,0,1,1,3,2,0,1,0,56,55,0,1
2003,"WILLIAMS",38105,61,60,0,0,1,0,0,0,0,0,61,60,0,1
1990,"ADAMS",39001,53,49,0,0,4,6,5,0,0,1,47,44,0,3
1991,"ADAMS",39001,67,62,2,1,2,2,0,1,1,0,65,62,1,2
1992,"ADAMS",39001,73,67,0,0,6,1,1,0,0,0,72,66,0,6
1993,"ADAMS",39001,83,78,0,0,5,3,2,0,0,1,80,76,0,4
1994,"ADAMS",39001,79,68,0,1,10,4,1,0,1,2,75,67,0,8
1995,"ADAMS",39001,112,94,0,0,18,1,1,0,0,0,111,93,0,18
1996,"ADAMS",39001,122,91,0,1,30,1,0,0,1,0,121,91,0,30
1997,"ADAMS",39001,156,127,1,4,24,7,2,1,4,0,149,125,0,24
1998,"ADAMS",39001,144,120,0,0,24,3,2,0,0,1,141,118,0,23
1999,"ADAMS",39001,122,104,1,0,17,1,0,1,0,0,121,104,0,17
2000,"ADAMS",39001,143,122,0,0,21,1,0,0,0,1,142,122,0,20
2001,"ADAMS",39001,182,155,0,0,27,1,1,0,0,0,181,154,0,27
2002,"ADAMS",39001,178,139,0,1,38,2,1,0,1,0,176,138,0,38
2003,"ADAMS",39001,193,151,0,2,40,2,0,0,2,0,191,151,0,40
1990,"ALLEN",39003,299,280,3,1,15,28,20,3,1,4,271,260,0,11
1991,"ALLEN",39003,365,340,8,0,17,16,6,7,0,3,349,334,1,14
1992,"ALLEN",39003,383,358,3,1,21,18,13,3,1,1,365,345,0,20
1993,"ALLEN",39003,296,273,1,0,22,10,8,1,0,1,286,265,0,21
1994,"ALLEN",39003,271,257,0,0,14,12,11,0,0,1,259,246,0,13
1995,"ALLEN",39003,307,291,2,0,14,18,13,2,0,3,289,278,0,11
1996,"ALLEN",39003,368,353,2,0,13,17,15,2,0,0,351,338,0,13
1997,"ALLEN",39003,468,446,0,1,21,9,7,0,1,1,459,439,0,20
1998,"ALLEN",39003,507,482,0,1,24,12,8,0,1,3,495,474,0,21
1999,"ALLEN",39003,462,437,2,0,23,14,11,2,0,1,448,426,0,22
2000,"ALLEN",39003,441,414,3,0,24,14,10,3,0,1,427,404,0,23
2001,"ALLEN",39003,629,603,3,0,23,22,17,3,0,2,607,586,0,21
2002,"ALLEN",39003,678,631,1,0,46,20,16,1,0,3,658,615,0,43
2003,"ALLEN",39003,751,711,0,0,40,10,9,0,0,1,741,702,0,39
1990,"ASHLAND",39005,115,94,0,1,20,4,3,0,1,0,111,91,0,20
1991,"ASHLAND",39005,137,116,0,1,20,6,5,0,1,0,131,111,0,20
1992,"ASHLAND",39005,139,106,0,2,31,9,5,0,2,2,130,101,0,29
1993,"ASHLAND",39005,95,76,2,0,17,13,9,2,0,2,82,67,0,15
1994,"ASHLAND",39005,92,71,0,1,20,6,3,0,1,2,86,68,0,18
1995,"ASHLAND",39005,116,94,0,1,21,4,0,0,1,3,112,94,0,18
1996,"ASHLAND",39005,184,158,0,0,26,3,3,0,0,0,181,155,0,26
1997,"ASHLAND",39005,164,138,0,0,26,6,5,0,0,1,158,133,0,25
1998,"ASHLAND",39005,153,125,1,1,26,7,3,1,1,2,146,122,0,24
1999,"ASHLAND",39005,209,165,0,0,44,12,9,0,0,3,197,156,0,41
2000,"ASHLAND",39005,241,197,0,0,44,15,11,0,0,4,226,186,0,40
2001,"ASHLAND",39005,273,241,0,0,32,11,10,0,0,1,262,231,0,31
2002,"ASHLAND",39005,283,243,0,0,40,13,11,0,0,2,270,232,0,38
2003,"ASHLAND",39005,326,283,2,0,41,5,3,2,0,0,321,280,0,41
1990,"ASHTABULA",39007,419,391,1,1,26,18,12,1,1,4,401,379,0,22
1991,"ASHTABULA",39007,425,384,5,4,32,23,10,5,4,4,402,374,0,28
1992,"ASHTABULA",39007,426,387,7,1,31,17,7,6,1,3,409,380,1,28
1993,"ASHTABULA",39007,386,359,4,0,23,9,6,3,0,0,377,353,1,23
1994,"ASHTABULA",39007,383,354,3,1,25,10,4,3,1,2,373,350,0,23
1995,"ASHTABULA",39007,432,403,0,1,28,5,4,0,1,0,427,399,0,28
1996,"ASHTABULA",39007,503,472,1,3,27,11,7,1,3,0,492,465,0,27
1997,"ASHTABULA",39007,595,564,2,0,29,8,5,2,0,1,587,559,0,28
1998,"ASHTABULA",39007,531,496,0,0,35,18,16,0,0,2,513,480,0,33
1999,"ASHTABULA",39007,521,479,0,0,42,33,28,0,0,5,488,451,0,37
2000,"ASHTABULA",39007,465,427,1,0,37,32,30,1,0,1,433,397,0,36
2001,"ASHTABULA",39007,655,595,0,0,60,32,27,0,0,5,623,568,0,55
2002,"ASHTABULA",39007,756,691,5,0,60,43,34,5,0,4,713,657,0,56
2003,"ASHTABULA",39007,953,831,3,1,118,39,31,3,1,4,914,800,0,114
1990,"ATHENS",39009,84,71,1,0,12,1,0,1,0,0,83,71,0,12
1991,"ATHENS",39009,101,83,0,0,18,1,0,0,0,1,100,83,0,17
1992,"ATHENS",39009,111,94,0,0,17,2,1,0,0,1,109,93,0,16
1993,"ATHENS",39009,118,103,0,0,15,5,4,0,0,1,113,99,0,14
1994,"ATHENS",39009,73,59,0,0,14,1,1,0,0,0,72,58,0,14
1995,"ATHENS",39009,103,92,0,0,11,4,4,0,0,0,99,88,0,11
1996,"ATHENS",39009,127,104,0,0,23,6,6,0,0,0,121,98,0,23
1997,"ATHENS",39009,156,139,2,0,15,7,4,2,0,1,149,135,0,14
1998,"ATHENS",39009,158,139,0,0,19,2,2,0,0,0,156,137,0,19
1999,"ATHENS",39009,156,133,1,0,22,5,1,1,0,3,151,132,0,19
2000,"ATHENS",39009,172,148,0,0,24,1,1,0,0,0,171,147,0,24
2001,"ATHENS",39009,154,126,0,0,28,2,1,0,0,1,152,125,0,27
2002,"ATHENS",39009,184,153,0,0,31,8,6,0,0,2,176,147,0,29
2003,"ATHENS",39009,177,149,2,0,26,4,2,2,0,0,173,147,0,26
1990,"AUGLAIZE",39011,77,69,2,0,6,8,6,2,0,0,69,63,0,6
1991,"AUGLAIZE",39011,128,119,1,0,8,7,5,1,0,1,121,114,0,7
1992,"AUGLAIZE",39011,100,96,1,1,2,6,4,1,1,0,94,92,0,2
1993,"AUGLAIZE",39011,62,57,1,0,4,3,1,1,0,1,59,56,0,3
1994,"AUGLAIZE",39011,80,74,0,0,6,6,5,0,0,1,74,69,0,5
1995,"AUGLAIZE",39011,99,96,0,0,3,5,5,0,0,0,94,91,0,3
1996,"AUGLAIZE",39011,119,110,0,0,9,3,1,0,0,2,116,109,0,7
1997,"AUGLAIZE",39011,129,124,0,0,5,3,2,0,0,1,126,122,0,4
1998,"AUGLAIZE",39011,165,160,0,0,5,4,4,0,0,0,161,156,0,5
1999,"AUGLAIZE",39011,124,114,1,0,9,8,6,1,0,1,116,108,0,8
2000,"AUGLAIZE",39011,143,137,1,0,5,5,3,1,0,1,138,134,0,4
2001,"AUGLAIZE",39011,225,212,1,0,12,6,4,1,0,1,219,208,0,11
2002,"AUGLAIZE",39011,226,213,0,0,13,5,4,0,0,1,221,209,0,12
2003,"AUGLAIZE",39011,258,245,0,0,13,1,1,0,0,0,257,244,0,13
1990,"BELMONT",39013,133,129,2,0,2,3,2,1,0,0,130,127,1,2
1991,"BELMONT",39013,143,140,2,0,1,4,3,1,0,0,139,137,1,1
1992,"BELMONT",39013,161,148,1,1,11,14,10,1,1,2,147,138,0,9
1993,"BELMONT",39013,170,150,0,0,20,9,8,0,0,1,161,142,0,19
1994,"BELMONT",39013,222,199,1,0,22,15,12,1,0,2,207,187,0,20
1995,"BELMONT",39013,208,196,0,0,12,9,7,0,0,2,199,189,0,10
1996,"BELMONT",39013,299,270,0,0,29,14,9,0,0,5,285,261,0,24
1997,"BELMONT",39013,357,327,1,0,29,19,9,1,0,9,338,318,0,20
1998,"BELMONT",39013,383,363,0,0,20,11,5,0,0,6,372,358,0,14
1999,"BELMONT",39013,328,310,0,0,18,7,4,0,0,3,321,306,0,15
2000,"BELMONT",39013,367,335,0,0,32,5,4,0,0,1,362,331,0,31
2001,"BELMONT",39013,441,418,2,0,21,4,2,2,0,0,437,416,0,21
2002,"BELMONT",39013,451,437,0,0,14,3,3,0,0,0,448,434,0,14
2003,"BELMONT",39013,499,465,1,0,33,1,0,1,0,0,498,465,0,33
1990,"BROWN",39015,142,125,0,0,17,8,7,0,0,1,134,118,0,16
1991,"BROWN",39015,175,159,0,0,16,3,3,0,0,0,172,156,0,16
1992,"BROWN",39015,157,127,0,2,28,9,3,0,2,4,148,124,0,24
1993,"BROWN",39015,139,118,0,1,20,4,2,0,1,1,135,116,0,19
1994,"BROWN",39015,103,93,0,0,10,6,3,0,0,3,97,90,0,7
1995,"BROWN",39015,128,104,0,0,24,2,2,0,0,0,126,102,0,24
1996,"BROWN",39015,147,124,0,1,22,2,0,0,1,1,145,124,0,21
1997,"BROWN",39015,193,164,0,0,29,5,2,0,0,3,188,162,0,26
1998,"BROWN",39015,176,150,0,0,26,3,3,0,0,0,173,147,0,26
1999,"BROWN",39015,189,166,0,0,23,5,3,0,0,2,184,163,0,21
2000,"BROWN",39015,192,172,0,0,20,2,0,0,0,2,190,172,0,18
2001,"BROWN",39015,273,245,0,0,28,1,1,0,0,0,272,244,0,28
2002,"BROWN",39015,301,241,0,0,60,4,3,0,0,1,297,238,0,59
2003,"BROWN",39015,380,305,1,0,74,5,4,1,0,0,375,301,0,74
1990,"BUTLER",39017,1399,1190,14,1,194,84,61,14,1,8,1315,1129,0,186
1991,"BUTLER",39017,1532,1256,9,1,266,28,17,9,1,1,1504,1239,0,265
1992,"BUTLER",39017,1260,1027,9,0,224,62,48,8,0,6,1198,979,1,218
1993,"BUTLER",39017,1021,824,4,1,192,52,38,4,1,9,969,786,0,183
1994,"BUTLER",39017,908,761,6,1,140,48,33,6,1,8,860,728,0,132
1995,"BUTLER",39017,1018,834,5,0,179,27,17,4,0,6,991,817,1,173
1996,"BUTLER",39017,1401,1191,7,1,202,23,13,6,1,3,1378,1178,1,199
1997,"BUTLER",39017,1617,1403,4,0,210,18,11,3,0,4,1599,1392,1,206
1998,"BUTLER",39017,1561,1309,3,0,249,22,14,3,0,5,1539,1295,0,244
1999,"BUTLER",39017,1404,1237,3,0,164,18,15,3,0,0,1386,1222,0,164
2000,"BUTLER",39017,1536,1300,3,0,233,21,17,3,0,1,1515,1283,0,232
2001,"BUTLER",39017,2142,1815,4,1,322,33,27,4,1,1,2109,1788,0,321
2002,"BUTLER",39017,2084,1694,2,0,388,15,11,2,0,2,2069,1683,0,386
2003,"BUTLER",39017,2241,1797,2,0,442,14,11,0,0,3,2227,1786,2,439
1990,"CARROLL",39019,78,64,0,0,14,2,2,0,0,0,76,62,0,14
1991,"CARROLL",39019,101,85,0,1,15,8,4,0,1,3,93,81,0,12
1992,"CARROLL",39019,116,92,1,2,21,9,3,0,2,4,107,89,1,17
1993,"CARROLL",39019,74,53,3,1,17,14,6,3,1,4,60,47,0,13
1994,"CARROLL",39019,68,60,0,0,8,5,5,0,0,0,63,55,0,8
1995,"CARROLL",39019,85,73,0,0,12,4,4,0,0,0,81,69,0,12
1996,"CARROLL",39019,141,117,0,0,24,5,2,0,0,3,136,115,0,21
1997,"CARROLL",39019,175,145,1,0,29,3,1,1,0,1,172,144,0,28
1998,"CARROLL",39019,160,138,1,0,21,4,2,1,0,1,156,136,0,20
1999,"CARROLL",39019,190,154,0,0,36,16,10,0,0,6,174,144,0,30
2000,"CARROLL",39019,197,169,1,0,27,13,10,1,0,2,184,159,0,25
2001,"CARROLL",39019,210,186,0,0,24,13,10,0,0,3,197,176,0,21
2002,"CARROLL",39019,217,194,1,0,22,12,10,1,0,1,205,184,0,21
2003,"CARROLL",39019,245,216,0,0,29,9,8,0,0,1,236,208,0,28
1990,"CHAMPAIGN",39021,104,93,0,0,11,0,0,0,0,0,104,93,0,11
1991,"CHAMPAIGN",39021,158,131,0,1,26,1,0,0,1,0,157,131,0,26
1992,"CHAMPAIGN",39021,120,102,0,1,17,4,3,0,1,0,116,99,0,17
1993,"CHAMPAIGN",39021,99,78,0,0,21,1,0,0,0,1,98,78,0,20
1994,"CHAMPAIGN",39021,99,71,1,2,25,5,1,1,2,1,94,70,0,24
1995,"CHAMPAIGN",39021,109,82,1,0,26,2,1,1,0,0,107,81,0,26
1996,"CHAMPAIGN",39021,185,130,0,0,55,2,2,0,0,0,183,128,0,55
1997,"CHAMPAIGN",39021,163,127,0,0,36,1,1,0,0,0,162,126,0,36
1998,"CHAMPAIGN",39021,219,172,0,2,45,3,1,0,2,0,216,171,0,45
1999,"CHAMPAIGN",39021,199,157,1,0,41,3,2,1,0,0,196,155,0,41
2000,"CHAMPAIGN",39021,212,177,0,0,35,0,0,0,0,0,212,177,0,35
2001,"CHAMPAIGN",39021,280,237,0,1,42,1,0,0,1,0,279,237,0,42
2002,"CHAMPAIGN",39021,324,277,1,0,46,3,1,1,0,1,321,276,0,45
2003,"CHAMPAIGN",39021,339,282,0,0,57,0,0,0,0,0,339,282,0,57
1990,"CLARK",39023,648,526,1,0,121,6,5,1,0,0,642,521,0,121
1991,"CLARK",39023,640,505,6,0,129,9,5,4,0,0,631,500,2,129
1992,"CLARK",39023,600,462,4,3,131,17,9,4,3,1,583,453,0,130
1993,"CLARK",39023,490,377,4,0,109,17,11,4,0,2,473,366,0,107
1994,"CLARK",39023,470,362,3,0,105,12,8,3,0,1,458,354,0,104
1995,"CLARK",39023,540,383,2,0,155,14,11,2,0,1,526,372,0,154
1996,"CLARK",39023,804,587,3,0,214,8,5,2,0,1,796,582,1,213
1997,"CLARK",39023,922,662,1,0,259,7,4,1,0,2,915,658,0,257
1998,"CLARK",39023,836,628,0,0,208,4,4,0,0,0,832,624,0,208
1999,"CLARK",39023,778,627,0,1,150,4,2,0,1,1,774,625,0,149
2000,"CLARK",39023,810,674,2,0,134,6,3,2,0,1,804,671,0,133
2001,"CLARK",39023,1042,897,2,0,143,5,2,2,0,1,1037,895,0,142
2002,"CLARK",39023,1125,946,0,1,178,2,1,0,1,0,1123,945,0,178
2003,"CLARK",39023,1280,1051,1,0,228,4,3,1,0,0,1276,1048,0,228
1990,"CLERMONT",39025,756,661,4,0,91,35,28,3,0,4,721,633,1,87
1991,"CLERMONT",39025,845,688,2,0,155,7,5,2,0,0,838,683,0,155
1992,"CLERMONT",39025,741,604,2,0,135,23,13,2,0,8,718,591,0,127
1993,"CLERMONT",39025,620,499,1,0,120,16,11,1,0,4,604,488,0,116
1994,"CLERMONT",39025,524,409,0,0,115,25,17,0,0,8,499,392,0,107
1995,"CLERMONT",39025,541,458,1,2,80,18,13,1,2,2,523,445,0,78
1996,"CLERMONT",39025,652,554,2,1,95,8,4,2,1,1,644,550,0,94
1997,"CLERMONT",39025,757,656,0,0,101,5,3,0,0,2,752,653,0,99
1998,"CLERMONT",39025,731,635,1,0,95,13,8,1,0,4,718,627,0,91
1999,"CLERMONT",39025,689,601,3,0,85,11,7,3,0,1,678,594,0,84
2000,"CLERMONT",39025,577,497,1,0,79,16,13,1,0,2,561,484,0,77
2001,"CLERMONT",39025,850,722,6,0,122,14,7,5,0,2,836,715,1,120
2002,"CLERMONT",39025,945,767,8,0,170,14,5,7,0,2,931,762,1,168
2003,"CLERMONT",39025,1217,955,1,0,261,13,11,1,0,1,1204,944,0,260
1990,"CLINTON",39027,112,85,1,2,24,3,0,1,2,0,109,85,0,24
1991,"CLINTON",39027,131,95,1,1,34,1,0,0,1,0,130,95,1,34
1992,"CLINTON",39027,145,106,1,0,38,3,2,0,0,1,142,104,1,37
1993,"CLINTON",39027,145,106,1,1,37,5,2,1,1,1,140,104,0,36
1994,"CLINTON",39027,115,83,0,1,31,2,1,0,1,0,113,82,0,31
1995,"CLINTON",39027,147,123,0,0,24,5,4,0,0,1,142,119,0,23
1996,"CLINTON",39027,202,179,1,1,21,3,1,1,1,0,199,178,0,21
1997,"CLINTON",39027,223,188,1,0,34,2,1,1,0,0,221,187,0,34
1998,"CLINTON",39027,224,179,0,1,44,2,1,0,1,0,222,178,0,44
1999,"CLINTON",39027,232,201,1,0,30,1,0,1,0,0,231,201,0,30
2000,"CLINTON",39027,242,211,2,0,29,2,0,2,0,0,240,211,0,29
2001,"CLINTON",39027,295,263,0,0,32,2,2,0,0,0,293,261,0,32
2002,"CLINTON",39027,322,251,1,1,69,2,0,1,1,0,320,251,0,69
2003,"CLINTON",39027,346,278,1,0,67,2,1,1,0,0,344,277,0,67
1990,"COLUMBIANA",39029,327,246,2,0,79,15,10,2,0,3,312,236,0,76
1991,"COLUMBIANA",39029,401,321,4,3,73,18,7,4,3,4,383,314,0,69
1992,"COLUMBIANA",39029,479,378,3,1,97,24,14,3,1,6,455,364,0,91
1993,"COLUMBIANA",39029,353,293,1,0,59,14,10,1,0,3,339,283,0,56
1994,"COLUMBIANA",39029,386,306,0,1,79,9,8,0,1,0,377,298,0,79
1995,"COLUMBIANA",39029,412,322,3,0,87,10,4,3,0,3,402,318,0,84
1996,"COLUMBIANA",39029,553,444,2,0,107,10,6,2,0,2,543,438,0,105
1997,"COLUMBIANA",39029,659,515,3,0,141,3,0,3,0,0,656,515,0,141
1998,"COLUMBIANA",39029,672,545,0,0,127,11,9,0,0,2,661,536,0,125
1999,"COLUMBIANA",39029,660,518,1,0,141,35,23,1,0,11,625,495,0,130
2000,"COLUMBIANA",39029,715,542,0,0,173,31,18,0,0,13,684,524,0,160
2001,"COLUMBIANA",39029,915,696,9,0,210,36,18,9,0,9,879,678,0,201
2002,"COLUMBIANA",39029,983,725,3,0,255,32,25,3,0,4,951,700,0,251
2003,"COLUMBIANA",39029,1101,825,9,0,267,27,13,9,0,5,1074,812,0,262
1990,"COSHOCTON",39031,109,90,1,3,15,4,0,1,3,0,105,90,0,15
1991,"COSHOCTON",39031,123,112,0,0,11,2,2,0,0,0,121,110,0,11
1992,"COSHOCTON",39031,109,102,1,0,6,5,3,1,0,1,104,99,0,5
1993,"COSHOCTON",39031,91,79,1,0,11,2,1,1,0,0,89,78,0,11
1994,"COSHOCTON",39031,78,69,1,0,8,1,0,1,0,0,77,69,0,8
1995,"COSHOCTON",39031,83,68,0,0,15,1,1,0,0,0,82,67,0,15
1996,"COSHOCTON",39031,126,116,0,0,10,2,2,0,0,0,124,114,0,10
1997,"COSHOCTON",39031,141,117,0,1,23,3,0,0,1,2,138,117,0,21
1998,"COSHOCTON",39031,136,115,1,0,20,6,4,1,0,1,130,111,0,19
1999,"COSHOCTON",39031,125,111,0,0,14,5,3,0,0,2,120,108,0,12
2000,"COSHOCTON",39031,144,119,0,2,23,8,4,0,2,2,136,115,0,21
2001,"COSHOCTON",39031,207,173,0,0,34,12,9,0,0,3,195,164,0,31
2002,"COSHOCTON",39031,222,182,0,0,40,7,6,0,0,1,215,176,0,39
2003,"COSHOCTON",39031,272,227,2,0,43,7,3,2,0,2,265,224,0,41
1990,"CRAWFORD",39033,171,155,1,0,15,11,9,1,0,1,160,146,0,14
1991,"CRAWFORD",39033,197,163,0,1,33,6,5,0,1,0,191,158,0,33
1992,"CRAWFORD",39033,177,127,1,6,43,17,6,0,6,5,160,121,1,38
1993,"CRAWFORD",39033,126,101,0,0,25,9,5,0,0,4,117,96,0,21
1994,"CRAWFORD",39033,117,83,1,4,29,12,4,1,4,3,105,79,0,26
1995,"CRAWFORD",39033,121,91,1,1,28,9,4,1,1,3,112,87,0,25
1996,"CRAWFORD",39033,149,108,1,0,40,9,5,1,0,3,140,103,0,37
1997,"CRAWFORD",39033,164,132,1,0,31,4,2,1,0,1,160,130,0,30
1998,"CRAWFORD",39033,178,154,1,0,23,5,2,1,0,2,173,152,0,21
1999,"CRAWFORD",39033,167,142,0,0,25,5,2,0,0,3,162,140,0,22
2000,"CRAWFORD",39033,179,156,0,0,23,5,3,0,0,2,174,153,0,21
2001,"CRAWFORD",39033,256,222,0,0,34,10,7,0,0,3,246,215,0,31
2002,"CRAWFORD",39033,298,274,0,0,24,9,7,0,0,2,289,267,0,22
2003,"CRAWFORD",39033,310,278,0,0,32,5,2,0,0,3,305,276,0,29
1990,"CUYAHOGA",39035,4784,3213,59,0,1512,101,40,57,0,4,4683,3173,2,1508
1991,"CUYAHOGA",39035,5599,3790,47,0,1762,106,57,45,0,4,5493,3733,2,1758
1992,"CUYAHOGA",39035,5577,3584,74,0,1919,170,84,68,0,18,5407,3500,6,1901
1993,"CUYAHOGA",39035,4834,3092,37,0,1705,142,87,32,0,23,4692,3005,5,1682
1994,"CUYAHOGA",39035,4310,2730,53,0,1527,169,87,47,0,35,4141,2643,6,1492
1995,"CUYAHOGA",39035,4468,2870,40,0,1558,140,80,35,0,25,4328,2790,5,1533
1996,"CUYAHOGA",39035,5444,3687,28,0,1729,112,62,25,0,25,5332,3625,3,1704
1997,"CUYAHOGA",39035,6712,4667,18,0,2027,78,44,18,0,16,6634,4623,0,2011
1998,"CUYAHOGA",39035,7584,5399,28,0,2157,86,48,27,0,11,7498,5351,1,2146
1999,"CUYAHOGA",39035,7719,5467,34,0,2218,100,56,34,0,10,7619,5411,0,2208
2000,"CUYAHOGA",39035,7506,5163,51,1,2291,116,66,45,1,4,7390,5097,6,2287
2001,"CUYAHOGA",39035,9625,7070,33,0,2522,152,101,32,0,19,9473,6969,1,2503
2002,"CUYAHOGA",39035,11190,8084,36,0,3070,99,64,32,0,3,11091,8020,4,3067
2003,"CUYAHOGA",39035,12901,9708,21,0,3172,124,98,19,0,7,12777,9610,2,3165
1990,"DARKE",39037,184,115,2,0,67,2,0,2,0,0,182,115,0,67
1991,"DARKE",39037,158,100,1,1,56,3,2,0,1,0,155,98,1,56
1992,"DARKE",39037,139,83,4,1,51,13,8,4,1,0,126,75,0,51
1993,"DARKE",39037,127,75,3,1,48,5,1,2,1,1,122,74,1,47
1994,"DARKE",39037,97,49,1,1,46,3,1,1,1,0,94,48,0,46
1995,"DARKE",39037,129,75,0,2,52,6,2,0,2,2,123,73,0,50
1996,"DARKE",39037,156,92,1,0,63,3,1,1,0,1,153,91,0,62
1997,"DARKE",39037,183,100,2,0,81,4,2,2,0,0,179,98,0,81
1998,"DARKE",39037,208,116,1,0,91,7,2,1,0,4,201,114,0,87
1999,"DARKE",39037,177,117,0,0,60,1,0,0,0,1,176,117,0,59
2000,"DARKE",39037,218,141,2,2,73,5,1,2,2,0,213,140,0,73
2001,"DARKE",39037,257,191,0,0,66,7,6,0,0,1,250,185,0,65
2002,"DARKE",39037,262,202,3,0,57,3,0,3,0,0,259,202,0,57
2003,"DARKE",39037,317,244,0,1,72,3,2,0,1,0,314,242,0,72
1990,"DEFIANCE",39039,79,69,1,0,9,5,2,1,0,2,74,67,0,7
1991,"DEFIANCE",39039,98,91,1,0,6,2,1,1,0,0,96,90,0,6
1992,"DEFIANCE",39039,93,84,1,0,8,3,2,1,0,0,90,82,0,8
1993,"DEFIANCE",39039,93,82,2,1,8,8,5,2,1,0,85,77,0,8
1994,"DEFIANCE",39039,64,52,1,1,10,5,3,1,1,0,59,49,0,10
1995,"DEFIANCE",39039,61,57,0,0,4,2,2,0,0,0,59,55,0,4
1996,"DEFIANCE",39039,89,83,0,0,6,4,4,0,0,0,85,79,0,6
1997,"DEFIANCE",39039,99,96,0,1,2,2,1,0,1,0,97,95,0,2
1998,"DEFIANCE",39039,136,132,0,0,4,2,2,0,0,0,134,130,0,4
1999,"DEFIANCE",39039,120,114,1,0,5,3,2,1,0,0,117,112,0,5
2000,"DEFIANCE",39039,149,141,0,0,8,4,4,0,0,0,145,137,0,8
2001,"DEFIANCE",39039,191,186,0,0,5,5,4,0,0,1,186,182,0,4
2002,"DEFIANCE",39039,244,235,0,0,9,2,2,0,0,0,242,233,0,9
2003,"DEFIANCE",39039,255,242,0,0,13,2,2,0,0,0,253,240,0,13
1990,"DELAWARE",39041,238,144,1,3,90,4,0,1,3,0,234,144,0,90
1991,"DELAWARE",39041,261,166,1,2,92,7,2,1,2,2,254,164,0,90
1992,"DELAWARE",39041,206,125,2,0,79,19,13,2,0,4,187,112,0,75
1993,"DELAWARE",39041,197,123,1,2,71,12,6,1,2,3,185,117,0,68
1994,"DELAWARE",39041,135,92,1,0,42,14,6,1,0,7,121,86,0,35
1995,"DELAWARE",39041,161,102,0,0,59,9,4,0,0,5,152,98,0,54
1996,"DELAWARE",39041,210,159,1,0,50,11,7,1,0,3,199,152,0,47
1997,"DELAWARE",39041,241,171,1,0,69,12,8,0,0,4,229,163,1,65
1998,"DELAWARE",39041,283,226,1,0,56,5,3,0,0,2,278,223,1,54
1999,"DELAWARE",39041,255,197,1,0,57,13,10,1,0,2,242,187,0,55
2000,"DELAWARE",39041,256,186,0,0,70,13,9,0,0,4,243,177,0,66
2001,"DELAWARE",39041,395,311,0,0,84,18,16,0,0,2,377,295,0,82
2002,"DELAWARE",39041,488,365,2,0,121,18,13,2,0,3,470,352,0,118
2003,"DELAWARE",39041,593,451,0,0,142,14,9,0,0,5,579,442,0,137
1990,"ERIE",39043,249,241,0,0,8,12,10,0,0,2,237,231,0,6
1991,"ERIE",39043,268,247,6,0,15,14,7,5,0,2,254,240,1,13
1992,"ERIE",39043,274,246,5,0,23,25,18,5,0,2,249,228,0,21
1993,"ERIE",39043,222,214,0,0,8,13,11,0,0,2,209,203,0,6
1994,"ERIE",39043,172,163,0,0,9,11,9,0,0,2,161,154,0,7
1995,"ERIE",39043,214,197,0,0,17,9,5,0,0,4,205,192,0,13
1996,"ERIE",39043,270,255,1,0,14,9,6,1,0,2,261,249,0,12
1997,"ERIE",39043,342,327,1,0,14,8,6,1,0,1,334,321,0,13
1998,"ERIE",39043,369,352,1,0,16,7,6,1,0,0,362,346,0,16
1999,"ERIE",39043,321,301,1,0,19,6,5,1,0,0,315,296,0,19
2000,"ERIE",39043,364,338,0,0,26,8,8,0,0,0,356,330,0,26
2001,"ERIE",39043,597,539,2,0,56,11,9,2,0,0,586,530,0,56
2002,"ERIE",39043,542,502,3,0,37,22,18,3,0,1,520,484,0,36
2003,"ERIE",39043,613,558,0,1,54,9,7,0,1,1,604,551,0,53
1990,"FAIRFIELD",39045,314,238,1,0,74,3,2,0,1,0,311,236,1,74
1991,"FAIRFIELD",39045,372,272,2,3,95,7,2,2,3,0,365,270,0,95
1992,"FAIRFIELD",39045,380,277,1,1,101,10,7,1,1,1,370,270,0,100
1993,"FAIRFIELD",39045,287,207,4,0,76,13,4,3,0,6,274,203,1,70
1994,"FAIRFIELD",39045,267,203,1,0,63,12,7,1,0,4,255,196,0,59
1995,"FAIRFIELD",39045,277,204,0,0,73,6,6,0,0,0,271,198,0,73
1996,"FAIRFIELD",39045,374,283,7,0,84,22,11,7,0,4,352,272,0,80
1997,"FAIRFIELD",39045,501,403,1,0,97,9,7,1,0,1,492,396,0,96
1998,"FAIRFIELD",39045,466,366,1,0,99,9,6,1,0,2,457,360,0,97
1999,"FAIRFIELD",39045,488,361,0,2,125,8,2,0,2,4,480,359,0,121
2000,"FAIRFIELD",39045,401,287,2,0,112,4,2,1,0,1,397,285,1,111
2001,"FAIRFIELD",39045,647,509,1,0,137,17,6,1,0,10,630,503,0,127
2002,"FAIRFIELD",39045,760,576,0,0,184,27,20,0,0,7,733,556,0,177
2003,"FAIRFIELD",39045,833,640,1,0,192,24,17,1,0,6,809,623,0,186
1990,"FAYETTE",39047,130,98,0,3,29,4,1,0,3,0,126,97,0,29
1991,"FAYETTE",39047,154,129,0,1,24,4,3,0,1,0,150,126,0,24
1992,"FAYETTE",39047,136,96,0,1,39,6,5,0,1,0,130,91,0,39
1993,"FAYETTE",39047,132,95,0,1,36,5,3,0,1,1,127,92,0,35
1994,"FAYETTE",39047,101,80,0,2,19,5,2,0,2,1,96,78,0,18
1995,"FAYETTE",39047,127,96,0,0,31,2,1,0,0,1,125,95,0,30
1996,"FAYETTE",39047,164,128,0,1,35,4,2,0,1,1,160,126,0,34
1997,"FAYETTE",39047,187,161,0,0,26,3,2,0,0,1,184,159,0,25
1998,"FAYETTE",39047,170,141,1,0,28,3,0,1,0,2,167,141,0,26
1999,"FAYETTE",39047,209,176,0,0,33,1,1,0,0,0,208,175,0,33
2000,"FAYETTE",39047,189,159,0,1,29,4,2,0,1,1,185,157,0,28
2001,"FAYETTE",39047,225,185,0,0,40,5,5,0,0,0,220,180,0,40
2002,"FAYETTE",39047,255,221,1,0,33,4,2,1,0,1,251,219,0,32
2003,"FAYETTE",39047,304,244,0,1,59,4,2,0,1,1,300,242,0,58
1990,"FRANKLIN",39049,4849,3193,259,1,1396,288,30,257,1,0,4561,3163,2,1396
1991,"FRANKLIN",39049,5533,3938,98,1,1496,214,100,93,1,20,5319,3838,5,1476
1992,"FRANKLIN",39049,5174,3513,88,1,1572,283,131,87,1,64,4891,3382,1,1508
1993,"FRANKLIN",39049,4461,3045,46,2,1368,212,120,46,2,44,4249,2925,0,1324
1994,"FRANKLIN",39049,4275,2981,27,0,1267,177,104,27,0,46,4098,2877,0,1221
1995,"FRANKLIN",39049,4206,2957,29,1,1219,146,88,29,1,28,4060,2869,0,1191
1996,"FRANKLIN",39049,5387,3844,20,0,1523,142,78,20,0,44,5245,3766,0,1479
1997,"FRANKLIN",39049,6468,4770,43,0,1655,169,99,43,0,27,6299,4671,0,1628
1998,"FRANKLIN",39049,6862,4968,25,0,1869,141,84,23,0,34,6721,4884,2,1835
1999,"FRANKLIN",39049,6390,4542,13,0,1835,100,59,12,0,29,6290,4483,1,1806
2000,"FRANKLIN",39049,6364,4379,25,0,1960,132,80,23,0,29,6232,4299,2,1931
2001,"FRANKLIN",39049,7895,5713,25,0,2157,138,88,22,0,28,7757,5625,3,2129
2002,"FRANKLIN",39049,8922,6388,50,2,2482,189,98,48,2,41,8733,6290,2,2441
2003,"FRANKLIN",39049,10251,7391,30,0,2830,167,95,29,0,43,10084,7296,1,2787
1990,"FULTON",39051,90,81,0,1,8,8,6,0,1,1,82,75,0,7
1991,"FULTON",39051,88,77,0,4,7,5,1,0,4,0,83,76,0,7
1992,"FULTON",39051,88,82,0,2,4,8,6,0,2,0,80,76,0,4
1993,"FULTON",39051,66,56,0,0,10,3,3,0,0,0,63,53,0,10
1994,"FULTON",39051,65,61,0,0,4,2,1,0,0,1,63,60,0,3
1995,"FULTON",39051,73,67,1,1,4,4,2,1,1,0,69,65,0,4
1996,"FULTON",39051,108,101,0,0,7,2,2,0,0,0,106,99,0,7
1997,"FULTON",39051,147,132,0,0,15,3,2,0,0,1,144,130,0,14
1998,"FULTON",39051,135,127,1,1,6,6,4,1,1,0,129,123,0,6
1999,"FULTON",39051,149,144,0,0,5,1,1,0,0,0,148,143,0,5
2000,"FULTON",39051,159,149,0,0,10,6,6,0,0,0,153,143,0,10
2001,"FULTON",39051,236,224,1,0,11,14,11,1,0,2,222,213,0,9
2002,"FULTON",39051,221,206,0,0,15,8,8,0,0,0,213,198,0,15
2003,"FULTON",39051,283,264,0,1,18,3,2,0,1,0,280,262,0,18
1990,"GALLIA",39053,80,65,0,1,14,1,0,0,1,0,79,65,0,14
1991,"GALLIA",39053,63,54,1,0,8,4,4,0,0,0,59,50,1,8
1992,"GALLIA",39053,99,71,0,1,27,6,5,0,1,0,93,66,0,27
1993,"GALLIA",39053,59,46,0,0,13,3,3,0,0,0,56,43,0,13
1994,"GALLIA",39053,72,54,4,1,13,7,2,4,1,0,65,52,0,13
1995,"GALLIA",39053,94,64,0,0,30,3,3,0,0,0,91,61,0,30
1996,"GALLIA",39053,117,88,1,0,28,2,1,1,0,0,115,87,0,28
1997,"GALLIA",39053,164,131,1,0,32,8,6,1,0,1,156,125,0,31
1998,"GALLIA",39053,143,116,0,0,27,4,2,0,0,2,139,114,0,25
1999,"GALLIA",39053,133,114,0,0,19,4,4,0,0,0,129,110,0,19
2000,"GALLIA",39053,126,107,0,0,19,3,2,0,0,1,123,105,0,18
2001,"GALLIA",39053,152,131,1,1,19,4,1,1,1,1,148,130,0,18
2002,"GALLIA",39053,164,148,0,0,16,3,3,0,0,0,161,145,0,16
2003,"GALLIA",39053,166,146,2,0,18,5,2,2,0,1,161,144,0,17
1990,"GEAUGA",39055,139,121,4,0,14,7,3,4,0,0,132,118,0,14
1991,"GEAUGA",39055,165,135,1,1,28,8,6,1,1,0,157,129,0,28
1992,"GEAUGA",39055,128,101,1,1,25,8,4,1,1,2,120,97,0,23
1993,"GEAUGA",39055,140,106,4,0,30,16,7,3,0,6,124,99,1,24
1994,"GEAUGA",39055,113,89,1,0,23,10,8,1,0,1,103,81,0,22
1995,"GEAUGA",39055,117,88,0,0,29,7,5,0,0,2,110,83,0,27
1996,"GEAUGA",39055,132,111,0,0,21,5,4,0,0,1,127,107,0,20
1997,"GEAUGA",39055,173,141,1,0,31,5,2,1,0,2,168,139,0,29
1998,"GEAUGA",39055,176,147,1,0,28,6,4,1,0,1,170,143,0,27
1999,"GEAUGA",39055,188,150,1,0,37,2,0,1,0,1,186,150,0,36
2000,"GEAUGA",39055,170,134,2,1,33,8,4,2,1,1,162,130,0,32
2001,"GEAUGA",39055,226,190,0,0,36,8,6,0,0,2,218,184,0,34
2002,"GEAUGA",39055,239,199,1,0,39,1,0,1,0,0,238,199,0,39
2003,"GEAUGA",39055,373,300,0,0,73,9,9,0,0,0,364,291,0,73
1990,"GREENE",39057,498,286,3,0,209,5,3,1,0,1,493,283,2,208
1991,"GREENE",39057,474,294,5,0,175,10,6,3,0,1,464,288,2,174
1992,"GREENE",39057,411,227,4,0,180,12,4,3,0,5,399,223,1,175
1993,"GREENE",39057,375,219,2,1,153,14,8,2,1,3,361,211,0,150
1994,"GREENE",39057,316,194,2,0,120,6,2,2,0,2,310,192,0,118
1995,"GREENE",39057,335,204,3,0,128,7,4,3,0,0,328,200,0,128
1996,"GREENE",39057,480,276,1,0,203,6,3,1,0,2,474,273,0,201
1997,"GREENE",39057,573,357,2,0,214,7,4,1,0,2,566,353,1,212
1998,"GREENE",39057,651,434,2,0,215,11,8,1,0,2,640,426,1,213
1999,"GREENE",39057,539,354,3,0,182,6,3,3,0,0,533,351,0,182
2000,"GREENE",39057,542,401,0,2,139,6,4,0,2,0,536,397,0,139
2001,"GREENE",39057,703,548,1,0,154,6,5,1,0,0,697,543,0,154
2002,"GREENE",39057,717,549,3,0,165,4,2,2,0,0,713,547,1,165
2003,"GREENE",39057,855,608,2,1,244,7,4,2,1,0,848,604,0,244
1990,"GUERNSEY",39059,129,111,1,0,17,2,1,1,0,0,127,110,0,17
1991,"GUERNSEY",39059,152,127,1,0,24,6,3,1,0,2,146,124,0,22
1992,"GUERNSEY",39059,112,104,0,0,8,5,5,0,0,0,107,99,0,8
1993,"GUERNSEY",39059,82,64,0,0,18,4,0,0,0,4,78,64,0,14
1994,"GUERNSEY",39059,91,76,0,0,15,1,0,0,0,1,90,76,0,14
1995,"GUERNSEY",39059,81,73,0,0,8,3,2,0,0,1,78,71,0,7
1996,"GUERNSEY",39059,127,104,2,0,21,6,3,2,0,1,121,101,0,20
1997,"GUERNSEY",39059,159,140,0,0,19,3,2,0,0,1,156,138,0,18
1998,"GUERNSEY",39059,169,138,1,0,30,12,5,1,0,6,157,133,0,24
1999,"GUERNSEY",39059,168,137,0,0,31,7,4,0,0,3,161,133,0,28
2000,"GUERNSEY",39059,193,152,0,0,41,7,3,0,0,4,186,149,0,37
2001,"GUERNSEY",39059,225,184,0,0,41,7,5,0,0,2,218,179,0,39
2002,"GUERNSEY",39059,217,179,0,3,35,5,1,0,3,1,212,178,0,34
2003,"GUERNSEY",39059,280,223,0,0,57,3,0,0,0,3,277,223,0,54
1990,"HAMILTON",39061,4060,3083,123,0,854,337,189,122,0,26,3723,2894,1,828
1991,"HAMILTON",39061,4644,3528,31,0,1085,87,53,29,0,5,4557,3475,2,1080
1992,"HAMILTON",39061,3946,2966,43,0,937,136,77,40,0,19,3810,2889,3,918
1993,"HAMILTON",39061,3317,2443,38,0,836,161,101,37,0,23,3156,2342,1,813
1994,"HAMILTON",39061,3034,2217,22,0,795,163,113,22,0,28,2871,2104,0,767
1995,"HAMILTON",39061,3317,2576,19,0,722,73,45,18,0,10,3244,2531,1,712
1996,"HAMILTON",39061,4016,3235,34,0,747,72,34,32,0,6,3944,3201,2,741
1997,"HAMILTON",39061,4708,3773,26,0,909,71,41,24,0,6,4637,3732,2,903
1998,"HAMILTON",39061,4859,3892,18,1,948,84,57,18,1,8,4775,3835,0,940
1999,"HAMILTON",39061,4413,3545,15,0,853,77,55,15,0,7,4336,3490,0,846
2000,"HAMILTON",39061,4315,3415,12,0,888,95,73,12,0,10,4220,3342,0,878
2001,"HAMILTON",39061,5506,4373,62,0,1071,116,53,59,0,4,5390,4320,3,1067
2002,"HAMILTON",39061,5750,4396,15,0,1339,59,38,14,0,7,5691,4358,1,1332
2003,"HAMILTON",39061,5822,4441,7,0,1374,47,35,7,0,5,5775,4406,0,1369
1990,"HANCOCK",39063,188,171,1,2,14,13,8,1,2,2,175,163,0,12
1991,"HANCOCK",39063,246,216,5,1,24,14,5,5,1,3,232,211,0,21
1992,"HANCOCK",39063,213,195,2,0,16,15,10,2,0,3,198,185,0,13
1993,"HANCOCK",39063,163,148,3,1,11,12,5,3,1,3,151,143,0,8
1994,"HANCOCK",39063,164,150,3,0,11,9,5,3,0,1,155,145,0,10
1995,"HANCOCK",39063,155,146,1,0,8,12,10,1,0,1,143,136,0,7
1996,"HANCOCK",39063,192,181,0,0,11,1,0,0,0,1,191,181,0,10
1997,"HANCOCK",39063,236,221,0,0,15,6,5,0,0,1,230,216,0,14
1998,"HANCOCK",39063,273,260,0,0,13,15,11,0,0,4,258,249,0,9
1999,"HANCOCK",39063,223,204,0,0,19,6,5,0,0,1,217,199,0,18
2000,"HANCOCK",39063,258,241,0,0,17,16,15,0,0,1,242,226,0,16
2001,"HANCOCK",39063,333,309,0,0,24,24,23,0,0,1,309,286,0,23
2002,"HANCOCK",39063,362,337,4,1,20,18,13,4,1,0,344,324,0,20
2003,"HANCOCK",39063,453,432,0,0,21,5,5,0,0,0,448,427,0,21
1990,"HARDIN",39065,86,80,0,2,4,7,5,0,2,0,79,75,0,4
1991,"HARDIN",39065,99,91,1,1,6,5,3,0,1,1,94,88,1,5
1992,"HARDIN",39065,87,77,1,2,7,6,2,1,2,1,81,75,0,6
1993,"HARDIN",39065,67,63,1,1,2,5,3,1,1,0,62,60,0,2
1994,"HARDIN",39065,63,60,0,0,3,1,1,0,0,0,62,59,0,3
1995,"HARDIN",39065,71,67,0,0,4,7,6,0,0,1,64,61,0,3
1996,"HARDIN",39065,96,91,0,0,5,3,3,0,0,0,93,88,0,5
1997,"HARDIN",39065,92,90,0,0,2,3,3,0,0,0,89,87,0,2
1998,"HARDIN",39065,111,110,0,0,1,5,5,0,0,0,106,105,0,1
1999,"HARDIN",39065,104,97,0,1,6,2,0,0,1,1,102,97,0,5
2000,"HARDIN",39065,93,86,0,0,7,8,8,0,0,0,85,78,0,7
2001,"HARDIN",39065,207,191,0,0,16,10,10,0,0,0,197,181,0,16
2002,"HARDIN",39065,189,179,0,0,10,8,6,0,0,2,181,173,0,8
2003,"HARDIN",39065,217,203,0,0,14,2,2,0,0,0,215,201,0,14
1990,"HARRISON",39067,35,32,0,0,3,2,2,0,0,0,33,30,0,3
1991,"HARRISON",39067,48,47,0,0,1,0,0,0,0,0,48,47,0,1
1992,"HARRISON",39067,45,45,0,0,0,1,1,0,0,0,44,44,0,0
1993,"HARRISON",39067,39,32,0,1,6,2,1,0,1,0,37,31,0,6
1994,"HARRISON",39067,34,30,1,0,3,3,2,1,0,0,31,28,0,3
1995,"HARRISON",39067,26,25,0,0,1,1,1,0,0,0,25,24,0,1
1996,"HARRISON",39067,56,53,0,0,3,3,3,0,0,0,53,50,0,3
1997,"HARRISON",39067,67,64,0,0,3,0,0,0,0,0,67,64,0,3
1998,"HARRISON",39067,75,73,1,0,1,4,2,1,0,1,71,71,0,0
1999,"HARRISON",39067,71,64,0,1,6,2,0,0,1,1,69,64,0,5
2000,"HARRISON",39067,75,74,0,0,1,1,1,0,0,0,74,73,0,1
2001,"HARRISON",39067,104,98,0,0,6,2,2,0,0,0,102,96,0,6
2002,"HARRISON",39067,112,103,0,0,9,7,7,0,0,0,105,96,0,9
2003,"HARRISON",39067,111,106,0,0,5,1,1,0,0,0,110,105,0,5
1990,"HENRY",39069,67,64,0,0,3,4,3,0,0,1,63,61,0,2
1991,"HENRY",39069,79,73,0,0,6,3,3,0,0,0,76,70,0,6
1992,"HENRY",39069,57,50,2,1,4,5,2,2,1,0,52,48,0,4
1993,"HENRY",39069,65,63,0,0,2,1,0,0,0,1,64,63,0,1
1994,"HENRY",39069,40,39,0,0,1,1,1,0,0,0,39,38,0,1
1995,"HENRY",39069,43,39,0,1,3,3,1,0,1,1,40,38,0,2
1996,"HENRY",39069,62,62,0,0,0,0,0,0,0,0,62,62,0,0
1997,"HENRY",39069,81,77,1,0,3,4,3,1,0,0,77,74,0,3
1998,"HENRY",39069,98,89,3,0,6,7,4,2,0,1,91,85,1,5
1999,"HENRY",39069,103,91,0,0,12,1,1,0,0,0,102,90,0,12
2000,"HENRY",39069,89,86,0,0,3,4,4,0,0,0,85,82,0,3
2001,"HENRY",39069,126,125,0,0,1,7,7,0,0,0,119,118,0,1
2002,"HENRY",39069,134,126,1,0,7,4,3,1,0,0,130,123,0,7
2003,"HENRY",39069,172,159,0,0,13,2,2,0,0,0,170,157,0,13
1990,"HIGHLAND",39071,118,105,0,0,13,9,8,0,0,1,109,97,0,12
1991,"HIGHLAND",39071,136,120,0,0,16,1,1,0,0,0,135,119,0,16
1992,"HIGHLAND",39071,135,114,4,1,16,8,3,4,1,0,127,111,0,16
1993,"HIGHLAND",39071,103,91,1,0,11,4,2,1,0,1,99,89,0,10
1994,"HIGHLAND",39071,115,97,0,1,17,4,3,0,1,0,111,94,0,17
1995,"HIGHLAND",39071,130,117,0,1,12,5,4,0,1,0,125,113,0,12
1996,"HIGHLAND",39071,175,159,0,0,16,1,1,0,0,0,174,158,0,16
1997,"HIGHLAND",39071,210,184,1,0,25,2,1,1,0,0,208,183,0,25
1998,"HIGHLAND",39071,219,203,0,1,15,2,1,0,1,0,217,202,0,15
1999,"HIGHLAND",39071,184,171,0,0,13,3,3,0,0,0,181,168,0,13
2000,"HIGHLAND",39071,195,178,0,0,17,4,4,0,0,0,191,174,0,17
2001,"HIGHLAND",39071,250,228,0,0,22,4,4,0,0,0,246,224,0,22
2002,"HIGHLAND",39071,266,246,0,0,20,3,3,0,0,0,263,243,0,20
2003,"HIGHLAND",39071,288,263,0,0,25,0,0,0,0,0,288,263,0,25
1990,"HOCKING",39073,113,91,0,0,22,0,0,0,0,0,113,91,0,22
1991,"HOCKING",39073,128,100,0,0,28,1,1,0,0,0,127,99,0,28
1992,"HOCKING",39073,117,93,0,0,24,0,0,0,0,0,117,93,0,24
1993,"HOCKING",39073,78,59,0,0,19,1,1,0,0,0,77,58,0,19
1994,"HOCKING",39073,84,60,0,0,24,1,1,0,0,0,83,59,0,24
1995,"HOCKING",39073,76,57,0,0,19,2,1,0,0,1,74,56,0,18
1996,"HOCKING",39073,80,54,0,0,26,0,0,0,0,0,80,54,0,26
1997,"HOCKING",39073,120,96,0,0,24,5,5,0,0,0,115,91,0,24
1998,"HOCKING",39073,121,98,0,0,23,1,1,0,0,0,120,97,0,23
1999,"HOCKING",39073,107,85,0,0,22,4,2,0,0,2,103,83,0,20
2000,"HOCKING",39073,108,82,0,0,26,1,1,0,0,0,107,81,0,26
2001,"HOCKING",39073,139,113,0,0,26,7,6,0,0,1,132,107,0,25
2002,"HOCKING",39073,153,123,0,0,30,5,3,0,0,2,148,120,0,28
2003,"HOCKING",39073,180,140,0,0,40,6,3,0,0,3,174,137,0,37
1990,"HOLMES",39075,45,39,0,1,5,2,0,0,1,1,43,39,0,4
1991,"HOLMES",39075,45,36,0,0,9,0,0,0,0,0,45,36,0,9
1992,"HOLMES",39075,43,33,0,0,10,3,3,0,0,0,40,30,0,10
1993,"HOLMES",39075,31,22,0,0,9,1,0,0,0,1,30,22,0,8
1994,"HOLMES",39075,37,28,0,0,9,3,1,0,0,2,34,27,0,7
1995,"HOLMES",39075,33,23,0,1,9,2,1,0,1,0,31,22,0,9
1996,"HOLMES",39075,51,36,0,0,15,2,2,0,0,0,49,34,0,15
1997,"HOLMES",39075,50,41,0,0,9,3,2,0,0,1,47,39,0,8
1998,"HOLMES",39075,56,45,0,0,11,1,0,0,0,1,55,45,0,10
1999,"HOLMES",39075,61,46,2,0,13,8,5,2,0,1,53,41,0,12
2000,"HOLMES",39075,59,45,0,0,14,4,4,0,0,0,55,41,0,14
2001,"HOLMES",39075,95,77,0,0,18,7,5,0,0,2,88,72,0,16
2002,"HOLMES",39075,111,96,0,0,15,6,5,0,0,1,105,91,0,14
2003,"HOLMES",39075,107,92,0,0,15,6,5,0,0,1,101,87,0,14
1990,"HURON",39077,177,167,1,1,8,11,8,1,1,1,166,159,0,7
1991,"HURON",39077,230,213,5,5,7,22,11,5,5,1,208,202,0,6
1992,"HURON",39077,185,173,2,2,8,14,9,2,2,1,171,164,0,7
1993,"HURON",39077,154,146,0,1,7,9,7,0,1,1,145,139,0,6
1994,"HURON",39077,109,106,0,0,3,7,6,0,0,1,102,100,0,2
1995,"HURON",39077,155,151,2,0,2,7,4,2,0,1,148,147,0,1
1996,"HURON",39077,247,237,1,0,9,16,14,1,0,1,231,223,0,8
1997,"HURON",39077,282,274,4,0,4,12,8,4,0,0,270,266,0,4
1998,"HURON",39077,267,258,0,0,9,11,11,0,0,0,256,247,0,9
1999,"HURON",39077,275,264,0,0,11,3,3,0,0,0,272,261,0,11
2000,"HURON",39077,255,237,1,0,17,2,1,1,0,0,253,236,0,17
2001,"HURON",39077,359,347,0,0,12,12,11,0,0,1,347,336,0,11
2002,"HURON",39077,401,385,0,0,16,5,5,0,0,0,396,380,0,16
2003,"HURON",39077,496,469,0,1,26,2,1,0,1,0,494,468,0,26
1990,"JACKSON",39079,106,90,0,0,16,0,0,0,0,0,106,90,0,16
1991,"JACKSON",39079,181,131,1,0,49,6,3,1,0,2,175,128,0,47
1992,"JACKSON",39079,234,172,0,2,60,14,10,0,2,2,220,162,0,58
1993,"JACKSON",39079,150,105,2,0,43,8,5,2,0,1,142,100,0,42
1994,"JACKSON",39079,75,63,0,0,12,3,3,0,0,0,72,60,0,12
1995,"JACKSON",39079,119,85,1,0,33,2,1,1,0,0,117,84,0,33
1996,"JACKSON",39079,126,96,0,0,30,2,1,0,0,1,124,95,0,29
1997,"JACKSON",39079,153,105,1,0,47,6,2,1,0,3,147,103,0,44
1998,"JACKSON",39079,143,103,0,0,40,4,2,0,0,2,139,101,0,38
1999,"JACKSON",39079,129,96,0,0,33,7,3,0,0,4,122,93,0,29
2000,"JACKSON",39079,149,106,1,0,42,3,2,1,0,0,146,104,0,42
2001,"JACKSON",39079,213,169,1,0,43,3,1,1,0,1,210,168,0,42
2002,"JACKSON",39079,182,118,0,0,64,3,1,0,0,2,179,117,0,62
2003,"JACKSON",39079,219,151,0,0,68,1,0,0,0,1,218,151,0,67
1990,"JEFFERSON",39081,186,179,1,0,6,2,1,1,0,0,184,178,0,6
1991,"JEFFERSON",39081,219,216,2,0,1,4,2,2,0,0,215,214,0,1
1992,"JEFFERSON",39081,232,218,3,0,11,7,4,3,0,0,225,214,0,11
1993,"JEFFERSON",39081,187,181,0,0,6,5,5,0,0,0,182,176,0,6
1994,"JEFFERSON",39081,196,178,2,0,16,12,7,2,0,3,184,171,0,13
1995,"JEFFERSON",39081,246,236,0,0,10,5,3,0,0,2,241,233,0,8
1996,"JEFFERSON",39081,323,310,0,0,13,3,3,0,0,0,320,307,0,13
1997,"JEFFERSON",39081,421,413,0,0,8,12,12,0,0,0,409,401,0,8
1998,"JEFFERSON",39081,402,387,0,0,15,6,4,0,0,2,396,383,0,13
1999,"JEFFERSON",39081,369,354,0,0,15,1,1,0,0,0,368,353,0,15
2000,"JEFFERSON",39081,376,361,0,0,15,3,3,0,0,0,373,358,0,15
2001,"JEFFERSON",39081,522,496,0,0,26,4,4,0,0,0,518,492,0,26
2002,"JEFFERSON",39081,562,529,0,0,33,4,4,0,0,0,558,525,0,33
2003,"JEFFERSON",39081,630,565,0,0,65,9,8,0,0,1,621,557,0,64
1990,"KNOX",39083,147,136,0,1,10,1,0,0,1,0,146,136,0,10
1991,"KNOX",39083,92,75,0,1,16,2,1,0,1,0,90,74,0,16
1992,"KNOX",39083,57,42,0,0,15,1,1,0,0,0,56,41,0,15
1993,"KNOX",39083,71,50,0,0,21,4,3,0,0,1,67,47,0,20
1994,"KNOX",39083,114,83,0,1,30,5,4,0,1,0,109,79,0,30
1995,"KNOX",39083,87,69,0,1,17,6,2,0,1,3,81,67,0,14
1996,"KNOX",39083,145,114,0,1,30,8,5,0,1,2,137,109,0,28
1997,"KNOX",39083,184,155,2,0,27,6,2,2,0,2,178,153,0,25
1998,"KNOX",39083,210,182,0,2,26,10,4,0,2,4,200,178,0,22
1999,"KNOX",39083,195,167,0,3,25,8,3,0,3,2,187,164,0,23
2000,"KNOX",39083,201,172,1,1,27,8,3,1,1,3,193,169,0,24
2001,"KNOX",39083,275,241,1,0,33,10,6,1,0,3,265,235,0,30
2002,"KNOX",39083,267,229,0,0,38,12,8,0,0,4,255,221,0,34
2003,"KNOX",39083,377,304,0,0,73,13,9,0,0,4,364,295,0,69
1990,"LAKE",39085,533,465,5,0,63,14,9,5,0,0,519,456,0,63
1991,"LAKE",39085,645,562,5,0,78,14,9,5,0,0,631,553,0,78
1992,"LAKE",39085,623,541,6,0,76,32,25,5,0,2,591,516,1,74
1993,"LAKE",39085,541,448,3,0,90,25,18,3,0,4,516,430,0,86
1994,"LAKE",39085,476,379,1,0,96,23,17,1,0,5,453,362,0,91
1995,"LAKE",39085,540,448,7,0,85,20,10,7,0,3,520,438,0,82
1996,"LAKE",39085,673,580,4,0,89,18,12,4,0,2,655,568,0,87
1997,"LAKE",39085,871,722,3,0,146,16,12,3,0,1,855,710,0,145
1998,"LAKE",39085,965,819,1,0,145,14,12,1,0,1,951,807,0,144
1999,"LAKE",39085,917,761,3,0,153,12,5,3,0,4,905,756,0,149
2000,"LAKE",39085,941,769,4,0,168,18,14,4,0,0,923,755,0,168
2001,"LAKE",39085,1131,951,2,0,178,22,18,2,0,2,1109,933,0,176
2002,"LAKE",39085,1319,1069,2,0,248,23,20,2,0,1,1296,1049,0,247
2003,"LAKE",39085,1481,1190,6,0,285,13,8,4,0,1,1468,1182,2,284
1990,"LAWRENCE",39087,133,123,0,0,10,4,3,0,0,1,129,120,0,9
1991,"LAWRENCE",39087,165,152,1,0,12,3,2,1,0,0,162,150,0,12
1992,"LAWRENCE",39087,184,166,2,1,15,9,5,2,1,1,175,161,0,14
1993,"LAWRENCE",39087,126,108,2,0,16,2,2,0,0,0,124,106,2,16
1994,"LAWRENCE",39087,140,121,2,0,17,5,3,2,0,0,135,118,0,17
1995,"LAWRENCE",39087,173,138,1,0,34,2,1,1,0,0,171,137,0,34
1996,"LAWRENCE",39087,265,232,1,0,32,3,2,1,0,0,262,230,0,32
1997,"LAWRENCE",39087,308,272,2,0,34,6,4,2,0,0,302,268,0,34
1998,"LAWRENCE",39087,315,293,1,0,21,7,5,1,0,1,308,288,0,20
1999,"LAWRENCE",39087,269,247,1,0,21,6,4,1,0,1,263,243,0,20
2000,"LAWRENCE",39087,298,264,1,0,33,11,9,1,0,1,287,255,0,32
2001,"LAWRENCE",39087,374,337,2,0,35,5,3,1,0,1,369,334,1,34
2002,"LAWRENCE",39087,355,318,0,0,37,7,7,0,0,0,348,311,0,37
2003,"LAWRENCE",39087,229,213,0,0,16,3,3,0,0,0,226,210,0,16
1990,"LICKING",39089,429,316,2,3,108,4,0,1,3,0,425,316,1,108
1991,"LICKING",39089,522,417,2,1,102,14,8,2,1,3,508,409,0,99
1992,"LICKING",39089,477,351,3,2,121,24,14,3,2,5,453,337,0,116
1993,"LICKING",39089,337,247,2,0,88,10,3,2,0,5,327,244,0,83
1994,"LICKING",39089,289,227,2,0,60,18,12,2,0,4,271,215,0,56
1995,"LICKING",39089,294,232,0,1,61,7,5,0,1,1,287,227,0,60
1996,"LICKING",39089,465,394,1,0,70,20,13,1,0,6,445,381,0,64
1997,"LICKING",39089,619,523,2,0,94,19,13,2,0,4,600,510,0,90
1998,"LICKING",39089,580,488,0,0,92,10,7,0,0,3,570,481,0,89
1999,"LICKING",39089,623,481,2,0,140,12,7,2,0,3,611,474,0,137
2000,"LICKING",39089,620,486,2,0,132,12,8,2,0,2,608,478,0,130
2001,"LICKING",39089,837,691,0,0,146,19,13,0,0,6,818,678,0,140
2002,"LICKING",39089,956,776,1,1,178,43,28,1,1,13,913,748,0,165
2003,"LICKING",39089,1161,893,1,0,267,29,17,0,0,12,1132,876,1,255
1990,"LOGAN",39091,126,101,1,0,24,1,0,1,0,0,125,101,0,24
1991,"LOGAN",39091,184,141,1,5,37,10,3,0,5,2,174,138,1,35
1992,"LOGAN",39091,195,146,0,2,47,12,6,0,2,4,183,140,0,43
1993,"LOGAN",39091,167,118,0,0,49,8,7,0,0,1,159,111,0,48
1994,"LOGAN",39091,163,120,0,0,43,3,3,0,0,0,160,117,0,43
1995,"LOGAN",39091,158,113,0,0,45,3,2,0,0,1,155,111,0,44
1996,"LOGAN",39091,200,156,0,1,43,8,5,0,1,2,192,151,0,41
1997,"LOGAN",39091,217,163,0,2,52,5,3,0,2,0,212,160,0,52
1998,"LOGAN",39091,248,203,0,1,44,8,5,0,1,2,240,198,0,42
1999,"LOGAN",39091,234,177,1,0,56,5,0,1,0,4,229,177,0,52
2000,"LOGAN",39091,304,227,1,0,76,4,2,1,0,1,300,225,0,75
2001,"LOGAN",39091,336,271,0,0,65,7,4,0,0,3,329,267,0,62
2002,"LOGAN",39091,349,256,1,0,92,6,1,1,0,4,343,255,0,88
2003,"LOGAN",39091,382,273,1,1,107,6,2,1,1,2,376,271,0,105
1990,"LORAIN",39093,733,634,2,0,97,3,3,0,0,0,730,631,2,97
1991,"LORAIN",39093,770,648,5,1,116,14,6,5,1,2,756,642,0,114
1992,"LORAIN",39093,812,645,6,0,161,23,12,6,0,5,789,633,0,156
1993,"LORAIN",39093,654,518,3,2,131,29,16,2,2,9,625,502,1,122
1994,"LORAIN",39093,570,446,2,1,121,13,8,1,1,3,557,438,1,118
1995,"LORAIN",39093,643,524,6,0,113,19,11,6,0,2,624,513,0,111
1996,"LORAIN",39093,944,773,4,0,167,19,11,4,0,4,925,762,0,163
1997,"LORAIN",39093,1208,1003,3,0,202,20,14,3,0,3,1188,989,0,199
1998,"LORAIN",39093,1303,1111,1,2,189,12,8,1,2,1,1291,1103,0,188
1999,"LORAIN",39093,1230,1029,1,0,200,12,10,1,0,1,1218,1019,0,199
2000,"LORAIN",39093,1200,996,1,0,203,19,17,1,0,1,1181,979,0,202
2001,"LORAIN",39093,1623,1384,0,0,239,34,31,0,0,3,1589,1353,0,236
2002,"LORAIN",39093,1901,1611,3,0,287,18,12,3,0,3,1883,1599,0,284
2003,"LORAIN",39093,2411,1945,3,0,463,29,21,3,0,5,2382,1924,0,458
1990,"LUCAS",39095,1836,1561,29,0,246,113,72,27,0,14,1723,1489,2,232
1991,"LUCAS",39095,1898,1615,29,1,253,82,44,28,1,9,1816,1571,1,244
1992,"LUCAS",39095,1705,1464,19,1,221,103,65,18,1,19,1602,1399,1,202
1993,"LUCAS",39095,1401,1200,10,0,191,64,45,10,0,9,1337,1155,0,182
1994,"LUCAS",39095,1200,1025,12,0,163,66,47,12,0,7,1134,978,0,156
1995,"LUCAS",39095,1190,1015,5,0,170,48,32,5,0,11,1142,983,0,159
1996,"LUCAS",39095,1532,1351,8,0,173,57,39,8,0,10,1475,1312,0,163
1997,"LUCAS",39095,1796,1599,3,0,194,46,34,3,0,9,1750,1565,0,185
1998,"LUCAS",39095,1922,1712,4,0,206,38,29,4,0,5,1884,1683,0,201
1999,"LUCAS",39095,1798,1544,7,0,247,37,23,7,0,7,1761,1521,0,240
2000,"LUCAS",39095,1885,1592,16,0,277,77,51,16,0,10,1808,1541,0,267
2001,"LUCAS",39095,2594,2309,2,0,283,87,78,2,0,7,2507,2231,0,276
2002,"LUCAS",39095,3057,2670,2,0,385,54,48,2,0,4,3003,2622,0,381
2003,"LUCAS",39095,3589,3100,5,0,484,52,41,5,0,6,3537,3059,0,478
1990,"MADISON",39097,169,121,1,0,47,1,0,1,0,0,168,121,0,47
1991,"MADISON",39097,235,171,0,3,61,5,1,0,3,1,230,170,0,60
1992,"MADISON",39097,229,157,1,2,69,10,6,1,2,1,219,151,0,68
1993,"MADISON",39097,155,106,1,0,48,6,5,1,0,0,149,101,0,48
1994,"MADISON",39097,140,89,3,1,47,8,3,3,1,1,132,86,0,46
1995,"MADISON",39097,147,113,0,0,34,3,3,0,0,0,144,110,0,34
1996,"MADISON",39097,168,125,1,0,42,3,1,1,0,1,165,124,0,41
1997,"MADISON",39097,208,166,1,0,41,4,3,1,0,0,204,163,0,41
1998,"MADISON",39097,217,165,0,0,52,4,1,0,0,3,213,164,0,49
1999,"MADISON",39097,212,149,0,2,61,6,2,0,2,2,206,147,0,59
2000,"MADISON",39097,211,146,0,1,64,4,2,0,1,1,207,144,0,63
2001,"MADISON",39097,265,190,0,0,75,3,0,0,0,3,262,190,0,72
2002,"MADISON",39097,289,235,0,0,54,3,1,0,0,2,286,234,0,52
2003,"MADISON",39097,319,231,0,0,88,4,2,0,0,2,315,229,0,86
1990,"MAHONING",39099,718,485,14,1,218,46,23,14,1,8,672,462,0,210
1991,"MAHONING",39099,875,621,16,0,238,49,25,16,0,8,826,596,0,230
1992,"MAHONING",39099,913,690,30,3,190,66,25,30,3,8,847,665,0,182
1993,"MAHONING",39099,860,668,4,3,185,37,28,4,3,2,823,640,0,183
1994,"MAHONING",39099,847,626,10,1,210,35,16,10,1,8,812,610,0,202
1995,"MAHONING",39099,889,698,8,0,183,23,12,8,0,3,866,686,0,180
1996,"MAHONING",39099,1086,873,3,0,210,18,12,3,0,3,1068,861,0,207
1997,"MAHONING",39099,1383,1083,8,0,292,23,12,7,0,4,1360,1071,1,288
1998,"MAHONING",39099,1582,1171,6,0,405,41,29,6,0,6,1541,1142,0,399
1999,"MAHONING",39099,1533,1194,7,1,331,93,67,7,1,18,1440,1127,0,313
2000,"MAHONING",39099,1489,1131,29,0,329,115,67,29,0,19,1374,1064,0,310
2001,"MAHONING",39099,2215,1728,24,0,463,89,56,24,0,9,2126,1672,0,454
2002,"MAHONING",39099,2426,1909,18,1,498,78,50,18,1,9,2348,1859,0,489
2003,"MAHONING",39099,2757,2131,24,0,602,68,38,22,0,8,2689,2093,2,594
1990,"MARION",39101,313,297,0,1,15,11,10,0,1,0,302,287,0,15
1991,"MARION",39101,311,297,0,1,13,5,3,0,1,1,306,294,0,12
1992,"MARION",39101,302,290,2,2,8,15,10,2,2,1,287,280,0,7
1993,"MARION",39101,213,203,1,1,8,7,4,1,1,1,206,199,0,7
1994,"MARION",39101,173,162,3,0,8,15,12,3,0,0,158,150,0,8
1995,"MARION",39101,169,164,1,0,4,5,4,1,0,0,164,160,0,4
1996,"MARION",39101,223,220,0,0,3,4,4,0,0,0,219,216,0,3
1997,"MARION",39101,287,277,1,0,9,7,6,1,0,0,280,271,0,9
1998,"MARION",39101,269,258,0,0,11,5,5,0,0,0,264,253,0,11
1999,"MARION",39101,281,266,0,0,15,12,11,0,0,1,269,255,0,14
2000,"MARION",39101,266,253,0,0,13,7,5,0,0,2,259,248,0,11
2001,"MARION",39101,400,367,0,0,33,15,14,0,0,1,385,353,0,32
2002,"MARION",39101,420,398,0,0,22,11,11,0,0,0,409,387,0,22
2003,"MARION",39101,538,498,1,0,39,7,6,1,0,0,531,492,0,39
1990,"MEDINA",39103,289,250,1,2,36,11,8,1,2,0,278,242,0,36
1991,"MEDINA",39103,339,292,2,0,45,24,20,2,0,2,315,272,0,43
1992,"MEDINA",39103,295,251,3,0,41,13,10,2,0,1,282,241,1,40
1993,"MEDINA",39103,259,229,3,0,27,14,11,3,0,0,245,218,0,27
1994,"MEDINA",39103,200,167,2,0,31,2,0,2,0,0,198,167,0,31
1995,"MEDINA",39103,271,247,1,0,23,3,2,1,0,0,268,245,0,23
1996,"MEDINA",39103,368,324,3,0,41,3,1,2,0,0,365,323,1,41
1997,"MEDINA",39103,428,385,0,1,42,4,3,0,1,0,424,382,0,42
1998,"MEDINA",39103,512,463,1,1,47,19,14,1,1,3,493,449,0,44
1999,"MEDINA",39103,500,434,0,0,66,27,24,0,0,3,473,410,0,63
2000,"MEDINA",39103,613,501,0,0,112,17,13,0,0,4,596,488,0,108
2001,"MEDINA",39103,747,636,1,0,110,32,24,1,0,7,715,612,0,103
2002,"MEDINA",39103,806,671,2,0,133,23,16,2,0,5,783,655,0,128
2003,"MEDINA",39103,988,817,1,1,169,16,13,1,1,1,972,804,0,168
1990,"MEIGS",39105,66,61,0,0,5,0,0,0,0,0,66,61,0,5
1991,"MEIGS",39105,67,62,0,0,5,1,1,0,0,0,66,61,0,5
1992,"MEIGS",39105,61,56,1,0,4,2,2,0,0,0,59,54,1,4
1993,"MEIGS",39105,47,40,0,1,6,2,1,0,1,0,45,39,0,6
1994,"MEIGS",39105,50,45,0,0,5,4,4,0,0,0,46,41,0,5
1995,"MEIGS",39105,65,59,0,0,6,4,4,0,0,0,61,55,0,6
1996,"MEIGS",39105,108,98,0,0,10,3,3,0,0,0,105,95,0,10
1997,"MEIGS",39105,128,118,0,0,10,2,2,0,0,0,126,116,0,10
1998,"MEIGS",39105,138,126,0,0,12,3,3,0,0,0,135,123,0,12
1999,"MEIGS",39105,87,78,1,0,8,3,1,1,0,1,84,77,0,7
2000,"MEIGS",39105,115,106,0,0,9,4,4,0,0,0,111,102,0,9
2001,"MEIGS",39105,89,82,0,0,7,2,2,0,0,0,87,80,0,7
2002,"MEIGS",39105,133,122,0,0,11,2,1,0,0,1,131,121,0,10
2003,"MEIGS",39105,100,88,0,0,12,2,2,0,0,0,98,86,0,12
1990,"MERCER",39107,45,44,0,0,1,4,4,0,0,0,41,40,0,1
1991,"MERCER",39107,60,55,0,0,5,2,2,0,0,0,58,53,0,5
1992,"MERCER",39107,34,31,2,0,1,2,0,2,0,0,32,31,0,1
1993,"MERCER",39107,38,33,2,2,1,5,0,2,2,1,33,33,0,0
1994,"MERCER",39107,49,47,0,0,2,1,0,0,0,1,48,47,0,1
1995,"MERCER",39107,52,51,0,1,0,1,0,0,1,0,51,51,0,0
1996,"MERCER",39107,77,71,0,2,4,5,2,0,2,1,72,69,0,3
1997,"MERCER",39107,88,83,0,3,2,6,3,0,3,0,82,80,0,2
1998,"MERCER",39107,85,81,0,0,4,2,2,0,0,0,83,79,0,4
1999,"MERCER",39107,79,77,0,0,2,0,0,0,0,0,79,77,0,2
2000,"MERCER",39107,100,93,0,0,7,4,2,0,0,2,96,91,0,5
2001,"MERCER",39107,130,124,2,0,4,7,5,2,0,0,123,119,0,4
2002,"MERCER",39107,159,150,0,0,9,11,9,0,0,2,148,141,0,7
2003,"MERCER",39107,163,151,0,0,12,0,0,0,0,0,163,151,0,12
1990,"MIAMI",39109,327,210,1,1,115,5,3,1,1,0,322,207,0,115
1991,"MIAMI",39109,382,257,3,0,122,10,7,3,0,0,372,250,0,122
1992,"MIAMI",39109,381,247,4,0,130,22,13,4,0,5,359,234,0,125
1993,"MIAMI",39109,296,188,2,1,105,12,9,2,1,0,284,179,0,105
1994,"MIAMI",39109,262,174,1,0,87,12,5,1,0,6,250,169,0,81
1995,"MIAMI",39109,278,190,0,0,88,5,3,0,0,2,273,187,0,86
1996,"MIAMI",39109,372,231,1,0,140,14,11,1,0,2,358,220,0,138
1997,"MIAMI",39109,432,291,0,0,141,7,6,0,0,1,425,285,0,140
1998,"MIAMI",39109,438,309,4,0,125,11,6,4,0,1,427,303,0,124
1999,"MIAMI",39109,410,304,2,1,103,4,1,2,1,0,406,303,0,103
2000,"MIAMI",39109,420,330,2,0,88,8,5,2,0,1,412,325,0,87
2001,"MIAMI",39109,572,447,6,0,119,14,8,6,0,0,558,439,0,119
2002,"MIAMI",39109,661,525,4,0,132,9,3,4,0,2,652,522,0,130
2003,"MIAMI",39109,755,599,6,1,149,17,9,6,1,1,738,590,0,148
1990,"MONROE",39111,18,17,0,0,1,0,0,0,0,0,18,17,0,1
1991,"MONROE",39111,33,30,0,0,3,0,0,0,0,0,33,30,0,3
1992,"MONROE",39111,25,21,0,0,4,0,0,0,0,0,25,21,0,4
1993,"MONROE",39111,24,20,0,0,4,3,2,0,0,1,21,18,0,3
1994,"MONROE",39111,27,24,0,0,3,2,2,0,0,0,25,22,0,3
1995,"MONROE",39111,30,28,0,0,2,1,1,0,0,0,29,27,0,2
1996,"MONROE",39111,41,32,0,0,9,2,0,0,0,2,39,32,0,7
1997,"MONROE",39111,49,40,0,0,9,2,1,0,0,1,47,39,0,8
1998,"MONROE",39111,58,50,0,0,8,0,0,0,0,0,58,50,0,8
1999,"MONROE",39111,52,50,0,0,2,1,1,0,0,0,51,49,0,2
2000,"MONROE",39111,33,31,0,0,2,1,1,0,0,0,32,30,0,2
2001,"MONROE",39111,50,46,0,0,4,0,0,0,0,0,50,46,0,4
2002,"MONROE",39111,57,51,0,0,6,0,0,0,0,0,57,51,0,6
2003,"MONROE",39111,61,56,0,0,5,2,2,0,0,0,59,54,0,5
1990,"MONTGOMERY",39113,3142,1436,41,0,1665,64,28,33,0,3,3078,1408,8,1662
1991,"MONTGOMERY",39113,3233,1525,41,1,1666,69,28,36,1,4,3164,1497,5,1662
1992,"MONTGOMERY",39113,2882,1388,23,0,1471,96,61,23,0,12,2786,1327,0,1459
1993,"MONTGOMERY",39113,2403,1107,38,0,1258,104,44,37,0,23,2299,1063,1,1235
1994,"MONTGOMERY",39113,2181,1097,40,1,1043,77,23,39,1,14,2104,1074,1,1029
1995,"MONTGOMERY",39113,2453,1214,29,1,1209,72,30,28,1,13,2381,1184,1,1196
1996,"MONTGOMERY",39113,2963,1484,23,1,1455,57,29,19,1,8,2906,1455,4,1447
1997,"MONTGOMERY",39113,3615,1907,15,0,1693,42,19,14,0,9,3573,1888,1,1684
1998,"MONTGOMERY",39113,3843,2129,9,0,1705,48,33,9,0,6,3795,2096,0,1699
1999,"MONTGOMERY",39113,3269,2014,6,0,1249,24,16,6,0,2,3245,1998,0,1247
2000,"MONTGOMERY",39113,3134,2182,8,0,944,17,9,8,0,0,3117,2173,0,944
2001,"MONTGOMERY",39113,4073,2887,22,0,1164,38,14,22,0,2,4035,2873,0,1162
2002,"MONTGOMERY",39113,4360,2958,12,1,1389,25,13,11,1,0,4335,2945,1,1389
2003,"MONTGOMERY",39113,5049,3403,9,0,1637,30,21,9,0,0,5019,3382,0,1637
1990,"MORGAN",39115,18,17,0,0,1,1,1,0,0,0,17,16,0,1
1991,"MORGAN",39115,18,15,0,0,3,0,0,0,0,0,18,15,0,3
1992,"MORGAN",39115,25,23,0,0,2,2,2,0,0,0,23,21,0,2
1993,"MORGAN",39115,32,27,0,0,5,0,0,0,0,0,32,27,0,5
1994,"MORGAN",39115,19,17,0,0,2,1,1,0,0,0,18,16,0,2
1995,"MORGAN",39115,23,18,0,0,5,0,0,0,0,0,23,18,0,5
1996,"MORGAN",39115,37,29,0,0,8,2,1,0,0,1,35,28,0,7
1997,"MORGAN",39115,46,37,0,0,9,0,0,0,0,0,46,37,0,9
1998,"MORGAN",39115,40,30,0,0,10,2,2,0,0,0,38,28,0,10
1999,"MORGAN",39115,30,22,0,0,8,0,0,0,0,0,30,22,0,8
2000,"MORGAN",39115,42,31,0,0,11,3,1,0,0,2,39,30,0,9
2001,"MORGAN",39115,39,36,0,0,3,0,0,0,0,0,39,36,0,3
2002,"MORGAN",39115,69,54,0,0,15,2,0,0,0,2,67,54,0,13
2003,"MORGAN",39115,68,47,0,0,21,2,1,0,0,1,66,46,0,20
1990,"MORROW",39117,128,85,0,1,42,1,0,0,1,0,127,85,0,42
1991,"MORROW",39117,137,92,0,1,44,6,4,0,1,1,131,88,0,43
1992,"MORROW",39117,102,63,0,1,38,5,1,0,1,3,97,62,0,35
1993,"MORROW",39117,72,48,0,1,23,4,3,0,1,0,68,45,0,23
1994,"MORROW",39117,80,59,0,0,21,2,2,0,0,0,78,57,0,21
1995,"MORROW",39117,82,58,0,0,24,4,1,0,0,3,78,57,0,21
1996,"MORROW",39117,96,66,0,0,30,5,3,0,0,2,91,63,0,28
1997,"MORROW",39117,111,87,0,0,24,1,0,0,0,1,110,87,0,23
1998,"MORROW",39117,98,71,0,0,27,1,0,0,0,1,97,71,0,26
1999,"MORROW",39117,98,73,0,0,25,3,3,0,0,0,95,70,0,25
2000,"MORROW",39117,115,81,0,0,34,5,2,0,0,3,110,79,0,31
2001,"MORROW",39117,190,141,0,0,49,3,2,0,0,1,187,139,0,48
2002,"MORROW",39117,193,149,1,0,43,5,3,1,0,1,188,146,0,42
2003,"MORROW",39117,239,164,0,1,74,1,0,0,1,0,238,164,0,74
1990,"MUSKINGUM",39119,262,244,1,0,17,2,2,0,0,0,260,242,1,17
1991,"MUSKINGUM",39119,314,277,1,2,34,9,5,1,2,1,305,272,0,33
1992,"MUSKINGUM",39119,260,219,1,0,40,10,6,1,0,3,250,213,0,37
1993,"MUSKINGUM",39119,215,173,3,0,39,15,8,3,0,4,200,165,0,35
1994,"MUSKINGUM",39119,215,184,1,0,30,8,4,1,0,3,207,180,0,27
1995,"MUSKINGUM",39119,232,194,0,0,38,8,7,0,0,1,224,187,0,37
1996,"MUSKINGUM",39119,278,244,0,2,32,9,4,0,2,3,269,240,0,29
1997,"MUSKINGUM",39119,364,319,0,0,45,9,6,0,0,3,355,313,0,42
1998,"MUSKINGUM",39119,382,328,0,0,54,12,11,0,0,1,370,317,0,53
1999,"MUSKINGUM",39119,367,302,2,0,63,15,6,2,0,7,352,296,0,56
2000,"MUSKINGUM",39119,404,319,0,0,85,8,3,0,0,5,396,316,0,80
2001,"MUSKINGUM",39119,529,420,0,0,109,22,11,0,0,11,507,409,0,98
2002,"MUSKINGUM",39119,580,468,0,0,112,15,8,0,0,7,565,460,0,105
2003,"MUSKINGUM",39119,653,491,0,0,162,16,9,0,0,7,637,482,0,155
1990,"NOBLE",39121,21,15,0,0,6,0,0,0,0,0,21,15,0,6
1991,"NOBLE",39121,16,11,0,0,5,1,0,0,0,1,15,11,0,4
1992,"NOBLE",39121,21,18,0,0,3,0,0,0,0,0,21,18,0,3
1993,"NOBLE",39121,16,14,0,0,2,0,0,0,0,0,16,14,0,2
1994,"NOBLE",39121,19,15,0,0,4,0,0,0,0,0,19,15,0,4
1995,"NOBLE",39121,14,12,0,0,2,2,1,0,0,1,12,11,0,1
1996,"NOBLE",39121,20,20,0,0,0,1,1,0,0,0,19,19,0,0
1997,"NOBLE",39121,28,25,0,0,3,1,1,0,0,0,27,24,0,3
1998,"NOBLE",39121,28,22,0,0,6,1,0,0,0,1,27,22,0,5
1999,"NOBLE",39121,31,28,0,0,3,0,0,0,0,0,31,28,0,3
2000,"NOBLE",39121,28,24,0,0,4,3,1,0,0,2,25,23,0,2
2001,"NOBLE",39121,46,39,0,0,7,0,0,0,0,0,46,39,0,7
2002,"NOBLE",39121,60,48,0,0,12,1,0,0,0,1,59,48,0,11
2003,"NOBLE",39121,47,37,0,0,10,0,0,0,0,0,47,37,0,10
1990,"OTTAWA",39123,102,94,1,0,7,3,2,1,0,0,99,92,0,7
1991,"OTTAWA",39123,116,100,5,0,11,8,3,5,0,0,108,97,0,11
1992,"OTTAWA",39123,101,90,4,0,7,10,5,3,0,2,91,85,1,5
1993,"OTTAWA",39123,97,83,0,0,14,7,4,0,0,3,90,79,0,11
1994,"OTTAWA",39123,77,68,0,1,8,4,3,0,1,0,73,65,0,8
1995,"OTTAWA",39123,73,68,0,0,5,6,3,0,0,3,67,65,0,2
1996,"OTTAWA",39123,116,104,1,0,11,6,3,1,0,2,110,101,0,9
1997,"OTTAWA",39123,135,131,0,0,4,3,3,0,0,0,132,128,0,4
1998,"OTTAWA",39123,142,137,1,0,4,4,3,1,0,0,138,134,0,4
1999,"OTTAWA",39123,116,107,0,0,9,3,3,0,0,0,113,104,0,9
2000,"OTTAWA",39123,137,125,0,0,12,11,8,0,0,3,126,117,0,9
2001,"OTTAWA",39123,170,158,2,0,10,10,7,2,0,1,160,151,0,9
2002,"OTTAWA",39123,213,201,0,0,12,3,3,0,0,0,210,198,0,12
2003,"OTTAWA",39123,247,220,1,1,25,3,0,1,1,1,244,220,0,24
1990,"PAULDING",39125,44,37,0,5,2,8,3,0,5,0,36,34,0,2
1991,"PAULDING",39125,41,37,1,1,2,3,1,1,1,0,38,36,0,2
1992,"PAULDING",39125,30,30,0,0,0,1,1,0,0,0,29,29,0,0
1993,"PAULDING",39125,29,27,1,0,1,2,1,1,0,0,27,26,0,1
1994,"PAULDING",39125,20,19,0,0,1,2,1,0,0,1,18,18,0,0
1995,"PAULDING",39125,29,27,0,1,1,4,2,0,1,1,25,25,0,0
1996,"PAULDING",39125,42,37,0,1,4,1,0,0,1,0,41,37,0,4
1997,"PAULDING",39125,58,57,0,0,1,1,1,0,0,0,57,56,0,1
1998,"PAULDING",39125,58,55,0,1,2,2,1,0,1,0,56,54,0,2
1999,"PAULDING",39125,76,73,0,0,3,2,2,0,0,0,74,71,0,3
2000,"PAULDING",39125,82,78,0,0,4,4,4,0,0,0,78,74,0,4
2001,"PAULDING",39125,123,118,0,0,5,2,1,0,0,1,121,117,0,4
2002,"PAULDING",39125,148,142,0,0,6,1,1,0,0,0,147,141,0,6
2003,"PAULDING",39125,182,174,0,0,8,2,1,0,0,1,180,173,0,7
1990,"PERRY",39127,80,63,1,1,15,2,0,1,1,0,78,63,0,15
1991,"PERRY",39127,108,88,0,0,20,1,1,0,0,0,107,87,0,20
1992,"PERRY",39127,120,102,0,0,18,6,4,0,0,2,114,98,0,16
1993,"PERRY",39127,76,65,0,0,11,0,0,0,0,0,76,65,0,11
1994,"PERRY",39127,83,62,1,0,20,3,3,0,0,0,80,59,1,20
1995,"PERRY",39127,84,67,0,2,15,5,2,0,2,1,79,65,0,14
1996,"PERRY",39127,108,94,0,0,14,1,0,0,0,1,107,94,0,13
1997,"PERRY",39127,133,109,0,0,24,3,3,0,0,0,130,106,0,24
1998,"PERRY",39127,152,127,0,0,25,3,3,0,0,0,149,124,0,25
1999,"PERRY",39127,137,108,0,0,29,2,1,0,0,1,135,107,0,28
2000,"PERRY",39127,146,110,0,0,36,4,3,0,0,1,142,107,0,35
2001,"PERRY",39127,198,158,0,0,40,4,2,0,0,2,194,156,0,38
2002,"PERRY",39127,195,145,0,0,50,10,4,0,0,6,185,141,0,44
2003,"PERRY",39127,268,193,0,0,75,6,5,0,0,1,262,188,0,74
1990,"PICKAWAY",39129,206,162,1,0,43,0,0,0,0,0,206,162,1,43
1991,"PICKAWAY",39129,179,140,0,0,39,3,3,0,0,0,176,137,0,39
1992,"PICKAWAY",39129,175,132,1,0,42,4,2,1,0,1,171,130,0,41
1993,"PICKAWAY",39129,130,100,0,1,29,5,4,0,1,0,125,96,0,29
1994,"PICKAWAY",39129,150,115,1,0,34,3,2,1,0,0,147,113,0,34
1995,"PICKAWAY",39129,157,119,1,1,36,3,0,0,1,2,154,119,1,34
1996,"PICKAWAY",39129,186,137,0,0,49,1,0,0,0,1,185,137,0,48
1997,"PICKAWAY",39129,234,181,1,0,52,8,7,1,0,0,226,174,0,52
1998,"PICKAWAY",39129,236,193,0,0,43,0,0,0,0,0,236,193,0,43
1999,"PICKAWAY",39129,224,176,0,0,48,2,2,0,0,0,222,174,0,48
2000,"PICKAWAY",39129,220,170,1,0,49,1,0,1,0,0,219,170,0,49
2001,"PICKAWAY",39129,333,270,1,0,62,6,3,1,0,2,327,267,0,60
2002,"PICKAWAY",39129,370,288,0,0,82,6,5,0,0,1,364,283,0,81
2003,"PICKAWAY",39129,416,337,4,0,75,12,6,4,0,2,404,331,0,73
1990,"PIKE",39131,64,60,1,0,3,1,0,1,0,0,63,60,0,3
1991,"PIKE",39131,70,63,1,0,6,1,0,1,0,0,69,63,0,6
1992,"PIKE",39131,68,60,1,0,7,3,1,1,0,1,65,59,0,6
1993,"PIKE",39131,67,56,0,0,11,4,3,0,0,1,63,53,0,10
1994,"PIKE",39131,58,47,1,0,10,3,1,1,0,1,55,46,0,9
1995,"PIKE",39131,81,71,0,0,10,2,2,0,0,0,79,69,0,10
1996,"PIKE",39131,88,68,0,0,20,6,5,0,0,1,82,63,0,19
1997,"PIKE",39131,116,99,0,0,17,1,1,0,0,0,115,98,0,17
1998,"PIKE",39131,110,95,0,0,15,0,0,0,0,0,110,95,0,15
1999,"PIKE",39131,100,81,1,0,18,2,1,1,0,0,98,80,0,18
2000,"PIKE",39131,100,85,0,0,15,2,2,0,0,0,98,83,0,15
2001,"PIKE",39131,132,109,1,0,22,1,0,1,0,0,131,109,0,22
2002,"PIKE",39131,183,126,0,0,57,1,1,0,0,0,182,125,0,57
2003,"PIKE",39131,173,128,0,0,45,2,2,0,0,0,171,126,0,45
1990,"PORTAGE",39133,521,472,4,0,45,23,17,2,0,4,498,455,2,41
1991,"PORTAGE",39133,577,478,6,1,92,30,19,6,1,4,547,459,0,88
1992,"PORTAGE",39133,592,501,3,1,87,12,7,2,1,2,580,494,1,85
1993,"PORTAGE",39133,443,372,0,2,69,8,5,0,2,1,435,367,0,68
1994,"PORTAGE",39133,386,338,2,0,46,6,3,1,0,2,380,335,1,44
1995,"PORTAGE",39133,464,406,1,1,56,2,0,1,1,0,462,406,0,56
1996,"PORTAGE",39133,622,545,1,0,76,6,4,1,0,1,616,541,0,75
1997,"PORTAGE",39133,716,635,3,0,78,4,2,2,0,0,712,633,1,78
1998,"PORTAGE",39133,779,690,0,0,89,17,13,0,0,4,762,677,0,85
1999,"PORTAGE",39133,717,634,0,0,83,21,21,0,0,0,696,613,0,83
2000,"PORTAGE",39133,698,623,3,0,72,27,23,3,0,1,671,600,0,71
2001,"PORTAGE",39133,859,757,1,0,101,28,21,1,0,6,831,736,0,95
2002,"PORTAGE",39133,1049,905,1,0,143,27,22,1,0,4,1022,883,0,139
2003,"PORTAGE",39133,1206,1042,2,0,162,31,21,2,0,8,1175,1021,0,154
1990,"PREBLE",39135,164,101,0,1,62,3,1,0,1,1,161,100,0,61
1991,"PREBLE",39135,177,119,1,1,56,5,3,1,1,0,172,116,0,56
1992,"PREBLE",39135,148,98,1,1,48,5,3,1,1,0,143,95,0,48
1993,"PREBLE",39135,116,79,0,2,35,4,0,0,2,2,112,79,0,33
1994,"PREBLE",39135,112,76,0,0,36,3,2,0,0,1,109,74,0,35
1995,"PREBLE",39135,133,81,1,0,51,1,0,0,0,1,132,81,1,50
1996,"PREBLE",39135,153,108,0,0,45,3,1,0,0,2,150,107,0,43
1997,"PREBLE",39135,191,128,0,1,62,1,0,0,1,0,190,128,0,62
1998,"PREBLE",39135,201,150,0,2,49,4,2,0,2,0,197,148,0,49
1999,"PREBLE",39135,189,142,1,0,46,3,2,1,0,0,186,140,0,46
2000,"PREBLE",39135,190,143,1,0,46,2,1,1,0,0,188,142,0,46
2001,"PREBLE",39135,306,243,1,0,62,2,1,1,0,0,304,242,0,62
2002,"PREBLE",39135,307,245,0,0,62,4,3,0,0,1,303,242,0,61
2003,"PREBLE",39135,344,265,0,1,78,4,2,0,1,1,340,263,0,77
1990,"PUTNAM",39137,38,35,0,0,3,3,3,0,0,0,35,32,0,3
1991,"PUTNAM",39137,46,42,0,1,3,2,1,0,1,0,44,41,0,3
1992,"PUTNAM",39137,64,58,2,0,4,9,7,2,0,0,55,51,0,4
1993,"PUTNAM",39137,45,45,0,0,0,2,2,0,0,0,43,43,0,0
1994,"PUTNAM",39137,47,42,1,0,4,3,2,1,0,0,44,40,0,4
1995,"PUTNAM",39137,32,31,0,0,1,1,1,0,0,0,31,30,0,1
1996,"PUTNAM",39137,50,46,0,0,4,2,2,0,0,0,48,44,0,4
1997,"PUTNAM",39137,64,56,0,1,7,1,0,0,1,0,63,56,0,7
1998,"PUTNAM",39137,76,68,0,0,8,1,0,0,0,1,75,68,0,7
1999,"PUTNAM",39137,49,48,0,0,1,1,1,0,0,0,48,47,0,1
2000,"PUTNAM",39137,67,61,0,0,6,3,2,0,0,1,64,59,0,5
2001,"PUTNAM",39137,86,83,0,0,3,2,2,0,0,0,84,81,0,3
2002,"PUTNAM",39137,120,112,0,0,8,6,5,0,0,1,114,107,0,7
2003,"PUTNAM",39137,139,126,1,0,12,3,1,1,0,1,136,125,0,11
1990,"RICHLAND",39139,501,400,2,0,99,23,19,2,0,2,478,381,0,97
1991,"RICHLAND",39139,549,412,2,0,135,13,6,2,0,5,536,406,0,130
1992,"RICHLAND",39139,523,392,3,1,127,33,21,3,1,8,490,371,0,119
1993,"RICHLAND",39139,423,323,1,0,99,32,20,1,0,11,391,303,0,88
1994,"RICHLAND",39139,361,270,1,0,90,15,5,1,0,9,346,265,0,81
1995,"RICHLAND",39139,459,342,0,0,117,15,10,0,0,5,444,332,0,112
1996,"RICHLAND",39139,553,425,0,0,128,17,7,0,0,10,536,418,0,118
1997,"RICHLAND",39139,661,517,2,1,141,29,14,2,1,12,632,503,0,129
1998,"RICHLAND",39139,641,516,1,0,124,24,16,1,0,7,617,500,0,117
1999,"RICHLAND",39139,584,485,1,0,98,26,22,1,0,3,558,463,0,95
2000,"RICHLAND",39139,691,550,1,0,140,23,19,1,0,3,668,531,0,137
2001,"RICHLAND",39139,820,669,2,0,149,23,14,2,0,7,797,655,0,142
2002,"RICHLAND",39139,825,708,0,0,117,19,16,0,0,3,806,692,0,114
2003,"RICHLAND",39139,943,805,1,0,137,24,23,1,0,0,919,782,0,137
1990,"ROSS",39141,220,175,0,0,45,0,0,0,0,0,220,175,0,45
1991,"ROSS",39141,227,188,3,1,35,8,3,3,1,1,219,185,0,34
1992,"ROSS",39141,218,170,0,0,48,7,5,0,0,2,211,165,0,46
1993,"ROSS",39141,155,121,1,0,33,3,2,1,0,0,152,119,0,33
1994,"ROSS",39141,159,111,2,1,45,7,3,1,1,2,152,108,1,43
1995,"ROSS",39141,191,133,0,0,58,5,5,0,0,0,186,128,0,58
1996,"ROSS",39141,274,207,0,0,67,1,1,0,0,0,273,206,0,67
1997,"ROSS",39141,337,269,1,0,67,4,2,1,0,1,333,267,0,66
1998,"ROSS",39141,293,240,0,0,53,2,2,0,0,0,291,238,0,53
1999,"ROSS",39141,318,251,0,0,67,6,4,0,0,2,312,247,0,65
2000,"ROSS",39141,297,247,0,0,50,5,5,0,0,0,292,242,0,50
2001,"ROSS",39141,368,318,0,0,50,4,4,0,0,0,364,314,0,50
2002,"ROSS",39141,383,315,1,0,67,3,2,0,0,1,380,313,1,66
2003,"ROSS",39141,488,399,5,2,82,13,4,5,2,2,475,395,0,80
1990,"SANDUSKY",39143,139,119,3,2,15,11,4,3,2,2,128,115,0,13
1991,"SANDUSKY",39143,140,126,3,1,10,8,3,3,1,1,132,123,0,9
1992,"SANDUSKY",39143,137,125,3,1,8,7,3,3,1,0,130,122,0,8
1993,"SANDUSKY",39143,103,91,1,1,10,13,7,1,1,4,90,84,0,6
1994,"SANDUSKY",39143,100,91,0,0,9,5,4,0,0,1,95,87,0,8
1995,"SANDUSKY",39143,92,82,0,1,9,6,4,0,1,1,86,78,0,8
1996,"SANDUSKY",39143,132,124,1,0,7,5,3,1,0,1,127,121,0,6
1997,"SANDUSKY",39143,146,137,0,0,9,4,3,0,0,1,142,134,0,8
1998,"SANDUSKY",39143,167,158,0,0,9,1,0,0,0,1,166,158,0,8
1999,"SANDUSKY",39143,163,154,0,0,9,4,4,0,0,0,159,150,0,9
2000,"SANDUSKY",39143,156,149,0,0,7,1,1,0,0,0,155,148,0,7
2001,"SANDUSKY",39143,244,233,1,0,10,9,7,1,0,1,235,226,0,9
2002,"SANDUSKY",39143,302,281,0,0,21,2,2,0,0,0,300,279,0,21
2003,"SANDUSKY",39143,332,306,1,0,25,4,3,1,0,0,328,303,0,25
1990,"SCIOTO",39145,182,171,1,0,10,14,11,1,0,2,168,160,0,8
1991,"SCIOTO",39145,229,212,7,1,9,13,5,7,1,0,216,207,0,9
1992,"SCIOTO",39145,200,185,4,0,11,12,8,4,0,0,188,177,0,11
1993,"SCIOTO",39145,173,160,1,0,12,4,4,0,0,0,169,156,1,12
1994,"SCIOTO",39145,169,148,0,0,21,9,9,0,0,0,160,139,0,21
1995,"SCIOTO",39145,234,169,0,0,65,4,1,0,0,3,230,168,0,62
1996,"SCIOTO",39145,330,260,0,0,70,2,1,0,0,1,328,259,0,69
1997,"SCIOTO",39145,437,313,1,0,123,5,3,1,0,1,432,310,0,122
1998,"SCIOTO",39145,350,290,0,0,60,4,4,0,0,0,346,286,0,60
1999,"SCIOTO",39145,367,290,0,0,77,3,0,0,0,3,364,290,0,74
2000,"SCIOTO",39145,399,317,0,0,82,4,2,0,0,2,395,315,0,80
2001,"SCIOTO",39145,489,373,0,0,116,1,1,0,0,0,488,372,0,116
2002,"SCIOTO",39145,481,375,0,0,106,3,3,0,0,0,478,372,0,106
2003,"SCIOTO",39145,512,397,1,0,114,4,2,1,0,1,508,395,0,113
1990,"SENECA",39147,120,113,0,2,5,11,9,0,2,0,109,104,0,5
1991,"SENECA",39147,151,141,0,0,10,8,7,0,0,1,143,134,0,9
1992,"SENECA",39147,159,143,2,2,12,10,5,2,2,1,149,138,0,11
1993,"SENECA",39147,105,102,0,0,3,4,4,0,0,0,101,98,0,3
1994,"SENECA",39147,96,91,1,0,4,3,2,1,0,0,93,89,0,4
1995,"SENECA",39147,101,98,1,0,2,2,1,1,0,0,99,97,0,2
1996,"SENECA",39147,145,133,0,0,12,9,5,0,0,4,136,128,0,8
1997,"SENECA",39147,196,188,0,0,8,4,4,0,0,0,192,184,0,8
1998,"SENECA",39147,183,175,0,0,8,2,2,0,0,0,181,173,0,8
1999,"SENECA",39147,180,170,1,0,9,9,6,1,0,2,171,164,0,7
2000,"SENECA",39147,183,166,1,0,16,7,5,1,0,1,176,161,0,15
2001,"SENECA",39147,174,165,0,0,9,12,8,0,0,4,162,157,0,5
2002,"SENECA",39147,69,61,1,0,7,1,0,1,0,0,68,61,0,7
2003,"SENECA",39147,63,59,0,0,4,0,0,0,0,0,63,59,0,4
1990,"SHELBY",39149,110,82,3,0,25,3,0,3,0,0,107,82,0,25
1991,"SHELBY",39149,160,130,1,1,28,4,2,1,1,0,156,128,0,28
1992,"SHELBY",39149,128,99,2,0,27,6,4,2,0,0,122,95,0,27
1993,"SHELBY",39149,102,67,2,1,32,3,0,2,1,0,99,67,0,32
1994,"SHELBY",39149,124,91,0,1,32,3,1,0,1,1,121,90,0,31
1995,"SHELBY",39149,104,73,0,0,31,1,1,0,0,0,103,72,0,31
1996,"SHELBY",39149,128,96,0,0,32,1,1,0,0,0,127,95,0,32
1997,"SHELBY",39149,176,139,0,0,37,4,3,0,0,1,172,136,0,36
1998,"SHELBY",39149,179,130,0,1,48,2,1,0,1,0,177,129,0,48
1999,"SHELBY",39149,154,123,0,0,31,1,0,0,0,1,153,123,0,30
2000,"SHELBY",39149,184,155,2,0,27,4,2,2,0,0,180,153,0,27
2001,"SHELBY",39149,297,255,1,0,41,1,0,1,0,0,296,255,0,41
2002,"SHELBY",39149,303,246,0,0,57,1,1,0,0,0,302,245,0,57
2003,"SHELBY",39149,315,249,2,0,64,5,3,2,0,0,310,246,0,64
1990,"STARK",39151,1282,1015,7,0,260,77,55,7,0,15,1205,960,0,245
1991,"STARK",39151,1451,1171,8,3,269,89,62,7,3,17,1362,1109,1,252
1992,"STARK",39151,1424,1155,9,1,259,103,71,9,1,22,1321,1084,0,237
1993,"STARK",39151,1201,994,11,2,194,89,64,11,2,12,1112,930,0,182
1994,"STARK",39151,1057,871,4,0,182,59,48,3,0,8,998,823,1,174
1995,"STARK",39151,1182,975,4,1,202,51,27,4,1,19,1131,948,0,183
1996,"STARK",39151,1775,1485,10,1,279,69,43,9,1,16,1706,1442,1,263
1997,"STARK",39151,2005,1687,5,0,313,74,48,5,0,21,1931,1639,0,292
1998,"STARK",39151,2145,1833,2,0,310,92,67,2,0,23,2053,1766,0,287
1999,"STARK",39151,2129,1764,3,0,362,94,71,3,0,20,2035,1693,0,342
2000,"STARK",39151,2265,1883,10,0,372,115,76,10,0,29,2150,1807,0,343
2001,"STARK",39151,2827,2439,1,0,387,125,103,1,0,21,2702,2336,0,366
2002,"STARK",39151,3278,2785,3,0,490,112,89,3,0,20,3166,2696,0,470
2003,"STARK",39151,3678,3142,3,0,533,100,74,3,0,23,3578,3068,0,510
1990,"SUMMIT",39153,1924,1478,14,0,432,107,65,11,0,31,1817,1413,3,401
1991,"SUMMIT",39153,2219,1669,19,0,531,121,81,17,0,23,2098,1588,2,508
1992,"SUMMIT",39153,2020,1550,21,0,449,85,48,20,0,17,1935,1502,1,432
1993,"SUMMIT",39153,1672,1312,16,0,344,48,29,12,0,7,1624,1283,4,337
1994,"SUMMIT",39153,1477,1155,3,0,319,31,29,1,0,1,1446,1126,2,318
1995,"SUMMIT",39153,1678,1343,6,0,329,24,15,6,0,3,1654,1328,0,326
1996,"SUMMIT",39153,2236,1858,10,0,368,28,18,9,0,1,2208,1840,1,367
1997,"SUMMIT",39153,2714,2206,4,0,504,15,11,4,0,0,2699,2195,0,504
1998,"SUMMIT",39153,2978,2489,6,0,483,68,50,6,0,12,2910,2439,0,471
1999,"SUMMIT",39153,2759,2248,2,0,509,99,80,2,0,17,2660,2168,0,492
2000,"SUMMIT",39153,2713,2161,4,0,548,102,76,4,0,22,2611,2085,0,526
2001,"SUMMIT",39153,3500,2801,15,0,684,129,92,15,0,22,3371,2709,0,662
2002,"SUMMIT",39153,4207,3354,14,0,839,115,78,14,0,23,4092,3276,0,816
2003,"SUMMIT",39153,4730,3853,15,0,862,112,82,15,0,15,4618,3771,0,847
1990,"TRUMBULL",39155,738,603,14,1,120,39,18,13,1,7,699,585,1,113
1991,"TRUMBULL",39155,804,667,7,1,129,21,10,6,1,4,783,657,1,125
1992,"TRUMBULL",39155,791,648,5,1,137,29,14,5,1,9,762,634,0,128
1993,"TRUMBULL",39155,649,559,4,0,86,17,11,4,0,2,632,548,0,84
1994,"TRUMBULL",39155,711,587,13,0,111,24,8,13,0,3,687,579,0,108
1995,"TRUMBULL",39155,740,631,4,0,105,18,8,4,0,6,722,623,0,99
1996,"TRUMBULL",39155,926,795,2,4,125,15,8,2,4,1,911,787,0,124
1997,"TRUMBULL",39155,1231,1035,4,0,192,16,10,4,0,2,1215,1025,0,190
1998,"TRUMBULL",39155,1188,992,1,1,194,27,22,1,1,3,1161,970,0,191
1999,"TRUMBULL",39155,1237,1033,0,0,204,59,53,0,0,6,1178,980,0,198
2000,"TRUMBULL",39155,1264,1016,3,0,245,68,54,3,0,11,1196,962,0,234
2001,"TRUMBULL",39155,1735,1458,8,0,269,88,70,8,0,10,1647,1388,0,259
2002,"TRUMBULL",39155,1881,1522,8,0,351,60,39,8,0,13,1821,1483,0,338
2003,"TRUMBULL",39155,2009,1628,11,1,369,59,37,11,1,10,1950,1591,0,359
1990,"TUSCARAWAS",39157,202,180,2,0,20,14,10,2,0,2,188,170,0,18
1991,"TUSCARAWAS",39157,262,232,0,2,28,15,12,0,2,1,247,220,0,27
1992,"TUSCARAWAS",39157,209,191,0,0,18,9,7,0,0,2,200,184,0,16
1993,"TUSCARAWAS",39157,186,168,0,1,17,11,9,0,1,1,175,159,0,16
1994,"TUSCARAWAS",39157,178,153,0,0,25,12,10,0,0,2,166,143,0,23
1995,"TUSCARAWAS",39157,217,182,3,0,32,13,7,3,0,3,204,175,0,29
1996,"TUSCARAWAS",39157,341,298,0,0,43,16,13,0,0,3,325,285,0,40
1997,"TUSCARAWAS",39157,362,334,1,0,27,4,3,1,0,0,358,331,0,27
1998,"TUSCARAWAS",39157,452,418,2,1,31,22,15,2,1,4,430,403,0,27
1999,"TUSCARAWAS",39157,398,365,0,0,33,19,16,0,0,3,379,349,0,30
2000,"TUSCARAWAS",39157,442,399,1,1,41,14,7,1,1,5,428,392,0,36
2001,"TUSCARAWAS",39157,548,505,0,0,43,33,24,0,0,9,515,481,0,34
2002,"TUSCARAWAS",39157,678,629,2,0,47,28,24,2,0,2,650,605,0,45
2003,"TUSCARAWAS",39157,672,627,1,0,44,41,37,1,0,3,631,590,0,41
1990,"UNION",39159,153,117,0,2,34,2,0,0,2,0,151,117,0,34
1991,"UNION",39159,160,107,1,0,52,4,3,1,0,0,156,104,0,52
1992,"UNION",39159,127,84,0,3,40,6,1,0,3,2,121,83,0,38
1993,"UNION",39159,125,76,0,2,47,4,2,0,2,0,121,74,0,47
1994,"UNION",39159,113,65,1,1,46,5,3,1,1,0,108,62,0,46
1995,"UNION",39159,120,67,1,1,51,3,0,1,1,1,117,67,0,50
1996,"UNION",39159,153,93,0,1,59,3,1,0,1,1,150,92,0,58
1997,"UNION",39159,160,103,0,0,57,4,2,0,0,2,156,101,0,55
1998,"UNION",39159,172,109,0,0,63,4,2,0,0,2,168,107,0,61
1999,"UNION",39159,189,109,0,2,78,10,2,0,2,6,179,107,0,72
2000,"UNION",39159,150,83,0,1,66,4,0,0,1,3,146,83,0,63
2001,"UNION",39159,239,151,1,0,87,11,2,1,0,8,228,149,0,79
2002,"UNION",39159,291,182,2,0,107,12,6,2,0,4,279,176,0,103
2003,"UNION",39159,339,201,2,0,136,14,7,2,0,5,325,194,0,131
1990,"VAN WERT",39161,65,62,0,1,2,1,0,0,1,0,64,62,0,2
1991,"VAN WERT",39161,57,55,0,0,2,1,1,0,0,0,56,54,0,2
1992,"VAN WERT",39161,60,56,0,0,4,3,1,0,0,2,57,55,0,2
1993,"VAN WERT",39161,49,47,1,0,1,2,1,1,0,0,47,46,0,1
1994,"VAN WERT",39161,58,56,1,0,1,3,2,1,0,0,55,54,0,1
1995,"VAN WERT",39161,61,57,0,0,4,0,0,0,0,0,61,57,0,4
1996,"VAN WERT",39161,81,78,0,0,3,2,2,0,0,0,79,76,0,3
1997,"VAN WERT",39161,104,103,0,0,1,3,3,0,0,0,101,100,0,1
1998,"VAN WERT",39161,99,93,0,0,6,0,0,0,0,0,99,93,0,6
1999,"VAN WERT",39161,95,93,0,0,2,3,3,0,0,0,92,90,0,2
2000,"VAN WERT",39161,106,104,0,0,2,5,5,0,0,0,101,99,0,2
2001,"VAN WERT",39161,200,198,0,0,2,3,3,0,0,0,197,195,0,2
2002,"VAN WERT",39161,214,204,2,1,7,11,8,2,1,0,203,196,0,7
2003,"VAN WERT",39161,231,217,0,0,14,4,4,0,0,0,227,213,0,14
1990,"VINTON",39163,28,22,0,0,6,0,0,0,0,0,28,22,0,6
1991,"VINTON",39163,37,34,0,0,3,0,0,0,0,0,37,34,0,3
1992,"VINTON",39163,19,13,0,0,6,0,0,0,0,0,19,13,0,6
1993,"VINTON",39163,18,13,0,0,5,1,1,0,0,0,17,12,0,5
1994,"VINTON",39163,32,25,0,0,7,2,2,0,0,0,30,23,0,7
1995,"VINTON",39163,38,33,0,0,5,5,5,0,0,0,33,28,0,5
1996,"VINTON",39163,35,26,0,0,9,0,0,0,0,0,35,26,0,9
1997,"VINTON",39163,53,43,1,0,9,2,1,1,0,0,51,42,0,9
1998,"VINTON",39163,51,37,0,0,14,2,2,0,0,0,49,35,0,14
1999,"VINTON",39163,51,45,0,0,6,0,0,0,0,0,51,45,0,6
2000,"VINTON",39163,61,53,0,0,8,1,0,0,0,1,60,53,0,7
2001,"VINTON",39163,57,47,0,0,10,0,0,0,0,0,57,47,0,10
2002,"VINTON",39163,58,37,0,0,21,1,0,0,0,1,57,37,0,20
2003,"VINTON",39163,62,50,0,0,12,1,0,0,0,1,61,50,0,11
1990,"WARREN",39165,472,366,6,0,100,22,16,5,0,1,450,350,1,99
1991,"WARREN",39165,547,422,3,0,122,11,9,2,0,0,536,413,1,122
1992,"WARREN",39165,469,351,2,0,116,13,9,2,0,2,456,342,0,114
1993,"WARREN",39165,435,321,2,1,111,25,19,2,1,3,410,302,0,108
1994,"WARREN",39165,371,274,2,0,95,18,14,2,0,2,353,260,0,93
1995,"WARREN",39165,455,339,2,0,114,13,10,2,0,1,442,329,0,113
1996,"WARREN",39165,544,442,4,0,98,13,9,4,0,0,531,433,0,98
1997,"WARREN",39165,674,538,8,0,128,18,8,8,0,2,656,530,0,126
1998,"WARREN",39165,749,597,4,0,148,20,13,4,0,3,729,584,0,145
1999,"WARREN",39165,673,569,2,0,102,11,7,2,0,2,662,562,0,100
2000,"WARREN",39165,682,579,4,0,99,22,18,3,0,1,660,561,1,98
2001,"WARREN",39165,952,811,3,0,137,16,12,3,0,0,936,799,0,137
2002,"WARREN",39165,1078,827,3,0,248,10,6,3,0,1,1068,821,0,247
2003,"WARREN",39165,1100,829,1,0,270,14,13,1,0,0,1086,816,0,270
1990,"WASHINGTON",39167,146,123,5,0,18,6,2,4,0,0,140,121,1,18
1991,"WASHINGTON",39167,123,113,1,0,9,5,4,1,0,0,118,109,0,9
1992,"WASHINGTON",39167,127,111,3,0,13,7,3,3,0,1,120,108,0,12
1993,"WASHINGTON",39167,124,109,2,0,13,5,4,1,0,0,119,105,1,13
1994,"WASHINGTON",39167,114,105,0,0,9,3,3,0,0,0,111,102,0,9
1995,"WASHINGTON",39167,114,106,2,0,6,8,6,2,0,0,106,100,0,6
1996,"WASHINGTON",39167,195,180,0,0,15,7,3,0,0,4,188,177,0,11
1997,"WASHINGTON",39167,240,228,0,0,12,10,9,0,0,1,230,219,0,11
1998,"WASHINGTON",39167,194,180,0,0,14,5,4,0,0,1,189,176,0,13
1999,"WASHINGTON",39167,210,201,0,0,9,11,10,0,0,1,199,191,0,8
2000,"WASHINGTON",39167,205,190,1,0,14,5,2,1,0,2,200,188,0,12
2001,"WASHINGTON",39167,245,219,2,0,24,14,9,2,0,3,231,210,0,21
2002,"WASHINGTON",39167,281,249,2,0,30,12,9,2,0,1,269,240,0,29
2003,"WASHINGTON",39167,216,169,1,1,45,10,5,1,1,3,206,164,0,42
1990,"WAYNE",39169,293,253,1,0,39,14,12,1,0,1,279,241,0,38
1991,"WAYNE",39169,345,294,0,1,50,26,20,0,1,5,319,274,0,45
1992,"WAYNE",39169,289,218,0,1,70,24,18,0,1,5,265,200,0,65
1993,"WAYNE",39169,244,191,1,0,52,19,15,1,0,3,225,176,0,49
1994,"WAYNE",39169,197,151,2,0,44,20,9,2,0,9,177,142,0,35
1995,"WAYNE",39169,230,179,0,0,51,16,9,0,0,7,214,170,0,44
1996,"WAYNE",39169,326,220,1,0,105,12,7,1,0,4,314,213,0,101
1997,"WAYNE",39169,407,338,0,0,69,13,6,0,0,7,394,332,0,62
1998,"WAYNE",39169,446,383,0,0,63,21,13,0,0,8,425,370,0,55
1999,"WAYNE",39169,471,399,0,0,72,17,13,0,0,4,454,386,0,68
2000,"WAYNE",39169,438,371,0,0,67,25,16,0,0,9,413,355,0,58
2001,"WAYNE",39169,573,490,2,0,81,37,27,2,0,8,536,463,0,73
2002,"WAYNE",39169,592,530,1,0,61,22,17,1,0,4,570,513,0,57
2003,"WAYNE",39169,713,615,5,0,93,24,14,5,0,5,689,601,0,88
1990,"WILLIAMS",39171,109,100,2,0,7,6,2,2,0,2,103,98,0,5
1991,"WILLIAMS",39171,89,83,1,0,5,1,0,1,0,0,88,83,0,5
1992,"WILLIAMS",39171,85,82,0,0,3,3,3,0,0,0,82,79,0,3
1993,"WILLIAMS",39171,61,58,0,1,2,5,4,0,1,0,56,54,0,2
1994,"WILLIAMS",39171,60,57,0,0,3,4,3,0,0,1,56,54,0,2
1995,"WILLIAMS",39171,66,63,0,2,1,3,1,0,2,0,63,62,0,1
1996,"WILLIAMS",39171,82,77,0,0,5,2,2,0,0,0,80,75,0,5
1997,"WILLIAMS",39171,140,136,0,0,4,3,2,0,0,1,137,134,0,3
1998,"WILLIAMS",39171,130,123,0,0,7,4,4,0,0,0,126,119,0,7
1999,"WILLIAMS",39171,146,144,0,0,2,2,2,0,0,0,144,142,0,2
2000,"WILLIAMS",39171,137,131,0,0,6,10,9,0,0,1,127,122,0,5
2001,"WILLIAMS",39171,231,224,0,0,7,7,5,0,0,2,224,219,0,5
2002,"WILLIAMS",39171,261,258,0,0,3,7,7,0,0,0,254,251,0,3
2003,"WILLIAMS",39171,288,276,0,0,12,1,1,0,0,0,287,275,0,12
1990,"WOOD",39173,325,296,5,2,21,33,24,4,2,2,292,272,1,19
1991,"WOOD",39173,400,346,1,2,51,11,6,1,2,2,389,340,0,49
1992,"WOOD",39173,319,280,4,0,35,16,11,4,0,1,303,269,0,34
1993,"WOOD",39173,244,203,8,1,32,23,10,8,1,4,221,193,0,28
1994,"WOOD",39173,221,206,2,0,13,6,4,2,0,0,215,202,0,13
1995,"WOOD",39173,233,212,0,1,20,12,6,0,1,5,221,206,0,15
1996,"WOOD",39173,300,274,1,1,24,16,11,1,1,3,284,263,0,21
1997,"WOOD",39173,414,395,0,1,18,16,12,0,1,3,398,383,0,15
1998,"WOOD",39173,366,339,0,0,27,12,9,0,0,3,354,330,0,24
1999,"WOOD",39173,380,353,0,0,27,8,5,0,0,3,372,348,0,24
2000,"WOOD",39173,369,340,1,0,28,12,11,1,0,0,357,329,0,28
2001,"WOOD",39173,481,448,2,0,31,23,19,2,0,2,458,429,0,29
2002,"WOOD",39173,544,496,1,0,47,17,11,1,0,5,527,485,0,42
2003,"WOOD",39173,653,600,3,0,50,10,7,2,0,1,643,593,1,49
1990,"WYANDOT",39175,52,52,0,0,0,2,2,0,0,0,50,50,0,0
1991,"WYANDOT",39175,68,62,1,1,4,4,1,0,1,2,64,61,1,2
1992,"WYANDOT",39175,61,58,1,0,2,3,2,1,0,0,58,56,0,2
1993,"WYANDOT",39175,63,57,4,0,2,8,3,4,0,1,55,54,0,1
1994,"WYANDOT",39175,57,55,0,0,2,5,5,0,0,0,52,50,0,2
1995,"WYANDOT",39175,49,47,0,0,2,0,0,0,0,0,49,47,0,2
1996,"WYANDOT",39175,67,63,0,0,4,2,2,0,0,0,65,61,0,4
1997,"WYANDOT",39175,78,77,0,0,1,5,5,0,0,0,73,72,0,1
1998,"WYANDOT",39175,86,82,0,0,4,3,3,0,0,0,83,79,0,4
1999,"WYANDOT",39175,94,91,0,0,3,2,2,0,0,0,92,89,0,3
2000,"WYANDOT",39175,56,55,0,0,1,6,6,0,0,0,50,49,0,1
2001,"WYANDOT",39175,107,104,0,0,3,2,2,0,0,0,105,102,0,3
2002,"WYANDOT",39175,116,111,0,0,5,2,2,0,0,0,114,109,0,5
2003,"WYANDOT",39175,146,142,1,0,3,1,0,1,0,0,145,142,0,3
1990,"ADAIR",40001,26,25,0,0,1,5,5,0,0,0,21,20,0,1
1991,"ADAIR",40001,49,47,1,0,1,2,1,1,0,0,47,46,0,1
1992,"ADAIR",40001,42,38,0,0,4,4,3,0,0,1,38,35,0,3
1993,"ADAIR",40001,41,37,0,0,4,1,0,0,0,1,40,37,0,3
1994,"ADAIR",40001,40,36,0,0,4,4,4,0,0,0,36,32,0,4
1995,"ADAIR",40001,26,25,0,0,1,2,2,0,0,0,24,23,0,1
1996,"ADAIR",40001,64,58,0,2,4,7,5,0,2,0,57,53,0,4
1997,"ADAIR",40001,91,82,0,1,8,2,1,0,1,0,89,81,0,8
1998,"ADAIR",40001,110,104,0,1,5,3,2,0,1,0,107,102,0,5
1999,"ADAIR",40001,78,74,0,0,4,2,2,0,0,0,76,72,0,4
2000,"ADAIR",40001,105,97,1,0,7,2,2,0,0,0,103,95,1,7
2001,"ADAIR",40001,120,111,0,0,9,4,4,0,0,0,116,107,0,9
2002,"ADAIR",40001,123,106,0,1,16,2,0,0,1,1,121,106,0,15
2003,"ADAIR",40001,108,96,0,1,11,3,1,0,1,1,105,95,0,10
1990,"ALFALFA",40003,8,8,0,0,0,1,1,0,0,0,7,7,0,0
1991,"ALFALFA",40003,13,12,0,1,0,2,1,0,1,0,11,11,0,0
1992,"ALFALFA",40003,11,7,0,3,1,4,1,0,3,0,7,6,0,1
1993,"ALFALFA",40003,9,8,0,1,0,1,0,0,1,0,8,8,0,0
1994,"ALFALFA",40003,12,11,0,0,1,2,1,0,0,1,10,10,0,0
1995,"ALFALFA",40003,9,9,0,0,0,0,0,0,0,0,9,9,0,0
1996,"ALFALFA",40003,26,24,0,0,2,5,4,0,0,1,21,20,0,1
1997,"ALFALFA",40003,36,33,0,2,1,4,2,0,2,0,32,31,0,1
1998,"ALFALFA",40003,25,24,0,1,0,2,1,0,1,0,23,23,0,0
1999,"ALFALFA",40003,26,24,1,0,1,4,2,1,0,1,22,22,0,0
2000,"ALFALFA",40003,17,16,0,0,1,2,2,0,0,0,15,14,0,1
2001,"ALFALFA",40003,24,23,0,0,1,0,0,0,0,0,24,23,0,1
2002,"ALFALFA",40003,24,22,0,0,2,0,0,0,0,0,24,22,0,2
2003,"ALFALFA",40003,36,36,0,0,0,0,0,0,0,0,36,36,0,0
1990,"ATOKA",40005,14,12,0,2,0,4,2,0,2,0,10,10,0,0
1991,"ATOKA",40005,17,14,0,0,3,1,1,0,0,0,16,13,0,3
1992,"ATOKA",40005,12,11,0,0,1,1,1,0,0,0,11,10,0,1
1993,"ATOKA",40005,15,12,1,0,2,3,2,1,0,0,12,10,0,2
1994,"ATOKA",40005,18,16,1,0,1,2,1,1,0,0,16,15,0,1
1995,"ATOKA",40005,22,18,0,0,4,4,2,0,0,2,18,16,0,2
1996,"ATOKA",40005,29,26,0,1,2,2,1,0,1,0,27,25,0,2
1997,"ATOKA",40005,42,38,0,0,4,1,1,0,0,0,41,37,0,4
1998,"ATOKA",40005,46,43,0,2,1,4,2,0,2,0,42,41,0,1
1999,"ATOKA",40005,34,33,0,0,1,2,1,0,0,1,32,32,0,0
2000,"ATOKA",40005,34,31,0,0,3,0,0,0,0,0,34,31,0,3
2001,"ATOKA",40005,58,56,0,0,2,0,0,0,0,0,58,56,0,2
2002,"ATOKA",40005,46,45,0,0,1,0,0,0,0,0,46,45,0,1
2003,"ATOKA",40005,60,56,0,0,4,2,1,0,0,1,58,55,0,3
1990,"BEAVER",40007,9,5,0,3,1,5,2,0,3,0,4,3,0,1
1991,"BEAVER",40007,8,6,1,0,1,1,0,1,0,0,7,6,0,1
1992,"BEAVER",40007,8,7,1,0,0,2,1,1,0,0,6,6,0,0
1993,"BEAVER",40007,8,8,0,0,0,0,0,0,0,0,8,8,0,0
1994,"BEAVER",40007,8,7,0,0,1,1,1,0,0,0,7,6,0,1
1995,"BEAVER",40007,16,15,1,0,0,1,0,1,0,0,15,15,0,0
1996,"BEAVER",40007,10,10,0,0,0,0,0,0,0,0,10,10,0,0
1997,"BEAVER",40007,16,11,0,0,5,1,1,0,0,0,15,10,0,5
1998,"BEAVER",40007,20,18,0,1,1,1,0,0,1,0,19,18,0,1
1999,"BEAVER",40007,10,9,0,0,1,0,0,0,0,0,10,9,0,1
2000,"BEAVER",40007,14,13,0,0,1,1,1,0,0,0,13,12,0,1
2001,"BEAVER",40007,13,11,1,0,1,1,0,1,0,0,12,11,0,1
2002,"BEAVER",40007,20,19,0,0,1,1,1,0,0,0,19,18,0,1
2003,"BEAVER",40007,26,22,0,0,4,1,1,0,0,0,25,21,0,4
1990,"BECKHAM",40009,50,47,0,2,1,7,5,0,2,0,43,42,0,1
1991,"BECKHAM",40009,46,39,2,1,4,6,3,2,1,0,40,36,0,4
1992,"BECKHAM",40009,51,44,0,2,5,5,3,0,2,0,46,41,0,5
1993,"BECKHAM",40009,43,36,2,0,5,3,1,2,0,0,40,35,0,5
1994,"BECKHAM",40009,41,33,2,1,5,5,2,2,1,0,36,31,0,5
1995,"BECKHAM",40009,44,40,0,0,4,5,4,0,0,1,39,36,0,3
1996,"BECKHAM",40009,77,68,1,2,6,9,6,1,2,0,68,62,0,6
1997,"BECKHAM",40009,93,83,0,1,9,8,7,0,1,0,85,76,0,9
1998,"BECKHAM",40009,88,77,0,1,10,2,1,0,1,0,86,76,0,10
1999,"BECKHAM",40009,105,97,0,0,8,5,5,0,0,0,100,92,0,8
2000,"BECKHAM",40009,90,84,0,1,5,5,4,0,1,0,85,80,0,5
2001,"BECKHAM",40009,102,96,0,0,6,4,4,0,0,0,98,92,0,6
2002,"BECKHAM",40009,91,84,0,0,7,4,4,0,0,0,87,80,0,7
2003,"BECKHAM",40009,94,89,1,0,4,1,0,1,0,0,93,89,0,4
1990,"BLAINE",40011,35,32,0,1,2,7,6,0,1,0,28,26,0,2
1991,"BLAINE",40011,38,36,0,1,1,2,1,0,1,0,36,35,0,1
1992,"BLAINE",40011,32,29,0,1,2,2,1,0,1,0,30,28,0,2
1993,"BLAINE",40011,25,22,0,1,2,3,2,0,1,0,22,20,0,2
1994,"BLAINE",40011,37,33,0,0,4,1,1,0,0,0,36,32,0,4
1995,"BLAINE",40011,19,16,1,1,1,5,3,1,1,0,14,13,0,1
1996,"BLAINE",40011,45,40,0,1,4,8,7,0,1,0,37,33,0,4
1997,"BLAINE",40011,66,53,1,1,11,9,4,1,1,3,57,49,0,8
1998,"BLAINE",40011,45,41,0,0,4,1,1,0,0,0,44,40,0,4
1999,"BLAINE",40011,42,35,0,0,7,1,0,0,0,1,41,35,0,6
2000,"BLAINE",40011,34,32,0,0,2,2,2,0,0,0,32,30,0,2
2001,"BLAINE",40011,54,50,0,0,4,0,0,0,0,0,54,50,0,4
2002,"BLAINE",40011,34,30,0,0,4,1,1,0,0,0,33,29,0,4
2003,"BLAINE",40011,58,54,0,1,3,4,2,0,1,1,54,52,0,2
1990,"BRYAN",40013,66,52,1,8,5,16,7,1,8,0,50,45,0,5
1991,"BRYAN",40013,49,40,1,0,8,4,2,1,0,1,45,38,0,7
1992,"BRYAN",40013,56,47,1,2,6,6,3,1,2,0,50,44,0,6
1993,"BRYAN",40013,45,36,1,0,8,5,3,1,0,1,40,33,0,7
1994,"BRYAN",40013,62,57,0,5,0,6,1,0,5,0,56,56,0,0
1995,"BRYAN",40013,83,76,0,0,7,8,6,0,0,2,75,70,0,5
1996,"BRYAN",40013,119,108,1,1,9,11,8,1,1,1,108,100,0,8
1997,"BRYAN",40013,157,142,3,6,6,17,5,3,6,3,140,137,0,3
1998,"BRYAN",40013,177,166,1,0,10,4,3,1,0,0,173,163,0,10
1999,"BRYAN",40013,152,140,0,0,12,1,1,0,0,0,151,139,0,12
2000,"BRYAN",40013,142,135,0,1,6,3,2,0,1,0,139,133,0,6
2001,"BRYAN",40013,194,190,2,0,2,4,2,2,0,0,190,188,0,2
2002,"BRYAN",40013,187,175,3,0,9,3,0,3,0,0,184,175,0,9
2003,"BRYAN",40013,229,221,1,0,7,3,2,1,0,0,226,219,0,7
1990,"CADDO",40015,81,72,2,2,5,10,6,2,2,0,71,66,0,5
1991,"CADDO",40015,73,63,1,2,7,5,1,1,2,1,68,62,0,6
1992,"CADDO",40015,92,78,0,1,13,6,4,0,1,1,86,74,0,12
1993,"CADDO",40015,78,66,0,1,11,3,1,0,1,1,75,65,0,10
1994,"CADDO",40015,66,55,1,1,9,4,2,1,1,0,62,53,0,9
1995,"CADDO",40015,79,65,0,2,12,4,1,0,2,1,75,64,0,11
1996,"CADDO",40015,130,102,0,4,24,15,8,0,4,3,115,94,0,21
1997,"CADDO",40015,166,140,0,3,23,12,6,0,3,3,154,134,0,20
1998,"CADDO",40015,162,150,0,2,10,6,4,0,2,0,156,146,0,10
1999,"CADDO",40015,127,110,0,1,16,6,4,0,1,1,121,106,0,15
2000,"CADDO",40015,153,131,0,0,22,3,3,0,0,0,150,128,0,22
2001,"CADDO",40015,198,172,0,4,22,7,1,0,4,2,191,171,0,20
2002,"CADDO",40015,194,170,0,2,22,4,2,0,2,0,190,168,0,22
2003,"CADDO",40015,199,178,0,3,18,4,0,0,3,1,195,178,0,17
1990,"CANADIAN",40017,435,374,2,1,58,41,34,2,1,4,394,340,0,54
1991,"CANADIAN",40017,426,374,1,0,51,11,8,1,0,2,415,366,0,49
1992,"CANADIAN",40017,415,330,1,2,82,17,14,1,2,0,398,316,0,82
1993,"CANADIAN",40017,373,312,2,0,59,20,12,2,0,6,353,300,0,53
1994,"CANADIAN",40017,364,292,1,0,71,20,13,1,0,6,344,279,0,65
1995,"CANADIAN",40017,398,317,1,1,79,16,11,1,1,3,382,306,0,76
1996,"CANADIAN",40017,447,350,1,2,94,22,15,1,2,4,425,335,0,90
1997,"CANADIAN",40017,651,515,3,1,132,30,15,3,1,11,621,500,0,121
1998,"CANADIAN",40017,585,468,0,0,117,7,7,0,0,0,578,461,0,117
1999,"CANADIAN",40017,513,420,2,0,91,18,13,2,0,3,495,407,0,88
2000,"CANADIAN",40017,557,450,0,0,107,14,14,0,0,0,543,436,0,107
2001,"CANADIAN",40017,710,584,1,2,123,26,23,1,2,0,684,561,0,123
2002,"CANADIAN",40017,695,584,1,1,109,10,8,1,1,0,685,576,0,109
2003,"CANADIAN",40017,750,642,0,3,105,11,7,0,3,1,739,635,0,104
1990,"CARTER",40019,188,152,4,0,32,29,22,4,0,3,159,130,0,29
1991,"CARTER",40019,185,143,1,0,41,8,3,1,0,4,177,140,0,37
1992,"CARTER",40019,165,130,0,1,34,15,9,0,1,5,150,121,0,29
1993,"CARTER",40019,175,128,2,1,44,8,4,2,1,1,167,124,0,43
1994,"CARTER",40019,165,141,0,0,24,3,3,0,0,0,162,138,0,24
1995,"CARTER",40019,212,170,1,1,40,6,3,1,1,1,206,167,0,39
1996,"CARTER",40019,263,215,1,0,47,15,7,1,0,7,248,208,0,40
1997,"CARTER",40019,281,220,1,0,60,24,16,1,0,7,257,204,0,53
1998,"CARTER",40019,314,281,0,0,33,4,4,0,0,0,310,277,0,33
1999,"CARTER",40019,237,213,1,1,22,9,7,1,1,0,228,206,0,22
2000,"CARTER",40019,283,258,1,0,24,5,3,1,0,1,278,255,0,23
2001,"CARTER",40019,259,230,0,0,29,5,3,0,0,2,254,227,0,27
2002,"CARTER",40019,299,259,2,0,38,8,5,2,0,1,291,254,0,37
2003,"CARTER",40019,282,241,1,0,40,5,4,1,0,0,277,237,0,40
1990,"CHEROKEE",40021,90,83,0,0,7,7,7,0,0,0,83,76,0,7
1991,"CHEROKEE",40021,109,99,0,1,9,10,7,0,1,2,99,92,0,7
1992,"CHEROKEE",40021,100,90,0,0,10,7,5,0,0,2,93,85,0,8
1993,"CHEROKEE",40021,91,76,3,0,12,10,7,3,0,0,81,69,0,12
1994,"CHEROKEE",40021,103,89,2,0,12,9,5,2,0,2,94,84,0,10
1995,"CHEROKEE",40021,93,86,2,0,5,10,7,2,0,1,83,79,0,4
1996,"CHEROKEE",40021,162,141,3,0,18,13,8,3,0,2,149,133,0,16
1997,"CHEROKEE",40021,186,176,0,0,10,2,1,0,0,1,184,175,0,9
1998,"CHEROKEE",40021,221,205,0,0,16,12,11,0,0,1,209,194,0,15
1999,"CHEROKEE",40021,185,173,0,1,11,6,4,0,1,1,179,169,0,10
2000,"CHEROKEE",40021,183,176,3,0,4,7,4,3,0,0,176,172,0,4
2001,"CHEROKEE",40021,236,228,1,0,7,5,4,1,0,0,231,224,0,7
2002,"CHEROKEE",40021,287,262,0,0,25,4,3,0,0,1,283,259,0,24
2003,"CHEROKEE",40021,267,244,0,0,23,3,3,0,0,0,264,241,0,23
1990,"CHOCTAW",40023,10,7,1,0,2,2,1,1,0,0,8,6,0,2
1991,"CHOCTAW",40023,15,13,0,1,1,4,3,0,1,0,11,10,0,1
1992,"CHOCTAW",40023,15,11,0,0,4,0,0,0,0,0,15,11,0,4
1993,"CHOCTAW",40023,14,11,0,1,2,2,1,0,1,0,12,10,0,2
1994,"CHOCTAW",40023,16,12,0,1,3,3,1,0,1,1,13,11,0,2
1995,"CHOCTAW",40023,22,18,0,1,3,3,2,0,1,0,19,16,0,3
1996,"CHOCTAW",40023,29,23,2,2,2,7,3,2,2,0,22,20,0,2
1997,"CHOCTAW",40023,36,34,0,0,2,0,0,0,0,0,36,34,0,2
1998,"CHOCTAW",40023,38,35,0,0,3,0,0,0,0,0,38,35,0,3
1999,"CHOCTAW",40023,46,41,0,0,5,2,1,0,0,1,44,40,0,4
2000,"CHOCTAW",40023,42,40,0,0,2,1,1,0,0,0,41,39,0,2
2001,"CHOCTAW",40023,57,52,1,1,3,3,1,1,1,0,54,51,0,3
2002,"CHOCTAW",40023,70,64,0,1,5,2,1,0,1,0,68,63,0,5
2003,"CHOCTAW",40023,52,42,0,1,9,1,0,0,1,0,51,42,0,9
1993,"CIMARRON",40025,3,2,0,1,0,1,0,0,1,0,2,2,0,0
1994,"CIMARRON",40025,2,1,0,1,0,1,0,0,1,0,1,1,0,0
1995,"CIMARRON",40025,2,2,0,0,0,0,0,0,0,0,2,2,0,0
1996,"CIMARRON",40025,5,2,0,0,3,1,0,0,0,1,4,2,0,2
1997,"CIMARRON",40025,5,4,0,1,0,1,0,0,1,0,4,4,0,0
1998,"CIMARRON",40025,3,3,0,0,0,0,0,0,0,0,3,3,0,0
1999,"CIMARRON",40025,0,0,0,0,0,0,0,0,0,0,0,0,0,0
2000,"CIMARRON",40025,4,4,0,0,0,0,0,0,0,0,4,4,0,0
2001,"CIMARRON",40025,8,6,0,0,2,0,0,0,0,0,8,6,0,2
2002,"CIMARRON",40025,9,8,0,1,0,2,1,0,1,0,7,7,0,0
2003,"CIMARRON",40025,10,9,0,0,1,0,0,0,0,0,10,9,0,1
1990,"CLEVELAND",40027,963,817,7,0,139,66,50,5,0,11,897,767,2,128
1991,"CLEVELAND",40027,983,821,13,0,149,37,25,12,0,0,946,796,1,149
1992,"CLEVELAND",40027,875,718,1,0,156,39,33,1,0,5,836,685,0,151
1993,"CLEVELAND",40027,755,598,8,0,149,43,32,7,0,4,712,566,1,145
1994,"CLEVELAND",40027,676,549,1,0,126,21,13,1,0,7,655,536,0,119
1995,"CLEVELAND",40027,724,566,4,0,154,35,26,4,0,5,689,540,0,149
1996,"CLEVELAND",40027,1043,803,5,0,235,61,42,5,0,14,982,761,0,221
1997,"CLEVELAND",40027,1304,962,2,1,339,58,38,2,1,17,1246,924,0,322
1998,"CLEVELAND",40027,1204,930,0,0,274,21,17,0,0,4,1183,913,0,270
1999,"CLEVELAND",40027,1040,845,3,0,192,17,13,3,0,1,1023,832,0,191
2000,"CLEVELAND",40027,884,690,2,0,192,38,30,2,0,6,846,660,0,186
2001,"CLEVELAND",40027,1206,1018,3,1,184,40,30,3,1,6,1166,988,0,178
2002,"CLEVELAND",40027,1090,934,2,0,154,17,11,2,0,4,1073,923,0,150
2003,"CLEVELAND",40027,1247,1077,0,1,169,26,22,0,1,3,1221,1055,0,166
1990,"COAL",40029,10,9,0,0,1,0,0,0,0,0,10,9,0,1
1991,"COAL",40029,10,8,0,1,1,2,1,0,1,0,8,7,0,1
1992,"COAL",40029,14,12,0,1,1,2,1,0,1,0,12,11,0,1
1993,"COAL",40029,4,4,0,0,0,0,0,0,0,0,4,4,0,0
1994,"COAL",40029,10,9,0,0,1,1,1,0,0,0,9,8,0,1
1995,"COAL",40029,11,10,0,0,1,0,0,0,0,0,11,10,0,1
1996,"COAL",40029,17,17,0,0,0,0,0,0,0,0,17,17,0,0
1997,"COAL",40029,35,34,0,0,1,0,0,0,0,0,35,34,0,1
1998,"COAL",40029,27,27,0,0,0,1,1,0,0,0,26,26,0,0
1999,"COAL",40029,18,18,0,0,0,0,0,0,0,0,18,18,0,0
2000,"COAL",40029,22,22,0,0,0,0,0,0,0,0,22,22,0,0
2001,"COAL",40029,30,28,0,1,1,1,0,0,1,0,29,28,0,1
2002,"COAL",40029,30,28,0,0,2,0,0,0,0,0,30,28,0,2
2003,"COAL",40029,35,33,0,0,2,0,0,0,0,0,35,33,0,2
1990,"COMANCHE",40031,709,570,1,0,138,44,35,1,0,8,665,535,0,130
1991,"COMANCHE",40031,655,529,2,2,122,22,9,2,2,9,633,520,0,113
1992,"COMANCHE",40031,601,514,1,1,85,16,12,1,1,2,585,502,0,83
1993,"COMANCHE",40031,638,496,2,3,137,18,11,1,3,3,620,485,1,134
1994,"COMANCHE",40031,751,591,6,1,153,19,11,6,1,1,732,580,0,152
1995,"COMANCHE",40031,827,671,0,0,156,24,19,0,0,5,803,652,0,151
1996,"COMANCHE",40031,1053,824,6,0,223,41,30,6,0,5,1012,794,0,218
1997,"COMANCHE",40031,1175,928,2,0,245,36,27,2,0,7,1139,901,0,238
1998,"COMANCHE",40031,1141,915,0,0,226,15,13,0,0,2,1126,902,0,224
1999,"COMANCHE",40031,1027,855,4,1,167,17,11,4,1,1,1010,844,0,166
2000,"COMANCHE",40031,928,791,2,0,135,34,29,2,0,3,894,762,0,132
2001,"COMANCHE",40031,1063,941,0,2,120,18,14,0,2,2,1045,927,0,118
2002,"COMANCHE",40031,998,899,2,0,97,11,8,2,0,1,987,891,0,96
2003,"COMANCHE",40031,1042,944,1,4,93,21,16,1,4,0,1021,928,0,93
1990,"COTTON",40033,18,15,0,1,2,4,3,0,1,0,14,12,0,2
1991,"COTTON",40033,21,17,0,1,3,2,1,0,1,0,19,16,0,3
1992,"COTTON",40033,11,10,0,1,0,1,0,0,1,0,10,10,0,0
1993,"COTTON",40033,21,17,2,0,2,3,1,2,0,0,18,16,0,2
1994,"COTTON",40033,9,8,0,1,0,1,0,0,1,0,8,8,0,0
1995,"COTTON",40033,13,12,0,0,1,3,3,0,0,0,10,9,0,1
1996,"COTTON",40033,33,25,1,2,5,4,1,1,2,0,29,24,0,5
1997,"COTTON",40033,31,27,0,0,4,2,1,0,0,1,29,26,0,3
1998,"COTTON",40033,32,19,0,1,12,1,0,0,1,0,31,19,0,12
1999,"COTTON",40033,26,18,0,0,8,1,0,0,0,1,25,18,0,7
2000,"COTTON",40033,26,21,0,1,4,1,0,0,1,0,25,21,0,4
2001,"COTTON",40033,36,34,0,0,2,0,0,0,0,0,36,34,0,2
2002,"COTTON",40033,38,34,0,1,3,4,3,0,1,0,34,31,0,3
2003,"COTTON",40033,41,38,0,0,3,1,1,0,0,0,40,37,0,3
1990,"CRAIG",40035,39,39,0,0,0,6,6,0,0,0,33,33,0,0
1991,"CRAIG",40035,34,28,2,1,3,10,7,2,1,0,24,21,0,3
1992,"CRAIG",40035,63,55,0,0,8,12,12,0,0,0,51,43,0,8
1993,"CRAIG",40035,41,36,0,0,5,7,4,0,0,3,34,32,0,2
1994,"CRAIG",40035,29,25,0,0,4,1,1,0,0,0,28,24,0,4
1995,"CRAIG",40035,44,37,1,0,6,7,5,1,0,1,37,32,0,5
1996,"CRAIG",40035,62,57,1,0,4,10,7,1,0,2,52,50,0,2
1997,"CRAIG",40035,51,41,1,0,9,4,4,0,0,0,47,37,1,9
1998,"CRAIG",40035,68,60,0,0,8,2,2,0,0,0,66,58,0,8
1999,"CRAIG",40035,66,59,0,0,7,2,1,0,0,1,64,58,0,6
2000,"CRAIG",40035,83,72,0,0,11,7,4,0,0,3,76,68,0,8
2001,"CRAIG",40035,70,65,0,0,5,7,7,0,0,0,63,58,0,5
2002,"CRAIG",40035,100,96,0,0,4,2,2,0,0,0,98,94,0,4
2003,"CRAIG",40035,127,117,0,0,10,5,4,0,0,1,122,113,0,9
1990,"CREEK",40037,331,294,12,0,25,51,35,12,0,4,280,259,0,21
1991,"CREEK",40037,325,274,1,0,50,45,34,1,0,10,280,240,0,40
1992,"CREEK",40037,318,258,3,0,57,34,26,3,0,5,284,232,0,52
1993,"CREEK",40037,297,257,2,0,38,30,26,2,0,2,267,231,0,36
1994,"CREEK",40037,304,260,1,0,43,30,23,1,0,6,274,237,0,37
1995,"CREEK",40037,342,281,2,0,59,16,10,2,0,4,326,271,0,55
1996,"CREEK",40037,427,351,1,3,72,40,29,1,3,7,387,322,0,65
1997,"CREEK",40037,473,395,0,0,78,42,32,0,0,10,431,363,0,68
1998,"CREEK",40037,444,386,0,0,58,36,29,0,0,7,408,357,0,51
1999,"CREEK",40037,379,340,0,1,38,20,16,0,1,3,359,324,0,35
2000,"CREEK",40037,411,356,5,1,49,29,22,5,1,1,382,334,0,48
2001,"CREEK",40037,460,432,0,0,28,31,29,0,0,2,429,403,0,26
2002,"CREEK",40037,498,456,1,0,41,11,9,1,0,1,487,447,0,40
2003,"CREEK",40037,560,517,2,0,41,18,14,2,0,2,542,503,0,39
1990,"CUSTER",40039,87,82,1,0,4,7,6,1,0,0,80,76,0,4
1991,"CUSTER",40039,93,84,1,2,6,4,1,1,2,0,89,83,0,6
1992,"CUSTER",40039,80,71,1,0,8,4,3,1,0,0,76,68,0,8
1993,"CUSTER",40039,80,69,1,2,8,6,3,1,2,0,74,66,0,8
1994,"CUSTER",40039,85,81,0,0,4,7,7,0,0,0,78,74,0,4
1995,"CUSTER",40039,69,56,2,1,10,6,2,2,1,1,63,54,0,9
1996,"CUSTER",40039,128,108,1,0,19,9,6,1,0,2,119,102,0,17
1997,"CUSTER",40039,131,113,0,2,16,3,1,0,2,0,128,112,0,16
1998,"CUSTER",40039,140,121,1,0,18,3,2,1,0,0,137,119,0,18
1999,"CUSTER",40039,133,115,1,0,17,2,1,1,0,0,131,114,0,17
2000,"CUSTER",40039,97,86,0,1,10,1,0,0,1,0,96,86,0,10
2001,"CUSTER",40039,134,116,1,0,17,3,1,1,0,1,131,115,0,16
2002,"CUSTER",40039,140,137,1,1,1,2,0,1,1,0,138,137,0,1
2003,"CUSTER",40039,142,130,0,0,12,2,2,0,0,0,140,128,0,12
1990,"DELAWARE",40041,53,50,0,0,3,15,14,0,0,1,38,36,0,2
1991,"DELAWARE",40041,49,43,1,0,5,10,8,1,0,1,39,35,0,4
1992,"DELAWARE",40041,46,36,1,0,9,8,3,1,0,4,38,33,0,5
1993,"DELAWARE",40041,66,57,1,0,8,10,7,1,0,2,56,50,0,6
1994,"DELAWARE",40041,43,36,0,0,7,7,6,0,0,1,36,30,0,6
1995,"DELAWARE",40041,54,46,0,0,8,6,5,0,0,1,48,41,0,7
1996,"DELAWARE",40041,87,73,1,1,12,11,7,1,1,2,76,66,0,10
1997,"DELAWARE",40041,124,107,0,0,17,22,17,0,0,5,102,90,0,12
1998,"DELAWARE",40041,141,122,1,0,18,12,9,1,0,2,129,113,0,16
1999,"DELAWARE",40041,92,84,0,0,8,5,4,0,0,1,87,80,0,7
2000,"DELAWARE",40041,131,126,0,0,5,13,12,0,0,1,118,114,0,4
2001,"DELAWARE",40041,205,193,1,0,11,24,21,1,0,2,181,172,0,9
2002,"DELAWARE",40041,204,191,0,0,13,12,10,0,0,2,192,181,0,11
2003,"DELAWARE",40041,220,208,0,1,11,12,11,0,1,0,208,197,0,11
1990,"DEWEY",40043,11,10,0,1,0,3,2,0,1,0,8,8,0,0
1991,"DEWEY",40043,10,8,0,1,1,1,0,0,1,0,9,8,0,1
1992,"DEWEY",40043,19,14,2,0,3,3,0,2,0,1,16,14,0,2
1993,"DEWEY",40043,16,14,0,2,0,3,1,0,2,0,13,13,0,0
1994,"DEWEY",40043,6,6,0,0,0,2,2,0,0,0,4,4,0,0
1995,"DEWEY",40043,9,9,0,0,0,1,1,0,0,0,8,8,0,0
1996,"DEWEY",40043,12,10,0,0,2,2,2,0,0,0,10,8,0,2
1997,"DEWEY",40043,18,15,0,2,1,4,2,0,2,0,14,13,0,1
1998,"DEWEY",40043,20,18,0,0,2,2,2,0,0,0,18,16,0,2
1999,"DEWEY",40043,14,13,0,0,1,1,1,0,0,0,13,12,0,1
2000,"DEWEY",40043,19,18,0,1,0,2,1,0,1,0,17,17,0,0
2001,"DEWEY",40043,18,17,0,0,1,1,1,0,0,0,17,16,0,1
2002,"DEWEY",40043,23,20,0,1,2,1,0,0,1,0,22,20,0,2
2003,"DEWEY",40043,11,10,0,0,1,0,0,0,0,0,11,10,0,1
1990,"ELLIS",40045,12,12,0,0,0,3,3,0,0,0,9,9,0,0
1991,"ELLIS",40045,10,7,0,2,1,2,0,0,2,0,8,7,0,1
1992,"ELLIS",40045,4,3,0,1,0,2,1,0,1,0,2,2,0,0
1993,"ELLIS",40045,4,2,1,0,1,1,0,1,0,0,3,2,0,1
1994,"ELLIS",40045,6,4,0,1,1,1,0,0,1,0,5,4,0,1
1995,"ELLIS",40045,5,4,0,1,0,3,2,0,1,0,2,2,0,0
1996,"ELLIS",40045,10,8,0,2,0,2,0,0,2,0,8,8,0,0
1997,"ELLIS",40045,13,11,0,0,2,2,2,0,0,0,11,9,0,2
1998,"ELLIS",40045,12,8,0,0,4,1,0,0,0,1,11,8,0,3
1999,"ELLIS",40045,21,19,0,1,1,3,2,0,1,0,18,17,0,1
2000,"ELLIS",40045,13,12,0,0,1,1,1,0,0,0,12,11,0,1
2001,"ELLIS",40045,17,17,0,0,0,1,1,0,0,0,16,16,0,0
2002,"ELLIS",40045,10,7,0,0,3,1,1,0,0,0,9,6,0,3
2003,"ELLIS",40045,21,20,0,1,0,1,0,0,1,0,20,20,0,0
1990,"GARFIELD",40047,241,233,0,0,8,17,17,0,0,0,224,216,0,8
1991,"GARFIELD",40047,259,250,0,1,8,16,15,0,1,0,243,235,0,8
1992,"GARFIELD",40047,235,221,1,0,13,10,7,1,0,2,225,214,0,11
1993,"GARFIELD",40047,214,207,1,0,6,14,11,1,0,2,200,196,0,4
1994,"GARFIELD",40047,225,206,0,3,16,10,5,0,3,2,215,201,0,14
1995,"GARFIELD",40047,259,248,0,0,11,16,14,0,0,2,243,234,0,9
1996,"GARFIELD",40047,315,280,1,0,34,17,15,1,0,1,298,265,0,33
1997,"GARFIELD",40047,411,383,1,1,26,20,18,1,1,0,391,365,0,26
1998,"GARFIELD",40047,330,296,3,0,31,10,7,3,0,0,320,289,0,31
1999,"GARFIELD",40047,333,317,1,0,15,1,0,1,0,0,332,317,0,15
2000,"GARFIELD",40047,321,310,0,0,11,6,6,0,0,0,315,304,0,11
2001,"GARFIELD",40047,365,343,2,1,19,12,8,2,1,1,353,335,0,18
2002,"GARFIELD",40047,379,367,1,2,9,7,4,1,2,0,372,363,0,9
2003,"GARFIELD",40047,418,406,0,3,9,9,6,0,3,0,409,400,0,9
1990,"GARVIN",40049,100,89,0,0,11,12,12,0,0,0,88,77,0,11
1991,"GARVIN",40049,119,114,0,0,5,2,2,0,0,0,117,112,0,5
1992,"GARVIN",40049,99,83,1,3,12,4,1,0,3,0,95,82,1,12
1993,"GARVIN",40049,74,63,0,0,11,5,5,0,0,0,69,58,0,11
1994,"GARVIN",40049,93,81,4,1,7,8,3,4,1,0,85,78,0,7
1995,"GARVIN",40049,117,101,0,1,15,4,3,0,1,0,113,98,0,15
1996,"GARVIN",40049,149,124,0,0,25,6,5,0,0,1,143,119,0,24
1997,"GARVIN",40049,173,141,0,0,32,9,8,0,0,1,164,133,0,31
1998,"GARVIN",40049,212,187,0,1,24,5,4,0,1,0,207,183,0,24
1999,"GARVIN",40049,168,150,1,1,16,6,4,1,1,0,162,146,0,16
2000,"GARVIN",40049,152,140,0,0,12,4,4,0,0,0,148,136,0,12
2001,"GARVIN",40049,194,177,0,0,17,13,12,0,0,1,181,165,0,16
2002,"GARVIN",40049,219,205,0,0,14,5,4,0,0,1,214,201,0,13
2003,"GARVIN",40049,186,170,0,1,15,4,3,0,1,0,182,167,0,15
1990,"GRADY",40051,160,142,1,3,14,23,19,1,3,0,137,123,0,14
1991,"GRADY",40051,142,122,3,2,15,12,8,2,2,0,130,114,1,15
1992,"GRADY",40051,150,127,1,1,21,10,7,1,1,1,140,120,0,20
1993,"GRADY",40051,151,134,2,0,15,6,4,2,0,0,145,130,0,15
1994,"GRADY",40051,155,135,3,3,14,10,3,3,3,1,145,132,0,13
1995,"GRADY",40051,143,121,1,1,20,8,5,1,1,1,135,116,0,19
1996,"GRADY",40051,229,187,2,3,37,13,5,2,3,3,216,182,0,34
1997,"GRADY",40051,283,238,0,2,43,6,4,0,2,0,277,234,0,43
1998,"GRADY",40051,327,278,0,0,49,2,1,0,0,1,325,277,0,48
1999,"GRADY",40051,268,221,1,2,44,9,6,1,2,0,259,215,0,44
2000,"GRADY",40051,275,229,0,0,46,6,5,0,0,1,269,224,0,45
2001,"GRADY",40051,297,252,0,2,43,6,4,0,2,0,291,248,0,43
2002,"GRADY",40051,269,243,0,3,23,5,1,0,3,1,264,242,0,22
2003,"GRADY",40051,338,298,0,3,37,6,2,0,3,1,332,296,0,36
1990,"GRANT",40053,12,11,0,0,1,2,2,0,0,0,10,9,0,1
1991,"GRANT",40053,12,10,0,1,1,3,2,0,1,0,9,8,0,1
1992,"GRANT",40053,10,8,0,1,1,1,0,0,1,0,9,8,0,1
1993,"GRANT",40053,12,9,2,1,0,4,1,2,1,0,8,8,0,0
1994,"GRANT",40053,16,10,1,5,0,6,0,1,5,0,10,10,0,0
1995,"GRANT",40053,11,11,0,0,0,0,0,0,0,0,11,11,0,0
1996,"GRANT",40053,18,17,0,1,0,3,2,0,1,0,15,15,0,0
1997,"GRANT",40053,12,11,0,1,0,1,0,0,1,0,11,11,0,0
1998,"GRANT",40053,29,27,0,1,1,3,2,0,1,0,26,25,0,1
1999,"GRANT",40053,22,20,0,0,2,1,1,0,0,0,21,19,0,2
2000,"GRANT",40053,24,21,0,1,2,3,2,0,1,0,21,19,0,2
2001,"GRANT",40053,30,28,0,1,1,2,1,0,1,0,28,27,0,1
2002,"GRANT",40053,13,13,0,0,0,0,0,0,0,0,13,13,0,0
2003,"GRANT",40053,23,23,0,0,0,0,0,0,0,0,23,23,0,0
1990,"GREER",40055,20,19,1,0,0,5,4,1,0,0,15,15,0,0
1991,"GREER",40055,14,10,1,2,1,4,1,1,2,0,10,9,0,1
1992,"GREER",40055,18,14,1,2,1,3,0,1,2,0,15,14,0,1
1993,"GREER",40055,23,19,0,2,2,5,2,0,2,1,18,17,0,1
1994,"GREER",40055,14,12,0,0,2,3,3,0,0,0,11,9,0,2
1995,"GREER",40055,16,11,0,0,5,1,1,0,0,0,15,10,0,5
1996,"GREER",40055,15,13,0,0,2,1,1,0,0,0,14,12,0,2
1997,"GREER",40055,21,18,0,1,2,1,0,0,1,0,20,18,0,2
1998,"GREER",40055,34,29,0,0,5,2,2,0,0,0,32,27,0,5
1999,"GREER",40055,37,32,1,2,2,4,1,1,2,0,33,31,0,2
2000,"GREER",40055,31,29,0,1,1,2,1,0,1,0,29,28,0,1
2001,"GREER",40055,35,31,0,0,4,3,2,0,0,1,32,29,0,3
2002,"GREER",40055,37,35,0,0,2,2,1,0,0,1,35,34,0,1
2003,"GREER",40055,33,33,0,0,0,2,2,0,0,0,31,31,0,0
1990,"HARMON",40057,5,5,0,0,0,0,0,0,0,0,5,5,0,0
1991,"HARMON",40057,8,7,1,0,0,1,0,1,0,0,7,7,0,0
1992,"HARMON",40057,7,7,0,0,0,1,1,0,0,0,6,6,0,0
1993,"HARMON",40057,6,6,0,0,0,1,1,0,0,0,5,5,0,0
1994,"HARMON",40057,3,3,0,0,0,0,0,0,0,0,3,3,0,0
1995,"HARMON",40057,4,4,0,0,0,0,0,0,0,0,4,4,0,0
1996,"HARMON",40057,8,8,0,0,0,2,2,0,0,0,6,6,0,0
1997,"HARMON",40057,14,14,0,0,0,1,1,0,0,0,13,13,0,0
1998,"HARMON",40057,11,11,0,0,0,0,0,0,0,0,11,11,0,0
1999,"HARMON",40057,10,8,1,0,1,1,0,1,0,0,9,8,0,1
2000,"HARMON",40057,11,11,0,0,0,0,0,0,0,0,11,11,0,0
2001,"HARMON",40057,10,9,0,0,1,0,0,0,0,0,10,9,0,1
2002,"HARMON",40057,11,11,0,0,0,0,0,0,0,0,11,11,0,0
2003,"HARMON",40057,12,12,0,0,0,1,1,0,0,0,11,11,0,0
1990,"HARPER",40059,6,5,0,1,0,1,0,0,1,0,5,5,0,0
1991,"HARPER",40059,20,14,0,5,1,6,1,0,5,0,14,13,0,1
1992,"HARPER",40059,15,14,1,0,0,3,2,1,0,0,12,12,0,0
1993,"HARPER",40059,6,6,0,0,0,1,1,0,0,0,5,5,0,0
1994,"HARPER",40059,8,8,0,0,0,1,1,0,0,0,7,7,0,0
1995,"HARPER",40059,4,4,0,0,0,0,0,0,0,0,4,4,0,0
1996,"HARPER",40059,9,5,0,4,0,5,1,0,4,0,4,4,0,0
1997,"HARPER",40059,17,15,0,1,1,2,1,0,1,0,15,14,0,1
1998,"HARPER",40059,10,5,0,0,5,0,0,0,0,0,10,5,0,5
1999,"HARPER",40059,20,17,1,1,1,3,1,1,1,0,17,16,0,1
2000,"HARPER",40059,6,6,0,0,0,0,0,0,0,0,6,6,0,0
2001,"HARPER",40059,14,14,0,0,0,1,1,0,0,0,13,13,0,0
2002,"HARPER",40059,11,7,1,3,0,4,0,1,3,0,7,7,0,0
2003,"HARPER",40059,14,14,0,0,0,0,0,0,0,0,14,14,0,0
1990,"HASKELL",40061,19,18,0,0,1,3,2,0,0,1,16,16,0,0
1991,"HASKELL",40061,11,10,0,0,1,0,0,0,0,0,11,10,0,1
1992,"HASKELL",40061,23,21,0,0,2,2,2,0,0,0,21,19,0,2
1993,"HASKELL",40061,27,24,0,0,3,2,2,0,0,0,25,22,0,3
1994,"HASKELL",40061,26,25,0,0,1,1,1,0,0,0,25,24,0,1
1995,"HASKELL",40061,21,18,1,0,2,3,1,1,0,1,18,17,0,1
1996,"HASKELL",40061,25,23,0,0,2,1,1,0,0,0,24,22,0,2
1997,"HASKELL",40061,46,44,0,0,2,2,2,0,0,0,44,42,0,2
1998,"HASKELL",40061,72,68,0,0,4,2,0,0,0,2,70,68,0,2
1999,"HASKELL",40061,79,72,0,1,6,2,1,0,1,0,77,71,0,6
2000,"HASKELL",40061,69,64,0,0,5,2,2,0,0,0,67,62,0,5
2001,"HASKELL",40061,59,56,0,0,3,2,2,0,0,0,57,54,0,3
2002,"HASKELL",40061,112,107,0,0,5,1,1,0,0,0,111,106,0,5
2003,"HASKELL",40061,89,80,1,1,7,3,1,1,1,0,86,79,0,7
1990,"HUGHES",40063,24,21,0,0,3,2,2,0,0,0,22,19,0,3
1991,"HUGHES",40063,34,30,2,0,2,3,0,2,0,1,31,30,0,1
1992,"HUGHES",40063,24,23,1,0,0,3,2,1,0,0,21,21,0,0
1993,"HUGHES",40063,26,20,1,3,2,4,0,1,3,0,22,20,0,2
1994,"HUGHES",40063,24,22,0,0,2,0,0,0,0,0,24,22,0,2
1995,"HUGHES",40063,37,33,0,0,4,3,2,0,0,1,34,31,0,3
1996,"HUGHES",40063,58,47,0,0,11,4,1,0,0,3,54,46,0,8
1997,"HUGHES",40063,68,63,0,0,5,2,2,0,0,0,66,61,0,5
1998,"HUGHES",40063,70,64,0,0,6,1,1,0,0,0,69,63,0,6
1999,"HUGHES",40063,72,65,0,0,7,1,1,0,0,0,71,64,0,7
2000,"HUGHES",40063,64,58,0,2,4,2,0,0,2,0,62,58,0,4
2001,"HUGHES",40063,83,74,1,0,8,2,1,1,0,0,81,73,0,8
2002,"HUGHES",40063,114,111,0,0,3,3,3,0,0,0,111,108,0,3
2003,"HUGHES",40063,97,91,1,0,5,3,1,1,0,1,94,90,0,4
1990,"JACKSON",40065,121,99,1,7,14,11,3,1,7,0,110,96,0,14
1991,"JACKSON",40065,123,109,0,3,11,7,2,0,3,2,116,107,0,9
1992,"JACKSON",40065,72,65,0,2,5,3,1,0,2,0,69,64,0,5
1993,"JACKSON",40065,14,13,0,0,1,0,0,0,0,0,14,13,0,1
1994,"JACKSON",40065,12,11,0,0,1,0,0,0,0,0,12,11,0,1
1995,"JACKSON",40065,13,8,0,1,4,1,0,0,1,0,12,8,0,4
1996,"JACKSON",40065,23,17,1,1,4,8,5,1,1,1,15,12,0,3
1997,"JACKSON",40065,28,25,1,1,1,6,4,1,1,0,22,21,0,1
1998,"JACKSON",40065,28,26,0,0,2,0,0,0,0,0,28,26,0,2
1999,"JACKSON",40065,29,27,0,0,2,1,1,0,0,0,28,26,0,2
2000,"JACKSON",40065,26,24,0,0,2,0,0,0,0,0,26,24,0,2
2001,"JACKSON",40065,26,26,0,0,0,0,0,0,0,0,26,26,0,0
2002,"JACKSON",40065,32,30,0,0,2,1,1,0,0,0,31,29,0,2
2003,"JACKSON",40065,33,30,0,0,3,1,1,0,0,0,32,29,0,3
1990,"JEFFERSON",40067,11,10,0,0,1,3,2,0,0,1,8,8,0,0
1991,"JEFFERSON",40067,14,9,0,3,2,3,0,0,3,0,11,9,0,2
1992,"JEFFERSON",40067,11,10,0,1,0,2,1,0,1,0,9,9,0,0
1993,"JEFFERSON",40067,12,9,0,0,3,1,0,0,0,1,11,9,0,2
1994,"JEFFERSON",40067,11,10,0,0,1,1,1,0,0,0,10,9,0,1
1995,"JEFFERSON",40067,13,10,0,0,3,0,0,0,0,0,13,10,0,3
1996,"JEFFERSON",40067,18,15,0,0,3,1,1,0,0,0,17,14,0,3
1997,"JEFFERSON",40067,30,24,0,1,5,2,1,0,1,0,28,23,0,5
1998,"JEFFERSON",40067,25,19,0,1,5,2,1,0,1,0,23,18,0,5
1999,"JEFFERSON",40067,38,35,0,2,1,3,1,0,2,0,35,34,0,1
2000,"JEFFERSON",40067,27,24,0,0,3,0,0,0,0,0,27,24,0,3
2001,"JEFFERSON",40067,31,28,0,1,2,1,0,0,1,0,30,28,0,2
2002,"JEFFERSON",40067,40,35,0,0,5,0,0,0,0,0,40,35,0,5
2003,"JEFFERSON",40067,27,27,0,0,0,1,1,0,0,0,26,26,0,0
1990,"JOHNSTON",40069,17,14,0,1,2,3,1,0,1,1,14,13,0,1
1991,"JOHNSTON",40069,23,17,0,0,6,1,0,0,0,1,22,17,0,5
1992,"JOHNSTON",40069,19,17,0,0,2,1,1,0,0,0,18,16,0,2
1993,"JOHNSTON",40069,13,9,0,1,3,1,0,0,1,0,12,9,0,3
1994,"JOHNSTON",40069,20,19,0,0,1,0,0,0,0,0,20,19,0,1
1995,"JOHNSTON",40069,26,23,0,0,3,0,0,0,0,0,26,23,0,3
1996,"JOHNSTON",40069,49,43,0,0,6,4,4,0,0,0,45,39,0,6
1997,"JOHNSTON",40069,49,44,0,0,5,1,1,0,0,0,48,43,0,5
1998,"JOHNSTON",40069,60,58,0,1,1,1,0,0,1,0,59,58,0,1
1999,"JOHNSTON",40069,58,56,0,1,1,2,1,0,1,0,56,55,0,1
2000,"JOHNSTON",40069,51,47,0,0,4,1,0,0,0,1,50,47,0,3
2001,"JOHNSTON",40069,63,59,0,1,3,2,1,0,1,0,61,58,0,3
2002,"JOHNSTON",40069,57,52,0,1,4,2,0,0,1,1,55,52,0,3
2003,"JOHNSTON",40069,64,59,0,1,4,1,0,0,1,0,63,59,0,4
1990,"KAY",40071,148,139,1,1,7,11,9,1,1,0,137,130,0,7
1991,"KAY",40071,129,118,1,1,9,8,6,1,1,0,121,112,0,9
1992,"KAY",40071,151,132,3,0,16,12,9,3,0,0,139,123,0,16
1993,"KAY",40071,119,111,1,0,7,5,4,1,0,0,114,107,0,7
1994,"KAY",40071,140,117,2,0,21,6,4,2,0,0,134,113,0,21
1995,"KAY",40071,155,133,0,2,20,8,6,0,2,0,147,127,0,20
1996,"KAY",40071,220,186,0,3,31,13,9,0,3,1,207,177,0,30
1997,"KAY",40071,299,272,2,1,24,17,11,2,1,3,282,261,0,21
1998,"KAY",40071,258,240,2,1,15,7,4,2,1,0,251,236,0,15
1999,"KAY",40071,196,188,1,0,7,4,2,1,0,1,192,186,0,6
2000,"KAY",40071,221,209,1,0,11,8,7,1,0,0,213,202,0,11
2001,"KAY",40071,276,264,1,0,11,3,2,1,0,0,273,262,0,11
2002,"KAY",40071,248,237,0,0,11,2,2,0,0,0,246,235,0,11
2003,"KAY",40071,310,293,0,5,12,11,6,0,5,0,299,287,0,12
1990,"KINGFISHER",40073,52,49,0,2,1,6,4,0,2,0,46,45,0,1
1991,"KINGFISHER",40073,55,50,0,1,4,2,1,0,1,0,53,49,0,4
1992,"KINGFISHER",40073,57,46,0,1,10,3,2,0,1,0,54,44,0,10
1993,"KINGFISHER",40073,43,40,0,2,1,5,3,0,2,0,38,37,0,1
1994,"KINGFISHER",40073,55,48,0,1,6,4,2,0,1,1,51,46,0,5
1995,"KINGFISHER",40073,46,37,1,1,7,4,2,1,1,0,42,35,0,7
1996,"KINGFISHER",40073,82,71,0,0,11,6,5,0,0,1,76,66,0,10
1997,"KINGFISHER",40073,92,77,1,2,12,12,8,1,2,1,80,69,0,11
1998,"KINGFISHER",40073,74,63,0,1,10,2,1,0,1,0,72,62,0,10
1999,"KINGFISHER",40073,80,64,0,1,15,2,1,0,1,0,78,63,0,15
2000,"KINGFISHER",40073,76,62,1,1,12,4,1,1,1,1,72,61,0,11
2001,"KINGFISHER",40073,106,91,0,1,14,4,3,0,1,0,102,88,0,14
2002,"KINGFISHER",40073,92,78,0,1,13,2,1,0,1,0,90,77,0,13
2003,"KINGFISHER",40073,112,99,0,3,10,5,2,0,3,0,107,97,0,10
1990,"KIOWA",40075,30,27,1,1,1,8,6,1,1,0,22,21,0,1
1991,"KIOWA",40075,22,18,1,3,0,5,1,1,3,0,17,17,0,0
1992,"KIOWA",40075,31,25,0,3,3,8,5,0,3,0,23,20,0,3
1993,"KIOWA",40075,19,16,0,0,3,0,0,0,0,0,19,16,0,3
1994,"KIOWA",40075,29,23,0,1,5,4,3,0,1,0,25,20,0,5
1995,"KIOWA",40075,37,34,0,0,3,3,2,0,0,1,34,32,0,2
1996,"KIOWA",40075,39,35,0,2,2,11,8,0,2,1,28,27,0,1
1997,"KIOWA",40075,37,29,0,1,7,4,3,0,1,0,33,26,0,7
1998,"KIOWA",40075,44,40,0,0,4,1,1,0,0,0,43,39,0,4
1999,"KIOWA",40075,47,38,1,1,7,2,0,1,1,0,45,38,0,7
2000,"KIOWA",40075,48,40,0,0,8,1,0,0,0,1,47,40,0,7
2001,"KIOWA",40075,63,60,0,0,3,1,1,0,0,0,62,59,0,3
2002,"KIOWA",40075,50,47,0,0,3,0,0,0,0,0,50,47,0,3
2003,"KIOWA",40075,56,54,0,1,1,3,2,0,1,0,53,52,0,1
1990,"LATIMER",40077,20,20,0,0,0,1,1,0,0,0,19,19,0,0
1991,"LATIMER",40077,28,26,0,0,2,2,2,0,0,0,26,24,0,2
1992,"LATIMER",40077,18,15,0,0,3,4,4,0,0,0,14,11,0,3
1993,"LATIMER",40077,20,18,0,0,2,2,1,0,0,1,18,17,0,1
1994,"LATIMER",40077,18,17,0,0,1,2,2,0,0,0,16,15,0,1
1995,"LATIMER",40077,16,15,0,0,1,1,1,0,0,0,15,14,0,1
1996,"LATIMER",40077,42,37,0,0,5,5,4,0,0,1,37,33,0,4
1997,"LATIMER",40077,60,57,1,0,2,5,3,1,0,1,55,54,0,1
1998,"LATIMER",40077,58,57,0,0,1,5,5,0,0,0,53,52,0,1
1999,"LATIMER",40077,43,39,1,1,2,4,2,1,1,0,39,37,0,2
2000,"LATIMER",40077,37,32,0,1,4,4,2,0,1,1,33,30,0,3
2001,"LATIMER",40077,54,52,0,0,2,1,1,0,0,0,53,51,0,2
2002,"LATIMER",40077,43,43,0,0,0,1,1,0,0,0,42,42,0,0
2003,"LATIMER",40077,70,67,0,0,3,0,0,0,0,0,70,67,0,3
1990,"LE FLORE",40079,149,139,2,0,8,15,10,2,0,3,134,129,0,5
1991,"LE FLORE",40079,178,171,1,0,6,9,6,1,0,2,169,165,0,4
1992,"LE FLORE",40079,186,172,1,1,12,12,8,1,1,2,174,164,0,10
1993,"LE FLORE",40079,157,143,1,0,13,12,9,0,0,3,145,134,1,10
1994,"LE FLORE",40079,127,113,2,2,10,6,1,2,2,1,121,112,0,9
1995,"LE FLORE",40079,137,124,2,0,11,11,9,2,0,0,126,115,0,11
1996,"LE FLORE",40079,215,201,0,0,14,10,7,0,0,3,205,194,0,11
1997,"LE FLORE",40079,255,241,1,0,13,10,5,1,0,4,245,236,0,9
1998,"LE FLORE",40079,261,251,0,0,10,10,8,0,0,2,251,243,0,8
1999,"LE FLORE",40079,263,256,0,0,7,4,2,0,0,2,259,254,0,5
2000,"LE FLORE",40079,288,276,4,0,8,9,5,4,0,0,279,271,0,8
2001,"LE FLORE",40079,292,275,0,0,17,4,2,0,0,2,288,273,0,15
2002,"LE FLORE",40079,377,365,0,1,11,5,4,0,1,0,372,361,0,11
2003,"LE FLORE",40079,372,354,0,0,18,4,2,0,0,2,368,352,0,16
1990,"LINCOLN",40081,121,115,0,0,6,9,9,0,0,0,112,106,0,6
1991,"LINCOLN",40081,127,115,0,0,12,5,5,0,0,0,122,110,0,12
1992,"LINCOLN",40081,98,80,1,1,16,7,3,1,1,2,91,77,0,14
1993,"LINCOLN",40081,111,86,1,1,23,6,4,1,1,0,105,82,0,23
1994,"LINCOLN",40081,101,83,0,0,18,5,4,0,0,1,96,79,0,17
1995,"LINCOLN",40081,123,102,0,1,20,7,5,0,1,1,116,97,0,19
1996,"LINCOLN",40081,168,133,1,0,34,9,7,1,0,1,159,126,0,33
1997,"LINCOLN",40081,223,186,0,0,37,5,4,0,0,1,218,182,0,36
1998,"LINCOLN",40081,210,178,1,0,31,2,1,1,0,0,208,177,0,31
1999,"LINCOLN",40081,173,153,0,0,20,4,4,0,0,0,169,149,0,20
2000,"LINCOLN",40081,163,142,0,2,19,6,3,0,2,1,157,139,0,18
2001,"LINCOLN",40081,237,203,1,0,33,8,7,1,0,0,229,196,0,33
2002,"LINCOLN",40081,251,225,0,0,26,4,4,0,0,0,247,221,0,26
2003,"LINCOLN",40081,230,203,1,0,26,2,1,1,0,0,228,202,0,26
1990,"LOGAN",40083,126,112,3,1,10,8,3,3,1,1,118,109,0,9
1991,"LOGAN",40083,136,124,0,0,12,0,0,0,0,0,136,124,0,12
1992,"LOGAN",40083,120,108,1,0,11,7,5,1,0,1,113,103,0,10
1993,"LOGAN",40083,108,84,1,0,23,10,8,1,0,1,98,76,0,22
1994,"LOGAN",40083,66,49,1,1,15,3,0,1,1,1,63,49,0,14
1995,"LOGAN",40083,98,76,0,1,21,6,4,0,1,1,92,72,0,20
1996,"LOGAN",40083,120,94,2,0,24,9,7,2,0,0,111,87,0,24
1997,"LOGAN",40083,149,120,0,0,29,3,1,0,0,2,146,119,0,27
1998,"LOGAN",40083,172,134,3,0,35,5,2,3,0,0,167,132,0,35
1999,"LOGAN",40083,144,116,0,1,27,2,1,0,1,0,142,115,0,27
2000,"LOGAN",40083,174,143,0,0,31,3,3,0,0,0,171,140,0,31
2001,"LOGAN",40083,197,167,0,1,29,7,6,0,1,0,190,161,0,29
2002,"LOGAN",40083,193,159,1,1,32,3,1,1,1,0,190,158,0,32
2003,"LOGAN",40083,199,170,0,0,29,3,2,0,0,1,196,168,0,28
1990,"LOVE",40085,16,10,0,0,6,3,2,0,0,1,13,8,0,5
1991,"LOVE",40085,29,20,0,1,8,2,1,0,1,0,27,19,0,8
1992,"LOVE",40085,24,20,1,0,3,1,0,1,0,0,23,20,0,3
1993,"LOVE",40085,10,7,0,0,3,0,0,0,0,0,10,7,0,3
1994,"LOVE",40085,17,14,1,0,2,2,2,0,0,0,15,12,1,2
1995,"LOVE",40085,31,23,0,0,8,4,3,0,0,1,27,20,0,7
1996,"LOVE",40085,26,20,0,0,6,4,3,0,0,1,22,17,0,5
1997,"LOVE",40085,39,30,0,0,9,2,2,0,0,0,37,28,0,9
1998,"LOVE",40085,46,35,0,0,11,2,1,0,0,1,44,34,0,10
1999,"LOVE",40085,48,47,0,1,0,1,0,0,1,0,47,47,0,0
2000,"LOVE",40085,40,35,0,0,5,0,0,0,0,0,40,35,0,5
2001,"LOVE",40085,32,27,0,0,5,1,1,0,0,0,31,26,0,5
2002,"LOVE",40085,41,32,0,0,9,1,0,0,0,1,40,32,0,8
2003,"LOVE",40085,43,38,0,0,5,1,0,0,0,1,42,38,0,4
1990,"MCCLAIN",40087,119,109,0,1,9,13,12,0,1,0,106,97,0,9
1991,"MCCLAIN",40087,130,116,0,1,13,5,4,0,1,0,125,112,0,13
1992,"MCCLAIN",40087,137,120,0,1,16,4,3,0,1,0,133,117,0,16
1993,"MCCLAIN",40087,125,110,0,0,15,7,7,0,0,0,118,103,0,15
1994,"MCCLAIN",40087,119,98,2,1,18,9,4,2,1,2,110,94,0,16
1995,"MCCLAIN",40087,114,94,1,1,18,8,4,1,1,2,106,90,0,16
1996,"MCCLAIN",40087,169,139,1,1,28,12,8,1,1,2,157,131,0,26
1997,"MCCLAIN",40087,204,168,1,0,35,9,8,1,0,0,195,160,0,35
1998,"MCCLAIN",40087,250,198,1,3,48,8,2,1,3,2,242,196,0,46
1999,"MCCLAIN",40087,207,171,1,2,33,10,7,1,2,0,197,164,0,33
2000,"MCCLAIN",40087,175,152,0,0,23,3,2,0,0,1,172,150,0,22
2001,"MCCLAIN",40087,253,210,0,0,43,5,5,0,0,0,248,205,0,43
2002,"MCCLAIN",40087,277,242,0,1,34,9,7,0,1,1,268,235,0,33
2003,"MCCLAIN",40087,290,253,0,0,37,4,4,0,0,0,286,249,0,37
1990,"MCCURTAIN",40089,30,27,0,3,0,8,5,0,3,0,22,22,0,0
1991,"MCCURTAIN",40089,32,31,0,0,1,5,5,0,0,0,27,26,0,1
1992,"MCCURTAIN",40089,43,40,0,2,1,9,7,0,2,0,34,33,0,1
1993,"MCCURTAIN",40089,37,33,0,1,3,5,4,0,1,0,32,29,0,3
1994,"MCCURTAIN",40089,46,41,0,0,5,4,3,0,0,1,42,38,0,4
1995,"MCCURTAIN",40089,29,24,0,0,5,5,5,0,0,0,24,19,0,5
1996,"MCCURTAIN",40089,52,48,0,0,4,2,2,0,0,0,50,46,0,4
1997,"MCCURTAIN",40089,76,70,3,0,3,9,6,3,0,0,67,64,0,3
1998,"MCCURTAIN",40089,100,94,0,0,6,6,4,0,0,2,94,90,0,4
1999,"MCCURTAIN",40089,109,102,0,0,7,6,6,0,0,0,103,96,0,7
2000,"MCCURTAIN",40089,98,91,0,0,7,5,5,0,0,0,93,86,0,7
2001,"MCCURTAIN",40089,138,137,0,0,1,5,5,0,0,0,133,132,0,1
2002,"MCCURTAIN",40089,137,132,0,2,3,4,2,0,2,0,133,130,0,3
2003,"MCCURTAIN",40089,157,153,1,0,3,1,0,1,0,0,156,153,0,3
1990,"MCINTOSH",40091,35,32,2,0,1,6,4,2,0,0,29,28,0,1
1991,"MCINTOSH",40091,47,43,3,0,1,8,5,3,0,0,39,38,0,1
1992,"MCINTOSH",40091,43,41,0,1,1,2,1,0,1,0,41,40,0,1
1993,"MCINTOSH",40091,40,34,0,0,6,5,2,0,0,3,35,32,0,3
1994,"MCINTOSH",40091,52,47,0,0,5,8,6,0,0,2,44,41,0,3
1995,"MCINTOSH",40091,57,54,0,2,1,7,5,0,2,0,50,49,0,1
1996,"MCINTOSH",40091,70,64,0,0,6,5,2,0,0,3,65,62,0,3
1997,"MCINTOSH",40091,129,122,0,1,5,9,6,0,1,1,120,116,0,4
1998,"MCINTOSH",40091,109,105,1,0,3,4,2,1,0,1,105,103,0,2
1999,"MCINTOSH",40091,146,140,0,0,6,4,3,0,0,1,142,137,0,5
2000,"MCINTOSH",40091,122,115,0,0,7,1,1,0,0,0,121,114,0,7
2001,"MCINTOSH",40091,116,108,0,0,8,2,2,0,0,0,114,106,0,8
2002,"MCINTOSH",40091,162,150,0,0,12,2,2,0,0,0,160,148,0,12
2003,"MCINTOSH",40091,170,150,0,0,20,1,1,0,0,0,169,149,0,20
1990,"MAJOR",40093,30,28,0,1,1,7,6,0,1,0,23,22,0,1
1991,"MAJOR",40093,17,16,0,0,1,2,2,0,0,0,15,14,0,1
1992,"MAJOR",40093,21,18,0,2,1,5,3,0,2,0,16,15,0,1
1993,"MAJOR",40093,14,14,0,0,0,0,0,0,0,0,14,14,0,0
1994,"MAJOR",40093,15,13,0,1,1,1,0,0,1,0,14,13,0,1
1995,"MAJOR",40093,16,14,0,0,2,3,3,0,0,0,13,11,0,2
1996,"MAJOR",40093,22,21,0,0,1,0,0,0,0,0,22,21,0,1
1997,"MAJOR",40093,35,33,0,0,2,4,4,0,0,0,31,29,0,2
1998,"MAJOR",40093,27,24,0,0,3,1,1,0,0,0,26,23,0,3
1999,"MAJOR",40093,34,30,2,0,2,2,1,1,0,0,32,29,1,2
2000,"MAJOR",40093,35,33,0,0,2,1,1,0,0,0,34,32,0,2
2001,"MAJOR",40093,26,26,0,0,0,0,0,0,0,0,26,26,0,0
2002,"MAJOR",40093,31,29,1,1,0,2,1,0,1,0,29,28,1,0
2003,"MAJOR",40093,47,44,0,2,1,4,2,0,2,0,43,42,0,1
1990,"MARSHALL",40095,31,23,0,0,8,3,2,0,0,1,28,21,0,7
1991,"MARSHALL",40095,23,21,0,0,2,2,2,0,0,0,21,19,0,2
1992,"MARSHALL",40095,26,19,0,0,7,2,1,0,0,1,24,18,0,6
1993,"MARSHALL",40095,34,30,0,1,3,1,0,0,1,0,33,30,0,3
1994,"MARSHALL",40095,18,14,0,0,4,3,3,0,0,0,15,11,0,4
1995,"MARSHALL",40095,37,29,1,0,7,5,4,1,0,0,32,25,0,7
1996,"MARSHALL",40095,44,35,3,0,6,5,2,3,0,0,39,33,0,6
1997,"MARSHALL",40095,66,58,1,0,7,6,5,1,0,0,60,53,0,7
1998,"MARSHALL",40095,84,74,0,0,10,0,0,0,0,0,84,74,0,10
1999,"MARSHALL",40095,65,60,2,0,3,4,2,2,0,0,61,58,0,3
2000,"MARSHALL",40095,67,66,0,0,1,3,3,0,0,0,64,63,0,1
2001,"MARSHALL",40095,91,82,0,0,9,2,2,0,0,0,89,80,0,9
2002,"MARSHALL",40095,90,82,1,0,7,1,0,1,0,0,89,82,0,7
2003,"MARSHALL",40095,77,69,0,0,8,1,1,0,0,0,76,68,0,8
1990,"MAYES",40097,143,133,2,0,8,26,23,2,0,1,117,110,0,7
1991,"MAYES",40097,123,102,1,1,19,18,15,1,1,1,105,87,0,18
1992,"MAYES",40097,100,81,0,1,18,10,7,0,1,2,90,74,0,16
1993,"MAYES",40097,90,76,2,0,12,9,6,2,0,1,81,70,0,11
1994,"MAYES",40097,97,72,0,0,25,12,5,0,0,7,85,67,0,18
1995,"MAYES",40097,120,96,4,0,20,14,8,4,0,2,106,88,0,18
1996,"MAYES",40097,186,144,0,0,42,9,7,0,0,2,177,137,0,40
1997,"MAYES",40097,199,160,4,1,34,18,12,4,1,1,181,148,0,33
1998,"MAYES",40097,222,189,0,0,33,22,19,0,0,3,200,170,0,30
1999,"MAYES",40097,212,187,0,0,25,10,9,0,0,1,202,178,0,24
2000,"MAYES",40097,188,176,0,2,10,12,10,0,2,0,176,166,0,10
2001,"MAYES",40097,263,246,1,1,15,30,28,1,1,0,233,218,0,15
2002,"MAYES",40097,313,299,0,0,14,8,8,0,0,0,305,291,0,14
2003,"MAYES",40097,369,337,0,1,31,15,14,0,1,0,354,323,0,31
1990,"MURRAY",40099,40,35,0,0,5,5,4,0,0,1,35,31,0,4
1991,"MURRAY",40099,41,35,0,0,6,1,0,0,0,1,40,35,0,5
1992,"MURRAY",40099,26,24,0,0,2,2,2,0,0,0,24,22,0,2
1993,"MURRAY",40099,34,30,0,0,4,2,2,0,0,0,32,28,0,4
1994,"MURRAY",40099,34,30,0,0,4,1,1,0,0,0,33,29,0,4
1995,"MURRAY",40099,42,36,0,0,6,0,0,0,0,0,42,36,0,6
1996,"MURRAY",40099,72,62,0,0,10,2,0,0,0,2,70,62,0,8
1997,"MURRAY",40099,63,51,1,0,11,2,1,1,0,0,61,50,0,11
1998,"MURRAY",40099,64,57,0,0,7,0,0,0,0,0,64,57,0,7
1999,"MURRAY",40099,71,68,0,0,3,2,2,0,0,0,69,66,0,3
2000,"MURRAY",40099,76,67,0,0,9,1,0,0,0,1,75,67,0,8
2001,"MURRAY",40099,92,83,0,0,9,0,0,0,0,0,92,83,0,9
2002,"MURRAY",40099,70,65,2,0,3,1,0,1,0,0,69,65,1,3
2003,"MURRAY",40099,97,88,0,0,9,0,0,0,0,0,97,88,0,9
1990,"MUSKOGEE",40101,316,301,6,1,8,23,15,6,1,1,293,286,0,7
1991,"MUSKOGEE",40101,350,313,4,0,33,30,21,4,0,5,320,292,0,28
1992,"MUSKOGEE",40101,289,265,5,1,18,27,20,5,1,1,262,245,0,17
1993,"MUSKOGEE",40101,283,265,3,0,15,16,12,3,0,1,267,253,0,14
1994,"MUSKOGEE",40101,315,282,1,0,32,13,10,1,0,2,302,272,0,30
1995,"MUSKOGEE",40101,347,316,4,0,27,15,9,4,0,2,332,307,0,25
1996,"MUSKOGEE",40101,449,411,4,1,33,19,10,4,1,4,430,401,0,29
1997,"MUSKOGEE",40101,532,484,2,0,46,18,13,2,0,3,514,471,0,43
1998,"MUSKOGEE",40101,577,526,2,0,49,21,15,2,0,4,556,511,0,45
1999,"MUSKOGEE",40101,500,454,3,2,41,15,6,3,2,4,485,448,0,37
2000,"MUSKOGEE",40101,549,514,3,0,32,12,8,3,0,1,537,506,0,31
2001,"MUSKOGEE",40101,666,608,1,1,56,9,7,1,1,0,657,601,0,56
2002,"MUSKOGEE",40101,614,559,0,0,55,12,11,0,0,1,602,548,0,54
2003,"MUSKOGEE",40101,733,654,3,0,76,12,9,3,0,0,721,645,0,76
1990,"NOBLE",40103,42,39,0,0,3,2,2,0,0,0,40,37,0,3
1991,"NOBLE",40103,40,36,0,2,2,4,2,0,2,0,36,34,0,2
1992,"NOBLE",40103,29,27,0,0,2,0,0,0,0,0,29,27,0,2
1993,"NOBLE",40103,32,30,0,0,2,1,1,0,0,0,31,29,0,2
1994,"NOBLE",40103,16,15,0,0,1,0,0,0,0,0,16,15,0,1
1995,"NOBLE",40103,21,17,1,0,3,3,1,1,0,1,18,16,0,2
1996,"NOBLE",40103,35,30,0,0,5,1,0,0,0,1,34,30,0,4
1997,"NOBLE",40103,38,36,0,0,2,0,0,0,0,0,38,36,0,2
1998,"NOBLE",40103,41,38,0,1,2,3,2,0,1,0,38,36,0,2
1999,"NOBLE",40103,35,34,0,0,1,0,0,0,0,0,35,34,0,1
2000,"NOBLE",40103,38,34,2,1,1,5,2,2,1,0,33,32,0,1
2001,"NOBLE",40103,55,54,0,0,1,0,0,0,0,0,55,54,0,1
2002,"NOBLE",40103,57,52,1,0,4,2,1,1,0,0,55,51,0,4
2003,"NOBLE",40103,73,72,0,0,1,2,2,0,0,0,71,70,0,1
1990,"NOWATA",40105,24,22,0,0,2,4,3,0,0,1,20,19,0,1
1991,"NOWATA",40105,29,19,0,2,8,8,2,0,2,4,21,17,0,4
1992,"NOWATA",40105,30,24,0,0,6,4,4,0,0,0,26,20,0,6
1993,"NOWATA",40105,32,28,0,1,3,4,3,0,1,0,28,25,0,3
1994,"NOWATA",40105,31,28,0,0,3,4,3,0,0,1,27,25,0,2
1995,"NOWATA",40105,29,23,0,0,6,4,1,0,0,3,25,22,0,3
1996,"NOWATA",40105,41,33,1,0,7,6,5,1,0,0,35,28,0,7
1997,"NOWATA",40105,62,56,0,0,6,5,5,0,0,0,57,51,0,6
1998,"NOWATA",40105,52,48,0,0,4,7,6,0,0,1,45,42,0,3
1999,"NOWATA",40105,51,41,0,0,10,3,0,0,0,3,48,41,0,7
2000,"NOWATA",40105,72,56,1,0,15,11,4,1,0,6,61,52,0,9
2001,"NOWATA",40105,78,72,0,0,6,7,7,0,0,0,71,65,0,6
2002,"NOWATA",40105,79,75,0,0,4,2,1,0,0,1,77,74,0,3
2003,"NOWATA",40105,89,83,0,0,6,2,2,0,0,0,87,81,0,6
1990,"OKFUSKEE",40107,27,27,0,0,0,1,1,0,0,0,26,26,0,0
1991,"OKFUSKEE",40107,37,36,0,0,1,0,0,0,0,0,37,36,0,1
1992,"OKFUSKEE",40107,29,22,0,2,5,3,0,0,2,1,26,22,0,4
1993,"OKFUSKEE",40107,34,25,0,0,9,3,1,0,0,2,31,24,0,7
1994,"OKFUSKEE",40107,33,26,0,0,7,2,2,0,0,0,31,24,0,7
1995,"OKFUSKEE",40107,32,25,0,1,6,4,2,0,1,1,28,23,0,5
1996,"OKFUSKEE",40107,35,29,0,0,6,4,4,0,0,0,31,25,0,6
1997,"OKFUSKEE",40107,69,56,0,3,10,5,2,0,3,0,64,54,0,10
1998,"OKFUSKEE",40107,61,55,0,2,4,3,1,0,2,0,58,54,0,4
1999,"OKFUSKEE",40107,46,35,0,1,10,2,0,0,1,1,44,35,0,9
2000,"OKFUSKEE",40107,54,48,0,1,5,1,0,0,1,0,53,48,0,5
2001,"OKFUSKEE",40107,56,49,0,2,5,5,2,0,2,1,51,47,0,4
2002,"OKFUSKEE",40107,68,62,0,1,5,3,2,0,1,0,65,60,0,5
2003,"OKFUSKEE",40107,61,52,1,0,8,1,0,1,0,0,60,52,0,8
1990,"OKLAHOMA",40109,4511,3865,46,0,600,342,274,46,0,22,4169,3591,0,578
1991,"OKLAHOMA",40109,4296,3496,45,1,754,169,114,44,1,10,4127,3382,1,744
1992,"OKLAHOMA",40109,4161,3193,40,0,928,183,120,40,0,23,3978,3073,0,905
1993,"OKLAHOMA",40109,3732,2907,30,1,794,158,113,27,1,17,3574,2794,3,777
1994,"OKLAHOMA",40109,3495,2726,28,0,740,157,107,28,0,21,3338,2619,0,719
1995,"OKLAHOMA",40109,3691,2885,21,1,784,163,109,21,1,32,3528,2776,0,752
1996,"OKLAHOMA",40109,4600,3393,45,1,1161,272,157,45,1,69,4328,3236,0,1092
1997,"OKLAHOMA",40109,5856,4352,26,0,1478,177,116,25,0,36,5679,4236,1,1442
1998,"OKLAHOMA",40109,5668,4277,12,0,1379,103,78,12,0,13,5565,4199,0,1366
1999,"OKLAHOMA",40109,5079,3951,25,0,1103,133,84,25,0,24,4946,3867,0,1079
2000,"OKLAHOMA",40109,4656,3522,18,0,1116,148,111,18,0,19,4508,3411,0,1097
2001,"OKLAHOMA",40109,5939,4702,15,0,1222,118,84,15,0,19,5821,4618,0,1203
2002,"OKLAHOMA",40109,5854,4787,24,0,1043,103,77,22,0,4,5751,4710,2,1039
2003,"OKLAHOMA",40109,6460,5335,29,1,1095,93,60,26,1,6,6367,5275,3,1089
1990,"OKMULGEE",40111,127,100,2,2,23,15,8,2,2,3,112,92,0,20
1991,"OKMULGEE",40111,135,115,3,0,17,8,4,3,0,1,127,111,0,16
1992,"OKMULGEE",40111,140,117,1,0,22,7,5,1,0,1,133,112,0,21
1993,"OKMULGEE",40111,127,96,0,1,30,7,5,0,1,1,120,91,0,29
1994,"OKMULGEE",40111,116,91,1,0,24,4,3,1,0,0,112,88,0,24
1995,"OKMULGEE",40111,174,138,0,0,36,8,6,0,0,2,166,132,0,34
1996,"OKMULGEE",40111,204,151,0,0,53,7,1,0,0,6,197,150,0,47
1997,"OKMULGEE",40111,244,204,0,1,39,11,10,0,1,0,233,194,0,39
1998,"OKMULGEE",40111,286,250,0,0,36,5,4,0,0,1,281,246,0,35
1999,"OKMULGEE",40111,231,188,1,0,42,7,3,1,0,3,224,185,0,39
2000,"OKMULGEE",40111,198,168,0,0,30,5,3,0,0,2,193,165,0,28
2001,"OKMULGEE",40111,289,266,0,0,23,9,7,0,0,2,280,259,0,21
2002,"OKMULGEE",40111,339,312,0,0,27,4,3,0,0,1,335,309,0,26
2003,"OKMULGEE",40111,374,352,3,0,19,8,3,3,0,2,366,349,0,17
1990,"OSAGE",40113,142,124,1,0,17,23,20,0,0,3,119,104,1,14
1991,"OSAGE",40113,147,104,3,0,40,19,7,3,0,9,128,97,0,31
1992,"OSAGE",40113,202,166,0,0,36,20,16,0,0,4,182,150,0,32
1993,"OSAGE",40113,198,152,1,0,45,19,13,1,0,5,179,139,0,40
1994,"OSAGE",40113,185,154,3,0,28,16,10,3,0,3,169,144,0,25
1995,"OSAGE",40113,188,153,0,1,34,19,11,0,1,7,169,142,0,27
1996,"OSAGE",40113,266,198,2,0,66,22,10,2,0,10,244,188,0,56
1997,"OSAGE",40113,308,232,1,2,73,36,21,1,2,12,272,211,0,61
1998,"OSAGE",40113,312,263,1,1,47,23,20,1,1,1,289,243,0,46
1999,"OSAGE",40113,238,203,2,0,33,20,12,2,0,6,218,191,0,27
2000,"OSAGE",40113,248,220,0,0,28,17,15,0,0,2,231,205,0,26
2001,"OSAGE",40113,221,197,0,0,24,17,15,0,0,2,204,182,0,22
2002,"OSAGE",40113,244,219,0,0,25,10,10,0,0,0,234,209,0,25
2003,"OSAGE",40113,263,221,0,1,41,4,2,0,1,1,259,219,0,40
1990,"OTTAWA",40115,57,55,2,0,0,13,11,2,0,0,44,44,0,0
1991,"OTTAWA",40115,105,99,0,1,5,18,16,0,1,1,87,83,0,4
1992,"OTTAWA",40115,104,102,0,0,2,8,8,0,0,0,96,94,0,2
1993,"OTTAWA",40115,106,99,1,0,6,21,18,1,0,2,85,81,0,4
1994,"OTTAWA",40115,82,77,0,0,5,10,9,0,0,1,72,68,0,4
1995,"OTTAWA",40115,113,104,2,1,6,11,7,1,1,2,102,97,1,4
1996,"OTTAWA",40115,154,145,2,0,7,14,10,2,0,2,140,135,0,5
1997,"OTTAWA",40115,188,178,2,0,8,21,17,2,0,2,167,161,0,6
1998,"OTTAWA",40115,189,179,1,0,9,9,6,1,0,2,180,173,0,7
1999,"OTTAWA",40115,172,164,0,0,8,6,4,0,0,2,166,160,0,6
2000,"OTTAWA",40115,181,172,5,0,4,19,13,5,0,1,162,159,0,3
2001,"OTTAWA",40115,214,205,1,0,8,23,21,1,0,1,191,184,0,7
2002,"OTTAWA",40115,214,210,0,0,4,8,8,0,0,0,206,202,0,4
2003,"OTTAWA",40115,220,214,0,0,6,7,5,0,0,2,213,209,0,4
1990,"PAWNEE",40117,74,70,1,1,2,11,9,1,1,0,63,61,0,2
1991,"PAWNEE",40117,78,62,0,1,15,9,7,0,1,1,69,55,0,14
1992,"PAWNEE",40117,67,52,0,1,14,10,6,0,1,3,57,46,0,11
1993,"PAWNEE",40117,74,61,0,0,13,6,4,0,0,2,68,57,0,11
1994,"PAWNEE",40117,72,68,0,0,4,7,7,0,0,0,65,61,0,4
1995,"PAWNEE",40117,68,58,0,0,10,5,4,0,0,1,63,54,0,9
1996,"PAWNEE",40117,74,60,2,0,12,9,6,2,0,1,65,54,0,11
1997,"PAWNEE",40117,109,82,0,0,27,8,8,0,0,0,101,74,0,27
1998,"PAWNEE",40117,116,104,0,0,12,7,5,0,0,2,109,99,0,10
1999,"PAWNEE",40117,107,95,0,1,11,7,6,0,1,0,100,89,0,11
2000,"PAWNEE",40117,131,118,5,0,8,17,8,5,0,4,114,110,0,4
2001,"PAWNEE",40117,99,94,1,1,3,11,8,1,1,1,88,86,0,2
2002,"PAWNEE",40117,107,99,0,0,8,6,6,0,0,0,101,93,0,8
2003,"PAWNEE",40117,174,164,0,1,9,4,3,0,1,0,170,161,0,9
1990,"PAYNE",40119,215,200,3,0,12,17,14,3,0,0,198,186,0,12
1991,"PAYNE",40119,233,213,0,0,20,14,13,0,0,1,219,200,0,19
1992,"PAYNE",40119,170,154,0,2,14,10,7,0,2,1,160,147,0,13
1993,"PAYNE",40119,161,143,4,1,13,13,7,4,1,1,148,136,0,12
1994,"PAYNE",40119,168,159,2,0,7,10,8,2,0,0,158,151,0,7
1995,"PAYNE",40119,186,165,2,1,18,10,4,2,1,3,176,161,0,15
1996,"PAYNE",40119,231,210,0,0,21,15,13,0,0,2,216,197,0,19
1997,"PAYNE",40119,294,270,2,0,22,23,19,2,0,2,271,251,0,20
1998,"PAYNE",40119,280,258,0,0,22,7,6,0,0,1,273,252,0,21
1999,"PAYNE",40119,260,245,0,1,14,13,12,0,1,0,247,233,0,14
2000,"PAYNE",40119,277,260,1,0,16,9,8,1,0,0,268,252,0,16
2001,"PAYNE",40119,303,279,3,2,19,9,4,3,2,0,294,275,0,19
2002,"PAYNE",40119,315,303,2,0,10,13,11,2,0,0,302,292,0,10
2003,"PAYNE",40119,339,326,2,1,10,11,8,2,1,0,328,318,0,10
1990,"PITTSBURG",40121,109,106,1,0,2,15,14,1,0,0,94,92,0,2
1991,"PITTSBURG",40121,105,102,1,0,2,9,8,1,0,0,96,94,0,2
1992,"PITTSBURG",40121,103,93,0,1,9,9,7,0,1,1,94,86,0,8
1993,"PITTSBURG",40121,117,109,1,0,7,7,5,1,0,1,110,104,0,6
1994,"PITTSBURG",40121,141,132,0,0,9,5,5,0,0,0,136,127,0,9
1995,"PITTSBURG",40121,143,121,1,0,21,4,3,1,0,0,139,118,0,21
1996,"PITTSBURG",40121,255,214,0,0,41,6,4,0,0,2,249,210,0,39
1997,"PITTSBURG",40121,351,326,3,1,21,17,12,3,1,1,334,314,0,20
1998,"PITTSBURG",40121,366,344,1,0,21,6,5,1,0,0,360,339,0,21
1999,"PITTSBURG",40121,271,249,0,0,22,5,5,0,0,0,266,244,0,22
2000,"PITTSBURG",40121,300,281,1,0,18,3,2,1,0,0,297,279,0,18
2001,"PITTSBURG",40121,325,310,0,0,15,1,1,0,0,0,324,309,0,15
2002,"PITTSBURG",40121,346,320,1,0,25,2,1,1,0,0,344,319,0,25
2003,"PITTSBURG",40121,422,382,0,0,40,1,0,0,0,1,421,382,0,39
1990,"PONTOTOC",40123,82,76,5,0,1,12,9,3,0,0,70,67,2,1
1991,"PONTOTOC",40123,88,83,5,0,0,9,4,5,0,0,79,79,0,0
1992,"PONTOTOC",40123,82,70,4,0,8,8,3,4,0,1,74,67,0,7
1993,"PONTOTOC",40123,104,94,0,0,10,4,3,0,0,1,100,91,0,9
1994,"PONTOTOC",40123,91,86,1,1,3,5,4,0,1,0,86,82,1,3
1995,"PONTOTOC",40123,132,120,0,0,12,4,4,0,0,0,128,116,0,12
1996,"PONTOTOC",40123,163,147,1,2,13,7,4,1,2,0,156,143,0,13
1997,"PONTOTOC",40123,203,194,0,0,9,7,6,0,0,1,196,188,0,8
1998,"PONTOTOC",40123,171,158,1,0,12,6,4,1,0,1,165,154,0,11
1999,"PONTOTOC",40123,181,169,1,0,11,3,1,1,0,1,178,168,0,10
2000,"PONTOTOC",40123,210,191,2,0,17,5,3,2,0,0,205,188,0,17
2001,"PONTOTOC",40123,204,191,1,0,12,9,7,1,0,1,195,184,0,11
2002,"PONTOTOC",40123,198,185,0,0,13,5,4,0,0,1,193,181,0,12
2003,"PONTOTOC",40123,236,223,0,0,13,2,2,0,0,0,234,221,0,13
1990,"POTTAWATOMIE",40125,302,268,2,2,30,30,25,2,2,1,272,243,0,29
1991,"POTTAWATOMIE",40125,308,256,9,0,43,21,9,9,0,3,287,247,0,40
1992,"POTTAWATOMIE",40125,246,204,4,0,38,10,8,2,0,0,236,196,2,38
1993,"POTTAWATOMIE",40125,261,208,4,0,49,14,7,4,0,3,247,201,0,46
1994,"POTTAWATOMIE",40125,246,205,0,0,41,4,1,0,0,3,242,204,0,38
1995,"POTTAWATOMIE",40125,326,271,0,0,55,12,8,0,0,4,314,263,0,51
1996,"POTTAWATOMIE",40125,424,332,2,0,90,25,17,2,0,6,399,315,0,84
1997,"POTTAWATOMIE",40125,426,326,1,0,99,17,12,1,0,4,409,314,0,95
1998,"POTTAWATOMIE",40125,471,357,2,0,112,10,6,2,0,2,461,351,0,110
1999,"POTTAWATOMIE",40125,499,402,2,1,94,12,6,2,1,3,487,396,0,91
2000,"POTTAWATOMIE",40125,433,361,1,0,71,11,9,1,0,1,422,352,0,70
2001,"POTTAWATOMIE",40125,557,463,3,0,91,17,10,3,0,4,540,453,0,87
2002,"POTTAWATOMIE",40125,582,496,0,0,86,7,7,0,0,0,575,489,0,86
2003,"POTTAWATOMIE",40125,615,532,1,1,81,9,6,1,1,1,606,526,0,80
1990,"PUSHMATAHA",40127,14,12,0,1,1,3,2,0,1,0,11,10,0,1
1991,"PUSHMATAHA",40127,13,13,0,0,0,1,1,0,0,0,12,12,0,0
1992,"PUSHMATAHA",40127,11,11,0,0,0,3,3,0,0,0,8,8,0,0
1993,"PUSHMATAHA",40127,11,9,0,0,2,2,2,0,0,0,9,7,0,2
1994,"PUSHMATAHA",40127,15,13,0,1,1,2,1,0,1,0,13,12,0,1
1995,"PUSHMATAHA",40127,12,10,0,1,1,4,3,0,1,0,8,7,0,1
1996,"PUSHMATAHA",40127,14,10,0,0,4,2,1,0,0,1,12,9,0,3
1997,"PUSHMATAHA",40127,36,31,0,2,3,5,2,0,2,1,31,29,0,2
1998,"PUSHMATAHA",40127,42,39,0,1,2,4,2,0,1,1,38,37,0,1
1999,"PUSHMATAHA",40127,31,28,0,1,2,3,2,0,1,0,28,26,0,2
2000,"PUSHMATAHA",40127,40,37,0,0,3,2,2,0,0,0,38,35,0,3
2001,"PUSHMATAHA",40127,41,40,0,0,1,1,1,0,0,0,40,39,0,1
2002,"PUSHMATAHA",40127,55,53,0,0,2,2,1,0,0,1,53,52,0,1
2003,"PUSHMATAHA",40127,46,42,0,0,4,0,0,0,0,0,46,42,0,4
1990,"ROGER MILLS",40129,8,7,0,0,1,3,2,0,0,1,5,5,0,0
1991,"ROGER MILLS",40129,6,4,1,0,1,2,0,1,0,1,4,4,0,0
1992,"ROGER MILLS",40129,9,6,0,1,2,1,0,0,1,0,8,6,0,2
1993,"ROGER MILLS",40129,1,1,0,0,0,0,0,0,0,0,1,1,0,0
1994,"ROGER MILLS",40129,3,3,0,0,0,0,0,0,0,0,3,3,0,0
1995,"ROGER MILLS",40129,8,8,0,0,0,1,1,0,0,0,7,7,0,0
1996,"ROGER MILLS",40129,5,3,0,0,2,0,0,0,0,0,5,3,0,2
1997,"ROGER MILLS",40129,13,10,0,0,3,2,2,0,0,0,11,8,0,3
1998,"ROGER MILLS",40129,6,3,1,0,2,1,0,1,0,0,5,3,0,2
1999,"ROGER MILLS",40129,9,8,0,1,0,1,0,0,1,0,8,8,0,0
2000,"ROGER MILLS",40129,4,3,0,1,0,1,0,0,1,0,3,3,0,0
2001,"ROGER MILLS",40129,8,7,0,1,0,1,0,0,1,0,7,7,0,0
2002,"ROGER MILLS",40129,11,10,0,1,0,1,0,0,1,0,10,10,0,0
2003,"ROGER MILLS",40129,10,10,0,0,0,0,0,0,0,0,10,10,0,0
1990,"ROGERS",40131,225,207,6,0,12,26,17,6,0,3,199,190,0,9
1991,"ROGERS",40131,224,180,3,1,40,35,30,3,1,1,189,150,0,39
1992,"ROGERS",40131,251,200,2,0,49,28,23,2,0,3,223,177,0,46
1993,"ROGERS",40131,193,157,0,0,36,25,22,0,0,3,168,135,0,33
1994,"ROGERS",40131,223,173,3,0,47,23,16,3,0,4,200,157,0,43
1995,"ROGERS",40131,243,190,1,0,52,21,14,1,0,6,222,176,0,46
1996,"ROGERS",40131,342,260,0,0,82,28,22,0,0,6,314,238,0,76
1997,"ROGERS",40131,373,302,2,0,69,38,26,2,0,10,335,276,0,59
1998,"ROGERS",40131,310,263,0,0,47,25,20,0,0,5,285,243,0,42
1999,"ROGERS",40131,338,301,1,0,36,20,18,1,0,1,318,283,0,35
2000,"ROGERS",40131,340,303,1,0,36,32,25,1,0,6,308,278,0,30
2001,"ROGERS",40131,434,401,1,1,31,38,31,1,1,5,396,370,0,26
2002,"ROGERS",40131,523,467,0,0,56,13,13,0,0,0,510,454,0,56
2003,"ROGERS",40131,635,582,0,1,52,14,13,0,1,0,621,569,0,52
1990,"SEMINOLE",40133,98,89,1,1,7,15,11,1,1,2,83,78,0,5
1991,"SEMINOLE",40133,96,86,4,0,6,7,4,3,0,0,89,82,1,6
1992,"SEMINOLE",40133,82,71,0,1,10,7,6,0,1,0,75,65,0,10
1993,"SEMINOLE",40133,93,86,1,0,6,7,6,1,0,0,86,80,0,6
1994,"SEMINOLE",40133,87,81,0,0,6,3,2,0,0,1,84,79,0,5
1995,"SEMINOLE",40133,90,86,0,0,4,3,3,0,0,0,87,83,0,4
1996,"SEMINOLE",40133,124,110,2,0,12,8,6,2,0,0,116,104,0,12
1997,"SEMINOLE",40133,192,168,1,0,23,8,6,1,0,1,184,162,0,22
1998,"SEMINOLE",40133,151,139,1,0,11,5,4,1,0,0,146,135,0,11
1999,"SEMINOLE",40133,139,124,0,0,15,1,1,0,0,0,138,123,0,15
2000,"SEMINOLE",40133,133,122,2,0,9,4,2,2,0,0,129,120,0,9
2001,"SEMINOLE",40133,189,175,2,0,12,2,0,1,0,1,187,175,1,11
2002,"SEMINOLE",40133,204,196,0,0,8,5,5,0,0,0,199,191,0,8
2003,"SEMINOLE",40133,201,190,0,0,11,1,1,0,0,0,200,189,0,11
1990,"SEQUOYAH",40135,99,95,2,0,2,5,4,1,0,0,94,91,1,2
1991,"SEQUOYAH",40135,137,134,0,0,3,5,5,0,0,0,132,129,0,3
1992,"SEQUOYAH",40135,106,98,0,0,8,5,5,0,0,0,101,93,0,8
1993,"SEQUOYAH",40135,111,101,0,0,10,7,7,0,0,0,104,94,0,10
1994,"SEQUOYAH",40135,92,89,0,0,3,4,4,0,0,0,88,85,0,3
1995,"SEQUOYAH",40135,95,92,0,1,2,3,2,0,1,0,92,90,0,2
1996,"SEQUOYAH",40135,183,165,2,1,15,8,3,2,1,2,175,162,0,13
1997,"SEQUOYAH",40135,192,185,2,0,5,11,9,2,0,0,181,176,0,5
1998,"SEQUOYAH",40135,198,193,0,0,5,6,6,0,0,0,192,187,0,5
1999,"SEQUOYAH",40135,192,186,1,0,5,4,3,1,0,0,188,183,0,5
2000,"SEQUOYAH",40135,183,177,0,0,6,2,2,0,0,0,181,175,0,6
2001,"SEQUOYAH",40135,214,202,1,0,11,2,1,1,0,0,212,201,0,11
2002,"SEQUOYAH",40135,257,238,1,0,18,4,2,1,0,1,253,236,0,17
2003,"SEQUOYAH",40135,292,282,0,0,10,2,2,0,0,0,290,280,0,10
1990,"STEPHENS",40137,144,133,0,0,11,16,15,0,0,1,128,118,0,10
1991,"STEPHENS",40137,140,124,2,2,12,14,7,2,2,3,126,117,0,9
1992,"STEPHENS",40137,155,135,1,2,17,11,6,1,2,2,144,129,0,15
1993,"STEPHENS",40137,122,96,2,2,22,10,5,2,2,1,112,91,0,21
1994,"STEPHENS",40137,108,96,0,0,12,7,6,0,0,1,101,90,0,11
1995,"STEPHENS",40137,128,122,0,1,5,9,6,0,1,2,119,116,0,3
1996,"STEPHENS",40137,153,128,3,1,21,16,9,3,1,3,137,119,0,18
1997,"STEPHENS",40137,245,225,3,0,17,11,7,3,0,1,234,218,0,16
1998,"STEPHENS",40137,256,238,1,0,17,4,3,1,0,0,252,235,0,17
1999,"STEPHENS",40137,249,222,2,0,25,7,4,2,0,1,242,218,0,24
2000,"STEPHENS",40137,235,213,0,0,22,8,7,0,0,1,227,206,0,21
2001,"STEPHENS",40137,263,246,1,0,16,7,6,1,0,0,256,240,0,16
2002,"STEPHENS",40137,296,276,1,1,18,7,5,1,1,0,289,271,0,18
2003,"STEPHENS",40137,379,362,0,0,17,6,6,0,0,0,373,356,0,17
1990,"TEXAS",40139,35,34,0,0,1,6,6,0,0,0,29,28,0,1
1991,"TEXAS",40139,21,19,0,0,2,3,2,0,0,1,18,17,0,1
1992,"TEXAS",40139,17,14,1,0,2,4,3,1,0,0,13,11,0,2
1993,"TEXAS",40139,24,21,0,0,3,4,4,0,0,0,20,17,0,3
1994,"TEXAS",40139,23,20,0,1,2,1,0,0,1,0,22,20,0,2
1995,"TEXAS",40139,27,21,1,3,2,6,2,1,3,0,21,19,0,2
1996,"TEXAS",40139,27,23,0,1,3,5,2,0,1,2,22,21,0,1
1997,"TEXAS",40139,58,52,1,1,4,5,3,1,1,0,53,49,0,4
1998,"TEXAS",40139,56,50,0,0,6,2,2,0,0,0,54,48,0,6
1999,"TEXAS",40139,67,60,1,1,5,6,4,0,1,1,61,56,1,4
2000,"TEXAS",40139,57,55,0,0,1,5,4,0,0,0,52,51,0,1
2001,"TEXAS",40139,67,62,0,1,4,3,2,0,1,0,64,60,0,4
2002,"TEXAS",40139,81,77,0,0,4,3,3,0,0,0,78,74,0,4
2003,"TEXAS",40139,111,105,1,0,5,3,2,1,0,0,108,103,0,5
1990,"TILLMAN",40141,26,19,1,2,4,6,2,1,2,1,20,17,0,3
1991,"TILLMAN",40141,23,17,0,6,0,6,0,0,6,0,17,17,0,0
1992,"TILLMAN",40141,26,18,0,8,0,10,2,0,8,0,16,16,0,0
1993,"TILLMAN",40141,21,17,0,2,2,3,1,0,2,0,18,16,0,2
1994,"TILLMAN",40141,23,22,0,0,1,3,2,0,0,1,20,20,0,0
1995,"TILLMAN",40141,33,30,0,0,3,4,4,0,0,0,29,26,0,3
1996,"TILLMAN",40141,23,15,0,0,8,4,2,0,0,2,19,13,0,6
1997,"TILLMAN",40141,43,38,0,1,4,6,4,0,1,1,37,34,0,3
1998,"TILLMAN",40141,35,30,0,2,3,3,1,0,2,0,32,29,0,3
1999,"TILLMAN",40141,35,32,1,0,2,2,1,1,0,0,33,31,0,2
2000,"TILLMAN",40141,39,36,0,0,3,0,0,0,0,0,39,36,0,3
2001,"TILLMAN",40141,43,39,0,0,4,1,1,0,0,0,42,38,0,4
2002,"TILLMAN",40141,46,42,0,0,4,0,0,0,0,0,46,42,0,4
2003,"TILLMAN",40141,47,45,0,0,2,0,0,0,0,0,47,45,0,2
1990,"TULSA",40143,2911,2631,59,0,221,398,311,59,0,28,2513,2320,0,193
1991,"TULSA",40143,3254,2525,55,0,674,453,339,53,0,61,2801,2186,2,613
1992,"TULSA",40143,2948,2361,47,0,540,341,233,46,0,62,2607,2128,1,478
1993,"TULSA",40143,2754,2211,48,1,494,340,250,46,1,43,2414,1961,2,451
1994,"TULSA",40143,2521,2043,27,0,451,257,197,24,0,36,2264,1846,3,415
1995,"TULSA",40143,2563,2073,39,0,451,288,200,39,0,49,2275,1873,0,402
1996,"TULSA",40143,3226,2539,38,0,649,372,267,38,0,67,2854,2272,0,582
1997,"TULSA",40143,3616,2957,27,0,632,418,318,24,0,76,3198,2639,3,556
1998,"TULSA",40143,3132,2635,24,1,472,269,192,23,1,53,2863,2443,1,419
1999,"TULSA",40143,3116,2629,10,0,477,207,169,9,0,29,2909,2460,1,448
2000,"TULSA",40143,2935,2565,17,0,353,262,222,16,0,24,2673,2343,1,329
2001,"TULSA",40143,3530,3174,18,0,338,291,246,18,0,27,3239,2928,0,311
2002,"TULSA",40143,4017,3634,8,0,375,179,158,6,0,15,3838,3476,2,360
2003,"TULSA",40143,4717,4280,13,0,424,181,151,12,0,18,4536,4129,1,406
1990,"WAGONER",40145,239,223,2,1,13,32,26,2,1,3,207,197,0,10
1991,"WAGONER",40145,270,210,1,0,59,35,24,1,0,10,235,186,0,49
1992,"WAGONER",40145,213,176,0,0,37,17,14,0,0,3,196,162,0,34
1993,"WAGONER",40145,194,166,3,0,25,12,9,2,0,1,182,157,1,24
1994,"WAGONER",40145,198,156,1,1,40,25,16,1,1,7,173,140,0,33
1995,"WAGONER",40145,221,185,1,0,35,18,11,1,0,6,203,174,0,29
1996,"WAGONER",40145,280,237,0,0,43,24,23,0,0,1,256,214,0,42
1997,"WAGONER",40145,341,276,4,0,61,23,17,4,0,2,318,259,0,59
1998,"WAGONER",40145,334,300,4,1,29,18,16,1,1,0,316,284,3,29
1999,"WAGONER",40145,299,258,0,3,38,13,10,0,3,0,286,248,0,38
2000,"WAGONER",40145,298,269,0,0,29,8,8,0,0,0,290,261,0,29
2001,"WAGONER",40145,394,351,0,0,43,12,9,0,0,3,382,342,0,40
2002,"WAGONER",40145,468,409,0,0,59,14,12,0,0,2,454,397,0,57
2003,"WAGONER",40145,511,456,0,1,54,12,11,0,1,0,499,445,0,54
1990,"WASHINGTON",40147,172,168,2,0,2,21,19,2,0,0,151,149,0,2
1991,"WASHINGTON",40147,175,158,1,0,16,26,25,1,0,0,149,133,0,16
1992,"WASHINGTON",40147,159,143,1,0,15,22,19,1,0,2,137,124,0,13
1993,"WASHINGTON",40147,157,138,3,0,16,24,21,3,0,0,133,117,0,16
1994,"WASHINGTON",40147,157,138,2,0,17,21,18,2,0,1,136,120,0,16
1995,"WASHINGTON",40147,151,131,0,0,20,14,13,0,0,1,137,118,0,19
1996,"WASHINGTON",40147,243,215,1,0,27,23,17,1,0,5,220,198,0,22
1997,"WASHINGTON",40147,277,239,0,0,38,19,13,0,0,6,258,226,0,32
1998,"WASHINGTON",40147,280,240,2,0,38,23,18,2,0,3,257,222,0,35
1999,"WASHINGTON",40147,249,224,1,0,24,19,14,1,0,4,230,210,0,20
2000,"WASHINGTON",40147,244,226,0,0,18,15,12,0,0,3,229,214,0,15
2001,"WASHINGTON",40147,270,254,1,0,15,14,12,1,0,1,256,242,0,14
2002,"WASHINGTON",40147,307,285,0,0,22,7,6,0,0,1,300,279,0,21
2003,"WASHINGTON",40147,321,303,1,0,17,13,11,1,0,1,308,292,0,16
1990,"WASHITA",40149,27,24,2,0,1,2,0,2,0,0,25,24,0,1
1991,"WASHITA",40149,29,23,0,3,3,4,1,0,3,0,25,22,0,3
1992,"WASHITA",40149,30,24,3,2,1,7,2,3,2,0,23,22,0,1
1993,"WASHITA",40149,32,27,0,3,2,6,2,0,3,1,26,25,0,1
1994,"WASHITA",40149,23,21,0,0,2,4,4,0,0,0,19,17,0,2
1995,"WASHITA",40149,30,26,0,2,2,4,2,0,2,0,26,24,0,2
1996,"WASHITA",40149,55,38,0,6,11,13,5,0,6,2,42,33,0,9
1997,"WASHITA",40149,65,59,0,1,5,7,6,0,1,0,58,53,0,5
1998,"WASHITA",40149,82,66,0,1,15,2,1,0,1,0,80,65,0,15
1999,"WASHITA",40149,57,48,1,1,7,2,0,1,1,0,55,48,0,7
2000,"WASHITA",40149,49,45,1,1,2,3,1,1,1,0,46,44,0,2
2001,"WASHITA",40149,70,63,0,2,5,5,2,0,2,1,65,61,0,4
2002,"WASHITA",40149,79,68,2,5,4,7,0,2,5,0,72,68,0,4
2003,"WASHITA",40149,75,70,0,2,3,5,3,0,2,0,70,67,0,3
1990,"WOODS",40151,14,11,3,0,0,5,2,3,0,0,9,9,0,0
1991,"WOODS",40151,15,13,1,1,0,3,1,1,1,0,12,12,0,0
1992,"WOODS",40151,18,17,0,0,1,0,0,0,0,0,18,17,0,1
1993,"WOODS",40151,12,9,1,2,0,3,0,1,2,0,9,9,0,0
1994,"WOODS",40151,8,8,0,0,0,1,1,0,0,0,7,7,0,0
1995,"WOODS",40151,17,17,0,0,0,3,3,0,0,0,14,14,0,0
1996,"WOODS",40151,26,26,0,0,0,2,2,0,0,0,24,24,0,0
1997,"WOODS",40151,24,21,0,1,2,3,2,0,1,0,21,19,0,2
1998,"WOODS",40151,26,26,0,0,0,1,1,0,0,0,25,25,0,0
1999,"WOODS",40151,35,32,1,1,1,4,1,1,1,1,31,31,0,0
2000,"WOODS",40151,30,28,0,0,2,3,3,0,0,0,27,25,0,2
2001,"WOODS",40151,38,31,3,0,4,5,1,3,0,1,33,30,0,3
2002,"WOODS",40151,38,34,0,1,3,2,1,0,1,0,36,33,0,3
2003,"WOODS",40151,41,40,0,0,1,4,3,0,0,1,37,37,0,0
1990,"WOODWARD",40153,61,56,0,0,5,12,12,0,0,0,49,44,0,5
1991,"WOODWARD",40153,34,32,0,1,1,2,1,0,1,0,32,31,0,1
1992,"WOODWARD",40153,36,32,2,0,2,4,3,1,0,0,32,29,1,2
1993,"WOODWARD",40153,39,37,0,0,2,2,2,0,0,0,37,35,0,2
1994,"WOODWARD",40153,47,43,0,2,2,4,2,0,2,0,43,41,0,2
1995,"WOODWARD",40153,50,42,2,0,6,5,3,2,0,0,45,39,0,6
1996,"WOODWARD",40153,71,60,2,1,8,8,5,2,1,0,63,55,0,8
1997,"WOODWARD",40153,100,89,0,1,10,7,6,0,1,0,93,83,0,10
1998,"WOODWARD",40153,110,101,0,0,9,1,1,0,0,0,109,100,0,9
1999,"WOODWARD",40153,131,123,0,0,8,4,4,0,0,0,127,119,0,8
2000,"WOODWARD",40153,126,118,0,0,8,1,1,0,0,0,125,117,0,8
2001,"WOODWARD",40153,114,107,1,1,5,5,2,1,1,1,109,105,0,4
2002,"WOODWARD",40153,116,108,0,1,7,1,0,0,1,0,115,108,0,7
2003,"WOODWARD",40153,123,121,0,0,2,1,1,0,0,0,122,120,0,2
1990,"BAKER",41001,34,29,0,0,5,3,0,0,0,3,31,29,0,2
1991,"BAKER",41001,36,34,1,0,1,6,4,1,0,1,30,30,0,0
1992,"BAKER",41001,39,34,1,0,4,5,4,1,0,0,34,30,0,4
1993,"BAKER",41001,25,22,0,0,3,1,1,0,0,0,24,21,0,3
1994,"BAKER",41001,27,24,0,0,3,0,0,0,0,0,27,24,0,3
1995,"BAKER",41001,41,36,0,0,5,1,1,0,0,0,40,35,0,5
1996,"BAKER",41001,36,30,0,0,6,3,2,0,0,1,33,28,0,5
1997,"BAKER",41001,67,61,0,0,6,6,3,0,0,3,61,58,0,3
1998,"BAKER",41001,60,59,0,0,1,12,12,0,0,0,48,47,0,1
1999,"BAKER",41001,76,72,0,1,3,14,11,0,1,2,62,61,0,1
2000,"BAKER",41001,72,68,0,0,4,11,9,0,0,2,61,59,0,2
2001,"BAKER",41001,79,77,0,0,2,3,1,0,0,2,76,76,0,0
2002,"BAKER",41001,100,96,0,0,4,5,5,0,0,0,95,91,0,4
2003,"BAKER",41001,121,117,0,0,4,11,9,0,0,2,110,108,0,2
1990,"BENTON",41003,154,94,4,0,56,11,4,4,0,3,143,90,0,53
1991,"BENTON",41003,175,119,1,1,54,26,9,1,1,15,149,110,0,39
1992,"BENTON",41003,150,108,0,1,41,11,6,0,1,4,139,102,0,37
1993,"BENTON",41003,159,112,0,0,47,8,3,0,0,5,151,109,0,42
1994,"BENTON",41003,119,82,0,1,36,8,7,0,1,0,111,75,0,36
1995,"BENTON",41003,144,118,0,0,26,8,5,0,0,3,136,113,0,23
1996,"BENTON",41003,188,150,0,0,38,12,9,0,0,3,176,141,0,35
1997,"BENTON",41003,208,180,0,0,28,25,23,0,0,2,183,157,0,26
1998,"BENTON",41003,204,173,2,0,29,26,16,2,0,8,178,157,0,21
1999,"BENTON",41003,217,195,0,0,22,36,32,0,0,4,181,163,0,18
2000,"BENTON",41003,198,173,0,0,25,17,10,0,0,7,181,163,0,18
2001,"BENTON",41003,278,254,0,0,24,12,11,0,0,1,266,243,0,23
2002,"BENTON",41003,258,236,0,1,21,16,11,0,1,4,242,225,0,17
2003,"BENTON",41003,274,245,2,0,27,9,2,2,0,5,265,243,0,22
1990,"CLACKAMAS",41005,1074,748,15,0,311,104,42,13,0,49,970,706,2,262
1991,"CLACKAMAS",41005,1249,857,6,0,386,97,42,5,0,50,1152,815,1,336
1992,"CLACKAMAS",41005,1240,865,15,0,360,125,66,11,0,48,1115,799,4,312
1993,"CLACKAMAS",41005,1216,844,8,2,362,90,57,7,2,24,1126,787,1,338
1994,"CLACKAMAS",41005,1216,831,7,3,375,66,43,7,3,13,1150,788,0,362
1995,"CLACKAMAS",41005,1358,957,7,1,393,62,37,7,1,17,1296,920,0,376
1996,"CLACKAMAS",41005,1741,1357,2,0,382,46,30,2,0,14,1695,1327,0,368
1997,"CLACKAMAS",41005,1756,1386,6,0,364,116,79,6,0,31,1640,1307,0,333
1998,"CLACKAMAS",41005,1724,1371,6,0,347,298,228,4,0,66,1426,1143,2,281
1999,"CLACKAMAS",41005,1778,1418,4,0,356,307,217,3,0,87,1471,1201,1,269
2000,"CLACKAMAS",41005,1823,1447,1,0,375,168,70,1,0,97,1655,1377,0,278
2001,"CLACKAMAS",41005,2369,1990,4,0,375,183,82,4,0,97,2186,1908,0,278
2002,"CLACKAMAS",41005,2632,2174,5,0,453,268,130,5,0,133,2364,2044,0,320
2003,"CLACKAMAS",41005,2535,2056,5,1,473,257,108,4,1,144,2278,1948,1,329
1990,"CLATSOP",41007,94,79,2,0,13,8,4,2,0,2,86,75,0,11
1991,"CLATSOP",41007,121,98,2,0,21,20,8,2,0,10,101,90,0,11
1992,"CLATSOP",41007,116,98,1,0,17,20,17,1,0,2,96,81,0,15
1993,"CLATSOP",41007,126,105,0,0,21,13,9,0,0,4,113,96,0,17
1994,"CLATSOP",41007,109,90,1,0,18,6,3,1,0,2,103,87,0,16
1995,"CLATSOP",41007,134,112,0,1,21,9,4,0,1,4,125,108,0,17
1996,"CLATSOP",41007,185,169,0,0,16,5,2,0,0,3,180,167,0,13
1997,"CLATSOP",41007,206,184,0,0,22,18,13,0,0,5,188,171,0,17
1998,"CLATSOP",41007,213,194,1,0,18,39,34,1,0,4,174,160,0,14
1999,"CLATSOP",41007,183,165,0,0,18,34,26,0,0,8,149,139,0,10
2000,"CLATSOP",41007,164,149,0,0,15,15,10,0,0,5,149,139,0,10
2001,"CLATSOP",41007,235,220,0,0,15,14,9,0,0,5,221,211,0,10
2002,"CLATSOP",41007,233,216,1,0,16,19,9,1,0,9,214,207,0,7
2003,"CLATSOP",41007,232,214,1,0,17,11,5,1,0,5,221,209,0,12
1990,"COLUMBIA",41009,134,86,2,0,46,6,1,1,0,4,128,85,1,42
1991,"COLUMBIA",41009,124,82,1,0,41,5,1,1,0,3,119,81,0,38
1992,"COLUMBIA",41009,134,84,0,0,50,10,4,0,0,6,124,80,0,44
1993,"COLUMBIA",41009,123,82,2,0,39,5,0,2,0,3,118,82,0,36
1994,"COLUMBIA",41009,118,79,0,0,39,5,2,0,0,3,113,77,0,36
1995,"COLUMBIA",41009,119,85,0,0,34,2,1,0,0,1,117,84,0,33
1996,"COLUMBIA",41009,160,124,0,0,36,4,4,0,0,0,156,120,0,36
1997,"COLUMBIA",41009,198,151,0,0,47,17,13,0,0,4,181,138,0,43
1998,"COLUMBIA",41009,248,208,3,0,37,36,26,3,0,7,212,182,0,30
1999,"COLUMBIA",41009,199,155,1,0,43,32,17,1,0,14,167,138,0,29
2000,"COLUMBIA",41009,231,197,0,0,34,20,13,0,0,7,211,184,0,27
2001,"COLUMBIA",41009,310,269,0,0,41,16,8,0,0,8,294,261,0,33
2002,"COLUMBIA",41009,330,290,1,0,39,15,9,1,0,5,315,281,0,34
2003,"COLUMBIA",41009,368,319,1,0,48,25,12,1,0,12,343,307,0,36
1990,"COOS",41011,158,131,3,0,24,24,13,3,0,8,134,118,0,16
1991,"COOS",41011,191,162,1,0,28,10,4,1,0,5,181,158,0,23
1992,"COOS",41011,216,182,2,0,32,9,6,1,0,2,207,176,1,30
1993,"COOS",41011,199,156,1,0,42,15,10,1,0,4,184,146,0,38
1994,"COOS",41011,187,155,1,0,31,24,18,1,0,5,163,137,0,26
1995,"COOS",41011,198,166,2,1,29,27,22,1,1,3,171,144,1,26
1996,"COOS",41011,282,242,5,0,35,19,9,5,0,5,263,233,0,30
1997,"COOS",41011,297,256,1,0,40,30,19,1,0,10,267,237,0,30
1998,"COOS",41011,336,294,1,1,40,47,32,1,1,13,289,262,0,27
1999,"COOS",41011,328,289,1,1,37,49,34,1,1,13,279,255,0,24
2000,"COOS",41011,237,205,0,0,32,19,12,0,0,7,218,193,0,25
2001,"COOS",41011,369,305,0,4,60,24,6,0,4,14,345,299,0,46
2002,"COOS",41011,390,329,0,1,60,27,9,0,1,17,363,320,0,43
2003,"COOS",41011,353,289,1,0,63,20,5,1,0,14,333,284,0,49
1990,"CROOK",41013,53,47,1,0,5,4,2,1,0,1,49,45,0,4
1991,"CROOK",41013,56,51,0,0,5,2,1,0,0,1,54,50,0,4
1992,"CROOK",41013,69,51,0,2,16,11,3,0,2,6,58,48,0,10
1993,"CROOK",41013,72,58,0,0,14,16,9,0,0,7,56,49,0,7
1994,"CROOK",41013,69,60,0,0,9,4,3,0,0,1,65,57,0,8
1995,"CROOK",41013,69,58,1,0,10,3,1,1,0,1,66,57,0,9
1996,"CROOK",41013,95,86,0,0,9,2,0,0,0,2,93,86,0,7
1997,"CROOK",41013,132,118,0,0,14,17,10,0,0,7,115,108,0,7
1998,"CROOK",41013,99,94,0,0,5,11,10,0,0,1,88,84,0,4
1999,"CROOK",41013,127,115,0,0,12,28,22,0,0,6,99,93,0,6
2000,"CROOK",41013,152,142,1,0,9,10,6,1,0,3,142,136,0,6
2001,"CROOK",41013,157,151,0,1,5,6,5,0,1,0,151,146,0,5
2002,"CROOK",41013,166,156,0,0,10,10,5,0,0,5,156,151,0,5
2003,"CROOK",41013,140,124,0,1,15,10,4,0,1,5,130,120,0,10
1990,"CURRY",41015,51,38,3,0,10,8,2,3,0,3,43,36,0,7
1991,"CURRY",41015,56,49,0,0,7,4,3,0,0,1,52,46,0,6
1992,"CURRY",41015,43,28,0,0,15,5,2,0,0,3,38,26,0,12
1993,"CURRY",41015,60,40,0,0,20,9,4,0,0,5,51,36,0,15
1994,"CURRY",41015,57,42,1,0,14,12,7,1,0,4,45,35,0,10
1995,"CURRY",41015,63,49,0,0,14,8,3,0,0,5,55,46,0,9
1996,"CURRY",41015,74,53,0,0,21,8,4,0,0,4,66,49,0,17
1997,"CURRY",41015,102,70,1,0,31,21,10,1,0,10,81,60,0,21
1998,"CURRY",41015,106,76,1,0,29,26,15,1,0,10,80,61,0,19
1999,"CURRY",41015,103,74,0,0,29,28,18,0,0,10,75,56,0,19
2000,"CURRY",41015,83,51,1,0,31,15,3,1,0,11,68,48,0,20
2001,"CURRY",41015,92,70,0,0,22,13,7,0,0,6,79,63,0,16
2002,"CURRY",41015,111,82,1,0,28,9,1,1,0,7,102,81,0,21
2003,"CURRY",41015,118,82,0,0,36,13,0,0,0,13,105,82,0,23
1990,"DESCHUTES",41017,282,207,3,0,72,29,10,3,0,16,253,197,0,56
1991,"DESCHUTES",41017,395,311,3,0,81,32,16,3,0,13,363,295,0,68
1992,"DESCHUTES",41017,403,283,2,0,118,64,32,2,0,30,339,251,0,88
1993,"DESCHUTES",41017,346,253,2,0,91,56,33,2,0,21,290,220,0,70
1994,"DESCHUTES",41017,352,284,4,0,64,59,35,4,0,20,293,249,0,44
1995,"DESCHUTES",41017,420,350,2,0,68,36,20,2,0,14,384,330,0,54
1996,"DESCHUTES",41017,523,472,2,0,49,34,28,2,0,4,489,444,0,45
1997,"DESCHUTES",41017,778,682,0,0,96,111,100,0,0,11,667,582,0,85
1998,"DESCHUTES",41017,669,593,3,0,73,160,130,3,0,27,509,463,0,46
1999,"DESCHUTES",41017,716,650,4,0,62,184,155,4,0,25,532,495,0,37
2000,"DESCHUTES",41017,698,629,0,0,69,60,36,0,0,24,638,593,0,45
2001,"DESCHUTES",41017,907,818,5,1,83,54,23,5,1,25,853,795,0,58
2002,"DESCHUTES",41017,958,864,2,0,92,78,49,2,0,27,880,815,0,65
2003,"DESCHUTES",41017,1012,888,1,1,122,78,42,1,1,34,934,846,0,88
1990,"DOUGLAS",41019,483,335,2,0,146,29,11,2,0,16,454,324,0,130
1991,"DOUGLAS",41019,553,356,3,0,194,41,15,3,0,23,512,341,0,171
1992,"DOUGLAS",41019,459,309,2,0,148,13,7,1,0,5,446,302,1,143
1993,"DOUGLAS",41019,470,307,2,1,160,29,17,2,1,9,441,290,0,151
1994,"DOUGLAS",41019,435,296,2,1,136,25,11,2,1,11,410,285,0,125
1995,"DOUGLAS",41019,384,249,1,0,134,21,14,1,0,6,363,235,0,128
1996,"DOUGLAS",41019,540,408,0,0,132,45,26,0,0,19,495,382,0,113
1997,"DOUGLAS",41019,552,447,0,0,105,57,40,0,0,17,495,407,0,88
1998,"DOUGLAS",41019,552,447,2,0,103,72,52,2,0,18,480,395,0,85
1999,"DOUGLAS",41019,545,437,0,0,108,90,66,0,0,24,455,371,0,84
2000,"DOUGLAS",41019,528,449,3,0,76,40,24,3,0,13,488,425,0,63
2001,"DOUGLAS",41019,724,619,1,0,104,33,11,1,0,21,691,608,0,83
2002,"DOUGLAS",41019,764,683,0,0,81,22,8,0,0,14,742,675,0,67
2003,"DOUGLAS",41019,703,585,0,0,118,32,15,0,0,17,671,570,0,101
1990,"GILLIAM",41021,5,2,0,2,1,2,0,0,2,0,3,2,0,1
1991,"GILLIAM",41021,6,4,2,0,0,2,0,2,0,0,4,4,0,0
1992,"GILLIAM",41021,5,4,0,0,1,0,0,0,0,0,5,4,0,1
1993,"GILLIAM",41021,3,3,0,0,0,0,0,0,0,0,3,3,0,0
1994,"GILLIAM",41021,1,1,0,0,0,0,0,0,0,0,1,1,0,0
1995,"GILLIAM",41021,5,4,0,0,1,0,0,0,0,0,5,4,0,1
1996,"GILLIAM",41021,3,2,0,1,0,1,0,0,1,0,2,2,0,0
1997,"GILLIAM",41021,7,5,0,1,1,2,1,0,1,0,5,4,0,1
1998,"GILLIAM",41021,6,6,0,0,0,1,1,0,0,0,5,5,0,0
1999,"GILLIAM",41021,8,6,0,0,2,1,1,0,0,0,7,5,0,2
2000,"GILLIAM",41021,5,4,0,0,1,0,0,0,0,0,5,4,0,1
2001,"GILLIAM",41021,7,6,0,0,1,0,0,0,0,0,7,6,0,1
2002,"GILLIAM",41021,7,5,0,0,2,1,0,0,0,1,6,5,0,1
2003,"GILLIAM",41021,10,10,0,0,0,0,0,0,0,0,10,10,0,0
1990,"GRANT",41023,13,11,1,0,1,2,0,1,0,1,11,11,0,0
1991,"GRANT",41023,20,17,1,0,2,3,2,1,0,0,17,15,0,2
1992,"GRANT",41023,19,17,0,0,2,1,1,0,0,0,18,16,0,2
1993,"GRANT",41023,17,16,0,0,1,1,1,0,0,0,16,15,0,1
1994,"GRANT",41023,8,7,0,0,1,0,0,0,0,0,8,7,0,1
1995,"GRANT",41023,14,11,0,0,3,3,2,0,0,1,11,9,0,2
1996,"GRANT",41023,15,14,1,0,0,3,2,1,0,0,12,12,0,0
1997,"GRANT",41023,33,32,0,0,1,1,0,0,0,1,32,32,0,0
1998,"GRANT",41023,26,25,0,0,1,3,3,0,0,0,23,22,0,1
1999,"GRANT",41023,27,25,1,0,1,8,6,1,0,1,19,19,0,0
2000,"GRANT",41023,21,18,0,0,3,4,2,0,0,2,17,16,0,1
2001,"GRANT",41023,20,20,0,0,0,1,1,0,0,0,19,19,0,0
2002,"GRANT",41023,38,36,0,0,2,1,0,0,0,1,37,36,0,1
2003,"GRANT",41023,36,36,0,0,0,2,2,0,0,0,34,34,0,0
1990,"HARNEY",41025,15,13,0,0,2,3,2,0,0,1,12,11,0,1
1991,"HARNEY",41025,27,24,1,0,2,2,1,1,0,0,25,23,0,2
1992,"HARNEY",41025,19,16,0,0,3,3,3,0,0,0,16,13,0,3
1993,"HARNEY",41025,18,9,0,2,7,3,0,0,2,1,15,9,0,6
1994,"HARNEY",41025,27,24,0,0,3,1,1,0,0,0,26,23,0,3
1995,"HARNEY",41025,20,10,1,0,9,3,1,1,0,1,17,9,0,8
1996,"HARNEY",41025,22,21,0,0,1,0,0,0,0,0,22,21,0,1
1997,"HARNEY",41025,26,26,0,0,0,5,5,0,0,0,21,21,0,0
1998,"HARNEY",41025,35,34,0,0,1,4,4,0,0,0,31,30,0,1
1999,"HARNEY",41025,30,30,0,0,0,3,3,0,0,0,27,27,0,0
2000,"HARNEY",41025,28,27,0,1,0,4,3,0,1,0,24,24,0,0
2001,"HARNEY",41025,38,33,1,1,3,4,0,1,1,2,34,33,0,1
2002,"HARNEY",41025,44,42,0,0,2,3,2,0,0,1,41,40,0,1
2003,"HARNEY",41025,52,49,0,2,1,5,2,0,2,1,47,47,0,0
1990,"HOOD RIVER",41027,48,37,1,0,10,5,3,1,0,1,43,34,0,9
1991,"HOOD RIVER",41027,52,45,0,0,7,2,1,0,0,1,50,44,0,6
1992,"HOOD RIVER",41027,49,40,1,0,8,2,1,1,0,0,47,39,0,8
1993,"HOOD RIVER",41027,36,24,0,0,12,4,2,0,0,2,32,22,0,10
1994,"HOOD RIVER",41027,44,34,0,0,10,3,1,0,0,2,41,33,0,8
1995,"HOOD RIVER",41027,43,35,0,0,8,1,0,0,0,1,42,35,0,7
1996,"HOOD RIVER",41027,58,52,1,1,4,2,0,1,1,0,56,52,0,4
1997,"HOOD RIVER",41027,58,50,3,0,5,6,3,2,0,1,52,47,1,4
1998,"HOOD RIVER",41027,66,56,0,0,10,16,12,0,0,4,50,44,0,6
1999,"HOOD RIVER",41027,62,57,0,0,5,11,11,0,0,0,51,46,0,5
2000,"HOOD RIVER",41027,72,63,0,0,9,8,3,0,0,5,64,60,0,4
2001,"HOOD RIVER",41027,98,88,0,0,10,10,6,0,0,4,88,82,0,6
2002,"HOOD RIVER",41027,95,79,0,0,16,10,3,0,0,7,85,76,0,9
2003,"HOOD RIVER",41027,105,88,1,1,15,12,4,1,1,6,93,84,0,9
1990,"JACKSON",41029,777,663,3,0,111,69,38,3,0,28,708,625,0,83
1991,"JACKSON",41029,857,702,6,0,149,86,48,5,0,33,771,654,1,116
1992,"JACKSON",41029,917,686,7,0,224,97,45,7,0,45,820,641,0,179
1993,"JACKSON",41029,924,568,9,1,346,64,29,7,1,27,860,539,2,319
1994,"JACKSON",41029,815,521,3,1,290,80,38,3,1,38,735,483,0,252
1995,"JACKSON",41029,759,463,1,0,295,78,47,1,0,30,681,416,0,265
1996,"JACKSON",41029,941,692,0,0,249,86,44,0,0,42,855,648,0,207
1997,"JACKSON",41029,963,762,3,0,198,116,76,3,0,37,847,686,0,161
1998,"JACKSON",41029,1117,909,2,0,206,214,143,2,0,69,903,766,0,137
1999,"JACKSON",41029,1103,951,8,0,144,232,179,8,0,45,871,772,0,99
2000,"JACKSON",41029,1087,954,2,0,131,74,36,2,0,36,1013,918,0,95
2001,"JACKSON",41029,1359,1224,0,0,135,66,25,0,0,41,1293,1199,0,94
2002,"JACKSON",41029,1360,1197,1,0,162,75,23,1,0,51,1285,1174,0,111
2003,"JACKSON",41029,1375,1202,2,0,171,83,21,2,0,60,1292,1181,0,111
1990,"JEFFERSON",41031,29,21,1,0,7,5,2,1,0,2,24,19,0,5
1991,"JEFFERSON",41031,44,43,0,0,1,1,1,0,0,0,43,42,0,1
1992,"JEFFERSON",41031,42,32,0,2,8,6,3,0,2,1,36,29,0,7
1993,"JEFFERSON",41031,55,47,0,0,8,4,3,0,0,1,51,44,0,7
1994,"JEFFERSON",41031,46,39,0,0,7,8,4,0,0,4,38,35,0,3
1995,"JEFFERSON",41031,46,42,0,0,4,2,2,0,0,0,44,40,0,4
1996,"JEFFERSON",41031,56,50,0,0,6,3,1,0,0,2,53,49,0,4
1997,"JEFFERSON",41031,75,68,1,0,6,7,6,1,0,0,68,62,0,6
1998,"JEFFERSON",41031,72,65,1,0,6,9,7,1,0,1,63,58,0,5
1999,"JEFFERSON",41031,96,87,0,0,9,18,14,0,0,4,78,73,0,5
2000,"JEFFERSON",41031,76,64,0,0,12,5,2,0,0,3,71,62,0,9
2001,"JEFFERSON",41031,100,91,0,0,9,6,5,0,0,1,94,86,0,8
2002,"JEFFERSON",41031,130,117,0,0,13,13,9,0,0,4,117,108,0,9
2003,"JEFFERSON",41031,147,127,0,0,20,8,4,0,0,4,139,123,0,16
1990,"JOSEPHINE",41033,246,216,3,0,27,31,20,3,0,8,215,196,0,19
1991,"JOSEPHINE",41033,250,209,6,0,35,38,18,6,0,14,212,191,0,21
1992,"JOSEPHINE",41033,267,204,0,0,63,28,12,0,0,16,239,192,0,47
1993,"JOSEPHINE",41033,300,201,2,0,97,23,16,2,0,5,277,185,0,92
1994,"JOSEPHINE",41033,263,183,1,1,78,37,22,1,1,13,226,161,0,65
1995,"JOSEPHINE",41033,265,188,2,1,74,43,20,2,1,20,222,168,0,54
1996,"JOSEPHINE",41033,336,274,1,0,61,36,17,1,0,18,300,257,0,43
1997,"JOSEPHINE",41033,364,301,1,0,62,60,42,1,0,17,304,259,0,45
1998,"JOSEPHINE",41033,394,353,5,0,36,91,69,5,0,17,303,284,0,19
1999,"JOSEPHINE",41033,371,328,1,0,42,81,63,1,0,17,290,265,0,25
2000,"JOSEPHINE",41033,353,315,0,1,37,24,9,0,1,14,329,306,0,23
2001,"JOSEPHINE",41033,421,393,0,0,28,22,16,0,0,6,399,377,0,22
2002,"JOSEPHINE",41033,502,454,1,0,47,32,17,1,0,14,470,437,0,33
2003,"JOSEPHINE",41033,484,453,0,0,31,44,31,0,0,13,440,422,0,18
1990,"KLAMATH",41035,242,211,4,3,23,32,21,4,4,3,210,190,0,20
1991,"KLAMATH",41035,338,317,3,0,18,32,24,3,0,5,306,293,0,13
1992,"KLAMATH",41035,303,278,4,0,21,34,26,4,0,4,269,252,0,17
1993,"KLAMATH",41035,227,182,2,1,42,15,9,2,1,3,212,173,0,39
1994,"KLAMATH",41035,257,206,3,1,47,36,19,3,1,13,221,187,0,34
1995,"KLAMATH",41035,265,237,6,0,22,31,16,6,0,9,234,221,0,13
1996,"KLAMATH",41035,265,230,5,0,30,16,8,5,0,3,249,222,0,27
1997,"KLAMATH",41035,272,235,0,0,37,35,26,0,0,9,237,209,0,28
1998,"KLAMATH",41035,355,330,4,1,20,51,41,4,1,5,304,289,0,15
1999,"KLAMATH",41035,345,312,2,0,31,56,45,2,0,9,289,267,0,22
2000,"KLAMATH",41035,358,306,1,0,51,30,17,1,0,12,328,289,0,39
2001,"KLAMATH",41035,414,356,0,3,55,28,14,0,3,11,386,342,0,44
2002,"KLAMATH",41035,453,398,1,1,53,30,15,1,1,13,423,383,0,40
2003,"KLAMATH",41035,528,450,0,0,78,23,9,0,0,14,505,441,0,64
1990,"LAKE",41037,12,10,0,0,2,1,1,0,0,0,11,9,0,2
1991,"LAKE",41037,27,22,0,1,4,8,5,0,1,2,19,17,0,2
1992,"LAKE",41037,30,20,0,1,9,3,0,0,1,2,27,20,0,7
1993,"LAKE",41037,18,15,0,0,3,2,2,0,0,0,16,13,0,3
1994,"LAKE",41037,27,23,0,0,4,1,1,0,0,0,26,22,0,4
1995,"LAKE",41037,24,20,0,1,3,4,2,0,1,1,20,18,0,2
1996,"LAKE",41037,28,21,1,0,6,6,0,1,0,5,22,21,0,1
1997,"LAKE",41037,27,23,0,0,4,4,2,0,0,2,23,21,0,2
1998,"LAKE",41037,30,27,1,0,2,8,5,1,0,2,22,22,0,0
1999,"LAKE",41037,21,15,0,0,6,5,0,0,0,5,16,15,0,1
2000,"LAKE",41037,28,22,0,1,5,4,0,0,1,3,24,22,0,2
2001,"LAKE",41037,20,18,0,0,2,3,1,0,0,2,17,17,0,0
2002,"LAKE",41037,42,37,0,1,4,4,1,0,1,2,38,36,0,2
2003,"LAKE",41037,45,39,0,1,5,2,1,0,1,0,43,38,0,5
1990,"LANE",41039,1364,833,7,0,524,103,35,6,0,62,1261,798,1,462
1991,"LANE",41039,1439,880,5,2,552,108,47,5,2,54,1331,833,0,498
1992,"LANE",41039,1442,874,14,1,553,103,42,14,1,46,1339,832,0,507
1993,"LANE",41039,1286,800,6,0,480,80,40,5,0,35,1206,760,1,445
1994,"LANE",41039,1147,776,3,2,366,92,45,3,2,42,1055,731,0,324
1995,"LANE",41039,1283,836,3,0,444,98,59,3,0,36,1185,777,0,408
1996,"LANE",41039,1558,1129,5,0,424,97,58,5,0,34,1461,1071,0,390
1997,"LANE",41039,1723,1267,1,1,454,157,100,1,1,55,1566,1167,0,399
1998,"LANE",41039,1706,1307,5,0,394,259,169,5,0,85,1447,1138,0,309
1999,"LANE",41039,1769,1445,3,0,321,302,212,3,0,87,1467,1233,0,234
2000,"LANE",41039,1684,1376,3,0,305,159,91,3,0,65,1525,1285,0,240
2001,"LANE",41039,2233,1923,4,0,306,144,96,4,0,44,2089,1827,0,262
2002,"LANE",41039,2275,1976,3,1,295,115,65,3,1,46,2160,1911,0,249
2003,"LANE",41039,2497,2169,4,1,323,157,95,4,1,57,2340,2074,0,266
1990,"LINCOLN",41041,125,96,2,0,27,18,7,2,0,9,107,89,0,18
1991,"LINCOLN",41041,160,125,0,0,35,15,7,0,0,8,145,118,0,27
1992,"LINCOLN",41041,135,101,0,0,34,9,3,0,0,6,126,98,0,28
1993,"LINCOLN",41041,146,98,3,0,45,19,7,3,0,9,127,91,0,36
1994,"LINCOLN",41041,127,92,2,0,33,16,12,2,0,2,111,80,0,31
1995,"LINCOLN",41041,169,132,1,0,36,32,24,1,0,7,137,108,0,29
1996,"LINCOLN",41041,184,158,1,0,25,18,14,1,0,3,166,144,0,22
1997,"LINCOLN",41041,241,198,3,0,40,33,24,3,0,6,208,174,0,34
1998,"LINCOLN",41041,282,224,0,0,58,63,43,0,0,20,219,181,0,38
1999,"LINCOLN",41041,260,220,1,0,39,69,47,1,0,21,191,173,0,18
2000,"LINCOLN",41041,283,246,1,0,36,34,20,1,0,13,249,226,0,23
2001,"LINCOLN",41041,309,282,0,0,27,23,16,0,0,7,286,266,0,20
2002,"LINCOLN",41041,331,307,0,0,24,18,14,0,0,4,313,293,0,20
2003,"LINCOLN",41041,373,351,1,0,21,30,22,1,0,7,343,329,0,14
1990,"LINN",41043,458,324,2,0,132,19,8,2,0,9,439,316,0,123
1991,"LINN",41043,567,402,0,1,164,28,14,0,1,13,539,388,0,151
1992,"LINN",41043,496,313,3,0,180,38,14,3,0,21,458,299,0,159
1993,"LINN",41043,429,285,4,0,140,20,10,3,0,7,409,275,1,133
1994,"LINN",41043,409,264,5,0,140,27,12,4,0,11,382,252,1,129
1995,"LINN",41043,479,312,3,1,163,22,9,2,1,10,457,303,1,153
1996,"LINN",41043,495,380,2,0,113,31,17,2,0,12,464,363,0,101
1997,"LINN",41043,660,499,1,0,160,36,22,1,0,13,624,477,0,147
1998,"LINN",41043,639,515,0,0,124,51,41,0,0,10,588,474,0,114
1999,"LINN",41043,641,521,1,0,119,83,59,1,0,23,558,462,0,96
2000,"LINN",41043,688,576,2,0,110,52,31,2,0,19,636,545,0,91
2001,"LINN",41043,853,724,0,0,129,45,24,0,0,21,808,700,0,108
2002,"LINN",41043,881,762,0,0,119,32,15,0,0,17,849,747,0,102
2003,"LINN",41043,949,810,2,0,137,40,21,2,0,17,909,789,0,120
1990,"MALHEUR",41045,80,63,1,6,10,13,5,1,6,1,67,58,0,9
1991,"MALHEUR",41045,99,74,3,8,14,18,5,2,8,3,81,69,1,11
1992,"MALHEUR",41045,75,57,0,0,18,10,8,0,0,2,65,49,0,16
1993,"MALHEUR",41045,78,55,1,2,20,8,1,1,2,4,70,54,0,16
1994,"MALHEUR",41045,76,49,2,1,24,10,2,2,1,5,66,47,0,19
1995,"MALHEUR",41045,75,51,0,3,21,9,3,0,3,3,66,48,0,18
1996,"MALHEUR",41045,91,62,0,0,29,4,4,0,0,0,87,58,0,29
1997,"MALHEUR",41045,117,82,0,7,28,13,4,0,7,2,104,78,0,26
1998,"MALHEUR",41045,92,73,1,3,15,8,2,1,3,2,84,71,0,13
1999,"MALHEUR",41045,110,79,3,4,24,12,3,3,4,2,98,76,0,22
2000,"MALHEUR",41045,95,80,0,0,15,2,1,0,0,1,93,79,0,14
2001,"MALHEUR",41045,132,107,1,4,20,6,1,1,4,0,126,106,0,20
2002,"MALHEUR",41045,139,116,0,0,23,0,0,0,0,0,139,116,0,23
2003,"MALHEUR",41045,153,125,4,3,21,9,3,2,3,1,144,122,2,20
1990,"MARION",41047,1029,717,18,3,291,97,33,18,3,43,932,684,0,248
1991,"MARION",41047,1327,931,18,1,377,99,38,16,1,44,1228,893,2,333
1992,"MARION",41047,1342,922,6,0,414,73,30,5,0,38,1269,892,1,376
1993,"MARION",41047,1201,825,4,0,372,52,30,4,0,18,1149,795,0,354
1994,"MARION",41047,1219,828,8,1,382,59,35,8,1,15,1160,793,0,367
1995,"MARION",41047,1348,995,4,1,348,52,34,4,1,13,1296,961,0,335
1996,"MARION",41047,1655,1338,3,1,313,55,39,2,1,13,1600,1299,1,300
1997,"MARION",41047,1857,1539,2,0,316,103,75,2,0,26,1754,1464,0,290
1998,"MARION",41047,1806,1502,1,0,303,202,147,1,0,54,1604,1355,0,249
1999,"MARION",41047,1879,1610,3,0,266,199,147,3,0,49,1680,1463,0,217
2000,"MARION",41047,1905,1639,2,1,263,103,55,2,1,45,1802,1584,0,218
2001,"MARION",41047,2415,2144,1,0,270,73,38,1,0,34,2342,2106,0,236
2002,"MARION",41047,2382,2058,0,3,321,87,48,0,3,36,2295,2010,0,285
2003,"MARION",41047,2574,2191,2,3,378,104,52,2,3,47,2470,2139,0,331
1990,"MORROW",41049,30,29,1,0,0,2,1,1,0,0,28,28,0,0
1991,"MORROW",41049,34,33,0,0,1,3,3,0,0,0,31,30,0,1
1992,"MORROW",41049,25,20,4,0,1,5,1,4,0,0,20,19,0,1
1993,"MORROW",41049,25,20,0,0,5,3,1,0,0,2,22,19,0,3
1994,"MORROW",41049,22,19,1,1,1,4,1,1,1,1,18,18,0,0
1995,"MORROW",41049,17,16,0,0,1,1,1,0,0,0,16,15,0,1
1996,"MORROW",41049,31,29,1,0,1,2,1,1,0,0,29,28,0,1
1997,"MORROW",41049,34,33,0,0,1,0,0,0,0,0,34,33,0,1
1998,"MORROW",41049,44,42,0,1,1,12,10,0,1,1,32,32,0,0
1999,"MORROW",41049,42,38,1,0,3,6,5,1,0,0,36,33,0,3
2000,"MORROW",41049,52,50,1,0,1,3,2,1,0,0,49,48,0,1
2001,"MORROW",41049,72,67,0,0,5,2,1,0,0,1,70,66,0,4
2002,"MORROW",41049,84,79,0,0,5,3,1,0,0,2,81,78,0,3
2003,"MORROW",41049,63,59,0,0,4,2,0,0,0,2,61,59,0,2
1990,"MULTNOMAH",41051,2986,1959,35,0,992,228,89,33,0,106,2758,1870,2,886
1991,"MULTNOMAH",41051,3533,2351,25,0,1157,279,113,25,0,141,3254,2238,0,1016
1992,"MULTNOMAH",41051,3402,2239,25,0,1138,217,99,24,0,94,3185,2140,1,1044
1993,"MULTNOMAH",41051,3024,2010,22,0,992,183,103,21,0,59,2841,1907,1,933
1994,"MULTNOMAH",41051,3133,2121,18,0,994,127,70,18,0,39,3006,2051,0,955
1995,"MULTNOMAH",41051,3731,2651,10,0,1070,100,61,10,0,29,3631,2590,0,1041
1996,"MULTNOMAH",41051,4199,3218,11,0,970,86,58,10,0,18,4113,3160,1,952
1997,"MULTNOMAH",41051,4180,3295,14,0,871,204,161,14,0,29,3976,3134,0,842
1998,"MULTNOMAH",41051,3863,3021,12,0,829,450,321,11,0,117,3413,2700,1,712
1999,"MULTNOMAH",41051,3695,2882,15,0,798,530,361,15,0,154,3165,2521,0,644
2000,"MULTNOMAH",41051,3805,2954,7,0,844,338,159,7,0,172,3467,2795,0,672
2001,"MULTNOMAH",41051,4546,3688,14,0,844,306,102,14,0,190,4240,3586,0,654
2002,"MULTNOMAH",41051,4953,4056,13,0,884,338,127,13,0,198,4615,3929,0,686
2003,"MULTNOMAH",41051,4930,4009,8,0,913,288,115,7,0,166,4642,3894,1,747
1990,"POLK",41053,211,144,2,2,63,20,5,2,2,11,191,139,0,52
1991,"POLK",41053,231,153,0,0,78,17,3,0,0,14,214,150,0,64
1992,"POLK",41053,199,134,2,2,61,13,2,2,2,7,186,132,0,54
1993,"POLK",41053,187,130,2,0,55,5,3,2,0,0,182,127,0,55
1994,"POLK",41053,226,161,1,0,64,10,9,1,0,0,216,152,0,64
1995,"POLK",41053,187,148,0,0,39,10,8,0,0,2,177,140,0,37
1996,"POLK",41053,254,182,0,2,70,13,7,0,2,4,241,175,0,66
1997,"POLK",41053,297,233,2,0,62,16,13,2,0,1,281,220,0,61
1998,"POLK",41053,296,253,0,0,43,28,19,0,0,9,268,234,0,34
1999,"POLK",41053,294,246,1,0,47,45,31,1,0,13,249,215,0,34
2000,"POLK",41053,316,259,1,0,56,10,3,1,0,6,306,256,0,50
2001,"POLK",41053,393,335,0,0,58,8,6,0,0,2,385,329,0,56
2002,"POLK",41053,445,384,0,0,61,20,13,0,0,7,425,371,0,54
2003,"POLK",41053,428,367,0,0,61,26,16,0,0,10,402,351,0,51
1990,"SHERMAN",41055,8,5,0,1,2,1,0,0,1,0,7,5,0,2
1991,"SHERMAN",41055,5,5,0,0,0,0,0,0,0,0,5,5,0,0
1992,"SHERMAN",41055,6,5,0,0,1,0,0,0,0,0,6,5,0,1
1993,"SHERMAN",41055,1,0,0,0,1,0,0,0,0,0,1,0,0,1
1994,"SHERMAN",41055,3,2,0,0,1,0,0,0,0,0,3,2,0,1
1995,"SHERMAN",41055,7,6,1,0,0,1,0,1,0,0,6,6,0,0
1996,"SHERMAN",41055,6,6,0,0,0,1,1,0,0,0,5,5,0,0
1997,"SHERMAN",41055,7,5,0,0,2,0,0,0,0,0,7,5,0,2
1998,"SHERMAN",41055,6,3,0,0,3,0,0,0,0,0,6,3,0,3
1999,"SHERMAN",41055,8,7,0,0,1,0,0,0,0,0,8,7,0,1
2000,"SHERMAN",41055,5,3,0,1,1,1,0,0,1,0,4,3,0,1
2001,"SHERMAN",41055,8,7,0,1,0,3,2,0,1,0,5,5,0,0
2002,"SHERMAN",41055,8,7,0,0,1,1,1,0,0,0,7,6,0,1
2003,"SHERMAN",41055,10,10,0,0,0,3,3,0,0,0,7,7,0,0
1990,"TILLAMOOK",41057,40,33,0,0,7,4,2,0,0,2,36,31,0,5
1991,"TILLAMOOK",41057,73,57,3,1,12,9,3,3,1,2,64,54,0,10
1992,"TILLAMOOK",41057,61,51,0,0,10,3,3,0,0,0,58,48,0,10
1993,"TILLAMOOK",41057,69,56,1,0,12,9,5,1,0,3,60,51,0,9
1994,"TILLAMOOK",41057,51,36,0,0,15,6,5,0,0,1,45,31,0,14
1995,"TILLAMOOK",41057,68,52,0,0,16,3,3,0,0,0,65,49,0,16
1996,"TILLAMOOK",41057,89,73,0,2,14,4,2,0,2,0,85,71,0,14
1997,"TILLAMOOK",41057,107,99,0,0,8,4,4,0,0,0,103,95,0,8
1998,"TILLAMOOK",41057,133,120,1,0,12,37,31,1,0,5,96,89,0,7
1999,"TILLAMOOK",41057,113,108,0,0,5,21,20,0,0,1,92,88,0,4
2000,"TILLAMOOK",41057,124,109,0,0,15,6,3,0,0,3,118,106,0,12
2001,"TILLAMOOK",41057,130,117,0,0,13,7,2,0,0,5,123,115,0,8
2002,"TILLAMOOK",41057,120,112,0,0,8,8,5,0,0,3,112,107,0,5
2003,"TILLAMOOK",41057,155,139,0,1,15,16,4,0,1,11,139,135,0,4
1990,"UMATILLA",41059,267,233,1,5,28,33,21,1,5,6,234,212,0,22
1991,"UMATILLA",41059,252,232,1,0,19,15,11,1,0,3,237,221,0,16
1992,"UMATILLA",41059,225,199,0,2,24,17,10,0,2,5,208,189,0,19
1993,"UMATILLA",41059,166,142,4,2,18,15,6,4,2,3,151,136,0,15
1994,"UMATILLA",41059,176,155,2,0,19,17,9,2,0,6,159,146,0,13
1995,"UMATILLA",41059,201,183,1,0,17,20,13,1,0,6,181,170,0,11
1996,"UMATILLA",41059,218,201,0,0,17,15,10,0,0,5,203,191,0,12
1997,"UMATILLA",41059,303,288,0,0,15,32,30,0,0,2,271,258,0,13
1998,"UMATILLA",41059,312,291,1,2,18,48,41,1,2,4,264,250,0,14
1999,"UMATILLA",41059,326,302,1,0,23,47,39,1,0,7,279,263,0,16
2000,"UMATILLA",41059,363,340,5,0,18,26,15,5,0,6,337,325,0,12
2001,"UMATILLA",41059,459,432,0,0,27,14,9,0,0,5,445,423,0,22
2002,"UMATILLA",41059,502,468,0,2,32,19,6,0,2,11,483,462,0,21
2003,"UMATILLA",41059,504,477,0,0,27,11,7,0,0,4,493,470,0,23
1990,"UNION",41061,46,34,1,2,8,6,0,1,3,2,40,34,0,6
1991,"UNION",41061,51,43,3,0,5,5,3,2,0,0,46,40,1,5
1992,"UNION",41061,66,55,0,0,11,5,4,0,0,1,61,51,0,10
1993,"UNION",41061,52,39,0,0,13,6,2,0,0,4,46,37,0,9
1994,"UNION",41061,45,39,2,2,2,5,1,1,2,1,40,38,1,1
1995,"UNION",41061,54,48,1,0,5,2,1,1,0,0,52,47,0,5
1996,"UNION",41061,57,50,0,0,7,4,4,0,0,0,53,46,0,7
1997,"UNION",41061,90,85,1,0,4,10,8,1,0,1,80,77,0,3
1998,"UNION",41061,87,78,0,0,9,12,8,0,0,4,75,70,0,5
1999,"UNION",41061,86,81,1,0,4,11,9,1,0,1,75,72,0,3
2000,"UNION",41061,83,76,0,1,6,5,2,0,1,2,78,74,0,4
2001,"UNION",41061,110,101,0,0,9,3,0,0,0,3,107,101,0,6
2002,"UNION",41061,118,114,0,0,4,3,2,0,0,1,115,112,0,3
2003,"UNION",41061,132,130,0,0,2,10,8,0,0,2,122,122,0,0
1990,"WALLOWA",41063,18,16,1,1,0,3,1,1,1,0,15,15,0,0
1991,"WALLOWA",41063,20,17,0,0,3,3,2,0,0,1,17,15,0,2
1992,"WALLOWA",41063,23,20,1,0,2,2,1,1,0,0,21,19,0,2
1993,"WALLOWA",41063,10,7,0,0,3,0,0,0,0,0,10,7,0,3
1994,"WALLOWA",41063,14,13,0,0,1,2,2,0,0,0,12,11,0,1
1995,"WALLOWA",41063,17,15,1,0,1,3,1,1,0,1,14,14,0,0
1996,"WALLOWA",41063,18,16,0,0,2,0,0,0,0,0,18,16,0,2
1997,"WALLOWA",41063,24,23,0,0,1,7,7,0,0,0,17,16,0,1
1998,"WALLOWA",41063,37,32,0,0,5,10,7,0,0,3,27,25,0,2
1999,"WALLOWA",41063,25,24,0,0,1,8,7,0,0,1,17,17,0,0
2000,"WALLOWA",41063,16,15,1,0,0,1,0,1,0,0,15,15,0,0
2001,"WALLOWA",41063,22,21,1,0,0,2,1,1,0,0,20,20,0,0
2002,"WALLOWA",41063,32,28,2,0,2,2,0,2,0,0,30,28,0,2
2003,"WALLOWA",41063,31,29,0,0,2,2,2,0,0,0,29,27,0,2
1990,"WASCO",41065,53,38,0,0,15,4,2,0,0,2,49,36,0,13
1991,"WASCO",41065,73,49,0,2,22,4,1,0,2,1,69,48,0,21
1992,"WASCO",41065,53,41,0,0,12,2,1,0,0,1,51,40,0,11
1993,"WASCO",41065,48,36,0,0,12,4,3,0,0,1,44,33,0,11
1994,"WASCO",41065,53,45,0,0,8,5,3,0,0,2,48,42,0,6
1995,"WASCO",41065,69,57,1,0,11,2,1,1,0,0,67,56,0,11
1996,"WASCO",41065,117,103,0,0,14,4,2,0,0,2,113,101,0,12
1997,"WASCO",41065,112,96,0,0,16,7,5,0,0,2,105,91,0,14
1998,"WASCO",41065,96,82,0,0,14,15,10,0,0,5,81,72,0,9
1999,"WASCO",41065,114,88,0,0,26,17,8,0,0,9,97,80,0,17
2000,"WASCO",41065,100,89,0,0,11,10,5,0,0,5,90,84,0,6
2001,"WASCO",41065,129,117,0,0,12,7,4,0,0,3,122,113,0,9
2002,"WASCO",41065,149,129,0,0,20,7,5,0,0,2,142,124,0,18
2003,"WASCO",41065,162,137,4,1,20,12,2,4,1,5,150,135,0,15
1990,"WASHINGTON",41067,1193,846,19,1,327,106,52,19,1,34,1087,794,0,293
1991,"WASHINGTON",41067,1476,999,6,1,470,128,74,6,1,47,1348,925,0,423
1992,"WASHINGTON",41067,1607,1054,6,0,547,137,78,6,0,53,1470,976,0,494
1993,"WASHINGTON",41067,1538,943,3,3,589,117,68,3,3,43,1421,875,0,546
1994,"WASHINGTON",41067,1559,1032,7,0,520,78,44,7,0,27,1481,988,0,493
1995,"WASHINGTON",41067,1761,1215,3,0,543,68,41,3,0,24,1693,1174,0,519
1996,"WASHINGTON",41067,1874,1471,4,1,398,73,51,4,1,17,1801,1420,0,381
1997,"WASHINGTON",41067,2104,1655,4,0,445,142,110,3,0,29,1962,1545,1,416
1998,"WASHINGTON",41067,2018,1594,6,0,418,267,191,6,0,70,1751,1403,0,348
1999,"WASHINGTON",41067,2103,1682,14,0,407,327,247,14,0,66,1776,1435,0,341
2000,"WASHINGTON",41067,2057,1686,5,0,366,142,74,5,0,63,1915,1612,0,303
2001,"WASHINGTON",41067,2717,2281,13,0,423,203,83,13,0,107,2514,2198,0,316
2002,"WASHINGTON",41067,2996,2478,28,2,488,260,90,28,2,140,2736,2388,0,348
2003,"WASHINGTON",41067,3176,2682,4,0,490,201,64,3,0,134,2975,2618,1,356
1991,"WHEELER",41069,2,2,0,0,0,1,1,0,0,0,1,1,0,0
1992,"WHEELER",41069,1,0,0,0,1,0,0,0,0,0,1,0,0,1
1993,"WHEELER",41069,1,1,0,0,0,0,0,0,0,0,1,1,0,0
1994,"WHEELER",41069,5,5,0,0,0,0,0,0,0,0,5,5,0,0
1995,"WHEELER",41069,2,1,0,0,1,0,0,0,0,0,2,1,0,1
1996,"WHEELER",41069,2,1,0,1,0,1,0,0,1,0,1,1,0,0
1997,"WHEELER",41069,1,1,0,0,0,0,0,0,0,0,1,1,0,0
1998,"WHEELER",41069,4,4,0,0,0,2,2,0,0,0,2,2,0,0
1999,"WHEELER",41069,0,0,0,0,0,0,0,0,0,0,0,0,0,0
2000,"WHEELER",41069,1,1,0,0,0,0,0,0,0,0,1,1,0,0
2001,"WHEELER",41069,6,6,0,0,0,0,0,0,0,0,6,6,0,0
2002,"WHEELER",41069,7,6,0,0,1,0,0,0,0,0,7,6,0,1
2003,"WHEELER",41069,8,6,0,0,2,0,0,0,0,0,8,6,0,2
1990,"YAMHILL",41071,254,193,3,0,58,26,10,3,0,13,228,183,0,45
1991,"YAMHILL",41071,287,221,3,1,62,25,12,2,1,10,262,209,1,52
1992,"YAMHILL",41071,269,195,4,0,70,22,10,4,0,8,247,185,0,62
1993,"YAMHILL",41071,239,145,1,0,93,20,6,1,0,13,219,139,0,80
1994,"YAMHILL",41071,258,182,0,0,76,12,5,0,0,7,246,177,0,69
1995,"YAMHILL",41071,318,224,0,0,94,17,6,0,0,11,301,218,0,83
1996,"YAMHILL",41071,380,294,0,0,86,12,5,0,0,7,368,289,0,79
1997,"YAMHILL",41071,361,299,0,0,62,29,24,0,0,5,332,275,0,57
1998,"YAMHILL",41071,431,351,1,0,79,67,51,1,0,15,364,300,0,64
1999,"YAMHILL",41071,467,397,0,0,70,67,49,0,0,18,400,348,0,52
2000,"YAMHILL",41071,498,405,0,0,93,31,14,0,0,17,467,391,0,76
2001,"YAMHILL",41071,596,492,2,1,101,42,16,2,1,23,554,476,0,78
2002,"YAMHILL",41071,688,579,0,0,109,49,22,0,0,27,639,557,0,82
2003,"YAMHILL",41071,672,551,1,1,119,35,9,1,1,24,637,542,0,95
1990,"ADAMS",42001,101,85,2,0,14,10,7,1,0,2,91,78,1,12
1991,"ADAMS",42001,130,100,2,0,28,30,12,1,0,17,100,88,1,11
1992,"ADAMS",42001,160,123,5,0,32,43,25,5,0,13,117,98,0,19
1993,"ADAMS",42001,156,127,3,0,26,27,12,3,0,12,129,115,0,14
1994,"ADAMS",42001,140,112,5,1,22,26,12,5,1,8,114,100,0,14
1995,"ADAMS",42001,163,142,0,0,21,25,19,0,0,6,138,123,0,15
1996,"ADAMS",42001,216,173,4,1,38,28,15,4,1,8,188,158,0,30
1997,"ADAMS",42001,296,248,0,2,46,29,17,0,2,10,267,231,0,36
1998,"ADAMS",42001,342,287,3,0,52,32,13,3,0,16,310,274,0,36
1999,"ADAMS",42001,306,253,2,0,51,26,18,2,0,6,280,235,0,45
2000,"ADAMS",42001,303,230,4,0,69,42,30,2,0,10,261,200,2,59
2001,"ADAMS",42001,362,283,1,0,78,39,23,1,0,15,323,260,0,63
2002,"ADAMS",42001,379,278,0,0,101,15,11,0,0,4,364,267,0,97
2003,"ADAMS",42001,394,267,0,0,127,8,7,0,0,1,386,260,0,126
1990,"ALLEGHENY",42003,2172,1563,126,0,483,227,102,115,0,10,1945,1461,11,473
1991,"ALLEGHENY",42003,2513,1799,107,0,607,175,75,91,0,9,2338,1724,16,598
1992,"ALLEGHENY",42003,2832,2141,90,0,601,243,142,81,0,20,2589,1999,9,581
1993,"ALLEGHENY",42003,2400,1777,108,0,515,222,113,97,0,12,2178,1664,11,503
1994,"ALLEGHENY",42003,2232,1626,88,0,518,183,94,82,0,7,2049,1532,6,511
1995,"ALLEGHENY",42003,2654,1976,78,0,600,205,117,70,0,18,2449,1859,8,582
1996,"ALLEGHENY",42003,3376,2685,80,0,611,209,125,68,0,16,3167,2560,12,595
1997,"ALLEGHENY",42003,4465,3652,90,0,723,195,107,75,0,13,4270,3545,15,710
1998,"ALLEGHENY",42003,4874,4020,61,0,793,174,115,49,0,10,4700,3905,12,783
1999,"ALLEGHENY",42003,4589,3644,76,0,869,166,92,69,0,5,4423,3552,7,864
2000,"ALLEGHENY",42003,4866,3637,68,0,1161,147,85,58,0,4,4719,3552,10,1157
2001,"ALLEGHENY",42003,5963,4629,57,0,1277,168,106,53,0,9,5795,4523,4,1268
2002,"ALLEGHENY",42003,6443,4703,115,0,1625,216,103,105,0,8,6227,4600,10,1617
2003,"ALLEGHENY",42003,7128,5142,94,0,1892,238,134,84,0,20,6890,5008,10,1872
1990,"ARMSTRONG",42005,63,55,2,0,6,7,4,2,0,1,56,51,0,5
1991,"ARMSTRONG",42005,78,72,2,0,4,6,4,2,0,0,72,68,0,4
1992,"ARMSTRONG",42005,107,95,1,0,11,9,8,0,0,1,98,87,1,10
1993,"ARMSTRONG",42005,87,76,4,0,7,11,6,4,0,1,76,70,0,6
1994,"ARMSTRONG",42005,73,69,1,0,3,7,6,1,0,0,66,63,0,3
1995,"ARMSTRONG",42005,68,62,1,1,4,13,10,1,1,1,55,52,0,3
1996,"ARMSTRONG",42005,122,113,0,0,9,7,7,0,0,0,115,106,0,9
1997,"ARMSTRONG",42005,166,159,0,0,7,5,5,0,0,0,161,154,0,7
1998,"ARMSTRONG",42005,163,157,0,0,6,4,4,0,0,0,159,153,0,6
1999,"ARMSTRONG",42005,176,163,3,0,10,6,4,2,0,0,170,159,1,10
2000,"ARMSTRONG",42005,218,200,2,0,16,5,3,2,0,0,213,197,0,16
2001,"ARMSTRONG",42005,312,277,1,0,34,8,7,1,0,0,304,270,0,34
2002,"ARMSTRONG",42005,338,286,4,0,48,8,4,4,0,0,330,282,0,48
2003,"ARMSTRONG",42005,398,340,2,0,56,7,4,1,0,2,391,336,1,54
1990,"BEAVER",42007,255,188,18,0,49,22,2,15,0,5,233,186,3,44
1991,"BEAVER",42007,304,236,14,2,52,32,9,13,2,8,272,227,1,44
1992,"BEAVER",42007,305,232,10,0,63,22,7,9,0,6,283,225,1,57
1993,"BEAVER",42007,261,192,5,0,64,23,13,4,0,6,238,179,1,58
1994,"BEAVER",42007,285,226,4,0,55,20,16,4,0,0,265,210,0,55
1995,"BEAVER",42007,342,282,3,1,56,25,18,2,1,4,317,264,1,52
1996,"BEAVER",42007,458,402,2,0,54,19,14,2,0,3,439,388,0,51
1997,"BEAVER",42007,569,497,9,0,63,22,13,7,0,2,547,484,2,61
1998,"BEAVER",42007,580,509,8,0,63,19,9,8,0,2,561,500,0,61
1999,"BEAVER",42007,614,533,4,1,76,9,6,2,1,0,605,527,2,76
2000,"BEAVER",42007,552,456,2,0,94,12,7,2,0,3,540,449,0,91
2001,"BEAVER",42007,808,628,3,0,177,11,7,3,0,1,797,621,0,176
2002,"BEAVER",42007,966,748,12,0,206,21,10,11,0,0,945,738,1,206
2003,"BEAVER",42007,1093,847,4,0,242,14,11,2,0,1,1079,836,2,241
1990,"BEDFORD",42009,39,33,2,0,4,6,3,2,0,1,33,30,0,3
1991,"BEDFORD",42009,43,40,0,0,3,4,4,0,0,0,39,36,0,3
1992,"BEDFORD",42009,39,35,0,0,4,3,2,0,0,1,36,33,0,3
1993,"BEDFORD",42009,33,28,1,0,4,4,3,1,0,0,29,25,0,4
1994,"BEDFORD",42009,36,32,0,0,4,5,5,0,0,0,31,27,0,4
1995,"BEDFORD",42009,31,26,2,0,3,4,2,2,0,0,27,24,0,3
1996,"BEDFORD",42009,67,59,4,0,4,6,3,3,0,0,61,56,1,4
1997,"BEDFORD",42009,75,67,2,0,6,5,4,1,0,0,70,63,1,6
1998,"BEDFORD",42009,100,88,0,1,11,4,3,0,1,0,96,85,0,11
1999,"BEDFORD",42009,80,72,4,0,4,3,0,3,0,0,77,72,1,4
2000,"BEDFORD",42009,104,95,0,1,8,2,1,0,1,0,102,94,0,8
2001,"BEDFORD",42009,130,121,3,0,6,3,1,2,0,0,127,120,1,6
2002,"BEDFORD",42009,154,137,1,0,16,5,4,1,0,0,149,133,0,16
2003,"BEDFORD",42009,186,158,0,0,28,6,4,0,0,2,180,154,0,26
1990,"BERKS",42011,362,258,21,0,83,42,16,20,0,6,320,242,1,77
1991,"BERKS",42011,472,340,21,0,111,39,18,20,0,1,433,322,1,110
1992,"BERKS",42011,608,446,26,0,136,71,35,25,0,11,537,411,1,125
1993,"BERKS",42011,556,391,25,1,139,67,28,25,1,13,489,363,0,126
1994,"BERKS",42011,496,363,21,1,111,52,28,20,1,3,444,335,1,108
1995,"BERKS",42011,629,479,16,0,134,34,17,13,0,4,595,462,3,130
1996,"BERKS",42011,936,745,12,5,174,35,13,11,5,6,901,732,1,168
1997,"BERKS",42011,1454,1183,8,5,258,44,25,7,5,7,1410,1158,1,251
1998,"BERKS",42011,1635,1381,5,3,246,24,14,3,3,4,1611,1367,2,242
1999,"BERKS",42011,1519,1246,8,0,265,26,15,7,0,4,1493,1231,1,261
2000,"BERKS",42011,1404,1113,7,0,284,11,5,5,0,1,1393,1108,2,283
2001,"BERKS",42011,1687,1322,8,1,356,16,8,7,1,0,1671,1314,1,356
2002,"BERKS",42011,1893,1442,5,0,446,21,13,5,0,3,1872,1429,0,443
2003,"BERKS",42011,2039,1459,13,1,566,41,23,13,1,4,1998,1436,0,562
1990,"BLAIR",42013,173,159,7,0,7,14,7,7,0,0,159,152,0,7
1991,"BLAIR",42013,174,169,3,0,2,5,2,3,0,0,169,167,0,2
1992,"BLAIR",42013,230,197,5,0,28,20,15,2,0,3,210,182,3,25
1993,"BLAIR",42013,176,160,1,0,15,8,7,0,0,1,168,153,1,14
1994,"BLAIR",42013,188,171,2,0,15,11,8,1,0,2,177,163,1,13
1995,"BLAIR",42013,210,195,3,0,12,10,8,1,0,1,200,187,2,11
1996,"BLAIR",42013,328,301,4,0,23,23,19,3,0,1,305,282,1,22
1997,"BLAIR",42013,380,346,5,1,28,13,6,5,1,1,367,340,0,27
1998,"BLAIR",42013,407,370,3,0,34,15,10,3,0,2,392,360,0,32
1999,"BLAIR",42013,384,350,6,1,27,12,6,5,1,0,372,344,1,27
2000,"BLAIR",42013,318,297,2,0,19,6,4,2,0,0,312,293,0,19
2001,"BLAIR",42013,379,353,2,0,24,4,3,1,0,0,375,350,1,24
2002,"BLAIR",42013,507,474,1,0,32,5,4,1,0,0,502,470,0,32
2003,"BLAIR",42013,555,512,5,0,38,8,5,3,0,0,547,507,2,38
1990,"BRADFORD",42015,57,50,2,1,4,11,8,2,1,0,46,42,0,4
1991,"BRADFORD",42015,75,66,1,0,8,8,7,1,0,0,67,59,0,8
1992,"BRADFORD",42015,61,54,0,0,7,10,9,0,0,1,51,45,0,6
1993,"BRADFORD",42015,69,64,2,1,2,11,8,2,1,0,58,56,0,2
1994,"BRADFORD",42015,48,44,0,0,4,6,4,0,0,2,42,40,0,2
1995,"BRADFORD",42015,65,58,0,0,7,7,6,0,0,1,58,52,0,6
1996,"BRADFORD",42015,99,88,2,0,9,13,7,2,0,4,86,81,0,5
1997,"BRADFORD",42015,151,140,0,0,11,19,15,0,0,4,132,125,0,7
1998,"BRADFORD",42015,159,146,2,0,11,8,5,2,0,1,151,141,0,10
1999,"BRADFORD",42015,157,144,0,0,13,5,3,0,0,2,152,141,0,11
2000,"BRADFORD",42015,133,121,0,0,12,5,3,0,0,2,128,118,0,10
2001,"BRADFORD",42015,186,169,0,0,17,4,4,0,0,0,182,165,0,17
2002,"BRADFORD",42015,185,157,0,0,28,5,3,0,0,2,180,154,0,26
2003,"BRADFORD",42015,228,194,1,0,33,5,2,1,0,2,223,192,0,31
1990,"BUCKS",42017,863,546,67,0,250,105,40,61,0,4,758,506,6,246
1991,"BUCKS",42017,1302,803,78,0,421,133,56,69,0,8,1169,747,9,413
1992,"BUCKS",42017,1464,922,71,0,471,171,79,66,0,26,1293,843,5,445
1993,"BUCKS",42017,1265,750,51,0,464,135,59,51,0,25,1130,691,0,439
1994,"BUCKS",42017,1199,698,44,1,456,102,45,40,1,16,1097,653,4,440
1995,"BUCKS",42017,1435,874,39,0,522,89,46,36,0,7,1346,828,3,515
1996,"BUCKS",42017,1838,1121,39,0,678,81,46,32,0,3,1757,1075,7,675
1997,"BUCKS",42017,2421,1536,38,2,845,75,37,35,2,1,2346,1499,3,844
1998,"BUCKS",42017,2582,1681,16,0,884,58,40,15,0,2,2524,1641,1,882
1999,"BUCKS",42017,2531,1560,24,2,945,56,27,24,2,3,2475,1533,0,942
2000,"BUCKS",42017,2349,1479,14,0,856,36,20,13,0,3,2313,1459,1,853
2001,"BUCKS",42017,2571,1697,26,0,848,54,30,23,0,1,2517,1667,3,847
2002,"BUCKS",42017,2510,1554,17,0,939,42,24,16,0,2,2468,1530,1,937
2003,"BUCKS",42017,2501,1549,26,0,926,52,25,23,0,4,2449,1524,3,922
1990,"BUTLER",42019,197,171,9,0,17,22,12,8,0,2,175,159,1,15
1991,"BUTLER",42019,224,191,17,0,16,29,10,17,0,2,195,181,0,14
1992,"BUTLER",42019,228,188,16,0,24,38,20,15,0,3,190,168,1,21
1993,"BUTLER",42019,221,185,9,0,27,19,10,7,0,2,202,175,2,25
1994,"BUTLER",42019,206,168,9,0,29,26,15,8,0,3,180,153,1,26
1995,"BUTLER",42019,235,214,2,0,19,19,13,2,0,4,216,201,0,15
1996,"BUTLER",42019,348,312,5,0,31,20,12,5,0,3,328,300,0,28
1997,"BUTLER",42019,475,430,4,0,41,10,6,4,0,0,465,424,0,41
1998,"BUTLER",42019,460,425,4,0,31,20,16,2,0,2,440,409,2,29
1999,"BUTLER",42019,425,385,5,0,35,15,8,5,0,2,410,377,0,33
2000,"BUTLER",42019,501,433,4,0,64,21,15,4,0,2,480,418,0,62
2001,"BUTLER",42019,635,552,9,0,74,20,8,9,0,3,615,544,0,71
2002,"BUTLER",42019,654,561,3,0,90,8,4,2,0,2,646,557,1,88
2003,"BUTLER",42019,793,650,14,0,129,39,17,13,0,9,754,633,1,120
1990,"CAMBRIA",42021,95,86,5,0,4,7,3,4,0,0,88,83,1,4
1991,"CAMBRIA",42021,141,130,5,0,6,7,2,4,0,1,134,128,1,5
1992,"CAMBRIA",42021,170,160,5,0,5,20,15,5,0,0,150,145,0,5
1993,"CAMBRIA",42021,166,149,6,0,11,15,9,6,0,0,151,140,0,11
1994,"CAMBRIA",42021,166,148,5,0,13,18,12,5,0,1,148,136,0,12
1995,"CAMBRIA",42021,215,198,5,0,12,20,15,4,0,1,195,183,1,11
1996,"CAMBRIA",42021,271,249,15,0,7,18,11,7,0,0,253,238,8,7
1997,"CAMBRIA",42021,428,405,5,0,18,18,13,5,0,0,410,392,0,18
1998,"CAMBRIA",42021,556,529,3,0,24,14,12,2,0,0,542,517,1,24
1999,"CAMBRIA",42021,469,441,5,0,23,13,10,3,0,0,456,431,2,23
2000,"CAMBRIA",42021,431,404,8,0,19,15,8,7,0,0,416,396,1,19
2001,"CAMBRIA",42021,527,495,12,0,20,21,10,11,0,0,506,485,1,20
2002,"CAMBRIA",42021,521,489,3,0,29,8,4,3,0,1,513,485,0,28
2003,"CAMBRIA",42021,617,566,5,0,46,18,14,4,0,0,599,552,1,46
1990,"CAMERON",42023,5,3,0,0,2,0,0,0,0,0,5,3,0,2
1991,"CAMERON",42023,5,5,0,0,0,0,0,0,0,0,5,5,0,0
1992,"CAMERON",42023,8,7,1,0,0,1,0,1,0,0,7,7,0,0
1993,"CAMERON",42023,2,2,0,0,0,1,1,0,0,0,1,1,0,0
1994,"CAMERON",42023,4,4,0,0,0,0,0,0,0,0,4,4,0,0
1995,"CAMERON",42023,5,4,1,0,0,1,0,1,0,0,4,4,0,0
1996,"CAMERON",42023,5,3,0,0,2,0,0,0,0,0,5,3,0,2
1997,"CAMERON",42023,7,7,0,0,0,0,0,0,0,0,7,7,0,0
1998,"CAMERON",42023,16,15,0,0,1,1,0,0,0,1,15,15,0,0
1999,"CAMERON",42023,18,17,0,0,1,0,0,0,0,0,18,17,0,1
2000,"CAMERON",42023,18,17,0,0,1,0,0,0,0,0,18,17,0,1
2001,"CAMERON",42023,18,18,0,0,0,1,1,0,0,0,17,17,0,0
2002,"CAMERON",42023,27,25,0,0,2,0,0,0,0,0,27,25,0,2
2003,"CAMERON",42023,26,24,0,0,2,0,0,0,0,0,26,24,0,2
1990,"CARBON",42025,69,58,0,0,11,5,4,0,0,1,64,54,0,10
1991,"CARBON",42025,103,88,3,0,12,10,7,3,0,0,93,81,0,12
1992,"CARBON",42025,120,108,0,0,12,9,7,0,0,2,111,101,0,10
1993,"CARBON",42025,82,63,2,0,17,10,4,2,0,4,72,59,0,13
1994,"CARBON",42025,95,76,0,0,19,7,6,0,0,1,88,70,0,18
1995,"CARBON",42025,110,83,1,0,26,8,5,1,0,2,102,78,0,24
1996,"CARBON",42025,124,99,0,0,25,4,2,0,0,2,120,97,0,23
1997,"CARBON",42025,246,204,1,0,41,10,5,1,0,4,236,199,0,37
1998,"CARBON",42025,285,236,1,0,48,5,1,1,0,3,280,235,0,45
1999,"CARBON",42025,254,206,0,0,48,2,1,0,0,1,252,205,0,47
2000,"CARBON",42025,264,191,1,0,72,5,2,1,0,2,259,189,0,70
2001,"CARBON",42025,321,258,0,0,63,5,3,0,0,2,316,255,0,61
2002,"CARBON",42025,298,229,0,0,69,3,1,0,0,2,295,228,0,67
2003,"CARBON",42025,339,252,0,0,87,4,3,0,0,1,335,249,0,86
1990,"CENTRE",42027,101,77,6,0,18,19,10,6,0,3,82,67,0,15
1991,"CENTRE",42027,128,106,3,1,18,34,21,3,1,9,94,85,0,9
1992,"CENTRE",42027,103,86,3,0,14,20,14,3,0,3,83,72,0,11
1993,"CENTRE",42027,95,79,2,2,12,23,14,2,2,5,72,65,0,7
1994,"CENTRE",42027,80,66,1,0,13,18,12,1,0,5,62,54,0,8
1995,"CENTRE",42027,122,90,8,0,24,28,15,8,0,5,94,75,0,19
1996,"CENTRE",42027,163,137,2,1,23,35,21,2,1,11,128,116,0,12
1997,"CENTRE",42027,207,179,2,0,26,32,18,2,0,12,175,161,0,14
1998,"CENTRE",42027,187,166,4,0,17,30,23,4,0,3,157,143,0,14
1999,"CENTRE",42027,223,188,4,0,31,33,20,4,0,9,190,168,0,22
2000,"CENTRE",42027,189,163,3,1,22,33,21,3,1,8,156,142,0,14
2001,"CENTRE",42027,226,184,5,0,37,41,28,5,0,8,185,156,0,29
2002,"CENTRE",42027,282,241,2,0,39,22,13,2,0,7,260,228,0,32
2003,"CENTRE",42027,292,242,1,0,49,6,2,1,0,3,286,240,0,46
1990,"CHESTER",42029,488,329,27,1,131,56,31,21,1,3,432,298,6,128
1991,"CHESTER",42029,638,447,38,0,153,60,19,32,0,9,578,428,6,144
1992,"CHESTER",42029,692,468,37,1,186,101,57,35,1,8,591,411,2,178
1993,"CHESTER",42029,577,359,30,2,186,70,31,29,2,8,507,328,1,178
1994,"CHESTER",42029,620,404,36,0,180,79,37,34,0,8,541,367,2,172
1995,"CHESTER",42029,698,437,21,0,240,43,26,13,0,4,655,411,8,236
1996,"CHESTER",42029,980,651,24,0,305,59,38,16,0,5,921,613,8,300
1997,"CHESTER",42029,1177,797,10,2,367,42,27,8,2,4,1135,770,2,363
1998,"CHESTER",42029,1280,881,12,0,387,31,23,8,0,0,1249,858,4,387
1999,"CHESTER",42029,1193,788,25,0,380,45,21,23,0,1,1148,767,2,379
2000,"CHESTER",42029,1486,667,392,0,427,400,8,391,0,1,1086,659,1,426
2001,"CHESTER",42029,1336,860,8,0,468,28,18,8,0,2,1308,842,0,466
2002,"CHESTER",42029,1315,784,10,0,521,33,17,9,0,7,1282,767,1,514
2003,"CHESTER",42029,1265,777,10,0,478,34,22,9,0,3,1231,755,1,475
1990,"CLARION",42031,43,38,3,0,2,6,3,3,0,0,37,35,0,2
1991,"CLARION",42031,46,41,4,0,1,5,1,4,0,0,41,40,0,1
1992,"CLARION",42031,41,39,0,0,2,4,4,0,0,0,37,35,0,2
1993,"CLARION",42031,42,39,0,0,3,3,3,0,0,0,39,36,0,3
1994,"CLARION",42031,42,36,4,0,2,9,5,4,0,0,33,31,0,2
1995,"CLARION",42031,33,32,1,0,0,3,2,1,0,0,30,30,0,0
1996,"CLARION",42031,58,55,1,0,2,4,3,1,0,0,54,52,0,2
1997,"CLARION",42031,69,67,0,0,2,7,7,0,0,0,62,60,0,2
1998,"CLARION",42031,88,85,1,0,2,5,3,1,0,1,83,82,0,1
1999,"CLARION",42031,63,59,2,0,2,3,1,2,0,0,60,58,0,2
2000,"CLARION",42031,95,89,2,0,4,4,2,2,0,0,91,87,0,4
2001,"CLARION",42031,115,109,0,0,6,3,3,0,0,0,112,106,0,6
2002,"CLARION",42031,91,84,1,0,6,1,0,1,0,0,90,84,0,6
2003,"CLARION",42031,148,135,5,0,8,12,6,5,0,1,136,129,0,7
1990,"CLEARFIELD",42033,63,58,2,0,3,5,4,1,0,0,58,54,1,3
1991,"CLEARFIELD",42033,70,63,3,0,4,9,6,3,0,0,61,57,0,4
1992,"CLEARFIELD",42033,108,99,3,0,6,10,7,3,0,0,98,92,0,6
1993,"CLEARFIELD",42033,68,62,3,0,3,9,6,3,0,0,59,56,0,3
1994,"CLEARFIELD",42033,67,57,6,0,4,8,2,6,0,0,59,55,0,4
1995,"CLEARFIELD",42033,80,74,0,1,5,7,6,0,1,0,73,68,0,5
1996,"CLEARFIELD",42033,73,71,0,0,2,6,6,0,0,0,67,65,0,2
1997,"CLEARFIELD",42033,122,113,5,0,4,12,7,5,0,0,110,106,0,4
1998,"CLEARFIELD",42033,134,130,2,0,2,7,5,2,0,0,127,125,0,2
1999,"CLEARFIELD",42033,139,129,2,0,8,7,4,2,0,1,132,125,0,7
2000,"CLEARFIELD",42033,129,123,0,0,6,2,2,0,0,0,127,121,0,6
2001,"CLEARFIELD",42033,250,243,1,0,6,7,6,1,0,0,243,237,0,6
2002,"CLEARFIELD",42033,253,238,1,0,14,2,1,1,0,0,251,237,0,14
2003,"CLEARFIELD",42033,306,276,3,0,27,11,7,3,0,1,295,269,0,26
1990,"CLINTON",42035,49,48,1,0,0,4,3,1,0,0,45,45,0,0
1991,"CLINTON",42035,43,39,0,1,3,2,1,0,1,0,41,38,0,3
1992,"CLINTON",42035,36,32,2,0,2,5,2,2,0,1,31,30,0,1
1993,"CLINTON",42035,25,19,2,0,4,8,3,2,0,3,17,16,0,1
1994,"CLINTON",42035,40,37,1,0,2,4,2,1,0,1,36,35,0,1
1995,"CLINTON",42035,36,31,2,1,2,6,3,2,1,0,30,28,0,2
1996,"CLINTON",42035,59,56,0,0,3,9,7,0,0,2,50,49,0,1
1997,"CLINTON",42035,64,61,1,0,2,5,3,1,0,1,59,58,0,1
1998,"CLINTON",42035,106,101,0,0,5,2,1,0,0,1,104,100,0,4
1999,"CLINTON",42035,87,84,0,0,3,1,1,0,0,0,86,83,0,3
2000,"CLINTON",42035,97,88,1,0,8,5,2,1,0,2,92,86,0,6
2001,"CLINTON",42035,96,88,0,0,8,1,1,0,0,0,95,87,0,8
2002,"CLINTON",42035,134,125,0,0,9,9,6,0,0,3,125,119,0,6
2003,"CLINTON",42035,117,106,2,0,9,2,0,2,0,0,115,106,0,9
1990,"COLUMBIA",42037,103,72,7,0,24,17,6,7,0,4,86,66,0,20
1991,"COLUMBIA",42037,116,86,4,0,26,8,4,4,0,0,108,82,0,26
1992,"COLUMBIA",42037,111,98,2,0,11,7,3,2,0,2,104,95,0,9
1993,"COLUMBIA",42037,88,66,9,1,12,19,6,9,1,3,69,60,0,9
1994,"COLUMBIA",42037,71,56,3,1,11,15,9,3,1,2,56,47,0,9
1995,"COLUMBIA",42037,95,78,2,1,14,21,11,2,1,7,74,67,0,7
1996,"COLUMBIA",42037,146,119,0,0,27,11,3,0,0,8,135,116,0,19
1997,"COLUMBIA",42037,206,176,1,0,29,14,7,1,0,6,192,169,0,23
1998,"COLUMBIA",42037,209,187,1,1,20,8,1,1,1,5,201,186,0,15
1999,"COLUMBIA",42037,198,174,2,0,22,11,7,2,0,2,187,167,0,20
2000,"COLUMBIA",42037,237,201,2,0,34,8,4,2,0,2,229,197,0,32
2001,"COLUMBIA",42037,244,209,1,0,34,5,2,1,0,2,239,207,0,32
2002,"COLUMBIA",42037,239,190,1,0,48,10,4,1,0,5,229,186,0,43
2003,"COLUMBIA",42037,272,217,0,0,55,11,3,0,0,8,261,214,0,47
1990,"CRAWFORD",42039,107,92,7,2,6,12,4,5,2,1,95,88,2,5
1991,"CRAWFORD",42039,102,93,2,2,5,5,2,1,2,0,97,91,1,5
1992,"CRAWFORD",42039,100,86,1,1,12,4,3,0,1,0,96,83,1,12
1993,"CRAWFORD",42039,103,91,3,1,8,11,6,3,1,1,92,85,0,7
1994,"CRAWFORD",42039,93,84,1,0,8,8,4,1,0,3,85,80,0,5
1995,"CRAWFORD",42039,133,115,3,2,13,8,0,2,2,4,125,115,1,9
1996,"CRAWFORD",42039,226,204,5,1,16,17,7,4,1,5,209,197,1,11
1997,"CRAWFORD",42039,241,225,1,4,11,17,8,1,4,4,224,217,0,7
1998,"CRAWFORD",42039,304,275,1,1,27,12,5,1,1,5,292,270,0,22
1999,"CRAWFORD",42039,294,277,0,0,17,6,5,0,0,1,288,272,0,16
2000,"CRAWFORD",42039,293,275,1,0,17,10,9,1,0,0,283,266,0,17
2001,"CRAWFORD",42039,340,302,5,0,33,16,8,5,0,3,324,294,0,30
2002,"CRAWFORD",42039,423,380,0,2,41,14,6,0,2,6,409,374,0,35
2003,"CRAWFORD",42039,432,388,5,0,39,17,6,3,0,8,415,382,2,31
1990,"CUMBERLAND",42041,344,270,8,0,66,41,25,8,0,8,303,245,0,58
1991,"CUMBERLAND",42041,397,306,21,0,70,63,34,15,0,14,334,272,6,56
1992,"CUMBERLAND",42041,438,355,11,0,72,51,24,11,0,16,387,331,0,56
1993,"CUMBERLAND",42041,359,273,12,0,74,51,26,9,0,16,308,247,3,58
1994,"CUMBERLAND",42041,308,236,12,0,60,60,30,12,0,18,248,206,0,42
1995,"CUMBERLAND",42041,342,284,7,0,51,52,28,7,0,17,290,256,0,34
1996,"CUMBERLAND",42041,530,426,4,0,100,71,39,4,0,28,459,387,0,72
1997,"CUMBERLAND",42041,679,558,8,0,113,69,40,8,0,21,610,518,0,92
1998,"CUMBERLAND",42041,833,677,1,0,155,88,56,1,0,31,745,621,0,124
1999,"CUMBERLAND",42041,671,498,3,0,170,69,37,3,0,29,602,461,0,141
2000,"CUMBERLAND",42041,708,487,8,0,213,85,42,8,0,35,623,445,0,178
2001,"CUMBERLAND",42041,912,639,3,0,270,93,62,2,0,29,819,577,1,241
2002,"CUMBERLAND",42041,878,594,2,0,282,42,24,2,0,16,836,570,0,266
2003,"CUMBERLAND",42041,958,627,3,0,328,25,18,3,0,4,933,609,0,324
1990,"DAUPHIN",42043,598,402,13,0,183,55,31,10,0,14,543,371,3,169
1991,"DAUPHIN",42043,628,441,20,0,167,83,39,18,0,26,545,402,2,141
1992,"DAUPHIN",42043,692,471,38,0,183,106,37,38,0,31,586,434,0,152
1993,"DAUPHIN",42043,558,381,29,0,148,100,38,28,0,34,458,343,1,114
1994,"DAUPHIN",42043,567,404,12,0,151,70,36,9,0,25,497,368,3,126
1995,"DAUPHIN",42043,614,425,18,0,171,87,39,18,0,30,527,386,0,141
1996,"DAUPHIN",42043,815,589,10,1,215,84,41,10,1,32,731,548,0,183
1997,"DAUPHIN",42043,1120,820,6,0,294,126,62,6,0,58,994,758,0,236
1998,"DAUPHIN",42043,1265,921,3,0,341,112,60,3,0,49,1153,861,0,292
1999,"DAUPHIN",42043,1094,787,6,0,301,92,52,6,0,34,1002,735,0,267
2000,"DAUPHIN",42043,1099,725,2,0,372,108,52,2,0,54,991,673,0,318
2001,"DAUPHIN",42043,1382,918,5,0,459,121,67,5,0,49,1261,851,0,410
2002,"DAUPHIN",42043,1437,895,10,0,532,68,33,10,0,25,1369,862,0,507
2003,"DAUPHIN",42043,1437,928,10,0,499,35,20,9,0,6,1402,908,1,493
1990,"DELAWARE",42045,910,408,17,0,485,47,30,16,0,1,863,378,1,484
1991,"DELAWARE",42045,1185,536,31,0,618,67,35,27,0,5,1118,501,4,613
1992,"DELAWARE",42045,1466,703,44,0,719,95,41,42,0,12,1371,662,2,707
1993,"DELAWARE",42045,1282,564,29,0,689,84,42,29,0,13,1198,522,0,676
1994,"DELAWARE",42045,1241,556,47,0,638,80,25,46,0,9,1161,531,1,629
1995,"DELAWARE",42045,1431,681,34,0,716,59,27,28,0,4,1372,654,6,712
1996,"DELAWARE",42045,1843,1017,28,0,798,49,24,23,0,2,1794,993,5,796
1997,"DELAWARE",42045,2117,1167,15,0,935,36,22,13,0,1,2081,1145,2,934
1998,"DELAWARE",42045,2200,1200,27,0,973,52,24,25,0,3,2148,1176,2,970
1999,"DELAWARE",42045,2118,1110,19,0,989,33,12,17,0,4,2085,1098,2,985
2000,"DELAWARE",42045,1982,1008,16,0,958,33,14,15,0,4,1949,994,1,954
2001,"DELAWARE",42045,2394,1325,6,0,1063,18,12,6,0,0,2376,1313,0,1063
2002,"DELAWARE",42045,2404,1202,14,0,1188,29,18,11,0,0,2375,1184,3,1188
2003,"DELAWARE",42045,2449,1226,8,0,1215,31,19,7,0,5,2418,1207,1,1210
1990,"ELK",42047,25,21,1,0,3,3,2,1,0,0,22,19,0,3
1991,"ELK",42047,30,21,4,0,5,3,0,3,0,0,27,21,1,5
1992,"ELK",42047,31,27,1,0,3,3,2,1,0,0,28,25,0,3
1993,"ELK",42047,17,14,0,0,3,3,2,0,0,1,14,12,0,2
1994,"ELK",42047,22,20,1,0,1,3,2,1,0,0,19,18,0,1
1995,"ELK",42047,26,20,2,2,2,7,4,0,2,1,19,16,2,1
1996,"ELK",42047,40,40,0,0,0,0,0,0,0,0,40,40,0,0
1997,"ELK",42047,46,45,0,0,1,1,1,0,0,0,45,44,0,1
1998,"ELK",42047,67,62,2,0,3,4,1,2,0,1,63,61,0,2
1999,"ELK",42047,76,73,0,0,3,2,2,0,0,0,74,71,0,3
2000,"ELK",42047,79,72,1,0,6,3,3,0,0,0,76,69,1,6
2001,"ELK",42047,99,94,2,0,3,3,1,2,0,0,96,93,0,3
2002,"ELK",42047,118,112,1,0,5,1,0,1,0,0,117,112,0,5
2003,"ELK",42047,117,113,2,0,2,7,4,2,0,1,110,109,0,1
1990,"ERIE",42049,468,418,20,0,30,53,33,19,0,1,415,385,1,29
1991,"ERIE",42049,477,428,14,1,34,24,10,13,1,0,453,418,1,34
1992,"ERIE",42049,433,379,10,0,44,19,9,9,0,1,414,370,1,43
1993,"ERIE",42049,418,337,11,1,69,41,23,10,1,7,377,314,1,62
1994,"ERIE",42049,394,338,9,2,45,29,15,9,2,3,365,323,0,42
1995,"ERIE",42049,441,387,6,1,47,37,24,6,1,6,404,363,0,41
1996,"ERIE",42049,590,529,4,0,57,20,15,3,0,2,570,514,1,55
1997,"ERIE",42049,781,698,5,0,78,26,15,5,0,6,755,683,0,72
1998,"ERIE",42049,899,813,3,1,82,26,20,3,1,2,873,793,0,80
1999,"ERIE",42049,784,689,2,1,92,29,23,2,1,3,755,666,0,89
2000,"ERIE",42049,787,676,6,3,102,27,18,4,3,2,760,658,2,100
2001,"ERIE",42049,932,818,17,0,97,34,15,16,0,3,898,803,1,94
2002,"ERIE",42049,1074,928,11,0,135,34,17,11,0,6,1040,911,0,129
2003,"ERIE",42049,1264,1080,19,0,165,27,8,19,0,0,1237,1072,0,165
1990,"FAYETTE",42051,211,199,4,0,8,13,8,4,0,1,198,191,0,7
1991,"FAYETTE",42051,277,257,11,1,8,13,3,8,1,1,264,254,3,7
1992,"FAYETTE",42051,289,269,9,1,10,19,7,9,1,2,270,262,0,8
1993,"FAYETTE",42051,186,170,3,0,13,12,9,3,0,0,174,161,0,13
1994,"FAYETTE",42051,216,192,7,0,17,19,13,6,0,0,197,179,1,17
1995,"FAYETTE",42051,255,234,4,0,17,20,16,3,0,1,235,218,1,16
1996,"FAYETTE",42051,320,299,4,1,16,18,11,3,1,3,302,288,1,13
1997,"FAYETTE",42051,477,459,7,0,11,24,17,7,0,0,453,442,0,11
1998,"FAYETTE",42051,523,510,5,0,8,21,16,4,0,1,502,494,1,7
1999,"FAYETTE",42051,499,478,1,0,20,8,7,1,0,0,491,471,0,20
2000,"FAYETTE",42051,517,488,3,0,26,10,7,3,0,0,507,481,0,26
2001,"FAYETTE",42051,664,616,5,0,43,14,10,4,0,0,650,606,1,43
2002,"FAYETTE",42051,731,667,4,0,60,21,14,4,0,3,710,653,0,57
2003,"FAYETTE",42051,878,766,4,2,106,27,16,4,2,5,851,750,0,101
1990,"FOREST",42053,4,4,0,0,0,0,0,0,0,0,4,4,0,0
1991,"FOREST",42053,4,3,0,0,1,0,0,0,0,0,4,3,0,1
1992,"FOREST",42053,6,5,0,0,1,0,0,0,0,0,6,5,0,1
1993,"FOREST",42053,5,4,0,0,1,0,0,0,0,0,5,4,0,1
1994,"FOREST",42053,8,8,0,0,0,1,1,0,0,0,7,7,0,0
1995,"FOREST",42053,6,6,0,0,0,0,0,0,0,0,6,6,0,0
1996,"FOREST",42053,10,10,0,0,0,0,0,0,0,0,10,10,0,0
1997,"FOREST",42053,12,12,0,0,0,1,1,0,0,0,11,11,0,0
1998,"FOREST",42053,15,14,0,0,1,0,0,0,0,0,15,14,0,1
1999,"FOREST",42053,14,10,0,2,2,2,0,0,2,0,12,10,0,2
2000,"FOREST",42053,19,17,0,1,1,1,0,0,1,0,18,17,0,1
2001,"FOREST",42053,18,14,1,0,3,1,0,1,0,0,17,14,0,3
2002,"FOREST",42053,21,19,0,0,2,0,0,0,0,0,21,19,0,2
2003,"FOREST",42053,26,25,0,0,1,1,1,0,0,0,25,24,0,1
1990,"FRANKLIN",42055,136,106,6,0,24,25,16,5,0,4,111,90,1,20
1991,"FRANKLIN",42055,204,159,17,1,27,40,19,15,1,5,164,140,2,22
1992,"FRANKLIN",42055,183,152,4,2,25,38,23,4,2,9,145,129,0,16
1993,"FRANKLIN",42055,149,108,8,0,33,32,13,8,0,11,117,95,0,22
1994,"FRANKLIN",42055,109,94,2,0,13,8,4,2,0,2,101,90,0,11
1995,"FRANKLIN",42055,157,129,0,1,27,21,12,0,1,8,136,117,0,19
1996,"FRANKLIN",42055,232,196,4,0,32,29,16,4,0,9,203,180,0,23
1997,"FRANKLIN",42055,314,283,3,3,25,36,25,3,3,5,278,258,0,20
1998,"FRANKLIN",42055,449,396,1,2,50,41,22,0,2,17,408,374,1,33
1999,"FRANKLIN",42055,370,314,2,1,53,45,34,2,1,8,325,280,0,45
2000,"FRANKLIN",42055,436,370,1,0,65,36,27,1,0,8,400,343,0,57
2001,"FRANKLIN",42055,523,422,13,0,88,54,28,13,0,13,469,394,0,75
2002,"FRANKLIN",42055,476,391,6,0,79,20,11,6,0,3,456,380,0,76
2003,"FRANKLIN",42055,550,444,2,0,104,12,9,2,0,1,538,435,0,103
1990,"FULTON",42057,13,12,0,0,1,1,1,0,0,0,12,11,0,1
1991,"FULTON",42057,24,15,2,0,7,6,1,2,0,3,18,14,0,4
1992,"FULTON",42057,15,11,1,0,3,3,0,1,0,2,12,11,0,1
1993,"FULTON",42057,14,11,0,0,3,2,1,0,0,1,12,10,0,2
1994,"FULTON",42057,15,12,0,0,3,3,3,0,0,0,12,9,0,3
1995,"FULTON",42057,20,13,1,0,6,2,0,1,0,1,18,13,0,5
1996,"FULTON",42057,29,25,0,0,4,3,3,0,0,0,26,22,0,4
1997,"FULTON",42057,32,30,0,0,2,3,3,0,0,0,29,27,0,2
1998,"FULTON",42057,41,36,0,0,5,4,3,0,0,1,37,33,0,4
1999,"FULTON",42057,30,20,0,0,10,3,3,0,0,0,27,17,0,10
2000,"FULTON",42057,33,27,0,0,6,2,1,0,0,1,31,26,0,5
2001,"FULTON",42057,51,47,0,0,4,6,5,0,0,1,45,42,0,3
2002,"FULTON",42057,54,44,0,0,10,1,1,0,0,0,53,43,0,10
2003,"FULTON",42057,55,49,0,0,6,2,2,0,0,0,53,47,0,6
1990,"GREENE",42059,62,60,2,0,0,6,4,2,0,0,56,56,0,0
1991,"GREENE",42059,76,73,3,0,0,2,1,1,0,0,74,72,2,0
1992,"GREENE",42059,55,53,1,0,1,3,2,1,0,0,52,51,0,1
1993,"GREENE",42059,58,53,0,0,5,3,3,0,0,0,55,50,0,5
1994,"GREENE",42059,49,45,0,0,4,1,0,0,0,1,48,45,0,3
1995,"GREENE",42059,71,64,2,0,5,8,6,2,0,0,63,58,0,5
1996,"GREENE",42059,90,86,0,0,4,2,1,0,0,1,88,85,0,3
1997,"GREENE",42059,129,127,0,0,2,3,3,0,0,0,126,124,0,2
1998,"GREENE",42059,169,163,0,0,6,2,2,0,0,0,167,161,0,6
1999,"GREENE",42059,127,123,0,0,4,1,1,0,0,0,126,122,0,4
2000,"GREENE",42059,154,149,0,0,5,0,0,0,0,0,154,149,0,5
2001,"GREENE",42059,163,152,1,0,10,3,2,1,0,0,160,150,0,10
2002,"GREENE",42059,176,173,1,0,2,1,0,1,0,0,175,173,0,2
2003,"GREENE",42059,198,187,0,0,11,6,4,0,0,2,192,183,0,9
1990,"HUNTINGDON",42061,52,44,0,0,8,9,7,0,0,2,43,37,0,6
1991,"HUNTINGDON",42061,55,48,1,0,6,13,8,1,0,4,42,40,0,2
1992,"HUNTINGDON",42061,62,57,0,0,5,11,9,0,0,2,51,48,0,3
1993,"HUNTINGDON",42061,41,34,2,0,5,14,8,2,0,4,27,26,0,1
1994,"HUNTINGDON",42061,34,26,2,1,5,8,4,1,1,2,26,22,1,3
1995,"HUNTINGDON",42061,61,56,1,0,4,11,8,1,0,2,50,48,0,2
1996,"HUNTINGDON",42061,62,56,0,0,6,10,9,0,0,1,52,47,0,5
1997,"HUNTINGDON",42061,102,90,1,0,11,10,6,1,0,3,92,84,0,8
1998,"HUNTINGDON",42061,90,70,0,0,20,12,8,0,0,4,78,62,0,16
1999,"HUNTINGDON",42061,102,89,2,0,11,15,9,2,0,4,87,80,0,7
2000,"HUNTINGDON",42061,88,74,2,0,12,17,11,1,0,5,71,63,1,7
2001,"HUNTINGDON",42061,120,99,1,0,20,16,10,1,0,5,104,89,0,15
2002,"HUNTINGDON",42061,126,101,0,0,25,14,8,0,0,6,112,93,0,19
2003,"HUNTINGDON",42061,154,133,0,0,21,2,1,0,0,1,152,132,0,20
1990,"INDIANA",42063,91,79,6,1,5,18,11,6,1,0,73,68,0,5
1991,"INDIANA",42063,103,93,2,2,6,9,4,2,2,1,94,89,0,5
1992,"INDIANA",42063,101,93,2,0,6,13,11,1,0,1,88,82,1,5
1993,"INDIANA",42063,80,70,4,0,6,13,9,4,0,0,67,61,0,6
1994,"INDIANA",42063,70,66,2,0,2,8,6,2,0,0,62,60,0,2
1995,"INDIANA",42063,83,74,4,0,5,6,2,4,0,0,77,72,0,5
1996,"INDIANA",42063,98,87,6,0,5,16,10,6,0,0,82,77,0,5
1997,"INDIANA",42063,173,164,1,1,7,12,10,1,1,0,161,154,0,7
1998,"INDIANA",42063,153,144,4,0,5,5,1,4,0,0,148,143,0,5
1999,"INDIANA",42063,154,142,1,1,10,5,3,1,1,0,149,139,0,10
2000,"INDIANA",42063,173,161,3,0,9,11,8,3,0,0,162,153,0,9
2001,"INDIANA",42063,208,195,2,0,11,9,7,2,0,0,199,188,0,11
2002,"INDIANA",42063,228,204,3,0,21,10,6,3,0,1,218,198,0,20
2003,"INDIANA",42063,238,202,1,0,35,2,2,0,0,0,236,200,1,35
1990,"JEFFERSON",42065,35,33,1,0,1,3,2,1,0,0,32,31,0,1
1991,"JEFFERSON",42065,37,35,0,0,2,0,0,0,0,0,37,35,0,2
1992,"JEFFERSON",42065,50,44,1,0,5,1,0,1,0,0,49,44,0,5
1993,"JEFFERSON",42065,45,39,1,0,5,4,2,1,0,1,41,37,0,4
1994,"JEFFERSON",42065,47,44,0,0,3,5,4,0,0,1,42,40,0,2
1995,"JEFFERSON",42065,59,57,0,1,1,2,1,0,1,0,57,56,0,1
1996,"JEFFERSON",42065,77,74,1,0,2,5,2,1,0,2,72,72,0,0
1997,"JEFFERSON",42065,104,103,0,0,1,3,3,0,0,0,101,100,0,1
1998,"JEFFERSON",42065,108,107,0,0,1,5,5,0,0,0,103,102,0,1
1999,"JEFFERSON",42065,116,112,0,0,4,5,5,0,0,0,111,107,0,4
2000,"JEFFERSON",42065,96,94,0,0,2,2,2,0,0,0,94,92,0,2
2001,"JEFFERSON",42065,150,148,0,0,2,2,2,0,0,0,148,146,0,2
2002,"JEFFERSON",42065,134,126,0,0,8,3,2,0,0,1,131,124,0,7
2003,"JEFFERSON",42065,166,147,0,0,19,4,3,0,0,1,162,144,0,18
1990,"JUNIATA",42067,28,23,0,0,5,3,2,0,0,1,25,21,0,4
1991,"JUNIATA",42067,46,38,3,0,5,17,13,3,0,1,29,25,0,4
1992,"JUNIATA",42067,36,28,1,1,6,7,3,1,1,2,29,25,0,4
1993,"JUNIATA",42067,25,20,2,0,3,6,4,1,0,1,19,16,1,2
1994,"JUNIATA",42067,23,16,2,0,5,9,4,2,0,3,14,12,0,2
1995,"JUNIATA",42067,33,25,0,0,8,5,4,0,0,1,28,21,0,7
1996,"JUNIATA",42067,55,46,0,0,9,10,7,0,0,3,45,39,0,6
1997,"JUNIATA",42067,59,50,1,0,8,7,5,1,0,1,52,45,0,7
1998,"JUNIATA",42067,69,61,0,0,8,6,6,0,0,0,63,55,0,8
1999,"JUNIATA",42067,63,51,0,0,12,1,0,0,0,1,62,51,0,11
2000,"JUNIATA",42067,66,55,0,0,11,7,6,0,0,1,59,49,0,10
2001,"JUNIATA",42067,70,60,0,0,10,6,5,0,0,1,64,55,0,9
2002,"JUNIATA",42067,79,57,0,0,22,3,2,0,0,1,76,55,0,21
2003,"JUNIATA",42067,95,77,0,0,18,2,2,0,0,0,93,75,0,18
1990,"LACKAWANNA",42069,231,200,21,0,10,42,19,20,0,3,189,181,1,7
1991,"LACKAWANNA",42069,289,267,12,0,10,39,25,12,0,2,250,242,0,8
1992,"LACKAWANNA",42069,348,324,11,0,13,30,18,11,0,1,318,306,0,12
1993,"LACKAWANNA",42069,240,215,9,0,16,36,22,9,0,5,204,193,0,11
1994,"LACKAWANNA",42069,206,184,9,0,13,33,23,9,0,1,173,161,0,12
1995,"LACKAWANNA",42069,289,261,15,0,13,35,19,15,0,1,254,242,0,12
1996,"LACKAWANNA",42069,372,354,6,0,12,34,25,6,0,3,338,329,0,9
1997,"LACKAWANNA",42069,517,475,11,0,31,43,27,10,0,6,474,448,1,25
1998,"LACKAWANNA",42069,594,543,2,0,49,26,21,2,0,3,568,522,0,46
1999,"LACKAWANNA",42069,608,526,0,0,82,12,11,0,0,1,596,515,0,81
2000,"LACKAWANNA",42069,554,467,2,0,85,11,8,2,0,1,543,459,0,84
2001,"LACKAWANNA",42069,599,536,2,0,61,14,11,2,0,1,585,525,0,60
2002,"LACKAWANNA",42069,623,520,3,0,100,23,16,3,0,4,600,504,0,96
2003,"LACKAWANNA",42069,717,608,5,0,104,17,12,5,0,0,700,596,0,104
1990,"LANCASTER",42071,519,462,13,0,44,38,26,11,0,1,481,436,2,43
1991,"LANCASTER",42071,663,571,24,0,68,57,34,21,0,2,606,537,3,66
1992,"LANCASTER",42071,763,666,24,0,73,59,34,21,0,4,704,632,3,69
1993,"LANCASTER",42071,656,570,12,0,74,77,58,12,0,7,579,512,0,67
1994,"LANCASTER",42071,552,453,9,1,89,54,36,9,1,8,498,417,0,81
1995,"LANCASTER",42071,628,531,12,1,84,45,26,12,1,6,583,505,0,78
1996,"LANCASTER",42071,1006,897,17,0,92,52,33,16,0,3,954,864,1,89
1997,"LANCASTER",42071,1522,1346,16,0,160,36,21,15,0,0,1486,1325,1,160
1998,"LANCASTER",42071,1589,1326,14,0,249,35,20,11,0,4,1554,1306,3,245
1999,"LANCASTER",42071,1280,1063,5,0,212,23,17,5,0,1,1257,1046,0,211
2000,"LANCASTER",42071,1251,999,12,1,239,22,7,11,1,3,1229,992,1,236
2001,"LANCASTER",42071,1608,1336,11,0,261,28,18,9,0,1,1580,1318,2,260
2002,"LANCASTER",42071,1789,1499,5,2,283,24,15,5,2,2,1765,1484,0,281
2003,"LANCASTER",42071,1888,1592,4,3,289,24,14,4,3,3,1864,1578,0,286
1990,"LAWRENCE",42073,118,97,11,0,10,18,7,10,0,1,100,90,1,9
1991,"LAWRENCE",42073,128,113,6,0,9,10,3,5,0,2,118,110,1,7
1992,"LAWRENCE",42073,190,164,3,0,23,16,12,3,0,1,174,152,0,22
1993,"LAWRENCE",42073,162,140,5,0,17,13,6,5,0,2,149,134,0,15
1994,"LAWRENCE",42073,164,148,4,0,12,17,12,4,0,1,147,136,0,11
1995,"LAWRENCE",42073,173,157,5,0,11,11,4,5,0,2,162,153,0,9
1996,"LAWRENCE",42073,231,208,4,2,17,16,9,4,2,1,215,199,0,16
1997,"LAWRENCE",42073,269,255,1,0,13,7,5,1,0,1,262,250,0,12
1998,"LAWRENCE",42073,293,267,8,0,18,15,7,8,0,0,278,260,0,18
1999,"LAWRENCE",42073,285,263,2,0,20,2,2,0,0,0,283,261,2,20
2000,"LAWRENCE",42073,297,263,3,2,29,12,7,3,2,0,285,256,0,29
2001,"LAWRENCE",42073,338,305,3,0,30,6,4,2,0,0,332,301,1,30
2002,"LAWRENCE",42073,442,373,6,0,63,16,10,5,0,1,426,363,1,62
2003,"LAWRENCE",42073,493,422,5,0,66,8,3,5,0,0,485,419,0,66
1990,"LEBANON",42075,133,104,7,0,22,25,14,7,0,4,108,90,0,18
1991,"LEBANON",42075,206,181,6,0,19,32,22,6,0,4,174,159,0,15
1992,"LEBANON",42075,181,148,5,0,28,25,14,5,0,6,156,134,0,22
1993,"LEBANON",42075,119,94,3,0,22,17,10,3,0,4,102,84,0,18
1994,"LEBANON",42075,120,99,5,0,16,17,6,5,0,6,103,93,0,10
1995,"LEBANON",42075,140,117,2,1,20,20,12,2,1,5,120,105,0,15
1996,"LEBANON",42075,190,154,3,0,33,19,9,3,0,7,171,145,0,26
1997,"LEBANON",42075,349,284,4,0,61,34,12,3,0,19,315,272,1,42
1998,"LEBANON",42075,410,354,2,0,54,38,28,2,0,8,372,326,0,46
1999,"LEBANON",42075,395,340,4,0,51,40,33,4,0,3,355,307,0,48
2000,"LEBANON",42075,326,268,0,0,58,37,27,0,0,10,289,241,0,48
2001,"LEBANON",42075,430,363,0,0,67,40,27,0,0,13,390,336,0,54
2002,"LEBANON",42075,475,385,5,0,85,22,13,5,0,4,453,372,0,81
2003,"LEBANON",42075,559,459,2,0,98,5,3,2,0,0,554,456,0,98
1990,"LEHIGH",42077,455,373,16,0,66,25,9,14,0,2,430,364,2,64
1991,"LEHIGH",42077,624,503,18,0,103,39,18,16,0,5,585,485,2,98
1992,"LEHIGH",42077,677,530,28,0,119,66,31,27,0,8,611,499,1,111
1993,"LEHIGH",42077,603,452,15,0,136,62,31,15,0,16,541,421,0,120
1994,"LEHIGH",42077,574,430,21,0,123,62,27,20,0,15,512,403,1,108
1995,"LEHIGH",42077,726,558,17,1,150,32,11,14,1,6,694,547,3,144
1996,"LEHIGH",42077,1055,835,5,1,214,28,15,4,1,8,1027,820,1,206
1997,"LEHIGH",42077,1312,1080,4,0,228,22,13,3,0,6,1290,1067,1,222
1998,"LEHIGH",42077,1383,1143,2,0,238,7,4,2,0,1,1376,1139,0,237
1999,"LEHIGH",42077,1272,982,10,0,280,19,8,10,0,1,1253,974,0,279
2000,"LEHIGH",42077,1282,986,10,0,286,10,2,7,0,1,1272,984,3,285
2001,"LEHIGH",42077,1427,1078,13,1,335,24,10,12,1,1,1403,1068,1,334
2002,"LEHIGH",42077,1523,1134,11,0,378,18,5,11,0,2,1505,1129,0,376
2003,"LEHIGH",42077,1655,1219,3,0,433,20,14,3,0,3,1635,1205,0,430
1990,"LUZERNE",42079,380,313,30,0,37,45,15,28,0,2,335,298,2,35
1991,"LUZERNE",42079,487,412,47,0,28,82,33,47,0,2,405,379,0,26
1992,"LUZERNE",42079,458,391,30,0,37,66,33,29,0,4,392,358,1,33
1993,"LUZERNE",42079,469,385,22,0,62,77,42,19,0,16,392,343,3,46
1994,"LUZERNE",42079,383,327,13,0,43,60,39,12,0,9,323,288,1,34
1995,"LUZERNE",42079,555,473,16,1,65,68,37,16,1,14,487,436,0,51
1996,"LUZERNE",42079,757,666,11,0,80,69,39,11,0,19,688,627,0,61
1997,"LUZERNE",42079,945,827,12,1,105,66,38,12,1,15,879,789,0,90
1998,"LUZERNE",42079,1098,978,7,0,113,43,29,5,0,9,1055,949,2,104
1999,"LUZERNE",42079,1122,922,10,0,190,37,21,9,0,7,1085,901,1,183
2000,"LUZERNE",42079,1081,866,12,0,203,32,14,12,0,6,1049,852,0,197
2001,"LUZERNE",42079,1213,1003,9,0,201,34,19,9,0,6,1179,984,0,195
2002,"LUZERNE",42079,1291,1049,9,0,233,37,20,9,0,8,1254,1029,0,225
2003,"LUZERNE",42079,1414,1095,3,1,315,30,15,3,1,11,1384,1080,0,304
1990,"LYCOMING",42081,135,123,2,1,9,14,7,2,1,4,121,116,0,5
1991,"LYCOMING",42081,137,122,6,0,9,14,7,6,0,1,123,115,0,8
1992,"LYCOMING",42081,131,121,4,0,6,15,10,4,0,1,116,111,0,5
1993,"LYCOMING",42081,123,102,5,2,14,23,8,5,2,8,100,94,0,6
1994,"LYCOMING",42081,127,107,5,1,14,21,10,4,1,6,106,97,1,8
1995,"LYCOMING",42081,156,134,3,0,19,26,16,3,0,7,130,118,0,12
1996,"LYCOMING",42081,172,155,1,0,16,18,11,1,0,6,154,144,0,10
1997,"LYCOMING",42081,306,283,4,0,19,17,6,3,0,8,289,277,1,11
1998,"LYCOMING",42081,329,297,6,0,26,23,12,5,0,6,306,285,1,20
1999,"LYCOMING",42081,328,288,0,0,40,7,5,0,0,2,321,283,0,38
2000,"LYCOMING",42081,335,307,0,0,28,14,13,0,0,1,321,294,0,27
2001,"LYCOMING",42081,367,330,1,0,36,8,6,1,0,1,359,324,0,35
2002,"LYCOMING",42081,338,307,0,0,31,7,7,0,0,0,331,300,0,31
2003,"LYCOMING",42081,395,353,0,0,42,10,7,0,0,3,385,346,0,39
1990,"MC KEAN",42083,66,58,4,0,4,9,4,4,0,1,57,54,0,3
1991,"MCKEAN",42083,60,54,0,0,6,1,1,0,0,0,59,53,0,6
1992,"MCKEAN",42083,66,59,4,0,3,4,1,3,0,0,62,58,1,3
1993,"MCKEAN",42083,49,44,2,0,3,3,2,1,0,0,46,42,1,3
1994,"MCKEAN",42083,57,55,1,0,1,3,2,1,0,0,54,53,0,1
1995,"MCKEAN",42083,78,76,0,0,2,5,4,0,0,1,73,72,0,1
1996,"MCKEAN",42083,95,91,1,0,3,4,3,1,0,0,91,88,0,3
1997,"MCKEAN",42083,151,145,1,1,4,6,4,1,1,0,145,141,0,4
1998,"MCKEAN",42083,171,161,1,0,9,3,2,0,0,1,168,159,1,8
1999,"MC KEAN",42083,113,105,0,0,8,1,1,0,0,0,112,104,0,8
2000,"MCKEAN",42083,119,114,0,0,5,0,0,0,0,0,119,114,0,5
2001,"MCKEAN",42083,140,133,1,0,6,3,1,1,0,1,137,132,0,5
2002,"MCKEAN",42083,136,132,0,0,4,3,3,0,0,0,133,129,0,4
2003,"MCKEAN",42083,187,176,3,0,8,4,1,3,0,0,183,175,0,8
1990,"MERCER",42085,142,135,6,0,1,17,10,6,0,1,125,125,0,0
1991,"MERCER",42085,143,135,2,0,6,5,3,2,0,0,138,132,0,6
1992,"MERCER",42085,197,183,5,0,9,10,5,3,0,2,187,178,2,7
1993,"MERCER",42085,193,183,3,0,7,18,16,2,0,0,175,167,1,7
1994,"MERCER",42085,152,127,5,1,19,11,4,4,1,2,141,123,1,17
1995,"MERCER",42085,193,179,0,3,11,15,11,0,3,1,178,168,0,10
1996,"MERCER",42085,270,251,1,1,17,15,12,1,1,1,255,239,0,16
1997,"MERCER",42085,350,329,3,0,18,13,11,1,0,1,337,318,2,17
1998,"MERCER",42085,376,357,4,0,15,13,7,4,0,2,363,350,0,13
1999,"MERCER",42085,374,359,4,1,10,12,7,4,1,0,362,352,0,10
2000,"MERCER",42085,399,380,3,0,16,7,4,1,0,2,392,376,2,14
2001,"MERCER",42085,452,425,4,0,23,6,3,3,0,0,446,422,1,23
2002,"MERCER",42085,497,470,1,0,26,15,13,1,0,1,482,457,0,25
2003,"MERCER",42085,519,477,2,0,40,7,4,2,0,1,512,473,0,39
1990,"MIFFLIN",42087,53,43,4,0,6,10,6,4,0,0,43,37,0,6
1991,"MIFFLIN",42087,56,49,0,0,7,11,10,0,0,1,45,39,0,6
1992,"MIFFLIN",42087,63,52,3,2,6,13,7,3,2,1,50,45,0,5
1993,"MIFFLIN",42087,57,43,4,2,8,11,4,3,2,2,46,39,1,6
1994,"MIFFLIN",42087,51,46,2,0,3,9,5,2,0,2,42,41,0,1
1995,"MIFFLIN",42087,74,68,1,0,5,6,2,1,0,3,68,66,0,2
1996,"MIFFLIN",42087,111,97,2,0,12,16,8,2,0,6,95,89,0,6
1997,"MIFFLIN",42087,154,138,3,0,13,17,10,3,0,4,137,128,0,9
1998,"MIFFLIN",42087,165,140,1,0,24,13,7,1,0,5,152,133,0,19
1999,"MIFFLIN",42087,147,125,2,0,20,15,7,2,0,6,132,118,0,14
2000,"MIFFLIN",42087,141,117,0,1,23,14,7,0,1,6,127,110,0,17
2001,"MIFFLIN",42087,218,182,5,0,31,14,6,4,0,4,204,176,1,27
2002,"MIFFLIN",42087,205,156,3,0,46,7,3,3,0,1,198,153,0,45
2003,"MIFFLIN",42087,238,190,1,0,47,6,4,1,0,1,232,186,0,46
1990,"MONROE",42089,213,156,19,0,38,46,22,19,0,5,167,134,0,33
1991,"MONROE",42089,385,300,21,0,64,59,34,16,0,9,326,266,5,55
1992,"MONROE",42089,424,332,41,0,51,73,31,34,0,8,351,301,7,43
1993,"MONROE",42089,394,281,30,0,83,73,30,27,0,16,321,251,3,67
1994,"MONROE",42089,325,238,14,0,73,42,26,12,0,4,283,212,2,69
1995,"MONROE",42089,439,319,8,0,112,54,32,7,0,15,385,287,1,97
1996,"MONROE",42089,563,434,5,0,124,41,28,5,0,8,522,406,0,116
1997,"MONROE",42089,748,589,11,0,148,54,29,8,0,17,694,560,3,131
1998,"MONROE",42089,837,645,6,0,186,31,18,6,0,7,806,627,0,179
1999,"MONROE",42089,762,528,8,0,226,34,24,8,0,2,728,504,0,224
2000,"MONROE",42089,713,484,7,0,222,23,16,6,0,1,690,468,1,221
2001,"MONROE",42089,887,573,4,0,310,24,18,4,0,2,863,555,0,308
2002,"MONROE",42089,931,575,6,0,350,24,15,6,0,3,907,560,0,347
2003,"MONROE",42089,1093,674,6,0,413,19,12,4,0,3,1074,662,2,410
1990,"MONTGOMERY",42091,842,552,45,0,245,89,42,40,0,7,753,510,5,238
1991,"MONTGOMERY",42091,1229,748,141,0,340,188,46,135,0,7,1041,702,6,333
1992,"MONTGOMERY",42091,1365,891,98,0,376,192,84,92,0,16,1173,807,6,360
1993,"MONTGOMERY",42091,1250,731,84,0,435,175,77,80,0,18,1075,654,4,417
1994,"MONTGOMERY",42091,1225,704,79,0,442,155,58,77,0,20,1070,646,2,422
1995,"MONTGOMERY",42091,1495,959,59,0,477,101,43,50,0,8,1394,916,9,469
1996,"MONTGOMERY",42091,1846,1160,45,2,639,97,53,37,2,5,1749,1107,8,634
1997,"MONTGOMERY",42091,2486,1597,53,1,835,93,45,45,1,2,2393,1552,8,833
1998,"MONTGOMERY",42091,2533,1687,24,0,822,72,48,20,0,4,2461,1639,4,818
1999,"MONTGOMERY",42091,2261,1460,24,1,776,62,37,21,1,3,2199,1423,3,773
2000,"MONTGOMERY",42091,2288,1394,31,0,863,73,47,26,0,0,2215,1347,5,863
2001,"MONTGOMERY",42091,2492,1563,35,0,894,65,30,32,0,3,2427,1533,3,891
2002,"MONTGOMERY",42091,2573,1581,16,0,976,58,39,15,0,4,2515,1542,1,972
2003,"MONTGOMERY",42091,2658,1558,26,0,1074,48,26,20,0,2,2610,1532,6,1072
1990,"MONTOUR",42093,18,14,0,0,4,0,0,0,0,0,18,14,0,4
1991,"MONTOUR",42093,32,26,0,0,6,5,5,0,0,0,27,21,0,6
1992,"MONTOUR",42093,23,17,2,0,4,4,1,2,0,1,19,16,0,3
1993,"MONTOUR",42093,26,21,0,0,5,2,1,0,0,1,24,20,0,4
1994,"MONTOUR",42093,15,14,0,0,1,0,0,0,0,0,15,14,0,1
1995,"MONTOUR",42093,30,24,0,0,6,3,2,0,0,1,27,22,0,5
1996,"MONTOUR",42093,33,25,0,0,8,4,1,0,0,3,29,24,0,5
1997,"MONTOUR",42093,61,56,0,0,5,2,2,0,0,0,59,54,0,5
1998,"MONTOUR",42093,46,36,1,0,9,6,2,1,0,3,40,34,0,6
1999,"MONTOUR",42093,34,31,0,0,3,1,1,0,0,0,33,30,0,3
2000,"MONTOUR",42093,55,40,0,0,15,7,3,0,0,4,48,37,0,11
2001,"MONTOUR",42093,44,30,0,0,14,7,1,0,0,6,37,29,0,8
2002,"MONTOUR",42093,58,46,0,0,12,3,3,0,0,0,55,43,0,12
2003,"MONTOUR",42093,64,46,0,0,18,1,0,0,0,1,63,46,0,17
1990,"NORTHAMPTON",42095,376,310,12,0,54,23,10,10,0,3,353,300,2,51
1991,"NORTHAMPTON",42095,539,427,20,2,90,39,14,17,2,6,500,413,3,84
1992,"NORTHAMPTON",42095,520,398,8,0,114,56,36,8,0,12,464,362,0,102
1993,"NORTHAMPTON",42095,474,352,17,1,104,49,23,17,1,8,425,329,0,96
1994,"NORTHAMPTON",42095,473,349,14,0,110,47,23,14,0,10,426,326,0,100
1995,"NORTHAMPTON",42095,571,441,6,1,123,21,11,6,1,3,550,430,0,120
1996,"NORTHAMPTON",42095,895,696,6,0,193,15,9,4,0,2,880,687,2,191
1997,"NORTHAMPTON",42095,1107,875,9,2,221,26,11,8,2,5,1081,864,1,216
1998,"NORTHAMPTON",42095,1189,906,10,1,272,22,9,9,1,3,1167,897,1,269
1999,"NORTHAMPTON",42095,1074,810,8,1,255,13,6,6,1,0,1061,804,2,255
2000,"NORTHAMPTON",42095,1029,737,6,0,286,10,5,5,0,0,1019,732,1,286
2001,"NORTHAMPTON",42095,1245,909,8,0,328,11,4,7,0,0,1234,905,1,328
2002,"NORTHAMPTON",42095,1176,877,1,0,298,4,3,1,0,0,1172,874,0,298
2003,"NORTHAMPTON",42095,1287,918,10,0,359,18,5,9,0,4,1269,913,1,355
1990,"NORTHUMBERLAND",42097,114,100,3,2,9,15,10,3,2,0,99,90,0,9
1991,"NORTHUMBERLAND",42097,187,172,3,0,12,33,25,3,0,5,154,147,0,7
1992,"NORTHUMBERLAND",42097,130,119,4,0,7,14,8,4,0,2,116,111,0,5
1993,"NORTHUMBERLAND",42097,136,120,3,0,13,14,7,3,0,4,122,113,0,9
1994,"NORTHUMBERLAND",42097,103,86,5,1,11,11,4,5,1,1,92,82,0,10
1995,"NORTHUMBERLAND",42097,134,118,3,0,13,12,5,3,0,4,122,113,0,9
1996,"NORTHUMBERLAND",42097,194,165,5,0,24,27,14,5,0,8,167,151,0,16
1997,"NORTHUMBERLAND",42097,285,260,1,0,24,25,22,1,0,2,260,238,0,22
1998,"NORTHUMBERLAND",42097,325,303,0,0,22,36,29,0,0,7,289,274,0,15
1999,"NORTHUMBERLAND",42097,301,266,0,0,35,19,9,0,0,10,282,257,0,25
2000,"NORTHUMBERLAND",42097,327,282,1,0,44,27,22,1,0,4,300,260,0,40
2001,"NORTHUMBERLAND",42097,359,298,0,0,61,32,27,0,0,5,327,271,0,56
2002,"NORTHUMBERLAND",42097,340,286,1,0,53,11,9,1,0,1,329,277,0,52
2003,"NORTHUMBERLAND",42097,417,328,1,0,88,5,2,1,0,2,412,326,0,86
1990,"PERRY",42099,83,67,1,0,15,8,4,1,0,3,75,63,0,12
1991,"PERRY",42099,86,60,1,1,24,15,9,1,1,4,71,51,0,20
1992,"PERRY",42099,117,82,3,0,32,16,6,3,0,7,101,76,0,25
1993,"PERRY",42099,101,71,1,0,29,17,7,1,0,9,84,64,0,20
1994,"PERRY",42099,87,55,0,2,30,18,10,0,2,6,69,45,0,24
1995,"PERRY",42099,70,53,0,0,17,6,3,0,0,3,64,50,0,14
1996,"PERRY",42099,110,89,0,0,21,6,3,0,0,3,104,86,0,18
1997,"PERRY",42099,190,149,0,0,41,16,12,0,0,4,174,137,0,37
1998,"PERRY",42099,189,155,0,0,34,15,7,0,0,8,174,148,0,26
1999,"PERRY",42099,168,127,1,0,40,13,3,1,0,9,155,124,0,31
2000,"PERRY",42099,202,152,1,0,49,18,12,1,0,5,184,140,0,44
2001,"PERRY",42099,205,132,0,0,73,15,6,0,0,9,190,126,0,64
2002,"PERRY",42099,207,133,0,0,74,10,8,0,0,2,197,125,0,72
2003,"PERRY",42099,224,142,0,0,82,1,1,0,0,0,223,141,0,82
1990,"PHILADELPHIA",42101,3829,1316,177,0,2336,225,62,156,0,7,3604,1254,21,2329
1991,"PHILADELPHIA",42101,4866,1839,207,0,2820,304,89,200,0,15,4562,1750,7,2805
1992,"PHILADELPHIA",42101,5096,1942,184,0,2970,331,113,182,0,36,4765,1829,2,2934
1993,"PHILADELPHIA",42101,4440,1738,138,0,2564,244,73,136,0,35,4196,1665,2,2529
1994,"PHILADELPHIA",42101,4350,1769,106,0,2475,215,88,104,0,23,4135,1681,2,2452
1995,"PHILADELPHIA",42101,5161,2194,109,0,2858,178,70,97,0,11,4983,2124,12,2847
1996,"PHILADELPHIA",42101,6262,2883,116,0,3263,190,70,106,0,14,6072,2813,10,3249
1997,"PHILADELPHIA",42101,7694,3620,126,0,3948,188,58,123,0,7,7506,3562,3,3941
1998,"PHILADELPHIA",42101,8261,3852,53,0,4356,108,51,51,0,6,8153,3801,2,4350
1999,"PHILADELPHIA",42101,8380,3505,46,0,4829,90,42,44,0,4,8290,3463,2,4825
2000,"PHILADELPHIA",42101,8446,3292,78,0,5076,121,38,72,0,11,8325,3254,6,5065
2001,"PHILADELPHIA",42101,9335,4005,42,0,5288,115,69,40,0,6,9220,3936,2,5282
2002,"PHILADELPHIA",42101,9747,3766,37,0,5944,100,53,35,0,12,9647,3713,2,5932
2003,"PHILADELPHIA",42101,10064,3964,43,0,6056,81,32,40,0,9,9983,3932,3,6047
1990,"PIKE",42103,55,41,6,0,8,11,5,6,0,0,44,36,0,8
1991,"PIKE",42103,87,62,5,0,20,15,9,5,0,1,72,53,0,19
1992,"PIKE",42103,150,107,8,0,35,21,8,8,0,5,129,99,0,30
1993,"PIKE",42103,154,102,6,0,46,19,10,4,0,5,135,92,2,41
1994,"PIKE",42103,123,83,5,0,35,13,9,4,0,0,110,74,1,35
1995,"PIKE",42103,139,98,0,0,41,12,6,0,0,6,127,92,0,35
1996,"PIKE",42103,178,134,2,0,42,15,9,1,0,5,163,125,1,37
1997,"PIKE",42103,233,178,1,0,54,9,4,1,0,4,224,174,0,50
1998,"PIKE",42103,213,172,1,0,40,11,9,1,0,1,202,163,0,39
1999,"PIKE",42103,246,182,0,0,64,3,3,0,0,0,243,179,0,64
2000,"PIKE",42103,230,148,2,0,80,3,2,1,0,0,227,146,1,80
2001,"PIKE",42103,222,159,1,0,62,3,1,1,0,1,219,158,0,61
2002,"PIKE",42103,264,172,2,0,90,4,2,2,0,0,260,170,0,90
2003,"PIKE",42103,288,170,0,0,118,1,1,0,0,0,287,169,0,118
1990,"POTTER",42105,17,11,1,0,5,2,1,1,0,0,15,10,0,5
1991,"POTTER",42105,22,20,0,0,2,1,1,0,0,0,21,19,0,2
1992,"POTTER",42105,19,16,1,0,2,2,1,1,0,0,17,15,0,2
1993,"POTTER",42105,16,11,0,0,5,2,2,0,0,0,14,9,0,5
1994,"POTTER",42105,10,8,0,0,2,2,1,0,0,1,8,7,0,1
1995,"POTTER",42105,18,16,0,0,2,3,2,0,0,1,15,14,0,1
1996,"POTTER",42105,33,28,0,0,5,3,2,0,0,1,30,26,0,4
1997,"POTTER",42105,51,46,0,0,5,6,4,0,0,2,45,42,0,3
1998,"POTTER",42105,40,33,0,0,7,5,1,0,0,4,35,32,0,3
1999,"POTTER",42105,28,23,0,0,5,1,1,0,0,0,27,22,0,5
2000,"POTTER",42105,38,33,0,0,5,1,1,0,0,0,37,32,0,5
2001,"POTTER",42105,39,37,0,0,2,0,0,0,0,0,39,37,0,2
2002,"POTTER",42105,64,52,0,0,12,6,3,0,0,3,58,49,0,9
2003,"POTTER",42105,69,60,0,0,9,2,0,0,0,2,67,60,0,7
1990,"SCHUYLKILL",42107,184,168,8,0,8,16,6,8,0,2,168,162,0,6
1991,"SCHUYLKILL",42107,226,200,6,0,20,18,10,6,0,2,208,190,0,18
1992,"SCHUYLKILL",42107,296,280,9,0,7,28,18,9,0,1,268,262,0,6
1993,"SCHUYLKILL",42107,210,191,2,0,17,19,14,2,0,3,191,177,0,14
1994,"SCHUYLKILL",42107,207,189,5,0,13,14,7,5,0,2,193,182,0,11
1995,"SCHUYLKILL",42107,273,257,1,0,15,9,6,1,0,2,264,251,0,13
1996,"SCHUYLKILL",42107,403,376,1,0,26,8,6,1,0,1,395,370,0,25
1997,"SCHUYLKILL",42107,550,513,4,0,33,9,4,4,0,1,541,509,0,32
1998,"SCHUYLKILL",42107,623,576,1,0,46,3,1,1,0,1,620,575,0,45
1999,"SCHUYLKILL",42107,589,521,6,0,62,17,11,6,0,0,572,510,0,62
2000,"SCHUYLKILL",42107,625,551,0,0,74,12,11,0,0,1,613,540,0,73
2001,"SCHUYLKILL",42107,675,564,16,0,95,31,14,15,0,2,644,550,1,93
2002,"SCHUYLKILL",42107,672,568,2,0,102,17,12,0,0,5,655,556,2,97
2003,"SCHUYLKILL",42107,730,605,5,0,120,17,7,5,0,5,713,598,0,115
1990,"SNYDER",42109,32,25,0,0,7,5,2,0,0,3,27,23,0,4
1991,"SNYDER",42109,43,39,1,0,3,8,5,1,0,2,35,34,0,1
1992,"SNYDER",42109,40,35,1,0,4,9,8,1,0,0,31,27,0,4
1993,"SNYDER",42109,34,25,4,0,5,9,3,4,0,2,25,22,0,3
1994,"SNYDER",42109,24,22,0,0,2,8,7,0,0,1,16,15,0,1
1995,"SNYDER",42109,48,42,0,3,3,6,3,0,3,0,42,39,0,3
1996,"SNYDER",42109,66,58,2,0,6,8,4,2,0,2,58,54,0,4
1997,"SNYDER",42109,106,101,1,0,4,19,17,1,0,1,87,84,0,3
1998,"SNYDER",42109,81,68,1,0,12,16,10,1,0,5,65,58,0,7
1999,"SNYDER",42109,85,71,0,0,14,18,11,0,0,7,67,60,0,7
2000,"SNYDER",42109,85,70,0,0,15,13,10,0,0,3,72,60,0,12
2001,"SNYDER",42109,105,90,0,0,15,12,7,0,0,5,93,83,0,10
2002,"SNYDER",42109,106,90,0,0,16,9,7,0,0,2,97,83,0,14
2003,"SNYDER",42109,124,106,0,0,18,2,2,0,0,0,122,104,0,18
1990,"SOMERSET",42111,56,53,0,0,3,6,5,0,0,1,50,48,0,2
1991,"SOMERSET",42111,66,56,4,0,6,7,3,4,0,0,59,53,0,6
1992,"SOMERSET",42111,84,80,1,0,3,10,8,1,0,1,74,72,0,2
1993,"SOMERSET",42111,60,55,2,0,3,12,10,2,0,0,48,45,0,3
1994,"SOMERSET",42111,52,47,3,0,2,7,3,3,0,1,45,44,0,1
1995,"SOMERSET",42111,92,82,3,1,6,7,5,1,1,0,85,77,2,6
1996,"SOMERSET",42111,106,105,0,0,1,4,4,0,0,0,102,101,0,1
1997,"SOMERSET",42111,177,163,4,0,10,6,2,3,0,1,171,161,1,9
1998,"SOMERSET",42111,206,191,2,0,13,4,3,1,0,0,202,188,1,13
1999,"SOMERSET",42111,192,179,1,0,12,6,5,1,0,0,186,174,0,12
2000,"SOMERSET",42111,191,184,2,0,5,7,5,2,0,0,184,179,0,5
2001,"SOMERSET",42111,222,203,3,0,16,4,2,2,0,0,218,201,1,16
2002,"SOMERSET",42111,271,253,2,1,15,8,4,2,1,1,263,249,0,14
2003,"SOMERSET",42111,279,250,4,1,24,10,5,4,1,0,269,245,0,24
1990,"SULLIVAN",42113,1,1,0,0,0,0,0,0,0,0,1,1,0,0
1991,"SULLIVAN",42113,2,1,0,0,1,1,1,0,0,0,1,0,0,1
1992,"SULLIVAN",42113,6,6,0,0,0,2,2,0,0,0,4,4,0,0
1993,"SULLIVAN",42113,3,2,0,0,1,1,1,0,0,0,2,1,0,1
1994,"SULLIVAN",42113,1,1,0,0,0,0,0,0,0,0,1,1,0,0
1995,"SULLIVAN",42113,1,1,0,0,0,0,0,0,0,0,1,1,0,0
1996,"SULLIVAN",42113,4,3,0,0,1,0,0,0,0,0,4,3,0,1
1997,"SULLIVAN",42113,12,9,0,1,2,1,0,0,1,0,11,9,0,2
1998,"SULLIVAN",42113,13,11,1,0,1,2,1,1,0,0,11,10,0,1
1999,"SULLIVAN",42113,12,7,1,0,4,1,0,1,0,0,11,7,0,4
2000,"SULLIVAN",42113,7,5,1,0,1,4,2,1,0,1,3,3,0,0
2001,"SULLIVAN",42113,11,10,0,0,1,0,0,0,0,0,11,10,0,1
2002,"SULLIVAN",42113,12,10,1,0,1,1,0,1,0,0,11,10,0,1
2003,"SULLIVAN",42113,12,8,0,0,4,0,0,0,0,0,12,8,0,4
1990,"SUSQUEHANNA",42115,35,26,1,0,8,7,5,1,0,1,28,21,0,7
1991,"SUSQUEHANNA",42115,54,46,2,0,6,6,3,2,0,1,48,43,0,5
1992,"SUSQUEHANNA",42115,53,49,2,0,2,3,3,0,0,0,50,46,2,2
1993,"SUSQUEHANNA",42115,40,37,0,0,3,4,3,0,0,1,36,34,0,2
1994,"SUSQUEHANNA",42115,48,44,2,0,2,8,5,2,0,1,40,39,0,1
1995,"SUSQUEHANNA",42115,44,35,0,0,9,8,5,0,0,3,36,30,0,6
1996,"SUSQUEHANNA",42115,70,60,1,0,9,8,4,1,0,3,62,56,0,6
1997,"SUSQUEHANNA",42115,96,90,0,0,6,4,3,0,0,1,92,87,0,5
1998,"SUSQUEHANNA",42115,92,80,0,0,12,6,6,0,0,0,86,74,0,12
1999,"SUSQUEHANNA",42115,94,83,1,0,10,3,1,1,0,1,91,82,0,9
2000,"SUSQUEHANNA",42115,100,82,0,0,18,8,8,0,0,0,92,74,0,18
2001,"SUSQUEHANNA",42115,129,110,1,0,18,4,3,1,0,0,125,107,0,18
2002,"SUSQUEHANNA",42115,113,95,1,0,17,2,0,1,0,1,111,95,0,16
2003,"SUSQUEHANNA",42115,119,96,0,0,23,0,0,0,0,0,119,96,0,23
1990,"TIOGA",42117,29,24,0,0,5,1,0,0,0,1,28,24,0,4
1991,"TIOGA",42117,38,29,1,0,8,4,1,1,0,2,34,28,0,6
1992,"TIOGA",42117,41,37,1,0,3,5,5,0,0,0,36,32,1,3
1993,"TIOGA",42117,40,35,1,0,4,3,3,0,0,0,37,32,1,4
1994,"TIOGA",42117,42,36,0,0,6,5,3,0,0,2,37,33,0,4
1995,"TIOGA",42117,67,61,0,0,6,7,5,0,0,2,60,56,0,4
1996,"TIOGA",42117,79,66,1,0,12,14,11,1,0,2,65,55,0,10
1997,"TIOGA",42117,98,87,1,0,10,11,6,1,0,4,87,81,0,6
1998,"TIOGA",42117,100,96,0,0,4,4,3,0,0,1,96,93,0,3
1999,"TIOGA",42117,113,102,0,0,11,3,2,0,0,1,110,100,0,10
2000,"TIOGA",42117,93,85,0,0,8,4,4,0,0,0,89,81,0,8
2001,"TIOGA",42117,127,111,0,0,16,4,4,0,0,0,123,107,0,16
2002,"TIOGA",42117,132,120,0,0,12,1,1,0,0,0,131,119,0,12
2003,"TIOGA",42117,157,137,0,0,20,2,2,0,0,0,155,135,0,20
1990,"UNION",42119,29,25,0,0,4,3,3,0,0,0,26,22,0,4
1991,"UNION",42119,24,16,2,1,5,7,2,2,1,2,17,14,0,3
1992,"UNION",42119,34,33,1,0,0,4,3,1,0,0,30,30,0,0
1993,"UNION",42119,32,32,0,0,0,2,2,0,0,0,30,30,0,0
1994,"UNION",42119,20,19,0,0,1,1,1,0,0,0,19,18,0,1
1995,"UNION",42119,24,21,2,0,1,4,3,1,0,0,20,18,1,1
1996,"UNION",42119,53,46,1,0,6,8,3,1,0,4,45,43,0,2
1997,"UNION",42119,68,64,0,0,4,4,4,0,0,0,64,60,0,4
1998,"UNION",42119,95,87,0,0,8,11,9,0,0,2,84,78,0,6
1999,"UNION",42119,64,59,0,0,5,6,5,0,0,1,58,54,0,4
2000,"UNION",42119,83,69,0,0,14,5,2,0,0,3,78,67,0,11
2001,"UNION",42119,89,78,0,0,11,12,10,0,0,2,77,68,0,9
2002,"UNION",42119,85,71,0,0,14,2,1,0,0,1,83,70,0,13
2003,"UNION",42119,117,94,0,0,23,3,1,0,0,2,114,93,0,21
1990,"VENANGO",42121,54,47,2,1,4,7,2,2,1,2,47,45,0,2
1991,"VENANGO",42121,70,59,4,1,6,6,1,3,1,1,64,58,1,5
1992,"VENANGO",42121,64,51,6,1,6,8,2,5,1,0,56,49,1,6
1993,"VENANGO",42121,56,49,2,0,5,4,2,2,0,0,52,47,0,5
1994,"VENANGO",42121,56,49,3,2,2,6,0,2,2,2,50,49,1,0
1995,"VENANGO",42121,86,79,0,0,7,5,4,0,0,1,81,75,0,6
1996,"VENANGO",42121,116,109,1,0,6,6,3,1,0,2,110,106,0,4
1997,"VENANGO",42121,134,132,0,0,2,3,3,0,0,0,131,129,0,2
1998,"VENANGO",42121,151,144,1,0,6,3,1,1,0,1,148,143,0,5
1999,"VENANGO",42121,145,137,1,0,7,7,4,1,0,2,138,133,0,5
2000,"VENANGO",42121,153,139,3,0,11,3,0,3,0,0,150,139,0,11
2001,"VENANGO",42121,220,199,0,0,21,6,3,0,0,3,214,196,0,18
2002,"VENANGO",42121,224,206,1,0,17,4,3,1,0,0,220,203,0,17
2003,"VENANGO",42121,220,202,1,2,15,7,3,1,2,1,213,199,0,14
1990,"WARREN",42123,62,59,1,0,2,2,1,1,0,0,60,58,0,2
1991,"WARREN",42123,58,51,1,0,6,5,4,1,0,0,53,47,0,6
1992,"WARREN",42123,76,72,0,0,4,2,2,0,0,0,74,70,0,4
1993,"WARREN",42123,62,59,2,0,1,8,5,2,0,1,54,54,0,0
1994,"WARREN",42123,56,52,4,0,0,12,8,4,0,0,44,44,0,0
1995,"WARREN",42123,70,67,2,0,1,7,6,1,0,0,63,61,1,1
1996,"WARREN",42123,79,75,2,0,2,9,6,1,0,2,70,69,1,0
1997,"WARREN",42123,116,110,1,0,5,6,4,1,0,1,110,106,0,4
1998,"WARREN",42123,167,157,1,1,8,9,6,1,1,1,158,151,0,7
1999,"WARREN",42123,131,121,1,0,9,5,3,1,0,1,126,118,0,8
2000,"WARREN",42123,133,121,1,0,11,2,1,1,0,0,131,120,0,11
2001,"WARREN",42123,134,127,1,0,6,7,6,1,0,0,127,121,0,6
2002,"WARREN",42123,166,154,4,0,8,7,2,4,0,1,159,152,0,7
2003,"WARREN",42123,175,166,0,0,9,3,3,0,0,0,172,163,0,9
1990,"WASHINGTON",42125,245,190,16,0,38,33,14,13,0,5,212,176,3,33
1991,"WASHINGTON",42125,297,257,13,0,27,24,9,12,0,3,273,248,1,24
1992,"WASHINGTON",42125,351,305,9,0,37,31,19,7,0,5,320,286,2,32
1993,"WASHINGTON",42125,283,241,8,0,34,32,24,7,0,1,251,217,1,33
1994,"WASHINGTON",42125,268,232,11,0,25,34,20,11,0,3,234,212,0,22
1995,"WASHINGTON",42125,317,280,9,0,28,22,11,8,0,3,295,269,1,25
1996,"WASHINGTON",42125,426,387,1,0,38,18,14,1,0,3,408,373,0,35
1997,"WASHINGTON",42125,562,522,1,1,38,14,11,1,1,1,548,511,0,37
1998,"WASHINGTON",42125,690,628,14,1,47,29,12,14,1,2,661,616,0,45
1999,"WASHINGTON",42125,636,585,5,0,46,20,14,5,0,1,616,571,0,45
2000,"WASHINGTON",42125,706,610,9,0,87,23,13,9,0,1,683,597,0,86
2001,"WASHINGTON",42125,1004,894,4,0,106,11,8,3,0,0,993,886,1,106
2002,"WASHINGTON",42125,1025,892,6,0,127,14,7,4,0,3,1011,885,2,124
2003,"WASHINGTON",42125,1237,1068,11,0,158,30,20,10,0,0,1207,1048,1,158
1990,"WAYNE",42127,52,47,1,0,4,13,12,1,0,0,39,35,0,4
1991,"WAYNE",42127,113,96,8,0,9,22,13,8,0,1,91,83,0,8
1992,"WAYNE",42127,119,93,3,0,23,19,14,3,0,2,100,79,0,21
1993,"WAYNE",42127,126,99,8,0,19,27,13,7,0,7,99,86,1,12
1994,"WAYNE",42127,85,67,1,0,17,10,5,1,0,4,75,62,0,13
1995,"WAYNE",42127,107,90,4,0,13,17,11,4,0,2,90,79,0,11
1996,"WAYNE",42127,119,99,3,1,16,19,14,2,1,2,100,85,1,14
1997,"WAYNE",42127,185,157,1,0,27,16,8,1,0,7,169,149,0,20
1998,"WAYNE",42127,211,174,4,0,33,18,9,4,0,5,193,165,0,28
1999,"WAYNE",42127,192,163,0,0,29,7,6,0,0,1,185,157,0,28
2000,"WAYNE",42127,170,144,0,0,26,8,5,0,0,3,162,139,0,23
2001,"WAYNE",42127,205,164,1,0,40,13,12,1,0,0,192,152,0,40
2002,"WAYNE",42127,212,176,1,0,35,6,5,1,0,0,206,171,0,35
2003,"WAYNE",42127,209,161,2,0,46,10,5,2,0,3,199,156,0,43
1990,"WESTMORELAND",42129,422,367,18,1,36,48,29,17,1,1,374,338,1,35
1991,"WESTMORELAND",42129,467,406,18,1,42,45,27,17,1,0,422,379,1,42
1992,"WESTMORELAND",42129,628,534,17,1,76,68,44,17,1,6,560,490,0,70
1993,"WESTMORELAND",42129,462,396,17,1,48,70,44,17,1,8,392,352,0,40
1994,"WESTMORELAND",42129,473,397,15,0,61,50,32,12,0,6,423,365,3,55
1995,"WESTMORELAND",42129,546,486,15,1,44,50,29,14,1,6,496,457,1,38
1996,"WESTMORELAND",42129,803,729,11,2,61,50,33,10,2,5,753,696,1,56
1997,"WESTMORELAND",42129,1180,1074,15,1,90,52,37,13,1,1,1128,1037,2,89
1998,"WESTMORELAND",42129,1148,1051,11,0,86,48,35,10,0,3,1100,1016,1,83
1999,"WESTMORELAND",42129,1115,1001,10,1,103,41,31,9,1,0,1074,970,1,103
2000,"WESTMORELAND",42129,1202,1049,16,1,136,54,38,14,1,1,1148,1011,2,135
2001,"WESTMORELAND",42129,1514,1315,7,1,191,45,34,7,1,3,1469,1281,0,188
2002,"WESTMORELAND",42129,1666,1395,30,0,241,61,34,26,0,1,1605,1361,4,240
2003,"WESTMORELAND",42129,1990,1601,16,0,373,52,34,13,0,5,1938,1567,3,368
1990,"WYOMING",42131,23,21,1,0,1,3,2,1,0,0,20,19,0,1
1991,"WYOMING",42131,34,30,2,0,2,5,2,2,0,1,29,28,0,1
1992,"WYOMING",42131,48,42,2,0,4,6,4,2,0,0,42,38,0,4
1993,"WYOMING",42131,25,21,1,0,3,6,2,1,0,3,19,19,0,0
1994,"WYOMING",42131,27,26,0,0,1,3,3,0,0,0,24,23,0,1
1995,"WYOMING",42131,31,26,1,0,4,5,4,1,0,0,26,22,0,4
1996,"WYOMING",42131,34,29,1,0,4,5,3,1,0,1,29,26,0,3
1997,"WYOMING",42131,43,39,0,0,4,3,2,0,0,1,40,37,0,3
1998,"WYOMING",42131,69,61,0,0,8,2,1,0,0,1,67,60,0,7
1999,"WYOMING",42131,65,55,0,0,10,2,1,0,0,1,63,54,0,9
2000,"WYOMING",42131,77,63,0,1,13,2,0,0,1,1,75,63,0,12
2001,"WYOMING",42131,98,87,0,0,11,0,0,0,0,0,98,87,0,11
2002,"WYOMING",42131,99,95,1,0,3,2,1,1,0,0,97,94,0,3
2003,"WYOMING",42131,107,88,2,0,17,3,2,1,0,0,104,86,1,17
1990,"YORK",42133,505,440,18,0,47,73,46,18,0,9,432,394,0,38
1991,"YORK",42133,742,634,28,0,80,111,71,25,0,15,631,563,3,65
1992,"YORK",42133,728,613,19,1,95,91,49,19,1,22,637,564,0,73
1993,"YORK",42133,586,480,12,3,91,78,44,11,3,20,508,436,1,71
1994,"YORK",42133,601,506,14,0,81,74,45,14,0,15,527,461,0,66
1995,"YORK",42133,703,595,12,0,96,82,51,12,0,19,621,544,0,77
1996,"YORK",42133,1008,865,12,0,131,107,72,11,0,24,901,793,1,107
1997,"YORK",42133,1522,1348,13,0,161,118,79,12,0,27,1404,1269,1,134
1998,"YORK",42133,1605,1395,9,2,199,168,118,9,2,39,1437,1277,0,160
1999,"YORK",42133,1407,1157,7,1,242,157,113,7,1,36,1250,1044,0,206
2000,"YORK",42133,1401,1103,14,1,283,139,84,13,1,41,1262,1019,1,242
2001,"YORK",42133,1627,1303,8,0,316,141,103,8,0,30,1486,1200,0,286
2002,"YORK",42133,1760,1331,4,0,425,43,36,3,0,4,1717,1295,1,421
2003,"YORK",42133,2004,1549,12,1,442,33,12,12,1,8,1971,1537,0,434
1990,"BRISTOL",44001,73,63,3,0,7,16,13,3,0,0,57,50,0,7
1991,"BRISTOL",44001,117,98,9,0,10,20,11,9,0,0,97,87,0,10
1992,"BRISTOL",44001,133,118,8,0,7,18,9,6,0,3,115,109,2,4
1993,"BRISTOL",44001,112,101,3,0,8,7,6,1,0,0,105,95,2,8
1994,"BRISTOL",44001,105,96,3,0,6,11,7,3,0,1,94,89,0,5
1995,"BRISTOL",44001,100,94,0,0,6,8,7,0,0,1,92,87,0,5
1996,"BRISTOL",44001,161,153,0,0,8,6,5,0,0,1,155,148,0,7
1997,"BRISTOL",44001,165,158,0,0,7,3,2,0,0,1,162,156,0,6
1998,"BRISTOL",44001,178,168,0,0,10,10,10,0,0,0,168,158,0,10
1999,"BRISTOL",44001,174,163,1,0,10,5,4,1,0,0,169,159,0,10
2000,"BRISTOL",44001,171,164,1,0,6,4,3,1,0,0,167,161,0,6
2001,"BRISTOL",44001,125,116,0,0,9,6,6,0,0,0,119,110,0,9
2002,"BRISTOL",44001,145,134,0,0,11,3,3,0,0,0,142,131,0,11
2003,"BRISTOL",44001,131,123,0,0,8,4,4,0,0,0,127,119,0,8
1990,"KENT",44003,443,395,20,0,28,54,35,18,0,1,389,360,2,27
1991,"KENT",44003,655,597,21,0,37,49,28,20,0,1,606,569,1,36
1992,"KENT",44003,761,709,20,0,32,67,48,17,0,2,694,661,3,30
1993,"KENT",44003,646,595,16,0,35,55,36,14,0,5,591,559,2,30
1994,"KENT",44003,602,561,11,0,30,35,20,10,0,5,567,541,1,25
1995,"KENT",44003,696,654,1,0,41,29,27,1,0,1,667,627,0,40
1996,"KENT",44003,877,832,4,0,41,48,43,3,0,2,829,789,1,39
1997,"KENT",44003,1099,1054,5,0,40,35,28,5,0,2,1064,1026,0,38
1998,"KENT",44003,1027,983,1,0,43,17,15,1,0,1,1010,968,0,42
1999,"KENT",44003,1016,956,5,0,55,16,11,5,0,0,1000,945,0,55
2000,"KENT",44003,854,799,1,0,54,14,11,1,0,2,840,788,0,52
2001,"KENT",44003,1005,928,0,0,77,7,7,0,0,0,998,921,0,77
2002,"KENT",44003,927,840,0,0,87,12,12,0,0,0,915,828,0,87
2003,"KENT",44003,845,784,0,0,61,8,7,0,0,1,837,777,0,60
1990,"NEWPORT",44005,194,171,18,0,5,38,21,17,0,0,156,150,1,5
1991,"NEWPORT",44005,263,228,20,0,15,39,20,16,0,3,224,208,4,12
1992,"NEWPORT",44005,235,209,15,0,11,25,12,13,0,0,210,197,2,11
1993,"NEWPORT",44005,215,196,12,0,7,27,17,9,0,1,188,179,3,6
1994,"NEWPORT",44005,180,164,5,0,11,10,6,3,0,1,170,158,2,10
1995,"NEWPORT",44005,182,176,3,0,3,9,6,2,0,1,173,170,1,2
1996,"NEWPORT",44005,274,256,3,0,15,14,10,3,0,1,260,246,0,14
1997,"NEWPORT",44005,298,288,1,0,9,11,10,1,0,0,287,278,0,9
1998,"NEWPORT",44005,313,298,2,0,13,13,10,2,0,1,300,288,0,12
1999,"NEWPORT",44005,282,263,3,0,16,12,8,3,0,1,270,255,0,15
2000,"NEWPORT",44005,251,237,3,0,11,9,6,3,0,0,242,231,0,11
2001,"NEWPORT",44005,252,236,5,0,11,7,2,4,0,1,245,234,1,10
2002,"NEWPORT",44005,259,242,2,0,15,4,2,2,0,0,255,240,0,15
2003,"NEWPORT",44005,231,212,1,0,18,2,1,1,0,0,229,211,0,18
1990,"PROVIDENCE",44007,1397,1235,82,0,80,164,91,71,0,2,1233,1144,11,78
1991,"PROVIDENCE",44007,2045,1874,67,0,104,163,97,61,0,5,1882,1777,6,99
1992,"PROVIDENCE",44007,2144,1961,71,0,112,183,117,57,0,9,1961,1844,14,103
1993,"PROVIDENCE",44007,1966,1765,53,0,148,149,93,44,0,12,1817,1672,9,136
1994,"PROVIDENCE",44007,1821,1668,37,0,116,96,55,35,0,6,1725,1613,2,110
1995,"PROVIDENCE",44007,2010,1883,23,0,104,93,66,22,0,5,1917,1817,1,99
1996,"PROVIDENCE",44007,2580,2448,18,0,114,85,56,18,0,11,2495,2392,0,103
1997,"PROVIDENCE",44007,3385,3242,11,0,132,108,89,11,0,8,3277,3153,0,124
1998,"PROVIDENCE",44007,3363,3168,6,0,189,67,54,5,0,8,3296,3114,1,181
1999,"PROVIDENCE",44007,3092,2874,17,0,201,79,60,17,0,2,3013,2814,0,199
2000,"PROVIDENCE",44007,2820,2539,71,0,210,109,36,71,0,2,2711,2503,0,208
2001,"PROVIDENCE",44007,3054,2787,10,0,257,42,28,10,0,4,3012,2759,0,253
2002,"PROVIDENCE",44007,3157,2903,5,0,249,40,31,5,0,4,3117,2872,0,245
2003,"PROVIDENCE",44007,2955,2720,6,0,229,29,23,6,0,0,2926,2697,0,229
1990,"WASHINGTON",44009,217,190,13,0,14,45,34,10,0,1,172,156,3,13
1991,"WASHINGTON",44009,314,266,24,0,24,51,31,20,0,0,263,235,4,24
1992,"WASHINGTON",44009,373,316,18,0,39,60,37,18,0,5,313,279,0,34
1993,"WASHINGTON",44009,310,281,14,0,15,29,19,10,0,0,281,262,4,15
1994,"WASHINGTON",44009,246,224,7,0,15,22,15,6,0,1,224,209,1,14
1995,"WASHINGTON",44009,299,279,5,0,15,23,17,5,0,1,276,262,0,14
1996,"WASHINGTON",44009,362,338,3,0,21,20,14,3,0,3,342,324,0,18
1997,"WASHINGTON",44009,444,416,3,0,25,23,16,3,0,4,421,400,0,21
1998,"WASHINGTON",44009,513,479,3,0,31,21,17,2,0,2,492,462,1,29
1999,"WASHINGTON",44009,436,402,2,0,32,12,10,2,0,0,424,392,0,32
2000,"WASHINGTON",44009,375,354,0,0,21,5,5,0,0,0,370,349,0,21
2001,"WASHINGTON",44009,414,384,0,0,30,5,5,0,0,0,409,379,0,30
2002,"WASHINGTON",44009,403,368,0,0,35,8,8,0,0,0,395,360,0,35
2003,"WASHINGTON",44009,375,349,0,0,26,3,3,0,0,0,372,346,0,26
1990,"ABBEVILLE",45001,22,10,1,0,11,3,1,1,0,1,19,9,0,10
1991,"ABBEVILLE",45001,27,17,0,0,10,2,2,0,0,0,25,15,0,10
1992,"ABBEVILLE",45001,22,14,0,0,8,1,1,0,0,0,21,13,0,8
1993,"ABBEVILLE",45001,19,14,2,0,3,0,0,0,0,0,19,14,2,3
1994,"ABBEVILLE",45001,13,9,0,0,4,0,0,0,0,0,13,9,0,4
1995,"ABBEVILLE",45001,21,14,0,0,7,0,0,0,0,0,21,14,0,7
1996,"ABBEVILLE",45001,21,15,1,0,5,1,0,1,0,0,20,15,0,5
1997,"ABBEVILLE",45001,37,23,1,0,13,1,0,1,0,0,36,23,0,13
1998,"ABBEVILLE",45001,37,25,0,0,12,0,0,0,0,0,37,25,0,12
1999,"ABBEVILLE",45001,52,29,0,0,23,0,0,0,0,0,52,29,0,23
2000,"ABBEVILLE",45001,37,12,0,0,25,0,0,0,0,0,37,12,0,25
2001,"ABBEVILLE",45001,79,36,0,0,43,0,0,0,0,0,79,36,0,43
2002,"ABBEVILLE",45001,67,27,0,0,40,0,0,0,0,0,67,27,0,40
2003,"ABBEVILLE",45001,56,25,0,0,31,1,1,0,0,0,55,24,0,31
1990,"AIKEN",45003,231,108,7,0,116,16,8,6,0,2,215,100,1,114
1991,"AIKEN",45003,343,189,8,0,146,22,13,5,0,4,321,176,3,142
1992,"AIKEN",45003,322,177,8,0,137,8,1,7,0,0,314,176,1,137
1993,"AIKEN",45003,315,183,2,0,130,7,4,2,0,1,308,179,0,129
1994,"AIKEN",45003,289,142,7,0,140,8,1,7,0,0,281,141,0,140
1995,"AIKEN",45003,377,207,0,0,170,12,10,0,0,2,365,197,0,168
1996,"AIKEN",45003,463,252,0,0,211,9,5,0,0,4,454,247,0,207
1997,"AIKEN",45003,536,291,0,1,244,6,3,0,1,2,530,288,0,242
1998,"AIKEN",45003,492,321,3,0,168,7,3,3,0,1,485,318,0,167
1999,"AIKEN",45003,508,333,1,0,174,6,4,1,0,1,502,329,0,173
2000,"AIKEN",45003,492,307,3,0,182,6,3,3,0,0,486,304,0,182
2001,"AIKEN",45003,590,379,1,0,210,3,2,1,0,0,587,377,0,210
2002,"AIKEN",45003,671,447,2,0,222,7,5,2,0,0,664,442,0,222
2003,"AIKEN",45003,661,453,0,0,208,2,2,0,0,0,659,451,0,208
1990,"ALLENDALE",45005,6,1,0,0,5,0,0,0,0,0,6,1,0,5
1991,"ALLENDALE",45005,16,8,1,0,7,2,1,1,0,0,14,7,0,7
1992,"ALLENDALE",45005,9,5,0,0,4,1,1,0,0,0,8,4,0,4
1993,"ALLENDALE",45005,10,3,3,0,4,2,0,2,0,0,8,3,1,4
1994,"ALLENDALE",45005,14,3,0,2,9,2,0,0,2,0,12,3,0,9
1995,"ALLENDALE",45005,6,2,0,0,4,1,1,0,0,0,5,1,0,4
1996,"ALLENDALE",45005,20,6,0,0,14,2,2,0,0,0,18,4,0,14
1997,"ALLENDALE",45005,22,5,0,0,17,1,0,0,0,1,21,5,0,16
1998,"ALLENDALE",45005,13,6,0,0,7,0,0,0,0,0,13,6,0,7
1999,"ALLENDALE",45005,17,7,0,0,10,0,0,0,0,0,17,7,0,10
2000,"ALLENDALE",45005,21,4,1,0,16,1,0,1,0,0,20,4,0,16
2001,"ALLENDALE",45005,32,12,0,0,20,1,1,0,0,0,31,11,0,20
2002,"ALLENDALE",45005,25,10,0,0,15,0,0,0,0,0,25,10,0,15
2003,"ALLENDALE",45005,31,16,1,0,14,1,0,1,0,0,30,16,0,14
1990,"ANDERSON",45007,214,135,2,0,77,8,6,2,0,0,206,129,0,77
1991,"ANDERSON",45007,230,152,14,0,64,20,7,13,0,0,210,145,1,64
1992,"ANDERSON",45007,291,234,4,0,53,7,4,3,0,0,284,230,1,53
1993,"ANDERSON",45007,201,154,11,0,36,7,3,4,0,0,194,151,7,36
1994,"ANDERSON",45007,217,162,6,0,49,5,1,4,0,0,212,161,2,49
1995,"ANDERSON",45007,284,230,4,0,50,10,6,4,0,0,274,224,0,50
1996,"ANDERSON",45007,326,289,2,0,35,5,3,2,0,0,321,286,0,35
1997,"ANDERSON",45007,397,338,3,0,56,10,7,3,0,0,387,331,0,56
1998,"ANDERSON",45007,440,333,3,1,103,6,3,1,1,1,434,330,2,102
1999,"ANDERSON",45007,412,264,2,1,145,7,4,2,1,0,405,260,0,145
2000,"ANDERSON",45007,420,269,3,0,148,5,3,2,0,0,415,266,1,148
2001,"ANDERSON",45007,511,306,4,0,201,4,3,1,0,0,507,303,3,201
2002,"ANDERSON",45007,685,372,1,0,312,2,1,1,0,0,683,371,0,312
2003,"ANDERSON",45007,669,358,3,0,308,4,3,1,0,0,665,355,2,308
1990,"BAMBERG",45009,30,3,0,0,27,1,1,0,0,0,29,2,0,27
1991,"BAMBERG",45009,31,3,0,0,28,0,0,0,0,0,31,3,0,28
1992,"BAMBERG",45009,21,5,1,0,15,0,0,0,0,0,21,5,1,15
1993,"BAMBERG",45009,20,6,0,0,14,0,0,0,0,0,20,6,0,14
1994,"BAMBERG",45009,30,13,0,0,17,1,0,0,0,1,29,13,0,16
1995,"BAMBERG",45009,37,8,0,1,28,2,0,0,1,1,35,8,0,27
1996,"BAMBERG",45009,41,11,2,0,28,1,0,1,0,0,40,11,1,28
1997,"BAMBERG",45009,34,8,0,0,26,1,0,0,0,1,33,8,0,25
1998,"BAMBERG",45009,30,8,1,0,21,2,0,1,0,1,28,8,0,20
1999,"BAMBERG",45009,40,12,0,0,28,0,0,0,0,0,40,12,0,28
2000,"BAMBERG",45009,47,16,0,0,31,0,0,0,0,0,47,16,0,31
2001,"BAMBERG",45009,66,23,0,0,43,0,0,0,0,0,66,23,0,43
2002,"BAMBERG",45009,59,21,0,0,38,0,0,0,0,0,59,21,0,38
2003,"BAMBERG",45009,53,23,0,0,30,1,0,0,0,1,52,23,0,29
1990,"BARNWELL",45011,28,6,2,0,20,2,1,1,0,0,26,5,1,20
1991,"BARNWELL",45011,37,7,0,0,30,3,3,0,0,0,34,4,0,30
1992,"BARNWELL",45011,38,10,0,0,28,0,0,0,0,0,38,10,0,28
1993,"BARNWELL",45011,34,12,1,0,21,0,0,0,0,0,34,12,1,21
1994,"BARNWELL",45011,38,11,0,0,27,1,1,0,0,0,37,10,0,27
1995,"BARNWELL",45011,39,14,2,0,23,1,0,1,0,0,38,14,1,23
1996,"BARNWELL",45011,51,8,0,0,43,1,0,0,0,1,50,8,0,42
1997,"BARNWELL",45011,54,16,1,1,36,4,2,1,1,0,50,14,0,36
1998,"BARNWELL",45011,62,23,0,0,39,2,0,0,0,2,60,23,0,37
1999,"BARNWELL",45011,76,25,0,0,51,0,0,0,0,0,76,25,0,51
2000,"BARNWELL",45011,73,25,0,0,48,0,0,0,0,0,73,25,0,48
2001,"BARNWELL",45011,69,33,0,0,36,0,0,0,0,0,69,33,0,36
2002,"BARNWELL",45011,75,34,1,0,40,1,0,1,0,0,74,34,0,40
2003,"BARNWELL",45011,71,44,0,0,27,1,1,0,0,0,70,43,0,27
1990,"BEAUFORT",45013,146,90,16,0,40,21,6,13,0,2,125,84,3,38
1991,"BEAUFORT",45013,183,108,18,0,57,31,12,16,0,3,152,96,2,54
1992,"BEAUFORT",45013,172,100,10,0,62,8,4,4,0,0,164,96,6,62
1993,"BEAUFORT",45013,141,81,8,0,52,7,5,2,0,0,134,76,6,52
1994,"BEAUFORT",45013,174,90,5,0,79,4,3,1,0,0,170,87,4,79
1995,"BEAUFORT",45013,211,85,8,0,118,13,2,7,0,4,198,83,1,114
1996,"BEAUFORT",45013,272,101,7,0,164,8,4,3,0,1,264,97,4,163
1997,"BEAUFORT",45013,361,139,5,0,217,15,8,3,0,4,346,131,2,213
1998,"BEAUFORT",45013,341,136,4,0,201,12,8,3,0,1,329,128,1,200
1999,"BEAUFORT",45013,284,102,4,0,178,9,4,3,0,2,275,98,1,176
2000,"BEAUFORT",45013,286,91,4,0,191,3,1,2,0,0,283,90,2,191
2001,"BEAUFORT",45013,361,124,2,0,235,2,0,2,0,0,359,124,0,235
2002,"BEAUFORT",45013,377,141,4,0,232,6,4,2,0,0,371,137,2,232
2003,"BEAUFORT",45013,427,156,5,0,266,3,1,2,0,0,424,155,3,266
1990,"BERKELEY",45015,193,72,3,0,118,8,1,2,0,5,185,71,1,113
1991,"BERKELEY",45015,297,120,1,0,176,7,2,1,0,4,290,118,0,172
1992,"BERKELEY",45015,389,170,3,1,215,5,3,1,1,0,384,167,2,215
1993,"BERKELEY",45015,382,152,6,0,224,5,1,4,0,0,377,151,2,224
1994,"BERKELEY",45015,383,142,4,0,237,3,1,1,0,1,380,141,3,236
1995,"BERKELEY",45015,455,155,1,0,299,9,4,1,0,4,446,151,0,295
1996,"BERKELEY",45015,536,172,0,0,364,9,5,0,0,4,527,167,0,360
1997,"BERKELEY",45015,658,199,1,0,458,13,2,1,0,10,645,197,0,448
1998,"BERKELEY",45015,708,228,1,0,479,4,1,1,0,2,704,227,0,477
1999,"BERKELEY",45015,580,192,2,0,386,7,2,2,0,3,573,190,0,383
2000,"BERKELEY",45015,585,198,3,0,384,4,1,3,0,0,581,197,0,384
2001,"BERKELEY",45015,628,211,4,0,413,3,0,3,0,0,625,211,1,413
2002,"BERKELEY",45015,713,226,0,0,487,0,0,0,0,0,713,226,0,487
2003,"BERKELEY",45015,660,193,1,0,466,3,1,1,0,1,657,192,0,465
1990,"CALHOUN",45017,19,6,0,0,13,1,1,0,0,0,18,5,0,13
1991,"CALHOUN",45017,25,7,0,0,18,1,0,0,0,1,24,7,0,17
1992,"CALHOUN",45017,20,5,0,0,15,0,0,0,0,0,20,5,0,15
1993,"CALHOUN",45017,23,3,0,0,20,0,0,0,0,0,23,3,0,20
1994,"CALHOUN",45017,23,7,1,0,15,0,0,0,0,0,23,7,1,15
1995,"CALHOUN",45017,21,4,1,0,16,1,0,1,0,0,20,4,0,16
1996,"CALHOUN",45017,31,14,0,0,17,0,0,0,0,0,31,14,0,17
1997,"CALHOUN",45017,37,13,1,0,23,1,0,1,0,0,36,13,0,23
1998,"CALHOUN",45017,32,6,0,0,26,0,0,0,0,0,32,6,0,26
1999,"CALHOUN",45017,36,14,0,0,22,0,0,0,0,0,36,14,0,22
2000,"CALHOUN",45017,48,12,0,0,36,1,1,0,0,0,47,11,0,36
2001,"CALHOUN",45017,56,26,0,0,30,1,1,0,0,0,55,25,0,30
2002,"CALHOUN",45017,67,17,2,0,48,3,1,2,0,0,64,16,0,48
2003,"CALHOUN",45017,81,17,0,0,64,1,1,0,0,0,80,16,0,64
1990,"CHARLESTON",45019,559,249,18,0,292,52,21,13,0,18,507,228,5,274
1991,"CHARLESTON",45019,891,351,51,0,489,72,20,44,0,8,819,331,7,481
1992,"CHARLESTON",45019,752,327,39,0,386,40,10,30,0,0,712,317,9,386
1993,"CHARLESTON",45019,669,305,37,0,327,27,5,22,0,0,642,300,15,327
1994,"CHARLESTON",45019,756,288,38,0,430,42,10,27,0,5,714,278,11,425
1995,"CHARLESTON",45019,717,264,25,0,428,53,12,19,0,22,664,252,6,406
1996,"CHARLESTON",45019,868,294,20,0,554,30,7,15,0,8,838,287,5,546
1997,"CHARLESTON",45019,1022,316,18,0,688,46,8,16,0,22,976,308,2,666
1998,"CHARLESTON",45019,1033,344,9,0,680,29,8,9,0,12,1004,336,0,668
1999,"CHARLESTON",45019,906,347,7,0,552,18,11,6,0,1,888,336,1,551
2000,"CHARLESTON",45019,753,246,10,0,497,12,4,8,0,0,741,242,2,497
2001,"CHARLESTON",45019,874,320,13,0,541,16,4,11,0,1,858,316,2,540
2002,"CHARLESTON",45019,932,299,32,0,601,36,5,30,0,1,896,294,2,600
2003,"CHARLESTON",45019,936,335,12,0,589,10,3,7,0,0,926,332,5,589
1990,"CHEROKEE",45021,71,30,2,0,39,2,0,1,0,1,69,30,1,38
1991,"CHEROKEE",45021,101,56,4,0,41,7,3,4,0,0,94,53,0,41
1992,"CHEROKEE",45021,95,52,1,0,42,0,0,0,0,0,95,52,1,42
1993,"CHEROKEE",45021,96,51,2,0,43,0,0,0,0,0,96,51,2,43
1994,"CHEROKEE",45021,118,75,2,0,41,0,0,0,0,0,118,75,2,41
1995,"CHEROKEE",45021,139,92,4,0,43,3,0,3,0,0,136,92,1,43
1996,"CHEROKEE",45021,171,104,2,0,65,3,1,2,0,0,168,103,0,65
1997,"CHEROKEE",45021,159,104,1,0,54,3,0,1,0,2,156,104,0,52
1998,"CHEROKEE",45021,175,116,1,0,58,1,0,1,0,0,174,116,0,58
1999,"CHEROKEE",45021,204,111,3,0,90,4,0,3,0,1,200,111,0,89
2000,"CHEROKEE",45021,217,118,1,0,98,2,1,1,0,0,215,117,0,98
2001,"CHEROKEE",45021,215,128,1,0,86,2,1,1,0,0,213,127,0,86
2002,"CHEROKEE",45021,219,123,1,0,95,2,1,1,0,0,217,122,0,95
2003,"CHEROKEE",45021,207,120,0,0,87,1,1,0,0,0,206,119,0,87
1990,"CHESTER",45023,45,26,1,0,18,3,3,0,0,0,42,23,1,18
1991,"CHESTER",45023,46,21,2,0,23,0,0,0,0,0,46,21,2,23
1992,"CHESTER",45023,41,22,3,0,16,3,0,3,0,0,38,22,0,16
1993,"CHESTER",45023,25,13,0,0,12,0,0,0,0,0,25,13,0,12
1994,"CHESTER",45023,28,19,0,0,9,0,0,0,0,0,28,19,0,9
1995,"CHESTER",45023,44,28,0,0,16,1,1,0,0,0,43,27,0,16
1996,"CHESTER",45023,42,23,1,0,18,3,1,1,0,1,39,22,0,17
1997,"CHESTER",45023,64,45,0,0,19,4,2,0,0,2,60,43,0,17
1998,"CHESTER",45023,53,37,0,0,16,1,0,0,0,1,52,37,0,15
1999,"CHESTER",45023,71,46,0,0,25,0,0,0,0,0,71,46,0,25
2000,"CHESTER",45023,77,39,1,0,37,1,0,1,0,0,76,39,0,37
2001,"CHESTER",45023,98,48,0,0,50,0,0,0,0,0,98,48,0,50
2002,"CHESTER",45023,109,59,0,0,50,0,0,0,0,0,109,59,0,50
2003,"CHESTER",45023,115,60,0,0,55,1,1,0,0,0,114,59,0,55
1990,"CHESTERFIELD",45025,85,16,0,0,69,0,0,0,0,0,85,16,0,69
1991,"CHESTERFIELD",45025,107,13,4,0,90,9,3,3,0,3,98,10,1,87
1992,"CHESTERFIELD",45025,66,11,0,0,55,0,0,0,0,0,66,11,0,55
1993,"CHESTERFIELD",45025,55,12,1,0,42,2,1,1,0,0,53,11,0,42
1994,"CHESTERFIELD",45025,60,6,0,0,54,0,0,0,0,0,60,6,0,54
1995,"CHESTERFIELD",45025,94,13,0,0,81,0,0,0,0,0,94,13,0,81
1996,"CHESTERFIELD",45025,119,15,0,0,104,0,0,0,0,0,119,15,0,104
1997,"CHESTERFIELD",45025,121,11,0,1,109,3,1,0,1,1,118,10,0,108
1998,"CHESTERFIELD",45025,153,16,1,0,136,2,1,1,0,0,151,15,0,136
1999,"CHESTERFIELD",45025,117,14,0,0,103,0,0,0,0,0,117,14,0,103
2000,"CHESTERFIELD",45025,165,26,1,0,138,1,0,1,0,0,164,26,0,138
2001,"CHESTERFIELD",45025,146,19,0,0,127,0,0,0,0,0,146,19,0,127
2002,"CHESTERFIELD",45025,152,20,0,0,132,0,0,0,0,0,152,20,0,132
2003,"CHESTERFIELD",45025,183,31,0,0,152,1,0,0,0,1,182,31,0,151
1990,"CLARENDON",45027,19,6,0,0,13,2,2,0,0,0,17,4,0,13
1991,"CLARENDON",45027,50,12,1,1,36,2,0,1,1,0,48,12,0,36
1992,"CLARENDON",45027,51,12,3,0,36,4,2,2,0,0,47,10,1,36
1993,"CLARENDON",45027,47,10,2,1,34,2,0,1,1,0,45,10,1,34
1994,"CLARENDON",45027,43,9,0,0,34,0,0,0,0,0,43,9,0,34
1995,"CLARENDON",45027,67,23,0,0,44,1,1,0,0,0,66,22,0,44
1996,"CLARENDON",45027,69,24,0,0,45,0,0,0,0,0,69,24,0,45
1997,"CLARENDON",45027,89,33,0,0,56,2,1,0,0,1,87,32,0,55
1998,"CLARENDON",45027,91,34,0,2,55,7,2,0,2,3,84,32,0,52
1999,"CLARENDON",45027,123,33,0,0,90,0,0,0,0,0,123,33,0,90
2000,"CLARENDON",45027,140,23,0,0,117,1,1,0,0,0,139,22,0,117
2001,"CLARENDON",45027,188,47,1,0,140,1,0,1,0,0,187,47,0,140
2002,"CLARENDON",45027,219,52,1,0,166,0,0,0,0,0,219,52,1,166
2003,"CLARENDON",45027,184,43,0,0,141,1,1,0,0,0,183,42,0,141
1990,"COLLETON",45029,51,13,3,0,35,5,0,3,0,2,46,13,0,33
1991,"COLLETON",45029,88,27,1,1,59,8,2,1,1,4,80,25,0,55
1992,"COLLETON",45029,90,23,2,0,65,2,1,1,0,0,88,22,1,65
1993,"COLLETON",45029,111,22,2,0,87,1,1,0,0,0,110,21,2,87
1994,"COLLETON",45029,103,23,3,1,76,2,0,1,1,0,101,23,2,76
1995,"COLLETON",45029,109,24,4,0,81,4,1,3,0,0,105,23,1,81
1996,"COLLETON",45029,174,27,6,0,141,6,0,6,0,0,168,27,0,141
1997,"COLLETON",45029,201,28,1,0,172,6,1,1,0,4,195,27,0,168
1998,"COLLETON",45029,164,29,0,0,135,0,0,0,0,0,164,29,0,135
1999,"COLLETON",45029,170,26,0,0,144,1,1,0,0,0,169,25,0,144
2000,"COLLETON",45029,208,33,3,0,172,1,0,1,0,0,207,33,2,172
2001,"COLLETON",45029,201,37,2,0,162,1,0,1,0,0,200,37,1,162
2002,"COLLETON",45029,197,28,1,0,168,1,0,1,0,0,196,28,0,168
2003,"COLLETON",45029,187,26,1,0,160,0,0,0,0,0,187,26,1,160
1990,"DARLINGTON",45031,83,34,4,0,45,8,2,4,0,2,75,32,0,43
1991,"DARLINGTON",45031,101,34,2,0,65,6,3,2,0,1,95,31,0,64
1992,"DARLINGTON",45031,108,28,1,0,79,0,0,0,0,0,108,28,1,79
1993,"DARLINGTON",45031,86,16,4,0,66,0,0,0,0,0,86,16,4,66
1994,"DARLINGTON",45031,107,26,2,0,79,2,1,1,0,0,105,25,1,79
1995,"DARLINGTON",45031,129,43,2,0,84,7,2,2,0,3,122,41,0,81
1996,"DARLINGTON",45031,179,52,0,3,124,7,2,0,3,2,172,50,0,122
1997,"DARLINGTON",45031,136,66,1,0,69,2,1,1,0,0,134,65,0,69
1998,"DARLINGTON",45031,156,58,0,0,98,0,0,0,0,0,156,58,0,98
1999,"DARLINGTON",45031,151,53,1,0,97,0,0,0,0,0,151,53,1,97
2000,"DARLINGTON",45031,189,72,2,0,115,4,2,2,0,0,185,70,0,115
2001,"DARLINGTON",45031,210,61,0,0,149,0,0,0,0,0,210,61,0,149
2002,"DARLINGTON",45031,243,63,0,0,180,2,2,0,0,0,241,61,0,180
2003,"DARLINGTON",45031,256,65,4,0,187,4,0,4,0,0,252,65,0,187
1990,"DILLON",45033,19,9,0,0,10,0,0,0,0,0,19,9,0,10
1991,"DILLON",45033,23,11,0,0,12,0,0,0,0,0,23,11,0,12
1992,"DILLON",45033,26,8,0,0,18,0,0,0,0,0,26,8,0,18
1993,"DILLON",45033,23,8,0,1,14,1,0,0,1,0,22,8,0,14
1994,"DILLON",45033,16,11,0,0,5,0,0,0,0,0,16,11,0,5
1995,"DILLON",45033,22,12,0,0,10,1,1,0,0,0,21,11,0,10
1996,"DILLON",45033,44,21,0,0,23,3,3,0,0,0,41,18,0,23
1997,"DILLON",45033,49,23,0,0,26,0,0,0,0,0,49,23,0,26
1998,"DILLON",45033,47,27,0,0,20,1,0,0,0,1,46,27,0,19
1999,"DILLON",45033,50,22,1,0,27,1,0,1,0,0,49,22,0,27
2000,"DILLON",45033,60,19,0,0,41,0,0,0,0,0,60,19,0,41
2001,"DILLON",45033,86,30,0,0,56,0,0,0,0,0,86,30,0,56
2002,"DILLON",45033,86,25,0,0,61,0,0,0,0,0,86,25,0,61
2003,"DILLON",45033,75,26,0,1,48,1,0,0,1,0,74,26,0,48
1990,"DORCHESTER",45035,160,66,3,0,91,8,5,3,0,0,152,61,0,91
1991,"DORCHESTER",45035,315,113,5,0,197,15,5,5,0,5,300,108,0,192
1992,"DORCHESTER",45035,288,133,4,0,151,5,2,3,0,0,283,131,1,151
1993,"DORCHESTER",45035,229,96,5,0,128,6,3,3,0,0,223,93,2,128
1994,"DORCHESTER",45035,257,104,10,0,143,8,0,6,0,2,249,104,4,141
1995,"DORCHESTER",45035,256,73,5,0,178,7,2,2,0,3,249,71,3,175
1996,"DORCHESTER",45035,349,119,2,0,228,7,2,2,0,3,342,117,0,225
1997,"DORCHESTER",45035,414,146,0,0,268,9,3,0,0,6,405,143,0,262
1998,"DORCHESTER",45035,469,145,2,0,322,9,2,2,0,5,460,143,0,317
1999,"DORCHESTER",45035,349,125,3,0,221,5,1,3,0,1,344,124,0,220
2000,"DORCHESTER",45035,379,121,0,0,258,3,0,0,0,3,376,121,0,255
2001,"DORCHESTER",45035,429,139,2,0,288,3,0,2,0,1,426,139,0,287
2002,"DORCHESTER",45035,401,138,2,0,261,8,6,2,0,0,393,132,0,261
2003,"DORCHESTER",45035,422,137,1,0,284,1,0,1,0,0,421,137,0,284
1990,"EDGEFIELD",45037,18,10,0,0,8,3,3,0,0,0,15,7,0,8
1991,"EDGEFIELD",45037,24,11,0,3,10,6,1,0,3,2,18,10,0,8
1992,"EDGEFIELD",45037,37,15,5,5,12,9,0,4,5,0,28,15,1,12
1993,"EDGEFIELD",45037,31,14,0,0,17,0,0,0,0,0,31,14,0,17
1994,"EDGEFIELD",45037,22,8,2,0,12,3,0,2,0,1,19,8,0,11
1995,"EDGEFIELD",45037,45,18,1,0,26,1,0,1,0,0,44,18,0,26
1996,"EDGEFIELD",45037,61,28,0,1,32,2,1,0,1,0,59,27,0,32
1997,"EDGEFIELD",45037,44,24,0,0,20,1,1,0,0,0,43,23,0,20
1998,"EDGEFIELD",45037,71,34,2,0,35,3,1,2,0,0,68,33,0,35
1999,"EDGEFIELD",45037,73,41,0,0,32,3,3,0,0,0,70,38,0,32
2000,"EDGEFIELD",45037,75,48,0,0,27,0,0,0,0,0,75,48,0,27
2001,"EDGEFIELD",45037,83,46,0,0,37,0,0,0,0,0,83,46,0,37
2002,"EDGEFIELD",45037,94,50,0,0,44,4,4,0,0,0,90,46,0,44
2003,"EDGEFIELD",45037,93,49,0,0,44,0,0,0,0,0,93,49,0,44
1990,"FAIRFIELD",45039,35,11,0,0,24,2,2,0,0,0,33,9,0,24
1991,"FAIRFIELD",45039,38,17,0,0,21,1,1,0,0,0,37,16,0,21
1992,"FAIRFIELD",45039,40,11,0,0,29,0,0,0,0,0,40,11,0,29
1993,"FAIRFIELD",45039,43,12,0,0,31,0,0,0,0,0,43,12,0,31
1994,"FAIRFIELD",45039,43,8,0,0,35,0,0,0,0,0,43,8,0,35
1995,"FAIRFIELD",45039,31,8,0,0,23,0,0,0,0,0,31,8,0,23
1996,"FAIRFIELD",45039,67,24,0,0,43,1,0,0,0,1,66,24,0,42
1997,"FAIRFIELD",45039,70,30,1,0,39,2,0,1,0,1,68,30,0,38
1998,"FAIRFIELD",45039,55,22,0,0,33,1,0,0,0,1,54,22,0,32
1999,"FAIRFIELD",45039,67,25,1,0,41,2,1,1,0,0,65,24,0,41
2000,"FAIRFIELD",45039,58,11,0,0,47,0,0,0,0,0,58,11,0,47
2001,"FAIRFIELD",45039,95,31,0,0,64,0,0,0,0,0,95,31,0,64
2002,"FAIRFIELD",45039,126,28,0,0,98,0,0,0,0,0,126,28,0,98
2003,"FAIRFIELD",45039,163,36,0,0,127,0,0,0,0,0,163,36,0,127
1990,"FLORENCE",45041,182,76,15,0,91,13,4,8,0,1,169,72,7,90
1991,"FLORENCE",45041,234,93,4,3,134,18,5,3,3,7,216,88,1,127
1992,"FLORENCE",45041,244,104,3,1,136,7,4,2,1,0,237,100,1,136
1993,"FLORENCE",45041,236,92,12,0,132,9,1,8,0,0,227,91,4,132
1994,"FLORENCE",45041,240,109,6,0,125,8,2,4,0,2,232,107,2,123
1995,"FLORENCE",45041,260,119,9,2,130,20,6,9,2,3,240,113,0,127
1996,"FLORENCE",45041,292,149,1,2,140,10,3,0,2,5,282,146,1,135
1997,"FLORENCE",45041,316,161,3,0,152,17,8,3,0,6,299,153,0,146
1998,"FLORENCE",45041,302,147,1,1,153,8,4,1,1,2,294,143,0,151
1999,"FLORENCE",45041,312,134,2,0,176,6,4,2,0,0,306,130,0,176
2000,"FLORENCE",45041,369,138,4,0,227,5,0,4,0,1,364,138,0,226
2001,"FLORENCE",45041,382,158,6,0,218,6,2,4,0,0,376,156,2,218
2002,"FLORENCE",45041,443,170,1,0,272,4,3,1,0,0,439,167,0,272
2003,"FLORENCE",45041,503,207,1,1,294,3,1,1,1,0,500,206,0,294
1990,"GEORGETOWN",45043,58,26,1,0,31,4,3,0,0,1,54,23,1,30
1991,"GEORGETOWN",45043,83,45,5,0,33,8,3,5,0,0,75,42,0,33
1992,"GEORGETOWN",45043,60,26,2,0,32,3,2,1,0,0,57,24,1,32
1993,"GEORGETOWN",45043,70,29,7,0,34,6,1,5,0,0,64,28,2,34
1994,"GEORGETOWN",45043,47,22,2,0,23,4,3,1,0,0,43,19,1,23
1995,"GEORGETOWN",45043,66,27,2,0,37,5,4,1,0,0,61,23,1,37
1996,"GEORGETOWN",45043,82,31,0,0,51,3,3,0,0,0,79,28,0,51
1997,"GEORGETOWN",45043,92,50,1,0,41,2,2,0,0,0,90,48,1,41
1998,"GEORGETOWN",45043,96,54,0,0,42,3,3,0,0,0,93,51,0,42
1999,"GEORGETOWN",45043,99,47,0,0,52,1,1,0,0,0,98,46,0,52
2000,"GEORGETOWN",45043,120,55,1,0,64,3,2,1,0,0,117,53,0,64
2001,"GEORGETOWN",45043,123,53,1,0,69,4,3,1,0,0,119,50,0,69
2002,"GEORGETOWN",45043,130,57,1,0,72,1,0,1,0,0,129,57,0,72
2003,"GEORGETOWN",45043,149,59,2,0,88,3,1,2,0,0,146,58,0,88
1990,"GREENVILLE",45045,454,323,18,0,113,30,14,14,0,2,424,309,4,111
1991,"GREENVILLE",45045,551,401,18,0,132,36,22,14,0,0,515,379,4,132
1992,"GREENVILLE",45045,543,416,25,0,102,21,6,15,0,0,522,410,10,102
1993,"GREENVILLE",45045,480,354,51,0,75,33,8,25,0,0,447,346,26,75
1994,"GREENVILLE",45045,439,349,20,0,70,39,24,15,0,0,400,325,5,70
1995,"GREENVILLE",45045,449,372,16,0,61,24,12,10,0,2,425,360,6,59
1996,"GREENVILLE",45045,624,504,9,0,111,30,22,7,0,1,594,482,2,110
1997,"GREENVILLE",45045,878,714,9,0,155,28,17,9,0,2,850,697,0,153
1998,"GREENVILLE",45045,922,679,18,0,225,34,17,15,0,2,888,662,3,223
1999,"GREENVILLE",45045,996,668,22,0,306,39,21,18,0,0,957,647,4,306
2000,"GREENVILLE",45045,1029,708,34,0,287,51,17,34,0,0,978,691,0,287
2001,"GREENVILLE",45045,1214,781,7,0,426,24,16,6,0,2,1190,765,1,424
2002,"GREENVILLE",45045,1498,881,8,0,609,24,18,6,0,0,1474,863,2,609
2003,"GREENVILLE",45045,1546,929,7,0,610,24,17,7,0,0,1522,912,0,610
1990,"GREENWOOD",45047,65,38,1,0,26,1,1,0,0,0,64,37,1,26
1991,"GREENWOOD",45047,76,47,2,0,27,1,0,1,0,0,75,47,1,27
1992,"GREENWOOD",45047,80,49,2,0,29,2,1,1,0,0,78,48,1,29
1993,"GREENWOOD",45047,74,50,2,0,22,3,1,2,0,0,71,49,0,22
1994,"GREENWOOD",45047,67,48,2,0,17,1,0,1,0,0,66,48,1,17
1995,"GREENWOOD",45047,62,49,1,0,12,4,1,1,0,2,58,48,0,10
1996,"GREENWOOD",45047,149,101,1,0,47,1,0,1,0,0,148,101,0,47
1997,"GREENWOOD",45047,134,90,0,0,44,2,2,0,0,0,132,88,0,44
1998,"GREENWOOD",45047,162,104,4,0,54,6,2,4,0,0,156,102,0,54
1999,"GREENWOOD",45047,189,81,1,0,107,3,3,0,0,0,186,78,1,107
2000,"GREENWOOD",45047,164,61,1,0,102,3,2,1,0,0,161,59,0,102
2001,"GREENWOOD",45047,189,95,2,0,92,2,0,2,0,0,187,95,0,92
2002,"GREENWOOD",45047,218,96,0,0,122,2,2,0,0,0,216,94,0,122
2003,"GREENWOOD",45047,197,89,2,0,106,2,1,1,0,0,195,88,1,106
1990,"HAMPTON",45049,10,2,3,0,5,2,0,2,0,0,8,2,1,5
1991,"HAMPTON",45049,20,5,0,0,15,2,0,0,0,2,18,5,0,13
1992,"HAMPTON",45049,23,14,1,0,8,1,0,1,0,0,22,14,0,8
1993,"HAMPTON",45049,28,8,1,0,19,1,0,1,0,0,27,8,0,19
1994,"HAMPTON",45049,29,4,0,0,25,0,0,0,0,0,29,4,0,25
1995,"HAMPTON",45049,22,4,0,0,18,0,0,0,0,0,22,4,0,18
1996,"HAMPTON",45049,28,9,1,0,18,1,0,1,0,0,27,9,0,18
1997,"HAMPTON",45049,28,7,0,1,20,1,0,0,1,0,27,7,0,20
1998,"HAMPTON",45049,45,10,1,0,34,1,0,1,0,0,44,10,0,34
1999,"HAMPTON",45049,44,13,2,0,29,2,0,2,0,0,42,13,0,29
2000,"HAMPTON",45049,52,13,0,0,39,0,0,0,0,0,52,13,0,39
2001,"HAMPTON",45049,53,17,0,0,36,0,0,0,0,0,53,17,0,36
2002,"HAMPTON",45049,61,17,0,0,44,0,0,0,0,0,61,17,0,44
2003,"HAMPTON",45049,69,20,0,0,49,0,0,0,0,0,69,20,0,49
1990,"HORRY",45051,220,173,16,1,29,48,31,15,1,1,172,142,1,29
1991,"HORRY",45051,311,237,21,1,52,43,22,17,1,3,268,215,4,49
1992,"HORRY",45051,279,232,7,1,39,19,11,7,1,0,260,221,0,39
1993,"HORRY",45051,234,186,6,1,41,12,9,2,1,0,222,177,4,41
1994,"HORRY",45051,235,181,11,0,43,21,12,4,0,5,214,169,7,38
1995,"HORRY",45051,290,185,6,1,98,27,19,5,1,2,263,166,1,96
1996,"HORRY",45051,364,234,8,0,122,20,11,6,0,3,344,223,2,119
1997,"HORRY",45051,459,309,9,1,140,31,17,9,1,4,428,292,0,136
1998,"HORRY",45051,518,410,2,0,106,18,14,2,0,2,500,396,0,104
1999,"HORRY",45051,491,370,5,2,114,22,12,5,2,3,469,358,0,111
2000,"HORRY",45051,534,390,4,0,140,11,7,4,0,0,523,383,0,140
2001,"HORRY",45051,651,470,9,0,172,17,9,8,0,0,634,461,1,172
2002,"HORRY",45051,665,443,6,0,216,10,5,5,0,0,655,438,1,216
2003,"HORRY",45051,755,527,6,0,222,14,10,4,0,0,741,517,2,222
1990,"JASPER",45053,21,8,2,0,11,2,1,1,0,0,19,7,1,11
1991,"JASPER",45053,23,6,0,0,17,1,1,0,0,0,22,5,0,17
1992,"JASPER",45053,18,5,1,0,12,1,0,1,0,0,17,5,0,12
1993,"JASPER",45053,22,11,1,0,10,1,0,1,0,0,21,11,0,10
1994,"JASPER",45053,17,4,0,0,13,0,0,0,0,0,17,4,0,13
1995,"JASPER",45053,17,3,0,0,14,2,0,0,0,2,15,3,0,12
1996,"JASPER",45053,31,13,0,0,18,0,0,0,0,0,31,13,0,18
1997,"JASPER",45053,33,12,0,0,21,1,1,0,0,0,32,11,0,21
1998,"JASPER",45053,31,13,0,0,18,1,1,0,0,0,30,12,0,18
1999,"JASPER",45053,32,8,1,0,23,1,0,1,0,0,31,8,0,23
2000,"JASPER",45053,53,11,1,0,41,1,0,1,0,0,52,11,0,41
2001,"JASPER",45053,90,17,0,0,73,0,0,0,0,0,90,17,0,73
2002,"JASPER",45053,84,16,0,0,68,0,0,0,0,0,84,16,0,68
2003,"JASPER",45053,73,18,1,0,54,1,0,1,0,0,72,18,0,54
1990,"KERSHAW",45055,102,41,3,0,58,8,5,3,0,0,94,36,0,58
1991,"KERSHAW",45055,125,53,5,0,67,7,2,5,0,0,118,51,0,67
1992,"KERSHAW",45055,166,71,1,2,92,4,2,0,2,0,162,69,1,92
1993,"KERSHAW",45055,129,39,2,0,88,1,0,1,0,0,128,39,1,88
1994,"KERSHAW",45055,123,44,0,0,79,0,0,0,0,0,123,44,0,79
1995,"KERSHAW",45055,126,42,1,0,83,4,2,1,0,1,122,40,0,82
1996,"KERSHAW",45055,184,63,0,0,121,5,2,0,0,3,179,61,0,118
1997,"KERSHAW",45055,166,60,0,1,105,4,2,0,1,1,162,58,0,104
1998,"KERSHAW",45055,190,69,0,0,121,5,4,0,0,1,185,65,0,120
1999,"KERSHAW",45055,189,70,2,1,116,6,2,2,1,1,183,68,0,115
2000,"KERSHAW",45055,221,70,0,0,151,1,0,0,0,1,220,70,0,150
2001,"KERSHAW",45055,299,103,0,0,196,1,1,0,0,0,298,102,0,196
2002,"KERSHAW",45055,263,87,1,0,175,2,1,1,0,0,261,86,0,175
2003,"KERSHAW",45055,311,83,2,0,226,1,0,1,0,0,310,83,1,226
1990,"LANCASTER",45057,64,41,1,0,22,1,0,1,0,0,63,41,0,22
1991,"LANCASTER",45057,75,41,3,0,31,8,4,3,0,1,67,37,0,30
1992,"LANCASTER",45057,56,32,2,0,22,0,0,0,0,0,56,32,2,22
1993,"LANCASTER",45057,50,31,0,0,19,0,0,0,0,0,50,31,0,19
1994,"LANCASTER",45057,51,33,0,0,18,1,1,0,0,0,50,32,0,18
1995,"LANCASTER",45057,59,25,0,0,34,1,1,0,0,0,58,24,0,34
1996,"LANCASTER",45057,85,51,0,0,34,2,2,0,0,0,83,49,0,34
1997,"LANCASTER",45057,91,50,0,0,41,2,0,0,0,2,89,50,0,39
1998,"LANCASTER",45057,71,44,0,0,27,0,0,0,0,0,71,44,0,27
1999,"LANCASTER",45057,94,53,1,0,40,1,0,1,0,0,93,53,0,40
2000,"LANCASTER",45057,141,80,2,0,59,4,2,2,0,0,137,78,0,59
2001,"LANCASTER",45057,140,98,0,0,42,1,1,0,0,0,139,97,0,42
2002,"LANCASTER",45057,169,95,0,0,74,2,2,0,0,0,167,93,0,74
2003,"LANCASTER",45057,196,84,10,0,102,11,1,10,0,0,185,83,0,102
1990,"LAURENS",45059,63,39,0,0,24,1,1,0,0,0,62,38,0,24
1991,"LAURENS",45059,74,52,0,0,22,1,1,0,0,0,73,51,0,22
1992,"LAURENS",45059,93,69,5,0,19,3,0,3,0,0,90,69,2,19
1993,"LAURENS",45059,84,54,0,0,30,0,0,0,0,0,84,54,0,30
1994,"LAURENS",45059,82,57,1,0,24,1,1,0,0,0,81,56,1,24
1995,"LAURENS",45059,75,55,2,0,18,2,0,1,0,1,73,55,1,17
1996,"LAURENS",45059,138,96,3,0,39,4,0,3,0,1,134,96,0,38
1997,"LAURENS",45059,163,116,0,0,47,1,0,0,0,1,162,116,0,46
1998,"LAURENS",45059,157,106,0,0,51,4,2,0,0,2,153,104,0,49
1999,"LAURENS",45059,228,149,3,0,76,3,1,2,0,0,225,148,1,76
2000,"LAURENS",45059,225,117,2,0,106,0,0,0,0,0,225,117,2,106
2001,"LAURENS",45059,261,129,0,0,132,0,0,0,0,0,261,129,0,132
2002,"LAURENS",45059,278,123,1,0,154,1,0,1,0,0,277,123,0,154
2003,"LAURENS",45059,210,92,0,0,118,1,1,0,0,0,209,91,0,118
1990,"LEE",45061,15,4,1,0,10,2,0,1,0,1,13,4,0,9
1991,"LEE",45061,21,8,1,0,12,2,1,1,0,0,19,7,0,12
1992,"LEE",45061,27,4,0,1,22,1,0,0,1,0,26,4,0,22
1993,"LEE",45061,29,3,0,0,26,0,0,0,0,0,29,3,0,26
1994,"LEE",45061,32,7,2,0,23,1,0,1,0,0,31,7,1,23
1995,"LEE",45061,42,16,0,0,26,0,0,0,0,0,42,16,0,26
1996,"LEE",45061,49,14,0,0,35,1,1,0,0,0,48,13,0,35
1997,"LEE",45061,52,13,3,1,35,2,0,1,1,0,50,13,2,35
1998,"LEE",45061,66,27,0,0,39,1,0,0,0,1,65,27,0,38
1999,"LEE",45061,62,18,0,0,44,0,0,0,0,0,62,18,0,44
2000,"LEE",45061,105,23,0,0,82,0,0,0,0,0,105,23,0,82
2001,"LEE",45061,143,42,0,0,101,1,1,0,0,0,142,41,0,101
2002,"LEE",45061,141,43,0,0,98,0,0,0,0,0,141,43,0,98
2003,"LEE",45061,91,27,0,0,64,0,0,0,0,0,91,27,0,64
1990,"LEXINGTON",45063,321,163,16,0,142,29,13,12,0,4,292,150,4,138
1991,"LEXINGTON",45063,449,219,7,0,223,20,9,6,0,5,429,210,1,218
1992,"LEXINGTON",45063,427,216,14,0,197,15,5,9,0,1,412,211,5,196
1993,"LEXINGTON",45063,410,185,4,0,221,7,6,1,0,0,403,179,3,221
1994,"LEXINGTON",45063,351,151,8,0,192,14,6,7,0,1,337,145,1,191
1995,"LEXINGTON",45063,428,212,3,1,212,18,11,3,1,3,410,201,0,209
1996,"LEXINGTON",45063,540,283,4,0,253,18,8,4,0,6,522,275,0,247
1997,"LEXINGTON",45063,626,334,2,0,290,15,6,1,0,8,611,328,1,282
1998,"LEXINGTON",45063,638,347,5,0,286,14,4,4,0,6,624,343,1,280
1999,"LEXINGTON",45063,667,309,1,1,356,8,5,1,1,1,659,304,0,355
2000,"LEXINGTON",45063,690,339,4,0,347,7,5,2,0,0,683,334,2,347
2001,"LEXINGTON",45063,882,383,1,0,498,5,4,1,0,0,877,379,0,498
2002,"LEXINGTON",45063,1007,391,2,0,614,6,4,2,0,0,1001,387,0,614
2003,"LEXINGTON",45063,1068,405,6,0,657,16,10,5,0,1,1052,395,1,656
1990,"MCCORMICK",45065,6,5,0,0,1,1,1,0,0,0,5,4,0,1
1991,"MCCORMICK",45065,10,5,0,0,5,0,0,0,0,0,10,5,0,5
1992,"MCCORMICK",45065,14,5,0,0,9,0,0,0,0,0,14,5,0,9
1993,"MCCORMICK",45065,11,2,0,0,9,0,0,0,0,0,11,2,0,9
1994,"MCCORMICK",45065,7,6,0,0,1,0,0,0,0,0,7,6,0,1
1995,"MCCORMICK",45065,12,4,0,0,8,0,0,0,0,0,12,4,0,8
1996,"MCCORMICK",45065,33,16,0,0,17,0,0,0,0,0,33,16,0,17
1997,"MCCORMICK",45065,26,16,0,0,10,0,0,0,0,0,26,16,0,10
1998,"MCCORMICK",45065,23,12,0,0,11,1,1,0,0,0,22,11,0,11
1999,"MCCORMICK",45065,27,10,0,0,17,0,0,0,0,0,27,10,0,17
2000,"MCCORMICK",45065,26,8,0,0,18,0,0,0,0,0,26,8,0,18
2001,"MCCORMICK",45065,26,10,0,0,16,0,0,0,0,0,26,10,0,16
2002,"MCCORMICK",45065,28,11,0,0,17,0,0,0,0,0,28,11,0,17
2003,"MCCORMICK",45065,22,12,0,0,10,0,0,0,0,0,22,12,0,10
1990,"MARION",45067,23,14,1,0,8,1,0,1,0,0,22,14,0,8
1991,"MARION",45067,36,19,0,0,17,0,0,0,0,0,36,19,0,17
1992,"MARION",45067,46,20,2,0,24,2,0,2,0,0,44,20,0,24
1993,"MARION",45067,37,15,2,0,20,0,0,0,0,0,37,15,2,20
1994,"MARION",45067,41,18,3,0,20,2,0,2,0,0,39,18,1,20
1995,"MARION",45067,40,16,0,0,24,0,0,0,0,0,40,16,0,24
1996,"MARION",45067,62,39,1,0,22,2,1,1,0,0,60,38,0,22
1997,"MARION",45067,70,42,1,0,27,2,1,1,0,0,68,41,0,27
1998,"MARION",45067,63,34,1,1,27,3,1,1,1,0,60,33,0,27
1999,"MARION",45067,61,27,0,0,34,1,1,0,0,0,60,26,0,34
2000,"MARION",45067,84,29,0,0,55,0,0,0,0,0,84,29,0,55
2001,"MARION",45067,106,39,0,0,67,0,0,0,0,0,106,39,0,67
2002,"MARION",45067,109,41,0,0,68,1,1,0,0,0,108,40,0,68
2003,"MARION",45067,72,24,1,0,47,0,0,0,0,0,72,24,1,47
1990,"MARLBORO",45069,39,11,0,0,28,1,1,0,0,0,38,10,0,28
1991,"MARLBORO",45069,54,9,0,0,45,2,0,0,0,2,52,9,0,43
1992,"MARLBORO",45069,60,11,0,1,48,1,0,0,1,0,59,11,0,48
1993,"MARLBORO",45069,44,3,0,0,41,0,0,0,0,0,44,3,0,41
1994,"MARLBORO",45069,36,5,0,0,31,0,0,0,0,0,36,5,0,31
1995,"MARLBORO",45069,55,5,0,0,50,0,0,0,0,0,55,5,0,50
1996,"MARLBORO",45069,100,11,0,0,89,0,0,0,0,0,100,11,0,89
1997,"MARLBORO",45069,83,10,1,0,72,3,0,1,0,2,80,10,0,70
1998,"MARLBORO",45069,88,10,0,0,78,3,1,0,0,2,85,9,0,76
1999,"MARLBORO",45069,98,6,0,0,92,0,0,0,0,0,98,6,0,92
2000,"MARLBORO",45069,118,6,2,0,110,2,0,2,0,0,116,6,0,110
2001,"MARLBORO",45069,156,20,0,0,136,1,1,0,0,0,155,19,0,136
2002,"MARLBORO",45069,151,12,0,0,139,0,0,0,0,0,151,12,0,139
2003,"MARLBORO",45069,126,11,0,0,115,0,0,0,0,0,126,11,0,115
1990,"NEWBERRY",45071,42,12,0,0,30,0,0,0,0,0,42,12,0,30
1991,"NEWBERRY",45071,51,21,2,0,28,6,2,2,0,2,45,19,0,26
1992,"NEWBERRY",45071,45,20,2,0,23,1,0,1,0,0,44,20,1,23
1993,"NEWBERRY",45071,36,19,1,0,16,0,0,0,0,0,36,19,1,16
1994,"NEWBERRY",45071,47,21,0,0,26,0,0,0,0,0,47,21,0,26
1995,"NEWBERRY",45071,68,30,1,0,37,1,0,1,0,0,67,30,0,37
1996,"NEWBERRY",45071,107,47,1,0,59,2,0,1,0,1,105,47,0,58
1997,"NEWBERRY",45071,126,72,1,0,53,3,2,1,0,0,123,70,0,53
1998,"NEWBERRY",45071,116,62,0,0,54,0,0,0,0,0,116,62,0,54
1999,"NEWBERRY",45071,116,47,0,0,69,1,1,0,0,0,115,46,0,69
2000,"NEWBERRY",45071,114,41,0,0,73,0,0,0,0,0,114,41,0,73
2001,"NEWBERRY",45071,156,58,0,0,98,1,1,0,0,0,155,57,0,98
2002,"NEWBERRY",45071,191,60,1,0,130,1,0,1,0,0,190,60,0,130
2003,"NEWBERRY",45071,186,51,0,0,135,0,0,0,0,0,186,51,0,135
1990,"OCONEE",45073,59,38,1,0,20,6,5,1,0,0,53,33,0,20
1991,"OCONEE",45073,82,58,1,0,23,5,4,1,0,0,77,54,0,23
1992,"OCONEE",45073,95,78,0,1,16,2,1,0,1,0,93,77,0,16
1993,"OCONEE",45073,57,47,1,0,9,1,1,0,0,0,56,46,1,9
1994,"OCONEE",45073,52,47,1,0,4,1,0,1,0,0,51,47,0,4
1995,"OCONEE",45073,101,90,3,0,8,4,1,3,0,0,97,89,0,8
1996,"OCONEE",45073,130,118,1,0,11,2,1,1,0,0,128,117,0,11
1997,"OCONEE",45073,145,125,2,0,18,3,1,2,0,0,142,124,0,18
1998,"OCONEE",45073,127,114,1,0,12,3,2,0,0,1,124,112,1,11
1999,"OCONEE",45073,119,88,0,0,31,0,0,0,0,0,119,88,0,31
2000,"OCONEE",45073,100,86,1,0,13,3,2,1,0,0,97,84,0,13
2001,"OCONEE",45073,142,110,1,0,31,2,1,1,0,0,140,109,0,31
2002,"OCONEE",45073,162,123,1,0,38,2,2,0,0,0,160,121,1,38
2003,"OCONEE",45073,193,135,3,0,55,2,1,1,0,0,191,134,2,55
1990,"ORANGEBURG",45075,198,47,5,0,146,8,3,5,0,0,190,44,0,146
1991,"ORANGEBURG",45075,261,74,5,0,182,6,2,3,0,1,255,72,2,181
1992,"ORANGEBURG",45075,221,61,7,0,153,7,2,5,0,0,214,59,2,153
1993,"ORANGEBURG",45075,233,74,7,2,150,8,2,4,2,0,225,72,3,150
1994,"ORANGEBURG",45075,197,63,1,1,132,4,1,1,1,1,193,62,0,131
1995,"ORANGEBURG",45075,254,71,4,0,179,11,1,4,0,6,243,70,0,173
1996,"ORANGEBURG",45075,342,106,0,0,236,1,0,0,0,1,341,106,0,235
1997,"ORANGEBURG",45075,360,134,1,0,225,5,1,1,0,3,355,133,0,222
1998,"ORANGEBURG",45075,289,103,1,0,185,0,0,0,0,0,289,103,1,185
1999,"ORANGEBURG",45075,301,74,0,0,227,3,0,0,0,3,298,74,0,224
2000,"ORANGEBURG",45075,354,98,1,0,255,3,2,1,0,0,351,96,0,255
2001,"ORANGEBURG",45075,421,110,1,1,309,2,0,1,1,0,419,110,0,309
2002,"ORANGEBURG",45075,395,123,1,0,271,1,0,1,0,0,394,123,0,271
2003,"ORANGEBURG",45075,510,136,1,0,373,2,0,1,0,1,508,136,0,372
1990,"PICKENS",45077,87,66,2,0,19,5,3,2,0,0,82,63,0,19
1991,"PICKENS",45077,129,108,0,0,21,5,5,0,0,0,124,103,0,21
1992,"PICKENS",45077,103,88,3,0,12,2,0,2,0,0,101,88,1,12
1993,"PICKENS",45077,101,82,4,0,15,0,0,0,0,0,101,82,4,15
1994,"PICKENS",45077,107,97,2,0,8,1,1,0,0,0,106,96,2,8
1995,"PICKENS",45077,124,106,4,0,14,4,1,2,0,1,120,105,2,13
1996,"PICKENS",45077,180,157,4,0,19,6,2,4,0,0,174,155,0,19
1997,"PICKENS",45077,254,229,1,0,24,5,4,1,0,0,249,225,0,24
1998,"PICKENS",45077,280,234,1,0,45,5,4,1,0,0,275,230,0,45
1999,"PICKENS",45077,267,189,2,0,76,3,2,1,0,0,264,187,1,76
2000,"PICKENS",45077,289,219,0,0,70,3,3,0,0,0,286,216,0,70
2001,"PICKENS",45077,322,236,2,0,84,7,6,1,0,0,315,230,1,84
2002,"PICKENS",45077,363,231,0,0,132,1,1,0,0,0,362,230,0,132
2003,"PICKENS",45077,368,248,1,0,119,2,1,1,0,0,366,247,0,119
1990,"RICHLAND",45079,657,269,23,0,365,40,16,19,0,5,617,253,4,360
1991,"RICHLAND",45079,754,362,35,0,357,58,20,30,0,8,696,342,5,349
1992,"RICHLAND",45079,796,347,36,0,413,37,8,29,0,0,759,339,7,413
1993,"RICHLAND",45079,656,288,21,0,347,28,13,14,0,1,628,275,7,346
1994,"RICHLAND",45079,629,274,18,0,337,25,9,15,0,1,604,265,3,336
1995,"RICHLAND",45079,657,287,12,0,358,33,14,11,0,8,624,273,1,350
1996,"RICHLAND",45079,887,389,11,0,487,22,8,11,0,3,865,381,0,484
1997,"RICHLAND",45079,906,448,13,0,445,31,7,12,0,12,875,441,1,433
1998,"RICHLAND",45079,941,434,3,0,504,11,6,3,0,2,930,428,0,502
1999,"RICHLAND",45079,981,421,6,0,554,18,11,6,0,1,963,410,0,553
2000,"RICHLAND",45079,1046,393,81,0,572,88,9,79,0,0,958,384,2,572
2001,"RICHLAND",45079,1335,453,17,0,865,25,8,17,0,0,1310,445,0,865
2002,"RICHLAND",45079,1480,457,8,0,1015,24,17,7,0,0,1456,440,1,1015
2003,"RICHLAND",45079,1624,484,4,0,1136,20,14,4,0,2,1604,470,0,1134
1990,"SALUDA",45081,10,3,0,0,7,0,0,0,0,0,10,3,0,7
1991,"SALUDA",45081,16,5,0,0,11,1,1,0,0,0,15,4,0,11
1992,"SALUDA",45081,17,5,0,0,12,0,0,0,0,0,17,5,0,12
1993,"SALUDA",45081,25,3,0,0,22,0,0,0,0,0,25,3,0,22
1994,"SALUDA",45081,26,9,0,0,17,0,0,0,0,0,26,9,0,17
1995,"SALUDA",45081,24,8,0,0,16,0,0,0,0,0,24,8,0,16
1996,"SALUDA",45081,36,14,1,0,21,2,1,1,0,0,34,13,0,21
1997,"SALUDA",45081,35,16,0,0,19,0,0,0,0,0,35,16,0,19
1998,"SALUDA",45081,34,13,0,1,20,1,0,0,1,0,33,13,0,20
1999,"SALUDA",45081,43,16,0,0,27,1,0,0,0,1,42,16,0,26
2000,"SALUDA",45081,40,7,1,0,32,0,0,0,0,0,40,7,1,32
2001,"SALUDA",45081,63,20,0,1,42,1,0,0,1,0,62,20,0,42
2002,"SALUDA",45081,60,16,0,0,44,0,0,0,0,0,60,16,0,44
2003,"SALUDA",45081,62,20,0,0,42,1,1,0,0,0,61,19,0,42
1990,"SPARTANBURG",45083,341,186,15,0,140,27,13,12,0,2,314,173,3,138
1991,"SPARTANBURG",45083,484,317,14,0,153,22,9,10,0,3,462,308,4,150
1992,"SPARTANBURG",45083,444,320,18,0,106,8,2,6,0,0,436,318,12,106
1993,"SPARTANBURG",45083,409,290,18,0,101,5,0,5,0,0,404,290,13,101
1994,"SPARTANBURG",45083,389,281,16,0,92,10,2,7,0,1,379,279,9,91
1995,"SPARTANBURG",45083,442,327,16,0,99,22,12,10,0,0,420,315,6,99
1996,"SPARTANBURG",45083,591,457,13,0,121,20,6,12,0,2,571,451,1,119
1997,"SPARTANBURG",45083,656,520,11,0,125,26,11,10,0,5,630,509,1,120
1998,"SPARTANBURG",45083,797,585,2,0,210,14,10,2,0,2,783,575,0,208
1999,"SPARTANBURG",45083,823,522,2,0,299,6,3,2,0,1,817,519,0,298
2000,"SPARTANBURG",45083,848,523,2,1,322,8,3,2,1,2,840,520,0,320
2001,"SPARTANBURG",45083,873,513,5,0,355,11,7,3,0,1,862,506,2,354
2002,"SPARTANBURG",45083,1024,546,7,0,471,18,14,3,0,1,1006,532,4,470
2003,"SPARTANBURG",45083,940,512,4,0,424,14,10,4,0,0,926,502,0,424
1990,"SUMTER",45085,204,113,0,0,91,3,2,0,0,1,201,111,0,90
1991,"SUMTER",45085,305,163,2,0,140,7,5,2,0,0,298,158,0,140
1992,"SUMTER",45085,347,169,4,0,174,3,2,1,0,0,344,167,3,174
1993,"SUMTER",45085,267,118,3,0,146,3,0,3,0,0,264,118,0,146
1994,"SUMTER",45085,296,132,3,1,160,4,2,1,1,0,292,130,2,160
1995,"SUMTER",45085,359,195,1,2,161,7,2,1,2,2,352,193,0,159
1996,"SUMTER",45085,446,268,0,0,178,3,0,0,0,3,443,268,0,175
1997,"SUMTER",45085,518,319,0,0,199,9,5,0,0,4,509,314,0,195
1998,"SUMTER",45085,583,324,2,1,256,15,6,1,1,7,568,318,1,249
1999,"SUMTER",45085,526,262,0,0,264,6,1,0,0,5,520,261,0,259
2000,"SUMTER",45085,613,286,1,0,326,2,1,1,0,0,611,285,0,326
2001,"SUMTER",45085,658,262,1,0,395,3,0,1,0,2,655,262,0,393
2002,"SUMTER",45085,683,243,3,0,436,4,1,3,0,0,679,242,0,436
2003,"SUMTER",45085,772,289,1,2,480,3,0,1,2,0,769,289,0,480
1990,"UNION",45087,37,23,2,0,12,1,0,1,0,0,36,23,1,12
1991,"UNION",45087,53,39,3,0,11,3,0,3,0,0,50,39,0,11
1992,"UNION",45087,53,40,1,0,12,0,0,0,0,0,53,40,1,12
1993,"UNION",45087,49,38,1,0,10,0,0,0,0,0,49,38,1,10
1994,"UNION",45087,55,41,1,0,13,1,0,0,0,1,54,41,1,12
1995,"UNION",45087,86,72,3,0,11,2,0,2,0,0,84,72,1,11
1996,"UNION",45087,103,92,0,0,11,1,1,0,0,0,102,91,0,11
1997,"UNION",45087,155,137,1,0,17,4,0,1,0,3,151,137,0,14
1998,"UNION",45087,110,89,0,0,21,2,2,0,0,0,108,87,0,21
1999,"UNION",45087,122,95,0,0,27,0,0,0,0,0,122,95,0,27
2000,"UNION",45087,104,76,0,0,28,0,0,0,0,0,104,76,0,28
2001,"UNION",45087,107,71,0,0,36,0,0,0,0,0,107,71,0,36
2002,"UNION",45087,153,87,0,0,66,0,0,0,0,0,153,87,0,66
2003,"UNION",45087,133,78,0,0,55,0,0,0,0,0,133,78,0,55
1990,"WILLIAMSBURG",45089,40,6,0,0,34,1,0,0,0,1,39,6,0,33
1991,"WILLIAMSBURG",45089,73,14,0,1,58,2,0,0,1,1,71,14,0,57
1992,"WILLIAMSBURG",45089,54,10,0,1,43,2,1,0,1,0,52,9,0,43
1993,"WILLIAMSBURG",45089,51,11,0,1,39,1,0,0,1,0,50,11,0,39
1994,"WILLIAMSBURG",45089,64,10,0,0,54,0,0,0,0,0,64,10,0,54
1995,"WILLIAMSBURG",45089,79,9,0,1,69,1,0,0,1,0,78,9,0,69
1996,"WILLIAMSBURG",45089,119,24,0,0,95,0,0,0,0,0,119,24,0,95
1997,"WILLIAMSBURG",45089,110,22,0,0,88,0,0,0,0,0,110,22,0,88
1998,"WILLIAMSBURG",45089,105,31,1,0,73,1,0,1,0,0,104,31,0,73
1999,"WILLIAMSBURG",45089,96,20,0,0,76,0,0,0,0,0,96,20,0,76
2000,"WILLIAMSBURG",45089,112,32,1,1,78,2,0,1,1,0,110,32,0,78
2001,"WILLIAMSBURG",45089,124,36,2,0,86,1,0,1,0,0,123,36,1,86
2002,"WILLIAMSBURG",45089,141,31,0,0,110,0,0,0,0,0,141,31,0,110
2003,"WILLIAMSBURG",45089,167,30,0,0,137,0,0,0,0,0,167,30,0,137
1990,"YORK",45091,246,157,3,0,86,18,13,2,0,3,228,144,1,83
1991,"YORK",45091,288,169,5,1,113,18,11,3,1,3,270,158,2,110
1992,"YORK",45091,224,129,6,0,89,9,8,1,0,0,215,121,5,89
1993,"YORK",45091,209,126,3,0,80,6,4,2,0,0,203,122,1,80
1994,"YORK",45091,192,114,6,0,72,6,4,2,0,0,186,110,4,72
1995,"YORK",45091,264,167,5,0,92,15,10,5,0,0,249,157,0,92
1996,"YORK",45091,299,174,4,0,121,10,4,4,0,2,289,170,0,119
1997,"YORK",45091,376,233,2,0,141,20,9,2,0,9,356,224,0,132
1998,"YORK",45091,386,236,1,1,148,12,8,1,1,2,374,228,0,146
1999,"YORK",45091,303,181,2,2,118,10,6,2,2,0,293,175,0,118
2000,"YORK",45091,363,236,7,0,120,11,5,6,0,0,352,231,1,120
2001,"YORK",45091,310,216,0,0,94,1,1,0,0,0,309,215,0,94
2002,"YORK",45091,408,281,4,0,123,4,1,3,0,0,404,280,1,123
2003,"YORK",45091,470,316,3,0,151,5,3,2,0,0,465,313,1,151
1990,"AURORA",46003,6,4,1,1,0,3,1,1,1,0,3,3,0,0
1991,"AURORA",46003,1,0,0,1,0,1,0,0,1,0,0,0,0,0
1992,"AURORA",46003,4,2,0,1,1,2,0,0,1,1,2,2,0,0
1993,"AURORA",46003,5,5,0,0,0,0,0,0,0,0,5,5,0,0
1994,"AURORA",46003,3,2,0,1,0,2,1,0,1,0,1,1,0,0
1995,"AURORA",46003,9,8,0,1,0,3,2,0,1,0,6,6,0,0
1996,"AURORA",46003,3,2,0,0,1,1,0,0,0,1,2,2,0,0
1997,"AURORA",46003,4,4,0,0,0,1,1,0,0,0,3,3,0,0
1998,"AURORA",46003,5,4,0,0,1,1,0,0,0,1,4,4,0,0
1999,"AURORA",46003,3,3,0,0,0,0,0,0,0,0,3,3,0,0
2000,"AURORA",46003,6,6,0,0,0,0,0,0,0,0,6,6,0,0
2001,"AURORA",46003,5,5,0,0,0,1,1,0,0,0,4,4,0,0
2002,"AURORA",46003,5,5,0,0,0,0,0,0,0,0,5,5,0,0
2003,"AURORA",46003,6,5,0,0,1,0,0,0,0,0,6,5,0,1
1990,"BEADLE",46005,40,33,2,3,2,11,5,2,3,1,29,28,0,1
1991,"BEADLE",46005,32,26,2,3,1,7,2,2,3,0,25,24,0,1
1992,"BEADLE",46005,41,33,0,6,2,12,5,0,6,1,29,28,0,1
1993,"BEADLE",46005,21,21,0,0,0,1,1,0,0,0,20,20,0,0
1994,"BEADLE",46005,21,20,0,0,1,1,1,0,0,0,20,19,0,1
1995,"BEADLE",46005,37,36,0,1,0,2,1,0,1,0,35,35,0,0
1996,"BEADLE",46005,51,49,0,1,1,2,0,0,1,1,49,49,0,0
1997,"BEADLE",46005,67,67,0,0,0,2,2,0,0,0,65,65,0,0
1998,"BEADLE",46005,63,54,0,3,6,7,3,0,3,1,56,51,0,5
1999,"BEADLE",46005,59,56,1,2,0,4,1,1,2,0,55,55,0,0
2000,"BEADLE",46005,45,43,0,0,2,2,1,0,0,1,43,42,0,1
2001,"BEADLE",46005,69,67,1,0,1,2,1,1,0,0,67,66,0,1
2002,"BEADLE",46005,60,55,0,0,5,4,2,0,0,2,56,53,0,3
2003,"BEADLE",46005,41,38,0,0,3,3,2,0,0,1,38,36,0,2
1990,"BENNETT",46007,4,3,0,1,0,2,1,0,1,0,2,2,0,0
1991,"BENNETT",46007,1,1,0,0,0,1,1,0,0,0,0,0,0,0
1993,"BENNETT",46007,5,5,0,0,0,0,0,0,0,0,5,5,0,0
1994,"BENNETT",46007,3,3,0,0,0,0,0,0,0,0,3,3,0,0
1995,"BENNETT",46007,2,2,0,0,0,2,2,0,0,0,0,0,0,0
1996,"BENNETT",46007,3,2,0,1,0,1,0,0,1,0,2,2,0,0
1997,"BENNETT",46007,13,8,0,3,2,7,2,0,3,2,6,6,0,0
1998,"BENNETT",46007,7,3,1,2,1,4,0,1,2,1,3,3,0,0
1999,"BENNETT",46007,8,5,1,2,0,4,1,1,2,0,4,4,0,0
2000,"BENNETT",46007,3,3,0,0,0,0,0,0,0,0,3,3,0,0
2001,"BENNETT",46007,5,4,0,0,1,0,0,0,0,0,5,4,0,1
2002,"BENNETT",46007,2,2,0,0,0,0,0,0,0,0,2,2,0,0
2003,"BENNETT",46007,6,4,0,1,1,2,0,0,1,1,4,4,0,0
1990,"BON HOMME",46009,11,11,0,0,0,1,1,0,0,0,10,10,0,0
1991,"BON HOMME",46009,13,12,0,0,1,4,4,0,0,0,9,8,0,1
1992,"BON HOMME",46009,18,17,0,0,1,4,4,0,0,0,14,13,0,1
1993,"BON HOMME",46009,8,8,0,0,0,2,2,0,0,0,6,6,0,0
1994,"BON HOMME",46009,14,13,0,1,0,3,2,0,1,0,11,11,0,0
1995,"BON HOMME",46009,14,14,0,0,0,2,2,0,0,0,12,12,0,0
1996,"BON HOMME",46009,9,8,0,0,1,1,0,0,0,1,8,8,0,0
1997,"BON HOMME",46009,16,10,0,5,1,7,1,0,5,1,9,9,0,0
1998,"BON HOMME",46009,13,10,0,1,2,3,0,0,1,2,10,10,0,0
1999,"BON HOMME",46009,17,16,0,0,1,0,0,0,0,0,17,16,0,1
2000,"BON HOMME",46009,15,15,0,0,0,0,0,0,0,0,15,15,0,0
2001,"BON HOMME",46009,27,27,0,0,0,2,2,0,0,0,25,25,0,0
2002,"BON HOMME",46009,25,24,0,0,1,1,1,0,0,0,24,23,0,1
2003,"BON HOMME",46009,22,19,0,0,3,2,2,0,0,0,20,17,0,3
1990,"BROOKINGS",46011,26,23,0,1,2,9,7,0,1,1,17,16,0,1
1991,"BROOKINGS",46011,42,40,1,0,1,10,9,1,0,0,32,31,0,1
1992,"BROOKINGS",46011,45,39,2,1,3,11,6,2,1,2,34,33,0,1
1993,"BROOKINGS",46011,44,34,1,5,4,10,4,1,5,0,34,30,0,4
1994,"BROOKINGS",46011,32,32,0,0,0,4,4,0,0,0,28,28,0,0
1995,"BROOKINGS",46011,38,37,0,0,1,1,0,0,0,1,37,37,0,0
1996,"BROOKINGS",46011,49,45,0,3,1,6,2,0,3,1,43,43,0,0
1997,"BROOKINGS",46011,65,62,0,0,3,4,1,0,0,3,61,61,0,0
1998,"BROOKINGS",46011,49,49,0,0,0,0,0,0,0,0,49,49,0,0
1999,"BROOKINGS",46011,50,48,0,0,2,1,1,0,0,0,49,47,0,2
2000,"BROOKINGS",46011,62,59,0,0,3,2,2,0,0,0,60,57,0,3
2001,"BROOKINGS",46011,81,79,0,0,2,5,4,0,0,1,76,75,0,1
2002,"BROOKINGS",46011,59,58,0,0,1,1,1,0,0,0,58,57,0,1
2003,"BROOKINGS",46011,81,78,0,0,3,2,2,0,0,0,79,76,0,3
1990,"BROWN",46013,77,67,2,3,5,13,6,2,3,2,64,61,0,3
1991,"BROWN",46013,81,75,0,1,5,18,14,0,1,3,63,61,0,2
1992,"BROWN",46013,75,71,1,0,3,11,9,1,0,1,64,62,0,2
1993,"BROWN",46013,67,65,1,1,0,6,4,1,1,0,61,61,0,0
1994,"BROWN",46013,65,64,0,0,1,3,3,0,0,0,62,61,0,1
1995,"BROWN",46013,78,74,1,1,2,8,6,1,1,0,70,68,0,2
1996,"BROWN",46013,96,90,2,0,4,6,2,2,0,2,90,88,0,2
1997,"BROWN",46013,131,121,0,1,9,7,5,0,1,1,124,116,0,8
1998,"BROWN",46013,113,108,0,1,4,11,9,0,1,1,102,99,0,3
1999,"BROWN",46013,110,102,2,2,4,8,3,2,2,1,102,99,0,3
2000,"BROWN",46013,97,89,2,0,6,7,3,2,0,2,90,86,0,4
2001,"BROWN",46013,114,109,0,0,5,14,14,0,0,0,100,95,0,5
2002,"BROWN",46013,144,135,0,0,9,6,5,0,0,1,138,130,0,8
2003,"BROWN",46013,135,128,0,0,7,4,4,0,0,0,131,124,0,7
1990,"BRULE",46015,7,3,1,0,3,3,2,1,0,0,4,1,0,3
1991,"BRULE",46015,8,6,1,1,0,5,3,1,1,0,3,3,0,0
1992,"BRULE",46015,12,11,0,1,0,1,0,0,1,0,11,11,0,0
1993,"BRULE",46015,11,8,1,2,0,4,1,1,2,0,7,7,0,0
1994,"BRULE",46015,10,9,0,1,0,1,0,0,1,0,9,9,0,0
1995,"BRULE",46015,4,4,0,0,0,0,0,0,0,0,4,4,0,0
1996,"BRULE",46015,10,10,0,0,0,1,1,0,0,0,9,9,0,0
1997,"BRULE",46015,10,9,0,0,1,1,1,0,0,0,9,8,0,1
1998,"BRULE",46015,13,13,0,0,0,0,0,0,0,0,13,13,0,0
1999,"BRULE",46015,11,11,0,0,0,0,0,0,0,0,11,11,0,0
2000,"BRULE",46015,6,5,0,1,0,1,0,0,1,0,5,5,0,0
2001,"BRULE",46015,16,16,0,0,0,3,3,0,0,0,13,13,0,0
2002,"BRULE",46015,14,14,0,0,0,0,0,0,0,0,14,14,0,0
2003,"BRULE",46015,10,9,0,0,1,1,0,0,0,1,9,9,0,0
1993,"BUFFALO",46017,1,0,0,0,1,1,0,0,0,1,0,0,0,0
1995,"BUFFALO",46017,1,0,0,0,1,1,0,0,0,1,0,0,0,0
1996,"BUFFALO",46017,2,2,0,0,0,1,1,0,0,0,1,1,0,0
1997,"BUFFALO",46017,2,2,0,0,0,0,0,0,0,0,2,2,0,0
1999,"BUFFALO",46017,0,0,0,0,0,0,0,0,0,0,0,0,0,0
2001,"BUFFALO",46017,1,1,0,0,0,0,0,0,0,0,1,1,0,0
1990,"BUTTE",46019,21,19,0,1,1,9,8,0,1,0,12,11,0,1
1991,"BUTTE",46019,22,18,1,1,2,9,6,1,1,1,13,12,0,1
1992,"BUTTE",46019,14,13,0,0,1,2,2,0,0,0,12,11,0,1
1993,"BUTTE",46019,14,14,0,0,0,1,1,0,0,0,13,13,0,0
1994,"BUTTE",46019,22,22,0,0,0,1,1,0,0,0,21,21,0,0
1995,"BUTTE",46019,23,23,0,0,0,3,3,0,0,0,20,20,0,0
1996,"BUTTE",46019,30,28,0,0,2,3,2,0,0,1,27,26,0,1
1997,"BUTTE",46019,42,40,0,0,2,5,5,0,0,0,37,35,0,2
1998,"BUTTE",46019,27,27,0,0,0,0,0,0,0,0,27,27,0,0
1999,"BUTTE",46019,46,45,0,0,1,1,1,0,0,0,45,44,0,1
2000,"BUTTE",46019,42,42,0,0,0,0,0,0,0,0,42,42,0,0
2001,"BUTTE",46019,56,56,0,0,0,5,5,0,0,0,51,51,0,0
2002,"BUTTE",46019,29,28,0,0,1,2,1,0,0,1,27,27,0,0
2003,"BUTTE",46019,40,40,0,0,0,1,1,0,0,0,39,39,0,0
1990,"CAMPBELL",46021,1,0,0,0,0,1,0,0,1,0,0,0,0,0
1991,"CAMPBELL",46021,3,1,0,2,0,2,0,0,2,0,1,1,0,0
1992,"CAMPBELL",46021,2,2,0,0,0,0,0,0,0,0,2,2,0,0
1993,"CAMPBELL",46021,2,1,0,1,0,2,1,0,1,0,0,0,0,0
1994,"CAMPBELL",46021,3,2,0,0,1,1,0,0,0,1,2,2,0,0
1995,"CAMPBELL",46021,3,3,0,0,0,0,0,0,0,0,3,3,0,0
1996,"CAMPBELL",46021,4,3,0,1,0,1,0,0,1,0,3,3,0,0
1997,"CAMPBELL",46021,2,2,0,0,0,0,0,0,0,0,2,2,0,0
1998,"CAMPBELL",46021,3,2,0,1,0,1,0,0,1,0,2,2,0,0
1999,"CAMPBELL",46021,4,4,0,0,0,1,1,0,0,0,3,3,0,0
2000,"CAMPBELL",46021,1,0,0,0,1,0,0,0,0,0,1,0,0,1
2001,"CAMPBELL",46021,3,3,0,0,0,0,0,0,0,0,3,3,0,0
2002,"CAMPBELL",46021,4,4,0,0,0,0,0,0,0,0,4,4,0,0
2003,"CAMPBELL",46021,5,5,0,0,0,1,1,0,0,0,4,4,0,0
1990,"CHARLES MIX",46023,10,5,0,5,0,6,1,0,5,0,4,4,0,0
1991,"CHARLES MIX",46023,10,8,0,0,2,3,2,0,0,1,7,6,0,1
1992,"CHARLES MIX",46023,17,12,1,4,0,9,4,1,4,0,8,8,0,0
1993,"CHARLES MIX",46023,8,6,1,0,1,2,2,0,0,0,6,4,1,1
1994,"CHARLES MIX",46023,5,4,0,1,0,1,0,0,1,0,4,4,0,0
1995,"CHARLES MIX",46023,11,8,0,2,1,5,2,0,2,1,6,6,0,0
1996,"CHARLES MIX",46023,12,10,0,2,0,3,1,0,2,0,9,9,0,0
1997,"CHARLES MIX",46023,22,19,0,1,2,3,0,0,1,2,19,19,0,0
1998,"CHARLES MIX",46023,18,13,0,4,1,7,2,0,4,1,11,11,0,0
1999,"CHARLES MIX",46023,12,9,0,1,2,3,1,0,1,1,9,8,0,1
2000,"CHARLES MIX",46023,11,11,0,0,0,0,0,0,0,0,11,11,0,0
2001,"CHARLES MIX",46023,12,11,0,0,1,1,1,0,0,0,11,10,0,1
2002,"CHARLES MIX",46023,21,19,0,1,1,3,2,0,1,0,18,17,0,1
2003,"CHARLES MIX",46023,13,13,0,0,0,1,1,0,0,0,12,12,0,0
1990,"CLARK",46025,4,3,0,1,0,2,1,0,1,0,2,2,0,0
1991,"CLARK",46025,7,5,0,1,1,3,2,0,1,0,4,3,0,1
1992,"CLARK",46025,5,4,0,0,1,0,0,0,0,0,5,4,0,1
1993,"CLARK",46025,9,6,0,2,1,5,2,0,2,1,4,4,0,0
1994,"CLARK",46025,11,6,0,2,3,4,1,0,2,1,7,5,0,2
1995,"CLARK",46025,6,4,0,1,1,1,0,0,1,0,5,4,0,1
1996,"CLARK",46025,9,4,0,3,2,4,0,0,3,1,5,4,0,1
1997,"CLARK",46025,10,8,0,0,2,1,0,0,0,1,9,8,0,1
1998,"CLARK",46025,13,10,0,3,0,4,1,0,3,0,9,9,0,0
1999,"CLARK",46025,14,14,0,0,0,1,1,0,0,0,13,13,0,0
2000,"CLARK",46025,8,7,0,1,0,1,0,0,1,0,7,7,0,0
2001,"CLARK",46025,6,5,0,0,1,2,1,0,0,1,4,4,0,0
2002,"CLARK",46025,7,7,0,0,0,0,0,0,0,0,7,7,0,0
2003,"CLARK",46025,11,9,0,0,2,0,0,0,0,0,11,9,0,2
1990,"CLAY",46027,21,18,1,0,2,8,6,1,0,1,13,12,0,1
1991,"CLAY",46027,28,25,2,0,1,10,7,2,0,1,18,18,0,0
1992,"CLAY",46027,24,19,0,1,4,6,2,0,1,3,18,17,0,1
1993,"CLAY",46027,26,22,0,0,4,3,1,0,0,2,23,21,0,2
1994,"CLAY",46027,21,20,1,0,0,3,2,1,0,0,18,18,0,0
1995,"CLAY",46027,22,18,0,0,4,5,4,0,0,1,17,14,0,3
1996,"CLAY",46027,38,36,0,1,1,5,3,0,1,1,33,33,0,0
1997,"CLAY",46027,28,28,0,0,0,2,2,0,0,0,26,26,0,0
1998,"CLAY",46027,32,29,0,0,3,5,2,0,0,3,27,27,0,0
1999,"CLAY",46027,27,27,0,0,0,1,1,0,0,0,26,26,0,0
2000,"CLAY",46027,38,36,0,0,2,1,0,0,0,1,37,36,0,1
2001,"CLAY",46027,39,35,1,0,3,2,1,1,0,0,37,34,0,3
2002,"CLAY",46027,42,40,0,0,2,2,2,0,0,0,40,38,0,2
2003,"CLAY",46027,40,40,0,0,0,2,2,0,0,0,38,38,0,0
1990,"CODINGTON",46029,49,41,0,0,8,12,10,0,0,2,37,31,0,6
1991,"CODINGTON",46029,52,50,2,0,0,6,4,2,0,0,46,46,0,0
1992,"CODINGTON",46029,42,37,0,3,2,5,0,0,3,2,37,37,0,0
1993,"CODINGTON",46029,52,47,1,0,4,5,2,1,0,2,47,45,0,2
1994,"CODINGTON",46029,37,35,0,0,2,7,6,0,0,1,30,29,0,1
1995,"CODINGTON",46029,56,50,0,1,5,13,10,0,1,2,43,40,0,3
1996,"CODINGTON",46029,74,59,0,6,9,8,2,0,6,0,66,57,0,9
1997,"CODINGTON",46029,91,84,0,3,4,6,2,0,3,1,85,82,0,3
1998,"CODINGTON",46029,97,87,0,1,9,3,0,0,1,2,94,87,0,7
1999,"CODINGTON",46029,92,80,0,4,8,12,7,0,4,1,80,73,0,7
2000,"CODINGTON",46029,70,67,0,1,2,8,7,0,1,0,62,60,0,2
2001,"CODINGTON",46029,108,102,0,0,6,4,4,0,0,0,104,98,0,6
2002,"CODINGTON",46029,100,89,1,0,10,3,1,1,0,1,97,88,0,9
2003,"CODINGTON",46029,130,123,2,0,5,3,2,1,0,0,127,121,1,5
1990,"CORSON",46031,1,1,0,0,0,0,0,0,0,0,1,1,0,0
1991,"CORSON",46031,1,1,0,0,0,0,0,0,0,0,1,1,0,0
1992,"CORSON",46031,2,1,0,0,1,1,0,0,0,1,1,1,0,0
1993,"CORSON",46031,1,1,0,0,0,1,1,0,0,0,0,0,0,0
1995,"CORSON",46031,3,3,0,0,0,2,2,0,0,0,1,1,0,0
1996,"CORSON",46031,3,0,0,3,0,3,0,0,3,0,0,0,0,0
1997,"CORSON",46031,1,1,0,0,0,0,0,0,0,0,1,1,0,0
1998,"CORSON",46031,4,3,0,1,0,1,0,0,1,0,3,3,0,0
1999,"CORSON",46031,4,3,0,1,0,1,0,0,1,0,3,3,0,0
2000,"CORSON",46031,1,1,0,0,0,0,0,0,0,0,1,1,0,0
2001,"CORSON",46031,5,4,0,0,1,0,0,0,0,0,5,4,0,1
2002,"CORSON",46031,5,4,1,0,0,1,0,1,0,0,4,4,0,0
2003,"CORSON",46031,4,1,1,0,2,1,0,1,0,0,3,1,0,2
1990,"CUSTER",46033,17,17,0,0,0,4,4,0,0,0,13,13,0,0
1991,"CUSTER",46033,24,22,0,0,2,8,6,0,0,2,16,16,0,0
1992,"CUSTER",46033,22,18,1,0,3,6,2,1,0,3,16,16,0,0
1993,"CUSTER",46033,18,17,0,0,1,2,1,0,0,1,16,16,0,0
1994,"CUSTER",46033,11,11,0,0,0,0,0,0,0,0,11,11,0,0
1995,"CUSTER",46033,14,14,0,0,0,0,0,0,0,0,14,14,0,0
1996,"CUSTER",46033,21,21,0,0,0,3,3,0,0,0,18,18,0,0
1997,"CUSTER",46033,21,20,0,0,1,4,4,0,0,0,17,16,0,1
1998,"CUSTER",46033,20,18,0,1,1,1,0,0,1,0,19,18,0,1
1999,"CUSTER",46033,19,18,0,0,1,1,1,0,0,0,18,17,0,1
2000,"CUSTER",46033,19,18,0,0,1,1,1,0,0,0,18,17,0,1
2001,"CUSTER",46033,30,29,0,0,1,3,3,0,0,0,27,26,0,1
2002,"CUSTER",46033,24,23,0,0,1,0,0,0,0,0,24,23,0,1
2003,"CUSTER",46033,25,25,0,0,0,0,0,0,0,0,25,25,0,0
1990,"DAVISON",46035,49,45,3,0,1,15,11,3,0,1,34,34,0,0
1991,"DAVISON",46035,44,40,3,0,1,9,6,3,0,0,35,34,0,1
1992,"DAVISON",46035,46,43,0,2,1,9,6,0,2,1,37,37,0,0
1993,"DAVISON",46035,32,30,0,0,2,5,3,0,0,2,27,27,0,0
1994,"DAVISON",46035,27,24,1,0,2,3,1,1,0,1,24,23,0,1
1995,"DAVISON",46035,42,41,0,0,1,3,3,0,0,0,39,38,0,1
1996,"DAVISON",46035,42,40,1,0,1,5,4,1,0,0,37,36,0,1
1997,"DAVISON",46035,54,49,2,0,3,5,3,2,0,0,49,46,0,3
1998,"DAVISON",46035,55,53,1,0,1,4,3,1,0,0,51,50,0,1
1999,"DAVISON",46035,52,49,0,1,2,1,0,0,1,0,51,49,0,2
2000,"DAVISON",46035,38,38,0,0,0,3,3,0,0,0,35,35,0,0
2001,"DAVISON",46035,66,65,0,0,1,2,2,0,0,0,64,63,0,1
2002,"DAVISON",46035,76,72,0,0,4,2,2,0,0,0,74,70,0,4
2003,"DAVISON",46035,75,74,0,0,1,2,2,0,0,0,73,72,0,1
1990,"DAY",46037,8,6,0,2,0,3,1,0,2,0,5,5,0,0
1991,"DAY",46037,12,7,1,2,2,7,3,1,2,1,5,4,0,1
1992,"DAY",46037,7,7,0,0,0,1,1,0,0,0,6,6,0,0
1993,"DAY",46037,11,9,0,2,0,3,1,0,2,0,8,8,0,0
1994,"DAY",46037,9,8,0,0,1,3,2,0,0,1,6,6,0,0
1995,"DAY",46037,14,12,0,2,0,5,3,0,2,0,9,9,0,0
1996,"DAY",46037,15,10,0,3,2,4,1,0,3,0,11,9,0,2
1997,"DAY",46037,12,6,1,1,4,5,0,1,1,3,7,6,0,1
1998,"DAY",46037,16,15,0,0,1,3,2,0,0,1,13,13,0,0
1999,"DAY",46037,18,14,0,0,4,1,1,0,0,0,17,13,0,4
2000,"DAY",46037,5,5,0,0,0,0,0,0,0,0,5,5,0,0
2001,"DAY",46037,13,12,0,0,1,2,2,0,0,0,11,10,0,1
2002,"DAY",46037,14,12,0,0,2,1,1,0,0,0,13,11,0,2
2003,"DAY",46037,15,15,0,0,0,0,0,0,0,0,15,15,0,0
1990,"DEUEL",46039,9,4,0,3,2,4,1,0,3,0,5,3,0,2
1991,"DEUEL",46039,6,2,0,3,1,4,0,0,3,1,2,2,0,0
1992,"DEUEL",46039,7,5,0,1,1,2,1,0,1,0,5,4,0,1
1993,"DEUEL",46039,7,6,0,1,0,1,0,0,1,0,6,6,0,0
1994,"DEUEL",46039,6,4,0,1,1,2,0,0,1,1,4,4,0,0
1995,"DEUEL",46039,9,8,0,0,1,2,2,0,0,0,7,6,0,1
1996,"DEUEL",46039,11,7,0,1,3,1,0,0,1,0,10,7,0,3
1997,"DEUEL",46039,9,5,1,0,3,3,1,1,0,1,6,4,0,2
1998,"DEUEL",46039,12,7,0,1,4,3,0,0,1,2,9,7,0,2
1999,"DEUEL",46039,6,5,0,1,0,1,0,0,1,0,5,5,0,0
2000,"DEUEL",46039,4,4,0,0,0,1,1,0,0,0,3,3,0,0
2001,"DEUEL",46039,10,8,2,0,0,3,1,2,0,0,7,7,0,0
2002,"DEUEL",46039,8,7,0,0,1,2,1,0,0,1,6,6,0,0
2003,"DEUEL",46039,14,14,0,0,0,0,0,0,0,0,14,14,0,0
1990,"DEWEY",46041,4,2,0,2,0,2,0,0,2,0,2,2,0,0
1991,"DEWEY",46041,4,4,0,0,0,0,0,0,0,0,4,4,0,0
1992,"DEWEY",46041,6,6,0,0,0,1,1,0,0,0,5,5,0,0
1993,"DEWEY",46041,4,1,0,2,1,3,0,0,2,1,1,1,0,0
1994,"DEWEY",46041,5,2,0,1,2,2,0,0,1,1,3,2,0,1
1995,"DEWEY",46041,7,4,0,2,1,3,0,0,2,1,4,4,0,0
1996,"DEWEY",46041,5,4,0,0,1,2,2,0,0,0,3,2,0,1
1997,"DEWEY",46041,3,3,0,0,0,0,0,0,0,0,3,3,0,0
1998,"DEWEY",46041,12,9,0,3,0,3,0,0,3,0,9,9,0,0
1999,"DEWEY",46041,10,5,0,5,0,5,0,0,5,0,5,5,0,0
2000,"DEWEY",46041,9,6,0,2,1,3,0,0,2,1,6,6,0,0
2001,"DEWEY",46041,6,6,0,0,0,0,0,0,0,0,6,6,0,0
2002,"DEWEY",46041,3,3,0,0,0,0,0,0,0,0,3,3,0,0
2003,"DEWEY",46041,6,5,0,0,1,1,1,0,0,0,5,4,0,1
1990,"DOUGLAS",46043,1,1,0,0,0,0,0,0,0,0,1,1,0,0
1991,"DOUGLAS",46043,4,2,0,2,0,2,0,0,2,0,2,2,0,0
1992,"DOUGLAS",46043,4,3,0,1,0,4,3,0,1,0,0,0,0,0
1993,"DOUGLAS",46043,1,1,0,0,0,1,1,0,0,0,0,0,0,0
1994,"DOUGLAS",46043,4,3,0,1,0,1,0,0,1,0,3,3,0,0
1995,"DOUGLAS",46043,3,3,0,0,0,0,0,0,0,0,3,3,0,0
1996,"DOUGLAS",46043,3,3,0,0,0,0,0,0,0,0,3,3,0,0
1997,"DOUGLAS",46043,10,10,0,0,0,0,0,0,0,0,10,10,0,0
1998,"DOUGLAS",46043,8,5,0,0,3,2,1,0,0,1,6,4,0,2
1999,"DOUGLAS",46043,7,7,0,0,0,0,0,0,0,0,7,7,0,0
2000,"DOUGLAS",46043,4,4,0,0,0,0,0,0,0,0,4,4,0,0
2001,"DOUGLAS",46043,2,2,0,0,0,0,0,0,0,0,2,2,0,0
2002,"DOUGLAS",46043,7,7,0,0,0,0,0,0,0,0,7,7,0,0
2003,"DOUGLAS",46043,4,4,0,0,0,0,0,0,0,0,4,4,0,0
1990,"EDMUNDS",46045,6,5,0,0,1,0,0,0,0,0,6,5,0,1
1991,"EDMUNDS",46045,10,10,0,0,0,5,5,0,0,0,5,5,0,0
1992,"EDMUNDS",46045,6,4,0,2,0,4,2,0,2,0,2,2,0,0
1993,"EDMUNDS",46045,5,4,0,1,0,1,0,0,1,0,4,4,0,0
1994,"EDMUNDS",46045,3,3,0,0,0,0,0,0,0,0,3,3,0,0
1995,"EDMUNDS",46045,5,4,0,1,0,1,0,0,1,0,4,4,0,0
1996,"EDMUNDS",46045,9,6,0,2,1,3,1,0,2,0,6,5,0,1
1997,"EDMUNDS",46045,8,6,0,2,0,3,1,0,2,0,5,5,0,0
1998,"EDMUNDS",46045,14,13,0,1,0,4,3,0,1,0,10,10,0,0
1999,"EDMUNDS",46045,12,11,0,1,0,1,0,0,1,0,11,11,0,0
2000,"EDMUNDS",46045,8,8,0,0,0,0,0,0,0,0,8,8,0,0
2001,"EDMUNDS",46045,3,2,0,0,1,0,0,0,0,0,3,2,0,1
2002,"EDMUNDS",46045,7,6,0,1,0,1,0,0,1,0,6,6,0,0
2003,"EDMUNDS",46045,11,10,0,0,1,1,0,0,0,1,10,10,0,0
1990,"FALL RIVER",46047,18,17,0,0,1,8,7,0,0,1,10,10,0,0
1991,"FALL RIVER",46047,12,10,1,0,1,1,0,1,0,0,11,10,0,1
1992,"FALL RIVER",46047,22,20,0,0,2,5,4,0,0,1,17,16,0,1
1993,"FALL RIVER",46047,21,20,0,0,1,0,0,0,0,0,21,20,0,1
1994,"FALL RIVER",46047,11,11,0,0,0,1,1,0,0,0,10,10,0,0
1995,"FALL RIVER",46047,11,9,0,0,2,1,0,0,0,1,10,9,0,1
1996,"FALL RIVER",46047,24,20,0,0,4,3,2,0,0,1,21,18,0,3
1997,"FALL RIVER",46047,31,30,0,0,1,3,3,0,0,0,28,27,0,1
1998,"FALL RIVER",46047,32,28,0,1,3,2,1,0,1,0,30,27,0,3
1999,"FALL RIVER",46047,24,23,0,0,1,0,0,0,0,0,24,23,0,1
2000,"FALL RIVER",46047,21,20,0,0,1,1,1,0,0,0,20,19,0,1
2001,"FALL RIVER",46047,38,37,0,0,1,1,1,0,0,0,37,36,0,1
2002,"FALL RIVER",46047,22,20,0,0,2,1,1,0,0,0,21,19,0,2
2003,"FALL RIVER",46047,26,24,0,1,1,1,0,0,1,0,25,24,0,1
1990,"FAULK",46049,2,2,0,0,0,1,1,0,0,0,1,1,0,0
1991,"FAULK",46049,6,5,1,0,0,4,3,1,0,0,2,2,0,0
1992,"FAULK",46049,4,4,0,0,0,2,2,0,0,0,2,2,0,0
1993,"FAULK",46049,9,8,0,0,1,1,1,0,0,0,8,7,0,1
1994,"FAULK",46049,5,4,0,1,0,1,0,0,1,0,4,4,0,0
1995,"FAULK",46049,4,2,0,2,0,2,0,0,2,0,2,2,0,0
1996,"FAULK",46049,4,4,0,0,0,2,2,0,0,0,2,2,0,0
1997,"FAULK",46049,1,1,0,0,0,0,0,0,0,0,1,1,0,0
1998,"FAULK",46049,1,1,0,0,0,0,0,0,0,0,1,1,0,0
1999,"FAULK",46049,3,3,0,0,0,0,0,0,0,0,3,3,0,0
2000,"FAULK",46049,6,6,0,0,0,1,1,0,0,0,5,5,0,0
2001,"FAULK",46049,7,7,0,0,0,2,2,0,0,0,5,5,0,0
2002,"FAULK",46049,3,3,0,0,0,0,0,0,0,0,3,3,0,0
2003,"FAULK",46049,1,1,0,0,0,0,0,0,0,0,1,1,0,0
1990,"GRANT",46051,11,8,0,3,0,6,3,0,3,0,5,5,0,0
1991,"GRANT",46051,8,8,0,0,0,2,2,0,0,0,6,6,0,0
1992,"GRANT",46051,19,16,0,1,2,4,2,0,1,1,15,14,0,1
1993,"GRANT",46051,13,13,0,0,0,1,1,0,0,0,12,12,0,0
1994,"GRANT",46051,7,6,0,0,1,2,1,0,0,1,5,5,0,0
1995,"GRANT",46051,11,8,0,0,3,3,1,0,0,2,8,7,0,1
1996,"GRANT",46051,18,14,3,0,1,7,3,3,0,1,11,11,0,0
1997,"GRANT",46051,20,16,0,1,3,3,1,0,1,1,17,15,0,2
1998,"GRANT",46051,16,15,0,1,0,2,1,0,1,0,14,14,0,0
1999,"GRANT",46051,13,13,0,0,0,0,0,0,0,0,13,13,0,0
2000,"GRANT",46051,13,13,0,0,0,0,0,0,0,0,13,13,0,0
2001,"GRANT",46051,21,18,0,0,3,1,1,0,0,0,20,17,0,3
2002,"GRANT",46051,17,17,0,0,0,2,2,0,0,0,15,15,0,0
2003,"GRANT",46051,21,18,1,0,2,3,1,1,0,1,18,17,0,1
1990,"GREGORY",46053,2,0,0,0,0,2,0,0,2,0,0,0,0,0
1991,"GREGORY",46053,2,2,0,0,0,0,0,0,0,0,2,2,0,0
1992,"GREGORY",46053,9,4,0,3,2,6,2,0,3,1,3,2,0,1
1993,"GREGORY",46053,2,1,0,1,0,1,0,0,1,0,1,1,0,0
1994,"GREGORY",46053,3,1,0,1,1,2,0,0,1,1,1,1,0,0
1995,"GREGORY",46053,2,2,0,0,0,0,0,0,0,0,2,2,0,0
1996,"GREGORY",46053,1,1,0,0,0,0,0,0,0,0,1,1,0,0
1997,"GREGORY",46053,15,10,0,4,1,5,0,0,4,1,10,10,0,0
1998,"GREGORY",46053,12,8,0,2,2,5,2,0,2,1,7,6,0,1
1999,"GREGORY",46053,6,6,0,0,0,0,0,0,0,0,6,6,0,0
2000,"GREGORY",46053,8,8,0,0,0,0,0,0,0,0,8,8,0,0
2001,"GREGORY",46053,7,6,0,0,1,3,2,0,0,1,4,4,0,0
2002,"GREGORY",46053,13,13,0,0,0,1,1,0,0,0,12,12,0,0
2003,"GREGORY",46053,12,12,0,0,0,2,2,0,0,0,10,10,0,0
1990,"HAAKON",46055,1,1,0,0,0,0,0,0,0,0,1,1,0,0
1991,"HAAKON",46055,2,2,0,0,0,0,0,0,0,0,2,2,0,0
1992,"HAAKON",46055,1,0,0,0,1,0,0,0,0,0,1,0,0,1
1994,"HAAKON",46055,1,0,0,0,1,0,0,0,0,0,1,0,0,1
1995,"HAAKON",46055,1,1,0,0,0,0,0,0,0,0,1,1,0,0
1996,"HAAKON",46055,2,2,0,0,0,0,0,0,0,0,2,2,0,0
1997,"HAAKON",46055,2,2,0,0,0,1,1,0,0,0,1,1,0,0
1998,"HAAKON",46055,3,3,0,0,0,0,0,0,0,0,3,3,0,0
1999,"HAAKON",46055,2,2,0,0,0,0,0,0,0,0,2,2,0,0
2000,"HAAKON",46055,3,3,0,0,0,0,0,0,0,0,3,3,0,0
2001,"HAAKON",46055,4,4,0,0,0,2,2,0,0,0,2,2,0,0
2003,"HAAKON",46055,2,2,0,0,0,0,0,0,0,0,2,2,0,0
1990,"HAMLIN",46057,8,5,0,1,2,3,0,0,1,2,5,5,0,0
1991,"HAMLIN",46057,4,1,1,2,0,3,0,1,2,0,1,1,0,0
1992,"HAMLIN",46057,10,6,0,3,1,3,0,0,3,0,7,6,0,1
1993,"HAMLIN",46057,11,11,0,0,0,3,3,0,0,0,8,8,0,0
1994,"HAMLIN",46057,6,5,1,0,0,2,1,1,0,0,4,4,0,0
1995,"HAMLIN",46057,10,9,0,0,1,1,0,0,0,1,9,9,0,0
1996,"HAMLIN",46057,6,6,0,0,0,0,0,0,0,0,6,6,0,0
1997,"HAMLIN",46057,10,9,0,0,1,1,1,0,0,0,9,8,0,1
1998,"HAMLIN",46057,13,11,0,1,1,1,0,0,1,0,12,11,0,1
1999,"HAMLIN",46057,12,12,0,0,0,1,1,0,0,0,11,11,0,0
2000,"HAMLIN",46057,6,6,0,0,0,2,2,0,0,0,4,4,0,0
2001,"HAMLIN",46057,9,8,0,0,1,1,0,0,0,1,8,8,0,0
2002,"HAMLIN",46057,17,15,0,0,2,0,0,0,0,0,17,15,0,2
2003,"HAMLIN",46057,19,19,0,0,0,1,1,0,0,0,18,18,0,0
1990,"HAND",46059,8,3,1,4,0,6,1,1,4,0,2,2,0,0
1991,"HAND",46059,1,0,0,1,0,1,0,0,1,0,0,0,0,0
1992,"HAND",46059,8,4,1,3,0,4,0,1,3,0,4,4,0,0
1993,"HAND",46059,2,1,1,0,0,1,0,1,0,0,1,1,0,0
1994,"HAND",46059,4,2,0,1,1,1,0,0,1,0,3,2,0,1
1995,"HAND",46059,5,5,0,0,0,1,1,0,0,0,4,4,0,0
1996,"HAND",46059,6,4,0,1,1,2,0,0,1,1,4,4,0,0
1997,"HAND",46059,7,4,0,1,2,4,1,0,1,2,3,3,0,0
1998,"HAND",46059,4,3,0,1,0,1,0,0,1,0,3,3,0,0
1999,"HAND",46059,7,7,0,0,0,2,2,0,0,0,5,5,0,0
2000,"HAND",46059,3,3,0,0,0,1,1,0,0,0,2,2,0,0
2001,"HAND",46059,9,9,0,0,0,1,1,0,0,0,8,8,0,0
2002,"HAND",46059,3,3,0,0,0,0,0,0,0,0,3,3,0,0
2003,"HAND",46059,8,6,0,1,1,1,0,0,1,0,7,6,0,1
1990,"HANSON",46061,1,1,0,0,0,0,0,0,0,0,1,1,0,0
1991,"HANSON",46061,2,2,0,0,0,0,0,0,0,0,2,2,0,0
1992,"HANSON",46061,3,2,0,0,1,1,0,0,0,1,2,2,0,0
1993,"HANSON",46061,3,3,0,0,0,0,0,0,0,0,3,3,0,0
1994,"HANSON",46061,4,4,0,0,0,1,1,0,0,0,3,3,0,0
1995,"HANSON",46061,3,3,0,0,0,0,0,0,0,0,3,3,0,0
1996,"HANSON",46061,6,6,0,0,0,0,0,0,0,0,6,6,0,0
1997,"HANSON",46061,8,8,0,0,0,0,0,0,0,0,8,8,0,0
1998,"HANSON",46061,2,2,0,0,0,0,0,0,0,0,2,2,0,0
1999,"HANSON",46061,1,1,0,0,0,0,0,0,0,0,1,1,0,0
2000,"HANSON",46061,5,5,0,0,0,0,0,0,0,0,5,5,0,0
2001,"HANSON",46061,5,5,0,0,0,0,0,0,0,0,5,5,0,0
2002,"HANSON",46061,13,12,0,0,1,1,1,0,0,0,12,11,0,1
2003,"HANSON",46061,12,12,0,0,0,0,0,0,0,0,12,12,0,0
1990,"HARDING",46063,1,0,0,0,0,1,0,0,1,0,0,0,0,0
1991,"HARDING",46063,1,1,0,0,0,1,1,0,0,0,0,0,0,0
1993,"HARDING",46063,2,1,1,0,0,1,0,1,0,0,1,1,0,0
1994,"HARDING",46063,5,4,0,1,0,1,0,0,1,0,4,4,0,0
1995,"HARDING",46063,2,1,0,0,1,1,0,0,0,1,1,1,0,0
1997,"HARDING",46063,2,1,0,0,1,1,0,0,0,1,1,1,0,0
1998,"HARDING",46063,6,6,0,0,0,0,0,0,0,0,6,6,0,0
1999,"HARDING",46063,4,4,0,0,0,1,1,0,0,0,3,3,0,0
2001,"HARDING",46063,2,2,0,0,0,0,0,0,0,0,2,2,0,0
2002,"HARDING",46063,2,2,0,0,0,0,0,0,0,0,2,2,0,0
2003,"HARDING",46063,6,6,0,0,0,1,1,0,0,0,5,5,0,0
1990,"HUGHES",46065,26,22,1,2,1,10,6,1,2,1,16,16,0,0
1991,"HUGHES",46065,31,29,0,0,2,8,6,0,0,2,23,23,0,0
1992,"HUGHES",46065,29,22,0,0,7,5,4,0,0,1,24,18,0,6
1993,"HUGHES",46065,20,18,0,2,0,9,7,0,2,0,11,11,0,0
1994,"HUGHES",46065,22,19,0,0,3,1,1,0,0,0,21,18,0,3
1995,"HUGHES",46065,14,13,0,1,0,2,1,0,1,0,12,12,0,0
1996,"HUGHES",46065,36,30,0,0,6,5,4,0,0,1,31,26,0,5
1997,"HUGHES",46065,48,45,0,1,2,5,3,0,1,1,43,42,0,1
1998,"HUGHES",46065,34,31,0,1,2,4,2,0,1,1,30,29,0,1
1999,"HUGHES",46065,27,26,1,0,0,5,4,1,0,0,22,22,0,0
2000,"HUGHES",46065,37,34,0,0,3,3,3,0,0,0,34,31,0,3
2001,"HUGHES",46065,48,47,0,0,1,5,4,0,0,1,43,43,0,0
2002,"HUGHES",46065,48,48,0,0,0,2,2,0,0,0,46,46,0,0
2003,"HUGHES",46065,46,45,0,0,1,2,2,0,0,0,44,43,0,1
1990,"HUTCHINSON",46067,10,8,0,2,0,3,1,0,2,0,7,7,0,0
1991,"HUTCHINSON",46067,15,10,0,4,1,7,3,0,4,0,8,7,0,1
1992,"HUTCHINSON",46067,8,5,0,3,0,5,2,0,3,0,3,3,0,0
1993,"HUTCHINSON",46067,6,5,0,1,0,1,0,0,1,0,5,5,0,0
1994,"HUTCHINSON",46067,8,6,0,1,1,2,1,0,1,0,6,5,0,1
1995,"HUTCHINSON",46067,13,10,0,1,2,4,2,0,1,1,9,8,0,1
1996,"HUTCHINSON",46067,10,9,0,0,1,1,1,0,0,0,9,8,0,1
1997,"HUTCHINSON",46067,14,11,0,1,2,2,0,0,1,1,12,11,0,1
1998,"HUTCHINSON",46067,14,13,0,0,1,3,2,0,0,1,11,11,0,0
1999,"HUTCHINSON",46067,6,6,0,0,0,1,1,0,0,0,5,5,0,0
2000,"HUTCHINSON",46067,17,13,0,0,4,1,0,0,0,1,16,13,0,3
2001,"HUTCHINSON",46067,16,15,0,0,1,5,5,0,0,0,11,10,0,1
2002,"HUTCHINSON",46067,13,13,0,0,0,1,1,0,0,0,12,12,0,0
2003,"HUTCHINSON",46067,20,19,1,0,0,2,1,1,0,0,18,18,0,0
1990,"HYDE",46069,2,0,0,0,0,2,0,0,2,0,0,0,0,0
1992,"HYDE",46069,4,2,0,2,0,2,0,0,2,0,2,2,0,0
1993,"HYDE",46069,1,1,0,0,0,0,0,0,0,0,1,1,0,0
1996,"HYDE",46069,1,1,0,0,0,0,0,0,0,0,1,1,0,0
1997,"HYDE",46069,3,1,0,2,0,2,0,0,2,0,1,1,0,0
1998,"HYDE",46069,7,6,0,0,1,0,0,0,0,0,7,6,0,1
1999,"HYDE",46069,1,1,0,0,0,1,1,0,0,0,0,0,0,0
2000,"HYDE",46069,3,3,0,0,0,1,1,0,0,0,2,2,0,0
2001,"HYDE",46069,1,1,0,0,0,0,0,0,0,0,1,1,0,0
2002,"HYDE",46069,2,2,0,0,0,0,0,0,0,0,2,2,0,0
2003,"HYDE",46069,2,2,0,0,0,0,0,0,0,0,2,2,0,0
1990,"JACKSON",46071,3,3,0,0,0,2,2,0,0,0,1,1,0,0
1991,"JACKSON",46071,1,1,0,0,0,0,0,0,0,0,1,1,0,0
1992,"JACKSON",46071,1,1,0,0,0,0,0,0,0,0,1,1,0,0
1993,"JACKSON",46071,3,1,0,1,1,1,0,0,1,0,2,1,0,1
1994,"JACKSON",46071,1,1,0,0,0,0,0,0,0,0,1,1,0,0
1995,"JACKSON",46071,1,1,0,0,0,0,0,0,0,0,1,1,0,0
1996,"JACKSON",46071,2,1,0,0,1,1,0,0,0,1,1,1,0,0
1997,"JACKSON",46071,2,2,0,0,0,0,0,0,0,0,2,2,0,0
1998,"JACKSON",46071,4,4,0,0,0,2,2,0,0,0,2,2,0,0
1999,"JACKSON",46071,2,2,0,0,0,0,0,0,0,0,2,2,0,0
2000,"JACKSON",46071,2,2,0,0,0,0,0,0,0,0,2,2,0,0
2001,"JACKSON",46071,4,4,0,0,0,0,0,0,0,0,4,4,0,0
2003,"JACKSON",46071,6,6,0,0,0,2,2,0,0,0,4,4,0,0
1990,"JERAULD",46073,1,1,0,0,0,1,1,0,0,0,0,0,0,0
1991,"JERAULD",46073,3,3,0,0,0,1,1,0,0,0,2,2,0,0
1992,"JERAULD",46073,2,1,0,1,0,1,0,0,1,0,1,1,0,0
1993,"JERAULD",46073,5,5,0,0,0,2,2,0,0,0,3,3,0,0
1994,"JERAULD",46073,2,2,0,0,0,0,0,0,0,0,2,2,0,0
1995,"JERAULD",46073,3,2,0,1,0,1,0,0,1,0,2,2,0,0
1997,"JERAULD",46073,6,6,0,0,0,2,2,0,0,0,4,4,0,0
1998,"JERAULD",46073,6,5,0,1,0,2,1,0,1,0,4,4,0,0
1999,"JERAULD",46073,1,1,0,0,0,0,0,0,0,0,1,1,0,0
2000,"JERAULD",46073,1,1,0,0,0,0,0,0,0,0,1,1,0,0
2001,"JERAULD",46073,4,4,0,0,0,0,0,0,0,0,4,4,0,0
2002,"JERAULD",46073,5,5,0,0,0,0,0,0,0,0,5,5,0,0
2003,"JERAULD",46073,5,5,0,0,0,0,0,0,0,0,5,5,0,0
1991,"JONES",46075,3,3,0,0,0,0,0,0,0,0,3,3,0,0
1992,"JONES",46075,3,1,0,1,1,2,0,0,1,1,1,1,0,0
1993,"JONES",46075,2,2,0,0,0,0,0,0,0,0,2,2,0,0
1994,"JONES",46075,1,0,0,0,1,1,0,0,0,1,0,0,0,0
1995,"JONES",46075,2,1,0,1,0,1,0,0,1,0,1,1,0,0
1996,"JONES",46075,3,3,0,0,0,0,0,0,0,0,3,3,0,0
1997,"JONES",46075,4,4,0,0,0,2,2,0,0,0,2,2,0,0
1998,"JONES",46075,3,2,0,0,1,0,0,0,0,0,3,2,0,1
1999,"JONES",46075,0,0,0,0,0,0,0,0,0,0,0,0,0,0
2000,"JONES",46075,1,1,0,0,0,0,0,0,0,0,1,1,0,0
2001,"JONES",46075,2,2,0,0,0,0,0,0,0,0,2,2,0,0
2002,"JONES",46075,2,2,0,0,0,1,1,0,0,0,1,1,0,0
2003,"JONES",46075,4,4,0,0,0,0,0,0,0,0,4,4,0,0
1990,"KINGSBURY",46077,6,5,0,0,1,2,1,0,0,1,4,4,0,0
1991,"KINGSBURY",46077,4,4,0,0,0,4,4,0,0,0,0,0,0,0
1992,"KINGSBURY",46077,12,8,0,0,4,3,0,0,0,3,9,8,0,1
1993,"KINGSBURY",46077,6,5,0,1,0,2,1,0,1,0,4,4,0,0
1994,"KINGSBURY",46077,5,5,0,0,0,1,1,0,0,0,4,4,0,0
1995,"KINGSBURY",46077,6,6,0,0,0,0,0,0,0,0,6,6,0,0
1996,"KINGSBURY",46077,5,5,0,0,0,0,0,0,0,0,5,5,0,0
1997,"KINGSBURY",46077,9,9,0,0,0,1,1,0,0,0,8,8,0,0
1998,"KINGSBURY",46077,12,12,0,0,0,1,1,0,0,0,11,11,0,0
1999,"KINGSBURY",46077,16,15,0,0,1,3,3,0,0,0,13,12,0,1
2000,"KINGSBURY",46077,9,9,0,0,0,0,0,0,0,0,9,9,0,0
2001,"KINGSBURY",46077,14,13,0,0,1,2,1,0,0,1,12,12,0,0
2002,"KINGSBURY",46077,7,7,0,0,0,0,0,0,0,0,7,7,0,0
2003,"KINGSBURY",46077,16,16,0,0,0,1,1,0,0,0,15,15,0,0
1990,"LAKE",46079,12,11,0,0,1,4,3,0,0,1,8,8,0,0
1991,"LAKE",46079,10,10,0,0,0,3,3,0,0,0,7,7,0,0
1992,"LAKE",46079,17,16,0,0,1,2,1,0,0,1,15,15,0,0
1993,"LAKE",46079,13,13,0,0,0,0,0,0,0,0,13,13,0,0
1994,"LAKE",46079,20,19,0,1,0,2,1,0,1,0,18,18,0,0
1995,"LAKE",46079,24,22,0,0,2,2,1,0,0,1,22,21,0,1
1996,"LAKE",46079,29,28,0,1,0,2,1,0,1,0,27,27,0,0
1997,"LAKE",46079,35,32,0,2,1,2,0,0,2,0,33,32,0,1
1998,"LAKE",46079,27,26,0,0,1,1,1,0,0,0,26,25,0,1
1999,"LAKE",46079,36,35,0,0,1,0,0,0,0,0,36,35,0,1
2000,"LAKE",46079,16,16,0,0,0,1,1,0,0,0,15,15,0,0
2001,"LAKE",46079,24,23,0,0,1,0,0,0,0,0,24,23,0,1
2002,"LAKE",46079,26,24,0,0,2,1,1,0,0,0,25,23,0,2
2003,"LAKE",46079,36,32,0,0,4,1,0,0,0,1,35,32,0,3
1990,"LAWRENCE",46081,38,34,1,0,3,9,6,1,0,2,29,28,0,1
1991,"LAWRENCE",46081,42,36,1,0,5,8,5,1,0,2,34,31,0,3
1992,"LAWRENCE",46081,50,47,1,0,2,10,9,1,0,0,40,38,0,2
1993,"LAWRENCE",46081,48,43,2,0,3,5,3,2,0,0,43,40,0,3
1994,"LAWRENCE",46081,37,32,1,0,4,7,5,1,0,1,30,27,0,3
1995,"LAWRENCE",46081,49,46,0,0,3,2,2,0,0,0,47,44,0,3
1996,"LAWRENCE",46081,80,74,1,0,5,10,8,1,0,1,70,66,0,4
1997,"LAWRENCE",46081,90,88,1,0,1,6,5,1,0,0,84,83,0,1
1998,"LAWRENCE",46081,94,93,0,0,1,7,7,0,0,0,87,86,0,1
1999,"LAWRENCE",46081,67,66,0,1,0,1,0,0,1,0,66,66,0,0
2000,"LAWRENCE",46081,75,75,0,0,0,4,4,0,0,0,71,71,0,0
2001,"LAWRENCE",46081,92,92,0,0,0,1,1,0,0,0,91,91,0,0
2002,"LAWRENCE",46081,100,97,0,0,3,3,3,0,0,0,97,94,0,3
2003,"LAWRENCE",46081,108,104,0,0,4,1,1,0,0,0,107,103,0,4
1990,"LINCOLN",46083,34,32,0,0,2,10,9,0,0,1,24,23,0,1
1991,"LINCOLN",46083,41,37,2,0,2,10,7,2,0,1,31,30,0,1
1992,"LINCOLN",46083,33,30,1,0,2,9,7,1,0,1,24,23,0,1
1993,"LINCOLN",46083,32,29,0,2,1,4,2,0,2,0,28,27,0,1
1994,"LINCOLN",46083,29,27,0,0,2,5,3,0,0,2,24,24,0,0
1995,"LINCOLN",46083,26,24,0,0,2,2,1,0,0,1,24,23,0,1
1996,"LINCOLN",46083,39,36,0,0,3,1,1,0,0,0,38,35,0,3
1997,"LINCOLN",46083,57,57,0,0,0,4,4,0,0,0,53,53,0,0
1998,"LINCOLN",46083,30,29,0,0,1,4,3,0,0,1,26,26,0,0
1999,"LINCOLN",46083,43,40,0,0,3,2,2,0,0,0,41,38,0,3
2000,"LINCOLN",46083,62,58,0,0,4,3,2,0,0,1,59,56,0,3
2001,"LINCOLN",46083,65,62,0,0,3,1,1,0,0,0,64,61,0,3
2002,"LINCOLN",46083,99,88,0,1,10,10,8,0,1,1,89,80,0,9
2003,"LINCOLN",46083,107,98,1,0,8,7,5,1,0,1,100,93,0,7
1991,"LYMAN",46085,1,1,0,0,0,0,0,0,0,0,1,1,0,0
1992,"LYMAN",46085,2,2,0,0,0,1,1,0,0,0,1,1,0,0
1993,"LYMAN",46085,2,2,0,0,0,0,0,0,0,0,2,2,0,0
1995,"LYMAN",46085,5,2,1,2,0,4,1,1,2,0,1,1,0,0
1996,"LYMAN",46085,3,2,0,0,1,1,1,0,0,0,2,1,0,1
1997,"LYMAN",46085,6,6,0,0,0,1,1,0,0,0,5,5,0,0
1998,"LYMAN",46085,11,9,1,0,1,3,1,1,0,1,8,8,0,0
1999,"LYMAN",46085,0,0,0,0,0,0,0,0,0,0,0,0,0,0
2000,"LYMAN",46085,2,2,0,0,0,1,1,0,0,0,1,1,0,0
2001,"LYMAN",46085,5,5,0,0,0,1,1,0,0,0,4,4,0,0
2002,"LYMAN",46085,10,9,0,0,1,1,1,0,0,0,9,8,0,1
2003,"LYMAN",46085,9,9,0,0,0,1,1,0,0,0,8,8,0,0
1990,"MARSHALL",46087,9,5,2,1,1,3,0,2,1,0,6,5,0,1
1991,"MCCOOK",46087,8,6,0,1,1,3,1,0,1,1,5,5,0,0
1992,"MCCOOK",46087,7,7,0,0,0,3,3,0,0,0,4,4,0,0
1993,"MCCOOK",46087,10,10,0,0,0,2,2,0,0,0,8,8,0,0
1994,"MCCOOK",46087,14,13,0,0,1,1,1,0,0,0,13,12,0,1
1995,"MCCOOK",46087,11,9,0,0,2,2,1,0,0,1,9,8,0,1
1996,"MCCOOK",46087,13,10,0,0,3,4,2,0,0,2,9,8,0,1
1997,"MCCOOK",46087,12,12,0,0,0,0,0,0,0,0,12,12,0,0
1998,"MCCOOK",46087,11,11,0,0,0,0,0,0,0,0,11,11,0,0
1999,"MARSHALL",46087,14,13,0,0,1,2,2,0,0,0,12,11,0,1
2000,"MCCOOK",46087,15,15,0,0,0,1,1,0,0,0,14,14,0,0
2001,"MCCOOK",46087,21,20,0,0,1,0,0,0,0,0,21,20,0,1
2002,"MCCOOK",46087,25,22,0,0,3,2,1,0,0,1,23,21,0,2
2003,"MCCOOK",46087,17,17,0,0,0,0,0,0,0,0,17,17,0,0
1990,"MCCOOK",46089,1,0,0,0,0,1,0,0,1,0,0,0,0,0
1991,"MCPHERSON",46089,3,3,0,0,0,0,0,0,0,0,3,3,0,0
1992,"MCPHERSON",46089,2,2,0,0,0,1,1,0,0,0,1,1,0,0
1993,"MCPHERSON",46089,2,2,0,0,0,0,0,0,0,0,2,2,0,0
1994,"MCPHERSON",46089,2,1,0,1,0,2,1,0,1,0,0,0,0,0
1995,"MCPHERSON",46089,4,3,0,1,0,1,0,0,1,0,3,3,0,0
1996,"MCPHERSON",46089,4,2,0,2,0,3,1,0,2,0,1,1,0,0
1997,"MCPHERSON",46089,3,2,0,0,1,0,0,0,0,0,3,2,0,1
1998,"MCPHERSON",46089,6,5,0,1,0,2,1,0,1,0,4,4,0,0
1999,"MCCOOK",46089,5,5,0,0,0,0,0,0,0,0,5,5,0,0
2000,"MCPHERSON",46089,4,3,0,1,0,2,1,0,1,0,2,2,0,0
2001,"MCPHERSON",46089,3,3,0,0,0,0,0,0,0,0,3,3,0,0
2002,"MCPHERSON",46089,4,4,0,0,0,1,1,0,0,0,3,3,0,0
2003,"MCPHERSON",46089,9,8,0,0,1,0,0,0,0,0,9,8,0,1
1990,"MCPHERSON",46091,6,3,0,3,0,4,1,0,3,0,2,2,0,0
1991,"MARSHALL",46091,7,4,2,1,0,4,1,2,1,0,3,3,0,0
1992,"MARSHALL",46091,9,8,0,0,1,0,0,0,0,0,9,8,0,1
1993,"MARSHALL",46091,9,6,2,1,0,3,0,2,1,0,6,6,0,0
1994,"MARSHALL",46091,4,4,0,0,0,0,0,0,0,0,4,4,0,0
1995,"MARSHALL",46091,12,10,2,0,0,3,1,2,0,0,9,9,0,0
1996,"MARSHALL",46091,7,6,1,0,0,2,1,1,0,0,5,5,0,0
1997,"MARSHALL",46091,9,9,0,0,0,1,1,0,0,0,8,8,0,0
1998,"MARSHALL",46091,13,12,0,0,1,0,0,0,0,0,13,12,0,1
1999,"MCPHERSON",46091,10,10,0,0,0,1,1,0,0,0,9,9,0,0
2000,"MARSHALL",46091,5,4,1,0,0,1,0,1,0,0,4,4,0,0
2001,"MARSHALL",46091,12,10,0,0,2,1,1,0,0,0,11,9,0,2
2002,"MARSHALL",46091,12,12,0,0,0,1,1,0,0,0,11,11,0,0
2003,"MARSHALL",46091,11,10,0,0,1,0,0,0,0,0,11,10,0,1
1990,"MEADE",46093,37,29,1,3,4,14,7,1,3,3,23,22,0,1
1991,"MEADE",46093,54,46,1,1,6,10,6,1,1,2,44,40,0,4
1992,"MEADE",46093,43,38,2,0,3,4,2,2,0,0,39,36,0,3
1993,"MEADE",46093,31,27,1,1,2,4,2,1,1,0,27,25,0,2
1994,"MEADE",46093,30,28,1,0,1,5,4,1,0,0,25,24,0,1
1995,"MEADE",46093,68,62,0,0,6,7,7,0,0,0,61,55,0,6
1996,"MEADE",46093,62,57,0,0,5,10,8,0,0,2,52,49,0,3
1997,"MEADE",46093,103,98,0,1,4,7,4,0,1,2,96,94,0,2
1998,"MEADE",46093,100,95,0,0,5,9,8,0,0,1,91,87,0,4
1999,"MEADE",46093,78,77,0,0,1,2,2,0,0,0,76,75,0,1
2000,"MEADE",46093,93,90,0,0,3,2,2,0,0,0,91,88,0,3
2001,"MEADE",46093,103,97,0,0,6,5,3,0,0,2,98,94,0,4
2002,"MEADE",46093,76,73,0,0,3,3,3,0,0,0,73,70,0,3
2003,"MEADE",46093,81,77,0,0,4,0,0,0,0,0,81,77,0,4
1991,"MELLETTE",46095,3,2,0,1,0,1,0,0,1,0,2,2,0,0
1992,"MELLETTE",46095,3,3,0,0,0,0,0,0,0,0,3,3,0,0
1993,"MELLETTE",46095,3,1,0,2,0,2,0,0,2,0,1,1,0,0
1994,"MELLETTE",46095,2,2,0,0,0,0,0,0,0,0,2,2,0,0
1995,"MELLETTE",46095,2,2,0,0,0,2,2,0,0,0,0,0,0,0
1996,"MELLETTE",46095,2,2,0,0,0,0,0,0,0,0,2,2,0,0
1997,"MELLETTE",46095,1,1,0,0,0,1,1,0,0,0,0,0,0,0
1998,"MELLETTE",46095,1,1,0,0,0,0,0,0,0,0,1,1,0,0
1999,"MELLETTE",46095,0,0,0,0,0,0,0,0,0,0,0,0,0,0
2001,"MELLETTE",46095,5,5,0,0,0,0,0,0,0,0,5,5,0,0
2002,"MELLETTE",46095,2,2,0,0,0,0,0,0,0,0,2,2,0,0
2003,"MELLETTE",46095,3,3,0,0,0,1,1,0,0,0,2,2,0,0
1990,"MINER",46097,4,4,0,0,0,2,2,0,0,0,2,2,0,0
1991,"MINER",46097,9,5,0,1,3,4,0,0,1,3,5,5,0,0
1992,"MINER",46097,2,2,0,0,0,1,1,0,0,0,1,1,0,0
1993,"MINER",46097,4,4,0,0,0,0,0,0,0,0,4,4,0,0
1994,"MINER",46097,4,4,0,0,0,0,0,0,0,0,4,4,0,0
1995,"MINER",46097,3,3,0,0,0,0,0,0,0,0,3,3,0,0
1996,"MINER",46097,5,5,0,0,0,0,0,0,0,0,5,5,0,0
1997,"MINER",46097,6,5,0,1,0,1,0,0,1,0,5,5,0,0
1998,"MINER",46097,1,1,0,0,0,0,0,0,0,0,1,1,0,0
1999,"MINER",46097,5,5,0,0,0,0,0,0,0,0,5,5,0,0
2000,"MINER",46097,6,6,0,0,0,3,3,0,0,0,3,3,0,0
2001,"MINER",46097,4,3,0,0,1,0,0,0,0,0,4,3,0,1
2002,"MINER",46097,7,7,0,0,0,0,0,0,0,0,7,7,0,0
2003,"MINER",46097,7,6,0,0,1,0,0,0,0,0,7,6,0,1
1990,"MINNEHAHA",46099,482,427,8,4,43,78,57,8,4,9,404,370,0,34
1991,"MINNEHAHA",46099,486,457,5,1,23,72,62,5,1,4,414,395,0,19
1992,"MINNEHAHA",46099,413,383,5,1,24,42,31,5,1,5,371,352,0,19
1993,"MINNEHAHA",46099,451,433,5,3,10,28,16,5,3,4,423,417,0,6
1994,"MINNEHAHA",46099,370,339,3,5,23,24,13,3,5,3,346,326,0,20
1995,"MINNEHAHA",46099,397,375,0,1,21,19,12,0,1,6,378,363,0,15
1996,"MINNEHAHA",46099,528,502,3,0,23,27,21,3,0,3,501,481,0,20
1997,"MINNEHAHA",46099,620,585,6,0,29,35,23,6,0,6,585,562,0,23
1998,"MINNEHAHA",46099,583,550,2,0,31,24,17,2,0,5,559,533,0,26
1999,"MINNEHAHA",46099,643,620,1,1,21,22,19,1,1,1,621,601,0,20
2000,"MINNEHAHA",46099,610,582,2,0,26,32,28,2,0,2,578,554,0,24
2001,"MINNEHAHA",46099,806,773,3,0,30,33,30,2,0,1,773,743,1,29
2002,"MINNEHAHA",46099,838,796,1,0,41,26,24,1,0,1,812,772,0,40
2003,"MINNEHAHA",46099,917,853,4,1,59,29,24,3,1,1,888,829,1,58
1990,"MOODY",46101,10,8,0,1,1,2,1,0,1,0,8,7,0,1
1991,"MOODY",46101,11,11,0,0,0,1,1,0,0,0,10,10,0,0
1992,"MOODY",46101,9,6,0,0,3,4,2,0,0,2,5,4,0,1
1993,"MOODY",46101,9,8,0,1,0,2,1,0,1,0,7,7,0,0
1994,"MOODY",46101,8,7,0,0,1,1,1,0,0,0,7,6,0,1
1995,"MOODY",46101,13,7,1,2,3,8,2,1,2,3,5,5,0,0
1996,"MOODY",46101,16,15,1,0,0,4,3,1,0,0,12,12,0,0
1997,"MOODY",46101,26,23,0,0,3,4,2,0,0,2,22,21,0,1
1998,"MOODY",46101,19,17,0,1,1,2,0,0,1,1,17,17,0,0
1999,"MOODY",46101,20,19,0,0,1,1,1,0,0,0,19,18,0,1
2000,"MOODY",46101,14,13,0,0,1,0,0,0,0,0,14,13,0,1
2001,"MOODY",46101,18,17,0,0,1,1,1,0,0,0,17,16,0,1
2002,"MOODY",46101,27,27,0,0,0,1,1,0,0,0,26,26,0,0
2003,"MOODY",46101,18,16,0,0,2,0,0,0,0,0,18,16,0,2
1990,"PENNINGTON",46103,217,204,1,0,11,50,46,1,0,2,167,158,0,9
1991,"PENNINGTON",46103,222,192,3,0,27,53,37,2,0,14,169,155,1,13
1992,"PENNINGTON",46103,195,179,1,0,15,35,29,1,0,5,160,150,0,10
1993,"PENNINGTON",46103,181,167,1,1,12,32,24,1,1,6,149,143,0,6
1994,"PENNINGTON",46103,173,166,0,0,7,26,24,0,0,2,147,142,0,5
1995,"PENNINGTON",46103,217,202,0,0,15,22,19,0,0,3,195,183,0,12
1996,"PENNINGTON",46103,291,270,1,0,20,35,25,1,0,9,256,245,0,11
1997,"PENNINGTON",46103,352,318,3,0,31,31,20,3,0,8,321,298,0,23
1998,"PENNINGTON",46103,388,364,2,0,22,13,8,2,0,3,375,356,0,19
1999,"PENNINGTON",46103,358,343,2,0,13,27,20,2,0,5,331,323,0,8
2000,"PENNINGTON",46103,355,342,1,0,12,22,20,1,0,1,333,322,0,11
2001,"PENNINGTON",46103,382,370,0,0,12,19,15,0,0,4,363,355,0,8
2002,"PENNINGTON",46103,346,325,0,0,21,9,8,0,0,1,337,317,0,20
2003,"PENNINGTON",46103,347,305,3,0,39,16,7,3,0,6,331,298,0,33
1990,"PERKINS",46105,2,2,0,0,0,1,1,0,0,0,1,1,0,0
1991,"PERKINS",46105,2,1,0,1,0,1,0,0,1,0,1,1,0,0
1992,"PERKINS",46105,5,3,1,1,0,4,2,1,1,0,1,1,0,0
1993,"PERKINS",46105,4,2,0,2,0,2,0,0,2,0,2,2,0,0
1994,"PERKINS",46105,7,5,0,2,0,3,1,0,2,0,4,4,0,0
1995,"PERKINS",46105,6,5,0,0,1,0,0,0,0,0,6,5,0,1
1996,"PERKINS",46105,5,3,0,2,0,4,2,0,2,0,1,1,0,0
1997,"PERKINS",46105,4,3,0,1,0,2,1,0,1,0,2,2,0,0
1998,"PERKINS",46105,4,4,0,0,0,2,2,0,0,0,2,2,0,0
1999,"PERKINS",46105,7,6,0,0,1,1,1,0,0,0,6,5,0,1
2000,"PERKINS",46105,4,4,0,0,0,1,1,0,0,0,3,3,0,0
2001,"PERKINS",46105,7,6,0,0,1,1,0,0,0,1,6,6,0,0
2002,"PERKINS",46105,8,8,0,0,0,0,0,0,0,0,8,8,0,0
2003,"PERKINS",46105,3,3,0,0,0,0,0,0,0,0,3,3,0,0
1990,"POTTER",46107,6,5,0,1,0,3,2,0,1,0,3,3,0,0
1991,"POTTER",46107,2,2,0,0,0,1,1,0,0,0,1,1,0,0
1992,"POTTER",46107,2,2,0,0,0,0,0,0,0,0,2,2,0,0
1993,"POTTER",46107,3,2,0,1,0,1,0,0,1,0,2,2,0,0
1994,"POTTER",46107,1,1,0,0,0,0,0,0,0,0,1,1,0,0
1995,"POTTER",46107,3,3,0,0,0,1,1,0,0,0,2,2,0,0
1996,"POTTER",46107,6,6,0,0,0,0,0,0,0,0,6,6,0,0
1997,"POTTER",46107,4,4,0,0,0,0,0,0,0,0,4,4,0,0
1998,"POTTER",46107,14,12,0,1,1,3,2,0,1,0,11,10,0,1
1999,"POTTER",46107,10,8,0,2,0,4,2,0,2,0,6,6,0,0
2000,"POTTER",46107,13,12,0,0,1,4,4,0,0,0,9,8,0,1
2001,"POTTER",46107,5,5,0,0,0,1,1,0,0,0,4,4,0,0
2002,"POTTER",46107,5,5,0,0,0,0,0,0,0,0,5,5,0,0
2003,"POTTER",46107,3,3,0,0,0,0,0,0,0,0,3,3,0,0
1990,"ROBERTS",46109,10,6,0,2,2,5,1,0,2,2,5,5,0,0
1991,"ROBERTS",46109,8,6,0,2,0,3,1,0,2,0,5,5,0,0
1992,"ROBERTS",46109,8,6,0,0,2,3,1,0,0,2,5,5,0,0
1993,"ROBERTS",46109,12,12,0,0,0,0,0,0,0,0,12,12,0,0
1994,"ROBERTS",46109,10,7,2,1,0,4,1,2,1,0,6,6,0,0
1995,"ROBERTS",46109,5,3,0,1,1,2,0,0,1,1,3,3,0,0
1996,"ROBERTS",46109,8,6,0,0,2,0,0,0,0,0,8,6,0,2
1997,"ROBERTS",46109,10,8,0,0,2,1,0,0,0,1,9,8,0,1
1998,"ROBERTS",46109,14,10,0,1,3,2,1,0,1,0,12,9,0,3
1999,"ROBERTS",46109,10,9,0,0,1,2,1,0,0,1,8,8,0,0
2000,"ROBERTS",46109,7,5,0,0,2,1,0,0,0,1,6,5,0,1
2001,"ROBERTS",46109,9,8,0,0,1,0,0,0,0,0,9,8,0,1
2002,"ROBERTS",46109,14,14,0,0,0,0,0,0,0,0,14,14,0,0
2003,"ROBERTS",46109,12,11,1,0,0,1,0,1,0,0,11,11,0,0
1990,"SANBORN",46111,7,5,0,1,1,2,1,0,1,0,5,4,0,1
1991,"SANBORN",46111,9,7,0,1,1,3,1,0,1,1,6,6,0,0
1992,"SANBORN",46111,4,4,0,0,0,1,1,0,0,0,3,3,0,0
1993,"SANBORN",46111,4,4,0,0,0,0,0,0,0,0,4,4,0,0
1994,"SANBORN",46111,4,3,0,1,0,1,0,0,1,0,3,3,0,0
1995,"SANBORN",46111,3,2,0,0,1,1,0,0,0,1,2,2,0,0
1996,"SANBORN",46111,3,3,0,0,0,0,0,0,0,0,3,3,0,0
1997,"SANBORN",46111,9,9,0,0,0,1,1,0,0,0,8,8,0,0
1998,"SANBORN",46111,8,7,0,0,1,0,0,0,0,0,8,7,0,1
1999,"SANBORN",46111,8,7,0,0,1,0,0,0,0,0,8,7,0,1
2000,"SANBORN",46111,5,5,0,0,0,0,0,0,0,0,5,5,0,0
2001,"SANBORN",46111,10,9,0,0,1,0,0,0,0,0,10,9,0,1
2002,"SANBORN",46111,5,4,0,0,1,0,0,0,0,0,5,4,0,1
2003,"SANBORN",46111,3,2,0,0,1,0,0,0,0,0,3,2,0,1
1990,"SHANNON",46113,4,2,0,0,2,0,0,0,0,0,4,2,0,2
1991,"SHANNON",46113,1,0,0,0,1,1,0,0,0,1,0,0,0,0
1992,"SHANNON",46113,1,1,0,0,0,1,1,0,0,0,0,0,0,0
1993,"SHANNON",46113,4,3,0,0,1,0,0,0,0,0,4,3,0,1
1994,"SHANNON",46113,1,0,0,1,0,1,0,0,1,0,0,0,0,0
1995,"SHANNON",46113,1,1,0,0,0,0,0,0,0,0,1,1,0,0
1996,"SHANNON",46113,5,4,0,0,1,2,2,0,0,0,3,2,0,1
1997,"SHANNON",46113,6,4,0,1,1,1,0,0,1,0,5,4,0,1
1998,"SHANNON",46113,4,3,0,0,1,1,0,0,0,1,3,3,0,0
1999,"SHANNON",46113,3,3,0,0,0,0,0,0,0,0,3,3,0,0
2000,"SHANNON",46113,4,4,0,0,0,1,1,0,0,0,3,3,0,0
2001,"SHANNON",46113,4,4,0,0,0,0,0,0,0,0,4,4,0,0
2002,"SHANNON",46113,2,2,0,0,0,0,0,0,0,0,2,2,0,0
2003,"SHANNON",46113,6,5,0,0,1,0,0,0,0,0,6,5,0,1
1990,"SPINK",46115,21,18,0,3,0,3,0,0,3,0,18,18,0,0
1991,"SPINK",46115,16,15,0,1,0,1,0,0,1,0,15,15,0,0
1992,"SPINK",46115,16,13,1,0,2,1,0,1,0,0,15,13,0,2
1993,"SPINK",46115,15,15,0,0,0,3,3,0,0,0,12,12,0,0
1994,"SPINK",46115,11,9,0,2,0,2,0,0,2,0,9,9,0,0
1995,"SPINK",46115,10,9,1,0,0,2,1,1,0,0,8,8,0,0
1996,"SPINK",46115,25,21,0,2,2,6,3,0,2,1,19,18,0,1
1997,"SPINK",46115,30,26,0,3,1,8,4,0,3,1,22,22,0,0
1998,"SPINK",46115,21,19,0,2,0,2,0,0,2,0,19,19,0,0
1999,"SPINK",46115,19,16,1,1,1,4,1,1,1,1,15,15,0,0
2000,"SPINK",46115,24,21,3,0,0,4,1,3,0,0,20,20,0,0
2001,"SPINK",46115,31,30,0,0,1,4,4,0,0,0,27,26,0,1
2002,"SPINK",46115,37,32,1,3,1,7,2,1,3,1,30,30,0,0
2003,"SPINK",46115,41,39,0,1,1,3,1,0,1,1,38,38,0,0
1990,"STANLEY",46117,8,7,0,1,0,5,4,0,1,0,3,3,0,0
1991,"STANLEY",46117,13,11,0,1,1,6,4,0,1,1,7,7,0,0
1992,"STANLEY",46117,6,6,0,0,0,0,0,0,0,0,6,6,0,0
1993,"STANLEY",46117,5,4,0,0,1,1,0,0,0,1,4,4,0,0
1994,"STANLEY",46117,2,1,0,0,1,0,0,0,0,0,2,1,0,1
1995,"STANLEY",46117,3,3,0,0,0,0,0,0,0,0,3,3,0,0
1996,"STANLEY",46117,9,9,0,0,0,0,0,0,0,0,9,9,0,0
1997,"STANLEY",46117,14,14,0,0,0,3,3,0,0,0,11,11,0,0
1998,"STANLEY",46117,11,11,0,0,0,0,0,0,0,0,11,11,0,0
1999,"STANLEY",46117,5,5,0,0,0,2,2,0,0,0,3,3,0,0
2000,"STANLEY",46117,7,5,0,0,2,1,0,0,0,1,6,5,0,1
2001,"STANLEY",46117,18,17,0,0,1,2,2,0,0,0,16,15,0,1
2002,"STANLEY",46117,9,9,0,0,0,0,0,0,0,0,9,9,0,0
2003,"STANLEY",46117,13,13,0,0,0,0,0,0,0,0,13,13,0,0
1991,"SULLY",46119,3,3,0,0,0,3,3,0,0,0,0,0,0,0
1992,"SULLY",46119,2,2,0,0,0,0,0,0,0,0,2,2,0,0
1994,"SULLY",46119,1,1,0,0,0,0,0,0,0,0,1,1,0,0
1995,"SULLY",46119,1,1,0,0,0,0,0,0,0,0,1,1,0,0
1996,"SULLY",46119,5,3,0,2,0,2,0,0,2,0,3,3,0,0
1997,"SULLY",46119,1,1,0,0,0,1,1,0,0,0,0,0,0,0
1998,"SULLY",46119,5,5,0,0,0,2,2,0,0,0,3,3,0,0
1999,"SULLY",46119,0,0,0,0,0,0,0,0,0,0,0,0,0,0
2000,"SULLY",46119,5,3,1,0,1,2,1,1,0,0,3,2,0,1
2001,"SULLY",46119,1,1,0,0,0,0,0,0,0,0,1,1,0,0
2002,"SULLY",46119,2,1,0,0,1,0,0,0,0,0,2,1,0,1
2003,"SULLY",46119,2,2,0,0,0,0,0,0,0,0,2,2,0,0
1990,"TODD",46121,4,4,0,0,0,1,1,0,0,0,3,3,0,0
1991,"TODD",46121,3,2,1,0,0,2,1,1,0,0,1,1,0,0
1992,"TODD",46121,2,0,2,0,0,2,0,2,0,0,0,0,0,0
1993,"TODD",46121,3,3,0,0,0,1,1,0,0,0,2,2,0,0
1994,"TODD",46121,2,2,0,0,0,1,1,0,0,0,1,1,0,0
1995,"TODD",46121,2,2,0,0,0,0,0,0,0,0,2,2,0,0
1996,"TODD",46121,5,4,0,0,1,2,1,0,0,1,3,3,0,0
1997,"TODD",46121,3,3,0,0,0,0,0,0,0,0,3,3,0,0
1998,"TODD",46121,6,6,0,0,0,0,0,0,0,0,6,6,0,0
1999,"TODD",46121,7,6,0,0,1,1,1,0,0,0,6,5,0,1
2000,"TODD",46121,4,4,0,0,0,0,0,0,0,0,4,4,0,0
2001,"TODD",46121,4,4,0,0,0,0,0,0,0,0,4,4,0,0
2002,"TODD",46121,5,4,0,0,1,0,0,0,0,0,5,4,0,1
2003,"TODD",46121,2,2,0,0,0,0,0,0,0,0,2,2,0,0
1990,"TRIPP",46123,3,3,0,0,0,0,0,0,0,0,3,3,0,0
1991,"TRIPP",46123,11,9,1,0,1,3,1,1,0,1,8,8,0,0
1992,"TRIPP",46123,9,4,3,2,0,5,0,3,2,0,4,4,0,0
1993,"TRIPP",46123,17,12,0,4,1,8,4,0,4,0,9,8,0,1
1994,"TRIPP",46123,10,8,0,2,0,7,5,0,2,0,3,3,0,0
1995,"TRIPP",46123,12,10,0,2,0,5,3,0,2,0,7,7,0,0
1996,"TRIPP",46123,11,8,0,2,1,5,3,0,2,0,6,5,0,1
1997,"TRIPP",46123,15,12,0,0,3,3,2,0,0,1,12,10,0,2
1998,"TRIPP",46123,14,11,0,2,1,5,2,0,2,1,9,9,0,0
1999,"TRIPP",46123,12,11,0,0,1,6,6,0,0,0,6,5,0,1
2000,"TRIPP",46123,12,11,0,0,1,1,1,0,0,0,11,10,0,1
2001,"TRIPP",46123,12,12,0,0,0,1,1,0,0,0,11,11,0,0
2002,"TRIPP",46123,7,7,0,0,0,2,2,0,0,0,5,5,0,0
2003,"TRIPP",46123,17,16,0,1,0,3,2,0,1,0,14,14,0,0
1990,"TURNER",46125,22,17,1,2,2,11,6,1,2,2,11,11,0,0
1991,"TURNER",46125,18,17,0,0,1,5,4,0,0,1,13,13,0,0
1992,"TURNER",46125,22,20,0,2,0,9,7,0,2,0,13,13,0,0
1993,"TURNER",46125,13,11,0,0,2,3,2,0,0,1,10,9,0,1
1994,"TURNER",46125,12,12,0,0,0,1,1,0,0,0,11,11,0,0
1995,"TURNER",46125,15,12,0,0,3,2,1,0,0,1,13,11,0,2
1996,"TURNER",46125,20,20,0,0,0,3,3,0,0,0,17,17,0,0
1997,"TURNER",46125,19,17,0,0,2,2,0,0,0,2,17,17,0,0
1998,"TURNER",46125,22,17,0,0,5,5,3,0,0,2,17,14,0,3
1999,"TURNER",46125,26,24,0,1,1,2,1,0,1,0,24,23,0,1
2000,"TURNER",46125,24,23,0,1,0,3,2,0,1,0,21,21,0,0
2001,"TURNER",46125,33,32,0,0,1,4,3,0,0,1,29,29,0,0
2002,"TURNER",46125,35,34,1,0,0,7,6,1,0,0,28,28,0,0
2003,"TURNER",46125,28,27,0,0,1,1,1,0,0,0,27,26,0,1
1990,"UNION",46127,31,27,0,1,3,10,6,0,1,3,21,21,0,0
1991,"UNION",46127,23,21,0,1,1,2,1,0,1,0,21,20,0,1
1992,"UNION",46127,25,21,1,0,3,2,1,1,0,0,23,20,0,3
1993,"UNION",46127,29,25,1,1,2,6,2,1,1,2,23,23,0,0
1994,"UNION",46127,30,29,0,1,0,2,1,0,1,0,28,28,0,0
1995,"UNION",46127,28,26,0,0,2,0,0,0,0,0,28,26,0,2
1996,"UNION",46127,42,38,1,0,3,5,4,1,0,0,37,34,0,3
1997,"UNION",46127,52,50,0,0,2,2,1,0,0,1,50,49,0,1
1998,"UNION",46127,54,53,0,1,0,2,1,0,1,0,52,52,0,0
1999,"UNION",46127,52,51,0,0,1,4,4,0,0,0,48,47,0,1
2000,"UNION",46127,35,34,0,0,1,1,1,0,0,0,34,33,0,1
2001,"UNION",46127,56,54,1,0,1,5,4,1,0,0,51,50,0,1
2002,"UNION",46127,62,58,1,0,3,5,4,1,0,0,57,54,0,3
2003,"UNION",46127,50,45,0,0,5,4,4,0,0,0,46,41,0,5
1990,"WALWORTH",46129,10,6,1,3,0,5,1,1,3,0,5,5,0,0
1991,"WALWORTH",46129,4,3,0,1,0,3,2,0,1,0,1,1,0,0
1992,"WALWORTH",46129,10,9,0,0,1,2,1,0,0,1,8,8,0,0
1993,"WALWORTH",46129,9,8,0,0,1,1,1,0,0,0,8,7,0,1
1994,"WALWORTH",46129,11,11,0,0,0,3,3,0,0,0,8,8,0,0
1995,"WALWORTH",46129,4,4,0,0,0,0,0,0,0,0,4,4,0,0
1996,"WALWORTH",46129,15,14,0,0,1,3,2,0,0,1,12,12,0,0
1997,"WALWORTH",46129,22,21,0,1,0,4,3,0,1,0,18,18,0,0
1998,"WALWORTH",46129,18,18,0,0,0,0,0,0,0,0,18,18,0,0
1999,"WALWORTH",46129,13,13,0,0,0,0,0,0,0,0,13,13,0,0
2000,"WALWORTH",46129,8,8,0,0,0,0,0,0,0,0,8,8,0,0
2001,"WALWORTH",46129,14,14,0,0,0,0,0,0,0,0,14,14,0,0
2002,"WALWORTH",46129,14,14,0,0,0,2,2,0,0,0,12,12,0,0
2003,"WALWORTH",46129,20,19,0,0,1,0,0,0,0,0,20,19,0,1
1990,"YANKTON",46135,43,39,0,1,3,5,3,0,1,1,38,36,0,2
1991,"YANKTON",46135,41,37,0,3,1,8,4,0,3,1,33,33,0,0
1992,"YANKTON",46135,35,30,0,1,4,5,2,0,1,2,30,28,0,2
1993,"YANKTON",46135,42,35,0,1,6,9,6,0,1,2,33,29,0,4
1994,"YANKTON",46135,33,31,0,0,2,3,2,0,0,1,30,29,0,1
1995,"YANKTON",46135,48,45,0,0,3,5,3,0,0,2,43,42,0,1
1996,"YANKTON",46135,76,71,0,0,5,5,4,0,0,1,71,67,0,4
1997,"YANKTON",46135,88,83,0,1,4,4,3,0,1,0,84,80,0,4
1998,"YANKTON",46135,93,86,1,0,6,8,4,1,0,3,85,82,0,3
1999,"YANKTON",46135,84,80,1,0,3,7,5,1,0,1,77,75,0,2
2000,"YANKTON",46135,81,76,0,1,4,5,3,0,1,1,76,73,0,3
2001,"YANKTON",46135,115,108,0,0,7,9,7,0,0,2,106,101,0,5
2002,"YANKTON",46135,93,91,0,0,2,3,3,0,0,0,90,88,0,2
2003,"YANKTON",46135,104,97,0,0,7,2,2,0,0,0,102,95,0,7
1994,"ZIEBACH",46137,1,0,0,1,0,1,0,0,1,0,0,0,0,0
1996,"ZIEBACH",46137,1,1,0,0,0,0,0,0,0,0,1,1,0,0
1997,"ZIEBACH",46137,1,0,0,0,1,0,0,0,0,0,1,0,0,1
1998,"ZIEBACH",46137,1,1,0,0,0,0,0,0,0,0,1,1,0,0
2000,"ZIEBACH",46137,1,1,0,0,0,0,0,0,0,0,1,1,0,0
2001,"ZIEBACH",46137,2,2,0,0,0,0,0,0,0,0,2,2,0,0
2002,"ZIEBACH",46137,2,2,0,0,0,0,0,0,0,0,2,2,0,0
2003,"ZIEBACH",46137,3,3,0,0,0,0,0,0,0,0,3,3,0,0
1990,"ANDERSON",47001,286,199,3,0,84,9,4,3,0,2,277,195,0,82
1991,"ANDERSON",47001,293,178,3,0,112,8,3,3,0,2,285,175,0,110
1992,"ANDERSON",47001,301,164,0,0,137,4,2,0,0,2,297,162,0,135
1993,"ANDERSON",47001,250,144,1,0,105,5,2,1,0,2,245,142,0,103
1994,"ANDERSON",47001,238,134,1,0,103,3,1,1,0,1,235,133,0,102
1995,"ANDERSON",47001,271,166,1,0,104,7,3,1,0,3,264,163,0,101
1996,"ANDERSON",47001,388,271,0,0,117,13,7,0,0,6,375,264,0,111
1997,"ANDERSON",47001,515,339,2,0,174,10,3,2,0,5,505,336,0,169
1998,"ANDERSON",47001,463,327,2,0,134,7,3,2,0,2,456,324,0,132
1999,"ANDERSON",47001,376,256,0,0,120,2,2,0,0,0,374,254,0,120
2000,"ANDERSON",47001,368,259,2,0,107,4,1,2,0,1,364,258,0,106
2001,"ANDERSON",47001,471,347,3,0,121,8,3,3,0,2,463,344,0,119
2002,"ANDERSON",47001,436,311,0,0,125,3,2,0,0,1,433,309,0,124
2003,"ANDERSON",47001,506,391,1,0,114,6,1,1,0,4,500,390,0,110
1990,"BEDFORD",47003,222,85,0,1,136,4,1,0,1,2,218,84,0,134
1991,"BEDFORD",47003,249,89,1,0,159,9,2,1,0,6,240,87,0,153
1992,"BEDFORD",47003,195,90,3,1,101,13,1,3,1,8,182,89,0,93
1993,"BEDFORD",47003,146,57,1,2,86,5,0,1,2,2,141,57,0,84
1994,"BEDFORD",47003,187,58,0,0,129,9,4,0,0,5,178,54,0,124
1995,"BEDFORD",47003,217,53,2,2,160,9,4,2,2,1,208,49,0,159
1996,"BEDFORD",47003,195,49,0,0,146,5,3,0,0,2,190,46,0,144
1997,"BEDFORD",47003,245,77,1,0,167,3,0,1,0,2,242,77,0,165
1998,"BEDFORD",47003,223,62,2,3,156,9,0,2,3,4,214,62,0,152
1999,"BEDFORD",47003,211,61,2,0,148,3,2,1,0,0,208,59,1,148
2000,"BEDFORD",47003,242,76,0,1,165,4,3,0,1,0,238,73,0,165
2001,"BEDFORD",47003,283,112,1,0,170,4,2,1,0,1,279,110,0,169
2002,"BEDFORD",47003,278,105,1,0,172,2,1,1,0,0,276,104,0,172
2003,"BEDFORD",47003,308,138,1,0,169,3,2,1,0,0,305,136,0,169
1990,"BENTON",47005,77,38,1,0,38,0,0,0,0,0,77,38,1,38
1991,"BENTON",47005,83,37,4,0,42,6,2,4,0,0,77,35,0,42
1992,"BENTON",47005,73,39,2,0,32,6,3,2,0,1,67,36,0,31
1993,"BENTON",47005,70,26,1,0,43,0,0,0,0,0,70,26,1,43
1994,"BENTON",47005,60,29,1,0,30,3,1,1,0,1,57,28,0,29
1995,"BENTON",47005,77,23,1,0,53,1,0,1,0,0,76,23,0,53
1996,"BENTON",47005,128,49,0,0,79,0,0,0,0,0,128,49,0,79
1997,"BENTON",47005,152,60,0,0,92,1,1,0,0,0,151,59,0,92
1998,"BENTON",47005,150,71,2,0,77,6,2,1,0,3,144,69,1,74
1999,"BENTON",47005,131,66,1,0,64,2,1,1,0,0,129,65,0,64
2000,"BENTON",47005,150,60,1,0,89,1,0,1,0,0,149,60,0,89
2001,"BENTON",47005,185,95,1,0,89,2,0,1,0,1,183,95,0,88
2002,"BENTON",47005,179,96,3,0,80,3,0,3,0,0,176,96,0,80
2003,"BENTON",47005,174,90,2,0,82,3,0,2,0,1,171,90,0,81
1990,"BLEDSOE",47007,24,7,0,0,17,0,0,0,0,0,24,7,0,17
1991,"BLEDSOE",47007,40,10,0,1,29,3,1,0,1,1,37,9,0,28
1992,"BLEDSOE",47007,16,8,0,2,6,2,0,0,2,0,14,8,0,6
1993,"BLEDSOE",47007,20,12,0,1,7,2,1,0,1,0,18,11,0,7
1994,"BLEDSOE",47007,28,10,0,0,18,1,0,0,0,1,27,10,0,17
1995,"BLEDSOE",47007,26,9,0,0,17,1,1,0,0,0,25,8,0,17
1996,"BLEDSOE",47007,44,15,1,0,28,3,1,1,0,1,41,14,0,27
1997,"BLEDSOE",47007,57,32,0,1,24,3,1,0,1,1,54,31,0,23
1998,"BLEDSOE",47007,29,13,0,0,16,0,0,0,0,0,29,13,0,16
1999,"BLEDSOE",47007,37,17,0,0,20,0,0,0,0,0,37,17,0,20
2000,"BLEDSOE",47007,40,19,0,0,21,0,0,0,0,0,40,19,0,21
2001,"BLEDSOE",47007,82,30,0,0,52,0,0,0,0,0,82,30,0,52
2002,"BLEDSOE",47007,63,36,0,1,26,1,0,0,1,0,62,36,0,26
2003,"BLEDSOE",47007,67,38,0,0,29,1,1,0,0,0,66,37,0,29
1990,"BLOUNT",47009,495,339,1,0,155,11,9,1,0,1,484,330,0,154
1991,"BLOUNT",47009,570,295,4,0,271,17,9,4,0,4,553,286,0,267
1992,"BLOUNT",47009,527,257,4,1,265,34,20,4,1,9,493,237,0,256
1993,"BLOUNT",47009,407,209,2,0,196,14,7,2,0,5,393,202,0,191
1994,"BLOUNT",47009,486,226,3,0,257,21,5,3,0,13,465,221,0,244
1995,"BLOUNT",47009,487,247,0,0,240,11,5,0,0,6,476,242,0,234
1996,"BLOUNT",47009,701,345,2,0,354,16,7,2,0,7,685,338,0,347
1997,"BLOUNT",47009,818,434,1,0,383,17,3,1,0,13,801,431,0,370
1998,"BLOUNT",47009,798,424,3,0,371,18,9,3,0,6,780,415,0,365
1999,"BLOUNT",47009,741,419,3,0,319,6,2,3,0,1,735,417,0,318
2000,"BLOUNT",47009,712,443,1,0,268,2,2,0,0,0,710,441,1,268
2001,"BLOUNT",47009,852,533,0,0,319,6,5,0,0,1,846,528,0,318
2002,"BLOUNT",47009,874,539,4,0,331,9,5,4,0,0,865,534,0,331
2003,"BLOUNT",47009,885,567,3,0,315,7,4,3,0,0,878,563,0,315
1990,"BRADLEY",47011,393,151,3,1,238,9,5,1,1,2,384,146,2,236
1991,"BRADLEY",47011,562,196,3,0,363,7,2,2,0,3,555,194,1,360
1992,"BRADLEY",47011,600,183,1,0,416,19,11,1,0,7,581,172,0,409
1993,"BRADLEY",47011,505,161,1,0,343,23,12,1,0,10,482,149,0,333
1994,"BRADLEY",47011,475,151,1,0,323,13,5,1,0,7,462,146,0,316
1995,"BRADLEY",47011,644,189,2,0,453,25,10,2,0,13,619,179,0,440
1996,"BRADLEY",47011,736,262,1,0,473,16,10,1,0,5,720,252,0,468
1997,"BRADLEY",47011,813,296,5,0,512,17,8,5,0,4,796,288,0,508
1998,"BRADLEY",47011,773,326,0,0,447,15,9,0,0,6,758,317,0,441
1999,"BRADLEY",47011,713,307,3,0,403,8,3,3,0,2,705,304,0,401
2000,"BRADLEY",47011,821,327,1,0,493,6,3,1,0,2,815,324,0,491
2001,"BRADLEY",47011,982,447,3,0,532,12,9,2,0,1,970,438,1,531
2002,"BRADLEY",47011,961,441,2,0,518,9,6,2,0,1,952,435,0,517
2003,"BRADLEY",47011,995,475,3,0,517,6,4,2,0,0,989,471,1,517
1990,"CAMPBELL",47013,95,76,0,0,19,2,1,0,0,1,93,75,0,18
1991,"CAMPBELL",47013,117,75,0,0,42,2,1,0,0,1,115,74,0,41
1992,"CAMPBELL",47013,113,66,0,0,47,5,3,0,0,2,108,63,0,45
1993,"CAMPBELL",47013,92,42,1,0,49,3,0,1,0,2,89,42,0,47
1994,"CAMPBELL",47013,103,51,0,0,52,2,2,0,0,0,101,49,0,52
1995,"CAMPBELL",47013,110,63,0,0,47,1,1,0,0,0,109,62,0,47
1996,"CAMPBELL",47013,184,100,0,0,84,1,0,0,0,1,183,100,0,83
1997,"CAMPBELL",47013,210,108,1,0,101,3,0,1,0,2,207,108,0,99
1998,"CAMPBELL",47013,226,134,2,0,90,4,1,2,0,1,222,133,0,89
1999,"CAMPBELL",47013,218,142,0,0,76,3,1,0,0,2,215,141,0,74
2000,"CAMPBELL",47013,196,123,3,0,70,4,1,3,0,0,192,122,0,70
2001,"CAMPBELL",47013,264,186,3,0,75,7,4,3,0,0,257,182,0,75
2002,"CAMPBELL",47013,302,202,0,0,100,0,0,0,0,0,302,202,0,100
2003,"CAMPBELL",47013,333,218,1,0,114,3,1,1,0,1,330,217,0,113
1990,"CANNON",47015,49,20,0,0,29,1,1,0,0,0,48,19,0,29
1991,"CANNON",47015,39,21,0,1,17,6,4,0,1,1,33,17,0,16
1992,"CANNON",47015,44,21,0,2,21,5,2,0,2,1,39,19,0,20
1993,"CANNON",47015,32,17,1,0,14,3,1,1,0,1,29,16,0,13
1994,"CANNON",47015,32,15,0,1,16,1,0,0,1,0,31,15,0,16
1995,"CANNON",47015,61,23,2,0,36,3,0,2,0,1,58,23,0,35
1996,"CANNON",47015,61,22,0,0,39,2,0,0,0,2,59,22,0,37
1997,"CANNON",47015,74,35,0,0,39,3,3,0,0,0,71,32,0,39
1998,"CANNON",47015,55,24,0,0,31,0,0,0,0,0,55,24,0,31
1999,"CANNON",47015,55,23,0,0,32,2,1,0,0,1,53,22,0,31
2000,"CANNON",47015,63,35,0,0,28,1,1,0,0,0,62,34,0,28
2001,"CANNON",47015,78,47,0,0,31,0,0,0,0,0,78,47,0,31
2002,"CANNON",47015,81,51,0,0,30,0,0,0,0,0,81,51,0,30
2003,"CANNON",47015,72,49,0,0,23,0,0,0,0,0,72,49,0,23
1990,"CARROLL",47017,174,65,4,0,105,4,2,2,0,0,170,63,2,105
1991,"CARROLL",47017,229,72,2,0,155,5,2,2,0,1,224,70,0,154
1992,"CARROLL",47017,187,83,5,0,99,14,8,4,0,2,173,75,1,97
1993,"CARROLL",47017,177,64,1,0,112,4,3,1,0,0,173,61,0,112
1994,"CARROLL",47017,159,43,3,0,113,4,1,3,0,0,155,42,0,113
1995,"CARROLL",47017,209,52,2,0,155,4,4,0,0,0,205,48,2,155
1996,"CARROLL",47017,245,66,0,0,179,1,0,0,0,1,244,66,0,178
1997,"CARROLL",47017,292,115,0,0,177,2,1,0,0,1,290,114,0,176
1998,"CARROLL",47017,264,118,0,0,146,3,1,0,0,2,261,117,0,144
1999,"CARROLL",47017,267,122,3,0,142,5,2,3,0,0,262,120,0,142
2000,"CARROLL",47017,296,121,1,1,173,3,1,1,1,0,293,120,0,173
2001,"CARROLL",47017,369,164,4,0,201,6,2,4,0,0,363,162,0,201
2002,"CARROLL",47017,368,151,1,0,216,3,2,1,0,0,365,149,0,216
2003,"CARROLL",47017,360,167,1,0,192,2,0,1,0,1,358,167,0,191
1990,"CARTER",47019,123,119,0,0,4,1,1,0,0,0,122,118,0,4
1991,"CARTER",47019,148,141,1,0,6,6,5,1,0,0,142,136,0,6
1992,"CARTER",47019,157,142,0,0,15,7,7,0,0,0,150,135,0,15
1993,"CARTER",47019,124,97,0,0,27,7,6,0,0,1,117,91,0,26
1994,"CARTER",47019,133,106,0,0,27,3,3,0,0,0,130,103,0,27
1995,"CARTER",47019,124,98,0,0,26,1,1,0,0,0,123,97,0,26
1996,"CARTER",47019,190,147,0,0,43,2,2,0,0,0,188,145,0,43
1997,"CARTER",47019,223,156,0,0,67,0,0,0,0,0,223,156,0,67
1998,"CARTER",47019,211,163,0,0,48,4,2,0,0,2,207,161,0,46
1999,"CARTER",47019,197,160,0,0,37,1,1,0,0,0,196,159,0,37
2000,"CARTER",47019,229,191,0,0,38,5,3,0,0,2,224,188,0,36
2001,"CARTER",47019,289,258,0,0,31,11,9,0,0,2,278,249,0,29
2002,"CARTER",47019,288,248,0,0,40,9,9,0,0,0,279,239,0,40
2003,"CARTER",47019,309,274,1,0,34,8,6,1,0,1,301,268,0,33
1990,"CHEATHAM",47021,255,126,0,0,129,19,13,0,0,6,236,113,0,123
1991,"CHEATHAM",47021,264,131,0,0,133,19,15,0,0,4,245,116,0,129
1992,"CHEATHAM",47021,227,112,2,0,113,12,8,2,0,2,215,104,0,111
1993,"CHEATHAM",47021,221,108,0,0,113,12,4,0,0,8,209,104,0,105
1994,"CHEATHAM",47021,176,88,0,0,88,5,3,0,0,2,171,85,0,86
1995,"CHEATHAM",47021,173,83,0,0,90,5,3,0,0,2,168,80,0,88
1996,"CHEATHAM",47021,197,114,0,1,82,3,0,0,1,2,194,114,0,80
1997,"CHEATHAM",47021,257,140,3,0,114,15,7,3,0,5,242,133,0,109
1998,"CHEATHAM",47021,231,143,1,0,87,7,4,1,0,2,224,139,0,85
1999,"CHEATHAM",47021,198,117,0,0,81,2,1,0,0,1,196,116,0,80
2000,"CHEATHAM",47021,226,140,0,0,86,6,2,0,0,4,220,138,0,82
2001,"CHEATHAM",47021,293,179,2,0,112,2,0,2,0,0,291,179,0,112
2002,"CHEATHAM",47021,285,184,2,0,99,1,1,0,0,0,284,183,2,99
2003,"CHEATHAM",47021,317,203,2,0,112,4,1,2,0,1,313,202,0,111
1990,"CHESTER",47023,50,19,1,0,30,1,0,1,0,0,49,19,0,30
1991,"CHESTER",47023,58,15,0,0,43,0,0,0,0,0,58,15,0,43
1992,"CHESTER",47023,66,17,1,0,48,3,1,1,0,1,63,16,0,47
1993,"CHESTER",47023,52,14,0,0,38,1,0,0,0,1,51,14,0,37
1994,"CHESTER",47023,57,24,3,0,30,5,2,3,0,0,52,22,0,30
1995,"CHESTER",47023,75,22,0,3,50,4,0,0,3,1,71,22,0,49
1996,"CHESTER",47023,95,31,2,0,62,4,3,1,0,0,91,28,1,62
1997,"CHESTER",47023,112,36,0,0,76,0,0,0,0,0,112,36,0,76
1998,"CHESTER",47023,97,42,0,0,55,0,0,0,0,0,97,42,0,55
1999,"CHESTER",47023,87,37,2,0,48,2,1,1,0,0,85,36,1,48
2000,"CHESTER",47023,117,41,0,0,76,2,2,0,0,0,115,39,0,76
2001,"CHESTER",47023,152,45,4,0,103,6,2,3,0,1,146,43,1,102
2002,"CHESTER",47023,172,80,3,0,89,3,0,3,0,0,169,80,0,89
2003,"CHESTER",47023,162,88,1,0,73,4,3,1,0,0,158,85,0,73
1990,"CLAIBORNE",47025,47,35,1,0,11,4,2,1,0,1,43,33,0,10
1991,"CLAIBORNE",47025,86,63,1,0,22,3,1,1,0,1,83,62,0,21
1992,"CLAIBORNE",47025,70,46,0,0,24,4,0,0,0,4,66,46,0,20
1993,"CLAIBORNE",47025,48,29,0,1,18,3,1,0,1,1,45,28,0,17
1994,"CLAIBORNE",47025,75,51,0,0,24,1,1,0,0,0,74,50,0,24
1995,"CLAIBORNE",47025,81,51,0,0,30,3,1,0,0,2,78,50,0,28
1996,"CLAIBORNE",47025,130,78,0,0,52,4,3,0,0,1,126,75,0,51
1997,"CLAIBORNE",47025,147,106,0,0,41,5,3,0,0,2,142,103,0,39
1998,"CLAIBORNE",47025,147,96,4,0,47,5,1,4,0,0,142,95,0,47
1999,"CLAIBORNE",47025,148,109,3,0,36,4,0,3,0,1,144,109,0,35
2000,"CLAIBORNE",47025,147,117,0,0,30,0,0,0,0,0,147,117,0,30
2001,"CLAIBORNE",47025,197,163,1,0,33,4,3,1,0,0,193,160,0,33
2002,"CLAIBORNE",47025,227,178,0,0,49,2,2,0,0,0,225,176,0,49
2003,"CLAIBORNE",47025,216,180,0,0,36,0,0,0,0,0,216,180,0,36
1990,"CLAY",47027,17,11,2,1,3,6,3,2,1,0,11,8,0,3
1991,"CLAY",47027,12,9,0,0,3,1,1,0,0,0,11,8,0,3
1992,"CLAY",47027,20,20,0,0,0,3,3,0,0,0,17,17,0,0
1993,"CLAY",47027,12,11,0,0,1,0,0,0,0,0,12,11,0,1
1994,"CLAY",47027,16,10,0,0,6,3,0,0,0,3,13,10,0,3
1995,"CLAY",47027,11,7,0,0,4,0,0,0,0,0,11,7,0,4
1996,"CLAY",47027,15,12,0,0,3,3,2,0,0,1,12,10,0,2
1997,"CLAY",47027,16,12,0,0,4,3,1,0,0,2,13,11,0,2
1998,"CLAY",47027,20,18,0,0,2,3,3,0,0,0,17,15,0,2
1999,"CLAY",47027,17,13,0,0,4,2,0,0,0,2,15,13,0,2
2000,"CLAY",47027,19,16,0,0,3,0,0,0,0,0,19,16,0,3
2001,"CLAY",47027,24,21,0,0,3,0,0,0,0,0,24,21,0,3
2002,"CLAY",47027,26,24,0,0,2,0,0,0,0,0,26,24,0,2
2003,"CLAY",47027,29,26,1,0,2,1,0,1,0,0,28,26,0,2
1990,"COCKE",47029,89,83,0,1,5,4,2,0,1,1,85,81,0,4
1991,"COCKE",47029,124,95,0,1,28,2,1,0,1,0,122,94,0,28
1992,"COCKE",47029,105,70,0,0,35,2,2,0,0,0,103,68,0,35
1993,"COCKE",47029,129,80,0,0,49,1,1,0,0,0,128,79,0,49
1994,"COCKE",47029,136,47,0,0,89,1,0,0,0,1,135,47,0,88
1995,"COCKE",47029,159,72,1,0,86,3,2,1,0,0,156,70,0,86
1996,"COCKE",47029,212,98,0,0,114,0,0,0,0,0,212,98,0,114
1997,"COCKE",47029,212,113,0,0,99,2,0,0,0,2,210,113,0,97
1998,"COCKE",47029,211,123,0,0,88,0,0,0,0,0,211,123,0,88
1999,"COCKE",47029,199,129,2,0,68,3,1,2,0,0,196,128,0,68
2000,"COCKE",47029,226,158,0,0,68,0,0,0,0,0,226,158,0,68
2001,"COCKE",47029,273,202,0,0,71,2,2,0,0,0,271,200,0,71
2002,"COCKE",47029,277,190,0,0,87,1,0,0,0,1,276,190,0,86
2003,"COCKE",47029,288,193,0,0,95,1,1,0,0,0,287,192,0,95
1990,"COFFEE",47031,209,87,3,0,119,3,0,3,0,0,206,87,0,119
1991,"COFFEE",47031,205,67,0,0,138,4,1,0,0,3,201,66,0,135
1992,"COFFEE",47031,205,71,1,1,132,22,8,1,1,12,183,63,0,120
1993,"COFFEE",47031,212,61,1,2,148,14,7,1,2,4,198,54,0,144
1994,"COFFEE",47031,191,53,0,2,136,10,2,0,2,6,181,51,0,130
1995,"COFFEE",47031,215,65,0,3,147,11,3,0,3,5,204,62,0,142
1996,"COFFEE",47031,295,78,0,2,215,10,4,0,2,4,285,74,0,211
1997,"COFFEE",47031,293,96,1,0,196,9,2,1,0,6,284,94,0,190
1998,"COFFEE",47031,260,98,0,1,161,10,4,0,1,5,250,94,0,156
1999,"COFFEE",47031,234,95,0,1,138,7,1,0,1,5,227,94,0,133
2000,"COFFEE",47031,236,99,0,1,136,7,3,0,1,3,229,96,0,133
2001,"COFFEE",47031,287,130,2,0,155,5,2,2,0,1,282,128,0,154
2002,"COFFEE",47031,309,152,0,1,156,6,2,0,1,3,303,150,0,153
2003,"COFFEE",47031,299,138,0,1,160,2,1,0,1,0,297,137,0,160
1990,"CROCKETT",47033,80,12,3,0,65,3,0,3,0,0,77,12,0,65
1991,"CROCKETT",47033,93,18,3,2,70,7,2,2,2,1,86,16,1,69
1992,"CROCKETT",47033,76,18,1,0,57,3,2,0,0,1,73,16,1,56
1993,"CROCKETT",47033,100,22,2,0,76,2,0,2,0,0,98,22,0,76
1994,"CROCKETT",47033,82,11,2,0,69,3,0,1,0,2,79,11,1,67
1995,"CROCKETT",47033,110,24,2,0,84,0,0,0,0,0,110,24,2,84
1996,"CROCKETT",47033,158,28,2,0,128,2,0,2,0,0,156,28,0,128
1997,"CROCKETT",47033,177,43,3,0,131,3,1,2,0,0,174,42,1,131
1998,"CROCKETT",47033,165,48,2,2,113,5,2,1,2,0,160,46,1,113
1999,"CROCKETT",47033,132,40,3,1,88,6,1,2,1,2,126,39,1,86
2000,"CROCKETT",47033,151,49,6,0,96,5,1,4,0,0,146,48,2,96
2001,"CROCKETT",47033,193,71,4,0,118,3,1,2,0,0,190,70,2,118
2002,"CROCKETT",47033,179,53,4,0,122,4,0,4,0,0,175,53,0,122
2003,"CROCKETT",47033,175,64,5,0,106,5,1,3,0,1,170,63,2,105
1990,"CUMBERLAND",47035,103,74,6,1,22,12,6,4,1,1,91,68,2,21
1991,"CUMBERLAND",47035,129,97,1,0,31,13,9,1,0,3,116,88,0,28
1992,"CUMBERLAND",47035,113,85,3,0,25,7,1,3,0,3,106,84,0,22
1993,"CUMBERLAND",47035,93,69,0,0,24,7,6,0,0,1,86,63,0,23
1994,"CUMBERLAND",47035,80,57,1,0,22,5,1,1,0,3,75,56,0,19
1995,"CUMBERLAND",47035,123,86,2,0,35,10,6,1,0,3,113,80,1,32
1996,"CUMBERLAND",47035,160,112,1,0,47,3,2,0,0,1,157,110,1,46
1997,"CUMBERLAND",47035,223,171,0,0,52,13,8,0,0,5,210,163,0,47
1998,"CUMBERLAND",47035,239,189,3,0,47,8,4,3,0,1,231,185,0,46
1999,"CUMBERLAND",47035,218,179,2,0,37,5,1,2,0,2,213,178,0,35
2000,"CUMBERLAND",47035,233,196,0,0,37,5,4,0,0,1,228,192,0,36
2001,"CUMBERLAND",47035,351,295,0,0,56,2,2,0,0,0,349,293,0,56
2002,"CUMBERLAND",47035,374,314,2,0,58,5,4,1,0,0,369,310,1,58
2003,"CUMBERLAND",47035,372,305,1,0,66,1,1,0,0,0,371,304,1,66
1990,"DAVIDSON",47037,5179,2168,108,0,2903,399,218,102,0,79,4780,1950,6,2824
1991,"DAVIDSON",47037,5551,2506,125,2,2918,457,231,120,2,104,5094,2275,5,2814
1992,"DAVIDSON",47037,5116,2357,120,1,2638,364,185,112,1,66,4752,2172,8,2572
1993,"DAVIDSON",47037,4453,1967,79,0,2407,238,115,71,0,52,4215,1852,8,2355
1994,"DAVIDSON",47037,3976,1662,44,0,2270,143,70,37,0,36,3833,1592,7,2234
1995,"DAVIDSON",47037,3947,1671,67,0,2209,145,55,53,0,37,3802,1616,14,2172
1996,"DAVIDSON",47037,4632,2122,55,0,2455,177,69,51,0,57,4455,2053,4,2398
1997,"DAVIDSON",47037,4685,2226,55,0,2404,173,71,52,0,50,4512,2155,3,2354
1998,"DAVIDSON",47037,4540,2329,53,0,2158,122,55,43,0,24,4418,2274,10,2134
1999,"DAVIDSON",47037,3901,2134,30,0,1737,77,43,22,0,12,3824,2091,8,1725
2000,"DAVIDSON",47037,4096,2264,46,0,1786,78,37,35,0,6,4018,2227,11,1780
2001,"DAVIDSON",47037,4957,2820,56,0,2081,89,43,44,0,2,4868,2777,12,2079
2002,"DAVIDSON",47037,5264,2972,42,0,2250,76,41,35,0,0,5188,2931,7,2250
2003,"DAVIDSON",47037,5466,2991,59,0,2416,82,27,47,0,8,5384,2964,12,2408
1990,"DECATUR",47039,33,15,2,0,16,2,0,2,0,0,31,15,0,16
1991,"DECATUR",47039,62,28,0,0,34,2,1,0,0,1,60,27,0,33
1992,"DECATUR",47039,40,20,2,0,18,5,2,2,0,1,35,18,0,17
1993,"DECATUR",47039,43,16,0,0,27,2,2,0,0,0,41,14,0,27
1994,"DECATUR",47039,76,12,4,0,60,4,1,3,0,0,72,11,1,60
1995,"DECATUR",47039,66,12,0,0,54,2,0,0,0,2,64,12,0,52
1996,"DECATUR",47039,56,12,1,0,43,2,1,0,0,1,54,11,1,42
1997,"DECATUR",47039,58,17,1,0,40,2,0,1,0,1,56,17,0,39
1998,"DECATUR",47039,62,25,0,0,37,2,2,0,0,0,60,23,0,37
1999,"DECATUR",47039,72,33,1,0,38,0,0,0,0,0,72,33,1,38
2000,"DECATUR",47039,71,27,1,0,43,2,1,1,0,0,69,26,0,43
2001,"DECATUR",47039,93,33,1,0,59,1,0,1,0,0,92,33,0,59
2002,"DECATUR",47039,96,43,0,0,53,0,0,0,0,0,96,43,0,53
2003,"DECATUR",47039,107,56,0,0,51,0,0,0,0,0,107,56,0,51
1990,"DEKALB",47041,44,21,1,0,22,6,3,1,0,2,38,18,0,20
1991,"DE KALB",47041,54,36,0,0,18,5,5,0,0,0,49,31,0,18
1992,"DE KALB",47041,56,30,1,0,25,4,1,1,0,2,52,29,0,23
1993,"DE KALB",47041,55,37,0,0,18,1,1,0,0,0,54,36,0,18
1994,"DE KALB",47041,45,28,0,0,17,6,4,0,0,2,39,24,0,15
1995,"DE KALB",47041,53,32,0,0,21,0,0,0,0,0,53,32,0,21
1996,"DE KALB",47041,53,35,1,0,17,2,1,1,0,0,51,34,0,17
1997,"DE KALB",47041,65,43,0,0,22,2,1,0,0,1,63,42,0,21
1998,"DE KALB",47041,79,48,0,0,31,1,0,0,0,1,78,48,0,30
1999,"DEKALB",47041,87,61,0,0,26,1,1,0,0,0,86,60,0,26
2000,"DE KALB",47041,97,58,0,0,39,0,0,0,0,0,97,58,0,39
2001,"DE KALB",47041,118,81,0,1,36,2,0,0,1,1,116,81,0,35
2002,"DE KALB",47041,120,81,0,0,39,0,0,0,0,0,120,81,0,39
2003,"DE KALB",47041,130,90,0,0,40,3,2,0,0,1,127,88,0,39
1990,"DICKSON",47043,297,93,0,0,204,14,9,0,0,5,283,84,0,199
1991,"DICKSON",47043,277,116,1,0,160,12,6,1,0,5,265,110,0,155
1992,"DICKSON",47043,232,108,0,0,124,6,5,0,0,1,226,103,0,123
1993,"DICKSON",47043,227,95,2,0,130,5,2,2,0,1,222,93,0,129
1994,"DICKSON",47043,192,86,0,0,106,9,8,0,0,1,183,78,0,105
1995,"DICKSON",47043,214,87,2,0,125,6,2,2,0,2,208,85,0,123
1996,"DICKSON",47043,288,111,1,0,176,5,1,1,0,3,283,110,0,173
1997,"DICKSON",47043,339,158,0,1,180,3,2,0,1,0,336,156,0,180
1998,"DICKSON",47043,276,152,1,0,123,1,0,1,0,0,275,152,0,123
1999,"DICKSON",47043,295,150,2,0,143,2,0,1,0,1,293,150,1,142
2000,"DICKSON",47043,347,180,2,0,165,6,4,0,0,2,341,176,2,163
2001,"DICKSON",47043,453,262,3,0,188,3,1,1,0,1,450,261,2,187
2002,"DICKSON",47043,445,253,7,0,185,8,2,4,0,2,437,251,3,183
2003,"DICKSON",47043,460,262,1,0,197,0,0,0,0,0,460,262,1,197
1990,"DYER",47045,262,83,1,0,178,2,1,1,0,0,260,82,0,178
1991,"DYER",47045,314,85,6,0,223,10,5,4,0,1,304,80,2,222
1992,"DYER",47045,263,63,5,0,195,12,3,4,0,5,251,60,1,190
1993,"DYER",47045,247,59,3,0,185,5,0,2,0,3,242,59,1,182
1994,"DYER",47045,225,71,0,0,154,6,2,0,0,4,219,69,0,150
1995,"DYER",47045,298,88,6,0,204,8,4,4,0,0,290,84,2,204
1996,"DYER",47045,384,111,2,0,271,5,3,1,0,1,379,108,1,270
1997,"DYER",47045,450,139,2,0,309,3,0,1,0,2,447,139,1,307
1998,"DYER",47045,450,134,1,0,315,6,3,1,0,2,444,131,0,313
1999,"DYER",47045,395,118,4,0,273,10,3,4,0,3,385,115,0,270
2000,"DYER",47045,442,154,1,0,287,5,2,1,0,2,437,152,0,285
2001,"DYER",47045,544,184,10,0,350,14,2,9,0,3,530,182,1,347
2002,"DYER",47045,520,238,6,0,276,6,0,4,0,2,514,238,2,274
2003,"DYER",47045,497,201,2,0,294,3,1,2,0,0,494,200,0,294
1990,"FAYETTE",47047,203,52,1,0,150,1,0,1,0,0,202,52,0,150
1991,"FAYETTE",47047,209,46,2,0,161,3,1,2,0,0,206,45,0,161
1992,"FAYETTE",47047,167,41,3,0,123,5,1,2,0,2,162,40,1,121
1993,"FAYETTE",47047,146,37,0,0,109,1,0,0,0,1,145,37,0,108
1994,"FAYETTE",47047,132,19,0,0,113,2,2,0,0,0,130,17,0,113
1995,"FAYETTE",47047,187,27,0,0,160,0,0,0,0,0,187,27,0,160
1996,"FAYETTE",47047,242,59,1,0,182,1,0,1,0,0,241,59,0,182
1997,"FAYETTE",47047,251,47,1,2,201,5,2,1,2,0,246,45,0,201
1998,"FAYETTE",47047,248,70,1,0,177,5,2,1,0,2,243,68,0,175
1999,"FAYETTE",47047,200,56,1,0,143,2,0,1,0,1,198,56,0,142
2000,"FAYETTE",47047,228,59,5,0,164,4,2,2,0,0,224,57,3,164
2001,"FAYETTE",47047,308,80,0,0,228,1,0,0,0,1,307,80,0,227
2002,"FAYETTE",47047,350,97,2,0,251,2,0,1,0,1,348,97,1,250
2003,"FAYETTE",47047,345,127,2,0,216,2,0,2,0,0,343,127,0,216
1990,"FENTRESS",47049,31,23,0,1,7,4,1,0,1,2,27,22,0,5
1991,"FENTRESS",47049,32,26,0,1,5,3,1,0,1,1,29,25,0,4
1992,"FENTRESS",47049,27,21,0,0,6,4,0,0,0,4,23,21,0,2
1993,"FENTRESS",47049,37,35,0,0,2,2,0,0,0,2,35,35,0,0
1994,"FENTRESS",47049,20,14,0,0,6,5,4,0,0,1,15,10,0,5
1995,"FENTRESS",47049,30,23,1,0,6,3,2,1,0,0,27,21,0,6
1996,"FENTRESS",47049,58,45,1,0,12,4,1,1,0,2,54,44,0,10
1997,"FENTRESS",47049,72,60,1,0,11,3,2,1,0,0,69,58,0,11
1998,"FENTRESS",47049,66,52,1,0,13,1,0,0,0,1,65,52,1,12
1999,"FENTRESS",47049,70,63,1,0,6,1,1,0,0,0,69,62,1,6
2000,"FENTRESS",47049,78,70,0,0,8,0,0,0,0,0,78,70,0,8
2001,"FENTRESS",47049,92,84,0,0,8,1,1,0,0,0,91,83,0,8
2002,"FENTRESS",47049,93,89,0,0,4,2,2,0,0,0,91,87,0,4
2003,"FENTRESS",47049,93,85,0,0,8,0,0,0,0,0,93,85,0,8
1990,"FRANKLIN",47051,149,39,0,0,110,4,2,0,0,2,145,37,0,108
1991,"FRANKLIN",47051,127,32,2,0,93,5,0,2,0,3,122,32,0,90
1992,"FRANKLIN",47051,128,39,1,2,86,15,4,1,2,8,113,35,0,78
1993,"FRANKLIN",47051,99,29,0,0,70,4,1,0,0,3,95,28,0,67
1994,"FRANKLIN",47051,123,25,1,4,93,12,3,1,4,4,111,22,0,89
1995,"FRANKLIN",47051,141,30,0,1,110,7,2,0,1,4,134,28,0,106
1996,"FRANKLIN",47051,201,53,0,0,148,10,2,0,0,8,191,51,0,140
1997,"FRANKLIN",47051,176,51,1,0,124,4,0,1,0,3,172,51,0,121
1998,"FRANKLIN",47051,173,57,1,0,115,8,3,1,0,4,165,54,0,111
1999,"FRANKLIN",47051,160,44,2,1,113,11,5,2,1,3,149,39,0,110
2000,"FRANKLIN",47051,196,58,0,0,138,7,1,0,0,6,189,57,0,132
2001,"FRANKLIN",47051,215,74,0,0,141,8,3,0,0,5,207,71,0,136
2002,"FRANKLIN",47051,209,80,1,0,128,3,1,1,0,1,206,79,0,127
2003,"FRANKLIN",47051,226,89,1,0,136,2,1,1,0,0,224,88,0,136
1990,"GIBSON",47053,297,80,5,1,211,8,1,5,1,1,289,79,0,210
1991,"GIBSON",47053,345,94,7,1,243,18,8,7,1,2,327,86,0,241
1992,"GIBSON",47053,301,71,7,0,223,16,4,7,0,5,285,67,0,218
1993,"GIBSON",47053,297,65,3,1,228,8,4,3,1,0,289,61,0,228
1994,"GIBSON",47053,269,76,1,0,192,6,4,1,0,1,263,72,0,191
1995,"GIBSON",47053,354,95,7,0,252,13,8,4,0,1,341,87,3,251
1996,"GIBSON",47053,489,108,3,0,378,6,2,2,0,2,483,106,1,376
1997,"GIBSON",47053,519,142,3,0,374,6,3,2,0,1,513,139,1,373
1998,"GIBSON",47053,495,134,1,0,360,3,1,1,0,1,492,133,0,359
1999,"GIBSON",47053,411,133,1,0,277,5,2,1,0,2,406,131,0,275
2000,"GIBSON",47053,512,154,1,0,357,4,2,0,0,2,508,152,1,355
2001,"GIBSON",47053,578,203,3,0,372,8,4,3,0,1,570,199,0,371
2002,"GIBSON",47053,600,220,5,0,375,11,5,5,0,1,589,215,0,374
2003,"GIBSON",47053,607,260,1,0,346,2,1,1,0,0,605,259,0,346
1990,"GILES",47055,111,68,0,0,43,10,7,0,0,3,101,61,0,40
1991,"GILES",47055,113,69,1,0,43,14,11,1,0,2,99,58,0,41
1992,"GILES",47055,83,48,1,1,33,14,9,1,1,3,69,39,0,30
1993,"GILES",47055,102,50,1,2,49,10,4,1,2,3,92,46,0,46
1994,"GILES",47055,98,43,0,1,54,5,2,0,1,2,93,41,0,52
1995,"GILES",47055,100,46,3,0,51,4,1,2,0,1,96,45,1,50
1996,"GILES",47055,169,71,1,2,95,14,7,1,2,4,155,64,0,91
1997,"GILES",47055,179,96,0,0,83,8,7,0,0,1,171,89,0,82
1998,"GILES",47055,186,85,1,0,100,1,1,0,0,0,185,84,1,100
1999,"GILES",47055,152,83,0,0,69,2,1,0,0,1,150,82,0,68
2000,"GILES",47055,187,103,1,0,83,3,2,1,0,0,184,101,0,83
2001,"GILES",47055,249,131,1,0,117,1,0,1,0,0,248,131,0,117
2002,"GILES",47055,265,168,2,0,95,5,2,1,0,2,260,166,1,93
2003,"GILES",47055,229,136,2,1,90,7,5,1,1,0,222,131,1,90
1990,"GRAINGER",47057,58,44,0,0,14,0,0,0,0,0,58,44,0,14
1991,"GRAINGER",47057,81,55,0,0,26,1,0,0,0,1,80,55,0,25
1992,"GRAINGER",47057,57,33,0,0,24,2,2,0,0,0,55,31,0,24
1993,"GRAINGER",47057,51,28,1,0,22,1,0,1,0,0,50,28,0,22
1994,"GRAINGER",47057,56,27,0,0,29,2,1,0,0,1,54,26,0,28
1995,"GRAINGER",47057,86,33,1,0,52,2,0,1,0,1,84,33,0,51
1996,"GRAINGER",47057,93,42,0,0,51,1,1,0,0,0,92,41,0,51
1997,"GRAINGER",47057,105,54,2,0,49,3,0,2,0,1,102,54,0,48
1998,"GRAINGER",47057,100,54,1,0,45,3,1,1,0,1,97,53,0,44
1999,"GRAINGER",47057,101,56,2,0,43,4,0,2,0,2,97,56,0,41
2000,"GRAINGER",47057,169,106,1,0,62,4,1,1,0,2,165,105,0,60
2001,"GRAINGER",47057,156,113,0,0,43,2,1,0,0,1,154,112,0,42
2002,"GRAINGER",47057,159,111,0,0,48,3,2,0,0,1,156,109,0,47
2003,"GRAINGER",47057,128,86,0,0,42,1,0,0,0,1,127,86,0,41
1990,"GREENE",47059,220,200,0,0,20,3,3,0,0,0,217,197,0,20
1991,"GREENE",47059,294,251,0,0,43,1,0,0,0,1,293,251,0,42
1992,"GREENE",47059,278,218,2,0,58,7,5,2,0,0,271,213,0,58
1993,"GREENE",47059,217,160,0,1,56,2,1,0,1,0,215,159,0,56
1994,"GREENE",47059,232,170,0,1,61,1,0,0,1,0,231,170,0,61
1995,"GREENE",47059,245,179,0,1,65,2,1,0,1,0,243,178,0,65
1996,"GREENE",47059,351,244,0,0,107,2,1,0,0,1,349,243,0,106
1997,"GREENE",47059,396,285,0,1,110,4,1,0,1,2,392,284,0,108
1998,"GREENE",47059,422,298,0,1,123,6,5,0,1,0,416,293,0,123
1999,"GREENE",47059,409,303,1,0,105,6,4,1,0,1,403,299,0,104
2000,"GREENE",47059,426,320,0,0,106,5,4,0,0,1,421,316,0,105
2001,"GREENE",47059,535,399,0,1,135,9,6,0,1,2,526,393,0,133
2002,"GREENE",47059,556,427,3,0,126,15,5,3,0,7,541,422,0,119
2003,"GREENE",47059,602,481,1,0,120,5,0,1,0,4,597,481,0,116
1990,"GRUNDY",47061,49,19,0,1,29,3,1,0,1,1,46,18,0,28
1991,"GRUNDY",47061,66,26,0,1,39,4,1,0,1,2,62,25,0,37
1992,"GRUNDY",47061,52,16,1,1,34,7,0,1,1,5,45,16,0,29
1993,"GRUNDY",47061,38,9,0,0,29,3,0,0,0,3,35,9,0,26
1994,"GRUNDY",47061,29,5,0,0,24,1,0,0,0,1,28,5,0,23
1995,"GRUNDY",47061,44,15,0,0,29,3,3,0,0,0,41,12,0,29
1996,"GRUNDY",47061,63,14,1,1,47,2,0,1,1,0,61,14,0,47
1997,"GRUNDY",47061,57,24,0,0,33,2,0,0,0,2,55,24,0,31
1998,"GRUNDY",47061,83,23,0,1,59,4,3,0,1,0,79,20,0,59
1999,"GRUNDY",47061,79,26,0,0,53,0,0,0,0,0,79,26,0,53
2000,"GRUNDY",47061,70,24,0,0,46,1,1,0,0,0,69,23,0,46
2001,"GRUNDY",47061,87,27,1,0,59,4,0,1,0,3,83,27,0,56
2002,"GRUNDY",47061,65,25,0,0,40,1,0,0,0,1,64,25,0,39
2003,"GRUNDY",47061,68,29,0,0,39,1,0,0,0,1,67,29,0,38
1990,"HAMBLEN",47063,257,246,1,0,10,5,3,1,0,1,252,243,0,9
1991,"HAMBLEN",47063,321,261,1,0,59,10,8,1,0,1,311,253,0,58
1992,"HAMBLEN",47063,318,223,0,0,95,9,9,0,0,0,309,214,0,95
1993,"HAMBLEN",47063,312,157,3,0,152,7,2,3,0,2,305,155,0,150
1994,"HAMBLEN",47063,285,121,1,0,163,3,2,1,0,0,282,119,0,163
1995,"HAMBLEN",47063,302,134,0,0,168,5,5,0,0,0,297,129,0,168
1996,"HAMBLEN",47063,404,198,0,0,206,2,1,0,0,1,402,197,0,205
1997,"HAMBLEN",47063,402,228,2,1,171,12,6,2,1,3,390,222,0,168
1998,"HAMBLEN",47063,395,242,0,0,153,7,5,0,0,2,388,237,0,151
1999,"HAMBLEN",47063,391,244,4,0,143,9,4,4,0,1,382,240,0,142
2000,"HAMBLEN",47063,412,255,2,0,155,7,4,1,0,2,405,251,1,153
2001,"HAMBLEN",47063,503,362,1,0,140,16,9,1,0,6,487,353,0,134
2002,"HAMBLEN",47063,503,381,2,0,120,5,1,1,0,3,498,380,1,117
2003,"HAMBLEN",47063,430,310,2,0,118,7,2,2,0,3,423,308,0,115
1990,"HAMILTON",47065,2480,790,27,0,1663,43,17,23,0,3,2437,773,4,1660
1991,"HAMILTON",47065,2904,840,32,1,2030,66,23,29,1,12,2838,817,3,2018
1992,"HAMILTON",47065,2718,824,29,0,1865,135,51,28,0,56,2583,773,1,1809
1993,"HAMILTON",47065,2312,766,14,0,1532,107,59,14,0,34,2205,707,0,1498
1994,"HAMILTON",47065,2149,723,9,0,1417,89,43,9,0,37,2060,680,0,1380
1995,"HAMILTON",47065,2372,747,6,0,1619,101,47,5,0,49,2271,700,1,1570
1996,"HAMILTON",47065,2964,1046,14,1,1903,100,46,14,1,39,2864,1000,0,1864
1997,"HAMILTON",47065,3100,1287,14,1,1798,80,38,13,1,28,3020,1249,1,1770
1998,"HAMILTON",47065,2905,1255,7,0,1643,67,34,7,0,26,2838,1221,0,1617
1999,"HAMILTON",47065,2423,1048,11,0,1364,47,29,10,0,8,2376,1019,1,1356
2000,"HAMILTON",47065,2613,1164,10,0,1439,42,23,10,0,9,2571,1141,0,1430
2001,"HAMILTON",47065,3219,1527,15,0,1677,31,12,15,0,4,3188,1515,0,1673
2002,"HAMILTON",47065,3309,1662,5,0,1642,32,24,5,0,3,3277,1638,0,1639
2003,"HAMILTON",47065,3225,1620,14,0,1591,36,19,14,0,3,3189,1601,0,1588
1990,"HANCOCK",47067,5,5,0,0,0,0,0,0,0,0,5,5,0,0
1991,"HANCOCK",47067,8,7,0,0,1,0,0,0,0,0,8,7,0,1
1992,"HANCOCK",47067,9,6,0,1,2,3,2,0,1,0,6,4,0,2
1993,"HANCOCK",47067,11,7,1,0,3,1,1,0,0,0,10,6,1,3
1994,"HANCOCK",47067,12,3,0,0,9,2,1,0,0,1,10,2,0,8
1995,"HANCOCK",47067,19,8,0,0,11,0,0,0,0,0,19,8,0,11
1996,"HANCOCK",47067,10,4,0,0,6,0,0,0,0,0,10,4,0,6
1997,"HANCOCK",47067,25,16,0,0,9,0,0,0,0,0,25,16,0,9
1998,"HANCOCK",47067,12,6,0,0,6,0,0,0,0,0,12,6,0,6
1999,"HANCOCK",47067,24,20,0,0,4,0,0,0,0,0,24,20,0,4
2000,"HANCOCK",47067,28,21,0,0,7,1,0,0,0,1,27,21,0,6
2001,"HANCOCK",47067,22,16,0,0,6,2,1,0,0,1,20,15,0,5
2002,"HANCOCK",47067,30,25,0,0,5,1,1,0,0,0,29,24,0,5
2003,"HANCOCK",47067,28,23,0,0,5,1,1,0,0,0,27,22,0,5
1990,"HARDEMAN",47069,141,25,3,0,113,2,0,2,0,0,139,25,1,113
1991,"HARDEMAN",47069,199,38,7,1,153,8,0,7,1,0,191,38,0,153
1992,"HARDEMAN",47069,184,40,3,0,141,7,2,3,0,2,177,38,0,139
1993,"HARDEMAN",47069,180,29,2,1,148,7,3,2,1,1,173,26,0,147
1994,"HARDEMAN",47069,140,24,1,0,115,3,2,1,0,0,137,22,0,115
1995,"HARDEMAN",47069,167,31,2,0,134,4,3,1,0,0,163,28,1,134
1996,"HARDEMAN",47069,242,43,0,0,199,3,3,0,0,0,239,40,0,199
1997,"HARDEMAN",47069,315,64,4,0,247,7,3,4,0,0,308,61,0,247
1998,"HARDEMAN",47069,286,67,1,0,218,6,4,1,0,1,280,63,0,217
1999,"HARDEMAN",47069,255,59,0,0,196,2,2,0,0,0,253,57,0,196
2000,"HARDEMAN",47069,294,88,4,0,202,3,0,3,0,0,291,88,1,202
2001,"HARDEMAN",47069,375,88,1,0,286,3,3,0,0,0,372,85,1,286
2002,"HARDEMAN",47069,403,127,6,0,270,12,5,6,0,1,391,122,0,269
2003,"HARDEMAN",47069,393,125,5,0,263,5,0,5,0,0,388,125,0,263
1990,"HARDIN",47071,97,29,2,0,66,4,1,2,0,1,93,28,0,65
1991,"HARDIN",47071,122,46,3,0,73,6,1,3,0,2,116,45,0,71
1992,"HARDIN",47071,123,35,2,0,86,9,6,2,0,1,114,29,0,85
1993,"HARDIN",47071,111,29,0,0,82,3,3,0,0,0,108,26,0,82
1994,"HARDIN",47071,135,26,0,0,109,3,3,0,0,0,132,23,0,109
1995,"HARDIN",47071,109,20,2,0,87,4,2,1,0,1,105,18,1,86
1996,"HARDIN",47071,196,67,2,0,127,2,0,2,0,0,194,67,0,127
1997,"HARDIN",47071,169,52,2,0,115,3,0,2,0,1,166,52,0,114
1998,"HARDIN",47071,177,68,1,0,108,1,1,0,0,0,176,67,1,108
1999,"HARDIN",47071,169,51,2,0,116,2,0,2,0,0,167,51,0,116
2000,"HARDIN",47071,214,69,3,0,142,3,0,3,0,0,211,69,0,142
2001,"HARDIN",47071,218,80,3,0,135,5,1,3,0,1,213,79,0,134
2002,"HARDIN",47071,214,90,2,0,122,3,1,2,0,0,211,89,0,122
2003,"HARDIN",47071,222,91,3,0,128,4,1,3,0,0,218,90,0,128
1990,"HAWKINS",47073,138,126,0,0,12,2,1,0,0,1,136,125,0,11
1991,"HAWKINS",47073,160,138,0,0,22,4,4,0,0,0,156,134,0,22
1992,"HAWKINS",47073,183,124,1,0,58,3,1,1,0,1,180,123,0,57
1993,"HAWKINS",47073,159,106,0,0,53,3,2,0,0,1,156,104,0,52
1994,"HAWKINS",47073,164,121,0,0,43,2,2,0,0,0,162,119,0,43
1995,"HAWKINS",47073,208,143,0,0,65,1,1,0,0,0,207,142,0,65
1996,"HAWKINS",47073,323,210,0,0,113,0,0,0,0,0,323,210,0,113
1997,"HAWKINS",47073,286,211,1,1,73,6,3,1,1,1,280,208,0,72
1998,"HAWKINS",47073,300,217,0,0,83,0,0,0,0,0,300,217,0,83
1999,"HAWKINS",47073,309,228,3,0,78,5,2,3,0,0,304,226,0,78
2000,"HAWKINS",47073,376,283,0,0,93,4,4,0,0,0,372,279,0,93
2001,"HAWKINS",47073,484,392,2,0,90,14,12,1,0,1,470,380,1,89
2002,"HAWKINS",47073,385,292,1,0,92,3,2,1,0,0,382,290,0,92
2003,"HAWKINS",47073,442,337,0,1,104,4,3,0,1,0,438,334,0,104
1990,"HAYWOOD",47075,111,15,2,0,94,2,1,1,0,0,109,14,1,94
1991,"HAYWOOD",47075,167,30,3,0,134,3,1,2,0,0,164,29,1,134
1992,"HAYWOOD",47075,148,24,0,0,124,2,1,0,0,1,146,23,0,123
1993,"HAYWOOD",47075,173,27,2,0,144,5,3,1,0,1,168,24,1,143
1994,"HAYWOOD",47075,149,20,2,0,127,2,0,1,0,1,147,20,1,126
1995,"HAYWOOD",47075,192,29,1,0,162,3,2,1,0,0,189,27,0,162
1996,"HAYWOOD",47075,266,37,1,0,228,1,1,0,0,0,265,36,1,228
1997,"HAYWOOD",47075,339,48,0,0,291,2,1,0,0,1,337,47,0,290
1998,"HAYWOOD",47075,304,53,1,0,250,3,0,1,0,2,301,53,0,248
1999,"HAYWOOD",47075,247,41,0,1,205,3,2,0,1,0,244,39,0,205
2000,"HAYWOOD",47075,299,48,4,0,247,3,0,2,0,1,296,48,2,246
2001,"HAYWOOD",47075,323,53,3,0,267,2,1,1,0,0,321,52,2,267
2002,"HAYWOOD",47075,370,72,5,1,292,6,0,4,1,1,364,72,1,291
2003,"HAYWOOD",47075,313,94,3,0,216,3,1,2,0,0,310,93,1,216
1990,"HENDERSON",47077,133,34,1,0,98,1,0,1,0,0,132,34,0,98
1991,"HENDERSON",47077,151,46,4,0,101,6,1,3,0,2,145,45,1,99
1992,"HENDERSON",47077,128,42,0,1,85,4,3,0,1,0,124,39,0,85
1993,"HENDERSON",47077,122,30,0,0,92,3,3,0,0,0,119,27,0,92
1994,"HENDERSON",47077,141,19,1,2,119,3,0,1,2,0,138,19,0,119
1995,"HENDERSON",47077,198,43,1,0,154,3,2,1,0,0,195,41,0,154
1996,"HENDERSON",47077,279,42,0,0,237,3,2,0,0,1,276,40,0,236
1997,"HENDERSON",47077,254,76,2,0,176,4,2,2,0,0,250,74,0,176
1998,"HENDERSON",47077,272,81,2,0,189,2,1,1,0,0,270,80,1,189
1999,"HENDERSON",47077,255,75,0,0,180,1,0,0,0,1,254,75,0,179
2000,"HENDERSON",47077,327,85,3,0,239,2,1,1,0,0,325,84,2,239
2001,"HENDERSON",47077,395,128,4,0,263,5,1,3,0,1,390,127,1,262
2002,"HENDERSON",47077,342,125,5,0,212,6,2,4,0,0,336,123,1,212
2003,"HENDERSON",47077,293,92,2,0,199,3,1,1,0,1,290,91,1,198
1990,"HENRY",47079,137,60,7,2,68,10,1,7,2,0,127,59,0,68
1991,"HENRY",47079,127,51,2,1,73,8,5,2,1,0,119,46,0,73
1992,"HENRY",47079,121,61,2,0,58,9,4,2,0,3,112,57,0,55
1993,"HENRY",47079,157,52,8,0,97,12,3,6,0,3,145,49,2,94
1994,"HENRY",47079,167,57,6,0,104,10,6,4,0,0,157,51,2,104
1995,"HENRY",47079,157,46,6,0,105,7,3,4,0,0,150,43,2,105
1996,"HENRY",47079,165,53,2,0,110,8,3,2,0,3,157,50,0,107
1997,"HENRY",47079,219,73,1,0,145,2,1,1,0,0,217,72,0,145
1998,"HENRY",47079,209,91,1,0,117,3,1,0,0,2,206,90,1,115
1999,"HENRY",47079,214,82,1,0,131,4,3,1,0,0,210,79,0,131
2000,"HENRY",47079,260,128,1,0,131,5,4,1,0,0,255,124,0,131
2001,"HENRY",47079,325,135,7,0,183,7,1,5,0,1,318,134,2,182
2002,"HENRY",47079,284,143,4,0,137,5,1,4,0,0,279,142,0,137
2003,"HENRY",47079,356,174,3,0,179,5,1,2,0,2,351,173,1,177
1990,"HICKMAN",47081,104,39,1,0,64,10,5,1,0,4,94,34,0,60
1991,"HICKMAN",47081,117,58,1,0,58,4,2,0,0,2,113,56,1,56
1992,"HICKMAN",47081,122,58,1,0,63,7,4,1,0,2,115,54,0,61
1993,"HICKMAN",47081,88,33,1,1,53,4,3,0,1,0,84,30,1,53
1994,"HICKMAN",47081,103,44,0,0,59,2,0,0,0,2,101,44,0,57
1995,"HICKMAN",47081,93,49,0,0,44,2,0,0,0,2,91,49,0,42
1996,"HICKMAN",47081,140,57,1,0,82,3,1,0,0,2,137,56,1,80
1997,"HICKMAN",47081,188,92,0,0,96,2,1,0,0,1,186,91,0,95
1998,"HICKMAN",47081,169,88,1,0,80,0,0,0,0,0,169,88,1,80
1999,"HICKMAN",47081,149,72,0,0,77,1,0,0,0,1,148,72,0,76
2000,"HICKMAN",47081,162,79,0,0,83,1,1,0,0,0,161,78,0,83
2001,"HICKMAN",47081,231,126,1,0,104,4,3,1,0,0,227,123,0,104
2002,"HICKMAN",47081,224,135,1,0,88,5,3,1,0,1,219,132,0,87
2003,"HICKMAN",47081,236,142,0,0,94,0,0,0,0,0,236,142,0,94
1990,"HOUSTON",47083,27,14,0,0,13,1,1,0,0,0,26,13,0,13
1991,"HOUSTON",47083,41,26,0,0,15,4,2,0,0,2,37,24,0,13
1992,"HOUSTON",47083,30,19,0,0,11,2,2,0,0,0,28,17,0,11
1993,"HOUSTON",47083,33,18,1,0,14,2,0,1,0,1,31,18,0,13
1994,"HOUSTON",47083,26,12,1,0,13,1,0,1,0,0,25,12,0,13
1995,"HOUSTON",47083,45,28,0,0,17,3,3,0,0,0,42,25,0,17
1996,"HOUSTON",47083,57,32,0,0,25,3,1,0,0,2,54,31,0,23
1997,"HOUSTON",47083,38,14,0,0,24,0,0,0,0,0,38,14,0,24
1998,"HOUSTON",47083,45,27,0,0,18,0,0,0,0,0,45,27,0,18
1999,"HOUSTON",47083,38,33,0,0,5,1,1,0,0,0,37,32,0,5
2000,"HOUSTON",47083,35,25,0,0,10,0,0,0,0,0,35,25,0,10
2001,"HOUSTON",47083,46,31,0,0,15,1,1,0,0,0,45,30,0,15
2002,"HOUSTON",47083,46,34,0,0,12,0,0,0,0,0,46,34,0,12
2003,"HOUSTON",47083,62,41,0,0,21,0,0,0,0,0,62,41,0,21
1990,"HUMPHREYS",47085,78,31,0,0,47,5,4,0,0,1,73,27,0,46
1991,"HUMPHREYS",47085,97,48,0,0,49,7,4,0,0,3,90,44,0,46
1992,"HUMPHREYS",47085,85,50,1,0,34,4,2,1,0,1,81,48,0,33
1993,"HUMPHREYS",47085,64,35,0,0,29,1,1,0,0,0,63,34,0,29
1994,"HUMPHREYS",47085,73,38,0,0,35,2,0,0,0,2,71,38,0,33
1995,"HUMPHREYS",47085,96,47,0,0,49,1,1,0,0,0,95,46,0,49
1996,"HUMPHREYS",47085,100,50,1,0,49,4,1,1,0,2,96,49,0,47
1997,"HUMPHREYS",47085,135,77,1,0,57,1,1,0,0,0,134,76,1,57
1998,"HUMPHREYS",47085,124,73,0,0,51,1,1,0,0,0,123,72,0,51
1999,"HUMPHREYS",47085,113,62,1,0,50,5,4,1,0,0,108,58,0,50
2000,"HUMPHREYS",47085,111,65,0,0,46,1,0,0,0,1,110,65,0,45
2001,"HUMPHREYS",47085,130,71,0,0,59,1,1,0,0,0,129,70,0,59
2002,"HUMPHREYS",47085,139,93,1,0,45,1,1,0,0,0,138,92,1,45
2003,"HUMPHREYS",47085,148,86,2,0,60,2,0,2,0,0,146,86,0,60
1990,"JACKSON",47087,19,15,1,0,3,2,1,0,0,1,17,14,1,2
1991,"JACKSON",47087,16,11,0,0,5,0,0,0,0,0,16,11,0,5
1992,"JACKSON",47087,18,14,0,0,4,2,2,0,0,0,16,12,0,4
1993,"JACKSON",47087,22,14,0,0,8,0,0,0,0,0,22,14,0,8
1994,"JACKSON",47087,19,12,0,0,7,3,1,0,0,2,16,11,0,5
1995,"JACKSON",47087,22,12,0,0,10,0,0,0,0,0,22,12,0,10
1996,"JACKSON",47087,37,27,0,0,10,1,0,0,0,1,36,27,0,9
1997,"JACKSON",47087,43,34,2,0,7,4,2,2,0,0,39,32,0,7
1998,"JACKSON",47087,44,35,0,0,9,1,1,0,0,0,43,34,0,9
1999,"JACKSON",47087,39,33,0,0,6,0,0,0,0,0,39,33,0,6
2000,"JACKSON",47087,33,26,0,0,7,1,1,0,0,0,32,25,0,7
2001,"JACKSON",47087,41,30,0,0,11,0,0,0,0,0,41,30,0,11
2002,"JACKSON",47087,61,52,0,0,9,0,0,0,0,0,61,52,0,9
2003,"JACKSON",47087,70,59,0,0,11,0,0,0,0,0,70,59,0,11
1990,"JEFFERSON",47089,153,125,1,1,26,5,4,0,1,0,148,121,1,26
1991,"JEFFERSON",47089,193,130,1,0,62,4,1,1,0,2,189,129,0,60
1992,"JEFFERSON",47089,174,101,0,0,73,9,8,0,0,1,165,93,0,72
1993,"JEFFERSON",47089,144,62,0,0,82,1,0,0,0,1,143,62,0,81
1994,"JEFFERSON",47089,151,74,2,0,75,3,1,2,0,0,148,73,0,75
1995,"JEFFERSON",47089,213,103,0,0,110,3,0,0,0,3,210,103,0,107
1996,"JEFFERSON",47089,357,177,1,0,179,10,4,1,0,5,347,173,0,174
1997,"JEFFERSON",47089,310,163,0,0,147,3,2,0,0,1,307,161,0,146
1998,"JEFFERSON",47089,314,188,1,1,124,4,2,1,1,0,310,186,0,124
1999,"JEFFERSON",47089,330,212,3,0,115,4,1,3,0,0,326,211,0,115
2000,"JEFFERSON",47089,389,235,0,0,154,3,3,0,0,0,386,232,0,154
2001,"JEFFERSON",47089,395,267,2,0,126,7,5,2,0,0,388,262,0,126
2002,"JEFFERSON",47089,399,271,0,0,128,6,5,0,0,1,393,266,0,127
2003,"JEFFERSON",47089,441,310,2,0,129,3,1,2,0,0,438,309,0,129
1990,"JOHNSON",47091,15,10,0,0,5,2,1,0,0,1,13,9,0,4
1991,"JOHNSON",47091,24,22,0,0,2,1,1,0,0,0,23,21,0,2
1992,"JOHNSON",47091,17,14,0,0,3,0,0,0,0,0,17,14,0,3
1993,"JOHNSON",47091,49,24,0,0,25,2,2,0,0,0,47,22,0,25
1994,"JOHNSON",47091,30,13,0,0,17,0,0,0,0,0,30,13,0,17
1995,"JOHNSON",47091,32,21,0,0,11,0,0,0,0,0,32,21,0,11
1996,"JOHNSON",47091,62,42,0,0,20,1,0,0,0,1,61,42,0,19
1997,"JOHNSON",47091,71,38,0,0,33,0,0,0,0,0,71,38,0,33
1998,"JOHNSON",47091,73,39,0,0,34,2,2,0,0,0,71,37,0,34
1999,"JOHNSON",47091,67,44,0,0,23,0,0,0,0,0,67,44,0,23
2000,"JOHNSON",47091,67,46,0,0,21,0,0,0,0,0,67,46,0,21
2001,"JOHNSON",47091,97,77,0,0,20,7,4,0,0,3,90,73,0,17
2002,"JOHNSON",47091,72,57,0,0,15,2,1,0,0,1,70,56,0,14
2003,"JOHNSON",47091,81,63,0,0,18,2,1,0,0,1,79,62,0,17
1990,"KNOX",47093,1617,1016,19,0,582,78,50,18,0,10,1539,966,1,572
1991,"KNOX",47093,2116,1146,20,0,950,73,37,20,0,16,2043,1109,0,934
1992,"KNOX",47093,1889,937,10,0,942,99,64,10,0,25,1790,873,0,917
1993,"KNOX",47093,1610,784,9,0,817,72,41,9,0,22,1538,743,0,795
1994,"KNOX",47093,1377,737,8,0,632,47,27,7,0,13,1330,710,1,619
1995,"KNOX",47093,1456,762,18,0,676,55,26,18,0,11,1401,736,0,665
1996,"KNOX",47093,1809,948,15,0,846,64,21,15,0,28,1745,927,0,818
1997,"KNOX",47093,2093,1156,11,0,926,90,29,11,0,50,2003,1127,0,876
1998,"KNOX",47093,2141,1332,7,0,802,53,26,7,0,20,2088,1306,0,782
1999,"KNOX",47093,2022,1292,17,0,713,51,24,17,0,10,1971,1268,0,703
2000,"KNOX",47093,1993,1266,4,0,723,43,33,4,0,6,1950,1233,0,717
2001,"KNOX",47093,2414,1675,26,0,713,70,32,26,0,12,2344,1643,0,701
2002,"KNOX",47093,2584,1720,15,0,849,41,24,12,0,5,2543,1696,3,844
2003,"KNOX",47093,2696,1926,6,0,764,31,26,4,0,1,2665,1900,2,763
1990,"LAKE",47095,35,7,0,1,27,1,0,0,1,0,34,7,0,27
1991,"LAKE",47095,33,8,2,0,23,2,0,1,0,1,31,8,1,22
1992,"LAKE",47095,22,4,0,0,18,1,1,0,0,0,21,3,0,18
1993,"LAKE",47095,36,8,0,0,28,0,0,0,0,0,36,8,0,28
1994,"LAKE",47095,31,7,0,0,24,0,0,0,0,0,31,7,0,24
1995,"LAKE",47095,31,12,0,0,19,0,0,0,0,0,31,12,0,19
1996,"LAKE",47095,51,13,0,0,38,0,0,0,0,0,51,13,0,38
1997,"LAKE",47095,57,12,0,0,45,0,0,0,0,0,57,12,0,45
1998,"LAKE",47095,70,18,0,0,52,0,0,0,0,0,70,18,0,52
1999,"LAKE",47095,49,18,0,0,31,2,0,0,0,2,47,18,0,29
2000,"LAKE",47095,55,26,6,0,23,4,0,4,0,0,51,26,2,23
2001,"LAKE",47095,58,18,3,0,37,2,0,2,0,0,56,18,1,37
2002,"LAKE",47095,70,29,0,0,41,0,0,0,0,0,70,29,0,41
2003,"LAKE",47095,66,28,0,0,38,0,0,0,0,0,66,28,0,38
1990,"LAUDERDALE",47097,204,31,3,0,170,4,1,3,0,0,200,30,0,170
1991,"LAUDERDALE",47097,223,40,4,0,179,1,0,1,0,0,222,40,3,179
1992,"LAUDERDALE",47097,186,34,6,0,146,8,1,6,0,1,178,33,0,145
1993,"LAUDERDALE",47097,240,37,1,0,202,3,2,1,0,0,237,35,0,202
1994,"LAUDERDALE",47097,207,35,0,0,172,3,1,0,0,2,204,34,0,170
1995,"LAUDERDALE",47097,256,40,1,0,215,3,0,1,0,2,253,40,0,213
1996,"LAUDERDALE",47097,314,53,2,1,258,5,0,2,1,2,309,53,0,256
1997,"LAUDERDALE",47097,440,78,1,0,361,0,0,0,0,0,440,78,1,361
1998,"LAUDERDALE",47097,377,81,1,0,295,3,0,1,0,2,374,81,0,293
1999,"LAUDERDALE",47097,344,77,3,0,264,5,2,3,0,0,339,75,0,264
2000,"LAUDERDALE",47097,375,93,5,0,277,5,1,4,0,0,370,92,1,277
2001,"LAUDERDALE",47097,466,119,3,0,344,9,5,2,0,2,457,114,1,342
2002,"LAUDERDALE",47097,495,144,10,0,341,8,0,7,0,1,487,144,3,340
2003,"LAUDERDALE",47097,399,120,6,0,273,4,0,4,0,0,395,120,2,273
1990,"LAWRENCE",47099,113,46,0,0,67,15,6,0,0,9,98,40,0,58
1991,"LAWRENCE",47099,105,62,0,0,43,9,8,0,0,1,96,54,0,42
1992,"LAWRENCE",47099,162,80,0,1,81,21,13,0,1,7,141,67,0,74
1993,"LAWRENCE",47099,175,89,0,1,85,9,6,0,1,2,166,83,0,83
1994,"LAWRENCE",47099,160,92,2,0,66,8,5,2,0,1,152,87,0,65
1995,"LAWRENCE",47099,185,88,1,0,96,13,11,1,0,1,172,77,0,95
1996,"LAWRENCE",47099,225,117,0,0,108,18,14,0,0,4,207,103,0,104
1997,"LAWRENCE",47099,278,153,0,1,124,9,6,0,1,2,269,147,0,122
1998,"LAWRENCE",47099,269,127,0,1,141,2,0,0,1,1,267,127,0,140
1999,"LAWRENCE",47099,244,134,1,1,108,4,2,0,1,1,240,132,1,107
2000,"LAWRENCE",47099,221,121,2,0,98,5,2,2,0,1,216,119,0,97
2001,"LAWRENCE",47099,276,154,0,0,122,3,3,0,0,0,273,151,0,122
2002,"LAWRENCE",47099,303,190,2,0,111,4,2,1,0,1,299,188,1,110
2003,"LAWRENCE",47099,290,186,0,0,104,2,1,0,0,1,288,185,0,103
1990,"LEWIS",47101,48,30,1,0,17,6,4,1,0,1,42,26,0,16
1991,"LEWIS",47101,42,23,0,0,19,9,6,0,0,3,33,17,0,16
1992,"LEWIS",47101,45,32,0,0,13,7,2,0,0,5,38,30,0,8
1993,"LEWIS",47101,44,30,0,0,14,4,2,0,0,2,40,28,0,12
1994,"LEWIS",47101,35,19,1,0,15,3,2,1,0,0,32,17,0,15
1995,"LEWIS",47101,35,17,0,0,18,2,1,0,0,1,33,16,0,17
1996,"LEWIS",47101,63,31,0,0,32,3,3,0,0,0,60,28,0,32
1997,"LEWIS",47101,57,33,0,0,24,2,1,0,0,1,55,32,0,23
1998,"LEWIS",47101,65,38,1,0,26,2,0,1,0,1,63,38,0,25
1999,"LEWIS",47101,67,41,2,0,24,3,2,1,0,0,64,39,1,24
2000,"LEWIS",47101,67,41,0,0,26,3,3,0,0,0,64,38,0,26
2001,"LEWIS",47101,102,66,0,0,36,3,2,0,0,1,99,64,0,35
2002,"LEWIS",47101,86,65,0,0,21,1,1,0,0,0,85,64,0,21
2003,"LEWIS",47101,95,46,1,0,48,2,1,0,0,1,93,45,1,47
1990,"LINCOLN",47103,140,47,1,0,92,2,1,1,0,0,138,46,0,92
1991,"LINCOLN",47103,120,37,1,3,79,7,0,0,3,4,113,37,1,75
1992,"LINCOLN",47103,94,41,3,0,50,12,5,3,0,4,82,36,0,46
1993,"LINCOLN",47103,88,31,3,1,53,12,3,3,1,5,76,28,0,48
1994,"LINCOLN",47103,86,20,1,1,64,12,2,1,1,8,74,18,0,56
1995,"LINCOLN",47103,119,34,1,0,84,10,3,1,0,6,109,31,0,78
1996,"LINCOLN",47103,142,57,1,2,82,8,4,1,2,1,134,53,0,81
1997,"LINCOLN",47103,130,40,0,0,90,4,0,0,0,4,126,40,0,86
1998,"LINCOLN",47103,126,43,1,1,81,5,0,1,1,3,121,43,0,78
1999,"LINCOLN",47103,109,50,1,0,58,4,2,1,0,1,105,48,0,57
2000,"LINCOLN",47103,145,48,0,0,97,1,1,0,0,0,144,47,0,97
2001,"LINCOLN",47103,173,84,2,0,87,6,0,2,0,4,167,84,0,83
2002,"LINCOLN",47103,170,81,0,0,89,1,0,0,0,1,169,81,0,88
2003,"LINCOLN",47103,184,95,0,0,89,4,3,0,0,1,180,92,0,88
1990,"LOUDON",47105,119,71,0,0,48,6,4,0,0,2,113,67,0,46
1991,"LOUDON",47105,178,99,1,1,77,6,3,1,1,1,172,96,0,76
1992,"LOUDON",47105,144,67,0,0,77,5,3,0,0,2,139,64,0,75
1993,"LOUDON",47105,132,51,0,0,81,2,0,0,0,2,130,51,0,79
1994,"LOUDON",47105,132,62,0,0,70,4,2,0,0,2,128,60,0,68
1995,"LOUDON",47105,160,73,0,0,87,5,5,0,0,0,155,68,0,87
1996,"LOUDON",47105,215,122,1,0,92,6,2,1,0,3,209,120,0,89
1997,"LOUDON",47105,252,132,1,0,119,6,3,0,0,3,246,129,1,116
1998,"LOUDON",47105,248,128,0,0,120,4,1,0,0,3,244,127,0,117
1999,"LOUDON",47105,274,163,1,0,110,2,0,1,0,1,272,163,0,109
2000,"LOUDON",47105,216,109,0,0,107,0,0,0,0,0,216,109,0,107
2001,"LOUDON",47105,291,158,2,0,131,8,4,2,0,2,283,154,0,129
2002,"LOUDON",47105,312,179,1,0,132,5,1,1,0,3,307,178,0,129
2003,"LOUDON",47105,356,213,1,0,142,6,5,1,0,0,350,208,0,142
1990,"MCMINN",47107,131,89,0,0,42,1,1,0,0,0,130,88,0,42
1991,"MCMINN",47107,209,93,1,0,115,4,1,1,0,2,205,92,0,113
1992,"MCMINN",47107,197,95,0,0,102,18,12,0,0,6,179,83,0,96
1993,"MCMINN",47107,176,87,0,0,89,3,2,0,0,1,173,85,0,88
1994,"MCMINN",47107,162,69,0,0,93,2,1,0,0,1,160,68,0,92
1995,"MCMINN",47107,224,94,0,0,130,6,3,0,0,3,218,91,0,127
1996,"MCMINN",47107,287,143,2,0,142,5,2,2,0,1,282,141,0,141
1997,"MCMINN",47107,402,188,0,0,214,9,4,0,0,5,393,184,0,209
1998,"MCMINN",47107,342,169,0,0,173,6,5,0,0,1,336,164,0,172
1999,"MCMINN",47107,326,161,0,0,165,2,0,0,0,2,324,161,0,163
2000,"MCMINN",47107,341,143,0,0,198,1,1,0,0,0,340,142,0,198
2001,"MCMINN",47107,398,204,1,0,193,3,2,1,0,0,395,202,0,193
2002,"MCMINN",47107,408,220,0,0,188,2,1,0,0,1,406,219,0,187
2003,"MCMINN",47107,436,228,4,0,204,5,1,4,0,0,431,227,0,204
1990,"MCNAIRY",47109,113,44,3,0,66,3,0,3,0,0,110,44,0,66
1991,"MCNAIRY",47109,108,38,3,0,67,6,1,3,0,2,102,37,0,65
1992,"MCNAIRY",47109,122,38,4,0,80,10,4,4,0,2,112,34,0,78
1993,"MCNAIRY",47109,102,34,0,0,68,4,3,0,0,1,98,31,0,67
1994,"MCNAIRY",47109,112,30,1,0,81,2,1,1,0,0,110,29,0,81
1995,"MCNAIRY",47109,133,29,2,0,102,6,3,1,0,2,127,26,1,100
1996,"MCNAIRY",47109,178,65,3,0,110,7,2,3,0,2,171,63,0,108
1997,"MCNAIRY",47109,158,51,1,1,105,4,2,1,1,0,154,49,0,105
1998,"MCNAIRY",47109,176,78,1,0,97,4,1,1,0,2,172,77,0,95
1999,"MCNAIRY",47109,165,83,0,0,82,2,1,0,0,1,163,82,0,81
2000,"MCNAIRY",47109,202,83,1,0,118,2,0,1,0,1,200,83,0,117
2001,"MCNAIRY",47109,250,112,2,0,136,11,8,2,0,1,239,104,0,135
2002,"MCNAIRY",47109,253,108,1,0,144,2,1,0,0,1,251,107,1,143
2003,"MCNAIRY",47109,256,123,2,0,131,2,0,2,0,0,254,123,0,131
1990,"MACON",47111,33,21,0,0,12,4,4,0,0,0,29,17,0,12
1991,"MACON",47111,45,28,0,0,17,6,6,0,0,0,39,22,0,17
1992,"MACON",47111,36,14,0,0,22,2,1,0,0,1,34,13,0,21
1993,"MACON",47111,29,16,0,0,13,0,0,0,0,0,29,16,0,13
1994,"MACON",47111,47,20,0,0,27,1,1,0,0,0,46,19,0,27
1995,"MACON",47111,50,22,0,0,28,1,1,0,0,0,49,21,0,28
1996,"MACON",47111,56,32,0,0,24,3,3,0,0,0,53,29,0,24
1997,"MACON",47111,63,35,0,0,28,0,0,0,0,0,63,35,0,28
1998,"MACON",47111,83,51,0,0,32,2,2,0,0,0,81,49,0,32
1999,"MACON",47111,55,28,0,0,27,1,1,0,0,0,54,27,0,27
2000,"MACON",47111,77,43,0,0,34,1,1,0,0,0,76,42,0,34
2001,"MACON",47111,82,45,0,0,37,1,1,0,0,0,81,44,0,37
2002,"MACON",47111,111,68,0,0,43,0,0,0,0,0,111,68,0,43
2003,"MACON",47111,99,65,0,0,34,0,0,0,0,0,99,65,0,34
1990,"MADISON",47113,561,124,22,0,415,21,3,18,0,0,540,121,4,415
1991,"MADISON",47113,615,164,18,0,433,26,6,17,0,3,589,158,1,430
1992,"MADISON",47113,592,140,9,2,441,31,14,9,2,6,561,126,0,435
1993,"MADISON",47113,610,126,11,0,473,28,14,10,0,4,582,112,1,469
1994,"MADISON",47113,578,120,4,0,454,17,8,3,0,6,561,112,1,448
1995,"MADISON",47113,715,141,12,0,562,19,12,7,0,0,696,129,5,562
1996,"MADISON",47113,915,194,8,0,713,17,7,6,0,4,898,187,2,709
1997,"MADISON",47113,1027,214,7,1,804,13,3,6,1,2,1014,211,1,802
1998,"MADISON",47113,969,263,3,1,702,18,11,3,1,3,951,252,0,699
1999,"MADISON",47113,807,236,3,0,568,11,5,2,0,4,796,231,1,564
2000,"MADISON",47113,908,242,5,0,661,10,5,3,0,2,898,237,2,659
2001,"MADISON",47113,1062,328,13,1,720,17,5,11,1,0,1045,323,2,720
2002,"MADISON",47113,1119,373,12,0,734,16,6,9,0,1,1103,367,3,733
2003,"MADISON",47113,1137,411,11,0,715,18,7,11,0,0,1119,404,0,715
1990,"MARION",47115,151,53,2,0,96,3,0,2,0,1,148,53,0,95
1991,"MARION",47115,168,45,3,0,120,6,0,3,0,3,162,45,0,117
1992,"MARION",47115,142,39,0,0,103,8,3,0,0,5,134,36,0,98
1993,"MARION",47115,127,48,1,0,78,7,3,1,0,3,120,45,0,75
1994,"MARION",47115,106,32,0,0,74,3,0,0,0,3,103,32,0,71
1995,"MARION",47115,159,47,0,0,112,4,0,0,0,4,155,47,0,108
1996,"MARION",47115,162,55,0,0,107,3,1,0,0,2,159,54,0,105
1997,"MARION",47115,227,92,0,0,135,3,3,0,0,0,224,89,0,135
1998,"MARION",47115,205,82,0,0,123,2,1,0,0,1,203,81,0,122
1999,"MARION",47115,185,75,0,0,110,1,0,0,0,1,184,75,0,109
2000,"MARION",47115,218,90,0,0,128,1,1,0,0,0,217,89,0,128
2001,"MARION",47115,225,104,1,0,120,1,0,0,0,1,224,104,1,119
2002,"MARION",47115,222,110,1,0,111,2,1,1,0,0,220,109,0,111
2003,"MARION",47115,252,112,0,0,140,0,0,0,0,0,252,112,0,140
1990,"MARSHALL",47117,168,77,0,0,91,5,4,0,0,1,163,73,0,90
1991,"MARSHALL",47117,153,81,0,1,71,5,2,0,1,2,148,79,0,69
1992,"MARSHALL",47117,95,46,0,0,49,8,5,0,0,3,87,41,0,46
1993,"MARSHALL",47117,106,50,0,0,56,3,1,0,0,2,103,49,0,54
1994,"MARSHALL",47117,106,49,0,0,57,1,0,0,0,1,105,49,0,56
1995,"MARSHALL",47117,165,57,0,0,108,7,2,0,0,5,158,55,0,103
1996,"MARSHALL",47117,210,80,1,1,128,10,6,1,1,2,200,74,0,126
1997,"MARSHALL",47117,203,107,0,0,96,5,4,0,0,1,198,103,0,95
1998,"MARSHALL",47117,205,85,0,1,119,3,1,0,1,1,202,84,0,118
1999,"MARSHALL",47117,176,92,0,0,84,0,0,0,0,0,176,92,0,84
2000,"MARSHALL",47117,187,80,1,0,106,1,1,0,0,0,186,79,1,106
2001,"MARSHALL",47117,238,111,1,0,126,0,0,0,0,0,238,111,1,126
2002,"MARSHALL",47117,249,163,1,0,85,4,2,1,0,1,245,161,0,84
2003,"MARSHALL",47117,283,172,0,0,111,2,1,0,0,1,281,171,0,110
1990,"MAURY",47119,373,108,4,0,261,15,7,4,0,4,358,101,0,257
1991,"MAURY",47119,359,152,6,0,201,39,23,6,0,10,320,129,0,191
1992,"MAURY",47119,330,145,5,1,179,38,20,5,1,12,292,125,0,167
1993,"MAURY",47119,281,134,2,0,145,13,10,2,0,1,268,124,0,144
1994,"MAURY",47119,338,149,2,0,187,13,7,2,0,4,325,142,0,183
1995,"MAURY",47119,371,141,0,0,230,17,6,0,0,11,354,135,0,219
1996,"MAURY",47119,528,226,6,0,296,23,11,6,0,6,505,215,0,290
1997,"MAURY",47119,573,269,2,0,302,8,2,2,0,4,565,267,0,298
1998,"MAURY",47119,617,282,2,0,333,7,2,2,0,3,610,280,0,330
1999,"MAURY",47119,479,271,4,0,204,7,2,4,0,1,472,269,0,203
2000,"MAURY",47119,527,291,2,0,234,9,4,1,0,4,518,287,1,230
2001,"MAURY",47119,652,362,2,0,288,9,7,2,0,0,643,355,0,288
2002,"MAURY",47119,679,396,2,0,281,4,3,1,0,0,675,393,1,281
2003,"MAURY",47119,746,420,6,0,320,8,4,3,0,1,738,416,3,319
1990,"MEIGS",47121,45,28,0,0,17,0,0,0,0,0,45,28,0,17
1991,"MEIGS",47121,41,25,1,0,15,1,0,1,0,0,40,25,0,15
1992,"MEIGS",47121,33,14,0,1,18,1,0,0,1,0,32,14,0,18
1993,"MEIGS",47121,35,9,0,0,26,0,0,0,0,0,35,9,0,26
1994,"MEIGS",47121,41,10,1,0,30,2,0,1,0,1,39,10,0,29
1995,"MEIGS",47121,54,17,0,0,37,1,1,0,0,0,53,16,0,37
1996,"MEIGS",47121,86,39,0,0,47,2,2,0,0,0,84,37,0,47
1997,"MEIGS",47121,85,30,0,0,55,0,0,0,0,0,85,30,0,55
1998,"MEIGS",47121,86,30,0,0,56,0,0,0,0,0,86,30,0,56
1999,"MEIGS",47121,62,28,0,0,34,0,0,0,0,0,62,28,0,34
2000,"MEIGS",47121,69,27,0,0,42,0,0,0,0,0,69,27,0,42
2001,"MEIGS",47121,106,48,0,0,58,2,0,0,0,2,104,48,0,56
2002,"MEIGS",47121,86,37,0,0,49,1,0,0,0,1,85,37,0,48
2003,"MEIGS",47121,112,49,0,0,63,1,1,0,0,0,111,48,0,63
1990,"MONROE",47123,100,70,0,1,29,2,1,0,1,0,98,69,0,29
1991,"MONROE",47123,139,63,1,1,74,3,0,1,1,1,136,63,0,73
1992,"MONROE",47123,107,47,0,0,60,6,3,0,0,3,101,44,0,57
1993,"MONROE",47123,92,35,0,0,57,2,2,0,0,0,90,33,0,57
1994,"MONROE",47123,108,47,0,0,61,3,3,0,0,0,105,44,0,61
1995,"MONROE",47123,143,63,1,0,79,7,4,1,0,2,136,59,0,77
1996,"MONROE",47123,206,92,2,0,112,6,3,2,0,1,200,89,0,111
1997,"MONROE",47123,200,83,0,0,117,4,1,0,0,3,196,82,0,114
1998,"MONROE",47123,214,95,0,0,119,0,0,0,0,0,214,95,0,119
1999,"MONROE",47123,256,129,2,0,125,2,0,2,0,0,254,129,0,125
2000,"MONROE",47123,208,83,1,0,124,3,2,1,0,0,205,81,0,124
2001,"MONROE",47123,288,138,1,0,149,1,0,0,0,1,287,138,1,148
2002,"MONROE",47123,325,179,0,0,146,2,2,0,0,0,323,177,0,146
2003,"MONROE",47123,330,189,0,0,141,2,1,0,0,1,328,188,0,140
1990,"MONTGOMERY",47125,664,374,7,0,283,30,21,6,0,3,634,353,1,280
1991,"MONTGOMERY",47125,638,390,9,1,238,46,26,9,1,10,592,364,0,228
1992,"MONTGOMERY",47125,558,344,8,1,205,41,20,8,1,12,517,324,0,193
1993,"MONTGOMERY",47125,591,332,3,0,256,25,16,3,0,6,566,316,0,250
1994,"MONTGOMERY",47125,506,267,1,0,238,18,10,0,0,8,488,257,1,230
1995,"MONTGOMERY",47125,613,310,6,0,297,15,4,5,0,6,598,306,1,291
1996,"MONTGOMERY",47125,802,447,2,0,353,15,6,2,0,7,787,441,0,346
1997,"MONTGOMERY",47125,844,523,8,0,313,25,10,7,0,8,819,513,1,305
1998,"MONTGOMERY",47125,906,632,9,0,265,19,9,7,0,3,887,623,2,262
1999,"MONTGOMERY",47125,839,603,4,1,231,14,6,3,1,4,825,597,1,227
2000,"MONTGOMERY",47125,879,640,11,0,228,16,6,6,0,4,863,634,5,224
2001,"MONTGOMERY",47125,970,689,10,0,271,15,6,8,0,1,955,683,2,270
2002,"MONTGOMERY",47125,1045,739,17,0,289,18,5,11,0,2,1027,734,6,287
2003,"MONTGOMERY",47125,1127,805,3,0,319,9,8,1,0,0,1118,797,2,319
1990,"MOORE",47127,15,3,0,0,12,0,0,0,0,0,15,3,0,12
1991,"MOORE",47127,20,2,0,0,18,0,0,0,0,0,20,2,0,18
1992,"MOORE",47127,15,5,0,0,10,0,0,0,0,0,15,5,0,10
1993,"MOORE",47127,14,4,0,0,10,1,1,0,0,0,13,3,0,10
1994,"MOORE",47127,6,3,0,0,3,0,0,0,0,0,6,3,0,3
1995,"MOORE",47127,18,3,0,0,15,0,0,0,0,0,18,3,0,15
1996,"MOORE",47127,17,4,0,0,13,1,0,0,0,1,16,4,0,12
1997,"MOORE",47127,7,3,0,0,4,0,0,0,0,0,7,3,0,4
1998,"MOORE",47127,7,3,0,0,4,1,1,0,0,0,6,2,0,4
1999,"MOORE",47127,11,1,0,0,10,0,0,0,0,0,11,1,0,10
2000,"MOORE",47127,14,3,0,0,11,0,0,0,0,0,14,3,0,11
2001,"MOORE",47127,14,4,0,0,10,0,0,0,0,0,14,4,0,10
2002,"MOORE",47127,16,7,0,1,8,1,0,0,1,0,15,7,0,8
2003,"MOORE",47127,12,7,0,0,5,0,0,0,0,0,12,7,0,5
1990,"MORGAN",47129,61,55,1,0,5,2,1,1,0,0,59,54,0,5
1991,"MORGAN",47129,90,68,1,0,21,2,1,1,0,0,88,67,0,21
1992,"MORGAN",47129,56,42,0,0,14,0,0,0,0,0,56,42,0,14
1993,"MORGAN",47129,46,31,0,0,15,0,0,0,0,0,46,31,0,15
1994,"MORGAN",47129,59,38,0,0,21,2,2,0,0,0,57,36,0,21
1995,"MORGAN",47129,74,49,0,0,25,0,0,0,0,0,74,49,0,25
1996,"MORGAN",47129,88,64,0,1,23,2,1,0,1,0,86,63,0,23
1997,"MORGAN",47129,96,73,0,0,23,1,0,0,0,1,95,73,0,22
1998,"MORGAN",47129,94,64,0,0,30,0,0,0,0,0,94,64,0,30
1999,"MORGAN",47129,110,78,0,0,32,1,1,0,0,0,109,77,0,32
2000,"MORGAN",47129,82,57,0,0,25,0,0,0,0,0,82,57,0,25
2001,"MORGAN",47129,138,111,0,0,27,0,0,0,0,0,138,111,0,27
2002,"MORGAN",47129,126,84,0,0,42,0,0,0,0,0,126,84,0,42
2003,"MORGAN",47129,127,98,0,0,29,3,2,0,0,1,124,96,0,28
1990,"OBION",47131,171,58,6,0,107,4,0,4,0,0,167,58,2,107
1991,"OBION",47131,210,79,0,1,130,2,1,0,1,0,208,78,0,130
1992,"OBION",47131,166,53,1,0,112,4,1,1,0,2,162,52,0,110
1993,"OBION",47131,129,44,2,0,83,4,2,2,0,0,125,42,0,83
1994,"OBION",47131,153,51,1,0,101,4,3,0,0,1,149,48,1,100
1995,"OBION",47131,178,57,2,0,119,5,3,2,0,0,173,54,0,119
1996,"OBION",47131,220,72,4,0,144,4,1,3,0,0,216,71,1,144
1997,"OBION",47131,279,123,2,0,154,4,2,1,0,1,275,121,1,153
1998,"OBION",47131,281,133,1,0,147,3,2,0,0,1,278,131,1,146
1999,"OBION",47131,223,104,2,0,117,3,1,2,0,0,220,103,0,117
2000,"OBION",47131,289,100,4,0,185,6,0,4,0,2,283,100,0,183
2001,"OBION",47131,318,140,3,0,175,7,2,2,0,3,311,138,1,172
2002,"OBION",47131,291,142,2,0,147,7,4,2,0,1,284,138,0,146
2003,"OBION",47131,315,170,0,0,145,1,1,0,0,0,314,169,0,145
1990,"OVERTON",47133,49,28,4,1,16,8,3,4,1,0,41,25,0,16
1991,"OVERTON",47133,51,40,1,0,10,4,3,1,0,0,47,37,0,10
1992,"OVERTON",47133,52,42,2,0,8,11,8,2,0,1,41,34,0,7
1993,"OVERTON",47133,35,25,3,0,7,5,3,2,0,0,30,22,1,7
1994,"OVERTON",47133,25,24,0,0,1,2,2,0,0,0,23,22,0,1
1995,"OVERTON",47133,44,33,1,0,10,2,0,1,0,1,42,33,0,9
1996,"OVERTON",47133,83,69,0,0,14,3,1,0,0,2,80,68,0,12
1997,"OVERTON",47133,74,60,0,0,14,2,1,0,0,1,72,59,0,13
1998,"OVERTON",47133,121,104,1,1,15,3,1,1,1,0,118,103,0,15
1999,"OVERTON",47133,93,65,1,0,27,3,2,0,0,1,90,63,1,26
2000,"OVERTON",47133,110,89,0,0,21,3,2,0,0,1,107,87,0,20
2001,"OVERTON",47133,116,103,0,0,13,1,1,0,0,0,115,102,0,13
2002,"OVERTON",47133,127,108,0,0,19,0,0,0,0,0,127,108,0,19
2003,"OVERTON",47133,125,105,0,0,20,0,0,0,0,0,125,105,0,20
1990,"PERRY",47135,26,16,0,1,9,3,2,0,1,0,23,14,0,9
1991,"PERRY",47135,25,15,1,0,9,2,1,1,0,0,23,14,0,9
1992,"PERRY",47135,23,19,0,0,4,4,4,0,0,0,19,15,0,4
1993,"PERRY",47135,27,9,1,0,17,4,2,1,0,1,23,7,0,16
1994,"PERRY",47135,40,16,0,0,24,1,1,0,0,0,39,15,0,24
1995,"PERRY",47135,36,12,0,0,24,2,1,0,0,1,34,11,0,23
1996,"PERRY",47135,42,9,0,0,33,1,0,0,0,1,41,9,0,32
1997,"PERRY",47135,47,18,1,0,28,1,0,1,0,0,46,18,0,28
1998,"PERRY",47135,49,14,0,1,34,2,0,0,1,1,47,14,0,33
1999,"PERRY",47135,44,15,0,0,29,3,2,0,0,1,41,13,0,28
2000,"PERRY",47135,48,13,0,0,35,1,0,0,0,1,47,13,0,34
2001,"PERRY",47135,63,30,1,0,32,1,0,1,0,0,62,30,0,32
2002,"PERRY",47135,75,41,0,0,34,1,1,0,0,0,74,40,0,34
2003,"PERRY",47135,64,32,0,0,32,0,0,0,0,0,64,32,0,32
1990,"PICKETT",47137,7,5,1,0,1,3,1,1,0,1,4,4,0,0
1991,"PICKETT",47137,4,3,0,0,1,1,1,0,0,0,3,2,0,1
1992,"PICKETT",47137,10,10,0,0,0,0,0,0,0,0,10,10,0,0
1993,"PICKETT",47137,8,7,0,0,1,1,1,0,0,0,7,6,0,1
1994,"PICKETT",47137,11,10,0,0,1,0,0,0,0,0,11,10,0,1
1995,"PICKETT",47137,12,6,0,0,6,1,0,0,0,1,11,6,0,5
1996,"PICKETT",47137,9,8,0,0,1,0,0,0,0,0,9,8,0,1
1997,"PICKETT",47137,8,7,0,0,1,0,0,0,0,0,8,7,0,1
1998,"PICKETT",47137,5,5,0,0,0,2,2,0,0,0,3,3,0,0
1999,"PICKETT",47137,10,10,0,0,0,0,0,0,0,0,10,10,0,0
2000,"PICKETT",47137,12,9,0,0,3,0,0,0,0,0,12,9,0,3
2001,"PICKETT",47137,19,17,0,0,2,0,0,0,0,0,19,17,0,2
2002,"PICKETT",47137,23,18,0,0,5,1,1,0,0,0,22,17,0,5
2003,"PICKETT",47137,25,22,0,0,3,0,0,0,0,0,25,22,0,3
1990,"POLK",47139,50,16,0,0,34,2,1,0,0,1,48,15,0,33
1991,"POLK",47139,81,22,0,0,59,0,0,0,0,0,81,22,0,59
1992,"POLK",47139,64,16,2,0,46,5,1,2,0,2,59,15,0,44
1993,"POLK",47139,58,19,0,0,39,3,1,0,0,2,55,18,0,37
1994,"POLK",47139,60,20,0,0,40,1,0,0,0,1,59,20,0,39
1995,"POLK",47139,82,26,0,2,54,3,1,0,2,0,79,25,0,54
1996,"POLK",47139,95,25,1,0,69,1,0,1,0,0,94,25,0,69
1997,"POLK",47139,121,38,0,0,83,4,2,0,0,2,117,36,0,81
1998,"POLK",47139,103,38,0,0,65,0,0,0,0,0,103,38,0,65
1999,"POLK",47139,104,32,0,0,72,1,1,0,0,0,103,31,0,72
2000,"POLK",47139,125,37,0,0,88,1,1,0,0,0,124,36,0,88
2001,"POLK",47139,141,63,1,0,77,2,1,1,0,0,139,62,0,77
2002,"POLK",47139,153,60,0,1,92,3,2,0,1,0,150,58,0,92
2003,"POLK",47139,179,67,0,0,112,0,0,0,0,0,179,67,0,112
1990,"PUTNAM",47141,236,161,3,1,71,25,17,3,1,4,211,144,0,67
1991,"PUTNAM",47141,242,141,5,0,96,24,8,5,0,11,218,133,0,85
1992,"PUTNAM",47141,222,150,2,0,70,23,15,1,0,7,199,135,1,63
1993,"PUTNAM",47141,187,134,4,1,48,20,13,4,1,2,167,121,0,46
1994,"PUTNAM",47141,197,134,2,0,61,21,16,0,0,5,176,118,2,56
1995,"PUTNAM",47141,202,123,5,0,74,10,3,5,0,2,192,120,0,72
1996,"PUTNAM",47141,310,223,5,0,82,25,19,3,0,3,285,204,2,79
1997,"PUTNAM",47141,317,260,1,0,56,17,14,0,0,3,300,246,1,53
1998,"PUTNAM",47141,303,247,2,1,53,11,7,1,1,2,292,240,1,51
1999,"PUTNAM",47141,263,219,1,1,42,11,8,1,1,1,252,211,0,41
2000,"PUTNAM",47141,318,248,4,0,66,13,9,1,0,3,305,239,3,63
2001,"PUTNAM",47141,423,340,2,0,81,5,4,1,0,0,418,336,1,81
2002,"PUTNAM",47141,453,364,5,0,84,2,1,1,0,0,451,363,4,84
2003,"PUTNAM",47141,517,418,4,0,95,3,2,1,0,0,514,416,3,95
1990,"RHEA",47143,160,45,0,0,115,0,0,0,0,0,160,45,0,115
1991,"RHEA",47143,197,60,0,2,135,2,0,0,2,0,195,60,0,135
1992,"RHEA",47143,136,46,1,0,89,5,4,1,0,0,131,42,0,89
1993,"RHEA",47143,125,44,0,0,81,2,1,0,0,1,123,43,0,80
1994,"RHEA",47143,134,50,2,0,82,5,1,2,0,2,129,49,0,80
1995,"RHEA",47143,171,61,2,0,108,7,3,2,0,2,164,58,0,106
1996,"RHEA",47143,287,117,1,0,169,16,8,1,0,7,271,109,0,162
1997,"RHEA",47143,285,109,0,0,176,10,2,0,0,8,275,107,0,168
1998,"RHEA",47143,272,116,0,0,156,3,1,0,0,2,269,115,0,154
1999,"RHEA",47143,320,125,0,0,195,1,1,0,0,0,319,124,0,195
2000,"RHEA",47143,296,135,0,0,161,0,0,0,0,0,296,135,0,161
2001,"RHEA",47143,368,181,1,0,186,2,1,1,0,0,366,180,0,186
2002,"RHEA",47143,340,167,0,0,173,0,0,0,0,0,340,167,0,173
2003,"RHEA",47143,393,184,0,1,208,1,0,0,1,0,392,184,0,208
1990,"ROANE",47145,174,147,0,0,27,4,1,0,0,3,170,146,0,24
1991,"ROANE",47145,196,133,2,0,61,5,3,2,0,0,191,130,0,61
1992,"ROANE",47145,190,117,0,0,73,10,7,0,0,3,180,110,0,70
1993,"ROANE",47145,186,114,0,0,72,6,1,0,0,5,180,113,0,67
1994,"ROANE",47145,173,111,2,0,60,2,0,2,0,0,171,111,0,60
1995,"ROANE",47145,177,120,0,0,57,3,2,0,0,1,174,118,0,56
1996,"ROANE",47145,258,164,0,1,93,5,0,0,1,4,253,164,0,89
1997,"ROANE",47145,283,173,0,0,110,6,2,0,0,4,277,171,0,106
1998,"ROANE",47145,327,221,1,0,105,6,5,1,0,0,321,216,0,105
1999,"ROANE",47145,310,215,2,0,93,2,0,2,0,0,308,215,0,93
2000,"ROANE",47145,278,193,0,0,85,2,2,0,0,0,276,191,0,85
2001,"ROANE",47145,346,266,0,0,80,2,2,0,0,0,344,264,0,80
2002,"ROANE",47145,348,245,2,0,101,4,2,2,0,0,344,243,0,101
2003,"ROANE",47145,349,270,0,0,79,4,3,0,0,1,345,267,0,78
1990,"ROBERTSON",47147,391,117,3,0,271,14,7,2,0,5,377,110,1,266
1991,"ROBERTSON",47147,419,155,1,1,262,23,10,1,1,11,396,145,0,251
1992,"ROBERTSON",47147,362,135,1,1,225,17,7,1,1,8,345,128,0,217
1993,"ROBERTSON",47147,359,140,1,0,218,7,5,0,0,2,352,135,1,216
1994,"ROBERTSON",47147,285,99,0,0,186,8,4,0,0,4,277,95,0,182
1995,"ROBERTSON",47147,329,122,3,2,202,13,6,2,2,3,316,116,1,199
1996,"ROBERTSON",47147,436,175,1,2,258,13,6,1,2,4,423,169,0,254
1997,"ROBERTSON",47147,429,196,4,0,229,10,6,4,0,0,419,190,0,229
1998,"ROBERTSON",47147,354,161,4,2,187,8,2,3,2,1,346,159,1,186
1999,"ROBERTSON",47147,363,203,3,1,156,6,2,1,1,2,357,201,2,154
2000,"ROBERTSON",47147,415,198,3,0,214,5,2,3,0,0,410,196,0,214
2001,"ROBERTSON",47147,528,299,4,0,225,8,4,3,0,1,520,295,1,224
2002,"ROBERTSON",47147,544,305,2,0,237,8,6,2,0,0,536,299,0,237
2003,"ROBERTSON",47147,636,338,4,0,294,6,2,2,0,2,630,336,2,292
1990,"RUTHERFORD",47149,960,451,10,0,499,50,29,9,0,12,910,422,1,487
1991,"RUTHERFORD",47149,970,527,9,0,434,59,31,9,0,19,911,496,0,415
1992,"RUTHERFORD",47149,820,397,12,0,411,61,32,11,0,18,759,365,1,393
1993,"RUTHERFORD",47149,815,384,3,3,425,38,18,1,3,16,777,366,2,409
1994,"RUTHERFORD",47149,745,335,3,1,406,25,12,3,1,9,720,323,0,397
1995,"RUTHERFORD",47149,794,386,3,0,405,24,12,3,0,9,770,374,0,396
1996,"RUTHERFORD",47149,1034,528,6,0,500,34,16,5,0,13,1000,512,1,487
1997,"RUTHERFORD",47149,1071,586,3,0,482,42,22,2,0,18,1029,564,1,464
1998,"RUTHERFORD",47149,1122,642,7,1,472,20,9,5,1,5,1102,633,2,467
1999,"RUTHERFORD",47149,1101,652,7,0,442,14,9,3,0,2,1087,643,4,440
2000,"RUTHERFORD",47149,1123,722,8,0,393,15,6,6,0,3,1108,716,2,390
2001,"RUTHERFORD",47149,1444,951,7,0,486,15,8,6,0,1,1429,943,1,485
2002,"RUTHERFORD",47149,1605,1007,16,0,582,18,5,11,0,2,1587,1002,5,580
2003,"RUTHERFORD",47149,1747,1092,6,0,649,9,3,6,0,0,1738,1089,0,649
1990,"SCOTT",47151,48,45,0,0,3,3,2,0,0,1,45,43,0,2
1991,"SCOTT",47151,46,35,0,0,11,1,0,0,0,1,45,35,0,10
1992,"SCOTT",47151,30,20,0,0,10,1,0,0,0,1,29,20,0,9
1993,"SCOTT",47151,25,17,0,0,8,1,1,0,0,0,24,16,0,8
1994,"SCOTT",47151,34,21,0,0,13,0,0,0,0,0,34,21,0,13
1995,"SCOTT",47151,44,26,0,0,18,0,0,0,0,0,44,26,0,18
1996,"SCOTT",47151,83,43,0,0,40,0,0,0,0,0,83,43,0,40
1997,"SCOTT",47151,99,61,0,0,38,6,2,0,0,4,93,59,0,34
1998,"SCOTT",47151,99,62,1,0,36,3,1,1,0,1,96,61,0,35
1999,"SCOTT",47151,111,76,1,0,34,4,1,1,0,2,107,75,0,32
2000,"SCOTT",47151,94,66,0,0,28,1,1,0,0,0,93,65,0,28
2001,"SCOTT",47151,115,89,2,0,24,1,0,1,0,0,114,89,1,24
2002,"SCOTT",47151,126,97,0,0,29,0,0,0,0,0,126,97,0,29
2003,"SCOTT",47151,149,117,0,0,32,0,0,0,0,0,149,117,0,32
1990,"SEQUATCHIE",47153,32,13,0,0,19,1,1,0,0,0,31,12,0,19
1991,"SEQUATCHIE",47153,35,10,1,0,24,1,0,1,0,0,34,10,0,24
1992,"SEQUATCHIE",47153,36,19,0,0,17,3,2,0,0,1,33,17,0,16
1993,"SEQUATCHIE",47153,26,8,1,0,17,1,0,1,0,0,25,8,0,17
1994,"SEQUATCHIE",47153,22,9,2,0,11,2,0,2,0,0,20,9,0,11
1995,"SEQUATCHIE",47153,36,17,0,0,19,1,0,0,0,1,35,17,0,18
1996,"SEQUATCHIE",47153,61,24,2,0,35,5,1,2,0,2,56,23,0,33
1997,"SEQUATCHIE",47153,73,26,0,0,47,1,1,0,0,0,72,25,0,47
1998,"SEQUATCHIE",47153,99,59,0,0,40,2,2,0,0,0,97,57,0,40
1999,"SEQUATCHIE",47153,48,22,1,0,25,1,0,1,0,0,47,22,0,25
2000,"SEQUATCHIE",47153,84,37,1,0,46,1,0,1,0,0,83,37,0,46
2001,"SEQUATCHIE",47153,92,44,0,0,48,1,1,0,0,0,91,43,0,48
2002,"SEQUATCHIE",47153,85,47,0,0,38,1,1,0,0,0,84,46,0,38
2003,"SEQUATCHIE",47153,107,53,0,0,54,0,0,0,0,0,107,53,0,54
1990,"SEVIER",47155,240,177,5,0,58,17,8,5,0,4,223,169,0,54
1991,"SEVIER",47155,277,201,5,0,71,13,6,4,0,3,264,195,1,68
1992,"SEVIER",47155,247,149,2,0,96,28,17,2,0,9,219,132,0,87
1993,"SEVIER",47155,239,137,4,0,98,16,8,4,0,4,223,129,0,94
1994,"SEVIER",47155,209,117,2,0,89,11,4,2,0,4,198,113,0,85
1995,"SEVIER",47155,223,123,1,0,99,9,5,1,0,3,214,118,0,96
1996,"SEVIER",47155,373,229,3,0,141,10,5,3,0,2,363,224,0,139
1997,"SEVIER",47155,448,284,3,0,161,23,11,3,0,9,425,273,0,152
1998,"SEVIER",47155,493,320,3,0,170,10,5,3,0,2,483,315,0,168
1999,"SEVIER",47155,451,308,7,0,136,14,5,7,0,2,437,303,0,134
2000,"SEVIER",47155,497,358,4,0,135,14,5,4,0,5,483,353,0,130
2001,"SEVIER",47155,587,438,11,0,138,23,6,10,0,7,564,432,1,131
2002,"SEVIER",47155,645,446,12,0,187,20,6,11,0,3,625,440,1,184
2003,"SEVIER",47155,647,469,8,0,170,16,7,7,0,2,631,462,1,168
1990,"SHELBY",47157,10668,2699,84,0,7885,127,55,68,0,4,10541,2644,16,7881
1991,"SHELBY",47157,12909,3053,99,0,9757,158,67,83,0,8,12751,2986,16,9749
1992,"SHELBY",47157,12723,2897,95,0,9731,217,84,87,0,46,12506,2813,8,9685
1993,"SHELBY",47157,12387,2457,59,0,9871,176,80,55,0,41,12211,2377,4,9830
1994,"SHELBY",47157,11809,2132,37,0,9640,155,75,36,0,44,11654,2057,1,9596
1995,"SHELBY",47157,12640,2374,36,0,10230,134,59,34,0,41,12506,2315,2,10189
1996,"SHELBY",47157,15075,3142,34,0,11899,123,48,33,0,42,14952,3094,1,11857
1997,"SHELBY",47157,16108,3651,37,0,12420,113,48,35,0,30,15995,3603,2,12390
1998,"SHELBY",47157,15515,3721,29,0,11765,145,67,28,0,50,15370,3654,1,11715
1999,"SHELBY",47157,13812,3192,163,0,10457,231,45,162,0,24,13581,3147,1,10433
2000,"SHELBY",47157,14085,3201,31,0,10853,69,30,28,0,11,14016,3171,3,10842
2001,"SHELBY",47157,17162,4117,76,0,12969,136,50,72,0,14,17026,4067,4,12955
2002,"SHELBY",47157,18530,4761,41,0,13728,91,37,38,0,16,18439,4724,3,13712
2003,"SHELBY",47157,18949,5078,53,0,13818,71,24,45,0,2,18878,5054,8,13816
1990,"SMITH",47159,53,31,0,0,22,2,1,0,0,1,51,30,0,21
1991,"SMITH",47159,64,36,2,0,26,8,5,2,0,1,56,31,0,25
1992,"SMITH",47159,48,25,0,0,23,3,3,0,0,0,45,22,0,23
1993,"SMITH",47159,41,19,0,0,22,1,1,0,0,0,40,18,0,22
1994,"SMITH",47159,31,15,1,0,15,4,1,1,0,2,27,14,0,13
1995,"SMITH",47159,33,14,0,0,19,0,0,0,0,0,33,14,0,19
1996,"SMITH",47159,62,34,0,0,28,8,3,0,0,5,54,31,0,23
1997,"SMITH",47159,69,46,0,0,23,6,5,0,0,1,63,41,0,22
1998,"SMITH",47159,70,39,0,0,31,2,2,0,0,0,68,37,0,31
1999,"SMITH",47159,52,35,0,0,17,1,1,0,0,0,51,34,0,17
2000,"SMITH",47159,84,52,1,0,31,3,1,1,0,1,81,51,0,30
2001,"SMITH",47159,79,51,0,0,28,1,1,0,0,0,78,50,0,28
2002,"SMITH",47159,94,62,0,0,32,0,0,0,0,0,94,62,0,32
2003,"SMITH",47159,124,68,0,0,56,0,0,0,0,0,124,68,0,56
1990,"STEWART",47161,41,27,0,0,14,0,0,0,0,0,41,27,0,14
1991,"STEWART",47161,34,23,0,0,11,3,2,0,0,1,31,21,0,10
1992,"STEWART",47161,36,22,1,0,13,3,0,1,0,2,33,22,0,11
1993,"STEWART",47161,35,20,1,0,14,3,1,1,0,1,32,19,0,13
1994,"STEWART",47161,22,15,0,0,7,3,2,0,0,1,19,13,0,6
1995,"STEWART",47161,33,20,0,0,13,0,0,0,0,0,33,20,0,13
1996,"STEWART",47161,52,37,0,0,15,1,1,0,0,0,51,36,0,15
1997,"STEWART",47161,60,37,0,0,23,1,1,0,0,0,59,36,0,23
1998,"STEWART",47161,64,49,1,0,14,2,1,1,0,0,62,48,0,14
1999,"STEWART",47161,60,45,0,0,15,2,2,0,0,0,58,43,0,15
2000,"STEWART",47161,61,42,2,0,17,2,0,2,0,0,59,42,0,17
2001,"STEWART",47161,94,73,2,0,19,0,0,0,0,0,94,73,2,19
2002,"STEWART",47161,89,70,1,0,18,1,1,0,0,0,88,69,1,18
2003,"STEWART",47161,87,61,0,0,26,1,1,0,0,0,86,60,0,26
1990,"SULLIVAN",47163,514,468,1,0,45,12,11,1,0,0,502,457,0,45
1991,"SULLIVAN",47163,575,526,3,0,46,19,16,3,0,0,556,510,0,46
1992,"SULLIVAN",47163,603,511,4,0,88,31,22,3,0,6,572,489,1,82
1993,"SULLIVAN",47163,555,430,6,0,119,24,15,6,0,3,531,415,0,116
1994,"SULLIVAN",47163,592,446,4,0,142,22,14,4,0,4,570,432,0,138
1995,"SULLIVAN",47163,628,471,1,0,156,8,6,1,0,1,620,465,0,155
1996,"SULLIVAN",47163,805,615,5,0,185,15,6,5,0,4,790,609,0,181
1997,"SULLIVAN",47163,880,695,2,0,183,31,24,2,0,5,849,671,0,178
1998,"SULLIVAN",47163,941,755,5,0,181,33,20,5,0,8,908,735,0,173
1999,"SULLIVAN",47163,868,745,3,0,120,15,12,3,0,0,853,733,0,120
2000,"SULLIVAN",47163,958,799,10,0,149,35,22,10,0,3,923,777,0,146
2001,"SULLIVAN",47163,1126,988,1,0,137,38,30,1,0,7,1088,958,0,130
2002,"SULLIVAN",47163,1106,953,11,0,142,37,22,11,0,4,1069,931,0,138
2003,"SULLIVAN",47163,1257,1117,9,0,131,39,26,9,0,4,1218,1091,0,127
1990,"SUMNER",47165,935,363,9,0,563,58,32,8,0,18,877,331,1,545
1991,"SUMNER",47165,908,399,12,0,497,79,38,10,0,31,829,361,2,466
1992,"SUMNER",47165,764,309,5,1,449,56,30,4,1,21,708,279,1,428
1993,"SUMNER",47165,703,289,2,0,412,26,11,1,0,14,677,278,1,398
1994,"SUMNER",47165,650,274,6,1,369,31,12,6,1,12,619,262,0,357
1995,"SUMNER",47165,661,259,10,1,391,23,16,4,1,2,638,243,6,389
1996,"SUMNER",47165,776,345,8,1,422,31,13,7,1,10,745,332,1,412
1997,"SUMNER",47165,806,403,6,1,396,34,12,6,1,15,772,391,0,381
1998,"SUMNER",47165,807,456,6,1,344,13,6,4,1,2,794,450,2,342
1999,"SUMNER",47165,759,427,6,0,326,16,9,4,0,3,743,418,2,323
2000,"SUMNER",47165,784,461,2,0,321,10,8,0,0,2,774,453,2,319
2001,"SUMNER",47165,1021,649,6,0,366,15,8,5,0,2,1006,641,1,364
2002,"SUMNER",47165,1077,627,15,0,435,15,2,13,0,0,1062,625,2,435
2003,"SUMNER",47165,1129,709,4,0,416,8,5,2,0,1,1121,704,2,415
1990,"TIPTON",47167,206,84,0,0,122,0,0,0,0,0,206,84,0,122
1991,"TIPTON",47167,313,128,1,0,184,4,3,1,0,0,309,125,0,184
1992,"TIPTON",47167,271,99,0,0,172,4,1,0,0,3,267,98,0,169
1993,"TIPTON",47167,305,99,2,1,203,7,3,1,1,2,298,96,1,201
1994,"TIPTON",47167,327,112,0,0,215,2,1,0,0,1,325,111,0,214
1995,"TIPTON",47167,379,103,0,0,276,2,1,0,0,1,377,102,0,275
1996,"TIPTON",47167,484,164,1,0,319,8,6,1,0,1,476,158,0,318
1997,"TIPTON",47167,589,217,0,0,372,0,0,0,0,0,589,217,0,372
1998,"TIPTON",47167,535,223,3,0,309,7,2,3,0,2,528,221,0,307
1999,"TIPTON",47167,541,195,0,0,346,4,4,0,0,0,537,191,0,346
2000,"TIPTON",47167,550,197,3,0,350,5,1,3,0,1,545,196,0,349
2001,"TIPTON",47167,748,310,2,0,436,5,2,1,0,2,743,308,1,434
2002,"TIPTON",47167,756,310,4,0,442,5,1,3,0,1,751,309,1,441
2003,"TIPTON",47167,727,328,0,0,399,4,4,0,0,0,723,324,0,399
1990,"TROUSDALE",47169,44,9,1,0,34,2,1,1,0,0,42,8,0,34
1991,"TROUSDALE",47169,23,4,1,0,18,2,0,1,0,1,21,4,0,17
1992,"TROUSDALE",47169,24,7,0,0,17,0,0,0,0,0,24,7,0,17
1993,"TROUSDALE",47169,37,17,0,0,20,1,0,0,0,1,36,17,0,19
1994,"TROUSDALE",47169,22,4,0,0,18,0,0,0,0,0,22,4,0,18
1995,"TROUSDALE",47169,31,13,1,0,17,1,0,1,0,0,30,13,0,17
1996,"TROUSDALE",47169,32,10,0,0,22,1,1,0,0,0,31,9,0,22
1997,"TROUSDALE",47169,41,16,0,0,25,1,1,0,0,0,40,15,0,25
1998,"TROUSDALE",47169,54,23,0,0,31,0,0,0,0,0,54,23,0,31
1999,"TROUSDALE",47169,45,22,0,0,23,0,0,0,0,0,45,22,0,23
2000,"TROUSDALE",47169,28,16,0,0,12,0,0,0,0,0,28,16,0,12
2001,"TROUSDALE",47169,51,31,0,0,20,0,0,0,0,0,51,31,0,20
2002,"TROUSDALE",47169,40,26,0,0,14,0,0,0,0,0,40,26,0,14
2003,"TROUSDALE",47169,44,25,0,0,19,0,0,0,0,0,44,25,0,19
1990,"UNICOI",47171,33,30,1,0,2,1,0,1,0,0,32,30,0,2
1991,"UNICOI",47171,44,42,0,0,2,2,2,0,0,0,42,40,0,2
1992,"UNICOI",47171,50,40,0,0,10,2,2,0,0,0,48,38,0,10
1993,"UNICOI",47171,45,34,0,0,11,2,2,0,0,0,43,32,0,11
1994,"UNICOI",47171,43,34,1,0,8,1,0,1,0,0,42,34,0,8
1995,"UNICOI",47171,53,39,0,0,14,1,0,0,0,1,52,39,0,13
1996,"UNICOI",47171,80,59,0,0,21,1,1,0,0,0,79,58,0,21
1997,"UNICOI",47171,73,52,0,0,21,0,0,0,0,0,73,52,0,21
1998,"UNICOI",47171,83,69,0,0,14,1,0,0,0,1,82,69,0,13
1999,"UNICOI",47171,75,54,0,0,21,1,0,0,0,1,74,54,0,20
2000,"UNICOI",47171,76,58,0,0,18,1,1,0,0,0,75,57,0,18
2001,"UNICOI",47171,84,73,0,0,11,2,2,0,0,0,82,71,0,11
2002,"UNICOI",47171,86,71,0,0,15,5,4,0,0,1,81,67,0,14
2003,"UNICOI",47171,111,93,0,0,18,4,3,0,0,1,107,90,0,17
1990,"UNION",47173,61,45,2,0,14,2,0,2,0,0,59,45,0,14
1991,"UNION",47173,85,46,0,0,39,2,2,0,0,0,83,44,0,39
1992,"UNION",47173,54,30,0,0,24,2,1,0,0,1,52,29,0,23
1993,"UNION",47173,60,30,0,0,30,3,1,0,0,2,57,29,0,28
1994,"UNION",47173,67,40,0,0,27,2,1,0,0,1,65,39,0,26
1995,"UNION",47173,61,29,0,0,32,0,0,0,0,0,61,29,0,32
1996,"UNION",47173,115,57,0,0,58,6,4,0,0,2,109,53,0,56
1997,"UNION",47173,101,60,0,0,41,5,0,0,0,5,96,60,0,36
1998,"UNION",47173,130,68,0,0,62,1,0,0,0,1,129,68,0,61
1999,"UNION",47173,104,62,0,0,42,1,0,0,0,1,103,62,0,41
2000,"UNION",47173,99,52,0,0,47,0,0,0,0,0,99,52,0,47
2001,"UNION",47173,141,98,0,0,43,4,3,0,0,1,137,95,0,42
2002,"UNION",47173,141,93,0,0,48,0,0,0,0,0,141,93,0,48
2003,"UNION",47173,143,92,0,0,51,0,0,0,0,0,143,92,0,51
1990,"VAN BUREN",47175,26,5,0,0,21,1,0,0,0,1,25,5,0,20
1991,"VAN BUREN",47175,22,8,0,2,12,3,1,0,2,0,19,7,0,12
1992,"VAN BUREN",47175,22,13,1,0,8,4,2,1,0,1,18,11,0,7
1993,"VAN BUREN",47175,15,3,0,0,12,0,0,0,0,0,15,3,0,12
1994,"VAN BUREN",47175,17,5,0,0,12,0,0,0,0,0,17,5,0,12
1995,"VAN BUREN",47175,14,3,0,0,11,0,0,0,0,0,14,3,0,11
1996,"VAN BUREN",47175,20,9,0,0,11,0,0,0,0,0,20,9,0,11
1997,"VAN BUREN",47175,32,14,0,0,18,0,0,0,0,0,32,14,0,18
1998,"VAN BUREN",47175,21,4,0,0,17,0,0,0,0,0,21,4,0,17
1999,"VAN BUREN",47175,18,7,2,0,9,0,0,0,0,0,18,7,2,9
2000,"VAN BUREN",47175,21,9,0,0,12,0,0,0,0,0,21,9,0,12
2001,"VAN BUREN",47175,29,13,0,0,16,0,0,0,0,0,29,13,0,16
2002,"VAN BUREN",47175,25,13,0,0,12,0,0,0,0,0,25,13,0,12
2003,"VAN BUREN",47175,18,9,0,0,9,0,0,0,0,0,18,9,0,9
1990,"WARREN",47177,90,43,0,3,44,5,2,0,3,0,85,41,0,44
1991,"WARREN",47177,129,44,2,3,80,15,3,2,3,7,114,41,0,73
1992,"WARREN",47177,87,45,3,7,32,18,4,3,7,4,69,41,0,28
1993,"WARREN",47177,104,27,4,6,67,17,2,4,6,5,87,25,0,62
1994,"WARREN",47177,127,33,0,1,93,11,3,0,1,7,116,30,0,86
1995,"WARREN",47177,114,37,0,1,76,4,1,0,1,2,110,36,0,74
1996,"WARREN",47177,182,64,1,2,115,7,3,1,2,1,175,61,0,114
1997,"WARREN",47177,182,83,0,2,97,3,1,0,2,0,179,82,0,97
1998,"WARREN",47177,208,75,1,1,131,5,2,1,1,1,203,73,0,130
1999,"WARREN",47177,198,96,0,1,101,3,2,0,1,0,195,94,0,101
2000,"WARREN",47177,209,75,0,0,134,2,0,0,0,2,207,75,0,132
2001,"WARREN",47177,262,102,1,0,159,7,0,1,0,6,255,102,0,153
2002,"WARREN",47177,283,131,2,1,149,3,0,1,1,1,280,131,1,148
2003,"WARREN",47177,274,101,2,0,171,4,0,2,0,2,270,101,0,169
1990,"WASHINGTON",47179,305,290,0,0,15,11,9,0,0,2,294,281,0,13
1991,"WASHINGTON",47179,340,327,3,1,9,13,9,3,1,0,327,318,0,9
1992,"WASHINGTON",47179,337,289,1,1,46,15,12,1,1,1,322,277,0,45
1993,"WASHINGTON",47179,295,236,1,0,58,10,9,1,0,0,285,227,0,58
1994,"WASHINGTON",47179,312,240,0,0,72,9,5,0,0,4,303,235,0,68
1995,"WASHINGTON",47179,359,274,0,0,85,10,5,0,0,5,349,269,0,80
1996,"WASHINGTON",47179,529,357,1,2,169,9,6,1,2,0,520,351,0,169
1997,"WASHINGTON",47179,562,398,1,0,163,11,8,1,0,2,551,390,0,161
1998,"WASHINGTON",47179,563,447,2,0,114,8,5,2,0,1,555,442,0,113
1999,"WASHINGTON",47179,586,446,2,0,138,19,13,0,0,6,567,433,2,132
2000,"WASHINGTON",47179,597,493,4,0,100,19,14,4,0,1,578,479,0,99
2001,"WASHINGTON",47179,794,679,11,0,104,58,45,10,0,3,736,634,1,101
2002,"WASHINGTON",47179,828,711,0,0,117,29,22,0,0,7,799,689,0,110
2003,"WASHINGTON",47179,761,661,3,1,96,20,12,3,1,4,741,649,0,92
1990,"WAYNE",47181,26,19,0,0,7,4,4,0,0,0,22,15,0,7
1991,"WAYNE",47181,26,21,0,0,5,4,3,0,0,1,22,18,0,4
1992,"WAYNE",47181,34,21,0,0,13,7,6,0,0,1,27,15,0,12
1993,"WAYNE",47181,50,30,3,0,17,5,3,2,0,0,45,27,1,17
1994,"WAYNE",47181,35,23,0,0,12,5,4,0,0,1,30,19,0,11
1995,"WAYNE",47181,49,33,0,0,16,5,5,0,0,0,44,28,0,16
1996,"WAYNE",47181,49,23,1,0,25,5,1,1,0,3,44,22,0,22
1997,"WAYNE",47181,68,42,0,0,26,2,2,0,0,0,66,40,0,26
1998,"WAYNE",47181,58,36,0,0,22,2,2,0,0,0,56,34,0,22
1999,"WAYNE",47181,56,25,3,0,28,4,1,3,0,0,52,24,0,28
2000,"WAYNE",47181,77,54,1,0,22,2,1,1,0,0,75,53,0,22
2001,"WAYNE",47181,93,59,0,0,34,2,1,0,0,1,91,58,0,33
2002,"WAYNE",47181,81,51,1,0,29,2,1,1,0,0,79,50,0,29
2003,"WAYNE",47181,80,55,0,0,25,0,0,0,0,0,80,55,0,25
1990,"WEAKLEY",47183,156,65,2,0,89,3,1,1,0,1,153,64,1,88
1991,"WEAKLEY",47183,210,72,6,2,130,10,2,6,2,0,200,70,0,130
1992,"WEAKLEY",47183,134,42,3,1,88,8,3,3,1,1,126,39,0,87
1993,"WEAKLEY",47183,135,52,3,0,80,3,1,2,0,0,132,51,1,80
1994,"WEAKLEY",47183,126,47,4,1,74,5,0,3,1,1,121,47,1,73
1995,"WEAKLEY",47183,159,56,1,0,102,1,1,0,0,0,158,55,1,102
1996,"WEAKLEY",47183,198,60,1,1,136,3,0,1,1,1,195,60,0,135
1997,"WEAKLEY",47183,203,88,3,0,112,6,2,3,0,1,197,86,0,111
1998,"WEAKLEY",47183,250,126,3,0,121,5,4,1,0,0,245,122,2,121
1999,"WEAKLEY",47183,184,103,2,0,79,7,4,2,0,1,177,99,0,78
2000,"WEAKLEY",47183,213,107,1,0,105,5,1,1,0,3,208,106,0,102
2001,"WEAKLEY",47183,257,158,5,0,94,6,0,5,0,1,251,158,0,93
2002,"WEAKLEY",47183,298,180,2,0,116,2,0,2,0,0,296,180,0,116
2003,"WEAKLEY",47183,284,194,3,0,87,2,1,1,0,0,282,193,2,87
1990,"WHITE",47185,103,40,0,0,63,4,3,0,0,1,99,37,0,62
1991,"WHITE",47185,133,58,4,0,71,15,7,4,0,4,118,51,0,67
1992,"WHITE",47185,113,53,0,2,58,12,6,0,2,4,101,47,0,54
1993,"WHITE",47185,105,57,2,0,46,8,4,1,0,3,97,53,1,43
1994,"WHITE",47185,103,38,0,0,65,5,3,0,0,2,98,35,0,63
1995,"WHITE",47185,136,56,3,0,77,8,2,3,0,3,128,54,0,74
1996,"WHITE",47185,153,55,0,0,98,13,5,0,0,8,140,50,0,90
1997,"WHITE",47185,166,72,1,0,93,9,1,1,0,7,157,71,0,86
1998,"WHITE",47185,167,91,1,0,75,2,1,1,0,0,165,90,0,75
1999,"WHITE",47185,152,73,0,0,79,2,2,0,0,0,150,71,0,79
2000,"WHITE",47185,171,84,1,0,86,3,2,1,0,0,168,82,0,86
2001,"WHITE",47185,239,134,1,0,104,2,0,1,0,1,237,134,0,103
2002,"WHITE",47185,228,152,0,0,76,1,0,0,0,1,227,152,0,75
2003,"WHITE",47185,280,171,0,0,109,2,1,0,0,1,278,170,0,108
1990,"WILLIAMSON",47187,426,229,30,0,167,85,49,27,0,9,341,180,3,158
1991,"WILLIAMSON",47187,555,296,41,0,218,102,50,36,0,16,453,246,5,202
1992,"WILLIAMSON",47187,423,246,14,1,162,70,45,13,1,11,353,201,1,151
1993,"WILLIAMSON",47187,330,179,11,0,140,42,24,7,0,11,288,155,4,129
1994,"WILLIAMSON",47187,295,164,10,0,121,31,22,6,0,3,264,142,4,118
1995,"WILLIAMSON",47187,330,159,11,1,159,26,11,10,1,4,304,148,1,155
1996,"WILLIAMSON",47187,359,205,11,0,143,30,13,11,0,6,329,192,0,137
1997,"WILLIAMSON",47187,369,191,11,0,167,32,14,11,0,7,337,177,0,160
1998,"WILLIAMSON",47187,333,207,12,0,114,27,16,10,0,1,306,191,2,113
1999,"WILLIAMSON",47187,380,224,41,0,115,57,19,38,0,0,323,205,3,115
2000,"WILLIAMSON",47187,384,234,27,0,123,39,11,25,0,3,345,223,2,120
2001,"WILLIAMSON",47187,484,323,20,0,141,30,13,17,0,0,454,310,3,141
2002,"WILLIAMSON",47187,510,329,43,0,138,50,11,39,0,0,460,318,4,138
2003,"WILLIAMSON",47187,543,377,10,0,156,10,3,6,0,1,533,374,4,155
1990,"WILSON",47189,464,215,11,1,237,41,23,10,1,7,423,192,1,230
1991,"WILSON",47189,508,249,13,0,246,67,40,11,0,16,441,209,2,230
1992,"WILSON",47189,418,232,10,0,176,51,22,8,0,21,367,210,2,155
1993,"WILSON",47189,449,235,4,0,210,34,18,4,0,12,415,217,0,198
1994,"WILSON",47189,306,158,1,0,147,14,8,1,0,5,292,150,0,142
1995,"WILSON",47189,328,158,4,0,166,11,8,3,0,0,317,150,1,166
1996,"WILSON",47189,383,190,2,0,191,15,8,1,0,6,368,182,1,185
1997,"WILSON",47189,408,218,7,0,183,18,6,7,0,5,390,212,0,178
1998,"WILSON",47189,419,232,4,0,183,14,8,2,0,4,405,224,2,179
1999,"WILSON",47189,422,249,8,0,165,12,5,6,0,1,410,244,2,164
2000,"WILSON",47189,474,286,7,0,181,13,5,5,0,3,461,281,2,178
2001,"WILSON",47189,543,338,7,0,198,6,2,4,0,0,537,336,3,198
2002,"WILSON",47189,623,380,6,0,237,11,5,5,0,1,612,375,1,236
2003,"WILSON",47189,688,423,3,0,262,8,3,3,0,2,680,420,0,260
1990,"ANDERSON",48001,66,47,2,1,16,11,5,2,1,3,55,42,0,13
1991,"ANDERSON",48001,96,70,1,0,25,8,5,1,0,2,88,65,0,23
1992,"ANDERSON",48001,81,60,2,0,19,8,2,2,0,4,73,58,0,15
1993,"ANDERSON",48001,79,53,6,0,20,11,5,5,0,1,68,48,1,19
1994,"ANDERSON",48001,65,41,0,0,24,3,2,0,0,1,62,39,0,23
1995,"ANDERSON",48001,129,81,0,0,48,12,6,0,0,6,117,75,0,42
1996,"ANDERSON",48001,176,87,6,1,82,15,4,6,1,4,161,83,0,78
1997,"ANDERSON",48001,205,106,0,0,99,12,4,0,0,8,193,102,0,91
1998,"ANDERSON",48001,199,94,0,0,105,5,4,0,0,1,194,90,0,104
1999,"ANDERSON",48001,206,106,0,0,100,7,5,0,0,2,199,101,0,98
2000,"ANDERSON",48001,199,105,3,0,91,9,2,3,0,4,190,103,0,87
2001,"ANDERSON",48001,211,110,3,0,98,6,1,3,0,2,205,109,0,96
2002,"ANDERSON",48001,205,95,1,1,108,3,1,1,1,0,202,94,0,108
2003,"ANDERSON",48001,244,129,1,1,113,7,4,1,1,1,237,125,0,112
1990,"ANDREWS",48003,26,23,0,0,3,2,2,0,0,0,24,21,0,3
1991,"ANDREWS",48003,27,24,0,0,3,7,6,0,0,1,20,18,0,2
1992,"ANDREWS",48003,21,18,0,0,3,3,3,0,0,0,18,15,0,3
1993,"ANDREWS",48003,23,21,1,0,1,3,2,1,0,0,20,19,0,1
1994,"ANDREWS",48003,18,14,4,0,0,8,4,4,0,0,10,10,0,0
1995,"ANDREWS",48003,24,12,7,0,5,10,2,7,0,1,14,10,0,4
1996,"ANDREWS",48003,38,24,0,0,14,2,0,0,0,2,36,24,0,12
1997,"ANDREWS",48003,43,34,0,0,9,2,2,0,0,0,41,32,0,9
1998,"ANDREWS",48003,50,45,0,0,5,1,1,0,0,0,49,44,0,5
1999,"ANDREWS",48003,57,46,1,0,10,3,1,1,0,1,54,45,0,9
2000,"ANDREWS",48003,47,42,0,0,5,1,1,0,0,0,46,41,0,5
2001,"ANDREWS",48003,39,33,1,0,5,2,1,1,0,0,37,32,0,5
2002,"ANDREWS",48003,36,31,0,0,5,0,0,0,0,0,36,31,0,5
2003,"ANDREWS",48003,38,36,0,0,2,1,1,0,0,0,37,35,0,2
1990,"ANGELINA",48005,68,51,2,0,15,9,5,2,0,2,59,46,0,13
1991,"ANGELINA",48005,76,58,3,0,15,10,6,3,0,1,66,52,0,14
1992,"ANGELINA",48005,100,48,1,0,51,8,4,1,0,3,92,44,0,48
1993,"ANGELINA",48005,147,72,1,0,74,10,4,1,0,5,137,68,0,69
1994,"ANGELINA",48005,133,60,1,0,72,2,1,1,0,0,131,59,0,72
1995,"ANGELINA",48005,159,65,1,0,93,3,2,1,0,0,156,63,0,93
1996,"ANGELINA",48005,210,101,7,0,102,18,4,7,0,7,192,97,0,95
1997,"ANGELINA",48005,247,106,1,0,140,13,5,1,0,7,234,101,0,133
1998,"ANGELINA",48005,250,139,2,0,109,18,10,2,0,6,232,129,0,103
1999,"ANGELINA",48005,235,103,0,0,132,13,5,0,0,8,222,98,0,124
2000,"ANGELINA",48005,308,134,4,0,170,34,8,4,0,22,274,126,0,148
2001,"ANGELINA",48005,343,129,2,0,212,24,4,2,0,18,319,125,0,194
2002,"ANGELINA",48005,331,140,0,0,191,22,2,0,0,20,309,138,0,171
2003,"ANGELINA",48005,342,116,1,0,225,15,2,1,0,12,327,114,0,213
1990,"ARANSAS",48007,44,22,9,1,12,14,4,7,1,2,30,18,2,10
1991,"ARANSAS",48007,40,21,1,0,18,3,1,0,0,2,37,20,1,16
1992,"ARANSAS",48007,45,29,2,0,14,7,2,2,0,3,38,27,0,11
1993,"ARANSAS",48007,42,21,5,0,16,6,2,3,0,1,36,19,2,15
1994,"ARANSAS",48007,40,23,1,0,16,2,1,1,0,0,38,22,0,16
1995,"ARANSAS",48007,63,37,4,0,22,6,2,4,0,0,57,35,0,22
1996,"ARANSAS",48007,56,34,1,0,21,5,2,1,0,2,51,32,0,19
1997,"ARANSAS",48007,74,34,1,0,39,3,1,0,0,2,71,33,1,37
1998,"ARANSAS",48007,71,40,1,0,30,8,3,1,0,4,63,37,0,26
1999,"ARANSAS",48007,51,22,1,0,28,6,1,1,0,4,45,21,0,24
2000,"ARANSAS",48007,53,29,0,0,24,2,0,0,0,2,51,29,0,22
2001,"ARANSAS",48007,59,41,0,0,18,3,1,0,0,2,56,40,0,16
2002,"ARANSAS",48007,66,47,2,0,17,4,1,2,0,1,62,46,0,16
2003,"ARANSAS",48007,57,46,1,0,10,1,0,1,0,0,56,46,0,10
1990,"ARCHER",48009,14,10,1,0,3,2,2,0,0,0,12,8,1,3
1991,"ARCHER",48009,12,7,0,0,5,1,1,0,0,0,11,6,0,5
1992,"ARCHER",48009,16,8,0,1,7,4,1,0,1,2,12,7,0,5
1993,"ARCHER",48009,7,7,0,0,0,1,1,0,0,0,6,6,0,0
1994,"ARCHER",48009,8,5,0,0,3,2,2,0,0,0,6,3,0,3
1995,"ARCHER",48009,18,12,0,1,5,4,2,0,1,1,14,10,0,4
1996,"ARCHER",48009,23,11,0,0,12,0,0,0,0,0,23,11,0,12
1997,"ARCHER",48009,43,12,0,0,31,1,1,0,0,0,42,11,0,31
1998,"ARCHER",48009,34,14,0,0,20,2,1,0,0,1,32,13,0,19
1999,"ARCHER",48009,34,16,0,1,17,2,1,0,1,0,32,15,0,17
2000,"ARCHER",48009,22,11,0,0,11,2,1,0,0,1,20,10,0,10
2001,"ARCHER",48009,37,15,0,0,22,0,0,0,0,0,37,15,0,22
2002,"ARCHER",48009,35,14,0,0,21,3,0,0,0,3,32,14,0,18
2003,"ARCHER",48009,38,16,1,0,21,4,0,1,0,3,34,16,0,18
1990,"ARMSTRONG",48011,4,1,1,1,1,2,0,1,1,0,2,1,0,1
1991,"ARMSTRONG",48011,5,3,1,1,0,2,1,0,1,0,3,2,1,0
1992,"ARMSTRONG",48011,1,0,0,0,1,0,0,0,0,0,1,0,0,1
1993,"ARMSTRONG",48011,2,1,0,0,1,0,0,0,0,0,2,1,0,1
1994,"ARMSTRONG",48011,3,2,0,0,1,2,1,0,0,1,1,1,0,0
1995,"ARMSTRONG",48011,1,1,0,0,0,0,0,0,0,0,1,1,0,0
1996,"ARMSTRONG",48011,6,3,0,0,3,2,1,0,0,1,4,2,0,2
1997,"ARMSTRONG",48011,7,5,0,0,2,1,0,0,0,1,6,5,0,1
1998,"ARMSTRONG",48011,5,4,0,0,1,0,0,0,0,0,5,4,0,1
1999,"ARMSTRONG",48011,7,5,0,0,2,0,0,0,0,0,7,5,0,2
2000,"ARMSTRONG",48011,3,1,0,0,2,2,1,0,0,1,1,0,0,1
2001,"ARMSTRONG",48011,7,4,0,0,3,0,0,0,0,0,7,4,0,3
2002,"ARMSTRONG",48011,7,5,0,0,2,0,0,0,0,0,7,5,0,2
2003,"ARMSTRONG",48011,7,6,0,1,0,1,0,0,1,0,6,6,0,0
1990,"ATASCOSA",48013,36,25,0,0,11,4,4,0,0,0,32,21,0,11
1991,"ATASCOSA",48013,56,35,1,0,20,3,1,1,0,1,53,34,0,19
1992,"ATASCOSA",48013,62,38,1,0,23,2,1,1,0,0,60,37,0,23
1993,"ATASCOSA",48013,63,32,2,0,29,5,2,2,0,1,58,30,0,28
1994,"ATASCOSA",48013,56,22,0,0,34,1,1,0,0,0,55,21,0,34
1995,"ATASCOSA",48013,54,14,0,0,40,5,2,0,0,3,49,12,0,37
1996,"ATASCOSA",48013,83,30,1,0,52,3,2,1,0,0,80,28,0,52
1997,"ATASCOSA",48013,103,57,0,0,46,5,5,0,0,0,98,52,0,46
1998,"ATASCOSA",48013,120,60,2,1,57,9,4,2,1,2,111,56,0,55
1999,"ATASCOSA",48013,113,72,0,2,39,6,4,0,2,0,107,68,0,39
2000,"ATASCOSA",48013,81,47,1,0,33,3,1,1,0,1,78,46,0,32
2001,"ATASCOSA",48013,105,52,1,0,52,6,2,1,0,3,99,50,0,49
2002,"ATASCOSA",48013,125,67,3,0,55,10,6,3,0,1,115,61,0,54
2003,"ATASCOSA",48013,113,60,2,0,51,4,1,2,0,1,109,59,0,50
1990,"AUSTIN",48015,23,17,1,0,4,1,0,0,0,1,22,17,1,4
1991,"AUSTIN",48015,29,21,1,0,7,1,1,0,0,0,28,20,1,7
1992,"AUSTIN",48015,32,21,1,0,10,6,3,1,0,2,26,18,0,8
1993,"AUSTIN",48015,45,31,1,0,13,7,7,0,0,0,38,24,1,13
1994,"AUSTIN",48015,25,16,1,0,8,1,1,0,0,0,24,15,1,8
1995,"AUSTIN",48015,31,21,0,0,10,0,0,0,0,0,31,21,0,10
1996,"AUSTIN",48015,50,28,2,0,20,3,1,2,0,0,47,27,0,20
1997,"AUSTIN",48015,47,33,0,0,14,3,3,0,0,0,44,30,0,14
1998,"AUSTIN",48015,49,40,0,0,9,0,0,0,0,0,49,40,0,9
1999,"AUSTIN",48015,56,39,0,0,17,0,0,0,0,0,56,39,0,17
2000,"AUSTIN",48015,40,15,2,0,23,2,0,2,0,0,38,15,0,23
2001,"AUSTIN",48015,48,31,2,0,15,2,1,0,0,1,46,30,2,14
2002,"AUSTIN",48015,49,31,0,0,18,0,0,0,0,0,49,31,0,18
2003,"AUSTIN",48015,61,35,0,0,26,2,2,0,0,0,59,33,0,26
1990,"BAILEY",48017,15,10,3,2,0,12,7,3,2,0,3,3,0,0
1991,"BAILEY",48017,11,8,3,0,0,10,7,3,0,0,1,1,0,0
1992,"BAILEY",48017,13,11,0,1,1,7,6,0,1,0,6,5,0,1
1993,"BAILEY",48017,7,7,0,0,0,2,2,0,0,0,5,5,0,0
1994,"BAILEY",48017,6,4,0,0,2,1,1,0,0,0,5,3,0,2
1995,"BAILEY",48017,13,7,0,2,4,6,3,0,2,1,7,4,0,3
1996,"BAILEY",48017,22,13,1,1,7,7,4,1,1,1,15,9,0,6
1997,"BAILEY",48017,19,10,0,3,6,5,2,0,3,0,14,8,0,6
1998,"BAILEY",48017,23,19,0,2,2,8,6,0,2,0,15,13,0,2
1999,"BAILEY",48017,24,19,0,2,3,4,2,0,2,0,20,17,0,3
2000,"BAILEY",48017,16,10,0,1,5,5,3,0,1,1,11,7,0,4
2001,"BAILEY",48017,23,19,0,0,4,2,1,0,0,1,21,18,0,3
2002,"BAILEY",48017,19,16,0,1,2,2,1,0,1,0,17,15,0,2
2003,"BAILEY",48017,28,23,1,0,4,1,0,1,0,0,27,23,0,4
1990,"BANDERA",48019,36,25,1,0,10,2,1,1,0,0,34,24,0,10
1991,"BANDERA",48019,27,17,2,0,8,1,0,1,0,0,26,17,1,8
1992,"BANDERA",48019,21,9,1,0,11,2,1,1,0,0,19,8,0,11
1993,"BANDERA",48019,25,15,1,0,9,2,1,1,0,0,23,14,0,9
1994,"BANDERA",48019,29,17,0,0,12,3,3,0,0,0,26,14,0,12
1995,"BANDERA",48019,28,17,1,0,10,2,1,0,0,1,26,16,1,9
1996,"BANDERA",48019,41,23,2,0,16,2,0,2,0,0,39,23,0,16
1997,"BANDERA",48019,40,25,0,0,15,2,1,0,0,1,38,24,0,14
1998,"BANDERA",48019,53,32,1,0,20,1,0,1,0,0,52,32,0,20
1999,"BANDERA",48019,57,41,2,0,14,2,0,2,0,0,55,41,0,14
2000,"BANDERA",48019,63,41,0,0,22,3,3,0,0,0,60,38,0,22
2001,"BANDERA",48019,64,46,0,0,18,3,3,0,0,0,61,43,0,18
2002,"BANDERA",48019,67,41,1,0,25,0,0,0,0,0,67,41,1,25
2003,"BANDERA",48019,70,53,0,0,17,3,3,0,0,0,67,50,0,17
1990,"BASTROP",48021,126,70,2,0,54,5,3,2,0,0,121,67,0,54
1991,"BASTROP",48021,143,85,3,0,55,4,2,2,0,0,139,83,1,55
1992,"BASTROP",48021,114,60,2,0,52,2,1,1,0,0,112,59,1,52
1993,"BASTROP",48021,119,64,1,0,54,3,2,0,0,1,116,62,1,53
1994,"BASTROP",48021,92,50,0,0,42,3,2,0,0,1,89,48,0,41
1995,"BASTROP",48021,107,53,0,0,54,3,1,0,0,2,104,52,0,52
1996,"BASTROP",48021,184,96,1,0,87,4,1,1,0,2,180,95,0,85
1997,"BASTROP",48021,223,131,1,0,91,2,1,1,0,0,221,130,0,91
1998,"BASTROP",48021,206,118,0,0,88,1,1,0,0,0,205,117,0,88
1999,"BASTROP",48021,198,113,1,0,84,4,2,1,0,1,194,111,0,83
2000,"BASTROP",48021,200,114,0,0,86,2,2,0,0,0,198,112,0,86
2001,"BASTROP",48021,254,138,1,0,115,5,5,0,0,0,249,133,1,115
2002,"BASTROP",48021,257,140,1,1,115,3,0,1,1,1,254,140,0,114
2003,"BASTROP",48021,364,215,1,1,147,11,4,1,1,5,353,211,0,142
1990,"BAYLOR",48023,7,7,0,0,0,1,1,0,0,0,6,6,0,0
1991,"BAYLOR",48023,5,3,0,1,1,2,1,0,1,0,3,2,0,1
1992,"BAYLOR",48023,8,5,0,1,2,2,0,0,1,1,6,5,0,1
1993,"BAYLOR",48023,4,4,0,0,0,0,0,0,0,0,4,4,0,0
1994,"BAYLOR",48023,7,4,0,1,2,2,1,0,1,0,5,3,0,2
1995,"BAYLOR",48023,11,7,0,2,2,2,0,0,2,0,9,7,0,2
1996,"BAYLOR",48023,17,10,0,0,7,0,0,0,0,0,17,10,0,7
1997,"BAYLOR",48023,24,14,0,0,10,1,0,0,0,1,23,14,0,9
1998,"BAYLOR",48023,19,11,0,0,8,2,1,0,0,1,17,10,0,7
1999,"BAYLOR",48023,9,5,0,0,4,0,0,0,0,0,9,5,0,4
2000,"BAYLOR",48023,14,6,0,0,8,1,1,0,0,0,13,5,0,8
2001,"BAYLOR",48023,12,6,0,0,6,0,0,0,0,0,12,6,0,6
2002,"BAYLOR",48023,14,7,0,0,7,0,0,0,0,0,14,7,0,7
2003,"BAYLOR",48023,17,3,2,3,9,6,0,2,3,1,11,3,0,8
1990,"BEE",48025,41,32,0,0,9,1,0,0,0,1,40,32,0,8
1991,"BEE",48025,40,21,1,0,18,1,0,1,0,0,39,21,0,18
1992,"BEE",48025,46,15,1,0,30,8,0,1,0,7,38,15,0,23
1993,"BEE",48025,61,27,2,0,32,4,1,2,0,1,57,26,0,31
1994,"BEE",48025,43,23,1,0,19,1,0,1,0,0,42,23,0,19
1995,"BEE",48025,60,31,0,0,29,0,0,0,0,0,60,31,0,29
1996,"BEE",48025,109,36,1,0,72,2,1,1,0,0,107,35,0,72
1997,"BEE",48025,99,39,0,0,60,1,0,0,0,1,98,39,0,59
1998,"BEE",48025,93,35,0,0,58,3,1,0,0,2,90,34,0,56
1999,"BEE",48025,88,32,1,0,55,3,1,1,0,1,85,31,0,54
2000,"BEE",48025,89,43,0,0,46,3,3,0,0,0,86,40,0,46
2001,"BEE",48025,85,41,0,0,44,0,0,0,0,0,85,41,0,44
2002,"BEE",48025,75,42,0,0,33,0,0,0,0,0,75,42,0,33
2003,"BEE",48025,88,42,1,0,45,1,0,1,0,0,87,42,0,45
1990,"BELL",48027,781,425,16,0,340,42,18,14,0,10,739,407,2,330
1991,"BELL",48027,723,368,8,0,347,24,12,6,0,6,699,356,2,341
1992,"BELL",48027,634,340,5,1,288,9,3,4,1,1,625,337,1,287
1993,"BELL",48027,502,255,3,0,244,11,7,2,0,2,491,248,1,242
1994,"BELL",48027,684,316,3,0,365,9,4,2,0,3,675,312,1,362
1995,"BELL",48027,791,419,0,0,372,11,9,0,0,2,780,410,0,370
1996,"BELL",48027,1114,598,4,0,512,8,4,3,0,1,1106,594,1,511
1997,"BELL",48027,1394,789,4,0,601,11,5,4,0,2,1383,784,0,599
1998,"BELL",48027,1762,954,0,0,808,6,6,0,0,0,1756,948,0,808
1999,"BELL",48027,1344,705,3,0,636,3,1,2,0,0,1341,704,1,636
2000,"BELL",48027,1149,542,2,0,605,6,2,2,0,2,1143,540,0,603
2001,"BELL",48027,1307,623,4,0,680,12,4,3,0,5,1295,619,1,675
2002,"BELL",48027,1285,662,4,1,618,15,7,3,1,4,1270,655,1,614
2003,"BELL",48027,1272,674,4,0,594,20,12,4,0,4,1252,662,0,590
1990,"BEXAR",48029,3585,2050,106,2,1427,262,128,99,2,33,3323,1922,7,1394
1991,"BEXAR",48029,4150,2198,66,0,1886,205,112,61,0,32,3945,2086,5,1854
1992,"BEXAR",48029,3848,1947,72,0,1829,219,96,68,0,55,3629,1851,4,1774
1993,"BEXAR",48029,3439,1579,63,1,1796,175,68,55,1,51,3264,1511,8,1745
1994,"BEXAR",48029,3106,1396,49,0,1660,181,82,46,0,52,2925,1314,3,1608
1995,"BEXAR",48029,3601,1647,44,0,1910,172,92,40,0,40,3429,1555,4,1870
1996,"BEXAR",48029,4748,2133,50,1,2563,173,77,49,1,45,4575,2056,1,2518
1997,"BEXAR",48029,5369,2780,47,0,2542,166,91,46,0,29,5203,2689,1,2513
1998,"BEXAR",48029,5176,2888,78,0,2210,160,70,75,0,15,5016,2818,3,2195
1999,"BEXAR",48029,4353,2527,41,0,1785,126,77,40,0,9,4227,2450,1,1776
2000,"BEXAR",48029,4066,2215,36,0,1815,129,81,34,0,14,3937,2134,2,1801
2001,"BEXAR",48029,4828,2733,49,0,2046,151,88,47,0,16,4677,2645,2,2030
2002,"BEXAR",48029,5048,2857,48,0,2143,161,95,42,0,24,4887,2762,6,2119
2003,"BEXAR",48029,5796,3183,33,0,2580,190,103,33,0,54,5606,3080,0,2526
1990,"BLANCO",48031,9,6,1,0,2,1,0,0,0,1,8,6,1,1
1991,"BLANCO",48031,20,14,0,0,6,1,0,0,0,1,19,14,0,5
1992,"BLANCO",48031,14,7,2,0,5,2,1,1,0,0,12,6,1,5
1993,"BLANCO",48031,13,10,0,0,3,0,0,0,0,0,13,10,0,3
1994,"BLANCO",48031,12,4,2,0,6,3,1,2,0,0,9,3,0,6
1995,"BLANCO",48031,15,8,0,0,7,2,2,0,0,0,13,6,0,7
1996,"BLANCO",48031,24,11,0,0,13,1,0,0,0,1,23,11,0,12
1997,"BLANCO",48031,17,12,0,0,5,0,0,0,0,0,17,12,0,5
1998,"BLANCO",48031,20,16,0,0,4,0,0,0,0,0,20,16,0,4
1999,"BLANCO",48031,25,18,0,0,7,0,0,0,0,0,25,18,0,7
2000,"BLANCO",48031,23,15,0,0,8,0,0,0,0,0,23,15,0,8
2001,"BLANCO",48031,30,21,0,0,9,0,0,0,0,0,30,21,0,9
2002,"BLANCO",48031,23,16,0,0,7,1,0,0,0,1,22,16,0,6
2003,"BLANCO",48031,37,24,0,0,13,2,0,0,0,2,35,24,0,11
1992,"BORDEN",48033,1,0,0,0,1,1,0,0,0,1,0,0,0,0
1993,"BORDEN",48033,2,1,0,0,1,0,0,0,0,0,2,1,0,1
1995,"BORDEN",48033,1,1,0,0,0,1,1,0,0,0,0,0,0,0
1996,"BORDEN",48033,1,0,0,0,1,0,0,0,0,0,1,0,0,1
1997,"BORDEN",48033,1,1,0,0,0,0,0,0,0,0,1,1,0,0
1998,"BORDEN",48033,2,2,0,0,0,0,0,0,0,0,2,2,0,0
1999,"BORDEN",48033,0,0,0,0,0,0,0,0,0,0,0,0,0,0
2000,"BORDEN",48033,1,1,0,0,0,0,0,0,0,0,1,1,0,0
2001,"BORDEN",48033,2,2,0,0,0,0,0,0,0,0,2,2,0,0
1990,"BOSQUE",48035,24,20,0,1,3,4,3,0,1,0,20,17,0,3
1991,"BOSQUE",48035,32,23,1,1,7,2,0,1,1,0,30,23,0,7
1992,"BOSQUE",48035,36,24,1,0,11,1,0,1,0,0,35,24,0,11
1993,"BOSQUE",48035,16,10,0,0,6,0,0,0,0,0,16,10,0,6
1994,"BOSQUE",48035,15,11,0,0,4,0,0,0,0,0,15,11,0,4
1995,"BOSQUE",48035,18,11,0,0,7,0,0,0,0,0,18,11,0,7
1996,"BOSQUE",48035,17,12,0,0,5,0,0,0,0,0,17,12,0,5
1997,"BOSQUE",48035,45,28,0,0,17,1,1,0,0,0,44,27,0,17
1998,"BOSQUE",48035,61,43,0,1,17,1,0,0,1,0,60,43,0,17
1999,"BOSQUE",48035,38,24,0,0,14,1,1,0,0,0,37,23,0,14
2000,"BOSQUE",48035,38,24,0,0,14,0,0,0,0,0,38,24,0,14
2001,"BOSQUE",48035,51,36,0,0,15,0,0,0,0,0,51,36,0,15
2002,"BOSQUE",48035,67,45,0,0,22,2,1,0,0,1,65,44,0,21
2003,"BOSQUE",48035,57,42,0,0,15,4,4,0,0,0,53,38,0,15
1990,"BOWIE",48037,133,115,5,0,13,11,7,4,0,0,122,108,1,13
1991,"BOWIE",48037,151,107,4,0,40,13,10,3,0,0,138,97,1,40
1992,"BOWIE",48037,190,101,1,0,88,19,14,1,0,4,171,87,0,84
1993,"BOWIE",48037,147,71,4,0,72,8,4,3,0,1,139,67,1,71
1994,"BOWIE",48037,168,82,3,0,83,12,5,3,0,4,156,77,0,79
1995,"BOWIE",48037,274,128,0,0,146,10,7,0,0,3,264,121,0,143
1996,"BOWIE",48037,379,163,1,3,212,28,13,1,3,11,351,150,0,201
1997,"BOWIE",48037,426,185,2,0,239,10,1,2,0,7,416,184,0,232
1998,"BOWIE",48037,384,200,0,0,184,4,3,0,0,1,380,197,0,183
1999,"BOWIE",48037,334,210,1,0,123,3,1,1,0,1,331,209,0,122
2000,"BOWIE",48037,308,200,1,0,107,2,2,0,0,0,306,198,1,107
2001,"BOWIE",48037,392,275,1,0,116,6,5,1,0,0,386,270,0,116
2002,"BOWIE",48037,368,293,2,0,73,2,0,1,0,1,366,293,1,72
2003,"BOWIE",48037,382,274,2,0,106,3,1,2,0,0,379,273,0,106
1990,"BRAZORIA",48039,310,231,3,0,76,10,5,3,0,2,300,226,0,74
1991,"BRAZORIA",48039,347,252,7,0,88,15,6,7,0,2,332,246,0,86
1992,"BRAZORIA",48039,365,249,9,1,106,31,17,8,1,5,334,232,1,101
1993,"BRAZORIA",48039,366,221,8,0,137,10,6,4,0,0,356,215,4,137
1994,"BRAZORIA",48039,340,184,6,0,150,8,5,3,0,0,332,179,3,150
1995,"BRAZORIA",48039,393,225,12,2,154,16,4,9,2,1,377,221,3,153
1996,"BRAZORIA",48039,503,326,2,1,174,4,1,2,1,0,499,325,0,174
1997,"BRAZORIA",48039,568,391,4,2,171,13,5,4,2,2,555,386,0,169
1998,"BRAZORIA",48039,631,500,1,0,130,12,9,0,0,3,619,491,1,127
1999,"BRAZORIA",48039,580,400,7,0,173,15,9,6,0,0,565,391,1,173
2000,"BRAZORIA",48039,533,348,5,0,180,19,9,5,0,5,514,339,0,175
2001,"BRAZORIA",48039,691,467,6,0,218,29,18,6,0,5,662,449,0,213
2002,"BRAZORIA",48039,731,474,9,0,248,15,5,9,0,1,716,469,0,247
2003,"BRAZORIA",48039,931,574,8,0,349,18,10,6,0,2,913,564,2,347
1990,"BRAZOS",48041,147,110,8,1,27,26,14,8,1,2,121,96,0,25
1991,"BRAZOS",48041,109,92,2,0,15,9,7,1,0,1,100,85,1,14
1992,"BRAZOS",48041,115,93,2,1,19,25,18,1,1,5,90,75,1,14
1993,"BRAZOS",48041,92,63,4,0,25,4,1,3,0,0,88,62,1,25
1994,"BRAZOS",48041,109,87,2,0,20,3,2,1,0,0,106,85,1,20
1995,"BRAZOS",48041,136,84,3,0,49,4,2,2,0,0,132,82,1,49
1996,"BRAZOS",48041,161,108,1,0,52,3,0,1,0,2,158,108,0,50
1997,"BRAZOS",48041,211,166,4,0,41,8,5,3,0,0,203,161,1,41
1998,"BRAZOS",48041,213,177,0,1,35,6,4,0,1,1,207,173,0,34
1999,"BRAZOS",48041,190,158,3,0,29,9,5,3,0,1,181,153,0,28
2000,"BRAZOS",48041,142,118,1,0,23,9,6,1,0,2,133,112,0,21
2001,"BRAZOS",48041,169,148,3,0,18,11,8,3,0,0,158,140,0,18
2002,"BRAZOS",48041,196,169,5,0,22,13,6,5,0,2,183,163,0,20
2003,"BRAZOS",48041,223,180,6,0,37,12,5,6,0,1,211,175,0,36
1990,"BREWSTER",48043,5,3,1,0,1,1,0,1,0,0,4,3,0,1
1991,"BREWSTER",48043,4,4,0,0,0,0,0,0,0,0,4,4,0,0
1992,"BREWSTER",48043,4,3,0,0,1,0,0,0,0,0,4,3,0,1
1993,"BREWSTER",48043,3,3,0,0,0,0,0,0,0,0,3,3,0,0
1994,"BREWSTER",48043,9,7,1,0,1,2,1,1,0,0,7,6,0,1
1995,"BREWSTER",48043,4,2,0,0,2,0,0,0,0,0,4,2,0,2
1996,"BREWSTER",48043,6,3,1,0,2,2,0,1,0,1,4,3,0,1
1997,"BREWSTER",48043,13,9,0,0,4,1,0,0,0,1,12,9,0,3
1998,"BREWSTER",48043,7,6,0,0,1,0,0,0,0,0,7,6,0,1
1999,"BREWSTER",48043,9,9,0,0,0,0,0,0,0,0,9,9,0,0
2000,"BREWSTER",48043,19,14,1,0,4,1,0,1,0,0,18,14,0,4
2001,"BREWSTER",48043,13,10,0,0,3,2,2,0,0,0,11,8,0,3
2002,"BREWSTER",48043,14,14,0,0,0,1,1,0,0,0,13,13,0,0
2003,"BREWSTER",48043,9,9,0,0,0,0,0,0,0,0,9,9,0,0
1990,"BRISCOE",48045,8,7,0,1,0,4,3,0,1,0,4,4,0,0
1991,"BRISCOE",48045,3,3,0,0,0,3,3,0,0,0,0,0,0,0
1993,"BRISCOE",48045,2,2,0,0,0,2,2,0,0,0,0,0,0,0
1994,"BRISCOE",48045,1,0,0,0,1,0,0,0,0,0,1,0,0,1
1995,"BRISCOE",48045,1,0,0,0,1,0,0,0,0,0,1,0,0,1
1996,"BRISCOE",48045,5,2,0,0,3,1,1,0,0,0,4,1,0,3
1997,"BRISCOE",48045,4,1,0,1,2,1,0,0,1,0,3,1,0,2
1998,"BRISCOE",48045,2,1,0,0,1,0,0,0,0,0,2,1,0,1
1999,"BRISCOE",48045,4,4,0,0,0,0,0,0,0,0,4,4,0,0
2000,"BRISCOE",48045,3,3,0,0,0,0,0,0,0,0,3,3,0,0
2001,"BRISCOE",48045,2,2,0,0,0,0,0,0,0,0,2,2,0,0
2002,"BRISCOE",48045,6,6,0,0,0,1,1,0,0,0,5,5,0,0
2003,"BRISCOE",48045,3,2,0,0,1,0,0,0,0,0,3,2,0,1
1990,"BROOKS",48047,5,3,0,0,2,0,0,0,0,0,5,3,0,2
1991,"BROOKS",48047,8,3,0,0,5,0,0,0,0,0,8,3,0,5
1992,"BROOKS",48047,6,1,1,0,4,2,0,1,0,1,4,1,0,3
1993,"BROOKS",48047,7,4,0,0,3,2,2,0,0,0,5,2,0,3
1994,"BROOKS",48047,3,1,0,0,2,0,0,0,0,0,3,1,0,2
1995,"BROOKS",48047,14,3,0,0,11,0,0,0,0,0,14,3,0,11
1996,"BROOKS",48047,22,4,0,0,18,0,0,0,0,0,22,4,0,18
1997,"BROOKS",48047,20,6,0,0,14,3,0,0,0,3,17,6,0,11
1998,"BROOKS",48047,9,5,0,0,4,1,1,0,0,0,8,4,0,4
1999,"BROOKS",48047,8,1,0,0,7,0,0,0,0,0,8,1,0,7
2000,"BROOKS",48047,7,2,0,0,5,1,0,0,0,1,6,2,0,4
2001,"BROOKS",48047,20,6,0,0,14,2,0,0,0,2,18,6,0,12
2002,"BROOKS",48047,23,5,0,0,18,2,2,0,0,0,21,3,0,18
2003,"BROOKS",48047,15,3,0,0,12,0,0,0,0,0,15,3,0,12
1990,"BROWN",48049,53,44,2,0,7,20,14,2,0,4,33,30,0,3
1991,"BROWN",48049,59,52,1,3,3,21,17,0,3,1,38,35,1,2
1992,"BROWN",48049,39,32,0,0,7,5,4,0,0,1,34,28,0,6
1993,"BROWN",48049,35,32,0,0,3,6,5,0,0,1,29,27,0,2
1994,"BROWN",48049,27,24,1,0,2,5,3,1,0,1,22,21,0,1
1995,"BROWN",48049,37,26,0,0,11,6,3,0,0,3,31,23,0,8
1996,"BROWN",48049,76,36,0,1,39,5,2,0,1,2,71,34,0,37
1997,"BROWN",48049,119,74,2,0,43,8,5,2,0,1,111,69,0,42
1998,"BROWN",48049,106,74,0,0,32,6,5,0,0,1,100,69,0,31
1999,"BROWN",48049,99,70,0,1,28,5,4,0,1,0,94,66,0,28
2000,"BROWN",48049,108,68,1,0,39,5,1,1,0,3,103,67,0,36
2001,"BROWN",48049,130,87,0,0,43,9,6,0,0,3,121,81,0,40
2002,"BROWN",48049,128,78,0,1,49,7,3,0,1,3,121,75,0,46
2003,"BROWN",48049,113,76,0,0,37,3,2,0,0,1,110,74,0,36
1990,"BURLESON",48051,11,9,0,0,2,1,0,0,0,1,10,9,0,1
1991,"BURLESON",48051,14,12,0,0,2,0,0,0,0,0,14,12,0,2
1992,"BURLESON",48051,12,7,0,0,5,1,0,0,0,1,11,7,0,4
1993,"BURLESON",48051,10,8,0,0,2,0,0,0,0,0,10,8,0,2
1994,"BURLESON",48051,12,5,2,0,5,1,0,1,0,0,11,5,1,5
1995,"BURLESON",48051,18,10,1,0,7,1,0,1,0,0,17,10,0,7
1996,"BURLESON",48051,12,6,0,0,6,0,0,0,0,0,12,6,0,6
1997,"BURLESON",48051,22,15,0,0,7,1,1,0,0,0,21,14,0,7
1998,"BURLESON",48051,23,16,2,0,5,3,1,2,0,0,20,15,0,5
1999,"BURLESON",48051,25,17,0,0,8,1,1,0,0,0,24,16,0,8
2000,"BURLESON",48051,21,16,0,0,5,0,0,0,0,0,21,16,0,5
2001,"BURLESON",48051,30,22,0,0,8,0,0,0,0,0,30,22,0,8
2002,"BURLESON",48051,26,21,1,0,4,2,1,1,0,0,24,20,0,4
2003,"BURLESON",48051,23,19,0,0,4,2,1,0,0,1,21,18,0,3
1990,"BURNET",48053,54,40,0,0,14,3,3,0,0,0,51,37,0,14
1991,"BURNET",48053,58,42,1,2,13,6,2,1,2,1,52,40,0,12
1992,"BURNET",48053,53,40,1,0,12,1,0,1,0,0,52,40,0,12
1993,"BURNET",48053,54,39,1,0,14,1,1,0,0,0,53,38,1,14
1994,"BURNET",48053,41,34,0,0,7,3,3,0,0,0,38,31,0,7
1995,"BURNET",48053,58,36,1,0,21,2,2,0,0,0,56,34,1,21
1996,"BURNET",48053,73,50,0,0,23,0,0,0,0,0,73,50,0,23
1997,"BURNET",48053,79,53,2,0,24,4,2,1,0,1,75,51,1,23
1998,"BURNET",48053,90,66,0,0,24,1,1,0,0,0,89,65,0,24
1999,"BURNET",48053,101,74,0,0,27,1,1,0,0,0,100,73,0,27
2000,"BURNET",48053,73,59,0,0,14,3,3,0,0,0,70,56,0,14
2001,"BURNET",48053,132,100,0,0,32,2,2,0,0,0,130,98,0,32
2002,"BURNET",48053,119,92,0,0,27,3,2,0,0,1,116,90,0,26
2003,"BURNET",48053,130,98,1,0,31,7,5,1,0,1,123,93,0,30
1990,"CALDWELL",48055,40,24,1,0,15,3,2,1,0,0,37,22,0,15
1991,"CALDWELL",48055,47,25,2,0,20,2,0,2,0,0,45,25,0,20
1992,"CALDWELL",48055,39,15,0,1,23,2,1,0,1,0,37,14,0,23
1993,"CALDWELL",48055,67,44,1,0,22,3,2,1,0,0,64,42,0,22
1994,"CALDWELL",48055,36,16,2,0,18,1,0,1,0,0,35,16,1,18
1995,"CALDWELL",48055,55,25,0,0,30,2,2,0,0,0,53,23,0,30
1996,"CALDWELL",48055,80,42,0,0,38,2,0,0,0,2,78,42,0,36
1997,"CALDWELL",48055,111,55,0,0,56,4,4,0,0,0,107,51,0,56
1998,"CALDWELL",48055,93,48,0,0,45,2,2,0,0,0,91,46,0,45
1999,"CALDWELL",48055,103,58,1,0,44,4,1,1,0,2,99,57,0,42
2000,"CALDWELL",48055,102,45,2,0,55,1,1,0,0,0,101,44,2,55
2001,"CALDWELL",48055,115,66,1,0,48,2,0,1,0,1,113,66,0,47
2002,"CALDWELL",48055,137,83,0,0,54,1,0,0,0,1,136,83,0,53
2003,"CALDWELL",48055,130,71,0,0,59,2,1,0,0,1,128,70,0,58
1990,"CALHOUN",48057,16,14,0,0,2,2,2,0,0,0,14,12,0,2
1991,"CALHOUN",48057,23,16,1,0,6,4,1,1,0,2,19,15,0,4
1992,"CALHOUN",48057,20,16,1,0,3,5,3,1,0,1,15,13,0,2
1993,"CALHOUN",48057,22,15,1,0,6,1,0,1,0,0,21,15,0,6
1994,"CALHOUN",48057,37,26,3,0,8,3,0,3,0,0,34,26,0,8
1995,"CALHOUN",48057,38,24,0,0,14,1,0,0,0,1,37,24,0,13
1996,"CALHOUN",48057,47,22,0,0,25,2,2,0,0,0,45,20,0,25
1997,"CALHOUN",48057,41,27,0,0,14,2,2,0,0,0,39,25,0,14
1998,"CALHOUN",48057,46,31,0,0,15,0,0,0,0,0,46,31,0,15
1999,"CALHOUN",48057,43,25,0,0,18,0,0,0,0,0,43,25,0,18
2000,"CALHOUN",48057,39,30,0,0,9,2,2,0,0,0,37,28,0,9
2001,"CALHOUN",48057,50,41,0,0,9,2,2,0,0,0,48,39,0,9
2002,"CALHOUN",48057,48,33,3,0,12,2,1,1,0,0,46,32,2,12
2003,"CALHOUN",48057,65,46,0,0,19,0,0,0,0,0,65,46,0,19
1990,"CALLAHAN",48059,16,13,1,0,2,3,2,1,0,0,13,11,0,2
1991,"CALLAHAN",48059,25,21,0,0,4,6,5,0,0,1,19,16,0,3
1992,"CALLAHAN",48059,27,24,0,2,1,5,3,0,2,0,22,21,0,1
1993,"CALLAHAN",48059,16,13,0,0,3,2,1,0,0,1,14,12,0,2
1994,"CALLAHAN",48059,16,12,1,0,3,2,0,1,0,1,14,12,0,2
1995,"CALLAHAN",48059,25,17,0,1,7,3,2,0,1,0,22,15,0,7
1996,"CALLAHAN",48059,46,19,0,0,27,1,0,0,0,1,45,19,0,26
1997,"CALLAHAN",48059,48,23,0,0,25,1,1,0,0,0,47,22,0,25
1998,"CALLAHAN",48059,43,22,0,1,20,7,2,0,1,4,36,20,0,16
1999,"CALLAHAN",48059,62,31,0,0,31,2,1,0,0,1,60,30,0,30
2000,"CALLAHAN",48059,52,30,1,0,21,3,0,1,0,2,49,30,0,19
2001,"CALLAHAN",48059,67,31,0,0,36,3,0,0,0,3,64,31,0,33
2002,"CALLAHAN",48059,73,31,0,0,42,3,1,0,0,2,70,30,0,40
2003,"CALLAHAN",48059,76,40,0,0,36,4,0,0,0,4,72,40,0,32
1990,"CAMERON",48061,449,174,38,2,234,68,15,36,2,14,381,159,2,220
1991,"CAMERON",48061,498,169,23,1,305,54,14,18,1,21,444,155,5,284
1992,"CAMERON",48061,554,211,17,0,326,73,17,16,0,40,481,194,1,286
1993,"CAMERON",48061,512,207,9,3,293,37,10,6,3,18,475,197,3,275
1994,"CAMERON",48061,571,196,14,0,361,35,5,10,0,20,536,191,4,341
1995,"CAMERON",48061,801,264,20,0,517,53,14,19,0,20,748,250,1,497
1996,"CAMERON",48061,1052,355,13,6,678,53,11,13,6,23,999,344,0,655
1997,"CAMERON",48061,1113,487,6,5,615,63,20,6,5,32,1050,467,0,583
1998,"CAMERON",48061,1110,544,6,2,558,27,8,5,2,12,1083,536,1,546
1999,"CAMERON",48061,981,478,13,1,489,45,15,13,1,16,936,463,0,473
2000,"CAMERON",48061,1091,483,10,0,598,44,10,9,0,25,1047,473,1,573
2001,"CAMERON",48061,1166,494,12,0,660,28,10,10,0,8,1138,484,2,652
2002,"CAMERON",48061,1216,521,10,0,685,24,8,8,0,8,1192,513,2,677
2003,"CAMERON",48061,1380,652,6,0,722,21,12,5,0,4,1359,640,1,718
1990,"CAMP",48063,13,4,1,0,8,1,0,1,0,0,12,4,0,8
1991,"CAMP",48063,7,5,0,0,2,0,0,0,0,0,7,5,0,2
1992,"CAMP",48063,11,6,0,0,5,0,0,0,0,0,11,6,0,5
1993,"CAMP",48063,16,4,1,0,11,4,0,1,0,3,12,4,0,8
1994,"CAMP",48063,13,2,0,0,11,3,0,0,0,3,10,2,0,8
1995,"CAMP",48063,23,7,0,2,14,5,0,0,2,3,18,7,0,11
1996,"CAMP",48063,33,10,1,2,20,6,1,1,2,2,27,9,0,18
1997,"CAMP",48063,46,16,0,0,30,2,0,0,0,2,44,16,0,28
1998,"CAMP",48063,33,13,0,0,20,0,0,0,0,0,33,13,0,20
1999,"CAMP",48063,33,15,1,0,17,2,1,1,0,0,31,14,0,17
2000,"CAMP",48063,35,16,0,0,19,1,0,0,0,1,34,16,0,18
2001,"CAMP",48063,37,14,0,0,23,1,0,0,0,1,36,14,0,22
2002,"CAMP",48063,20,10,0,0,10,0,0,0,0,0,20,10,0,10
2003,"CAMP",48063,32,19,0,2,11,2,0,0,2,0,30,19,0,11
1990,"CARSON",48065,9,7,0,0,2,3,3,0,0,0,6,4,0,2
1991,"CARSON",48065,6,5,0,0,1,0,0,0,0,0,6,5,0,1
1992,"CARSON",48065,14,5,0,0,9,1,0,0,0,1,13,5,0,8
1993,"CARSON",48065,12,5,1,0,6,4,3,1,0,0,8,2,0,6
1994,"CARSON",48065,15,7,0,0,8,2,0,0,0,2,13,7,0,6
1995,"CARSON",48065,6,2,0,0,4,0,0,0,0,0,6,2,0,4
1996,"CARSON",48065,20,11,1,1,7,5,3,1,1,0,15,8,0,7
1997,"CARSON",48065,26,15,0,0,11,0,0,0,0,0,26,15,0,11
1998,"CARSON",48065,21,10,0,3,8,3,0,0,3,0,18,10,0,8
1999,"CARSON",48065,15,12,0,0,3,1,1,0,0,0,14,11,0,3
2000,"CARSON",48065,18,15,0,0,3,1,1,0,0,0,17,14,0,3
2001,"CARSON",48065,20,12,0,0,8,4,3,0,0,1,16,9,0,7
2002,"CARSON",48065,25,21,1,0,3,6,4,1,0,1,19,17,0,2
2003,"CARSON",48065,9,4,0,1,4,1,0,0,1,0,8,4,0,4
1990,"CASS",48067,25,20,0,0,5,2,2,0,0,0,23,18,0,5
1991,"CASS",48067,20,14,0,0,6,3,2,0,0,1,17,12,0,5
1992,"CASS",48067,44,25,1,0,18,3,0,1,0,2,41,25,0,16
1993,"CASS",48067,33,11,0,0,22,3,1,0,0,2,30,10,0,20
1994,"CASS",48067,36,13,0,0,23,2,1,0,0,1,34,12,0,22
1995,"CASS",48067,40,15,0,0,25,1,0,0,0,1,39,15,0,24
1996,"CASS",48067,79,33,0,3,43,6,2,0,3,1,73,31,0,42
1997,"CASS",48067,78,21,0,0,57,3,1,0,0,2,75,20,0,55
1998,"CASS",48067,88,38,0,0,50,2,1,0,0,1,86,37,0,49
1999,"CASS",48067,137,68,0,0,69,1,1,0,0,0,136,67,0,69
2000,"CASS",48067,112,71,1,0,40,4,3,1,0,0,108,68,0,40
2001,"CASS",48067,109,66,0,0,43,1,1,0,0,0,108,65,0,43
2002,"CASS",48067,75,45,0,0,30,2,2,0,0,0,73,43,0,30
2003,"CASS",48067,106,67,0,0,39,2,2,0,0,0,104,65,0,39
1990,"CASTRO",48069,8,6,0,1,1,5,3,0,1,1,3,3,0,0
1991,"CASTRO",48069,8,7,0,1,0,3,2,0,1,0,5,5,0,0
1992,"CASTRO",48069,28,17,0,0,11,7,6,0,0,1,21,11,0,10
1993,"CASTRO",48069,23,9,0,1,13,3,2,0,1,0,20,7,0,13
1994,"CASTRO",48069,7,3,0,0,4,1,1,0,0,0,6,2,0,4
1995,"CASTRO",48069,4,1,0,0,3,1,0,0,0,1,3,1,0,2
1996,"CASTRO",48069,11,4,1,1,5,2,0,1,1,0,9,4,0,5
1997,"CASTRO",48069,17,4,0,0,13,0,0,0,0,0,17,4,0,13
1998,"CASTRO",48069,14,4,0,0,10,0,0,0,0,0,14,4,0,10
1999,"CASTRO",48069,19,10,1,0,8,4,2,1,0,1,15,8,0,7
2000,"CASTRO",48069,21,16,0,0,5,1,1,0,0,0,20,15,0,5
2001,"CASTRO",48069,34,17,2,0,15,4,0,2,0,2,30,17,0,13
2002,"CASTRO",48069,16,7,0,1,8,1,0,0,1,0,15,7,0,8
2003,"CASTRO",48069,20,14,0,0,6,1,0,0,0,1,19,14,0,5
1990,"CHAMBERS",48071,19,15,0,0,4,2,2,0,0,0,17,13,0,4
1991,"CHAMBERS",48071,23,17,1,0,5,0,0,0,0,0,23,17,1,5
1992,"CHAMBERS",48071,29,15,2,0,12,5,2,2,0,1,24,13,0,11
1993,"CHAMBERS",48071,33,19,0,0,14,0,0,0,0,0,33,19,0,14
1994,"CHAMBERS",48071,25,16,0,0,9,1,0,0,0,1,24,16,0,8
1995,"CHAMBERS",48071,27,10,0,0,17,0,0,0,0,0,27,10,0,17
1996,"CHAMBERS",48071,43,21,0,0,22,1,1,0,0,0,42,20,0,22
1997,"CHAMBERS",48071,59,29,1,0,29,2,0,1,0,1,57,29,0,28
1998,"CHAMBERS",48071,55,26,1,0,28,2,1,1,0,0,53,25,0,28
1999,"CHAMBERS",48071,40,21,1,0,18,6,3,1,0,2,34,18,0,16
2000,"CHAMBERS",48071,61,32,0,0,28,2,0,0,0,1,59,32,0,27
2001,"CHAMBERS",48071,54,28,1,0,25,3,0,1,0,2,51,28,0,23
2002,"CHAMBERS",48071,70,37,1,0,32,4,3,1,0,0,66,34,0,32
2003,"CHAMBERS",48071,83,41,0,0,42,4,2,0,0,2,79,39,0,40
1990,"CHEROKEE",48073,40,31,0,0,9,1,0,0,0,1,39,31,0,8
1991,"CHEROKEE",48073,49,35,0,0,14,9,4,0,0,5,40,31,0,9
1992,"CHEROKEE",48073,52,34,1,0,17,7,3,1,0,3,45,31,0,14
1993,"CHEROKEE",48073,55,29,1,0,25,9,5,0,0,4,46,24,1,21
1994,"CHEROKEE",48073,83,34,2,0,47,8,2,2,0,4,75,32,0,43
1995,"CHEROKEE",48073,89,34,1,0,54,7,3,1,0,3,82,31,0,51
1996,"CHEROKEE",48073,148,49,1,0,98,11,5,1,0,5,137,44,0,93
1997,"CHEROKEE",48073,172,75,0,3,94,7,1,0,3,3,165,74,0,91
1998,"CHEROKEE",48073,166,82,0,1,83,8,2,0,1,5,158,80,0,78
1999,"CHEROKEE",48073,147,54,1,0,92,7,3,1,0,3,140,51,0,89
2000,"CHEROKEE",48073,143,61,0,0,82,5,3,0,0,2,138,58,0,80
2001,"CHEROKEE",48073,198,90,0,0,108,4,2,0,0,2,194,88,0,106
2002,"CHEROKEE",48073,207,93,3,0,111,6,2,3,0,1,201,91,0,110
2003,"CHEROKEE",48073,167,65,1,0,101,2,1,1,0,0,165,64,0,101
1990,"CHILDRESS",48075,6,6,0,0,0,3,3,0,0,0,3,3,0,0
1991,"CHILDRESS",48075,3,2,0,0,1,0,0,0,0,0,3,2,0,1
1992,"CHILDRESS",48075,14,6,0,2,6,3,1,0,2,0,11,5,0,6
1993,"CHILDRESS",48075,16,11,0,4,1,6,2,0,4,0,10,9,0,1
1994,"CHILDRESS",48075,11,8,0,1,2,2,1,0,1,0,9,7,0,2
1995,"CHILDRESS",48075,11,10,0,0,1,0,0,0,0,0,11,10,0,1
1996,"CHILDRESS",48075,18,11,0,0,7,2,1,0,0,1,16,10,0,6
1997,"CHILDRESS",48075,18,11,0,2,5,4,1,0,2,1,14,10,0,4
1998,"CHILDRESS",48075,23,12,0,2,9,4,2,0,2,0,19,10,0,9
1999,"CHILDRESS",48075,16,8,0,0,8,2,1,0,0,1,14,7,0,7
2000,"CHILDRESS",48075,15,13,0,0,2,0,0,0,0,0,15,13,0,2
2001,"CHILDRESS",48075,22,17,0,0,5,1,0,0,0,1,21,17,0,4
2002,"CHILDRESS",48075,11,7,0,0,4,0,0,0,0,0,11,7,0,4
2003,"CHILDRESS",48075,13,7,0,0,6,1,1,0,0,0,12,6,0,6
1990,"CLAY",48077,15,12,0,0,3,2,2,0,0,0,13,10,0,3
1991,"CLAY",48077,10,8,0,0,2,1,1,0,0,0,9,7,0,2
1992,"CLAY",48077,11,6,0,1,4,1,0,0,1,0,10,6,0,4
1993,"CLAY",48077,10,6,0,0,4,3,1,0,0,2,7,5,0,2
1994,"CLAY",48077,14,11,0,0,3,2,2,0,0,0,12,9,0,3
1995,"CLAY",48077,11,4,0,1,6,1,0,0,1,0,10,4,0,6
1996,"CLAY",48077,32,11,0,0,21,1,0,0,0,1,31,11,0,20
1997,"CLAY",48077,47,19,0,1,27,7,2,0,1,4,40,17,0,23
1998,"CLAY",48077,46,20,0,1,25,7,3,0,1,3,39,17,0,22
1999,"CLAY",48077,36,14,0,0,22,2,2,0,0,0,34,12,0,22
2000,"CLAY",48077,32,14,0,0,18,0,0,0,0,0,32,14,0,18
2001,"CLAY",48077,60,18,0,0,42,2,1,0,0,1,58,17,0,41
2002,"CLAY",48077,41,16,0,0,25,1,1,0,0,0,40,15,0,25
2003,"CLAY",48077,63,22,0,0,41,6,3,0,0,3,57,19,0,38
1990,"COCHRAN",48079,5,4,0,0,1,4,3,0,0,1,1,1,0,0
1991,"COCHRAN",48079,8,7,0,0,1,6,6,0,0,0,2,1,0,1
1992,"COCHRAN",48079,8,6,0,0,2,3,3,0,0,0,5,3,0,2
1993,"COCHRAN",48079,4,3,0,0,1,1,1,0,0,0,3,2,0,1
1994,"COCHRAN",48079,9,2,0,0,7,0,0,0,0,0,9,2,0,7
1995,"COCHRAN",48079,8,2,0,0,6,0,0,0,0,0,8,2,0,6
1996,"COCHRAN",48079,8,5,0,0,3,1,1,0,0,0,7,4,0,3
1997,"COCHRAN",48079,12,6,0,0,6,1,1,0,0,0,11,5,0,6
1998,"COCHRAN",48079,9,7,0,0,2,1,1,0,0,0,8,6,0,2
1999,"COCHRAN",48079,12,8,0,0,4,1,1,0,0,0,11,7,0,4
2000,"COCHRAN",48079,10,5,0,0,5,1,0,0,0,1,9,5,0,4
2001,"COCHRAN",48079,11,9,0,0,2,1,1,0,0,0,10,8,0,2
2002,"COCHRAN",48079,12,8,0,0,4,3,2,0,0,1,9,6,0,3
2003,"COCHRAN",48079,11,9,0,0,2,2,2,0,0,0,9,7,0,2
1990,"COKE",48081,7,2,4,0,1,5,0,4,0,1,2,2,0,0
1991,"COKE",48081,1,1,0,0,0,0,0,0,0,0,1,1,0,0
1992,"COKE",48081,1,1,0,0,0,0,0,0,0,0,1,1,0,0
1993,"COKE",48081,3,1,0,1,1,1,0,0,1,0,2,1,0,1
1994,"COKE",48081,2,1,0,0,1,1,1,0,0,0,1,0,0,1
1995,"COKE",48081,8,7,0,0,1,3,2,0,0,1,5,5,0,0
1996,"COKE",48081,9,7,0,0,2,1,1,0,0,0,8,6,0,2
1997,"COKE",48081,6,5,0,0,1,0,0,0,0,0,6,5,0,1
1998,"COKE",48081,7,4,0,0,3,0,0,0,0,0,7,4,0,3
1999,"COKE",48081,10,7,1,0,2,3,1,1,0,1,7,6,0,1
2000,"COKE",48081,9,6,0,0,3,1,1,0,0,0,8,5,0,3
2001,"COKE",48081,11,10,0,0,1,0,0,0,0,0,11,10,0,1
2002,"COKE",48081,6,3,0,0,3,1,0,0,0,1,5,3,0,2
2003,"COKE",48081,13,10,0,0,3,0,0,0,0,0,13,10,0,3
1990,"COLEMAN",48083,14,13,0,0,1,3,3,0,0,0,11,10,0,1
1991,"COLEMAN",48083,13,9,0,1,3,6,2,0,1,3,7,7,0,0
1992,"COLEMAN",48083,16,11,0,2,3,6,4,0,2,0,10,7,0,3
1993,"COLEMAN",48083,7,4,0,2,1,5,2,0,2,1,2,2,0,0
1994,"COLEMAN",48083,12,11,0,0,1,4,3,0,0,1,8,8,0,0
1995,"COLEMAN",48083,16,9,1,0,6,3,2,1,0,0,13,7,0,6
1996,"COLEMAN",48083,12,6,0,1,5,3,1,0,1,1,9,5,0,4
1997,"COLEMAN",48083,22,8,0,0,14,2,2,0,0,0,20,6,0,14
1998,"COLEMAN",48083,23,12,0,0,11,4,3,0,0,1,19,9,0,10
1999,"COLEMAN",48083,19,11,0,0,8,1,1,0,0,0,18,10,0,8
2000,"COLEMAN",48083,19,10,0,1,8,1,0,0,1,0,18,10,0,8
2001,"COLEMAN",48083,29,18,0,0,11,2,1,0,0,1,27,17,0,10
2002,"COLEMAN",48083,25,19,0,0,6,2,1,0,0,1,23,18,0,5
2003,"COLEMAN",48083,27,15,1,0,11,2,1,0,0,1,25,14,1,10
1990,"COLLIN",48085,903,617,38,0,248,133,83,36,0,14,770,534,2,234
1991,"COLLIN",48085,941,619,29,1,292,113,59,27,1,26,828,560,2,266
1992,"COLLIN",48085,1087,692,31,0,364,131,61,31,0,39,956,631,0,325
1993,"COLLIN",48085,898,500,30,0,368,111,52,26,0,33,787,448,4,335
1994,"COLLIN",48085,903,499,19,1,384,106,55,19,1,31,797,444,0,353
1995,"COLLIN",48085,1029,538,22,1,468,122,47,20,1,54,907,491,2,414
1996,"COLLIN",48085,1207,671,12,0,524,91,45,11,0,35,1116,626,1,489
1997,"COLLIN",48085,1477,850,17,0,610,91,48,14,0,29,1386,802,3,581
1998,"COLLIN",48085,1466,852,11,0,603,51,34,10,0,7,1415,818,1,596
1999,"COLLIN",48085,1404,814,8,1,581,49,30,8,1,10,1355,784,0,571
2000,"COLLIN",48085,1302,787,8,0,506,70,50,8,0,11,1232,737,0,495
2001,"COLLIN",48085,1890,1182,22,0,686,90,56,21,0,13,1800,1126,1,673
2002,"COLLIN",48085,3244,1967,25,1,1251,88,57,24,1,6,3156,1910,1,1245
2003,"COLLIN",48085,3833,2429,35,0,1369,115,73,33,0,9,3718,2356,2,1360
1990,"COLLINGSWORTH",48087,1,0,0,0,1,0,0,0,0,0,1,0,0,1
1991,"COLLINGSWORTH",48087,1,1,0,0,0,0,0,0,0,0,1,1,0,0
1992,"COLLINGSWORTH",48087,3,3,0,0,0,0,0,0,0,0,3,3,0,0
1993,"COLLINGSWORTH",48087,3,2,0,1,0,1,0,0,1,0,2,2,0,0
1994,"COLLINGSWORTH",48087,2,2,0,0,0,0,0,0,0,0,2,2,0,0
1995,"COLLINGSWORTH",48087,2,1,0,0,1,0,0,0,0,0,2,1,0,1
1996,"COLLINGSWORTH",48087,7,5,0,0,2,0,0,0,0,0,7,5,0,2
1997,"COLLINGSWORTH",48087,8,3,0,2,3,2,0,0,2,0,6,3,0,3
1998,"COLLINGSWORTH",48087,16,13,0,1,2,1,0,0,1,0,15,13,0,2
1999,"COLLINGSWORTH",48087,20,16,0,0,4,1,0,0,0,1,19,16,0,3
2000,"COLLINGSWORTH",48087,5,5,0,0,0,0,0,0,0,0,5,5,0,0
2001,"COLLINGSWORTH",48087,5,3,0,0,2,0,0,0,0,0,5,3,0,2
2002,"COLLINGSWORTH",48087,3,1,0,0,2,0,0,0,0,0,3,1,0,2
2003,"COLLINGSWORTH",48087,1,1,0,0,0,0,0,0,0,0,1,1,0,0
1990,"COLORADO",48089,12,8,1,0,3,3,2,1,0,0,9,6,0,3
1991,"COLORADO",48089,23,17,2,0,4,2,2,0,0,0,21,15,2,4
1992,"COLORADO",48089,19,10,1,1,7,5,1,1,1,2,14,9,0,5
1993,"COLORADO",48089,16,9,0,1,6,2,1,0,1,0,14,8,0,6
1994,"COLORADO",48089,25,16,2,0,7,3,1,2,0,0,22,15,0,7
1995,"COLORADO",48089,21,10,0,0,11,0,0,0,0,0,21,10,0,11
1996,"COLORADO",48089,27,13,0,0,14,0,0,0,0,0,27,13,0,14
1997,"COLORADO",48089,23,16,0,0,7,0,0,0,0,0,23,16,0,7
1998,"COLORADO",48089,25,17,0,0,8,0,0,0,0,0,25,17,0,8
1999,"COLORADO",48089,37,25,0,0,12,0,0,0,0,0,37,25,0,12
2000,"COLORADO",48089,33,18,0,3,12,3,0,0,3,0,30,18,0,12
2001,"COLORADO",48089,33,21,1,0,11,3,2,1,0,0,30,19,0,11
2002,"COLORADO",48089,32,25,1,1,5,2,0,1,1,0,30,25,0,5
2003,"COLORADO",48089,40,26,0,0,14,0,0,0,0,0,40,26,0,14
1990,"COMAL",48091,103,74,3,0,26,7,3,2,0,2,96,71,1,24
1991,"COMAL",48091,138,90,4,0,44,8,4,3,0,1,130,86,1,43
1992,"COMAL",48091,129,73,5,0,51,14,3,4,0,7,115,70,1,44
1993,"COMAL",48091,104,65,2,0,37,6,3,2,0,1,98,62,0,36
1994,"COMAL",48091,118,70,1,0,47,13,9,1,0,3,105,61,0,44
1995,"COMAL",48091,150,84,3,0,63,12,5,3,0,4,138,79,0,59
1996,"COMAL",48091,215,133,1,0,81,6,5,1,0,0,209,128,0,81
1997,"COMAL",48091,221,155,2,0,64,12,9,2,0,1,209,146,0,63
1998,"COMAL",48091,209,141,0,0,68,7,7,0,0,0,202,134,0,68
1999,"COMAL",48091,200,141,4,0,55,9,4,4,0,1,191,137,0,54
2000,"COMAL",48091,202,144,0,0,58,3,2,0,0,1,199,142,0,57
2001,"COMAL",48091,242,175,2,0,65,12,10,2,0,0,230,165,0,65
2002,"COMAL",48091,265,178,0,0,87,5,5,0,0,0,260,173,0,87
2003,"COMAL",48091,322,224,3,0,95,13,5,3,0,5,309,219,0,90
1990,"COMANCHE",48093,17,10,0,1,6,4,2,0,1,1,13,8,0,5
1991,"COMANCHE",48093,24,14,1,3,6,9,3,1,3,2,15,11,0,4
1992,"COMANCHE",48093,20,16,0,2,2,6,4,0,2,0,14,12,0,2
1993,"COMANCHE",48093,14,7,0,0,7,5,1,0,0,4,9,6,0,3
1994,"COMANCHE",48093,11,6,0,1,4,4,1,0,1,2,7,5,0,2
1995,"COMANCHE",48093,9,4,0,1,4,4,2,0,1,1,5,2,0,3
1996,"COMANCHE",48093,26,12,0,0,14,4,3,0,0,1,22,9,0,13
1997,"COMANCHE",48093,30,20,0,2,8,6,3,0,2,1,24,17,0,7
1998,"COMANCHE",48093,26,20,0,0,6,3,3,0,0,0,23,17,0,6
1999,"COMANCHE",48093,23,12,0,0,11,3,2,0,0,1,20,10,0,10
2000,"COMANCHE",48093,33,21,0,0,12,3,2,0,0,1,30,19,0,11
2001,"COMANCHE",48093,26,16,0,0,10,0,0,0,0,0,26,16,0,10
2002,"COMANCHE",48093,31,20,1,0,10,1,0,1,0,0,30,20,0,10
2003,"COMANCHE",48093,27,21,0,2,4,3,1,0,2,0,24,20,0,4
1990,"CONCHO",48095,2,2,0,0,0,2,2,0,0,0,0,0,0,0
1991,"CONCHO",48095,2,2,0,0,0,2,2,0,0,0,0,0,0,0
1992,"CONCHO",48095,1,1,0,0,0,1,1,0,0,0,0,0,0,0
1993,"CONCHO",48095,3,2,0,0,1,1,1,0,0,0,2,1,0,1
1995,"CONCHO",48095,3,3,0,0,0,0,0,0,0,0,3,3,0,0
1996,"CONCHO",48095,7,3,0,1,3,1,0,0,1,0,6,3,0,3
1997,"CONCHO",48095,9,3,0,0,6,1,0,0,0,1,8,3,0,5
1998,"CONCHO",48095,9,5,0,0,4,1,0,0,0,1,8,5,0,3
1999,"CONCHO",48095,10,5,0,0,5,1,0,0,0,1,9,5,0,4
2000,"CONCHO",48095,8,5,0,0,3,0,0,0,0,0,8,5,0,3
2001,"CONCHO",48095,8,7,0,0,1,0,0,0,0,0,8,7,0,1
2002,"CONCHO",48095,3,2,0,0,1,0,0,0,0,0,3,2,0,1
2003,"CONCHO",48095,11,10,0,0,1,1,1,0,0,0,10,9,0,1
1990,"COOKE",48097,36,31,2,0,3,6,4,2,0,0,30,27,0,3
1991,"COOKE",48097,41,33,0,1,7,4,2,0,1,1,37,31,0,6
1992,"COOKE",48097,49,34,2,0,13,10,4,2,0,4,39,30,0,9
1993,"COOKE",48097,51,27,2,0,22,11,4,2,0,5,40,23,0,17
1994,"COOKE",48097,50,28,2,0,20,6,3,1,0,2,44,25,1,18
1995,"COOKE",48097,68,36,0,0,32,6,4,0,0,2,62,32,0,30
1996,"COOKE",48097,76,43,1,0,32,7,3,1,0,3,69,40,0,29
1997,"COOKE",48097,107,45,1,0,61,13,3,1,0,9,94,42,0,52
1998,"COOKE",48097,98,50,0,0,48,1,1,0,0,0,97,49,0,48
1999,"COOKE",48097,81,54,1,0,26,3,1,1,0,1,78,53,0,25
2000,"COOKE",48097,73,56,0,0,17,5,4,0,0,1,68,52,0,16
2001,"COOKE",48097,132,86,1,0,45,5,4,1,0,0,127,82,0,45
2002,"COOKE",48097,112,72,4,0,36,6,2,4,0,0,106,70,0,36
2003,"COOKE",48097,119,82,0,0,37,0,0,0,0,0,119,82,0,37
1990,"CORYELL",48099,172,99,2,0,71,9,4,1,0,4,163,95,1,67
1991,"CORYELL",48099,166,99,0,1,66,1,0,0,1,0,165,99,0,66
1992,"CORYELL",48099,137,87,1,0,49,3,1,1,0,1,134,86,0,48
1993,"CORYELL",48099,114,62,3,0,49,4,0,3,0,1,110,62,0,48
1994,"CORYELL",48099,136,68,2,0,66,2,0,2,0,0,134,68,0,66
1995,"CORYELL",48099,202,116,1,0,85,2,1,1,0,0,200,115,0,85
1996,"CORYELL",48099,246,144,0,1,101,2,1,0,1,0,244,143,0,101
1997,"CORYELL",48099,319,191,0,1,127,2,0,0,1,1,317,191,0,126
1998,"CORYELL",48099,389,242,0,0,147,0,0,0,0,0,389,242,0,147
1999,"CORYELL",48099,326,188,0,0,138,2,2,0,0,0,324,186,0,138
2000,"CORYELL",48099,232,127,0,0,105,2,1,0,0,1,230,126,0,104
2001,"CORYELL",48099,314,190,0,0,124,2,1,0,0,1,312,189,0,123
2002,"CORYELL",48099,243,150,1,0,92,6,3,1,0,2,237,147,0,90
2003,"CORYELL",48099,233,150,1,0,82,4,3,1,0,0,229,147,0,82
1990,"COTTLE",48101,2,2,0,0,0,2,2,0,0,0,0,0,0,0
1991,"COTTLE",48101,4,3,0,1,0,3,2,0,1,0,1,1,0,0
1992,"COTTLE",48101,2,2,0,0,0,2,2,0,0,0,0,0,0,0
1993,"COTTLE",48101,2,2,0,0,0,0,0,0,0,0,2,2,0,0
1994,"COTTLE",48101,1,0,0,1,0,1,0,0,1,0,0,0,0,0
1995,"COTTLE",48101,1,0,0,0,1,0,0,0,0,0,1,0,0,1
1996,"COTTLE",48101,3,0,0,0,3,0,0,0,0,0,3,0,0,3
1997,"COTTLE",48101,7,3,0,1,3,3,1,0,1,1,4,2,0,2
1998,"COTTLE",48101,3,2,0,1,0,2,1,0,1,0,1,1,0,0
1999,"COTTLE",48101,8,6,0,2,0,3,1,0,2,0,5,5,0,0
2000,"COTTLE",48101,6,5,0,0,1,0,0,0,0,0,6,5,0,1
2001,"COTTLE",48101,2,0,0,1,1,1,0,0,1,0,1,0,0,1
2002,"COTTLE",48101,5,2,0,0,3,0,0,0,0,0,5,2,0,3
2003,"COTTLE",48101,2,0,0,2,0,2,0,0,2,0,0,0,0,0
1990,"CRANE",48103,7,6,1,0,0,0,0,0,0,0,7,6,1,0
1991,"CRANE",48103,7,6,0,0,1,0,0,0,0,0,7,6,0,1
1992,"CRANE",48103,6,6,0,0,0,0,0,0,0,0,6,6,0,0
1993,"CRANE",48103,3,3,0,0,0,0,0,0,0,0,3,3,0,0
1994,"CRANE",48103,3,2,0,0,1,0,0,0,0,0,3,2,0,1
1995,"CRANE",48103,3,3,0,0,0,0,0,0,0,0,3,3,0,0
1996,"CRANE",48103,9,4,1,0,4,3,1,1,0,1,6,3,0,3
1997,"CRANE",48103,10,7,0,0,3,3,2,0,0,1,7,5,0,2
1998,"CRANE",48103,14,14,0,0,0,2,2,0,0,0,12,12,0,0
1999,"CRANE",48103,9,7,0,0,2,0,0,0,0,0,9,7,0,2
2000,"CRANE",48103,7,6,0,0,1,0,0,0,0,0,7,6,0,1
2001,"CRANE",48103,8,7,0,0,1,0,0,0,0,0,8,7,0,1
2002,"CRANE",48103,8,5,0,0,3,0,0,0,0,0,8,5,0,3
2003,"CRANE",48103,6,3,0,0,3,1,1,0,0,0,5,2,0,3
1990,"CROCKETT",48105,8,6,0,0,2,3,3,0,0,0,5,3,0,2
1991,"CROCKETT",48105,4,0,0,3,1,3,0,0,3,0,1,0,0,1
1992,"CROCKETT",48105,5,3,0,0,2,2,2,0,0,0,3,1,0,2
1993,"CROCKETT",48105,6,3,0,0,3,2,1,0,0,1,4,2,0,2
1994,"CROCKETT",48105,2,1,0,0,1,0,0,0,0,0,2,1,0,1
1995,"CROCKETT",48105,2,1,0,0,1,1,0,0,0,1,1,1,0,0
1996,"CROCKETT",48105,3,3,0,0,0,2,2,0,0,0,1,1,0,0
1997,"CROCKETT",48105,1,1,0,0,0,0,0,0,0,0,1,1,0,0
1998,"CROCKETT",48105,9,4,0,0,5,2,2,0,0,0,7,2,0,5
1999,"CROCKETT",48105,11,4,0,0,7,0,0,0,0,0,11,4,0,7
2000,"CROCKETT",48105,15,8,0,0,7,0,0,0,0,0,15,8,0,7
2001,"CROCKETT",48105,7,6,0,0,1,0,0,0,0,0,7,6,0,1
2002,"CROCKETT",48105,9,6,0,0,3,0,0,0,0,0,9,6,0,3
2003,"CROCKETT",48105,8,5,0,0,3,0,0,0,0,0,8,5,0,3
1990,"CROSBY",48107,14,12,1,1,0,7,5,1,1,0,7,7,0,0
1991,"CROSBY",48107,10,9,0,0,1,2,2,0,0,0,8,7,0,1
1992,"CROSBY",48107,9,8,0,1,0,5,4,0,1,0,4,4,0,0
1993,"CROSBY",48107,15,6,0,1,8,5,3,0,1,1,10,3,0,7
1994,"CROSBY",48107,22,14,0,0,8,1,0,0,0,1,21,14,0,7
1995,"CROSBY",48107,19,8,0,0,11,2,1,0,0,1,17,7,0,10
1996,"CROSBY",48107,17,8,0,1,8,3,1,0,1,1,14,7,0,7
1997,"CROSBY",48107,18,9,0,0,9,1,1,0,0,0,17,8,0,9
1998,"CROSBY",48107,18,12,0,0,6,1,1,0,0,0,17,11,0,6
1999,"CROSBY",48107,22,19,0,1,2,2,1,0,1,0,20,18,0,2
2000,"CROSBY",48107,28,13,0,0,15,1,1,0,0,0,27,12,0,15
2001,"CROSBY",48107,19,12,0,0,7,2,1,0,0,1,17,11,0,6
2002,"CROSBY",48107,29,25,0,0,4,2,2,0,0,0,27,23,0,4
2003,"CROSBY",48107,25,16,0,0,9,0,0,0,0,0,25,16,0,9
1990,"CULBERSON",48109,6,0,0,0,6,0,0,0,0,0,6,0,0,6
1991,"CULBERSON",48109,8,5,1,0,2,0,0,0,0,0,8,5,1,2
1992,"CULBERSON",48109,8,5,1,0,2,2,0,1,0,1,6,5,0,1
1993,"CULBERSON",48109,1,0,0,0,1,0,0,0,0,0,1,0,0,1
1996,"CULBERSON",48109,1,1,0,0,0,0,0,0,0,0,1,1,0,0
1998,"CULBERSON",48109,2,0,0,0,2,0,0,0,0,0,2,0,0,2
1999,"CULBERSON",48109,2,1,0,0,1,1,1,0,0,0,1,0,0,1
2000,"CULBERSON",48109,3,1,0,0,2,0,0,0,0,0,3,1,0,2
2001,"CULBERSON",48109,3,0,0,0,3,0,0,0,0,0,3,0,0,3
2002,"CULBERSON",48109,2,1,0,0,1,1,1,0,0,0,1,0,0,1
1990,"DALLAM",48111,2,1,0,0,1,1,0,0,0,1,1,1,0,0
1991,"DALLAM",48111,8,6,2,0,0,2,0,2,0,0,6,6,0,0
1992,"DALLAM",48111,16,8,0,0,8,1,1,0,0,0,15,7,0,8
1993,"DALLAM",48111,16,13,1,0,2,2,1,1,0,0,14,12,0,2
1994,"DALLAM",48111,9,6,1,0,2,2,1,1,0,0,7,5,0,2
1995,"DALLAM",48111,19,8,0,0,11,1,1,0,0,0,18,7,0,11
1996,"DALLAM",48111,16,10,0,1,5,1,0,0,1,0,15,10,0,5
1997,"DALLAM",48111,21,12,0,0,9,1,1,0,0,0,20,11,0,9
1998,"DALLAM",48111,20,12,0,0,8,0,0,0,0,0,20,12,0,8
1999,"DALLAM",48111,19,17,0,0,2,0,0,0,0,0,19,17,0,2
2000,"DALLAM",48111,27,21,0,0,6,1,1,0,0,0,26,20,0,6
2001,"DALLAM",48111,33,25,1,1,6,3,1,1,1,0,30,24,0,6
2002,"DALLAM",48111,29,22,0,0,7,7,5,0,0,2,22,17,0,5
2003,"DALLAM",48111,19,15,1,0,3,1,0,1,0,0,18,15,0,3
1990,"DALLAS",48113,6972,3870,397,0,2704,1131,564,376,0,190,5841,3306,21,2514
1991,"DALLAS",48113,7837,4354,344,1,3137,931,435,321,1,173,6906,3919,23,2964
1992,"DALLAS",48113,8707,4725,374,0,3607,949,395,355,0,198,7758,4330,19,3409
1993,"DALLAS",48113,7172,3548,235,3,3386,816,370,219,3,224,6356,3178,16,3162
1994,"DALLAS",48113,6735,3101,174,2,3458,767,342,166,2,257,5968,2759,8,3201
1995,"DALLAS",48113,7437,3485,201,2,3749,863,362,199,2,300,6574,3123,2,3449
1996,"DALLAS",48113,8749,3962,153,0,4634,693,288,148,0,257,8056,3674,5,4377
1997,"DALLAS",48113,10375,4658,186,0,5531,686,274,180,0,232,9689,4384,6,5299
1998,"DALLAS",48113,9483,4579,130,0,4774,464,245,123,0,96,9019,4334,7,4678
1999,"DALLAS",48113,8172,3900,162,0,4110,403,171,160,0,72,7769,3729,2,4038
2000,"DALLAS",48113,7615,3550,168,0,3897,433,208,166,0,59,7182,3342,2,3838
2001,"DALLAS",48113,10273,4656,208,0,5409,505,268,200,0,37,9768,4388,8,5372
2002,"DALLAS",48113,9984,4459,149,0,5376,482,266,143,0,73,9502,4193,6,5303
2003,"DALLAS",48113,11050,4712,188,0,6147,474,242,177,0,52,10576,4470,11,6095
1990,"DAWSON",48115,7,5,0,0,2,2,0,0,0,2,5,5,0,0
1991,"DAWSON",48115,12,8,1,2,1,5,1,1,2,1,7,7,0,0
1992,"DAWSON",48115,5,4,0,0,1,0,0,0,0,0,5,4,0,1
1993,"DAWSON",48115,10,8,0,0,2,1,1,0,0,0,9,7,0,2
1994,"DAWSON",48115,13,3,0,1,9,1,0,0,1,0,12,3,0,9
1995,"DAWSON",48115,24,10,0,0,14,0,0,0,0,0,24,10,0,14
1996,"DAWSON",48115,35,19,0,0,16,6,4,0,0,2,29,15,0,14
1997,"DAWSON",48115,46,21,0,1,24,3,1,0,1,1,43,20,0,23
1998,"DAWSON",48115,49,26,0,4,19,5,1,0,4,0,44,25,0,19
1999,"DAWSON",48115,52,31,0,0,21,2,1,0,0,1,50,30,0,20
2000,"DAWSON",48115,38,25,0,0,13,1,1,0,0,0,37,24,0,13
2001,"DAWSON",48115,41,30,1,0,10,6,5,1,0,0,35,25,0,10
2002,"DAWSON",48115,58,46,0,1,11,8,7,0,1,0,50,39,0,11
2003,"DAWSON",48115,53,43,1,0,9,6,5,1,0,0,47,38,0,9
1990,"DEAF SMITH",48117,5,5,0,0,0,1,1,0,0,0,4,4,0,0
1991,"DEAF SMITH",48117,8,7,0,0,1,0,0,0,0,0,8,7,0,1
1992,"DEAF SMITH",48117,41,19,0,0,22,2,1,0,0,1,39,18,0,21
1993,"DEAF SMITH",48117,26,10,3,2,11,7,1,3,2,1,19,9,0,10
1994,"DEAF SMITH",48117,35,13,1,0,21,3,2,1,0,0,32,11,0,21
1995,"DEAF SMITH",48117,21,11,0,2,8,3,1,0,2,0,18,10,0,8
1996,"DEAF SMITH",48117,33,18,0,0,15,1,1,0,0,0,32,17,0,15
1997,"DEAF SMITH",48117,49,21,0,0,28,4,3,0,0,1,45,18,0,27
1998,"DEAF SMITH",48117,52,31,1,2,18,4,0,1,2,1,48,31,0,17
1999,"DEAF SMITH",48117,55,35,1,0,19,2,1,1,0,0,53,34,0,19
2000,"DEAF SMITH",48117,59,31,2,1,25,5,1,2,1,1,54,30,0,24
2001,"DEAF SMITH",48117,64,44,0,0,20,3,3,0,0,0,61,41,0,20
2002,"DEAF SMITH",48117,53,20,2,0,31,4,2,2,0,0,49,18,0,31
2003,"DEAF SMITH",48117,40,28,0,0,12,1,1,0,0,0,39,27,0,12
1990,"DELTA",48119,6,3,1,1,1,4,1,1,1,1,2,2,0,0
1991,"DELTA",48119,4,4,0,0,0,0,0,0,0,0,4,4,0,0
1992,"DELTA",48119,8,5,0,0,3,1,0,0,0,1,7,5,0,2
1993,"DELTA",48119,4,4,0,0,0,0,0,0,0,0,4,4,0,0
1994,"DELTA",48119,7,1,1,0,5,1,0,1,0,0,6,1,0,5
1995,"DELTA",48119,13,6,0,0,7,1,1,0,0,0,12,5,0,7
1996,"DELTA",48119,12,6,1,0,5,1,0,1,0,0,11,6,0,5
1997,"DELTA",48119,22,10,0,0,12,1,0,0,0,1,21,10,0,11
1998,"DELTA",48119,13,8,0,0,5,2,0,0,0,2,11,8,0,3
1999,"DELTA",48119,7,3,0,0,4,0,0,0,0,0,7,3,0,4
2000,"DELTA",48119,12,7,0,0,5,0,0,0,0,0,12,7,0,5
2001,"DELTA",48119,15,9,0,0,6,0,0,0,0,0,15,9,0,6
2002,"DELTA",48119,13,10,0,0,3,0,0,0,0,0,13,10,0,3
2003,"DELTA",48119,19,13,0,1,5,1,0,0,1,0,18,13,0,5
1990,"DENTON",48121,881,551,44,1,285,116,55,39,1,21,765,496,5,264
1991,"DENTON",48121,1002,583,22,2,395,74,32,19,2,21,928,551,3,374
1992,"DENTON",48121,1203,681,13,0,509,98,44,10,0,44,1105,637,3,465
1993,"DENTON",48121,1060,495,15,0,549,136,45,12,0,78,924,450,3,471
1994,"DENTON",48121,1005,438,10,4,553,101,37,9,4,51,904,401,1,502
1995,"DENTON",48121,1142,518,10,2,612,90,34,8,2,46,1052,484,2,566
1996,"DENTON",48121,1385,608,6,0,771,78,31,5,0,42,1307,577,1,729
1997,"DENTON",48121,1660,744,7,0,908,86,37,7,0,41,1574,707,0,867
1998,"DENTON",48121,1588,778,20,0,790,77,31,20,0,26,1511,747,0,764
1999,"DENTON",48121,1293,694,9,1,589,53,32,9,1,11,1240,662,0,578
2000,"DENTON",48121,1288,707,2,0,579,34,29,2,0,3,1254,678,0,576
2001,"DENTON",48121,1734,1034,16,0,684,54,34,16,0,4,1680,1000,0,680
2002,"DENTON",48121,1927,1172,15,1,739,54,33,14,1,6,1873,1139,1,733
2003,"DENTON",48121,2308,1503,28,0,777,73,42,27,0,4,2235,1461,1,773
1990,"DEWITT",48123,26,22,2,0,2,2,0,2,0,0,24,22,0,2
1991,"DE WITT",48123,28,20,2,0,6,5,4,1,0,0,23,16,1,6
1992,"DE WITT",48123,34,18,0,2,14,4,1,0,2,1,30,17,0,13
1993,"DE WITT",48123,32,22,1,0,9,1,0,1,0,0,31,22,0,9
1994,"DE WITT",48123,21,12,0,0,9,2,2,0,0,0,19,10,0,9
1995,"DE WITT",48123,30,25,0,0,5,1,1,0,0,0,29,24,0,5
1996,"DE WITT",48123,37,19,0,0,18,0,0,0,0,0,37,19,0,18
1997,"DE WITT",48123,69,39,0,1,29,2,1,0,1,0,67,38,0,29
1998,"DE WITT",48123,61,44,0,0,17,1,0,0,0,1,60,44,0,16
1999,"DEWITT",48123,49,25,0,0,24,1,0,0,0,1,48,25,0,23
2000,"DE WITT",48123,50,28,0,0,22,1,1,0,0,0,49,27,0,22
2001,"DE WITT",48123,47,38,0,0,9,2,1,0,0,1,45,37,0,8
2002,"DE WITT",48123,61,46,0,0,15,0,0,0,0,0,61,46,0,15
2003,"DE WITT",48123,64,49,0,0,15,0,0,0,0,0,64,49,0,15
1990,"DICKENS",48125,1,0,0,0,1,0,0,0,0,0,1,0,0,1
1991,"DICKENS",48125,2,1,1,0,0,2,1,1,0,0,0,0,0,0
1992,"DICKENS",48125,3,2,0,1,0,1,0,0,1,0,2,2,0,0
1994,"DICKENS",48125,7,5,0,0,2,1,1,0,0,0,6,4,0,2
1995,"DICKENS",48125,6,4,0,0,2,2,2,0,0,0,4,2,0,2
1996,"DICKENS",48125,5,3,1,0,1,1,0,1,0,0,4,3,0,1
1997,"DICKENS",48125,8,5,0,0,3,2,1,0,0,1,6,4,0,2
1998,"DICKENS",48125,9,7,0,0,2,0,0,0,0,0,9,7,0,2
1999,"DICKENS",48125,9,6,1,0,2,1,0,1,0,0,8,6,0,2
2000,"DICKENS",48125,2,2,0,0,0,0,0,0,0,0,2,2,0,0
2001,"DICKENS",48125,4,4,0,0,0,0,0,0,0,0,4,4,0,0
2002,"DICKENS",48125,5,5,0,0,0,0,0,0,0,0,5,5,0,0
2003,"DICKENS",48125,7,4,0,2,1,2,0,0,2,0,5,4,0,1
1990,"DIMMIT",48127,4,3,1,0,0,2,1,1,0,0,2,2,0,0
1991,"DIMMIT",48127,5,4,0,0,1,0,0,0,0,0,5,4,0,1
1992,"DIMMIT",48127,2,2,0,0,0,0,0,0,0,0,2,2,0,0
1993,"DIMMIT",48127,4,3,1,0,0,2,1,1,0,0,2,2,0,0
1994,"DIMMIT",48127,6,3,0,0,3,0,0,0,0,0,6,3,0,3
1995,"DIMMIT",48127,8,4,0,1,3,2,0,0,1,1,6,4,0,2
1996,"DIMMIT",48127,5,2,0,0,3,0,0,0,0,0,5,2,0,3
1997,"DIMMIT",48127,8,4,0,1,3,1,0,0,1,0,7,4,0,3
1998,"DIMMIT",48127,10,5,0,0,5,0,0,0,0,0,10,5,0,5
1999,"DIMMIT",48127,12,9,0,0,3,0,0,0,0,0,12,9,0,3
2000,"DIMMIT",48127,4,3,0,0,1,0,0,0,0,0,4,3,0,1
2001,"DIMMIT",48127,12,6,1,0,5,2,0,1,0,1,10,6,0,4
2002,"DIMMIT",48127,11,5,0,0,6,0,0,0,0,0,11,5,0,6
2003,"DIMMIT",48127,13,9,0,0,4,1,1,0,0,0,12,8,0,4
1990,"DONLEY",48129,8,8,0,0,0,4,4,0,0,0,4,4,0,0
1991,"DONLEY",48129,8,6,0,1,1,2,1,0,1,0,6,5,0,1
1992,"DONLEY",48129,10,7,0,0,3,1,1,0,0,0,9,6,0,3
1993,"DONLEY",48129,2,2,0,0,0,0,0,0,0,0,2,2,0,0
1994,"DONLEY",48129,2,1,0,0,1,0,0,0,0,0,2,1,0,1
1995,"DONLEY",48129,4,2,0,0,2,0,0,0,0,0,4,2,0,2
1996,"DONLEY",48129,9,8,0,0,1,1,1,0,0,0,8,7,0,1
1997,"DONLEY",48129,12,10,0,0,2,1,1,0,0,0,11,9,0,2
1998,"DONLEY",48129,12,11,0,0,1,2,2,0,0,0,10,9,0,1
1999,"DONLEY",48129,10,7,0,0,3,1,1,0,0,0,9,6,0,3
2000,"DONLEY",48129,6,6,0,0,0,0,0,0,0,0,6,6,0,0
2001,"DONLEY",48129,14,10,0,0,4,1,0,0,0,1,13,10,0,3
2002,"DONLEY",48129,6,6,0,0,0,1,1,0,0,0,5,5,0,0
2003,"DONLEY",48129,11,9,0,0,2,0,0,0,0,0,11,9,0,2
1990,"DUVAL",48131,12,8,0,0,4,1,1,0,0,0,11,7,0,4
1991,"DUVAL",48131,15,9,1,0,5,3,2,0,0,1,12,7,1,4
1992,"DUVAL",48131,14,4,0,1,9,1,0,0,1,0,13,4,0,9
1993,"DUVAL",48131,16,4,1,2,9,4,0,1,2,1,12,4,0,8
1994,"DUVAL",48131,9,2,0,1,6,1,0,0,1,0,8,2,0,6
1995,"DUVAL",48131,23,3,0,1,19,5,0,0,1,4,18,3,0,15
1996,"DUVAL",48131,41,9,2,0,30,2,1,1,0,0,39,8,1,30
1997,"DUVAL",48131,28,5,1,0,22,2,0,1,0,1,26,5,0,21
1998,"DUVAL",48131,47,15,0,0,32,3,0,0,0,3,44,15,0,29
1999,"DUVAL",48131,42,6,0,0,36,1,0,0,0,1,41,6,0,35
2000,"DUVAL",48131,33,8,0,0,25,0,0,0,0,0,33,8,0,25
2001,"DUVAL",48131,25,7,1,0,17,1,0,1,0,0,24,7,0,17
2002,"DUVAL",48131,36,9,0,0,27,0,0,0,0,0,36,9,0,27
2003,"DUVAL",48131,25,8,0,0,17,0,0,0,0,0,25,8,0,17
1990,"EASTLAND",48133,17,13,1,0,3,6,2,1,0,3,11,11,0,0
1991,"EASTLAND",48133,21,13,2,1,5,7,4,2,1,0,14,9,0,5
1992,"EASTLAND",48133,17,16,0,1,0,4,3,0,1,0,13,13,0,0
1993,"EASTLAND",48133,19,16,0,0,3,4,4,0,0,0,15,12,0,3
1994,"EASTLAND",48133,8,4,0,0,4,2,1,0,0,1,6,3,0,3
1995,"EASTLAND",48133,21,16,0,0,5,3,2,0,0,1,18,14,0,4
1996,"EASTLAND",48133,43,21,0,1,21,2,1,0,1,0,41,20,0,21
1997,"EASTLAND",48133,44,21,0,0,23,1,1,0,0,0,43,20,0,23
1998,"EASTLAND",48133,51,23,0,0,28,6,3,0,0,3,45,20,0,25
1999,"EASTLAND",48133,48,31,0,0,17,2,1,0,0,1,46,30,0,16
2000,"EASTLAND",48133,58,39,0,0,19,3,1,0,0,2,55,38,0,17
2001,"EASTLAND",48133,77,48,1,0,28,4,1,1,0,2,73,47,0,26
2002,"EASTLAND",48133,65,34,0,1,30,4,1,0,1,2,61,33,0,28
2003,"EASTLAND",48133,53,30,0,1,22,1,0,0,1,0,52,30,0,22
1990,"ECTOR",48135,257,226,7,0,24,23,14,6,0,3,234,212,1,21
1991,"ECTOR",48135,202,169,13,0,20,26,14,12,0,0,176,155,1,20
1992,"ECTOR",48135,235,206,7,0,22,20,15,4,0,1,215,191,3,21
1993,"ECTOR",48135,208,190,8,0,10,19,13,6,0,0,189,177,2,10
1994,"ECTOR",48135,176,156,5,0,15,31,23,5,0,3,145,133,0,12
1995,"ECTOR",48135,154,132,2,0,20,28,18,2,0,8,126,114,0,12
1996,"ECTOR",48135,227,176,3,0,48,41,24,3,0,14,186,152,0,34
1997,"ECTOR",48135,237,204,1,0,32,15,13,1,0,1,222,191,0,31
1998,"ECTOR",48135,294,245,2,0,47,12,8,2,0,2,282,237,0,45
1999,"ECTOR",48135,421,333,2,1,85,12,9,2,1,0,409,324,0,85
2000,"ECTOR",48135,384,272,1,0,111,12,9,1,0,2,372,263,0,109
2001,"ECTOR",48135,319,244,3,0,72,5,0,3,0,2,314,244,0,70
2002,"ECTOR",48135,295,235,0,1,59,8,5,0,1,2,287,230,0,57
2003,"ECTOR",48135,340,265,2,0,73,8,6,2,0,0,332,259,0,73
1990,"EDWARDS",48137,1,0,0,0,1,1,0,0,0,1,0,0,0,0
1991,"EDWARDS",48137,2,2,0,0,0,0,0,0,0,0,2,2,0,0
1992,"EDWARDS",48137,3,0,0,0,3,1,0,0,0,1,2,0,0,2
1993,"EDWARDS",48137,3,3,0,0,0,0,0,0,0,0,3,3,0,0
1994,"EDWARDS",48137,3,3,0,0,0,1,1,0,0,0,2,2,0,0
1995,"EDWARDS",48137,1,0,0,0,1,0,0,0,0,0,1,0,0,1
1996,"EDWARDS",48137,4,3,0,0,1,0,0,0,0,0,4,3,0,1
1998,"EDWARDS",48137,2,0,0,0,2,0,0,0,0,0,2,0,0,2
1999,"EDWARDS",48137,2,2,0,0,0,0,0,0,0,0,2,2,0,0
2000,"EDWARDS",48137,4,3,0,0,1,0,0,0,0,0,4,3,0,1
2001,"EDWARDS",48137,4,2,0,0,2,0,0,0,0,0,4,2,0,2
2002,"EDWARDS",48137,1,1,0,0,0,0,0,0,0,0,1,1,0,0
2003,"EDWARDS",48137,3,3,0,0,0,0,0,0,0,0,3,3,0,0
1990,"ELLIS",48139,192,99,8,0,84,28,15,6,0,7,164,84,2,78
1991,"ELLIS",48139,208,112,8,0,88,29,13,5,0,11,179,99,3,77
1992,"ELLIS",48139,267,159,2,1,105,23,11,2,1,9,244,148,0,96
1993,"ELLIS",48139,205,110,2,0,93,18,11,2,0,5,187,99,0,88
1994,"ELLIS",48139,243,124,3,0,116,26,12,3,0,11,217,112,0,105
1995,"ELLIS",48139,249,144,2,0,103,23,14,2,0,7,226,130,0,96
1996,"ELLIS",48139,375,175,3,1,196,30,12,3,1,14,345,163,0,182
1997,"ELLIS",48139,413,203,1,1,208,27,14,1,1,11,386,189,0,197
1998,"ELLIS",48139,423,236,2,1,184,18,10,2,1,5,405,226,0,179
1999,"ELLIS",48139,407,233,4,1,169,17,8,4,1,4,390,225,0,165
2000,"ELLIS",48139,431,208,1,0,222,16,11,1,0,4,415,197,0,218
2001,"ELLIS",48139,622,318,5,1,298,15,6,5,1,3,607,312,0,295
2002,"ELLIS",48139,665,354,3,0,308,14,5,2,0,7,651,349,1,301
2003,"ELLIS",48139,679,336,1,0,342,7,6,1,0,0,672,330,0,342
1990,"EL PASO",48141,1400,292,44,1,1063,76,31,36,1,8,1324,261,8,1055
1991,"EL PASO",48141,1476,319,28,0,1129,41,15,20,0,6,1435,304,8,1123
1992,"EL PASO",48141,1578,312,29,0,1237,43,20,22,0,1,1535,292,7,1236
1993,"EL PASO",48141,1522,308,34,0,1180,76,38,26,0,12,1446,270,8,1168
1994,"EL PASO",48141,1441,318,32,1,1090,80,22,30,1,27,1361,296,2,1063
1995,"EL PASO",48141,1895,400,29,0,1466,90,27,27,0,36,1805,373,2,1430
1996,"EL PASO",48141,2445,532,18,1,1894,78,22,14,1,41,2367,510,4,1853
1997,"EL PASO",48141,2665,750,31,0,1884,140,54,30,0,56,2525,696,1,1828
1998,"EL PASO",48141,2353,870,13,0,1470,94,48,12,0,34,2259,822,1,1436
1999,"EL PASO",48141,2722,888,10,3,1821,80,32,8,3,37,2642,856,2,1784
2000,"EL PASO",48141,2753,757,8,0,1988,75,34,7,0,34,2678,723,1,1954
2001,"EL PASO",48141,3247,1003,13,1,2230,94,46,13,1,34,3153,957,0,2196
2002,"EL PASO",48141,3132,1120,16,0,1996,82,36,13,0,33,3050,1084,3,1963
2003,"EL PASO",48141,3370,1297,20,0,2053,104,43,19,0,42,3266,1254,1,2011
1990,"ERATH",48143,40,25,2,0,13,11,6,1,0,4,29,19,1,9
1991,"ERATH",48143,55,36,2,3,14,10,4,2,3,1,45,32,0,13
1992,"ERATH",48143,42,28,0,1,13,2,0,0,1,1,40,28,0,12
1993,"ERATH",48143,36,21,2,0,13,8,5,2,0,1,28,16,0,12
1994,"ERATH",48143,24,16,0,0,8,4,2,0,0,2,20,14,0,6
1995,"ERATH",48143,50,30,1,1,18,10,6,1,1,2,40,24,0,16
1996,"ERATH",48143,66,41,2,7,16,14,3,2,7,2,52,38,0,14
1997,"ERATH",48143,83,48,0,2,33,6,3,0,2,1,77,45,0,32
1998,"ERATH",48143,75,53,0,1,21,4,3,0,1,0,71,50,0,21
1999,"ERATH",48143,48,31,2,0,15,2,0,2,0,0,46,31,0,15
2000,"ERATH",48143,65,47,0,0,18,0,0,0,0,0,65,47,0,18
2001,"ERATH",48143,84,55,2,0,27,3,0,2,0,1,81,55,0,26
2002,"ERATH",48143,83,61,1,0,21,3,2,1,0,0,80,59,0,21
2003,"ERATH",48143,95,70,1,1,23,7,2,0,1,4,88,68,1,19
1990,"FALLS",48145,18,10,1,0,7,4,4,0,0,0,14,6,1,7
1991,"FALLS",48145,23,8,0,5,10,7,2,0,5,0,16,6,0,10
1992,"FALLS",48145,33,22,1,1,9,5,2,1,1,1,28,20,0,8
1993,"FALLS",48145,26,16,1,2,7,3,0,1,2,0,23,16,0,7
1994,"FALLS",48145,15,5,1,2,7,3,0,1,2,0,12,5,0,7
1995,"FALLS",48145,35,20,1,1,13,2,0,1,1,0,33,20,0,13
1996,"FALLS",48145,25,19,0,1,5,2,0,0,1,1,23,19,0,4
1997,"FALLS",48145,50,27,1,1,21,3,1,1,1,0,47,26,0,21
1998,"FALLS",48145,54,29,1,0,24,1,0,0,0,1,53,29,1,23
1999,"FALLS",48145,47,25,0,0,22,0,0,0,0,0,47,25,0,22
2000,"FALLS",48145,47,25,0,0,22,1,0,0,0,1,46,25,0,21
2001,"FALLS",48145,67,42,0,1,24,1,0,0,1,0,66,42,0,24
2002,"FALLS",48145,55,31,1,0,23,2,1,1,0,0,53,30,0,23
2003,"FALLS",48145,61,28,0,1,32,1,0,0,1,0,60,28,0,32
1990,"FANNIN",48147,26,18,1,0,7,4,1,1,0,2,22,17,0,5
1991,"FANNIN",48147,33,23,1,1,8,5,1,0,1,3,28,22,1,5
1992,"FANNIN",48147,37,22,1,1,13,6,3,0,1,2,31,19,1,11
1993,"FANNIN",48147,32,18,0,1,13,3,2,0,1,0,29,16,0,13
1994,"FANNIN",48147,53,32,0,0,21,3,1,0,0,2,50,31,0,19
1995,"FANNIN",48147,56,37,1,1,17,12,7,1,1,3,44,30,0,14
1996,"FANNIN",48147,89,41,1,0,47,7,4,1,0,2,82,37,0,45
1997,"FANNIN",48147,105,48,1,0,56,6,4,0,0,2,99,44,1,54
1998,"FANNIN",48147,83,49,2,0,32,4,2,1,0,1,79,47,1,31
1999,"FANNIN",48147,64,47,0,0,17,2,2,0,0,0,62,45,0,17
2000,"FANNIN",48147,61,36,0,0,25,2,2,0,0,0,59,34,0,25
2001,"FANNIN",48147,99,73,0,0,26,3,2,0,0,1,96,71,0,25
2002,"FANNIN",48147,101,72,1,0,28,1,0,1,0,0,100,72,0,28
2003,"FANNIN",48147,120,96,2,0,22,4,2,2,0,0,116,94,0,22
1990,"FAYETTE",48149,26,21,0,0,5,1,1,0,0,0,25,20,0,5
1991,"FAYETTE",48149,22,12,2,0,8,3,1,2,0,0,19,11,0,8
1992,"FAYETTE",48149,35,17,0,0,18,2,1,0,0,1,33,16,0,17
1993,"FAYETTE",48149,20,10,0,1,9,1,0,0,1,0,19,10,0,9
1994,"FAYETTE",48149,23,14,0,1,8,2,1,0,1,0,21,13,0,8
1995,"FAYETTE",48149,23,10,0,0,13,1,0,0,0,1,22,10,0,12
1996,"FAYETTE",48149,32,17,0,0,15,0,0,0,0,0,32,17,0,15
1997,"FAYETTE",48149,28,19,0,0,9,0,0,0,0,0,28,19,0,9
1998,"FAYETTE",48149,31,23,0,0,8,0,0,0,0,0,31,23,0,8
1999,"FAYETTE",48149,39,28,0,0,11,0,0,0,0,0,39,28,0,11
2000,"FAYETTE",48149,27,15,1,0,11,1,0,1,0,0,26,15,0,11
2001,"FAYETTE",48149,36,26,1,0,9,4,2,1,0,1,32,24,0,8
2002,"FAYETTE",48149,38,29,0,0,9,2,2,0,0,0,36,27,0,9
2003,"FAYETTE",48149,47,37,1,0,9,4,1,1,0,2,43,36,0,7
1990,"FISHER",48151,12,11,0,0,1,4,4,0,0,0,8,7,0,1
1991,"FISHER",48151,6,4,0,1,1,1,0,0,1,0,5,4,0,1
1992,"FISHER",48151,6,2,0,3,1,5,1,0,3,1,1,1,0,0
1993,"FISHER",48151,4,4,0,0,0,1,1,0,0,0,3,3,0,0
1994,"FISHER",48151,3,1,1,0,1,1,0,1,0,0,2,1,0,1
1995,"FISHER",48151,5,3,0,1,1,3,2,0,1,0,2,1,0,1
1996,"FISHER",48151,9,3,0,4,2,5,0,0,4,1,4,3,0,1
1997,"FISHER",48151,20,7,0,1,12,5,0,0,1,4,15,7,0,8
1998,"FISHER",48151,12,3,0,3,6,5,1,0,3,1,7,2,0,5
1999,"FISHER",48151,16,5,0,1,10,1,0,0,1,0,15,5,0,10
2000,"FISHER",48151,7,3,0,0,4,1,0,0,0,1,6,3,0,3
2001,"FISHER",48151,20,10,0,0,10,1,0,0,0,1,19,10,0,9
2002,"FISHER",48151,16,4,0,0,12,0,0,0,0,0,16,4,0,12
2003,"FISHER",48151,20,8,0,0,12,1,0,0,0,1,19,8,0,11
1990,"FLOYD",48153,8,8,0,0,0,2,2,0,0,0,6,6,0,0
1991,"FLOYD",48153,7,6,0,0,1,1,1,0,0,0,6,5,0,1
1992,"FLOYD",48153,9,7,1,1,0,4,2,1,1,0,5,5,0,0
1993,"FLOYD",48153,3,1,0,0,2,1,1,0,0,0,2,0,0,2
1994,"FLOYD",48153,11,1,0,0,10,1,1,0,0,0,10,0,0,10
1995,"FLOYD",48153,15,4,0,0,11,0,0,0,0,0,15,4,0,11
1996,"FLOYD",48153,13,3,0,0,10,1,0,0,0,1,12,3,0,9
1997,"FLOYD",48153,14,8,0,0,6,3,3,0,0,0,11,5,0,6
1998,"FLOYD",48153,20,13,0,0,7,2,2,0,0,0,18,11,0,7
1999,"FLOYD",48153,21,14,0,0,7,4,4,0,0,0,17,10,0,7
2000,"FLOYD",48153,23,19,0,0,4,4,3,0,0,1,19,16,0,3
2001,"FLOYD",48153,19,19,0,0,0,3,3,0,0,0,16,16,0,0
2002,"FLOYD",48153,26,18,0,0,8,5,3,0,0,2,21,15,0,6
2003,"FLOYD",48153,9,8,0,0,1,1,1,0,0,0,8,7,0,1
1990,"FOARD",48155,2,2,0,0,0,1,1,0,0,0,1,1,0,0
1992,"FOARD",48155,3,1,0,2,0,2,0,0,2,0,1,1,0,0
1996,"FOARD",48155,1,0,0,0,1,0,0,0,0,0,1,0,0,1
1997,"FOARD",48155,6,2,0,0,4,2,0,0,0,2,4,2,0,2
1998,"FOARD",48155,12,5,0,1,6,2,0,0,1,1,10,5,0,5
1999,"FOARD",48155,3,0,0,0,3,0,0,0,0,0,3,0,0,3
2000,"FOARD",48155,7,5,0,0,2,0,0,0,0,0,7,5,0,2
2001,"FOARD",48155,10,4,0,0,6,1,1,0,0,0,9,3,0,6
2002,"FOARD",48155,5,2,0,0,3,1,0,0,0,1,4,2,0,2
2003,"FOARD",48155,6,4,0,0,2,0,0,0,0,0,6,4,0,2
1990,"FORT BEND",48157,620,342,16,0,262,33,18,13,0,2,587,324,3,260
1991,"FORT BEND",48157,608,314,12,1,281,17,7,5,1,4,591,307,7,277
1992,"FORT BEND",48157,644,314,7,0,323,53,31,7,0,15,591,283,0,308
1993,"FORT BEND",48157,529,221,11,0,297,14,4,9,0,1,515,217,2,296
1994,"FORT BEND",48157,530,237,5,0,288,8,5,3,0,0,522,232,2,288
1995,"FORT BEND",48157,614,260,2,1,351,7,4,2,1,0,607,256,0,351
1996,"FORT BEND",48157,738,323,2,0,413,7,4,2,0,1,731,319,0,412
1997,"FORT BEND",48157,834,421,7,0,406,17,9,4,0,4,817,412,3,402
1998,"FORT BEND",48157,839,441,3,0,395,9,8,1,0,0,830,433,2,395
1999,"FORT BEND",48157,765,369,3,0,393,10,5,3,0,2,755,364,0,391
2000,"FORT BEND",48157,832,366,2,0,464,33,19,2,0,12,799,347,0,452
2001,"FORT BEND",48157,1072,494,20,1,556,56,29,19,1,6,1016,465,1,550
2002,"FORT BEND",48157,1311,576,5,0,730,18,11,4,0,3,1293,565,1,727
2003,"FORT BEND",48157,1802,696,8,0,1098,27,16,8,0,3,1775,680,0,1095
1990,"FRANKLIN",48159,9,6,1,0,2,2,1,1,0,0,7,5,0,2
1991,"FRANKLIN",48159,7,5,0,0,2,0,0,0,0,0,7,5,0,2
1992,"FRANKLIN",48159,8,4,0,0,4,2,1,0,0,1,6,3,0,3
1993,"FRANKLIN",48159,13,8,0,0,5,0,0,0,0,0,13,8,0,5
1994,"FRANKLIN",48159,12,9,0,0,3,4,4,0,0,0,8,5,0,3
1995,"FRANKLIN",48159,13,4,0,1,8,3,0,0,1,2,10,4,0,6
1996,"FRANKLIN",48159,29,13,0,3,13,7,2,0,3,2,22,11,0,11
1997,"FRANKLIN",48159,34,12,0,1,21,4,3,0,1,0,30,9,0,21
1998,"FRANKLIN",48159,37,17,0,0,20,5,2,0,0,3,32,15,0,17
1999,"FRANKLIN",48159,27,13,0,0,14,0,0,0,0,0,27,13,0,14
2000,"FRANKLIN",48159,28,10,0,0,18,0,0,0,0,0,28,10,0,18
2001,"FRANKLIN",48159,39,16,1,0,22,1,0,1,0,0,38,16,0,22
2002,"FRANKLIN",48159,23,14,0,0,9,0,0,0,0,0,23,14,0,9
2003,"FRANKLIN",48159,36,19,0,0,17,2,2,0,0,0,34,17,0,17
1990,"FREESTONE",48161,26,12,0,0,14,1,0,0,0,1,25,12,0,13
1991,"FREESTONE",48161,23,12,2,0,9,2,0,1,0,1,21,12,1,8
1992,"FREESTONE",48161,31,16,0,1,14,1,0,0,1,0,30,16,0,14
1993,"FREESTONE",48161,12,9,0,0,3,2,2,0,0,0,10,7,0,3
1994,"FREESTONE",48161,6,6,0,0,0,0,0,0,0,0,6,6,0,0
1995,"FREESTONE",48161,16,9,1,0,6,1,0,1,0,0,15,9,0,6
1996,"FREESTONE",48161,15,8,0,1,6,1,0,0,1,0,14,8,0,6
1997,"FREESTONE",48161,33,23,0,0,10,2,2,0,0,0,31,21,0,10
1998,"FREESTONE",48161,31,20,1,0,10,1,0,0,0,1,30,20,1,9
1999,"FREESTONE",48161,37,24,0,0,13,0,0,0,0,0,37,24,0,13
2000,"FREESTONE",48161,22,12,2,0,8,2,0,2,0,0,20,12,0,8
2001,"FREESTONE",48161,30,19,1,0,10,1,0,1,0,0,29,19,0,10
2002,"FREESTONE",48161,53,31,3,0,19,7,1,3,0,3,46,30,0,16
2003,"FREESTONE",48161,38,28,0,0,10,2,2,0,0,0,36,26,0,10
1990,"FRIO",48163,11,10,0,0,1,2,2,0,0,0,9,8,0,1
1991,"FRIO",48163,10,7,2,0,1,3,1,2,0,0,7,6,0,1
1992,"FRIO",48163,13,7,1,0,5,2,1,1,0,0,11,6,0,5
1993,"FRIO",48163,19,7,0,1,11,4,2,0,1,1,15,5,0,10
1994,"FRIO",48163,12,7,1,0,4,2,1,1,0,0,10,6,0,4
1995,"FRIO",48163,10,4,0,0,6,0,0,0,0,0,10,4,0,6
1996,"FRIO",48163,31,12,0,1,18,6,4,0,1,1,25,8,0,17
1997,"FRIO",48163,25,11,0,0,14,0,0,0,0,0,25,11,0,14
1998,"FRIO",48163,26,9,0,0,17,0,0,0,0,0,26,9,0,17
1999,"FRIO",48163,18,12,0,0,6,1,0,0,0,1,17,12,0,5
2000,"FRIO",48163,36,15,0,0,21,0,0,0,0,0,36,15,0,21
2001,"FRIO",48163,16,10,0,0,6,1,0,0,0,1,15,10,0,5
2002,"FRIO",48163,21,12,0,0,9,0,0,0,0,0,21,12,0,9
2003,"FRIO",48163,20,12,2,0,6,4,1,2,0,1,16,11,0,5
1990,"GAINES",48165,19,17,0,1,1,8,6,0,1,1,11,11,0,0
1991,"GAINES",48165,14,13,0,0,1,7,7,0,0,0,7,6,0,1
1992,"GAINES",48165,29,22,1,1,5,15,11,1,1,2,14,11,0,3
1993,"GAINES",48165,16,11,1,1,3,7,4,1,1,1,9,7,0,2
1994,"GAINES",48165,19,13,0,2,4,6,3,0,2,1,13,10,0,3
1995,"GAINES",48165,29,12,0,3,14,4,0,0,3,1,25,12,0,13
1996,"GAINES",48165,24,18,0,1,5,10,8,0,1,1,14,10,0,4
1997,"GAINES",48165,42,23,0,4,15,10,4,0,4,2,32,19,0,13
1998,"GAINES",48165,51,32,0,3,16,8,4,0,3,1,43,28,0,15
1999,"GAINES",48165,42,31,0,3,8,7,4,0,3,0,35,27,0,8
2000,"GAINES",48165,42,29,3,0,10,6,3,3,0,0,36,26,0,10
2001,"GAINES",48165,55,36,1,3,15,7,3,1,3,0,48,33,0,15
2002,"GAINES",48165,44,27,4,0,13,5,2,2,0,1,39,25,2,12
2003,"GAINES",48165,56,42,0,0,14,6,4,0,0,2,50,38,0,12
1990,"GALVESTON",48167,381,267,11,1,102,34,21,10,1,2,347,246,1,100
1991,"GALVESTON",48167,453,318,12,0,122,23,10,10,0,2,430,308,2,120
1992,"GALVESTON",48167,457,285,7,0,165,36,23,7,0,6,421,262,0,159
1993,"GALVESTON",48167,466,257,8,0,201,14,7,7,0,0,452,250,1,201
1994,"GALVESTON",48167,413,224,5,0,184,6,4,2,0,0,407,220,3,184
1995,"GALVESTON",48167,556,309,2,0,245,15,11,2,0,2,541,298,0,243
1996,"GALVESTON",48167,665,399,2,0,264,8,5,2,0,1,657,394,0,263
1997,"GALVESTON",48167,798,527,7,0,264,12,6,5,0,1,786,521,2,263
1998,"GALVESTON",48167,802,578,2,0,222,13,10,2,0,1,789,568,0,221
1999,"GALVESTON",48167,728,497,3,1,227,12,8,3,1,0,716,489,0,227
2000,"GALVESTON",48167,804,482,6,0,316,18,8,4,0,6,786,474,2,310
2001,"GALVESTON",48167,923,596,28,0,299,47,12,28,0,7,876,584,0,292
2002,"GALVESTON",48167,796,481,10,0,305,19,11,8,0,0,777,470,2,305
2003,"GALVESTON",48167,1209,752,6,0,451,25,16,6,0,3,1184,736,0,448
1990,"GARZA",48169,4,2,1,0,1,1,0,1,0,0,3,2,0,1
1991,"GARZA",48169,4,2,0,0,2,0,0,0,0,0,4,2,0,2
1992,"GARZA",48169,7,4,0,0,3,2,1,0,0,1,5,3,0,2
1993,"GARZA",48169,5,4,0,0,1,1,0,0,0,1,4,4,0,0
1994,"GARZA",48169,6,2,0,0,4,1,0,0,0,1,5,2,0,3
1995,"GARZA",48169,11,4,0,0,7,2,0,0,0,2,9,4,0,5
1996,"GARZA",48169,18,10,0,0,8,0,0,0,0,0,18,10,0,8
1997,"GARZA",48169,10,7,0,0,3,5,5,0,0,0,5,2,0,3
1998,"GARZA",48169,13,10,1,1,1,3,1,1,1,0,10,9,0,1
1999,"GARZA",48169,9,7,0,1,1,1,0,0,1,0,8,7,0,1
2000,"GARZA",48169,9,9,0,0,0,0,0,0,0,0,9,9,0,0
2001,"GARZA",48169,12,11,0,0,1,1,1,0,0,0,11,10,0,1
2002,"GARZA",48169,7,7,0,0,0,1,1,0,0,0,6,6,0,0
2003,"GARZA",48169,13,11,0,0,2,1,1,0,0,0,12,10,0,2
1990,"GILLESPIE",48171,24,22,0,0,2,4,4,0,0,0,20,18,0,2
1991,"GILLESPIE",48171,16,13,0,0,3,2,2,0,0,0,14,11,0,3
1992,"GILLESPIE",48171,37,21,1,0,15,3,1,1,0,1,34,20,0,14
1993,"GILLESPIE",48171,19,11,0,0,8,0,0,0,0,0,19,11,0,8
1994,"GILLESPIE",48171,21,15,1,0,5,1,1,0,0,0,20,14,1,5
1995,"GILLESPIE",48171,14,8,2,0,4,1,0,1,0,0,13,8,1,4
1996,"GILLESPIE",48171,32,23,0,0,9,0,0,0,0,0,32,23,0,9
1997,"GILLESPIE",48171,42,33,1,0,8,5,3,1,0,1,37,30,0,7
1998,"GILLESPIE",48171,42,32,2,0,8,3,1,2,0,0,39,31,0,8
1999,"GILLESPIE",48171,39,32,1,0,6,3,2,1,0,0,36,30,0,6
2000,"GILLESPIE",48171,38,33,0,0,5,1,1,0,0,0,37,32,0,5
2001,"GILLESPIE",48171,31,28,1,0,2,1,0,1,0,0,30,28,0,2
2002,"GILLESPIE",48171,40,32,0,0,8,6,4,0,0,2,34,28,0,6
2003,"GILLESPIE",48171,58,48,3,0,7,5,2,2,0,1,53,46,1,6
1990,"GLASSCOCK",48173,2,2,0,0,0,0,0,0,0,0,2,2,0,0
1991,"GLASSCOCK",48173,2,2,0,0,0,1,1,0,0,0,1,1,0,0
1992,"GLASSCOCK",48173,1,1,0,0,0,1,1,0,0,0,0,0,0,0
1995,"GLASSCOCK",48173,1,0,0,1,0,1,0,0,1,0,0,0,0,0
1996,"GLASSCOCK",48173,6,6,0,0,0,1,1,0,0,0,5,5,0,0
1997,"GLASSCOCK",48173,1,1,0,0,0,0,0,0,0,0,1,1,0,0
1999,"GLASSCOCK",48173,1,0,0,0,1,0,0,0,0,0,1,0,0,1
2000,"GLASSCOCK",48173,4,3,0,0,1,0,0,0,0,0,4,3,0,1
2001,"GLASSCOCK",48173,5,4,0,0,1,0,0,0,0,0,5,4,0,1
2002,"GLASSCOCK",48173,3,2,0,1,0,1,0,0,1,0,2,2,0,0
2003,"GLASSCOCK",48173,3,3,0,0,0,2,2,0,0,0,1,1,0,0
1990,"GOLIAD",48175,9,6,0,0,3,0,0,0,0,0,9,6,0,3
1991,"GOLIAD",48175,6,3,0,0,3,1,0,0,0,1,5,3,0,2
1992,"GOLIAD",48175,7,4,0,0,3,3,2,0,0,1,4,2,0,2
1993,"GOLIAD",48175,9,3,1,0,5,1,0,1,0,0,8,3,0,5
1994,"GOLIAD",48175,8,6,0,0,2,2,1,0,0,1,6,5,0,1
1995,"GOLIAD",48175,7,3,0,0,4,0,0,0,0,0,7,3,0,4
1996,"GOLIAD",48175,14,9,0,0,5,1,1,0,0,0,13,8,0,5
1997,"GOLIAD",48175,12,10,0,0,2,0,0,0,0,0,12,10,0,2
1998,"GOLIAD",48175,12,9,0,0,3,1,0,0,0,1,11,9,0,2
1999,"GOLIAD",48175,15,10,0,0,5,0,0,0,0,0,15,10,0,5
2000,"GOLIAD",48175,6,6,0,0,0,0,0,0,0,0,6,6,0,0
2001,"GOLIAD",48175,18,12,0,0,6,1,1,0,0,0,17,11,0,6
2002,"GOLIAD",48175,19,13,0,1,5,1,0,0,1,0,18,13,0,5
2003,"GOLIAD",48175,23,17,0,1,5,1,0,0,1,0,22,17,0,5
1990,"GONZALES",48177,8,6,1,0,1,2,1,1,0,0,6,5,0,1
1991,"GONZALES",48177,21,12,3,0,6,3,0,3,0,0,18,12,0,6
1992,"GONZALES",48177,22,13,3,1,5,6,1,3,1,1,16,12,0,4
1993,"GONZALES",48177,19,12,0,1,6,2,1,0,1,0,17,11,0,6
1994,"GONZALES",48177,22,12,0,0,10,1,1,0,0,0,21,11,0,10
1995,"GONZALES",48177,18,12,0,0,6,2,1,0,0,1,16,11,0,5
1996,"GONZALES",48177,30,17,1,1,11,2,0,0,1,1,28,17,1,10
1997,"GONZALES",48177,25,15,0,0,10,0,0,0,0,0,25,15,0,10
1998,"GONZALES",48177,30,18,0,0,12,1,1,0,0,0,29,17,0,12
1999,"GONZALES",48177,44,30,2,1,11,6,3,2,1,0,38,27,0,11
2000,"GONZALES",48177,21,14,0,0,7,0,0,0,0,0,21,14,0,7
2001,"GONZALES",48177,36,27,0,0,9,0,0,0,0,0,36,27,0,9
2002,"GONZALES",48177,37,22,0,0,15,1,0,0,0,1,36,22,0,14
2003,"GONZALES",48177,42,25,0,2,15,6,4,0,2,0,36,21,0,15
1990,"GRAY",48179,36,28,3,1,4,12,6,3,1,2,24,22,0,2
1991,"GRAY",48179,37,35,2,0,0,6,4,2,0,0,31,31,0,0
1992,"GRAY",48179,70,42,4,0,24,6,0,4,0,2,64,42,0,22
1993,"GRAY",48179,34,22,0,0,12,4,4,0,0,0,30,18,0,12
1994,"GRAY",48179,47,23,2,0,22,4,2,2,0,0,43,21,0,22
1995,"GRAY",48179,28,22,1,0,5,1,0,1,0,0,27,22,0,5
1996,"GRAY",48179,60,35,1,0,24,4,3,1,0,0,56,32,0,24
1997,"GRAY",48179,71,48,0,0,23,2,2,0,0,0,69,46,0,23
1998,"GRAY",48179,68,52,0,0,16,1,1,0,0,0,67,51,0,16
1999,"GRAY",48179,67,52,0,0,15,4,2,0,0,2,63,50,0,13
2000,"GRAY",48179,59,48,0,0,11,4,3,0,0,1,55,45,0,10
2001,"GRAY",48179,68,53,0,0,15,2,2,0,0,0,66,51,0,15
2002,"GRAY",48179,60,45,0,0,15,1,0,0,0,1,59,45,0,14
2003,"GRAY",48179,66,52,0,0,14,0,0,0,0,0,66,52,0,14
1990,"GRAYSON",48181,160,121,18,0,21,34,14,16,0,4,126,107,2,17
1991,"GRAYSON",48181,200,140,14,0,46,37,17,12,0,8,163,123,2,38
1992,"GRAYSON",48181,236,168,7,0,61,36,20,6,0,10,200,148,1,51
1993,"GRAYSON",48181,217,124,7,1,85,34,12,6,1,15,183,112,1,70
1994,"GRAYSON",48181,214,128,3,0,83,22,9,3,0,10,192,119,0,73
1995,"GRAYSON",48181,256,139,6,0,111,34,10,5,0,19,222,129,1,92
1996,"GRAYSON",48181,371,177,7,0,187,38,10,7,0,21,333,167,0,166
1997,"GRAYSON",48181,549,215,0,0,334,31,12,0,0,19,518,203,0,315
1998,"GRAYSON",48181,501,238,2,0,261,20,12,2,0,6,481,226,0,255
1999,"GRAYSON",48181,468,238,2,0,228,14,9,2,0,3,454,229,0,225
2000,"GRAYSON",48181,442,209,3,0,230,8,3,3,0,2,434,206,0,228
2001,"GRAYSON",48181,558,312,4,0,242,9,4,4,0,1,549,308,0,241
2002,"GRAYSON",48181,594,304,4,0,286,10,6,3,0,1,584,298,1,285
2003,"GRAYSON",48181,560,326,3,1,230,13,7,3,1,2,547,319,0,228
1990,"GREGG",48183,191,112,9,0,70,43,22,7,0,14,148,90,2,56
1991,"GREGG",48183,156,80,13,0,63,33,12,13,0,8,123,68,0,55
1992,"GREGG",48183,203,109,13,0,81,33,13,13,0,7,170,96,0,74
1993,"GREGG",48183,171,86,4,0,81,17,8,3,0,6,154,78,1,75
1994,"GREGG",48183,165,62,6,0,97,29,10,6,0,13,136,52,0,84
1995,"GREGG",48183,210,108,2,0,100,27,13,2,0,12,183,95,0,88
1996,"GREGG",48183,341,165,3,0,173,38,18,3,0,17,303,147,0,156
1997,"GREGG",48183,329,138,6,0,185,28,8,6,0,14,301,130,0,171
1998,"GREGG",48183,387,189,5,0,193,21,9,5,0,7,366,180,0,186
1999,"GREGG",48183,336,153,7,0,176,22,9,6,0,7,314,144,1,169
2000,"GREGG",48183,302,168,7,0,127,27,15,7,0,5,275,153,0,122
2001,"GREGG",48183,325,175,3,1,146,18,10,3,1,4,307,165,0,142
2002,"GREGG",48183,430,216,4,1,209,17,11,4,1,1,413,205,0,208
2003,"GREGG",48183,393,192,6,0,195,10,4,6,0,0,383,188,0,195
1990,"GRIMES",48185,12,11,0,0,1,0,0,0,0,0,12,11,0,1
1991,"GRIMES",48185,20,15,1,0,4,1,0,1,0,0,19,15,0,4
1992,"GRIMES",48185,13,9,0,0,4,1,0,0,0,1,12,9,0,3
1993,"GRIMES",48185,15,10,1,0,4,1,1,0,0,0,14,9,1,4
1994,"GRIMES",48185,23,12,0,0,11,0,0,0,0,0,23,12,0,11
1995,"GRIMES",48185,17,11,0,0,6,0,0,0,0,0,17,11,0,6
1996,"GRIMES",48185,24,16,0,0,8,0,0,0,0,0,24,16,0,8
1997,"GRIMES",48185,32,24,0,0,8,1,0,0,0,1,31,24,0,7
1998,"GRIMES",48185,34,21,1,0,12,1,0,1,0,0,33,21,0,12
1999,"GRIMES",48185,32,18,0,0,14,1,0,0,0,1,31,18,0,13
2000,"GRIMES",48185,46,28,1,0,17,3,1,1,0,1,43,27,0,16
2001,"GRIMES",48185,47,28,1,0,18,5,3,1,0,1,42,25,0,17
2002,"GRIMES",48185,41,25,0,0,16,1,0,0,0,1,40,25,0,15
2003,"GRIMES",48185,56,38,0,0,18,1,1,0,0,0,55,37,0,18
1990,"GUADALUPE",48187,120,73,4,0,43,10,5,3,0,2,110,68,1,41
1991,"GUADALUPE",48187,174,105,5,2,62,12,6,2,2,2,162,99,3,60
1992,"GUADALUPE",48187,140,79,1,1,59,7,4,0,1,2,133,75,1,57
1993,"GUADALUPE",48187,108,55,2,0,51,6,4,0,0,2,102,51,2,49
1994,"GUADALUPE",48187,107,60,0,0,47,6,5,0,0,1,101,55,0,46
1995,"GUADALUPE",48187,117,60,0,0,57,2,1,0,0,1,115,59,0,56
1996,"GUADALUPE",48187,180,100,1,0,79,6,3,1,0,2,174,97,0,77
1997,"GUADALUPE",48187,219,128,2,0,89,9,4,2,0,3,210,124,0,86
1998,"GUADALUPE",48187,208,132,0,0,76,4,3,0,0,1,204,129,0,75
1999,"GUADALUPE",48187,195,136,1,0,58,4,3,1,0,0,191,133,0,58
2000,"GUADALUPE",48187,182,109,1,0,72,4,2,1,0,1,178,107,0,71
2001,"GUADALUPE",48187,248,159,0,0,89,3,3,0,0,0,245,156,0,89
2002,"GUADALUPE",48187,270,176,2,0,92,7,1,2,0,4,263,175,0,88
2003,"GUADALUPE",48187,299,202,5,0,92,12,6,4,0,2,287,196,1,90
1990,"HALE",48189,41,31,2,1,7,12,7,2,1,2,29,24,0,5
1991,"HALE",48189,35,27,0,5,3,14,9,0,5,0,21,18,0,3
1992,"HALE",48189,62,46,1,1,14,15,13,1,1,0,47,33,0,14
1993,"HALE",48189,57,33,0,0,24,4,4,0,0,0,53,29,0,24
1994,"HALE",48189,63,21,0,1,41,7,4,0,1,2,56,17,0,39
1995,"HALE",48189,77,27,1,1,48,6,3,1,1,1,71,24,0,47
1996,"HALE",48189,112,49,2,1,60,13,7,2,1,3,99,42,0,57
1997,"HALE",48189,127,72,1,3,51,8,5,0,3,0,119,67,1,51
1998,"HALE",48189,98,62,0,1,35,7,6,0,1,0,91,56,0,35
1999,"HALE",48189,84,47,0,0,37,7,6,0,0,1,77,41,0,36
2000,"HALE",48189,99,61,0,0,38,7,4,0,0,3,92,57,0,35
2001,"HALE",48189,130,91,0,0,39,4,4,0,0,0,126,87,0,39
2002,"HALE",48189,153,89,1,0,63,17,11,1,0,5,136,78,0,58
2003,"HALE",48189,94,65,0,0,29,8,6,0,0,2,86,59,0,27
1990,"HALL",48191,6,5,0,1,0,3,2,0,1,0,3,3,0,0
1991,"HALL",48191,5,5,0,0,0,2,2,0,0,0,3,3,0,0
1992,"HALL",48191,6,5,0,1,0,1,0,0,1,0,5,5,0,0
1993,"HALL",48191,6,6,0,0,0,1,1,0,0,0,5,5,0,0
1994,"HALL",48191,4,2,0,0,2,1,0,0,0,1,3,2,0,1
1995,"HALL",48191,3,2,0,0,1,1,1,0,0,0,2,1,0,1
1996,"HALL",48191,7,5,0,0,2,2,1,0,0,1,5,4,0,1
1997,"HALL",48191,10,8,0,1,1,1,0,0,1,0,9,8,0,1
1998,"HALL",48191,14,9,1,1,3,3,1,1,1,0,11,8,0,3
1999,"HALL",48191,8,4,0,0,4,3,2,0,0,1,5,2,0,3
2000,"HALL",48191,8,6,1,1,0,2,0,1,1,0,6,6,0,0
2001,"HALL",48191,11,7,2,0,1,3,0,2,0,0,8,7,0,1
2002,"HALL",48191,7,4,0,0,3,0,0,0,0,0,7,4,0,3
2003,"HALL",48191,7,7,0,0,0,0,0,0,0,0,7,7,0,0
1990,"HAMILTON",48193,11,6,1,0,4,1,1,0,0,0,10,5,1,4
1991,"HAMILTON",48193,13,7,1,3,2,6,2,1,3,0,7,5,0,2
1992,"HAMILTON",48193,14,4,1,3,6,4,1,0,3,0,10,3,1,6
1993,"HAMILTON",48193,7,4,1,1,1,1,0,0,1,0,6,4,1,1
1994,"HAMILTON",48193,6,5,0,0,1,0,0,0,0,0,6,5,0,1
1995,"HAMILTON",48193,6,2,0,1,3,1,0,0,1,0,5,2,0,3
1996,"HAMILTON",48193,13,6,0,3,4,5,0,0,3,2,8,6,0,2
1997,"HAMILTON",48193,17,13,0,0,4,1,0,0,0,1,16,13,0,3
1998,"HAMILTON",48193,28,21,1,0,6,3,2,1,0,0,25,19,0,6
1999,"HAMILTON",48193,14,11,0,0,3,0,0,0,0,0,14,11,0,3
2000,"HAMILTON",48193,24,18,0,0,6,0,0,0,0,0,24,18,0,6
2001,"HAMILTON",48193,18,11,1,0,6,1,0,1,0,0,17,11,0,6
2002,"HAMILTON",48193,27,13,0,2,12,5,2,0,2,1,22,11,0,11
2003,"HAMILTON",48193,19,12,0,2,5,4,2,0,2,0,15,10,0,5
1990,"HANSFORD",48195,6,2,0,1,3,1,0,0,1,0,5,2,0,3
1991,"HANSFORD",48195,5,2,1,1,1,2,0,1,1,0,3,2,0,1
1992,"HANSFORD",48195,8,6,0,1,1,3,2,0,1,0,5,4,0,1
1993,"HANSFORD",48195,3,2,0,1,0,2,1,0,1,0,1,1,0,0
1994,"HANSFORD",48195,6,5,0,0,1,1,1,0,0,0,5,4,0,1
1995,"HANSFORD",48195,8,5,0,1,2,2,1,0,1,0,6,4,0,2
1996,"HANSFORD",48195,11,7,0,1,3,1,0,0,1,0,10,7,0,3
1997,"HANSFORD",48195,13,9,0,0,4,2,2,0,0,0,11,7,0,4
1998,"HANSFORD",48195,12,8,0,0,4,1,1,0,0,0,11,7,0,4
1999,"HANSFORD",48195,6,3,0,2,1,2,0,0,2,0,4,3,0,1
2000,"HANSFORD",48195,6,6,0,0,0,1,1,0,0,0,5,5,0,0
2001,"HANSFORD",48195,13,13,0,0,0,1,1,0,0,0,12,12,0,0
2002,"HANSFORD",48195,8,7,0,0,1,1,1,0,0,0,7,6,0,1
2003,"HANSFORD",48195,10,8,1,0,1,1,0,1,0,0,9,8,0,1
1990,"HARDEMAN",48197,9,4,0,3,2,6,2,0,3,1,3,2,0,1
1991,"HARDEMAN",48197,14,8,0,4,2,8,4,0,4,0,6,4,0,2
1992,"HARDEMAN",48197,9,8,0,1,0,2,1,0,1,0,7,7,0,0
1993,"HARDEMAN",48197,9,6,0,2,1,4,2,0,2,0,5,4,0,1
1994,"HARDEMAN",48197,4,3,0,1,0,2,1,0,1,0,2,2,0,0
1995,"HARDEMAN",48197,5,4,0,1,0,1,0,0,1,0,4,4,0,0
1996,"HARDEMAN",48197,14,6,1,1,6,4,1,1,1,1,10,5,0,5
1997,"HARDEMAN",48197,20,10,0,0,10,1,0,0,0,1,19,10,0,9
1998,"HARDEMAN",48197,20,7,0,2,11,9,5,0,2,2,11,2,0,9
1999,"HARDEMAN",48197,20,11,0,0,9,1,0,0,0,1,19,11,0,8
2000,"HARDEMAN",48197,15,7,0,0,8,0,0,0,0,0,15,7,0,8
2001,"HARDEMAN",48197,20,7,0,1,12,1,0,0,1,0,19,7,0,12
2002,"HARDEMAN",48197,12,8,0,0,4,0,0,0,0,0,12,8,0,4
2003,"HARDEMAN",48197,16,7,0,1,8,4,0,0,1,3,12,7,0,5
1990,"HARDIN",48199,44,31,3,0,10,10,6,3,0,1,34,25,0,9
1991,"HARDIN",48199,88,39,0,0,49,3,2,0,0,1,85,37,0,48
1992,"HARDIN",48199,83,35,0,0,48,3,3,0,0,0,80,32,0,48
1993,"HARDIN",48199,79,30,0,0,49,3,2,0,0,1,76,28,0,48
1994,"HARDIN",48199,60,19,0,0,41,3,1,0,0,2,57,18,0,39
1995,"HARDIN",48199,101,40,0,0,61,5,5,0,0,0,96,35,0,61
1996,"HARDIN",48199,124,39,0,0,85,1,1,0,0,0,123,38,0,85
1997,"HARDIN",48199,203,68,0,0,135,5,2,0,0,3,198,66,0,132
1998,"HARDIN",48199,194,77,1,0,116,3,0,0,0,3,191,77,1,113
1999,"HARDIN",48199,163,70,0,0,93,1,0,0,0,1,162,70,0,92
2000,"HARDIN",48199,200,87,0,0,113,5,3,0,0,2,195,84,0,111
2001,"HARDIN",48199,229,116,1,0,112,5,3,1,0,1,224,113,0,111
2002,"HARDIN",48199,234,98,1,0,135,11,8,1,0,2,223,90,0,133
2003,"HARDIN",48199,227,111,0,0,116,6,4,0,0,2,221,107,0,114
1990,"HARRIS",48201,7381,4653,395,1,2330,835,361,369,1,102,6546,4292,26,2228
1991,"HARRIS",48201,8006,4908,372,2,2724,556,194,332,2,28,7450,4714,40,2696
1992,"HARRIS",48201,8622,5041,316,0,3264,875,407,303,0,164,7747,4634,13,3100
1993,"HARRIS",48201,7508,4193,252,0,3058,413,187,217,0,4,7095,4006,35,3054
1994,"HARRIS",48201,6985,3727,200,2,3052,335,160,164,2,5,6650,3567,36,3047
1995,"HARRIS",48201,7948,4053,193,1,3700,341,177,159,1,3,7607,3876,34,3697
1996,"HARRIS",48201,8911,4770,205,0,3935,336,157,174,0,4,8575,4613,31,3931
1997,"HARRIS",48201,9611,5556,139,3,3913,317,164,124,3,26,9294,5392,15,3887
1998,"HARRIS",48201,9910,6056,132,2,3720,320,175,123,2,20,9590,5881,9,3700
1999,"HARRIS",48201,9154,5276,238,2,3638,396,151,233,2,10,8758,5125,5,3628
2000,"HARRIS",48201,8858,4768,167,1,3920,470,238,161,1,68,8388,4530,6,3852
2001,"HARRIS",48201,10501,5864,219,0,4418,579,285,210,0,84,9922,5579,9,4334
2002,"HARRIS",48201,11248,6051,216,0,4981,451,222,192,0,37,10797,5829,24,4944
2003,"HARRIS",48201,13633,6547,242,0,6844,499,238,222,0,39,13134,6309,20,6805
1990,"HARRISON",48203,95,32,6,0,57,22,9,6,0,7,73,23,0,50
1991,"HARRISON",48203,92,38,1,1,52,4,1,0,1,2,88,37,1,50
1992,"HARRISON",48203,97,53,4,0,40,12,5,4,0,3,85,48,0,37
1993,"HARRISON",48203,101,48,1,0,52,12,5,1,0,6,89,43,0,46
1994,"HARRISON",48203,75,40,0,0,35,13,9,0,0,4,62,31,0,31
1995,"HARRISON",48203,113,56,2,0,55,17,8,2,0,7,96,48,0,48
1996,"HARRISON",48203,171,91,0,0,80,11,6,0,0,5,160,85,0,75
1997,"HARRISON",48203,177,83,1,0,93,8,4,1,0,3,169,79,0,90
1998,"HARRISON",48203,235,94,0,0,141,10,3,0,0,7,225,91,0,134
1999,"HARRISON",48203,245,88,1,0,156,10,4,1,0,5,235,84,0,151
2000,"HARRISON",48203,173,91,0,0,82,12,5,0,0,7,161,86,0,75
2001,"HARRISON",48203,229,124,3,0,102,13,8,3,0,2,216,116,0,100
2002,"HARRISON",48203,228,113,2,0,113,8,6,2,0,0,220,107,0,113
2003,"HARRISON",48203,275,139,5,0,131,12,8,4,0,0,263,131,1,131
1990,"HARTLEY",48205,2,2,0,0,0,0,0,0,0,0,2,2,0,0
1991,"HARTLEY",48205,4,4,0,0,0,2,2,0,0,0,2,2,0,0
1992,"HARTLEY",48205,1,1,0,0,0,0,0,0,0,0,1,1,0,0
1994,"HARTLEY",48205,1,1,0,0,0,0,0,0,0,0,1,1,0,0
1995,"HARTLEY",48205,1,1,0,0,0,0,0,0,0,0,1,1,0,0
1996,"HARTLEY",48205,3,1,1,0,1,1,0,1,0,0,2,1,0,1
1997,"HARTLEY",48205,3,1,0,1,1,1,0,0,1,0,2,1,0,1
1998,"HARTLEY",48205,4,1,0,0,3,0,0,0,0,0,4,1,0,3
1999,"HARTLEY",48205,5,2,0,0,3,0,0,0,0,0,5,2,0,3
2000,"HARTLEY",48205,7,0,0,0,7,0,0,0,0,0,7,0,0,7
2001,"HARTLEY",48205,4,2,0,0,2,0,0,0,0,0,4,2,0,2
2002,"HARTLEY",48205,9,5,0,1,3,2,1,0,1,0,7,4,0,3
2003,"HARTLEY",48205,8,8,0,0,0,1,1,0,0,0,7,7,0,0
1990,"HASKELL",48207,6,5,0,0,1,1,1,0,0,0,5,4,0,1
1991,"HASKELL",48207,8,6,0,1,1,5,3,0,1,1,3,3,0,0
1992,"HASKELL",48207,9,4,0,3,2,3,0,0,3,0,6,4,0,2
1993,"HASKELL",48207,8,3,0,2,3,4,1,0,2,1,4,2,0,2
1994,"HASKELL",48207,6,5,0,1,0,2,1,0,1,0,4,4,0,0
1995,"HASKELL",48207,10,9,0,0,1,0,0,0,0,0,10,9,0,1
1996,"HASKELL",48207,18,13,0,0,5,3,2,0,0,1,15,11,0,4
1997,"HASKELL",48207,13,6,0,0,7,1,0,0,0,1,12,6,0,6
1998,"HASKELL",48207,18,12,0,0,6,2,1,0,0,1,16,11,0,5
1999,"HASKELL",48207,25,14,0,5,6,6,1,0,5,0,19,13,0,6
2000,"HASKELL",48207,26,15,0,0,11,1,1,0,0,0,25,14,0,11
2001,"HASKELL",48207,23,8,0,2,13,3,0,0,2,1,20,8,0,12
2002,"HASKELL",48207,22,11,1,0,10,2,0,1,0,1,20,11,0,9
2003,"HASKELL",48207,20,12,0,0,8,1,0,0,0,1,19,12,0,7
1990,"HAYS",48209,197,127,4,0,66,9,3,4,0,2,188,124,0,64
1991,"HAYS",48209,198,133,7,0,58,12,4,6,0,2,186,129,1,56
1992,"HAYS",48209,200,108,6,0,86,15,9,5,0,1,185,99,1,85
1993,"HAYS",48209,174,97,4,0,73,6,3,2,0,1,168,94,2,72
1994,"HAYS",48209,163,90,3,0,69,5,2,2,0,0,158,88,1,69
1995,"HAYS",48209,202,98,1,0,103,4,3,1,0,0,198,95,0,103
1996,"HAYS",48209,215,108,3,0,104,6,3,3,0,0,209,105,0,104
1997,"HAYS",48209,320,187,8,0,125,9,2,5,0,2,311,185,3,123
1998,"HAYS",48209,277,163,2,0,112,5,2,2,0,1,272,161,0,111
1999,"HAYS",48209,265,157,1,0,107,4,3,1,0,0,261,154,0,107
2000,"HAYS",48209,266,159,2,0,105,9,5,2,0,2,257,154,0,103
2001,"HAYS",48209,346,210,6,0,130,13,6,5,0,2,333,204,1,128
2002,"HAYS",48209,352,206,6,0,140,15,3,5,0,7,337,203,1,133
2003,"HAYS",48209,483,280,5,0,198,25,14,5,0,6,458,266,0,192
1990,"HEMPHILL",48211,6,6,0,0,0,0,0,0,0,0,6,6,0,0
1991,"HEMPHILL",48211,2,2,0,0,0,0,0,0,0,0,2,2,0,0
1992,"HEMPHILL",48211,5,4,0,0,1,1,1,0,0,0,4,3,0,1
1993,"HEMPHILL",48211,4,3,0,0,1,0,0,0,0,0,4,3,0,1
1994,"HEMPHILL",48211,2,0,0,1,1,1,0,0,1,0,1,0,0,1
1995,"HEMPHILL",48211,3,3,0,0,0,0,0,0,0,0,3,3,0,0
1996,"HEMPHILL",48211,5,2,0,0,3,0,0,0,0,0,5,2,0,3
1997,"HEMPHILL",48211,10,5,0,0,5,0,0,0,0,0,10,5,0,5
1998,"HEMPHILL",48211,5,3,0,0,2,0,0,0,0,0,5,3,0,2
1999,"HEMPHILL",48211,6,4,0,0,2,4,3,0,0,1,2,1,0,1
2000,"HEMPHILL",48211,5,5,0,0,0,0,0,0,0,0,5,5,0,0
2001,"HEMPHILL",48211,5,3,0,0,2,0,0,0,0,0,5,3,0,2
2002,"HEMPHILL",48211,6,3,0,0,3,0,0,0,0,0,6,3,0,3
2003,"HEMPHILL",48211,4,4,0,0,0,0,0,0,0,0,4,4,0,0
1990,"HENDERSON",48213,156,81,11,0,64,34,12,7,0,15,122,69,4,49
1991,"HENDERSON",48213,128,72,7,0,49,23,7,7,0,9,105,65,0,40
1992,"HENDERSON",48213,157,93,5,0,59,25,10,5,0,10,132,83,0,49
1993,"HENDERSON",48213,134,76,4,0,54,19,6,4,0,9,115,70,0,45
1994,"HENDERSON",48213,158,80,2,0,76,13,7,2,0,4,145,73,0,72
1995,"HENDERSON",48213,183,75,5,2,101,27,8,5,2,12,156,67,0,89
1996,"HENDERSON",48213,326,130,3,1,192,32,10,3,1,18,294,120,0,174
1997,"HENDERSON",48213,427,184,3,0,240,28,7,3,0,18,399,177,0,222
1998,"HENDERSON",48213,423,198,1,1,223,13,3,1,1,8,410,195,0,215
1999,"HENDERSON",48213,356,176,0,0,180,6,5,0,0,1,350,171,0,179
2000,"HENDERSON",48213,347,170,1,0,176,8,3,1,0,4,339,167,0,172
2001,"HENDERSON",48213,378,190,0,0,188,9,5,0,0,4,369,185,0,184
2002,"HENDERSON",48213,459,214,1,0,244,7,6,1,0,0,452,208,0,244
2003,"HENDERSON",48213,423,215,0,0,208,0,0,0,0,0,423,215,0,208
1990,"HIDALGO",48215,431,217,32,3,179,80,28,28,3,21,351,189,4,158
1991,"HIDALGO",48215,438,190,31,2,215,64,17,26,2,19,374,173,5,196
1992,"HIDALGO",48215,551,237,19,4,291,102,36,16,4,46,449,201,3,245
1993,"HIDALGO",48215,617,248,17,2,350,56,15,14,2,25,561,233,3,325
1994,"HIDALGO",48215,675,273,16,2,384,70,20,14,2,34,605,253,2,350
1995,"HIDALGO",48215,816,283,14,0,519,61,16,11,0,34,755,267,3,485
1996,"HIDALGO",48215,1025,366,19,2,638,83,23,18,2,40,942,343,1,598
1997,"HIDALGO",48215,1206,522,5,1,678,72,16,5,1,50,1134,506,0,628
1998,"HIDALGO",48215,1266,725,9,1,531,94,37,9,1,47,1172,688,0,484
1999,"HIDALGO",48215,1047,519,22,0,506,77,32,19,0,26,970,487,3,480
2000,"HIDALGO",48215,985,465,11,2,507,63,20,10,2,31,922,445,1,476
2001,"HIDALGO",48215,1200,575,16,0,609,56,25,14,0,17,1144,550,2,592
2002,"HIDALGO",48215,1073,508,15,0,550,41,13,11,0,17,1032,495,4,533
2003,"HIDALGO",48215,1411,644,12,0,755,52,19,12,0,21,1359,625,0,734
1990,"HILL",48217,45,27,3,1,14,15,8,3,1,3,30,19,0,11
1991,"HILL",48217,39,23,0,0,16,0,0,0,0,0,39,23,0,16
1992,"HILL",48217,47,26,1,4,16,6,1,1,4,0,41,25,0,16
1993,"HILL",48217,23,12,2,2,7,5,2,1,2,0,18,10,1,7
1994,"HILL",48217,40,24,0,0,16,1,0,0,0,1,39,24,0,15
1995,"HILL",48217,43,25,0,1,17,2,1,0,1,0,41,24,0,17
1996,"HILL",48217,78,51,0,1,26,1,0,0,1,0,77,51,0,26
1997,"HILL",48217,119,72,0,0,47,1,1,0,0,0,118,71,0,47
1998,"HILL",48217,99,62,1,0,36,1,0,1,0,0,98,62,0,36
1999,"HILL",48217,110,68,0,0,42,2,1,0,0,1,108,67,0,41
2000,"HILL",48217,96,69,0,0,27,2,0,0,0,2,94,69,0,25
2001,"HILL",48217,129,83,2,0,43,4,1,2,0,0,125,82,0,43
2002,"HILL",48217,156,99,2,0,55,12,8,2,0,2,144,91,0,53
2003,"HILL",48217,143,94,0,0,49,12,11,0,0,1,131,83,0,48
1990,"HOCKLEY",48219,52,50,1,0,1,23,22,1,0,0,29,28,0,1
1991,"HOCKLEY",48219,48,41,1,0,6,16,14,1,0,1,32,27,0,5
1992,"HOCKLEY",48219,57,53,0,0,4,12,12,0,0,0,45,41,0,4
1993,"HOCKLEY",48219,42,24,0,0,18,9,8,0,0,1,33,16,0,17
1994,"HOCKLEY",48219,39,16,0,0,23,3,3,0,0,0,36,13,0,23
1995,"HOCKLEY",48219,70,28,0,0,42,4,2,0,0,2,66,26,0,40
1996,"HOCKLEY",48219,78,38,3,1,36,9,4,3,1,1,69,34,0,35
1997,"HOCKLEY",48219,58,36,0,1,21,9,8,0,1,0,49,28,0,21
1998,"HOCKLEY",48219,97,43,0,1,53,12,9,0,1,2,85,34,0,51
1999,"HOCKLEY",48219,96,63,0,1,32,13,11,0,1,1,83,52,0,31
2000,"HOCKLEY",48219,72,43,0,0,29,6,2,0,0,4,66,41,0,25
2001,"HOCKLEY",48219,71,49,1,1,20,12,9,1,1,1,59,40,0,19
2002,"HOCKLEY",48219,81,51,0,1,29,8,5,0,1,2,73,46,0,27
2003,"HOCKLEY",48219,77,59,0,0,18,4,4,0,0,0,73,55,0,18
1990,"HOOD",48221,73,56,4,0,13,11,8,3,0,0,62,48,1,13
1991,"HOOD",48221,66,38,4,0,24,3,1,2,0,0,63,37,2,24
1992,"HOOD",48221,106,68,3,0,35,8,3,3,0,2,98,65,0,33
1993,"HOOD",48221,97,69,2,0,26,11,7,2,0,2,86,62,0,24
1994,"HOOD",48221,97,59,1,0,37,10,4,1,0,5,87,55,0,32
1995,"HOOD",48221,101,65,0,0,36,5,1,0,0,4,96,64,0,32
1996,"HOOD",48221,131,80,0,0,51,13,9,0,0,4,118,71,0,47
1997,"HOOD",48221,157,103,1,0,53,8,3,1,0,4,149,100,0,49
1998,"HOOD",48221,175,113,1,0,61,5,3,1,0,1,170,110,0,60
1999,"HOOD",48221,146,90,0,0,56,2,2,0,0,0,144,88,0,56
2000,"HOOD",48221,153,87,0,0,66,7,6,0,0,1,146,81,0,65
2001,"HOOD",48221,222,112,1,0,109,2,1,1,0,0,220,111,0,109
2002,"HOOD",48221,232,139,4,0,89,6,2,4,0,0,226,137,0,89
2003,"HOOD",48221,249,154,2,0,93,5,3,2,0,0,244,151,0,93
1990,"HOPKINS",48223,46,28,3,1,14,10,6,1,1,2,36,22,2,12
1991,"HOPKINS",48223,66,47,3,1,15,14,8,1,1,4,52,39,2,11
1992,"HOPKINS",48223,65,38,1,5,21,20,9,1,5,5,45,29,0,16
1993,"HOPKINS",48223,43,21,1,2,19,11,5,1,2,3,32,16,0,16
1994,"HOPKINS",48223,53,10,0,2,41,5,2,0,2,1,48,8,0,40
1995,"HOPKINS",48223,91,37,0,7,47,28,12,0,7,9,63,25,0,38
1996,"HOPKINS",48223,115,48,1,15,51,28,4,1,15,8,87,44,0,43
1997,"HOPKINS",48223,139,40,1,5,93,24,8,1,5,10,115,32,0,83
1998,"HOPKINS",48223,133,61,1,1,70,10,4,1,1,4,123,57,0,66
1999,"HOPKINS",48223,101,55,1,0,45,8,6,1,0,1,93,49,0,44
2000,"HOPKINS",48223,87,42,0,0,45,1,1,0,0,0,86,41,0,45
2001,"HOPKINS",48223,106,55,1,0,50,3,2,1,0,0,103,53,0,50
2002,"HOPKINS",48223,105,68,1,1,35,3,1,1,1,0,102,67,0,35
2003,"HOPKINS",48223,96,61,1,0,34,2,1,1,0,0,94,60,0,34
1990,"HOUSTON",48225,16,13,0,0,3,4,4,0,0,0,12,9,0,3
1991,"HOUSTON",48225,32,26,0,0,6,3,1,0,0,2,29,25,0,4
1992,"HOUSTON",48225,26,16,1,0,9,1,0,1,0,0,25,16,0,9
1993,"HOUSTON",48225,25,5,1,0,19,2,0,1,0,1,23,5,0,18
1994,"HOUSTON",48225,28,9,2,0,17,2,0,2,0,0,26,9,0,17
1995,"HOUSTON",48225,26,16,0,0,10,4,3,0,0,1,22,13,0,9
1996,"HOUSTON",48225,39,22,0,0,17,4,1,0,0,3,35,21,0,14
1997,"HOUSTON",48225,56,27,2,0,27,5,3,2,0,0,51,24,0,27
1998,"HOUSTON",48225,63,29,0,0,34,5,2,0,0,3,58,27,0,31
1999,"HOUSTON",48225,50,23,0,1,26,2,1,0,1,0,48,22,0,26
2000,"HOUSTON",48225,63,17,0,0,46,2,1,0,0,1,61,16,0,45
2001,"HOUSTON",48225,56,27,0,0,29,7,3,0,0,4,49,24,0,25
2002,"HOUSTON",48225,59,27,0,0,32,2,0,0,0,2,57,27,0,30
2003,"HOUSTON",48225,73,37,0,0,36,1,0,0,0,1,72,37,0,35
1990,"HOWARD",48227,36,31,2,1,2,7,2,2,1,2,29,29,0,0
1991,"HOWARD",48227,32,27,3,0,2,8,5,3,0,0,24,22,0,2
1992,"HOWARD",48227,42,39,2,0,1,10,8,2,0,0,32,31,0,1
1993,"HOWARD",48227,30,27,0,0,3,7,5,0,0,2,23,22,0,1
1994,"HOWARD",48227,38,33,0,0,5,3,2,0,0,1,35,31,0,4
1995,"HOWARD",48227,24,22,0,0,2,1,1,0,0,0,23,21,0,2
1996,"HOWARD",48227,49,40,0,0,9,5,4,0,0,1,44,36,0,8
1997,"HOWARD",48227,57,47,0,2,8,6,4,0,2,0,51,43,0,8
1998,"HOWARD",48227,87,74,0,3,10,7,3,0,3,1,80,71,0,9
1999,"HOWARD",48227,87,77,0,0,10,4,4,0,0,0,83,73,0,10
2000,"HOWARD",48227,87,73,0,0,14,2,2,0,0,0,85,71,0,14
2001,"HOWARD",48227,84,75,0,0,9,1,1,0,0,0,83,74,0,9
2002,"HOWARD",48227,70,59,2,1,8,6,4,1,1,0,64,55,1,8
2003,"HOWARD",48227,70,58,0,0,12,1,1,0,0,0,69,57,0,12
1992,"HUDSPETH",48229,6,2,0,2,2,2,0,0,2,0,4,2,0,2
1993,"HUDSPETH",48229,3,1,0,0,2,0,0,0,0,0,3,1,0,2
1995,"HUDSPETH",48229,5,1,0,0,4,0,0,0,0,0,5,1,0,4
1996,"HUDSPETH",48229,4,0,1,1,2,2,0,1,1,0,2,0,0,2
1997,"HUDSPETH",48229,2,0,0,1,1,1,0,0,1,0,1,0,0,1
1998,"HUDSPETH",48229,6,3,0,0,3,1,0,0,0,1,5,3,0,2
1999,"HUDSPETH",48229,0,0,0,0,0,0,0,0,0,0,0,0,0,0
2000,"HUDSPETH",48229,9,5,0,0,4,0,0,0,0,0,9,5,0,4
2001,"HUDSPETH",48229,8,2,0,0,6,0,0,0,0,0,8,2,0,6
2002,"HUDSPETH",48229,6,1,1,2,2,4,1,1,2,0,2,0,0,2
2003,"HUDSPETH",48229,10,9,0,0,1,4,4,0,0,0,6,5,0,1
1990,"HUNT",48231,92,51,7,1,33,21,6,7,1,7,71,45,0,26
1991,"HUNT",48231,143,97,3,0,43,20,11,3,0,6,123,86,0,37
1992,"HUNT",48231,152,91,1,1,59,15,6,1,1,7,137,85,0,52
1993,"HUNT",48231,144,73,3,2,66,24,9,3,2,10,120,64,0,56
1994,"HUNT",48231,141,67,0,0,74,13,8,0,0,5,128,59,0,69
1995,"HUNT",48231,156,63,2,0,91,10,4,2,0,4,146,59,0,87
1996,"HUNT",48231,171,83,0,1,87,10,3,0,1,6,161,80,0,81
1997,"HUNT",48231,233,102,2,3,126,16,3,2,3,8,217,99,0,118
1998,"HUNT",48231,199,110,0,0,89,7,3,0,0,4,192,107,0,85
1999,"HUNT",48231,194,104,0,0,90,3,2,0,0,1,191,102,0,89
2000,"HUNT",48231,203,107,2,0,94,4,2,2,0,0,199,105,0,94
2001,"HUNT",48231,296,149,3,0,144,7,3,3,0,1,289,146,0,143
2002,"HUNT",48231,246,135,2,0,109,6,3,2,0,1,240,132,0,108
2003,"HUNT",48231,234,136,1,0,97,7,5,1,0,1,227,131,0,96
1990,"HUTCHINSON",48233,24,21,1,1,1,8,5,1,1,1,16,16,0,0
1991,"HUTCHINSON",48233,31,28,2,0,1,4,2,2,0,0,27,26,0,1
1992,"HUTCHINSON",48233,49,26,1,0,22,4,2,1,0,1,45,24,0,21
1993,"HUTCHINSON",48233,42,26,1,0,15,5,4,1,0,0,37,22,0,15
1994,"HUTCHINSON",48233,38,20,0,0,18,4,2,0,0,2,34,18,0,16
1995,"HUTCHINSON",48233,41,26,0,0,15,4,4,0,0,0,37,22,0,15
1996,"HUTCHINSON",48233,68,32,0,0,36,4,2,0,0,2,64,30,0,34
1997,"HUTCHINSON",48233,102,62,0,0,40,7,6,0,0,1,95,56,0,39
1998,"HUTCHINSON",48233,96,68,1,0,27,4,3,1,0,0,92,65,0,27
1999,"HUTCHINSON",48233,75,55,0,0,20,0,0,0,0,0,75,55,0,20
2000,"HUTCHINSON",48233,71,46,1,0,24,3,1,1,0,1,68,45,0,23
2001,"HUTCHINSON",48233,104,87,0,0,17,7,6,0,0,1,97,81,0,16
2002,"HUTCHINSON",48233,72,54,1,0,17,4,2,1,0,1,68,52,0,16
2003,"HUTCHINSON",48233,54,37,0,0,17,3,2,0,0,1,51,35,0,16
1990,"IRION",48235,4,2,0,1,1,3,1,0,1,1,1,1,0,0
1991,"IRION",48235,4,1,0,2,1,3,0,0,2,1,1,1,0,0
1992,"IRION",48235,4,3,0,0,1,2,1,0,0,1,2,2,0,0
1995,"IRION",48235,1,1,0,0,0,0,0,0,0,0,1,1,0,0
1996,"IRION",48235,1,1,0,0,0,0,0,0,0,0,1,1,0,0
1997,"IRION",48235,5,3,0,0,2,0,0,0,0,0,5,3,0,2
1998,"IRION",48235,3,2,0,0,1,1,0,0,0,1,2,2,0,0
1999,"IRION",48235,3,1,0,0,2,0,0,0,0,0,3,1,0,2
2000,"IRION",48235,7,5,0,0,2,1,1,0,0,0,6,4,0,2
2001,"IRION",48235,5,4,0,0,1,1,1,0,0,0,4,3,0,1
2002,"IRION",48235,3,3,0,0,0,0,0,0,0,0,3,3,0,0
2003,"IRION",48235,2,2,0,0,0,0,0,0,0,0,2,2,0,0
1990,"JACK",48237,9,5,0,0,4,0,0,0,0,0,9,5,0,4
1991,"JACK",48237,5,4,0,0,1,2,1,0,0,1,3,3,0,0
1992,"JACK",48237,6,5,0,0,1,0,0,0,0,0,6,5,0,1
1993,"JACK",48237,10,8,0,0,2,2,1,0,0,1,8,7,0,1
1994,"JACK",48237,7,2,0,0,5,1,0,0,0,1,6,2,0,4
1995,"JACK",48237,5,4,0,0,1,0,0,0,0,0,5,4,0,1
1996,"JACK",48237,17,10,0,1,6,1,0,0,1,0,16,10,0,6
1997,"JACK",48237,19,12,0,0,7,1,0,0,0,1,18,12,0,6
1998,"JACK",48237,21,10,0,0,11,0,0,0,0,0,21,10,0,11
1999,"JACK",48237,22,11,0,0,11,1,0,0,0,1,21,11,0,10
2000,"JACK",48237,15,6,0,0,9,0,0,0,0,0,15,6,0,9
2001,"JACK",48237,16,4,0,0,12,0,0,0,0,0,16,4,0,12
2002,"JACK",48237,19,5,0,0,14,1,0,0,0,1,18,5,0,13
2003,"JACK",48237,27,10,0,0,17,2,1,0,0,1,25,9,0,16
1990,"JACKSON",48239,13,10,0,0,3,1,1,0,0,0,12,9,0,3
1991,"JACKSON",48239,13,9,0,0,4,1,1,0,0,0,12,8,0,4
1992,"JACKSON",48239,14,9,0,0,5,2,1,0,0,1,12,8,0,4
1993,"JACKSON",48239,15,10,0,0,5,0,0,0,0,0,15,10,0,5
1994,"JACKSON",48239,16,10,1,0,5,2,1,1,0,0,14,9,0,5
1995,"JACKSON",48239,16,11,1,1,3,2,0,1,1,0,14,11,0,3
1996,"JACKSON",48239,27,13,0,0,14,0,0,0,0,0,27,13,0,14
1997,"JACKSON",48239,39,28,0,0,11,4,4,0,0,0,35,24,0,11
1998,"JACKSON",48239,39,33,0,0,6,0,0,0,0,0,39,33,0,6
1999,"JACKSON",48239,43,29,0,0,14,0,0,0,0,0,43,29,0,14
2000,"JACKSON",48239,28,25,0,0,3,0,0,0,0,0,28,25,0,3
2001,"JACKSON",48239,34,29,0,0,5,2,2,0,0,0,32,27,0,5
2002,"JACKSON",48239,40,32,0,0,8,0,0,0,0,0,40,32,0,8
2003,"JACKSON",48239,49,36,0,0,13,0,0,0,0,0,49,36,0,13
1990,"JASPER",48241,22,18,1,0,3,5,3,1,0,1,17,15,0,2
1991,"JASPER",48241,48,24,1,0,23,10,5,1,0,4,38,19,0,19
1992,"JASPER",48241,41,17,0,0,24,6,3,0,0,3,35,14,0,21
1993,"JASPER",48241,40,12,2,0,26,2,0,2,0,0,38,12,0,26
1994,"JASPER",48241,61,19,1,0,41,2,1,1,0,0,59,18,0,41
1995,"JASPER",48241,68,26,1,0,41,4,2,1,0,1,64,24,0,40
1996,"JASPER",48241,115,41,2,0,72,4,1,2,0,1,111,40,0,71
1997,"JASPER",48241,118,43,1,0,74,2,0,1,0,1,116,43,0,73
1998,"JASPER",48241,123,46,0,0,77,3,1,0,0,2,120,45,0,75
1999,"JASPER",48241,132,46,3,0,83,4,1,3,0,0,128,45,0,83
2000,"JASPER",48241,124,54,1,0,69,9,4,1,0,4,115,50,0,65
2001,"JASPER",48241,134,67,1,0,66,6,0,1,0,5,128,67,0,61
2002,"JASPER",48241,117,62,0,0,55,2,2,0,0,0,115,60,0,55
2003,"JASPER",48241,141,60,2,0,79,5,0,2,0,3,136,60,0,76
1991,"JEFF DAVIS",48243,1,1,0,0,0,0,0,0,0,0,1,1,0,0
1992,"JEFF DAVIS",48243,1,1,0,0,0,0,0,0,0,0,1,1,0,0
1994,"JEFF DAVIS",48243,2,1,1,0,0,1,0,1,0,0,1,1,0,0
1995,"JEFF DAVIS",48243,3,2,1,0,0,1,0,1,0,0,2,2,0,0
1996,"JEFF DAVIS",48243,2,2,0,0,0,1,1,0,0,0,1,1,0,0
1997,"JEFF DAVIS",48243,2,2,0,0,0,0,0,0,0,0,2,2,0,0
1998,"JEFF DAVIS",48243,1,1,0,0,0,0,0,0,0,0,1,1,0,0
1999,"JEFF DAVIS",48243,0,0,0,0,0,0,0,0,0,0,0,0,0,0
2000,"JEFF DAVIS",48243,3,3,0,0,0,0,0,0,0,0,3,3,0,0
2001,"JEFF DAVIS",48243,4,4,0,0,0,0,0,0,0,0,4,4,0,0
2003,"JEFF DAVIS",48243,1,1,0,0,0,0,0,0,0,0,1,1,0,0
1990,"JEFFERSON",48245,240,180,18,0,42,56,29,17,0,10,184,151,1,32
1991,"JEFFERSON",48245,504,225,11,0,268,38,20,11,0,7,466,205,0,261
1992,"JEFFERSON",48245,501,202,11,0,288,40,16,11,0,13,461,186,0,275
1993,"JEFFERSON",48245,422,164,5,0,253,24,13,4,0,7,398,151,1,246
1994,"JEFFERSON",48245,417,167,12,0,238,28,11,12,0,5,389,156,0,233
1995,"JEFFERSON",48245,510,180,12,0,318,27,6,12,0,9,483,174,0,309
1996,"JEFFERSON",48245,687,264,9,0,414,23,9,9,0,5,664,255,0,409
1997,"JEFFERSON",48245,833,376,3,0,454,24,13,3,0,8,809,363,0,446
1998,"JEFFERSON",48245,808,398,2,0,408,21,18,2,0,1,787,380,0,407
1999,"JEFFERSON",48245,813,378,4,0,431,18,9,4,0,5,795,369,0,426
2000,"JEFFERSON",48245,785,381,8,0,396,42,21,8,0,13,743,360,0,383
2001,"JEFFERSON",48245,910,478,10,0,422,41,20,8,0,13,869,458,2,409
2002,"JEFFERSON",48245,886,441,11,0,434,37,19,11,0,7,849,422,0,427
2003,"JEFFERSON",48245,974,493,8,0,473,35,22,8,0,5,939,471,0,468
1990,"JIM HOGG",48247,6,2,0,1,3,2,1,0,1,0,4,1,0,3
1991,"JIM HOGG",48247,3,2,0,0,1,0,0,0,0,0,3,2,0,1
1992,"JIM HOGG",48247,4,2,0,0,2,1,0,0,0,1,3,2,0,1
1993,"JIM HOGG",48247,3,1,1,0,1,1,0,0,0,1,2,1,1,0
1994,"JIM HOGG",48247,9,2,1,0,6,0,0,0,0,0,9,2,1,6
1995,"JIM HOGG",48247,10,4,0,0,6,0,0,0,0,0,10,4,0,6
1996,"JIM HOGG",48247,12,7,0,1,4,1,0,0,1,0,11,7,0,4
1997,"JIM HOGG",48247,13,2,0,0,11,1,0,0,0,1,12,2,0,10
1998,"JIM HOGG",48247,16,11,0,0,5,2,2,0,0,0,14,9,0,5
1999,"JIM HOGG",48247,6,3,0,0,3,1,0,0,0,1,5,3,0,2
2000,"JIM HOGG",48247,8,5,0,0,3,0,0,0,0,0,8,5,0,3
2001,"JIM HOGG",48247,13,6,0,0,7,1,0,0,0,1,12,6,0,6
2002,"JIM HOGG",48247,7,2,0,0,5,0,0,0,0,0,7,2,0,5
2003,"JIM HOGG",48247,11,5,0,0,6,1,1,0,0,0,10,4,0,6
1990,"JIM WELLS",48249,38,25,0,0,13,9,4,0,0,5,29,21,0,8
1991,"JIM WELLS",48249,73,38,8,1,26,14,4,6,1,3,59,34,2,23
1992,"JIM WELLS",48249,59,20,2,0,37,10,1,2,0,7,49,19,0,30
1993,"JIM WELLS",48249,63,25,6,1,31,8,1,4,1,2,55,24,2,29
1994,"JIM WELLS",48249,35,9,1,1,24,3,1,1,1,0,32,8,0,24
1995,"JIM WELLS",48249,75,20,5,0,50,6,1,3,0,2,69,19,2,48
1996,"JIM WELLS",48249,137,37,5,1,94,11,2,5,1,3,126,35,0,91
1997,"JIM WELLS",48249,144,39,2,0,103,9,2,2,0,5,135,37,0,98
1998,"JIM WELLS",48249,129,55,0,0,74,5,4,0,0,1,124,51,0,73
1999,"JIM WELLS",48249,144,41,4,0,99,12,4,4,0,4,132,37,0,95
2000,"JIM WELLS",48249,109,32,1,0,76,6,2,1,0,3,103,30,0,73
2001,"JIM WELLS",48249,128,45,0,0,83,3,1,0,0,2,125,44,0,81
2002,"JIM WELLS",48249,115,34,1,0,80,1,1,0,0,0,114,33,1,80
2003,"JIM WELLS",48249,114,43,1,0,70,3,1,1,0,1,111,42,0,69
1990,"JOHNSON",48251,296,199,4,0,93,43,31,3,0,9,253,168,1,84
1991,"JOHNSON",48251,344,190,6,0,148,39,18,5,0,16,305,172,1,132
1992,"JOHNSON",48251,360,225,3,0,132,40,30,3,0,7,320,195,0,125
1993,"JOHNSON",48251,268,162,1,1,104,19,8,1,1,9,249,154,0,95
1994,"JOHNSON",48251,272,155,2,1,114,19,8,1,1,9,253,147,1,105
1995,"JOHNSON",48251,313,186,0,2,125,18,9,0,2,7,295,177,0,118
1996,"JOHNSON",48251,393,221,4,1,167,36,14,4,1,17,357,207,0,150
1997,"JOHNSON",48251,450,240,1,1,208,24,9,1,1,13,426,231,0,195
1998,"JOHNSON",48251,571,326,2,0,243,14,11,2,0,1,557,315,0,242
1999,"JOHNSON",48251,580,308,2,1,269,12,6,2,1,3,568,302,0,266
2000,"JOHNSON",48251,685,298,5,0,382,12,5,4,0,3,673,293,1,379
2001,"JOHNSON",48251,986,452,4,0,530,20,14,4,0,2,966,438,0,528
2002,"JOHNSON",48251,960,444,2,0,514,10,7,2,0,1,950,437,0,513
2003,"JOHNSON",48251,877,425,4,1,447,11,6,4,1,0,866,419,0,447
1990,"JONES",48253,30,23,0,2,5,5,2,0,2,1,25,21,0,4
1991,"JONES",48253,21,18,0,0,3,6,4,0,0,2,15,14,0,1
1992,"JONES",48253,26,22,1,0,3,6,3,1,0,2,20,19,0,1
1993,"JONES",48253,10,7,0,2,1,2,0,0,2,0,8,7,0,1
1994,"JONES",48253,15,10,0,1,4,4,1,0,1,2,11,9,0,2
1995,"JONES",48253,16,10,0,0,6,2,2,0,0,0,14,8,0,6
1996,"JONES",48253,49,15,0,3,31,5,0,0,3,2,44,15,0,29
1997,"JONES",48253,52,24,0,2,26,3,0,0,2,1,49,24,0,25
1998,"JONES",48253,62,25,0,0,37,5,2,0,0,3,57,23,0,34
1999,"JONES",48253,54,18,0,1,35,2,0,0,1,1,52,18,0,34
2000,"JONES",48253,60,24,0,0,36,4,2,0,0,2,56,22,0,34
2001,"JONES",48253,81,40,0,0,41,6,2,0,0,4,75,38,0,37
2002,"JONES",48253,70,30,0,1,39,4,0,0,1,3,66,30,0,36
2003,"JONES",48253,74,39,0,1,34,5,1,0,1,3,69,38,0,31
1990,"KARNES",48255,13,7,0,0,6,2,1,0,0,1,11,6,0,5
1991,"KARNES",48255,16,10,1,1,4,2,0,1,1,0,14,10,0,4
1992,"KARNES",48255,20,11,1,1,7,6,4,1,1,0,14,7,0,7
1993,"KARNES",48255,14,8,0,0,6,1,1,0,0,0,13,7,0,6
1994,"KARNES",48255,4,4,0,0,0,1,1,0,0,0,3,3,0,0
1995,"KARNES",48255,17,9,0,0,8,0,0,0,0,0,17,9,0,8
1996,"KARNES",48255,25,6,0,0,19,0,0,0,0,0,25,6,0,19
1997,"KARNES",48255,19,11,1,0,7,1,0,1,0,0,18,11,0,7
1998,"KARNES",48255,23,16,1,0,6,2,1,1,0,0,21,15,0,6
1999,"KARNES",48255,23,15,0,0,8,0,0,0,0,0,23,15,0,8
2000,"KARNES",48255,15,10,0,0,5,0,0,0,0,0,15,10,0,5
2001,"KARNES",48255,22,15,0,0,7,2,1,0,0,1,20,14,0,6
2002,"KARNES",48255,29,21,1,0,7,1,0,1,0,0,28,21,0,7
2003,"KARNES",48255,20,12,0,0,8,0,0,0,0,0,20,12,0,8
1990,"KAUFMAN",48257,143,91,1,0,51,18,10,1,0,7,125,81,0,44
1991,"KAUFMAN",48257,168,99,0,0,69,14,9,0,0,5,154,90,0,64
1992,"KAUFMAN",48257,200,112,3,0,85,11,5,3,0,3,189,107,0,82
1993,"KAUFMAN",48257,159,92,0,0,67,10,5,0,0,5,149,87,0,62
1994,"KAUFMAN",48257,138,67,1,0,70,17,6,1,0,10,121,61,0,60
1995,"KAUFMAN",48257,158,93,1,0,64,10,6,1,0,3,148,87,0,61
1996,"KAUFMAN",48257,223,114,1,0,108,12,5,0,0,7,211,109,1,101
1997,"KAUFMAN",48257,256,106,1,1,148,17,4,1,1,11,239,102,0,137
1998,"KAUFMAN",48257,264,137,1,0,126,10,7,1,0,2,254,130,0,124
1999,"KAUFMAN",48257,228,118,0,0,110,8,7,0,0,1,220,111,0,109
2000,"KAUFMAN",48257,228,121,2,0,105,9,4,2,0,3,219,117,0,102
2001,"KAUFMAN",48257,342,158,2,0,182,8,5,2,0,1,334,153,0,181
2002,"KAUFMAN",48257,342,175,4,0,163,20,9,3,0,8,322,166,1,155
2003,"KAUFMAN",48257,458,207,1,0,250,13,6,1,0,6,445,201,0,244
1990,"KENDALL",48259,31,24,3,0,4,4,1,3,0,0,27,23,0,4
1991,"KENDALL",48259,33,22,2,0,9,7,5,2,0,0,26,17,0,9
1992,"KENDALL",48259,40,27,0,0,13,5,2,0,0,3,35,25,0,10
1993,"KENDALL",48259,25,15,1,0,9,3,2,1,0,0,22,13,0,9
1994,"KENDALL",48259,34,19,0,0,15,2,2,0,0,0,32,17,0,15
1995,"KENDALL",48259,43,25,0,0,18,1,0,0,0,1,42,25,0,17
1996,"KENDALL",48259,32,17,0,0,15,1,1,0,0,0,31,16,0,15
1997,"KENDALL",48259,66,47,1,0,18,7,6,1,0,0,59,41,0,18
1998,"KENDALL",48259,59,40,0,0,19,1,1,0,0,0,58,39,0,19
1999,"KENDALL",48259,52,38,2,0,12,4,2,2,0,0,48,36,0,12
2000,"KENDALL",48259,35,25,2,0,8,6,4,2,0,0,29,21,0,8
2001,"KENDALL",48259,45,34,1,0,10,5,3,1,0,1,40,31,0,9
2002,"KENDALL",48259,63,42,1,0,20,4,2,1,0,1,59,40,0,19
2003,"KENDALL",48259,77,57,2,0,18,8,5,2,0,1,69,52,0,17
1990,"KENEDY",48261,1,1,0,0,0,0,0,0,0,0,1,1,0,0
1991,"KENEDY",48261,2,0,0,0,2,0,0,0,0,0,2,0,0,2
1995,"KENEDY",48261,1,0,0,0,1,0,0,0,0,0,1,0,0,1
1996,"KENEDY",48261,5,1,0,0,4,0,0,0,0,0,5,1,0,4
1997,"KENEDY",48261,11,4,0,0,7,0,0,0,0,0,11,4,0,7
1998,"KENEDY",48261,1,1,0,0,0,0,0,0,0,0,1,1,0,0
1999,"KENEDY",48261,1,1,0,0,0,0,0,0,0,0,1,1,0,0
2001,"KENEDY",48261,4,2,0,0,2,0,0,0,0,0,4,2,0,2
2002,"KENEDY",48261,1,0,0,0,1,0,0,0,0,0,1,0,0,1
2003,"KENEDY",48261,1,1,0,0,0,0,0,0,0,0,1,1,0,0
1992,"KENT",48263,1,1,0,0,0,0,0,0,0,0,1,1,0,0
1994,"KENT",48263,1,0,0,0,1,0,0,0,0,0,1,0,0,1
1996,"KENT",48263,1,1,0,0,0,0,0,0,0,0,1,1,0,0
1997,"KENT",48263,1,1,0,0,0,0,0,0,0,0,1,1,0,0
1998,"KENT",48263,1,1,0,0,0,0,0,0,0,0,1,1,0,0
1999,"KENT",48263,0,0,0,0,0,0,0,0,0,0,0,0,0,0
2000,"KENT",48263,2,1,0,1,0,1,0,0,1,0,1,1,0,0
2001,"KENT",48263,2,2,0,0,0,0,0,0,0,0,2,2,0,0
2002,"KENT",48263,1,1,0,0,0,0,0,0,0,0,1,1,0,0
2003,"KENT",48263,1,1,0,0,0,0,0,0,0,0,1,1,0,0
1990,"KERR",48265,81,69,9,0,3,17,9,8,0,0,64,60,1,3
1991,"KERR",48265,98,88,5,0,5,14,10,4,0,0,84,78,1,5
1992,"KERR",48265,72,67,1,0,4,10,9,1,0,0,62,58,0,4
1993,"KERR",48265,72,57,3,0,12,8,4,2,0,2,64,53,1,10
1994,"KERR",48265,63,47,1,0,15,7,4,1,0,2,56,43,0,13
1995,"KERR",48265,93,78,2,0,13,8,5,2,0,1,85,73,0,12
1996,"KERR",48265,92,72,4,0,16,5,1,3,0,1,87,71,1,15
1997,"KERR",48265,114,94,0,0,20,7,6,0,0,1,107,88,0,19
1998,"KERR",48265,128,108,3,0,17,12,6,3,0,3,116,102,0,14
1999,"KERR",48265,120,105,2,0,13,3,1,2,0,0,117,104,0,13
2000,"KERR",48265,105,97,0,0,8,5,5,0,0,0,100,92,0,8
2001,"KERR",48265,129,114,1,0,14,1,0,1,0,0,128,114,0,14
2002,"KERR",48265,116,99,1,0,16,5,4,1,0,0,111,95,0,16
2003,"KERR",48265,131,108,3,0,20,5,1,3,0,1,126,107,0,19
1990,"KIMBLE",48267,3,2,0,0,1,0,0,0,0,0,3,2,0,1
1991,"KIMBLE",48267,4,4,0,0,0,1,1,0,0,0,3,3,0,0
1992,"KIMBLE",48267,1,1,0,0,0,0,0,0,0,0,1,1,0,0
1993,"KIMBLE",48267,3,2,0,0,1,1,1,0,0,0,2,1,0,1
1994,"KIMBLE",48267,3,2,0,1,0,2,1,0,1,0,1,1,0,0
1995,"KIMBLE",48267,5,2,0,0,3,0,0,0,0,0,5,2,0,3
1996,"KIMBLE",48267,5,3,0,0,2,0,0,0,0,0,5,3,0,2
1997,"KIMBLE",48267,9,6,0,0,3,1,1,0,0,0,8,5,0,3
1998,"KIMBLE",48267,10,10,0,0,0,0,0,0,0,0,10,10,0,0
1999,"KIMBLE",48267,8,6,0,0,2,0,0,0,0,0,8,6,0,2
2000,"KIMBLE",48267,4,4,0,0,0,0,0,0,0,0,4,4,0,0
2001,"KIMBLE",48267,5,5,0,0,0,0,0,0,0,0,5,5,0,0
2002,"KIMBLE",48267,4,3,0,0,1,0,0,0,0,0,4,3,0,1
2003,"KIMBLE",48267,6,5,0,0,1,1,1,0,0,0,5,4,0,1
1991,"KING",48269,1,1,0,0,0,0,0,0,0,0,1,1,0,0
1993,"KING",48269,1,0,0,1,0,1,0,0,1,0,0,0,0,0
1994,"KING",48269,1,0,0,0,1,1,0,0,0,1,0,0,0,0
1996,"KING",48269,2,2,0,0,0,0,0,0,0,0,2,2,0,0
1997,"KING",48269,3,3,0,0,0,1,1,0,0,0,2,2,0,0
1999,"KING",48269,0,0,0,0,0,0,0,0,0,0,0,0,0,0
1991,"KINNEY",48271,2,2,0,0,0,1,1,0,0,0,1,1,0,0
1992,"KINNEY",48271,4,3,0,1,0,2,1,0,1,0,2,2,0,0
1994,"KINNEY",48271,2,1,1,0,0,1,0,1,0,0,1,1,0,0
1995,"KINNEY",48271,5,4,0,0,1,0,0,0,0,0,5,4,0,1
1996,"KINNEY",48271,1,1,0,0,0,0,0,0,0,0,1,1,0,0
1997,"KINNEY",48271,2,0,0,0,2,0,0,0,0,0,2,0,0,2
1998,"KINNEY",48271,7,6,0,0,1,0,0,0,0,0,7,6,0,1
1999,"KINNEY",48271,0,0,0,0,0,0,0,0,0,0,0,0,0,0
2000,"KINNEY",48271,3,1,0,0,2,0,0,0,0,0,3,1,0,2
2001,"KINNEY",48271,9,9,0,0,0,0,0,0,0,0,9,9,0,0
2002,"KINNEY",48271,4,3,0,0,1,0,0,0,0,0,4,3,0,1
2003,"KINNEY",48271,2,2,0,0,0,0,0,0,0,0,2,2,0,0
1990,"KLEBERG",48273,55,34,3,0,18,6,2,3,0,1,49,32,0,17
1991,"KLEBERG",48273,50,30,3,0,17,3,0,3,0,0,47,30,0,17
1992,"KLEBERG",48273,57,25,1,1,30,5,1,1,1,2,52,24,0,28
1993,"KLEBERG",48273,50,20,2,0,28,5,1,2,0,2,45,19,0,26
1994,"KLEBERG",48273,38,18,1,0,19,4,2,1,0,1,34,16,0,18
1995,"KLEBERG",48273,84,28,2,0,54,3,0,2,0,1,81,28,0,53
1996,"KLEBERG",48273,134,34,0,0,100,3,1,0,0,2,131,33,0,98
1997,"KLEBERG",48273,131,35,3,0,93,7,0,3,0,4,124,35,0,89
1998,"KLEBERG",48273,92,35,1,0,56,5,0,1,0,4,87,35,0,52
1999,"KLEBERG",48273,88,22,0,0,66,10,2,0,0,8,78,20,0,58
2000,"KLEBERG",48273,102,37,0,3,62,9,2,0,3,4,93,35,0,58
2001,"KLEBERG",48273,89,44,1,0,44,4,0,1,0,3,85,44,0,41
2002,"KLEBERG",48273,81,35,0,0,46,2,0,0,0,2,79,35,0,44
2003,"KLEBERG",48273,76,25,1,0,50,1,0,1,0,0,75,25,0,50
1990,"KNOX",48275,4,2,1,0,1,1,1,0,0,0,3,1,1,1
1991,"KNOX",48275,2,2,0,0,0,0,0,0,0,0,2,2,0,0
1992,"KNOX",48275,7,2,0,4,1,6,2,0,4,0,1,0,0,1
1993,"KNOX",48275,5,1,0,3,1,4,0,0,3,1,1,1,0,0
1994,"KNOX",48275,4,2,0,1,1,1,0,0,1,0,3,2,0,1
1995,"KNOX",48275,5,1,0,1,3,2,0,0,1,1,3,1,0,2
1996,"KNOX",48275,12,5,0,1,6,3,0,0,1,2,9,5,0,4
1997,"KNOX",48275,7,3,0,2,2,3,1,0,2,0,4,2,0,2
1998,"KNOX",48275,11,9,0,0,2,1,1,0,0,0,10,8,0,2
1999,"KNOX",48275,8,2,0,0,6,1,0,0,0,1,7,2,0,5
2000,"KNOX",48275,9,6,1,0,2,1,0,1,0,0,8,6,0,2
2001,"KNOX",48275,8,1,0,0,7,0,0,0,0,0,8,1,0,7
2002,"KNOX",48275,13,4,0,0,9,3,1,0,0,2,10,3,0,7
2003,"KNOX",48275,7,1,0,1,5,3,0,0,1,2,4,1,0,3
1990,"LAMAR",48277,28,22,1,1,4,6,3,1,1,1,22,19,0,3
1991,"LAMAR",48277,38,33,1,1,3,14,11,1,1,1,24,22,0,2
1992,"LAMAR",48277,44,31,1,1,11,12,8,1,1,2,32,23,0,9
1993,"LAMAR",48277,42,30,1,0,11,5,1,1,0,3,37,29,0,8
1994,"LAMAR",48277,54,34,2,0,18,7,3,2,0,2,47,31,0,16
1995,"LAMAR",48277,61,32,0,0,29,12,3,0,0,9,49,29,0,20
1996,"LAMAR",48277,84,54,0,0,30,7,4,0,0,3,77,50,0,27
1997,"LAMAR",48277,110,69,0,0,41,11,1,0,0,10,99,68,0,31
1998,"LAMAR",48277,133,97,0,0,36,5,2,0,0,3,128,95,0,33
1999,"LAMAR",48277,109,86,0,2,21,4,2,0,2,0,105,84,0,21
2000,"LAMAR",48277,113,90,2,0,21,5,2,2,0,1,108,88,0,20
2001,"LAMAR",48277,167,136,0,0,31,5,4,0,0,1,162,132,0,30
2002,"LAMAR",48277,167,145,2,0,20,3,1,2,0,0,164,144,0,20
2003,"LAMAR",48277,149,115,2,0,32,2,1,1,0,0,147,114,1,32
1990,"LAMB",48279,29,27,1,0,1,16,15,1,0,0,13,12,0,1
1991,"LAMB",48279,20,20,0,0,0,9,9,0,0,0,11,11,0,0
1992,"LAMB",48279,21,18,0,2,1,10,8,0,2,0,11,10,0,1
1993,"LAMB",48279,29,17,1,1,10,8,6,1,1,0,21,11,0,10
1994,"LAMB",48279,17,14,0,0,3,6,6,0,0,0,11,8,0,3
1995,"LAMB",48279,35,16,0,0,19,2,2,0,0,0,33,14,0,19
1996,"LAMB",48279,49,26,0,0,23,10,9,0,0,1,39,17,0,22
1997,"LAMB",48279,52,26,0,1,25,6,5,0,1,0,46,21,0,25
1998,"LAMB",48279,51,37,0,1,13,15,13,0,1,1,36,24,0,12
1999,"LAMB",48279,69,43,0,0,26,11,9,0,0,2,58,34,0,24
2000,"LAMB",48279,53,38,0,0,15,6,6,0,0,0,47,32,0,15
2001,"LAMB",48279,79,63,0,0,16,13,13,0,0,0,66,50,0,16
2002,"LAMB",48279,58,36,1,0,21,5,4,1,0,0,53,32,0,21
2003,"LAMB",48279,58,48,0,0,10,5,3,0,0,2,53,45,0,8
1990,"LAMPASAS",48281,24,15,1,0,8,0,0,0,0,0,24,15,1,8
1991,"LAMPASAS",48281,29,17,0,0,12,3,2,0,0,1,26,15,0,11
1992,"LAMPASAS",48281,24,14,0,0,10,4,2,0,0,2,20,12,0,8
1993,"LAMPASAS",48281,27,15,3,1,8,4,0,3,1,0,23,15,0,8
1994,"LAMPASAS",48281,22,10,0,1,11,2,0,0,1,1,20,10,0,10
1995,"LAMPASAS",48281,31,16,0,0,15,0,0,0,0,0,31,16,0,15
1996,"LAMPASAS",48281,51,29,1,0,21,1,0,1,0,0,50,29,0,21
1997,"LAMPASAS",48281,77,49,0,0,28,0,0,0,0,0,77,49,0,28
1998,"LAMPASAS",48281,66,36,0,0,30,0,0,0,0,0,66,36,0,30
1999,"LAMPASAS",48281,71,44,0,0,27,0,0,0,0,0,71,44,0,27
2000,"LAMPASAS",48281,54,25,0,0,29,0,0,0,0,0,54,25,0,29
2001,"LAMPASAS",48281,81,52,0,0,29,2,1,0,0,1,79,51,0,28
2002,"LAMPASAS",48281,57,35,1,0,21,0,0,0,0,0,57,35,1,21
2003,"LAMPASAS",48281,65,46,1,0,18,4,2,1,0,1,61,44,0,17
1990,"LA SALLE",48283,1,1,0,0,0,0,0,0,0,0,1,1,0,0
1992,"LA SALLE",48283,4,3,0,0,1,0,0,0,0,0,4,3,0,1
1993,"LA SALLE",48283,7,3,0,0,4,0,0,0,0,0,7,3,0,4
1994,"LA SALLE",48283,4,2,0,0,2,0,0,0,0,0,4,2,0,2
1995,"LA SALLE",48283,4,2,0,0,2,0,0,0,0,0,4,2,0,2
1996,"LA SALLE",48283,6,3,0,0,3,0,0,0,0,0,6,3,0,3
1997,"LA SALLE",48283,10,5,0,0,5,0,0,0,0,0,10,5,0,5
1998,"LA SALLE",48283,8,2,0,0,6,0,0,0,0,0,8,2,0,6
1999,"LA SALLE",48283,8,4,1,0,3,1,0,1,0,0,7,4,0,3
2000,"LA SALLE",48283,6,1,0,0,5,0,0,0,0,0,6,1,0,5
2001,"LA SALLE",48283,9,8,0,0,1,0,0,0,0,0,9,8,0,1
2002,"LA SALLE",48283,1,0,0,0,1,0,0,0,0,0,1,0,0,1
2003,"LA SALLE",48283,6,5,0,0,1,1,1,0,0,0,5,4,0,1
1990,"LAVACA",48285,14,12,0,0,2,5,4,0,0,1,9,8,0,1
1991,"LAVACA",48285,6,4,0,0,2,1,1,0,0,0,5,3,0,2
1992,"LAVACA",48285,8,6,0,0,2,1,1,0,0,0,7,5,0,2
1993,"LAVACA",48285,6,4,1,0,1,0,0,0,0,0,6,4,1,1
1994,"LAVACA",48285,7,5,0,0,2,0,0,0,0,0,7,5,0,2
1995,"LAVACA",48285,7,4,0,0,3,0,0,0,0,0,7,4,0,3
1996,"LAVACA",48285,11,9,0,0,2,0,0,0,0,0,11,9,0,2
1997,"LAVACA",48285,12,7,0,0,5,0,0,0,0,0,12,7,0,5
1998,"LAVACA",48285,24,18,0,0,6,0,0,0,0,0,24,18,0,6
1999,"LAVACA",48285,14,10,0,0,4,0,0,0,0,0,14,10,0,4
2000,"LAVACA",48285,21,20,0,0,1,0,0,0,0,0,21,20,0,1
2001,"LAVACA",48285,16,11,0,0,5,0,0,0,0,0,16,11,0,5
2002,"LAVACA",48285,23,21,0,0,2,1,1,0,0,0,22,20,0,2
2003,"LAVACA",48285,28,23,0,0,5,0,0,0,0,0,28,23,0,5
1990,"LEE",48287,18,9,1,0,8,2,1,1,0,0,16,8,0,8
1991,"LEE",48287,18,11,0,0,7,1,1,0,0,0,17,10,0,7
1992,"LEE",48287,28,16,2,0,10,1,0,1,0,0,27,16,1,10
1993,"LEE",48287,21,14,0,0,7,1,0,0,0,1,20,14,0,6
1994,"LEE",48287,16,12,0,0,4,1,1,0,0,0,15,11,0,4
1995,"LEE",48287,20,15,1,0,4,1,0,1,0,0,19,15,0,4
1996,"LEE",48287,27,16,0,0,11,1,0,0,0,1,26,16,0,10
1997,"LEE",48287,35,16,0,0,19,0,0,0,0,0,35,16,0,19
1998,"LEE",48287,34,20,0,0,14,1,0,0,0,1,33,20,0,13
1999,"LEE",48287,29,16,0,0,13,0,0,0,0,0,29,16,0,13
2000,"LEE",48287,24,16,0,0,8,0,0,0,0,0,24,16,0,8
2001,"LEE",48287,33,24,0,0,9,0,0,0,0,0,33,24,0,9
2002,"LEE",48287,44,28,0,0,16,2,2,0,0,0,42,26,0,16
2003,"LEE",48287,52,35,1,0,16,2,1,1,0,0,50,34,0,16
1990,"LEON",48289,8,4,0,0,4,1,0,0,0,1,7,4,0,3
1991,"LEON",48289,8,6,0,0,2,0,0,0,0,0,8,6,0,2
1992,"LEON",48289,8,5,2,0,1,1,0,1,0,0,7,5,1,1
1993,"LEON",48289,11,7,0,0,4,0,0,0,0,0,11,7,0,4
1994,"LEON",48289,10,5,0,0,5,0,0,0,0,0,10,5,0,5
1995,"LEON",48289,11,7,0,1,3,3,2,0,1,0,8,5,0,3
1996,"LEON",48289,20,11,0,0,9,2,2,0,0,0,18,9,0,9
1997,"LEON",48289,14,9,1,0,4,1,0,0,0,1,13,9,1,3
1998,"LEON",48289,15,12,0,0,3,0,0,0,0,0,15,12,0,3
1999,"LEON",48289,27,20,0,0,7,1,0,0,0,1,26,20,0,6
2000,"LEON",48289,23,17,0,0,6,1,1,0,0,0,22,16,0,6
2001,"LEON",48289,28,22,0,0,6,2,1,0,0,1,26,21,0,5
2002,"LEON",48289,20,18,0,0,2,0,0,0,0,0,20,18,0,2
2003,"LEON",48289,37,24,0,0,13,0,0,0,0,0,37,24,0,13
1990,"LIBERTY",48291,81,56,6,0,19,12,4,6,0,2,69,52,0,17
1991,"LIBERTY",48291,101,63,4,0,34,9,3,4,0,2,92,60,0,32
1992,"LIBERTY",48291,107,64,5,1,37,11,3,5,1,2,96,61,0,35
1993,"LIBERTY",48291,88,56,2,0,30,9,6,2,0,1,79,50,0,29
1994,"LIBERTY",48291,99,63,2,2,32,13,8,2,2,1,86,55,0,31
1995,"LIBERTY",48291,88,43,1,0,44,3,1,1,0,1,85,42,0,43
1996,"LIBERTY",48291,107,49,2,0,56,5,2,2,0,1,102,47,0,55
1997,"LIBERTY",48291,179,110,2,0,67,7,5,2,0,0,172,105,0,67
1998,"LIBERTY",48291,172,102,1,0,69,6,3,1,0,2,166,99,0,67
1999,"LIBERTY",48291,144,87,5,0,52,11,5,5,0,1,133,82,0,51
2000,"LIBERTY",48291,208,100,1,0,107,9,3,1,0,5,199,97,0,102
2001,"LIBERTY",48291,307,180,2,0,125,10,3,2,0,5,297,177,0,120
2002,"LIBERTY",48291,278,150,2,0,126,11,3,2,0,6,267,147,0,120
2003,"LIBERTY",48291,275,131,1,0,143,3,0,0,0,3,272,131,1,140
1990,"LIMESTONE",48293,23,11,0,0,12,1,1,0,0,0,22,10,0,12
1991,"LIMESTONE",48293,30,23,0,0,7,2,2,0,0,0,28,21,0,7
1992,"LIMESTONE",48293,52,27,0,0,25,2,2,0,0,0,50,25,0,25
1993,"LIMESTONE",48293,34,19,0,0,15,3,1,0,0,2,31,18,0,13
1994,"LIMESTONE",48293,22,10,0,0,12,1,0,0,0,1,21,10,0,11
1995,"LIMESTONE",48293,35,26,0,0,9,3,2,0,0,1,32,24,0,8
1996,"LIMESTONE",48293,47,33,2,0,12,3,0,2,0,1,44,33,0,11
1997,"LIMESTONE",48293,58,36,1,1,20,3,1,1,1,0,55,35,0,20
1998,"LIMESTONE",48293,55,42,0,1,12,1,0,0,1,0,54,42,0,12
1999,"LIMESTONE",48293,66,40,0,0,26,1,1,0,0,0,65,39,0,26
2000,"LIMESTONE",48293,53,28,0,1,24,1,0,0,1,0,52,28,0,24
2001,"LIMESTONE",48293,57,38,0,1,18,2,0,0,1,1,55,38,0,17
2002,"LIMESTONE",48293,51,28,1,0,22,4,2,1,0,1,47,26,0,21
2003,"LIMESTONE",48293,76,48,0,0,28,3,2,0,0,1,73,46,0,27
1990,"LIPSCOMB",48295,2,2,0,0,0,1,1,0,0,0,1,1,0,0
1991,"LIPSCOMB",48295,4,4,0,0,0,0,0,0,0,0,4,4,0,0
1992,"LIPSCOMB",48295,5,1,1,0,3,1,0,1,0,0,4,1,0,3
1993,"LIPSCOMB",48295,1,1,0,0,0,0,0,0,0,0,1,1,0,0
1994,"LIPSCOMB",48295,5,2,0,1,2,1,0,0,1,0,4,2,0,2
1995,"LIPSCOMB",48295,3,3,0,0,0,1,1,0,0,0,2,2,0,0
1996,"LIPSCOMB",48295,4,2,0,0,2,0,0,0,0,0,4,2,0,2
1997,"LIPSCOMB",48295,5,4,0,0,1,1,0,0,0,1,4,4,0,0
1998,"LIPSCOMB",48295,8,4,0,1,3,2,0,0,1,1,6,4,0,2
1999,"LIPSCOMB",48295,6,6,0,0,0,1,1,0,0,0,5,5,0,0
2000,"LIPSCOMB",48295,5,3,0,0,2,0,0,0,0,0,5,3,0,2
2001,"LIPSCOMB",48295,7,6,0,0,1,0,0,0,0,0,7,6,0,1
2002,"LIPSCOMB",48295,4,3,0,1,0,1,0,0,1,0,3,3,0,0
2003,"LIPSCOMB",48295,4,4,0,0,0,0,0,0,0,0,4,4,0,0
1990,"LIVE OAK",48297,15,11,0,1,3,1,0,0,1,0,14,11,0,3
1991,"LIVE OAK",48297,17,12,0,0,5,2,0,0,0,2,15,12,0,3
1992,"LIVE OAK",48297,16,5,3,0,8,5,3,2,0,0,11,2,1,8
1993,"LIVE OAK",48297,12,2,0,1,9,1,0,0,1,0,11,2,0,9
1994,"LIVE OAK",48297,11,6,0,0,5,0,0,0,0,0,11,6,0,5
1995,"LIVE OAK",48297,11,5,0,0,6,0,0,0,0,0,11,5,0,6
1996,"LIVE OAK",48297,46,13,0,0,33,2,1,0,0,1,44,12,0,32
1997,"LIVE OAK",48297,29,6,0,0,23,0,0,0,0,0,29,6,0,23
1998,"LIVE OAK",48297,21,11,0,0,10,0,0,0,0,0,21,11,0,10
1999,"LIVE OAK",48297,30,12,0,0,18,2,0,0,0,2,28,12,0,16
2000,"LIVE OAK",48297,17,7,0,0,10,0,0,0,0,0,17,7,0,10
2001,"LIVE OAK",48297,24,10,0,0,14,0,0,0,0,0,24,10,0,14
2002,"LIVE OAK",48297,34,17,2,0,15,3,1,2,0,0,31,16,0,15
2003,"LIVE OAK",48297,33,17,0,0,16,2,2,0,0,0,31,15,0,16
1990,"LLANO",48299,22,11,2,0,9,5,2,1,0,2,17,9,1,7
1991,"LLANO",48299,17,9,0,1,7,1,0,0,1,0,16,9,0,7
1992,"LLANO",48299,34,22,6,0,6,6,1,5,0,0,28,21,1,6
1993,"LLANO",48299,24,14,0,1,9,2,1,0,1,0,22,13,0,9
1994,"LLANO",48299,30,24,0,0,6,2,2,0,0,0,28,22,0,6
1995,"LLANO",48299,17,9,2,0,6,0,0,0,0,0,17,9,2,6
1996,"LLANO",48299,33,23,0,0,10,1,1,0,0,0,32,22,0,10
1997,"LLANO",48299,36,26,1,0,9,0,0,0,0,0,36,26,1,9
1998,"LLANO",48299,46,33,0,0,13,1,1,0,0,0,45,32,0,13
1999,"LLANO",48299,44,33,0,0,11,1,1,0,0,0,43,32,0,11
2000,"LLANO",48299,36,31,0,0,5,1,1,0,0,0,35,30,0,5
2001,"LLANO",48299,53,39,1,0,13,2,1,0,0,1,51,38,1,12
2002,"LLANO",48299,37,32,1,0,4,5,4,1,0,0,32,28,0,4
2003,"LLANO",48299,52,43,1,0,8,5,4,1,0,0,47,39,0,8
1992,"LOVING",48301,1,1,0,0,0,1,1,0,0,0,0,0,0,0
1995,"LOVING",48301,1,1,0,0,0,0,0,0,0,0,1,1,0,0
1999,"LOVING",48301,0,0,0,0,0,0,0,0,0,0,0,0,0,0
2003,"LOVING",48301,1,1,0,0,0,0,0,0,0,0,1,1,0,0
1990,"LUBBOCK",48303,493,397,16,1,79,106,83,16,1,6,387,314,0,73
1991,"LUBBOCK",48303,558,454,17,0,87,115,79,16,0,20,443,375,1,67
1992,"LUBBOCK",48303,582,454,14,2,112,86,50,13,2,21,496,404,1,91
1993,"LUBBOCK",48303,561,354,9,0,198,78,44,9,0,25,483,310,0,173
1994,"LUBBOCK",48303,690,318,8,0,364,72,43,8,0,21,618,275,0,343
1995,"LUBBOCK",48303,732,360,6,1,365,45,26,4,1,14,687,334,2,351
1996,"LUBBOCK",48303,871,471,15,3,382,57,21,13,3,20,814,450,2,362
1997,"LUBBOCK",48303,933,540,7,1,385,57,36,6,1,14,876,504,1,371
1998,"LUBBOCK",48303,939,581,5,4,349,55,32,5,4,14,884,549,0,335
1999,"LUBBOCK",48303,848,564,4,0,280,34,27,4,0,3,814,537,0,277
2000,"LUBBOCK",48303,768,487,8,0,273,47,32,8,0,7,721,455,0,266
2001,"LUBBOCK",48303,888,595,3,0,290,50,39,2,0,9,838,556,1,281
2002,"LUBBOCK",48303,969,638,8,0,323,31,21,6,0,4,938,617,2,319
2003,"LUBBOCK",48303,993,676,7,4,306,53,31,7,4,11,940,645,0,295
1990,"LYNN",48305,7,7,0,0,0,1,1,0,0,0,6,6,0,0
1991,"LYNN",48305,3,3,0,0,0,1,1,0,0,0,2,2,0,0
1992,"LYNN",48305,8,6,0,1,1,2,1,0,1,0,6,5,0,1
1993,"LYNN",48305,8,8,0,0,0,1,1,0,0,0,7,7,0,0
1994,"LYNN",48305,8,5,0,0,3,1,1,0,0,0,7,4,0,3
1995,"LYNN",48305,15,5,0,0,10,1,1,0,0,0,14,4,0,10
1996,"LYNN",48305,22,11,1,0,10,3,2,1,0,0,19,9,0,10
1997,"LYNN",48305,21,13,0,0,8,3,3,0,0,0,18,10,0,8
1998,"LYNN",48305,19,9,0,0,10,3,3,0,0,0,16,6,0,10
1999,"LYNN",48305,22,15,0,0,7,6,5,0,0,1,16,10,0,6
2000,"LYNN",48305,20,10,0,0,10,0,0,0,0,0,20,10,0,10
2001,"LYNN",48305,25,12,1,0,12,1,0,1,0,0,24,12,0,12
2002,"LYNN",48305,23,12,1,1,9,2,0,1,1,0,21,12,0,9
2003,"LYNN",48305,18,8,0,0,10,1,1,0,0,0,17,7,0,10
1990,"MCCULLOCH",48307,11,8,0,2,1,6,3,0,2,1,5,5,0,0
1991,"MCCULLOCH",48307,5,3,0,1,1,3,2,0,1,0,2,1,0,1
1992,"MCCULLOCH",48307,6,6,0,0,0,2,2,0,0,0,4,4,0,0
1993,"MCCULLOCH",48307,7,7,0,0,0,2,2,0,0,0,5,5,0,0
1994,"MCCULLOCH",48307,5,3,0,0,2,0,0,0,0,0,5,3,0,2
1995,"MCCULLOCH",48307,5,4,0,0,1,1,1,0,0,0,4,3,0,1
1996,"MCCULLOCH",48307,4,3,0,0,1,0,0,0,0,0,4,3,0,1
1997,"MCCULLOCH",48307,8,5,0,0,3,2,1,0,0,1,6,4,0,2
1998,"MCCULLOCH",48307,16,11,0,0,5,3,0,0,0,3,13,11,0,2
1999,"MCCULLOCH",48307,23,18,0,0,5,3,2,0,0,1,20,16,0,4
2000,"MCCULLOCH",48307,23,19,0,0,4,1,1,0,0,0,22,18,0,4
2001,"MCCULLOCH",48307,15,13,0,0,2,3,2,0,0,1,12,11,0,1
2002,"MCCULLOCH",48307,12,9,0,1,2,1,0,0,1,0,11,9,0,2
2003,"MCCULLOCH",48307,15,11,0,0,4,1,0,0,0,1,14,11,0,3
1990,"MCLENNAN",48309,339,212,9,2,116,49,23,9,2,15,290,189,0,101
1991,"MCLENNAN",48309,392,242,5,0,145,15,6,5,0,4,377,236,0,141
1992,"MCLENNAN",48309,424,259,11,2,152,16,3,10,2,1,408,256,1,151
1993,"MCLENNAN",48309,357,218,11,1,127,22,9,8,1,4,335,209,3,123
1994,"MCLENNAN",48309,325,206,1,0,118,3,2,0,0,1,322,204,1,117
1995,"MCLENNAN",48309,371,254,3,0,114,9,7,2,0,0,362,247,1,114
1996,"MCLENNAN",48309,461,328,3,1,129,10,4,3,1,2,451,324,0,127
1997,"MCLENNAN",48309,785,514,0,0,271,3,2,0,0,1,782,512,0,270
1998,"MCLENNAN",48309,924,599,3,1,321,10,3,3,1,3,914,596,0,318
1999,"MCLENNAN",48309,781,463,5,0,313,11,5,5,0,1,770,458,0,312
2000,"MCLENNAN",48309,777,469,2,0,306,6,3,2,0,1,771,466,0,305
2001,"MCLENNAN",48309,856,539,5,0,312,9,6,3,0,0,847,533,2,312
2002,"MCLENNAN",48309,831,515,2,2,312,29,20,1,2,6,802,495,1,306
2003,"MCLENNAN",48309,847,496,6,0,345,26,20,5,0,1,821,476,1,344
1991,"MCMULLEN",48311,2,2,0,0,0,0,0,0,0,0,2,2,0,0
1994,"MCMULLEN",48311,1,1,0,0,0,0,0,0,0,0,1,1,0,0
1996,"MCMULLEN",48311,1,0,0,0,1,0,0,0,0,0,1,0,0,1
1997,"MCMULLEN",48311,1,1,0,0,0,0,0,0,0,0,1,1,0,0
1998,"MCMULLEN",48311,3,1,0,0,2,0,0,0,0,0,3,1,0,2
1999,"MCMULLEN",48311,0,0,0,0,0,0,0,0,0,0,0,0,0,0
2000,"MCMULLEN",48311,1,1,0,0,0,0,0,0,0,0,1,1,0,0
2001,"MCMULLEN",48311,2,2,0,0,0,0,0,0,0,0,2,2,0,0
1990,"MADISON",48313,8,6,0,0,2,0,0,0,0,0,8,6,0,2
1991,"MADISON",48313,3,3,0,0,0,0,0,0,0,0,3,3,0,0
1992,"MADISON",48313,5,3,0,0,2,1,1,0,0,0,4,2,0,2
1993,"MADISON",48313,1,1,0,0,0,0,0,0,0,0,1,1,0,0
1994,"MADISON",48313,6,5,0,0,1,0,0,0,0,0,6,5,0,1
1995,"MADISON",48313,10,9,0,0,1,1,1,0,0,0,9,8,0,1
1996,"MADISON",48313,12,6,0,0,6,0,0,0,0,0,12,6,0,6
1997,"MADISON",48313,20,16,1,0,3,0,0,0,0,0,20,16,1,3
1998,"MADISON",48313,15,9,0,0,6,0,0,0,0,0,15,9,0,6
1999,"MADISON",48313,19,17,0,0,2,0,0,0,0,0,19,17,0,2
2000,"MADISON",48313,18,14,0,0,4,3,1,0,0,2,15,13,0,2
2001,"MADISON",48313,25,19,0,1,5,3,1,0,1,1,22,18,0,4
2002,"MADISON",48313,19,15,0,0,4,0,0,0,0,0,19,15,0,4
2003,"MADISON",48313,22,14,0,0,8,1,0,0,0,1,21,14,0,7
1990,"MARION",48315,8,5,0,0,3,2,2,0,0,0,6,3,0,3
1991,"MARION",48315,13,6,2,0,5,4,0,2,0,2,9,6,0,3
1992,"MARION",48315,8,5,0,0,3,1,1,0,0,0,7,4,0,3
1993,"MARION",48315,16,11,0,0,5,3,2,0,0,1,13,9,0,4
1994,"MARION",48315,14,5,0,0,9,4,2,0,0,2,10,3,0,7
1995,"MARION",48315,12,8,0,0,4,0,0,0,0,0,12,8,0,4
1996,"MARION",48315,26,16,0,0,10,1,0,0,0,1,25,16,0,9
1997,"MARION",48315,28,10,0,0,18,1,0,0,0,1,27,10,0,17
1998,"MARION",48315,51,21,1,0,29,1,0,1,0,0,50,21,0,29
1999,"MARION",48315,38,14,0,0,24,3,1,0,0,2,35,13,0,22
2000,"MARION",48315,32,18,0,0,14,2,1,0,0,1,30,17,0,13
2001,"MARION",48315,49,30,0,0,19,3,3,0,0,0,46,27,0,19
2002,"MARION",48315,31,20,0,0,11,0,0,0,0,0,31,20,0,11
2003,"MARION",48315,39,24,0,0,15,0,0,0,0,0,39,24,0,15
1990,"MARTIN",48317,3,2,0,1,0,2,1,0,1,0,1,1,0,0
1991,"MARTIN",48317,5,5,0,0,0,2,2,0,0,0,3,3,0,0
1992,"MARTIN",48317,8,7,0,1,0,2,1,0,1,0,6,6,0,0
1994,"MARTIN",48317,1,1,0,0,0,0,0,0,0,0,1,1,0,0
1995,"MARTIN",48317,3,2,0,0,1,0,0,0,0,0,3,2,0,1
1996,"MARTIN",48317,9,7,0,0,2,2,2,0,0,0,7,5,0,2
1997,"MARTIN",48317,6,4,0,0,2,1,1,0,0,0,5,3,0,2
1998,"MARTIN",48317,9,7,1,0,1,1,0,1,0,0,8,7,0,1
1999,"MARTIN",48317,19,13,0,0,6,0,0,0,0,0,19,13,0,6
2000,"MARTIN",48317,6,3,0,0,3,2,1,0,0,1,4,2,0,2
2001,"MARTIN",48317,11,11,0,0,0,3,3,0,0,0,8,8,0,0
2002,"MARTIN",48317,3,2,0,0,1,0,0,0,0,0,3,2,0,1
2003,"MARTIN",48317,9,6,0,0,3,0,0,0,0,0,9,6,0,3
1990,"MASON",48319,4,3,0,0,1,0,0,0,0,0,4,3,0,1
1991,"MASON",48319,2,2,0,0,0,0,0,0,0,0,2,2,0,0
1992,"MASON",48319,5,5,0,0,0,1,1,0,0,0,4,4,0,0
1993,"MASON",48319,1,1,0,0,0,0,0,0,0,0,1,1,0,0
1994,"MASON",48319,3,2,0,0,1,1,1,0,0,0,2,1,0,1
1995,"MASON",48319,1,0,0,0,1,0,0,0,0,0,1,0,0,1
1996,"MASON",48319,4,3,0,0,1,2,2,0,0,0,2,1,0,1
1997,"MASON",48319,3,1,0,0,2,0,0,0,0,0,3,1,0,2
1998,"MASON",48319,3,3,0,0,0,1,1,0,0,0,2,2,0,0
1999,"MASON",48319,7,5,0,0,2,1,1,0,0,0,6,4,0,2
2000,"MASON",48319,3,1,0,0,2,0,0,0,0,0,3,1,0,2
2001,"MASON",48319,2,2,0,0,0,0,0,0,0,0,2,2,0,0
2002,"MASON",48319,5,5,0,0,0,0,0,0,0,0,5,5,0,0
2003,"MASON",48319,2,2,0,0,0,0,0,0,0,0,2,2,0,0
1990,"MATAGORDA",48321,64,49,7,1,7,11,3,6,1,1,53,46,1,6
1991,"MATAGORDA",48321,56,44,1,0,11,3,2,1,0,0,53,42,0,11
1992,"MATAGORDA",48321,50,39,0,0,11,7,5,0,0,2,43,34,0,9
1993,"MATAGORDA",48321,45,25,3,0,17,2,0,2,0,0,43,25,1,17
1994,"MATAGORDA",48321,58,41,4,0,13,4,0,4,0,0,54,41,0,13
1995,"MATAGORDA",48321,40,23,1,0,16,1,0,1,0,0,39,23,0,16
1996,"MATAGORDA",48321,79,48,0,0,31,0,0,0,0,0,79,48,0,31
1997,"MATAGORDA",48321,83,59,0,3,21,4,0,0,3,1,79,59,0,20
1998,"MATAGORDA",48321,79,63,0,0,16,1,0,0,0,1,78,63,0,15
1999,"MATAGORDA",48321,78,61,0,0,17,1,1,0,0,0,77,60,0,17
2000,"MATAGORDA",48321,56,40,0,0,16,1,1,0,0,0,55,39,0,16
2001,"MATAGORDA",48321,66,49,0,0,17,1,1,0,0,0,65,48,0,17
2002,"MATAGORDA",48321,66,43,0,0,23,0,0,0,0,0,66,43,0,23
2003,"MATAGORDA",48321,73,54,0,0,19,1,0,0,0,1,72,54,0,18
1990,"MAVERICK",48323,15,4,1,1,9,4,1,0,1,2,11,3,1,7
1991,"MAVERICK",48323,27,10,2,0,15,4,0,2,0,2,23,10,0,13
1992,"MAVERICK",48323,29,12,1,1,15,5,3,1,1,0,24,9,0,15
1993,"MAVERICK",48323,31,19,2,0,10,5,4,0,0,1,26,15,2,9
1994,"MAVERICK",48323,22,14,0,0,8,1,0,0,0,1,21,14,0,7
1995,"MAVERICK",48323,23,9,2,0,12,2,0,1,0,1,21,9,1,11
1996,"MAVERICK",48323,38,20,0,0,18,1,0,0,0,1,37,20,0,17
1997,"MAVERICK",48323,59,35,1,2,21,4,0,1,2,1,55,35,0,20
1998,"MAVERICK",48323,48,37,0,0,11,0,0,0,0,0,48,37,0,11
1999,"MAVERICK",48323,35,33,0,0,2,3,2,0,0,1,32,31,0,1
2000,"MAVERICK",48323,32,20,1,0,11,4,0,1,0,3,28,20,0,8
2001,"MAVERICK",48323,69,49,1,0,19,9,3,1,0,5,60,46,0,14
2002,"MAVERICK",48323,58,42,1,0,15,6,1,1,0,4,52,41,0,11
2003,"MAVERICK",48323,68,49,0,0,19,10,3,0,0,7,58,46,0,12
1990,"MEDINA",48325,34,17,4,1,12,8,4,3,1,0,26,13,1,12
1991,"MEDINA",48325,63,39,0,3,21,6,2,0,3,1,57,37,0,20
1992,"MEDINA",48325,73,44,0,3,26,11,6,0,3,2,62,38,0,24
1993,"MEDINA",48325,42,23,0,1,18,7,5,0,1,1,35,18,0,17
1994,"MEDINA",48325,57,29,1,1,26,5,2,1,1,1,52,27,0,25
1995,"MEDINA",48325,78,37,2,0,39,10,5,2,0,3,68,32,0,36
1996,"MEDINA",48325,84,35,0,2,47,3,1,0,2,0,81,34,0,47
1997,"MEDINA",48325,106,47,1,0,58,3,0,1,0,2,103,47,0,56
1998,"MEDINA",48325,85,40,0,1,44,3,1,0,1,1,82,39,0,43
1999,"MEDINA",48325,85,47,0,0,38,3,3,0,0,0,82,44,0,38
2000,"MEDINA",48325,83,50,0,0,33,0,0,0,0,0,83,50,0,33
2001,"MEDINA",48325,108,65,0,0,43,3,3,0,0,0,105,62,0,43
2002,"MEDINA",48325,87,54,0,0,33,0,0,0,0,0,87,54,0,33
2003,"MEDINA",48325,119,64,2,0,53,5,0,2,0,3,114,64,0,50
1990,"MENARD",48327,1,0,0,0,0,1,0,0,1,0,0,0,0,0
1991,"MENARD",48327,1,0,1,0,0,1,0,1,0,0,0,0,0,0
1993,"MENARD",48327,3,3,0,0,0,1,1,0,0,0,2,2,0,0
1994,"MENARD",48327,1,1,0,0,0,0,0,0,0,0,1,1,0,0
1996,"MENARD",48327,1,1,0,0,0,0,0,0,0,0,1,1,0,0
1997,"MENARD",48327,3,2,0,0,1,0,0,0,0,0,3,2,0,1
1998,"MENARD",48327,7,3,0,0,4,1,0,0,0,1,6,3,0,3
1999,"MENARD",48327,6,4,0,1,1,1,0,0,1,0,5,4,0,1
2000,"MENARD",48327,3,2,0,0,1,0,0,0,0,0,3,2,0,1
2001,"MENARD",48327,7,4,0,0,3,0,0,0,0,0,7,4,0,3
2002,"MENARD",48327,3,3,0,0,0,0,0,0,0,0,3,3,0,0
2003,"MENARD",48327,2,2,0,0,0,0,0,0,0,0,2,2,0,0
1990,"MIDLAND",48329,177,147,9,0,21,19,8,6,0,5,158,139,3,16
1991,"MIDLAND",48329,177,151,15,0,11,23,10,13,0,0,154,141,2,11
1992,"MIDLAND",48329,157,133,9,1,14,24,11,9,1,3,133,122,0,11
1993,"MIDLAND",48329,156,141,8,0,7,32,22,8,0,2,124,119,0,5
1994,"MIDLAND",48329,111,91,5,0,15,19,11,5,0,3,92,80,0,12
1995,"MIDLAND",48329,157,133,9,0,15,31,16,9,0,6,126,117,0,9
1996,"MIDLAND",48329,221,165,7,0,49,39,24,7,0,8,182,141,0,41
1997,"MIDLAND",48329,272,207,7,1,57,32,18,7,1,6,240,189,0,51
1998,"MIDLAND",48329,245,198,1,0,46,10,8,1,0,1,235,190,0,45
1999,"MIDLAND",48329,303,237,6,0,60,15,8,6,0,1,288,229,0,59
2000,"MIDLAND",48329,388,278,10,1,99,23,11,10,1,1,365,267,0,98
2001,"MIDLAND",48329,304,246,2,0,56,11,6,2,0,3,293,240,0,53
2002,"MIDLAND",48329,301,237,7,0,57,16,8,5,0,3,285,229,2,54
2003,"MIDLAND",48329,325,249,4,0,72,15,9,4,0,2,310,240,0,70
1990,"MILAM",48331,34,24,0,0,10,3,1,0,0,2,31,23,0,8
1991,"MILAM",48331,26,11,3,0,12,4,0,3,0,1,22,11,0,11
1992,"MILAM",48331,28,17,4,0,7,3,1,2,0,0,25,16,2,7
1993,"MILAM",48331,24,16,0,0,8,1,1,0,0,0,23,15,0,8
1994,"MILAM",48331,29,16,0,2,11,2,0,0,2,0,27,16,0,11
1995,"MILAM",48331,37,18,0,0,19,2,1,0,0,1,35,17,0,18
1996,"MILAM",48331,39,23,1,0,15,2,1,1,0,0,37,22,0,15
1997,"MILAM",48331,54,37,0,0,17,2,2,0,0,0,52,35,0,17
1998,"MILAM",48331,54,39,1,0,14,2,1,1,0,0,52,38,0,14
1999,"MILAM",48331,56,39,0,1,16,1,0,0,1,0,55,39,0,16
2000,"MILAM",48331,38,26,0,0,11,3,1,0,0,1,35,25,0,10
2001,"MILAM",48331,62,36,0,0,26,0,0,0,0,0,62,36,0,26
2002,"MILAM",48331,67,39,0,0,28,1,0,0,0,1,66,39,0,27
2003,"MILAM",48331,68,40,0,0,28,1,1,0,0,0,67,39,0,28
1990,"MILLS",48333,2,0,0,0,0,2,0,0,1,1,0,0,0,0
1991,"MILLS",48333,2,1,0,0,1,0,0,0,0,0,2,1,0,1
1992,"MILLS",48333,5,4,0,1,0,2,1,0,1,0,3,3,0,0
1993,"MILLS",48333,4,4,0,0,0,1,1,0,0,0,3,3,0,0
1994,"MILLS",48333,7,5,0,1,1,2,1,0,1,0,5,4,0,1
1995,"MILLS",48333,4,3,0,0,1,0,0,0,0,0,4,3,0,1
1996,"MILLS",48333,6,4,0,0,2,1,0,0,0,1,5,4,0,1
1997,"MILLS",48333,5,4,0,0,1,0,0,0,0,0,5,4,0,1
1998,"MILLS",48333,7,5,0,0,2,0,0,0,0,0,7,5,0,2
1999,"MILLS",48333,10,7,0,1,2,2,1,0,1,0,8,6,0,2
2000,"MILLS",48333,16,10,0,0,6,2,1,0,0,1,14,9,0,5
2001,"MILLS",48333,7,6,0,0,1,1,1,0,0,0,6,5,0,1
2002,"MILLS",48333,5,3,0,0,2,1,0,0,0,1,4,3,0,1
2003,"MILLS",48333,9,7,0,0,2,0,0,0,0,0,9,7,0,2
1990,"MITCHELL",48335,7,4,1,1,1,4,1,1,1,1,3,3,0,0
1991,"MITCHELL",48335,11,7,3,0,1,5,2,3,0,0,6,5,0,1
1992,"MITCHELL",48335,8,5,1,1,1,3,1,1,1,0,5,4,0,1
1993,"MITCHELL",48335,9,6,1,2,0,4,1,1,2,0,5,5,0,0
1994,"MITCHELL",48335,3,2,0,0,1,0,0,0,0,0,3,2,0,1
1995,"MITCHELL",48335,8,6,0,0,2,3,3,0,0,0,5,3,0,2
1996,"MITCHELL",48335,19,10,0,1,8,2,1,0,1,0,17,9,0,8
1997,"MITCHELL",48335,19,9,0,0,10,1,1,0,0,0,18,8,0,10
1998,"MITCHELL",48335,24,16,0,0,8,1,1,0,0,0,23,15,0,8
1999,"MITCHELL",48335,14,11,0,0,3,2,2,0,0,0,12,9,0,3
2000,"MITCHELL",48335,19,9,0,0,10,0,0,0,0,0,19,9,0,10
2001,"MITCHELL",48335,22,14,0,1,7,2,1,0,1,0,20,13,0,7
2002,"MITCHELL",48335,37,23,0,0,14,2,1,0,0,1,35,22,0,13
2003,"MITCHELL",48335,24,15,0,0,9,0,0,0,0,0,24,15,0,9
1990,"MONTAGUE",48337,29,18,1,2,8,6,4,0,2,0,23,14,1,8
1991,"MONTAGUE",48337,30,13,2,1,14,7,5,1,1,0,23,8,1,14
1992,"MONTAGUE",48337,49,36,0,0,13,11,10,0,0,1,38,26,0,12
1993,"MONTAGUE",48337,20,9,0,0,11,5,1,0,0,4,15,8,0,7
1994,"MONTAGUE",48337,24,14,0,0,10,7,3,0,0,4,17,11,0,6
1995,"MONTAGUE",48337,51,29,0,1,21,9,3,0,1,5,42,26,0,16
1996,"MONTAGUE",48337,71,37,0,1,33,4,2,0,1,1,67,35,0,32
1997,"MONTAGUE",48337,83,36,0,0,47,9,4,0,0,5,74,32,0,42
1998,"MONTAGUE",48337,95,56,0,0,39,7,3,0,0,4,88,53,0,35
1999,"MONTAGUE",48337,68,39,0,0,29,0,0,0,0,0,68,39,0,29
2000,"MONTAGUE",48337,62,29,0,0,33,3,2,0,0,1,59,27,0,32
2001,"MONTAGUE",48337,85,39,0,1,45,1,0,0,1,0,84,39,0,45
2002,"MONTAGUE",48337,89,54,0,0,35,1,1,0,0,0,88,53,0,35
2003,"MONTAGUE",48337,70,39,1,1,29,6,3,1,1,1,64,36,0,28
1990,"MONTGOMERY",48339,449,330,11,1,107,39,21,11,1,6,410,309,0,101
1991,"MONTGOMERY",48339,476,331,18,0,127,27,10,15,0,2,449,321,3,125
1992,"MONTGOMERY",48339,363,252,13,1,97,35,17,12,1,5,328,235,1,92
1993,"MONTGOMERY",48339,311,195,12,0,104,11,4,7,0,0,300,191,5,104
1994,"MONTGOMERY",48339,256,170,6,0,80,4,0,4,0,0,252,170,2,80
1995,"MONTGOMERY",48339,297,197,2,0,97,6,3,2,0,0,291,194,0,97
1996,"MONTGOMERY",48339,390,271,5,0,114,7,2,5,0,0,383,269,0,114
1997,"MONTGOMERY",48339,452,325,1,0,126,9,5,1,0,3,443,320,0,123
1998,"MONTGOMERY",48339,525,386,4,0,135,18,10,4,0,4,507,376,0,131
1999,"MONTGOMERY",48339,510,382,9,0,119,14,4,9,0,1,496,378,0,118
2000,"MONTGOMERY",48339,499,336,3,0,160,23,17,3,0,3,476,319,0,157
2001,"MONTGOMERY",48339,642,437,5,0,200,26,16,5,0,5,616,421,0,195
2002,"MONTGOMERY",48339,951,650,5,0,296,18,12,3,0,3,933,638,2,293
2003,"MONTGOMERY",48339,1291,833,11,0,446,34,22,8,0,3,1257,811,3,443
1990,"MOORE",48341,23,20,2,1,0,8,5,2,1,0,15,15,0,0
1991,"MOORE",48341,21,17,1,0,3,2,1,1,0,0,19,16,0,3
1992,"MOORE",48341,39,22,0,2,15,5,2,0,2,1,34,20,0,14
1993,"MOORE",48341,35,8,1,0,26,3,2,1,0,0,32,6,0,26
1994,"MOORE",48341,38,17,0,0,21,2,1,0,0,1,36,16,0,20
1995,"MOORE",48341,32,16,0,0,16,1,1,0,0,0,31,15,0,16
1996,"MOORE",48341,34,25,0,0,9,0,0,0,0,0,34,25,0,9
1997,"MOORE",48341,58,41,0,2,15,5,3,0,2,0,53,38,0,15
1998,"MOORE",48341,63,40,0,0,23,2,2,0,0,0,61,38,0,23
1999,"MOORE",48341,60,33,0,1,26,3,2,0,1,0,57,31,0,26
2000,"MOORE",48341,39,22,0,0,17,5,4,0,0,1,34,18,0,16
2001,"MOORE",48341,57,38,2,1,16,7,4,2,1,0,50,34,0,16
2002,"MOORE",48341,59,40,0,0,19,5,4,0,0,1,54,36,0,18
2003,"MOORE",48341,45,33,0,1,11,4,3,0,1,0,41,30,0,11
1990,"MORRIS",48343,7,3,2,0,2,2,0,2,0,0,5,3,0,2
1991,"MORRIS",48343,9,0,0,0,9,1,0,0,0,1,8,0,0,8
1992,"MORRIS",48343,10,7,0,0,3,1,0,0,0,1,9,7,0,2
1993,"MORRIS",48343,12,5,0,0,7,0,0,0,0,0,12,5,0,7
1994,"MORRIS",48343,13,2,0,2,9,4,0,0,2,2,9,2,0,7
1995,"MORRIS",48343,5,3,0,0,2,1,0,0,0,1,4,3,0,1
1996,"MORRIS",48343,24,10,1,0,13,2,0,1,0,1,22,10,0,12
1997,"MORRIS",48343,28,9,1,0,18,5,2,1,0,2,23,7,0,16
1998,"MORRIS",48343,30,7,0,1,22,2,0,0,1,1,28,7,0,21
1999,"MORRIS",48343,28,14,0,0,14,4,3,0,0,1,24,11,0,13
2000,"MORRIS",48343,34,13,0,0,21,1,0,0,0,1,33,13,0,20
2001,"MORRIS",48343,32,13,0,0,19,0,0,0,0,0,32,13,0,19
2002,"MORRIS",48343,26,9,1,0,16,1,0,1,0,0,25,9,0,16
2003,"MORRIS",48343,41,25,0,0,16,1,1,0,0,0,40,24,0,16
1990,"MOTLEY",48345,1,1,0,0,0,1,1,0,0,0,0,0,0,0
1992,"MOTLEY",48345,3,2,0,0,1,2,2,0,0,0,1,0,0,1
1993,"MOTLEY",48345,2,2,0,0,0,1,1,0,0,0,1,1,0,0
1994,"MOTLEY",48345,1,0,0,0,1,0,0,0,0,0,1,0,0,1
1995,"MOTLEY",48345,3,1,1,0,1,1,0,1,0,0,2,1,0,1
1996,"MOTLEY",48345,2,1,0,0,1,0,0,0,0,0,2,1,0,1
1997,"MOTLEY",48345,2,1,0,0,1,0,0,0,0,0,2,1,0,1
1998,"MOTLEY",48345,1,1,0,0,0,0,0,0,0,0,1,1,0,0
1999,"MOTLEY",48345,2,2,0,0,0,1,1,0,0,0,1,1,0,0
2000,"MOTLEY",48345,4,4,0,0,0,1,1,0,0,0,3,3,0,0
2001,"MOTLEY",48345,3,2,0,0,1,1,1,0,0,0,2,1,0,1
2003,"MOTLEY",48345,4,4,0,0,0,0,0,0,0,0,4,4,0,0
1990,"NACOGDOCHES",48347,53,40,2,2,9,14,5,1,2,6,39,35,1,3
1991,"NACOGDOCHES",48347,47,35,4,0,8,12,5,4,0,3,35,30,0,5
1992,"NACOGDOCHES",48347,86,50,7,2,27,16,7,5,2,2,70,43,2,25
1993,"NACOGDOCHES",48347,70,36,1,2,31,13,5,1,2,5,57,31,0,26
1994,"NACOGDOCHES",48347,60,24,5,1,30,10,2,5,1,2,50,22,0,28
1995,"NACOGDOCHES",48347,66,26,3,0,37,10,0,3,0,7,56,26,0,30
1996,"NACOGDOCHES",48347,110,47,2,0,61,12,3,2,0,7,98,44,0,54
1997,"NACOGDOCHES",48347,122,61,0,1,60,5,2,0,1,2,117,59,0,58
1998,"NACOGDOCHES",48347,150,85,0,1,64,10,5,0,1,4,140,80,0,60
1999,"NACOGDOCHES",48347,111,58,3,0,50,11,3,3,0,5,100,55,0,45
2000,"NACOGDOCHES",48347,146,70,0,0,76,17,6,0,0,11,129,64,0,65
2001,"NACOGDOCHES",48347,163,82,3,0,78,19,6,2,0,11,144,76,1,67
2002,"NACOGDOCHES",48347,174,76,0,0,98,25,7,0,0,18,149,69,0,80
2003,"NACOGDOCHES",48347,163,65,0,1,97,8,0,0,1,7,155,65,0,90
1990,"NAVARRO",48349,55,31,2,0,22,12,9,1,0,2,43,22,1,20
1991,"NAVARRO",48349,58,37,1,0,20,7,4,1,0,2,51,33,0,18
1992,"NAVARRO",48349,64,39,4,0,21,9,4,3,0,2,55,35,1,19
1993,"NAVARRO",48349,49,27,1,0,21,8,3,1,0,4,41,24,0,17
1994,"NAVARRO",48349,52,28,0,0,24,5,2,0,0,3,47,26,0,21
1995,"NAVARRO",48349,62,45,1,1,15,10,6,1,1,2,52,39,0,13
1996,"NAVARRO",48349,78,47,3,0,28,11,3,3,0,5,67,44,0,23
1997,"NAVARRO",48349,98,62,3,0,33,8,4,2,0,2,90,58,1,31
1998,"NAVARRO",48349,92,59,2,0,31,10,8,2,0,0,82,51,0,31
1999,"NAVARRO",48349,98,50,1,0,47,5,4,1,0,0,93,46,0,47
2000,"NAVARRO",48349,66,41,0,0,25,3,2,0,0,1,63,39,0,24
2001,"NAVARRO",48349,106,63,0,0,43,0,0,0,0,0,106,63,0,43
2002,"NAVARRO",48349,104,56,0,0,48,1,0,0,0,1,103,56,0,47
2003,"NAVARRO",48349,147,85,0,0,62,6,3,0,0,3,141,82,0,59
1990,"NEWTON",48351,13,9,0,0,4,2,1,0,0,1,11,8,0,3
1991,"NEWTON",48351,22,8,0,0,14,2,0,0,0,2,20,8,0,12
1992,"NEWTON",48351,9,4,0,0,5,1,1,0,0,0,8,3,0,5
1993,"NEWTON",48351,15,6,0,0,9,1,0,0,0,1,14,6,0,8
1994,"NEWTON",48351,20,8,0,0,12,0,0,0,0,0,20,8,0,12
1995,"NEWTON",48351,25,7,0,0,18,0,0,0,0,0,25,7,0,18
1996,"NEWTON",48351,62,24,1,0,37,1,0,1,0,0,61,24,0,37
1997,"NEWTON",48351,66,19,0,0,47,1,1,0,0,0,65,18,0,47
1998,"NEWTON",48351,55,22,0,0,33,3,2,0,0,1,52,20,0,32
1999,"NEWTON",48351,52,16,0,0,36,1,1,0,0,0,51,15,0,36
2000,"NEWTON",48351,48,23,0,0,25,3,2,0,0,1,45,21,0,24
2001,"NEWTON",48351,45,19,0,0,26,3,1,0,0,2,42,18,0,24
2002,"NEWTON",48351,49,22,0,0,27,0,0,0,0,0,49,22,0,27
2003,"NEWTON",48351,67,29,0,0,38,1,0,0,0,1,66,29,0,37
1990,"NOLAN",48353,25,21,0,1,3,13,10,0,1,2,12,11,0,1
1991,"NOLAN",48353,23,18,0,2,3,6,2,0,2,2,17,16,0,1
1992,"NOLAN",48353,18,14,0,1,3,6,4,0,1,1,12,10,0,2
1993,"NOLAN",48353,17,15,0,0,2,4,2,0,0,2,13,13,0,0
1994,"NOLAN",48353,21,16,0,0,5,2,1,0,0,1,19,15,0,4
1995,"NOLAN",48353,21,14,0,0,7,3,1,0,0,2,18,13,0,5
1996,"NOLAN",48353,60,21,0,3,36,4,0,0,3,1,56,21,0,35
1997,"NOLAN",48353,82,34,0,1,47,5,2,0,1,2,77,32,0,45
1998,"NOLAN",48353,81,46,0,0,35,11,7,0,0,4,70,39,0,31
1999,"NOLAN",48353,49,27,0,0,22,4,1,0,0,3,45,26,0,19
2000,"NOLAN",48353,59,19,0,0,40,3,1,0,0,2,56,18,0,38
2001,"NOLAN",48353,84,42,0,1,41,3,0,0,1,2,81,42,0,39
2002,"NOLAN",48353,73,33,0,1,39,5,2,0,1,2,68,31,0,37
2003,"NOLAN",48353,68,34,2,1,31,3,0,2,1,0,65,34,0,31
1990,"NUECES",48355,881,502,52,1,326,87,27,44,1,15,794,475,8,311
1991,"NUECES",48355,915,495,30,2,387,80,34,28,2,15,835,461,2,372
1992,"NUECES",48355,903,380,42,0,481,109,39,33,0,37,794,341,9,444
1993,"NUECES",48355,884,319,25,1,539,62,13,20,1,28,822,306,5,511
1994,"NUECES",48355,783,335,11,0,437,35,15,10,0,10,748,320,1,427
1995,"NUECES",48355,809,308,16,1,484,39,12,13,1,13,770,296,3,471
1996,"NUECES",48355,1239,503,13,0,723,62,22,13,0,27,1177,481,0,696
1997,"NUECES",48355,1470,561,25,0,884,85,24,20,0,41,1385,537,5,843
1998,"NUECES",48355,1245,576,14,0,655,74,30,11,0,33,1171,546,3,622
1999,"NUECES",48355,1132,499,17,0,616,68,18,16,0,34,1064,481,1,582
2000,"NUECES",48355,1084,489,15,0,580,58,19,12,0,27,1026,470,3,553
2001,"NUECES",48355,1068,511,13,0,544,53,21,13,0,19,1015,490,0,525
2002,"NUECES",48355,1018,506,12,1,499,34,19,12,1,2,984,487,0,497
2003,"NUECES",48355,1183,589,13,2,579,41,20,11,2,8,1142,569,2,571
1990,"OCHILTREE",48357,20,17,0,2,1,4,2,0,2,0,16,15,0,1
1991,"OCHILTREE",48357,12,8,3,1,0,4,0,3,1,0,8,8,0,0
1992,"OCHILTREE",48357,16,14,0,0,2,4,4,0,0,0,12,10,0,2
1993,"OCHILTREE",48357,12,8,0,1,3,3,2,0,1,0,9,6,0,3
1994,"OCHILTREE",48357,13,9,0,0,4,0,0,0,0,0,13,9,0,4
1995,"OCHILTREE",48357,12,11,0,0,1,0,0,0,0,0,12,11,0,1
1996,"OCHILTREE",48357,13,10,0,0,3,0,0,0,0,0,13,10,0,3
1997,"OCHILTREE",48357,18,16,0,0,2,1,0,0,0,1,17,16,0,1
1998,"OCHILTREE",48357,19,14,0,0,5,0,0,0,0,0,19,14,0,5
1999,"OCHILTREE",48357,30,23,0,0,7,0,0,0,0,0,30,23,0,7
2000,"OCHILTREE",48357,14,13,0,0,1,0,0,0,0,0,14,13,0,1
2001,"OCHILTREE",48357,19,18,0,0,1,0,0,0,0,0,19,18,0,1
2002,"OCHILTREE",48357,17,15,1,0,1,1,0,1,0,0,16,15,0,1
2003,"OCHILTREE",48357,27,23,1,0,3,4,2,1,0,1,23,21,0,2
1992,"OLDHAM",48359,5,3,0,0,2,0,0,0,0,0,5,3,0,2
1993,"OLDHAM",48359,8,6,0,0,2,0,0,0,0,0,8,6,0,2
1994,"OLDHAM",48359,2,1,0,0,1,0,0,0,0,0,2,1,0,1
1995,"OLDHAM",48359,7,4,1,0,2,1,0,0,0,1,6,4,1,1
1996,"OLDHAM",48359,6,3,0,0,3,0,0,0,0,0,6,3,0,3
1997,"OLDHAM",48359,10,4,0,0,6,1,0,0,0,1,9,4,0,5
1998,"OLDHAM",48359,14,9,0,0,5,0,0,0,0,0,14,9,0,5
1999,"OLDHAM",48359,0,0,0,0,0,0,0,0,0,0,0,0,0,0
2000,"OLDHAM",48359,8,4,1,1,2,2,0,1,1,0,6,4,0,2
2001,"OLDHAM",48359,9,6,0,0,3,1,0,0,0,1,8,6,0,2
2002,"OLDHAM",48359,8,3,0,0,5,0,0,0,0,0,8,3,0,5
2003,"OLDHAM",48359,11,8,0,0,3,0,0,0,0,0,11,8,0,3
1990,"ORANGE",48361,83,71,2,0,10,22,15,2,0,5,61,56,0,5
1991,"ORANGE",48361,185,78,2,0,105,14,11,1,0,2,171,67,1,103
1992,"ORANGE",48361,178,64,2,0,112,10,5,2,0,3,168,59,0,109
1993,"ORANGE",48361,181,79,3,0,99,7,2,3,0,2,174,77,0,97
1994,"ORANGE",48361,179,77,3,0,99,8,5,3,0,0,171,72,0,99
1995,"ORANGE",48361,193,58,1,0,134,5,2,1,0,2,188,56,0,132
1996,"ORANGE",48361,275,100,1,0,174,8,3,1,0,4,267,97,0,170
1997,"ORANGE",48361,380,178,0,0,202,4,3,0,0,1,376,175,0,201
1998,"ORANGE",48361,306,155,0,0,151,4,4,0,0,0,302,151,0,151
1999,"ORANGE",48361,333,152,0,0,181,4,3,0,0,1,329,149,0,180
2000,"ORANGE",48361,319,148,2,0,169,7,3,2,0,2,312,145,0,167
2001,"ORANGE",48361,406,235,2,0,169,14,9,2,0,3,392,226,0,166
2002,"ORANGE",48361,371,201,0,0,170,11,7,0,0,4,360,194,0,166
2003,"ORANGE",48361,396,230,2,0,164,14,11,1,0,2,382,219,1,162
1990,"PALO PINTO",48363,36,26,1,0,9,2,1,1,0,0,34,25,0,9
1991,"PALO PINTO",48363,26,21,0,0,5,3,3,0,0,0,23,18,0,5
1992,"PALO PINTO",48363,53,36,2,0,15,3,1,2,0,0,50,35,0,15
1993,"PALO PINTO",48363,48,29,0,0,19,5,3,0,0,2,43,26,0,17
1994,"PALO PINTO",48363,36,24,0,0,12,5,3,0,0,2,31,21,0,10
1995,"PALO PINTO",48363,42,26,0,0,16,4,2,0,0,2,38,24,0,14
1996,"PALO PINTO",48363,66,46,1,0,19,2,1,1,0,0,64,45,0,19
1997,"PALO PINTO",48363,98,61,0,0,37,5,1,0,0,4,93,60,0,33
1998,"PALO PINTO",48363,89,55,0,0,34,2,0,0,0,2,87,55,0,32
1999,"PALO PINTO",48363,69,51,1,0,17,2,1,1,0,0,67,50,0,17
2000,"PALO PINTO",48363,86,47,0,0,39,1,0,0,0,1,85,47,0,38
2001,"PALO PINTO",48363,107,67,1,0,39,5,3,1,0,1,102,64,0,38
2002,"PALO PINTO",48363,104,60,0,0,44,1,1,0,0,0,103,59,0,44
2003,"PALO PINTO",48363,120,75,1,0,44,9,1,1,0,7,111,74,0,37
1990,"PANOLA",48365,17,13,0,1,3,2,1,0,1,0,15,12,0,3
1991,"PANOLA",48365,16,9,1,0,6,3,2,1,0,0,13,7,0,6
1992,"PANOLA",48365,19,9,0,0,10,4,2,0,0,2,15,7,0,8
1993,"PANOLA",48365,15,7,1,0,7,3,1,1,0,1,12,6,0,6
1994,"PANOLA",48365,22,11,0,0,11,2,2,0,0,0,20,9,0,11
1995,"PANOLA",48365,25,13,0,0,12,2,2,0,0,0,23,11,0,12
1996,"PANOLA",48365,35,15,0,1,19,6,2,0,1,3,29,13,0,16
1997,"PANOLA",48365,34,21,0,0,13,3,2,0,0,1,31,19,0,12
1998,"PANOLA",48365,45,28,0,0,17,2,1,0,0,1,43,27,0,16
1999,"PANOLA",48365,68,34,0,1,33,8,2,0,1,5,60,32,0,28
2000,"PANOLA",48365,50,21,0,0,29,1,1,0,0,0,49,20,0,29
2001,"PANOLA",48365,60,34,0,0,26,1,1,0,0,0,59,33,0,26
2002,"PANOLA",48365,73,30,0,0,43,3,1,0,0,2,70,29,0,41
2003,"PANOLA",48365,77,47,0,0,30,3,1,0,0,2,74,46,0,28
1990,"PARKER",48367,133,75,5,0,53,20,12,5,0,3,113,63,0,50
1991,"PARKER",48367,234,135,3,0,96,26,17,2,0,7,208,118,1,89
1992,"PARKER",48367,295,172,1,0,122,11,9,0,0,2,284,163,1,120
1993,"PARKER",48367,197,97,3,0,97,18,6,2,0,10,179,91,1,87
1994,"PARKER",48367,222,113,1,0,108,16,7,1,0,8,206,106,0,100
1995,"PARKER",48367,259,131,1,0,127,13,4,1,0,8,246,127,0,119
1996,"PARKER",48367,312,176,1,0,135,11,4,1,0,6,301,172,0,129
1997,"PARKER",48367,390,200,1,0,189,14,7,1,0,6,376,193,0,183
1998,"PARKER",48367,451,231,5,0,215,10,2,4,0,4,441,229,1,211
1999,"PARKER",48367,407,186,2,0,219,10,7,2,0,1,397,179,0,218
2000,"PARKER",48367,502,241,2,0,259,8,5,2,0,1,494,236,0,258
2001,"PARKER",48367,618,294,2,0,322,7,5,2,0,0,611,289,0,322
2002,"PARKER",48367,737,295,2,0,440,20,15,2,0,3,717,280,0,437
2003,"PARKER",48367,675,271,82,0,322,98,11,82,0,5,577,260,0,317
1990,"PARMER",48369,12,10,2,0,0,8,6,2,0,0,4,4,0,0
1991,"PARMER",48369,12,11,0,1,0,4,3,0,1,0,8,8,0,0
1992,"PARMER",48369,17,9,0,0,8,2,2,0,0,0,15,7,0,8
1993,"PARMER",48369,17,4,0,0,13,1,1,0,0,0,16,3,0,13
1994,"PARMER",48369,6,4,0,0,2,1,1,0,0,0,5,3,0,2
1995,"PARMER",48369,10,4,0,0,6,0,0,0,0,0,10,4,0,6
1996,"PARMER",48369,20,11,0,2,7,3,1,0,2,0,17,10,0,7
1997,"PARMER",48369,22,11,0,0,11,1,1,0,0,0,21,10,0,11
1998,"PARMER",48369,28,20,0,0,8,2,1,0,0,1,26,19,0,7
1999,"PARMER",48369,26,17,1,2,6,6,3,1,2,0,20,14,0,6
2000,"PARMER",48369,25,14,0,0,11,2,2,0,0,0,23,12,0,11
2001,"PARMER",48369,32,25,1,0,6,6,5,1,0,0,26,20,0,6
2002,"PARMER",48369,31,25,0,0,6,3,2,0,0,1,28,23,0,5
2003,"PARMER",48369,17,14,0,0,3,0,0,0,0,0,17,14,0,3
1990,"PECOS",48371,5,3,0,0,2,2,1,0,0,1,3,2,0,1
1991,"PECOS",48371,9,3,3,1,2,5,1,3,1,0,4,2,0,2
1992,"PECOS",48371,9,9,0,0,0,0,0,0,0,0,9,9,0,0
1993,"PECOS",48371,10,7,1,0,2,4,2,1,0,1,6,5,0,1
1994,"PECOS",48371,10,5,0,0,5,5,2,0,0,3,5,3,0,2
1995,"PECOS",48371,12,8,0,1,3,3,2,0,1,0,9,6,0,3
1996,"PECOS",48371,17,10,0,0,7,4,3,0,0,1,13,7,0,6
1997,"PECOS",48371,18,15,0,0,3,2,2,0,0,0,16,13,0,3
1998,"PECOS",48371,13,9,0,2,2,3,0,0,2,1,10,9,0,1
1999,"PECOS",48371,17,13,0,1,3,1,0,0,1,0,16,13,0,3
2000,"PECOS",48371,16,10,0,0,6,0,0,0,0,0,16,10,0,6
2001,"PECOS",48371,20,19,0,0,1,0,0,0,0,0,20,19,0,1
2002,"PECOS",48371,21,19,0,0,2,0,0,0,0,0,21,19,0,2
2003,"PECOS",48371,18,13,0,0,5,0,0,0,0,0,18,13,0,5
1990,"POLK",48373,45,27,7,0,11,10,3,6,0,1,35,24,1,10
1991,"POLK",48373,38,33,2,0,3,4,1,2,0,1,34,32,0,2
1992,"POLK",48373,47,35,0,0,12,5,3,0,0,2,42,32,0,10
1993,"POLK",48373,48,22,0,0,26,4,4,0,0,0,44,18,0,26
1994,"POLK",48373,37,23,1,0,13,1,0,1,0,0,36,23,0,13
1995,"POLK",48373,53,39,0,0,14,1,0,0,0,1,52,39,0,13
1996,"POLK",48373,67,36,1,0,30,7,3,1,0,3,60,33,0,27
1997,"POLK",48373,98,53,2,0,43,4,0,2,0,2,94,53,0,41
1998,"POLK",48373,90,59,1,0,30,7,4,1,0,2,83,55,0,28
1999,"POLK",48373,92,47,0,0,45,4,1,0,0,3,88,46,0,42
2000,"POLK",48373,117,62,0,0,55,15,4,0,0,11,102,58,0,44
2001,"POLK",48373,146,78,2,0,66,12,3,2,0,7,134,75,0,59
2002,"POLK",48373,140,74,2,0,64,8,1,1,0,6,132,73,1,58
2003,"POLK",48373,156,74,0,0,82,6,0,0,0,6,150,74,0,76
1990,"POTTER",48375,155,135,10,0,10,24,11,10,0,3,131,124,0,7
1991,"POTTER",48375,185,147,0,0,38,17,12,0,0,5,168,135,0,33
1992,"POTTER",48375,413,200,8,3,202,28,12,8,3,5,385,188,0,197
1993,"POTTER",48375,337,172,8,0,157,18,10,6,0,2,319,162,2,155
1994,"POTTER",48375,295,135,1,0,159,16,11,1,0,4,279,124,0,155
1995,"POTTER",48375,247,127,2,0,118,8,5,2,0,1,239,122,0,117
1996,"POTTER",48375,360,184,1,0,175,12,6,1,0,5,348,178,0,170
1997,"POTTER",48375,541,290,2,0,249,20,11,2,0,7,521,279,0,242
1998,"POTTER",48375,539,353,3,1,182,11,4,3,1,3,528,349,0,179
1999,"POTTER",48375,453,288,1,0,164,9,6,1,0,2,444,282,0,162
2000,"POTTER",48375,452,275,4,0,173,24,10,4,0,10,428,265,0,163
2001,"POTTER",48375,553,377,5,0,171,18,9,4,0,5,535,368,1,166
2002,"POTTER",48375,557,367,2,0,188,38,21,2,0,15,519,346,0,173
2003,"POTTER",48375,507,345,0,0,162,13,9,0,0,4,494,336,0,158
1991,"PRESIDIO",48377,2,1,0,1,0,2,1,0,1,0,0,0,0,0
1992,"PRESIDIO",48377,2,1,0,1,0,1,0,0,1,0,1,1,0,0
1993,"PRESIDIO",48377,1,0,0,0,1,0,0,0,0,0,1,0,0,1
1994,"PRESIDIO",48377,1,1,0,0,0,0,0,0,0,0,1,1,0,0
1996,"PRESIDIO",48377,1,1,0,0,0,0,0,0,0,0,1,1,0,0
1997,"PRESIDIO",48377,7,5,0,0,2,1,0,0,0,1,6,5,0,1
1998,"PRESIDIO",48377,1,1,0,0,0,0,0,0,0,0,1,1,0,0
1999,"PRESIDIO",48377,0,0,0,0,0,0,0,0,0,0,0,0,0,0
2000,"PRESIDIO",48377,4,2,0,0,2,0,0,0,0,0,4,2,0,2
2001,"PRESIDIO",48377,6,5,1,0,0,1,0,1,0,0,5,5,0,0
2002,"PRESIDIO",48377,8,7,0,0,1,0,0,0,0,0,8,7,0,1
2003,"PRESIDIO",48377,3,3,0,0,0,0,0,0,0,0,3,3,0,0
1990,"RAINS",48379,12,6,2,0,4,1,0,1,0,0,11,6,1,4
1991,"RAINS",48379,11,4,0,0,7,2,0,0,0,2,9,4,0,5
1992,"RAINS",48379,13,7,0,0,6,1,0,0,0,1,12,7,0,5
1993,"RAINS",48379,12,7,0,0,5,1,0,0,0,1,11,7,0,4
1994,"RAINS",48379,16,9,0,0,7,0,0,0,0,0,16,9,0,7
1995,"RAINS",48379,15,5,0,1,9,4,1,0,1,2,11,4,0,7
1996,"RAINS",48379,30,20,0,0,10,2,1,0,0,1,28,19,0,9
1997,"RAINS",48379,32,16,0,0,16,4,3,0,0,1,28,13,0,15
1998,"RAINS",48379,33,15,0,0,18,0,0,0,0,0,33,15,0,18
1999,"RAINS",48379,36,22,0,0,14,1,0,0,0,1,35,22,0,13
2000,"RAINS",48379,25,14,0,0,11,1,0,0,0,1,24,14,0,10
2001,"RAINS",48379,51,26,4,0,21,4,1,3,0,0,47,25,1,21
2002,"RAINS",48379,36,17,0,1,18,1,0,0,1,0,35,17,0,18
2003,"RAINS",48379,43,26,0,0,17,2,2,0,0,0,41,24,0,17
1990,"RANDALL",48381,172,149,6,0,17,42,33,6,0,3,130,116,0,14
1991,"RANDALL",48381,178,142,3,0,33,20,19,1,0,0,158,123,2,33
1992,"RANDALL",48381,267,141,1,0,125,10,7,1,0,2,257,134,0,123
1993,"RANDALL",48381,236,126,3,0,107,10,7,3,0,0,226,119,0,107
1994,"RANDALL",48381,239,121,4,0,114,17,7,4,0,6,222,114,0,108
1995,"RANDALL",48381,189,104,4,1,80,18,7,4,1,6,171,97,0,74
1996,"RANDALL",48381,312,189,2,0,121,13,10,2,0,1,299,179,0,120
1997,"RANDALL",48381,398,241,1,0,156,15,10,1,0,4,383,231,0,152
1998,"RANDALL",48381,436,300,1,0,135,19,14,1,0,4,417,286,0,131
1999,"RANDALL",48381,421,300,3,0,118,23,17,3,0,3,398,283,0,115
2000,"RANDALL",48381,385,251,0,0,134,19,12,0,0,7,366,239,0,127
2001,"RANDALL",48381,488,358,2,0,128,27,21,2,0,4,461,337,0,124
2002,"RANDALL",48381,437,289,3,0,145,30,14,3,0,13,407,275,0,132
2003,"RANDALL",48381,475,356,2,0,117,17,11,2,0,4,458,345,0,113
1990,"REAGAN",48383,6,5,0,0,1,2,2,0,0,0,4,3,0,1
1991,"REAGAN",48383,4,4,0,0,0,1,1,0,0,0,3,3,0,0
1992,"REAGAN",48383,3,3,0,0,0,1,1,0,0,0,2,2,0,0
1993,"REAGAN",48383,4,4,0,0,0,2,2,0,0,0,2,2,0,0
1994,"REAGAN",48383,9,8,0,0,1,2,1,0,0,1,7,7,0,0
1995,"REAGAN",48383,10,6,0,0,4,4,2,0,0,2,6,4,0,2
1996,"REAGAN",48383,8,6,0,1,1,3,2,0,1,0,5,4,0,1
1997,"REAGAN",48383,15,9,1,0,5,3,2,1,0,0,12,7,0,5
1998,"REAGAN",48383,16,12,0,0,4,0,0,0,0,0,16,12,0,4
1999,"REAGAN",48383,9,8,0,0,1,0,0,0,0,0,9,8,0,1
2000,"REAGAN",48383,16,13,0,0,3,2,1,0,0,1,14,12,0,2
2001,"REAGAN",48383,8,6,0,0,2,1,1,0,0,0,7,5,0,2
2002,"REAGAN",48383,11,5,1,2,3,3,0,1,2,0,8,5,0,3
2003,"REAGAN",48383,5,2,0,1,2,1,0,0,1,0,4,2,0,2
1990,"REAL",48385,4,4,0,0,0,0,0,0,0,0,4,4,0,0
1991,"REAL",48385,4,2,1,0,1,2,1,1,0,0,2,1,0,1
1992,"REAL",48385,1,1,0,0,0,0,0,0,0,0,1,1,0,0
1993,"REAL",48385,2,1,0,0,1,0,0,0,0,0,2,1,0,1
1994,"REAL",48385,1,0,0,0,1,0,0,0,0,0,1,0,0,1
1995,"REAL",48385,2,0,0,0,2,0,0,0,0,0,2,0,0,2
1996,"REAL",48385,3,2,0,0,1,1,1,0,0,0,2,1,0,1
1997,"REAL",48385,3,2,0,0,1,1,0,0,0,1,2,2,0,0
1998,"REAL",48385,3,3,0,0,0,0,0,0,0,0,3,3,0,0
1999,"REAL",48385,3,3,0,0,0,0,0,0,0,0,3,3,0,0
2000,"REAL",48385,4,2,0,0,2,0,0,0,0,0,4,2,0,2
2001,"REAL",48385,7,7,0,0,0,3,3,0,0,0,4,4,0,0
2002,"REAL",48385,6,6,0,0,0,0,0,0,0,0,6,6,0,0
2003,"REAL",48385,6,3,0,0,3,0,0,0,0,0,6,3,0,3
1990,"RED RIVER",48387,4,2,0,0,2,1,1,0,0,0,3,1,0,2
1991,"RED RIVER",48387,11,5,4,0,2,6,1,4,0,1,5,4,0,1
1992,"RED RIVER",48387,8,4,1,1,2,2,1,0,1,0,6,3,1,2
1993,"RED RIVER",48387,8,6,0,0,2,4,2,0,0,2,4,4,0,0
1994,"RED RIVER",48387,9,6,0,0,3,2,2,0,0,0,7,4,0,3
1995,"RED RIVER",48387,15,9,0,0,6,1,1,0,0,0,14,8,0,6
1996,"RED RIVER",48387,19,10,2,0,7,4,0,2,0,2,15,10,0,5
1997,"RED RIVER",48387,22,14,0,0,8,3,2,0,0,1,19,12,0,7
1998,"RED RIVER",48387,24,13,2,0,9,3,1,1,0,1,21,12,1,8
1999,"RED RIVER",48387,27,19,0,0,8,1,1,0,0,0,26,18,0,8
2000,"RED RIVER",48387,26,14,2,0,10,1,0,1,0,0,25,14,1,10
2001,"RED RIVER",48387,35,28,0,0,7,1,1,0,0,0,34,27,0,7
2002,"RED RIVER",48387,31,20,0,0,11,0,0,0,0,0,31,20,0,11
2003,"RED RIVER",48387,41,37,0,0,4,1,1,0,0,0,40,36,0,4
1990,"REEVES",48389,10,8,1,0,1,1,0,1,0,0,9,8,0,1
1991,"REEVES",48389,10,6,1,2,1,3,0,1,2,0,7,6,0,1
1992,"REEVES",48389,5,4,1,0,0,2,1,1,0,0,3,3,0,0
1993,"REEVES",48389,2,2,0,0,0,1,1,0,0,0,1,1,0,0
1994,"REEVES",48389,5,5,0,0,0,0,0,0,0,0,5,5,0,0
1995,"REEVES",48389,16,6,9,0,1,9,0,9,0,0,7,6,0,1
1996,"REEVES",48389,13,8,0,1,4,2,1,0,1,0,11,7,0,4
1997,"REEVES",48389,13,7,0,2,4,4,0,0,2,2,9,7,0,2
1998,"REEVES",48389,17,12,0,0,5,2,1,0,0,1,15,11,0,4
1999,"REEVES",48389,16,13,0,0,3,0,0,0,0,0,16,13,0,3
2000,"REEVES",48389,25,17,0,0,8,1,1,0,0,0,24,16,0,8
2001,"REEVES",48389,19,16,0,0,3,0,0,0,0,0,19,16,0,3
2002,"REEVES",48389,14,12,0,0,2,2,1,0,0,1,12,11,0,1
2003,"REEVES",48389,26,21,2,0,3,5,3,2,0,0,21,18,0,3
1990,"REFUGIO",48391,10,6,0,2,2,2,0,0,2,0,8,6,0,2
1991,"REFUGIO",48391,13,9,0,0,4,0,0,0,0,0,13,9,0,4
1992,"REFUGIO",48391,8,5,1,0,2,2,2,0,0,0,6,3,1,2
1993,"REFUGIO",48391,7,5,0,0,2,0,0,0,0,0,7,5,0,2
1994,"REFUGIO",48391,3,2,0,0,1,0,0,0,0,0,3,2,0,1
1995,"REFUGIO",48391,19,7,0,0,12,1,0,0,0,1,18,7,0,11
1996,"REFUGIO",48391,25,15,0,0,10,0,0,0,0,0,25,15,0,10
1997,"REFUGIO",48391,29,11,0,0,18,0,0,0,0,0,29,11,0,18
1998,"REFUGIO",48391,25,14,0,0,11,1,0,0,0,1,24,14,0,10
1999,"REFUGIO",48391,16,8,0,0,8,0,0,0,0,0,16,8,0,8
2000,"REFUGIO",48391,18,9,1,0,8,1,0,1,0,0,17,9,0,8
2001,"REFUGIO",48391,21,12,0,0,9,0,0,0,0,0,21,12,0,9
2002,"REFUGIO",48391,15,10,0,0,5,0,0,0,0,0,15,10,0,5
2003,"REFUGIO",48391,21,16,0,0,5,0,0,0,0,0,21,16,0,5
1991,"ROBERTS",48393,1,1,0,0,0,0,0,0,0,0,1,1,0,0
1992,"ROBERTS",48393,1,0,0,0,1,0,0,0,0,0,1,0,0,1
1993,"ROBERTS",48393,1,0,0,0,1,0,0,0,0,0,1,0,0,1
1994,"ROBERTS",48393,1,0,0,0,1,0,0,0,0,0,1,0,0,1
1997,"ROBERTS",48393,1,1,0,0,0,0,0,0,0,0,1,1,0,0
1998,"ROBERTS",48393,4,3,0,0,1,1,1,0,0,0,3,2,0,1
1999,"ROBERTS",48393,0,0,0,0,0,0,0,0,0,0,0,0,0,0
2000,"ROBERTS",48393,1,1,0,0,0,0,0,0,0,0,1,1,0,0
2001,"ROBERTS",48393,1,0,0,0,1,0,0,0,0,0,1,0,0,1
2002,"ROBERTS",48393,3,1,0,0,2,1,0,0,0,1,2,1,0,1
1990,"ROBERTSON",48395,13,8,1,0,4,1,0,1,0,0,12,8,0,4
1991,"ROBERTSON",48395,13,8,1,3,1,4,0,1,3,0,9,8,0,1
1992,"ROBERTSON",48395,7,4,1,0,2,2,0,1,0,1,5,4,0,1
1993,"ROBERTSON",48395,10,7,0,0,3,0,0,0,0,0,10,7,0,3
1994,"ROBERTSON",48395,3,2,0,0,1,0,0,0,0,0,3,2,0,1
1995,"ROBERTSON",48395,8,7,0,0,1,0,0,0,0,0,8,7,0,1
1996,"ROBERTSON",48395,12,7,0,0,5,0,0,0,0,0,12,7,0,5
1997,"ROBERTSON",48395,20,9,1,0,10,2,1,1,0,0,18,8,0,10
1998,"ROBERTSON",48395,18,12,0,0,6,1,0,0,0,1,17,12,0,5
1999,"ROBERTSON",48395,14,7,0,0,7,0,0,0,0,0,14,7,0,7
2000,"ROBERTSON",48395,16,10,0,0,6,0,0,0,0,0,16,10,0,6
2001,"ROBERTSON",48395,27,23,0,0,4,1,0,0,0,1,26,23,0,3
2002,"ROBERTSON",48395,29,22,0,0,7,2,2,0,0,0,27,20,0,7
2003,"ROBERTSON",48395,27,19,0,1,7,3,0,0,1,2,24,19,0,5
1990,"ROCKWALL",48397,102,61,3,0,38,18,11,3,0,4,84,50,0,34
1991,"ROCKWALL",48397,124,69,7,0,48,19,8,6,0,5,105,61,1,43
1992,"ROCKWALL",48397,123,74,2,0,47,11,6,2,0,3,112,68,0,44
1993,"ROCKWALL",48397,98,63,5,0,30,26,17,5,0,4,72,46,0,26
1994,"ROCKWALL",48397,99,63,1,1,34,14,8,1,1,4,85,55,0,30
1995,"ROCKWALL",48397,131,59,3,0,69,21,5,3,0,13,110,54,0,56
1996,"ROCKWALL",48397,129,72,3,1,53,26,13,3,1,9,103,59,0,44
1997,"ROCKWALL",48397,145,79,2,2,62,9,1,2,2,4,136,78,0,58
1998,"ROCKWALL",48397,164,89,1,0,74,8,7,1,0,0,156,82,0,74
1999,"ROCKWALL",48397,134,75,2,0,57,11,4,2,0,5,123,71,0,52
2000,"ROCKWALL",48397,130,71,0,0,59,6,5,0,0,1,124,66,0,58
2001,"ROCKWALL",48397,208,117,3,0,88,11,8,3,0,0,197,109,0,88
2002,"ROCKWALL",48397,197,109,2,0,86,12,10,2,0,0,185,99,0,86
2003,"ROCKWALL",48397,318,179,1,0,138,18,16,1,0,1,300,163,0,137
1990,"RUNNELS",48399,17,15,0,1,1,9,8,0,1,0,8,7,0,1
1991,"RUNNELS",48399,16,10,1,3,2,7,2,1,3,1,9,8,0,1
1992,"RUNNELS",48399,14,7,0,1,6,7,1,0,1,5,7,6,0,1
1993,"RUNNELS",48399,14,11,0,0,3,4,2,0,0,2,10,9,0,1
1994,"RUNNELS",48399,6,4,0,0,2,1,0,0,0,1,5,4,0,1
1995,"RUNNELS",48399,18,15,0,1,2,6,5,0,1,0,12,10,0,2
1996,"RUNNELS",48399,18,7,0,1,10,6,4,0,1,1,12,3,0,9
1997,"RUNNELS",48399,31,14,0,1,16,6,1,0,1,4,25,13,0,12
1998,"RUNNELS",48399,39,23,0,1,15,6,5,0,1,0,33,18,0,15
1999,"RUNNELS",48399,40,21,0,0,19,4,2,0,0,2,36,19,0,17
2000,"RUNNELS",48399,38,23,0,0,15,4,3,0,0,1,34,20,0,14
2001,"RUNNELS",48399,43,32,0,0,11,2,1,0,0,1,41,31,0,10
2002,"RUNNELS",48399,27,17,0,0,10,2,0,0,0,2,25,17,0,8
2003,"RUNNELS",48399,34,20,0,1,13,3,1,0,1,1,31,19,0,12
1990,"RUSK",48401,36,19,2,0,15,6,2,2,0,2,30,17,0,13
1991,"RUSK",48401,46,28,1,1,16,10,5,1,1,3,36,23,0,13
1992,"RUSK",48401,47,26,2,1,18,8,3,2,1,2,39,23,0,16
1993,"RUSK",48401,42,22,0,0,20,5,2,0,0,3,37,20,0,17
1994,"RUSK",48401,33,20,1,0,12,5,3,1,0,1,28,17,0,11
1995,"RUSK",48401,58,28,2,0,28,9,4,2,0,3,49,24,0,25
1996,"RUSK",48401,92,38,0,1,53,8,2,0,1,5,84,36,0,48
1997,"RUSK",48401,121,42,1,0,78,10,4,1,0,5,111,38,0,73
1998,"RUSK",48401,143,55,2,0,86,5,2,2,0,1,138,53,0,85
1999,"RUSK",48401,102,39,0,0,63,6,3,0,0,3,96,36,0,60
2000,"RUSK",48401,114,46,2,0,66,8,4,2,0,2,106,42,0,64
2001,"RUSK",48401,151,66,1,0,84,6,4,1,0,1,145,62,0,83
2002,"RUSK",48401,149,58,1,0,90,5,1,1,0,3,144,57,0,87
2003,"RUSK",48401,158,66,0,2,90,3,1,0,2,0,155,65,0,90
1990,"SABINE",48403,6,4,1,0,1,2,1,1,0,0,4,3,0,1
1991,"SABINE",48403,8,8,0,0,0,0,0,0,0,0,8,8,0,0
1992,"SABINE",48403,12,4,1,0,7,1,0,1,0,0,11,4,0,7
1993,"SABINE",48403,13,3,0,0,10,1,0,0,0,1,12,3,0,9
1994,"SABINE",48403,13,4,0,0,9,1,1,0,0,0,12,3,0,9
1995,"SABINE",48403,8,2,0,0,6,0,0,0,0,0,8,2,0,6
1996,"SABINE",48403,20,10,0,0,10,0,0,0,0,0,20,10,0,10
1997,"SABINE",48403,20,9,0,0,11,1,1,0,0,0,19,8,0,11
1998,"SABINE",48403,33,19,0,0,14,1,1,0,0,0,32,18,0,14
1999,"SABINE",48403,32,16,0,0,16,2,0,0,0,2,30,16,0,14
2000,"SABINE",48403,31,18,0,0,13,4,1,0,0,3,27,17,0,10
2001,"SABINE",48403,42,18,0,0,24,6,1,0,0,5,36,17,0,19
2002,"SABINE",48403,41,15,0,0,26,3,0,0,0,3,38,15,0,23
2003,"SABINE",48403,47,26,0,0,21,4,1,0,0,3,43,25,0,18
1990,"SAN AUGUSTINE",48405,5,2,0,0,3,1,0,0,0,1,4,2,0,2
1991,"SAN AUGUSTINE",48405,5,3,0,0,2,1,0,0,0,1,4,3,0,1
1992,"SAN AUGUSTINE",48405,9,7,0,0,2,1,0,0,0,1,8,7,0,1
1993,"SAN AUGUSTINE",48405,13,4,0,0,9,2,0,0,0,2,11,4,0,7
1994,"SAN AUGUSTINE",48405,6,2,0,0,4,1,1,0,0,0,5,1,0,4
1995,"SAN AUGUSTINE",48405,15,2,0,0,13,2,0,0,0,2,13,2,0,11
1996,"SAN AUGUSTINE",48405,11,6,0,0,5,0,0,0,0,0,11,6,0,5
1997,"SAN AUGUSTINE",48405,14,6,0,0,8,0,0,0,0,0,14,6,0,8
1998,"SAN AUGUSTINE",48405,15,7,0,0,8,0,0,0,0,0,15,7,0,8
1999,"SAN AUGUSTINE",48405,17,9,0,0,8,0,0,0,0,0,17,9,0,8
2000,"SAN AUGUSTINE",48405,20,7,0,0,13,4,0,0,0,4,16,7,0,9
2001,"SAN AUGUSTINE",48405,40,7,0,0,33,8,1,0,0,7,32,6,0,26
2002,"SAN AUGUSTINE",48405,30,9,0,0,21,2,0,0,0,2,28,9,0,19
2003,"SAN AUGUSTINE",48405,43,12,0,0,31,5,1,0,0,4,38,11,0,27
1990,"SAN JACINTO",48407,14,11,0,0,3,1,0,0,0,1,13,11,0,2
1991,"SAN JACINTO",48407,25,18,0,0,7,0,0,0,0,0,25,18,0,7
1992,"SAN JACINTO",48407,14,10,0,0,4,0,0,0,0,0,14,10,0,4
1993,"SAN JACINTO",48407,9,6,0,0,3,0,0,0,0,0,9,6,0,3
1994,"SAN JACINTO",48407,17,13,0,0,4,0,0,0,0,0,17,13,0,4
1995,"SAN JACINTO",48407,14,5,1,0,8,0,0,0,0,0,14,5,1,8
1996,"SAN JACINTO",48407,25,16,0,0,9,0,0,0,0,0,25,16,0,9
1997,"SAN JACINTO",48407,29,21,0,0,8,1,0,0,0,1,28,21,0,7
1998,"SAN JACINTO",48407,42,33,1,0,8,1,0,1,0,0,41,33,0,8
1999,"SAN JACINTO",48407,33,24,0,0,9,0,0,0,0,0,33,24,0,9
2000,"SAN JACINTO",48407,36,23,0,0,13,2,0,0,0,2,34,23,0,11
2001,"SAN JACINTO",48407,56,36,0,0,20,5,5,0,0,0,51,31,0,20
2002,"SAN JACINTO",48407,57,33,0,0,24,3,1,0,0,2,54,32,0,22
2003,"SAN JACINTO",48407,53,31,1,0,21,1,0,1,0,0,52,31,0,21
1990,"SAN PATRICIO",48409,105,59,8,1,37,7,0,6,1,0,98,59,2,37
1991,"SAN PATRICIO",48409,100,57,3,0,40,13,7,2,0,4,87,50,1,36
1992,"SAN PATRICIO",48409,117,45,10,1,61,19,5,10,1,3,98,40,0,58
1993,"SAN PATRICIO",48409,141,53,2,0,86,6,4,2,0,0,135,49,0,86
1994,"SAN PATRICIO",48409,120,45,7,0,68,11,5,6,0,0,109,40,1,68
1995,"SAN PATRICIO",48409,148,53,5,0,90,11,2,5,0,4,137,51,0,86
1996,"SAN PATRICIO",48409,242,83,1,0,158,7,3,1,0,3,235,80,0,155
1997,"SAN PATRICIO",48409,288,92,2,0,194,23,6,2,0,15,265,86,0,179
1998,"SAN PATRICIO",48409,221,108,1,1,111,10,4,1,1,4,211,104,0,107
1999,"SAN PATRICIO",48409,167,71,1,0,95,12,1,1,0,10,155,70,0,85
2000,"SAN PATRICIO",48409,190,86,4,0,100,10,3,4,0,3,180,83,0,97
2001,"SAN PATRICIO",48409,200,112,0,0,88,6,3,0,0,3,194,109,0,85
2002,"SAN PATRICIO",48409,177,91,0,0,86,6,5,0,0,1,171,86,0,85
2003,"SAN PATRICIO",48409,238,109,2,0,127,5,2,2,0,1,233,107,0,126
1990,"SAN SABA",48411,5,3,0,0,2,2,1,0,0,1,3,2,0,1
1991,"SAN SABA",48411,4,4,0,0,0,1,1,0,0,0,3,3,0,0
1992,"SAN SABA",48411,10,4,0,0,6,4,2,0,0,2,6,2,0,4
1993,"SAN SABA",48411,3,2,0,0,1,0,0,0,0,0,3,2,0,1
1994,"SAN SABA",48411,6,4,0,0,2,0,0,0,0,0,6,4,0,2
1995,"SAN SABA",48411,1,1,0,0,0,0,0,0,0,0,1,1,0,0
1996,"SAN SABA",48411,6,5,0,1,0,2,1,0,1,0,4,4,0,0
1997,"SAN SABA",48411,9,8,0,0,1,2,2,0,0,0,7,6,0,1
1998,"SAN SABA",48411,9,9,0,0,0,1,1,0,0,0,8,8,0,0
1999,"SAN SABA",48411,5,5,0,0,0,0,0,0,0,0,5,5,0,0
2000,"SAN SABA",48411,15,9,0,0,6,0,0,0,0,0,15,9,0,6
2001,"SAN SABA",48411,7,5,0,0,2,0,0,0,0,0,7,5,0,2
2002,"SAN SABA",48411,9,9,0,0,0,0,0,0,0,0,9,9,0,0
2003,"SAN SABA",48411,12,6,0,0,6,1,1,0,0,0,11,5,0,6
1990,"SCHLEICHER",48413,3,2,0,0,1,0,0,0,0,0,3,2,0,1
1991,"SCHLEICHER",48413,2,1,0,0,1,0,0,0,0,0,2,1,0,1
1992,"SCHLEICHER",48413,2,2,0,0,0,0,0,0,0,0,2,2,0,0
1993,"SCHLEICHER",48413,3,3,0,0,0,1,1,0,0,0,2,2,0,0
1994,"SCHLEICHER",48413,2,0,0,0,2,1,0,0,0,1,1,0,0,1
1995,"SCHLEICHER",48413,4,3,0,0,1,0,0,0,0,0,4,3,0,1
1996,"SCHLEICHER",48413,5,4,0,0,1,0,0,0,0,0,5,4,0,1
1997,"SCHLEICHER",48413,7,7,0,0,0,1,1,0,0,0,6,6,0,0
1998,"SCHLEICHER",48413,4,1,0,0,3,1,1,0,0,0,3,0,0,3
1999,"SCHLEICHER",48413,11,8,0,1,2,1,0,0,1,0,10,8,0,2
2000,"SCHLEICHER",48413,7,7,0,0,0,0,0,0,0,0,7,7,0,0
2001,"SCHLEICHER",48413,9,8,0,0,1,0,0,0,0,0,9,8,0,1
2002,"SCHLEICHER",48413,3,3,0,0,0,0,0,0,0,0,3,3,0,0
2003,"SCHLEICHER",48413,6,3,2,0,1,2,0,2,0,0,4,3,0,1
1990,"SCURRY",48415,17,13,1,1,2,5,3,1,1,0,12,10,0,2
1991,"SCURRY",48415,13,10,0,1,2,3,2,0,1,0,10,8,0,2
1992,"SCURRY",48415,26,20,3,0,3,5,2,3,0,0,21,18,0,3
1993,"SCURRY",48415,23,17,0,0,6,6,5,0,0,1,17,12,0,5
1994,"SCURRY",48415,16,7,1,0,8,4,2,0,0,2,12,5,1,6
1995,"SCURRY",48415,25,12,1,0,12,1,0,1,0,0,24,12,0,12
1996,"SCURRY",48415,46,12,7,0,27,8,1,7,0,0,38,11,0,27
1997,"SCURRY",48415,41,22,0,1,18,4,2,0,1,1,37,20,0,17
1998,"SCURRY",48415,38,21,0,0,17,2,2,0,0,0,36,19,0,17
1999,"SCURRY",48415,55,43,0,0,12,3,3,0,0,0,52,40,0,12
2000,"SCURRY",48415,47,27,0,0,20,2,1,0,0,1,45,26,0,19
2001,"SCURRY",48415,43,31,0,0,12,3,3,0,0,0,40,28,0,12
2002,"SCURRY",48415,41,25,1,0,15,3,1,1,0,1,38,24,0,14
2003,"SCURRY",48415,49,37,1,0,11,3,1,1,0,1,46,36,0,10
1990,"SHACKELFORD",48417,5,3,0,0,2,1,0,0,0,1,4,3,0,1
1991,"SHAKELFORD",48417,2,1,0,0,1,2,1,0,0,1,0,0,0,0
1993,"SHAKELFORD",48417,2,2,0,0,0,0,0,0,0,0,2,2,0,0
1994,"SHAKELFORD",48417,3,2,0,0,1,1,1,0,0,0,2,1,0,1
1995,"SHAKELFORD",48417,2,1,0,0,1,1,0,0,0,1,1,1,0,0
1996,"SHAKELFORD",48417,8,3,0,0,5,3,2,0,0,1,5,1,0,4
1997,"SHAKELFORD",48417,3,0,0,0,3,0,0,0,0,0,3,0,0,3
1998,"SHAKELFORD",48417,6,4,0,0,2,0,0,0,0,0,6,4,0,2
1999,"SHACKELFORD",48417,4,2,0,0,2,0,0,0,0,0,4,2,0,2
2000,"SHAKELFORD",48417,6,3,0,0,3,1,1,0,0,0,5,2,0,3
2001,"SHAKELFORD",48417,6,1,0,0,5,0,0,0,0,0,6,1,0,5
2002,"SHAKELFORD",48417,14,8,0,0,6,2,1,0,0,1,12,7,0,5
2003,"SHAKELFORD",48417,5,2,0,0,3,0,0,0,0,0,5,2,0,3
1990,"SHELBY",48419,18,14,0,0,4,3,1,0,0,2,15,13,0,2
1991,"SHELBY",48419,19,17,0,1,1,8,6,0,1,1,11,11,0,0
1992,"SHELBY",48419,19,8,1,0,10,4,1,1,0,2,15,7,0,8
1993,"SHELBY",48419,20,7,0,1,12,3,1,0,1,1,17,6,0,11
1994,"SHELBY",48419,19,6,1,0,12,6,3,1,0,2,13,3,0,10
1995,"SHELBY",48419,23,9,2,2,10,6,0,2,2,2,17,9,0,8
1996,"SHELBY",48419,33,19,0,1,13,3,0,0,1,2,30,19,0,11
1997,"SHELBY",48419,51,27,1,1,22,8,1,1,1,5,43,26,0,17
1998,"SHELBY",48419,42,20,0,0,22,4,2,0,0,2,38,18,0,20
1999,"SHELBY",48419,51,24,0,2,25,7,2,0,2,3,44,22,0,22
2000,"SHELBY",48419,52,23,1,1,27,9,2,1,1,5,43,21,0,22
2001,"SHELBY",48419,65,40,0,0,25,11,4,0,0,7,54,36,0,18
2002,"SHELBY",48419,74,37,1,0,36,7,0,1,0,6,67,37,0,30
2003,"SHELBY",48419,94,37,1,0,56,2,0,1,0,1,92,37,0,55
1990,"SHERMAN",48421,4,4,0,0,0,2,2,0,0,0,2,2,0,0
1991,"SHERMAN",48421,3,1,0,0,2,0,0,0,0,0,3,1,0,2
1992,"SHERMAN",48421,4,0,0,1,3,1,0,0,1,0,3,0,0,3
1993,"SHERMAN",48421,1,1,0,0,0,0,0,0,0,0,1,1,0,0
1994,"SHERMAN",48421,1,0,0,0,1,0,0,0,0,0,1,0,0,1
1995,"SHERMAN",48421,3,3,0,0,0,0,0,0,0,0,3,3,0,0
1996,"SHERMAN",48421,7,3,0,0,4,0,0,0,0,0,7,3,0,4
1997,"SHERMAN",48421,7,4,0,0,3,0,0,0,0,0,7,4,0,3
1998,"SHERMAN",48421,3,2,0,0,1,0,0,0,0,0,3,2,0,1
1999,"SHERMAN",48421,4,2,0,2,0,3,1,0,2,0,1,1,0,0
2000,"SHERMAN",48421,6,4,0,0,2,0,0,0,0,0,6,4,0,2
2001,"SHERMAN",48421,8,6,0,0,2,2,2,0,0,0,6,4,0,2
2002,"SHERMAN",48421,4,1,0,0,3,1,0,0,0,1,3,1,0,2
2003,"SHERMAN",48421,4,4,0,0,0,0,0,0,0,0,4,4,0,0
1990,"SMITH",48423,324,231,13,0,80,57,35,10,0,12,267,196,3,68
1991,"SMITH",48423,331,213,13,0,105,53,28,13,0,12,278,185,0,93
1992,"SMITH",48423,328,204,13,2,109,41,17,12,2,10,287,187,1,99
1993,"SMITH",48423,314,176,9,0,129,39,18,8,0,13,275,158,1,116
1994,"SMITH",48423,325,150,8,0,167,40,15,7,0,18,285,135,1,149
1995,"SMITH",48423,402,196,2,0,204,23,13,2,0,8,379,183,0,196
1996,"SMITH",48423,636,297,5,0,334,32,7,5,0,20,604,290,0,314
1997,"SMITH",48423,838,370,6,1,461,39,12,6,1,20,799,358,0,441
1998,"SMITH",48423,747,350,2,0,395,28,12,1,0,15,719,338,1,380
1999,"SMITH",48423,691,332,5,1,353,22,11,5,1,5,669,321,0,348
2000,"SMITH",48423,655,313,3,0,339,16,11,2,0,3,639,302,1,336
2001,"SMITH",48423,829,396,5,1,427,16,8,5,1,2,813,388,0,425
2002,"SMITH",48423,840,410,10,0,420,18,6,9,0,3,822,404,1,417
2003,"SMITH",48423,863,423,6,1,433,8,1,6,1,0,855,422,0,433
1990,"SOMERVELL",48425,5,4,0,0,1,1,1,0,0,0,4,3,0,1
1991,"SOMERVELL",48425,15,12,1,0,2,3,2,1,0,0,12,10,0,2
1992,"SOMERVELL",48425,11,8,0,0,3,3,3,0,0,0,8,5,0,3
1993,"SOMERVELL",48425,5,3,0,0,2,0,0,0,0,0,5,3,0,2
1994,"SOMERVELL",48425,7,4,0,0,3,0,0,0,0,0,7,4,0,3
1995,"SOMERVELL",48425,5,3,0,0,2,0,0,0,0,0,5,3,0,2
1996,"SOMERVELL",48425,6,4,0,0,2,0,0,0,0,0,6,4,0,2
1997,"SOMERVELL",48425,9,9,0,0,0,1,1,0,0,0,8,8,0,0
1998,"SOMERVELL",48425,6,6,0,0,0,0,0,0,0,0,6,6,0,0
1999,"SOMERVELL",48425,7,6,0,0,1,0,0,0,0,0,7,6,0,1
2000,"SOMERVELL",48425,10,3,0,0,7,0,0,0,0,0,10,3,0,7
2001,"SOMERVELL",48425,20,13,0,0,7,0,0,0,0,0,20,13,0,7
2002,"SOMERVELL",48425,24,17,0,0,7,0,0,0,0,0,24,17,0,7
2003,"SOMERVELL",48425,20,11,0,0,9,1,1,0,0,0,19,10,0,9
1990,"STARR",48427,10,4,2,0,4,2,0,2,0,0,8,4,0,4
1991,"STARR",48427,6,3,2,0,1,2,0,2,0,0,4,3,0,1
1992,"STARR",48427,25,9,2,1,13,10,2,2,1,5,15,7,0,8
1993,"STARR",48427,30,11,0,0,19,4,2,0,0,2,26,9,0,17
1994,"STARR",48427,22,10,3,0,9,4,0,3,0,1,18,10,0,8
1995,"STARR",48427,27,7,0,0,20,1,0,0,0,1,26,7,0,19
1996,"STARR",48427,46,10,0,1,35,3,0,0,1,2,43,10,0,33
1997,"STARR",48427,64,25,1,0,38,2,0,1,0,1,62,25,0,37
1998,"STARR",48427,72,34,0,0,38,0,0,0,0,0,72,34,0,38
1999,"STARR",48427,55,33,0,0,22,2,1,0,0,1,53,32,0,21
2000,"STARR",48427,49,30,0,0,19,1,0,0,0,1,48,30,0,18
2001,"STARR",48427,53,34,0,0,19,0,0,0,0,0,53,34,0,19
2002,"STARR",48427,64,44,0,0,20,1,1,0,0,0,63,43,0,20
2003,"STARR",48427,72,44,1,0,27,2,0,1,0,1,70,44,0,26
1990,"STEPHENS",48429,11,9,1,0,1,1,0,1,0,0,10,9,0,1
1991,"STEPHENS",48429,10,9,0,0,1,3,3,0,0,0,7,6,0,1
1992,"STEPHENS",48429,11,7,0,1,3,5,3,0,1,1,6,4,0,2
1993,"STEPHENS",48429,5,4,0,0,1,1,1,0,0,0,4,3,0,1
1994,"STEPHENS",48429,6,6,0,0,0,1,1,0,0,0,5,5,0,0
1995,"STEPHENS",48429,6,4,0,1,1,2,1,0,1,0,4,3,0,1
1996,"STEPHENS",48429,23,11,0,0,12,3,2,0,0,1,20,9,0,11
1997,"STEPHENS",48429,16,7,0,0,9,0,0,0,0,0,16,7,0,9
1998,"STEPHENS",48429,27,22,1,0,4,5,3,1,0,1,22,19,0,3
1999,"STEPHENS",48429,7,5,0,0,2,0,0,0,0,0,7,5,0,2
2000,"STEPHENS",48429,14,5,1,0,8,1,0,1,0,0,13,5,0,8
2001,"STEPHENS",48429,26,20,0,0,6,1,1,0,0,0,25,19,0,6
2002,"STEPHENS",48429,24,13,0,0,11,2,1,0,0,1,22,12,0,10
2003,"STEPHENS",48429,29,20,0,0,9,2,0,0,0,2,27,20,0,7
1991,"STERLING",48431,1,1,0,0,0,1,1,0,0,0,0,0,0,0
1993,"STERLING",48431,2,2,0,0,0,1,1,0,0,0,1,1,0,0
1995,"STERLING",48431,2,2,0,0,0,0,0,0,0,0,2,2,0,0
1997,"STERLING",48431,2,1,0,0,1,0,0,0,0,0,2,1,0,1
1998,"STERLING",48431,1,0,0,0,1,0,0,0,0,0,1,0,0,1
1999,"STERLING",48431,0,0,0,0,0,0,0,0,0,0,0,0,0,0
2000,"STERLING",48431,1,1,0,0,0,0,0,0,0,0,1,1,0,0
2001,"STERLING",48431,1,1,0,0,0,0,0,0,0,0,1,1,0,0
2002,"STERLING",48431,5,5,0,0,0,1,1,0,0,0,4,4,0,0
2003,"STERLING",48431,1,1,0,0,0,0,0,0,0,0,1,1,0,0
1990,"STONEWALL",48433,4,3,0,1,0,3,2,0,1,0,1,1,0,0
1991,"STONEWALL",48433,3,2,0,1,0,1,0,0,1,0,2,2,0,0
1992,"STONEWALL",48433,2,1,0,0,1,1,0,0,0,1,1,1,0,0
1993,"STONEWALL",48433,1,1,0,0,0,0,0,0,0,0,1,1,0,0
1994,"STONEWALL",48433,2,2,0,0,0,0,0,0,0,0,2,2,0,0
1995,"STONEWALL",48433,2,1,0,0,1,0,0,0,0,0,2,1,0,1
1996,"STONEWALL",48433,5,1,0,1,3,3,0,0,1,2,2,1,0,1
1997,"STONEWALL",48433,3,2,0,0,1,0,0,0,0,0,3,2,0,1
1998,"STONEWALL",48433,7,6,0,0,1,0,0,0,0,0,7,6,0,1
1999,"STONEWALL",48433,9,2,0,0,7,1,1,0,0,0,8,1,0,7
2000,"STONEWALL",48433,4,3,0,0,1,0,0,0,0,0,4,3,0,1
2001,"STONEWALL",48433,7,2,0,1,4,1,0,0,1,0,6,2,0,4
2002,"STONEWALL",48433,5,3,0,0,2,0,0,0,0,0,5,3,0,2
2003,"STONEWALL",48433,3,0,0,0,3,0,0,0,0,0,3,0,0,3
1990,"SUTTON",48435,2,2,0,0,0,0,0,0,0,0,2,2,0,0
1991,"SUTTON",48435,5,3,1,0,1,1,0,1,0,0,4,3,0,1
1992,"SUTTON",48435,1,0,0,0,1,0,0,0,0,0,1,0,0,1
1993,"SUTTON",48435,6,4,0,0,2,0,0,0,0,0,6,4,0,2
1994,"SUTTON",48435,3,2,0,0,1,1,1,0,0,0,2,1,0,1
1995,"SUTTON",48435,3,2,0,1,0,1,0,0,1,0,2,2,0,0
1996,"SUTTON",48435,1,1,0,0,0,0,0,0,0,0,1,1,0,0
1997,"SUTTON",48435,6,4,0,0,2,2,1,0,0,1,4,3,0,1
1998,"SUTTON",48435,11,7,0,0,4,0,0,0,0,0,11,7,0,4
1999,"SUTTON",48435,7,7,0,0,0,0,0,0,0,0,7,7,0,0
2000,"SUTTON",48435,12,6,0,0,6,0,0,0,0,0,12,6,0,6
2001,"SUTTON",48435,9,6,0,0,3,0,0,0,0,0,9,6,0,3
2002,"SUTTON",48435,7,6,0,0,1,0,0,0,0,0,7,6,0,1
2003,"SUTTON",48435,6,3,0,0,3,2,1,0,0,1,4,2,0,2
1990,"SWISHER",48437,4,3,0,1,0,2,1,0,1,0,2,2,0,0
1991,"SWISHER",48437,9,6,1,2,0,4,1,1,2,0,5,5,0,0
1992,"SWISHER",48437,17,7,0,2,8,3,0,0,2,1,14,7,0,7
1993,"SWISHER",48437,9,6,1,0,2,3,1,1,0,1,6,5,0,1
1994,"SWISHER",48437,13,2,0,2,9,2,0,0,2,0,11,2,0,9
1995,"SWISHER",48437,12,4,0,1,7,2,0,0,1,1,10,4,0,6
1996,"SWISHER",48437,17,10,0,1,6,3,2,0,1,0,14,8,0,6
1997,"SWISHER",48437,21,9,0,0,12,3,1,0,0,2,18,8,0,10
1998,"SWISHER",48437,33,22,0,2,9,6,2,0,2,2,27,20,0,7
1999,"SWISHER",48437,35,21,0,0,14,6,5,0,0,1,29,16,0,13
2000,"SWISHER",48437,21,14,0,0,7,0,0,0,0,0,21,14,0,7
2001,"SWISHER",48437,35,27,0,1,7,5,3,0,1,1,30,24,0,6
2002,"SWISHER",48437,29,16,0,1,12,4,3,0,1,0,25,13,0,12
2003,"SWISHER",48437,23,16,0,0,7,0,0,0,0,0,23,16,0,7
1990,"TARRANT",48439,4585,2628,146,0,1811,502,269,135,0,98,4083,2359,11,1713
1991,"TARRANT",48439,5089,2889,136,1,2063,459,221,123,1,114,4630,2668,13,1949
1992,"TARRANT",48439,5210,3011,94,0,2105,304,154,87,0,63,4906,2857,7,2042
1993,"TARRANT",48439,4374,2196,73,0,2105,266,120,67,0,79,4108,2076,6,2026
1994,"TARRANT",48439,4055,1988,55,1,2011,331,153,51,1,126,3724,1835,4,1885
1995,"TARRANT",48439,4346,2159,63,0,2124,318,143,61,0,114,4028,2016,2,2010
1996,"TARRANT",48439,5194,2596,57,0,2541,342,150,57,0,135,4852,2446,0,2406
1997,"TARRANT",48439,6171,3050,43,1,3077,270,137,39,1,93,5901,2913,4,2984
1998,"TARRANT",48439,6409,3411,55,0,2943,201,109,52,0,40,6208,3302,3,2903
1999,"TARRANT",48439,5473,2798,35,0,2640,142,82,33,0,26,5332,2716,2,2614
2000,"TARRANT",48439,5226,2535,62,0,2629,164,94,60,0,10,5062,2441,2,2619
2001,"TARRANT",48439,7040,3333,88,1,3618,209,111,88,1,9,6831,3222,0,3609
2002,"TARRANT",48439,7651,3567,71,0,4013,163,86,69,0,8,7488,3481,2,4005
2003,"TARRANT",48439,9745,4599,65,0,5081,187,119,58,0,10,9558,4480,7,5071
1990,"TAYLOR",48441,291,258,8,1,24,52,38,8,1,5,239,220,0,19
1991,"TAYLOR",48441,319,256,9,2,52,55,31,9,2,13,264,225,0,39
1992,"TAYLOR",48441,311,256,8,1,46,46,22,8,1,15,265,234,0,31
1993,"TAYLOR",48441,251,204,5,0,42,30,20,5,0,5,221,184,0,37
1994,"TAYLOR",48441,234,180,1,4,49,28,15,1,4,8,206,165,0,41
1995,"TAYLOR",48441,299,198,5,2,94,28,12,5,2,9,271,186,0,85
1996,"TAYLOR",48441,587,251,1,1,334,35,21,1,1,12,552,230,0,322
1997,"TAYLOR",48441,697,316,10,0,371,27,7,10,0,10,670,309,0,361
1998,"TAYLOR",48441,675,326,2,0,347,24,9,2,0,13,651,317,0,334
1999,"TAYLOR",48441,598,233,2,0,363,22,5,2,0,15,576,228,0,348
2000,"TAYLOR",48441,594,260,0,0,334,27,7,0,0,20,567,253,0,314
2001,"TAYLOR",48441,743,421,6,0,316,23,7,6,0,10,720,414,0,306
2002,"TAYLOR",48441,665,285,2,0,378,20,3,1,0,16,645,282,1,362
2003,"TAYLOR",48441,661,314,2,0,345,29,2,1,0,26,632,312,1,319
1990,"TERRELL",48443,3,0,1,0,0,2,0,0,2,0,1,0,1,0
1991,"TERRELL",48443,1,1,0,0,0,0,0,0,0,0,1,1,0,0
1993,"TERRELL",48443,1,1,0,0,0,0,0,0,0,0,1,1,0,0
1995,"TERRELL",48443,3,2,0,1,0,2,1,0,1,0,1,1,0,0
1996,"TERRELL",48443,1,1,0,0,0,1,1,0,0,0,0,0,0,0
1997,"TERRELL",48443,2,2,0,0,0,1,1,0,0,0,1,1,0,0
1998,"TERRELL",48443,1,1,0,0,0,0,0,0,0,0,1,1,0,0
1999,"TERRELL",48443,2,2,0,0,0,0,0,0,0,0,2,2,0,0
2000,"TERRELL",48443,2,1,0,0,1,0,0,0,0,0,2,1,0,1
2001,"TERRELL",48443,1,0,0,0,1,0,0,0,0,0,1,0,0,1
2002,"TERRELL",48443,3,3,0,0,0,0,0,0,0,0,3,3,0,0
2003,"TERRELL",48443,2,2,0,0,0,0,0,0,0,0,2,2,0,0
1990,"TERRY",48445,14,8,0,0,6,7,4,0,0,3,7,4,0,3
1991,"TERRY",48445,24,19,0,1,4,8,6,0,1,1,16,13,0,3
1992,"TERRY",48445,28,21,0,2,5,14,9,0,2,3,14,12,0,2
1993,"TERRY",48445,21,13,1,0,7,3,0,1,0,2,18,13,0,5
1994,"TERRY",48445,28,12,0,0,16,0,0,0,0,0,28,12,0,16
1995,"TERRY",48445,33,10,0,0,23,1,0,0,0,1,32,10,0,22
1996,"TERRY",48445,48,23,0,1,24,7,6,0,1,0,41,17,0,24
1997,"TERRY",48445,46,25,0,0,21,1,1,0,0,0,45,24,0,21
1998,"TERRY",48445,48,34,0,0,14,4,4,0,0,0,44,30,0,14
1999,"TERRY",48445,46,26,0,2,18,5,2,0,2,1,41,24,0,17
2000,"TERRY",48445,46,28,0,1,17,4,3,0,1,0,42,25,0,17
2001,"TERRY",48445,59,29,1,0,29,2,0,1,0,1,57,29,0,28
2002,"TERRY",48445,52,36,0,0,16,1,1,0,0,0,51,35,0,16
2003,"TERRY",48445,46,32,0,0,14,3,1,0,0,2,43,31,0,12
1990,"THROCKMORTON",48447,3,1,0,1,1,1,0,0,1,0,2,1,0,1
1991,"THROCKMORTON",48447,4,1,1,0,2,2,0,1,0,1,2,1,0,1
1992,"THROCKMORTON",48447,4,2,0,0,2,1,1,0,0,0,3,1,0,2
1993,"THROCKMORTON",48447,4,1,0,1,2,1,0,0,1,0,3,1,0,2
1994,"THROCKMORTON",48447,1,1,0,0,0,0,0,0,0,0,1,1,0,0
1995,"THROCKMORTON",48447,3,1,0,0,2,0,0,0,0,0,3,1,0,2
1996,"THROCKMORTON",48447,5,3,0,0,2,0,0,0,0,0,5,3,0,2
1997,"THROCKMORTON",48447,5,1,0,0,4,0,0,0,0,0,5,1,0,4
1998,"THROCKMORTON",48447,5,2,0,0,3,0,0,0,0,0,5,2,0,3
1999,"THROCKMORTON",48447,3,1,0,0,2,0,0,0,0,0,3,1,0,2
2000,"THROCKMORTON",48447,5,2,0,0,3,0,0,0,0,0,5,2,0,3
2001,"THROCKMORTON",48447,6,3,0,0,3,0,0,0,0,0,6,3,0,3
2002,"THROCKMORTON",48447,7,5,0,0,2,0,0,0,0,0,7,5,0,2
2003,"THROCKMORTON",48447,2,1,0,0,1,1,0,0,0,1,1,1,0,0
1990,"TITUS",48449,25,18,1,0,6,6,4,1,0,1,19,14,0,5
1991,"TITUS",48449,20,11,0,0,9,1,0,0,0,1,19,11,0,8
1992,"TITUS",48449,14,8,3,0,3,6,3,3,0,0,8,5,0,3
1993,"TITUS",48449,25,13,0,0,12,2,2,0,0,0,23,11,0,12
1994,"TITUS",48449,21,8,1,0,12,2,1,1,0,0,19,7,0,12
1995,"TITUS",48449,38,13,0,0,25,5,0,0,0,5,33,13,0,20
1996,"TITUS",48449,33,12,0,1,20,5,0,0,1,4,28,12,0,16
1997,"TITUS",48449,59,23,0,0,36,13,4,0,0,9,46,19,0,27
1998,"TITUS",48449,53,26,0,0,27,3,1,0,0,2,50,25,0,25
1999,"TITUS",48449,61,20,1,1,39,4,1,1,1,1,57,19,0,38
2000,"TITUS",48449,61,27,0,0,34,3,3,0,0,0,58,24,0,34
2001,"TITUS",48449,52,23,0,0,29,0,0,0,0,0,52,23,0,29
2002,"TITUS",48449,39,19,1,0,19,2,1,1,0,0,37,18,0,19
2003,"TITUS",48449,58,35,0,0,23,3,2,0,0,1,55,33,0,22
1990,"TOM GREEN",48451,132,108,11,0,13,44,27,11,0,6,88,81,0,7
1991,"TOM GREEN",48451,118,98,6,0,14,21,9,6,0,6,97,89,0,8
1992,"TOM GREEN",48451,99,82,1,0,16,16,12,1,0,3,83,70,0,13
1993,"TOM GREEN",48451,130,106,2,0,22,15,13,2,0,0,115,93,0,22
1994,"TOM GREEN",48451,123,103,0,1,19,18,13,0,1,4,105,90,0,15
1995,"TOM GREEN",48451,156,127,1,0,28,16,9,1,0,6,140,118,0,22
1996,"TOM GREEN",48451,217,152,1,3,61,28,17,1,3,7,189,135,0,54
1997,"TOM GREEN",48451,297,231,0,1,65,23,16,0,1,6,274,215,0,59
1998,"TOM GREEN",48451,500,285,2,2,211,30,15,2,2,11,470,270,0,200
1999,"TOM GREEN",48451,378,214,0,1,163,22,13,0,1,8,356,201,0,155
2000,"TOM GREEN",48451,396,251,0,0,145,17,13,0,0,4,379,238,0,141
2001,"TOM GREEN",48451,377,280,0,0,97,16,11,0,0,5,361,269,0,92
2002,"TOM GREEN",48451,351,249,1,0,101,9,7,1,0,1,342,242,0,100
2003,"TOM GREEN",48451,334,248,1,1,84,11,7,1,1,2,323,241,0,82
1990,"TRAVIS",48453,2948,1894,91,1,962,154,59,75,1,19,2794,1835,16,943
1991,"TRAVIS",48453,3037,1833,120,0,1084,184,70,101,0,13,2853,1763,19,1071
1992,"TRAVIS",48453,2929,1772,131,0,1026,194,70,111,0,13,2735,1702,20,1013
1993,"TRAVIS",48453,2379,1452,63,1,863,127,71,48,1,7,2252,1381,15,856
1994,"TRAVIS",48453,2066,1197,58,0,811,109,58,44,0,7,1957,1139,14,804
1995,"TRAVIS",48453,2228,1255,43,0,930,89,41,39,0,9,2139,1214,4,921
1996,"TRAVIS",48453,2606,1542,62,0,1002,128,57,53,0,18,2478,1485,9,984
1997,"TRAVIS",48453,3227,1934,51,0,1242,130,61,47,0,22,3097,1873,4,1220
1998,"TRAVIS",48453,2887,1833,32,0,1022,94,60,27,0,7,2793,1773,5,1015
1999,"TRAVIS",48453,2626,1636,29,0,961,104,66,29,0,9,2522,1570,0,952
2000,"TRAVIS",48453,2255,1385,31,0,839,90,57,28,0,5,2165,1328,3,834
2001,"TRAVIS",48453,2664,1678,45,0,941,135,82,40,0,13,2529,1596,5,928
2002,"TRAVIS",48453,2864,1735,64,0,1065,179,101,56,0,22,2685,1634,8,1043
2003,"TRAVIS",48453,3418,2025,36,0,1357,159,104,33,0,22,3259,1921,3,1335
1990,"TRINITY",48455,6,5,0,0,1,0,0,0,0,0,6,5,0,1
1991,"TRINITY",48455,9,6,0,0,3,0,0,0,0,0,9,6,0,3
1992,"TRINITY",48455,15,11,0,0,4,1,1,0,0,0,14,10,0,4
1993,"TRINITY",48455,20,13,0,0,7,1,0,0,0,1,19,13,0,6
1994,"TRINITY",48455,11,6,0,0,5,0,0,0,0,0,11,6,0,5
1995,"TRINITY",48455,15,5,0,0,10,0,0,0,0,0,15,5,0,10
1996,"TRINITY",48455,24,15,0,0,9,3,2,0,0,1,21,13,0,8
1997,"TRINITY",48455,18,9,0,0,9,0,0,0,0,0,18,9,0,9
1998,"TRINITY",48455,41,17,0,0,24,3,0,0,0,3,38,17,0,21
1999,"TRINITY",48455,26,12,0,0,14,0,0,0,0,0,26,12,0,14
2000,"TRINITY",48455,44,32,0,0,12,5,3,0,0,2,39,29,0,10
2001,"TRINITY",48455,36,20,0,0,16,1,0,0,0,1,35,20,0,15
2002,"TRINITY",48455,40,16,0,0,24,5,2,0,0,3,35,14,0,21
2003,"TRINITY",48455,49,24,0,0,25,0,0,0,0,0,49,24,0,25
1990,"TYLER",48457,11,9,1,0,1,4,2,1,0,1,7,7,0,0
1991,"TYLER",48457,27,19,2,0,6,3,2,1,0,0,24,17,1,6
1992,"TYLER",48457,31,12,0,0,19,2,1,0,0,1,29,11,0,18
1993,"TYLER",48457,26,10,0,0,16,0,0,0,0,0,26,10,0,16
1994,"TYLER",48457,24,9,0,0,15,1,1,0,0,0,23,8,0,15
1995,"TYLER",48457,35,8,1,0,26,1,0,1,0,0,34,8,0,26
1996,"TYLER",48457,50,16,0,0,34,2,0,0,0,2,48,16,0,32
1997,"TYLER",48457,62,24,0,0,38,1,0,0,0,1,61,24,0,37
1998,"TYLER",48457,64,30,1,0,33,2,1,1,0,0,62,29,0,33
1999,"TYLER",48457,65,24,0,0,41,1,0,0,0,1,64,24,0,40
2000,"TYLER",48457,78,28,1,0,49,5,0,1,0,4,73,28,0,45
2001,"TYLER",48457,73,28,1,0,44,4,1,1,0,2,69,27,0,42
2002,"TYLER",48457,74,41,0,0,33,4,2,0,0,2,70,39,0,31
2003,"TYLER",48457,81,35,1,0,45,4,2,1,0,1,77,33,0,44
1990,"UPSHUR",48459,40,27,0,0,13,10,7,0,0,3,30,20,0,10
1991,"UPSHUR",48459,28,15,1,0,12,9,6,1,0,2,19,9,0,10
1992,"UPSHUR",48459,33,17,0,0,16,4,2,0,0,2,29,15,0,14
1993,"UPSHUR",48459,32,13,0,2,17,7,2,0,2,3,25,11,0,14
1994,"UPSHUR",48459,39,12,4,0,23,13,1,4,0,8,26,11,0,15
1995,"UPSHUR",48459,54,25,0,1,28,9,5,0,1,3,45,20,0,25
1996,"UPSHUR",48459,56,25,0,0,31,7,2,0,0,5,49,23,0,26
1997,"UPSHUR",48459,124,47,0,0,77,9,2,0,0,7,115,45,0,70
1998,"UPSHUR",48459,107,49,0,0,58,3,2,0,0,1,104,47,0,57
1999,"UPSHUR",48459,104,49,1,1,53,2,0,1,1,0,102,49,0,53
2000,"UPSHUR",48459,93,52,1,0,40,5,3,1,0,1,88,49,0,39
2001,"UPSHUR",48459,142,77,0,0,65,8,4,0,0,4,134,73,0,61
2002,"UPSHUR",48459,121,58,0,0,63,2,2,0,0,0,119,56,0,63
2003,"UPSHUR",48459,156,69,0,0,87,0,0,0,0,0,156,69,0,87
1990,"UPTON",48461,2,2,0,0,0,0,0,0,0,0,2,2,0,0
1991,"UPTON",48461,2,2,0,0,0,0,0,0,0,0,2,2,0,0
1992,"UPTON",48461,3,3,0,0,0,0,0,0,0,0,3,3,0,0
1993,"UPTON",48461,5,4,0,0,1,1,1,0,0,0,4,3,0,1
1994,"UPTON",48461,2,2,0,0,0,0,0,0,0,0,2,2,0,0
1995,"UPTON",48461,2,2,0,0,0,1,1,0,0,0,1,1,0,0
1996,"UPTON",48461,1,1,0,0,0,0,0,0,0,0,1,1,0,0
1997,"UPTON",48461,7,4,0,0,3,0,0,0,0,0,7,4,0,3
1998,"UPTON",48461,6,5,0,0,1,0,0,0,0,0,6,5,0,1
1999,"UPTON",48461,5,3,0,0,2,0,0,0,0,0,5,3,0,2
2000,"UPTON",48461,9,5,0,0,4,0,0,0,0,0,9,5,0,4
2001,"UPTON",48461,4,4,0,0,0,0,0,0,0,0,4,4,0,0
2002,"UPTON",48461,4,4,0,0,0,0,0,0,0,0,4,4,0,0
2003,"UPTON",48461,7,6,0,0,1,1,1,0,0,0,6,5,0,1
1990,"UVALDE",48463,19,15,2,2,0,4,1,1,2,0,15,14,1,0
1991,"UVALDE",48463,34,21,2,1,10,8,3,2,1,2,26,18,0,8
1992,"UVALDE",48463,24,17,2,0,5,2,1,1,0,0,22,16,1,5
1993,"UVALDE",48463,20,12,0,0,8,2,1,0,0,1,18,11,0,7
1994,"UVALDE",48463,21,12,0,0,9,2,1,0,0,1,19,11,0,8
1995,"UVALDE",48463,14,8,1,0,5,1,0,1,0,0,13,8,0,5
1996,"UVALDE",48463,25,8,1,0,16,3,1,1,0,1,22,7,0,15
1997,"UVALDE",48463,43,23,0,0,20,6,3,0,0,3,37,20,0,17
1998,"UVALDE",48463,37,19,1,0,17,1,0,1,0,0,36,19,0,17
1999,"UVALDE",48463,27,19,0,0,8,1,1,0,0,0,26,18,0,8
2000,"UVALDE",48463,32,24,0,1,7,1,0,0,1,0,31,24,0,7
2001,"UVALDE",48463,44,31,0,0,13,1,1,0,0,0,43,30,0,13
2002,"UVALDE",48463,31,21,0,0,10,1,1,0,0,0,30,20,0,10
2003,"UVALDE",48463,39,25,0,0,14,1,1,0,0,0,38,24,0,14
1990,"VAL VERDE",48465,24,20,0,0,4,5,2,0,0,3,19,18,0,1
1991,"VAL VERDE",48465,32,16,2,0,14,5,1,2,0,2,27,15,0,12
1992,"VAL VERDE",48465,54,38,1,0,15,4,2,1,0,1,50,36,0,14
1993,"VAL VERDE",48465,44,31,0,0,13,3,1,0,0,2,41,30,0,11
1994,"VAL VERDE",48465,26,16,0,0,10,2,0,0,0,2,24,16,0,8
1995,"VAL VERDE",48465,52,32,0,0,20,3,1,0,0,2,49,31,0,18
1996,"VAL VERDE",48465,77,49,1,0,27,1,0,1,0,0,76,49,0,27
1997,"VAL VERDE",48465,105,83,0,0,22,4,2,0,0,2,101,81,0,20
1998,"VAL VERDE",48465,71,55,1,0,15,1,0,1,0,0,70,55,0,15
1999,"VAL VERDE",48465,77,67,2,0,8,3,1,2,0,0,74,66,0,8
2000,"VAL VERDE",48465,79,59,0,1,19,6,3,0,1,2,73,56,0,17
2001,"VAL VERDE",48465,100,78,1,0,21,2,1,1,0,0,98,77,0,21
2002,"VAL VERDE",48465,82,71,1,0,10,4,3,1,0,0,78,68,0,10
2003,"VAL VERDE",48465,63,54,0,0,9,5,3,0,0,2,58,51,0,7
1990,"VAN ZANDT",48467,84,44,3,1,36,15,5,3,1,6,69,39,0,30
1991,"VAN ZANDT",48467,86,50,0,1,35,12,7,0,1,4,74,43,0,31
1992,"VAN ZANDT",48467,74,40,4,0,30,6,1,3,0,2,68,39,1,28
1993,"VAN ZANDT",48467,75,46,2,0,27,4,2,2,0,0,71,44,0,27
1994,"VAN ZANDT",48467,83,47,4,1,31,14,7,4,1,2,69,40,0,29
1995,"VAN ZANDT",48467,111,55,4,0,52,13,6,4,0,3,98,49,0,49
1996,"VAN ZANDT",48467,156,77,2,0,77,14,7,1,0,6,142,70,1,71
1997,"VAN ZANDT",48467,209,100,0,2,107,13,6,0,2,5,196,94,0,102
1998,"VAN ZANDT",48467,262,152,1,0,109,12,7,1,0,4,250,145,0,105
1999,"VAN ZANDT",48467,189,103,0,0,86,2,1,0,0,1,187,102,0,85
2000,"VAN ZANDT",48467,159,82,0,0,77,2,2,0,0,0,157,80,0,77
2001,"VAN ZANDT",48467,223,116,0,0,107,5,4,0,0,1,218,112,0,106
2002,"VAN ZANDT",48467,218,124,0,0,94,2,2,0,0,0,216,122,0,94
2003,"VAN ZANDT",48467,245,140,1,0,104,3,3,0,0,0,242,137,1,104
1990,"VICTORIA",48469,95,75,5,0,15,10,7,3,0,0,85,68,2,15
1991,"VICTORIA",48469,139,98,7,0,34,14,6,6,0,2,125,92,1,32
1992,"VICTORIA",48469,158,90,4,0,64,14,6,3,0,5,144,84,1,59
1993,"VICTORIA",48469,125,90,1,1,33,8,6,0,1,1,117,84,1,32
1994,"VICTORIA",48469,142,89,3,0,50,13,9,3,0,1,129,80,0,49
1995,"VICTORIA",48469,146,101,4,0,41,7,2,4,0,1,139,99,0,40
1996,"VICTORIA",48469,233,152,2,0,79,8,5,2,0,1,225,147,0,78
1997,"VICTORIA",48469,294,167,1,0,126,7,5,0,0,2,287,162,1,124
1998,"VICTORIA",48469,249,184,0,0,65,7,6,0,0,1,242,178,0,64
1999,"VICTORIA",48469,224,153,3,0,68,8,4,3,0,1,216,149,0,67
2000,"VICTORIA",48469,208,131,0,0,77,3,3,0,0,0,205,128,0,77
2001,"VICTORIA",48469,253,204,3,0,46,8,5,3,0,0,245,199,0,46
2002,"VICTORIA",48469,265,206,2,0,57,6,4,2,0,0,259,202,0,57
2003,"VICTORIA",48469,326,253,1,0,72,6,4,1,0,1,320,249,0,71
1990,"WALKER",48471,49,34,1,0,14,7,4,1,0,2,42,30,0,12
1991,"WALKER",48471,53,46,2,0,5,4,2,2,0,0,49,44,0,5
1992,"WALKER",48471,48,38,2,0,8,5,3,1,0,1,43,35,1,7
1993,"WALKER",48471,44,34,1,0,9,1,0,1,0,0,43,34,0,9
1994,"WALKER",48471,33,25,0,0,8,0,0,0,0,0,33,25,0,8
1995,"WALKER",48471,48,28,3,1,16,3,0,2,1,0,45,28,1,16
1996,"WALKER",48471,56,36,0,0,20,2,2,0,0,0,54,34,0,20
1997,"WALKER",48471,83,57,3,0,23,3,0,3,0,0,80,57,0,23
1998,"WALKER",48471,94,66,2,0,26,4,1,2,0,1,90,65,0,25
1999,"WALKER",48471,100,76,0,0,24,1,0,0,0,1,99,76,0,23
2000,"WALKER",48471,75,50,1,0,24,3,3,0,0,0,72,47,1,24
2001,"WALKER",48471,106,77,0,0,29,8,6,0,0,2,98,71,0,27
2002,"WALKER",48471,79,57,0,0,22,0,0,0,0,0,79,57,0,22
2003,"WALKER",48471,99,66,0,0,33,2,1,0,0,1,97,65,0,32
1990,"WALLER",48473,23,15,0,0,8,1,0,0,0,1,22,15,0,7
1991,"WALLER",48473,40,23,1,0,16,1,0,1,0,0,39,23,0,16
1992,"WALLER",48473,48,31,0,0,17,5,4,0,0,1,43,27,0,16
1993,"WALLER",48473,35,15,0,0,20,0,0,0,0,0,35,15,0,20
1994,"WALLER",48473,54,27,0,2,25,2,0,0,2,0,52,27,0,25
1995,"WALLER",48473,61,28,1,0,32,3,2,1,0,0,58,26,0,32
1996,"WALLER",48473,78,34,1,2,41,3,0,1,2,0,75,34,0,41
1997,"WALLER",48473,125,68,1,0,56,3,2,1,0,0,122,66,0,56
1998,"WALLER",48473,81,50,3,0,28,4,2,2,0,0,77,48,1,28
1999,"WALLER",48473,108,61,0,1,46,3,2,0,1,0,105,59,0,46
2000,"WALLER",48473,104,45,0,0,59,3,2,0,0,1,101,43,0,58
2001,"WALLER",48473,129,66,1,0,62,5,3,1,0,1,124,63,0,61
2002,"WALLER",48473,107,53,1,1,52,4,2,1,1,0,103,51,0,52
2003,"WALLER",48473,121,61,0,0,60,2,2,0,0,0,119,59,0,60
1990,"WARD",48475,17,15,0,0,2,1,1,0,0,0,16,14,0,2
1991,"WARD",48475,13,11,0,0,2,3,2,0,0,1,10,9,0,1
1992,"WARD",48475,11,10,0,0,1,0,0,0,0,0,11,10,0,1
1993,"WARD",48475,11,11,0,0,0,2,2,0,0,0,9,9,0,0
1994,"WARD",48475,14,11,0,0,3,3,1,0,0,2,11,10,0,1
1995,"WARD",48475,12,11,0,0,1,0,0,0,0,0,12,11,0,1
1996,"WARD",48475,14,12,0,0,2,1,0,0,0,1,13,12,0,1
1997,"WARD",48475,24,21,0,0,3,2,1,0,0,1,22,20,0,2
1998,"WARD",48475,13,12,0,0,1,0,0,0,0,0,13,12,0,1
1999,"WARD",48475,13,10,0,0,3,1,0,0,0,1,12,10,0,2
2000,"WARD",48475,21,16,0,0,5,0,0,0,0,0,21,16,0,5
2001,"WARD",48475,20,17,0,0,3,1,1,0,0,0,19,16,0,3
2002,"WARD",48475,18,17,0,0,1,0,0,0,0,0,18,17,0,1
2003,"WARD",48475,28,27,0,0,1,0,0,0,0,0,28,27,0,1
1990,"WASHINGTON",48477,33,23,4,0,6,8,2,4,0,2,25,21,0,4
1991,"WASHINGTON",48477,20,14,2,1,3,4,0,2,1,1,16,14,0,2
1992,"WASHINGTON",48477,36,23,2,0,11,3,1,2,0,0,33,22,0,11
1993,"WASHINGTON",48477,25,16,1,0,8,2,2,0,0,0,23,14,1,8
1994,"WASHINGTON",48477,23,13,2,0,8,3,1,2,0,0,20,12,0,8
1995,"WASHINGTON",48477,18,6,1,0,11,3,0,1,0,2,15,6,0,9
1996,"WASHINGTON",48477,36,18,1,0,17,2,1,1,0,0,34,17,0,17
1997,"WASHINGTON",48477,37,23,0,0,14,2,2,0,0,0,35,21,0,14
1998,"WASHINGTON",48477,51,38,0,0,13,3,3,0,0,0,48,35,0,13
1999,"WASHINGTON",48477,32,26,1,0,5,2,1,1,0,0,30,25,0,5
2000,"WASHINGTON",48477,31,18,0,0,13,1,0,0,0,1,30,18,0,12
2001,"WASHINGTON",48477,38,28,1,0,9,2,1,1,0,0,36,27,0,9
2002,"WASHINGTON",48477,44,27,1,0,16,1,0,1,0,0,43,27,0,16
2003,"WASHINGTON",48477,56,35,0,0,21,1,1,0,0,0,55,34,0,21
1990,"WEBB",48479,238,91,18,1,128,33,15,16,1,1,205,76,2,127
1991,"WEBB",48479,231,83,17,0,131,39,18,15,0,6,192,65,2,125
1992,"WEBB",48479,228,82,27,0,119,54,16,23,0,15,174,66,4,104
1993,"WEBB",48479,224,82,13,0,129,33,12,8,0,13,191,70,5,116
1994,"WEBB",48479,210,69,17,0,124,32,11,11,0,10,178,58,6,114
1995,"WEBB",48479,394,150,30,0,214,54,21,24,0,9,340,129,6,205
1996,"WEBB",48479,702,313,15,0,374,40,15,12,0,13,662,298,3,361
1997,"WEBB",48479,884,461,17,0,406,43,16,12,0,15,841,445,5,391
1998,"WEBB",48479,706,405,9,0,292,21,10,7,0,4,685,395,2,288
1999,"WEBB",48479,593,347,4,0,242,15,7,4,0,4,578,340,0,238
2000,"WEBB",48479,471,297,5,0,169,12,5,5,0,2,459,292,0,167
2001,"WEBB",48479,557,325,6,0,226,20,13,6,0,1,537,312,0,225
2002,"WEBB",48479,517,325,5,0,186,14,6,5,0,2,503,319,0,184
2003,"WEBB",48479,509,295,9,0,205,10,2,8,0,0,499,293,1,205
1990,"WHARTON",48481,44,30,4,0,10,8,5,3,0,0,36,25,1,10
1991,"WHARTON",48481,32,20,0,0,12,2,2,0,0,0,30,18,0,12
1992,"WHARTON",48481,44,27,1,3,13,9,4,1,3,1,35,23,0,12
1993,"WHARTON",48481,47,21,7,0,19,10,2,6,0,2,37,19,1,17
1994,"WHARTON",48481,54,25,1,0,28,4,2,1,0,1,50,23,0,27
1995,"WHARTON",48481,45,30,0,0,15,1,1,0,0,0,44,29,0,15
1996,"WHARTON",48481,82,37,0,0,45,1,1,0,0,0,81,36,0,45
1997,"WHARTON",48481,78,42,1,0,35,2,1,1,0,0,76,41,0,35
1998,"WHARTON",48481,69,47,0,0,22,0,0,0,0,0,69,47,0,22
1999,"WHARTON",48481,74,51,0,1,22,2,1,0,1,0,72,50,0,22
2000,"WHARTON",48481,74,41,1,0,32,2,1,1,0,0,72,40,0,32
2001,"WHARTON",48481,89,55,0,0,34,3,2,0,0,1,86,53,0,33
2002,"WHARTON",48481,74,45,0,0,29,0,0,0,0,0,74,45,0,29
2003,"WHARTON",48481,77,55,1,0,21,1,0,1,0,0,76,55,0,21
1990,"WHEELER",48483,6,4,0,1,1,2,0,0,1,1,4,4,0,0
1991,"WHEELER",48483,7,4,0,2,1,3,1,0,2,0,4,3,0,1
1992,"WHEELER",48483,4,2,0,0,2,0,0,0,0,0,4,2,0,2
1993,"WHEELER",48483,18,9,1,3,5,7,3,1,3,0,11,6,0,5
1994,"WHEELER",48483,6,2,0,1,3,3,1,0,1,1,3,1,0,2
1995,"WHEELER",48483,6,4,1,0,1,2,0,1,0,1,4,4,0,0
1996,"WHEELER",48483,8,7,0,0,1,0,0,0,0,0,8,7,0,1
1997,"WHEELER",48483,3,3,0,0,0,0,0,0,0,0,3,3,0,0
1998,"WHEELER",48483,23,19,0,0,4,1,1,0,0,0,22,18,0,4
1999,"WHEELER",48483,12,9,0,0,3,0,0,0,0,0,12,9,0,3
2000,"WHEELER",48483,10,9,0,0,1,1,1,0,0,0,9,8,0,1
2001,"WHEELER",48483,21,17,0,0,4,3,3,0,0,0,18,14,0,4
2002,"WHEELER",48483,10,9,0,0,1,0,0,0,0,0,10,9,0,1
2003,"WHEELER",48483,15,14,0,0,1,1,1,0,0,0,14,13,0,1
1990,"WICHITA",48485,234,162,7,0,65,27,11,6,0,10,207,151,1,55
1991,"WICHITA",48485,264,154,6,3,101,29,14,6,3,6,235,140,0,95
1992,"WICHITA",48485,298,185,6,0,107,40,18,6,0,16,258,167,0,91
1993,"WICHITA",48485,273,196,8,1,68,33,14,8,1,10,240,182,0,58
1994,"WICHITA",48485,247,188,2,0,57,30,23,0,0,7,217,165,2,50
1995,"WICHITA",48485,443,241,2,0,200,37,14,2,0,21,406,227,0,179
1996,"WICHITA",48485,781,310,2,0,469,36,13,2,0,21,745,297,0,448
1997,"WICHITA",48485,1010,363,3,2,642,58,16,3,2,37,952,347,0,605
1998,"WICHITA",48485,850,379,3,1,467,46,23,3,1,19,804,356,0,448
1999,"WICHITA",48485,727,287,1,0,439,12,6,1,0,5,715,281,0,434
2000,"WICHITA",48485,712,323,1,0,388,23,16,1,0,6,689,307,0,382
2001,"WICHITA",48485,775,366,2,0,407,11,8,2,0,1,764,358,0,406
2002,"WICHITA",48485,713,293,2,0,418,29,14,2,0,13,684,279,0,405
2003,"WICHITA",48485,746,261,5,0,480,56,13,4,0,39,690,248,1,441
1990,"WILBARGER",48487,22,18,2,0,2,2,0,2,0,0,20,18,0,2
1991,"WILBARGER",48487,12,8,0,1,3,5,3,0,1,1,7,5,0,2
1992,"WILBARGER",48487,30,21,1,4,4,11,6,1,4,0,19,15,0,4
1993,"WILBARGER",48487,22,12,0,0,10,4,1,0,0,3,18,11,0,7
1994,"WILBARGER",48487,32,20,0,0,12,6,5,0,0,1,26,15,0,11
1995,"WILBARGER",48487,43,27,0,1,15,3,2,0,1,0,40,25,0,15
1996,"WILBARGER",48487,52,23,0,1,28,4,2,0,1,1,48,21,0,27
1997,"WILBARGER",48487,89,38,0,0,51,4,3,0,0,1,85,35,0,50
1998,"WILBARGER",48487,76,38,0,2,36,4,1,0,2,1,72,37,0,35
1999,"WILBARGER",48487,55,26,0,0,29,0,0,0,0,0,55,26,0,29
2000,"WILBARGER",48487,51,25,0,0,26,4,3,0,0,1,47,22,0,25
2001,"WILBARGER",48487,69,36,0,0,33,3,2,0,0,1,66,34,0,32
2002,"WILBARGER",48487,42,18,1,1,22,5,1,1,1,2,37,17,0,20
2003,"WILBARGER",48487,55,29,0,0,26,5,1,0,0,4,50,28,0,22
1990,"WILLACY",48489,10,1,0,0,9,2,0,0,0,2,8,1,0,7
1991,"WILLACY",48489,18,2,0,1,15,6,0,0,1,5,12,2,0,10
1992,"WILLACY",48489,32,9,0,0,23,7,2,0,0,5,25,7,0,18
1993,"WILLACY",48489,29,6,0,0,23,3,1,0,0,2,26,5,0,21
1994,"WILLACY",48489,22,3,1,0,18,3,1,1,0,1,19,2,0,17
1995,"WILLACY",48489,32,3,0,1,28,4,0,0,1,3,28,3,0,25
1996,"WILLACY",48489,46,10,1,0,35,2,0,0,0,2,44,10,1,33
1997,"WILLACY",48489,32,9,0,0,23,3,1,0,0,2,29,8,0,21
1998,"WILLACY",48489,44,15,0,0,29,0,0,0,0,0,44,15,0,29
1999,"WILLACY",48489,41,15,0,1,25,3,1,0,1,1,38,14,0,24
2000,"WILLACY",48489,30,11,0,0,19,4,3,0,0,1,26,8,0,18
2001,"WILLACY",48489,44,12,1,0,31,1,0,1,0,0,43,12,0,31
2002,"WILLACY",48489,39,16,0,0,23,0,0,0,0,0,39,16,0,23
2003,"WILLACY",48489,45,18,1,0,26,1,0,1,0,0,44,18,0,26
1990,"WILLIAMSON",48491,708,477,19,0,212,37,21,9,0,7,671,456,10,205
1991,"WILLIAMSON",48491,659,392,16,1,249,24,8,13,1,1,635,384,3,248
1992,"WILLIAMSON",48491,645,389,4,0,250,22,12,2,0,6,623,377,2,244
1993,"WILLIAMSON",48491,535,314,19,0,202,17,8,8,0,1,518,306,11,201
1994,"WILLIAMSON",48491,438,257,5,1,175,15,8,4,1,2,423,249,1,173
1995,"WILLIAMSON",48491,535,287,7,1,240,20,10,5,1,4,515,277,2,236
1996,"WILLIAMSON",48491,637,368,5,0,264,21,9,5,0,7,616,359,0,257
1997,"WILLIAMSON",48491,859,523,4,0,332,12,7,4,0,1,847,516,0,331
1998,"WILLIAMSON",48491,826,532,4,0,290,23,17,4,0,2,803,515,0,288
1999,"WILLIAMSON",48491,802,500,7,0,295,18,10,7,0,1,784,490,0,294
2000,"WILLIAMSON",48491,705,426,3,0,276,28,23,1,0,4,677,403,2,272
2001,"WILLIAMSON",48491,1034,652,5,0,377,33,25,4,0,4,1001,627,1,373
2002,"WILLIAMSON",48491,1308,814,5,0,489,51,39,5,0,7,1257,775,0,482
2003,"WILLIAMSON",48491,1728,1012,18,0,698,76,46,18,0,12,1652,966,0,686
1990,"WILSON",48493,40,29,1,0,10,3,2,1,0,0,37,27,0,10
1991,"WILSON",48493,54,22,1,0,31,3,1,1,0,1,51,21,0,30
1992,"WILSON",48493,47,25,0,0,22,4,1,0,0,3,43,24,0,19
1993,"WILSON",48493,49,24,0,0,25,2,1,0,0,1,47,23,0,24
1994,"WILSON",48493,45,19,0,1,25,3,1,0,1,1,42,18,0,24
1995,"WILSON",48493,54,24,1,0,29,4,3,1,0,0,50,21,0,29
1996,"WILSON",48493,77,36,1,0,40,1,0,1,0,0,76,36,0,40
1997,"WILSON",48493,101,48,0,0,53,1,1,0,0,0,100,47,0,53
1998,"WILSON",48493,117,66,1,0,50,5,2,1,0,2,112,64,0,48
1999,"WILSON",48493,90,59,2,2,27,8,3,2,2,1,82,56,0,26
2000,"WILSON",48493,116,57,0,1,58,2,1,0,1,0,114,56,0,58
2001,"WILSON",48493,94,53,0,0,41,2,2,0,0,0,92,51,0,41
2002,"WILSON",48493,102,60,0,0,42,2,0,0,0,2,100,60,0,40
2003,"WILSON",48493,130,72,1,0,57,3,1,1,0,1,127,71,0,56
1990,"WINKLER",48495,6,6,0,0,0,0,0,0,0,0,6,6,0,0
1991,"WINKLER",48495,7,6,1,0,0,2,1,1,0,0,5,5,0,0
1992,"WINKLER",48495,11,10,0,0,1,0,0,0,0,0,11,10,0,1
1993,"WINKLER",48495,6,6,0,0,0,0,0,0,0,0,6,6,0,0
1994,"WINKLER",48495,6,4,0,0,2,2,0,0,0,2,4,4,0,0
1995,"WINKLER",48495,4,3,0,0,1,1,1,0,0,0,3,2,0,1
1996,"WINKLER",48495,4,3,0,0,1,1,0,0,0,1,3,3,0,0
1997,"WINKLER",48495,7,7,0,0,0,0,0,0,0,0,7,7,0,0
1998,"WINKLER",48495,9,8,0,0,1,0,0,0,0,0,9,8,0,1
1999,"WINKLER",48495,22,15,0,0,7,0,0,0,0,0,22,15,0,7
2000,"WINKLER",48495,19,15,0,0,4,0,0,0,0,0,19,15,0,4
2001,"WINKLER",48495,19,17,0,0,2,0,0,0,0,0,19,17,0,2
2002,"WINKLER",48495,12,7,0,0,5,0,0,0,0,0,12,7,0,5
2003,"WINKLER",48495,9,7,0,0,2,0,0,0,0,0,9,7,0,2
1990,"WISE",48497,60,43,0,0,17,8,7,0,0,1,52,36,0,16
1991,"WISE",48497,80,38,2,0,40,12,3,1,0,8,68,35,1,32
1992,"WISE",48497,96,56,1,0,39,9,3,1,0,5,87,53,0,34
1993,"WISE",48497,52,21,0,0,31,6,3,0,0,3,46,18,0,28
1994,"WISE",48497,79,34,1,0,44,10,4,1,0,5,69,30,0,39
1995,"WISE",48497,102,59,1,0,42,16,6,1,0,9,86,53,0,33
1996,"WISE",48497,116,50,0,0,66,7,3,0,0,4,109,47,0,62
1997,"WISE",48497,170,79,1,0,90,6,2,1,0,3,164,77,0,87
1998,"WISE",48497,159,75,1,0,83,1,0,1,0,0,158,75,0,83
1999,"WISE",48497,187,84,1,0,102,4,3,0,0,1,183,81,1,101
2000,"WISE",48497,147,60,1,0,86,3,0,1,0,2,144,60,0,84
2001,"WISE",48497,236,101,0,0,135,2,2,0,0,0,234,99,0,135
2002,"WISE",48497,228,95,2,0,131,7,3,2,0,2,221,92,0,129
2003,"WISE",48497,295,136,2,0,157,7,2,2,0,3,288,134,0,154
1990,"WOOD",48499,48,34,2,0,12,15,11,2,0,2,33,23,0,10
1991,"WOOD",48499,55,34,4,1,16,18,8,4,1,5,37,26,0,11
1992,"WOOD",48499,50,27,5,1,17,16,6,5,1,4,34,21,0,13
1993,"WOOD",48499,50,28,1,0,21,5,2,1,0,2,45,26,0,19
1994,"WOOD",48499,64,27,1,0,36,9,3,1,0,5,55,24,0,31
1995,"WOOD",48499,69,34,1,1,33,21,8,1,1,11,48,26,0,22
1996,"WOOD",48499,152,58,1,3,90,18,1,1,3,13,134,57,0,77
1997,"WOOD",48499,155,70,3,2,80,19,5,3,2,9,136,65,0,71
1998,"WOOD",48499,157,85,0,0,72,7,3,0,0,4,150,82,0,68
1999,"WOOD",48499,140,76,1,0,63,6,4,1,0,1,134,72,0,62
2000,"WOOD",48499,116,57,0,0,59,3,2,0,0,1,113,55,0,58
2001,"WOOD",48499,171,102,1,0,68,7,2,1,0,4,164,100,0,64
2002,"WOOD",48499,137,80,0,1,56,2,0,0,1,1,135,80,0,55
2003,"WOOD",48499,153,85,1,0,67,1,0,1,0,0,152,85,0,67
1990,"YOAKUM",48501,7,7,0,0,0,4,4,0,0,0,3,3,0,0
1991,"YOAKUM",48501,16,14,1,0,1,4,2,1,0,1,12,12,0,0
1992,"YOAKUM",48501,11,11,0,0,0,1,1,0,0,0,10,10,0,0
1993,"YOAKUM",48501,18,11,0,0,7,1,0,0,0,1,17,11,0,6
1994,"YOAKUM",48501,18,8,1,0,9,1,0,1,0,0,17,8,0,9
1995,"YOAKUM",48501,17,9,0,1,7,2,0,0,1,1,15,9,0,6
1996,"YOAKUM",48501,16,7,0,0,9,0,0,0,0,0,16,7,0,9
1997,"YOAKUM",48501,14,7,0,0,7,2,1,0,0,1,12,6,0,6
1998,"YOAKUM",48501,13,9,0,0,4,1,1,0,0,0,12,8,0,4
1999,"YOAKUM",48501,23,11,1,1,10,3,1,1,1,0,20,10,0,10
2000,"YOAKUM",48501,24,15,4,0,5,4,1,3,0,0,20,14,1,5
2001,"YOAKUM",48501,16,9,0,0,7,0,0,0,0,0,16,9,0,7
2002,"YOAKUM",48501,31,17,1,5,8,7,1,1,5,0,24,16,0,8
2003,"YOAKUM",48501,17,14,0,0,3,2,2,0,0,0,15,12,0,3
1990,"YOUNG",48503,36,18,2,2,14,13,6,2,2,3,23,12,0,11
1991,"YOUNG",48503,42,23,1,0,18,11,3,1,0,7,31,20,0,11
1992,"YOUNG",48503,46,31,1,0,14,13,8,1,0,4,33,23,0,10
1993,"YOUNG",48503,23,12,0,1,10,8,2,0,1,5,15,10,0,5
1994,"YOUNG",48503,28,19,0,1,8,5,2,0,1,2,23,17,0,6
1995,"YOUNG",48503,30,17,1,1,11,4,1,1,1,1,26,16,0,10
1996,"YOUNG",48503,49,28,1,0,20,4,3,1,0,0,45,25,0,20
1997,"YOUNG",48503,74,35,0,2,37,9,4,0,2,3,65,31,0,34
1998,"YOUNG",48503,76,38,1,0,37,4,0,1,0,3,72,38,0,34
1999,"YOUNG",48503,62,33,1,0,28,1,0,1,0,0,61,33,0,28
2000,"YOUNG",48503,60,23,0,0,37,2,1,0,0,1,58,22,0,36
2001,"YOUNG",48503,63,31,1,0,31,2,1,1,0,0,61,30,0,31
2002,"YOUNG",48503,70,25,0,0,45,6,2,0,0,4,64,23,0,41
2003,"YOUNG",48503,52,26,1,0,25,6,1,1,0,4,46,25,0,21
1990,"ZAPATA",48505,11,1,0,0,10,0,0,0,0,0,11,1,0,10
1991,"ZAPATA",48505,5,2,0,0,3,0,0,0,0,0,5,2,0,3
1992,"ZAPATA",48505,11,3,1,0,7,5,1,1,0,3,6,2,0,4
1993,"ZAPATA",48505,7,3,1,0,3,4,2,1,0,1,3,1,0,2
1994,"ZAPATA",48505,7,3,0,0,4,0,0,0,0,0,7,3,0,4
1995,"ZAPATA",48505,11,3,2,0,6,2,0,1,0,1,9,3,1,5
1996,"ZAPATA",48505,15,10,0,0,5,4,2,0,0,2,11,8,0,3
1997,"ZAPATA",48505,23,8,2,0,13,5,1,1,0,3,18,7,1,10
1998,"ZAPATA",48505,16,11,0,0,5,2,2,0,0,0,14,9,0,5
1999,"ZAPATA",48505,16,6,0,0,10,0,0,0,0,0,16,6,0,10
2000,"ZAPATA",48505,8,4,1,0,3,1,0,1,0,0,7,4,0,3
2001,"ZAPATA",48505,6,3,0,0,3,0,0,0,0,0,6,3,0,3
2002,"ZAPATA",48505,10,2,0,0,8,0,0,0,0,0,10,2,0,8
2003,"ZAPATA",48505,6,3,2,0,1,2,1,1,0,0,4,2,1,1
1990,"ZAVALA",48507,4,1,3,0,0,2,0,2,0,0,2,1,1,0
1991,"ZAVALA",48507,3,1,1,0,1,1,0,1,0,0,2,1,0,1
1992,"ZAVALA",48507,4,4,0,0,0,0,0,0,0,0,4,4,0,0
1993,"ZAVALA",48507,6,5,0,0,1,0,0,0,0,0,6,5,0,1
1994,"ZAVALA",48507,4,3,0,1,0,1,0,0,1,0,3,3,0,0
1995,"ZAVALA",48507,4,2,0,0,2,1,1,0,0,0,3,1,0,2
1996,"ZAVALA",48507,2,2,0,0,0,0,0,0,0,0,2,2,0,0
1997,"ZAVALA",48507,7,5,0,1,1,1,0,0,1,0,6,5,0,1
1998,"ZAVALA",48507,9,5,0,0,4,0,0,0,0,0,9,5,0,4
1999,"ZAVALA",48507,4,1,0,0,3,1,0,0,0,1,3,1,0,2
2000,"ZAVALA",48507,6,3,0,0,3,0,0,0,0,0,6,3,0,3
2001,"ZAVALA",48507,11,7,0,0,4,1,0,0,0,1,10,7,0,3
2002,"ZAVALA",48507,11,7,0,0,4,0,0,0,0,0,11,7,0,4
2003,"ZAVALA",48507,5,3,0,0,2,1,1,0,0,0,4,2,0,2
1990,"BEAVER",49001,11,5,3,1,2,2,0,0,1,1,9,5,3,1
1991,"BEAVER",49001,15,10,0,0,5,3,2,0,0,1,12,8,0,4
1992,"BEAVER",49001,5,3,1,0,1,2,0,1,0,1,3,3,0,0
1993,"BEAVER",49001,11,8,0,1,2,2,1,0,1,0,9,7,0,2
1994,"BEAVER",49001,7,7,0,0,0,1,1,0,0,0,6,6,0,0
1995,"BEAVER",49001,11,7,0,0,4,0,0,0,0,0,11,7,0,4
1996,"BEAVER",49001,13,8,1,0,4,2,1,1,0,0,11,7,0,4
1997,"BEAVER",49001,29,24,0,1,4,1,0,0,1,0,28,24,0,4
1998,"BEAVER",49001,27,22,0,0,5,2,1,0,0,1,25,21,0,4
1999,"BEAVER",49001,19,14,0,0,5,2,2,0,0,0,17,12,0,5
2000,"BEAVER",49001,36,23,0,0,13,3,3,0,0,0,33,20,0,13
2001,"BEAVER",49001,33,24,2,0,7,3,2,1,0,0,30,22,1,7
2002,"BEAVER",49001,28,21,0,0,7,0,0,0,0,0,28,21,0,7
2003,"BEAVER",49001,28,21,0,0,7,1,1,0,0,0,27,20,0,7
1990,"BOX ELDER",49003,118,110,0,0,8,6,4,0,0,2,112,106,0,6
1991,"BOX ELDER",49003,132,111,1,0,20,15,11,1,0,3,117,100,0,17
1992,"BOX ELDER",49003,147,126,0,1,20,8,6,0,1,1,139,120,0,19
1993,"BOX ELDER",49003,115,94,0,2,19,3,1,0,2,0,112,93,0,19
1994,"BOX ELDER",49003,94,82,0,0,12,0,0,0,0,0,94,82,0,12
1995,"BOX ELDER",49003,105,79,0,0,26,3,2,0,0,1,102,77,0,25
1996,"BOX ELDER",49003,118,91,0,0,27,4,4,0,0,0,114,87,0,27
1997,"BOX ELDER",49003,155,115,0,1,39,2,0,0,1,1,153,115,0,38
1998,"BOX ELDER",49003,218,149,1,1,67,5,3,1,1,0,213,146,0,67
1999,"BOX ELDER",49003,260,164,0,1,95,4,3,0,1,0,256,161,0,95
2000,"BOX ELDER",49003,271,178,1,0,92,6,5,1,0,0,265,173,0,92
2001,"BOX ELDER",49003,321,221,0,0,100,7,6,0,0,1,314,215,0,99
2002,"BOX ELDER",49003,397,277,0,1,119,3,1,0,1,1,394,276,0,118
2003,"BOX ELDER",49003,340,237,0,0,103,4,4,0,0,0,336,233,0,103
1990,"CACHE",49005,149,128,1,0,20,22,20,1,0,1,127,108,0,19
1991,"CACHE",49005,154,131,3,0,20,22,14,3,0,5,132,117,0,15
1992,"CACHE",49005,150,131,1,1,17,13,11,1,1,0,137,120,0,17
1993,"CACHE",49005,135,118,0,1,16,9,7,0,1,1,126,111,0,15
1994,"CACHE",49005,134,121,0,0,13,7,6,0,0,1,127,115,0,12
1995,"CACHE",49005,124,105,5,0,14,7,3,4,0,0,117,102,1,14
1996,"CACHE",49005,176,151,1,0,24,10,7,1,0,2,166,144,0,22
1997,"CACHE",49005,247,208,0,0,39,21,19,0,0,2,226,189,0,37
1998,"CACHE",49005,333,244,1,1,87,19,14,1,1,3,314,230,0,84
1999,"CACHE",49005,322,214,2,0,106,10,6,2,0,2,312,208,0,104
2000,"CACHE",49005,330,208,1,0,121,12,10,1,0,1,318,198,0,120
2001,"CACHE",49005,389,267,1,0,121,8,7,1,0,0,381,260,0,121
2002,"CACHE",49005,495,354,5,0,136,26,20,5,0,1,469,334,0,135
2003,"CACHE",49005,468,328,1,0,139,9,7,1,0,1,459,321,0,138
1990,"CARBON",49007,54,34,0,0,20,6,4,0,0,2,48,30,0,18
1991,"CARBON",49007,80,64,0,0,16,5,4,0,0,1,75,60,0,15
1992,"CARBON",49007,59,44,0,0,15,1,0,0,0,1,58,44,0,14
1993,"CARBON",49007,39,32,0,0,7,2,2,0,0,0,37,30,0,7
1994,"CARBON",49007,49,41,0,0,8,1,1,0,0,0,48,40,0,8
1995,"CARBON",49007,54,40,0,0,14,1,0,0,0,1,53,40,0,13
1996,"CARBON",49007,69,47,0,0,22,5,2,0,0,3,64,45,0,19
1997,"CARBON",49007,122,78,0,0,44,2,0,0,0,2,120,78,0,42
1998,"CARBON",49007,110,74,1,0,35,5,4,1,0,0,105,70,0,35
1999,"CARBON",49007,115,78,1,0,36,7,3,1,0,3,108,75,0,33
2000,"CARBON",49007,141,85,0,0,56,1,0,0,0,1,140,85,0,55
2001,"CARBON",49007,173,123,0,0,50,1,1,0,0,0,172,122,0,50
2002,"CARBON",49007,184,147,0,0,37,2,2,0,0,0,182,145,0,37
2003,"CARBON",49007,176,136,0,0,40,1,1,0,0,0,175,135,0,40
1990,"DAGGETT",49009,1,0,0,0,1,0,0,0,0,0,1,0,0,1
1991,"DAGGETT",49009,1,1,0,0,0,1,1,0,0,0,0,0,0,0
1993,"DAGGETT",49009,2,2,0,0,0,0,0,0,0,0,2,2,0,0
1995,"DAGGETT",49009,1,0,0,0,1,1,0,0,0,1,0,0,0,0
1997,"DAGGETT",49009,1,1,0,0,0,0,0,0,0,0,1,1,0,0
1999,"DAGGETT",49009,3,1,0,0,2,1,0,0,0,1,2,1,0,1
2000,"DAGGETT",49009,1,1,0,0,0,0,0,0,0,0,1,1,0,0
2001,"DAGGETT",49009,4,3,0,0,1,0,0,0,0,0,4,3,0,1
2002,"DAGGETT",49009,7,7,0,0,0,0,0,0,0,0,7,7,0,0
2003,"DAGGETT",49009,7,7,0,0,0,0,0,0,0,0,7,7,0,0
1990,"DAVIS",49011,832,606,10,0,216,74,51,9,0,14,758,555,1,202
1991,"DAVIS",49011,842,631,11,0,200,77,51,11,0,15,765,580,0,185
1992,"DAVIS",49011,857,625,5,0,227,35,20,5,0,10,822,605,0,217
1993,"DAVIS",49011,703,492,6,0,205,25,14,6,0,5,678,478,0,200
1994,"DAVIS",49011,644,450,1,0,193,11,8,1,0,2,633,442,0,191
1995,"DAVIS",49011,703,437,3,0,263,12,8,3,0,1,691,429,0,262
1996,"DAVIS",49011,999,570,2,0,427,22,14,2,0,6,977,556,0,421
1997,"DAVIS",49011,1238,696,2,0,540,27,17,2,0,8,1211,679,0,532
1998,"DAVIS",49011,1524,900,7,0,617,38,20,6,0,12,1486,880,1,605
1999,"DAVIS",49011,1549,983,0,0,566,27,19,0,0,8,1522,964,0,558
2000,"DAVIS",49011,1628,956,2,0,670,37,28,1,0,8,1591,928,1,662
2001,"DAVIS",49011,2001,1314,6,0,681,36,23,6,0,7,1965,1291,0,674
2002,"DAVIS",49011,2174,1419,8,0,747,58,41,8,0,9,2116,1378,0,738
2003,"DAVIS",49011,2262,1528,30,0,704,63,25,29,0,9,2199,1503,1,695
1990,"DUCHESNE",49013,34,23,1,0,10,4,2,0,0,2,30,21,1,8
1991,"DUCHESNE",49013,43,31,2,1,9,11,6,2,1,2,32,25,0,7
1992,"DUCHESNE",49013,43,34,1,0,8,3,2,1,0,0,40,32,0,8
1993,"DUCHESNE",49013,30,24,0,0,6,0,0,0,0,0,30,24,0,6
1994,"DUCHESNE",49013,21,15,0,0,6,1,0,0,0,1,20,15,0,5
1995,"DUCHESNE",49013,31,22,0,1,8,3,0,0,1,2,28,22,0,6
1996,"DUCHESNE",49013,51,35,0,0,16,2,2,0,0,0,49,33,0,16
1997,"DUCHESNE",49013,47,33,1,1,12,5,2,1,1,1,42,31,0,11
1998,"DUCHESNE",49013,78,46,0,0,32,4,1,0,0,3,74,45,0,29
1999,"DUCHESNE",49013,74,46,0,0,28,1,1,0,0,0,73,45,0,28
2000,"DUCHESNE",49013,77,53,0,0,24,4,2,0,0,2,73,51,0,22
2001,"DUCHESNE",49013,76,41,0,0,35,2,1,0,0,1,74,40,0,34
2002,"DUCHESNE",49013,93,56,0,0,37,1,1,0,0,0,92,55,0,37
2003,"DUCHESNE",49013,109,64,0,0,45,4,4,0,0,0,105,60,0,45
1990,"EMERY",49015,21,17,0,0,4,1,1,0,0,0,20,16,0,4
1991,"EMERY",49015,27,15,0,0,12,2,0,0,0,2,25,15,0,10
1992,"EMERY",49015,21,13,0,0,8,1,0,0,0,1,20,13,0,7
1993,"EMERY",49015,17,14,0,0,3,0,0,0,0,0,17,14,0,3
1994,"EMERY",49015,9,6,0,0,3,1,0,0,0,1,8,6,0,2
1995,"EMERY",49015,12,7,0,0,5,1,1,0,0,0,11,6,0,5
1996,"EMERY",49015,19,15,0,0,4,0,0,0,0,0,19,15,0,4
1997,"EMERY",49015,38,26,0,0,12,1,1,0,0,0,37,25,0,12
1998,"EMERY",49015,38,22,0,0,16,2,2,0,0,0,36,20,0,16
1999,"EMERY",49015,42,25,0,1,16,1,0,0,1,0,41,25,0,16
2000,"EMERY",49015,49,29,0,0,20,2,1,0,0,1,47,28,0,19
2001,"EMERY",49015,73,48,0,0,25,5,1,0,0,4,68,47,0,21
2002,"EMERY",49015,70,49,0,0,21,5,4,0,0,1,65,45,0,20
2003,"EMERY",49015,79,57,0,1,21,6,4,0,1,1,73,53,0,20
1990,"GARFIELD",49017,8,4,0,0,4,0,0,0,0,0,8,4,0,4
1991,"GARFIELD",49017,8,6,1,0,1,3,1,1,0,1,5,5,0,0
1992,"GARFIELD",49017,8,5,2,0,1,3,0,2,0,1,5,5,0,0
1993,"GARFIELD",49017,6,6,0,0,0,0,0,0,0,0,6,6,0,0
1994,"GARFIELD",49017,10,8,0,0,2,2,1,0,0,1,8,7,0,1
1995,"GARFIELD",49017,10,9,0,0,1,1,1,0,0,0,9,8,0,1
1996,"GARFIELD",49017,6,2,0,0,4,0,0,0,0,0,6,2,0,4
1997,"GARFIELD",49017,13,10,0,0,3,0,0,0,0,0,13,10,0,3
1998,"GARFIELD",49017,12,7,0,0,5,0,0,0,0,0,12,7,0,5
1999,"GARFIELD",49017,12,8,0,0,4,0,0,0,0,0,12,8,0,4
2000,"GARFIELD",49017,19,12,1,0,6,1,0,1,0,0,18,12,0,6
2001,"GARFIELD",49017,22,12,2,0,8,3,1,2,0,0,19,11,0,8
2002,"GARFIELD",49017,18,12,1,0,5,1,0,1,0,0,17,12,0,5
2003,"GARFIELD",49017,18,13,0,0,5,0,0,0,0,0,18,13,0,5
1990,"GRAND",49019,15,14,0,0,1,1,1,0,0,0,14,13,0,1
1991,"GRAND",49019,18,14,2,0,2,5,2,2,0,1,13,12,0,1
1992,"GRAND",49019,6,5,0,0,1,1,0,0,0,1,5,5,0,0
1993,"GRAND",49019,13,12,0,0,1,1,1,0,0,0,12,11,0,1
1994,"GRAND",49019,17,14,1,0,2,1,0,1,0,0,16,14,0,2
1995,"GRAND",49019,16,12,0,0,4,1,0,0,0,1,15,12,0,3
1996,"GRAND",49019,22,14,1,0,7,4,2,1,0,1,18,12,0,6
1997,"GRAND",49019,31,25,0,0,6,1,1,0,0,0,30,24,0,6
1998,"GRAND",49019,26,16,0,0,10,1,1,0,0,0,25,15,0,10
1999,"GRAND",49019,19,16,0,0,3,0,0,0,0,0,19,16,0,3
2000,"GRAND",49019,36,22,1,0,13,2,0,1,0,1,34,22,0,12
2001,"GRAND",49019,39,29,0,0,10,1,0,0,0,1,38,29,0,9
2002,"GRAND",49019,52,41,0,0,11,2,0,0,0,2,50,41,0,9
2003,"GRAND",49019,56,40,1,0,15,2,0,1,0,1,54,40,0,14
1990,"IRON",49021,50,38,4,1,7,13,6,3,1,3,37,32,1,4
1991,"IRON",49021,49,40,0,0,9,11,8,0,0,3,38,32,0,6
1992,"IRON",49021,38,26,4,0,8,7,1,4,0,2,31,25,0,6
1993,"IRON",49021,29,24,0,0,5,1,1,0,0,0,28,23,0,5
1994,"IRON",49021,24,22,0,0,2,0,0,0,0,0,24,22,0,2
1995,"IRON",49021,46,40,2,0,4,3,0,1,0,2,43,40,1,2
1996,"IRON",49021,78,60,1,2,15,4,1,1,2,0,74,59,0,15
1997,"IRON",49021,108,69,0,0,39,7,7,0,0,0,101,62,0,39
1998,"IRON",49021,126,88,7,0,31,11,4,7,0,0,115,84,0,31
1999,"IRON",49021,125,84,1,0,40,2,1,1,0,0,123,83,0,40
2000,"IRON",49021,144,98,0,0,46,1,1,0,0,0,143,97,0,46
2001,"IRON",49021,181,130,1,0,50,4,4,0,0,0,177,126,1,50
2002,"IRON",49021,186,126,2,1,57,6,4,1,1,0,180,122,1,57
2003,"IRON",49021,182,122,1,0,59,4,2,1,0,1,178,120,0,58
1990,"JUAB",49023,6,6,0,0,0,2,2,0,0,0,4,4,0,0
1991,"JUAB",49023,13,13,0,0,0,0,0,0,0,0,13,13,0,0
1992,"JUAB",49023,17,12,1,0,4,2,0,1,0,1,15,12,0,3
1993,"JUAB",49023,23,19,1,0,3,1,0,1,0,0,22,19,0,3
1994,"JUAB",49023,11,10,0,0,1,0,0,0,0,0,11,10,0,1
1995,"JUAB",49023,18,12,2,0,4,2,0,2,0,0,16,12,0,4
1996,"JUAB",49023,24,19,0,0,5,1,1,0,0,0,23,18,0,5
1997,"JUAB",49023,31,14,1,0,16,1,0,1,0,0,30,14,0,16
1998,"JUAB",49023,39,23,0,0,16,1,0,0,0,1,38,23,0,15
1999,"JUAB",49023,37,23,0,0,14,3,2,0,0,1,34,21,0,13
2000,"JUAB",49023,29,18,0,0,11,2,0,0,0,2,27,18,0,9
2001,"JUAB",49023,53,37,0,0,16,1,0,0,0,1,52,37,0,15
2002,"JUAB",49023,65,46,0,0,19,1,1,0,0,0,64,45,0,19
2003,"JUAB",49023,56,43,0,0,13,1,1,0,0,0,55,42,0,13
1990,"KANE",49025,6,4,0,0,2,1,0,0,0,1,5,4,0,1
1991,"KANE",49025,7,7,0,0,0,0,0,0,0,0,7,7,0,0
1992,"KANE",49025,6,2,0,1,3,1,0,0,1,0,5,2,0,3
1993,"KANE",49025,8,8,0,0,0,0,0,0,0,0,8,8,0,0
1994,"KANE",49025,4,3,0,0,1,0,0,0,0,0,4,3,0,1
1995,"KANE",49025,4,3,0,0,1,1,0,0,0,1,3,3,0,0
1996,"KANE",49025,7,5,0,0,2,0,0,0,0,0,7,5,0,2
1997,"KANE",49025,19,11,0,0,8,0,0,0,0,0,19,11,0,8
1998,"KANE",49025,23,14,0,0,9,1,1,0,0,0,22,13,0,9
1999,"KANE",49025,13,11,0,0,2,0,0,0,0,0,13,11,0,2
2000,"KANE",49025,20,12,0,0,8,0,0,0,0,0,20,12,0,8
2001,"KANE",49025,13,8,0,0,5,0,0,0,0,0,13,8,0,5
2002,"KANE",49025,33,15,1,0,17,2,0,1,0,1,31,15,0,16
2003,"KANE",49025,36,25,0,0,11,2,2,0,0,0,34,23,0,11
1990,"MILLARD",49027,24,18,1,0,5,5,2,1,0,2,19,16,0,3
1991,"MILLARD",49027,18,11,1,0,6,5,3,1,0,1,13,8,0,5
1992,"MILLARD",49027,16,9,0,0,7,3,3,0,0,0,13,6,0,7
1993,"MILLARD",49027,18,12,0,0,6,1,1,0,0,0,17,11,0,6
1994,"MILLARD",49027,16,12,0,0,4,1,1,0,0,0,15,11,0,4
1995,"MILLARD",49027,12,10,0,0,2,0,0,0,0,0,12,10,0,2
1996,"MILLARD",49027,15,10,0,0,5,0,0,0,0,0,15,10,0,5
1997,"MILLARD",49027,26,15,0,0,11,5,2,0,0,3,21,13,0,8
1998,"MILLARD",49027,36,21,0,2,13,2,0,0,2,0,34,21,0,13
1999,"MILLARD",49027,34,29,0,1,4,3,2,0,1,0,31,27,0,4
2000,"MILLARD",49027,40,25,0,0,15,3,3,0,0,0,37,22,0,15
2001,"MILLARD",49027,44,28,1,0,15,5,2,1,0,2,39,26,0,13
2002,"MILLARD",49027,47,34,1,0,12,6,5,1,0,0,41,29,0,12
2003,"MILLARD",49027,37,27,1,0,9,4,2,1,0,1,33,25,0,8
1990,"MORGAN",49029,7,5,0,0,2,3,2,0,0,1,4,3,0,1
1991,"MORGAN",49029,15,10,1,0,4,4,1,1,0,2,11,9,0,2
1992,"MORGAN",49029,21,14,1,1,5,3,0,1,1,1,18,14,0,4
1993,"MORGAN",49029,10,8,1,0,1,0,0,0,0,0,10,8,1,1
1994,"MORGAN",49029,12,11,0,0,1,0,0,0,0,0,12,11,0,1
1995,"MORGAN",49029,10,7,1,0,2,1,0,1,0,0,9,7,0,2
1996,"MORGAN",49029,8,7,0,0,1,0,0,0,0,0,8,7,0,1
1997,"MORGAN",49029,16,8,0,0,8,0,0,0,0,0,16,8,0,8
1998,"MORGAN",49029,18,11,0,0,7,1,1,0,0,0,17,10,0,7
1999,"MORGAN",49029,14,6,1,0,7,2,1,1,0,0,12,5,0,7
2000,"MORGAN",49029,30,19,0,0,11,0,0,0,0,0,30,19,0,11
2001,"MORGAN",49029,23,18,0,0,5,0,0,0,0,0,23,18,0,5
2002,"MORGAN",49029,31,26,0,0,5,2,1,0,0,1,29,25,0,4
2003,"MORGAN",49029,30,20,0,0,10,0,0,0,0,0,30,20,0,10
1990,"PIUTE",49031,1,1,0,0,0,0,0,0,0,0,1,1,0,0
1991,"PIUTE",49031,2,2,0,0,0,0,0,0,0,0,2,2,0,0
1992,"PIUTE",49031,1,1,0,0,0,0,0,0,0,0,1,1,0,0
1995,"PIUTE",49031,1,0,0,0,1,0,0,0,0,0,1,0,0,1
1997,"PIUTE",49031,2,1,0,0,1,0,0,0,0,0,2,1,0,1
1998,"PIUTE",49031,6,6,0,0,0,1,1,0,0,0,5,5,0,0
1999,"PIUTE",49031,4,2,0,0,2,0,0,0,0,0,4,2,0,2
2000,"PIUTE",49031,2,1,0,0,1,0,0,0,0,0,2,1,0,1
2001,"PIUTE",49031,7,4,0,0,3,0,0,0,0,0,7,4,0,3
2002,"PIUTE",49031,5,4,0,0,1,1,1,0,0,0,4,3,0,1
2003,"PIUTE",49031,6,5,0,0,1,0,0,0,0,0,6,5,0,1
1991,"RICH",49033,4,4,0,0,0,0,0,0,0,0,4,4,0,0
1992,"RICH",49033,1,1,0,0,0,0,0,0,0,0,1,1,0,0
1993,"RICH",49033,3,2,0,0,1,0,0,0,0,0,3,2,0,1
1994,"RICH",49033,2,2,0,0,0,0,0,0,0,0,2,2,0,0
1995,"RICH",49033,1,1,0,0,0,0,0,0,0,0,1,1,0,0
1996,"RICH",49033,7,5,0,0,2,1,1,0,0,0,6,4,0,2
1997,"RICH",49033,4,3,0,0,1,1,1,0,0,0,3,2,0,1
1998,"RICH",49033,5,4,0,0,1,0,0,0,0,0,5,4,0,1
1999,"RICH",49033,0,0,0,0,0,0,0,0,0,0,0,0,0,0
2000,"RICH",49033,4,3,0,0,1,0,0,0,0,0,4,3,0,1
2001,"RICH",49033,6,4,0,0,2,0,0,0,0,0,6,4,0,2
2002,"RICH",49033,10,9,0,0,1,0,0,0,0,0,10,9,0,1
2003,"RICH",49033,10,6,1,0,3,1,0,1,0,0,9,6,0,3
1990,"SALT LAKE",49035,4570,2973,87,0,1510,480,292,76,0,112,4090,2681,11,1398
1991,"SALT LAKE",49035,4521,2984,113,0,1424,434,239,104,0,91,4087,2745,9,1333
1992,"SALT LAKE",49035,4503,3005,92,0,1406,302,162,84,0,56,4201,2843,8,1350
1993,"SALT LAKE",49035,3718,2486,54,4,1174,183,90,48,4,41,3535,2396,6,1133
1994,"SALT LAKE",49035,3775,2322,42,1,1410,128,69,41,1,17,3647,2253,1,1393
1995,"SALT LAKE",49035,4128,2204,30,0,1894,127,59,29,0,39,4001,2145,1,1855
1996,"SALT LAKE",49035,5087,2586,30,0,2471,156,75,28,0,53,4931,2511,2,2418
1997,"SALT LAKE",49035,6205,3180,32,3,2990,196,90,32,3,71,6009,3090,0,2919
1998,"SALT LAKE",49035,6957,3694,41,0,3222,214,111,39,0,64,6743,3583,2,3158
1999,"SALT LAKE",49035,6705,3877,32,1,2795,211,114,31,1,65,6494,3763,1,2730
2000,"SALT LAKE",49035,7342,4129,23,0,3190,212,131,23,0,58,7130,3998,0,3132
2001,"SALT LAKE",49035,9536,5852,48,1,3635,211,117,47,1,46,9325,5735,1,3589
2002,"SALT LAKE",49035,10821,6946,50,0,3825,268,151,47,0,70,10553,6795,3,3755
2003,"SALT LAKE",49035,10636,7085,27,0,3524,230,158,25,0,47,10406,6927,2,3477
1990,"SAN JUAN",49037,6,4,0,0,2,0,0,0,0,0,6,4,0,2
1991,"SAN JUAN",49037,3,2,0,0,1,0,0,0,0,0,3,2,0,1
1992,"SAN JUAN",49037,14,9,1,0,4,1,0,1,0,0,13,9,0,4
1993,"SAN JUAN",49037,10,8,0,0,2,0,0,0,0,0,10,8,0,2
1994,"SAN JUAN",49037,13,8,0,0,5,2,1,0,0,1,11,7,0,4
1995,"SAN JUAN",49037,12,10,0,0,2,0,0,0,0,0,12,10,0,2
1996,"SAN JUAN",49037,11,8,0,0,3,0,0,0,0,0,11,8,0,3
1997,"SAN JUAN",49037,22,15,0,0,7,1,1,0,0,0,21,14,0,7
1998,"SAN JUAN",49037,16,9,0,0,7,2,1,0,0,1,14,8,0,6
1999,"SAN JUAN",49037,13,12,0,0,1,0,0,0,0,0,13,12,0,1
2000,"SAN JUAN",49037,17,11,0,0,6,1,1,0,0,0,16,10,0,6
2001,"SAN JUAN",49037,25,12,1,0,12,0,0,0,0,0,25,12,1,12
2002,"SAN JUAN",49037,23,13,0,1,9,1,0,0,1,0,22,13,0,9
2003,"SAN JUAN",49037,28,17,0,0,11,0,0,0,0,0,28,17,0,11
1990,"SANPETE",49039,39,21,2,2,14,12,5,2,2,3,27,16,0,11
1991,"SANPETE",49039,46,28,0,1,17,8,1,0,1,6,38,27,0,11
1992,"SANPETE",49039,50,38,1,2,9,6,2,1,2,1,44,36,0,8
1993,"SANPETE",49039,40,28,0,2,10,4,2,0,2,0,36,26,0,10
1994,"SANPETE",49039,33,24,3,1,5,6,2,3,1,0,27,22,0,5
1995,"SANPETE",49039,43,34,0,0,9,3,3,0,0,0,40,31,0,9
1996,"SANPETE",49039,47,34,0,1,12,4,2,0,1,1,43,32,0,11
1997,"SANPETE",49039,68,40,0,0,28,3,3,0,0,0,65,37,0,28
1998,"SANPETE",49039,89,40,1,2,46,8,1,1,2,4,81,39,0,42
1999,"SANPETE",49039,90,48,0,1,41,8,3,0,1,4,82,45,0,37
2000,"SANPETE",49039,87,53,1,0,33,4,2,1,0,1,83,51,0,32
2001,"SANPETE",49039,130,77,0,0,53,10,6,0,0,4,120,71,0,49
2002,"SANPETE",49039,182,118,1,0,63,5,2,1,0,2,177,116,0,61
2003,"SANPETE",49039,154,111,1,0,42,4,3,1,0,0,150,108,0,42
1990,"SEVIER",49041,36,17,0,0,19,1,1,0,0,0,35,16,0,19
1991,"SEVIER",49041,49,35,2,1,11,4,0,2,1,1,45,35,0,10
1992,"SEVIER",49041,46,34,0,0,12,3,1,0,0,2,43,33,0,10
1993,"SEVIER",49041,31,21,0,0,10,1,0,0,0,1,30,21,0,9
1994,"SEVIER",49041,30,19,0,0,11,1,1,0,0,0,29,18,0,11
1995,"SEVIER",49041,24,12,0,1,11,2,0,0,1,1,22,12,0,10
1996,"SEVIER",49041,41,27,0,0,14,1,1,0,0,0,40,26,0,14
1997,"SEVIER",49041,45,24,2,0,19,4,2,2,0,0,41,22,0,19
1998,"SEVIER",49041,85,64,0,0,21,3,3,0,0,0,82,61,0,21
1999,"SEVIER",49041,85,56,0,0,29,7,4,0,0,3,78,52,0,26
2000,"SEVIER",49041,87,48,0,0,39,3,1,0,0,2,84,47,0,37
2001,"SEVIER",49041,85,50,1,0,34,4,1,1,0,2,81,49,0,32
2002,"SEVIER",49041,115,82,0,0,33,2,1,0,0,1,113,81,0,32
2003,"SEVIER",49041,127,89,1,0,37,6,5,1,0,0,121,84,0,37
1990,"SUMMIT",49043,49,34,3,0,12,17,13,3,0,1,32,21,0,11
1991,"SUMMIT",49043,51,30,3,1,17,12,7,3,1,1,39,23,0,16
1992,"SUMMIT",49043,46,29,3,0,14,10,6,3,0,1,36,23,0,13
1993,"SUMMIT",49043,38,26,1,0,11,2,1,1,0,0,36,25,0,11
1994,"SUMMIT",49043,56,30,5,0,21,7,1,5,0,1,49,29,0,20
1995,"SUMMIT",49043,52,29,2,0,21,6,3,2,0,1,46,26,0,20
1996,"SUMMIT",49043,60,30,4,0,26,5,1,3,0,1,55,29,1,25
1997,"SUMMIT",49043,76,40,3,0,33,5,0,3,0,2,71,40,0,31
1998,"SUMMIT",49043,99,65,3,0,31,14,9,3,0,2,85,56,0,29
1999,"SUMMIT",49043,90,54,4,0,32,10,3,4,0,3,80,51,0,29
2000,"SUMMIT",49043,122,78,1,0,43,7,6,1,0,0,115,72,0,43
2001,"SUMMIT",49043,130,88,1,0,41,7,5,1,0,1,123,83,0,40
2002,"SUMMIT",49043,123,80,6,0,37,13,7,6,0,0,110,73,0,37
2003,"SUMMIT",49043,136,101,8,0,27,11,3,8,0,0,125,98,0,27
1990,"TOOELE",49045,140,95,1,0,44,4,3,1,0,0,136,92,0,44
1991,"TOOELE",49045,158,122,0,0,36,7,6,0,0,1,151,116,0,35
1992,"TOOELE",49045,160,106,2,0,52,7,3,2,0,2,153,103,0,50
1993,"TOOELE",49045,121,88,0,0,33,2,1,0,0,1,119,87,0,32
1994,"TOOELE",49045,116,75,0,0,41,1,1,0,0,0,115,74,0,41
1995,"TOOELE",49045,132,73,0,0,59,1,1,0,0,0,131,72,0,59
1996,"TOOELE",49045,158,79,0,0,79,4,2,0,0,2,154,77,0,77
1997,"TOOELE",49045,234,101,0,0,133,3,2,0,0,1,231,99,0,132
1998,"TOOELE",49045,265,127,0,0,138,9,5,0,0,4,256,122,0,134
1999,"TOOELE",49045,363,191,0,0,172,8,7,0,0,1,355,184,0,171
2000,"TOOELE",49045,423,216,1,0,206,9,7,1,0,1,414,209,0,205
2001,"TOOELE",49045,539,319,1,0,219,7,5,0,0,2,532,314,1,217
2002,"TOOELE",49045,587,360,1,0,226,5,3,1,0,1,582,357,0,225
2003,"TOOELE",49045,603,375,0,0,228,4,4,0,0,0,599,371,0,228
1990,"UINTAH",49047,47,30,3,0,14,8,3,3,0,2,39,27,0,12
1991,"UINTAH",49047,51,44,1,0,6,10,7,1,0,2,41,37,0,4
1992,"UINTAH",49047,47,41,0,0,6,0,0,0,0,0,47,41,0,6
1993,"UINTAH",49047,53,46,1,0,6,1,0,1,0,0,52,46,0,6
1994,"UINTAH",49047,32,24,0,0,8,0,0,0,0,0,32,24,0,8
1995,"UINTAH",49047,49,33,1,0,15,5,2,1,0,2,44,31,0,13
1996,"UINTAH",49047,76,56,0,0,20,2,1,0,0,1,74,55,0,19
1997,"UINTAH",49047,98,61,0,0,37,2,0,0,0,2,96,61,0,35
1998,"UINTAH",49047,124,78,0,0,46,5,3,0,0,2,119,75,0,44
1999,"UINTAH",49047,114,77,0,0,37,2,2,0,0,0,112,75,0,37
2000,"UINTAH",49047,131,88,0,0,43,1,1,0,0,0,130,87,0,43
2001,"UINTAH",49047,135,98,1,0,36,2,0,1,0,1,133,98,0,35
2002,"UINTAH",49047,181,122,0,0,59,4,2,0,0,2,177,120,0,57
2003,"UINTAH",49047,174,125,0,0,49,4,3,0,0,1,170,122,0,48
1990,"UTAH",49049,678,504,14,1,158,112,71,12,1,27,566,433,2,131
1991,"UTAH",49049,826,647,17,0,162,111,77,15,0,19,715,570,2,143
1992,"UTAH",49049,823,673,16,0,134,74,44,16,0,14,749,629,0,120
1993,"UTAH",49049,665,538,12,0,115,49,30,11,0,8,616,508,1,107
1994,"UTAH",49049,593,461,14,0,118,33,11,14,0,8,560,450,0,110
1995,"UTAH",49049,688,533,6,0,149,32,16,5,0,11,656,517,1,138
1996,"UTAH",49049,884,593,0,0,291,40,27,0,0,13,844,566,0,278
1997,"UTAH",49049,1495,854,13,0,628,80,54,12,0,14,1415,800,1,614
1998,"UTAH",49049,1586,1045,4,0,537,62,44,4,0,14,1524,1001,0,523
1999,"UTAH",49049,1821,1228,10,1,582,107,63,10,1,33,1714,1165,0,549
2000,"UTAH",49049,1817,1202,5,0,610,93,66,5,0,22,1724,1136,0,588
2001,"UTAH",49049,2261,1629,8,0,624,80,60,8,0,12,2181,1569,0,612
2002,"UTAH",49049,2720,1981,19,3,717,118,67,18,3,30,2602,1914,1,687
2003,"UTAH",49049,2915,2191,8,0,716,112,80,8,0,24,2803,2111,0,692
1990,"WASATCH",49051,27,19,0,0,8,2,2,0,0,0,25,17,0,8
1991,"WASATCH",49051,26,18,1,0,7,4,1,1,0,2,22,17,0,5
1992,"WASATCH",49051,23,16,0,0,7,3,3,0,0,0,20,13,0,7
1993,"WASATCH",49051,29,20,0,0,9,2,2,0,0,0,27,18,0,9
1994,"WASATCH",49051,26,18,0,0,8,0,0,0,0,0,26,18,0,8
1995,"WASATCH",49051,34,20,1,0,13,1,0,1,0,0,33,20,0,13
1996,"WASATCH",49051,38,21,0,0,17,1,0,0,0,1,37,21,0,16
1997,"WASATCH",49051,47,26,0,0,21,3,3,0,0,0,44,23,0,21
1998,"WASATCH",49051,66,44,0,0,22,6,5,0,0,1,60,39,0,21
1999,"WASATCH",49051,73,29,3,0,41,8,2,3,0,3,65,27,0,38
2000,"WASATCH",49051,75,51,0,0,24,4,2,0,0,2,71,49,0,22
2001,"WASATCH",49051,110,74,4,0,32,12,7,3,0,2,98,67,1,30
2002,"WASATCH",49051,128,77,0,0,51,5,2,0,0,3,123,75,0,48
2003,"WASATCH",49051,107,74,2,0,31,2,0,2,0,0,105,74,0,31
1990,"WASHINGTON",49053,103,78,4,0,21,30,19,4,0,7,73,59,0,14
1991,"WASHINGTON",49053,140,115,6,0,19,36,28,5,0,3,104,87,1,16
1992,"WASHINGTON",49053,154,130,5,1,18,26,15,5,1,5,128,115,0,13
1993,"WASHINGTON",49053,145,112,6,0,27,14,7,6,0,1,131,105,0,26
1994,"WASHINGTON",49053,136,102,3,0,31,10,5,3,0,2,126,97,0,29
1995,"WASHINGTON",49053,178,137,3,0,38,12,7,3,0,2,166,130,0,36
1996,"WASHINGTON",49053,265,200,2,0,63,15,9,2,0,4,250,191,0,59
1997,"WASHINGTON",49053,387,303,6,0,78,24,18,5,0,1,363,285,1,77
1998,"WASHINGTON",49053,436,310,4,0,122,22,14,4,0,4,414,296,0,118
1999,"WASHINGTON",49053,450,337,0,0,113,8,8,0,0,0,442,329,0,113
2000,"WASHINGTON",49053,507,350,8,0,149,15,7,8,0,0,492,343,0,149
2001,"WASHINGTON",49053,719,471,3,0,245,27,22,3,0,2,692,449,0,243
2002,"WASHINGTON",49053,845,542,3,0,300,22,17,3,0,2,823,525,0,298
2003,"WASHINGTON",49053,911,593,2,0,316,18,14,2,0,2,893,579,0,314
1990,"WAYNE",49055,2,0,0,0,0,2,0,0,2,0,0,0,0,0
1991,"WAYNE",49055,5,2,0,0,3,1,0,0,0,1,4,2,0,2
1992,"WAYNE",49055,5,3,0,0,2,2,2,0,0,0,3,1,0,2
1993,"WAYNE",49055,1,1,0,0,0,0,0,0,0,0,1,1,0,0
1994,"WAYNE",49055,3,3,0,0,0,0,0,0,0,0,3,3,0,0
1995,"WAYNE",49055,2,0,1,0,1,1,0,1,0,0,1,0,0,1
1996,"WAYNE",49055,3,0,1,0,2,0,0,0,0,0,3,0,1,2
1997,"WAYNE",49055,5,5,0,0,0,0,0,0,0,0,5,5,0,0
1998,"WAYNE",49055,6,2,0,1,3,1,0,0,1,0,5,2,0,3
1999,"WAYNE",49055,11,8,0,0,3,0,0,0,0,0,11,8,0,3
2000,"WAYNE",49055,7,6,0,0,1,0,0,0,0,0,7,6,0,1
2001,"WAYNE",49055,8,5,0,0,3,0,0,0,0,0,8,5,0,3
2002,"WAYNE",49055,9,6,1,0,2,1,0,1,0,0,8,6,0,2
2003,"WAYNE",49055,10,7,0,0,3,0,0,0,0,0,10,7,0,3
1990,"WEBER",49057,808,690,17,0,101,70,42,17,0,11,738,648,0,90
1991,"WEBER",49057,928,827,7,1,93,42,30,7,1,4,886,797,0,89
1992,"WEBER",49057,942,797,2,0,143,34,27,2,0,5,908,770,0,138
1993,"WEBER",49057,831,701,0,0,130,15,15,0,0,0,816,686,0,130
1994,"WEBER",49057,727,605,3,0,119,8,3,3,0,2,719,602,0,117
1995,"WEBER",49057,807,586,3,0,218,12,7,3,0,2,795,579,0,216
1996,"WEBER",49057,1016,665,4,0,347,13,5,4,0,4,1003,660,0,343
1997,"WEBER",49057,1322,822,4,0,496,32,21,4,0,7,1290,801,0,489
1998,"WEBER",49057,1630,1005,3,4,618,24,13,3,4,4,1606,992,0,614
1999,"WEBER",49057,1621,1045,5,3,568,34,18,4,3,9,1587,1027,1,559
2000,"WEBER",49057,1702,1079,6,1,616,26,17,5,1,3,1676,1062,1,613
2001,"WEBER",49057,2233,1514,2,0,717,37,25,2,0,10,2196,1489,0,707
2002,"WEBER",49057,2430,1571,7,0,852,32,23,5,0,4,2398,1548,2,848
2003,"WEBER",49057,2343,1633,2,0,708,21,16,2,0,3,2322,1617,0,705
1990,"ADDISON",50001,25,22,1,0,2,6,5,1,0,0,19,17,0,2
1991,"ADDISON",50001,38,31,1,3,3,11,5,1,3,2,27,26,0,1
1992,"ADDISON",50001,44,38,2,1,3,9,5,2,1,1,35,33,0,2
1993,"ADDISON",50001,52,49,1,1,1,18,16,1,1,0,34,33,0,1
1994,"ADDISON",50001,43,34,3,1,5,12,5,3,1,3,31,29,0,2
1995,"ADDISON",50001,68,61,1,2,4,12,7,1,2,2,56,54,0,2
1996,"ADDISON",50001,67,63,0,1,3,4,3,0,1,0,63,60,0,3
1997,"ADDISON",50001,92,80,3,2,7,13,8,3,2,0,79,72,0,7
1998,"ADDISON",50001,99,91,0,1,7,6,5,0,1,0,93,86,0,7
1999,"ADDISON",50001,108,95,0,3,10,6,2,0,3,1,102,93,0,9
2000,"ADDISON",50001,77,64,0,0,13,3,1,0,0,2,74,63,0,11
2001,"ADDISON",50001,97,80,0,1,16,2,0,0,1,1,95,80,0,15
2002,"ADDISON",50001,137,102,1,0,34,2,1,1,0,0,135,101,0,34
2003,"ADDISON",50001,128,72,0,0,56,6,4,0,0,2,122,68,0,54
1990,"BENNINGTON",50003,49,42,0,1,6,13,11,0,1,1,36,31,0,5
1991,"BENNINGTON",50003,53,47,3,0,3,16,12,3,0,1,37,35,0,2
1992,"BENNINGTON",50003,50,44,5,0,1,15,10,5,0,0,35,34,0,1
1993,"BENNINGTON",50003,43,42,0,0,1,6,5,0,0,1,37,37,0,0
1994,"BENNINGTON",50003,58,52,4,0,2,11,6,3,0,2,47,46,1,0
1995,"BENNINGTON",50003,51,45,2,0,4,12,9,2,0,1,39,36,0,3
1996,"BENNINGTON",50003,71,61,3,0,7,7,5,2,0,0,64,56,1,7
1997,"BENNINGTON",50003,110,103,0,0,7,12,8,0,0,4,98,95,0,3
1998,"BENNINGTON",50003,111,102,1,0,8,11,10,1,0,0,100,92,0,8
1999,"BENNINGTON",50003,98,94,0,0,4,5,5,0,0,0,93,89,0,4
2000,"BENNINGTON",50003,91,84,1,0,6,6,5,1,0,0,85,79,0,6
2001,"BENNINGTON",50003,122,114,1,0,7,6,4,1,0,1,116,110,0,6
2002,"BENNINGTON",50003,103,97,2,0,4,9,7,2,0,0,94,90,0,4
2003,"BENNINGTON",50003,100,88,0,0,12,12,9,0,0,3,88,79,0,9
1990,"CALEDONIA",50005,19,14,2,0,3,7,3,2,0,2,12,11,0,1
1991,"CALEDONIA",50005,32,27,1,0,4,9,6,1,0,2,23,21,0,2
1992,"CALEDONIA",50005,45,40,1,1,3,13,10,1,1,1,32,30,0,2
1993,"CALEDONIA",50005,35,32,1,2,0,5,2,1,2,0,30,30,0,0
1994,"CALEDONIA",50005,24,17,2,1,4,9,4,2,1,2,15,13,0,2
1995,"CALEDONIA",50005,41,35,2,1,3,9,6,2,1,0,32,29,0,3
1996,"CALEDONIA",50005,56,51,1,0,4,5,2,0,0,3,51,49,1,1
1997,"CALEDONIA",50005,48,44,0,0,4,2,1,0,0,1,46,43,0,3
1998,"CALEDONIA",50005,77,74,0,1,2,1,0,0,1,0,76,74,0,2
1999,"CALEDONIA",50005,48,45,0,0,3,2,2,0,0,0,46,43,0,3
2000,"CALEDONIA",50005,63,57,0,0,6,6,5,0,0,1,57,52,0,5
2001,"CALEDONIA",50005,67,60,0,0,7,7,4,0,0,3,60,56,0,4
2002,"CALEDONIA",50005,77,73,0,0,4,8,7,0,0,1,69,66,0,3
2003,"CALEDONIA",50005,105,94,0,0,11,3,2,0,0,1,102,92,0,10
1990,"CHITTENDEN",50007,163,142,4,0,17,26,19,4,0,3,137,123,0,14
1991,"CHITTENDEN",50007,251,235,9,0,7,28,20,8,0,0,223,215,1,7
1992,"CHITTENDEN",50007,232,218,6,1,7,24,17,5,1,1,208,201,1,6
1993,"CHITTENDEN",50007,191,181,4,2,4,17,11,4,2,0,174,170,0,4
1994,"CHITTENDEN",50007,254,236,4,0,14,23,19,3,0,1,231,217,1,13
1995,"CHITTENDEN",50007,302,274,6,0,22,27,20,5,0,2,275,254,1,20
1996,"CHITTENDEN",50007,371,341,5,2,23,25,17,5,2,1,346,324,0,22
1997,"CHITTENDEN",50007,514,471,6,0,37,30,21,6,0,3,484,450,0,34
1998,"CHITTENDEN",50007,471,428,4,0,39,12,5,4,0,3,459,423,0,36
1999,"CHITTENDEN",50007,464,428,2,1,33,17,13,2,1,1,447,415,0,32
2000,"CHITTENDEN",50007,370,331,2,0,37,10,7,2,0,1,360,324,0,36
2001,"CHITTENDEN",50007,399,358,6,0,35,22,15,6,0,1,377,343,0,34
2002,"CHITTENDEN",50007,408,360,1,0,47,19,15,1,0,3,389,345,0,44
2003,"CHITTENDEN",50007,380,325,2,0,53,6,4,2,0,0,374,321,0,53
1990,"ESSEX",50009,4,4,0,0,0,2,2,0,0,0,2,2,0,0
1991,"ESSEX",50009,4,3,0,0,1,4,3,0,0,1,0,0,0,0
1992,"ESSEX",50009,8,6,0,1,1,4,2,0,1,1,4,4,0,0
1993,"ESSEX",50009,7,6,0,0,1,2,2,0,0,0,5,4,0,1
1994,"ESSEX",50009,9,9,0,0,0,2,2,0,0,0,7,7,0,0
1995,"ESSEX",50009,9,7,0,0,2,2,2,0,0,0,7,5,0,2
1996,"ESSEX",50009,14,13,0,0,1,2,1,0,0,1,12,12,0,0
1997,"ESSEX",50009,16,12,1,0,3,4,1,1,0,2,12,11,0,1
1998,"ESSEX",50009,19,18,0,0,1,2,1,0,0,1,17,17,0,0
1999,"ESSEX",50009,13,13,0,0,0,0,0,0,0,0,13,13,0,0
2000,"ESSEX",50009,14,13,0,0,1,0,0,0,0,0,14,13,0,1
2001,"ESSEX",50009,21,20,0,0,1,2,2,0,0,0,19,18,0,1
2002,"ESSEX",50009,18,18,0,0,0,3,3,0,0,0,15,15,0,0
2003,"ESSEX",50009,19,19,0,0,0,1,1,0,0,0,18,18,0,0
1990,"FRANKLIN",50011,35,27,0,4,4,7,3,0,4,0,28,24,0,4
1991,"FRANKLIN",50011,84,70,1,8,5,20,7,1,8,4,64,63,0,1
1992,"FRANKLIN",50011,90,83,0,4,3,20,15,0,4,1,70,68,0,2
1993,"FRANKLIN",50011,53,51,0,1,1,13,11,0,1,1,40,40,0,0
1994,"FRANKLIN",50011,54,51,0,0,3,6,5,0,0,1,48,46,0,2
1995,"FRANKLIN",50011,76,70,0,0,6,11,11,0,0,0,65,59,0,6
1996,"FRANKLIN",50011,120,113,0,2,5,7,5,0,2,0,113,108,0,5
1997,"FRANKLIN",50011,179,172,0,1,6,9,8,0,1,0,170,164,0,6
1998,"FRANKLIN",50011,188,176,0,0,12,2,1,0,0,1,186,175,0,11
1999,"FRANKLIN",50011,192,176,1,2,13,5,2,1,2,0,187,174,0,13
2000,"FRANKLIN",50011,154,145,1,0,8,2,0,1,0,1,152,145,0,7
2001,"FRANKLIN",50011,168,155,0,0,13,2,2,0,0,0,166,153,0,13
2002,"FRANKLIN",50011,160,146,0,0,14,4,3,0,0,1,156,143,0,13
2003,"FRANKLIN",50011,173,152,0,1,20,3,2,0,1,0,170,150,0,20
1990,"GRAND ISLE",50013,9,7,0,0,2,0,0,0,0,0,9,7,0,2
1991,"GRAND ISLE",50013,11,10,1,0,0,2,1,1,0,0,9,9,0,0
1992,"GRAND ISLE",50013,6,3,0,1,2,1,0,0,1,0,5,3,0,2
1993,"GRAND ISLE",50013,9,8,1,0,0,2,1,1,0,0,7,7,0,0
1994,"GRAND ISLE",50013,11,11,0,0,0,0,0,0,0,0,11,11,0,0
1995,"GRAND ISLE",50013,12,11,0,0,1,1,1,0,0,0,11,10,0,1
1996,"GRAND ISLE",50013,17,15,0,0,2,1,1,0,0,0,16,14,0,2
1997,"GRAND ISLE",50013,30,27,1,0,2,2,0,1,0,1,28,27,0,1
1998,"GRAND ISLE",50013,32,32,0,0,0,4,4,0,0,0,28,28,0,0
1999,"GRAND ISLE",50013,22,21,0,0,1,0,0,0,0,0,22,21,0,1
2000,"GRAND ISLE",50013,21,18,0,1,2,2,1,0,1,0,19,17,0,2
2001,"GRAND ISLE",50013,19,18,0,0,1,0,0,0,0,0,19,18,0,1
2002,"GRAND ISLE",50013,21,16,1,0,4,1,0,1,0,0,20,16,0,4
2003,"GRAND ISLE",50013,26,23,0,0,3,2,2,0,0,0,24,21,0,3
1990,"LAMOILLE",50015,25,18,1,0,6,12,7,1,0,4,13,11,0,2
1991,"LAMOILLE",50015,34,31,1,2,0,11,8,1,2,0,23,23,0,0
1992,"LAMOILLE",50015,31,30,0,0,1,9,8,0,0,1,22,22,0,0
1993,"LAMOILLE",50015,27,26,1,0,0,4,3,1,0,0,23,23,0,0
1994,"LAMOILLE",50015,32,30,1,0,1,7,6,1,0,0,25,24,0,1
1995,"LAMOILLE",50015,45,42,0,0,3,7,6,0,0,1,38,36,0,2
1996,"LAMOILLE",50015,69,65,2,0,2,16,14,2,0,0,53,51,0,2
1997,"LAMOILLE",50015,71,66,0,1,4,3,2,0,1,0,68,64,0,4
1998,"LAMOILLE",50015,94,81,1,3,9,6,1,1,3,1,88,80,0,8
1999,"LAMOILLE",50015,64,60,0,2,2,5,2,0,2,1,59,58,0,1
2000,"LAMOILLE",50015,43,40,0,1,2,2,1,0,1,0,41,39,0,2
2001,"LAMOILLE",50015,75,70,0,0,5,7,7,0,0,0,68,63,0,5
2002,"LAMOILLE",50015,79,68,0,0,11,10,7,0,0,3,69,61,0,8
2003,"LAMOILLE",50015,82,75,0,0,7,5,2,0,0,3,77,73,0,4
1990,"ORANGE",50017,30,25,2,0,3,7,5,2,0,0,23,20,0,3
1991,"ORANGE",50017,34,31,1,0,2,6,5,1,0,0,28,26,0,2
1992,"ORANGE",50017,43,38,1,0,4,14,12,1,0,1,29,26,0,3
1993,"ORANGE",50017,24,22,1,0,1,10,8,1,0,1,14,14,0,0
1994,"ORANGE",50017,32,29,2,0,1,10,7,2,0,1,22,22,0,0
1995,"ORANGE",50017,26,20,1,0,5,8,3,1,0,4,18,17,0,1
1996,"ORANGE",50017,43,35,1,0,7,6,4,1,0,1,37,31,0,6
1997,"ORANGE",50017,72,68,1,0,3,4,3,0,0,1,68,65,1,2
1998,"ORANGE",50017,69,58,0,0,11,3,1,0,0,2,66,57,0,9
1999,"ORANGE",50017,57,43,2,0,12,3,1,2,0,0,54,42,0,12
2000,"ORANGE",50017,66,56,0,0,10,4,4,0,0,0,62,52,0,10
2001,"ORANGE",50017,65,54,0,0,11,3,2,0,0,1,62,52,0,10
2002,"ORANGE",50017,89,73,0,0,16,5,4,0,0,1,84,69,0,15
2003,"ORANGE",50017,97,89,0,0,8,0,0,0,0,0,97,89,0,8
1990,"ORLEANS",50019,22,18,1,0,3,5,3,1,0,1,17,15,0,2
1991,"ORLEANS",50019,47,40,1,5,1,14,9,0,5,0,33,31,1,1
1992,"ORLEANS",50019,41,36,3,1,1,13,10,2,1,0,28,26,1,1
1993,"ORLEANS",50019,32,29,2,0,1,3,2,1,0,0,29,27,1,1
1994,"ORLEANS",50019,23,19,0,3,1,5,2,0,3,0,18,17,0,1
1995,"ORLEANS",50019,34,28,1,1,4,7,5,0,1,1,27,23,1,3
1996,"ORLEANS",50019,58,46,1,1,10,6,2,1,1,2,52,44,0,8
1997,"ORLEANS",50019,84,77,0,2,5,17,15,0,2,0,67,62,0,5
1998,"ORLEANS",50019,70,61,0,2,7,4,1,0,2,1,66,60,0,6
1999,"ORLEANS",50019,59,50,0,0,9,5,2,0,0,3,54,48,0,6
2000,"ORLEANS",50019,58,56,0,0,2,3,2,0,0,1,55,54,0,1
2001,"ORLEANS",50019,78,70,0,0,8,7,5,0,0,2,71,65,0,6
2002,"ORLEANS",50019,81,72,0,0,9,7,5,0,0,2,74,67,0,7
2003,"ORLEANS",50019,61,55,0,0,6,3,2,0,0,1,58,53,0,5
1990,"RUTLAND",50021,114,96,1,0,17,29,23,1,0,5,85,73,0,12
1991,"RUTLAND",50021,130,123,3,1,3,28,22,3,1,2,102,101,0,1
1992,"RUTLAND",50021,138,123,10,0,5,26,14,10,0,2,112,109,0,3
1993,"RUTLAND",50021,152,138,7,0,7,23,16,6,0,1,129,122,1,6
1994,"RUTLAND",50021,104,94,5,0,5,11,5,5,0,1,93,89,0,4
1995,"RUTLAND",50021,126,110,2,1,13,20,13,2,1,4,106,97,0,9
1996,"RUTLAND",50021,169,155,2,0,12,17,12,1,0,4,152,143,1,8
1997,"RUTLAND",50021,239,223,2,0,14,23,16,2,0,5,216,207,0,9
1998,"RUTLAND",50021,218,201,2,1,14,9,5,2,1,1,209,196,0,13
1999,"RUTLAND",50021,222,200,5,1,16,10,1,5,1,3,212,199,0,13
2000,"RUTLAND",50021,182,163,4,0,15,13,8,4,0,1,169,155,0,14
2001,"RUTLAND",50021,189,173,0,0,16,5,5,0,0,0,184,168,0,16
2002,"RUTLAND",50021,210,183,2,0,25,10,7,2,0,1,200,176,0,24
2003,"RUTLAND",50021,222,191,1,0,30,13,10,1,0,2,209,181,0,28
1990,"WASHINGTON",50023,88,74,8,0,6,21,12,8,0,1,67,62,0,5
1991,"WASHINGTON",50023,92,84,4,0,4,15,11,3,0,1,77,73,1,3
1992,"WASHINGTON",50023,102,94,4,0,4,24,17,4,0,3,78,77,0,1
1993,"WASHINGTON",50023,75,71,3,0,1,14,11,3,0,0,61,60,0,1
1994,"WASHINGTON",50023,81,66,7,1,7,13,6,6,1,0,68,60,1,7
1995,"WASHINGTON",50023,118,104,3,0,11,16,10,3,0,3,102,94,0,8
1996,"WASHINGTON",50023,140,128,2,0,10,14,11,2,0,1,126,117,0,9
1997,"WASHINGTON",50023,194,181,2,0,11,15,8,2,0,5,179,173,0,6
1998,"WASHINGTON",50023,212,199,0,0,13,9,8,0,0,1,203,191,0,12
1999,"WASHINGTON",50023,166,150,1,0,15,9,7,1,0,1,157,143,0,14
2000,"WASHINGTON",50023,130,117,0,0,13,9,7,0,0,2,121,110,0,11
2001,"WASHINGTON",50023,151,144,0,0,7,4,3,0,0,1,147,141,0,6
2002,"WASHINGTON",50023,189,175,0,0,14,2,2,0,0,0,187,173,0,14
2003,"WASHINGTON",50023,182,171,0,0,11,5,4,0,0,1,177,167,0,10
1990,"WINDHAM",50025,44,38,1,0,5,12,9,1,0,2,32,29,0,3
1991,"WINDHAM",50025,68,62,5,0,1,23,18,5,0,0,45,44,0,1
1992,"WINDHAM",50025,76,68,5,0,3,19,12,5,0,2,57,56,0,1
1993,"WINDHAM",50025,57,51,3,0,3,15,12,3,0,0,42,39,0,3
1994,"WINDHAM",50025,47,40,4,0,3,12,8,4,0,0,35,32,0,3
1995,"WINDHAM",50025,65,51,4,0,10,14,5,4,0,5,51,46,0,5
1996,"WINDHAM",50025,57,47,5,0,5,13,7,5,0,1,44,40,0,4
1997,"WINDHAM",50025,100,91,4,1,4,13,8,4,1,0,87,83,0,4
1998,"WINDHAM",50025,122,109,0,0,13,6,3,0,0,3,116,106,0,10
1999,"WINDHAM",50025,111,102,0,0,9,6,5,0,0,1,105,97,0,8
2000,"WINDHAM",50025,78,67,0,0,11,6,3,0,0,3,72,64,0,8
2001,"WINDHAM",50025,107,92,0,0,15,12,6,0,0,6,95,86,0,9
2002,"WINDHAM",50025,89,83,0,0,6,2,2,0,0,0,87,81,0,6
2003,"WINDHAM",50025,112,100,2,0,10,7,5,2,0,0,105,95,0,10
1990,"WINDSOR",50027,75,54,13,0,7,29,12,12,0,4,46,42,1,3
1991,"WINDSOR",50027,90,81,2,0,7,26,21,2,0,3,64,60,0,4
1992,"WINDSOR",50027,96,86,7,0,3,27,21,5,0,1,69,65,2,2
1993,"WINDSOR",50027,90,80,3,0,7,24,18,2,0,4,66,62,1,3
1994,"WINDSOR",50027,57,48,4,0,5,13,8,3,0,2,44,40,1,3
1995,"WINDSOR",50027,76,68,0,0,8,19,15,0,0,4,57,53,0,4
1996,"WINDSOR",50027,106,87,4,0,15,17,11,3,0,3,89,76,1,12
1997,"WINDSOR",50027,147,127,4,0,16,11,5,4,0,2,136,122,0,14
1998,"WINDSOR",50027,160,140,3,0,17,6,2,3,0,1,154,138,0,16
1999,"WINDSOR",50027,121,106,1,0,14,7,3,1,0,3,114,103,0,11
2000,"WINDSOR",50027,131,113,0,0,18,5,2,0,0,3,126,111,0,15
2001,"WINDSOR",50027,175,144,0,0,31,17,11,0,0,6,158,133,0,25
2002,"WINDSOR",50027,154,130,0,0,24,4,2,0,0,2,150,128,0,22
2003,"WINDSOR",50027,205,176,0,0,29,9,5,0,0,4,196,171,0,25
1990,"ACCOMACK",51001,73,51,2,0,20,12,8,2,0,2,61,43,0,18
1991,"ACCOMACK",51001,61,42,1,1,17,12,8,1,1,2,49,34,0,15
1992,"ACCOMACK",51001,72,52,3,2,15,7,1,3,2,1,65,51,0,14
1993,"ACCOMACK",51001,64,48,1,0,15,4,2,1,0,1,60,46,0,14
1994,"ACCOMACK",51001,52,42,0,0,10,4,3,0,0,1,48,39,0,9
1995,"ACCOMACK",51001,73,58,2,0,13,5,2,2,0,1,68,56,0,12
1996,"ACCOMACK",51001,122,89,2,0,31,9,4,1,0,4,113,85,1,27
1997,"ACCOMACK",51001,127,96,1,0,30,9,5,1,0,3,118,91,0,27
1998,"ACCOMACK",51001,188,137,1,0,50,6,0,1,0,5,182,137,0,45
1999,"ACCOMACK",51001,124,98,0,0,26,2,2,0,0,0,122,96,0,26
2000,"ACCOMACK",51001,137,110,1,1,25,4,1,1,1,1,133,109,0,24
2001,"ACCOMACK",51001,149,118,2,0,29,1,0,1,0,0,148,118,1,29
2002,"ACCOMACK",51001,133,111,0,0,22,2,1,0,0,1,131,110,0,21
2003,"ACCOMACK",51001,151,124,1,0,26,2,1,1,0,0,149,123,0,26
1990,"ALBEMARLE",51003,200,166,3,0,31,15,10,3,0,2,185,156,0,29
1991,"ALBEMARLE",51003,261,224,7,0,30,15,8,6,0,1,246,216,1,29
1992,"ALBEMARLE",51003,234,195,6,0,33,18,13,5,0,0,216,182,1,33
1993,"ALBEMARLE",51003,170,132,6,0,32,22,11,5,0,6,148,121,1,26
1994,"ALBEMARLE",51003,180,144,10,0,26,29,18,10,0,1,151,126,0,25
1995,"ALBEMARLE",51003,218,182,0,0,36,15,12,0,0,3,203,170,0,33
1996,"ALBEMARLE",51003,243,203,1,0,39,19,14,0,0,5,224,189,1,34
1997,"ALBEMARLE",51003,248,215,2,0,31,11,8,1,0,2,237,207,1,29
1998,"ALBEMARLE",51003,253,221,0,0,32,16,15,0,0,1,237,206,0,31
1999,"ALBEMARLE",51003,234,206,1,0,27,3,2,0,0,1,231,204,1,26
2000,"ALBEMARLE",51003,197,170,3,0,24,13,9,2,0,2,184,161,1,22
2001,"ALBEMARLE",51003,241,208,0,0,33,9,9,0,0,0,232,199,0,33
2002,"ALBEMARLE",51003,296,262,2,0,32,8,5,2,0,1,288,257,0,31
2003,"ALBEMARLE",51003,267,234,1,0,32,6,5,1,0,0,261,229,0,32
1990,"ALEXANDRIA CITY",51005,58,52,2,0,4,7,5,2,0,0,51,47,0,4
1991,"ALLEGHANY",51005,19,16,0,0,3,2,2,0,0,0,17,14,0,3
1992,"ALLEGHANY",51005,2,2,0,0,0,0,0,0,0,0,2,2,0,0
1993,"ALLEGHANY",51005,27,26,0,0,1,1,1,0,0,0,26,25,0,1
1994,"ALLEGHANY",51005,33,30,0,0,3,4,4,0,0,0,29,26,0,3
1995,"ALLEGHANY",51005,47,43,0,0,4,3,2,0,0,1,44,41,0,3
1996,"ALLEGHANY",51005,74,66,1,0,7,4,3,1,0,0,70,63,0,7
1997,"ALLEGHANY",51005,80,74,0,0,6,6,5,0,0,1,74,69,0,5
1998,"ALLEGHANY",51005,76,62,1,0,13,5,2,1,0,2,71,60,0,11
1999,"ALEXANDRIA CITY",51005,79,72,0,0,7,4,3,0,0,1,75,69,0,6
2000,"ALLEGHANY",51005,76,74,0,0,2,6,6,0,0,0,70,68,0,2
2001,"ALLEGHANY",51005,98,92,0,0,5,9,8,0,0,0,89,84,0,5
2002,"ALLEGHANY",51005,89,81,0,0,8,8,7,0,0,1,81,74,0,7
2003,"ALLEGHANY",51005,91,79,0,0,12,1,1,0,0,0,90,78,0,12
1990,"ALLEGHANY",51007,38,36,0,0,2,2,2,0,0,0,36,34,0,2
1991,"AMELIA",51007,52,46,0,0,6,10,9,0,0,1,42,37,0,5
1992,"AMELIA",51007,39,32,0,1,6,7,5,0,1,1,32,27,0,5
1993,"AMELIA",51007,38,26,0,0,12,0,0,0,0,0,38,26,0,12
1994,"AMELIA",51007,47,34,3,1,9,5,1,3,1,0,42,33,0,9
1995,"AMELIA",51007,65,50,0,0,15,1,0,0,0,1,64,50,0,14
1996,"AMELIA",51007,95,70,0,0,25,0,0,0,0,0,95,70,0,25
1997,"AMELIA",51007,93,68,0,0,25,1,0,0,0,1,92,68,0,24
1998,"AMELIA",51007,114,76,0,0,38,1,1,0,0,0,113,75,0,38
1999,"ALLEGHANY",51007,81,55,0,0,26,0,0,0,0,0,81,55,0,26
2000,"AMELIA",51007,85,51,0,0,34,0,0,0,0,0,85,51,0,34
2001,"AMELIA",51007,96,65,0,0,31,0,0,0,0,0,96,65,0,31
2002,"AMELIA",51007,120,81,0,0,39,0,0,0,0,0,120,81,0,39
2003,"AMELIA",51007,135,88,0,0,47,1,1,0,0,0,134,87,0,47
1990,"AMELIA",51009,135,86,0,0,49,8,3,0,0,5,127,83,0,44
1991,"AMHERST",51009,115,80,2,0,33,3,2,1,0,0,112,78,1,33
1992,"AMHERST",51009,122,78,0,0,44,1,1,0,0,0,121,77,0,44
1993,"AMHERST",51009,111,63,1,0,47,2,0,1,0,1,109,63,0,46
1994,"AMHERST",51009,113,70,0,0,43,9,3,0,0,6,104,67,0,37
1995,"AMHERST",51009,129,84,0,0,45,6,3,0,0,3,123,81,0,42
1996,"AMHERST",51009,234,125,1,0,108,5,3,1,0,1,229,122,0,107
1997,"AMHERST",51009,233,128,1,0,104,5,4,1,0,0,228,124,0,104
1998,"AMHERST",51009,220,134,1,0,85,4,3,1,0,0,216,131,0,85
1999,"AMELIA",51009,185,111,0,0,74,1,1,0,0,0,184,110,0,74
2000,"AMHERST",51009,172,101,0,0,71,3,3,0,0,0,169,98,0,71
2001,"AMHERST",51009,266,192,0,0,74,5,4,0,0,1,261,188,0,73
2002,"AMHERST",51009,265,184,0,0,81,1,1,0,0,0,264,183,0,81
2003,"AMHERST",51009,283,191,0,0,92,3,3,0,0,0,280,188,0,92
1990,"AMHERST",51011,47,28,0,0,19,0,0,0,0,0,47,28,0,19
1991,"APPOMATTOX",51011,67,25,0,0,42,1,1,0,0,0,66,24,0,42
1992,"APPOMATTOX",51011,45,20,0,0,25,0,0,0,0,0,45,20,0,25
1993,"APPOMATTOX",51011,34,22,0,0,12,0,0,0,0,0,34,22,0,12
1994,"APPOMATTOX",51011,38,23,0,0,15,1,1,0,0,0,37,22,0,15
1995,"APPOMATTOX",51011,49,21,1,0,27,2,1,1,0,0,47,20,0,27
1996,"APPOMATTOX",51011,94,45,0,0,49,0,0,0,0,0,94,45,0,49
1997,"APPOMATTOX",51011,104,40,1,0,63,1,0,1,0,0,103,40,0,63
1998,"APPOMATTOX",51011,73,33,0,0,40,0,0,0,0,0,73,33,0,40
1999,"AMHERST",51011,101,51,1,0,49,2,0,1,0,1,99,51,0,48
2000,"APPOMATTOX",51011,83,38,0,0,45,1,1,0,0,0,82,37,0,45
2001,"APPOMATTOX",51011,96,54,1,0,41,2,1,1,0,0,94,53,0,41
2002,"APPOMATTOX",51011,127,75,0,0,52,0,0,0,0,0,127,75,0,52
2003,"APPOMATTOX",51011,127,59,0,0,68,1,0,0,0,1,126,59,0,67
1990,"APPOMATTOX",51013,267,229,12,0,26,27,14,12,0,1,240,215,0,25
1991,"ARLINGTON",51013,389,342,17,0,30,29,13,15,0,1,360,329,2,29
1992,"ARLINGTON",51013,440,389,18,0,33,34,15,17,0,2,406,374,1,31
1993,"ARLINGTON",51013,425,372,24,0,29,43,19,24,0,0,382,353,0,29
1994,"ARLINGTON",51013,370,325,12,0,33,19,9,10,0,0,351,316,2,33
1995,"ARLINGTON",51013,411,366,10,0,35,14,3,9,0,2,397,363,1,33
1996,"ARLINGTON",51013,470,425,15,0,30,24,11,13,0,0,446,414,2,30
1997,"ARLINGTON",51013,626,568,13,0,45,17,5,12,0,0,609,563,1,45
1998,"ARLINGTON",51013,688,622,9,0,57,15,7,7,0,1,673,615,2,56
1999,"APPOMATTOX",51013,569,501,4,0,64,10,6,4,0,0,559,495,0,64
2000,"ARLINGTON",51013,440,398,9,0,33,9,2,7,0,0,431,396,2,33
2001,"ARLINGTON",51013,402,368,5,0,29,6,3,2,0,1,396,365,3,28
2002,"ARLINGTON",51013,416,370,12,0,34,20,8,12,0,0,396,362,0,34
2003,"ARLINGTON",51013,362,334,4,0,24,12,11,1,0,0,350,323,3,24
1990,"ARLINGTON",51015,135,127,0,1,7,16,14,0,1,1,119,113,0,6
1991,"AUGUSTA",51015,104,101,0,0,3,13,12,0,0,1,91,89,0,2
1992,"AUGUSTA",51015,93,85,1,0,7,11,7,1,0,3,82,78,0,4
1993,"AUGUSTA",51015,94,88,1,0,5,15,10,1,0,4,79,78,0,1
1994,"AUGUSTA",51015,99,92,2,1,4,18,13,2,1,2,81,79,0,2
1995,"AUGUSTA",51015,158,148,4,1,5,16,11,4,1,0,142,137,0,5
1996,"AUGUSTA",51015,222,215,0,0,7,21,21,0,0,0,201,194,0,7
1997,"AUGUSTA",51015,285,264,2,0,19,25,18,2,0,5,260,246,0,14
1998,"AUGUSTA",51015,242,228,2,0,12,25,21,2,0,2,217,207,0,10
1999,"ARLINGTON",51015,266,251,0,0,15,24,22,0,0,2,242,229,0,13
2000,"AUGUSTA",51015,303,286,1,1,15,19,15,1,1,2,284,271,0,13
2001,"AUGUSTA",51015,306,279,2,0,25,30,24,2,0,4,276,255,0,21
2002,"AUGUSTA",51015,346,326,2,0,18,24,20,2,0,2,322,306,0,16
2003,"AUGUSTA",51015,337,302,0,0,35,32,29,0,0,3,305,273,0,32
1990,"AUGUSTA",51017,10,10,0,0,0,1,1,0,0,0,9,9,0,0
1991,"BATH",51017,14,12,0,0,2,5,4,0,0,1,9,8,0,1
1992,"BATH",51017,10,10,0,0,0,0,0,0,0,0,10,10,0,0
1993,"BATH",51017,8,8,0,0,0,2,2,0,0,0,6,6,0,0
1994,"BATH",51017,4,4,0,0,0,2,2,0,0,0,2,2,0,0
1995,"BATH",51017,7,7,0,0,0,1,1,0,0,0,6,6,0,0
1996,"BATH",51017,11,11,0,0,0,2,2,0,0,0,9,9,0,0
1997,"BATH",51017,14,14,0,0,0,5,5,0,0,0,9,9,0,0
1998,"BATH",51017,9,9,0,0,0,0,0,0,0,0,9,9,0,0
1999,"AUGUSTA",51017,11,11,0,0,0,1,1,0,0,0,10,10,0,0
2000,"BATH",51017,16,14,0,0,2,1,1,0,0,0,15,13,0,2
2001,"BATH",51017,25,23,0,0,2,1,1,0,0,0,24,22,0,2
2002,"BATH",51017,13,12,0,0,1,1,1,0,0,0,12,11,0,1
2003,"BATH",51017,14,13,0,0,1,0,0,0,0,0,14,13,0,1
1990,"BATH",51019,165,134,4,1,26,12,7,4,1,0,153,127,0,26
1991,"BEDFORD",51019,212,170,3,0,39,12,7,3,0,2,200,163,0,37
1992,"BEDFORD",51019,161,119,2,0,40,5,3,2,0,0,156,116,0,40
1993,"BEDFORD",51019,143,117,3,0,23,10,7,3,0,0,133,110,0,23
1994,"BEDFORD",51019,141,112,0,0,29,7,3,0,0,4,134,109,0,25
1995,"BEDFORD",51019,160,126,3,0,31,13,9,3,0,1,147,117,0,30
1996,"BEDFORD",51019,185,129,2,0,54,8,3,2,0,3,177,126,0,51
1997,"BEDFORD",51019,251,178,1,0,72,9,4,1,0,4,242,174,0,68
1998,"BEDFORD",51019,259,188,1,0,70,4,2,1,0,1,255,186,0,69
1999,"BATH",51019,271,185,0,2,84,9,6,0,2,1,262,179,0,83
2000,"BEDFORD",51019,261,186,1,0,74,8,5,0,0,3,253,181,1,71
2001,"BEDFORD",51019,363,283,1,0,79,6,3,1,0,2,357,280,0,77
2002,"BEDFORD",51019,380,287,0,0,93,4,3,0,0,1,376,284,0,92
2003,"BEDFORD",51019,365,282,0,0,83,4,3,0,0,1,361,279,0,82
1990,"BEDFORD CITY",51021,16,14,0,0,2,3,3,0,0,0,13,11,0,2
1991,"BLAND",51021,15,14,0,0,1,4,3,0,0,1,11,11,0,0
1992,"BLAND",51021,16,16,0,0,0,0,0,0,0,0,16,16,0,0
1993,"BLAND",51021,14,12,0,0,2,1,1,0,0,0,13,11,0,2
1994,"BLAND",51021,23,20,0,0,3,1,0,0,0,1,22,20,0,2
1995,"BLAND",51021,27,27,0,0,0,1,1,0,0,0,26,26,0,0
1996,"BLAND",51021,26,25,0,0,1,0,0,0,0,0,26,25,0,1
1997,"BLAND",51021,42,32,0,1,9,2,1,0,1,0,40,31,0,9
1998,"BLAND",51021,36,32,1,0,3,3,2,1,0,0,33,30,0,3
1999,"BEDFORD CITY",51021,39,35,0,0,4,1,1,0,0,0,38,34,0,4
2000,"BLAND",51021,28,26,0,0,2,1,1,0,0,0,27,25,0,2
2001,"BLAND",51021,26,25,0,0,1,0,0,0,0,0,26,25,0,1
2002,"BLAND",51021,40,36,1,0,3,4,2,1,0,1,36,34,0,2
2003,"BLAND",51021,30,24,0,0,6,1,1,0,0,0,29,23,0,6
1990,"BEDFORD",51023,86,80,1,0,5,10,8,1,0,1,76,72,0,4
1991,"BOTETOURT",51023,97,85,0,0,12,13,12,0,0,1,84,73,0,11
1992,"BOTETOURT",51023,98,90,0,0,8,6,4,0,0,2,92,86,0,6
1993,"BOTETOURT",51023,79,72,0,0,7,12,10,0,0,2,67,62,0,5
1994,"BOTETOURT",51023,79,59,1,0,19,8,6,1,0,1,71,53,0,18
1995,"BOTETOURT",51023,113,92,1,0,20,9,7,1,0,1,104,85,0,19
1996,"BOTETOURT",51023,140,102,1,0,37,6,1,1,0,4,134,101,0,33
1997,"BOTETOURT",51023,144,118,0,0,26,10,7,0,0,3,134,111,0,23
1998,"BOTETOURT",51023,160,122,1,0,37,9,8,1,0,0,151,114,0,37
1999,"BEDFORD",51023,139,104,0,0,35,9,7,0,0,2,130,97,0,33
2000,"BOTETOURT",51023,138,89,10,0,39,21,8,10,0,3,117,81,0,36
2001,"BOTETOURT",51023,193,146,0,0,47,13,9,0,0,4,180,137,0,43
2002,"BOTETOURT",51023,153,118,0,0,35,12,7,0,0,5,141,111,0,30
2003,"BOTETOURT",51023,177,129,0,0,48,13,11,0,0,2,164,118,0,46
1990,"BLAND",51025,20,17,0,0,3,0,0,0,0,0,20,17,0,3
1991,"BRUNSWICK",51025,34,30,0,1,3,5,3,0,1,1,29,27,0,2
1992,"BRUNSWICK",51025,44,33,0,0,11,1,1,0,0,0,43,32,0,11
1993,"BRUNSWICK",51025,34,31,0,0,3,0,0,0,0,0,34,31,0,3
1994,"BRUNSWICK",51025,35,29,1,0,5,2,1,1,0,0,33,28,0,5
1995,"BRUNSWICK",51025,39,32,0,0,7,2,1,0,0,1,37,31,0,6
1996,"BRUNSWICK",51025,70,59,1,1,9,2,0,1,1,0,68,59,0,9
1997,"BRUNSWICK",51025,64,49,0,0,15,4,1,0,0,3,60,48,0,12
1998,"BRUNSWICK",51025,70,54,1,2,13,4,1,0,2,1,66,53,1,12
1999,"BLAND",51025,82,61,1,0,20,1,0,1,0,0,81,61,0,20
2000,"BRUNSWICK",51025,99,71,0,0,28,0,0,0,0,0,99,71,0,28
2001,"BRUNSWICK",51025,144,104,0,0,40,0,0,0,0,0,144,104,0,40
2002,"BRUNSWICK",51025,125,75,0,0,50,2,2,0,0,0,123,73,0,50
2003,"BRUNSWICK",51025,146,87,2,0,57,1,0,1,0,0,145,87,1,57
1990,"BOTETOURT",51027,58,46,3,0,9,14,10,3,0,1,44,36,0,8
1991,"BUCHANAN",51027,94,79,1,0,14,31,23,1,0,7,63,56,0,7
1992,"BUCHANAN",51027,96,79,0,0,17,10,6,0,0,4,86,73,0,13
1993,"BUCHANAN",51027,84,71,0,0,13,13,11,0,0,2,71,60,0,11
1994,"BUCHANAN",51027,99,78,11,0,10,25,14,11,0,0,74,64,0,10
1995,"BUCHANAN",51027,88,69,2,0,17,8,5,2,0,1,80,64,0,16
1996,"BUCHANAN",51027,130,112,2,0,16,24,20,1,0,3,106,92,1,13
1997,"BUCHANAN",51027,102,87,0,0,15,9,9,0,0,0,93,78,0,15
1998,"BUCHANAN",51027,119,101,0,0,18,16,15,0,0,1,103,86,0,17
1999,"BOTETOURT",51027,98,83,0,0,15,10,9,0,0,1,88,74,0,14
2000,"BUCHANAN",51027,106,95,1,0,10,7,6,1,0,0,99,89,0,10
2001,"BUCHANAN",51027,97,85,1,0,11,7,6,1,0,0,90,79,0,11
2002,"BUCHANAN",51027,103,92,1,0,10,3,2,1,0,0,100,90,0,10
2003,"BUCHANAN",51027,118,107,0,0,11,11,9,0,0,2,107,98,0,9
1990,"BRISTOL CITY",51029,28,24,1,0,3,0,0,0,0,0,28,24,1,3
1991,"BUCKINGHAM",51029,35,30,0,0,5,2,2,0,0,0,33,28,0,5
1992,"BUCKINGHAM",51029,31,25,0,0,6,1,1,0,0,0,30,24,0,6
1993,"BUCKINGHAM",51029,30,24,0,0,6,0,0,0,0,0,30,24,0,6
1994,"BUCKINGHAM",51029,39,23,0,0,16,2,1,0,0,1,37,22,0,15
1995,"BUCKINGHAM",51029,49,32,0,0,17,2,1,0,0,1,47,31,0,16
1996,"BUCKINGHAM",51029,63,38,0,0,25,0,0,0,0,0,63,38,0,25
1997,"BUCKINGHAM",51029,59,37,0,0,22,1,0,0,0,1,58,37,0,21
1998,"BUCKINGHAM",51029,88,73,0,1,14,1,0,0,1,0,87,73,0,14
1999,"BRISTOL CITY",51029,91,66,1,0,24,3,2,1,0,0,88,64,0,24
2000,"BUCKINGHAM",51029,89,61,0,0,28,2,2,0,0,0,87,59,0,28
2001,"BUCKINGHAM",51029,68,55,0,0,13,1,0,0,0,1,67,55,0,12
2002,"BUCKINGHAM",51029,112,96,0,0,16,0,0,0,0,0,112,96,0,16
2003,"BUCKINGHAM",51029,104,80,0,0,24,1,1,0,0,0,103,79,0,24
1990,"BRUNSWICK",51031,174,128,1,0,45,4,3,1,0,0,170,125,0,45
1991,"CAMPBELL",51031,177,115,5,0,57,9,4,5,0,0,168,111,0,57
1992,"CAMPBELL",51031,132,92,0,2,38,7,5,0,2,0,125,87,0,38
1993,"CAMPBELL",51031,107,65,0,1,41,7,4,0,1,2,100,61,0,39
1994,"CAMPBELL",51031,129,77,0,0,52,11,8,0,0,3,118,69,0,49
1995,"CAMPBELL",51031,167,96,1,0,70,6,3,1,0,2,161,93,0,68
1996,"CAMPBELL",51031,254,126,0,0,128,3,3,0,0,0,251,123,0,128
1997,"CAMPBELL",51031,317,169,0,0,148,5,4,0,0,1,312,165,0,147
1998,"CAMPBELL",51031,339,200,0,1,138,4,2,0,1,1,335,198,0,137
1999,"BRUNSWICK",51031,300,172,0,0,128,4,4,0,0,0,296,168,0,128
2000,"CAMPBELL",51031,294,180,0,0,114,6,6,0,0,0,288,174,0,114
2001,"CAMPBELL",51031,430,309,0,0,121,8,8,0,0,0,422,301,0,121
2002,"CAMPBELL",51031,457,349,0,0,108,5,5,0,0,0,452,344,0,108
2003,"CAMPBELL",51031,463,317,2,0,144,9,8,1,0,0,454,309,1,144
1990,"BUCHANAN",51033,59,48,0,0,11,9,8,0,0,1,50,40,0,10
1991,"CAROLINE",51033,77,68,0,0,9,8,7,0,0,1,69,61,0,8
1992,"CAROLINE",51033,102,74,2,0,26,4,2,1,0,1,98,72,1,25
1993,"CAROLINE",51033,89,62,0,0,27,6,6,0,0,0,83,56,0,27
1994,"CAROLINE",51033,60,44,0,0,16,0,0,0,0,0,60,44,0,16
1995,"CAROLINE",51033,97,61,0,0,36,0,0,0,0,0,97,61,0,36
1996,"CAROLINE",51033,162,117,0,1,44,2,1,0,1,0,160,116,0,44
1997,"CAROLINE",51033,207,165,0,0,42,2,2,0,0,0,205,163,0,42
1998,"CAROLINE",51033,183,124,1,0,58,3,1,1,0,1,180,123,0,57
1999,"BUCHANAN",51033,175,128,0,0,47,2,2,0,0,0,173,126,0,47
2000,"CAROLINE",51033,175,115,0,0,60,1,0,0,0,1,174,115,0,59
2001,"CAROLINE",51033,219,151,1,0,67,1,1,0,0,0,218,150,1,67
2002,"CAROLINE",51033,206,125,0,0,81,0,0,0,0,0,206,125,0,81
2003,"CAROLINE",51033,266,173,0,0,93,2,1,0,0,1,264,172,0,92
1990,"BUCKINGHAM",51035,73,60,1,0,12,14,10,1,0,3,59,50,0,9
1991,"CARROLL",51035,77,62,0,0,15,13,11,0,0,2,64,51,0,13
1992,"CARROLL",51035,41,34,0,0,7,8,7,0,0,1,33,27,0,6
1993,"CARROLL",51035,31,23,1,0,7,8,6,1,0,1,23,17,0,6
1994,"CARROLL",51035,32,29,0,0,3,0,0,0,0,0,32,29,0,3
1995,"CARROLL",51035,48,43,0,0,5,6,5,0,0,1,42,38,0,4
1996,"CARROLL",51035,66,57,0,1,8,5,4,0,1,0,61,53,0,8
1997,"CARROLL",51035,111,85,0,0,26,4,2,0,0,2,107,83,0,24
1998,"CARROLL",51035,134,122,0,0,12,5,4,0,0,1,129,118,0,11
1999,"BUCKINGHAM",51035,111,98,0,0,13,3,3,0,0,0,108,95,0,13
2000,"CARROLL",51035,127,114,1,0,12,8,5,1,0,2,119,109,0,10
2001,"CARROLL",51035,161,146,0,0,15,9,8,0,0,1,152,138,0,14
2002,"CARROLL",51035,154,135,0,0,19,12,10,0,0,2,142,125,0,17
2003,"CARROLL",51035,155,135,0,0,20,4,4,0,0,0,151,131,0,20
1990,"BUENA VISTA CITY",51036,16,12,0,0,4,1,1,0,0,0,15,11,0,4
1991,"CHARLES CITY",51036,29,15,0,0,14,2,1,0,0,1,27,14,0,13
1992,"CHARLES CITY",51036,42,32,0,0,10,1,1,0,0,0,41,31,0,10
1993,"CHARLES CITY",51036,23,16,0,0,7,0,0,0,0,0,23,16,0,7
1994,"CHARLES CITY",51036,22,13,0,0,9,0,0,0,0,0,22,13,0,9
1995,"CHARLES CITY",51036,34,20,0,0,14,0,0,0,0,0,34,20,0,14
1996,"CHARLES CITY",51036,41,31,0,0,10,0,0,0,0,0,41,31,0,10
1997,"CHARLES CITY",51036,53,39,0,0,14,0,0,0,0,0,53,39,0,14
1998,"CHARLES CITY",51036,46,27,0,0,19,0,0,0,0,0,46,27,0,19
1999,"BUENA VISTA CITY",51036,50,30,0,0,20,0,0,0,0,0,50,30,0,20
2000,"CHARLES CITY",51036,46,30,0,0,16,1,0,0,0,1,45,30,0,15
2001,"CHARLES CITY",51036,60,37,0,0,23,0,0,0,0,0,60,37,0,23
2002,"CHARLES CITY",51036,77,29,0,0,48,0,0,0,0,0,77,29,0,48
2003,"CHARLES CITY",51036,78,43,0,0,35,0,0,0,0,0,78,43,0,35
1990,"CAMPBELL",51037,19,14,0,0,5,1,1,0,0,0,18,13,0,5
1991,"CHARLOTTE",51037,15,11,0,0,4,1,1,0,0,0,14,10,0,4
1992,"CHARLOTTE",51037,20,14,0,0,6,1,1,0,0,0,19,13,0,6
1993,"CHARLOTTE",51037,17,15,0,0,2,1,1,0,0,0,16,14,0,2
1994,"CHARLOTTE",51037,28,22,0,0,6,1,0,0,0,1,27,22,0,5
1995,"CHARLOTTE",51037,29,22,0,0,7,0,0,0,0,0,29,22,0,7
1996,"CHARLOTTE",51037,46,34,0,0,12,1,1,0,0,0,45,33,0,12
1997,"CHARLOTTE",51037,43,31,0,0,12,0,0,0,0,0,43,31,0,12
1998,"CHARLOTTE",51037,45,31,0,0,14,1,1,0,0,0,44,30,0,14
1999,"CAMPBELL",51037,56,45,0,0,11,1,1,0,0,0,55,44,0,11
2000,"CHARLOTTE",51037,55,40,0,0,15,3,2,0,0,1,52,38,0,14
2001,"CHARLOTTE",51037,70,55,0,0,15,1,1,0,0,0,69,54,0,15
2002,"CHARLOTTE",51037,79,68,0,0,11,1,1,0,0,0,78,67,0,11
2003,"CHARLOTTE",51037,77,58,0,0,19,2,2,0,0,0,75,56,0,19
1990,"CAROLINE",51041,931,739,11,0,181,147,125,11,0,11,784,614,0,170
1991,"CHESTERFIELD",51041,1287,1022,7,0,258,150,121,7,0,22,1137,901,0,236
1992,"CHESTERFIELD",51041,1386,1002,8,0,376,62,50,7,0,5,1324,952,1,371
1993,"CHESTERFIELD",51041,1193,816,3,0,374,43,31,3,0,9,1150,785,0,365
1994,"CHESTERFIELD",51041,976,705,5,0,266,25,18,5,0,2,951,687,0,264
1995,"CHESTERFIELD",51041,1139,833,6,0,300,27,18,5,0,4,1112,815,1,296
1996,"CHESTERFIELD",51041,1485,1033,4,0,448,17,8,2,0,7,1468,1025,2,441
1997,"CHESTERFIELD",51041,1789,1265,5,0,519,27,13,5,0,9,1762,1252,0,510
1998,"CHESTERFIELD",51041,1990,1345,6,0,639,33,15,6,0,12,1957,1330,0,627
1999,"CAROLINE",51041,1706,1114,6,0,586,18,10,5,0,3,1688,1104,1,583
2000,"CHESTERFIELD",51041,1622,1058,3,0,561,16,12,3,0,1,1606,1046,0,560
2001,"CHESTERFIELD",51041,1943,1278,2,0,663,4,1,2,0,1,1939,1277,0,662
2002,"CHESTERFIELD",51041,2137,1335,4,0,798,10,5,3,0,2,2127,1330,1,796
2003,"CHESTERFIELD",51041,2372,1452,3,0,917,18,13,2,0,3,2354,1439,1,914
1990,"CARROLL",51043,16,15,0,0,1,9,9,0,0,0,7,6,0,1
1991,"CLARKE",51043,15,13,2,0,0,3,1,2,0,0,12,12,0,0
1992,"CLARKE",51043,22,21,0,0,1,4,4,0,0,0,18,17,0,1
1993,"CLARKE",51043,29,29,0,0,0,6,6,0,0,0,23,23,0,0
1994,"CLARKE",51043,27,25,0,0,2,6,6,0,0,0,21,19,0,2
1995,"CLARKE",51043,30,28,1,0,1,8,6,1,0,1,22,22,0,0
1996,"CLARKE",51043,39,37,0,0,2,7,7,0,0,0,32,30,0,2
1997,"CLARKE",51043,45,41,0,0,4,9,7,0,0,2,36,34,0,2
1998,"CLARKE",51043,49,43,1,1,4,10,8,1,1,0,39,35,0,4
1999,"CARROLL",51043,40,31,0,4,5,7,2,0,4,1,33,29,0,4
2000,"CLARKE",51043,38,37,0,0,1,2,2,0,0,0,36,35,0,1
2001,"CLARKE",51043,52,46,0,0,6,11,9,0,0,2,41,37,0,4
2002,"CLARKE",51043,33,30,0,0,3,4,3,0,0,1,29,27,0,2
2003,"CLARKE",51043,44,38,0,0,6,7,5,0,0,2,37,33,0,4
1990,"CHARLES CITY",51045,14,13,0,0,1,2,1,0,0,1,12,12,0,0
1991,"CRAIG",51045,20,20,0,0,0,3,3,0,0,0,17,17,0,0
1992,"CRAIG",51045,15,12,0,0,3,0,0,0,0,0,15,12,0,3
1993,"CRAIG",51045,18,18,0,0,0,1,1,0,0,0,17,17,0,0
1994,"CRAIG",51045,14,12,0,0,2,0,0,0,0,0,14,12,0,2
1995,"CRAIG",51045,21,20,0,0,1,2,2,0,0,0,19,18,0,1
1996,"CRAIG",51045,26,24,0,0,2,0,0,0,0,0,26,24,0,2
1997,"CRAIG",51045,27,21,0,0,6,1,1,0,0,0,26,20,0,6
1998,"CRAIG",51045,29,25,0,0,4,1,0,0,0,1,28,25,0,3
1999,"CHARLES CITY",51045,19,15,0,0,4,1,1,0,0,0,18,14,0,4
2000,"CRAIG",51045,17,16,0,0,1,0,0,0,0,0,17,16,0,1
2001,"CRAIG",51045,39,30,0,0,9,0,0,0,0,0,39,30,0,9
2002,"CRAIG",51045,42,34,0,0,8,0,0,0,0,0,42,34,0,8
2003,"CRAIG",51045,35,25,0,0,10,1,1,0,0,0,34,24,0,10
1990,"CHARLOTTE",51047,51,44,0,0,7,5,5,0,0,0,46,39,0,7
1991,"CULPEPER",51047,108,90,5,1,12,15,7,5,1,2,93,83,0,10
1992,"CULPEPER",51047,99,89,0,0,10,5,5,0,0,0,94,84,0,10
1993,"CULPEPER",51047,77,71,1,0,5,6,5,1,0,0,71,66,0,5
1994,"CULPEPER",51047,78,67,3,0,8,12,9,3,0,0,66,58,0,8
1995,"CULPEPER",51047,83,71,3,1,8,9,4,3,1,1,74,67,0,7
1996,"CULPEPER",51047,117,103,2,1,11,7,2,1,1,3,110,101,1,8
1997,"CULPEPER",51047,178,148,2,1,27,18,12,1,1,4,160,136,1,23
1998,"CULPEPER",51047,165,151,3,0,11,7,6,0,0,1,158,145,3,10
1999,"CHARLOTTE",51047,190,157,0,0,33,4,3,0,0,1,186,154,0,32
2000,"CULPEPER",51047,144,125,0,0,19,10,10,0,0,0,134,115,0,19
2001,"CULPEPER",51047,172,149,0,0,23,4,3,0,0,1,168,146,0,22
2002,"CULPEPER",51047,146,132,0,0,14,0,0,0,0,0,146,132,0,14
2003,"CULPEPER",51047,185,160,0,0,25,3,2,0,0,1,182,158,0,24
1990,"CHARLOTTESVILLE CITY",51049,23,22,0,0,1,0,0,0,0,0,23,22,0,1
1991,"CUMBERLAND",51049,23,22,0,0,1,1,1,0,0,0,22,21,0,1
1992,"CUMBERLAND",51049,27,18,0,2,7,3,1,0,2,0,24,17,0,7
1993,"CUMBERLAND",51049,7,6,0,0,1,1,1,0,0,0,6,5,0,1
1994,"CUMBERLAND",51049,19,18,0,0,1,1,1,0,0,0,18,17,0,1
1995,"CUMBERLAND",51049,17,13,0,0,4,2,2,0,0,0,15,11,0,4
1996,"CUMBERLAND",51049,31,18,0,0,13,2,2,0,0,0,29,16,0,13
1997,"CUMBERLAND",51049,36,25,0,0,11,1,0,0,0,1,35,25,0,10
1998,"CUMBERLAND",51049,43,34,0,0,9,4,3,0,0,1,39,31,0,8
1999,"CHARLOTTESVILLE CITY",51049,52,42,0,0,10,0,0,0,0,0,52,42,0,10
2000,"CUMBERLAND",51049,44,30,1,0,13,1,0,1,0,0,43,30,0,13
2001,"CUMBERLAND",51049,47,27,1,0,19,1,0,1,0,0,46,27,0,19
2002,"CUMBERLAND",51049,54,42,0,0,12,0,0,0,0,0,54,42,0,12
2003,"CUMBERLAND",51049,66,49,0,0,17,1,1,0,0,0,65,48,0,17
1990,"CHESAPEAKE CITY",51051,27,26,0,0,1,6,6,0,0,0,21,20,0,1
1991,"DICKENSON",51051,53,44,2,0,7,11,7,2,0,2,42,37,0,5
1992,"DICKENSON",51051,35,30,1,0,4,5,3,1,0,1,30,27,0,3
1993,"DICKENSON",51051,31,26,0,0,5,5,3,0,0,2,26,23,0,3
1994,"DICKENSON",51051,46,41,1,0,4,3,2,1,0,0,43,39,0,4
1995,"DICKENSON",51051,47,39,2,0,6,5,1,2,0,2,42,38,0,4
1996,"DICKENSON",51051,53,46,0,0,7,5,5,0,0,0,48,41,0,7
1997,"DICKENSON",51051,72,56,0,0,16,5,5,0,0,0,67,51,0,16
1998,"DICKENSON",51051,90,77,1,0,12,3,2,1,0,0,87,75,0,12
1999,"CHESAPEAKE CITY",51051,52,40,0,0,12,5,4,0,0,1,47,36,0,11
2000,"DICKENSON",51051,56,49,0,0,7,4,4,0,0,0,52,45,0,7
2001,"DICKENSON",51051,91,76,1,0,14,6,4,1,0,1,85,72,0,13
2002,"DICKENSON",51051,71,62,0,0,9,2,2,0,0,0,69,60,0,9
2003,"DICKENSON",51051,84,73,0,0,11,1,1,0,0,0,83,72,0,11
1990,"CHESTERFIELD",51053,74,57,0,0,17,5,5,0,0,0,69,52,0,17
1991,"DINWIDDIE",51053,91,83,0,0,8,6,6,0,0,0,85,77,0,8
1992,"DINWIDDIE",51053,125,96,0,0,29,3,3,0,0,0,122,93,0,29
1993,"DINWIDDIE",51053,99,71,1,0,27,4,3,1,0,0,95,68,0,27
1994,"DINWIDDIE",51053,74,61,0,1,12,2,1,0,1,0,72,60,0,12
1995,"DINWIDDIE",51053,98,78,1,0,19,2,2,0,0,0,96,76,1,19
1996,"DINWIDDIE",51053,106,88,0,0,18,0,0,0,0,0,106,88,0,18
1997,"DINWIDDIE",51053,147,111,0,0,36,1,0,0,0,1,146,111,0,35
1998,"DINWIDDIE",51053,170,117,2,0,51,4,1,2,0,1,166,116,0,50
1999,"CHESTERFIELD",51053,150,105,0,0,45,0,0,0,0,0,150,105,0,45
2000,"DINWIDDIE",51053,152,117,0,0,35,2,2,0,0,0,150,115,0,35
2001,"DINWIDDIE",51053,183,128,0,0,55,0,0,0,0,0,183,128,0,55
2002,"DINWIDDIE",51053,263,176,0,0,87,0,0,0,0,0,263,176,0,87
2003,"DINWIDDIE",51053,249,155,0,0,94,0,0,0,0,0,249,155,0,94
1990,"CLARKE",51057,18,15,1,0,2,3,2,1,0,0,15,13,0,2
1991,"ESSEX",51057,30,25,1,0,4,5,4,1,0,0,25,21,0,4
1992,"ESSEX",51057,22,16,0,0,6,2,2,0,0,0,20,14,0,6
1993,"ESSEX",51057,25,20,1,0,4,3,2,1,0,0,22,18,0,4
1994,"ESSEX",51057,17,13,0,0,4,0,0,0,0,0,17,13,0,4
1995,"ESSEX",51057,33,27,0,0,6,0,0,0,0,0,33,27,0,6
1996,"ESSEX",51057,31,22,0,0,9,0,0,0,0,0,31,22,0,9
1997,"ESSEX",51057,44,31,0,0,13,1,0,0,0,1,43,31,0,12
1998,"ESSEX",51057,52,38,0,0,14,1,1,0,0,0,51,37,0,14
1999,"CLARKE",51057,44,36,0,0,8,0,0,0,0,0,44,36,0,8
2000,"ESSEX",51057,49,37,0,0,12,0,0,0,0,0,49,37,0,12
2001,"ESSEX",51057,69,44,3,0,22,3,0,3,0,0,66,44,0,22
2002,"ESSEX",51057,91,60,0,0,31,0,0,0,0,0,91,60,0,31
2003,"ESSEX",51057,76,50,0,0,26,0,0,0,0,0,76,50,0,26
1991,"FAIRFAX",51059,2894,2366,267,0,261,354,138,210,0,6,2540,2228,57,255
1992,"FAIRFAX",51059,3181,2650,215,1,315,350,150,182,1,17,2831,2500,33,298
1993,"FAIRFAX",51059,2994,2470,189,0,335,367,177,177,0,13,2627,2293,12,322
1994,"FAIRFAX",51059,2325,1984,95,0,246,188,110,76,0,2,2137,1874,19,244
1995,"FAIRFAX",51059,2431,2056,93,0,282,149,66,78,0,5,2282,1990,15,277
1996,"FAIRFAX",51059,2951,2490,101,0,360,149,64,76,0,9,2802,2426,25,351
1997,"FAIRFAX",51059,4030,3426,71,0,533,124,57,57,0,10,3906,3369,14,523
1998,"FAIRFAX",51059,4061,3578,45,0,438,78,47,31,0,0,3983,3531,14,438
2000,"FAIRFAX",51059,2559,2228,45,0,286,64,30,34,0,0,2495,2198,11,286
2001,"FAIRFAX",51059,2599,2251,50,0,298,77,38,39,0,0,2522,2213,11,298
2002,"FAIRFAX",51059,2357,2010,56,0,291,104,65,36,0,3,2253,1945,20,288
2003,"FAIRFAX",51059,2229,1919,32,0,278,95,70,23,0,2,2134,1849,9,276
1990,"COLONIAL HEIGHTS CITY",51061,98,79,10,0,9,17,8,9,0,0,81,71,1,9
1991,"FAUQUIER",51061,180,150,12,1,17,19,8,10,1,0,161,142,2,17
1992,"FAUQUIER",51061,209,173,14,0,22,24,13,11,0,0,185,160,3,22
1993,"FAUQUIER",51061,176,153,7,0,16,22,15,7,0,0,154,138,0,16
1994,"FAUQUIER",51061,160,138,8,0,14,17,9,8,0,0,143,129,0,14
1995,"FAUQUIER",51061,149,140,3,0,6,8,3,2,0,3,141,137,1,3
1996,"FAUQUIER",51061,202,175,4,0,23,6,3,3,0,0,196,172,1,23
1997,"FAUQUIER",51061,281,252,5,0,24,11,8,3,0,0,270,244,2,24
1998,"FAUQUIER",51061,305,273,1,0,31,4,3,1,0,0,301,270,0,31
1999,"COLONIAL HEIGHTS CITY",51061,253,207,3,1,42,4,1,1,1,1,249,206,2,41
2000,"FAUQUIER",51061,192,158,5,0,29,2,1,1,0,0,190,157,4,29
2001,"FAUQUIER",51061,218,185,3,0,30,3,3,0,0,0,215,182,3,30
2002,"FAUQUIER",51061,204,168,1,1,34,4,3,0,1,0,200,165,1,34
2003,"FAUQUIER",51061,206,181,4,0,21,9,6,3,0,0,197,175,1,21
1990,"COVINGTON CITY",51063,26,23,0,1,2,7,6,0,1,0,19,17,0,2
1991,"FLOYD",51063,39,30,0,0,9,5,3,0,0,2,34,27,0,7
1992,"FLOYD",51063,30,26,0,1,3,6,4,0,1,1,24,22,0,2
1993,"FLOYD",51063,30,27,1,0,2,7,5,1,0,1,23,22,0,1
1994,"FLOYD",51063,29,25,1,1,2,2,0,1,1,0,27,25,0,2
1995,"FLOYD",51063,36,32,0,0,4,3,3,0,0,0,33,29,0,4
1996,"FLOYD",51063,46,37,1,0,8,4,1,1,0,2,42,36,0,6
1997,"FLOYD",51063,63,52,3,0,8,5,2,3,0,0,58,50,0,8
1998,"FLOYD",51063,54,41,0,0,13,5,2,0,0,3,49,39,0,10
1999,"COVINGTON CITY",51063,39,32,0,0,7,2,2,0,0,0,37,30,0,7
2000,"FLOYD",51063,56,43,0,0,13,4,1,0,0,3,52,42,0,10
2001,"FLOYD",51063,73,57,0,0,16,7,7,0,0,0,66,50,0,16
2002,"FLOYD",51063,66,56,0,1,9,6,3,0,1,2,60,53,0,7
2003,"FLOYD",51063,85,74,0,1,10,9,6,0,1,2,76,68,0,8
1990,"CRAIG",51065,29,27,0,0,2,2,2,0,0,0,27,25,0,2
1991,"FLUVANNA",51065,51,39,1,0,11,3,1,1,0,1,48,38,0,10
1992,"FLUVANNA",51065,43,36,1,0,6,2,1,0,0,1,41,35,1,5
1993,"FLUVANNA",51065,29,27,0,0,2,1,1,0,0,0,28,26,0,2
1994,"FLUVANNA",51065,36,31,0,0,5,3,2,0,0,1,33,29,0,4
1995,"FLUVANNA",51065,54,43,1,0,10,4,1,1,0,2,50,42,0,8
1996,"FLUVANNA",51065,69,57,0,0,12,1,1,0,0,0,68,56,0,12
1997,"FLUVANNA",51065,69,61,0,0,8,0,0,0,0,0,69,61,0,8
1998,"FLUVANNA",51065,97,78,0,0,19,4,4,0,0,0,93,74,0,19
1999,"CRAIG",51065,86,75,0,0,11,1,1,0,0,0,85,74,0,11
2000,"FLUVANNA",51065,108,88,1,0,19,5,1,1,0,3,103,87,0,16
2001,"FLUVANNA",51065,119,97,0,0,22,3,2,0,0,1,116,95,0,21
2002,"FLUVANNA",51065,107,88,0,0,19,2,1,0,0,1,105,87,0,18
2003,"FLUVANNA",51065,113,92,1,0,20,10,8,1,0,1,103,84,0,19
1990,"CULPEPER",51067,101,87,3,0,11,23,15,3,0,5,78,72,0,6
1991,"FRANKLIN",51067,171,156,1,1,13,24,20,1,1,2,147,136,0,11
1992,"FRANKLIN",51067,142,129,1,0,12,11,7,1,0,3,131,122,0,9
1993,"FRANKLIN",51067,139,114,1,0,24,15,14,1,0,0,124,100,0,24
1994,"FRANKLIN",51067,150,132,1,0,17,13,7,1,0,5,137,125,0,12
1995,"FRANKLIN",51067,183,162,0,1,20,14,9,0,1,4,169,153,0,16
1996,"FRANKLIN",51067,223,190,0,0,33,22,16,0,0,6,201,174,0,27
1997,"FRANKLIN",51067,260,215,1,0,44,12,6,1,0,5,248,209,0,39
1998,"FRANKLIN",51067,288,243,0,1,44,17,16,0,1,0,271,227,0,44
1999,"CULPEPER",51067,286,228,1,0,57,14,13,0,0,1,272,215,1,56
2000,"FRANKLIN",51067,267,219,0,0,48,15,11,0,0,4,252,208,0,44
2001,"FRANKLIN",51067,356,295,1,0,60,17,14,1,0,2,339,281,0,58
2002,"FRANKLIN",51067,362,295,1,0,66,27,20,1,0,6,335,275,0,60
2003,"FRANKLIN",51067,361,289,0,0,72,24,17,0,0,7,337,272,0,65
1990,"CUMBERLAND",51069,66,62,0,0,4,17,16,0,0,1,49,46,0,3
1991,"FREDERICK",51069,189,170,6,0,13,35,24,6,0,5,154,146,0,8
1992,"FREDERICK",51069,216,208,0,0,8,28,24,0,0,4,188,184,0,4
1993,"FREDERICK",51069,95,91,3,0,1,22,19,3,0,0,73,72,0,1
1994,"FREDERICK",51069,150,141,1,0,8,20,19,1,0,0,130,122,0,8
1995,"FREDERICK",51069,176,170,0,0,6,23,23,0,0,0,153,147,0,6
1996,"FREDERICK",51069,302,287,0,0,15,26,22,0,0,4,276,265,0,11
1997,"FREDERICK",51069,395,380,1,0,14,33,30,1,0,2,362,350,0,12
1998,"FREDERICK",51069,342,328,0,0,14,34,31,0,0,3,308,297,0,11
1999,"CUMBERLAND",51069,307,293,0,0,14,28,27,0,0,1,279,266,0,13
2000,"FREDERICK",51069,334,315,0,0,19,31,26,0,0,5,303,289,0,14
2001,"FREDERICK",51069,346,326,0,0,20,35,30,0,0,5,311,296,0,15
2002,"FREDERICK",51069,327,310,2,0,15,39,33,2,0,4,288,277,0,11
2003,"FREDERICK",51069,328,315,1,0,12,34,32,1,0,1,294,283,0,11
1990,"DANVILLE CITY",51071,51,46,2,0,3,5,3,2,0,0,46,43,0,3
1991,"GILES",51071,74,67,1,0,6,8,6,1,0,1,66,61,0,5
1992,"GILES",51071,59,53,1,0,5,8,7,1,0,0,51,46,0,5
1993,"GILES",51071,53,49,0,0,4,1,1,0,0,0,52,48,0,4
1994,"GILES",51071,56,50,0,0,6,4,3,0,0,1,52,47,0,5
1995,"GILES",51071,82,72,1,0,9,2,1,1,0,0,80,71,0,9
1996,"GILES",51071,98,86,0,0,12,4,2,0,0,2,94,84,0,10
1997,"GILES",51071,108,95,1,0,12,4,2,1,0,1,104,93,0,11
1998,"GILES",51071,105,91,0,0,14,5,4,0,0,1,100,87,0,13
1999,"DANVILLE CITY",51071,90,77,0,0,13,4,4,0,0,0,86,73,0,13
2000,"GILES",51071,98,76,0,0,22,5,3,0,0,2,93,73,0,20
2001,"GILES",51071,111,102,0,0,9,2,1,0,0,1,109,101,0,8
2002,"GILES",51071,116,104,0,0,12,1,0,0,0,1,115,104,0,11
2003,"GILES",51071,123,104,0,0,19,6,5,0,0,1,117,99,0,18
1990,"DICKENSON",51073,127,104,0,0,23,29,23,0,0,6,98,81,0,17
1991,"GLOUCESTER",51073,206,169,2,0,35,43,35,1,0,7,163,134,1,28
1992,"GLOUCESTER",51073,182,146,1,0,35,8,6,0,0,2,174,140,1,33
1993,"GLOUCESTER",51073,169,135,4,0,30,8,2,4,0,2,161,133,0,28
1994,"GLOUCESTER",51073,119,90,1,0,28,2,1,1,0,0,117,89,0,28
1995,"GLOUCESTER",51073,153,120,0,0,33,6,5,0,0,1,147,115,0,32
1996,"GLOUCESTER",51073,187,155,0,0,32,1,1,0,0,0,186,154,0,32
1997,"GLOUCESTER",51073,227,172,3,0,52,8,3,3,0,2,219,169,0,50
1998,"GLOUCESTER",51073,253,204,1,0,48,6,3,1,0,2,247,201,0,46
1999,"DICKENSON",51073,197,130,1,0,66,2,1,1,0,0,195,129,0,66
2000,"GLOUCESTER",51073,190,127,0,0,63,0,0,0,0,0,190,127,0,63
2001,"GLOUCESTER",51073,194,142,3,0,49,6,3,3,0,0,188,139,0,49
2002,"GLOUCESTER",51073,242,178,0,0,64,3,1,0,0,2,239,177,0,62
2003,"GLOUCESTER",51073,216,148,0,0,68,3,2,0,0,1,213,146,0,67
1990,"DINWIDDIE",51075,33,28,0,0,5,5,5,0,0,0,28,23,0,5
1991,"GOOCHLAND",51075,36,31,1,0,4,5,2,1,0,2,31,29,0,2
1992,"GOOCHLAND",51075,63,43,1,0,19,3,1,1,0,1,60,42,0,18
1993,"GOOCHLAND",51075,49,29,1,0,19,7,4,1,0,2,42,25,0,17
1994,"GOOCHLAND",51075,37,28,0,0,9,2,1,0,0,1,35,27,0,8
1995,"GOOCHLAND",51075,52,32,1,0,19,1,0,1,0,0,51,32,0,19
1996,"GOOCHLAND",51075,60,48,0,0,12,1,1,0,0,0,59,47,0,12
1997,"GOOCHLAND",51075,82,62,0,0,20,2,1,0,0,1,80,61,0,19
1998,"GOOCHLAND",51075,89,57,0,0,32,2,2,0,0,0,87,55,0,32
1999,"DINWIDDIE",51075,82,55,0,0,27,0,0,0,0,0,82,55,0,27
2000,"GOOCHLAND",51075,74,41,6,0,27,6,0,6,0,0,68,41,0,27
2001,"GOOCHLAND",51075,83,48,1,0,34,2,1,1,0,0,81,47,0,34
2002,"GOOCHLAND",51075,113,73,0,0,40,0,0,0,0,0,113,73,0,40
2003,"GOOCHLAND",51075,114,59,0,0,55,1,1,0,0,0,113,58,0,55
1990,"EMPORIA CITY",51077,34,22,2,0,10,4,1,2,0,1,30,21,0,9
1991,"GRAYSON",51077,45,36,0,0,9,7,5,0,0,2,38,31,0,7
1992,"GRAYSON",51077,48,40,3,0,5,5,2,3,0,0,43,38,0,5
1993,"GRAYSON",51077,40,33,1,0,6,5,4,1,0,0,35,29,0,6
1994,"GRAYSON",51077,38,30,0,0,8,3,2,0,0,1,35,28,0,7
1995,"GRAYSON",51077,62,48,0,1,13,3,2,0,1,0,59,46,0,13
1996,"GRAYSON",51077,82,69,1,1,11,4,2,1,1,0,78,67,0,11
1997,"GRAYSON",51077,57,49,1,0,7,4,1,1,0,2,53,48,0,5
1998,"GRAYSON",51077,76,68,0,0,8,6,4,0,0,2,70,64,0,6
1999,"EMPORIA CITY",51077,65,57,0,0,8,6,6,0,0,0,59,51,0,8
2000,"GRAYSON",51077,59,53,0,0,6,3,3,0,0,0,56,50,0,6
2001,"GRAYSON",51077,93,81,0,0,12,8,5,0,0,3,85,76,0,9
2002,"GRAYSON",51077,88,76,0,0,12,9,8,0,0,1,79,68,0,11
2003,"GRAYSON",51077,116,99,0,0,17,8,8,0,0,0,108,91,0,17
1990,"ESSEX",51079,26,22,0,0,4,0,0,0,0,0,26,22,0,4
1991,"GREENE",51079,30,25,1,0,4,2,1,1,0,0,28,24,0,4
1992,"GREENE",51079,38,32,0,0,6,3,2,0,0,1,35,30,0,5
1993,"GREENE",51079,29,24,0,0,5,3,1,0,0,2,26,23,0,3
1994,"GREENE",51079,43,33,0,0,10,3,1,0,0,2,40,32,0,8
1995,"GREENE",51079,52,48,0,0,4,2,2,0,0,0,50,46,0,4
1996,"GREENE",51079,65,61,0,0,4,2,2,0,0,0,63,59,0,4
1997,"GREENE",51079,74,65,0,0,9,1,0,0,0,1,73,65,0,8
1998,"GREENE",51079,64,57,0,0,7,0,0,0,0,0,64,57,0,7
1999,"ESSEX",51079,73,67,1,0,5,5,4,1,0,0,68,63,0,5
2000,"GREENE",51079,65,54,0,0,11,3,3,0,0,0,62,51,0,11
2001,"GREENE",51079,69,65,0,0,4,1,1,0,0,0,68,64,0,4
2002,"GREENE",51079,90,81,0,0,9,5,3,0,0,2,85,78,0,7
2003,"GREENE",51079,104,96,0,0,8,2,1,0,0,1,102,95,0,7
1990,"FAIRFAX CITY",51081,34,30,0,0,4,5,5,0,0,0,29,25,0,4
1991,"GREENSVILLE",51081,26,21,0,0,5,2,2,0,0,0,24,19,0,5
1992,"GREENSVILLE",51081,23,18,0,0,5,5,4,0,0,1,18,14,0,4
1993,"GREENSVILLE",51081,21,16,0,0,5,1,1,0,0,0,20,15,0,5
1994,"GREENSVILLE",51081,14,8,0,1,5,1,0,0,1,0,13,8,0,5
1995,"GREENSVILLE",51081,15,12,0,0,3,0,0,0,0,0,15,12,0,3
1996,"GREENSVILLE",51081,20,16,0,0,4,0,0,0,0,0,20,16,0,4
1997,"GREENSVILLE",51081,35,27,0,0,8,0,0,0,0,0,35,27,0,8
1998,"GREENSVILLE",51081,50,36,0,0,14,0,0,0,0,0,50,36,0,14
1999,"FAIRFAX CITY",51081,52,37,0,0,15,0,0,0,0,0,52,37,0,15
2000,"GREENSVILLE",51081,39,30,0,0,9,0,0,0,0,0,39,30,0,9
2001,"GREENSVILLE",51081,43,29,0,0,14,0,0,0,0,0,43,29,0,14
2002,"GREENSVILLE",51081,74,42,2,0,30,3,0,2,0,1,71,42,0,29
2003,"GREENSVILLE",51081,78,44,0,0,34,3,2,0,0,1,75,42,0,33
1990,"FAIRFAX",51083,72,64,0,0,8,2,2,0,0,0,70,62,0,8
1991,"HALIFAX",51083,85,71,1,0,13,3,2,1,0,0,82,69,0,13
1992,"HALIFAX",51083,62,51,0,1,10,6,5,0,1,0,56,46,0,10
1993,"HALIFAX",51083,60,54,0,0,6,3,2,0,0,1,57,52,0,5
1994,"HALIFAX",51083,56,41,0,0,15,1,1,0,0,0,55,40,0,15
1995,"HALIFAX",51083,95,76,0,0,19,1,1,0,0,0,94,75,0,19
1996,"HALIFAX",51083,163,130,0,0,33,8,6,0,0,2,155,124,0,31
1997,"HALIFAX",51083,196,130,2,0,64,4,2,2,0,0,192,128,0,64
1998,"HALIFAX",51083,175,124,1,0,50,2,1,1,0,0,173,123,0,50
1999,"FAIRFAX",51083,194,136,0,0,58,2,2,0,0,0,192,134,0,58
2000,"HALIFAX",51083,191,142,0,0,49,2,2,0,0,0,189,140,0,49
2001,"HALIFAX",51083,269,203,2,0,64,8,6,2,0,0,261,197,0,64
2002,"HALIFAX",51083,252,198,1,0,53,3,1,1,0,1,249,197,0,52
2003,"HALIFAX",51083,253,173,0,0,80,2,1,0,0,1,251,172,0,79
1990,"FALLS CHURCH CITY",51085,140,125,2,0,13,24,20,2,0,2,116,105,0,11
1991,"HANOVER",51085,220,177,6,0,37,32,25,4,0,3,188,152,2,34
1992,"HANOVER",51085,255,210,2,0,43,13,8,1,0,4,242,202,1,39
1993,"HANOVER",51085,231,177,3,1,50,22,14,3,1,4,209,163,0,46
1994,"HANOVER",51085,179,136,1,0,42,7,6,1,0,0,172,130,0,42
1995,"HANOVER",51085,261,199,2,1,59,17,13,2,1,1,244,186,0,58
1996,"HANOVER",51085,277,216,0,0,61,4,4,0,0,0,273,212,0,61
1997,"HANOVER",51085,361,285,3,0,73,10,6,3,0,1,351,279,0,72
1998,"HANOVER",51085,358,260,3,0,95,13,7,3,0,3,345,253,0,92
1999,"FALLS CHURCH CITY",51085,334,243,1,0,90,16,15,1,0,0,318,228,0,90
2000,"HANOVER",51085,350,235,1,0,114,5,4,1,0,0,345,231,0,114
2001,"HANOVER",51085,451,295,36,0,120,38,2,36,0,0,413,293,0,120
2002,"HANOVER",51085,478,311,0,0,167,4,3,0,0,1,474,308,0,166
2003,"HANOVER",51085,517,339,1,0,177,2,1,1,0,0,515,338,0,177
1990,"FAUQUIER",51087,882,720,12,0,150,121,97,11,0,13,761,623,1,137
1991,"HENRICO",51087,1118,868,7,0,243,106,87,7,0,12,1012,781,0,231
1992,"HENRICO",51087,1281,948,7,0,326,51,36,7,0,8,1230,912,0,318
1993,"HENRICO",51087,1097,794,9,0,294,52,37,9,0,6,1045,757,0,288
1994,"HENRICO",51087,961,744,1,0,216,19,15,1,0,3,942,729,0,213
1995,"HENRICO",51087,1072,788,3,0,281,26,20,3,0,3,1046,768,0,278
1996,"HENRICO",51087,1509,1097,5,1,406,25,12,4,1,8,1484,1085,1,398
1997,"HENRICO",51087,1790,1276,2,0,512,33,23,2,0,8,1757,1253,0,504
1998,"HENRICO",51087,1850,1264,4,0,582,23,11,4,0,8,1827,1253,0,574
1999,"FAUQUIER",51087,1709,1080,2,0,627,19,14,2,0,3,1690,1066,0,624
2000,"HENRICO",51087,1593,1037,6,0,550,12,5,6,0,1,1581,1032,0,549
2001,"HENRICO",51087,1987,1303,6,0,677,16,9,5,0,1,1971,1294,1,676
2002,"HENRICO",51087,2306,1436,2,0,868,13,7,2,0,4,2293,1429,0,864
2003,"HENRICO",51087,2461,1502,4,0,955,11,7,4,0,0,2450,1495,0,955
1990,"FLOYD",51089,180,156,1,0,23,9,6,1,0,2,171,150,0,21
1991,"HENRY",51089,250,229,2,0,19,8,7,1,0,0,242,222,1,19
1992,"HENRY",51089,138,124,1,0,13,5,4,1,0,0,133,120,0,13
1993,"HENRY",51089,111,93,0,1,17,12,10,0,1,1,99,83,0,16
1994,"HENRY",51089,139,122,0,0,17,5,5,0,0,0,134,117,0,17
1995,"HENRY",51089,143,126,1,0,16,5,4,1,0,0,138,122,0,16
1996,"HENRY",51089,162,143,0,0,19,5,4,0,0,1,157,139,0,18
1997,"HENRY",51089,223,200,0,0,23,7,7,0,0,0,216,193,0,23
1998,"HENRY",51089,244,225,0,0,19,9,8,0,0,1,235,217,0,18
1999,"FLOYD",51089,244,225,1,0,18,6,5,1,0,0,238,220,0,18
2000,"HENRY",51089,299,267,1,0,31,7,6,0,0,1,292,261,1,30
2001,"HENRY",51089,363,322,1,0,40,9,6,1,0,2,354,316,0,38
2002,"HENRY",51089,398,358,1,0,39,5,3,1,0,1,393,355,0,38
2003,"HENRY",51089,397,346,1,0,50,8,5,1,0,2,389,341,0,48
1990,"FLUVANNA",51091,1,1,0,0,0,0,0,0,0,0,1,1,0,0
1991,"HIGHLAND",51091,2,2,0,0,0,0,0,0,0,0,2,2,0,0
1992,"HIGHLAND",51091,1,1,0,0,0,1,1,0,0,0,0,0,0,0
1993,"HIGHLAND",51091,3,3,0,0,0,1,1,0,0,0,2,2,0,0
1994,"HIGHLAND",51091,1,1,0,0,0,0,0,0,0,0,1,1,0,0
1995,"HIGHLAND",51091,2,1,0,0,1,1,1,0,0,0,1,0,0,1
1996,"HIGHLAND",51091,2,1,0,0,1,0,0,0,0,0,2,1,0,1
1997,"HIGHLAND",51091,3,3,0,0,0,0,0,0,0,0,3,3,0,0
1998,"HIGHLAND",51091,2,2,0,0,0,1,1,0,0,0,1,1,0,0
1999,"FLUVANNA",51091,3,3,0,0,0,0,0,0,0,0,3,3,0,0
2000,"HIGHLAND",51091,8,8,0,0,0,1,1,0,0,0,7,7,0,0
2001,"HIGHLAND",51091,3,2,0,0,1,0,0,0,0,0,3,2,0,1
2002,"HIGHLAND",51091,4,4,0,0,0,1,1,0,0,0,3,3,0,0
1990,"FRANKLIN CITY",51093,112,78,1,0,33,15,8,1,0,6,97,70,0,27
1991,"ISLE OF WIGHT",51093,116,81,6,1,28,16,6,6,1,3,100,75,0,25
1992,"ISLE OF WIGHT",51093,128,108,1,0,19,6,3,1,0,2,122,105,0,17
1993,"ISLE OF WIGHT",51093,115,85,3,0,27,5,3,1,0,1,110,82,2,26
1994,"ISLE OF WIGHT",51093,120,94,0,0,26,4,4,0,0,0,116,90,0,26
1995,"ISLE OF WIGHT",51093,132,88,1,1,42,7,4,1,1,1,125,84,0,41
1996,"ISLE OF WIGHT",51093,186,117,0,0,69,8,4,0,0,4,178,113,0,65
1997,"ISLE OF WIGHT",51093,205,149,2,0,54,6,1,2,0,3,199,148,0,51
1998,"ISLE OF WIGHT",51093,211,150,1,0,60,2,0,1,0,1,209,150,0,59
1999,"FRANKLIN CITY",51093,202,127,0,2,73,2,0,0,2,0,200,127,0,73
2000,"ISLE OF WIGHT",51093,183,121,0,0,62,1,0,0,0,1,182,121,0,61
2001,"ISLE OF WIGHT",51093,174,117,0,0,57,2,2,0,0,0,172,115,0,57
2002,"ISLE OF WIGHT",51093,212,156,1,0,55,3,2,1,0,0,209,154,0,55
2003,"ISLE OF WIGHT",51093,246,173,0,0,73,0,0,0,0,0,246,173,0,73
1990,"FRANKLIN",51095,81,68,3,0,10,27,20,3,0,4,54,48,0,6
1991,"JAMES CITY",51095,122,106,2,0,14,24,21,2,0,1,98,85,0,13
1992,"JAMES CITY",51095,116,93,1,0,22,16,10,1,0,5,100,83,0,17
1993,"JAMES CITY",51095,134,101,6,0,27,14,9,4,0,1,120,92,2,26
1994,"JAMES CITY",51095,120,91,1,0,28,7,4,1,0,2,113,87,0,26
1995,"JAMES CITY",51095,165,135,1,0,29,10,7,1,0,2,155,128,0,27
1996,"JAMES CITY",51095,194,144,1,0,49,5,3,1,0,1,189,141,0,48
1997,"JAMES CITY",51095,224,162,0,0,62,6,6,0,0,0,218,156,0,62
1998,"JAMES CITY",51095,212,168,0,0,44,1,1,0,0,0,211,167,0,44
1999,"FRANKLIN",51095,201,141,3,0,57,3,0,3,0,0,198,141,0,57
2000,"JAMES CITY",51095,192,142,0,0,50,5,5,0,0,0,187,137,0,50
2001,"JAMES CITY",51095,238,167,0,0,71,1,0,0,0,1,237,167,0,70
2002,"JAMES CITY",51095,258,176,1,0,81,2,2,0,0,0,256,174,1,81
2003,"JAMES CITY",51095,260,174,1,0,85,2,2,0,0,0,258,172,1,85
1990,"FREDERICK",51097,15,13,1,0,1,3,2,1,0,0,12,11,0,1
1991,"KING AND QUEEN",51097,16,13,1,0,2,1,0,1,0,0,15,13,0,2
1992,"KING AND QUEEN",51097,18,14,0,0,4,0,0,0,0,0,18,14,0,4
1993,"KING AND QUEEN",51097,18,12,0,0,6,0,0,0,0,0,18,12,0,6
1994,"KING AND QUEEN",51097,16,14,0,0,2,1,1,0,0,0,15,13,0,2
1995,"KING AND QUEEN",51097,20,16,0,0,4,1,1,0,0,0,19,15,0,4
1996,"KING AND QUEEN",51097,27,17,0,2,8,2,0,0,2,0,25,17,0,8
1997,"KING AND QUEEN",51097,29,19,0,0,10,0,0,0,0,0,29,19,0,10
1998,"KING AND QUEEN",51097,45,29,0,0,16,1,1,0,0,0,44,28,0,16
1999,"FREDERICK",51097,38,27,0,0,11,1,1,0,0,0,37,26,0,11
2000,"KING AND QUEEN",51097,42,35,0,0,7,0,0,0,0,0,42,35,0,7
2001,"KING AND QUEEN",51097,39,30,0,0,9,0,0,0,0,0,39,30,0,9
2002,"KING AND QUEEN",51097,62,36,0,0,26,0,0,0,0,0,62,36,0,26
2003,"KING AND QUEEN",51097,49,27,0,0,22,0,0,0,0,0,49,27,0,22
1990,"FREDERICKSBURG CITY",51099,24,23,0,0,1,2,2,0,0,0,22,21,0,1
1991,"KING GEORGE",51099,38,33,0,0,5,4,3,0,0,1,34,30,0,4
1992,"KING GEORGE",51099,28,26,0,0,2,6,6,0,0,0,22,20,0,2
1993,"KING GEORGE",51099,25,18,1,0,6,2,1,1,0,0,23,17,0,6
1994,"KING GEORGE",51099,28,24,0,0,4,2,2,0,0,0,26,22,0,4
1995,"KING GEORGE",51099,43,36,2,0,5,2,0,2,0,0,41,36,0,5
1996,"KING GEORGE",51099,61,52,0,0,9,2,1,0,0,1,59,51,0,8
1997,"KING GEORGE",51099,72,61,0,0,11,2,1,0,0,1,70,60,0,10
1998,"KING GEORGE",51099,81,68,1,0,12,5,4,1,0,0,76,64,0,12
1999,"FREDERICKSBURG CITY",51099,72,53,1,0,18,1,0,1,0,0,71,53,0,18
2000,"KING GEORGE",51099,81,58,0,0,23,0,0,0,0,0,81,58,0,23
2001,"KING GEORGE",51099,76,61,2,0,13,3,2,1,0,0,73,59,1,13
2002,"KING GEORGE",51099,66,49,1,0,16,1,0,1,0,0,65,49,0,16
2003,"KING GEORGE",51099,97,75,0,0,22,0,0,0,0,0,97,75,0,22
1990,"GALAX CITY",51101,20,15,0,0,5,3,3,0,0,0,17,12,0,5
1991,"KING WILLIAM",51101,65,51,0,0,14,8,7,0,0,1,57,44,0,13
1992,"KING WILLIAM",51101,46,27,0,0,19,0,0,0,0,0,46,27,0,19
1993,"KING WILLIAM",51101,26,19,0,0,7,0,0,0,0,0,26,19,0,7
1994,"KING WILLIAM",51101,33,25,0,0,8,0,0,0,0,0,33,25,0,8
1995,"KING WILLIAM",51101,34,30,0,0,4,0,0,0,0,0,34,30,0,4
1996,"KING WILLIAM",51101,53,44,0,0,9,1,1,0,0,0,52,43,0,9
1997,"KING WILLIAM",51101,54,42,0,0,12,0,0,0,0,0,54,42,0,12
1998,"KING WILLIAM",51101,64,43,0,0,21,0,0,0,0,0,64,43,0,21
1999,"GALAX CITY",51101,85,46,0,0,39,0,0,0,0,0,85,46,0,39
2000,"KING WILLIAM",51101,79,44,0,0,35,0,0,0,0,0,79,44,0,35
2001,"KING WILLIAM",51101,92,65,0,0,27,0,0,0,0,0,92,65,0,27
2002,"KING WILLIAM",51101,92,56,0,0,36,0,0,0,0,0,92,56,0,36
2003,"KING WILLIAM",51101,125,78,0,0,47,2,2,0,0,0,123,76,0,47
1990,"GILES",51103,11,11,0,0,0,5,5,0,0,0,6,6,0,0
1991,"LANCASTER",51103,11,10,1,0,0,7,6,1,0,0,4,4,0,0
1992,"LANCASTER",51103,20,13,0,0,7,2,2,0,0,0,18,11,0,7
1993,"LANCASTER",51103,17,10,1,0,6,1,0,0,0,1,16,10,1,5
1994,"LANCASTER",51103,24,20,0,0,4,0,0,0,0,0,24,20,0,4
1995,"LANCASTER",51103,20,15,0,0,5,0,0,0,0,0,20,15,0,5
1996,"LANCASTER",51103,22,16,0,0,6,0,0,0,0,0,22,16,0,6
1997,"LANCASTER",51103,33,27,0,0,6,1,0,0,0,1,32,27,0,5
1998,"LANCASTER",51103,38,23,0,0,15,0,0,0,0,0,38,23,0,15
1999,"GILES",51103,44,29,1,0,14,1,0,1,0,0,43,29,0,14
2000,"LANCASTER",51103,43,24,0,0,19,0,0,0,0,0,43,24,0,19
2001,"LANCASTER",51103,58,36,0,0,22,0,0,0,0,0,58,36,0,22
2002,"LANCASTER",51103,61,38,0,0,23,3,2,0,0,1,58,36,0,22
2003,"LANCASTER",51103,60,37,0,0,23,0,0,0,0,0,60,37,0,23
1990,"GLOUCESTER",51105,52,47,1,0,4,12,10,1,0,1,40,37,0,3
1991,"LEE",51105,66,61,0,1,4,11,8,0,1,2,55,53,0,2
1992,"LEE",51105,56,53,1,0,2,6,4,1,0,1,50,49,0,1
1993,"LEE",51105,59,53,0,1,5,13,11,0,1,1,46,42,0,4
1994,"LEE",51105,46,41,0,0,5,5,4,0,0,1,41,37,0,4
1995,"LEE",51105,47,43,2,1,1,5,2,2,1,0,42,41,0,1
1996,"LEE",51105,80,76,0,0,4,2,2,0,0,0,78,74,0,4
1997,"LEE",51105,105,94,1,0,10,8,7,1,0,0,97,87,0,10
1998,"LEE",51105,108,98,1,0,9,5,4,1,0,0,103,94,0,9
1999,"GLOUCESTER",51105,99,89,1,0,9,5,4,1,0,0,94,85,0,9
2000,"LEE",51105,79,72,1,0,6,8,7,1,0,0,71,65,0,6
2001,"LEE",51105,116,109,0,0,7,6,6,0,0,0,110,103,0,7
2002,"LEE",51105,126,112,0,0,14,7,6,0,0,1,119,106,0,13
2003,"LEE",51105,128,115,0,1,12,4,2,0,1,1,124,113,0,11
1990,"GOOCHLAND",51107,246,190,22,0,34,42,21,19,0,2,204,169,3,32
1991,"LOUDOUN",51107,370,296,31,1,42,48,26,21,1,0,322,270,10,42
1992,"LOUDOUN",51107,385,315,40,1,29,60,20,37,1,2,325,295,3,27
1993,"LOUDOUN",51107,378,321,24,1,32,62,35,24,1,2,316,286,0,30
1994,"LOUDOUN",51107,325,275,20,1,29,40,23,16,1,0,285,252,4,29
1995,"LOUDOUN",51107,376,316,24,2,34,31,8,20,2,1,345,308,4,33
1996,"LOUDOUN",51107,489,419,12,0,58,25,13,10,0,2,464,406,2,56
1997,"LOUDOUN",51107,593,519,6,1,67,15,11,3,1,0,578,508,3,67
1998,"LOUDOUN",51107,564,497,13,0,54,15,8,7,0,0,549,489,6,54
1999,"GOOCHLAND",51107,459,405,4,0,50,6,3,2,0,1,453,402,2,49
2000,"LOUDOUN",51107,368,318,5,0,45,7,3,4,0,0,361,315,1,45
2001,"LOUDOUN",51107,413,362,5,0,46,16,13,3,0,0,397,349,2,46
2002,"LOUDOUN",51107,558,461,8,0,89,21,16,5,0,0,537,445,3,89
2003,"LOUDOUN",51107,531,455,5,0,71,21,18,3,0,0,510,437,2,71
1990,"GRAYSON",51109,17,15,0,0,2,0,0,0,0,0,17,15,0,2
1991,"LOUISA",51109,64,56,0,0,8,1,1,0,0,0,63,55,0,8
1992,"LOUISA",51109,55,47,0,0,8,4,3,0,0,1,51,44,0,7
1993,"LOUISA",51109,45,37,0,0,8,3,2,0,0,1,42,35,0,7
1994,"LOUISA",51109,61,50,2,0,9,10,7,2,0,1,51,43,0,8
1995,"LOUISA",51109,100,82,0,0,18,1,1,0,0,0,99,81,0,18
1996,"LOUISA",51109,96,80,0,0,16,4,3,0,0,1,92,77,0,15
1997,"LOUISA",51109,111,93,0,0,18,5,4,0,0,1,106,89,0,17
1998,"LOUISA",51109,131,113,1,0,17,7,6,1,0,0,124,107,0,17
1999,"GRAYSON",51109,123,105,2,0,16,2,0,2,0,0,121,105,0,16
2000,"LOUISA",51109,104,82,0,0,22,1,1,0,0,0,103,81,0,22
2001,"LOUISA",51109,175,153,0,0,22,1,0,0,0,1,174,153,0,21
2002,"LOUISA",51109,149,124,0,0,25,4,3,0,0,1,145,121,0,24
2003,"LOUISA",51109,158,131,0,0,27,4,3,0,0,1,154,128,0,26
1990,"GREENE",51111,20,16,1,1,2,4,2,1,1,0,16,14,0,2
1991,"LUNENBURG",51111,26,25,0,0,1,2,2,0,0,0,24,23,0,1
1992,"LUNENBURG",51111,28,21,0,0,7,2,2,0,0,0,26,19,0,7
1993,"LUNENBURG",51111,22,14,0,0,8,2,1,0,0,1,20,13,0,7
1994,"LUNENBURG",51111,21,19,0,0,2,1,0,0,0,1,20,19,0,1
1995,"LUNENBURG",51111,22,14,0,0,8,0,0,0,0,0,22,14,0,8
1996,"LUNENBURG",51111,43,38,0,0,5,0,0,0,0,0,43,38,0,5
1997,"LUNENBURG",51111,49,39,0,1,9,1,0,0,1,0,48,39,0,9
1998,"LUNENBURG",51111,50,35,0,0,15,0,0,0,0,0,50,35,0,15
1999,"GREENE",51111,52,37,0,1,14,1,0,0,1,0,51,37,0,14
2000,"LUNENBURG",51111,41,24,0,0,17,0,0,0,0,0,41,24,0,17
2001,"LUNENBURG",51111,76,54,0,0,22,0,0,0,0,0,76,54,0,22
2002,"LUNENBURG",51111,69,54,0,0,15,0,0,0,0,0,69,54,0,15
2003,"LUNENBURG",51111,85,67,0,0,18,0,0,0,0,0,85,67,0,18
1990,"GREENSVILLE",51113,12,7,0,0,5,2,0,0,0,2,10,7,0,3
1991,"MADISON",51113,19,13,0,0,6,2,1,0,0,1,17,12,0,5
1992,"MADISON",51113,18,16,0,0,2,0,0,0,0,0,18,16,0,2
1993,"MADISON",51113,14,12,1,0,1,3,2,1,0,0,11,10,0,1
1994,"MADISON",51113,8,6,0,0,2,0,0,0,0,0,8,6,0,2
1995,"MADISON",51113,26,22,0,1,3,2,1,0,1,0,24,21,0,3
1996,"MADISON",51113,22,19,0,0,3,1,1,0,0,0,21,18,0,3
1997,"MADISON",51113,35,31,0,0,4,0,0,0,0,0,35,31,0,4
1998,"MADISON",51113,35,30,0,0,5,1,1,0,0,0,34,29,0,5
1999,"GREENSVILLE",51113,31,28,0,0,3,2,2,0,0,0,29,26,0,3
2000,"MADISON",51113,39,35,1,0,3,3,2,1,0,0,36,33,0,3
2001,"MADISON",51113,50,40,0,1,9,2,0,0,1,1,48,40,0,8
2002,"MADISON",51113,53,45,0,0,8,1,1,0,0,0,52,44,0,8
2003,"MADISON",51113,41,38,0,0,3,0,0,0,0,0,41,38,0,3
1990,"HALIFAX",51115,22,16,1,0,5,7,5,1,0,1,15,11,0,4
1991,"MATHEWS",51115,30,28,1,0,1,10,9,1,0,0,20,19,0,1
1992,"MATHEWS",51115,25,22,1,0,2,2,2,0,0,0,23,20,1,2
1993,"MATHEWS",51115,21,19,1,0,1,3,1,1,0,1,18,18,0,0
1994,"MATHEWS",51115,25,20,1,0,4,2,0,1,0,1,23,20,0,3
1995,"MATHEWS",51115,20,19,0,0,1,1,1,0,0,0,19,18,0,1
1996,"MATHEWS",51115,26,17,0,0,9,2,2,0,0,0,24,15,0,9
1997,"MATHEWS",51115,29,22,0,0,7,2,1,0,0,1,27,21,0,6
1998,"MATHEWS",51115,32,17,0,0,15,3,2,0,0,1,29,15,0,14
1999,"HALIFAX",51115,38,30,0,0,8,0,0,0,0,0,38,30,0,8
2000,"MATHEWS",51115,46,31,0,0,15,1,1,0,0,0,45,30,0,15
2001,"MATHEWS",51115,33,27,0,0,6,1,1,0,0,0,32,26,0,6
2002,"MATHEWS",51115,28,21,0,0,7,1,1,0,0,0,27,20,0,7
2003,"MATHEWS",51115,30,23,0,0,7,0,0,0,0,0,30,23,0,7
1990,"HAMPTON CITY",51117,54,51,1,0,2,8,6,1,0,1,46,45,0,1
1991,"MECKLENBURG",51117,85,82,0,0,3,5,5,0,0,0,80,77,0,3
1992,"MECKLENBURG",51117,86,80,0,0,6,10,9,0,0,1,76,71,0,5
1993,"MECKLENBURG",51117,63,48,0,0,15,1,0,0,0,1,62,48,0,14
1994,"MECKLENBURG",51117,78,73,0,0,5,2,2,0,0,0,76,71,0,5
1995,"MECKLENBURG",51117,98,78,0,0,20,2,2,0,0,0,96,76,0,20
1996,"MECKLENBURG",51117,166,135,1,0,30,1,1,0,0,0,165,134,1,30
1997,"MECKLENBURG",51117,173,139,0,0,34,1,1,0,0,0,172,138,0,34
1998,"MECKLENBURG",51117,183,152,0,0,31,2,2,0,0,0,181,150,0,31
1999,"HAMPTON CITY",51117,173,134,0,0,39,0,0,0,0,0,173,134,0,39
2000,"MECKLENBURG",51117,188,143,1,0,44,2,2,0,0,0,186,141,1,44
2001,"MECKLENBURG",51117,227,178,0,0,49,0,0,0,0,0,227,178,0,49
2002,"MECKLENBURG",51117,212,169,1,0,42,3,2,1,0,0,209,167,0,42
2003,"MECKLENBURG",51117,238,180,1,0,57,5,3,1,0,1,233,177,0,56
1990,"HANOVER",51119,16,11,1,0,4,5,1,1,0,3,11,10,0,1
1991,"MIDDLESEX",51119,33,26,1,0,6,7,5,1,0,1,26,21,0,5
1992,"MIDDLESEX",51119,27,24,0,0,3,4,4,0,0,0,23,20,0,3
1993,"MIDDLESEX",51119,31,22,0,0,9,1,0,0,0,1,30,22,0,8
1994,"MIDDLESEX",51119,20,15,0,0,5,0,0,0,0,0,20,15,0,5
1995,"MIDDLESEX",51119,27,25,0,0,2,1,1,0,0,0,26,24,0,2
1996,"MIDDLESEX",51119,22,18,0,0,4,0,0,0,0,0,22,18,0,4
1997,"MIDDLESEX",51119,42,33,1,0,8,3,0,1,0,2,39,33,0,6
1998,"MIDDLESEX",51119,31,24,0,0,7,1,1,0,0,0,30,23,0,7
1999,"HANOVER",51119,21,14,0,0,7,0,0,0,0,0,21,14,0,7
2000,"MIDDLESEX",51119,32,23,0,0,9,1,1,0,0,0,31,22,0,9
2001,"MIDDLESEX",51119,36,32,0,0,4,0,0,0,0,0,36,32,0,4
2002,"MIDDLESEX",51119,37,24,0,0,13,2,2,0,0,0,35,22,0,13
2003,"MIDDLESEX",51119,43,32,2,0,9,0,0,0,0,0,43,32,2,9
1990,"HARRISONBURG CITY",51121,233,214,2,0,17,27,19,2,0,6,206,195,0,11
1991,"MONTGOMERY",51121,280,256,4,0,20,44,36,4,0,4,236,220,0,16
1992,"MONTGOMERY",51121,254,234,4,0,16,22,13,4,0,5,232,221,0,11
1993,"MONTGOMERY",51121,203,175,5,0,23,40,23,5,0,12,163,152,0,11
1994,"MONTGOMERY",51121,185,165,3,0,17,18,12,3,0,3,167,153,0,14
1995,"MONTGOMERY",51121,197,178,0,0,19,15,13,0,0,2,182,165,0,17
1996,"MONTGOMERY",51121,295,265,2,0,28,16,13,2,0,1,279,252,0,27
1997,"MONTGOMERY",51121,312,286,1,0,25,13,12,1,0,0,299,274,0,25
1998,"MONTGOMERY",51121,350,322,1,0,27,15,12,1,0,2,335,310,0,25
1999,"HARRISONBURG CITY",51121,272,242,2,0,28,15,11,2,0,2,257,231,0,26
2000,"MONTGOMERY",51121,277,262,0,0,15,20,18,0,0,2,257,244,0,13
2001,"MONTGOMERY",51121,386,352,0,0,34,17,10,0,0,7,369,342,0,27
2002,"MONTGOMERY",51121,363,322,2,0,39,25,21,2,0,2,338,301,0,37
2003,"MONTGOMERY",51121,414,365,3,0,46,29,23,3,0,3,385,342,0,43
1990,"HENRICO",51125,35,30,0,0,5,1,1,0,0,0,34,29,0,5
1991,"NELSON",51125,43,32,0,0,11,1,0,0,0,1,42,32,0,10
1992,"NELSON",51125,39,29,1,0,9,4,3,1,0,0,35,26,0,9
1993,"NELSON",51125,36,26,1,0,9,2,0,1,0,1,34,26,0,8
1994,"NELSON",51125,38,27,1,0,10,5,1,1,0,3,33,26,0,7
1995,"NELSON",51125,36,27,0,0,9,3,2,0,0,1,33,25,0,8
1996,"NELSON",51125,71,44,0,0,27,2,2,0,0,0,69,42,0,27
1997,"NELSON",51125,76,57,1,0,18,6,3,1,0,2,70,54,0,16
1998,"NELSON",51125,78,63,0,0,15,3,3,0,0,0,75,60,0,15
1999,"HENRICO",51125,62,44,0,0,18,1,1,0,0,0,61,43,0,18
2000,"NELSON",51125,53,35,1,0,17,2,0,1,0,1,51,35,0,16
2001,"NELSON",51125,79,62,0,0,17,6,5,0,0,1,73,57,0,16
2002,"NELSON",51125,101,82,0,0,19,5,4,0,0,1,96,78,0,18
2003,"NELSON",51125,73,50,1,0,22,4,2,1,0,1,69,48,0,21
1990,"HENRY",51127,26,18,0,0,8,1,1,0,0,0,25,17,0,8
1991,"NEW KENT",51127,36,27,0,0,9,2,2,0,0,0,34,25,0,9
1992,"NEW KENT",51127,55,48,0,0,7,3,3,0,0,0,52,45,0,7
1993,"NEW KENT",51127,61,42,0,0,19,3,2,0,0,1,58,40,0,18
1994,"NEW KENT",51127,39,26,0,0,13,1,1,0,0,0,38,25,0,13
1995,"NEW KENT",51127,56,45,0,0,11,0,0,0,0,0,56,45,0,11
1996,"NEW KENT",51127,66,48,0,0,18,2,2,0,0,0,64,46,0,18
1997,"NEW KENT",51127,87,69,0,0,18,1,0,0,0,1,86,69,0,17
1998,"NEW KENT",51127,72,47,0,0,25,2,1,0,0,1,70,46,0,24
1999,"HENRY",51127,60,38,0,0,22,0,0,0,0,0,60,38,0,22
2000,"NEW KENT",51127,68,45,0,0,23,1,1,0,0,0,67,44,0,23
2001,"NEW KENT",51127,73,54,0,0,19,0,0,0,0,0,73,54,0,19
2002,"NEW KENT",51127,94,60,0,0,34,0,0,0,0,0,94,60,0,34
2003,"NEW KENT",51127,117,78,0,0,39,0,0,0,0,0,117,78,0,39
1990,"HIGHLAND",51131,20,12,2,0,6,9,6,2,0,1,11,6,0,5
1991,"NORTHAMPTON",51131,16,5,2,0,9,7,3,2,0,2,9,2,0,7
1992,"NORTHAMPTON",51131,18,15,0,0,3,2,2,0,0,0,16,13,0,3
1993,"NORTHAMPTON",51131,16,13,0,1,2,1,0,0,1,0,15,13,0,2
1994,"NORTHAMPTON",51131,26,22,0,0,4,2,1,0,0,1,24,21,0,3
1995,"NORTHAMPTON",51131,19,13,0,0,6,1,1,0,0,0,18,12,0,6
1996,"NORTHAMPTON",51131,33,26,0,0,7,1,0,0,0,1,32,26,0,6
1997,"NORTHAMPTON",51131,30,26,0,0,4,2,2,0,0,0,28,24,0,4
1998,"NORTHAMPTON",51131,34,25,0,0,9,1,1,0,0,0,33,24,0,9
1999,"HIGHLAND",51131,43,35,0,0,8,0,0,0,0,0,43,35,0,8
2000,"NORTHAMPTON",51131,38,31,0,0,7,0,0,0,0,0,38,31,0,7
2001,"NORTHAMPTON",51131,45,37,0,0,8,0,0,0,0,0,45,37,0,8
2002,"NORTHAMPTON",51131,55,42,0,0,13,1,1,0,0,0,54,41,0,13
2003,"NORTHAMPTON",51131,48,39,0,0,9,0,0,0,0,0,48,39,0,9
1990,"HOPEWELL CITY",51133,9,6,0,0,3,4,4,0,0,0,5,2,0,3
1991,"NORTHUMBERLAND",51133,10,9,0,0,1,3,3,0,0,0,7,6,0,1
1992,"NORTHUMBERLAND",51133,15,13,1,0,1,3,2,1,0,0,12,11,0,1
1993,"NORTHUMBERLAND",51133,17,7,1,0,9,1,0,1,0,0,16,7,0,9
1994,"NORTHUMBERLAND",51133,8,7,0,0,1,0,0,0,0,0,8,7,0,1
1995,"NORTHUMBERLAND",51133,27,23,1,0,3,2,1,1,0,0,25,22,0,3
1996,"NORTHUMBERLAND",51133,26,20,0,0,6,1,1,0,0,0,25,19,0,6
1997,"NORTHUMBERLAND",51133,34,24,0,0,10,0,0,0,0,0,34,24,0,10
1998,"NORTHUMBERLAND",51133,36,22,0,0,14,2,2,0,0,0,34,20,0,14
1999,"HOPEWELL CITY",51133,36,20,1,0,15,1,0,1,0,0,35,20,0,15
2000,"NORTHUMBERLAND",51133,42,27,0,0,15,0,0,0,0,0,42,27,0,15
2001,"NORTHUMBERLAND",51133,50,37,0,0,13,2,2,0,0,0,48,35,0,13
2002,"NORTHUMBERLAND",51133,64,35,0,0,29,0,0,0,0,0,64,35,0,29
2003,"NORTHUMBERLAND",51133,48,31,0,0,17,0,0,0,0,0,48,31,0,17
1990,"ISLE OF WIGHT",51135,27,24,0,0,3,7,7,0,0,0,20,17,0,3
1991,"NOTTOWAY",51135,41,38,0,0,3,5,4,0,0,1,36,34,0,2
1992,"NOTTOWAY",51135,33,26,0,0,7,2,2,0,0,0,31,24,0,7
1993,"NOTTOWAY",51135,46,33,0,0,13,2,2,0,0,0,44,31,0,13
1994,"NOTTOWAY",51135,30,22,1,0,7,1,0,1,0,0,29,22,0,7
1995,"NOTTOWAY",51135,37,30,0,0,7,0,0,0,0,0,37,30,0,7
1996,"NOTTOWAY",51135,57,46,0,0,11,0,0,0,0,0,57,46,0,11
1997,"NOTTOWAY",51135,71,54,0,0,17,1,0,0,0,1,70,54,0,16
1998,"NOTTOWAY",51135,87,63,0,0,24,1,0,0,0,1,86,63,0,23
1999,"ISLE OF WIGHT",51135,77,56,0,0,21,0,0,0,0,0,77,56,0,21
2000,"NOTTOWAY",51135,77,53,1,0,23,1,0,1,0,0,76,53,0,23
2001,"NOTTOWAY",51135,83,62,0,0,21,0,0,0,0,0,83,62,0,21
2002,"NOTTOWAY",51135,108,77,0,0,31,0,0,0,0,0,108,77,0,31
2003,"NOTTOWAY",51135,138,99,0,1,38,2,1,0,1,0,136,98,0,38
1990,"JAMES CITY",51137,44,36,1,0,7,3,2,1,0,0,41,34,0,7
1991,"ORANGE",51137,72,62,0,0,10,2,1,0,0,1,70,61,0,9
1992,"ORANGE",51137,78,67,2,0,9,5,2,2,0,1,73,65,0,8
1993,"ORANGE",51137,70,55,2,0,13,11,7,2,0,2,59,48,0,11
1994,"ORANGE",51137,68,56,1,0,11,6,6,0,0,0,62,50,1,11
1995,"ORANGE",51137,91,75,0,0,16,7,7,0,0,0,84,68,0,16
1996,"ORANGE",51137,143,120,1,0,22,6,4,0,0,2,137,116,1,20
1997,"ORANGE",51137,160,139,0,0,21,5,4,0,0,1,155,135,0,20
1998,"ORANGE",51137,150,127,0,0,23,3,0,0,0,3,147,127,0,20
1999,"JAMES CITY",51137,150,136,3,0,11,4,1,3,0,0,146,135,0,11
2000,"ORANGE",51137,128,110,0,0,18,2,2,0,0,0,126,108,0,18
2001,"ORANGE",51137,127,114,2,1,10,5,2,2,1,0,122,112,0,10
2002,"ORANGE",51137,139,123,0,0,16,1,1,0,0,0,138,122,0,16
2003,"ORANGE",51137,149,122,0,0,27,4,3,0,0,1,145,119,0,26
1990,"KING AND QUEEN",51139,52,52,0,0,0,8,8,0,0,0,44,44,0,0
1991,"PAGE",51139,39,38,0,0,1,6,6,0,0,0,33,32,0,1
1992,"PAGE",51139,51,50,0,0,1,6,6,0,0,0,45,44,0,1
1993,"PAGE",51139,51,48,1,0,2,9,8,1,0,0,42,40,0,2
1994,"PAGE",51139,40,38,1,0,1,9,7,1,0,1,31,31,0,0
1995,"PAGE",51139,54,50,0,0,4,7,5,0,0,2,47,45,0,2
1996,"PAGE",51139,95,93,0,0,2,6,6,0,0,0,89,87,0,2
1997,"PAGE",51139,101,99,1,0,1,8,6,1,0,1,93,93,0,0
1998,"PAGE",51139,117,114,0,0,3,8,8,0,0,0,109,106,0,3
1999,"KING AND QUEEN",51139,122,116,1,0,5,13,10,1,0,2,109,106,0,3
2000,"PAGE",51139,131,129,0,0,2,14,14,0,0,0,117,115,0,2
2001,"PAGE",51139,152,152,0,0,0,12,12,0,0,0,140,140,0,0
2002,"PAGE",51139,155,149,0,0,6,6,5,0,0,1,149,144,0,5
2003,"PAGE",51139,161,158,0,0,3,9,9,0,0,0,152,149,0,3
1990,"KING GEORGE",51141,29,27,0,0,2,2,2,0,0,0,27,25,0,2
1991,"PATRICK",51141,17,16,0,0,1,5,5,0,0,0,12,11,0,1
1992,"PATRICK",51141,20,17,0,0,3,2,1,0,0,1,18,16,0,2
1993,"PATRICK",51141,17,16,0,0,1,3,3,0,0,0,14,13,0,1
1994,"PATRICK",51141,25,23,1,0,1,2,1,1,0,0,23,22,0,1
1995,"PATRICK",51141,17,17,0,0,0,2,2,0,0,0,15,15,0,0
1996,"PATRICK",51141,27,25,0,0,2,1,1,0,0,0,26,24,0,2
1997,"PATRICK",51141,49,41,0,0,8,6,4,0,0,2,43,37,0,6
1998,"PATRICK",51141,31,25,0,0,6,2,2,0,0,0,29,23,0,6
1999,"KING GEORGE",51141,31,24,0,0,7,0,0,0,0,0,31,24,0,7
2000,"PATRICK",51141,47,42,0,0,5,1,1,0,0,0,46,41,0,5
2001,"PATRICK",51141,76,62,0,0,14,4,2,0,0,2,72,60,0,12
2002,"PATRICK",51141,84,75,0,0,9,1,1,0,0,0,83,74,0,9
2003,"PATRICK",51141,100,84,1,0,15,3,2,1,0,0,97,82,0,15
1990,"KING WILLIAM",51143,133,106,0,0,27,2,1,0,0,1,131,105,0,26
1991,"PITTSYLVANIA",51143,153,123,0,0,30,4,4,0,0,0,149,119,0,30
1992,"PITTSYLVANIA",51143,120,93,0,1,26,4,3,0,1,0,116,90,0,26
1993,"PITTSYLVANIA",51143,108,78,1,0,29,5,3,1,0,1,103,75,0,28
1994,"PITTSYLVANIA",51143,90,70,0,0,20,8,7,0,0,1,82,63,0,19
1995,"PITTSYLVANIA",51143,106,81,0,0,25,3,2,0,0,1,103,79,0,24
1996,"PITTSYLVANIA",51143,171,124,1,0,46,3,2,1,0,0,168,122,0,46
1997,"PITTSYLVANIA",51143,211,156,0,0,55,5,4,0,0,1,206,152,0,54
1998,"PITTSYLVANIA",51143,222,160,0,0,62,3,2,0,0,1,219,158,0,61
1999,"KING WILLIAM",51143,264,199,0,0,65,5,4,0,0,1,259,195,0,64
2000,"PITTSYLVANIA",51143,311,222,0,0,89,8,7,0,0,1,303,215,0,88
2001,"PITTSYLVANIA",51143,452,356,1,0,95,10,9,1,0,0,442,347,0,95
2002,"PITTSYLVANIA",51143,478,399,3,0,76,12,9,3,0,0,466,390,0,76
2003,"PITTSYLVANIA",51143,432,338,1,0,93,7,4,1,0,2,425,334,0,91
1990,"LANCASTER",51145,34,26,0,1,7,5,3,0,1,1,29,23,0,6
1991,"POWHATAN",51145,49,38,1,0,10,5,4,1,0,0,44,34,0,10
1992,"POWHATAN",51145,70,51,1,0,18,7,5,0,0,2,63,46,1,16
1993,"POWHATAN",51145,55,37,0,0,18,7,5,0,0,2,48,32,0,16
1994,"POWHATAN",51145,68,49,0,1,18,2,0,0,1,1,66,49,0,17
1995,"POWHATAN",51145,104,76,3,0,25,8,2,3,0,3,96,74,0,22
1996,"POWHATAN",51145,94,66,1,0,27,3,1,1,0,1,91,65,0,26
1997,"POWHATAN",51145,106,71,0,0,35,4,4,0,0,0,102,67,0,35
1998,"POWHATAN",51145,108,77,0,0,31,2,1,0,0,1,106,76,0,30
1999,"LANCASTER",51145,114,83,0,0,31,0,0,0,0,0,114,83,0,31
2000,"POWHATAN",51145,105,69,0,0,36,1,0,0,0,1,104,69,0,35
2001,"POWHATAN",51145,146,95,0,0,51,0,0,0,0,0,146,95,0,51
2002,"POWHATAN",51145,155,92,0,0,63,0,0,0,0,0,155,92,0,63
2003,"POWHATAN",51145,162,98,0,0,64,0,0,0,0,0,162,98,0,64
1990,"LEE",51147,24,19,0,0,5,4,3,0,0,1,20,16,0,4
1991,"PRINCE EDWARD",51147,43,31,0,0,12,7,3,0,0,4,36,28,0,8
1992,"PRINCE EDWARD",51147,40,33,0,0,7,3,2,0,0,1,37,31,0,6
1993,"PRINCE EDWARD",51147,28,23,0,0,5,4,3,0,0,1,24,20,0,4
1994,"PRINCE EDWARD",51147,34,29,0,0,5,2,2,0,0,0,32,27,0,5
1995,"PRINCE EDWARD",51147,44,37,0,0,7,4,3,0,0,1,40,34,0,6
1996,"PRINCE EDWARD",51147,79,57,1,0,21,3,0,1,0,2,76,57,0,19
1997,"PRINCE EDWARD",51147,73,49,3,0,21,5,1,2,0,2,68,48,1,19
1998,"PRINCE EDWARD",51147,79,52,0,0,27,3,1,0,0,2,76,51,0,25
1999,"LEE",51147,89,60,0,0,29,0,0,0,0,0,89,60,0,29
2000,"PRINCE EDWARD",51147,77,53,0,0,24,0,0,0,0,0,77,53,0,24
2001,"PRINCE EDWARD",51147,121,93,0,0,28,0,0,0,0,0,121,93,0,28
2002,"PRINCE EDWARD",51147,129,107,0,0,22,2,2,0,0,0,127,105,0,22
2003,"PRINCE EDWARD",51147,135,96,0,0,39,0,0,0,0,0,135,96,0,39
1990,"LEXINGTON CITY",51149,96,82,0,0,14,10,10,0,0,0,86,72,0,14
1991,"PRINCE GEORGE",51149,85,63,0,0,22,2,2,0,0,0,83,61,0,22
1992,"PRINCE GEORGE",51149,86,71,0,0,15,6,5,0,0,1,80,66,0,14
1993,"PRINCE GEORGE",51149,84,60,0,0,24,1,1,0,0,0,83,59,0,24
1994,"PRINCE GEORGE",51149,52,45,1,0,6,1,0,1,0,0,51,45,0,6
1995,"PRINCE GEORGE",51149,76,65,1,0,10,2,1,1,0,0,74,64,0,10
1996,"PRINCE GEORGE",51149,92,70,1,0,21,1,0,1,0,0,91,70,0,21
1997,"PRINCE GEORGE",51149,157,121,0,0,36,2,1,0,0,1,155,120,0,35
1998,"PRINCE GEORGE",51149,180,144,0,0,36,2,2,0,0,0,178,142,0,36
1999,"LEXINGTON CITY",51149,163,126,0,0,37,1,1,0,0,0,162,125,0,37
2000,"PRINCE GEORGE",51149,135,89,0,0,46,0,0,0,0,0,135,89,0,46
2001,"PRINCE GEORGE",51149,193,140,0,0,53,1,1,0,0,0,192,139,0,53
2002,"PRINCE GEORGE",51149,215,142,2,0,71,2,1,1,0,0,213,141,1,71
2003,"PRINCE GEORGE",51149,238,164,0,0,74,0,0,0,0,0,238,164,0,74
1990,"LOUDOUN",51153,751,600,36,0,115,78,38,34,0,6,673,562,2,109
1991,"PRINCE WILLIAM",51153,1403,1193,45,0,165,88,51,34,0,3,1315,1142,11,162
1992,"PRINCE WILLIAM",51153,1397,1182,32,0,183,90,61,27,0,2,1307,1121,5,181
1993,"PRINCE WILLIAM",51153,1150,951,34,0,165,81,47,33,0,1,1069,904,1,164
1994,"PRINCE WILLIAM",51153,915,758,17,0,140,39,22,13,0,4,876,736,4,136
1995,"PRINCE WILLIAM",51153,935,766,18,0,151,30,12,17,0,1,905,754,1,150
1996,"PRINCE WILLIAM",51153,1395,1144,15,0,236,29,18,10,0,1,1366,1126,5,235
1997,"PRINCE WILLIAM",51153,2405,2029,17,0,359,43,27,15,0,1,2362,2002,2,358
1998,"PRINCE WILLIAM",51153,2398,2074,21,0,303,27,9,17,0,1,2371,2065,4,302
1999,"LOUDOUN",51153,1984,1666,10,1,307,25,14,10,1,0,1959,1652,0,307
2000,"PRINCE WILLIAM",51153,1919,1562,7,1,349,15,9,5,1,0,1904,1553,2,349
2001,"PRINCE WILLIAM",51153,1994,1638,4,0,352,10,7,3,0,0,1984,1631,1,352
2002,"PRINCE WILLIAM",51153,1533,1196,7,0,330,22,16,5,0,1,1511,1180,2,329
2003,"PRINCE WILLIAM",51153,1360,1084,5,0,271,22,17,5,0,0,1338,1067,0,271
1990,"LOUISA",51155,154,144,1,0,9,11,8,1,0,2,143,136,0,7
1991,"PULASKI",51155,172,153,1,0,18,8,4,1,0,3,164,149,0,15
1992,"PULASKI",51155,163,152,1,0,10,9,8,1,0,0,154,144,0,10
1993,"PULASKI",51155,141,123,0,0,18,8,8,0,0,0,133,115,0,18
1994,"PULASKI",51155,151,129,1,0,21,9,4,1,0,4,142,125,0,17
1995,"PULASKI",51155,169,145,1,1,22,6,4,1,1,0,163,141,0,22
1996,"PULASKI",51155,233,204,1,0,28,9,5,1,0,3,224,199,0,25
1997,"PULASKI",51155,337,315,1,0,21,5,4,1,0,0,332,311,0,21
1998,"PULASKI",51155,244,216,1,0,27,10,3,1,0,6,234,213,0,21
1999,"LOUISA",51155,215,197,0,0,18,3,2,0,0,1,212,195,0,17
2000,"PULASKI",51155,228,211,1,0,16,11,9,1,0,1,217,202,0,15
2001,"PULASKI",51155,322,295,1,0,26,13,12,1,0,0,309,283,0,26
2002,"PULASKI",51155,273,244,2,0,27,5,2,2,0,1,268,242,0,26
2003,"PULASKI",51155,260,221,1,0,38,10,8,1,0,1,250,213,0,37
1990,"LUNENBURG",51157,9,8,0,0,1,1,1,0,0,0,8,7,0,1
1991,"RAPPAHANNOCK",51157,14,13,0,0,1,2,2,0,0,0,12,11,0,1
1992,"RAPPAHANNOCK",51157,18,15,0,0,3,4,3,0,0,1,14,12,0,2
1993,"RAPPAHANNOCK",51157,12,9,1,0,2,3,2,1,0,0,9,7,0,2
1994,"RAPPAHANNOCK",51157,13,9,3,0,1,5,1,3,0,1,8,8,0,0
1995,"RAPPAHANNOCK",51157,26,22,2,0,2,5,3,2,0,0,21,19,0,2
1996,"RAPPAHANNOCK",51157,19,18,0,0,1,4,4,0,0,0,15,14,0,1
1997,"RAPPAHANNOCK",51157,30,25,1,0,4,9,7,1,0,1,21,18,0,3
1998,"RAPPAHANNOCK",51157,32,27,0,0,5,4,4,0,0,0,28,23,0,5
1999,"LUNENBURG",51157,32,30,0,0,2,2,2,0,0,0,30,28,0,2
2000,"RAPPAHANNOCK",51157,22,21,0,0,1,3,3,0,0,0,19,18,0,1
2001,"RAPPAHANNOCK",51157,18,17,0,0,1,5,5,0,0,0,13,12,0,1
2002,"RAPPAHANNOCK",51157,22,20,0,0,2,3,2,0,0,1,19,18,0,1
2003,"RAPPAHANNOCK",51157,21,21,0,0,0,2,2,0,0,0,19,19,0,0
1990,"LYNCHBURG CITY",51159,23,18,0,0,5,2,2,0,0,0,21,16,0,5
1991,"RICHMOND",51159,33,24,0,0,9,2,2,0,0,0,31,22,0,9
1992,"RICHMOND",51159,27,22,0,0,5,1,1,0,0,0,26,21,0,5
1993,"RICHMOND",51159,22,18,0,0,4,1,1,0,0,0,21,17,0,4
1994,"RICHMOND",51159,13,9,0,0,4,1,1,0,0,0,12,8,0,4
1995,"RICHMOND",51159,24,18,0,0,6,0,0,0,0,0,24,18,0,6
1996,"RICHMOND",51159,21,17,0,0,4,2,1,0,0,1,19,16,0,3
1997,"RICHMOND",51159,21,19,0,0,2,0,0,0,0,0,21,19,0,2
1998,"RICHMOND",51159,26,21,0,0,5,0,0,0,0,0,26,21,0,5
1999,"LYNCHBURG CITY",51159,20,15,0,0,5,0,0,0,0,0,20,15,0,5
2000,"RICHMOND",51159,29,22,0,0,7,0,0,0,0,0,29,22,0,7
2001,"RICHMOND",51159,60,43,2,0,15,2,0,2,0,0,58,43,0,15
2002,"RICHMOND",51159,70,47,0,0,23,1,1,0,0,0,69,46,0,23
2003,"RICHMOND",51159,61,32,0,0,29,0,0,0,0,0,61,32,0,29
1990,"MADISON",51161,281,244,1,0,36,47,41,1,0,5,234,203,0,31
1991,"ROANOKE",51161,323,272,8,0,43,63,49,8,0,6,260,223,0,37
1992,"ROANOKE",51161,317,263,2,0,52,27,18,2,0,7,290,245,0,45
1993,"ROANOKE",51161,290,241,2,0,47,46,37,2,0,7,244,204,0,40
1994,"ROANOKE",51161,276,237,1,0,38,25,22,1,0,2,251,215,0,36
1995,"ROANOKE",51161,335,276,0,0,59,14,10,0,0,4,321,266,0,55
1996,"ROANOKE",51161,437,346,2,0,89,29,17,2,0,10,408,329,0,79
1997,"ROANOKE",51161,469,373,6,0,90,27,18,6,0,3,442,355,0,87
1998,"ROANOKE",51161,441,350,2,0,89,28,19,1,0,8,413,331,1,81
1999,"MADISON",51161,432,334,1,0,97,24,19,1,0,4,408,315,0,93
2000,"ROANOKE",51161,402,305,2,0,95,22,15,2,0,5,380,290,0,90
2001,"ROANOKE",51161,541,435,11,0,95,50,31,11,0,8,491,404,0,87
2002,"ROANOKE",51161,520,421,0,0,99,27,22,0,0,5,493,399,0,94
2003,"ROANOKE",51161,502,386,0,0,116,17,11,0,0,6,485,375,0,110
1990,"MANASSAS CITY",51163,68,66,1,0,1,7,6,1,0,0,61,60,0,1
1991,"ROCKBRIDGE",51163,43,43,0,0,0,5,5,0,0,0,38,38,0,0
1992,"ROCKBRIDGE",51163,34,32,1,0,1,8,7,1,0,0,26,25,0,1
1993,"ROCKBRIDGE",51163,62,58,0,0,4,7,7,0,0,0,55,51,0,4
1994,"ROCKBRIDGE",51163,54,49,0,0,5,12,11,0,0,1,42,38,0,4
1995,"ROCKBRIDGE",51163,66,62,0,0,4,4,4,0,0,0,62,58,0,4
1996,"ROCKBRIDGE",51163,80,73,0,0,7,10,9,0,0,1,70,64,0,6
1997,"ROCKBRIDGE",51163,95,82,0,0,13,5,4,0,0,1,90,78,0,12
1998,"ROCKBRIDGE",51163,90,81,2,0,7,11,8,2,0,1,79,73,0,6
1999,"MANASSAS CITY",51163,65,61,0,0,4,6,6,0,0,0,59,55,0,4
2000,"ROCKBRIDGE",51163,87,78,0,0,9,11,8,0,0,3,76,70,0,6
2001,"ROCKBRIDGE",51163,88,84,0,0,4,3,3,0,0,0,85,81,0,4
2002,"ROCKBRIDGE",51163,80,69,0,0,11,8,6,0,0,2,72,63,0,9
2003,"ROCKBRIDGE",51163,93,84,0,0,9,10,10,0,0,0,83,74,0,9
1990,"MANASSAS PARK CITY",51165,129,128,0,0,1,18,18,0,0,0,111,110,0,1
1991,"ROCKINGHAM",51165,112,105,1,0,6,23,20,1,0,2,89,85,0,4
1992,"ROCKINGHAM",51165,115,110,0,0,5,9,7,0,0,2,106,103,0,3
1993,"ROCKINGHAM",51165,100,95,2,0,3,14,11,2,0,1,86,84,0,2
1994,"ROCKINGHAM",51165,99,97,0,0,2,7,7,0,0,0,92,90,0,2
1995,"ROCKINGHAM",51165,146,143,0,0,3,18,18,0,0,0,128,125,0,3
1996,"ROCKINGHAM",51165,256,247,1,0,8,29,27,1,0,1,227,220,0,7
1997,"ROCKINGHAM",51165,291,280,0,0,11,26,26,0,0,0,265,254,0,11
1998,"ROCKINGHAM",51165,326,313,1,0,12,29,28,0,0,1,297,285,1,11
1999,"MANASSAS PARK CITY",51165,248,239,0,0,9,15,15,0,0,0,233,224,0,9
2000,"ROCKINGHAM",51165,289,282,0,0,7,26,26,0,0,0,263,256,0,7
2001,"ROCKINGHAM",51165,329,320,0,0,9,21,19,0,0,2,308,301,0,7
2002,"ROCKINGHAM",51165,358,349,0,0,9,29,28,0,0,1,329,321,0,8
2003,"ROCKINGHAM",51165,383,367,5,0,11,38,32,5,0,1,345,335,0,10
1990,"MARTINSVILLE CITY",51167,54,47,0,0,7,7,7,0,0,0,47,40,0,7
1991,"RUSSELL",51167,61,54,2,0,5,11,8,2,0,1,50,46,0,4
1992,"RUSSELL",51167,76,60,5,0,11,9,4,5,0,0,67,56,0,11
1993,"RUSSELL",51167,70,54,0,3,13,12,6,0,3,3,58,48,0,10
1994,"RUSSELL",51167,62,53,0,0,9,11,11,0,0,0,51,42,0,9
1995,"RUSSELL",51167,91,78,0,0,13,5,5,0,0,0,86,73,0,13
1996,"RUSSELL",51167,105,87,1,1,16,8,4,1,1,2,97,83,0,14
1997,"RUSSELL",51167,121,102,0,0,19,1,1,0,0,0,120,101,0,19
1998,"RUSSELL",51167,146,117,2,0,27,15,8,2,0,5,131,109,0,22
1999,"MARTINSVILLE CITY",51167,113,90,4,0,19,12,8,4,0,0,101,82,0,19
2000,"RUSSELL",51167,116,101,0,0,15,6,6,0,0,0,110,95,0,15
2001,"RUSSELL",51167,142,111,1,0,30,15,9,1,0,5,127,102,0,25
2002,"RUSSELL",51167,156,129,0,0,27,12,10,0,0,2,144,119,0,25
2003,"RUSSELL",51167,155,132,0,0,23,9,8,0,0,1,146,124,0,22
1990,"MATHEWS",51169,49,47,0,0,2,6,6,0,0,0,43,41,0,2
1991,"SCOTT",51169,75,72,0,1,2,4,3,0,1,0,71,69,0,2
1992,"SCOTT",51169,65,59,1,0,5,3,2,1,0,0,62,57,0,5
1993,"SCOTT",51169,58,56,0,0,2,7,7,0,0,0,51,49,0,2
1994,"SCOTT",51169,55,51,0,0,4,2,2,0,0,0,53,49,0,4
1995,"SCOTT",51169,68,62,1,0,5,5,4,1,0,0,63,58,0,5
1996,"SCOTT",51169,73,67,0,0,6,4,4,0,0,0,69,63,0,6
1997,"SCOTT",51169,95,86,0,0,9,4,4,0,0,0,91,82,0,9
1998,"SCOTT",51169,96,88,0,0,8,5,5,0,0,0,91,83,0,8
1999,"MATHEWS",51169,108,90,2,0,16,8,5,2,0,1,100,85,0,15
2000,"SCOTT",51169,105,92,3,0,10,10,7,3,0,0,95,85,0,10
2001,"SCOTT",51169,122,112,1,0,9,2,2,0,0,0,120,110,1,9
2002,"SCOTT",51169,129,112,1,0,16,8,5,1,0,2,121,107,0,14
2003,"SCOTT",51169,95,91,0,0,4,4,4,0,0,0,91,87,0,4
1990,"MECKLENBURG",51171,55,53,1,0,1,10,8,1,0,1,45,45,0,0
1991,"SHENANDOAH",51171,61,59,2,0,0,16,14,2,0,0,45,45,0,0
1992,"SHENANDOAH",51171,89,83,2,1,3,10,7,2,1,0,79,76,0,3
1993,"SHENANDOAH",51171,61,58,2,0,1,11,9,2,0,0,50,49,0,1
1994,"SHENANDOAH",51171,49,48,0,0,1,7,7,0,0,0,42,41,0,1
1995,"SHENANDOAH",51171,83,77,0,0,6,5,5,0,0,0,78,72,0,6
1996,"SHENANDOAH",51171,87,85,0,0,2,9,9,0,0,0,78,76,0,2
1997,"SHENANDOAH",51171,126,123,2,0,1,15,13,2,0,0,111,110,0,1
1998,"SHENANDOAH",51171,153,150,0,0,3,19,18,0,0,1,134,132,0,2
1999,"MECKLENBURG",51171,128,125,1,0,2,17,16,1,0,0,111,109,0,2
2000,"SHENANDOAH",51171,120,114,0,0,6,12,12,0,0,0,108,102,0,6
2001,"SHENANDOAH",51171,152,149,0,0,3,15,15,0,0,0,137,134,0,3
2002,"SHENANDOAH",51171,141,139,0,0,2,10,10,0,0,0,131,129,0,2
2003,"SHENANDOAH",51171,179,176,0,0,3,19,19,0,0,0,160,157,0,3
1990,"MIDDLESEX",51173,75,64,0,0,11,9,8,0,0,1,66,56,0,10
1991,"SMYTH",51173,102,85,0,0,17,9,7,0,0,2,93,78,0,15
1992,"SMYTH",51173,104,91,0,0,13,11,10,0,0,1,93,81,0,12
1993,"SMYTH",51173,87,74,0,1,12,8,5,0,1,2,79,69,0,10
1994,"SMYTH",51173,96,86,1,0,9,6,4,1,0,1,90,82,0,8
1995,"SMYTH",51173,118,100,2,0,16,3,2,1,0,0,115,98,1,16
1996,"SMYTH",51173,200,181,1,0,18,8,5,1,0,2,192,176,0,16
1997,"SMYTH",51173,220,189,3,0,28,9,5,3,0,1,211,184,0,27
1998,"SMYTH",51173,186,166,1,0,19,10,8,1,0,1,176,158,0,18
1999,"MIDDLESEX",51173,154,129,2,0,23,9,6,2,0,1,145,123,0,22
2000,"SMYTH",51173,186,164,0,1,21,5,4,0,1,0,181,160,0,21
2001,"SMYTH",51173,225,210,1,2,12,8,3,1,2,2,217,207,0,10
2002,"SMYTH",51173,224,207,0,0,17,12,12,0,0,0,212,195,0,17
2003,"SMYTH",51173,214,196,0,0,18,9,7,0,0,2,205,189,0,16
1990,"MONTGOMERY",51175,43,33,1,0,9,8,3,1,0,4,35,30,0,5
1991,"SOUTHAMPTON",51175,43,28,2,1,12,3,0,2,1,0,40,28,0,12
1992,"SOUTHAMPTON",51175,46,31,2,0,13,4,1,2,0,1,42,30,0,12
1993,"SOUTHAMPTON",51175,46,39,0,1,6,6,3,0,1,2,40,36,0,4
1994,"SOUTHAMPTON",51175,36,30,0,0,6,1,1,0,0,0,35,29,0,6
1995,"SOUTHAMPTON",51175,29,16,2,0,11,1,0,1,0,0,28,16,1,11
1996,"SOUTHAMPTON",51175,75,49,0,0,26,3,2,0,0,1,72,47,0,25
1997,"SOUTHAMPTON",51175,83,56,0,0,27,3,2,0,0,1,80,54,0,26
1998,"SOUTHAMPTON",51175,110,70,0,0,40,1,1,0,0,0,109,69,0,40
1999,"MONTGOMERY",51175,118,77,0,3,38,4,1,0,3,0,114,76,0,38
2000,"SOUTHAMPTON",51175,104,67,1,1,35,3,0,1,1,1,101,67,0,34
2001,"SOUTHAMPTON",51175,118,78,0,0,40,1,1,0,0,0,117,77,0,40
2002,"SOUTHAMPTON",51175,120,87,0,0,33,1,0,0,0,1,119,87,0,32
2003,"SOUTHAMPTON",51175,117,75,1,0,41,2,1,1,0,0,115,74,0,41
1990,"NELSON",51177,178,156,2,0,20,28,23,2,0,3,150,133,0,17
1991,"SPOTSYLVANIA",51177,313,278,3,0,32,45,37,3,0,5,268,241,0,27
1992,"SPOTSYLVANIA",51177,294,256,1,0,37,21,18,1,0,2,273,238,0,35
1993,"SPOTSYLVANIA",51177,277,242,2,0,33,22,17,1,0,4,255,225,1,29
1994,"SPOTSYLVANIA",51177,230,200,3,0,27,13,7,3,0,3,217,193,0,24
1995,"SPOTSYLVANIA",51177,363,301,2,0,60,16,12,2,0,2,347,289,0,58
1996,"SPOTSYLVANIA",51177,536,434,3,0,99,22,18,3,0,1,514,416,0,98
1997,"SPOTSYLVANIA",51177,771,641,0,0,130,12,11,0,0,1,759,630,0,129
1998,"SPOTSYLVANIA",51177,808,679,0,0,129,18,16,0,0,2,790,663,0,127
1999,"NELSON",51177,762,619,4,0,139,11,5,4,0,2,751,614,0,137
2000,"SPOTSYLVANIA",51177,607,478,3,0,126,4,2,2,0,0,603,476,1,126
2001,"SPOTSYLVANIA",51177,735,596,1,0,138,5,4,1,0,0,730,592,0,138
2002,"SPOTSYLVANIA",51177,665,500,2,0,163,5,3,2,0,0,660,497,0,163
2003,"SPOTSYLVANIA",51177,684,508,0,0,176,4,3,0,0,1,680,505,0,175
1990,"NEW KENT",51179,180,151,5,0,24,21,13,5,0,3,159,138,0,21
1991,"STAFFORD",51179,312,275,12,0,25,23,13,10,0,0,289,262,2,25
1992,"STAFFORD",51179,270,237,3,1,29,15,10,3,1,1,255,227,0,28
1993,"STAFFORD",51179,239,206,8,0,25,25,18,7,0,0,214,188,1,25
1994,"STAFFORD",51179,213,177,3,0,33,5,3,2,0,0,208,174,1,33
1995,"STAFFORD",51179,281,230,2,1,48,8,5,2,1,0,273,225,0,48
1996,"STAFFORD",51179,433,359,4,0,70,12,5,4,0,3,421,354,0,67
1997,"STAFFORD",51179,548,468,2,0,78,6,3,2,0,1,542,465,0,77
1998,"STAFFORD",51179,552,474,1,0,77,3,2,1,0,0,549,472,0,77
1999,"NEW KENT",51179,461,400,3,0,58,7,5,2,0,0,454,395,1,58
2000,"STAFFORD",51179,374,306,0,0,68,1,1,0,0,0,373,305,0,68
2001,"STAFFORD",51179,469,381,3,0,85,5,3,2,0,0,464,378,1,85
2002,"STAFFORD",51179,524,417,4,0,103,7,3,4,0,0,517,414,0,103
2003,"STAFFORD",51179,512,420,4,0,88,8,5,3,0,0,504,415,1,88
1990,"NEWPORT NEWS CITY",51181,16,14,0,0,2,1,0,0,0,1,15,14,0,1
1991,"SURRY",51181,24,20,0,0,4,2,1,0,0,1,22,19,0,3
1992,"SURRY",51181,32,25,0,0,7,0,0,0,0,0,32,25,0,7
1993,"SURRY",51181,24,18,0,0,6,1,1,0,0,0,23,17,0,6
1994,"SURRY",51181,19,15,0,0,4,0,0,0,0,0,19,15,0,4
1995,"SURRY",51181,36,25,0,0,11,1,1,0,0,0,35,24,0,11
1996,"SURRY",51181,32,26,0,0,6,1,1,0,0,0,31,25,0,6
1997,"SURRY",51181,51,36,0,0,15,0,0,0,0,0,51,36,0,15
1998,"SURRY",51181,22,11,0,0,11,0,0,0,0,0,22,11,0,11
1999,"NEWPORT NEWS CITY",51181,49,35,0,0,14,0,0,0,0,0,49,35,0,14
2000,"SURRY",51181,39,26,0,0,13,0,0,0,0,0,39,26,0,13
2001,"SURRY",51181,58,42,0,0,16,0,0,0,0,0,58,42,0,16
2002,"SURRY",51181,37,27,0,0,10,0,0,0,0,0,37,27,0,10
2003,"SURRY",51181,54,39,0,0,15,0,0,0,0,0,54,39,0,15
1990,"NORFOLK CITY",51183,39,32,0,0,7,3,2,0,0,1,36,30,0,6
1991,"SUSSEX",51183,25,23,0,0,2,0,0,0,0,0,25,23,0,2
1992,"SUSSEX",51183,36,28,0,0,8,1,1,0,0,0,35,27,0,8
1993,"SUSSEX",51183,36,26,5,0,5,5,0,5,0,0,31,26,0,5
1994,"SUSSEX",51183,31,28,0,0,3,0,0,0,0,0,31,28,0,3
1995,"SUSSEX",51183,34,28,0,0,6,0,0,0,0,0,34,28,0,6
1996,"SUSSEX",51183,58,43,0,0,15,1,1,0,0,0,57,42,0,15
1997,"SUSSEX",51183,58,47,0,0,11,1,1,0,0,0,57,46,0,11
1998,"SUSSEX",51183,64,46,0,0,18,2,2,0,0,0,62,44,0,18
1999,"NORFOLK CITY",51183,58,43,0,0,15,1,0,0,0,1,57,43,0,14
2000,"SUSSEX",51183,58,43,0,0,15,0,0,0,0,0,58,43,0,15
2001,"SUSSEX",51183,89,59,0,0,30,0,0,0,0,0,89,59,0,30
2002,"SUSSEX",51183,82,50,0,0,32,0,0,0,0,0,82,50,0,32
2003,"SUSSEX",51183,107,67,0,0,40,0,0,0,0,0,107,67,0,40
1990,"NORTHAMPTON",51185,135,120,6,0,9,24,16,6,0,2,111,104,0,7
1991,"TAZEWELL",51185,156,136,7,0,13,28,17,7,0,4,128,119,0,9
1992,"TAZEWELL",51185,163,144,9,0,10,21,13,8,0,0,142,131,1,10
1993,"TAZEWELL",51185,148,133,5,0,10,19,13,5,0,1,129,120,0,9
1994,"TAZEWELL",51185,143,121,5,0,17,20,13,5,0,2,123,108,0,15
1995,"TAZEWELL",51185,172,140,4,1,27,22,14,4,1,3,150,126,0,24
1996,"TAZEWELL",51185,213,185,5,0,23,19,13,5,0,1,194,172,0,22
1997,"TAZEWELL",51185,282,253,5,0,24,26,15,5,0,6,256,238,0,18
1998,"TAZEWELL",51185,273,238,7,0,28,23,15,6,0,2,250,223,1,26
1999,"NORTHAMPTON",51185,249,233,2,0,14,16,14,2,0,0,233,219,0,14
2000,"TAZEWELL",51185,242,227,1,0,14,13,11,1,0,1,229,216,0,13
2001,"TAZEWELL",51185,277,258,1,0,18,10,8,1,0,1,267,250,0,17
2002,"TAZEWELL",51185,312,287,3,0,22,18,15,2,0,1,294,272,1,21
2003,"TAZEWELL",51185,309,284,1,0,24,12,11,1,0,0,297,273,0,24
1990,"NORTHUMBERLAND",51187,50,42,1,0,7,9,6,1,0,2,41,36,0,5
1991,"WARREN",51187,88,78,0,0,10,17,13,0,0,4,71,65,0,6
1992,"WARREN",51187,98,81,1,0,16,10,7,1,0,2,88,74,0,14
1993,"WARREN",51187,89,76,3,0,10,17,11,3,0,3,72,65,0,7
1994,"WARREN",51187,106,97,0,0,9,12,10,0,0,2,94,87,0,7
1995,"WARREN",51187,123,116,1,0,6,13,11,1,0,1,110,105,0,5
1996,"WARREN",51187,141,132,0,0,9,14,11,0,0,3,127,121,0,6
1997,"WARREN",51187,214,201,2,0,11,18,14,2,0,2,196,187,0,9
1998,"WARREN",51187,217,206,1,0,10,15,13,1,0,1,202,193,0,9
1999,"NORTHUMBERLAND",51187,187,167,0,0,20,15,10,0,0,5,172,157,0,15
2000,"WARREN",51187,195,183,0,0,12,16,12,0,0,4,179,171,0,8
2001,"WARREN",51187,187,173,0,0,14,13,12,0,0,1,174,161,0,13
2002,"WARREN",51187,176,168,0,0,8,23,22,0,0,1,153,146,0,7
2003,"WARREN",51187,155,145,0,0,10,20,19,0,0,1,135,126,0,9
1990,"NORTON CITY",51191,117,69,6,0,42,25,10,6,0,9,92,59,0,33
1991,"WASHINGTON",51191,126,105,5,1,15,30,22,5,1,2,96,83,0,13
1992,"WASHINGTON",51191,128,106,1,1,20,10,8,1,1,0,118,98,0,20
1993,"WASHINGTON",51191,103,80,3,1,19,14,10,3,1,0,89,70,0,19
1994,"WASHINGTON",51191,126,106,2,0,18,9,7,2,0,0,117,99,0,18
1995,"WASHINGTON",51191,174,147,0,0,27,15,12,0,0,3,159,135,0,24
1996,"WASHINGTON",51191,218,185,0,0,33,12,10,0,0,2,206,175,0,31
1997,"WASHINGTON",51191,306,267,2,0,37,12,9,2,0,1,294,258,0,36
1998,"WASHINGTON",51191,307,272,3,0,32,26,19,3,0,4,281,253,0,28
1999,"NORTON CITY",51191,245,210,3,0,32,21,12,3,0,6,224,198,0,26
2000,"WASHINGTON",51191,228,201,1,0,26,18,14,1,0,3,210,187,0,23
2001,"WASHINGTON",51191,286,256,1,0,29,27,22,1,0,4,259,234,0,25
2002,"WASHINGTON",51191,297,260,1,0,36,20,15,1,0,4,277,245,0,32
2003,"WASHINGTON",51191,331,275,1,0,55,21,15,1,0,5,310,260,0,50
1990,"NOTTOWAY",51193,22,14,0,0,8,6,3,0,0,3,16,11,0,5
1991,"WESTMORELAND",51193,45,37,1,0,7,9,6,1,0,2,36,31,0,5
1992,"WESTMORELAND",51193,44,34,3,0,7,6,3,3,0,0,38,31,0,7
1993,"WESTMORELAND",51193,32,26,0,0,6,0,0,0,0,0,32,26,0,6
1994,"WESTMORELAND",51193,41,35,1,0,5,4,2,1,0,1,37,33,0,4
1995,"WESTMORELAND",51193,43,41,0,0,2,0,0,0,0,0,43,41,0,2
1996,"WESTMORELAND",51193,55,44,2,0,9,2,1,1,0,0,53,43,1,9
1997,"WESTMORELAND",51193,70,61,0,0,9,2,2,0,0,0,68,59,0,9
1998,"WESTMORELAND",51193,83,66,0,0,17,1,1,0,0,0,82,65,0,17
1999,"NOTTOWAY",51193,76,53,0,0,23,0,0,0,0,0,76,53,0,23
2000,"WESTMORELAND",51193,72,49,0,0,23,0,0,0,0,0,72,49,0,23
2001,"WESTMORELAND",51193,87,56,0,0,31,0,0,0,0,0,87,56,0,31
2002,"WESTMORELAND",51193,103,71,0,0,32,0,0,0,0,0,103,71,0,32
2003,"WESTMORELAND",51193,121,84,0,0,37,0,0,0,0,0,121,84,0,37
1990,"ORANGE",51195,121,104,4,0,13,25,19,4,0,2,96,85,0,11
1991,"WISE",51195,181,149,7,0,25,28,17,7,0,4,153,132,0,21
1992,"WISE",51195,142,124,6,0,12,18,10,6,0,2,124,114,0,10
1993,"WISE",51195,108,92,1,0,15,24,20,1,0,3,84,72,0,12
1994,"WISE",51195,171,148,7,0,16,23,15,7,0,1,148,133,0,15
1995,"WISE",51195,174,139,5,0,30,22,12,5,0,5,152,127,0,25
1996,"WISE",51195,280,257,4,1,18,22,13,4,1,4,258,244,0,14
1997,"WISE",51195,300,253,1,0,46,7,5,1,0,1,293,248,0,45
1998,"WISE",51195,330,273,0,0,57,11,7,0,0,4,319,266,0,53
1999,"ORANGE",51195,280,236,0,0,44,10,8,0,0,2,270,228,0,42
2000,"WISE",51195,297,250,0,0,47,15,12,0,0,3,282,238,0,44
2001,"WISE",51195,334,299,1,0,34,16,13,1,0,2,318,286,0,32
2002,"WISE",51195,337,288,2,0,47,12,8,2,0,2,325,280,0,45
2003,"WISE",51195,292,255,1,0,36,12,10,1,0,1,280,245,0,35
1990,"PAGE",51197,85,73,0,0,12,12,9,0,0,3,73,64,0,9
1991,"WYTHE",51197,111,93,1,1,16,16,9,1,1,5,95,84,0,11
1992,"WYTHE",51197,73,62,0,1,10,7,5,0,1,1,66,57,0,9
1993,"WYTHE",51197,81,74,0,0,7,9,7,0,0,2,72,67,0,5
1994,"WYTHE",51197,101,86,0,1,14,5,3,0,1,1,96,83,0,13
1995,"WYTHE",51197,117,96,3,0,18,9,5,3,0,1,108,91,0,17
1996,"WYTHE",51197,217,186,0,0,31,9,8,0,0,1,208,178,0,30
1997,"WYTHE",51197,215,188,1,1,25,12,9,1,1,1,203,179,0,24
1998,"WYTHE",51197,154,134,0,0,20,3,3,0,0,0,151,131,0,20
1999,"PAGE",51197,148,125,1,0,22,9,5,1,0,3,139,120,0,19
2000,"WYTHE",51197,149,128,0,0,21,7,4,0,0,3,142,124,0,18
2001,"WYTHE",51197,193,174,2,0,17,13,11,2,0,0,180,163,0,17
2002,"WYTHE",51197,214,180,5,0,29,12,7,5,0,0,202,173,0,29
2003,"WYTHE",51197,175,151,0,0,24,6,5,0,0,1,169,146,0,23
1990,"PATRICK",51199,132,96,5,0,31,34,21,4,0,9,98,75,1,22
1991,"YORK",51199,165,132,3,0,30,34,24,3,0,7,131,108,0,23
1992,"YORK",51199,171,140,5,0,26,20,13,5,0,2,151,127,0,24
1993,"YORK",51199,163,123,3,0,37,8,4,3,0,1,155,119,0,36
1994,"YORK",51199,146,118,2,0,26,5,4,1,0,0,141,114,1,26
1995,"YORK",51199,185,130,5,0,50,12,6,5,0,1,173,124,0,49
1996,"YORK",51199,200,153,0,0,47,5,5,0,0,0,195,148,0,47
1997,"YORK",51199,215,152,2,0,61,8,4,2,0,2,207,148,0,59
1998,"YORK",51199,212,148,3,0,61,5,1,3,0,1,207,147,0,60
1999,"PATRICK",51199,196,150,2,0,44,2,0,2,0,0,194,150,0,44
2000,"YORK",51199,205,136,0,0,69,2,1,0,0,1,203,135,0,68
2001,"YORK",51199,236,177,3,0,56,3,1,2,0,0,233,176,1,56
2002,"YORK",51199,212,153,0,0,59,2,2,0,0,0,210,151,0,59
2003,"YORK",51199,191,133,1,0,57,4,2,1,0,1,187,131,0,56
1990,"PETERSBURG CITY",51510,150,140,4,0,6,8,4,4,0,0,142,136,0,6
1991,"ALEXANDRIA (CI",51510,28,24,0,0,4,4,3,0,0,1,24,21,0,3
1992,"ALEXANDRIA (CI",51510,23,15,7,0,1,9,2,7,0,0,14,13,0,1
1993,"ALEXANDRIA (CI",51510,26,16,5,0,5,6,2,4,0,0,20,14,1,5
1994,"ALEXANDRIA (CI",51510,192,159,10,0,23,15,5,10,0,0,177,154,0,23
1995,"ALEXANDRIA (CI",51510,398,343,18,0,37,22,7,14,0,1,376,336,4,36
1996,"ALEXANDRIA (CI",51510,547,468,17,0,62,23,7,15,0,1,524,461,2,61
1997,"ALEXANDRIA (CI",51510,597,515,14,0,68,27,13,14,0,0,570,502,0,68
1998,"ALEXANDRIA (CI",51510,627,564,15,0,48,18,4,14,0,0,609,560,1,48
1999,"PETERSBURG CITY",51510,509,461,6,0,42,14,8,6,0,0,495,453,0,42
2000,"ALEXANDRIA (CI",51510,502,442,9,0,51,13,5,8,0,0,489,437,1,51
2001,"ALEXANDRIA (CI",51510,451,410,5,0,36,6,2,3,0,1,445,408,2,35
2002,"ALEXANDRIA (CI",51510,446,405,5,0,36,17,13,4,0,0,429,392,1,36
2003,"ALEXANDRIA (CI",51510,424,382,3,0,39,16,13,3,0,0,408,369,0,39
1990,"PITTSYLVANIA",51515,13,11,0,0,2,0,0,0,0,0,13,11,0,2
1991,"BEDFORD (CITY)",51515,48,34,0,0,14,1,1,0,0,0,47,33,0,14
1992,"BEDFORD (CITY)",51515,70,56,1,0,13,6,4,1,0,1,64,52,0,12
1993,"BEDFORD (CITY)",51515,68,51,2,0,15,5,2,2,0,1,63,49,0,14
1994,"BEDFORD (CITY)",51515,56,29,0,0,27,1,1,0,0,0,55,28,0,27
1995,"BEDFORD (CITY)",51515,84,55,0,0,29,2,1,0,0,1,82,54,0,28
1996,"BEDFORD (CITY)",51515,111,73,0,1,37,1,0,0,1,0,110,73,0,37
1997,"BEDFORD (CITY)",51515,141,103,1,0,37,4,1,1,0,2,137,102,0,35
1998,"BEDFORD (CITY)",51515,141,104,0,0,37,1,1,0,0,0,140,103,0,37
1999,"PITTSYLVANIA",51515,145,96,1,0,48,6,1,1,0,4,139,95,0,44
2000,"BEDFORD (CITY)",51515,124,79,0,0,45,4,3,0,0,1,120,76,0,44
2001,"BEDFORD (CITY)",51515,128,104,0,0,24,2,1,0,0,1,126,103,0,23
2002,"BEDFORD (CITY)",51515,168,130,1,0,37,3,2,1,0,0,165,128,0,37
2003,"BEDFORD (CITY)",51515,154,104,0,0,50,3,1,0,0,2,151,103,0,48
1990,"POQUOSON CITY",51520,40,34,0,0,6,7,6,0,0,1,33,28,0,5
1991,"BRISTOL (CITY)",51520,99,82,3,0,14,16,11,3,0,2,83,71,0,12
1992,"BRISTOL (CITY)",51520,110,95,0,0,15,10,9,0,0,1,100,86,0,14
1993,"BRISTOL (CITY)",51520,76,70,0,0,6,8,7,0,0,1,68,63,0,5
1994,"BRISTOL (CITY)",51520,89,75,4,0,10,11,3,4,0,4,78,72,0,6
1995,"BRISTOL (CITY)",51520,108,95,2,0,11,9,7,2,0,0,99,88,0,11
1996,"BRISTOL (CITY)",51520,110,92,0,0,18,3,3,0,0,0,107,89,0,18
1997,"BRISTOL (CITY)",51520,97,77,3,0,17,10,6,3,0,1,87,71,0,16
1998,"BRISTOL (CITY)",51520,75,65,1,0,9,11,9,1,0,1,64,56,0,8
1999,"POQUOSON CITY",51520,68,61,1,0,6,5,4,1,0,0,63,57,0,6
2000,"BRISTOL (CITY)",51520,81,69,0,0,12,7,6,0,0,1,74,63,0,11
2001,"BRISTOL (CITY)",51520,115,104,1,0,10,6,4,1,0,1,109,100,0,9
2002,"BRISTOL (CITY)",51520,57,49,2,0,6,5,2,2,0,1,52,47,0,5
2003,"BRISTOL (CITY)",51520,118,105,0,0,13,8,8,0,0,0,110,97,0,13
1990,"PORTSMOUTH CITY",51530,1,1,0,0,0,0,0,0,0,0,1,1,0,0
1991,"BUENA VISTA (C",51530,27,27,0,0,0,1,1,0,0,0,26,26,0,0
1992,"BUENA VISTA (C",51530,27,25,0,0,2,1,1,0,0,0,26,24,0,2
1993,"BUENA VISTA (C",51530,16,15,0,0,1,1,1,0,0,0,15,14,0,1
1994,"BUENA VISTA (C",51530,31,27,0,0,4,2,2,0,0,0,29,25,0,4
1995,"BUENA VISTA (C",51530,34,31,0,0,3,1,1,0,0,0,33,30,0,3
1996,"BUENA VISTA (C",51530,28,27,0,0,1,2,2,0,0,0,26,25,0,1
1997,"BUENA VISTA (C",51530,30,29,0,0,1,4,4,0,0,0,26,25,0,1
1998,"BUENA VISTA (C",51530,21,20,0,0,1,2,2,0,0,0,19,18,0,1
1999,"PORTSMOUTH CITY",51530,25,23,0,0,2,0,0,0,0,0,25,23,0,2
2000,"BUENA VISTA (C",51530,36,35,0,0,1,1,0,0,0,1,35,35,0,0
2001,"BUENA VISTA (C",51530,33,33,0,0,0,2,2,0,0,0,31,31,0,0
2002,"BUENA VISTA (C",51530,40,40,0,0,0,0,0,0,0,0,40,40,0,0
2003,"BUENA VISTA (C",51530,56,48,0,0,8,3,2,0,0,1,53,46,0,7
1996,"51535",51535,3,3,0,0,0,0,0,0,0,0,3,3,0,0
1997,"51535",51535,8,5,0,0,3,1,1,0,0,0,7,4,0,3
1998,"51535",51535,2,2,0,0,0,0,0,0,0,0,2,2,0,0
2000,"51535",51535,6,1,0,0,5,0,0,0,0,0,6,1,0,5
2001,"CAPE CHARLES C",51535,3,2,0,0,1,0,0,0,0,0,3,2,0,1
2002,"CAPE CHARLES C",51535,6,5,0,0,1,0,0,0,0,0,6,5,0,1
2003,"CAPE CHARLES C",51535,2,1,0,0,1,0,0,0,0,0,2,1,0,1
1990,"POWHATAN",51540,106,80,7,0,19,10,2,7,0,1,96,78,0,18
1991,"CHARLOTTESVILL",51540,82,73,2,0,7,7,4,1,0,2,75,69,1,5
1992,"CHARLOTTESVILL",51540,99,85,1,0,13,6,4,1,0,1,93,81,0,12
1993,"CHARLOTTESVILL",51540,105,88,4,0,13,14,7,4,0,3,91,81,0,10
1994,"CHARLOTTESVILL",51540,109,89,4,0,16,20,13,3,0,4,89,76,1,12
1995,"CHARLOTTESVILL",51540,127,111,0,0,16,7,6,0,0,1,120,105,0,15
1996,"CHARLOTTESVILL",51540,176,151,1,0,24,10,7,1,0,2,166,144,0,22
1997,"CHARLOTTESVILL",51540,215,186,1,0,28,9,8,1,0,0,206,178,0,28
1998,"CHARLOTTESVILL",51540,185,162,1,0,22,7,4,1,0,2,178,158,0,20
1999,"POWHATAN",51540,161,145,2,0,14,9,5,2,0,2,152,140,0,12
2000,"CHARLOTTESVILL",51540,151,135,3,0,13,8,5,3,0,0,143,130,0,13
2001,"CHARLOTTESVILL",51540,155,135,0,0,20,0,0,0,0,0,155,135,0,20
2002,"CHARLOTTESVILL",51540,170,155,0,0,15,2,2,0,0,0,168,153,0,15
2003,"CHARLOTTESVILL",51540,172,154,0,0,18,3,3,0,0,0,169,151,0,18
1990,"PRINCE EDWARD",51550,997,709,21,0,267,172,117,21,0,34,825,592,0,233
1991,"CHESAPEAKE (CI",51550,1279,956,24,1,298,171,128,22,1,20,1108,828,2,278
1992,"CHESAPEAKE (CI",51550,1249,870,30,1,348,77,37,26,1,13,1172,833,4,335
1993,"CHESAPEAKE (CI",51550,1089,763,23,0,303,80,43,19,0,18,1009,720,4,285
1994,"CHESAPEAKE (CI",51550,913,626,8,0,279,43,27,7,0,9,870,599,1,270
1995,"CHESAPEAKE (CI",51550,1032,662,6,0,364,36,18,6,0,12,996,644,0,352
1996,"CHESAPEAKE (CI",51550,1306,783,7,0,516,49,33,7,0,9,1257,750,0,507
1997,"CHESAPEAKE (CI",51550,1510,945,10,0,555,56,32,8,0,16,1454,913,2,539
1998,"CHESAPEAKE (CI",51550,1567,960,8,0,599,20,9,8,0,3,1547,951,0,596
1999,"PRINCE EDWARD",51550,1391,852,5,0,534,22,16,5,0,1,1369,836,0,533
2000,"CHESAPEAKE (CI",51550,1388,908,4,0,476,7,6,1,0,0,1381,902,3,476
2001,"CHESAPEAKE (CI",51550,1437,938,4,0,495,18,15,3,0,0,1419,923,1,495
2002,"CHESAPEAKE (CI",51550,1491,982,4,0,505,17,11,3,0,3,1474,971,1,502
2003,"CHESAPEAKE (CI",51550,1569,982,6,0,581,18,12,6,0,0,1551,970,0,581
1990,"PRINCE GEORGE",51560,1,1,0,0,0,0,0,0,0,0,1,1,0,0
1991,"CLIFTON FORGE",51560,16,15,0,0,1,1,1,0,0,0,15,14,0,1
1992,"CLIFTON FORGE",51560,13,12,0,0,1,1,1,0,0,0,12,11,0,1
1993,"CLIFTON FORGE",51560,6,5,0,0,1,0,0,0,0,0,6,5,0,1
1994,"CLIFTON FORGE",51560,7,7,0,0,0,0,0,0,0,0,7,7,0,0
1995,"CLIFTON FORGE",51560,3,3,0,0,0,0,0,0,0,0,3,3,0,0
1996,"CLIFTON FORGE",51560,13,9,1,0,3,1,0,1,0,0,12,9,0,3
1997,"CLIFTON FORGE",51560,12,7,0,0,5,0,0,0,0,0,12,7,0,5
1998,"CLIFTON FORGE",51560,9,8,0,0,1,0,0,0,0,0,9,8,0,1
1999,"PRINCE GEORGE",51560,9,8,0,0,1,0,0,0,0,0,9,8,0,1
2000,"CLIFTON FORGE",51560,7,6,0,0,1,0,0,0,0,0,7,6,0,1
2001,"CLIFTON FORGE",51560,13,12,0,0,1,1,1,0,0,0,12,11,0,1
2002,"CLIFTON FORGE",51560,5,5,0,0,0,0,0,0,0,0,5,5,0,0
2003,"CLIFTON FORGE",51560,5,5,0,0,0,1,1,0,0,0,4,4,0,0
1990,"PRINCE WILLIAM",51570,64,57,0,0,7,6,6,0,0,0,58,51,0,7
1991,"COLONIAL HEIGH",51570,76,71,0,0,5,6,6,0,0,0,70,65,0,5
1992,"COLONIAL HEIGH",51570,76,65,0,0,11,3,3,0,0,0,73,62,0,11
1993,"COLONIAL HEIGH",51570,71,50,1,0,20,2,2,0,0,0,69,48,1,20
1994,"COLONIAL HEIGH",51570,90,77,0,0,13,0,0,0,0,0,90,77,0,13
1995,"COLONIAL HEIGH",51570,102,85,0,0,17,1,0,0,0,1,101,85,0,16
1996,"COLONIAL HEIGH",51570,131,106,0,0,25,0,0,0,0,0,131,106,0,25
1997,"COLONIAL HEIGH",51570,133,105,0,0,28,0,0,0,0,0,133,105,0,28
1998,"COLONIAL HEIGH",51570,144,121,1,0,22,4,4,0,0,0,140,117,1,22
1999,"PRINCE WILLIAM",51570,153,121,0,0,32,3,3,0,0,0,150,118,0,32
2000,"COLONIAL HEIGH",51570,141,102,0,0,39,3,3,0,0,0,138,99,0,39
2001,"COLONIAL HEIGH",51570,154,108,2,0,44,2,0,2,0,0,152,108,0,44
2002,"COLONIAL HEIGH",51570,169,131,0,0,38,0,0,0,0,0,169,131,0,38
2003,"COLONIAL HEIGH",51570,149,125,0,0,24,0,0,0,0,0,149,125,0,24
1990,"PULASKI",51580,3,1,0,0,2,1,0,0,0,1,2,1,0,1
1991,"COVINGTON (CIT",51580,42,42,0,0,0,8,8,0,0,0,34,34,0,0
1992,"COVINGTON (CIT",51580,34,31,0,0,3,3,3,0,0,0,31,28,0,3
1993,"COVINGTON (CIT",51580,16,11,1,0,4,6,2,1,0,3,10,9,0,1
1994,"COVINGTON (CIT",51580,14,11,1,0,2,5,3,1,0,1,9,8,0,1
1995,"COVINGTON (CIT",51580,10,5,0,0,5,0,0,0,0,0,10,5,0,5
1996,"COVINGTON (CIT",51580,6,4,1,0,1,1,0,1,0,0,5,4,0,1
1997,"COVINGTON (CIT",51580,13,8,0,0,5,2,2,0,0,0,11,6,0,5
1998,"COVINGTON (CIT",51580,14,14,0,0,0,0,0,0,0,0,14,14,0,0
1999,"PULASKI",51580,18,17,0,0,1,2,2,0,0,0,16,15,0,1
2000,"COVINGTON (CIT",51580,18,15,0,0,3,1,1,0,0,0,17,14,0,3
2001,"COVINGTON (CIT",51580,19,19,0,0,0,1,1,0,0,0,18,18,0,0
2002,"COVINGTON (CIT",51580,15,13,0,0,2,3,2,0,0,1,12,11,0,1
2003,"COVINGTON (CIT",51580,15,11,0,0,4,1,0,0,0,1,14,11,0,3
1990,"RADFORD CITY",51590,117,106,1,0,10,5,4,1,0,0,112,102,0,10
1991,"DANVILLE (CITY",51590,219,195,0,0,24,6,6,0,0,0,213,189,0,24
1992,"DANVILLE (CITY",51590,168,150,1,0,17,10,9,1,0,0,158,141,0,17
1993,"DANVILLE (CITY",51590,146,133,0,0,13,10,10,0,0,0,136,123,0,13
1994,"DANVILLE (CITY",51590,111,103,0,0,8,8,8,0,0,0,103,95,0,8
1995,"DANVILLE (CITY",51590,147,125,0,0,22,0,0,0,0,0,147,125,0,22
1996,"DANVILLE (CITY",51590,234,188,11,1,34,17,5,11,1,0,217,183,0,34
1997,"DANVILLE (CITY",51590,268,224,0,0,44,5,5,0,0,0,263,219,0,44
1998,"DANVILLE (CITY",51590,314,256,1,0,57,9,6,1,0,2,305,250,0,55
1999,"RADFORD CITY",51590,294,234,0,0,60,3,2,0,0,1,291,232,0,59
2000,"DANVILLE (CITY",51590,287,233,1,0,53,3,1,1,0,1,284,232,0,52
2001,"DANVILLE (CITY",51590,333,280,1,0,52,4,3,1,0,0,329,277,0,52
2002,"DANVILLE (CITY",51590,401,344,0,0,57,6,6,0,0,0,395,338,0,57
2003,"DANVILLE (CITY",51590,409,345,1,0,63,4,3,0,0,1,405,342,1,62
1991,"EMPORIA (CITY)",51595,7,6,0,0,1,1,1,0,0,0,6,5,0,1
1992,"EMPORIA (CITY)",51595,15,13,0,0,2,0,0,0,0,0,15,13,0,2
1993,"EMPORIA (CITY)",51595,13,10,0,0,3,1,1,0,0,0,12,9,0,3
1994,"EMPORIA (CITY)",51595,14,12,0,0,2,1,1,0,0,0,13,11,0,2
1995,"EMPORIA (CITY)",51595,32,28,1,0,3,1,0,1,0,0,31,28,0,3
1996,"EMPORIA (CITY)",51595,25,21,0,0,4,0,0,0,0,0,25,21,0,4
1997,"EMPORIA (CITY)",51595,19,13,0,0,6,0,0,0,0,0,19,13,0,6
1998,"EMPORIA (CITY)",51595,27,24,0,0,3,0,0,0,0,0,27,24,0,3
1999,"RAPPAHANNOCK",51595,0,0,0,0,0,0,0,0,0,0,0,0,0,0
2000,"EMPORIA (CITY)",51595,32,20,0,0,12,0,0,0,0,0,32,20,0,12
2001,"EMPORIA (CITY)",51595,36,25,0,0,11,0,0,0,0,0,36,25,0,11
2002,"EMPORIA (CITY)",51595,45,27,0,0,18,0,0,0,0,0,45,27,0,18
2003,"EMPORIA (CITY)",51595,36,19,5,0,12,6,1,5,0,0,30,18,0,12
1990,"RICHMOND CITY",51600,26,20,6,0,0,8,2,6,0,0,18,18,0,0
1991,"FAIRFAX (CITY)",51600,14,12,1,0,1,1,0,1,0,0,13,12,0,1
1992,"FAIRFAX (CITY)",51600,11,7,1,0,3,2,2,0,0,0,9,5,1,3
1993,"FAIRFAX (CITY)",51600,13,11,1,0,1,3,2,1,0,0,10,9,0,1
1994,"FAIRFAX (CITY)",51600,95,86,2,0,7,8,6,2,0,0,87,80,0,7
1995,"FAIRFAX (CITY)",51600,183,157,10,0,16,15,6,9,0,0,168,151,1,16
1996,"FAIRFAX (CITY)",51600,212,184,7,0,21,15,7,7,0,1,197,177,0,20
1997,"FAIRFAX (CITY)",51600,292,244,13,0,35,21,8,13,0,0,271,236,0,35
1998,"FAIRFAX (CITY)",51600,266,237,6,0,23,9,5,4,0,0,257,232,2,23
1999,"RICHMOND CITY",51600,184,163,6,0,15,8,5,3,0,0,176,158,3,15
2000,"FAIRFAX (CITY)",51600,197,142,40,0,15,41,3,38,0,0,156,139,2,15
2001,"FAIRFAX (CITY)",51600,186,165,3,0,18,6,5,1,0,0,180,160,2,18
2002,"FAIRFAX (CITY)",51600,84,68,3,0,13,4,1,3,0,0,80,67,0,13
2003,"FAIRFAX (CITY)",51600,57,50,1,0,6,1,0,1,0,0,56,50,0,6
1990,"RICHMOND",51610,18,17,1,0,0,1,0,1,0,0,17,17,0,0
1991,"FALLS CHURCH (",51610,22,18,2,0,2,2,1,1,0,0,20,17,1,2
1992,"FALLS CHURCH (",51610,8,4,3,0,1,3,1,2,0,0,5,3,1,1
1993,"FALLS CHURCH (",51610,7,6,0,0,1,3,3,0,0,0,4,3,0,1
1994,"FALLS CHURCH (",51610,43,38,2,0,3,4,2,2,0,0,39,36,0,3
1995,"FALLS CHURCH (",51610,6,5,0,0,1,0,0,0,0,0,6,5,0,1
1996,"FALLS CHURCH (",51610,5,4,0,0,1,0,0,0,0,0,5,4,0,1
1997,"FALLS CHURCH (",51610,8,7,1,0,0,1,0,1,0,0,7,7,0,0
1998,"FALLS CHURCH (",51610,13,12,0,0,1,0,0,0,0,0,13,12,0,1
1999,"RICHMOND",51610,8,7,0,0,1,0,0,0,0,0,8,7,0,1
2000,"FALLS CHURCH (",51610,3,2,1,0,0,1,0,1,0,0,2,2,0,0
2001,"FALLS CHURCH (",51610,6,5,1,0,0,1,0,1,0,0,5,5,0,0
2002,"FALLS CHURCH (",51610,22,16,3,0,3,3,0,3,0,0,19,16,0,3
2003,"FALLS CHURCH (",51610,27,24,2,0,1,2,0,2,0,0,25,24,0,1
1990,"ROANOKE CITY",51620,60,44,4,0,12,8,1,4,0,3,52,43,0,9
1991,"FRANKLIN (CITY",51620,67,49,2,0,16,9,4,2,0,3,58,45,0,13
1992,"FRANKLIN (CITY",51620,65,50,1,0,14,3,2,1,0,0,62,48,0,14
1993,"FRANKLIN (CITY",51620,45,35,0,0,10,2,1,0,0,1,43,34,0,9
1994,"FRANKLIN (CITY",51620,30,26,0,0,4,3,3,0,0,0,27,23,0,4
1995,"FRANKLIN (CITY",51620,42,27,1,0,14,2,0,1,0,1,40,27,0,13
1996,"FRANKLIN (CITY",51620,57,27,0,0,30,0,0,0,0,0,57,27,0,30
1997,"FRANKLIN (CITY",51620,75,40,1,0,34,2,0,1,0,1,73,40,0,33
1998,"FRANKLIN (CITY",51620,68,39,0,0,29,1,1,0,0,0,67,38,0,29
1999,"ROANOKE CITY",51620,56,38,0,0,18,0,0,0,0,0,56,38,0,18
2000,"FRANKLIN (CITY",51620,62,38,0,0,24,1,0,0,0,1,61,38,0,23
2001,"FRANKLIN (CITY",51620,70,48,0,0,22,0,0,0,0,0,70,48,0,22
2002,"FRANKLIN (CITY",51620,78,51,0,0,27,1,1,0,0,0,77,50,0,27
2003,"FRANKLIN (CITY",51620,73,45,0,0,28,2,0,0,0,2,71,45,0,26
1990,"ROANOKE",51630,60,54,0,0,6,5,5,0,0,0,55,49,0,6
1991,"FREDERICKSBURG",51630,74,72,1,0,1,9,8,1,0,0,65,64,0,1
1992,"FREDERICKSBURG",51630,72,68,1,0,3,5,4,1,0,0,67,64,0,3
1993,"FREDERICKSBURG",51630,117,106,1,0,10,7,5,1,0,1,110,101,0,9
1994,"FREDERICKSBURG",51630,93,84,3,1,5,5,1,3,1,0,88,83,0,5
1995,"FREDERICKSBURG",51630,35,28,1,1,5,2,0,1,1,0,33,28,0,5
1996,"FREDERICKSBURG",51630,65,63,1,0,1,4,3,1,0,0,61,60,0,1
1997,"FREDERICKSBURG",51630,108,100,0,0,8,3,3,0,0,0,105,97,0,8
1998,"FREDERICKSBURG",51630,94,85,1,0,8,2,1,1,0,0,92,84,0,8
1999,"ROANOKE",51630,106,90,1,0,15,4,2,1,0,1,102,88,0,14
2000,"FREDERICKSBURG",51630,66,55,0,0,11,1,1,0,0,0,65,54,0,11
2001,"FREDERICKSBURG",51630,77,66,0,0,11,2,2,0,0,0,75,64,0,11
2002,"FREDERICKSBURG",51630,111,97,0,0,14,2,2,0,0,0,109,95,0,14
2003,"FREDERICKSBURG",51630,139,116,3,0,20,3,0,3,0,0,136,116,0,20
1990,"ROCKBRIDGE",51640,9,8,0,0,1,4,4,0,0,0,5,4,0,1
1991,"GALAX (CITY)",51640,1,1,0,0,0,0,0,0,0,0,1,1,0,0
1992,"GALAX (CITY)",51640,1,1,0,0,0,0,0,0,0,0,1,1,0,0
1993,"GALAX (CITY)",51640,4,3,1,0,0,1,0,1,0,0,3,3,0,0
1996,"GALAX (CITY)",51640,6,5,0,0,1,0,0,0,0,0,6,5,0,1
1997,"GALAX (CITY)",51640,17,17,0,0,0,3,3,0,0,0,14,14,0,0
1998,"GALAX (CITY)",51640,5,5,0,0,0,1,1,0,0,0,4,4,0,0
1999,"ROCKBRIDGE",51640,2,2,0,0,0,0,0,0,0,0,2,2,0,0
2000,"GALAX (CITY)",51640,8,8,0,0,0,1,1,0,0,0,7,7,0,0
2001,"GALAX (CITY)",51640,9,7,0,0,2,0,0,0,0,0,9,7,0,2
2002,"GALAX (CITY)",51640,10,9,0,0,1,0,0,0,0,0,10,9,0,1
2003,"GALAX (CITY)",51640,8,7,0,0,1,0,0,0,0,0,8,7,0,1
1990,"ROCKINGHAM",51650,713,474,7,0,232,93,58,7,0,28,620,416,0,204
1991,"HAMPTON (CITY)",51650,924,638,16,0,270,108,65,15,0,28,816,573,1,242
1992,"HAMPTON (CITY)",51650,886,576,5,0,305,48,26,5,0,17,838,550,0,288
1993,"HAMPTON (CITY)",51650,902,612,9,0,281,32,22,7,0,3,870,590,2,278
1994,"HAMPTON (CITY)",51650,862,562,1,0,299,29,20,1,0,8,833,542,0,291
1995,"HAMPTON (CITY)",51650,922,532,3,0,387,24,10,3,0,11,898,522,0,376
1996,"HAMPTON (CITY)",51650,1018,576,8,0,434,15,3,7,0,5,1003,573,1,429
1997,"HAMPTON (CITY)",51650,1252,738,3,0,511,16,7,3,0,6,1236,731,0,505
1998,"HAMPTON (CITY)",51650,1111,701,3,0,407,24,10,3,0,11,1087,691,0,396
1999,"ROCKINGHAM",51650,1086,644,2,0,440,12,6,2,0,4,1074,638,0,436
2000,"HAMPTON (CITY)",51650,1100,672,2,0,426,6,4,2,0,0,1094,668,0,426
2001,"HAMPTON (CITY)",51650,1155,735,2,0,418,6,4,2,0,0,1149,731,0,418
2002,"HAMPTON (CITY)",51650,1308,865,2,0,441,7,4,2,0,1,1301,861,0,440
2003,"HAMPTON (CITY)",51650,1211,788,2,0,421,4,2,2,0,0,1207,786,0,421
1990,"RUSSELL",51660,37,35,0,0,2,7,7,0,0,0,30,28,0,2
1991,"HARRISONBURG (",51660,77,71,0,0,6,15,14,0,0,1,62,57,0,5
1992,"HARRISONBURG (",51660,89,87,0,0,2,10,10,0,0,0,79,77,0,2
1993,"HARRISONBURG (",51660,59,58,0,0,1,9,9,0,0,0,50,49,0,1
1994,"HARRISONBURG (",51660,33,31,0,0,2,3,3,0,0,0,30,28,0,2
1995,"HARRISONBURG (",51660,28,28,0,0,0,2,2,0,0,0,26,26,0,0
1996,"HARRISONBURG (",51660,37,33,0,0,4,7,6,0,0,1,30,27,0,3
1997,"HARRISONBURG (",51660,20,20,0,0,0,2,2,0,0,0,18,18,0,0
1998,"HARRISONBURG (",51660,17,17,0,0,0,0,0,0,0,0,17,17,0,0
1999,"RUSSELL",51660,22,22,0,0,0,0,0,0,0,0,22,22,0,0
2000,"HARRISONBURG (",51660,31,30,0,0,1,1,1,0,0,0,30,29,0,1
2001,"HARRISONBURG (",51660,69,67,0,0,2,5,4,0,0,1,64,63,0,1
2002,"HARRISONBURG (",51660,24,24,0,0,0,5,5,0,0,0,19,19,0,0
2003,"HARRISONBURG (",51660,15,15,0,0,0,0,0,0,0,0,15,15,0,0
1990,"SALEM CITY",51670,91,83,0,0,8,4,4,0,0,0,87,79,0,8
1991,"HOPEWELL (CITY",51670,117,103,0,0,14,4,3,0,0,1,113,100,0,13
1992,"HOPEWELL (CITY",51670,105,93,0,0,12,0,0,0,0,0,105,93,0,12
1993,"HOPEWELL (CITY",51670,92,77,0,0,15,0,0,0,0,0,92,77,0,15
1994,"HOPEWELL (CITY",51670,110,98,0,0,12,1,1,0,0,0,109,97,0,12
1995,"HOPEWELL (CITY",51670,135,114,0,0,21,1,1,0,0,0,134,113,0,21
1996,"HOPEWELL (CITY",51670,149,125,0,0,24,1,1,0,0,0,148,124,0,24
1997,"HOPEWELL (CITY",51670,207,174,0,0,33,2,1,0,0,1,205,173,0,32
1998,"HOPEWELL (CITY",51670,222,165,1,0,56,1,0,1,0,0,221,165,0,56
1999,"SALEM CITY",51670,223,168,0,0,55,0,0,0,0,0,223,168,0,55
2000,"HOPEWELL (CITY",51670,195,139,0,0,56,1,1,0,0,0,194,138,0,56
2001,"HOPEWELL (CITY",51670,219,169,0,0,50,0,0,0,0,0,219,169,0,50
2002,"HOPEWELL (CITY",51670,255,188,0,0,67,0,0,0,0,0,255,188,0,67
2003,"HOPEWELL (CITY",51670,254,168,2,0,84,2,0,2,0,0,252,168,0,84
1991,"LEXINGTON (CIT",51678,19,18,1,0,0,3,2,1,0,0,16,16,0,0
1992,"LEXINGTON (CIT",51678,21,19,0,0,2,3,3,0,0,0,18,16,0,2
1993,"LEXINGTON (CIT",51678,6,6,0,0,0,1,1,0,0,0,5,5,0,0
1994,"LEXINGTON (CIT",51678,13,13,0,0,0,1,1,0,0,0,12,12,0,0
1995,"LEXINGTON (CIT",51678,5,5,0,0,0,0,0,0,0,0,5,5,0,0
1996,"LEXINGTON (CIT",51678,6,5,0,0,1,1,1,0,0,0,5,4,0,1
1997,"LEXINGTON (CIT",51678,13,11,0,0,2,1,1,0,0,0,12,10,0,2
1998,"LEXINGTON (CIT",51678,11,9,0,0,2,1,0,0,0,1,10,9,0,1
1999,"SCOTT",51678,0,0,0,0,0,0,0,0,0,0,0,0,0,0
2000,"LEXINGTON (CIT",51678,12,12,0,0,0,1,1,0,0,0,11,11,0,0
2001,"LEXINGTON (CIT",51678,18,15,2,0,1,4,1,2,0,1,14,14,0,0
2002,"LEXINGTON (CIT",51678,15,14,0,0,1,3,3,0,0,0,12,11,0,1
2003,"LEXINGTON (CIT",51678,14,14,0,0,0,0,0,0,0,0,14,14,0,0
1990,"SHENANDOAH",51680,312,195,3,0,114,18,14,3,0,1,294,181,0,113
1991,"LYNCHBURG (CIT",51680,367,207,8,0,152,22,11,8,0,3,345,196,0,149
1992,"LYNCHBURG (CIT",51680,379,249,4,0,126,17,11,3,0,3,362,238,1,123
1993,"LYNCHBURG (CIT",51680,306,178,2,0,126,14,7,2,0,5,292,171,0,121
1994,"LYNCHBURG (CIT",51680,288,167,2,0,119,20,14,2,0,4,268,153,0,115
1995,"LYNCHBURG (CIT",51680,368,234,1,0,133,13,9,1,0,3,355,225,0,130
1996,"LYNCHBURG (CIT",51680,530,313,5,0,212,10,2,5,0,3,520,311,0,209
1997,"LYNCHBURG (CIT",51680,555,324,1,0,230,16,15,1,0,0,539,309,0,230
1998,"LYNCHBURG (CIT",51680,551,339,2,0,210,15,13,2,0,0,536,326,0,210
1999,"SHENANDOAH",51680,467,293,2,0,172,10,7,2,0,1,457,286,0,171
2000,"LYNCHBURG (CIT",51680,427,259,6,0,162,20,11,6,0,3,407,248,0,159
2001,"LYNCHBURG (CIT",51680,487,333,2,0,152,11,9,2,0,0,476,324,0,152
2002,"LYNCHBURG (CIT",51680,572,400,3,0,169,11,6,3,0,2,561,394,0,167
2003,"LYNCHBURG (CIT",51680,573,350,1,0,222,4,3,1,0,0,569,347,0,222
1990,"SMYTH",51683,14,14,0,0,0,1,1,0,0,0,13,13,0,0
1991,"MANASSAS (CITY",51683,8,7,1,0,0,2,1,1,0,0,6,6,0,0
1992,"MANASSAS (CITY",51683,3,3,0,0,0,0,0,0,0,0,3,3,0,0
1993,"MANASSAS (CITY",51683,3,2,0,0,1,0,0,0,0,0,3,2,0,1
1994,"MANASSAS (CITY",51683,212,186,4,0,22,9,5,4,0,0,203,181,0,22
1995,"MANASSAS (CITY",51683,396,341,6,0,49,14,10,4,0,0,382,331,2,49
1996,"MANASSAS (CITY",51683,347,306,8,1,32,14,6,7,1,0,333,300,1,32
1997,"MANASSAS (CITY",51683,73,59,0,0,14,1,1,0,0,0,72,58,0,14
1998,"MANASSAS (CITY",51683,35,29,2,0,4,3,1,2,0,0,32,28,0,4
1999,"SMYTH",51683,24,19,0,0,5,1,1,0,0,0,23,18,0,5
2000,"MANASSAS (CITY",51683,16,12,1,0,3,1,0,1,0,0,15,12,0,3
2001,"MANASSAS (CITY",51683,10,7,0,0,3,1,1,0,0,0,9,6,0,3
2002,"MANASSAS (CITY",51683,151,121,1,0,29,2,1,1,0,0,149,120,0,29
2003,"MANASSAS (CITY",51683,111,88,1,0,22,2,1,1,0,0,109,87,0,22
1990,"SOUTHAMPTON",51685,7,4,2,0,1,2,0,2,0,0,5,4,0,1
1991,"MANASSAS PARK",51685,6,6,0,0,0,0,0,0,0,0,6,6,0,0
1992,"MANASSAS PARK",51685,7,6,0,0,1,0,0,0,0,0,7,6,0,1
1993,"MANASSAS PARK",51685,7,5,0,0,2,1,1,0,0,0,6,4,0,2
1994,"MANASSAS PARK",51685,81,68,1,0,12,3,2,1,0,0,78,66,0,12
1995,"MANASSAS PARK",51685,158,130,6,0,22,10,4,6,0,0,148,126,0,22
1996,"MANASSAS PARK",51685,147,124,2,0,21,4,2,2,0,0,143,122,0,21
1997,"MANASSAS PARK",51685,48,35,1,0,12,4,3,1,0,0,44,32,0,12
1998,"MANASSAS PARK",51685,14,10,0,0,4,0,0,0,0,0,14,10,0,4
1999,"SOUTHAMPTON",51685,16,13,1,0,2,0,0,0,0,0,16,13,1,2
2000,"MANASSAS PARK",51685,8,8,0,0,0,0,0,0,0,0,8,8,0,0
2001,"MANASSAS PARK",51685,8,6,0,0,2,0,0,0,0,0,8,6,0,2
2002,"MANASSAS PARK",51685,67,47,0,0,20,1,1,0,0,0,66,46,0,20
2003,"MANASSAS PARK",51685,39,35,0,0,4,0,0,0,0,0,39,35,0,4
1990,"SPOTSYLVANIA",51690,44,39,0,0,5,3,3,0,0,0,41,36,0,5
1991,"MARTINSVILLE (",51690,72,66,1,0,5,1,0,1,0,0,71,66,0,5
1992,"MARTINSVILLE (",51690,108,98,1,0,9,3,2,1,0,0,105,96,0,9
1993,"MARTINSVILLE (",51690,82,75,0,0,7,4,3,0,0,1,78,72,0,6
1994,"MARTINSVILLE (",51690,98,83,0,0,15,3,2,0,0,1,95,81,0,14
1995,"MARTINSVILLE (",51690,94,77,0,0,17,2,2,0,0,0,92,75,0,17
1996,"MARTINSVILLE (",51690,122,106,1,0,15,2,1,1,0,0,120,105,0,15
1997,"MARTINSVILLE (",51690,142,119,1,0,22,6,5,0,0,1,136,114,1,21
1998,"MARTINSVILLE (",51690,134,118,0,0,16,1,1,0,0,0,133,117,0,16
1999,"SPOTSYLVANIA",51690,170,137,8,0,25,10,2,8,0,0,160,135,0,25
2000,"MARTINSVILLE (",51690,133,112,0,0,21,4,3,0,0,1,129,109,0,20
2001,"MARTINSVILLE (",51690,140,119,0,0,21,6,5,0,0,1,134,114,0,20
2002,"MARTINSVILLE (",51690,141,126,0,0,15,4,4,0,0,0,137,122,0,15
2003,"MARTINSVILLE (",51690,166,139,0,0,27,1,1,0,0,0,165,138,0,27
1990,"STAFFORD",51700,1032,798,16,0,218,128,89,14,0,25,904,709,2,193
1991,"NEWPORT NEWS (",51700,1113,903,11,0,199,131,96,10,0,25,982,807,1,174
1992,"NEWPORT NEWS (",51700,1162,901,16,0,245,62,36,14,0,12,1100,865,2,233
1993,"NEWPORT NEWS (",51700,1137,875,14,0,248,39,17,11,0,11,1098,858,3,237
1994,"NEWPORT NEWS (",51700,1042,782,10,0,250,31,18,9,0,4,1011,764,1,246
1995,"NEWPORT NEWS (",51700,1238,876,4,0,358,28,17,4,0,7,1210,859,0,351
1996,"NEWPORT NEWS (",51700,1508,1067,7,0,434,42,24,6,0,12,1466,1043,1,422
1997,"NEWPORT NEWS (",51700,1580,1128,3,0,449,25,12,3,0,10,1555,1116,0,439
1998,"NEWPORT NEWS (",51700,1589,1124,3,0,462,18,14,3,0,1,1571,1110,0,461
1999,"STAFFORD",51700,1405,948,5,0,452,14,6,5,0,3,1391,942,0,449
2000,"NEWPORT NEWS (",51700,1434,967,3,0,464,8,5,3,0,0,1426,962,0,464
2001,"NEWPORT NEWS (",51700,1645,1159,1,0,485,5,4,1,0,0,1640,1155,0,485
2002,"NEWPORT NEWS (",51700,1656,1169,4,0,483,10,3,4,0,3,1646,1166,0,480
2003,"NEWPORT NEWS (",51700,1595,1148,4,0,443,7,3,4,0,0,1588,1145,0,443
1990,"STAUNTON CITY",51710,1368,980,26,0,362,140,93,26,0,21,1228,887,0,341
1991,"NORFOLK (CITY)",51710,1469,1057,31,0,381,143,93,29,0,21,1326,964,2,360
1992,"NORFOLK (CITY)",51710,1560,1060,36,0,464,75,29,34,0,12,1485,1031,2,452
1993,"NORFOLK (CITY)",51710,1447,1005,29,0,413,62,25,23,0,14,1385,980,6,399
1994,"NORFOLK (CITY)",51710,1391,919,21,0,451,48,22,17,0,9,1343,897,4,442
1995,"NORFOLK (CITY)",51710,1528,955,18,0,555,48,22,17,0,9,1480,933,1,546
1996,"NORFOLK (CITY)",51710,1793,1056,12,0,725,43,23,10,0,10,1750,1033,2,715
1997,"NORFOLK (CITY)",51710,2030,1275,10,0,745,50,23,9,0,18,1980,1252,1,727
1998,"NORFOLK (CITY)",51710,1923,1215,15,0,693,33,15,14,0,4,1890,1200,1,689
1999,"STAUNTON CITY",51710,1798,1165,8,0,625,22,15,6,0,1,1776,1150,2,624
2000,"NORFOLK (CITY)",51710,1593,1039,6,0,548,15,8,5,0,2,1578,1031,1,546
2001,"NORFOLK (CITY)",51710,1723,1153,6,0,564,11,5,6,0,0,1712,1148,0,564
2002,"NORFOLK (CITY)",51710,1823,1218,11,0,594,20,10,9,0,1,1803,1208,2,593
2003,"NORFOLK (CITY)",51710,1888,1259,10,0,619,20,11,9,0,0,1868,1248,1,619
1991,"NORTON (CITY)",51720,2,2,0,0,0,1,1,0,0,0,1,1,0,0
1992,"NORTON (CITY)",51720,2,2,0,0,0,1,1,0,0,0,1,1,0,0
1995,"NORTON (CITY)",51720,1,1,0,0,0,1,1,0,0,0,0,0,0,0
1998,"NORTON (CITY)",51720,1,0,0,0,1,0,0,0,0,0,1,0,0,1
1999,"SUFFOLK CITY",51720,0,0,0,0,0,0,0,0,0,0,0,0,0,0
2001,"NORTON (CITY)",51720,9,7,0,0,2,0,0,0,0,0,9,7,0,2
2002,"NORTON (CITY)",51720,24,20,0,0,4,2,2,0,0,0,22,18,0,4
2003,"NORTON (CITY)",51720,26,23,1,0,2,2,1,1,0,0,24,22,0,2
1990,"SURRY",51730,162,133,1,0,28,13,12,1,0,0,149,121,0,28
1991,"PETERSBURG (CI",51730,198,143,2,0,53,9,6,2,0,1,189,137,0,52
1992,"PETERSBURG (CI",51730,220,163,0,0,57,6,6,0,0,0,214,157,0,57
1993,"PETERSBURG (CI",51730,168,114,1,0,53,5,2,1,0,2,163,112,0,51
1994,"PETERSBURG (CI",51730,202,138,0,0,64,5,2,0,0,3,197,136,0,61
1995,"PETERSBURG (CI",51730,262,201,0,0,61,1,0,0,0,1,261,201,0,60
1996,"PETERSBURG (CI",51730,360,249,0,0,111,3,2,0,0,1,357,247,0,110
1997,"PETERSBURG (CI",51730,371,266,2,0,103,11,9,2,0,0,360,257,0,103
1998,"PETERSBURG (CI",51730,407,273,3,0,131,3,0,3,0,0,404,273,0,131
1999,"SURRY",51730,357,220,2,0,135,4,2,2,0,0,353,218,0,135
2000,"PETERSBURG (CI",51730,340,226,1,0,113,3,1,1,0,1,337,225,0,112
2001,"PETERSBURG (CI",51730,401,265,2,0,134,4,2,2,0,0,397,263,0,134
2002,"PETERSBURG (CI",51730,432,294,1,0,137,1,0,1,0,0,431,294,0,137
2003,"PETERSBURG (CI",51730,466,298,0,0,168,1,1,0,0,0,465,297,0,168
1991,"POQUOSON (CITY",51735,2,2,0,0,0,0,0,0,0,0,2,2,0,0
1992,"POQUOSON (CITY",51735,8,7,0,0,1,0,0,0,0,0,8,7,0,1
1993,"POQUOSON (CITY",51735,4,4,0,0,0,0,0,0,0,0,4,4,0,0
1994,"POQUOSON (CITY",51735,31,23,2,0,6,2,0,1,0,1,29,23,1,5
1995,"POQUOSON (CITY",51735,34,26,1,0,7,2,0,1,0,1,32,26,0,6
1996,"POQUOSON (CITY",51735,38,31,0,0,7,3,2,0,0,1,35,29,0,6
1997,"POQUOSON (CITY",51735,35,24,0,0,11,1,1,0,0,0,34,23,0,11
1998,"POQUOSON (CITY",51735,44,33,0,0,11,1,1,0,0,0,43,32,0,11
1999,"SUSSEX",51735,0,0,0,0,0,0,0,0,0,0,0,0,0,0
2000,"POQUOSON (CITY",51735,44,38,0,0,6,1,1,0,0,0,43,37,0,6
2001,"POQUOSON (CITY",51735,44,35,0,0,9,0,0,0,0,0,44,35,0,9
2002,"POQUOSON (CITY",51735,35,24,0,0,11,0,0,0,0,0,35,24,0,11
2003,"POQUOSON (CITY",51735,37,31,0,0,6,0,0,0,0,0,37,31,0,6
1990,"TAZEWELL",51740,557,404,9,0,144,67,41,9,0,17,490,363,0,127
1991,"PORTSMOUTH (CI",51740,706,520,5,0,181,80,55,5,0,20,626,465,0,161
1992,"PORTSMOUTH (CI",51740,666,478,6,0,182,22,11,5,0,6,644,467,1,176
1993,"PORTSMOUTH (CI",51740,688,457,5,0,226,27,18,5,0,4,661,439,0,222
1994,"PORTSMOUTH (CI",51740,578,402,2,0,174,13,10,2,0,1,565,392,0,173
1995,"PORTSMOUTH (CI",51740,692,462,3,0,227,13,6,3,0,4,679,456,0,223
1996,"PORTSMOUTH (CI",51740,759,425,3,0,331,18,9,3,0,6,741,416,0,325
1997,"PORTSMOUTH (CI",51740,916,593,5,0,318,15,8,5,0,2,901,585,0,316
1998,"PORTSMOUTH (CI",51740,925,573,2,0,350,12,7,2,0,3,913,566,0,347
1999,"TAZEWELL",51740,888,565,1,0,322,5,4,1,0,0,883,561,0,322
2000,"PORTSMOUTH (CI",51740,780,478,0,0,302,3,3,0,0,0,777,475,0,302
2001,"PORTSMOUTH (CI",51740,905,539,4,0,362,6,2,4,0,0,899,537,0,362
2002,"PORTSMOUTH (CI",51740,934,603,1,0,330,3,2,0,0,1,931,601,1,329
2003,"PORTSMOUTH (CI",51740,939,594,2,0,343,4,2,2,0,0,935,592,0,343
1990,"VIRGINIA BEACH CITY",51750,33,29,2,0,2,5,3,2,0,0,28,26,0,2
1991,"RADFORD (CITY)",51750,59,56,1,0,2,11,9,1,0,1,48,47,0,1
1992,"RADFORD (CITY)",51750,44,43,0,0,1,5,5,0,0,0,39,38,0,1
1993,"RADFORD (CITY)",51750,30,30,0,0,0,1,1,0,0,0,29,29,0,0
1994,"RADFORD (CITY)",51750,47,42,0,0,5,5,5,0,0,0,42,37,0,5
1995,"RADFORD (CITY)",51750,55,54,0,0,1,4,4,0,0,0,51,50,0,1
1996,"RADFORD (CITY)",51750,80,73,1,0,6,4,3,1,0,0,76,70,0,6
1997,"RADFORD (CITY)",51750,90,82,0,0,8,10,8,0,0,2,80,74,0,6
1998,"RADFORD (CITY)",51750,80,73,0,0,7,3,2,0,0,1,77,71,0,6
1999,"VIRGINIA BEACH CITY",51750,65,59,0,0,6,1,0,0,0,1,64,59,0,5
2000,"RADFORD (CITY)",51750,77,73,0,0,4,5,5,0,0,0,72,68,0,4
2001,"RADFORD (CITY)",51750,79,72,1,0,6,3,2,1,0,0,76,70,0,6
2002,"RADFORD (CITY)",51750,75,68,0,0,7,4,3,0,0,1,71,65,0,6
2003,"RADFORD (CITY)",51750,61,57,1,0,3,6,5,1,0,0,55,52,0,3
1990,"WARREN",51760,890,636,18,0,236,92,60,18,0,14,798,576,0,222
1991,"RICHMOND (CITY",51760,1080,787,15,0,278,91,66,12,0,13,989,721,3,265
1992,"RICHMOND (CITY",51760,1230,830,10,0,390,51,27,10,0,14,1179,803,0,376
1993,"RICHMOND (CITY",51760,1048,666,8,0,374,31,21,8,0,2,1017,645,0,372
1994,"RICHMOND (CITY",51760,994,702,7,0,285,31,17,7,0,7,963,685,0,278
1995,"RICHMOND (CITY",51760,1107,784,5,0,318,23,13,5,0,5,1084,771,0,313
1996,"RICHMOND (CITY",51760,1344,895,8,0,441,18,7,6,0,5,1326,888,2,436
1997,"RICHMOND (CITY",51760,1693,1101,3,0,589,26,8,3,0,15,1667,1093,0,574
1998,"RICHMOND (CITY",51760,1839,1139,10,0,690,32,19,9,0,4,1807,1120,1,686
1999,"WARREN",51760,1722,1012,4,0,706,13,6,3,0,4,1709,1006,1,702
2000,"RICHMOND (CITY",51760,1635,925,129,0,581,134,5,129,0,0,1501,920,0,581
2001,"RICHMOND (CITY",51760,1805,1108,8,0,689,13,5,8,0,0,1792,1103,0,689
2002,"RICHMOND (CITY",51760,1934,1130,62,0,742,68,6,62,0,0,1866,1124,0,742
2003,"RICHMOND (CITY",51760,2038,1182,38,0,818,50,12,38,0,0,1988,1170,0,818
1990,"WASHINGTON",51770,522,439,8,0,75,57,35,8,0,14,465,404,0,61
1991,"ROANOKE (CITY)",51770,679,580,10,0,89,76,50,10,0,16,603,530,0,73
1992,"ROANOKE (CITY)",51770,644,543,7,0,94,50,35,7,0,8,594,508,0,86
1993,"ROANOKE (CITY)",51770,602,489,5,0,108,65,42,5,0,18,537,447,0,90
1994,"ROANOKE (CITY)",51770,666,538,11,0,117,57,32,11,0,14,609,506,0,103
1995,"ROANOKE (CITY)",51770,845,647,4,0,194,42,22,3,0,17,803,625,1,177
1996,"ROANOKE (CITY)",51770,917,725,8,0,184,42,26,8,0,8,875,699,0,176
1997,"ROANOKE (CITY)",51770,1039,809,11,0,219,49,25,11,0,13,990,784,0,206
1998,"ROANOKE (CITY)",51770,954,733,7,0,214,55,29,7,0,19,899,704,0,195
1999,"WASHINGTON",51770,910,711,0,0,199,33,21,0,0,12,877,690,0,187
2000,"ROANOKE (CITY)",51770,774,606,3,0,165,32,17,3,0,12,742,589,0,153
2001,"ROANOKE (CITY)",51770,958,793,3,0,162,46,37,3,0,6,912,756,0,156
2002,"ROANOKE (CITY)",51770,905,731,3,0,171,39,30,3,0,6,866,701,0,165
2003,"ROANOKE (CITY)",51770,1033,804,1,0,228,24,19,1,0,4,1009,785,0,224
1990,"WAYNESBORO CITY",51775,88,78,3,0,7,5,3,2,0,0,83,75,1,7
1991,"SALEM (CITY)",51775,127,108,1,0,18,17,13,1,0,3,110,95,0,15
1992,"SALEM (CITY)",51775,103,93,1,0,9,7,5,1,0,1,96,88,0,8
1993,"SALEM (CITY)",51775,108,92,1,0,15,16,12,1,0,3,92,80,0,12
1994,"SALEM (CITY)",51775,124,106,1,0,17,7,5,1,0,1,117,101,0,16
1995,"SALEM (CITY)",51775,195,167,1,0,27,5,3,1,0,1,190,164,0,26
1996,"SALEM (CITY)",51775,188,148,3,0,37,7,2,3,0,2,181,146,0,35
1997,"SALEM (CITY)",51775,194,169,0,0,25,10,7,0,0,3,184,162,0,22
1998,"SALEM (CITY)",51775,192,161,0,0,31,7,6,0,0,1,185,155,0,30
1999,"WAYNESBORO CITY",51775,150,131,2,0,17,10,8,2,0,0,140,123,0,17
2000,"SALEM (CITY)",51775,141,107,1,0,33,5,2,1,0,2,136,105,0,31
2001,"SALEM (CITY)",51775,152,129,1,0,22,13,9,1,0,3,139,120,0,19
2002,"SALEM (CITY)",51775,186,156,0,0,30,8,8,0,0,0,178,148,0,30
2003,"SALEM (CITY)",51775,196,159,0,0,37,8,7,0,0,1,188,152,0,36
1992,"SOUTH BOSTON (",51780,1,1,0,0,0,0,0,0,0,0,1,1,0,0
1994,"SOUTH BOSTON (",51780,3,2,0,0,1,0,0,0,0,0,3,2,0,1
1996,"SOUTH BOSTON (",51780,1,0,0,0,1,0,0,0,0,0,1,0,0,1
1998,"SOUTH BOSTON (",51780,1,0,0,0,1,0,0,0,0,0,1,0,0,1
2003,"SOUTH BOSTON (",51780,1,0,0,0,1,0,0,0,0,0,1,0,0,1
1990,"WESTMORELAND",51790,51,50,0,0,1,7,7,0,0,0,44,43,0,1
1991,"STAUNTON (CITY",51790,90,80,1,0,9,12,10,1,0,1,78,70,0,8
1992,"STAUNTON (CITY",51790,100,92,2,0,6,9,7,1,0,1,91,85,1,5
1993,"STAUNTON (CITY",51790,41,38,1,0,2,8,6,1,0,1,33,32,0,1
1994,"STAUNTON (CITY",51790,46,41,0,0,5,4,2,0,0,2,42,39,0,3
1995,"STAUNTON (CITY",51790,67,64,0,0,3,7,7,0,0,0,60,57,0,3
1996,"STAUNTON (CITY",51790,106,101,0,0,5,8,8,0,0,0,98,93,0,5
1997,"STAUNTON (CITY",51790,91,84,0,0,7,5,4,0,0,1,86,80,0,6
1998,"STAUNTON (CITY",51790,97,94,0,0,3,2,2,0,0,0,95,92,0,3
1999,"WESTMORELAND",51790,85,82,0,0,3,7,7,0,0,0,78,75,0,3
2000,"STAUNTON (CITY",51790,62,57,0,0,5,4,4,0,0,0,58,53,0,5
2001,"STAUNTON (CITY",51790,124,120,0,0,4,11,11,0,0,0,113,109,0,4
2002,"STAUNTON (CITY",51790,107,105,0,0,2,10,10,0,0,0,97,95,0,2
2003,"STAUNTON (CITY",51790,91,75,1,0,15,9,6,1,0,2,82,69,0,13
1990,"WILLIAMSBURG CITY",51800,236,158,3,0,75,33,21,3,0,9,203,137,0,66
1991,"SUFFOLK (CITY)",51800,292,206,8,0,78,43,25,8,0,10,249,181,0,68
1992,"SUFFOLK (CITY)",51800,326,231,5,0,90,14,8,3,0,3,312,223,2,87
1993,"SUFFOLK (CITY)",51800,309,201,10,0,98,19,7,9,0,3,290,194,1,95
1994,"SUFFOLK (CITY)",51800,304,187,3,3,111,11,2,2,3,4,293,185,1,107
1995,"SUFFOLK (CITY)",51800,381,237,3,0,141,11,5,3,0,3,370,232,0,138
1996,"SUFFOLK (CITY)",51800,439,242,4,2,191,15,8,3,2,2,424,234,1,189
1997,"SUFFOLK (CITY)",51800,518,315,2,1,200,5,2,0,1,2,513,313,2,198
1998,"SUFFOLK (CITY)",51800,558,364,3,1,190,11,6,3,1,1,547,358,0,189
1999,"WILLIAMSBURG CITY",51800,517,313,2,0,202,3,0,2,0,1,514,313,0,201
2000,"SUFFOLK (CITY)",51800,564,360,0,0,204,3,3,0,0,0,561,357,0,204
2001,"SUFFOLK (CITY)",51800,577,370,1,0,206,3,2,1,0,0,574,368,0,206
2002,"SUFFOLK (CITY)",51800,600,380,0,0,220,4,2,0,0,2,596,378,0,218
2003,"SUFFOLK (CITY)",51800,668,418,2,0,248,8,2,2,0,4,660,416,0,244
1990,"WINCHESTER CITY",51810,2891,2168,62,0,661,504,359,61,0,84,2387,1809,1,577
1991,"VIRGINIA BEACH",51810,3356,2541,77,0,738,513,357,74,0,82,2843,2184,3,656
1992,"VIRGINIA BEACH",51810,3297,2425,56,0,816,198,124,47,0,27,3099,2301,9,789
1993,"VIRGINIA BEACH",51810,2822,2041,68,0,713,161,86,53,0,22,2661,1955,15,691
1994,"VIRGINIA BEACH",51810,2617,1828,22,0,767,116,71,19,0,26,2501,1757,3,741
1995,"VIRGINIA BEACH",51810,2924,1899,40,1,984,134,73,33,1,27,2790,1826,7,957
1996,"VIRGINIA BEACH",51810,3595,2086,28,0,1481,139,83,25,0,31,3456,2003,3,1450
1997,"VIRGINIA BEACH",51810,4030,2534,23,0,1473,114,72,19,0,23,3916,2462,4,1450
1998,"VIRGINIA BEACH",51810,3933,2579,15,0,1339,64,39,14,0,11,3869,2540,1,1328
1999,"WINCHESTER CITY",51810,3353,2194,20,0,1139,42,20,18,0,4,3311,2174,2,1135
2000,"VIRGINIA BEACH",51810,3077,2042,20,0,1015,41,21,20,0,0,3036,2021,0,1015
2001,"VIRGINIA BEACH",51810,3421,2215,11,0,1195,26,19,6,0,1,3395,2196,5,1194
2002,"VIRGINIA BEACH",51810,3344,2265,12,0,1067,45,27,11,0,7,3299,2238,1,1060
2003,"VIRGINIA BEACH",51810,3294,2192,14,0,1088,34,21,9,0,4,3260,2171,5,1084
1990,"WISE",51820,58,56,1,0,1,11,10,1,0,0,47,46,0,1
1991,"WAYNESBORO (CI",51820,97,88,0,0,9,14,13,0,0,1,83,75,0,8
1992,"WAYNESBORO (CI",51820,77,71,0,0,6,8,7,0,0,1,69,64,0,5
1993,"WAYNESBORO (CI",51820,40,40,0,0,0,2,2,0,0,0,38,38,0,0
1994,"WAYNESBORO (CI",51820,60,57,0,0,3,8,8,0,0,0,52,49,0,3
1995,"WAYNESBORO (CI",51820,53,52,0,0,1,3,3,0,0,0,50,49,0,1
1996,"WAYNESBORO (CI",51820,82,78,0,0,4,6,6,0,0,0,76,72,0,4
1997,"WAYNESBORO (CI",51820,82,79,0,0,3,7,7,0,0,0,75,72,0,3
1998,"WAYNESBORO (CI",51820,92,86,0,0,6,7,6,0,0,1,85,80,0,5
1999,"WISE",51820,83,80,0,0,3,4,3,0,0,1,79,77,0,2
2000,"WAYNESBORO (CI",51820,77,76,0,0,1,6,6,0,0,0,71,70,0,1
2001,"WAYNESBORO (CI",51820,107,104,0,0,3,5,5,0,0,0,102,99,0,3
2002,"WAYNESBORO (CI",51820,108,103,0,0,5,3,3,0,0,0,105,100,0,5
2003,"WAYNESBORO (CI",51820,106,94,0,0,12,5,5,0,0,0,101,89,0,12
1990,"WYTHE",51830,71,53,2,0,16,16,12,1,0,3,55,41,1,13
1991,"WILLIAMSBURG (",51830,128,101,7,0,20,23,15,6,0,2,105,86,1,18
1992,"WILLIAMSBURG (",51830,110,79,4,0,27,8,2,4,0,2,102,77,0,25
1993,"WILLIAMSBURG (",51830,140,105,6,0,29,15,7,6,0,2,125,98,0,27
1994,"WILLIAMSBURG (",51830,80,58,1,0,21,2,1,1,0,0,78,57,0,21
1995,"WILLIAMSBURG (",51830,56,43,4,0,9,6,3,3,0,0,50,40,1,9
1996,"WILLIAMSBURG (",51830,73,61,0,0,12,3,3,0,0,0,70,58,0,12
1997,"WILLIAMSBURG (",51830,78,54,0,0,24,2,2,0,0,0,76,52,0,24
1998,"WILLIAMSBURG (",51830,76,57,1,0,18,2,1,1,0,0,74,56,0,18
1999,"WYTHE",51830,54,41,2,0,11,3,1,2,0,0,51,40,0,11
2000,"WILLIAMSBURG (",51830,49,38,1,0,10,2,1,1,0,0,47,37,0,10
2001,"WILLIAMSBURG (",51830,71,52,0,0,19,0,0,0,0,0,71,52,0,19
2002,"WILLIAMSBURG (",51830,80,55,0,0,25,1,1,0,0,0,79,54,0,25
2003,"WILLIAMSBURG (",51830,65,41,3,0,21,3,0,3,0,0,62,41,0,21
1990,"YORK",51840,63,54,7,0,2,17,10,7,0,0,46,44,0,2
1991,"WINCHESTER (CI",51840,8,8,0,0,0,4,4,0,0,0,4,4,0,0
1993,"WINCHESTER (CI",51840,98,93,1,0,4,15,12,1,0,2,83,81,0,2
1994,"WINCHESTER (CI",51840,91,87,2,0,2,15,13,2,0,0,76,74,0,2
1995,"WINCHESTER (CI",51840,74,72,1,0,1,9,8,1,0,0,65,64,0,1
1996,"WINCHESTER (CI",51840,104,98,5,0,1,14,9,5,0,0,90,89,0,1
1997,"WINCHESTER (CI",51840,125,119,1,0,5,16,14,1,0,1,109,105,0,4
1998,"WINCHESTER (CI",51840,117,113,1,0,3,10,9,1,0,0,107,104,0,3
1999,"YORK",51840,110,108,1,0,1,9,7,1,0,1,101,101,0,0
2000,"WINCHESTER (CI",51840,121,117,0,0,4,9,8,0,0,1,112,109,0,3
2001,"WINCHESTER (CI",51840,129,128,0,0,1,11,11,0,0,0,118,117,0,1
2002,"WINCHESTER (CI",51840,131,131,0,0,0,11,11,0,0,0,120,120,0,0
2003,"WINCHESTER (CI",51840,115,113,0,0,2,11,10,0,0,1,104,103,0,1
1990,"ADAMS",53001,39,31,4,1,3,7,2,4,1,0,32,29,0,3
1991,"ADAMS",53001,46,40,0,3,3,8,4,0,3,1,38,36,0,2
1992,"ADAMS",53001,34,24,0,4,6,6,2,0,4,0,28,22,0,6
1993,"ADAMS",53001,40,30,1,0,9,5,3,1,0,1,35,27,0,8
1994,"ADAMS",53001,45,34,2,1,8,8,2,2,1,3,37,32,0,5
1995,"ADAMS",53001,44,36,0,3,5,4,0,0,3,1,40,36,0,4
1996,"ADAMS",53001,71,57,1,2,11,13,7,1,2,3,58,50,0,8
1997,"ADAMS",53001,77,67,1,1,8,4,1,1,1,1,73,66,0,7
1998,"ADAMS",53001,71,67,0,0,4,4,4,0,0,0,67,63,0,4
1999,"ADAMS",53001,84,77,0,1,6,2,1,0,1,0,82,76,0,6
2000,"ADAMS",53001,81,67,0,1,13,7,5,0,1,1,74,62,0,12
2001,"ADAMS",53001,101,88,0,1,12,3,1,0,1,1,98,87,0,11
2002,"ADAMS",53001,118,95,1,1,21,6,3,1,1,1,112,92,0,20
2003,"ADAMS",53001,139,112,0,3,24,7,4,0,3,0,132,108,0,24
1990,"ASOTIN",53003,57,42,3,0,12,10,2,3,0,5,47,40,0,7
1991,"ASOTIN",53003,71,60,1,0,10,5,4,1,0,0,66,56,0,10
1992,"ASOTIN",53003,43,31,1,0,11,11,6,1,0,4,32,25,0,7
1993,"ASOTIN",53003,43,33,0,0,10,2,0,0,0,2,41,33,0,8
1994,"ASOTIN",53003,54,40,0,0,14,4,1,0,0,3,50,39,0,11
1995,"ASOTIN",53003,48,33,0,0,15,1,0,0,0,1,47,33,0,14
1996,"ASOTIN",53003,66,51,1,0,14,1,0,1,0,0,65,51,0,14
1997,"ASOTIN",53003,98,67,0,0,31,5,3,0,0,2,93,64,0,29
1998,"ASOTIN",53003,143,123,1,0,19,10,7,1,0,2,133,116,0,17
1999,"ASOTIN",53003,88,74,0,0,14,2,2,0,0,0,86,72,0,14
2000,"ASOTIN",53003,73,57,2,0,14,7,4,2,0,1,66,53,0,13
2001,"ASOTIN",53003,133,123,0,0,10,5,4,0,0,1,128,119,0,9
2002,"ASOTIN",53003,123,112,0,0,11,4,4,0,0,0,119,108,0,11
2003,"ASOTIN",53003,120,115,1,0,4,4,4,0,0,0,116,111,1,4
1990,"BENTON",53005,471,423,7,1,40,47,27,7,1,12,424,396,0,28
1991,"BENTON",53005,491,445,3,2,41,65,52,3,2,8,426,393,0,33
1992,"BENTON",53005,446,393,3,1,49,37,19,3,1,14,409,374,0,35
1993,"BENTON",53005,362,323,1,1,37,29,19,1,1,8,333,304,0,29
1994,"BENTON",53005,344,304,3,0,37,22,12,3,0,7,322,292,0,30
1995,"BENTON",53005,475,438,3,1,33,34,27,3,1,3,441,411,0,30
1996,"BENTON",53005,688,615,3,0,70,57,42,3,0,12,631,573,0,58
1997,"BENTON",53005,816,730,1,1,84,48,34,1,1,12,768,696,0,72
1998,"BENTON",53005,901,837,0,0,64,62,55,0,0,7,839,782,0,57
1999,"BENTON",53005,805,697,2,3,103,36,30,2,3,1,769,667,0,102
2000,"BENTON",53005,833,704,0,0,129,44,41,0,0,3,789,663,0,126
2001,"BENTON",53005,1114,956,0,0,158,29,25,0,0,4,1085,931,0,154
2002,"BENTON",53005,1022,860,2,0,159,19,14,2,0,2,1003,846,0,157
2003,"BENTON",53005,1081,917,1,0,163,19,17,0,0,2,1062,900,1,161
1990,"CHELAN",53007,143,132,5,2,4,17,10,5,2,0,126,122,0,4
1991,"CHELAN",53007,143,135,3,0,5,28,25,3,0,0,115,110,0,5
1992,"CHELAN",53007,130,119,2,0,9,10,7,2,0,1,120,112,0,8
1993,"CHELAN",53007,131,115,8,0,8,17,10,7,0,0,114,105,1,8
1994,"CHELAN",53007,164,156,1,3,4,17,11,1,3,2,147,145,0,2
1995,"CHELAN",53007,128,124,0,1,3,8,7,0,1,0,120,117,0,3
1996,"CHELAN",53007,219,208,4,0,7,22,15,4,0,3,197,193,0,4
1997,"CHELAN",53007,270,250,5,0,15,27,19,5,0,3,243,231,0,12
1998,"CHELAN",53007,276,256,7,0,13,24,15,7,0,2,252,241,0,11
1999,"CHELAN",53007,295,263,5,1,26,17,11,4,1,1,278,252,1,25
2000,"CHELAN",53007,327,300,2,0,25,17,14,2,0,1,310,286,0,24
2001,"CHELAN",53007,414,372,5,3,34,17,9,3,3,2,397,363,2,32
2002,"CHELAN",53007,471,418,3,1,49,9,5,2,1,1,462,413,1,48
2003,"CHELAN",53007,428,376,7,0,45,13,7,6,0,0,415,369,1,45
1990,"CLALLAM",53009,119,93,2,0,24,24,15,2,0,7,95,78,0,17
1991,"CLALLAM",53009,130,110,2,0,18,27,22,2,0,3,103,88,0,15
1992,"CLALLAM",53009,139,113,3,0,23,17,10,3,0,4,122,103,0,19
1993,"CLALLAM",53009,136,114,0,0,22,10,7,0,0,3,126,107,0,19
1994,"CLALLAM",53009,144,118,9,0,17,18,10,8,0,0,126,108,1,17
1995,"CLALLAM",53009,169,138,1,1,29,12,7,1,1,3,157,131,0,26
1996,"CLALLAM",53009,240,177,4,0,59,15,8,3,0,4,225,169,1,55
1997,"CLALLAM",53009,285,222,2,0,61,12,7,2,0,3,273,215,0,58
1998,"CLALLAM",53009,286,238,1,0,47,10,4,1,0,5,276,234,0,42
1999,"CLALLAM",53009,288,222,2,0,64,6,2,2,0,2,282,220,0,62
2000,"CLALLAM",53009,283,216,1,0,66,8,6,0,0,2,275,210,1,64
2001,"CLALLAM",53009,328,278,0,0,50,3,2,0,0,1,325,276,0,49
2002,"CLALLAM",53009,373,279,1,0,93,2,1,1,0,0,371,278,0,93
2003,"CLALLAM",53009,333,271,0,0,62,8,7,0,0,1,325,264,0,61
1990,"CLARK",53011,884,691,14,2,177,30,6,14,2,8,854,685,0,169
1991,"CLARK",53011,972,776,15,0,181,42,21,14,0,7,930,755,1,174
1992,"CLARK",53011,1129,964,8,0,157,37,23,8,0,6,1092,941,0,151
1993,"CLARK",53011,1001,777,11,0,213,42,20,11,0,11,959,757,0,202
1994,"CLARK",53011,1088,736,11,0,341,31,15,10,0,6,1057,721,1,335
1995,"CLARK",53011,1305,791,11,0,503,29,16,10,0,3,1276,775,1,500
1996,"CLARK",53011,1731,1226,9,0,496,18,9,8,0,1,1713,1217,1,495
1997,"CLARK",53011,2043,1590,10,0,443,37,25,9,0,3,2006,1565,1,440
1998,"CLARK",53011,2047,1621,9,0,417,22,10,9,0,3,2025,1611,0,414
1999,"CLARK",53011,2094,1693,8,0,393,17,10,7,0,0,2077,1683,1,393
2000,"CLARK",53011,2231,1804,52,0,375,62,10,50,0,2,2169,1794,2,373
2001,"CLARK",53011,2877,2430,3,0,444,17,15,2,0,0,2860,2415,1,444
2002,"CLARK",53011,2926,2402,7,0,517,21,14,5,0,2,2905,2388,2,515
2003,"CLARK",53011,2993,2482,2,0,509,28,24,2,0,2,2965,2458,0,507
1990,"COLUMBIA",53013,7,5,1,0,1,1,0,1,0,0,6,5,0,1
1991,"COLUMBIA",53013,8,6,0,0,2,1,0,0,0,1,7,6,0,1
1992,"COLUMBIA",53013,7,6,0,0,1,1,1,0,0,0,6,5,0,1
1993,"COLUMBIA",53013,11,11,0,0,0,2,2,0,0,0,9,9,0,0
1994,"COLUMBIA",53013,9,8,0,0,1,0,0,0,0,0,9,8,0,1
1995,"COLUMBIA",53013,17,17,0,0,0,1,1,0,0,0,16,16,0,0
1996,"COLUMBIA",53013,12,12,0,0,0,0,0,0,0,0,12,12,0,0
1997,"COLUMBIA",53013,19,19,0,0,0,3,3,0,0,0,16,16,0,0
1998,"COLUMBIA",53013,17,16,0,0,1,0,0,0,0,0,17,16,0,1
1999,"COLUMBIA",53013,14,14,0,0,0,0,0,0,0,0,14,14,0,0
2000,"COLUMBIA",53013,22,20,0,0,2,1,1,0,0,0,21,19,0,2
2001,"COLUMBIA",53013,16,16,0,0,0,0,0,0,0,0,16,16,0,0
2002,"COLUMBIA",53013,33,27,0,0,6,0,0,0,0,0,33,27,0,6
2003,"COLUMBIA",53013,29,26,0,0,3,1,1,0,0,0,28,25,0,3
1990,"COWLITZ",53015,356,226,9,0,121,4,0,4,0,0,352,226,5,121
1991,"COWLITZ",53015,323,195,0,0,128,6,5,0,0,1,317,190,0,127
1992,"COWLITZ",53015,307,212,1,0,94,5,3,1,0,1,302,209,0,93
1993,"COWLITZ",53015,293,222,2,0,69,14,8,1,0,5,279,214,1,64
1994,"COWLITZ",53015,267,193,0,0,74,4,4,0,0,0,263,189,0,74
1995,"COWLITZ",53015,357,235,2,0,120,8,5,1,0,2,349,230,1,118
1996,"COWLITZ",53015,470,329,2,0,139,8,3,2,0,3,462,326,0,136
1997,"COWLITZ",53015,549,432,4,0,113,9,5,4,0,0,540,427,0,113
1998,"COWLITZ",53015,613,495,7,0,111,13,5,6,0,2,600,490,1,109
1999,"COWLITZ",53015,587,487,3,0,97,4,1,3,0,0,583,486,0,97
2000,"COWLITZ",53015,556,466,3,0,87,4,1,3,0,0,552,465,0,87
2001,"COWLITZ",53015,662,595,3,0,64,3,2,1,0,0,659,593,2,64
2002,"COWLITZ",53015,772,676,1,0,95,4,3,1,0,0,768,673,0,95
2003,"COWLITZ",53015,818,700,3,0,115,8,4,3,0,1,810,696,0,114
1990,"DOUGLAS",53017,71,69,1,0,1,12,10,1,0,1,59,59,0,0
1991,"DOUGLAS",53017,76,67,2,1,6,16,13,1,1,1,60,54,1,5
1992,"DOUGLAS",53017,72,63,2,1,6,10,6,2,1,1,62,57,0,5
1993,"DOUGLAS",53017,77,70,1,0,6,6,3,1,0,2,71,67,0,4
1994,"DOUGLAS",53017,41,38,0,0,3,6,5,0,0,1,35,33,0,2
1995,"DOUGLAS",53017,66,60,1,1,4,8,5,1,1,1,58,55,0,3
1996,"DOUGLAS",53017,102,93,0,0,9,9,8,0,0,1,93,85,0,8
1997,"DOUGLAS",53017,140,130,4,0,6,14,9,4,0,1,126,121,0,5
1998,"DOUGLAS",53017,142,131,3,0,8,10,6,3,0,1,132,125,0,7
1999,"DOUGLAS",53017,149,145,0,0,4,3,3,0,0,0,146,142,0,4
2000,"DOUGLAS",53017,187,162,1,1,23,10,7,1,1,1,177,155,0,22
2001,"DOUGLAS",53017,245,219,2,1,23,4,1,1,1,1,241,218,1,22
2002,"DOUGLAS",53017,201,170,3,0,28,4,2,1,0,1,197,168,2,27
2003,"DOUGLAS",53017,235,213,0,0,22,3,3,0,0,0,232,210,0,22
1990,"FERRY",53019,7,6,1,0,0,1,0,1,0,0,6,6,0,0
1991,"FERRY",53019,9,7,0,0,2,0,0,0,0,0,9,7,0,2
1992,"FERRY",53019,10,8,0,0,2,1,1,0,0,0,9,7,0,2
1993,"FERRY",53019,8,8,0,0,0,0,0,0,0,0,8,8,0,0
1994,"FERRY",53019,4,4,0,0,0,1,1,0,0,0,3,3,0,0
1995,"FERRY",53019,9,7,1,0,1,2,1,1,0,0,7,6,0,1
1996,"FERRY",53019,17,15,0,0,2,3,2,0,0,1,14,13,0,1
1997,"FERRY",53019,23,20,0,1,2,2,1,0,1,0,21,19,0,2
1998,"FERRY",53019,26,22,0,1,3,1,0,0,1,0,25,22,0,3
1999,"FERRY",53019,25,23,0,0,2,1,1,0,0,0,24,22,0,2
2000,"FERRY",53019,21,18,0,0,3,3,3,0,0,0,18,15,0,3
2001,"FERRY",53019,26,22,1,0,3,5,4,1,0,0,21,18,0,3
2002,"FERRY",53019,34,31,1,0,2,3,3,0,0,0,31,28,1,2
2003,"FERRY",53019,22,20,0,0,2,1,0,0,0,1,21,20,0,1
1990,"FRANKLIN",53021,129,112,5,3,9,16,6,5,3,2,113,106,0,7
1991,"FRANKLIN",53021,148,134,2,3,9,17,10,2,3,2,131,124,0,7
1992,"FRANKLIN",53021,159,142,1,7,9,18,7,1,7,3,141,135,0,6
1993,"FRANKLIN",53021,122,108,4,1,9,12,5,4,1,2,110,103,0,7
1994,"FRANKLIN",53021,108,91,1,2,14,12,8,1,2,1,96,83,0,13
1995,"FRANKLIN",53021,133,121,0,1,11,14,9,0,1,4,119,112,0,7
1996,"FRANKLIN",53021,176,160,3,1,12,15,8,3,1,3,161,152,0,9
1997,"FRANKLIN",53021,240,215,0,0,25,7,7,0,0,0,233,208,0,25
1998,"FRANKLIN",53021,280,244,1,1,34,18,11,1,1,5,262,233,0,29
1999,"FRANKLIN",53021,275,234,3,3,35,12,6,3,3,0,263,228,0,35
2000,"FRANKLIN",53021,255,216,0,0,39,13,10,0,0,3,242,206,0,36
2001,"FRANKLIN",53021,349,287,1,1,60,9,5,1,1,2,340,282,0,58
2002,"FRANKLIN",53021,317,252,1,1,63,6,4,1,1,0,311,248,0,63
2003,"FRANKLIN",53021,339,269,3,0,67,6,3,3,0,0,333,266,0,67
1990,"GARFIELD",53023,3,2,0,0,1,1,1,0,0,0,2,1,0,1
1991,"GARFIELD",53023,4,0,0,2,2,2,0,0,2,0,2,0,0,2
1992,"GARFIELD",53023,2,2,0,0,0,0,0,0,0,0,2,2,0,0
1993,"GARFIELD",53023,4,2,0,1,1,1,0,0,1,0,3,2,0,1
1994,"GARFIELD",53023,4,4,0,0,0,0,0,0,0,0,4,4,0,0
1995,"GARFIELD",53023,2,2,0,0,0,0,0,0,0,0,2,2,0,0
1996,"GARFIELD",53023,9,5,0,0,4,1,1,0,0,0,8,4,0,4
1997,"GARFIELD",53023,9,8,1,0,0,3,2,1,0,0,6,6,0,0
1998,"GARFIELD",53023,7,5,0,0,2,0,0,0,0,0,7,5,0,2
1999,"GARFIELD",53023,7,6,0,0,1,0,0,0,0,0,7,6,0,1
2000,"GARFIELD",53023,8,6,0,0,2,1,1,0,0,0,7,5,0,2
2001,"GARFIELD",53023,9,7,0,0,2,1,0,0,0,1,8,7,0,1
2002,"GARFIELD",53023,6,6,0,0,0,0,0,0,0,0,6,6,0,0
2003,"GARFIELD",53023,10,10,0,0,0,0,0,0,0,0,10,10,0,0
1990,"GRANT",53025,167,136,2,8,21,32,17,2,8,5,135,119,0,16
1991,"GRANT",53025,230,186,6,2,36,32,15,6,2,9,198,171,0,27
1992,"GRANT",53025,209,164,6,7,32,30,11,6,7,6,179,153,0,26
1993,"GRANT",53025,181,142,9,3,27,25,7,8,3,7,156,135,1,20
1994,"GRANT",53025,172,136,5,0,31,20,11,5,0,4,152,125,0,27
1995,"GRANT",53025,212,171,7,3,31,23,7,7,3,6,189,164,0,25
1996,"GRANT",53025,308,266,2,2,38,25,16,1,2,6,283,250,1,32
1997,"GRANT",53025,347,315,3,1,28,29,22,3,1,3,318,293,0,25
1998,"GRANT",53025,390,340,1,0,49,19,13,1,0,5,371,327,0,44
1999,"GRANT",53025,446,391,4,0,51,24,19,4,0,1,422,372,0,50
2000,"GRANT",53025,493,436,6,1,50,32,24,5,1,2,461,412,1,48
2001,"GRANT",53025,578,509,6,0,63,23,17,4,0,2,555,492,2,61
2002,"GRANT",53025,585,491,3,2,89,19,8,3,2,6,566,483,0,83
2003,"GRANT",53025,687,595,7,2,83,14,6,5,2,1,673,589,2,82
1990,"GRAYS HARBOR",53027,249,222,4,0,23,7,4,3,0,0,242,218,1,23
1991,"GRAYS HARBOR",53027,291,241,4,0,46,6,2,4,0,0,285,239,0,46
1992,"GRAYS HARBOR",53027,247,214,1,0,32,3,2,1,0,0,244,212,0,32
1993,"GRAYS HARBOR",53027,202,155,6,0,41,12,3,6,0,3,190,152,0,38
1994,"GRAYS HARBOR",53027,222,167,2,0,53,5,3,2,0,0,217,164,0,53
1995,"GRAYS HARBOR",53027,206,166,1,0,39,3,2,1,0,0,203,164,0,39
1996,"GRAYS HARBOR",53027,319,265,6,0,48,10,3,6,0,1,309,262,0,47
1997,"GRAYS HARBOR",53027,405,344,2,0,59,3,2,1,0,0,402,342,1,59
1998,"GRAYS HARBOR",53027,397,346,6,0,45,9,3,5,0,1,388,343,1,44
1999,"GRAYS HARBOR",53027,376,324,0,0,52,3,2,0,0,1,373,322,0,51
2000,"GRAYS HARBOR",53027,424,367,1,2,54,8,3,1,2,2,416,364,0,52
2001,"GRAYS HARBOR",53027,536,484,1,0,51,2,1,1,0,0,534,483,0,51
2002,"GRAYS HARBOR",53027,541,480,0,0,61,4,3,0,0,1,537,477,0,60
2003,"GRAYS HARBOR",53027,540,488,0,0,52,6,6,0,0,0,534,482,0,52
1990,"ISLAND",53029,152,140,0,0,12,17,16,0,0,1,135,124,0,11
1991,"ISLAND",53029,141,116,3,1,21,27,16,3,1,7,114,100,0,14
1992,"ISLAND",53029,130,110,4,0,16,16,11,4,0,1,114,99,0,15
1993,"ISLAND",53029,147,124,0,0,23,12,9,0,0,3,135,115,0,20
1994,"ISLAND",53029,190,170,3,0,17,10,7,2,0,1,180,163,1,16
1995,"ISLAND",53029,207,179,3,0,25,11,6,3,0,2,196,173,0,23
1996,"ISLAND",53029,239,219,0,0,20,11,11,0,0,0,228,208,0,20
1997,"ISLAND",53029,295,262,2,1,30,22,13,2,1,6,273,249,0,24
1998,"ISLAND",53029,322,283,2,0,37,6,5,1,0,0,316,278,1,37
1999,"ISLAND",53029,240,222,0,0,18,1,1,0,0,0,239,221,0,18
2000,"ISLAND",53029,228,208,0,0,20,1,1,0,0,0,227,207,0,20
2001,"ISLAND",53029,168,146,1,0,21,1,0,1,0,0,167,146,0,21
2002,"ISLAND",53029,262,228,1,0,33,1,0,1,0,0,261,228,0,33
2003,"ISLAND",53029,290,248,0,0,42,3,1,0,0,2,287,247,0,40
1990,"JEFFERSON",53031,42,30,0,0,12,7,5,0,0,2,35,25,0,10
1991,"JEFFERSON",53031,47,33,3,0,11,17,11,3,0,3,30,22,0,8
1992,"JEFFERSON",53031,51,39,1,0,11,12,6,1,0,5,39,33,0,6
1993,"JEFFERSON",53031,36,29,2,0,5,3,1,2,0,0,33,28,0,5
1994,"JEFFERSON",53031,43,37,0,0,6,2,2,0,0,0,41,35,0,6
1995,"JEFFERSON",53031,59,52,0,0,7,4,3,0,0,1,55,49,0,6
1996,"JEFFERSON",53031,86,71,0,0,15,6,2,0,0,4,80,69,0,11
1997,"JEFFERSON",53031,99,82,0,0,17,5,2,0,0,3,94,80,0,14
1998,"JEFFERSON",53031,98,87,1,0,10,8,7,1,0,0,90,80,0,10
1999,"JEFFERSON",53031,101,83,1,0,17,4,3,1,0,0,97,80,0,17
2000,"JEFFERSON",53031,85,70,1,0,14,3,1,1,0,1,82,69,0,13
2001,"JEFFERSON",53031,96,82,1,0,13,3,2,1,0,0,93,80,0,13
2002,"JEFFERSON",53031,104,98,1,0,5,4,2,1,0,1,100,96,0,4
2003,"JEFFERSON",53031,122,109,0,0,13,5,3,0,0,2,117,106,0,11
1990,"KING",53033,4382,3208,135,0,1039,758,513,132,0,113,3624,2695,3,926
1991,"KING",53033,5129,3773,209,0,1147,857,539,204,0,114,4272,3234,5,1033
1992,"KING",53033,5739,4051,161,2,1525,574,314,157,2,101,5165,3737,4,1424
1993,"KING",53033,5414,3888,159,0,1367,536,302,142,0,92,4878,3586,17,1275
1994,"KING",53033,5313,3905,146,1,1261,384,199,131,1,53,4929,3706,15,1208
1995,"KING",53033,5884,4469,121,0,1294,437,258,110,0,69,5447,4211,11,1225
1996,"KING",53033,7820,6024,166,0,1630,432,217,152,0,63,7388,5807,14,1567
1997,"KING",53033,8770,6854,120,1,1795,390,215,109,1,65,8380,6639,11,1730
1998,"KING",53033,7969,6481,76,0,1412,215,125,61,0,29,7754,6356,15,1383
1999,"KING",53033,7034,5416,77,0,1541,154,72,72,0,10,6880,5344,5,1531
2000,"KING",53033,6382,4796,76,0,1510,141,60,72,0,9,6241,4736,4,1501
2001,"KING",53033,7425,5916,85,0,1424,159,75,76,0,8,7266,5841,9,1416
2002,"KING",53033,8255,6606,110,0,1539,241,136,89,0,16,8014,6470,21,1523
2003,"KING",53033,8830,7034,91,0,1705,217,122,69,0,26,8613,6912,22,1679
1990,"KITSAP",53035,687,488,7,0,192,97,68,6,0,23,590,420,1,169
1991,"KITSAP",53035,649,480,5,0,164,90,71,5,0,14,559,409,0,150
1992,"KITSAP",53035,608,469,5,0,134,45,23,5,0,17,563,446,0,117
1993,"KITSAP",53035,547,428,11,0,108,55,33,11,0,11,492,395,0,97
1994,"KITSAP",53035,637,511,6,0,120,39,28,4,0,7,598,483,2,113
1995,"KITSAP",53035,840,698,10,0,132,49,34,9,0,6,791,664,1,126
1996,"KITSAP",53035,1173,955,10,0,208,57,36,10,0,11,1116,919,0,197
1997,"KITSAP",53035,1318,1116,4,0,198,55,39,2,0,14,1263,1077,2,184
1998,"KITSAP",53035,1346,1160,17,0,169,52,28,16,0,8,1294,1132,1,161
1999,"KITSAP",53035,1157,970,4,0,183,14,10,4,0,0,1143,960,0,183
2000,"KITSAP",53035,1023,831,3,0,189,10,6,3,0,1,1013,825,0,188
2001,"KITSAP",53035,1125,977,3,0,145,11,7,2,0,2,1114,970,1,143
2002,"KITSAP",53035,1201,978,1,0,222,19,18,0,0,1,1182,960,1,221
2003,"KITSAP",53035,1167,974,4,0,189,23,13,4,0,6,1144,961,0,183
1990,"KITTITAS",53037,44,40,1,0,3,5,3,1,0,1,39,37,0,2
1991,"KITTITAS",53037,74,65,3,1,5,16,10,3,1,2,58,55,0,3
1992,"KITTITAS",53037,62,52,0,1,9,15,10,0,1,4,47,42,0,5
1993,"KITTITAS",53037,53,46,2,0,5,11,7,2,0,2,42,39,0,3
1994,"KITTITAS",53037,69,65,0,0,4,12,10,0,0,2,57,55,0,2
1995,"KITTITAS",53037,88,74,1,1,12,12,6,1,1,4,76,68,0,8
1996,"KITTITAS",53037,113,97,1,1,14,14,8,1,1,4,99,89,0,10
1997,"KITTITAS",53037,119,97,1,2,19,10,5,1,2,2,109,92,0,17
1998,"KITTITAS",53037,133,113,2,0,18,11,5,2,0,4,122,108,0,14
1999,"KITTITAS",53037,114,91,0,0,23,5,4,0,0,1,109,87,0,22
2000,"KITTITAS",53037,147,115,0,0,32,4,4,0,0,0,143,111,0,32
2001,"KITTITAS",53037,138,96,0,0,42,6,2,0,0,4,132,94,0,38
2002,"KITTITAS",53037,167,133,1,0,33,9,4,1,0,4,158,129,0,29
2003,"KITTITAS",53037,197,147,5,1,44,12,6,4,1,1,185,141,1,43
1990,"KLICKITAT",53039,45,40,0,1,4,6,4,0,1,1,39,36,0,3
1991,"KLICKITAT",53039,41,29,0,2,10,8,2,0,2,4,33,27,0,6
1992,"KLICKITAT",53039,36,30,0,0,6,3,3,0,0,0,33,27,0,6
1993,"KLICKITAT",53039,40,31,1,2,6,4,1,0,2,1,36,30,1,5
1994,"KLICKITAT",53039,24,20,0,0,4,3,1,0,0,2,21,19,0,2
1995,"KLICKITAT",53039,33,28,1,2,2,4,0,1,2,1,29,28,0,1
1996,"KLICKITAT",53039,42,35,0,0,7,1,1,0,0,0,41,34,0,7
1997,"KLICKITAT",53039,57,53,0,0,4,5,4,0,0,1,52,49,0,3
1998,"KLICKITAT",53039,49,44,0,0,5,8,7,0,0,1,41,37,0,4
1999,"KLICKITAT",53039,69,60,1,0,8,5,4,1,0,0,64,56,0,8
2000,"KLICKITAT",53039,80,69,0,0,11,5,5,0,0,0,75,64,0,11
2001,"KLICKITAT",53039,115,94,1,0,20,5,5,0,0,0,110,89,1,20
2002,"KLICKITAT",53039,124,99,1,0,24,4,1,1,0,2,120,98,0,22
2003,"KLICKITAT",53039,120,95,2,1,22,5,2,1,1,1,115,93,1,21
1990,"LEWIS",53041,138,115,0,0,23,1,1,0,0,0,137,114,0,23
1991,"LEWIS",53041,199,167,2,0,30,3,2,1,0,0,196,165,1,30
1992,"LEWIS",53041,205,165,2,0,38,6,4,2,0,0,199,161,0,38
1993,"LEWIS",53041,167,137,2,0,28,9,5,1,0,3,158,132,1,25
1994,"LEWIS",53041,165,144,6,0,15,7,3,4,0,0,158,141,2,15
1995,"LEWIS",53041,220,190,2,0,28,7,5,2,0,0,213,185,0,28
1996,"LEWIS",53041,304,269,2,0,33,4,3,1,0,0,300,266,1,33
1997,"LEWIS",53041,396,341,3,0,52,8,4,3,0,1,388,337,0,51
1998,"LEWIS",53041,461,385,2,0,74,7,4,2,0,1,454,381,0,73
1999,"LEWIS",53041,520,396,6,0,118,11,2,6,0,3,509,394,0,115
2000,"LEWIS",53041,488,358,5,0,125,9,3,5,0,1,479,355,0,124
2001,"LEWIS",53041,721,573,2,0,146,5,2,2,0,1,716,571,0,145
2002,"LEWIS",53041,652,524,4,0,124,5,1,3,0,1,647,523,1,123
2003,"LEWIS",53041,609,480,3,0,126,5,2,3,0,0,604,478,0,126
1990,"LINCOLN",53043,18,14,0,1,3,2,1,0,1,0,16,13,0,3
1991,"LINCOLN",53043,26,20,0,0,6,2,1,0,0,1,24,19,0,5
1992,"LINCOLN",53043,31,22,1,0,8,3,2,0,0,1,28,20,1,7
1993,"LINCOLN",53043,13,7,0,0,6,2,0,0,0,2,11,7,0,4
1994,"LINCOLN",53043,22,18,0,0,4,4,2,0,0,2,18,16,0,2
1995,"LINCOLN",53043,22,14,1,0,7,4,3,0,0,1,18,11,1,6
1996,"LINCOLN",53043,28,22,0,1,5,2,1,0,1,0,26,21,0,5
1997,"LINCOLN",53043,46,34,2,0,10,6,2,2,0,2,40,32,0,8
1998,"LINCOLN",53043,45,37,1,0,7,2,1,1,0,0,43,36,0,7
1999,"LINCOLN",53043,47,41,0,1,5,3,2,0,1,0,44,39,0,5
2000,"LINCOLN",53043,45,31,1,1,12,3,2,0,1,0,42,29,1,12
2001,"LINCOLN",53043,57,41,0,0,16,2,2,0,0,0,55,39,0,16
2002,"LINCOLN",53043,61,49,0,0,12,0,0,0,0,0,61,49,0,12
2003,"LINCOLN",53043,76,55,1,0,20,1,0,1,0,0,75,55,0,20
1990,"MASON",53045,103,86,1,0,16,19,17,1,0,1,84,69,0,15
1991,"MASON",53045,110,90,0,0,20,6,4,0,0,2,104,86,0,18
1992,"MASON",53045,117,99,3,0,15,7,4,3,0,0,110,95,0,15
1993,"MASON",53045,118,102,0,0,16,6,4,0,0,2,112,98,0,14
1994,"MASON",53045,139,130,1,0,8,3,2,1,0,0,136,128,0,8
1995,"MASON",53045,167,154,2,0,11,2,2,0,0,0,165,152,2,11
1996,"MASON",53045,260,230,0,0,30,3,3,0,0,0,257,227,0,30
1997,"MASON",53045,298,264,2,1,31,10,7,2,1,0,288,257,0,31
1998,"MASON",53045,310,270,0,0,40,2,0,0,0,2,308,270,0,38
1999,"MASON",53045,305,260,0,0,45,0,0,0,0,0,305,260,0,45
2000,"MASON",53045,325,256,3,0,66,3,0,3,0,0,322,256,0,66
2001,"MASON",53045,377,326,1,0,50,6,4,1,0,1,371,322,0,49
2002,"MASON",53045,390,316,2,0,72,3,0,2,0,1,387,316,0,71
2003,"MASON",53045,412,348,0,0,64,5,5,0,0,0,407,343,0,64
1990,"OKANOGAN",53047,55,46,3,0,6,11,5,3,0,3,44,41,0,3
1991,"OKANOGAN",53047,62,51,2,2,7,13,6,2,2,3,49,45,0,4
1992,"OKANOGAN",53047,65,55,3,3,4,11,4,3,3,1,54,51,0,3
1993,"OKANOGAN",53047,50,47,0,1,2,3,1,0,1,1,47,46,0,1
1994,"OKANOGAN",53047,51,43,3,0,5,12,6,3,0,3,39,37,0,2
1995,"OKANOGAN",53047,58,49,2,1,6,11,6,2,1,2,47,43,0,4
1996,"OKANOGAN",53047,80,76,3,1,0,6,2,3,1,0,74,74,0,0
1997,"OKANOGAN",53047,116,109,3,0,4,10,6,3,0,1,106,103,0,3
1998,"OKANOGAN",53047,122,112,2,0,8,8,6,2,0,0,114,106,0,8
1999,"OKANOGAN",53047,143,136,1,2,4,8,5,1,2,0,135,131,0,4
2000,"OKANOGAN",53047,156,144,0,3,9,14,10,0,3,1,142,134,0,8
2001,"OKANOGAN",53047,175,148,4,7,16,16,7,2,7,0,159,141,2,16
2002,"OKANOGAN",53047,159,134,4,2,19,10,3,4,2,1,149,131,0,18
2003,"OKANOGAN",53047,163,144,1,6,12,9,2,1,6,0,154,142,0,12
1990,"PACIFIC",53049,48,42,2,0,4,2,0,2,0,0,46,42,0,4
1991,"PACIFIC",53049,47,36,0,0,11,0,0,0,0,0,47,36,0,11
1992,"PACIFIC",53049,44,33,0,0,11,4,3,0,0,1,40,30,0,10
1993,"PACIFIC",53049,36,31,0,0,5,1,1,0,0,0,35,30,0,5
1994,"PACIFIC",53049,43,35,2,0,6,3,1,2,0,0,40,34,0,6
1995,"PACIFIC",53049,41,36,1,0,4,3,0,1,0,2,38,36,0,2
1996,"PACIFIC",53049,67,57,1,0,9,1,0,1,0,0,66,57,0,9
1997,"PACIFIC",53049,81,53,0,0,28,1,0,0,0,1,80,53,0,27
1998,"PACIFIC",53049,97,83,0,0,14,1,1,0,0,0,96,82,0,14
1999,"PACIFIC",53049,86,72,2,0,12,3,1,2,0,0,83,71,0,12
2000,"PACIFIC",53049,80,70,0,0,10,0,0,0,0,0,80,70,0,10
2001,"PACIFIC",53049,91,75,1,1,14,3,2,0,1,0,88,73,1,14
2002,"PACIFIC",53049,109,90,1,1,17,3,1,1,1,0,106,89,0,17
2003,"PACIFIC",53049,115,99,2,0,14,4,0,2,0,2,111,99,0,12
1990,"PEND OREILLE",53051,28,17,2,1,8,8,3,2,1,2,20,14,0,6
1991,"PEND OREILLE",53051,24,19,0,0,5,7,3,0,0,4,17,16,0,1
1992,"PEND OREILLE",53051,29,17,0,2,10,10,3,0,2,5,19,14,0,5
1993,"PEND OREILLE",53051,25,18,0,0,7,2,1,0,0,1,23,17,0,6
1994,"PEND OREILLE",53051,24,19,2,0,3,4,2,2,0,0,20,17,0,3
1995,"PEND OREILLE",53051,34,29,0,0,5,5,3,0,0,2,29,26,0,3
1996,"PEND OREILLE",53051,42,32,1,0,9,5,1,1,0,3,37,31,0,6
1997,"PEND OREILLE",53051,47,43,0,0,4,1,1,0,0,0,46,42,0,4
1998,"PEND OREILLE",53051,52,40,1,0,11,5,3,0,0,2,47,37,1,9
1999,"PEND OREILLE",53051,62,54,0,0,8,5,3,0,0,2,57,51,0,6
2000,"PEND OREILLE",53051,46,37,0,0,9,4,3,0,0,1,42,34,0,8
2001,"PEND OREILLE",53051,69,50,1,0,18,2,1,0,0,1,67,49,1,17
2002,"PEND OREILLE",53051,87,69,0,0,18,0,0,0,0,0,87,69,0,18
2003,"PEND OREILLE",53051,78,68,0,0,10,0,0,0,0,0,78,68,0,10
1990,"PIERCE",53053,2338,1806,35,1,496,55,25,27,1,2,2283,1781,8,494
1991,"PIERCE",53053,2640,2072,30,0,538,66,34,26,0,6,2574,2038,4,532
1992,"PIERCE",53053,2768,2102,36,0,630,81,41,36,0,4,2687,2061,0,626
1993,"PIERCE",53053,2408,1854,39,0,515,120,67,34,0,19,2288,1787,5,496
1994,"PIERCE",53053,2450,1884,37,0,529,63,32,26,0,5,2387,1852,11,524
1995,"PIERCE",53053,3087,2450,31,0,606,69,37,27,0,5,3018,2413,4,601
1996,"PIERCE",53053,4197,3343,40,0,814,82,38,36,0,8,4115,3305,4,806
1997,"PIERCE",53053,4893,3842,37,0,1014,78,39,31,0,8,4815,3803,6,1006
1998,"PIERCE",53053,5073,4095,25,0,953,56,27,22,0,7,5017,4068,3,946
1999,"PIERCE",53053,4797,3735,23,0,1039,32,12,19,0,1,4765,3723,4,1038
2000,"PIERCE",53053,4871,3711,23,0,1137,46,20,19,0,7,4825,3691,4,1130
2001,"PIERCE",53053,5663,4478,37,0,1148,49,17,27,0,5,5614,4461,10,1143
2002,"PIERCE",53053,5958,4752,22,0,1184,35,17,16,0,2,5923,4735,6,1182
2003,"PIERCE",53053,6023,4848,16,0,1159,50,32,14,0,4,5973,4816,2,1155
1990,"SAN JUAN",53055,9,5,1,0,3,7,5,1,0,1,2,0,0,2
1991,"SAN JUAN",53055,14,12,1,0,1,2,1,1,0,0,12,11,0,1
1992,"SAN JUAN",53055,14,13,0,0,1,2,1,0,0,1,12,12,0,0
1993,"SAN JUAN",53055,11,7,2,0,2,3,1,1,0,1,8,6,1,1
1994,"SAN JUAN",53055,16,10,4,0,2,4,1,3,0,0,12,9,1,2
1995,"SAN JUAN",53055,25,21,1,0,3,6,4,1,0,1,19,17,0,2
1996,"SAN JUAN",53055,29,26,0,0,3,4,3,0,0,1,25,23,0,2
1997,"SAN JUAN",53055,42,37,0,0,5,3,3,0,0,0,39,34,0,5
1998,"SAN JUAN",53055,46,42,1,0,3,2,1,1,0,0,44,41,0,3
1999,"SAN JUAN",53055,36,33,0,0,3,0,0,0,0,0,36,33,0,3
2000,"SAN JUAN",53055,22,21,0,0,1,1,1,0,0,0,21,20,0,1
2001,"SAN JUAN",53055,31,26,0,0,5,0,0,0,0,0,31,26,0,5
2002,"SAN JUAN",53055,27,26,0,0,1,1,1,0,0,0,26,25,0,1
2003,"SAN JUAN",53055,25,23,0,0,2,1,1,0,0,0,24,22,0,2
1990,"SKAGIT",53057,196,176,3,0,17,44,37,3,0,4,152,139,0,13
1991,"SKAGIT",53057,282,234,7,2,39,66,51,6,2,7,216,183,1,32
1992,"SKAGIT",53057,275,229,3,2,41,34,22,3,2,7,241,207,0,34
1993,"SKAGIT",53057,290,260,5,0,25,32,25,4,0,3,258,235,1,22
1994,"SKAGIT",53057,286,258,1,0,27,18,10,1,0,7,268,248,0,20
1995,"SKAGIT",53057,340,302,3,0,35,29,20,3,0,6,311,282,0,29
1996,"SKAGIT",53057,528,465,10,0,53,32,19,8,0,5,496,446,2,48
1997,"SKAGIT",53057,636,549,5,1,81,33,19,3,1,10,603,530,2,71
1998,"SKAGIT",53057,663,585,1,3,74,20,13,1,3,3,643,572,0,71
1999,"SKAGIT",53057,617,546,1,0,70,4,3,1,0,0,613,543,0,70
2000,"SKAGIT",53057,568,523,3,0,42,9,5,3,0,1,559,518,0,41
2001,"SKAGIT",53057,566,511,2,0,53,7,5,2,0,0,559,506,0,53
2002,"SKAGIT",53057,552,475,3,0,74,8,5,3,0,0,544,470,0,74
2003,"SKAGIT",53057,559,476,6,0,77,12,6,5,0,1,547,470,1,76
1990,"SKAMANIA",53059,13,10,0,0,3,1,1,0,0,0,12,9,0,3
1991,"SKAMANIA",53059,18,14,0,0,3,1,0,0,0,0,17,14,0,3
1992,"SKAMANIA",53059,18,14,0,0,4,0,0,0,0,0,18,14,0,4
1993,"SKAMANIA",53059,10,9,0,0,1,0,0,0,0,0,10,9,0,1
1994,"SKAMANIA",53059,8,7,0,0,1,0,0,0,0,0,8,7,0,1
1995,"SKAMANIA",53059,20,12,0,0,8,0,0,0,0,0,20,12,0,8
1996,"SKAMANIA",53059,17,8,0,0,9,0,0,0,0,0,17,8,0,9
1997,"SKAMANIA",53059,23,16,0,0,7,0,0,0,0,0,23,16,0,7
1998,"SKAMANIA",53059,34,21,0,0,13,0,0,0,0,0,34,21,0,13
1999,"SKAMANIA",53059,49,41,0,0,8,0,0,0,0,0,49,41,0,8
2000,"SKAMANIA",53059,35,27,0,0,8,0,0,0,0,0,35,27,0,8
2001,"SKAMANIA",53059,42,37,0,0,5,1,1,0,0,0,41,36,0,5
2002,"SKAMANIA",53059,57,47,2,0,8,2,0,2,0,0,55,47,0,8
2003,"SKAMANIA",53059,54,47,2,0,5,4,1,2,0,1,50,46,0,4
1990,"SNOHOMISH",53061,2092,1444,47,1,600,316,199,44,1,72,1776,1245,3,528
1991,"SNOHOMISH",53061,2290,1473,36,1,780,291,183,34,1,73,1999,1290,2,707
1992,"SNOHOMISH",53061,2358,1580,39,0,739,258,149,39,0,70,2100,1431,0,669
1993,"SNOHOMISH",53061,2243,1549,29,0,665,145,91,26,0,28,2098,1458,3,637
1994,"SNOHOMISH",53061,2273,1623,27,0,623,130,73,26,0,31,2143,1550,1,592
1995,"SNOHOMISH",53061,2784,2029,38,0,717,184,107,38,0,39,2600,1922,0,678
1996,"SNOHOMISH",53061,3651,2826,36,0,789,168,96,34,0,38,3483,2730,2,751
1997,"SNOHOMISH",53061,4029,3145,28,0,856,161,93,26,0,42,3868,3052,2,814
1998,"SNOHOMISH",53061,3515,2814,23,0,678,93,59,20,0,14,3422,2755,3,664
1999,"SNOHOMISH",53061,3352,2550,22,0,780,58,29,22,0,7,3294,2521,0,773
2000,"SNOHOMISH",53061,3128,2227,24,1,876,40,12,23,1,4,3088,2215,1,872
2001,"SNOHOMISH",53061,3861,2884,16,0,961,35,19,14,0,2,3826,2865,2,959
2002,"SNOHOMISH",53061,4243,3339,17,0,887,56,39,14,0,3,4187,3300,3,884
2003,"SNOHOMISH",53061,4526,3520,18,0,988,70,47,14,0,9,4456,3473,4,979
1990,"SPOKANE",53063,1647,1161,44,2,440,224,130,44,2,48,1423,1031,0,392
1991,"SPOKANE",53063,1617,1222,38,4,353,214,129,34,4,47,1403,1093,4,306
1992,"SPOKANE",53063,1530,1140,39,2,349,156,85,34,2,35,1374,1055,5,314
1993,"SPOKANE",53063,1400,1049,26,1,324,127,70,23,1,33,1273,979,3,291
1994,"SPOKANE",53063,1346,1046,33,0,267,119,59,31,0,29,1227,987,2,238
1995,"SPOKANE",53063,1794,1408,38,0,348,166,79,38,0,49,1628,1329,0,299
1996,"SPOKANE",53063,2334,1885,31,0,418,205,134,30,0,41,2129,1751,1,377
1997,"SPOKANE",53063,2833,2258,25,0,550,162,109,25,0,28,2671,2149,0,522
1998,"SPOKANE",53063,3073,2485,38,0,550,174,102,36,0,36,2899,2383,2,514
1999,"SPOKANE",53063,2817,2185,18,1,613,120,87,16,1,16,2697,2098,2,597
2000,"SPOKANE",53063,2993,2284,21,0,688,154,114,19,0,21,2839,2170,2,667
2001,"SPOKANE",53063,3442,2567,27,0,848,107,68,22,0,17,3335,2499,5,831
2002,"SPOKANE",53063,3578,2687,37,0,854,90,52,25,0,13,3488,2635,12,841
2003,"SPOKANE",53063,3636,2821,26,0,789,90,57,21,0,12,3546,2764,5,777
1990,"STEVENS",53065,112,81,6,0,25,17,8,6,0,3,95,73,0,22
1991,"STEVENS",53065,85,68,2,3,12,15,6,2,3,4,70,62,0,8
1992,"STEVENS",53065,107,82,7,1,17,22,11,6,1,4,85,71,1,13
1993,"STEVENS",53065,74,55,4,1,14,11,4,4,1,2,63,51,0,12
1994,"STEVENS",53065,81,67,1,0,13,10,8,1,0,1,71,59,0,12
1995,"STEVENS",53065,99,83,1,0,15,6,4,0,0,2,93,79,1,13
1996,"STEVENS",53065,152,129,2,0,21,18,8,2,0,8,134,121,0,13
1997,"STEVENS",53065,179,150,5,0,24,21,11,5,0,5,158,139,0,19
1998,"STEVENS",53065,172,147,3,0,22,18,12,3,0,3,154,135,0,19
1999,"STEVENS",53065,175,127,1,1,46,13,9,1,1,2,162,118,0,44
2000,"STEVENS",53065,186,148,3,1,34,12,6,3,1,2,174,142,0,32
2001,"STEVENS",53065,210,170,3,1,36,11,6,2,1,2,199,164,1,34
2002,"STEVENS",53065,230,201,3,0,26,10,9,1,0,0,220,192,2,26
2003,"STEVENS",53065,234,201,4,0,29,7,2,4,0,1,227,199,0,28
1990,"THURSTON",53067,643,567,13,0,63,18,7,10,0,1,625,560,3,62
1991,"THURSTON",53067,730,610,8,1,111,15,6,6,1,2,715,604,2,109
1992,"THURSTON",53067,735,630,10,1,94,23,12,10,1,0,712,618,0,94
1993,"THURSTON",53067,554,466,8,0,80,26,11,5,0,10,528,455,3,70
1994,"THURSTON",53067,618,516,4,0,98,15,9,3,0,3,603,507,1,95
1995,"THURSTON",53067,796,682,11,1,102,22,9,10,1,2,774,673,1,100
1996,"THURSTON",53067,1089,957,5,2,125,15,7,5,2,1,1074,950,0,124
1997,"THURSTON",53067,1283,1146,6,0,131,21,12,6,0,3,1262,1134,0,128
1998,"THURSTON",53067,1407,1224,4,0,179,12,8,4,0,0,1395,1216,0,179
1999,"THURSTON",53067,1367,1100,3,0,264,12,8,3,0,1,1355,1092,0,263
2000,"THURSTON",53067,1438,1128,15,0,295,20,5,14,0,1,1418,1123,1,294
2001,"THURSTON",53067,1530,1242,7,0,281,8,3,5,0,0,1522,1239,2,281
2002,"THURSTON",53067,1629,1278,3,0,348,12,9,3,0,0,1617,1269,0,348
2003,"THURSTON",53067,1662,1374,3,0,285,14,11,3,0,0,1648,1363,0,285
1990,"WAHKIAKUM",53069,12,9,0,0,3,0,0,0,0,0,12,9,0,3
1991,"WAHKIAKUM",53069,13,9,0,1,3,1,0,0,1,0,12,9,0,3
1992,"WAHKIAKUM",53069,13,9,0,0,4,0,0,0,0,0,13,9,0,4
1993,"WAHKIAKUM",53069,2,2,0,0,0,0,0,0,0,0,2,2,0,0
1994,"WAHKIAKUM",53069,13,9,1,0,3,1,0,1,0,0,12,9,0,3
1995,"WAHKIAKUM",53069,7,4,0,0,3,0,0,0,0,0,7,4,0,3
1996,"WAHKIAKUM",53069,10,7,0,0,3,2,1,0,0,1,8,6,0,2
1997,"WAHKIAKUM",53069,12,7,0,0,5,2,1,0,0,1,10,6,0,4
1998,"WAHKIAKUM",53069,12,11,0,0,1,0,0,0,0,0,12,11,0,1
1999,"WAHKIAKUM",53069,9,8,0,0,1,0,0,0,0,0,9,8,0,1
2000,"WAHKIAKUM",53069,16,15,0,0,1,0,0,0,0,0,16,15,0,1
2001,"WAHKIAKUM",53069,25,22,0,0,3,0,0,0,0,0,25,22,0,3
2002,"WAHKIAKUM",53069,23,18,0,0,5,0,0,0,0,0,23,18,0,5
2003,"WAHKIAKUM",53069,22,20,0,0,2,0,0,0,0,0,22,20,0,2
1990,"WALLA WALLA",53071,200,176,3,2,19,15,7,3,2,3,185,169,0,16
1991,"WALLA WALLA",53071,185,152,2,1,30,14,9,2,1,2,171,143,0,28
1992,"WALLA WALLA",53071,134,117,2,5,10,16,7,2,5,2,118,110,0,8
1993,"WALLA WALLA",53071,134,119,0,1,14,9,5,0,1,3,125,114,0,11
1994,"WALLA WALLA",53071,114,97,0,1,16,8,6,0,1,1,106,91,0,15
1995,"WALLA WALLA",53071,152,135,1,1,15,5,1,1,1,2,147,134,0,13
1996,"WALLA WALLA",53071,186,170,0,0,16,7,5,0,0,2,179,165,0,14
1997,"WALLA WALLA",53071,238,221,2,0,15,10,5,2,0,3,228,216,0,12
1998,"WALLA WALLA",53071,275,252,1,0,22,14,11,1,0,2,261,241,0,20
1999,"WALLA WALLA",53071,290,273,1,0,16,5,4,1,0,0,285,269,0,16
2000,"WALLA WALLA",53071,303,280,1,0,22,7,6,0,0,1,296,274,1,21
2001,"WALLA WALLA",53071,371,339,1,3,28,16,9,1,3,3,355,330,0,25
2002,"WALLA WALLA",53071,335,298,1,0,36,3,1,0,0,2,332,297,1,34
2003,"WALLA WALLA",53071,368,317,0,0,51,2,0,0,0,2,366,317,0,49
1990,"WHATCOM",53073,197,155,4,1,37,51,37,4,1,9,146,118,0,28
1991,"WHATCOM",53073,250,205,10,1,33,57,40,10,1,5,193,165,0,28
1992,"WHATCOM",53073,287,232,16,0,39,50,28,14,0,8,237,204,2,31
1993,"WHATCOM",53073,292,234,10,1,47,39,26,6,1,6,253,208,4,41
1994,"WHATCOM",53073,285,235,5,1,44,30,20,5,1,4,255,215,0,40
1995,"WHATCOM",53073,374,317,9,0,48,52,33,9,0,10,322,284,0,38
1996,"WHATCOM",53073,607,522,13,1,71,54,27,13,1,13,553,495,0,58
1997,"WHATCOM",53073,718,610,10,1,97,50,26,9,1,14,668,584,1,83
1998,"WHATCOM",53073,779,678,5,1,95,19,11,3,1,4,760,667,2,91
1999,"WHATCOM",53073,720,620,6,0,94,15,6,6,0,3,705,614,0,91
2000,"WHATCOM",53073,608,554,4,1,49,15,9,4,1,1,593,545,0,48
2001,"WHATCOM",53073,877,777,3,0,97,10,7,2,0,1,867,770,1,96
2002,"WHATCOM",53073,975,842,6,1,126,23,16,4,1,2,952,826,2,124
2003,"WHATCOM",53073,980,849,2,0,129,17,13,2,0,2,963,836,0,127
1990,"WHITMAN",53075,31,17,2,3,9,8,2,2,3,1,23,15,0,8
1991,"WHITMAN",53075,38,26,0,3,9,10,4,0,3,3,28,22,0,6
1992,"WHITMAN",53075,29,14,2,2,11,10,1,1,2,6,19,13,1,5
1993,"WHITMAN",53075,46,33,2,2,9,9,3,2,2,2,37,30,0,7
1994,"WHITMAN",53075,27,24,0,0,3,4,2,0,0,2,23,22,0,1
1995,"WHITMAN",53075,42,30,0,1,11,8,6,0,1,1,34,24,0,10
1996,"WHITMAN",53075,57,42,0,0,15,8,5,0,0,3,49,37,0,12
1997,"WHITMAN",53075,70,54,2,0,14,3,0,2,0,1,67,54,0,13
1998,"WHITMAN",53075,77,58,1,2,16,3,0,1,2,0,74,58,0,16
1999,"WHITMAN",53075,78,65,1,0,12,5,3,1,0,1,73,62,0,11
2000,"WHITMAN",53075,74,62,0,0,12,2,2,0,0,0,72,60,0,12
2001,"WHITMAN",53075,78,71,0,0,7,2,1,0,0,1,76,70,0,6
2002,"WHITMAN",53075,98,88,1,0,9,2,2,0,0,0,96,86,1,9
2003,"WHITMAN",53075,75,63,0,0,12,0,0,0,0,0,75,63,0,12
1990,"YAKIMA",53077,578,496,12,9,61,79,47,12,9,11,499,449,0,50
1991,"YAKIMA",53077,620,534,15,5,66,88,49,15,5,19,532,485,0,47
1992,"YAKIMA",53077,667,552,6,8,101,79,44,6,8,21,588,508,0,80
1993,"YAKIMA",53077,642,519,7,2,114,66,34,6,2,24,576,485,1,90
1994,"YAKIMA",53077,618,490,6,2,120,59,25,6,2,26,559,465,0,94
1995,"YAKIMA",53077,772,622,8,5,137,83,42,8,5,28,689,580,0,109
1996,"YAKIMA",53077,1011,807,4,4,196,80,39,3,4,34,931,768,1,162
1997,"YAKIMA",53077,1261,951,2,2,306,62,30,2,2,28,1199,921,0,278
1998,"YAKIMA",53077,1630,1147,1,2,480,56,29,0,2,25,1574,1118,1,455
1999,"YAKIMA",53077,1784,1100,5,0,679,21,13,5,0,3,1763,1087,0,676
2000,"YAKIMA",53077,1997,1097,4,3,893,37,20,4,3,10,1960,1077,0,883
2001,"YAKIMA",53077,2437,1460,5,10,962,60,28,5,10,17,2377,1432,0,945
2002,"YAKIMA",53077,2405,1432,12,3,958,58,29,10,3,16,2347,1403,2,942
2003,"YAKIMA",53077,2398,1440,9,8,941,61,40,7,8,6,2337,1400,2,935
1990,"BARBOUR",54001,14,13,0,0,1,2,2,0,0,0,12,11,0,1
1991,"BARBOUR",54001,17,14,1,0,2,2,1,1,0,0,15,13,0,2
1992,"BARBOUR",54001,25,21,2,0,2,4,2,2,0,0,21,19,0,2
1993,"BARBOUR",54001,15,13,0,0,2,0,0,0,0,0,15,13,0,2
1994,"BARBOUR",54001,21,17,0,0,4,3,2,0,0,1,18,15,0,3
1995,"BARBOUR",54001,29,29,0,0,0,2,2,0,0,0,27,27,0,0
1996,"BARBOUR",54001,39,36,0,0,3,1,0,0,0,1,38,36,0,2
1997,"BARBOUR",54001,80,74,1,0,5,1,0,1,0,0,79,74,0,5
1998,"BARBOUR",54001,83,75,0,0,8,4,2,0,0,2,79,73,0,6
1999,"BARBOUR",54001,61,60,0,0,1,1,0,0,0,1,60,60,0,0
2000,"BARBOUR",54001,59,57,0,0,2,1,1,0,0,0,58,56,0,2
2001,"BARBOUR",54001,59,56,0,0,3,5,5,0,0,0,54,51,0,3
2002,"BARBOUR",54001,62,58,0,0,4,0,0,0,0,0,62,58,0,4
2003,"BARBOUR",54001,70,66,0,0,4,0,0,0,0,0,70,66,0,4
1990,"BERKELEY",54003,146,140,0,0,6,9,7,0,0,2,137,133,0,4
1991,"BERKELEY",54003,212,203,0,1,8,20,17,0,1,2,192,186,0,6
1992,"BERKELEY",54003,237,209,9,0,19,33,21,8,0,4,204,188,1,15
1993,"BERKELEY",54003,164,152,4,0,8,17,12,3,0,2,147,140,1,6
1994,"BERKELEY",54003,200,189,1,0,10,14,12,1,0,1,186,177,0,9
1995,"BERKELEY",54003,247,234,1,0,12,16,11,1,0,4,231,223,0,8
1996,"BERKELEY",54003,360,338,7,0,15,20,13,7,0,0,340,325,0,15
1997,"BERKELEY",54003,485,463,3,0,19,32,25,3,0,4,453,438,0,15
1998,"BERKELEY",54003,503,483,2,0,18,17,14,2,0,1,486,469,0,17
1999,"BERKELEY",54003,455,431,1,0,23,20,17,0,0,3,435,414,1,20
2000,"BERKELEY",54003,504,463,5,0,36,19,11,5,0,3,485,452,0,33
2001,"BERKELEY",54003,598,552,0,0,46,17,13,0,0,4,581,539,0,42
2002,"BERKELEY",54003,699,649,3,0,47,26,20,3,0,3,673,629,0,44
2003,"BERKELEY",54003,696,647,0,0,49,14,12,0,0,2,682,635,0,47
1990,"BOONE",54005,47,41,1,0,5,6,5,1,0,0,41,36,0,5
1991,"BOONE",54005,65,51,3,0,11,8,4,3,0,1,57,47,0,10
1992,"BOONE",54005,62,52,0,0,10,3,2,0,0,1,59,50,0,9
1993,"BOONE",54005,55,48,0,0,7,2,2,0,0,0,53,46,0,7
1994,"BOONE",54005,52,48,0,0,4,5,5,0,0,0,47,43,0,4
1995,"BOONE",54005,53,48,0,0,5,1,1,0,0,0,52,47,0,5
1996,"BOONE",54005,61,52,0,0,9,3,3,0,0,0,58,49,0,9
1997,"BOONE",54005,101,97,0,0,4,4,4,0,0,0,97,93,0,4
1998,"BOONE",54005,120,106,1,0,13,2,1,0,0,1,118,105,1,12
1999,"BOONE",54005,117,106,3,0,8,4,1,3,0,0,113,105,0,8
2000,"BOONE",54005,129,114,0,0,15,2,2,0,0,0,127,112,0,15
2001,"BOONE",54005,140,130,0,0,10,1,1,0,0,0,139,129,0,10
2002,"BOONE",54005,149,136,2,0,11,3,1,2,0,0,146,135,0,11
2003,"BOONE",54005,145,133,1,0,11,3,2,1,0,0,142,131,0,11
1990,"BRAXTON",54007,19,18,1,0,0,9,8,1,0,0,10,10,0,0
1991,"BRAXTON",54007,11,10,0,0,1,4,3,0,0,1,7,7,0,0
1992,"BRAXTON",54007,14,11,1,0,2,4,2,1,0,1,10,9,0,1
1993,"BRAXTON",54007,18,15,0,0,3,3,2,0,0,1,15,13,0,2
1994,"BRAXTON",54007,12,12,0,0,0,2,2,0,0,0,10,10,0,0
1995,"BRAXTON",54007,10,8,1,0,1,2,1,1,0,0,8,7,0,1
1996,"BRAXTON",54007,16,15,0,1,0,1,0,0,1,0,15,15,0,0
1997,"BRAXTON",54007,32,27,1,0,4,3,0,1,0,2,29,27,0,2
1998,"BRAXTON",54007,38,36,0,0,2,1,1,0,0,0,37,35,0,2
1999,"BRAXTON",54007,38,33,1,0,4,2,1,1,0,0,36,32,0,4
2000,"BRAXTON",54007,41,39,0,0,2,2,2,0,0,0,39,37,0,2
2001,"BRAXTON",54007,43,39,0,0,4,1,0,0,0,1,42,39,0,3
2002,"BRAXTON",54007,47,43,2,0,2,4,1,2,0,1,43,42,0,1
2003,"BRAXTON",54007,40,38,0,0,2,1,1,0,0,0,39,37,0,2
1990,"BROOKE",54009,32,32,0,0,0,0,0,0,0,0,32,32,0,0
1991,"BROOKE",54009,34,33,0,0,1,2,2,0,0,0,32,31,0,1
1992,"BROOKE",54009,37,37,0,0,0,3,3,0,0,0,34,34,0,0
1993,"BROOKE",54009,44,40,0,0,4,2,0,0,0,2,42,40,0,2
1994,"BROOKE",54009,43,43,0,0,0,3,3,0,0,0,40,40,0,0
1995,"BROOKE",54009,47,46,0,0,1,3,3,0,0,0,44,43,0,1
1996,"BROOKE",54009,50,48,0,0,2,2,2,0,0,0,48,46,0,2
1997,"BROOKE",54009,111,109,0,0,2,3,3,0,0,0,108,106,0,2
1998,"BROOKE",54009,125,123,0,0,2,4,4,0,0,0,121,119,0,2
1999,"BROOKE",54009,117,116,0,0,1,1,1,0,0,0,116,115,0,1
2000,"BROOKE",54009,101,95,0,0,6,2,2,0,0,0,99,93,0,6
2001,"BROOKE",54009,139,137,0,0,2,6,6,0,0,0,133,131,0,2
2002,"BROOKE",54009,153,147,0,0,6,5,4,0,0,1,148,143,0,5
2003,"BROOKE",54009,192,182,0,0,10,3,2,0,0,1,189,180,0,9
1990,"CABELL",54011,233,185,6,0,42,29,19,6,0,4,204,166,0,38
1991,"CABELL",54011,360,295,6,0,59,25,19,5,0,1,335,276,1,58
1992,"CABELL",54011,319,248,5,0,66,33,19,5,0,9,286,229,0,57
1993,"CABELL",54011,248,185,0,0,63,10,7,0,0,3,238,178,0,60
1994,"CABELL",54011,267,209,1,0,57,5,1,1,0,3,262,208,0,54
1995,"CABELL",54011,270,239,4,0,27,12,8,4,0,0,258,231,0,27
1996,"CABELL",54011,368,332,5,0,31,27,17,5,0,5,341,315,0,26
1997,"CABELL",54011,565,532,5,0,28,17,8,5,0,4,548,524,0,24
1998,"CABELL",54011,471,446,8,0,17,16,7,6,0,3,455,439,2,14
1999,"CABELL",54011,434,404,3,0,27,12,8,3,0,1,422,396,0,26
2000,"CABELL",54011,446,424,4,0,18,19,13,4,0,2,427,411,0,16
2001,"CABELL",54011,518,493,3,0,22,19,14,3,0,2,499,479,0,20
2002,"CABELL",54011,539,511,6,0,22,22,16,5,0,1,517,495,1,21
2003,"CABELL",54011,564,533,3,0,28,18,15,3,0,0,546,518,0,28
1990,"CALHOUN",54013,7,6,0,0,1,1,1,0,0,0,6,5,0,1
1991,"CALHOUN",54013,9,8,0,0,1,0,0,0,0,0,9,8,0,1
1992,"CALHOUN",54013,7,7,0,0,0,2,2,0,0,0,5,5,0,0
1993,"CALHOUN",54013,5,5,0,0,0,1,1,0,0,0,4,4,0,0
1994,"CALHOUN",54013,8,7,0,0,1,0,0,0,0,0,8,7,0,1
1995,"CALHOUN",54013,11,10,0,0,1,2,2,0,0,0,9,8,0,1
1996,"CALHOUN",54013,19,18,0,0,1,0,0,0,0,0,19,18,0,1
1997,"CALHOUN",54013,19,19,0,0,0,0,0,0,0,0,19,19,0,0
1998,"CALHOUN",54013,21,20,0,0,1,0,0,0,0,0,21,20,0,1
1999,"CALHOUN",54013,13,12,0,0,1,0,0,0,0,0,13,12,0,1
2000,"CALHOUN",54013,21,19,1,0,1,1,0,1,0,0,20,19,0,1
2001,"CALHOUN",54013,21,19,0,0,2,1,1,0,0,0,20,18,0,2
2002,"CALHOUN",54013,29,29,0,0,0,0,0,0,0,0,29,29,0,0
2003,"CALHOUN",54013,8,8,0,0,0,0,0,0,0,0,8,8,0,0
1990,"CLAY",54015,13,9,0,0,4,2,2,0,0,0,11,7,0,4
1991,"CLAY",54015,17,12,0,0,5,1,1,0,0,0,16,11,0,5
1992,"CLAY",54015,19,15,0,0,4,3,3,0,0,0,16,12,0,4
1993,"CLAY",54015,5,4,0,0,1,1,1,0,0,0,4,3,0,1
1994,"CLAY",54015,7,7,0,0,0,0,0,0,0,0,7,7,0,0
1995,"CLAY",54015,18,12,4,0,2,5,1,4,0,0,13,11,0,2
1996,"CLAY",54015,21,19,0,0,2,0,0,0,0,0,21,19,0,2
1997,"CLAY",54015,47,41,0,0,6,2,1,0,0,1,45,40,0,5
1998,"CLAY",54015,39,36,0,0,3,1,1,0,0,0,38,35,0,3
1999,"CLAY",54015,27,27,0,0,0,0,0,0,0,0,27,27,0,0
2000,"CLAY",54015,39,33,0,0,6,4,2,0,0,2,35,31,0,4
2001,"CLAY",54015,48,43,2,0,3,3,1,1,0,1,45,42,1,2
2002,"CLAY",54015,48,44,1,0,3,2,1,1,0,0,46,43,0,3
2003,"CLAY",54015,56,53,1,0,2,2,2,0,0,0,54,51,1,2
1990,"DODDRIDGE",54017,17,13,0,0,4,0,0,0,0,0,17,13,0,4
1991,"DODDRIDGE",54017,19,18,0,0,1,2,2,0,0,0,17,16,0,1
1992,"DODDRIDGE",54017,15,13,2,0,0,4,2,2,0,0,11,11,0,0
1993,"DODDRIDGE",54017,8,7,0,0,1,0,0,0,0,0,8,7,0,1
1994,"DODDRIDGE",54017,22,21,0,0,1,2,2,0,0,0,20,19,0,1
1995,"DODDRIDGE",54017,20,19,0,0,1,1,1,0,0,0,19,18,0,1
1996,"DODDRIDGE",54017,32,31,0,0,1,0,0,0,0,0,32,31,0,1
1997,"DODDRIDGE",54017,53,46,0,0,7,1,0,0,0,1,52,46,0,6
1998,"DODDRIDGE",54017,58,54,0,0,4,0,0,0,0,0,58,54,0,4
1999,"DODDRIDGE",54017,63,57,1,0,5,3,2,1,0,0,60,55,0,5
2000,"DODDRIDGE",54017,57,50,0,0,7,1,1,0,0,0,56,49,0,7
2001,"DODDRIDGE",54017,82,75,0,0,7,1,1,0,0,0,81,74,0,7
2002,"DODDRIDGE",54017,73,69,0,0,4,2,2,0,0,0,71,67,0,4
2003,"DODDRIDGE",54017,64,62,0,0,2,0,0,0,0,0,64,62,0,2
1990,"FAYETTE",54019,106,102,1,0,3,7,6,1,0,0,99,96,0,3
1991,"FAYETTE",54019,109,105,1,0,3,8,6,1,0,1,101,99,0,2
1992,"FAYETTE",54019,134,124,2,0,8,8,6,2,0,0,126,118,0,8
1993,"FAYETTE",54019,101,94,2,0,5,8,6,2,0,0,93,88,0,5
1994,"FAYETTE",54019,113,108,0,0,5,3,2,0,0,1,110,106,0,4
1995,"FAYETTE",54019,127,121,2,0,4,9,6,2,0,1,118,115,0,3
1996,"FAYETTE",54019,176,163,2,0,11,6,3,2,0,1,170,160,0,10
1997,"FAYETTE",54019,198,191,1,0,6,7,4,1,0,2,191,187,0,4
1998,"FAYETTE",54019,206,201,1,0,4,5,4,1,0,0,201,197,0,4
1999,"FAYETTE",54019,215,208,0,0,7,1,1,0,0,0,214,207,0,7
2000,"FAYETTE",54019,262,255,0,0,7,3,2,0,0,1,259,253,0,6
2001,"FAYETTE",54019,271,261,1,0,9,6,5,1,0,0,265,256,0,9
2002,"FAYETTE",54019,226,219,4,0,3,9,5,3,0,1,217,214,1,2
2003,"FAYETTE",54019,278,271,0,0,7,3,3,0,0,0,275,268,0,7
1990,"GILMER",54021,13,11,0,0,2,0,0,0,0,0,13,11,0,2
1991,"GILMER",54021,7,7,0,0,0,1,1,0,0,0,6,6,0,0
1992,"GILMER",54021,11,9,0,0,2,1,1,0,0,0,10,8,0,2
1993,"GILMER",54021,7,6,0,0,1,1,1,0,0,0,6,5,0,1
1994,"GILMER",54021,8,7,0,0,1,0,0,0,0,0,8,7,0,1
1995,"GILMER",54021,9,8,1,0,0,2,1,1,0,0,7,7,0,0
1996,"GILMER",54021,9,9,0,0,0,1,1,0,0,0,8,8,0,0
1997,"GILMER",54021,19,18,0,0,1,0,0,0,0,0,19,18,0,1
1998,"GILMER",54021,19,18,0,0,1,1,1,0,0,0,18,17,0,1
1999,"GILMER",54021,15,14,0,0,1,0,0,0,0,0,15,14,0,1
2000,"GILMER",54021,20,16,0,0,4,0,0,0,0,0,20,16,0,4
2001,"GILMER",54021,20,17,1,0,2,1,0,1,0,0,19,17,0,2
2002,"GILMER",54021,20,19,0,0,1,1,0,0,0,1,19,19,0,0
2003,"GILMER",54021,21,20,0,0,1,1,0,0,0,1,20,20,0,0
1990,"GRANT",54023,9,8,1,0,0,2,1,1,0,0,7,7,0,0
1991,"GRANT",54023,9,9,0,0,0,3,3,0,0,0,6,6,0,0
1992,"GRANT",54023,9,7,1,0,1,2,1,1,0,0,7,6,0,1
1993,"GRANT",54023,11,11,0,0,0,2,2,0,0,0,9,9,0,0
1994,"GRANT",54023,9,8,0,0,1,4,4,0,0,0,5,4,0,1
1995,"GRANT",54023,10,10,0,0,0,0,0,0,0,0,10,10,0,0
1996,"GRANT",54023,18,16,0,0,2,5,4,0,0,1,13,12,0,1
1997,"GRANT",54023,20,17,0,0,3,2,2,0,0,0,18,15,0,3
1998,"GRANT",54023,18,18,0,0,0,1,1,0,0,0,17,17,0,0
1999,"GRANT",54023,27,25,0,0,2,2,2,0,0,0,25,23,0,2
2000,"GRANT",54023,33,33,0,0,0,4,4,0,0,0,29,29,0,0
2001,"GRANT",54023,39,38,0,0,1,5,5,0,0,0,34,33,0,1
2002,"GRANT",54023,28,26,0,0,2,0,0,0,0,0,28,26,0,2
2003,"GRANT",54023,38,37,0,0,1,2,2,0,0,0,36,35,0,1
1990,"GREENBRIER",54025,81,72,4,1,4,16,11,4,1,0,65,61,0,4
1991,"GREENBRIER",54025,109,86,2,0,21,7,4,2,0,1,102,82,0,20
1992,"GREENBRIER",54025,94,62,4,0,28,10,4,4,0,2,84,58,0,26
1993,"GREENBRIER",54025,84,51,7,0,26,9,1,6,0,2,75,50,1,24
1994,"GREENBRIER",54025,79,61,1,0,17,9,5,1,0,3,70,56,0,14
1995,"GREENBRIER",54025,86,54,2,1,29,12,5,2,1,4,74,49,0,25
1996,"GREENBRIER",54025,95,75,4,0,16,9,5,4,0,0,86,70,0,16
1997,"GREENBRIER",54025,115,96,1,0,18,3,2,1,0,0,112,94,0,18
1998,"GREENBRIER",54025,133,94,3,0,36,4,2,2,0,0,129,92,1,36
1999,"GREENBRIER",54025,115,89,1,0,25,5,3,1,0,1,110,86,0,24
2000,"GREENBRIER",54025,120,104,2,0,14,6,2,2,0,2,114,102,0,12
2001,"GREENBRIER",54025,166,135,2,0,29,7,3,2,0,2,159,132,0,27
2002,"GREENBRIER",54025,166,146,3,0,17,8,4,3,0,1,158,142,0,16
2003,"GREENBRIER",54025,186,158,3,0,25,10,5,3,0,2,176,153,0,23
1990,"HAMPSHIRE",54027,15,15,0,0,0,2,2,0,0,0,13,13,0,0
1991,"HAMPSHIRE",54027,20,20,0,0,0,2,2,0,0,0,18,18,0,0
1992,"HAMPSHIRE",54027,26,24,0,0,2,4,4,0,0,0,22,20,0,2
1993,"HAMPSHIRE",54027,20,16,1,0,3,4,2,1,0,1,16,14,0,2
1994,"HAMPSHIRE",54027,27,26,0,0,1,3,3,0,0,0,24,23,0,1
1995,"HAMPSHIRE",54027,27,24,1,0,2,2,1,1,0,0,25,23,0,2
1996,"HAMPSHIRE",54027,48,43,2,0,3,7,5,2,0,0,41,38,0,3
1997,"HAMPSHIRE",54027,61,57,1,0,3,5,4,1,0,0,56,53,0,3
1998,"HAMPSHIRE",54027,73,71,0,0,2,7,6,0,0,1,66,65,0,1
1999,"HAMPSHIRE",54027,59,57,0,0,2,3,2,0,0,1,56,55,0,1
2000,"HAMPSHIRE",54027,68,63,0,0,5,3,2,0,0,1,65,61,0,4
2001,"HAMPSHIRE",54027,92,89,0,0,3,6,6,0,0,0,86,83,0,3
2002,"HAMPSHIRE",54027,76,73,0,0,3,2,2,0,0,0,74,71,0,3
2003,"HAMPSHIRE",54027,89,84,0,1,4,2,1,0,1,0,87,83,0,4
1990,"HANCOCK",54029,55,53,1,0,1,1,0,1,0,0,54,53,0,1
1991,"HANCOCK",54029,71,70,0,0,1,3,3,0,0,0,68,67,0,1
1992,"HANCOCK",54029,103,97,0,0,6,6,6,0,0,0,97,91,0,6
1993,"HANCOCK",54029,88,87,0,0,1,4,4,0,0,0,84,83,0,1
1994,"HANCOCK",54029,76,76,0,0,0,4,4,0,0,0,72,72,0,0
1995,"HANCOCK",54029,66,62,0,0,4,3,2,0,0,1,63,60,0,3
1996,"HANCOCK",54029,110,108,0,0,2,6,5,0,0,1,104,103,0,1
1997,"HANCOCK",54029,152,150,0,0,2,4,4,0,0,0,148,146,0,2
1998,"HANCOCK",54029,147,144,0,0,3,8,8,0,0,0,139,136,0,3
1999,"HANCOCK",54029,180,171,1,0,8,11,7,1,0,3,169,164,0,5
2000,"HANCOCK",54029,132,128,0,0,4,4,4,0,0,0,128,124,0,4
2001,"HANCOCK",54029,247,231,1,0,15,10,8,1,0,1,237,223,0,14
2002,"HANCOCK",54029,245,239,0,0,6,3,3,0,0,0,242,236,0,6
2003,"HANCOCK",54029,263,257,1,0,5,6,5,1,0,0,257,252,0,5
1990,"HARDY",54031,13,10,1,0,2,4,3,1,0,0,9,7,0,2
1991,"HARDY",54031,19,18,1,0,0,2,1,1,0,0,17,17,0,0
1992,"HARDY",54031,9,9,0,0,0,0,0,0,0,0,9,9,0,0
1993,"HARDY",54031,10,9,0,0,1,0,0,0,0,0,10,9,0,1
1994,"HARDY",54031,10,10,0,0,0,1,1,0,0,0,9,9,0,0
1995,"HARDY",54031,18,18,0,0,0,4,4,0,0,0,14,14,0,0
1996,"HARDY",54031,17,17,0,0,0,0,0,0,0,0,17,17,0,0
1997,"HARDY",54031,28,28,0,0,0,1,1,0,0,0,27,27,0,0
1998,"HARDY",54031,31,30,0,0,1,3,3,0,0,0,28,27,0,1
1999,"HARDY",54031,31,29,0,0,2,0,0,0,0,0,31,29,0,2
2000,"HARDY",54031,28,25,0,0,3,3,2,0,0,1,25,23,0,2
2001,"HARDY",54031,38,36,0,0,2,1,1,0,0,0,37,35,0,2
2002,"HARDY",54031,38,33,0,0,5,3,2,0,0,1,35,31,0,4
2003,"HARDY",54031,49,46,0,0,3,1,1,0,0,0,48,45,0,3
1990,"HARRISON",54033,159,129,8,0,22,24,15,8,0,1,135,114,0,21
1991,"HARRISON",54033,180,151,4,0,25,27,19,4,0,4,153,132,0,21
1992,"HARRISON",54033,164,149,3,0,12,9,4,3,0,2,155,145,0,10
1993,"HARRISON",54033,150,130,3,0,17,12,8,3,0,1,138,122,0,16
1994,"HARRISON",54033,121,107,3,0,11,8,5,3,0,0,113,102,0,11
1995,"HARRISON",54033,155,141,2,0,12,17,14,2,0,1,138,127,0,11
1996,"HARRISON",54033,260,232,6,0,22,16,8,6,0,2,244,224,0,20
1997,"HARRISON",54033,406,366,4,0,36,15,10,4,0,1,391,356,0,35
1998,"HARRISON",54033,413,388,3,0,22,12,8,3,0,1,401,380,0,21
1999,"HARRISON",54033,400,362,3,0,35,10,7,3,0,0,390,355,0,35
2000,"HARRISON",54033,410,371,3,0,36,6,4,2,0,0,404,367,1,36
2001,"HARRISON",54033,445,405,6,1,33,12,4,6,1,1,433,401,0,32
2002,"HARRISON",54033,462,424,1,0,37,7,5,1,0,1,455,419,0,36
2003,"HARRISON",54033,523,474,12,0,37,15,4,11,0,0,508,470,1,37
1990,"JACKSON",54035,44,40,0,0,4,3,3,0,0,0,41,37,0,4
1991,"JACKSON",54035,60,57,0,0,3,4,4,0,0,0,56,53,0,3
1992,"JACKSON",54035,60,54,1,0,5,10,9,1,0,0,50,45,0,5
1993,"JACKSON",54035,40,37,2,0,1,7,5,2,0,0,33,32,0,1
1994,"JACKSON",54035,46,42,2,0,2,4,2,1,0,1,42,40,1,1
1995,"JACKSON",54035,46,43,0,0,3,2,2,0,0,0,44,41,0,3
1996,"JACKSON",54035,81,73,1,0,7,6,4,1,0,1,75,69,0,6
1997,"JACKSON",54035,110,103,0,0,7,1,1,0,0,0,109,102,0,7
1998,"JACKSON",54035,96,89,0,0,7,1,1,0,0,0,95,88,0,7
1999,"JACKSON",54035,113,104,1,0,8,4,3,1,0,0,109,101,0,8
2000,"JACKSON",54035,112,100,1,0,11,8,6,1,0,1,104,94,0,10
2001,"JACKSON",54035,132,124,0,0,8,2,1,0,0,1,130,123,0,7
2002,"JACKSON",54035,105,101,1,0,3,7,6,1,0,0,98,95,0,3
2003,"JACKSON",54035,130,117,3,0,10,6,2,3,0,1,124,115,0,9
1990,"JEFFERSON",54037,80,70,6,0,4,11,4,6,0,1,69,66,0,3
1991,"JEFFERSON",54037,95,86,2,0,7,18,13,2,0,3,77,73,0,4
1992,"JEFFERSON",54037,109,104,1,0,3,10,8,1,0,0,99,96,0,3
1993,"JEFFERSON",54037,103,97,3,0,3,11,7,3,0,1,92,90,0,2
1994,"JEFFERSON",54037,100,93,1,0,6,8,6,1,0,1,92,87,0,5
1995,"JEFFERSON",54037,135,121,1,1,12,11,6,1,1,3,124,115,0,9
1996,"JEFFERSON",54037,202,184,2,0,16,15,12,1,0,2,187,172,1,14
1997,"JEFFERSON",54037,265,251,0,0,14,8,7,0,0,1,257,244,0,13
1998,"JEFFERSON",54037,243,234,1,0,8,17,14,1,0,2,226,220,0,6
1999,"JEFFERSON",54037,209,194,0,1,14,5,3,0,1,1,204,191,0,13
2000,"JEFFERSON",54037,233,213,4,0,16,8,4,4,0,0,225,209,0,16
2001,"JEFFERSON",54037,282,262,1,0,19,4,2,1,0,1,278,260,0,18
2002,"JEFFERSON",54037,283,257,4,0,22,7,3,3,0,1,276,254,1,21
2003,"JEFFERSON",54037,301,266,0,0,35,4,2,0,0,2,297,264,0,33
1990,"KANAWHA",54039,630,562,12,0,56,48,34,12,0,2,582,528,0,54
1991,"KANAWHA",54039,611,507,11,0,93,45,28,11,0,6,566,479,0,87
1992,"KANAWHA",54039,663,530,12,0,121,56,38,10,0,8,607,492,2,113
1993,"KANAWHA",54039,449,373,14,0,62,39,23,14,0,2,410,350,0,60
1994,"KANAWHA",54039,406,353,8,0,45,42,29,8,0,5,364,324,0,40
1995,"KANAWHA",54039,471,402,7,0,62,42,28,6,0,8,429,374,1,54
1996,"KANAWHA",54039,611,514,4,0,93,28,21,2,0,5,583,493,2,88
1997,"KANAWHA",54039,882,781,10,0,91,35,20,10,0,5,847,761,0,86
1998,"KANAWHA",54039,870,795,6,0,69,27,16,5,0,6,843,779,1,63
1999,"KANAWHA",54039,857,791,6,0,60,21,14,5,0,2,836,777,1,58
2000,"KANAWHA",54039,877,824,6,0,47,24,16,6,0,2,853,808,0,45
2001,"KANAWHA",54039,1147,1060,9,0,78,41,29,9,0,3,1106,1031,0,75
2002,"KANAWHA",54039,1060,972,6,0,82,31,21,6,0,4,1029,951,0,78
2003,"KANAWHA",54039,1049,968,5,0,76,39,30,5,0,4,1010,938,0,72
1990,"LEWIS",54041,39,32,0,0,7,4,4,0,0,0,35,28,0,7
1991,"LEWIS",54041,32,29,2,0,1,6,4,2,0,0,26,25,0,1
1992,"LEWIS",54041,40,37,2,0,1,3,1,2,0,0,37,36,0,1
1993,"LEWIS",54041,25,22,1,0,2,1,0,1,0,0,24,22,0,2
1994,"LEWIS",54041,18,16,0,0,2,0,0,0,0,0,18,16,0,2
1995,"LEWIS",54041,19,17,1,0,1,4,3,1,0,0,15,14,0,1
1996,"LEWIS",54041,51,49,0,0,2,2,1,0,0,1,49,48,0,1
1997,"LEWIS",54041,92,86,1,0,5,3,2,1,0,0,89,84,0,5
1998,"LEWIS",54041,101,96,0,0,5,6,6,0,0,0,95,90,0,5
1999,"LEWIS",54041,89,87,0,0,2,0,0,0,0,0,89,87,0,2
2000,"LEWIS",54041,64,58,4,0,2,6,0,4,0,2,58,58,0,0
2001,"LEWIS",54041,84,78,2,0,4,2,0,2,0,0,82,78,0,4
2002,"LEWIS",54041,122,116,1,0,5,1,0,1,0,0,121,116,0,5
2003,"LEWIS",54041,109,103,0,0,6,1,1,0,0,0,108,102,0,6
1990,"LINCOLN",54043,31,28,0,0,3,1,1,0,0,0,30,27,0,3
1991,"LINCOLN",54043,48,35,0,0,13,2,2,0,0,0,46,33,0,13
1992,"LINCOLN",54043,55,46,0,0,9,4,2,0,0,2,51,44,0,7
1993,"LINCOLN",54043,47,40,2,0,5,6,4,2,0,0,41,36,0,5
1994,"LINCOLN",54043,50,43,0,0,7,1,1,0,0,0,49,42,0,7
1995,"LINCOLN",54043,56,48,1,0,7,6,2,1,0,3,50,46,0,4
1996,"LINCOLN",54043,61,55,0,0,6,2,2,0,0,0,59,53,0,6
1997,"LINCOLN",54043,104,97,0,0,7,1,1,0,0,0,103,96,0,7
1998,"LINCOLN",54043,86,80,0,0,6,0,0,0,0,0,86,80,0,6
1999,"LINCOLN",54043,114,110,0,0,4,1,1,0,0,0,113,109,0,4
2000,"LINCOLN",54043,103,101,0,0,2,2,2,0,0,0,101,99,0,2
2001,"LINCOLN",54043,119,116,0,0,3,1,1,0,0,0,118,115,0,3
2002,"LINCOLN",54043,143,139,0,0,4,3,3,0,0,0,140,136,0,4
2003,"LINCOLN",54043,170,162,0,0,8,6,6,0,0,0,164,156,0,8
1990,"LOGAN",54045,92,78,8,0,6,16,8,8,0,0,76,70,0,6
1991,"LOGAN",54045,99,90,2,0,7,11,8,2,0,1,88,82,0,6
1992,"LOGAN",54045,95,79,6,0,10,14,6,6,0,2,81,73,0,8
1993,"LOGAN",54045,81,71,2,0,8,7,5,1,0,1,74,66,1,7
1994,"LOGAN",54045,81,69,5,0,7,10,5,3,0,2,71,64,2,5
1995,"LOGAN",54045,73,62,0,0,11,4,3,0,0,1,69,59,0,10
1996,"LOGAN",54045,102,95,0,0,7,10,8,0,0,2,92,87,0,5
1997,"LOGAN",54045,161,141,1,0,19,8,3,1,0,4,153,138,0,15
1998,"LOGAN",54045,206,183,8,0,15,14,7,6,0,1,192,176,2,14
1999,"LOGAN",54045,196,181,2,0,13,3,1,2,0,0,193,180,0,13
2000,"LOGAN",54045,162,159,0,0,3,0,0,0,0,0,162,159,0,3
2001,"LOGAN",54045,198,185,1,0,12,5,3,1,0,1,193,182,0,11
2002,"LOGAN",54045,127,123,1,0,3,3,2,1,0,0,124,121,0,3
2003,"LOGAN",54045,150,144,1,0,5,1,1,0,0,0,149,143,1,5
1990,"MCDOWELL",54047,32,32,0,0,0,0,0,0,0,0,32,32,0,0
1991,"MCDOWELL",54047,59,57,0,0,2,7,7,0,0,0,52,50,0,2
1992,"MCDOWELL",54047,58,54,1,0,3,7,4,1,0,2,51,50,0,1
1993,"MCDOWELL",54047,37,35,2,0,0,4,2,2,0,0,33,33,0,0
1994,"MCDOWELL",54047,42,42,0,0,0,3,3,0,0,0,39,39,0,0
1995,"MCDOWELL",54047,60,58,0,0,2,2,2,0,0,0,58,56,0,2
1996,"MCDOWELL",54047,78,74,0,0,4,3,3,0,0,0,75,71,0,4
1997,"MCDOWELL",54047,103,98,0,0,5,9,6,0,0,3,94,92,0,2
1998,"MCDOWELL",54047,96,96,0,0,0,1,1,0,0,0,95,95,0,0
1999,"MCDOWELL",54047,94,92,0,0,2,6,6,0,0,0,88,86,0,2
2000,"MCDOWELL",54047,101,99,0,0,2,1,1,0,0,0,100,98,0,2
2001,"MCDOWELL",54047,143,141,2,0,0,5,3,2,0,0,138,138,0,0
2002,"MCDOWELL",54047,121,120,0,0,1,8,8,0,0,0,113,112,0,1
2003,"MCDOWELL",54047,139,139,0,0,0,2,2,0,0,0,137,137,0,0
1990,"MARION",54049,85,72,1,0,12,13,8,1,0,4,72,64,0,8
1991,"MARION",54049,95,76,3,0,16,9,5,3,0,1,86,71,0,15
1992,"MARION",54049,140,122,4,0,14,21,16,4,0,1,119,106,0,13
1993,"MARION",54049,134,111,0,0,23,9,8,0,0,1,125,103,0,22
1994,"MARION",54049,119,98,2,0,19,14,7,2,0,5,105,91,0,14
1995,"MARION",54049,108,87,1,0,20,10,8,1,0,1,98,79,0,19
1996,"MARION",54049,176,157,0,0,19,13,11,0,0,2,163,146,0,17
1997,"MARION",54049,244,215,1,1,27,12,9,1,1,1,232,206,0,26
1998,"MARION",54049,244,211,1,0,32,10,5,1,0,4,234,206,0,28
1999,"MARION",54049,221,205,1,0,15,7,6,1,0,0,214,199,0,15
2000,"MARION",54049,225,210,0,0,15,10,8,0,0,2,215,202,0,13
2001,"MARION",54049,258,238,2,0,18,7,5,2,0,0,251,233,0,18
2002,"MARION",54049,276,261,1,0,14,10,7,1,0,2,266,254,0,12
2003,"MARION",54049,269,249,0,0,20,5,5,0,0,0,264,244,0,20
1990,"MARSHALL",54051,35,31,1,0,3,4,2,1,0,1,31,29,0,2
1991,"MARSHALL",54051,60,55,0,0,5,8,6,0,0,2,52,49,0,3
1992,"MARSHALL",54051,62,58,0,0,4,7,6,0,0,1,55,52,0,3
1993,"MARSHALL",54051,71,63,1,0,7,11,8,1,0,2,60,55,0,5
1994,"MARSHALL",54051,63,56,1,0,6,5,3,1,0,1,58,53,0,5
1995,"MARSHALL",54051,87,82,2,0,3,6,4,2,0,0,81,78,0,3
1996,"MARSHALL",54051,115,107,1,0,7,9,7,1,0,1,106,100,0,6
1997,"MARSHALL",54051,172,161,0,0,11,7,6,0,0,1,165,155,0,10
1998,"MARSHALL",54051,187,175,1,0,11,16,12,1,0,3,171,163,0,8
1999,"MARSHALL",54051,136,132,0,0,4,4,4,0,0,0,132,128,0,4
2000,"MARSHALL",54051,149,142,0,0,7,3,3,0,0,0,146,139,0,7
2001,"MARSHALL",54051,191,186,0,0,5,7,7,0,0,0,184,179,0,5
2002,"MARSHALL",54051,232,217,5,0,10,6,1,5,0,0,226,216,0,10
2003,"MARSHALL",54051,217,211,1,0,5,4,3,1,0,0,213,208,0,5
1990,"MASON",54053,35,30,0,0,5,3,3,0,0,0,32,27,0,5
1991,"MASON",54053,35,29,1,0,5,6,5,1,0,0,29,24,0,5
1992,"MASON",54053,50,44,0,0,6,0,0,0,0,0,50,44,0,6
1993,"MASON",54053,30,24,0,0,6,2,2,0,0,0,28,22,0,6
1994,"MASON",54053,51,39,0,0,12,3,2,0,0,1,48,37,0,11
1995,"MASON",54053,39,31,0,0,8,1,1,0,0,0,38,30,0,8
1996,"MASON",54053,53,47,0,0,6,0,0,0,0,0,53,47,0,6
1997,"MASON",54053,105,99,0,0,6,5,5,0,0,0,100,94,0,6
1998,"MASON",54053,113,108,0,0,5,0,0,0,0,0,113,108,0,5
1999,"MASON",54053,89,83,1,0,5,3,2,1,0,0,86,81,0,5
2000,"MASON",54053,119,115,1,0,3,2,1,1,0,0,117,114,0,3
2001,"MASON",54053,144,137,0,0,7,2,1,0,0,1,142,136,0,6
2002,"MASON",54053,155,150,1,0,4,2,1,1,0,0,153,149,0,4
2003,"MASON",54053,107,102,0,0,5,2,2,0,0,0,105,100,0,5
1990,"MERCER",54055,190,183,3,0,4,9,6,3,0,0,181,177,0,4
1991,"MERCER",54055,196,189,3,1,3,15,10,3,1,1,181,179,0,2
1992,"MERCER",54055,198,197,0,0,1,8,8,0,0,0,190,189,0,1
1993,"MERCER",54055,165,159,4,0,2,15,11,4,0,0,150,148,0,2
1994,"MERCER",54055,187,185,2,0,0,12,10,2,0,0,175,175,0,0
1995,"MERCER",54055,176,173,0,0,3,10,10,0,0,0,166,163,0,3
1996,"MERCER",54055,229,226,0,0,3,12,11,0,0,1,217,215,0,2
1997,"MERCER",54055,318,312,0,0,6,11,10,0,0,1,307,302,0,5
1998,"MERCER",54055,337,334,0,0,3,5,5,0,0,0,332,329,0,3
1999,"MERCER",54055,323,318,0,0,5,4,4,0,0,0,319,314,0,5
2000,"MERCER",54055,380,369,2,0,9,7,5,2,0,0,373,364,0,9
2001,"MERCER",54055,465,459,1,0,5,12,10,1,0,1,453,449,0,4
2002,"MERCER",54055,443,438,1,0,4,9,8,1,0,0,434,430,0,4
2003,"MERCER",54055,449,443,1,0,5,5,4,1,0,0,444,439,0,5
1990,"MINERAL",54057,25,25,0,0,0,1,1,0,0,0,24,24,0,0
1991,"MINERAL",54057,23,21,2,0,0,4,2,2,0,0,19,19,0,0
1992,"MINERAL",54057,30,26,0,0,4,6,4,0,0,2,24,22,0,2
1993,"MINERAL",54057,30,26,1,0,3,4,2,1,0,1,26,24,0,2
1994,"MINERAL",54057,40,38,1,0,1,4,3,1,0,0,36,35,0,1
1995,"MINERAL",54057,25,25,0,0,0,2,2,0,0,0,23,23,0,0
1996,"MINERAL",54057,52,50,0,0,2,6,4,0,0,2,46,46,0,0
1997,"MINERAL",54057,73,71,0,0,2,6,5,0,0,1,67,66,0,1
1998,"MINERAL",54057,69,67,0,0,2,4,4,0,0,0,65,63,0,2
1999,"MINERAL",54057,61,59,0,0,2,4,4,0,0,0,57,55,0,2
2000,"MINERAL",54057,75,74,0,0,1,6,6,0,0,0,69,68,0,1
2001,"MINERAL",54057,90,87,0,0,3,6,6,0,0,0,84,81,0,3
2002,"MINERAL",54057,94,89,0,0,5,5,5,0,0,0,89,84,0,5
2003,"MINERAL",54057,112,104,1,0,7,4,2,1,0,1,108,102,0,6
1990,"MINGO",54059,90,76,2,0,12,7,5,2,0,0,83,71,0,12
1991,"MINGO",54059,82,66,1,0,15,9,8,1,0,0,73,58,0,15
1992,"MINGO",54059,70,52,3,0,15,13,4,3,0,6,57,48,0,9
1993,"MINGO",54059,63,43,4,0,16,9,2,4,0,3,54,41,0,13
1994,"MINGO",54059,78,61,0,0,17,8,7,0,0,1,70,54,0,16
1995,"MINGO",54059,81,64,2,0,15,5,3,2,0,0,76,61,0,15
1996,"MINGO",54059,149,131,1,0,17,8,5,1,0,2,141,126,0,15
1997,"MINGO",54059,211,192,2,0,17,12,9,2,0,1,199,183,0,16
1998,"MINGO",54059,247,233,0,0,14,15,13,0,0,2,232,220,0,12
1999,"MINGO",54059,171,150,1,0,20,7,6,1,0,0,164,144,0,20
2000,"MINGO",54059,171,153,2,0,16,5,3,2,0,0,166,150,0,16
2001,"MINGO",54059,187,176,2,0,9,8,6,2,0,0,179,170,0,9
2002,"MINGO",54059,147,136,1,0,10,9,7,1,0,1,138,129,0,9
2003,"MINGO",54059,166,158,1,0,7,6,5,1,0,0,160,153,0,7
1990,"MONONGALIA",54061,114,103,5,0,6,9,4,4,0,1,105,99,1,5
1991,"MONONGALIA",54061,133,119,3,0,11,21,14,3,0,4,112,105,0,7
1992,"MONONGALIA",54061,141,126,4,0,11,21,13,4,0,4,120,113,0,7
1993,"MONONGALIA",54061,131,118,4,0,9,19,12,4,0,3,112,106,0,6
1994,"MONONGALIA",54061,107,97,4,0,6,12,8,4,0,0,95,89,0,6
1995,"MONONGALIA",54061,126,111,3,0,12,16,10,2,0,4,110,101,1,8
1996,"MONONGALIA",54061,176,155,3,0,18,14,10,3,0,1,162,145,0,17
1997,"MONONGALIA",54061,244,222,2,0,20,17,8,2,0,7,227,214,0,13
1998,"MONONGALIA",54061,229,209,2,0,18,11,8,2,0,1,218,201,0,17
1999,"MONONGALIA",54061,197,177,3,0,17,6,3,3,0,0,191,174,0,17
2000,"MONONGALIA",54061,209,178,5,0,26,14,7,5,0,2,195,171,0,24
2001,"MONONGALIA",54061,267,253,1,0,13,7,6,1,0,0,260,247,0,13
2002,"MONONGALIA",54061,306,259,22,0,25,26,4,21,0,1,280,255,1,24
2003,"MONONGALIA",54061,299,278,1,0,20,3,2,1,0,0,296,276,0,20
1990,"MONROE",54063,23,23,0,0,0,0,0,0,0,0,23,23,0,0
1991,"MONROE",54063,23,18,0,0,5,0,0,0,0,0,23,18,0,5
1992,"MONROE",54063,30,20,0,0,10,2,2,0,0,0,28,18,0,10
1993,"MONROE",54063,21,15,0,0,6,0,0,0,0,0,21,15,0,6
1994,"MONROE",54063,16,12,0,0,4,0,0,0,0,0,16,12,0,4
1995,"MONROE",54063,29,22,0,0,7,0,0,0,0,0,29,22,0,7
1996,"MONROE",54063,34,28,0,0,6,1,0,0,0,1,33,28,0,5
1997,"MONROE",54063,37,33,0,0,4,0,0,0,0,0,37,33,0,4
1998,"MONROE",54063,40,31,0,0,9,0,0,0,0,0,40,31,0,9
1999,"MONROE",54063,38,31,0,0,7,2,2,0,0,0,36,29,0,7
2000,"MONROE",54063,41,37,0,0,4,0,0,0,0,0,41,37,0,4
2001,"MONROE",54063,41,35,0,0,6,0,0,0,0,0,41,35,0,6
2002,"MONROE",54063,46,40,0,0,6,0,0,0,0,0,46,40,0,6
2003,"MONROE",54063,53,48,0,1,4,3,2,0,1,0,50,46,0,4
1990,"MORGAN",54065,15,14,0,0,1,0,0,0,0,0,15,14,0,1
1991,"MORGAN",54065,26,23,0,0,3,3,3,0,0,0,23,20,0,3
1992,"MORGAN",54065,22,18,0,0,4,8,5,0,0,3,14,13,0,1
1993,"MORGAN",54065,24,22,0,0,2,2,2,0,0,0,22,20,0,2
1994,"MORGAN",54065,21,18,1,0,2,2,1,1,0,0,19,17,0,2
1995,"MORGAN",54065,34,31,0,0,3,0,0,0,0,0,34,31,0,3
1996,"MORGAN",54065,39,38,0,0,1,1,1,0,0,0,38,37,0,1
1997,"MORGAN",54065,61,57,0,0,4,3,1,0,0,2,58,56,0,2
1998,"MORGAN",54065,55,53,1,0,1,2,1,1,0,0,53,52,0,1
1999,"MORGAN",54065,52,51,0,0,1,0,0,0,0,0,52,51,0,1
2000,"MORGAN",54065,64,57,0,0,7,2,2,0,0,0,62,55,0,7
2001,"MORGAN",54065,75,71,0,0,4,3,3,0,0,0,72,68,0,4
2002,"MORGAN",54065,56,47,1,0,8,1,0,1,0,0,55,47,0,8
2003,"MORGAN",54065,97,91,1,0,5,5,3,1,0,1,92,88,0,4
1990,"NICHOLAS",54067,87,79,3,0,5,14,11,3,0,0,73,68,0,5
1991,"NICHOLAS",54067,83,68,2,0,13,16,8,2,0,6,67,60,0,7
1992,"NICHOLAS",54067,84,71,2,0,11,10,7,2,0,1,74,64,0,10
1993,"NICHOLAS",54067,59,51,3,0,5,7,1,3,0,3,52,50,0,2
1994,"NICHOLAS",54067,52,43,6,0,3,13,7,6,0,0,39,36,0,3
1995,"NICHOLAS",54067,62,52,2,0,8,7,5,2,0,0,55,47,0,8
1996,"NICHOLAS",54067,73,68,0,0,5,1,1,0,0,0,72,67,0,5
1997,"NICHOLAS",54067,107,97,2,0,8,4,0,2,0,2,103,97,0,6
1998,"NICHOLAS",54067,104,96,0,0,8,3,1,0,0,2,101,95,0,6
1999,"NICHOLAS",54067,136,122,4,0,10,8,2,4,0,2,128,120,0,8
2000,"NICHOLAS",54067,108,103,1,0,4,5,4,1,0,0,103,99,0,4
2001,"NICHOLAS",54067,180,172,1,0,7,7,6,1,0,0,173,166,0,7
2002,"NICHOLAS",54067,150,141,0,0,9,5,5,0,0,0,145,136,0,9
2003,"NICHOLAS",54067,157,151,2,0,4,6,4,2,0,0,151,147,0,4
1990,"OHIO",54069,65,64,0,0,1,8,8,0,0,0,57,56,0,1
1991,"OHIO",54069,87,78,3,0,6,10,7,3,0,0,77,71,0,6
1992,"OHIO",54069,91,82,2,0,7,11,8,2,0,1,80,74,0,6
1993,"OHIO",54069,95,85,0,0,10,5,3,0,0,2,90,82,0,8
1994,"OHIO",54069,96,83,2,0,11,16,12,2,0,2,80,71,0,9
1995,"OHIO",54069,143,124,2,0,17,15,8,2,0,5,128,116,0,12
1996,"OHIO",54069,199,188,2,0,9,14,11,2,0,1,185,177,0,8
1997,"OHIO",54069,284,261,5,0,18,21,9,5,0,7,263,252,0,11
1998,"OHIO",54069,270,262,0,0,8,9,9,0,0,0,261,253,0,8
1999,"OHIO",54069,249,228,2,0,19,17,14,2,0,1,232,214,0,18
2000,"OHIO",54069,232,213,2,0,17,10,8,1,0,1,222,205,1,16
2001,"OHIO",54069,243,227,1,0,15,14,11,1,0,2,229,216,0,13
2002,"OHIO",54069,312,291,1,0,20,15,13,1,0,1,297,278,0,19
2003,"OHIO",54069,322,296,2,0,24,13,9,2,0,2,309,287,0,22
1990,"PENDLETON",54071,9,8,0,0,1,1,1,0,0,0,8,7,0,1
1991,"PENDLETON",54071,8,7,0,1,0,2,1,0,1,0,6,6,0,0
1992,"PENDLETON",54071,6,6,0,0,0,1,1,0,0,0,5,5,0,0
1993,"PENDLETON",54071,8,5,0,2,1,2,0,0,2,0,6,5,0,1
1994,"PENDLETON",54071,5,5,0,0,0,0,0,0,0,0,5,5,0,0
1995,"PENDLETON",54071,5,5,0,0,0,1,1,0,0,0,4,4,0,0
1996,"PENDLETON",54071,9,9,0,0,0,1,1,0,0,0,8,8,0,0
1997,"PENDLETON",54071,11,11,0,0,0,1,1,0,0,0,10,10,0,0
1998,"PENDLETON",54071,13,13,0,0,0,0,0,0,0,0,13,13,0,0
1999,"PENDLETON",54071,17,17,0,0,0,1,1,0,0,0,16,16,0,0
2000,"PENDLETON",54071,14,14,0,0,0,0,0,0,0,0,14,14,0,0
2001,"PENDLETON",54071,11,11,0,0,0,0,0,0,0,0,11,11,0,0
2002,"PENDLETON",54071,29,27,0,0,2,1,1,0,0,0,28,26,0,2
2003,"PENDLETON",54071,15,15,0,0,0,1,1,0,0,0,14,14,0,0
1990,"PLEASANTS",54073,16,16,0,0,0,2,2,0,0,0,14,14,0,0
1991,"PLEASANTS",54073,19,18,0,0,1,1,1,0,0,0,18,17,0,1
1992,"PLEASANTS",54073,27,26,0,0,1,6,5,0,0,1,21,21,0,0
1993,"PLEASANTS",54073,16,16,0,0,0,1,1,0,0,0,15,15,0,0
1994,"PLEASANTS",54073,12,12,0,0,0,1,1,0,0,0,11,11,0,0
1995,"PLEASANTS",54073,19,17,1,0,1,3,2,1,0,0,16,15,0,1
1996,"PLEASANTS",54073,45,44,0,0,1,3,3,0,0,0,42,41,0,1
1997,"PLEASANTS",54073,43,43,0,0,0,3,3,0,0,0,40,40,0,0
1998,"PLEASANTS",54073,33,31,0,0,2,2,2,0,0,0,31,29,0,2
1999,"PLEASANTS",54073,33,33,0,0,0,0,0,0,0,0,33,33,0,0
2000,"PLEASANTS",54073,29,27,0,0,2,1,1,0,0,0,28,26,0,2
2001,"PLEASANTS",54073,42,42,0,0,0,0,0,0,0,0,42,42,0,0
2002,"PLEASANTS",54073,38,38,0,0,0,2,2,0,0,0,36,36,0,0
2003,"PLEASANTS",54073,25,24,0,0,1,1,1,0,0,0,24,23,0,1
1990,"POCAHONTAS",54075,8,6,1,0,1,3,2,1,0,0,5,4,0,1
1991,"POCAHONTAS",54075,9,7,0,0,2,1,1,0,0,0,8,6,0,2
1992,"POCAHONTAS",54075,8,6,0,0,2,1,1,0,0,0,7,5,0,2
1993,"POCAHONTAS",54075,9,6,0,0,3,1,0,0,0,1,8,6,0,2
1994,"POCAHONTAS",54075,16,13,0,0,3,2,2,0,0,0,14,11,0,3
1995,"POCAHONTAS",54075,18,11,2,0,5,2,0,1,0,1,16,11,1,4
1996,"POCAHONTAS",54075,18,15,1,0,2,1,0,1,0,0,17,15,0,2
1997,"POCAHONTAS",54075,28,26,0,0,2,1,1,0,0,0,27,25,0,2
1998,"POCAHONTAS",54075,31,28,0,0,3,0,0,0,0,0,31,28,0,3
1999,"POCAHONTAS",54075,32,28,0,0,4,1,1,0,0,0,31,27,0,4
2000,"POCAHONTAS",54075,30,26,0,0,4,3,3,0,0,0,27,23,0,4
2001,"POCAHONTAS",54075,34,30,0,0,4,1,1,0,0,0,33,29,0,4
2002,"POCAHONTAS",54075,28,26,0,0,2,0,0,0,0,0,28,26,0,2
2003,"POCAHONTAS",54075,16,16,0,0,0,0,0,0,0,0,16,16,0,0
1990,"PRESTON",54077,67,53,10,0,4,17,6,10,0,1,50,47,0,3
1991,"PRESTON",54077,51,47,2,0,2,9,5,2,0,2,42,42,0,0
1992,"PRESTON",54077,42,40,1,0,1,4,3,1,0,0,38,37,0,1
1993,"PRESTON",54077,34,31,0,0,3,2,1,0,0,1,32,30,0,2
1994,"PRESTON",54077,43,39,1,0,3,2,1,1,0,0,41,38,0,3
1995,"PRESTON",54077,52,47,0,0,5,4,4,0,0,0,48,43,0,5
1996,"PRESTON",54077,95,86,0,0,9,6,5,0,0,1,89,81,0,8
1997,"PRESTON",54077,111,103,0,1,7,11,7,0,1,3,100,96,0,4
1998,"PRESTON",54077,107,102,1,0,4,6,5,1,0,0,101,97,0,4
1999,"PRESTON",54077,83,82,0,0,1,3,3,0,0,0,80,79,0,1
2000,"PRESTON",54077,107,104,0,0,3,5,5,0,0,0,102,99,0,3
2001,"PRESTON",54077,128,123,0,0,5,4,3,0,0,1,124,120,0,4
2002,"PRESTON",54077,132,127,0,0,5,1,1,0,0,0,131,126,0,5
2003,"PRESTON",54077,129,121,0,0,8,1,1,0,0,0,128,120,0,8
1990,"PUTNAM",54079,85,64,0,0,21,11,9,0,0,2,74,55,0,19
1991,"PUTNAM",54079,127,93,3,0,31,17,12,3,0,2,110,81,0,29
1992,"PUTNAM",54079,154,106,1,0,47,14,8,1,0,5,140,98,0,42
1993,"PUTNAM",54079,92,77,0,0,15,7,7,0,0,0,85,70,0,15
1994,"PUTNAM",54079,92,71,0,0,21,7,6,0,0,1,85,65,0,20
1995,"PUTNAM",54079,99,61,3,0,35,9,4,3,0,2,90,57,0,33
1996,"PUTNAM",54079,141,121,0,0,20,4,3,0,0,1,137,118,0,19
1997,"PUTNAM",54079,204,169,1,0,34,5,3,0,0,2,199,166,1,32
1998,"PUTNAM",54079,213,197,1,0,15,5,2,1,0,2,208,195,0,13
1999,"PUTNAM",54079,191,175,1,0,15,6,4,1,0,1,185,171,0,14
2000,"PUTNAM",54079,230,219,0,0,11,4,4,0,0,0,226,215,0,11
2001,"PUTNAM",54079,309,280,1,0,28,7,6,1,0,0,302,274,0,28
2002,"PUTNAM",54079,287,256,2,0,29,10,6,2,0,2,277,250,0,27
2003,"PUTNAM",54079,332,295,4,0,33,13,8,4,0,1,319,287,0,32
1990,"RALEIGH",54081,162,147,7,0,8,16,9,7,0,0,146,138,0,8
1991,"RALEIGH",54081,167,155,4,0,8,13,9,4,0,0,154,146,0,8
1992,"RALEIGH",54081,201,169,21,0,11,39,18,20,0,1,162,151,1,10
1993,"RALEIGH",54081,178,165,4,0,9,23,18,4,0,1,155,147,0,8
1994,"RALEIGH",54081,191,181,4,0,6,19,12,4,0,3,172,169,0,3
1995,"RALEIGH",54081,185,177,2,0,6,10,5,2,0,3,175,172,0,3
1996,"RALEIGH",54081,256,239,5,0,12,13,8,5,0,0,243,231,0,12
1997,"RALEIGH",54081,362,354,1,0,7,11,10,1,0,0,351,344,0,7
1998,"RALEIGH",54081,398,385,7,0,6,15,5,7,0,3,383,380,0,3
1999,"RALEIGH",54081,315,303,5,0,7,12,7,4,0,1,303,296,1,6
2000,"RALEIGH",54081,433,422,2,0,9,16,13,2,0,1,417,409,0,8
2001,"RALEIGH",54081,395,379,7,0,9,16,9,7,0,0,379,370,0,9
2002,"RALEIGH",54081,401,372,11,0,18,19,8,11,0,0,382,364,0,18
2003,"RALEIGH",54081,505,488,0,0,17,10,9,0,0,1,495,479,0,16
1990,"RANDOLPH",54083,26,26,0,0,0,6,6,0,0,0,20,20,0,0
1991,"RANDOLPH",54083,46,46,0,0,0,9,9,0,0,0,37,37,0,0
1992,"RANDOLPH",54083,37,32,2,0,3,7,3,2,0,2,30,29,0,1
1993,"RANDOLPH",54083,42,42,0,0,0,3,3,0,0,0,39,39,0,0
1994,"RANDOLPH",54083,37,37,0,0,0,8,8,0,0,0,29,29,0,0
1995,"RANDOLPH",54083,49,45,0,0,4,5,3,0,0,2,44,42,0,2
1996,"RANDOLPH",54083,66,65,0,0,1,7,7,0,0,0,59,58,0,1
1997,"RANDOLPH",54083,110,109,0,0,1,7,7,0,0,0,103,102,0,1
1998,"RANDOLPH",54083,110,106,0,0,4,5,5,0,0,0,105,101,0,4
1999,"RANDOLPH",54083,125,120,1,0,4,3,2,1,0,0,122,118,0,4
2000,"RANDOLPH",54083,130,126,1,0,3,1,0,1,0,0,129,126,0,3
2001,"RANDOLPH",54083,134,129,0,0,5,2,1,0,0,1,132,128,0,4
2002,"RANDOLPH",54083,128,121,0,0,7,2,2,0,0,0,126,119,0,7
2003,"RANDOLPH",54083,124,120,0,0,4,0,0,0,0,0,124,120,0,4
1990,"RITCHIE",54085,13,13,0,0,0,1,1,0,0,0,12,12,0,0
1991,"RITCHIE",54085,24,23,0,0,1,3,3,0,0,0,21,20,0,1
1992,"RITCHIE",54085,20,19,0,0,1,2,2,0,0,0,18,17,0,1
1993,"RITCHIE",54085,15,15,0,0,0,0,0,0,0,0,15,15,0,0
1994,"RITCHIE",54085,11,10,0,0,1,1,1,0,0,0,10,9,0,1
1995,"RITCHIE",54085,28,27,0,0,1,0,0,0,0,0,28,27,0,1
1996,"RITCHIE",54085,48,48,0,0,0,3,3,0,0,0,45,45,0,0
1997,"RITCHIE",54085,64,62,1,0,1,3,2,1,0,0,61,60,0,1
1998,"RITCHIE",54085,47,46,1,0,0,3,2,1,0,0,44,44,0,0
1999,"RITCHIE",54085,51,49,0,0,2,1,1,0,0,0,50,48,0,2
2000,"RITCHIE",54085,54,54,0,0,0,0,0,0,0,0,54,54,0,0
2001,"RITCHIE",54085,54,53,1,0,0,1,0,1,0,0,53,53,0,0
2002,"RITCHIE",54085,64,63,0,0,1,1,1,0,0,0,63,62,0,1
2003,"RITCHIE",54085,31,30,1,0,0,2,1,1,0,0,29,29,0,0
1990,"ROANE",54087,26,22,0,0,4,0,0,0,0,0,26,22,0,4
1991,"ROANE",54087,43,36,2,0,5,7,4,2,0,1,36,32,0,4
1992,"ROANE",54087,31,29,0,0,2,2,1,0,0,1,29,28,0,1
1993,"ROANE",54087,26,24,0,0,2,1,0,0,0,1,25,24,0,1
1994,"ROANE",54087,28,25,0,0,3,5,4,0,0,1,23,21,0,2
1995,"ROANE",54087,26,24,0,0,2,1,1,0,0,0,25,23,0,2
1996,"ROANE",54087,36,32,0,0,4,5,5,0,0,0,31,27,0,4
1997,"ROANE",54087,53,47,0,0,6,0,0,0,0,0,53,47,0,6
1998,"ROANE",54087,65,60,1,0,4,3,2,1,0,0,62,58,0,4
1999,"ROANE",54087,48,44,0,0,4,0,0,0,0,0,48,44,0,4
2000,"ROANE",54087,71,68,0,0,3,2,2,0,0,0,69,66,0,3
2001,"ROANE",54087,73,72,0,0,1,0,0,0,0,0,73,72,0,1
2002,"ROANE",54087,65,63,0,0,2,1,1,0,0,0,64,62,0,2
2003,"ROANE",54087,72,63,0,0,9,1,1,0,0,0,71,62,0,9
1990,"SUMMERS",54089,24,23,1,0,0,2,1,1,0,0,22,22,0,0
1991,"SUMMERS",54089,25,24,0,0,1,1,0,0,0,1,24,24,0,0
1992,"SUMMERS",54089,34,32,0,0,2,1,1,0,0,0,33,31,0,2
1993,"SUMMERS",54089,21,21,0,0,0,2,2,0,0,0,19,19,0,0
1994,"SUMMERS",54089,20,19,0,0,1,4,3,0,0,1,16,16,0,0
1995,"SUMMERS",54089,28,24,0,0,4,2,2,0,0,0,26,22,0,4
1996,"SUMMERS",54089,34,33,0,0,1,0,0,0,0,0,34,33,0,1
1997,"SUMMERS",54089,52,49,2,0,1,5,3,2,0,0,47,46,0,1
1998,"SUMMERS",54089,48,47,0,0,1,0,0,0,0,0,48,47,0,1
1999,"SUMMERS",54089,62,56,3,0,3,5,2,3,0,0,57,54,0,3
2000,"SUMMERS",54089,72,70,2,0,0,3,1,2,0,0,69,69,0,0
2001,"SUMMERS",54089,73,72,0,0,1,0,0,0,0,0,73,72,0,1
2002,"SUMMERS",54089,85,83,0,0,2,3,3,0,0,0,82,80,0,2
2003,"SUMMERS",54089,85,80,1,0,4,2,1,1,0,0,83,79,0,4
1990,"TAYLOR",54091,38,30,0,0,8,2,2,0,0,0,36,28,0,8
1991,"TAYLOR",54091,37,28,0,0,9,6,3,0,0,3,31,25,0,6
1992,"TAYLOR",54091,34,30,0,0,4,5,3,0,0,2,29,27,0,2
1993,"TAYLOR",54091,23,16,1,0,6,4,1,1,0,2,19,15,0,4
1994,"TAYLOR",54091,22,20,0,0,2,2,2,0,0,0,20,18,0,2
1995,"TAYLOR",54091,27,21,0,0,6,2,1,0,0,1,25,20,0,5
1996,"TAYLOR",54091,53,46,0,0,7,4,4,0,0,0,49,42,0,7
1997,"TAYLOR",54091,70,65,0,0,5,2,2,0,0,0,68,63,0,5
1998,"TAYLOR",54091,73,64,0,0,9,2,1,0,0,1,71,63,0,8
1999,"TAYLOR",54091,84,76,1,0,7,2,1,1,0,0,82,75,0,7
2000,"TAYLOR",54091,74,69,1,0,4,3,2,1,0,0,71,67,0,4
2001,"TAYLOR",54091,73,67,0,0,6,0,0,0,0,0,73,67,0,6
2002,"TAYLOR",54091,64,59,1,0,4,3,2,1,0,0,61,57,0,4
2003,"TAYLOR",54091,96,90,0,0,6,2,2,0,0,0,94,88,0,6
1990,"TUCKER",54093,15,13,2,0,0,7,5,2,0,0,8,8,0,0
1991,"TUCKER",54093,10,9,1,0,0,3,2,1,0,0,7,7,0,0
1992,"TUCKER",54093,9,8,0,0,1,1,1,0,0,0,8,7,0,1
1993,"TUCKER",54093,11,10,1,0,0,5,4,1,0,0,6,6,0,0
1994,"TUCKER",54093,10,6,1,3,0,4,0,1,3,0,6,6,0,0
1995,"TUCKER",54093,7,7,0,0,0,1,1,0,0,0,6,6,0,0
1996,"TUCKER",54093,18,18,0,0,0,1,1,0,0,0,17,17,0,0
1997,"TUCKER",54093,13,12,1,0,0,2,1,1,0,0,11,11,0,0
1998,"TUCKER",54093,20,20,0,0,0,3,3,0,0,0,17,17,0,0
1999,"TUCKER",54093,22,21,0,0,1,1,1,0,0,0,21,20,0,1
2000,"TUCKER",54093,18,17,0,0,1,0,0,0,0,0,18,17,0,1
2001,"TUCKER",54093,29,28,0,0,1,0,0,0,0,0,29,28,0,1
2002,"TUCKER",54093,29,27,1,0,1,0,0,0,0,0,29,27,1,1
2003,"TUCKER",54093,29,27,1,0,1,1,0,1,0,0,28,27,0,1
1990,"TYLER",54095,6,6,0,0,0,1,1,0,0,0,5,5,0,0
1991,"TYLER",54095,19,17,0,0,2,1,1,0,0,0,18,16,0,2
1992,"TYLER",54095,12,10,0,0,2,2,2,0,0,0,10,8,0,2
1993,"TYLER",54095,15,14,1,0,0,3,2,1,0,0,12,12,0,0
1994,"TYLER",54095,10,9,0,0,1,0,0,0,0,0,10,9,0,1
1995,"TYLER",54095,13,13,0,0,0,0,0,0,0,0,13,13,0,0
1996,"TYLER",54095,22,22,0,0,0,1,1,0,0,0,21,21,0,0
1997,"TYLER",54095,34,34,0,0,0,1,1,0,0,0,33,33,0,0
1998,"TYLER",54095,48,47,0,0,1,1,1,0,0,0,47,46,0,1
1999,"TYLER",54095,39,39,0,0,0,1,1,0,0,0,38,38,0,0
2000,"TYLER",54095,32,28,0,0,4,3,2,0,0,1,29,26,0,3
2001,"TYLER",54095,37,36,0,0,1,2,1,0,0,1,35,35,0,0
2002,"TYLER",54095,50,48,0,0,2,1,1,0,0,0,49,47,0,2
2003,"TYLER",54095,43,43,0,0,0,1,1,0,0,0,42,42,0,0
1990,"UPSHUR",54097,42,37,1,0,4,3,3,0,0,0,39,34,1,4
1991,"UPSHUR",54097,52,47,2,0,3,7,5,2,0,0,45,42,0,3
1992,"UPSHUR",54097,36,33,2,0,1,5,3,2,0,0,31,30,0,1
1993,"UPSHUR",54097,33,29,0,0,4,0,0,0,0,0,33,29,0,4
1994,"UPSHUR",54097,25,23,0,0,2,3,2,0,0,1,22,21,0,1
1995,"UPSHUR",54097,50,48,1,0,1,5,4,1,0,0,45,44,0,1
1996,"UPSHUR",54097,54,52,0,0,2,3,2,0,0,1,51,50,0,1
1997,"UPSHUR",54097,90,87,0,0,3,2,2,0,0,0,88,85,0,3
1998,"UPSHUR",54097,85,78,2,0,5,11,8,2,0,1,74,70,0,4
1999,"UPSHUR",54097,91,81,2,0,8,9,5,2,0,2,82,76,0,6
2000,"UPSHUR",54097,82,77,0,1,4,1,0,0,1,0,81,77,0,4
2001,"UPSHUR",54097,83,76,1,0,6,1,0,1,0,0,82,76,0,6
2002,"UPSHUR",54097,101,91,0,0,10,1,1,0,0,0,100,90,0,10
2003,"UPSHUR",54097,90,85,0,0,5,1,1,0,0,0,89,84,0,5
1990,"WAYNE",54099,79,70,1,0,8,6,5,1,0,0,73,65,0,8
1991,"WAYNE",54099,120,96,2,0,22,5,3,2,0,0,115,93,0,22
1992,"WAYNE",54099,134,109,1,0,24,5,4,1,0,0,129,105,0,24
1993,"WAYNE",54099,87,62,0,0,25,2,2,0,0,0,85,60,0,25
1994,"WAYNE",54099,114,96,0,0,18,3,3,0,0,0,111,93,0,18
1995,"WAYNE",54099,134,112,1,0,21,4,1,1,0,2,130,111,0,19
1996,"WAYNE",54099,187,177,1,0,9,6,4,1,0,1,181,173,0,8
1997,"WAYNE",54099,214,204,0,0,10,3,1,0,0,2,211,203,0,8
1998,"WAYNE",54099,229,215,1,0,13,6,4,1,0,1,223,211,0,12
1999,"WAYNE",54099,217,208,2,0,7,2,0,2,0,0,215,208,0,7
2000,"WAYNE",54099,226,219,1,0,6,9,7,1,0,1,217,212,0,5
2001,"WAYNE",54099,234,223,2,0,9,10,6,2,0,2,224,217,0,7
2002,"WAYNE",54099,248,238,0,0,10,13,12,0,0,1,235,226,0,9
2003,"WAYNE",54099,290,275,0,0,15,6,4,0,0,2,284,271,0,13
1990,"WEBSTER",54101,17,12,0,0,5,3,2,0,0,1,14,10,0,4
1991,"WEBSTER",54101,18,14,0,0,4,6,4,0,0,2,12,10,0,2
1992,"WEBSTER",54101,12,9,0,0,3,4,3,0,0,1,8,6,0,2
1993,"WEBSTER",54101,13,11,0,0,2,1,1,0,0,0,12,10,0,2
1994,"WEBSTER",54101,11,10,0,0,1,5,5,0,0,0,6,5,0,1
1995,"WEBSTER",54101,19,14,3,0,2,6,3,3,0,0,13,11,0,2
1996,"WEBSTER",54101,15,15,0,0,0,0,0,0,0,0,15,15,0,0
1997,"WEBSTER",54101,27,27,0,0,0,1,1,0,0,0,26,26,0,0
1998,"WEBSTER",54101,27,25,1,0,1,4,3,1,0,0,23,22,0,1
1999,"WEBSTER",54101,26,23,0,0,3,0,0,0,0,0,26,23,0,3
2000,"WEBSTER",54101,32,32,0,0,0,1,1,0,0,0,31,31,0,0
2001,"WEBSTER",54101,46,44,0,0,2,1,1,0,0,0,45,43,0,2
2002,"WEBSTER",54101,60,58,0,0,2,0,0,0,0,0,60,58,0,2
2003,"WEBSTER",54101,39,38,0,0,1,0,0,0,0,0,39,38,0,1
1990,"WETZEL",54103,20,20,0,0,0,3,3,0,0,0,17,17,0,0
1991,"WETZEL",54103,16,15,0,0,1,1,1,0,0,0,15,14,0,1
1992,"WETZEL",54103,27,26,0,0,1,2,2,0,0,0,25,24,0,1
1993,"WETZEL",54103,27,26,0,0,1,3,3,0,0,0,24,23,0,1
1994,"WETZEL",54103,24,20,0,0,4,4,3,0,0,1,20,17,0,3
1995,"WETZEL",54103,40,31,1,0,8,5,3,1,0,1,35,28,0,7
1996,"WETZEL",54103,53,49,1,0,3,4,2,1,0,1,49,47,0,2
1997,"WETZEL",54103,77,75,0,0,2,3,2,0,0,1,74,73,0,1
1998,"WETZEL",54103,88,86,1,0,1,2,1,1,0,0,86,85,0,1
1999,"WETZEL",54103,78,78,0,0,0,3,3,0,0,0,75,75,0,0
2000,"WETZEL",54103,97,94,0,0,3,3,3,0,0,0,94,91,0,3
2001,"WETZEL",54103,101,99,0,0,2,4,4,0,0,0,97,95,0,2
2002,"WETZEL",54103,103,99,0,0,4,1,1,0,0,0,102,98,0,4
2003,"WETZEL",54103,99,97,0,0,2,0,0,0,0,0,99,97,0,2
1990,"WIRT",54105,14,13,0,0,1,2,2,0,0,0,12,11,0,1
1991,"WIRT",54105,7,7,0,0,0,1,1,0,0,0,6,6,0,0
1992,"WIRT",54105,4,4,0,0,0,0,0,0,0,0,4,4,0,0
1993,"WIRT",54105,11,11,0,0,0,0,0,0,0,0,11,11,0,0
1994,"WIRT",54105,3,3,0,0,0,0,0,0,0,0,3,3,0,0
1995,"WIRT",54105,9,9,0,0,0,0,0,0,0,0,9,9,0,0
1996,"WIRT",54105,26,24,2,0,0,2,0,2,0,0,24,24,0,0
1997,"WIRT",54105,25,25,0,0,0,4,4,0,0,0,21,21,0,0
1998,"WIRT",54105,28,28,0,0,0,2,2,0,0,0,26,26,0,0
1999,"WIRT",54105,18,17,0,0,1,0,0,0,0,0,18,17,0,1
2000,"WIRT",54105,18,16,0,0,2,0,0,0,0,0,18,16,0,2
2001,"WIRT",54105,21,21,0,0,0,0,0,0,0,0,21,21,0,0
2002,"WIRT",54105,30,30,0,0,0,1,1,0,0,0,29,29,0,0
2003,"WIRT",54105,33,31,0,0,2,0,0,0,0,0,33,31,0,2
1990,"WOOD",54107,191,185,3,0,3,15,10,3,0,2,176,175,0,1
1991,"WOOD",54107,242,232,6,0,3,23,15,6,0,1,219,217,0,2
1992,"WOOD",54107,269,263,3,0,3,22,18,3,0,1,247,245,0,2
1993,"WOOD",54107,186,184,0,0,2,4,3,0,0,1,182,181,0,1
1994,"WOOD",54107,212,203,5,0,4,9,6,3,0,0,203,197,2,4
1995,"WOOD",54107,254,249,1,0,4,9,7,0,0,2,245,242,1,2
1996,"WOOD",54107,412,406,0,0,6,8,8,0,0,0,404,398,0,6
1997,"WOOD",54107,470,459,4,0,7,19,14,4,0,1,451,445,0,6
1998,"WOOD",54107,471,464,2,0,5,13,10,2,0,1,458,454,0,4
1999,"WOOD",54107,402,390,4,0,8,12,7,4,0,1,390,383,0,7
2000,"WOOD",54107,396,388,1,0,7,7,6,1,0,0,389,382,0,7
2001,"WOOD",54107,478,468,1,0,9,18,17,1,0,0,460,451,0,9
2002,"WOOD",54107,525,509,3,0,13,26,23,3,0,0,499,486,0,13
2003,"WOOD",54107,585,573,3,0,9,18,14,3,0,1,567,559,0,8
1990,"WYOMING",54109,63,62,0,0,1,7,6,0,0,1,56,56,0,0
1991,"WYOMING",54109,60,56,2,0,2,9,6,2,0,1,51,50,0,1
1992,"WYOMING",54109,70,66,1,0,3,5,4,1,0,0,65,62,0,3
1993,"WYOMING",54109,67,65,2,0,0,6,4,2,0,0,61,61,0,0
1994,"WYOMING",54109,43,43,0,0,0,3,3,0,0,0,40,40,0,0
1995,"WYOMING",54109,67,66,0,0,1,4,4,0,0,0,63,62,0,1
1996,"WYOMING",54109,69,69,0,0,0,4,4,0,0,0,65,65,0,0
1997,"WYOMING",54109,110,107,0,0,3,8,7,0,0,1,102,100,0,2
1998,"WYOMING",54109,127,124,1,0,2,3,2,1,0,0,124,122,0,2
1999,"WYOMING",54109,128,125,1,0,2,5,4,1,0,0,123,121,0,2
2000,"WYOMING",54109,138,132,1,0,5,8,5,1,0,2,130,127,0,3
2001,"WYOMING",54109,148,144,1,0,3,3,2,1,0,0,145,142,0,3
2002,"WYOMING",54109,129,126,1,0,2,1,0,1,0,0,128,126,0,2
2003,"WYOMING",54109,125,120,1,0,4,2,1,1,0,0,123,119,0,4
1990,"ADAMS",55001,35,32,1,0,2,6,5,1,0,0,29,27,0,2
1991,"ADAMS",55001,28,23,0,0,5,6,4,0,0,2,22,19,0,3
1992,"ADAMS",55001,39,37,0,0,2,3,2,0,0,1,36,35,0,1
1993,"ADAMS",55001,28,25,0,0,3,3,3,0,0,0,25,22,0,3
1994,"ADAMS",55001,25,22,0,0,3,3,2,0,0,1,22,20,0,2
1995,"ADAMS",55001,25,25,0,0,0,5,5,0,0,0,20,20,0,0
1996,"ADAMS",55001,30,28,0,0,2,5,5,0,0,0,25,23,0,2
1997,"ADAMS",55001,36,34,1,0,1,3,2,1,0,0,33,32,0,1
1998,"ADAMS",55001,54,52,0,0,2,7,7,0,0,0,47,45,0,2
1999,"ADAMS",55001,49,44,0,0,5,8,8,0,0,0,41,36,0,5
2000,"ADAMS",55001,36,32,0,0,4,6,6,0,0,0,30,26,0,4
2001,"ADAMS",55001,48,39,0,0,9,4,3,0,0,1,44,36,0,8
2002,"ADAMS",55001,108,92,1,0,15,9,7,1,0,1,99,85,0,14
2003,"ADAMS",55001,108,92,0,0,16,7,7,0,0,0,101,85,0,16
1990,"ASHLAND",55003,17,15,1,0,1,6,5,1,0,0,11,10,0,1
1991,"ASHLAND",55003,23,23,0,0,0,9,9,0,0,0,14,14,0,0
1992,"ASHLAND",55003,21,20,1,0,0,4,3,1,0,0,17,17,0,0
1993,"ASHLAND",55003,13,12,0,0,1,3,3,0,0,0,10,9,0,1
1994,"ASHLAND",55003,15,15,0,0,0,6,6,0,0,0,9,9,0,0
1995,"ASHLAND",55003,24,24,0,0,0,3,3,0,0,0,21,21,0,0
1996,"ASHLAND",55003,37,37,0,0,0,8,8,0,0,0,29,29,0,0
1997,"ASHLAND",55003,53,52,0,0,1,12,12,0,0,0,41,40,0,1
1998,"ASHLAND",55003,53,52,0,0,1,8,7,0,0,1,45,45,0,0
1999,"ASHLAND",55003,42,42,0,0,0,2,2,0,0,0,40,40,0,0
2000,"ASHLAND",55003,31,30,0,0,1,3,2,0,0,1,28,28,0,0
2001,"ASHLAND",55003,44,42,2,0,0,6,4,2,0,0,38,38,0,0
2002,"ASHLAND",55003,46,43,2,0,1,9,7,2,0,0,37,36,0,1
2003,"ASHLAND",55003,49,48,0,0,1,7,6,0,0,1,42,42,0,0
1990,"BARRON",55005,73,71,1,0,1,21,19,1,0,1,52,52,0,0
1991,"BARRON",55005,84,77,5,0,2,26,21,5,0,0,58,56,0,2
1992,"BARRON",55005,105,94,2,1,8,27,23,2,1,1,78,71,0,7
1993,"BARRON",55005,99,84,6,6,3,26,13,6,6,1,73,71,0,2
1994,"BARRON",55005,81,72,1,4,4,15,9,1,4,1,66,63,0,3
1995,"BARRON",55005,98,98,0,0,0,20,20,0,0,0,78,78,0,0
1996,"BARRON",55005,147,139,2,1,5,30,26,2,1,1,117,113,0,4
1997,"BARRON",55005,200,190,6,1,3,39,30,6,1,2,161,160,0,1
1998,"BARRON",55005,167,159,5,1,2,30,24,5,1,0,137,135,0,2
1999,"BARRON",55005,130,126,0,0,4,15,14,0,0,1,115,112,0,3
2000,"BARRON",55005,131,119,3,1,8,15,10,3,1,1,116,109,0,7
2001,"BARRON",55005,174,165,3,0,6,7,5,2,0,0,167,160,1,6
2002,"BARRON",55005,162,156,1,0,5,11,9,1,0,1,151,147,0,4
2003,"BARRON",55005,208,199,3,0,6,18,16,2,0,0,190,183,1,6
1990,"BAYFIELD",55007,18,17,1,0,0,7,6,1,0,0,11,11,0,0
1991,"BAYFIELD",55007,20,19,0,0,1,6,6,0,0,0,14,13,0,1
1992,"BAYFIELD",55007,12,11,1,0,0,3,2,1,0,0,9,9,0,0
1993,"BAYFIELD",55007,8,7,0,0,1,0,0,0,0,0,8,7,0,1
1994,"BAYFIELD",55007,19,19,0,0,0,3,3,0,0,0,16,16,0,0
1995,"BAYFIELD",55007,19,18,1,0,0,9,8,1,0,0,10,10,0,0
1996,"BAYFIELD",55007,30,29,1,0,0,10,9,1,0,0,20,20,0,0
1997,"BAYFIELD",55007,33,31,0,0,2,10,9,0,0,1,23,22,0,1
1998,"BAYFIELD",55007,37,35,0,0,2,13,12,0,0,1,24,23,0,1
1999,"BAYFIELD",55007,29,26,1,1,1,3,2,0,1,0,26,24,1,1
2000,"BAYFIELD",55007,20,20,0,0,0,1,1,0,0,0,19,19,0,0
2001,"BAYFIELD",55007,28,28,0,0,0,1,1,0,0,0,27,27,0,0
2002,"BAYFIELD",55007,47,44,0,0,3,6,6,0,0,0,41,38,0,3
2003,"BAYFIELD",55007,42,41,0,0,1,5,5,0,0,0,37,36,0,1
1990,"BROWN",55009,417,403,1,0,13,43,43,0,0,0,374,360,1,13
1991,"BROWN",55009,372,363,3,1,5,23,18,3,1,1,349,345,0,4
1992,"BROWN",55009,387,376,0,1,10,19,16,0,1,2,368,360,0,8
1993,"BROWN",55009,346,334,1,2,9,23,19,0,2,2,323,315,1,7
1994,"BROWN",55009,313,308,3,0,2,22,19,3,0,0,291,289,0,2
1995,"BROWN",55009,375,363,2,0,10,22,19,2,0,1,353,344,0,9
1996,"BROWN",55009,503,497,1,0,5,20,19,1,0,0,483,478,0,5
1997,"BROWN",55009,598,587,3,0,8,14,11,3,0,0,584,576,0,8
1998,"BROWN",55009,625,612,1,0,12,13,11,1,0,1,612,601,0,11
1999,"BROWN",55009,597,588,2,0,7,11,9,2,0,0,586,579,0,7
2000,"BROWN",55009,592,578,2,0,12,13,11,2,0,0,579,567,0,12
2001,"BROWN",55009,851,796,1,0,54,12,11,1,0,0,839,785,0,54
2002,"BROWN",55009,915,852,2,0,61,18,16,2,0,0,897,836,0,61
2003,"BROWN",55009,1059,993,3,1,62,17,12,3,1,1,1042,981,0,61
1990,"BUFFALO",55011,22,20,0,1,1,3,2,0,1,0,19,18,0,1
1991,"BUFFALO",55011,26,20,2,3,1,9,5,1,3,0,17,15,1,1
1992,"BUFFALO",55011,24,21,0,0,3,6,6,0,0,0,18,15,0,3
1993,"BUFFALO",55011,25,21,0,2,2,6,4,0,2,0,19,17,0,2
1994,"BUFFALO",55011,11,10,1,0,0,1,0,1,0,0,10,10,0,0
1995,"BUFFALO",55011,19,19,0,0,0,2,2,0,0,0,17,17,0,0
1996,"BUFFALO",55011,33,29,1,0,3,5,3,1,0,1,28,26,0,2
1997,"BUFFALO",55011,24,23,0,0,1,4,4,0,0,0,20,19,0,1
1998,"BUFFALO",55011,24,21,0,1,2,4,2,0,1,1,20,19,0,1
1999,"BUFFALO",55011,26,25,0,0,1,6,6,0,0,0,20,19,0,1
2000,"BUFFALO",55011,23,21,0,0,2,3,2,0,0,1,20,19,0,1
2001,"BUFFALO",55011,37,34,0,0,3,4,4,0,0,0,33,30,0,3
2002,"BUFFALO",55011,32,28,0,0,4,3,3,0,0,0,29,25,0,4
2003,"BUFFALO",55011,45,41,1,0,3,2,2,0,0,0,43,39,1,3
1990,"BURNETT",55013,22,21,0,0,1,5,5,0,0,0,17,16,0,1
1991,"BURNETT",55013,50,49,1,0,0,12,11,1,0,0,38,38,0,0
1992,"BURNETT",55013,33,30,0,0,3,6,6,0,0,0,27,24,0,3
1993,"BURNETT",55013,24,24,0,0,0,4,4,0,0,0,20,20,0,0
1994,"BURNETT",55013,29,29,0,0,0,7,7,0,0,0,22,22,0,0
1995,"BURNETT",55013,31,27,1,0,3,8,7,1,0,0,23,20,0,3
1996,"BURNETT",55013,44,43,0,0,1,10,10,0,0,0,34,33,0,1
1997,"BURNETT",55013,57,52,0,0,5,10,8,0,0,2,47,44,0,3
1998,"BURNETT",55013,53,49,1,0,3,6,5,1,0,0,47,44,0,3
1999,"BURNETT",55013,35,35,0,0,0,4,4,0,0,0,31,31,0,0
2000,"BURNETT",55013,36,35,0,0,1,2,2,0,0,0,34,33,0,1
2001,"BURNETT",55013,53,51,0,0,2,3,3,0,0,0,50,48,0,2
2002,"BURNETT",55013,53,51,0,0,2,2,2,0,0,0,51,49,0,2
2003,"BURNETT",55013,68,63,0,0,5,3,3,0,0,0,65,60,0,5
1990,"CALUMET",55015,39,35,0,1,3,5,4,0,1,0,34,31,0,3
1991,"CALUMET",55015,41,36,0,2,3,5,2,0,2,1,36,34,0,2
1992,"CALUMET",55015,33,30,0,0,3,6,4,0,0,2,27,26,0,1
1993,"CALUMET",55015,27,27,0,0,0,1,1,0,0,0,26,26,0,0
1994,"CALUMET",55015,21,20,0,0,1,0,0,0,0,0,21,20,0,1
1995,"CALUMET",55015,19,19,0,0,0,1,1,0,0,0,18,18,0,0
1996,"CALUMET",55015,36,33,0,0,3,2,2,0,0,0,34,31,0,3
1997,"CALUMET",55015,39,36,0,1,2,1,0,0,1,0,38,36,0,2
1998,"CALUMET",55015,40,36,0,0,4,0,0,0,0,0,40,36,0,4
1999,"CALUMET",55015,33,31,0,0,2,0,0,0,0,0,33,31,0,2
2000,"CALUMET",55015,43,39,0,0,4,1,1,0,0,0,42,38,0,4
2001,"CALUMET",55015,58,56,0,0,2,2,2,0,0,0,56,54,0,2
2002,"CALUMET",55015,82,72,1,0,9,1,0,1,0,0,81,72,0,9
2003,"CALUMET",55015,98,87,0,0,11,2,0,0,0,2,96,87,0,9
1990,"CHIPPEWA",55017,79,69,5,0,5,22,16,5,0,1,57,53,0,4
1991,"CHIPPEWA",55017,81,76,0,1,4,21,19,0,1,1,60,57,0,3
1992,"CHIPPEWA",55017,155,145,5,1,4,34,27,5,1,1,121,118,0,3
1993,"CHIPPEWA",55017,144,133,4,0,7,32,25,4,0,3,112,108,0,4
1994,"CHIPPEWA",55017,88,81,2,0,5,13,10,2,0,1,75,71,0,4
1995,"CHIPPEWA",55017,130,116,2,2,10,31,22,2,2,5,99,94,0,5
1996,"CHIPPEWA",55017,125,107,2,0,16,24,18,2,0,4,101,89,0,12
1997,"CHIPPEWA",55017,134,124,1,0,9,26,22,1,0,3,108,102,0,6
1998,"CHIPPEWA",55017,176,173,2,0,1,32,29,2,0,1,144,144,0,0
1999,"CHIPPEWA",55017,170,162,1,0,7,22,20,1,0,1,148,142,0,6
2000,"CHIPPEWA",55017,189,169,1,0,19,12,11,1,0,0,177,158,0,19
2001,"CHIPPEWA",55017,235,220,4,0,11,22,18,3,0,1,213,202,1,10
2002,"CHIPPEWA",55017,244,221,2,1,20,12,9,2,1,0,232,212,0,20
2003,"CHIPPEWA",55017,280,252,4,0,24,24,20,3,0,1,256,232,1,23
1990,"CLARK",55019,38,35,1,0,2,20,18,1,0,1,18,17,0,1
1991,"CLARK",55019,46,40,1,1,4,14,10,1,1,2,32,30,0,2
1992,"CLARK",55019,35,32,1,1,1,15,13,1,1,0,20,19,0,1
1993,"CLARK",55019,22,22,0,0,0,8,8,0,0,0,14,14,0,0
1994,"CLARK",55019,31,30,0,0,1,10,10,0,0,0,21,20,0,1
1995,"CLARK",55019,32,29,0,1,2,13,12,0,1,0,19,17,0,2
1996,"CLARK",55019,36,29,0,4,3,13,6,0,4,3,23,23,0,0
1997,"CLARK",55019,36,34,0,0,2,11,9,0,0,2,25,25,0,0
1998,"CLARK",55019,32,30,0,2,0,9,7,0,2,0,23,23,0,0
1999,"CLARK",55019,44,42,0,0,2,5,4,0,0,1,39,38,0,1
2000,"CLARK",55019,37,35,1,0,1,4,3,1,0,0,33,32,0,1
2001,"CLARK",55019,57,51,2,0,4,3,1,2,0,0,54,50,0,4
2002,"CLARK",55019,113,105,1,1,6,13,9,1,1,2,100,96,0,4
2003,"CLARK",55019,119,113,0,1,5,19,15,0,1,3,100,98,0,2
1990,"COLUMBIA",55021,101,83,2,0,16,23,18,2,0,3,78,65,0,13
1991,"COLUMBIA",55021,117,93,2,2,20,21,14,2,2,3,96,79,0,17
1992,"COLUMBIA",55021,100,85,0,2,13,16,13,0,2,1,84,72,0,12
1993,"COLUMBIA",55021,95,78,2,1,14,24,20,2,1,1,71,58,0,13
1994,"COLUMBIA",55021,124,100,1,6,17,25,14,1,6,4,99,86,0,13
1995,"COLUMBIA",55021,129,109,1,1,18,21,16,1,1,3,108,93,0,15
1996,"COLUMBIA",55021,134,118,0,2,14,16,13,0,2,1,118,105,0,13
1997,"COLUMBIA",55021,197,172,3,1,21,23,18,3,1,1,174,154,0,20
1998,"COLUMBIA",55021,198,178,1,1,18,28,22,1,1,4,170,156,0,14
1999,"COLUMBIA",55021,184,164,2,0,18,15,11,2,0,2,169,153,0,16
2000,"COLUMBIA",55021,189,169,3,1,16,18,11,3,1,3,171,158,0,13
2001,"COLUMBIA",55021,238,204,2,0,32,12,7,2,0,3,226,197,0,29
2002,"COLUMBIA",55021,280,226,4,0,50,27,20,4,0,3,253,206,0,47
2003,"COLUMBIA",55021,330,265,0,0,65,13,11,0,0,2,317,254,0,63
1990,"CRAWFORD",55023,23,22,0,0,1,8,7,0,0,1,15,15,0,0
1991,"CRAWFORD",55023,33,29,2,1,1,8,5,1,1,1,25,24,1,0
1992,"CRAWFORD",55023,34,24,1,5,4,10,3,1,5,1,24,21,0,3
1993,"CRAWFORD",55023,28,23,1,3,1,7,3,1,3,0,21,20,0,1
1994,"CRAWFORD",55023,38,33,0,1,4,10,8,0,1,1,28,25,0,3
1995,"CRAWFORD",55023,33,23,3,6,1,10,2,2,6,0,23,21,1,1
1996,"CRAWFORD",55023,43,38,1,0,4,9,6,1,0,2,34,32,0,2
1997,"CRAWFORD",55023,43,37,2,0,4,10,6,1,0,3,33,31,1,1
1998,"CRAWFORD",55023,50,46,0,3,1,10,7,0,3,0,40,39,0,1
1999,"CRAWFORD",55023,45,41,0,0,4,10,7,0,0,3,35,34,0,1
2000,"CRAWFORD",55023,31,31,0,0,0,1,1,0,0,0,30,30,0,0
2001,"CRAWFORD",55023,63,58,0,0,5,2,2,0,0,0,61,56,0,5
2002,"CRAWFORD",55023,76,62,2,0,12,9,6,2,0,1,67,56,0,11
2003,"CRAWFORD",55023,70,68,0,0,2,3,3,0,0,0,67,65,0,2
1990,"DANE",55025,906,633,19,4,250,144,104,18,4,18,762,529,1,232
1991,"DANE",55025,979,729,15,1,234,123,86,15,1,21,856,643,0,213
1992,"DANE",55025,944,757,17,2,168,122,90,16,2,14,822,667,1,154
1993,"DANE",55025,893,637,50,1,205,140,65,47,1,27,753,572,3,178
1994,"DANE",55025,840,624,13,1,202,87,54,12,1,20,753,570,1,182
1995,"DANE",55025,1022,795,10,0,217,86,61,9,0,16,936,734,1,201
1996,"DANE",55025,1114,875,8,1,230,99,76,8,1,14,1015,799,0,216
1997,"DANE",55025,1188,979,9,1,199,115,86,9,1,19,1073,893,0,180
1998,"DANE",55025,1260,1109,4,0,147,114,90,4,0,20,1146,1019,0,127
1999,"DANE",55025,1271,1093,8,0,170,103,75,8,0,20,1168,1018,0,150
2000,"DANE",55025,1143,956,7,0,180,93,72,7,0,14,1050,884,0,166
2001,"DANE",55025,1479,1223,13,1,242,107,80,13,1,13,1372,1143,0,229
2002,"DANE",55025,1589,1338,5,0,246,97,74,3,0,20,1492,1264,2,226
2003,"DANE",55025,1751,1434,7,2,308,57,44,5,2,6,1694,1390,2,302
1990,"DODGE",55027,131,127,0,0,4,12,11,0,0,1,119,116,0,3
1991,"DODGE",55027,167,150,0,3,14,16,13,0,3,0,151,137,0,14
1992,"DODGE",55027,162,151,1,2,8,17,12,1,2,2,145,139,0,6
1993,"DODGE",55027,118,114,0,0,4,8,8,0,0,0,110,106,0,4
1994,"DODGE",55027,131,121,2,0,8,14,12,2,0,0,117,109,0,8
1995,"DODGE",55027,157,133,0,1,23,14,10,0,1,3,143,123,0,20
1996,"DODGE",55027,197,176,2,4,15,13,7,2,4,0,184,169,0,15
1997,"DODGE",55027,221,197,0,0,24,12,12,0,0,0,209,185,0,24
1998,"DODGE",55027,233,211,0,2,20,14,7,0,2,5,219,204,0,15
1999,"DODGE",55027,238,223,0,1,14,9,7,0,1,1,229,216,0,13
2000,"DODGE",55027,210,185,0,0,25,8,7,0,0,1,202,178,0,24
2001,"DODGE",55027,275,233,0,1,41,9,7,0,1,1,266,226,0,40
2002,"DODGE",55027,352,307,0,2,43,12,9,0,2,1,340,298,0,42
2003,"DODGE",55027,409,361,0,0,48,6,5,0,0,1,403,356,0,47
1990,"DOOR",55029,38,37,0,0,1,5,5,0,0,0,33,32,0,1
1991,"DOOR",55029,42,39,2,0,1,6,4,2,0,0,36,35,0,1
1992,"DOOR",55029,61,56,2,0,3,10,7,2,0,1,51,49,0,2
1993,"DOOR",55029,45,44,0,0,1,0,0,0,0,0,45,44,0,1
1994,"DOOR",55029,34,32,1,0,1,6,4,1,0,1,28,28,0,0
1995,"DOOR",55029,29,29,0,0,0,3,3,0,0,0,26,26,0,0
1996,"DOOR",55029,46,43,0,0,3,8,7,0,0,1,38,36,0,2
1997,"DOOR",55029,45,42,1,0,2,2,1,1,0,0,43,41,0,2
1998,"DOOR",55029,43,43,0,0,0,0,0,0,0,0,43,43,0,0
1999,"DOOR",55029,41,41,0,0,0,3,3,0,0,0,38,38,0,0
2000,"DOOR",55029,43,43,0,0,0,0,0,0,0,0,43,43,0,0
2001,"DOOR",55029,65,64,0,0,1,2,2,0,0,0,63,62,0,1
2002,"DOOR",55029,69,66,0,0,3,2,2,0,0,0,67,64,0,3
2003,"DOOR",55029,85,74,4,0,7,10,5,4,0,1,75,69,0,6
1990,"DOUGLAS",55031,61,59,2,0,0,11,9,2,0,0,50,50,0,0
1991,"DOUGLAS",55031,64,62,1,0,1,15,14,1,0,0,49,48,0,1
1992,"DOUGLAS",55031,68,67,0,0,1,10,10,0,0,0,58,57,0,1
1993,"DOUGLAS",55031,67,66,0,0,1,6,6,0,0,0,61,60,0,1
1994,"DOUGLAS",55031,55,55,0,0,0,11,11,0,0,0,44,44,0,0
1995,"DOUGLAS",55031,86,85,0,0,1,17,17,0,0,0,69,68,0,1
1996,"DOUGLAS",55031,152,149,1,0,2,19,18,1,0,0,133,131,0,2
1997,"DOUGLAS",55031,159,156,0,0,3,17,17,0,0,0,142,139,0,3
1998,"DOUGLAS",55031,200,191,0,0,9,25,23,0,0,2,175,168,0,7
1999,"DOUGLAS",55031,153,141,0,0,12,13,11,0,0,2,140,130,0,10
2000,"DOUGLAS",55031,143,130,2,0,11,9,7,1,0,1,134,123,1,10
2001,"DOUGLAS",55031,189,180,0,0,9,10,8,0,0,2,179,172,0,7
2002,"DOUGLAS",55031,184,173,1,0,10,7,4,1,0,2,177,169,0,8
2003,"DOUGLAS",55031,192,180,0,0,12,7,6,0,0,1,185,174,0,11
1990,"DUNN",55033,55,46,4,1,4,22,16,4,1,1,33,30,0,3
1991,"DUNN",55033,46,40,2,1,3,10,6,2,1,1,36,34,0,2
1992,"DUNN",55033,56,50,0,2,4,12,10,0,2,0,44,40,0,4
1993,"DUNN",55033,38,36,0,0,2,5,5,0,0,0,33,31,0,2
1994,"DUNN",55033,39,37,0,0,2,8,8,0,0,0,31,29,0,2
1995,"DUNN",55033,68,59,4,1,4,19,14,3,1,1,49,45,1,3
1996,"DUNN",55033,116,105,2,0,9,23,19,2,0,2,93,86,0,7
1997,"DUNN",55033,105,97,1,1,6,16,14,1,1,0,89,83,0,6
1998,"DUNN",55033,105,93,3,0,9,13,9,3,0,1,92,84,0,8
1999,"DUNN",55033,86,79,0,0,7,9,9,0,0,0,77,70,0,7
2000,"DUNN",55033,89,79,1,0,9,9,7,1,0,1,80,72,0,8
2001,"DUNN",55033,125,109,5,0,11,12,8,3,0,1,113,101,2,10
2002,"DUNN",55033,118,110,0,0,8,13,12,0,0,1,105,98,0,7
2003,"DUNN",55033,140,121,1,1,17,13,7,1,1,4,127,114,0,13
1990,"EAU CLAIRE",55035,146,125,10,1,10,35,24,10,1,0,111,101,0,10
1991,"EAU CLAIRE",55035,185,168,5,0,12,26,16,5,0,5,159,152,0,7
1992,"EAU CLAIRE",55035,94,87,0,0,7,18,16,0,0,2,76,71,0,5
1993,"EAU CLAIRE",55035,86,74,4,2,6,11,6,2,2,1,75,68,2,5
1994,"EAU CLAIRE",55035,160,154,0,0,6,16,14,0,0,2,144,140,0,4
1995,"EAU CLAIRE",55035,173,171,1,0,1,30,28,1,0,1,143,143,0,0
1996,"EAU CLAIRE",55035,223,209,6,0,8,48,38,6,0,4,175,171,0,4
1997,"EAU CLAIRE",55035,245,235,4,0,6,34,31,3,0,0,211,204,1,6
1998,"EAU CLAIRE",55035,209,190,3,0,16,27,20,3,0,4,182,170,0,12
1999,"EAU CLAIRE",55035,173,168,1,0,4,18,15,1,0,2,155,153,0,2
2000,"EAU CLAIRE",55035,205,193,5,0,7,18,14,3,0,1,187,179,2,6
2001,"EAU CLAIRE",55035,303,286,2,0,15,10,7,2,0,1,293,279,0,14
2002,"EAU CLAIRE",55035,390,357,2,0,31,16,15,0,0,1,374,342,2,30
2003,"EAU CLAIRE",55035,396,373,2,0,21,21,19,2,0,0,375,354,0,21
1990,"FLORENCE",55037,4,4,0,0,0,1,1,0,0,0,3,3,0,0
1991,"FLORENCE",55037,10,10,0,0,0,2,2,0,0,0,8,8,0,0
1992,"FLORENCE",55037,9,9,0,0,0,1,1,0,0,0,8,8,0,0
1993,"FLORENCE",55037,8,8,0,0,0,1,1,0,0,0,7,7,0,0
1994,"FLORENCE",55037,5,5,0,0,0,1,1,0,0,0,4,4,0,0
1995,"FLORENCE",55037,6,6,0,0,0,0,0,0,0,0,6,6,0,0
1996,"FLORENCE",55037,27,26,0,0,1,2,1,0,0,1,25,25,0,0
1997,"FLORENCE",55037,28,26,0,0,2,0,0,0,0,0,28,26,0,2
1998,"FLORENCE",55037,28,25,0,0,3,1,1,0,0,0,27,24,0,3
1999,"FLORENCE",55037,34,31,0,0,3,0,0,0,0,0,34,31,0,3
2000,"FLORENCE",55037,25,21,0,0,4,0,0,0,0,0,25,21,0,4
2001,"FLORENCE",55037,11,11,0,0,0,0,0,0,0,0,11,11,0,0
2002,"FLORENCE",55037,15,15,0,0,0,0,0,0,0,0,15,15,0,0
2003,"FLORENCE",55037,33,32,0,0,1,2,2,0,0,0,31,30,0,1
1990,"FOND DU LAC",55039,202,185,2,1,14,18,14,2,1,1,184,171,0,13
1991,"FOND DU LAC",55039,194,165,4,2,23,9,3,3,2,1,185,162,1,22
1992,"FOND DU LAC",55039,202,182,3,1,16,15,10,3,1,1,187,172,0,15
1993,"FOND DU LAC",55039,187,175,1,3,8,10,5,1,3,1,177,170,0,7
1994,"FOND DU LAC",55039,168,148,0,1,19,10,8,0,1,1,158,140,0,18
1995,"FOND DU LAC",55039,181,162,0,0,19,9,9,0,0,0,172,153,0,19
1996,"FOND DU LAC",55039,248,228,0,0,20,8,8,0,0,0,240,220,0,20
1997,"FOND DU LAC",55039,308,282,0,2,24,9,7,0,2,0,299,275,0,24
1998,"FOND DU LAC",55039,306,283,1,2,20,15,11,1,2,1,291,272,0,19
1999,"FOND DU LAC",55039,297,272,0,0,25,17,13,0,0,4,280,259,0,21
2000,"FOND DU LAC",55039,324,302,0,0,22,9,9,0,0,0,315,293,0,22
2001,"FOND DU LAC",55039,435,385,1,0,49,17,15,1,0,1,418,370,0,48
2002,"FOND DU LAC",55039,444,388,0,0,56,7,7,0,0,0,437,381,0,56
2003,"FOND DU LAC",55039,525,475,0,0,50,8,8,0,0,0,517,467,0,50
1990,"FOREST",55041,17,17,0,0,0,0,0,0,0,0,17,17,0,0
1991,"FOREST",55041,31,30,0,0,1,4,3,0,0,1,27,27,0,0
1992,"FOREST",55041,28,27,1,0,0,2,1,1,0,0,26,26,0,0
1993,"FOREST",55041,20,19,0,0,1,2,2,0,0,0,18,17,0,1
1994,"FOREST",55041,27,25,0,0,2,3,2,0,0,1,24,23,0,1
1995,"FOREST",55041,27,26,0,0,1,0,0,0,0,0,27,26,0,1
1996,"FOREST",55041,29,28,0,0,1,4,4,0,0,0,25,24,0,1
1997,"FOREST",55041,46,46,0,0,0,2,2,0,0,0,44,44,0,0
1998,"FOREST",55041,45,43,0,0,2,1,0,0,0,1,44,43,0,1
1999,"FOREST",55041,30,30,0,0,0,1,1,0,0,0,29,29,0,0
2000,"FOREST",55041,48,46,0,0,2,0,0,0,0,0,48,46,0,2
2001,"FOREST",55041,38,33,0,0,5,1,1,0,0,0,37,32,0,5
2002,"FOREST",55041,38,36,0,0,2,1,1,0,0,0,37,35,0,2
2003,"FOREST",55041,55,54,0,0,1,1,1,0,0,0,54,53,0,1
1990,"GRANT",55043,41,37,1,1,2,16,12,1,1,2,25,25,0,0
1991,"GRANT",55043,55,47,1,2,5,15,11,1,2,1,40,36,0,4
1992,"GRANT",55043,69,57,3,5,4,27,17,3,5,2,42,40,0,2
1993,"GRANT",55043,61,57,1,2,1,15,12,1,2,0,46,45,0,1
1994,"GRANT",55043,66,60,1,2,3,17,12,1,2,2,49,48,0,1
1995,"GRANT",55043,57,48,1,1,7,15,10,1,1,3,42,38,0,4
1996,"GRANT",55043,93,79,1,2,11,20,14,1,2,3,73,65,0,8
1997,"GRANT",55043,124,110,1,2,11,21,15,1,2,3,103,95,0,8
1998,"GRANT",55043,116,104,0,3,9,21,14,0,3,4,95,90,0,5
1999,"GRANT",55043,106,92,1,1,12,20,15,1,1,3,86,77,0,9
2000,"GRANT",55043,84,80,0,0,4,9,9,0,0,0,75,71,0,4
2001,"GRANT",55043,123,110,1,0,12,5,3,1,0,1,118,107,0,11
2002,"GRANT",55043,141,117,1,1,22,15,9,1,1,4,126,108,0,18
2003,"GRANT",55043,133,104,3,2,24,12,6,3,2,1,121,98,0,23
1990,"GREEN",55045,66,56,0,3,7,17,13,0,3,1,49,43,0,6
1991,"GREEN",55045,68,55,1,4,8,13,7,1,4,1,55,48,0,7
1992,"GREEN",55045,66,56,2,1,7,14,10,2,1,1,52,46,0,6
1993,"GREEN",55045,60,46,0,4,10,14,10,0,4,0,46,36,0,10
1994,"GREEN",55045,50,35,0,5,10,13,7,0,5,1,37,28,0,9
1995,"GREEN",55045,64,57,1,0,6,12,8,1,0,3,52,49,0,3
1996,"GREEN",55045,80,67,0,0,13,7,5,0,0,2,73,62,0,11
1997,"GREEN",55045,98,90,0,0,8,14,12,0,0,2,84,78,0,6
1998,"GREEN",55045,118,100,0,1,17,19,15,0,1,3,99,85,0,14
1999,"GREEN",55045,125,110,1,0,14,15,11,1,0,3,110,99,0,11
2000,"GREEN",55045,124,105,0,1,18,13,10,0,1,2,111,95,0,16
2001,"GREEN",55045,131,107,0,0,24,8,4,0,0,4,123,103,0,20
2002,"GREEN",55045,160,137,2,0,21,13,7,2,0,4,147,130,0,17
2003,"GREEN",55045,160,138,1,0,21,2,1,0,0,1,158,137,1,20
1990,"GREEN LAKE",55047,42,36,2,2,2,12,8,2,2,0,30,28,0,2
1991,"GREEN LAKE",55047,45,40,0,2,3,7,5,0,2,0,38,35,0,3
1992,"GREEN LAKE",55047,43,42,0,1,0,7,6,0,1,0,36,36,0,0
1993,"GREEN LAKE",55047,32,27,0,1,4,1,0,0,1,0,31,27,0,4
1994,"GREEN LAKE",55047,39,32,0,0,7,9,7,0,0,2,30,25,0,5
1995,"GREEN LAKE",55047,45,40,0,1,4,4,2,0,1,1,41,38,0,3
1996,"GREEN LAKE",55047,63,53,0,1,9,3,2,0,1,0,60,51,0,9
1997,"GREEN LAKE",55047,45,42,0,0,3,4,4,0,0,0,41,38,0,3
1998,"GREEN LAKE",55047,52,45,0,0,7,2,2,0,0,0,50,43,0,7
1999,"GREEN LAKE",55047,48,44,0,0,4,3,3,0,0,0,45,41,0,4
2000,"GREEN LAKE",55047,54,50,0,0,4,3,3,0,0,0,51,47,0,4
2001,"GREEN LAKE",55047,73,63,1,0,9,9,7,1,0,1,64,56,0,8
2002,"GREEN LAKE",55047,82,75,0,1,6,5,4,0,1,0,77,71,0,6
2003,"GREEN LAKE",55047,108,95,0,0,13,4,4,0,0,0,104,91,0,13
1990,"IOWA",55049,29,23,1,1,4,10,7,1,1,1,19,16,0,3
1991,"IOWA",55049,28,23,0,1,4,2,1,0,1,0,26,22,0,4
1992,"IOWA",55049,35,31,1,1,2,7,3,1,1,2,28,28,0,0
1993,"IOWA",55049,43,39,0,1,3,7,5,0,1,1,36,34,0,2
1994,"IOWA",55049,28,25,0,2,1,3,1,0,2,0,25,24,0,1
1995,"IOWA",55049,40,31,1,0,8,15,7,1,0,7,25,24,0,1
1996,"IOWA",55049,61,49,2,0,10,10,5,2,0,3,51,44,0,7
1997,"IOWA",55049,56,52,0,0,4,9,7,0,0,2,47,45,0,2
1998,"IOWA",55049,67,59,0,0,8,13,11,0,0,2,54,48,0,6
1999,"IOWA",55049,53,47,0,1,5,7,5,0,1,1,46,42,0,4
2000,"IOWA",55049,44,41,0,0,3,3,2,0,0,1,41,39,0,2
2001,"IOWA",55049,77,64,1,0,12,3,2,1,0,0,74,62,0,12
2002,"IOWA",55049,79,71,0,1,7,6,4,0,1,1,73,67,0,6
2003,"IOWA",55049,89,77,1,0,11,5,4,1,0,0,84,73,0,11
1990,"IRON",55051,4,4,0,0,0,1,1,0,0,0,3,3,0,0
1991,"IRON",55051,10,9,1,0,0,3,2,1,0,0,7,7,0,0
1992,"IRON",55051,7,7,0,0,0,4,4,0,0,0,3,3,0,0
1993,"IRON",55051,8,8,0,0,0,1,1,0,0,0,7,7,0,0
1994,"IRON",55051,5,4,0,0,1,2,1,0,0,1,3,3,0,0
1995,"IRON",55051,8,8,0,0,0,2,2,0,0,0,6,6,0,0
1996,"IRON",55051,10,9,0,0,1,3,3,0,0,0,7,6,0,1
1997,"IRON",55051,21,21,0,0,0,6,6,0,0,0,15,15,0,0
1998,"IRON",55051,17,16,1,0,0,4,3,1,0,0,13,13,0,0
1999,"IRON",55051,17,17,0,0,0,3,3,0,0,0,14,14,0,0
2000,"IRON",55051,21,21,0,0,0,3,3,0,0,0,18,18,0,0
2001,"IRON",55051,14,14,0,0,0,3,3,0,0,0,11,11,0,0
2002,"IRON",55051,33,31,0,0,2,9,7,0,0,2,24,24,0,0
2003,"IRON",55051,21,18,0,0,3,3,2,0,0,1,18,16,0,2
1990,"JACKSON",55053,31,27,1,1,2,12,9,1,1,1,19,18,0,1
1991,"JACKSON",55053,38,32,0,2,4,9,6,0,2,1,29,26,0,3
1992,"JACKSON",55053,29,27,0,1,1,6,4,0,1,1,23,23,0,0
1993,"JACKSON",55053,26,25,1,0,0,1,0,1,0,0,25,25,0,0
1994,"JACKSON",55053,24,23,0,1,0,3,2,0,1,0,21,21,0,0
1995,"JACKSON",55053,28,24,2,2,0,9,5,2,2,0,19,19,0,0
1996,"JACKSON",55053,48,45,2,0,1,7,5,2,0,0,41,40,0,1
1997,"JACKSON",55053,43,41,0,1,1,8,7,0,1,0,35,34,0,1
1998,"JACKSON",55053,49,45,2,0,2,7,5,2,0,0,42,40,0,2
1999,"JACKSON",55053,57,50,1,1,5,8,4,1,1,2,49,46,0,3
2000,"JACKSON",55053,55,52,1,0,2,2,1,1,0,0,53,51,0,2
2001,"JACKSON",55053,66,59,1,0,6,5,4,1,0,0,61,55,0,6
2002,"JACKSON",55053,78,73,0,1,4,12,9,0,1,2,66,64,0,2
2003,"JACKSON",55053,84,80,1,1,2,7,6,0,1,0,77,74,1,2
1990,"JEFFERSON",55055,150,134,1,0,15,27,26,1,0,0,123,108,0,15
1991,"JEFFERSON",55055,143,122,1,1,19,26,20,1,1,4,117,102,0,15
1992,"JEFFERSON",55055,123,104,2,1,16,25,21,2,1,1,98,83,0,15
1993,"JEFFERSON",55055,120,109,1,0,10,9,8,1,0,0,111,101,0,10
1994,"JEFFERSON",55055,112,96,1,0,15,12,10,1,0,1,100,86,0,14
1995,"JEFFERSON",55055,153,123,0,0,30,15,12,0,0,3,138,111,0,27
1996,"JEFFERSON",55055,186,160,1,0,25,14,10,1,0,3,172,150,0,22
1997,"JEFFERSON",55055,257,235,2,1,19,28,24,2,1,1,229,211,0,18
1998,"JEFFERSON",55055,272,247,0,1,24,27,23,0,1,3,245,224,0,21
1999,"JEFFERSON",55055,223,197,4,0,22,13,9,4,0,0,210,188,0,22
2000,"JEFFERSON",55055,212,182,1,0,29,17,14,1,0,2,195,168,0,27
2001,"JEFFERSON",55055,270,217,1,0,52,12,11,1,0,0,258,206,0,52
2002,"JEFFERSON",55055,342,290,1,0,51,15,11,0,0,4,327,279,1,47
2003,"JEFFERSON",55055,414,344,1,0,69,17,14,1,0,2,397,330,0,67
1990,"JUNEAU",55057,50,38,3,4,5,15,7,3,4,1,35,31,0,4
1991,"JUNEAU",55057,59,53,1,0,5,11,10,1,0,0,48,43,0,5
1992,"JUNEAU",55057,41,32,2,1,6,10,5,2,1,2,31,27,0,4
1993,"JUNEAU",55057,53,48,1,0,4,13,11,1,0,1,40,37,0,3
1994,"JUNEAU",55057,42,40,0,0,2,14,14,0,0,0,28,26,0,2
1995,"JUNEAU",55057,48,44,1,0,3,7,5,1,0,1,41,39,0,2
1996,"JUNEAU",55057,73,66,0,0,7,7,6,0,0,1,66,60,0,6
1997,"JUNEAU",55057,79,73,1,0,5,13,10,1,0,2,66,63,0,3
1998,"JUNEAU",55057,71,66,0,1,4,12,10,0,1,1,59,56,0,3
1999,"JUNEAU",55057,74,68,0,0,6,6,6,0,0,0,68,62,0,6
2000,"JUNEAU",55057,60,50,0,0,10,7,5,0,0,2,53,45,0,8
2001,"JUNEAU",55057,114,96,2,0,16,10,8,2,0,0,104,88,0,16
2002,"JUNEAU",55057,142,113,1,1,27,13,10,1,1,1,129,103,0,26
2003,"JUNEAU",55057,156,130,0,0,26,13,12,0,0,1,143,118,0,25
1990,"KENOSHA",55059,383,322,3,0,58,23,19,2,0,2,360,303,1,56
1991,"KENOSHA",55059,425,359,1,1,64,14,9,1,1,3,411,350,0,61
1992,"KENOSHA",55059,441,357,4,2,78,24,13,3,2,6,417,344,1,72
1993,"KENOSHA",55059,373,315,2,0,56,23,18,2,0,3,350,297,0,53
1994,"KENOSHA",55059,407,338,2,0,67,20,18,2,0,0,387,320,0,67
1995,"KENOSHA",55059,475,414,2,0,59,24,14,2,0,8,451,400,0,51
1996,"KENOSHA",55059,628,540,3,0,85,28,22,3,0,3,600,518,0,82
1997,"KENOSHA",55059,682,578,1,0,103,15,10,1,0,4,667,568,0,99
1998,"KENOSHA",55059,724,614,0,0,110,5,4,0,0,1,719,610,0,109
1999,"KENOSHA",55059,692,585,1,0,106,3,2,1,0,0,689,583,0,106
2000,"KENOSHA",55059,645,547,1,0,97,7,6,1,0,0,638,541,0,97
2001,"KENOSHA",55059,805,644,1,0,160,6,5,1,0,0,799,639,0,160
2002,"KENOSHA",55059,949,752,2,0,195,5,3,2,0,0,944,749,0,195
2003,"KENOSHA",55059,940,760,1,0,179,6,4,1,0,1,934,756,0,178
1990,"KEWAUNEE",55061,22,21,0,1,0,3,2,0,1,0,19,19,0,0
1991,"KEWAUNEE",55061,16,13,1,1,1,3,2,0,1,0,13,11,1,1
1992,"KEWAUNEE",55061,20,19,1,0,0,1,0,1,0,0,19,19,0,0
1993,"KEWAUNEE",55061,25,23,0,0,2,1,1,0,0,0,24,22,0,2
1994,"KEWAUNEE",55061,12,12,0,0,0,1,1,0,0,0,11,11,0,0
1995,"KEWAUNEE",55061,22,22,0,0,0,2,2,0,0,0,20,20,0,0
1996,"KEWAUNEE",55061,29,29,0,0,0,2,2,0,0,0,27,27,0,0
1997,"KEWAUNEE",55061,35,33,0,1,1,1,0,0,1,0,34,33,0,1
1998,"KEWAUNEE",55061,40,39,0,1,0,2,1,0,1,0,38,38,0,0
1999,"KEWAUNEE",55061,32,32,0,0,0,0,0,0,0,0,32,32,0,0
2000,"KEWAUNEE",55061,44,41,0,1,2,2,1,0,1,0,42,40,0,2
2001,"KEWAUNEE",55061,56,53,0,0,3,2,2,0,0,0,54,51,0,3
2002,"KEWAUNEE",55061,53,49,0,1,3,2,1,0,1,0,51,48,0,3
2003,"KEWAUNEE",55061,61,54,1,0,6,2,1,1,0,0,59,53,0,6
1990,"LA CROSSE",55063,198,182,6,1,9,30,22,6,1,1,168,160,0,8
1991,"LA CROSSE",55063,257,239,7,1,10,43,32,7,1,3,214,207,0,7
1992,"LA CROSSE",55063,230,215,7,1,7,34,23,7,1,3,196,192,0,4
1993,"LA CROSSE",55063,179,172,3,0,4,20,16,3,0,1,159,156,0,3
1994,"LA CROSSE",55063,199,190,3,1,5,22,14,3,1,4,177,176,0,1
1995,"LA CROSSE",55063,225,212,3,0,10,28,23,2,0,3,197,189,1,7
1996,"LA CROSSE",55063,293,276,13,1,3,52,37,13,1,1,241,239,0,2
1997,"LA CROSSE",55063,367,354,5,0,8,34,29,5,0,0,333,325,0,8
1998,"LA CROSSE",55063,358,345,6,1,6,40,33,6,1,0,318,312,0,6
1999,"LA CROSSE",55063,288,284,2,0,2,33,30,2,0,1,255,254,0,1
2000,"LA CROSSE",55063,317,304,2,1,10,26,21,2,1,2,291,283,0,8
2001,"LA CROSSE",55063,385,373,0,0,12,15,14,0,0,1,370,359,0,11
2002,"LA CROSSE",55063,417,399,3,1,14,35,30,3,1,1,382,369,0,13
2003,"LA CROSSE",55063,442,426,1,0,15,30,29,1,0,0,412,397,0,15
1990,"LAFAYETTE",55065,19,17,0,0,2,7,7,0,0,0,12,10,0,2
1991,"LAFAYETTE",55065,28,27,0,0,1,5,5,0,0,0,23,22,0,1
1992,"LAFAYETTE",55065,31,23,4,2,2,13,7,4,2,0,18,16,0,2
1993,"LAFAYETTE",55065,25,20,0,2,3,9,5,0,2,2,16,15,0,1
1994,"LAFAYETTE",55065,26,23,0,2,1,8,6,0,2,0,18,17,0,1
1995,"LAFAYETTE",55065,36,30,0,2,4,10,7,0,2,1,26,23,0,3
1996,"LAFAYETTE",55065,27,20,1,3,3,6,1,1,3,1,21,19,0,2
1997,"LAFAYETTE",55065,38,37,0,0,1,11,10,0,0,1,27,27,0,0
1998,"LAFAYETTE",55065,43,36,0,0,7,9,6,0,0,3,34,30,0,4
1999,"LAFAYETTE",55065,36,32,0,1,3,7,5,0,1,1,29,27,0,2
2000,"LAFAYETTE",55065,46,40,0,0,6,5,5,0,0,0,41,35,0,6
2001,"LAFAYETTE",55065,39,34,0,1,4,6,4,0,1,1,33,30,0,3
2002,"LAFAYETTE",55065,52,49,0,1,2,1,0,0,1,0,51,49,0,2
2003,"LAFAYETTE",55065,52,39,0,0,13,7,3,0,0,4,45,36,0,9
1990,"LANGLADE",55067,31,26,3,0,2,6,3,3,0,0,25,23,0,2
1991,"LANGLADE",55067,35,34,0,0,1,1,1,0,0,0,34,33,0,1
1992,"LANGLADE",55067,25,24,0,0,1,1,1,0,0,0,24,23,0,1
1993,"LANGLADE",55067,24,23,0,1,0,3,2,0,1,0,21,21,0,0
1994,"LANGLADE",55067,22,20,0,0,2,5,4,0,0,1,17,16,0,1
1995,"LANGLADE",55067,42,40,0,0,2,5,5,0,0,0,37,35,0,2
1996,"LANGLADE",55067,54,54,0,0,0,5,5,0,0,0,49,49,0,0
1997,"LANGLADE",55067,64,61,0,0,3,8,6,0,0,2,56,55,0,1
1998,"LANGLADE",55067,65,61,0,0,4,5,4,0,0,1,60,57,0,3
1999,"LANGLADE",55067,53,50,0,0,3,3,2,0,0,1,50,48,0,2
2000,"LANGLADE",55067,53,53,0,0,0,2,2,0,0,0,51,51,0,0
2001,"LANGLADE",55067,66,58,1,0,7,3,2,1,0,0,63,56,0,7
2002,"LANGLADE",55067,50,45,0,0,5,3,3,0,0,0,47,42,0,5
2003,"LANGLADE",55067,79,65,1,1,12,3,1,1,1,0,76,64,0,12
1990,"LINCOLN",55069,43,41,1,0,1,12,11,1,0,0,31,30,0,1
1991,"LINCOLN",55069,45,45,0,0,0,10,10,0,0,0,35,35,0,0
1992,"LINCOLN",55069,52,45,2,1,4,17,12,2,1,2,35,33,0,2
1993,"LINCOLN",55069,34,32,0,0,2,4,3,0,0,1,30,29,0,1
1994,"LINCOLN",55069,47,45,2,0,0,6,6,0,0,0,41,39,2,0
1995,"LINCOLN",55069,43,38,0,0,5,5,4,0,0,1,38,34,0,4
1996,"LINCOLN",55069,84,79,1,0,4,13,11,1,0,1,71,68,0,3
1997,"LINCOLN",55069,91,85,0,0,6,6,6,0,0,0,85,79,0,6
1998,"LINCOLN",55069,96,91,0,0,5,11,11,0,0,0,85,80,0,5
1999,"LINCOLN",55069,98,93,0,1,4,11,9,0,1,1,87,84,0,3
2000,"LINCOLN",55069,62,60,0,0,2,4,4,0,0,0,58,56,0,2
2001,"LINCOLN",55069,85,81,0,0,4,9,8,0,0,1,76,73,0,3
2002,"LINCOLN",55069,108,100,0,0,8,7,7,0,0,0,101,93,0,8
2003,"LINCOLN",55069,140,128,0,0,12,9,8,0,0,1,131,120,0,11
1990,"MANITOWOC",55071,106,99,1,1,5,14,13,0,1,0,92,86,1,5
1991,"MANITOWOC",55071,131,126,1,0,4,9,7,1,0,1,122,119,0,3
1992,"MANITOWOC",55071,101,98,0,0,3,6,6,0,0,0,95,92,0,3
1993,"MANITOWOC",55071,100,99,1,0,0,7,6,1,0,0,93,93,0,0
1994,"MANITOWOC",55071,113,109,1,0,3,8,7,1,0,0,105,102,0,3
1995,"MANITOWOC",55071,112,109,1,0,2,6,5,1,0,0,106,104,0,2
1996,"MANITOWOC",55071,143,137,0,0,6,9,9,0,0,0,134,128,0,6
1997,"MANITOWOC",55071,191,181,0,0,10,3,3,0,0,0,188,178,0,10
1998,"MANITOWOC",55071,176,168,0,0,8,3,3,0,0,0,173,165,0,8
1999,"MANITOWOC",55071,161,152,1,0,8,3,1,1,0,1,158,151,0,7
2000,"MANITOWOC",55071,164,153,0,1,10,1,0,0,1,0,163,153,0,10
2001,"MANITOWOC",55071,246,232,0,0,14,8,8,0,0,0,238,224,0,14
2002,"MANITOWOC",55071,274,251,0,1,22,3,2,0,1,0,271,249,0,22
2003,"MANITOWOC",55071,327,289,1,1,36,3,1,1,1,0,324,288,0,36
1990,"MARATHON",55073,140,127,0,1,12,33,28,0,1,4,107,99,0,8
1991,"MARATHON",55073,158,143,2,0,13,32,25,2,0,5,126,118,0,8
1992,"MARATHON",55073,148,133,1,1,13,29,23,1,1,4,119,110,0,9
1993,"MARATHON",55073,131,117,0,2,12,28,21,0,2,5,103,96,0,7
1994,"MARATHON",55073,133,120,3,2,8,30,23,3,2,2,103,97,0,6
1995,"MARATHON",55073,138,129,2,1,6,37,30,2,1,4,101,99,0,2
1996,"MARATHON",55073,222,204,1,1,16,33,27,1,1,4,189,177,0,12
1997,"MARATHON",55073,297,287,3,1,6,49,42,3,1,3,248,245,0,3
1998,"MARATHON",55073,286,266,0,2,18,45,38,0,2,5,241,228,0,13
1999,"MARATHON",55073,240,229,0,1,10,26,24,0,1,1,214,205,0,9
2000,"MARATHON",55073,253,236,6,0,11,21,10,6,0,5,232,226,0,6
2001,"MARATHON",55073,340,325,1,3,11,31,26,1,3,1,309,299,0,10
2002,"MARATHON",55073,412,387,0,2,23,41,33,0,2,6,371,354,0,17
2003,"MARATHON",55073,404,383,3,0,18,34,30,2,0,2,370,353,1,16
1990,"MARINETTE",55075,58,57,0,0,1,11,11,0,0,0,47,46,0,1
1991,"MARINETTE",55075,64,62,0,1,1,9,8,0,1,0,55,54,0,1
1992,"MARINETTE",55075,81,78,0,2,1,4,2,0,2,0,77,76,0,1
1993,"MARINETTE",55075,73,72,0,0,1,8,8,0,0,0,65,64,0,1
1994,"MARINETTE",55075,59,57,0,0,2,7,5,0,0,2,52,52,0,0
1995,"MARINETTE",55075,80,78,1,0,1,8,7,1,0,0,72,71,0,1
1996,"MARINETTE",55075,113,107,0,0,6,8,7,0,0,1,105,100,0,5
1997,"MARINETTE",55075,176,172,0,0,4,8,8,0,0,0,168,164,0,4
1998,"MARINETTE",55075,164,159,0,0,5,2,2,0,0,0,162,157,0,5
1999,"MARINETTE",55075,163,156,2,0,5,3,1,2,0,0,160,155,0,5
2000,"MARINETTE",55075,156,146,0,0,10,2,1,0,0,1,154,145,0,9
2001,"MARINETTE",55075,179,165,1,0,13,7,5,1,0,1,172,160,0,12
2002,"MARINETTE",55075,196,189,0,0,7,4,4,0,0,0,192,185,0,7
2003,"MARINETTE",55075,211,191,0,0,20,2,1,0,0,1,209,190,0,19
1990,"MARQUETTE",55077,23,20,0,0,3,4,4,0,0,0,19,16,0,3
1991,"MARQUETTE",55077,33,30,0,0,3,2,2,0,0,0,31,28,0,3
1992,"MARQUETTE",55077,36,33,0,0,3,6,6,0,0,0,30,27,0,3
1993,"MARQUETTE",55077,34,30,1,0,3,6,4,1,0,1,28,26,0,2
1994,"MARQUETTE",55077,28,27,0,0,1,6,6,0,0,0,22,21,0,1
1995,"MARQUETTE",55077,39,34,0,0,5,7,7,0,0,0,32,27,0,5
1996,"MARQUETTE",55077,54,36,6,3,9,13,4,6,3,0,41,32,0,9
1997,"MARQUETTE",55077,69,61,0,0,8,10,7,0,0,3,59,54,0,5
1998,"MARQUETTE",55077,63,58,0,1,4,1,0,0,1,0,62,58,0,4
1999,"MARQUETTE",55077,62,53,0,0,9,0,0,0,0,0,62,53,0,9
2000,"MARQUETTE",55077,46,43,0,0,3,4,4,0,0,0,42,39,0,3
2001,"MARQUETTE",55077,58,45,0,0,13,2,2,0,0,0,56,43,0,13
2002,"MARQUETTE",55077,66,58,0,1,7,4,3,0,1,0,62,55,0,7
2003,"MARQUETTE",55077,78,69,0,0,9,0,0,0,0,0,78,69,0,8
1990,"MENOMINEE",55078,3,1,0,0,2,2,0,0,0,2,1,1,0,0
1991,"MENOMINEE",55078,1,1,0,0,0,0,0,0,0,0,1,1,0,0
1992,"MENOMINEE",55078,2,2,0,0,0,0,0,0,0,0,2,2,0,0
1994,"MENOMINEE",55078,1,1,0,0,0,0,0,0,0,0,1,1,0,0
1995,"MENOMINEE",55078,3,3,0,0,0,1,1,0,0,0,2,2,0,0
1996,"MENOMINEE",55078,5,4,0,0,1,0,0,0,0,0,5,4,0,1
1997,"MENOMINEE",55078,17,13,0,0,4,1,1,0,0,0,16,12,0,4
1998,"MENOMINEE",55078,10,10,0,0,0,1,1,0,0,0,9,9,0,0
1999,"MENOMINEE",55078,12,10,0,0,2,0,0,0,0,0,12,10,0,2
2000,"MENOMINEE",55078,8,8,0,0,0,0,0,0,0,0,8,8,0,0
2001,"MENOMINEE",55078,6,4,0,0,2,0,0,0,0,0,6,4,0,2
2002,"MENOMINEE",55078,12,11,0,0,1,0,0,0,0,0,12,11,0,1
2003,"MENOMINEE",55078,11,9,0,0,2,0,0,0,0,0,11,9,0,2
1990,"MILWAUKEE",55079,3189,2632,25,0,532,162,109,24,0,29,3027,2523,1,503
1991,"MILWAUKEE",55079,4053,3306,49,0,698,168,98,48,0,22,3885,3208,1,676
1992,"MILWAUKEE",55079,3785,3150,25,1,609,121,84,25,1,11,3664,3066,0,598
1993,"MILWAUKEE",55079,3292,2726,30,0,536,103,56,30,0,17,3189,2670,0,519
1994,"MILWAUKEE",55079,3442,2601,16,0,825,118,80,16,0,22,3324,2521,0,803
1995,"MILWAUKEE",55079,4109,3020,14,0,1075,111,67,14,0,30,3998,2953,0,1045
1996,"MILWAUKEE",55079,5025,3598,8,0,1419,104,74,8,0,22,4921,3524,0,1397
1997,"MILWAUKEE",55079,5954,4581,10,0,1363,122,89,10,0,23,5832,4492,0,1340
1998,"MILWAUKEE",55079,6020,4664,13,0,1343,93,64,13,0,16,5927,4600,0,1327
1999,"MILWAUKEE",55079,6070,4654,15,0,1401,63,43,15,0,5,6007,4611,0,1396
2000,"MILWAUKEE",55079,5811,4279,16,0,1515,53,29,16,0,7,5758,4250,0,1508
2001,"MILWAUKEE",55079,6472,4818,2,0,1652,44,34,2,0,8,6428,4784,0,1644
2002,"MILWAUKEE",55079,7478,5512,7,1,1957,45,32,7,1,5,7433,5480,0,1952
2003,"MILWAUKEE",55079,8362,6288,2,0,2072,42,34,2,0,6,8320,6254,0,2066
1990,"MONROE",55081,54,48,0,0,6,10,10,0,0,0,44,38,0,6
1991,"MONROE",55081,80,76,0,1,3,25,24,0,1,0,55,52,0,3
1992,"MONROE",55081,80,74,0,2,4,9,7,0,2,0,71,67,0,4
1993,"MONROE",55081,84,71,2,4,7,19,11,2,4,2,65,60,0,5
1994,"MONROE",55081,79,75,0,1,3,13,12,0,1,0,66,63,0,3
1995,"MONROE",55081,116,106,1,1,8,22,16,1,1,4,94,90,0,4
1996,"MONROE",55081,132,122,0,5,5,25,17,0,5,3,107,105,0,2
1997,"MONROE",55081,132,125,0,3,4,24,20,0,3,1,108,105,0,3
1998,"MONROE",55081,142,135,0,5,2,24,18,0,5,1,118,117,0,1
1999,"MONROE",55081,106,97,0,1,8,20,18,0,1,1,86,79,0,7
2000,"MONROE",55081,138,130,1,0,7,16,11,1,0,4,122,119,0,3
2001,"MONROE",55081,165,150,1,0,14,14,8,1,0,5,151,142,0,9
2002,"MONROE",55081,148,134,0,0,14,12,11,0,0,1,136,123,0,13
2003,"MONROE",55081,177,171,0,1,5,12,10,0,1,1,165,161,0,4
1990,"OCONTO",55083,54,46,3,3,2,8,4,1,3,0,46,42,2,2
1991,"OCONTO",55083,54,52,1,1,0,6,4,1,1,0,48,48,0,0
1992,"OCONTO",55083,64,59,1,0,4,8,7,1,0,0,56,52,0,4
1993,"OCONTO",55083,66,60,0,3,3,9,6,0,3,0,57,54,0,3
1994,"OCONTO",55083,44,43,0,0,1,5,4,0,0,1,39,39,0,0
1995,"OCONTO",55083,59,58,1,0,0,2,1,1,0,0,57,57,0,0
1996,"OCONTO",55083,83,83,0,0,0,11,11,0,0,0,72,72,0,0
1997,"OCONTO",55083,89,86,0,0,3,5,5,0,0,0,84,81,0,3
1998,"OCONTO",55083,104,102,1,0,1,4,3,1,0,0,100,99,0,1
1999,"OCONTO",55083,110,108,0,0,2,2,2,0,0,0,108,106,0,2
2000,"OCONTO",55083,100,97,0,0,3,3,3,0,0,0,97,94,0,3
2001,"OCONTO",55083,154,152,0,0,2,1,1,0,0,0,153,151,0,2
2002,"OCONTO",55083,154,139,1,0,14,3,1,1,0,1,151,138,0,13
2003,"OCONTO",55083,177,169,0,0,8,2,1,0,0,1,175,168,0,7
1990,"ONEIDA",55085,88,85,0,0,3,15,13,0,0,2,73,72,0,1
1991,"ONEIDA",55085,99,95,0,1,3,36,33,0,1,2,63,62,0,1
1992,"ONEIDA",55085,94,89,1,0,4,19,18,1,0,0,75,71,0,4
1993,"ONEIDA",55085,84,80,1,0,3,16,15,1,0,0,68,65,0,3
1994,"ONEIDA",55085,90,85,0,0,5,27,25,0,0,2,63,60,0,3
1995,"ONEIDA",55085,96,92,0,0,4,17,14,0,0,3,79,78,0,1
1996,"ONEIDA",55085,133,127,1,0,5,24,21,1,0,2,109,106,0,3
1997,"ONEIDA",55085,167,155,3,0,9,38,30,3,0,5,129,125,0,4
1998,"ONEIDA",55085,161,150,4,0,7,29,23,4,0,2,132,127,0,5
1999,"ONEIDA",55085,155,146,2,0,7,19,16,2,0,1,136,130,0,6
2000,"ONEIDA",55085,124,122,0,0,2,12,11,0,0,1,112,111,0,1
2001,"ONEIDA",55085,152,144,1,0,7,9,8,1,0,0,143,136,0,7
2002,"ONEIDA",55085,147,136,1,0,10,13,10,1,0,2,134,126,0,8
2003,"ONEIDA",55085,183,170,2,0,11,16,13,2,0,1,167,157,0,10
1990,"OUTAGAMIE",55087,241,228,4,0,9,23,19,2,0,2,218,209,2,7
1991,"OUTAGAMIE",55087,274,253,12,0,9,20,7,12,0,1,254,246,0,8
1992,"OUTAGAMIE",55087,263,247,2,2,12,14,10,2,2,0,249,237,0,12
1993,"OUTAGAMIE",55087,253,237,5,1,10,25,18,5,1,1,228,219,0,9
1994,"OUTAGAMIE",55087,208,198,1,0,9,16,13,1,0,2,192,185,0,7
1995,"OUTAGAMIE",55087,237,225,2,2,8,19,14,2,2,1,218,211,0,7
1996,"OUTAGAMIE",55087,372,348,1,0,23,13,12,1,0,0,359,336,0,23
1997,"OUTAGAMIE",55087,392,370,3,0,19,14,11,3,0,0,378,359,0,19
1998,"OUTAGAMIE",55087,439,421,1,0,17,9,7,1,0,1,430,414,0,16
1999,"OUTAGAMIE",55087,421,398,3,0,20,12,7,3,0,2,409,391,0,18
2000,"OUTAGAMIE",55087,380,368,0,0,12,4,4,0,0,0,376,363,0,12
2001,"OUTAGAMIE",55087,492,464,1,0,27,10,8,1,0,1,482,456,0,26
2002,"OUTAGAMIE",55087,583,549,2,1,31,15,12,2,1,0,568,537,0,31
2003,"OUTAGAMIE",55087,740,686,0,0,54,15,14,0,0,1,725,672,0,53
1990,"OZAUKEE",55089,94,79,3,0,12,11,5,3,0,3,83,74,0,9
1991,"OZAUKEE",55089,116,105,1,1,9,8,4,1,1,2,108,101,0,7
1992,"OZAUKEE",55089,139,118,3,2,16,11,6,2,2,1,128,112,1,15
1993,"OZAUKEE",55089,139,124,5,0,10,8,4,4,0,0,131,120,1,10
1994,"OZAUKEE",55089,110,96,0,0,14,10,8,0,0,2,100,88,0,12
1995,"OZAUKEE",55089,134,107,3,0,24,10,5,3,0,2,124,102,0,22
1996,"OZAUKEE",55089,178,141,0,0,37,18,15,0,0,3,160,126,0,34
1997,"OZAUKEE",55089,218,188,3,0,27,10,5,3,0,2,208,183,0,25
1998,"OZAUKEE",55089,194,177,0,0,17,2,2,0,0,0,192,175,0,17
1999,"OZAUKEE",55089,133,117,1,0,15,10,9,1,0,0,123,108,0,15
2000,"OZAUKEE",55089,152,122,0,0,30,4,4,0,0,0,148,118,0,30
2001,"OZAUKEE",55089,201,170,2,0,29,10,7,2,0,1,191,163,0,28
2002,"OZAUKEE",55089,268,237,0,0,31,3,3,0,0,0,265,234,0,31
2003,"OZAUKEE",55089,268,218,1,0,49,7,5,1,0,1,261,213,0,48
1990,"PEPIN",55091,6,4,1,1,0,3,1,1,1,0,3,3,0,0
1991,"PEPIN",55091,19,14,3,0,2,5,2,3,0,0,14,12,0,2
1992,"PEPIN",55091,12,9,1,1,1,3,1,1,1,0,9,8,0,1
1993,"PEPIN",55091,10,10,0,0,0,2,2,0,0,0,8,8,0,0
1994,"PEPIN",55091,7,6,0,0,1,2,1,0,0,1,5,5,0,0
1995,"PEPIN",55091,16,15,0,0,1,3,3,0,0,0,13,12,0,1
1996,"PEPIN",55091,8,8,0,0,0,2,2,0,0,0,6,6,0,0
1997,"PEPIN",55091,15,14,0,0,1,1,1,0,0,0,14,13,0,1
1998,"PEPIN",55091,22,21,1,0,0,7,6,1,0,0,15,15,0,0
1999,"PEPIN",55091,14,14,0,0,0,0,0,0,0,0,14,14,0,0
2000,"PEPIN",55091,18,17,0,0,1,1,1,0,0,0,17,16,0,1
2001,"PEPIN",55091,19,19,0,0,0,1,1,0,0,0,18,18,0,0
2002,"PEPIN",55091,27,23,0,0,4,3,2,0,0,1,24,21,0,3
2003,"PEPIN",55091,29,28,0,0,1,1,1,0,0,0,28,27,0,1
1990,"PIERCE",55093,80,69,5,0,6,25,18,5,0,2,55,51,0,4
1991,"PIERCE",55093,84,76,2,0,6,13,11,2,0,0,71,65,0,6
1992,"PIERCE",55093,94,83,2,0,9,17,13,2,0,2,77,70,0,7
1993,"PIERCE",55093,56,50,0,0,6,6,5,0,0,1,50,45,0,5
1994,"PIERCE",55093,75,71,1,0,3,22,20,1,0,1,53,51,0,2
1995,"PIERCE",55093,84,78,0,2,4,18,15,0,2,1,66,63,0,3
1996,"PIERCE",55093,108,101,1,0,6,15,13,1,0,1,93,88,0,5
1997,"PIERCE",55093,106,98,2,0,6,17,16,1,0,0,89,82,1,6
1998,"PIERCE",55093,108,89,6,0,13,17,10,6,0,1,91,79,0,12
1999,"PIERCE",55093,75,69,0,0,6,8,8,0,0,0,67,61,0,6
2000,"PIERCE",55093,82,71,1,0,10,8,8,0,0,0,74,63,1,10
2001,"PIERCE",55093,98,89,1,1,7,3,1,1,1,0,95,88,0,7
2002,"PIERCE",55093,95,83,1,0,11,5,3,1,0,1,90,80,0,10
2003,"PIERCE",55093,102,95,1,0,6,7,5,1,0,1,95,90,0,5
1990,"POLK",55095,87,79,3,1,4,24,18,3,1,2,63,61,0,2
1991,"POLK",55095,92,88,3,1,0,22,18,3,1,0,70,70,0,0
1992,"POLK",55095,92,77,8,0,7,26,16,8,0,2,66,61,0,5
1993,"POLK",55095,74,62,4,1,7,17,10,4,1,2,57,52,0,5
1994,"POLK",55095,75,62,3,0,10,12,8,3,0,1,63,54,0,9
1995,"POLK",55095,83,68,3,0,12,22,16,3,0,3,61,52,0,9
1996,"POLK",55095,128,115,4,0,9,22,18,4,0,0,106,97,0,9
1997,"POLK",55095,119,112,1,0,6,13,12,1,0,0,106,100,0,6
1998,"POLK",55095,105,99,0,0,6,14,14,0,0,0,91,85,0,6
1999,"POLK",55095,91,79,0,2,10,14,9,0,2,3,77,70,0,7
2000,"POLK",55095,91,84,0,0,7,5,5,0,0,0,86,79,0,7
2001,"POLK",55095,157,151,0,0,6,5,4,0,0,1,152,147,0,5
2002,"POLK",55095,148,140,0,0,8,15,14,0,0,1,133,126,0,7
2003,"POLK",55095,170,158,0,0,12,9,9,0,0,0,161,149,0,12
1990,"PORTAGE",55097,65,57,2,1,5,28,22,2,1,3,37,35,0,2
1991,"PORTAGE",55097,75,70,3,0,2,18,15,3,0,0,57,55,0,2
1992,"PORTAGE",55097,69,61,1,1,6,15,9,1,1,4,54,52,0,2
1993,"PORTAGE",55097,50,47,1,0,2,8,6,1,0,1,42,41,0,1
1994,"PORTAGE",55097,49,42,2,0,5,14,11,2,0,1,35,31,0,4
1995,"PORTAGE",55097,58,54,0,0,4,14,11,0,0,3,44,43,0,1
1996,"PORTAGE",55097,77,70,0,0,7,10,10,0,0,0,67,60,0,7
1997,"PORTAGE",55097,126,122,1,0,3,14,12,1,0,1,112,110,0,2
1998,"PORTAGE",55097,118,110,3,0,5,22,18,3,0,1,96,92,0,4
1999,"PORTAGE",55097,94,91,0,0,3,7,7,0,0,0,87,84,0,3
2000,"PORTAGE",55097,112,104,0,0,8,22,20,0,0,2,90,84,0,6
2001,"PORTAGE",55097,157,154,0,1,2,10,9,0,1,0,147,145,0,2
2002,"PORTAGE",55097,178,171,1,0,6,11,8,1,0,2,167,163,0,4
2003,"PORTAGE",55097,198,192,0,1,5,9,7,0,1,1,189,185,0,4
1990,"PRICE",55099,21,17,4,0,0,11,7,4,0,0,10,10,0,0
1991,"PRICE",55099,22,20,1,0,1,6,5,1,0,0,16,15,0,1
1992,"PRICE",55099,16,14,2,0,0,7,5,2,0,0,9,9,0,0
1993,"PRICE",55099,18,18,0,0,0,4,4,0,0,0,14,14,0,0
1994,"PRICE",55099,18,17,0,0,1,6,5,0,0,1,12,12,0,0
1995,"PRICE",55099,22,22,0,0,0,2,2,0,0,0,20,20,0,0
1996,"PRICE",55099,26,25,1,0,0,5,4,1,0,0,21,21,0,0
1997,"PRICE",55099,28,26,2,0,0,4,2,2,0,0,24,24,0,0
1998,"PRICE",55099,36,35,0,0,1,4,4,0,0,0,32,31,0,1
1999,"PRICE",55099,30,29,0,0,1,6,6,0,0,0,24,23,0,1
2000,"PRICE",55099,21,21,0,0,0,3,3,0,0,0,18,18,0,0
2001,"PRICE",55099,31,30,0,0,1,3,3,0,0,0,28,27,0,1
2002,"PRICE",55099,39,39,0,0,0,3,3,0,0,0,36,36,0,0
2003,"PRICE",55099,50,45,1,0,4,4,4,0,0,0,46,41,1,4
1990,"RACINE",55101,531,417,4,0,110,29,14,4,0,11,502,403,0,99
1991,"RACINE",55101,568,455,6,1,106,33,20,5,1,7,535,435,1,99
1992,"RACINE",55101,513,415,5,2,91,31,16,5,2,8,482,399,0,83
1993,"RACINE",55101,482,412,3,0,67,27,15,2,0,10,455,397,1,57
1994,"RACINE",55101,481,377,1,1,102,24,14,1,1,8,457,363,0,94
1995,"RACINE",55101,568,450,1,0,117,33,24,1,0,8,535,426,0,109
1996,"RACINE",55101,709,570,0,1,138,27,22,0,1,4,682,548,0,134
1997,"RACINE",55101,874,734,1,1,138,18,14,1,1,2,856,720,0,136
1998,"RACINE",55101,868,747,2,0,119,10,6,2,0,2,858,741,0,117
1999,"RACINE",55101,877,724,0,0,153,9,9,0,0,0,868,715,0,153
2000,"RACINE",55101,868,706,0,0,162,11,10,0,0,1,857,696,0,161
2001,"RACINE",55101,1155,935,0,0,220,15,14,0,0,1,1140,921,0,219
2002,"RACINE",55101,1281,1025,3,0,253,10,6,3,0,1,1271,1019,0,252
2003,"RACINE",55101,1308,1024,1,0,283,8,4,1,0,3,1300,1020,0,280
1990,"RICHLAND",55103,19,16,2,1,0,12,9,2,1,0,7,7,0,0
1991,"RICHLAND",55103,23,18,1,2,2,5,2,1,2,0,18,16,0,2
1992,"RICHLAND",55103,30,23,0,2,5,9,5,0,2,2,21,18,0,3
1993,"RICHLAND",55103,28,27,0,1,0,6,5,0,1,0,22,22,0,0
1994,"RICHLAND",55103,33,28,1,1,3,4,2,0,1,1,29,26,1,2
1995,"RICHLAND",55103,25,20,1,1,3,9,6,1,1,1,16,14,0,2
1996,"RICHLAND",55103,47,34,0,1,12,9,6,0,1,2,38,28,0,10
1997,"RICHLAND",55103,35,32,2,0,1,6,4,2,0,0,29,28,0,1
1998,"RICHLAND",55103,44,40,0,0,4,8,8,0,0,0,36,32,0,4
1999,"RICHLAND",55103,29,26,0,1,2,4,2,0,1,1,25,24,0,1
2000,"RICHLAND",55103,38,28,0,0,10,4,3,0,0,1,34,25,0,9
2001,"RICHLAND",55103,59,53,0,1,5,8,7,0,1,0,51,46,0,5
2002,"RICHLAND",55103,54,46,2,0,6,6,4,2,0,0,48,42,0,6
2003,"RICHLAND",55103,64,52,0,0,12,1,0,0,0,1,63,52,0,11
1990,"ROCK",55105,396,314,2,3,77,60,47,2,3,8,336,267,0,69
1991,"ROCK",55105,422,359,1,0,62,39,34,1,0,4,383,325,0,58
1992,"ROCK",55105,418,365,3,2,48,44,37,3,2,2,374,328,0,46
1993,"ROCK",55105,329,267,1,4,57,34,23,1,4,6,295,244,0,51
1994,"ROCK",55105,343,281,4,2,56,42,28,4,2,8,301,253,0,48
1995,"ROCK",55105,488,409,1,2,76,34,26,1,2,5,454,383,0,71
1996,"ROCK",55105,563,472,4,0,87,31,20,4,0,7,532,452,0,80
1997,"ROCK",55105,624,535,3,1,85,44,31,3,1,9,580,504,0,76
1998,"ROCK",55105,653,558,2,0,93,59,49,2,0,8,594,509,0,85
1999,"ROCK",55105,706,609,3,0,94,42,32,3,0,7,664,577,0,87
2000,"ROCK",55105,705,560,0,0,145,41,29,0,0,12,664,531,0,133
2001,"ROCK",55105,899,687,4,0,208,37,21,3,0,13,862,666,1,195
2002,"ROCK",55105,989,777,1,1,210,48,38,1,1,8,941,739,0,202
2003,"ROCK",55105,1126,880,4,1,241,40,31,4,1,4,1086,849,0,237
1990,"RUSK",55107,19,17,1,0,1,9,7,1,0,1,10,10,0,0
1991,"RUSK",55107,35,33,0,0,2,9,8,0,0,1,26,25,0,1
1992,"RUSK",55107,25,23,0,1,1,4,3,0,1,0,21,20,0,1
1993,"RUSK",55107,23,23,0,0,0,4,4,0,0,0,19,19,0,0
1994,"RUSK",55107,22,19,1,0,2,7,4,1,0,2,15,15,0,0
1995,"RUSK",55107,36,35,0,0,1,10,10,0,0,0,26,25,0,1
1996,"RUSK",55107,37,35,1,0,1,10,9,1,0,0,27,26,0,1
1997,"RUSK",55107,67,64,1,0,2,13,11,1,0,1,54,53,0,1
1998,"RUSK",55107,62,59,0,0,3,7,7,0,0,0,55,52,0,3
1999,"RUSK",55107,45,44,0,0,1,5,5,0,0,0,40,39,0,1
2000,"RUSK",55107,47,44,1,0,2,6,4,1,0,1,41,40,0,1
2001,"RUSK",55107,46,43,1,0,2,1,0,1,0,0,45,43,0,2
2002,"RUSK",55107,62,55,1,0,6,5,3,1,0,1,57,52,0,5
2003,"RUSK",55107,72,66,0,0,6,4,4,0,0,0,68,62,0,6
1990,"ST CROIX",55109,114,95,4,0,15,34,25,4,0,5,80,70,0,10
1991,"ST CROIX",55109,159,140,3,0,16,36,30,3,0,3,123,110,0,13
1992,"ST CROIX",55109,130,117,2,1,10,24,21,1,1,1,106,96,1,9
1993,"ST CROIX",55109,113,96,3,1,13,18,14,1,1,2,95,82,2,11
1994,"ST CROIX",55109,120,108,3,0,9,21,17,2,0,2,99,91,1,7
1995,"ST CROIX",55109,128,108,6,0,14,17,11,6,0,0,111,97,0,14
1996,"ST CROIX",55109,183,169,2,0,12,31,29,2,0,0,152,140,0,12
1997,"ST CROIX",55109,162,149,1,1,11,28,25,1,1,1,134,124,0,10
1998,"ST CROIX",55109,178,159,3,2,14,21,14,3,2,2,157,145,0,12
1999,"ST CROIX",55109,146,129,3,0,14,20,15,3,0,2,126,114,0,12
2000,"ST CROIX",55109,125,118,1,0,6,13,12,1,0,0,112,106,0,6
2001,"ST CROIX",55109,146,134,0,0,12,8,8,0,0,0,138,126,0,12
2002,"ST CROIX",55109,213,191,2,0,20,16,14,2,0,0,197,177,0,20
2003,"ST CROIX",55109,258,227,1,0,30,6,6,0,0,0,252,221,1,30
1990,"SAUK",55111,91,81,0,1,9,15,14,0,1,0,76,67,0,9
1991,"SAUK",55111,96,83,2,1,10,13,11,1,1,0,83,72,1,10
1992,"SAUK",55111,101,79,4,0,18,21,13,4,0,4,80,66,0,14
1993,"SAUK",55111,90,69,1,3,17,18,12,1,3,2,72,57,0,15
1994,"SAUK",55111,102,80,3,2,17,14,6,3,2,3,88,74,0,14
1995,"SAUK",55111,104,86,1,2,15,17,10,1,2,4,87,76,0,11
1996,"SAUK",55111,122,104,1,3,14,10,4,1,3,2,112,100,0,12
1997,"SAUK",55111,169,154,1,2,12,22,18,1,2,1,147,136,0,11
1998,"SAUK",55111,171,159,1,0,11,18,16,0,0,2,153,143,1,9
1999,"SAUK",55111,160,138,0,1,21,19,16,0,1,2,141,122,0,19
2000,"SAUK",55111,174,142,2,0,30,18,15,2,0,1,156,127,0,29
2001,"SAUK",55111,226,188,1,0,37,20,14,1,0,5,206,174,0,32
2002,"SAUK",55111,252,200,0,3,49,16,10,0,3,3,236,190,0,46
2003,"SAUK",55111,342,282,3,2,55,20,13,2,2,3,322,269,1,52
1990,"SAWYER",55113,21,20,0,0,1,5,5,0,0,0,16,15,0,1
1991,"SAWYER",55113,26,24,1,0,1,7,6,1,0,0,19,18,0,1
1992,"SAWYER",55113,36,33,2,0,1,9,6,2,0,1,27,27,0,0
1993,"SAWYER",55113,23,22,1,0,0,4,3,1,0,0,19,19,0,0
1994,"SAWYER",55113,31,29,1,0,1,6,5,1,0,0,25,24,0,1
1995,"SAWYER",55113,38,36,1,0,1,12,10,1,0,1,26,26,0,0
1996,"SAWYER",55113,46,46,0,0,0,6,6,0,0,0,40,40,0,0
1997,"SAWYER",55113,56,53,1,0,2,5,4,1,0,0,51,49,0,2
1998,"SAWYER",55113,46,44,1,0,1,5,3,1,0,1,41,41,0,0
1999,"SAWYER",55113,52,49,0,0,3,4,4,0,0,0,48,45,0,3
2000,"SAWYER",55113,57,56,0,0,1,3,3,0,0,0,54,53,0,1
2001,"SAWYER",55113,61,59,1,0,1,7,6,1,0,0,54,53,0,1
2002,"SAWYER",55113,72,71,0,0,1,5,4,0,0,1,67,67,0,0
2003,"SAWYER",55113,91,87,4,0,0,9,6,3,0,0,82,81,1,0
1990,"SHAWANO",55115,59,56,0,0,3,10,9,0,0,1,49,47,0,2
1991,"SHAWANO",55115,57,49,0,2,6,6,4,0,2,0,51,45,0,6
1992,"SHAWANO",55115,45,41,1,0,3,4,2,1,0,1,41,39,0,2
1993,"SHAWANO",55115,54,51,0,1,2,10,8,0,1,1,44,43,0,1
1994,"SHAWANO",55115,42,42,0,0,0,6,6,0,0,0,36,36,0,0
1995,"SHAWANO",55115,65,62,0,0,3,6,5,0,0,1,59,57,0,2
1996,"SHAWANO",55115,84,80,0,0,4,4,4,0,0,0,80,76,0,4
1997,"SHAWANO",55115,109,104,0,1,4,6,5,0,1,0,103,99,0,4
1998,"SHAWANO",55115,114,104,1,1,8,5,3,1,1,0,109,101,0,8
1999,"SHAWANO",55115,129,117,0,0,12,3,3,0,0,0,126,114,0,12
2000,"SHAWANO",55115,104,101,0,0,3,3,3,0,0,0,101,98,0,3
2001,"SHAWANO",55115,114,110,0,1,3,1,0,0,1,0,113,110,0,3
2002,"SHAWANO",55115,131,120,0,0,11,2,2,0,0,0,129,118,0,11
2003,"SHAWANO",55115,162,148,0,1,13,5,4,0,1,0,157,144,0,13
1990,"SHEBOYGAN",55117,253,235,2,1,15,21,17,2,1,1,232,218,0,14
1991,"SHEBOYGAN",55117,229,207,2,1,19,15,11,0,1,3,214,196,2,16
1992,"SHEBOYGAN",55117,200,191,2,0,7,11,9,2,0,0,189,182,0,7
1993,"SHEBOYGAN",55117,177,166,3,0,8,11,8,3,0,0,166,158,0,8
1994,"SHEBOYGAN",55117,170,156,2,0,12,11,9,2,0,0,159,147,0,12
1995,"SHEBOYGAN",55117,199,186,0,0,13,7,7,0,0,0,192,179,0,13
1996,"SHEBOYGAN",55117,251,224,3,0,24,8,5,3,0,0,243,219,0,24
1997,"SHEBOYGAN",55117,377,343,0,0,34,7,7,0,0,0,370,336,0,34
1998,"SHEBOYGAN",55117,296,260,0,2,34,16,12,0,2,2,280,248,0,32
1999,"SHEBOYGAN",55117,293,260,0,0,33,5,5,0,0,0,288,255,0,33
2000,"SHEBOYGAN",55117,256,228,1,0,27,3,2,1,0,0,253,226,0,27
2001,"SHEBOYGAN",55117,302,271,1,0,30,4,3,1,0,0,298,268,0,30
2002,"SHEBOYGAN",55117,390,350,1,0,39,3,2,1,0,0,387,348,0,39
2003,"SHEBOYGAN",55117,465,420,0,1,44,3,1,0,1,1,462,419,0,43
1990,"TAYLOR",55119,11,11,0,0,0,5,5,0,0,0,6,6,0,0
1991,"TAYLOR",55119,21,18,0,0,3,9,8,0,0,1,12,10,0,2
1992,"TAYLOR",55119,19,16,0,0,3,7,7,0,0,0,12,9,0,3
1993,"TAYLOR",55119,21,20,1,0,0,5,4,1,0,0,16,16,0,0
1994,"TAYLOR",55119,22,20,1,0,1,6,5,1,0,0,16,15,0,1
1995,"TAYLOR",55119,30,25,2,0,3,10,7,2,0,1,20,18,0,2
1996,"TAYLOR",55119,42,35,0,2,5,11,7,0,2,2,31,28,0,3
1997,"TAYLOR",55119,33,32,0,1,0,9,8,0,1,0,24,24,0,0
1998,"TAYLOR",55119,33,31,0,0,2,9,9,0,0,0,24,22,0,2
1999,"TAYLOR",55119,35,33,0,0,2,6,5,0,0,1,29,28,0,1
2000,"TAYLOR",55119,30,26,0,0,4,6,5,0,0,1,24,21,0,3
2001,"TAYLOR",55119,43,33,0,2,8,9,5,0,2,2,34,28,0,6
2002,"TAYLOR",55119,49,46,1,0,2,5,4,1,0,0,44,42,0,2
2003,"TAYLOR",55119,55,54,0,0,1,9,9,0,0,0,46,45,0,1
1990,"TREMPEALEAU",55121,40,36,3,1,0,9,5,3,1,0,31,31,0,0
1991,"TREMPEALEAU",55121,64,57,3,1,3,13,9,3,1,0,51,48,0,3
1992,"TREMPEALEAU",55121,51,42,3,3,3,14,6,3,3,2,37,36,0,1
1993,"TREMPEALEAU",55121,39,37,0,1,1,5,4,0,1,0,34,33,0,1
1994,"TREMPEALEAU",55121,44,42,0,1,1,8,7,0,1,0,36,35,0,1
1995,"TREMPEALEAU",55121,50,47,0,2,1,12,9,0,2,1,38,38,0,0
1996,"TREMPEALEAU",55121,69,68,0,1,0,14,13,0,1,0,55,55,0,0
1997,"TREMPEALEAU",55121,68,65,1,0,2,15,13,1,0,1,53,52,0,1
1998,"TREMPEALEAU",55121,78,74,2,0,2,12,10,2,0,0,66,64,0,2
1999,"TREMPEALEAU",55121,65,59,1,2,3,11,6,0,2,3,54,53,1,0
2000,"TREMPEALEAU",55121,69,64,0,0,5,10,9,0,0,1,59,55,0,4
2001,"TREMPEALEAU",55121,90,87,2,0,1,6,5,1,0,0,84,82,1,1
2002,"TREMPEALEAU",55121,88,84,0,0,4,13,12,0,0,1,75,72,0,3
2003,"TREMPEALEAU",55121,92,80,0,0,12,3,2,0,0,1,89,78,0,11
1990,"VERNON",55123,42,34,2,6,0,13,5,2,6,0,29,29,0,0
1991,"VERNON",55123,42,35,0,6,1,15,9,0,6,0,27,26,0,1
1992,"VERNON",55123,42,36,1,4,1,18,13,1,4,0,24,23,0,1
1993,"VERNON",55123,35,26,0,5,4,13,6,0,5,2,22,20,0,2
1994,"VERNON",55123,29,24,0,3,2,8,5,0,3,0,21,19,0,2
1995,"VERNON",55123,31,22,0,6,3,13,4,0,6,3,18,18,0,0
1996,"VERNON",55123,53,43,1,6,3,12,5,1,6,0,41,38,0,3
1997,"VERNON",55123,71,65,0,4,2,21,15,0,4,2,50,50,0,0
1998,"VERNON",55123,65,61,1,3,0,16,13,0,3,0,49,48,1,0
1999,"VERNON",55123,46,43,1,1,1,10,7,1,1,1,36,36,0,0
2000,"VERNON",55123,44,37,0,2,5,4,2,0,2,0,40,35,0,5
2001,"VERNON",55123,63,59,1,0,3,11,7,1,0,3,52,52,0,0
2002,"VERNON",55123,103,94,1,1,7,17,13,1,1,2,86,81,0,5
2003,"VERNON",55123,99,92,0,1,6,5,4,0,1,0,94,88,0,6
1990,"VILAS",55125,29,29,0,0,0,10,10,0,0,0,19,19,0,0
1991,"VILAS",55125,29,27,0,0,2,13,11,0,0,2,16,16,0,0
1992,"VILAS",55125,33,31,1,0,1,15,13,1,0,1,18,18,0,0
1993,"VILAS",55125,36,31,3,0,2,8,5,3,0,0,28,26,0,2
1994,"VILAS",55125,21,19,1,0,1,5,4,1,0,0,16,15,0,1
1995,"VILAS",55125,28,27,0,0,1,3,2,0,0,1,25,25,0,0
1996,"VILAS",55125,51,49,2,0,0,13,11,2,0,0,38,38,0,0
1997,"VILAS",55125,49,48,0,0,1,14,14,0,0,0,35,34,0,1
1998,"VILAS",55125,56,52,2,0,2,20,18,2,0,0,36,34,0,2
1999,"VILAS",55125,38,35,0,0,3,4,2,0,0,2,34,33,0,1
2000,"VILAS",55125,47,45,1,0,1,9,8,1,0,0,38,37,0,1
2001,"VILAS",55125,40,39,1,0,0,5,5,0,0,0,35,34,1,0
2002,"VILAS",55125,63,57,3,0,3,10,7,3,0,0,53,50,0,3
2003,"VILAS",55125,76,72,0,0,4,6,5,0,0,1,70,67,0,3
1990,"WALWORTH",55127,134,125,1,2,6,15,13,0,2,0,119,112,1,6
1991,"WALWORTH",55127,172,159,1,1,11,9,6,1,1,1,163,153,0,10
1992,"WALWORTH",55127,193,185,3,1,4,21,16,3,1,1,172,169,0,3
1993,"WALWORTH",55127,162,150,4,1,7,16,11,4,1,0,146,139,0,7
1994,"WALWORTH",55127,190,175,3,1,11,19,14,3,1,1,171,161,0,10
1995,"WALWORTH",55127,254,227,0,0,27,12,11,0,0,1,242,216,0,26
1996,"WALWORTH",55127,293,265,1,0,27,22,17,1,0,4,271,248,0,23
1997,"WALWORTH",55127,369,325,1,0,43,21,18,1,0,2,348,307,0,41
1998,"WALWORTH",55127,369,323,1,0,45,11,9,1,0,1,358,314,0,44
1999,"WALWORTH",55127,341,308,1,0,32,11,9,1,0,1,330,299,0,31
2000,"WALWORTH",55127,278,242,0,0,36,5,4,0,0,1,273,238,0,35
2001,"WALWORTH",55127,361,309,0,0,52,8,6,0,0,2,353,303,0,50
2002,"WALWORTH",55127,428,371,1,0,56,16,14,1,0,1,412,357,0,55
2003,"WALWORTH",55127,482,399,1,0,82,7,6,1,0,0,475,393,0,82
1990,"WASHBURN",55129,24,23,0,0,1,4,4,0,0,0,20,19,0,1
1991,"WASHBURN",55129,30,27,3,0,0,6,4,2,0,0,24,23,1,0
1992,"WASHBURN",55129,31,28,2,0,1,13,11,2,0,0,18,17,0,1
1993,"WASHBURN",55129,29,29,0,0,0,4,4,0,0,0,25,25,0,0
1994,"WASHBURN",55129,27,26,0,0,1,4,3,0,0,1,23,23,0,0
1995,"WASHBURN",55129,28,26,1,1,0,4,2,1,1,0,24,24,0,0
1996,"WASHBURN",55129,40,36,3,0,1,7,5,2,0,0,33,31,1,1
1997,"WASHBURN",55129,50,47,1,0,2,8,7,1,0,0,42,40,0,2
1998,"WASHBURN",55129,36,35,1,0,0,1,1,0,0,0,35,34,1,0
1999,"WASHBURN",55129,33,32,0,0,1,5,5,0,0,0,28,27,0,1
2000,"WASHBURN",55129,44,43,0,0,1,4,4,0,0,0,40,39,0,1
2001,"WASHBURN",55129,46,42,1,0,3,5,4,1,0,0,41,38,0,3
2002,"WASHBURN",55129,50,49,0,0,1,7,7,0,0,0,43,42,0,1
2003,"WASHBURN",55129,69,68,0,0,1,6,6,0,0,0,63,62,0,1
1990,"WASHINGTON",55131,128,119,0,0,9,8,8,0,0,0,120,111,0,9
1991,"WASHINGTON",55131,197,180,0,1,16,14,12,0,1,1,183,168,0,15
1992,"WASHINGTON",55131,167,149,0,3,15,7,4,0,3,0,160,145,0,15
1993,"WASHINGTON",55131,160,136,3,2,19,11,5,3,2,1,149,131,0,18
1994,"WASHINGTON",55131,149,127,0,0,22,8,8,0,0,0,141,119,0,22
1995,"WASHINGTON",55131,207,182,0,1,24,14,12,0,1,1,193,170,0,23
1996,"WASHINGTON",55131,259,220,1,0,38,8,7,1,0,0,251,213,0,38
1997,"WASHINGTON",55131,345,295,1,0,49,13,11,1,0,1,332,284,0,48
1998,"WASHINGTON",55131,348,305,0,0,43,15,15,0,0,0,333,290,0,43
1999,"WASHINGTON",55131,298,268,0,0,30,7,5,0,0,2,291,263,0,28
2000,"WASHINGTON",55131,305,263,1,0,41,6,5,1,0,0,299,258,0,41
2001,"WASHINGTON",55131,407,339,1,0,67,17,14,1,0,2,390,325,0,65
2002,"WASHINGTON",55131,455,381,0,0,74,7,7,0,0,0,448,374,0,74
2003,"WASHINGTON",55131,477,413,2,1,61,8,5,2,1,0,469,408,0,61
1990,"WAUKESHA",55133,482,428,13,0,41,58,43,12,0,3,424,385,1,38
1991,"WAUKESHA",55133,580,531,4,0,45,47,41,4,0,2,533,490,0,43
1992,"WAUKESHA",55133,554,491,6,0,57,25,18,4,0,3,529,473,2,54
1993,"WAUKESHA",55133,483,400,10,0,73,33,17,10,0,6,450,383,0,67
1994,"WAUKESHA",55133,531,446,8,2,75,45,33,8,2,2,486,413,0,73
1995,"WAUKESHA",55133,564,454,5,1,104,41,29,5,1,6,523,425,0,98
1996,"WAUKESHA",55133,752,627,1,0,124,37,33,1,0,3,715,594,0,121
1997,"WAUKESHA",55133,939,815,2,0,122,29,24,2,0,3,910,791,0,119
1998,"WAUKESHA",55133,951,828,2,0,121,29,26,2,0,1,922,802,0,120
1999,"WAUKESHA",55133,831,730,1,0,100,26,22,1,0,3,805,708,0,97
2000,"WAUKESHA",55133,747,622,2,0,123,20,16,2,0,2,727,606,0,121
2001,"WAUKESHA",55133,973,791,1,0,181,35,30,1,0,4,938,761,0,177
2002,"WAUKESHA",55133,1156,945,3,0,208,26,18,3,0,5,1130,927,0,203
2003,"WAUKESHA",55133,1271,1048,4,0,219,17,9,4,0,4,1254,1039,0,215
1990,"WAUPACA",55135,108,104,1,0,3,8,7,1,0,0,100,97,0,3
1991,"WAUPACA",55135,101,91,1,3,6,10,5,1,3,1,91,86,0,5
1992,"WAUPACA",55135,94,87,0,3,4,8,5,0,3,0,86,82,0,4
1993,"WAUPACA",55135,102,93,1,1,7,8,6,1,1,0,94,87,0,7
1994,"WAUPACA",55135,120,116,0,1,3,14,13,0,1,0,106,103,0,3
1995,"WAUPACA",55135,89,87,0,1,1,6,5,0,1,0,83,82,0,1
1996,"WAUPACA",55135,147,141,0,1,5,4,3,0,1,0,143,138,0,5
1997,"WAUPACA",55135,173,168,0,0,5,5,4,0,0,1,168,164,0,4
1998,"WAUPACA",55135,147,140,0,1,6,7,6,0,1,0,140,134,0,6
1999,"WAUPACA",55135,136,129,0,1,6,5,4,0,1,0,131,125,0,6
2000,"WAUPACA",55135,161,151,0,0,10,7,6,0,0,1,154,145,0,9
2001,"WAUPACA",55135,180,163,0,0,17,4,4,0,0,0,176,159,0,17
2002,"WAUPACA",55135,245,225,0,0,20,9,8,0,0,1,236,217,0,19
2003,"WAUPACA",55135,227,203,0,0,24,2,2,0,0,0,225,201,0,24
1990,"WAUSHARA",55137,36,36,0,0,0,3,3,0,0,0,33,33,0,0
1991,"WAUSHARA",55137,61,58,0,1,2,4,3,0,1,0,57,55,0,2
1992,"WAUSHARA",55137,44,38,1,1,4,6,4,0,1,1,38,34,1,3
1993,"WAUSHARA",55137,48,43,0,0,5,5,4,0,0,1,43,39,0,4
1994,"WAUSHARA",55137,50,46,0,0,4,6,6,0,0,0,44,40,0,4
1995,"WAUSHARA",55137,27,24,1,0,2,3,3,0,0,0,24,21,1,2
1996,"WAUSHARA",55137,52,46,0,2,4,4,2,0,2,0,48,44,0,4
1997,"WAUSHARA",55137,72,67,0,0,5,5,4,0,0,1,67,63,0,4
1998,"WAUSHARA",55137,72,65,0,0,7,3,2,0,0,1,69,63,0,6
1999,"WAUSHARA",55137,70,62,0,0,8,5,4,0,0,1,65,58,0,7
2000,"WAUSHARA",55137,70,56,0,0,14,1,1,0,0,0,69,55,0,14
2001,"WAUSHARA",55137,85,72,0,0,13,1,1,0,0,0,84,71,0,13
2002,"WAUSHARA",55137,86,74,0,0,12,3,3,0,0,0,83,71,0,12
2003,"WAUSHARA",55137,118,101,0,0,17,4,3,0,0,1,114,98,0,16
1990,"WINNEBAGO",55139,272,251,5,0,16,24,19,5,0,0,248,232,0,16
1991,"WINNEBAGO",55139,336,313,5,2,16,22,15,3,2,2,314,298,2,14
1992,"WINNEBAGO",55139,328,307,3,0,18,9,4,3,0,2,319,303,0,16
1993,"WINNEBAGO",55139,317,301,0,0,16,15,13,0,0,2,302,288,0,14
1994,"WINNEBAGO",55139,278,254,0,0,24,14,11,0,0,3,264,243,0,21
1995,"WINNEBAGO",55139,316,290,0,0,26,7,6,0,0,1,309,284,0,25
1996,"WINNEBAGO",55139,398,373,0,0,25,12,11,0,0,1,386,362,0,24
1997,"WINNEBAGO",55139,534,496,0,0,38,12,11,0,0,1,522,485,0,37
1998,"WINNEBAGO",55139,492,467,1,0,24,6,5,1,0,0,486,462,0,24
1999,"WINNEBAGO",55139,469,438,0,2,29,14,10,0,2,2,455,428,0,27
2000,"WINNEBAGO",55139,457,428,1,1,27,22,18,1,1,2,435,410,0,25
2001,"WINNEBAGO",55139,494,467,1,0,26,10,9,1,0,0,484,458,0,26
2002,"WINNEBAGO",55139,600,551,1,0,48,11,8,1,0,2,589,543,0,46
2003,"WINNEBAGO",55139,695,648,0,0,47,7,7,0,0,0,688,641,0,47
1990,"WOOD",55141,103,96,1,3,3,26,21,1,3,1,77,75,0,2
1991,"WOOD",55141,119,106,5,2,6,30,20,5,2,3,89,86,0,3
1992,"WOOD",55141,100,89,1,1,9,24,19,1,1,3,76,70,0,6
1993,"WOOD",55141,99,95,0,1,3,19,16,0,1,2,80,79,0,1
1994,"WOOD",55141,92,87,1,0,4,21,18,1,0,2,71,69,0,2
1995,"WOOD",55141,105,102,0,2,1,19,16,0,2,1,86,86,0,0
1996,"WOOD",55141,119,115,0,1,3,16,14,0,1,1,103,101,0,2
1997,"WOOD",55141,170,160,0,1,9,27,22,0,1,4,143,138,0,5
1998,"WOOD",55141,180,170,1,2,7,30,26,0,2,2,150,144,1,5
1999,"WOOD",55141,168,160,2,0,6,15,13,1,0,1,153,147,1,5
2000,"WOOD",55141,167,159,0,0,8,17,14,0,0,3,150,145,0,5
2001,"WOOD",55141,202,198,0,0,4,16,14,0,0,2,186,184,0,2
2002,"WOOD",55141,239,229,2,0,8,20,17,2,0,1,219,212,0,7
2003,"WOOD",55141,256,237,2,0,17,23,19,2,0,2,233,218,0,15
1990,"ALBANY",56001,65,59,1,0,5,4,4,0,0,0,61,55,1,5
1991,"ALBANY",56001,66,60,3,0,3,3,0,3,0,0,63,60,0,3
1992,"ALBANY",56001,63,58,0,0,5,4,3,0,0,1,59,55,0,4
1993,"ALBANY",56001,51,50,0,0,1,2,2,0,0,0,49,48,0,1
1994,"ALBANY",56001,73,68,1,0,4,1,0,1,0,0,72,68,0,4
1995,"ALBANY",56001,64,60,1,0,3,3,2,1,0,0,61,58,0,3
1996,"ALBANY",56001,85,79,0,0,6,2,2,0,0,0,83,77,0,6
1997,"ALBANY",56001,99,93,1,0,5,3,2,1,0,0,96,91,0,5
1998,"ALBANY",56001,101,95,0,0,6,4,2,0,0,2,97,93,0,4
1999,"ALBANY",56001,77,66,5,1,5,9,1,5,1,2,68,65,0,3
2000,"ALBANY",56001,85,78,0,0,7,3,2,0,0,1,82,76,0,6
2001,"ALBANY",56001,121,112,0,0,9,2,2,0,0,0,119,110,0,9
2002,"ALBANY",56001,91,82,0,0,9,1,0,0,0,1,90,82,0,8
2003,"ALBANY",56001,95,85,1,0,9,1,0,1,0,0,94,85,0,9
1990,"BIG HORN",56003,26,17,3,1,5,5,1,3,1,0,21,16,0,5
1991,"BIG HORN",56003,30,20,1,1,8,4,2,1,1,0,26,18,0,8
1992,"BIG HORN",56003,38,34,1,0,3,4,3,1,0,0,34,31,0,3
1993,"BIG HORN",56003,14,12,0,0,2,2,1,0,0,1,12,11,0,1
1994,"BIG HORN",56003,20,19,0,0,1,2,2,0,0,0,18,17,0,1
1995,"BIG HORN",56003,17,16,1,0,0,3,2,1,0,0,14,14,0,0
1996,"BIG HORN",56003,15,15,0,0,0,0,0,0,0,0,15,15,0,0
1997,"BIG HORN",56003,27,23,1,1,2,4,2,1,1,0,23,21,0,2
1998,"BIG HORN",56003,41,38,0,0,3,4,3,0,0,1,37,35,0,2
1999,"BIG HORN",56003,36,35,0,1,0,2,1,0,1,0,34,34,0,0
2000,"BIG HORN",56003,31,31,0,0,0,0,0,0,0,0,31,31,0,0
2001,"BIG HORN",56003,45,43,0,0,2,2,2,0,0,0,43,41,0,2
2002,"BIG HORN",56003,40,36,0,0,4,0,0,0,0,0,40,36,0,4
2003,"BIG HORN",56003,48,45,0,0,3,2,2,0,0,0,46,43,0,3
1990,"CAMPBELL",56005,111,99,3,0,8,9,5,3,1,0,102,94,0,8
1991,"CAMPBELL",56005,98,94,2,0,2,4,2,2,0,0,94,92,0,2
1992,"CAMPBELL",56005,103,93,4,0,6,5,1,4,0,0,98,92,0,6
1993,"CAMPBELL",56005,108,104,2,0,2,9,8,1,0,0,99,96,1,2
1994,"CAMPBELL",56005,101,98,0,0,3,4,4,0,0,0,97,94,0,3
1995,"CAMPBELL",56005,107,96,0,0,11,10,6,0,0,4,97,90,0,7
1996,"CAMPBELL",56005,163,140,0,0,23,8,7,0,0,1,155,133,0,22
1997,"CAMPBELL",56005,186,165,0,0,21,7,6,0,0,1,179,159,0,20
1998,"CAMPBELL",56005,179,166,2,0,11,3,2,1,0,0,176,164,1,11
1999,"CAMPBELL",56005,181,167,0,0,14,4,4,0,0,0,177,163,0,14
2000,"CAMPBELL",56005,176,164,1,0,11,3,2,1,0,0,173,162,0,11
2001,"CAMPBELL",56005,188,181,0,0,7,0,0,0,0,0,188,181,0,7
2002,"CAMPBELL",56005,193,177,3,0,13,4,1,3,0,0,189,176,0,13
2003,"CAMPBELL",56005,234,207,4,0,23,6,2,4,0,0,228,205,0,23
1990,"CARBON",56007,46,35,1,0,10,2,0,1,0,1,44,35,0,9
1991,"CARBON",56007,65,61,1,0,3,3,2,1,0,0,62,59,0,3
1992,"CARBON",56007,49,44,0,1,4,1,0,0,1,0,48,44,0,4
1993,"CARBON",56007,31,25,3,0,3,4,1,3,0,0,27,24,0,3
1994,"CARBON",56007,42,39,2,0,1,4,2,2,0,0,38,37,0,1
1995,"CARBON",56007,41,37,0,0,4,2,1,0,0,1,39,36,0,3
1996,"CARBON",56007,54,48,1,0,5,3,2,0,0,1,51,46,1,4
1997,"CARBON",56007,58,54,0,0,4,2,2,0,0,0,56,52,0,4
1998,"CARBON",56007,70,63,0,0,7,1,0,0,0,1,69,63,0,6
1999,"CARBON",56007,56,50,0,0,6,4,4,0,0,0,52,46,0,6
2000,"CARBON",56007,68,65,1,0,2,2,0,1,0,1,66,65,0,1
2001,"CARBON",56007,76,69,0,0,7,1,1,0,0,0,75,68,0,7
2002,"CARBON",56007,82,72,0,0,10,1,0,0,0,1,81,72,0,9
2003,"CARBON",56007,85,72,0,0,13,2,1,0,0,1,83,71,0,12
1990,"CONVERSE",56009,34,29,0,0,5,4,3,0,0,1,30,26,0,4
1991,"CONVERSE",56009,38,32,0,0,6,1,1,0,0,0,37,31,0,6
1992,"CONVERSE",56009,38,33,2,0,3,6,4,1,0,1,32,29,1,2
1993,"CONVERSE",56009,28,23,2,0,3,3,3,0,0,0,25,20,2,3
1994,"CONVERSE",56009,25,23,0,0,2,3,3,0,0,0,22,20,0,2
1995,"CONVERSE",56009,24,20,0,0,4,2,0,0,0,2,22,20,0,2
1996,"CONVERSE",56009,34,31,0,0,3,1,1,0,0,0,33,30,0,3
1997,"CONVERSE",56009,53,44,1,0,8,4,2,1,0,1,49,42,0,7
1998,"CONVERSE",56009,66,60,0,0,6,1,1,0,0,0,65,59,0,6
1999,"CONVERSE",56009,54,52,0,0,2,0,0,0,0,0,54,52,0,2
2000,"CONVERSE",56009,57,54,0,0,3,0,0,0,0,0,57,54,0,3
2001,"CONVERSE",56009,71,67,0,0,4,2,1,0,0,1,69,66,0,3
2002,"CONVERSE",56009,70,64,0,0,6,3,3,0,0,0,67,61,0,6
2003,"CONVERSE",56009,60,58,0,0,2,1,1,0,0,0,59,57,0,2
1990,"CROOK",56011,9,8,0,1,0,2,1,0,1,0,7,7,0,0
1991,"CROOK",56011,11,11,0,0,0,0,0,0,0,0,11,11,0,0
1992,"CROOK",56011,10,7,0,0,3,2,1,0,0,1,8,6,0,2
1993,"CROOK",56011,14,12,1,0,1,3,2,1,0,0,11,10,0,1
1994,"CROOK",56011,4,4,0,0,0,0,0,0,0,0,4,4,0,0
1995,"CROOK",56011,11,9,0,0,2,1,1,0,0,0,10,8,0,2
1996,"CROOK",56011,9,7,0,0,2,1,1,0,0,0,8,6,0,2
1997,"CROOK",56011,10,9,0,0,1,0,0,0,0,0,10,9,0,1
1998,"CROOK",56011,16,15,0,0,1,2,1,0,0,1,14,14,0,0
1999,"CROOK",56011,17,16,0,0,1,0,0,0,0,0,17,16,0,1
2000,"CROOK",56011,16,13,0,0,3,0,0,0,0,0,16,13,0,3
2001,"CROOK",56011,14,13,0,0,1,0,0,0,0,0,14,13,0,1
2002,"CROOK",56011,16,15,0,0,1,1,1,0,0,0,15,14,0,1
2003,"CROOK",56011,26,19,3,0,4,3,0,3,0,0,23,19,0,4
1990,"FREMONT",56013,67,64,2,0,1,9,7,2,0,0,58,57,0,1
1991,"FREMONT",56013,79,74,1,0,4,6,4,1,0,1,73,70,0,3
1992,"FREMONT",56013,65,60,0,0,5,11,9,0,0,2,54,51,0,3
1993,"FREMONT",56013,78,68,5,0,5,7,2,4,0,1,71,66,1,4
1994,"FREMONT",56013,75,63,3,1,8,9,4,3,1,1,66,59,0,7
1995,"FREMONT",56013,71,67,2,0,2,9,6,2,0,1,62,61,0,1
1996,"FREMONT",56013,114,107,0,0,7,5,3,0,0,2,109,104,0,5
1997,"FREMONT",56013,100,94,0,0,6,4,1,0,0,3,96,93,0,3
1998,"FREMONT",56013,95,91,1,1,2,8,6,1,1,0,87,85,0,2
1999,"FREMONT",56013,96,94,0,0,2,3,2,0,0,1,93,92,0,1
2000,"FREMONT",56013,102,100,0,0,2,5,4,0,0,1,97,96,0,1
2001,"FREMONT",56013,124,117,2,0,5,5,2,2,0,1,119,115,0,4
2002,"FREMONT",56013,104,99,1,0,4,0,0,0,0,0,104,99,1,4
2003,"FREMONT",56013,107,103,0,0,4,0,0,0,0,0,107,103,0,4
1990,"GOSHEN",56015,31,26,1,3,1,6,2,1,3,0,25,24,0,1
1991,"GOSHEN",56015,22,19,2,0,1,10,7,2,0,1,12,12,0,0
1992,"GOSHEN",56015,18,16,0,0,2,1,1,0,0,0,17,15,0,2
1993,"GOSHEN",56015,20,17,1,1,1,2,0,1,1,0,18,17,0,1
1994,"GOSHEN",56015,29,24,1,3,1,6,3,0,3,0,23,21,1,1
1995,"GOSHEN",56015,26,18,0,1,7,1,0,0,1,0,25,18,0,7
1996,"GOSHEN",56015,35,31,0,0,4,1,0,0,0,1,34,31,0,3
1997,"GOSHEN",56015,53,40,0,2,11,4,1,0,2,1,49,39,0,10
1998,"GOSHEN",56015,49,38,1,0,10,5,2,1,0,2,44,36,0,8
1999,"GOSHEN",56015,38,32,0,1,5,1,0,0,1,0,37,32,0,5
2000,"GOSHEN",56015,32,24,2,0,6,0,0,0,0,0,32,24,2,6
2001,"GOSHEN",56015,57,46,2,0,9,2,0,2,0,0,55,46,0,9
2002,"GOSHEN",56015,51,46,1,0,4,2,1,1,0,0,49,45,0,4
2003,"GOSHEN",56015,63,55,0,1,7,4,2,0,1,1,59,53,0,6
1990,"HOT SPRINGS",56017,9,9,0,0,0,1,1,0,0,0,8,8,0,0
1991,"HOT SPRINGS",56017,17,15,2,0,0,4,2,2,0,0,13,13,0,0
1992,"HOT SPRINGS",56017,11,11,0,0,0,2,2,0,0,0,9,9,0,0
1993,"HOT SPRINGS",56017,13,11,2,0,0,3,1,2,0,0,10,10,0,0
1994,"HOT SPRINGS",56017,8,8,0,0,0,1,1,0,0,0,7,7,0,0
1995,"HOT SPRINGS",56017,10,10,0,0,0,2,2,0,0,0,8,8,0,0
1996,"HOT SPRINGS",56017,18,16,0,0,2,3,1,0,0,2,15,15,0,0
1997,"HOT SPRINGS",56017,15,15,0,0,0,1,1,0,0,0,14,14,0,0
1998,"HOT SPRINGS",56017,24,24,0,0,0,1,1,0,0,0,23,23,0,0
1999,"HOT SPRINGS",56017,20,20,0,0,0,1,1,0,0,0,19,19,0,0
2000,"HOT SPRINGS",56017,17,16,0,0,1,0,0,0,0,0,17,16,0,1
2001,"HOT SPRINGS",56017,13,12,1,0,0,1,0,1,0,0,12,12,0,0
2002,"HOT SPRINGS",56017,27,25,0,0,2,1,0,0,0,1,26,25,0,1
2003,"HOT SPRINGS",56017,21,19,0,0,2,0,0,0,0,0,21,19,0,2
1990,"JOHNSON",56019,9,7,0,1,1,3,2,0,1,0,6,5,0,1
1991,"JOHNSON",56019,19,14,0,2,3,4,1,0,2,1,15,13,0,2
1992,"JOHNSON",56019,12,10,0,1,1,4,2,0,1,1,8,8,0,0
1993,"JOHNSON",56019,13,13,0,0,0,2,2,0,0,0,11,11,0,0
1994,"JOHNSON",56019,8,8,0,0,0,1,1,0,0,0,7,7,0,0
1995,"JOHNSON",56019,12,10,0,0,2,1,0,0,0,1,11,10,0,1
1996,"JOHNSON",56019,10,9,0,0,1,2,2,0,0,0,8,7,0,1
1997,"JOHNSON",56019,20,17,0,0,3,0,0,0,0,0,20,17,0,3
1998,"JOHNSON",56019,20,20,0,0,0,0,0,0,0,0,20,20,0,0
1999,"JOHNSON",56019,15,15,0,0,0,0,0,0,0,0,15,15,0,0
2000,"JOHNSON",56019,26,24,0,0,2,0,0,0,0,0,26,24,0,2
2001,"JOHNSON",56019,28,27,0,0,1,0,0,0,0,0,28,27,0,1
2002,"JOHNSON",56019,28,28,0,0,0,0,0,0,0,0,28,28,0,0
2003,"JOHNSON",56019,30,29,1,0,0,1,0,1,0,0,29,29,0,0
1990,"LARAMIE",56021,318,257,4,0,57,13,7,4,0,2,305,250,0,55
1991,"LARAMIE",56021,347,301,5,0,41,20,14,4,0,2,327,287,1,39
1992,"LARAMIE",56021,274,247,4,0,23,15,12,2,0,1,259,235,2,22
1993,"LARAMIE",56021,258,213,6,0,39,14,6,6,0,2,244,207,0,37
1994,"LARAMIE",56021,253,227,5,0,21,26,17,5,0,4,227,210,0,17
1995,"LARAMIE",56021,296,262,4,0,30,19,12,4,0,3,277,250,0,27
1996,"LARAMIE",56021,395,314,5,0,76,22,12,4,0,6,373,302,1,70
1997,"LARAMIE",56021,475,402,9,0,64,19,5,9,0,5,456,397,0,59
1998,"LARAMIE",56021,486,422,2,0,62,22,13,2,0,7,464,409,0,55
1999,"LARAMIE",56021,433,382,4,0,47,17,11,2,0,4,416,371,2,43
2000,"LARAMIE",56021,423,387,3,0,33,14,11,2,0,1,409,376,1,32
2001,"LARAMIE",56021,478,426,1,0,51,4,3,1,0,0,474,423,0,51
2002,"LARAMIE",56021,447,401,2,0,44,8,5,2,0,1,439,396,0,43
2003,"LARAMIE",56021,442,383,1,0,58,7,5,1,0,1,435,378,0,57
1990,"LINCOLN",56023,25,25,0,0,0,0,0,0,0,0,25,25,0,0
1991,"LINCOLN",56023,28,28,0,0,0,3,3,0,0,0,25,25,0,0
1992,"LINCOLN",56023,11,11,0,0,0,0,0,0,0,0,11,11,0,0
1993,"LINCOLN",56023,25,23,0,0,2,4,3,0,0,1,21,20,0,1
1994,"LINCOLN",56023,19,18,1,0,0,4,3,1,0,0,15,15,0,0
1995,"LINCOLN",56023,20,19,1,0,0,2,1,1,0,0,18,18,0,0
1996,"LINCOLN",56023,24,23,0,0,1,1,1,0,0,0,23,22,0,1
1997,"LINCOLN",56023,26,20,0,0,6,0,0,0,0,0,26,20,0,6
1998,"LINCOLN",56023,33,26,1,0,6,3,1,1,0,1,30,25,0,5
1999,"LINCOLN",56023,40,33,2,2,3,5,1,2,2,0,35,32,0,3
2000,"LINCOLN",56023,35,31,0,0,4,0,0,0,0,0,35,31,0,4
2001,"LINCOLN",56023,54,50,2,0,2,3,1,2,0,0,51,49,0,2
2002,"LINCOLN",56023,47,45,0,0,2,1,1,0,0,0,46,44,0,2
2003,"LINCOLN",56023,62,56,1,0,5,1,0,1,0,0,61,56,0,5
1990,"NATRONA",56025,250,216,8,0,26,23,12,7,0,4,227,204,1,22
1991,"NATRONA",56025,263,241,1,0,21,7,3,1,0,3,256,238,0,18
1992,"NATRONA",56025,240,211,3,0,26,23,16,3,0,4,217,195,0,22
1993,"NATRONA",56025,201,184,3,0,14,12,8,2,0,2,189,176,1,12
1994,"NATRONA",56025,186,171,2,0,13,11,7,2,0,2,175,164,0,11
1995,"NATRONA",56025,206,187,2,0,17,22,14,2,0,6,184,173,0,11
1996,"NATRONA",56025,293,261,4,1,27,22,9,4,1,8,271,252,0,19
1997,"NATRONA",56025,294,271,2,1,20,10,5,2,1,2,284,266,0,18
1998,"NATRONA",56025,362,334,2,0,26,11,6,2,0,3,351,328,0,23
1999,"NATRONA",56025,306,289,1,0,16,8,6,1,0,1,298,283,0,15
2000,"NATRONA",56025,353,338,5,1,9,10,7,1,1,1,343,331,4,8
2001,"NATRONA",56025,446,431,1,0,14,10,8,1,0,1,436,423,0,13
2002,"NATRONA",56025,355,333,1,0,21,14,10,1,0,3,341,323,0,18
2003,"NATRONA",56025,395,376,0,0,19,4,4,0,0,0,391,372,0,19
1990,"NIOBRARA",56027,6,5,0,1,0,2,1,0,1,0,4,4,0,0
1991,"NIOBRARA",56027,4,2,2,0,0,2,0,2,0,0,2,2,0,0
1992,"NIOBRARA",56027,4,3,0,1,0,2,1,0,1,0,2,2,0,0
1993,"NIOBRARA",56027,4,2,0,0,2,1,0,0,0,1,3,2,0,1
1994,"NIOBRARA",56027,2,2,0,0,0,0,0,0,0,0,2,2,0,0
1995,"NIOBRARA",56027,7,5,0,1,1,1,0,0,1,0,6,5,0,1
1996,"NIOBRARA",56027,5,5,0,0,0,0,0,0,0,0,5,5,0,0
1997,"NIOBRARA",56027,3,1,0,0,2,0,0,0,0,0,3,1,0,2
1998,"NIOBRARA",56027,21,17,0,0,4,0,0,0,0,0,21,17,0,4
1999,"NIOBRARA",56027,9,8,0,0,1,1,0,0,0,1,8,8,0,0
2000,"NIOBRARA",56027,9,8,0,0,1,0,0,0,0,0,9,8,0,1
2001,"NIOBRARA",56027,14,13,1,0,0,0,0,0,0,0,14,13,1,0
2002,"NIOBRARA",56027,7,7,0,0,0,0,0,0,0,0,7,7,0,0
2003,"NIOBRARA",56027,9,8,0,0,1,0,0,0,0,0,9,8,0,1
1990,"PARK",56029,38,26,3,0,9,7,2,2,0,3,31,24,1,6
1991,"PARK",56029,58,35,2,0,21,8,4,2,0,2,50,31,0,19
1992,"PARK",56029,49,37,0,0,12,10,8,0,0,2,39,29,0,10
1993,"PARK",56029,44,40,0,0,4,6,5,0,0,1,38,35,0,3
1994,"PARK",56029,37,34,0,1,2,6,5,0,1,0,31,29,0,2
1995,"PARK",56029,37,33,0,0,4,4,3,0,0,1,33,30,0,3
1996,"PARK",56029,51,48,0,0,3,2,1,0,0,1,49,47,0,2
1997,"PARK",56029,66,61,2,0,3,6,4,2,0,0,60,57,0,3
1998,"PARK",56029,91,84,1,0,6,2,1,1,0,0,89,83,0,6
1999,"PARK",56029,73,72,0,0,1,2,2,0,0,0,71,70,0,1
2000,"PARK",56029,73,70,0,0,3,4,4,0,0,0,69,66,0,3
2001,"PARK",56029,87,79,0,0,8,3,3,0,0,0,84,76,0,8
2002,"PARK",56029,75,71,0,0,4,0,0,0,0,0,75,71,0,4
2003,"PARK",56029,83,77,0,0,6,2,2,0,0,0,81,75,0,6
1990,"PLATTE",56031,30,23,4,0,3,7,2,3,0,2,23,21,1,1
1991,"PLATTE",56031,21,18,1,1,1,4,2,1,1,0,17,16,0,1
1992,"PLATTE",56031,20,17,0,0,3,3,2,0,0,1,17,15,0,2
1993,"PLATTE",56031,22,20,0,1,1,3,2,0,1,0,19,18,0,1
1994,"PLATTE",56031,23,20,0,0,3,1,1,0,0,0,22,19,0,3
1995,"PLATTE",56031,16,15,0,0,1,1,1,0,0,0,15,14,0,1
1996,"PLATTE",56031,29,17,0,2,10,3,1,0,2,0,26,16,0,10
1997,"PLATTE",56031,24,21,1,0,2,1,0,1,0,0,23,21,0,2
1998,"PLATTE",56031,36,31,1,0,4,2,0,1,0,1,34,31,0,3
1999,"PLATTE",56031,31,27,1,0,3,1,0,1,0,0,30,27,0,3
2000,"PLATTE",56031,42,34,0,0,8,1,0,0,0,1,41,34,0,7
2001,"PLATTE",56031,43,38,0,0,5,1,1,0,0,0,42,37,0,5
2002,"PLATTE",56031,31,28,0,0,3,2,1,0,0,1,29,27,0,2
2003,"PLATTE",56031,42,36,1,0,5,2,1,1,0,0,40,35,0,5
1990,"SHERIDAN",56033,46,41,3,0,2,14,11,3,0,0,32,30,0,2
1991,"SHERIDAN",56033,49,40,1,1,7,11,7,1,1,2,38,33,0,5
1992,"SHERIDAN",56033,51,49,0,0,2,4,4,0,0,0,47,45,0,2
1993,"SHERIDAN",56033,48,42,1,0,5,5,3,1,0,1,43,39,0,4
1994,"SHERIDAN",56033,49,48,0,0,1,3,2,0,0,1,46,46,0,0
1995,"SHERIDAN",56033,64,58,0,0,6,6,4,0,0,2,58,54,0,4
1996,"SHERIDAN",56033,103,94,0,0,9,9,7,0,0,2,94,87,0,7
1997,"SHERIDAN",56033,111,96,0,0,15,3,2,0,0,1,108,94,0,14
1998,"SHERIDAN",56033,124,106,0,1,17,5,3,0,1,1,119,103,0,16
1999,"SHERIDAN",56033,107,96,1,0,10,3,2,1,0,0,104,94,0,10
2000,"SHERIDAN",56033,112,97,0,0,15,0,0,0,0,0,112,97,0,15
2001,"SHERIDAN",56033,133,124,0,0,9,0,0,0,0,0,133,124,0,9
2002,"SHERIDAN",56033,106,102,1,0,3,3,2,1,0,0,103,100,0,3
2003,"SHERIDAN",56033,127,122,0,0,5,3,1,0,0,2,124,121,0,3
1990,"SUBLETTE",56035,6,6,0,0,0,1,1,0,0,0,5,5,0,0
1991,"SUBLETTE",56035,6,5,0,0,1,1,1,0,0,0,5,4,0,1
1992,"SUBLETTE",56035,3,2,1,0,0,1,0,1,0,0,2,2,0,0
1993,"SUBLETTE",56035,6,6,0,0,0,0,0,0,0,0,6,6,0,0
1994,"SUBLETTE",56035,6,5,0,0,1,1,1,0,0,0,5,4,0,1
1995,"SUBLETTE",56035,6,4,1,1,0,2,0,1,1,0,4,4,0,0
1996,"SUBLETTE",56035,7,7,0,0,0,1,1,0,0,0,6,6,0,0
1997,"SUBLETTE",56035,8,6,0,0,2,1,0,0,0,1,7,6,0,1
1998,"SUBLETTE",56035,6,5,0,0,1,0,0,0,0,0,6,5,0,1
1999,"SUBLETTE",56035,11,8,1,1,1,2,0,1,1,0,9,8,0,1
2000,"SUBLETTE",56035,12,12,0,0,0,0,0,0,0,0,12,12,0,0
2001,"SUBLETTE",56035,8,8,0,0,0,1,1,0,0,0,7,7,0,0
2002,"SUBLETTE",56035,15,14,0,0,1,0,0,0,0,0,15,14,0,1
2003,"SUBLETTE",56035,26,22,0,0,4,0,0,0,0,0,26,22,0,4
1990,"SWEETWATER",56037,153,138,1,0,14,1,1,0,0,0,152,137,1,14
1991,"SWEETWATER",56037,123,110,3,0,10,3,1,2,0,0,120,109,1,10
1992,"SWEETWATER",56037,105,97,2,0,6,7,5,2,0,0,98,92,0,6
1993,"SWEETWATER",56037,105,102,0,0,3,3,3,0,0,0,102,99,0,3
1994,"SWEETWATER",56037,105,97,2,0,6,6,2,2,0,2,99,95,0,4
1995,"SWEETWATER",56037,99,94,2,0,3,10,7,2,0,1,89,87,0,2
1996,"SWEETWATER",56037,144,136,2,0,6,4,2,2,0,0,140,134,0,6
1997,"SWEETWATER",56037,191,173,0,0,18,7,3,0,0,4,184,170,0,14
1998,"SWEETWATER",56037,221,206,0,0,15,4,3,0,0,1,217,203,0,14
1999,"SWEETWATER",56037,224,214,0,0,10,1,1,0,0,0,223,213,0,10
2000,"SWEETWATER",56037,215,210,1,0,4,0,0,0,0,0,215,210,1,4
2001,"SWEETWATER",56037,245,240,2,0,3,4,0,2,0,2,241,240,0,1
2002,"SWEETWATER",56037,240,232,1,0,7,1,0,1,0,0,239,232,0,7
2003,"SWEETWATER",56037,257,247,0,0,10,0,0,0,0,0,257,247,0,10
1990,"TETON",56039,22,19,1,0,2,5,4,0,0,1,17,15,1,1
1991,"TETON",56039,23,20,2,0,1,7,4,2,0,1,16,16,0,0
1992,"TETON",56039,35,29,6,0,0,13,7,6,0,0,22,22,0,0
1993,"TETON",56039,14,12,1,0,1,5,4,1,0,0,9,8,0,1
1994,"TETON",56039,23,21,0,0,2,2,2,0,0,0,21,19,0,2
1995,"TETON",56039,13,12,1,0,0,0,0,0,0,0,13,12,1,0
1996,"TETON",56039,36,33,2,0,1,6,4,2,0,0,30,29,0,1
1997,"TETON",56039,43,39,0,0,4,8,6,0,0,2,35,33,0,2
1998,"TETON",56039,51,50,1,0,0,5,4,1,0,0,46,46,0,0
1999,"TETON",56039,36,34,2,0,0,4,2,2,0,0,32,32,0,0
2000,"TETON",56039,32,31,1,0,0,1,0,1,0,0,31,31,0,0
2001,"TETON",56039,51,47,1,0,3,1,1,0,0,0,50,46,1,3
2002,"TETON",56039,43,42,0,0,1,4,4,0,0,0,39,38,0,1
2003,"TETON",56039,45,40,3,0,2,4,0,3,0,1,41,40,0,1
1990,"UINTA",56041,65,62,0,0,3,4,4,0,0,0,61,58,0,3
1991,"UINTA",56041,97,90,4,0,3,7,3,4,0,0,90,87,0,3
1992,"UINTA",56041,79,71,7,0,1,11,4,7,0,0,68,67,0,1
1993,"UINTA",56041,48,45,1,0,2,2,1,1,0,0,46,44,0,2
1994,"UINTA",56041,54,51,1,0,2,4,2,1,0,1,50,49,0,1
1995,"UINTA",56041,56,56,0,0,0,1,1,0,0,0,55,55,0,0
1996,"UINTA",56041,109,90,0,0,19,3,2,0,0,1,106,88,0,18
1997,"UINTA",56041,113,86,0,0,27,1,1,0,0,0,112,85,0,27
1998,"UINTA",56041,100,83,2,0,15,2,0,2,0,0,98,83,0,15
1999,"UINTA",56041,96,90,1,0,5,3,2,1,0,0,93,88,0,5
2000,"UINTA",56041,97,91,0,0,6,1,1,0,0,0,96,90,0,6
2001,"UINTA",56041,124,115,0,0,9,1,0,0,0,1,123,115,0,8
2002,"UINTA",56041,125,121,1,0,3,1,0,1,0,0,124,121,0,3
2003,"UINTA",56041,132,123,0,0,9,0,0,0,0,0,132,123,0,9
1990,"WASHAKIE",56043,22,19,2,0,1,6,3,2,0,1,16,16,0,0
1991,"WASHAKIE",56043,24,21,2,0,1,3,1,2,0,0,21,20,0,1
1992,"WASHAKIE",56043,31,28,1,0,2,4,3,1,0,0,27,25,0,2
1993,"WASHAKIE",56043,21,17,4,0,0,4,0,4,0,0,17,17,0,0
1994,"WASHAKIE",56043,28,26,1,1,0,4,2,1,1,0,24,24,0,0
1995,"WASHAKIE",56043,25,20,0,1,4,5,2,0,1,2,20,18,0,2
1996,"WASHAKIE",56043,29,29,0,0,0,2,2,0,0,0,27,27,0,0
1997,"WASHAKIE",56043,34,34,0,0,0,3,3,0,0,0,31,31,0,0
1998,"WASHAKIE",56043,30,27,1,0,2,1,0,1,0,0,29,27,0,2
1999,"WASHAKIE",56043,34,34,0,0,0,1,1,0,0,0,33,33,0,0
2000,"WASHAKIE",56043,32,32,0,0,0,1,1,0,0,0,31,31,0,0
2001,"WASHAKIE",56043,35,35,0,0,0,3,3,0,0,0,32,32,0,0
2002,"WASHAKIE",56043,34,34,0,0,0,0,0,0,0,0,34,34,0,0
2003,"WASHAKIE",56043,39,38,0,0,1,0,0,0,0,0,39,38,0,1
1990,"WESTON",56045,17,13,2,0,2,4,2,2,0,0,13,11,0,2
1991,"WESTON",56045,17,15,0,0,2,1,1,0,0,0,16,14,0,2
1992,"WESTON",56045,8,8,0,0,0,1,1,0,0,0,7,7,0,0
1993,"WESTON",56045,13,13,0,0,0,2,2,0,0,0,11,11,0,0
1994,"WESTON",56045,4,3,0,0,1,1,0,0,0,1,3,3,0,0
1995,"WESTON",56045,8,7,0,0,1,0,0,0,0,0,8,7,0,1
1996,"WESTON",56045,10,10,0,0,0,0,0,0,0,0,10,10,0,0
1997,"WESTON",56045,15,15,0,0,0,0,0,0,0,0,15,15,0,0
1998,"WESTON",56045,15,13,0,0,2,0,0,0,0,0,15,13,0,2
1999,"WESTON",56045,19,18,0,0,1,0,0,0,0,0,19,18,0,1
2000,"WESTON",56045,21,20,0,0,1,0,0,0,0,0,21,20,0,1
2001,"WESTON",56045,28,27,0,0,1,0,0,0,0,0,28,27,0,1
2002,"WESTON",56045,22,21,0,0,1,0,0,0,0,0,22,21,0,1
2003,"WESTON",56045,34,32,0,0,2,0,0,0,0,0,34,32,0,2
1991,"ALL JURISDICTI",66010,25,20,2,0,3,8,6,2,0,0,17,14,0,3
1993,"ALL JURISDICTI",66010,39,33,2,0,4,14,11,2,0,1,25,22,0,3
1994,"ALL JURISDICTI",66010,53,36,1,0,16,12,6,1,0,5,41,30,0,11
1995,"ALL JURISDICTI",66010,49,28,4,0,17,12,3,4,0,5,37,25,0,12
1996,"ALL JURISDICTI",66010,79,65,1,0,13,15,12,1,0,2,64,53,0,11
1997,"ALL JURISDICTI",66010,115,88,2,0,25,21,19,2,0,0,94,69,0,25
1998,"ALL JURISDICTI",66010,109,93,4,0,12,25,19,3,0,3,84,74,1,9
2000,"ALL JURISDICTI",66010,154,125,4,0,25,31,25,3,0,3,123,100,1,22
2001,"ALL JURISDICTI",66010,286,230,9,0,47,27,14,9,0,4,259,216,0,43
2002,"ALL JURISDICTI",66010,376,333,6,0,37,23,17,4,0,2,353,316,2,35
2003,"ALL JURISDICTI",66010,364,316,2,0,46,12,10,2,0,0,352,306,0,46
2001,"NOT REPORTED",66666,2,2,0,0,0,0,0,0,0,0,2,2,0,0
2002,"NOT REPORTED",66666,31,30,0,0,1,0,0,0,0,0,31,30,0,1
2003,"NOT REPORTED",66666,19,15,0,0,4,0,0,0,0,0,19,15,0,4
1991,"ADJUNTAS",72001,18,2,3,0,13,5,0,3,0,2,13,2,0,11
1993,"ADJUNTAS",72001,13,0,0,0,13,2,0,0,0,2,11,0,0,11
1994,"ADJUNTAS",72001,16,2,2,0,12,4,1,2,0,1,12,1,0,11
1995,"ADJUNTAS",72001,17,2,1,0,14,1,0,1,0,0,16,2,0,14
1996,"ADJUNTAS",72001,23,8,0,0,15,0,0,0,0,0,23,8,0,15
1997,"ADJUNTAS",72001,51,23,0,0,28,1,1,0,0,0,50,22,0,28
1998,"ADJUNTAS",72001,60,25,0,0,35,0,0,0,0,0,60,25,0,35
2000,"ADJUNTAS",72001,59,13,18,0,28,18,0,18,0,0,41,13,0,28
2001,"ADJUNTAS",72001,80,24,11,0,45,10,0,10,0,0,70,24,1,45
2002,"ADJUNTAS",72001,57,21,3,0,33,3,0,3,0,0,54,21,0,33
2003,"ADJUNTAS",72001,77,26,2,1,48,2,1,0,1,0,75,25,2,48
1991,"AGUADA",72003,57,14,1,0,42,7,4,1,0,2,50,10,0,40
1993,"AGUADA",72003,30,4,0,0,26,5,0,0,0,5,25,4,0,21
1994,"AGUADA",72003,22,5,0,0,17,1,0,0,0,1,21,5,0,16
1995,"AGUADA",72003,44,12,1,0,31,2,0,1,0,1,42,12,0,30
1996,"AGUADA",72003,65,19,0,0,46,2,2,0,0,0,63,17,0,46
1997,"AGUADA",72003,150,73,0,0,77,2,1,0,0,1,148,72,0,76
1998,"AGUADA",72003,198,95,0,0,103,0,0,0,0,0,198,95,0,103
2000,"AGUADA",72003,170,76,1,0,93,7,4,1,0,2,163,72,0,91
2001,"AGUADA",72003,120,40,0,0,80,4,3,0,0,1,116,37,0,79
2002,"AGUADA",72003,124,63,0,0,61,5,3,0,0,2,119,60,0,59
2003,"AGUADA",72003,109,44,0,0,65,2,2,0,0,0,107,42,0,65
1991,"AGUADILLA",72005,150,34,4,0,112,12,5,4,0,3,138,29,0,109
1993,"AGUADILLA",72005,111,22,2,0,87,11,3,2,0,6,100,19,0,81
1994,"AGUADILLA",72005,100,24,3,0,73,11,4,3,0,4,89,20,0,69
1995,"AGUADILLA",72005,94,30,0,0,64,1,1,0,0,0,93,29,0,64
1996,"AGUADILLA",72005,145,50,1,0,94,6,2,1,0,3,139,48,0,91
1997,"AGUADILLA",72005,231,99,2,0,130,3,1,2,0,0,228,98,0,130
1998,"AGUADILLA",72005,270,99,1,0,170,2,1,1,0,0,268,98,0,170
2000,"AGUADILLA",72005,229,104,0,0,125,2,2,0,0,0,227,102,0,125
2001,"AGUADILLA",72005,223,112,1,0,110,9,6,1,0,2,214,106,0,108
2002,"AGUADILLA",72005,209,98,4,0,107,9,3,4,0,2,200,95,0,105
2003,"AGUADILLA",72005,217,104,3,0,110,4,2,2,0,0,213,102,1,110
1991,"AGUAS BUENAS",72007,83,8,3,0,72,7,0,3,0,4,76,8,0,68
1993,"AGUAS BUENAS",72007,47,8,1,0,38,4,0,1,0,3,43,8,0,35
1994,"AGUAS BUENAS",72007,34,3,0,0,31,1,0,0,0,1,33,3,0,30
1995,"AGUAS BUENAS",72007,38,9,0,0,29,0,0,0,0,0,38,9,0,29
1996,"AGUAS BUENAS",72007,53,7,0,0,46,0,0,0,0,0,53,7,0,46
1997,"AGUAS BUENAS",72007,74,22,0,0,52,0,0,0,0,0,74,22,0,52
1998,"AGUAS BUENAS",72007,97,27,1,0,69,1,0,1,0,0,96,27,0,69
2000,"AGUAS BUENAS",72007,61,22,0,0,39,0,0,0,0,0,61,22,0,39
2001,"AGUAS BUENAS",72007,85,27,1,0,57,1,0,1,0,0,84,27,0,57
2002,"AGUAS BUENAS",72007,99,20,1,0,78,1,0,0,0,1,98,20,1,77
2003,"AGUAS BUENAS",72007,90,25,0,0,65,0,0,0,0,0,90,25,0,65
1991,"AIBONITO",72009,56,14,1,0,41,2,0,1,0,1,54,14,0,40
1993,"AIBONITO",72009,43,11,0,0,32,4,1,0,0,3,39,10,0,29
1994,"AIBONITO",72009,38,9,1,0,28,3,1,1,0,1,35,8,0,27
1995,"AIBONITO",72009,60,21,0,0,39,2,1,0,0,1,58,20,0,38
1996,"AIBONITO",72009,63,17,0,0,46,1,0,0,0,1,62,17,0,45
1997,"AIBONITO",72009,123,41,1,2,79,3,1,0,2,0,120,40,1,79
1998,"AIBONITO",72009,139,34,0,0,105,0,0,0,0,0,139,34,0,105
2000,"AIBONITO",72009,117,40,0,0,77,0,0,0,0,0,117,40,0,77
2001,"AIBONITO",72009,140,45,1,1,93,2,0,1,1,0,138,45,0,93
2002,"AIBONITO",72009,128,32,0,0,96,3,1,0,0,2,125,31,0,94
2003,"AIBONITO",72009,97,34,0,2,61,3,0,0,2,1,94,34,0,60
1991,"ANASCO",72011,118,18,0,0,100,4,0,0,0,4,114,18,0,96
1993,"ANASCO",72011,76,15,1,0,60,4,1,1,0,2,72,14,0,58
1994,"ANASCO",72011,70,14,0,0,56,3,0,0,0,3,67,14,0,53
1995,"ANASCO",72011,73,23,0,0,50,0,0,0,0,0,73,23,0,50
1996,"ANASCO",72011,76,19,0,0,57,0,0,0,0,0,76,19,0,57
1997,"ANASCO",72011,176,73,0,0,103,1,1,0,0,0,175,72,0,103
1998,"ANASCO",72011,185,82,0,0,103,1,1,0,0,0,184,81,0,103
2000,"ANASCO",72011,212,86,0,0,126,2,0,0,0,2,210,86,0,124
2001,"ANASCO",72011,183,64,0,0,119,1,1,0,0,0,182,63,0,119
2002,"ANASCO",72011,130,43,0,0,87,5,1,0,0,4,125,42,0,83
2003,"ANASCO",72011,156,61,0,0,95,0,0,0,0,0,156,61,0,95
1991,"ARECIBO",72013,280,54,12,2,212,28,6,10,2,10,252,48,2,202
1993,"ARECIBO",72013,229,25,5,0,199,14,3,4,0,7,215,22,1,192
1994,"ARECIBO",72013,220,26,5,1,188,15,2,5,1,7,205,24,0,181
1995,"ARECIBO",72013,263,42,1,0,220,2,1,1,0,0,261,41,0,220
1996,"ARECIBO",72013,327,50,3,1,273,9,4,2,1,2,318,46,1,271
1997,"ARECIBO",72013,425,100,3,0,322,2,1,1,0,0,423,99,2,322
1998,"ARECIBO",72013,416,94,0,0,322,1,1,0,0,0,415,93,0,322
2000,"ARECIBO",72013,375,99,1,0,275,5,2,1,0,2,370,97,0,273
2001,"ARECIBO",72013,431,101,2,0,328,6,2,2,0,2,425,99,0,326
2002,"ARECIBO",72013,363,82,3,2,276,9,2,3,2,2,354,80,0,274
2003,"ARECIBO",72013,365,84,4,0,277,6,2,4,0,0,359,82,0,277
1991,"ARROYO",72015,68,11,0,0,57,0,0,0,0,0,68,11,0,57
1993,"ARROYO",72015,40,13,0,0,27,1,1,0,0,0,39,12,0,27
1994,"ARROYO",72015,41,10,0,0,31,0,0,0,0,0,41,10,0,31
1995,"ARROYO",72015,64,23,0,0,41,0,0,0,0,0,64,23,0,41
1996,"ARROYO",72015,46,26,1,0,19,2,1,1,0,0,44,25,0,19
1997,"ARROYO",72015,77,36,0,0,41,0,0,0,0,0,77,36,0,41
1998,"ARROYO",72015,107,37,1,0,69,1,0,1,0,0,106,37,0,69
2000,"ARROYO",72015,107,26,0,0,81,0,0,0,0,0,107,26,0,81
2001,"ARROYO",72015,78,20,0,0,58,1,1,0,0,0,77,19,0,58
2002,"ARROYO",72015,73,26,0,0,47,3,0,0,0,3,70,26,0,44
2003,"ARROYO",72015,79,17,0,1,61,2,1,0,1,0,77,16,0,61
1991,"BARCELONETA",72017,80,6,2,0,72,2,0,2,0,0,78,6,0,72
1993,"BARCELONETA",72017,68,6,0,0,62,2,0,0,0,2,66,6,0,60
1994,"BARCELONETA",72017,55,5,0,0,50,1,0,0,0,1,54,5,0,49
1995,"BARCELONETA",72017,50,9,0,0,41,0,0,0,0,0,50,9,0,41
1996,"BARCELONETA",72017,88,23,0,0,65,2,2,0,0,0,86,21,0,65
1997,"BARCELONETA",72017,96,28,0,0,68,0,0,0,0,0,96,28,0,68
1998,"BARCELONETA",72017,95,30,0,0,65,1,1,0,0,0,94,29,0,65
2000,"BARCELONETA",72017,109,32,0,0,77,3,0,0,0,3,106,32,0,74
2001,"BARCELONETA",72017,73,25,0,0,48,0,0,0,0,0,73,25,0,48
2002,"BARCELONETA",72017,86,17,0,0,69,1,1,0,0,0,85,16,0,69
2003,"BARCELONETA",72017,118,30,0,0,88,1,1,0,0,0,117,29,0,88
1991,"BARRANQUITAS",72019,42,9,0,0,33,3,1,0,0,2,39,8,0,31
1993,"BARRANQUITAS",72019,39,5,0,0,34,4,1,0,0,3,35,4,0,31
1994,"BARRANQUITAS",72019,35,7,0,2,26,3,0,0,2,1,32,7,0,25
1995,"BARRANQUITAS",72019,38,10,1,0,27,1,0,1,0,0,37,10,0,27
1996,"BARRANQUITAS",72019,56,17,0,0,39,0,0,0,0,0,56,17,0,39
1997,"BARRANQUITAS",72019,76,21,0,0,55,1,1,0,0,0,75,20,0,55
1998,"BARRANQUITAS",72019,95,31,0,0,64,0,0,0,0,0,95,31,0,64
2000,"BARRANQUITAS",72019,88,30,0,0,58,1,1,0,0,0,87,29,0,58
2001,"BARRANQUITAS",72019,68,26,0,0,42,2,2,0,0,0,66,24,0,42
2002,"BARRANQUITAS",72019,89,30,1,0,58,1,0,1,0,0,88,30,0,58
2003,"BARRANQUITAS",72019,89,22,0,1,66,1,0,0,1,0,88,22,0,66
1991,"BAYAMON",72021,650,174,26,0,450,77,17,24,0,36,573,157,2,414
1993,"BAYAMON",72021,483,103,12,1,367,36,8,12,1,15,447,95,0,352
1994,"BAYAMON",72021,473,100,3,0,370,27,10,3,0,14,446,90,0,356
1995,"BAYAMON",72021,588,136,9,0,443,20,7,9,0,4,568,129,0,439
1996,"BAYAMON",72021,701,180,5,0,516,12,4,4,0,4,689,176,1,512
1997,"BAYAMON",72021,1061,319,9,0,733,11,5,6,0,0,1050,314,3,733
1998,"BAYAMON",72021,1053,341,2,0,710,5,4,1,0,0,1048,337,1,710
2000,"BAYAMON",72021,895,247,3,0,645,13,6,2,0,5,882,241,1,640
2001,"BAYAMON",72021,858,258,10,0,590,24,11,9,0,4,834,247,1,586
2002,"BAYAMON",72021,797,218,5,0,574,15,10,3,0,2,782,208,2,572
2003,"BAYAMON",72021,850,256,3,0,591,15,12,2,0,1,835,244,1,590
1991,"CABO ROJO",72023,79,11,3,0,65,10,1,3,0,6,69,10,0,59
1993,"CABO ROJO",72023,62,9,0,0,53,5,1,0,0,4,57,8,0,49
1994,"CABO ROJO",72023,75,12,2,0,61,6,0,1,0,5,69,12,1,56
1995,"CABO ROJO",72023,65,15,0,0,50,1,1,0,0,0,64,14,0,50
1996,"CABO ROJO",72023,94,37,0,0,57,1,1,0,0,0,93,36,0,57
1997,"CABO ROJO",72023,128,51,0,0,77,0,0,0,0,0,128,51,0,77
1998,"CABO ROJO",72023,193,83,1,0,109,1,0,1,0,0,192,83,0,109
2000,"CABO ROJO",72023,186,71,0,0,115,2,0,0,0,2,184,71,0,113
2001,"CABO ROJO",72023,191,65,1,0,125,6,2,1,0,3,185,63,0,122
2002,"CABO ROJO",72023,179,59,2,0,118,3,0,2,0,1,176,59,0,117
2003,"CABO ROJO",72023,210,77,2,0,131,1,0,1,0,0,209,77,1,131
1991,"CAGUAS",72025,431,73,12,0,346,35,8,12,0,15,396,65,0,331
1993,"CAGUAS",72025,367,49,8,0,310,24,6,7,0,11,343,43,1,299
1994,"CAGUAS",72025,280,61,3,0,216,15,4,3,0,8,265,57,0,208
1995,"CAGUAS",72025,347,67,0,0,280,2,2,0,0,0,345,65,0,280
1996,"CAGUAS",72025,469,126,0,0,343,7,1,0,0,6,462,125,0,337
1997,"CAGUAS",72025,628,151,4,0,473,10,6,4,0,0,618,145,0,473
1998,"CAGUAS",72025,691,189,2,0,500,3,1,2,0,0,688,188,0,500
2000,"CAGUAS",72025,577,153,2,0,422,11,7,2,0,2,566,146,0,420
2001,"CAGUAS",72025,537,173,4,0,360,15,6,4,0,5,522,167,0,355
2002,"CAGUAS",72025,675,169,10,0,496,29,11,9,0,9,646,158,1,487
2003,"CAGUAS",72025,585,142,4,0,439,10,6,4,0,0,575,136,0,439
1991,"CAMUY",72027,43,8,0,1,34,2,1,0,1,0,41,7,0,34
1993,"CAMUY",72027,38,5,1,0,32,3,1,1,0,1,35,4,0,31
1994,"CAMUY",72027,51,5,1,0,45,3,1,1,0,1,48,4,0,44
1995,"CAMUY",72027,60,6,0,0,54,0,0,0,0,0,60,6,0,54
1996,"CAMUY",72027,117,18,0,0,99,2,0,0,0,2,115,18,0,97
1997,"CAMUY",72027,131,24,1,0,106,1,0,1,0,0,130,24,0,106
1998,"CAMUY",72027,126,27,1,0,98,0,0,0,0,0,126,27,1,98
2000,"CAMUY",72027,124,26,0,0,98,1,1,0,0,0,123,25,0,98
2001,"CAMUY",72027,132,34,0,0,98,0,0,0,0,0,132,34,0,98
2002,"CAMUY",72027,110,18,0,0,92,0,0,0,0,0,110,18,0,92
2003,"CAMUY",72027,142,33,1,0,108,1,0,0,0,1,141,33,1,107
1991,"CANOVANAS",72029,108,19,2,0,87,12,2,2,0,8,96,17,0,79
1993,"CANOVANAS",72029,78,9,2,0,67,5,1,2,0,2,73,8,0,65
1994,"CANOVANAS",72029,82,11,0,0,71,1,0,0,0,1,81,11,0,70
1995,"CANOVANAS",72029,84,13,3,0,68,1,0,1,0,0,83,13,2,68
1996,"CANOVANAS",72029,139,35,0,0,104,1,0,0,0,1,138,35,0,103
1997,"CANOVANAS",72029,184,26,0,0,158,0,0,0,0,0,184,26,0,158
1998,"CANOVANAS",72029,203,42,2,0,159,1,0,1,0,0,202,42,1,159
2000,"CANOVANAS",72029,175,43,1,0,131,1,1,0,0,0,174,42,1,131
2001,"CANOVANAS",72029,194,44,0,0,150,4,3,0,0,1,190,41,0,149
2002,"CANOVANAS",72029,189,34,0,0,155,2,1,0,0,1,187,33,0,154
2003,"CANOVANAS",72029,209,43,0,0,166,3,3,0,0,0,206,40,0,166
1991,"CAROLINA",72031,506,98,22,1,385,61,11,22,1,27,445,87,0,358
1993,"CAROLINA",72031,464,92,7,0,365,40,12,7,0,21,424,80,0,344
1994,"CAROLINA",72031,447,88,9,0,350,32,7,8,0,17,415,81,1,333
1995,"CAROLINA",72031,540,87,2,0,451,9,5,2,0,2,531,82,0,449
1996,"CAROLINA",72031,703,173,12,0,518,25,8,11,0,6,678,165,1,512
1997,"CAROLINA",72031,776,177,2,0,597,8,7,0,0,1,768,170,2,596
1998,"CAROLINA",72031,844,217,3,0,624,3,2,1,0,0,841,215,2,624
2000,"CAROLINA",72031,683,166,6,0,511,14,6,6,0,2,669,160,0,509
2001,"CAROLINA",72031,712,165,5,0,542,13,8,4,0,1,699,157,1,541
2002,"CAROLINA",72031,709,170,6,0,533,9,7,2,0,0,700,163,4,533
2003,"CAROLINA",72031,667,183,2,0,482,20,17,2,0,1,647,166,0,481
1991,"CATANO",72033,61,19,0,0,42,3,3,0,0,0,58,16,0,42
1993,"CATANO",72033,57,17,2,0,38,4,1,2,0,1,53,16,0,37
1994,"CATANO",72033,71,10,0,0,61,2,0,0,0,2,69,10,0,59
1995,"CATANO",72033,59,11,1,0,47,1,0,1,0,0,58,11,0,47
1996,"CATANO",72033,81,24,2,0,55,4,1,2,0,1,77,23,0,54
1997,"CATANO",72033,157,55,0,0,102,2,2,0,0,0,155,53,0,102
1998,"CATANO",72033,139,59,1,0,79,0,0,0,0,0,139,59,1,79
2000,"CATANO",72033,98,36,0,0,62,0,0,0,0,0,98,36,0,62
2001,"CATANO",72033,115,47,0,0,68,2,2,0,0,0,113,45,0,68
2002,"CATANO",72033,118,39,1,0,78,2,1,1,0,0,116,38,0,78
2003,"CATANO",72033,86,31,0,0,55,1,1,0,0,0,85,30,0,55
1991,"CAYEY",72035,134,32,2,0,100,8,2,2,0,4,126,30,0,96
1993,"CAYEY",72035,89,20,1,0,68,2,0,1,0,1,87,20,0,67
1994,"CAYEY",72035,63,11,1,0,51,3,1,1,0,1,60,10,0,50
1995,"CAYEY",72035,70,17,0,0,53,1,0,0,0,1,69,17,0,52
1996,"CAYEY",72035,108,25,0,0,83,1,1,0,0,0,107,24,0,83
1997,"CAYEY",72035,153,37,0,0,116,0,0,0,0,0,153,37,0,116
1998,"CAYEY",72035,210,70,0,0,140,0,0,0,0,0,210,70,0,140
2000,"CAYEY",72035,212,59,1,0,152,2,1,1,0,0,210,58,0,152
2001,"CAYEY",72035,134,43,0,0,91,3,2,0,0,1,131,41,0,90
2002,"CAYEY",72035,190,71,1,1,117,7,2,1,1,3,183,69,0,114
2003,"CAYEY",72035,183,60,1,2,120,4,1,1,2,0,179,59,0,120
1991,"CEIBA",72037,39,11,1,0,27,5,1,1,0,3,34,10,0,24
1993,"CEIBA",72037,35,5,0,0,30,1,0,0,0,1,34,5,0,29
1994,"CEIBA",72037,34,10,0,0,24,1,0,0,0,1,33,10,0,23
1995,"CEIBA",72037,27,9,0,0,18,0,0,0,0,0,27,9,0,18
1996,"CEIBA",72037,45,10,0,0,35,0,0,0,0,0,45,10,0,35
1997,"CEIBA",72037,60,5,0,0,55,1,1,0,0,0,59,4,0,55
1998,"CEIBA",72037,68,15,0,0,53,1,1,0,0,0,67,14,0,53
2000,"CEIBA",72037,54,6,0,0,48,0,0,0,0,0,54,6,0,48
2001,"CEIBA",72037,58,14,0,0,44,0,0,0,0,0,58,14,0,44
2002,"CEIBA",72037,50,10,0,0,40,1,1,0,0,0,49,9,0,40
2003,"CEIBA",72037,49,9,0,0,40,0,0,0,0,0,49,9,0,40
1991,"CIALES",72039,71,8,0,0,63,3,1,0,0,2,68,7,0,61
1993,"CIALES",72039,68,7,0,0,61,3,0,0,0,3,65,7,0,58
1994,"CIALES",72039,79,1,1,0,77,1,0,0,0,1,78,1,1,76
1995,"CIALES",72039,72,15,1,0,56,1,0,1,0,0,71,15,0,56
1996,"CIALES",72039,83,14,0,0,69,1,0,0,0,1,82,14,0,68
1997,"CIALES",72039,112,33,0,0,79,0,0,0,0,0,112,33,0,79
1998,"CIALES",72039,118,34,0,0,84,0,0,0,0,0,118,34,0,84
2000,"CIALES",72039,96,29,0,0,67,1,0,0,0,1,95,29,0,66
2001,"CIALES",72039,86,30,0,0,56,1,1,0,0,0,85,29,0,56
2002,"CIALES",72039,113,31,1,0,81,4,0,1,0,3,109,31,0,78
2003,"CIALES",72039,115,41,0,0,74,0,0,0,0,0,115,41,0,74
1991,"CIDRA",72041,73,9,0,0,64,1,0,0,0,1,72,9,0,63
1993,"CIDRA",72041,72,16,0,0,56,4,2,0,0,2,68,14,0,54
1994,"CIDRA",72041,37,9,0,0,28,1,0,0,0,1,36,9,0,27
1995,"CIDRA",72041,49,8,0,0,41,1,0,0,0,1,48,8,0,40
1996,"CIDRA",72041,109,31,0,0,78,2,2,0,0,0,107,29,0,78
1997,"CIDRA",72041,131,36,1,0,94,0,0,0,0,0,131,36,1,94
1998,"CIDRA",72041,185,53,3,0,129,4,2,2,0,0,181,51,1,129
2000,"CIDRA",72041,97,21,0,0,76,2,1,0,0,1,95,20,0,75
2001,"CIDRA",72041,119,35,0,0,84,3,2,0,0,1,116,33,0,83
2002,"CIDRA",72041,115,33,0,0,82,2,1,0,0,1,113,32,0,81
2003,"CIDRA",72041,107,31,1,0,75,1,0,1,0,0,106,31,0,75
1991,"COAMO",72043,117,19,2,2,94,15,1,2,2,10,102,18,0,84
1993,"COAMO",72043,81,8,0,0,73,5,0,0,0,5,76,8,0,68
1994,"COAMO",72043,78,11,0,0,67,2,0,0,0,2,76,11,0,65
1995,"COAMO",72043,89,20,0,0,69,3,1,0,0,2,86,19,0,67
1996,"COAMO",72043,128,21,0,0,107,3,0,0,0,3,125,21,0,104
1997,"COAMO",72043,237,47,1,0,189,1,0,1,0,0,236,47,0,189
1998,"COAMO",72043,247,52,0,0,195,0,0,0,0,0,247,52,0,195
2000,"COAMO",72043,191,29,1,0,161,1,0,0,0,1,190,29,1,160
2001,"COAMO",72043,205,46,1,0,158,3,2,1,0,0,202,44,0,158
2002,"COAMO",72043,188,38,0,0,150,1,0,0,0,1,187,38,0,149
2003,"COAMO",72043,156,32,3,0,121,4,1,3,0,0,152,31,0,121
1991,"COMERIO",72045,35,11,2,0,22,2,1,1,0,0,33,10,1,22
1993,"COMERIO",72045,24,3,1,0,20,1,0,1,0,0,23,3,0,20
1994,"COMERIO",72045,16,4,0,0,12,1,1,0,0,0,15,3,0,12
1995,"COMERIO",72045,22,7,0,0,15,0,0,0,0,0,22,7,0,15
1996,"COMERIO",72045,55,13,0,0,42,0,0,0,0,0,55,13,0,42
1997,"COMERIO",72045,80,23,0,0,57,2,2,0,0,0,78,21,0,57
1998,"COMERIO",72045,84,26,0,0,58,0,0,0,0,0,84,26,0,58
2000,"COMERIO",72045,81,18,0,0,63,0,0,0,0,0,81,18,0,63
2001,"COMERIO",72045,60,21,0,0,39,0,0,0,0,0,60,21,0,39
2002,"COMERIO",72045,63,18,0,0,45,0,0,0,0,0,63,18,0,45
2003,"COMERIO",72045,63,21,0,0,42,0,0,0,0,0,63,21,0,42
1991,"COROZAL",72047,78,35,0,1,42,6,3,0,1,2,72,32,0,40
1993,"COROZAL",72047,46,18,1,0,27,2,0,1,0,1,44,18,0,26
1994,"COROZAL",72047,53,12,0,0,41,4,0,0,0,4,49,12,0,37
1995,"COROZAL",72047,63,22,1,0,40,0,0,0,0,0,63,22,1,40
1996,"COROZAL",72047,76,29,1,1,45,4,1,1,1,1,72,28,0,44
1997,"COROZAL",72047,109,37,1,0,71,1,0,1,0,0,108,37,0,71
1998,"COROZAL",72047,168,87,1,0,80,1,1,0,0,0,167,86,1,80
2000,"COROZAL",72047,131,45,2,0,84,1,0,1,0,0,130,45,1,84
2001,"COROZAL",72047,119,47,0,0,72,2,2,0,0,0,117,45,0,72
2002,"COROZAL",72047,109,47,0,0,62,2,1,0,0,1,107,46,0,61
2003,"COROZAL",72047,141,44,0,0,97,0,0,0,0,0,141,44,0,97
1991,"CULEBRA",72049,2,0,1,0,1,1,0,1,0,0,1,0,0,1
1993,"CULEBRA",72049,5,1,0,0,4,2,0,0,0,2,3,1,0,2
1994,"CULEBRA",72049,4,1,0,0,3,0,0,0,0,0,4,1,0,3
1995,"CULEBRA",72049,3,2,0,0,1,0,0,0,0,0,3,2,0,1
1996,"CULEBRA",72049,1,0,0,0,1,0,0,0,0,0,1,0,0,1
1997,"CULEBRA",72049,1,0,0,0,1,0,0,0,0,0,1,0,0,1
1998,"CULEBRA",72049,2,0,1,0,1,1,0,1,0,0,1,0,0,1
2000,"CULEBRA",72049,1,0,0,0,1,0,0,0,0,0,1,0,0,1
2001,"CULEBRA",72049,6,3,0,0,3,0,0,0,0,0,6,3,0,3
2002,"CULEBRA",72049,1,1,0,0,0,0,0,0,0,0,1,1,0,0
2003,"CULEBRA",72049,3,0,0,0,3,0,0,0,0,0,3,0,0,3
1991,"DORADO",72051,97,20,1,0,76,9,1,1,0,7,88,19,0,69
1993,"DORADO",72051,60,11,1,0,48,6,2,1,0,3,54,9,0,45
1994,"DORADO",72051,59,11,2,0,46,5,1,2,0,2,54,10,0,44
1995,"DORADO",72051,72,16,1,0,55,4,2,1,0,1,68,14,0,54
1996,"DORADO",72051,96,22,2,0,72,3,2,1,0,0,93,20,1,72
1997,"DORADO",72051,141,44,1,0,96,1,1,0,0,0,140,43,1,96
1998,"DORADO",72051,153,49,1,0,103,1,0,1,0,0,152,49,0,103
2000,"DORADO",72051,104,23,2,0,79,1,0,1,0,0,103,23,1,79
2001,"DORADO",72051,102,30,1,0,71,2,0,1,0,1,100,30,0,70
2002,"DORADO",72051,102,29,1,0,72,2,1,1,0,0,100,28,0,72
2003,"DORADO",72051,136,36,1,0,99,2,1,1,0,0,134,35,0,99
1991,"FAJARDO",72053,136,40,3,0,93,10,2,3,0,5,126,38,0,88
1993,"FAJARDO",72053,97,27,1,0,69,6,1,1,0,4,91,26,0,65
1994,"FAJARDO",72053,93,14,1,0,78,6,0,1,0,5,87,14,0,73
1995,"FAJARDO",72053,121,29,0,0,92,1,1,0,0,0,120,28,0,92
1996,"FAJARDO",72053,150,31,0,0,119,2,1,0,0,1,148,30,0,118
1997,"FAJARDO",72053,187,25,2,0,160,2,0,2,0,0,185,25,0,160
1998,"FAJARDO",72053,173,27,0,0,146,1,1,0,0,0,172,26,0,146
2000,"FAJARDO",72053,181,24,0,1,156,2,0,0,1,1,179,24,0,155
2001,"FAJARDO",72053,149,21,1,0,127,3,1,1,0,1,146,20,0,126
2002,"FAJARDO",72053,132,25,1,0,106,4,3,1,0,0,128,22,0,106
2003,"FAJARDO",72053,137,24,0,0,113,1,0,0,0,1,136,24,0,112
1991,"FLORIDA",72054,49,8,0,0,41,6,1,0,0,5,43,7,0,36
1993,"FLORIDA",72054,31,6,0,0,25,2,0,0,0,2,29,6,0,23
1994,"FLORIDA",72054,21,2,0,0,19,0,0,0,0,0,21,2,0,19
1995,"FLORIDA",72054,34,6,0,0,28,0,0,0,0,0,34,6,0,28
1996,"FLORIDA",72054,44,15,0,0,29,0,0,0,0,0,44,15,0,29
1997,"FLORIDA",72054,46,12,0,0,34,0,0,0,0,0,46,12,0,34
1998,"FLORIDA",72054,71,29,0,0,42,0,0,0,0,0,71,29,0,42
2000,"FLORIDA",72054,60,21,0,0,39,0,0,0,0,0,60,21,0,39
2001,"FLORIDA",72054,50,27,0,0,23,1,1,0,0,0,49,26,0,23
2002,"FLORIDA",72054,74,32,0,0,42,1,0,0,0,1,73,32,0,41
2003,"FLORIDA",72054,66,19,0,0,47,0,0,0,0,0,66,19,0,47
1991,"GUANICA",72055,26,7,0,0,19,2,0,0,0,2,24,7,0,17
1993,"GUANICA",72055,21,9,0,0,12,4,3,0,0,1,17,6,0,11
1994,"GUANICA",72055,30,7,1,0,22,2,0,1,0,1,28,7,0,21
1995,"GUANICA",72055,30,13,0,0,17,1,1,0,0,0,29,12,0,17
1996,"GUANICA",72055,39,10,0,0,29,1,0,0,0,1,38,10,0,28
1997,"GUANICA",72055,106,36,0,0,70,0,0,0,0,0,106,36,0,70
1998,"GUANICA",72055,127,41,0,0,86,1,1,0,0,0,126,40,0,86
2000,"GUANICA",72055,101,33,0,0,68,0,0,0,0,0,101,33,0,68
2001,"GUANICA",72055,118,34,0,0,84,2,1,0,0,1,116,33,0,83
2002,"GUANICA",72055,95,37,0,0,58,1,1,0,0,0,94,36,0,58
2003,"GUANICA",72055,85,30,0,0,55,0,0,0,0,0,85,30,0,55
1991,"GUAYAMA",72057,183,44,3,1,135,8,1,3,1,3,175,43,0,132
1993,"GUAYAMA",72057,97,35,4,0,58,11,3,4,0,4,86,32,0,54
1994,"GUAYAMA",72057,224,61,1,0,162,15,3,1,0,11,209,58,0,151
1995,"GUAYAMA",72057,263,77,2,0,184,5,3,2,0,0,258,74,0,184
1996,"GUAYAMA",72057,362,116,0,0,246,9,3,0,0,6,353,113,0,240
1997,"GUAYAMA",72057,463,152,2,0,309,4,3,1,0,0,459,149,1,309
1998,"GUAYAMA",72057,389,90,1,0,298,2,2,0,0,0,387,88,1,298
2000,"GUAYAMA",72057,361,105,3,0,253,7,4,3,0,0,354,101,0,253
2001,"GUAYAMA",72057,375,110,3,0,262,14,10,3,0,1,361,100,0,261
2002,"GUAYAMA",72057,230,64,1,0,165,2,0,0,0,2,228,64,1,163
2003,"GUAYAMA",72057,338,98,4,0,236,7,4,3,0,0,331,94,1,236
1991,"GUAYANILLA",72059,40,9,0,0,31,2,0,0,0,2,38,9,0,29
1993,"GUAYANILLA",72059,47,13,0,0,34,2,0,0,0,2,45,13,0,32
1994,"GUAYANILLA",72059,26,8,0,0,18,1,0,0,0,1,25,8,0,17
1995,"GUAYANILLA",72059,48,15,0,0,33,0,0,0,0,0,48,15,0,33
1996,"GUAYANILLA",72059,62,22,0,0,40,1,1,0,0,0,61,21,0,40
1997,"GUAYANILLA",72059,162,58,0,0,104,0,0,0,0,0,162,58,0,104
1998,"GUAYANILLA",72059,196,63,0,0,133,0,0,0,0,0,196,63,0,133
2000,"GUAYANILLA",72059,138,34,0,0,104,1,1,0,0,0,137,33,0,104
2001,"GUAYANILLA",72059,123,41,0,0,82,0,0,0,0,0,123,41,0,82
2002,"GUAYANILLA",72059,128,30,0,0,98,1,0,0,0,1,127,30,0,97
2003,"GUAYANILLA",72059,117,39,0,0,78,0,0,0,0,0,117,39,0,78
1991,"GUANYBA",72061,154,46,7,0,101,28,13,5,0,10,126,33,2,91
1993,"GUANYBA",72061,139,40,5,0,94,18,7,5,0,6,121,33,0,88
1994,"GUANYBA",72061,175,51,8,0,116,18,6,7,0,5,157,45,1,111
1995,"GUANYBA",72061,178,35,5,0,138,3,1,2,0,0,175,34,3,138
1996,"GUANYBA",72061,219,57,6,0,156,11,7,3,0,1,208,50,3,155
1997,"GUANYBA",72061,263,71,3,0,189,7,5,2,0,0,256,66,1,189
1998,"GUANYBA",72061,289,83,2,0,204,4,3,1,0,0,285,80,1,204
2000,"GUANYBA",72061,219,71,6,0,142,9,4,5,0,0,210,67,1,142
2001,"GUANYBA",72061,260,95,19,0,146,22,3,17,0,2,238,92,2,144
2002,"GUANYBA",72061,216,66,5,0,145,8,4,3,0,1,208,62,2,144
2003,"GUANYBA",72061,262,88,8,0,166,15,8,7,0,0,247,80,1,166
1991,"GURABO",72063,95,13,1,0,81,5,0,1,0,4,90,13,0,77
1993,"GURABO",72063,65,8,0,0,57,1,0,0,0,1,64,8,0,56
1994,"GURABO",72063,76,11,1,0,64,5,0,1,0,4,71,11,0,60
1995,"GURABO",72063,73,18,2,0,53,2,0,2,0,0,71,18,0,53
1996,"GURABO",72063,112,34,0,0,78,0,0,0,0,0,112,34,0,78
1997,"GURABO",72063,161,41,0,0,120,0,0,0,0,0,161,41,0,120
1998,"GURABO",72063,169,52,1,0,116,1,0,1,0,0,168,52,0,116
2000,"GURABO",72063,159,39,0,0,120,1,1,0,0,0,158,38,0,120
2001,"GURABO",72063,139,34,0,0,105,1,1,0,0,0,138,33,0,105
2002,"GURABO",72063,130,27,0,0,103,2,0,0,0,2,128,27,0,101
2003,"GURABO",72063,132,29,2,0,101,1,0,1,0,0,131,29,1,101
1991,"HATILLO",72065,55,16,0,0,39,5,3,0,0,2,50,13,0,37
1993,"HATILLO",72065,39,8,1,0,30,3,1,1,0,1,36,7,0,29
1994,"HATILLO",72065,45,5,4,0,36,5,0,4,0,1,40,5,0,35
1995,"HATILLO",72065,53,6,0,0,47,0,0,0,0,0,53,6,0,47
1996,"HATILLO",72065,95,20,0,0,75,1,1,0,0,0,94,19,0,75
1997,"HATILLO",72065,112,27,0,0,85,0,0,0,0,0,112,27,0,85
1998,"HATILLO",72065,120,23,0,0,97,0,0,0,0,0,120,23,0,97
2000,"HATILLO",72065,136,29,1,0,106,2,1,1,0,0,134,28,0,106
2001,"HATILLO",72065,124,23,1,0,100,1,0,1,0,0,123,23,0,100
2002,"HATILLO",72065,135,40,0,0,95,0,0,0,0,0,135,40,0,95
2003,"HATILLO",72065,131,32,2,0,97,1,0,1,0,0,130,32,1,97
1991,"HORMIGUEROS",72067,38,8,0,0,30,4,1,0,0,3,34,7,0,27
1993,"HORMIGUEROS",72067,34,14,0,0,20,2,1,0,0,1,32,13,0,19
1994,"HORMIGUEROS",72067,34,6,0,0,28,1,0,0,0,1,33,6,0,27
1995,"HORMIGUEROS",72067,30,11,1,0,18,1,0,1,0,0,29,11,0,18
1996,"HORMIGUEROS",72067,41,19,0,0,22,0,0,0,0,0,41,19,0,22
1997,"HORMIGUEROS",72067,41,16,0,0,25,0,0,0,0,0,41,16,0,25
1998,"HORMIGUEROS",72067,73,29,0,0,44,0,0,0,0,0,73,29,0,44
2000,"HORMIGUEROS",72067,95,31,0,0,64,1,0,0,0,1,94,31,0,63
2001,"HORMIGUEROS",72067,72,25,0,0,47,1,1,0,0,0,71,24,0,47
2002,"HORMIGUEROS",72067,87,34,1,0,52,2,1,1,0,0,85,33,0,52
2003,"HORMIGUEROS",72067,90,34,1,0,55,0,0,0,0,0,90,34,1,55
1991,"HUMACAO",72069,126,23,5,0,98,13,2,5,0,6,113,21,0,92
1993,"HUMACAO",72069,120,17,2,0,101,6,3,2,0,1,114,14,0,100
1994,"HUMACAO",72069,117,21,4,0,92,7,0,4,0,3,110,21,0,89
1995,"HUMACAO",72069,144,30,2,0,112,2,0,2,0,0,142,30,0,112
1996,"HUMACAO",72069,214,34,3,0,177,5,2,2,0,1,209,32,1,176
1997,"HUMACAO",72069,258,67,2,0,189,3,1,2,0,0,255,66,0,189
1998,"HUMACAO",72069,262,65,2,0,195,3,1,2,0,0,259,64,0,195
2000,"HUMACAO",72069,233,47,1,0,185,1,0,1,0,0,232,47,0,185
2001,"HUMACAO",72069,209,47,0,0,162,1,1,0,0,0,208,46,0,162
2002,"HUMACAO",72069,197,41,2,0,154,5,2,2,0,1,192,39,0,153
2003,"HUMACAO",72069,229,49,3,0,177,4,3,1,0,0,225,46,2,177
1991,"ISABELA",72071,136,27,3,0,106,13,2,3,0,8,123,25,0,98
1993,"ISABELA",72071,74,4,0,0,70,5,0,0,0,5,69,4,0,65
1994,"ISABELA",72071,73,12,0,0,61,11,3,0,0,8,62,9,0,53
1995,"ISABELA",72071,69,10,1,0,58,1,0,1,0,0,68,10,0,58
1996,"ISABELA",72071,86,21,1,0,64,3,0,1,0,2,83,21,0,62
1997,"ISABELA",72071,123,38,0,0,85,1,1,0,0,0,122,37,0,85
1998,"ISABELA",72071,143,41,1,0,101,1,0,1,0,0,142,41,0,101
2000,"ISABELA",72071,149,64,0,0,85,0,0,0,0,0,149,64,0,85
2001,"ISABELA",72071,137,54,0,0,83,0,0,0,0,0,137,54,0,83
2002,"ISABELA",72071,131,56,2,0,73,6,2,2,0,2,125,54,0,71
2003,"ISABELA",72071,122,55,1,0,66,1,0,1,0,0,121,55,0,66
1991,"JAYUYA",72073,17,2,1,1,13,3,1,1,1,0,14,1,0,13
1993,"JAYUYA",72073,28,6,0,0,22,1,0,0,0,1,27,6,0,21
1994,"JAYUYA",72073,28,9,0,0,19,3,2,0,0,1,25,7,0,18
1995,"JAYUYA",72073,36,7,0,0,29,0,0,0,0,0,36,7,0,29
1996,"JAYUYA",72073,48,12,1,0,35,1,0,1,0,0,47,12,0,35
1997,"JAYUYA",72073,101,25,0,0,76,0,0,0,0,0,101,25,0,76
1998,"JAYUYA",72073,110,27,0,0,83,0,0,0,0,0,110,27,0,83
2000,"JAYUYA",72073,69,22,0,0,47,0,0,0,0,0,69,22,0,47
2001,"JAYUYA",72073,61,29,1,0,31,2,1,1,0,0,59,28,0,31
2002,"JAYUYA",72073,54,20,0,0,34,0,0,0,0,0,54,20,0,34
2003,"JAYUYA",72073,51,21,0,0,30,1,0,0,0,1,50,21,0,29
1991,"JUANA DIAZ",72075,61,9,1,0,51,4,1,1,0,2,57,8,0,49
1993,"JUANA DIAZ",72075,64,12,1,0,51,3,0,1,0,2,61,12,0,49
1994,"JUANA DIAZ",72075,59,10,2,0,47,3,0,2,0,1,56,10,0,46
1995,"JUANA DIAZ",72075,62,11,0,0,51,0,0,0,0,0,62,11,0,51
1996,"JUANA DIAZ",72075,112,19,0,0,93,0,0,0,0,0,112,19,0,93
1997,"JUANA DIAZ",72075,192,54,0,0,138,0,0,0,0,0,192,54,0,138
1998,"JUANA DIAZ",72075,221,59,0,0,162,1,1,0,0,0,220,58,0,162
2000,"JUANA DIAZ",72075,200,25,1,0,174,2,0,1,0,1,198,25,0,173
2001,"JUANA DIAZ",72075,155,29,0,0,126,1,1,0,0,0,154,28,0,126
2002,"JUANA DIAZ",72075,176,37,0,0,139,3,2,0,0,1,173,35,0,138
2003,"JUANA DIAZ",72075,215,46,0,0,169,2,2,0,0,0,213,44,0,169
1991,"JUNCOS",72077,54,12,1,0,41,3,0,1,0,2,51,12,0,39
1993,"JUNCOS",72077,58,9,1,0,48,5,2,1,0,2,53,7,0,46
1994,"JUNCOS",72077,59,10,0,0,49,1,0,0,0,1,58,10,0,48
1995,"JUNCOS",72077,69,15,1,0,53,2,0,1,0,1,67,15,0,52
1996,"JUNCOS",72077,115,28,0,0,87,1,0,0,0,1,114,28,0,86
1997,"JUNCOS",72077,147,37,2,0,108,1,0,1,0,0,146,37,1,108
1998,"JUNCOS",72077,143,49,1,0,93,1,0,1,0,0,142,49,0,93
2000,"JUNCOS",72077,177,50,1,0,126,2,0,1,0,1,175,50,0,125
2001,"JUNCOS",72077,156,37,0,0,119,2,2,0,0,0,154,35,0,119
2002,"JUNCOS",72077,176,38,0,0,138,2,1,0,0,1,174,37,0,137
2003,"JUNCOS",72077,171,27,1,0,143,0,0,0,0,0,171,27,1,143
1991,"LAJAS",72079,66,14,1,0,51,8,3,1,0,4,58,11,0,47
1993,"LAJAS",72079,35,7,0,0,28,1,1,0,0,0,34,6,0,28
1994,"LAJAS",72079,43,5,2,0,36,3,0,2,0,1,40,5,0,35
1995,"LAJAS",72079,41,19,0,0,22,0,0,0,0,0,41,19,0,22
1996,"LAJAS",72079,64,27,0,0,37,0,0,0,0,0,64,27,0,37
1997,"LAJAS",72079,110,51,0,0,59,0,0,0,0,0,110,51,0,59
1998,"LAJAS",72079,127,67,1,0,59,1,0,1,0,0,126,67,0,59
2000,"LAJAS",72079,167,56,0,0,111,2,1,0,0,1,165,55,0,110
2001,"LAJAS",72079,117,44,1,0,72,1,0,1,0,0,116,44,0,72
2002,"LAJAS",72079,111,50,0,0,61,3,0,0,0,3,108,50,0,58
2003,"LAJAS",72079,91,40,0,0,51,0,0,0,0,0,91,40,0,51
1991,"LARES",72081,32,11,0,3,18,4,0,0,3,1,28,11,0,17
1993,"LARES",72081,33,10,1,3,19,7,0,1,3,3,26,10,0,16
1994,"LARES",72081,24,8,0,2,14,2,0,0,2,0,22,8,0,14
1995,"LARES",72081,45,15,0,2,28,2,0,0,2,0,43,15,0,28
1996,"LARES",72081,50,15,0,0,35,1,0,0,0,1,49,15,0,34
1997,"LARES",72081,94,40,0,0,54,0,0,0,0,0,94,40,0,54
1998,"LARES",72081,102,34,0,0,68,0,0,0,0,0,102,34,0,68
2000,"LARES",72081,88,40,0,0,48,0,0,0,0,0,88,40,0,48
2001,"LARES",72081,95,41,1,0,53,7,3,1,0,3,88,38,0,50
2002,"LARES",72081,88,30,0,0,58,0,0,0,0,0,88,30,0,58
2003,"LARES",72081,83,36,0,1,46,2,1,0,1,0,81,35,0,46
1991,"LAS MARIAS",72083,10,4,0,0,6,0,0,0,0,0,10,4,0,6
1993,"LAS MARIAS",72083,1,0,0,0,1,0,0,0,0,0,1,0,0,1
1997,"LAS MARIAS",72083,26,4,0,0,22,0,0,0,0,0,26,4,0,22
1998,"LAS MARIAS",72083,44,14,0,0,30,0,0,0,0,0,44,14,0,30
2000,"LAS MARIAS",72083,27,5,0,0,22,0,0,0,0,0,27,5,0,22
2001,"LAS MARIAS",72083,11,5,0,0,6,0,0,0,0,0,11,5,0,6
2002,"LAS MARIAS",72083,53,24,0,0,29,0,0,0,0,0,53,24,0,29
2003,"LAS MARIAS",72083,28,7,0,0,21,0,0,0,0,0,28,7,0,21
1991,"LAS PIEDRAS",72085,52,3,5,0,44,8,1,5,0,2,44,2,0,42
1993,"LAS PIEDRAS",72085,48,6,3,0,39,4,1,3,0,0,44,5,0,39
1994,"LAS PIEDRAS",72085,55,13,0,0,42,0,0,0,0,0,55,13,0,42
1995,"LAS PIEDRAS",72085,58,13,0,0,45,0,0,0,0,0,58,13,0,45
1996,"LAS PIEDRAS",72085,85,18,0,0,67,1,1,0,0,0,84,17,0,67
1997,"LAS PIEDRAS",72085,134,32,0,0,102,0,0,0,0,0,134,32,0,102
1998,"LAS PIEDRAS",72085,129,32,1,0,96,0,0,0,0,0,129,32,1,96
2000,"LAS PIEDRAS",72085,121,25,0,0,96,2,2,0,0,0,119,23,0,96
2001,"LAS PIEDRAS",72085,129,30,0,0,99,1,1,0,0,0,128,29,0,99
2002,"LAS PIEDRAS",72085,88,31,0,0,57,0,0,0,0,0,88,31,0,57
2003,"LAS PIEDRAS",72085,88,22,0,0,66,0,0,0,0,0,88,22,0,66
1991,"LOIZA",72087,29,5,0,0,24,1,0,0,0,1,28,5,0,23
1993,"LOIZA",72087,32,3,0,0,29,0,0,0,0,0,32,3,0,29
1994,"LOIZA",72087,25,4,0,0,21,1,0,0,0,1,24,4,0,20
1995,"LOIZA",72087,28,3,0,0,25,0,0,0,0,0,28,3,0,25
1996,"LOIZA",72087,34,9,0,0,25,0,0,0,0,0,34,9,0,25
1997,"LOIZA",72087,53,10,0,0,43,0,0,0,0,0,53,10,0,43
1998,"LOIZA",72087,54,11,0,0,43,0,0,0,0,0,54,11,0,43
2000,"LOIZA",72087,54,9,0,0,45,0,0,0,0,0,54,9,0,45
2001,"LOIZA",72087,42,8,0,0,34,0,0,0,0,0,42,8,0,34
2002,"LOIZA",72087,47,7,0,0,40,1,1,0,0,0,46,6,0,40
2003,"LOIZA",72087,44,6,0,0,38,0,0,0,0,0,44,6,0,38
1991,"LUQUILLO",72089,61,14,3,0,44,7,0,3,0,4,54,14,0,40
1993,"LUQUILLO",72089,46,15,0,0,31,2,0,0,0,2,44,15,0,29
1994,"LUQUILLO",72089,54,15,0,0,39,5,1,0,0,4,49,14,0,35
1995,"LUQUILLO",72089,51,16,1,0,34,1,0,1,0,0,50,16,0,34
1996,"LUQUILLO",72089,61,11,0,0,50,0,0,0,0,0,61,11,0,50
1997,"LUQUILLO",72089,85,12,0,0,73,0,0,0,0,0,85,12,0,73
1998,"LUQUILLO",72089,84,13,1,0,70,1,0,1,0,0,83,13,0,70
2000,"LUQUILLO",72089,52,7,0,0,45,1,1,0,0,0,51,6,0,45
2001,"LUQUILLO",72089,59,20,1,0,38,1,0,1,0,0,58,20,0,38
2002,"LUQUILLO",72089,64,18,0,0,46,2,0,0,0,2,62,18,0,44
2003,"LUQUILLO",72089,52,10,0,0,42,0,0,0,0,0,52,10,0,42
1991,"MANATI",72091,113,18,2,0,93,6,1,2,0,3,107,17,0,90
1993,"MANATI",72091,104,12,1,0,91,5,0,1,0,4,99,12,0,87
1994,"MANATI",72091,115,23,3,0,89,7,1,2,0,4,108,22,1,85
1995,"MANATI",72091,95,28,0,0,67,1,1,0,0,0,94,27,0,67
1996,"MANATI",72091,152,52,1,0,99,2,1,1,0,0,150,51,0,99
1997,"MANATI",72091,215,67,0,0,148,0,0,0,0,0,215,67,0,148
1998,"MANATI",72091,213,82,0,0,131,0,0,0,0,0,213,82,0,131
2000,"MANATI",72091,183,75,0,0,108,1,1,0,0,0,182,74,0,108
2001,"MANATI",72091,183,74,0,0,109,1,0,0,0,1,182,74,0,108
2002,"MANATI",72091,179,67,0,0,112,3,0,0,0,3,176,67,0,109
2003,"MANATI",72091,221,80,3,0,138,2,0,2,0,0,219,80,1,138
1991,"MARICAO",72093,15,2,0,0,13,1,0,0,0,1,14,2,0,12
1993,"MARICAO",72093,12,3,0,1,8,2,0,0,1,1,10,3,0,7
1994,"MARICAO",72093,10,4,0,0,6,0,0,0,0,0,10,4,0,6
1995,"MARICAO",72093,8,1,0,0,7,0,0,0,0,0,8,1,0,7
1996,"MARICAO",72093,10,4,0,0,6,0,0,0,0,0,10,4,0,6
1997,"MARICAO",72093,23,7,0,0,16,0,0,0,0,0,23,7,0,16
1998,"MARICAO",72093,36,9,0,0,27,0,0,0,0,0,36,9,0,27
2000,"MARICAO",72093,47,9,0,0,38,1,0,0,0,1,46,9,0,37
2001,"MARICAO",72093,45,12,0,0,33,0,0,0,0,0,45,12,0,33
2002,"MARICAO",72093,19,8,0,0,11,0,0,0,0,0,19,8,0,11
2003,"MARICAO",72093,31,9,0,0,22,0,0,0,0,0,31,9,0,22
1991,"MAUNABO",72095,19,4,0,0,15,2,0,0,0,2,17,4,0,13
1993,"MAUNABO",72095,14,5,0,0,9,1,1,0,0,0,13,4,0,9
1994,"MAUNABO",72095,14,3,0,0,11,0,0,0,0,0,14,3,0,11
1995,"MAUNABO",72095,36,2,0,0,34,0,0,0,0,0,36,2,0,34
1996,"MAUNABO",72095,32,7,0,0,25,1,0,0,0,1,31,7,0,24
1997,"MAUNABO",72095,32,9,0,0,23,0,0,0,0,0,32,9,0,23
1998,"MAUNABO",72095,46,13,0,0,33,0,0,0,0,0,46,13,0,33
2000,"MAUNABO",72095,55,11,0,0,44,0,0,0,0,0,55,11,0,44
2001,"MAUNABO",72095,48,11,0,0,37,0,0,0,0,0,48,11,0,37
2002,"MAUNABO",72095,35,9,0,0,26,0,0,0,0,0,35,9,0,26
2003,"MAUNABO",72095,39,13,1,0,25,0,0,0,0,0,39,13,1,25
1991,"MAYAGUEZ",72097,335,99,5,0,231,26,10,3,0,13,309,89,2,218
1993,"MAYAGUEZ",72097,244,58,9,0,177,23,6,9,0,8,221,52,0,169
1994,"MAYAGUEZ",72097,201,75,5,0,121,18,8,5,0,5,183,67,0,116
1995,"MAYAGUEZ",72097,221,82,3,0,136,5,2,2,0,1,216,80,1,135
1996,"MAYAGUEZ",72097,292,122,5,0,165,10,4,5,0,1,282,118,0,164
1997,"MAYAGUEZ",72097,403,167,5,0,231,7,2,5,0,0,396,165,0,231
1998,"MAYAGUEZ",72097,582,247,4,0,331,3,0,3,0,0,579,247,1,331
2000,"MAYAGUEZ",72097,592,220,3,0,369,11,5,3,0,3,581,215,0,366
2001,"MAYAGUEZ",72097,456,160,5,0,291,9,5,4,0,0,447,155,1,291
2002,"MAYAGUEZ",72097,474,186,5,0,283,12,1,3,0,8,462,185,2,275
2003,"MAYAGUEZ",72097,452,180,3,0,269,6,3,2,0,1,446,177,1,268
1991,"MOCA",72099,35,2,0,0,33,5,1,0,0,4,30,1,0,29
1993,"MOCA",72099,32,7,0,0,25,8,2,0,0,6,24,5,0,19
1994,"MOCA",72099,36,6,1,0,29,1,0,0,0,1,35,6,1,28
1995,"MOCA",72099,42,11,2,0,29,3,0,2,0,1,39,11,0,28
1996,"MOCA",72099,69,20,0,0,49,0,0,0,0,0,69,20,0,49
1997,"MOCA",72099,117,47,0,0,70,0,0,0,0,0,117,47,0,70
1998,"MOCA",72099,166,51,0,0,115,0,0,0,0,0,166,51,0,115
2000,"MOCA",72099,141,47,3,0,91,4,0,3,0,1,137,47,0,90
2001,"MOCA",72099,113,46,0,0,67,2,1,0,0,1,111,45,0,66
2002,"MOCA",72099,131,61,1,0,69,3,0,0,0,3,128,61,1,66
2003,"MOCA",72099,139,54,1,0,84,2,0,1,0,1,137,54,0,83
1991,"MOROVIS",72101,84,13,0,0,71,3,1,0,0,2,81,12,0,69
1993,"MOROVIS",72101,66,7,0,0,59,4,0,0,0,4,62,7,0,55
1994,"MOROVIS",72101,76,11,0,0,65,1,0,0,0,1,75,11,0,64
1995,"MOROVIS",72101,70,17,0,0,53,0,0,0,0,0,70,17,0,53
1996,"MOROVIS",72101,86,35,0,0,51,0,0,0,0,0,86,35,0,51
1997,"MOROVIS",72101,95,42,0,0,53,0,0,0,0,0,95,42,0,53
1998,"MOROVIS",72101,110,39,0,0,71,0,0,0,0,0,110,39,0,71
2000,"MOROVIS",72101,111,26,0,0,85,1,1,0,0,0,110,25,0,85
2001,"MOROVIS",72101,104,36,1,0,67,1,0,1,0,0,103,36,0,67
2002,"MOROVIS",72101,105,26,0,0,79,1,1,0,0,0,104,25,0,79
2003,"MOROVIS",72101,134,48,1,0,85,1,0,1,0,0,133,48,0,85
1991,"NAGUABO",72103,31,7,0,0,24,4,0,0,0,4,27,7,0,20
1993,"NAGUABO",72103,30,4,1,0,25,1,0,1,0,0,29,4,0,25
1994,"NAGUABO",72103,29,8,0,0,21,1,0,0,0,1,28,8,0,20
1995,"NAGUABO",72103,36,11,0,0,25,0,0,0,0,0,36,11,0,25
1996,"NAGUABO",72103,41,15,0,0,26,1,0,0,0,1,40,15,0,25
1997,"NAGUABO",72103,63,19,3,0,41,1,0,1,0,0,62,19,2,41
1998,"NAGUABO",72103,61,15,0,0,46,0,0,0,0,0,61,15,0,46
2000,"NAGUABO",72103,56,13,0,0,43,2,2,0,0,0,54,11,0,43
2001,"NAGUABO",72103,64,15,0,0,49,0,0,0,0,0,64,15,0,49
2002,"NAGUABO",72103,68,21,1,0,46,1,0,1,0,0,67,21,0,46
2003,"NAGUABO",72103,69,16,0,1,52,3,2,0,1,0,66,14,0,52
1991,"NARANJITO",72105,94,35,0,0,59,10,0,0,0,10,84,35,0,49
1993,"NARANJITO",72105,53,15,0,0,38,1,0,0,0,1,52,15,0,37
1994,"NARANJITO",72105,51,11,1,0,39,1,0,1,0,0,50,11,0,39
1995,"NARANJITO",72105,53,14,1,0,38,1,0,1,0,0,52,14,0,38
1996,"NARANJITO",72105,105,30,1,0,74,3,2,0,0,1,102,28,1,73
1997,"NARANJITO",72105,178,84,1,0,93,1,0,1,0,0,177,84,0,93
1998,"NARANJITO",72105,172,78,0,0,94,0,0,0,0,0,172,78,0,94
2000,"NARANJITO",72105,111,50,1,0,60,2,0,1,0,1,109,50,0,59
2001,"NARANJITO",72105,105,36,0,0,69,0,0,0,0,0,105,36,0,69
2002,"NARANJITO",72105,134,55,2,0,77,1,0,1,0,0,133,55,1,77
2003,"NARANJITO",72105,120,44,1,0,75,1,0,1,0,0,119,44,0,75
1991,"OROCOVIS",72107,21,1,0,0,20,0,0,0,0,0,21,1,0,20
1993,"OROCOVIS",72107,26,6,0,0,20,0,0,0,0,0,26,6,0,20
1994,"OROCOVIS",72107,31,6,0,1,24,1,0,0,1,0,30,6,0,24
1995,"OROCOVIS",72107,53,21,1,0,31,1,0,1,0,0,52,21,0,31
1996,"OROCOVIS",72107,51,23,1,0,27,2,0,1,0,1,49,23,0,26
1997,"OROCOVIS",72107,73,30,0,0,43,0,0,0,0,0,73,30,0,43
1998,"OROCOVIS",72107,74,29,0,0,45,0,0,0,0,0,74,29,0,45
2000,"OROCOVIS",72107,65,19,0,0,46,0,0,0,0,0,65,19,0,46
2001,"OROCOVIS",72107,66,14,0,0,52,1,0,0,0,1,65,14,0,51
2002,"OROCOVIS",72107,62,14,0,0,48,0,0,0,0,0,62,14,0,48
2003,"OROCOVIS",72107,76,23,0,0,53,0,0,0,0,0,76,23,0,53
1991,"PATILLAS",72109,58,12,0,1,45,7,2,0,1,4,51,10,0,41
1993,"PATILLAS",72109,35,5,0,0,30,2,0,0,0,2,33,5,0,28
1994,"PATILLAS",72109,33,8,0,0,25,3,0,0,0,3,30,8,0,22
1995,"PATILLAS",72109,52,14,0,0,38,0,0,0,0,0,52,14,0,38
1996,"PATILLAS",72109,54,17,0,0,37,0,0,0,0,0,54,17,0,37
1997,"PATILLAS",72109,67,23,0,0,44,0,0,0,0,0,67,23,0,44
1998,"PATILLAS",72109,69,18,0,0,51,0,0,0,0,0,69,18,0,51
2000,"PATILLAS",72109,79,27,0,0,52,0,0,0,0,0,79,27,0,52
2001,"PATILLAS",72109,77,21,0,0,56,1,1,0,0,0,76,20,0,56
2002,"PATILLAS",72109,69,25,1,0,43,2,1,1,0,0,67,24,0,43
2003,"PATILLAS",72109,63,20,0,0,43,0,0,0,0,0,63,20,0,43
1991,"PENUELAS",72111,27,4,1,0,22,3,0,1,0,2,24,4,0,20
1993,"PENUELAS",72111,29,8,0,0,21,1,0,0,0,1,28,8,0,20
1994,"PENUELAS",72111,31,5,0,0,26,0,0,0,0,0,31,5,0,26
1995,"PENUELAS",72111,36,7,0,0,29,0,0,0,0,0,36,7,0,29
1996,"PENUELAS",72111,90,18,1,0,71,2,0,1,0,1,88,18,0,70
1997,"PENUELAS",72111,141,54,0,0,87,0,0,0,0,0,141,54,0,87
1998,"PENUELAS",72111,211,72,0,0,139,0,0,0,0,0,211,72,0,139
2000,"PENUELAS",72111,156,39,0,0,117,0,0,0,0,0,156,39,0,117
2001,"PENUELAS",72111,130,34,0,0,96,1,0,0,0,1,129,34,0,95
2002,"PENUELAS",72111,113,24,0,0,89,3,1,0,0,2,110,23,0,87
2003,"PENUELAS",72111,129,30,0,0,99,0,0,0,0,0,129,30,0,99
1991,"PONCE",72113,304,70,15,0,219,37,9,12,0,16,267,61,3,203
1993,"PONCE",72113,348,63,13,0,272,37,8,13,0,16,311,55,0,256
1994,"PONCE",72113,350,67,13,1,269,37,11,10,1,15,313,56,3,254
1995,"PONCE",72113,379,79,6,0,294,13,3,6,0,4,366,76,0,290
1996,"PONCE",72113,642,202,8,0,432,24,9,7,0,8,618,193,1,424
1997,"PONCE",72113,1014,370,7,0,637,10,5,5,0,0,1004,365,2,637
1998,"PONCE",72113,1197,455,1,0,741,7,5,1,0,1,1190,450,0,740
2000,"PONCE",72113,890,219,7,0,664,12,2,6,0,4,878,217,1,660
2001,"PONCE",72113,914,229,3,0,682,15,5,3,0,7,899,224,0,675
2002,"PONCE",72113,848,226,7,0,615,21,5,3,0,13,827,221,4,602
2003,"PONCE",72113,798,202,9,0,587,17,9,7,0,1,781,193,2,586
1991,"QUEBRADILLAS",72115,47,6,1,1,39,8,2,1,1,4,39,4,0,35
1993,"QUEBRADILLAS",72115,36,2,2,0,32,6,0,2,0,4,30,2,0,28
1994,"QUEBRADILLAS",72115,50,1,1,0,48,2,0,0,0,2,48,1,1,46
1995,"QUEBRADILLAS",72115,45,10,0,0,35,0,0,0,0,0,45,10,0,35
1996,"QUEBRADILLAS",72115,63,7,1,0,55,3,0,1,0,2,60,7,0,53
1997,"QUEBRADILLAS",72115,97,25,0,0,72,0,0,0,0,0,97,25,0,72
1998,"QUEBRADILLAS",72115,119,16,1,0,102,1,1,0,0,0,118,15,1,102
2000,"QUEBRADILLAS",72115,135,25,0,0,110,1,0,0,0,1,134,25,0,109
2001,"QUEBRADILLAS",72115,97,29,0,0,68,0,0,0,0,0,97,29,0,68
2002,"QUEBRADILLAS",72115,74,21,1,0,52,1,0,1,0,0,73,21,0,52
2003,"QUEBRADILLAS",72115,99,26,0,0,73,0,0,0,0,0,99,26,0,73
1991,"RINCON",72117,20,3,0,0,17,3,0,0,0,3,17,3,0,14
1993,"RINCON",72117,16,4,1,0,11,3,0,1,0,2,13,4,0,9
1994,"RINCON",72117,17,4,1,0,12,2,0,1,0,1,15,4,0,11
1995,"RINCON",72117,21,6,1,0,14,1,0,1,0,0,20,6,0,14
1996,"RINCON",72117,27,12,0,0,15,0,0,0,0,0,27,12,0,15
1997,"RINCON",72117,48,20,0,1,27,1,0,0,1,0,47,20,0,27
1998,"RINCON",72117,82,27,0,0,55,0,0,0,0,0,82,27,0,55
2000,"RINCON",72117,66,23,0,0,43,0,0,0,0,0,66,23,0,43
2001,"RINCON",72117,64,19,0,0,45,1,1,0,0,0,63,18,0,45
2002,"RINCON",72117,40,14,2,0,24,2,0,2,0,0,38,14,0,24
2003,"RINCON",72117,38,9,1,0,28,1,0,1,0,0,37,9,0,28
1991,"RIO GRANDE",72119,104,23,2,0,79,8,3,1,0,4,96,20,1,75
1993,"RIO GRANDE",72119,102,15,3,0,84,4,0,3,0,1,98,15,0,83
1994,"RIO GRANDE",72119,119,17,1,0,101,5,1,0,0,4,114,16,1,97
1995,"RIO GRANDE",72119,103,22,0,0,81,0,0,0,0,0,103,22,0,81
1996,"RIO GRANDE",72119,172,37,1,0,134,1,0,0,0,1,171,37,1,133
1997,"RIO GRANDE",72119,206,39,2,0,165,1,0,1,0,0,205,39,1,165
1998,"RIO GRANDE",72119,208,36,1,0,171,3,2,1,0,0,205,34,0,171
2000,"RIO GRANDE",72119,190,45,0,0,145,0,0,0,0,0,190,45,0,145
2001,"RIO GRANDE",72119,159,32,2,0,125,7,1,2,0,4,152,31,0,121
2002,"RIO GRANDE",72119,161,33,1,0,127,5,3,1,0,1,156,30,0,126
2003,"RIO GRANDE",72119,150,39,0,0,111,0,0,0,0,0,150,39,0,111
1991,"SABANA GRANDE",72121,55,11,0,0,44,1,0,0,0,1,54,11,0,43
1993,"SABANA GRANDE",72121,24,4,0,0,20,0,0,0,0,0,24,4,0,20
1994,"SABANA GRANDE",72121,27,4,0,0,23,1,0,0,0,1,26,4,0,22
1995,"SABANA GRANDE",72121,37,12,2,0,23,2,0,2,0,0,35,12,0,23
1996,"SABANA GRANDE",72121,55,21,0,0,34,0,0,0,0,0,55,21,0,34
1997,"SABANA GRANDE",72121,114,48,0,0,66,0,0,0,0,0,114,48,0,66
1998,"SABANA GRANDE",72121,149,65,0,0,84,0,0,0,0,0,149,65,0,84
2000,"SABANA GRANDE",72121,141,42,0,0,99,1,0,0,0,1,140,42,0,98
2001,"SABANA GRANDE",72121,133,44,0,0,89,0,0,0,0,0,133,44,0,89
2002,"SABANA GRANDE",72121,103,39,0,0,64,1,1,0,0,0,102,38,0,64
2003,"SABANA GRANDE",72121,99,40,0,0,59,0,0,0,0,0,99,40,0,59
1991,"SALINAS",72123,73,10,4,0,59,10,1,4,0,5,63,9,0,54
1993,"SALINAS",72123,64,8,3,0,53,6,0,3,0,3,58,8,0,50
1994,"SALINAS",72123,42,9,2,0,31,4,0,2,0,2,38,9,0,29
1995,"SALINAS",72123,45,12,0,0,33,0,0,0,0,0,45,12,0,33
1996,"SALINAS",72123,63,18,0,0,45,3,0,0,0,3,60,18,0,42
1997,"SALINAS",72123,97,26,0,0,71,1,1,0,0,0,96,25,0,71
1998,"SALINAS",72123,106,25,0,0,81,0,0,0,0,0,106,25,0,81
2000,"SALINAS",72123,93,15,0,0,78,2,1,0,0,1,91,14,0,77
2001,"SALINAS",72123,121,32,2,0,87,3,1,2,0,0,118,31,0,87
2002,"SALINAS",72123,114,27,2,0,85,3,1,2,0,0,111,26,0,85
2003,"SALINAS",72123,107,28,0,0,79,1,0,0,0,1,106,28,0,78
1991,"SAN GERMAN",72125,77,8,1,0,68,3,0,1,0,2,74,8,0,66
1993,"SAN GERMAN",72125,41,13,0,0,28,1,0,0,0,1,40,13,0,27
1994,"SAN GERMAN",72125,44,11,1,0,32,1,0,1,0,0,43,11,0,32
1995,"SAN GERMAN",72125,41,12,0,0,29,0,0,0,0,0,41,12,0,29
1996,"SAN GERMAN",72125,73,28,1,0,44,0,0,0,0,0,73,28,1,44
1997,"SAN GERMAN",72125,135,60,0,0,75,0,0,0,0,0,135,60,0,75
1998,"SAN GERMAN",72125,232,111,0,0,121,0,0,0,0,0,232,111,0,121
2000,"SAN GERMAN",72125,214,85,1,0,128,0,0,0,0,0,214,85,1,128
2001,"SAN GERMAN",72125,162,63,1,0,98,1,1,0,0,0,161,62,1,98
2002,"SAN GERMAN",72125,123,43,0,0,80,0,0,0,0,0,123,43,0,80
2003,"SAN GERMAN",72125,148,54,2,0,92,0,0,0,0,0,148,54,2,92
1991,"SAN JUAN",72127,1248,368,100,0,780,233,78,91,0,64,1015,290,9,716
1993,"SAN JUAN",72127,1010,296,73,0,641,164,53,64,0,47,846,243,9,594
1994,"SAN JUAN",72127,1027,282,62,1,682,132,42,57,1,32,895,240,5,650
1995,"SAN JUAN",72127,1107,289,57,0,761,91,35,49,0,7,1016,254,8,754
1996,"SAN JUAN",72127,1261,356,35,0,870,79,38,31,0,10,1182,318,4,860
1997,"SAN JUAN",72127,1624,412,46,0,1166,61,24,37,0,0,1563,388,9,1166
1998,"SAN JUAN",72127,1723,511,37,0,1175,58,26,31,0,1,1665,485,6,1174
2000,"SAN JUAN",72127,1275,400,21,0,854,45,22,20,0,3,1230,378,1,851
2001,"SAN JUAN",72127,1340,427,40,0,873,88,53,31,0,4,1252,374,9,869
2002,"SAN JUAN",72127,1313,463,39,0,811,83,48,33,0,2,1230,415,6,809
2003,"SAN JUAN",72127,1381,477,34,0,870,72,42,30,0,0,1309,435,4,870
1991,"SAN LORENZO",72129,53,5,0,0,48,1,1,0,0,0,52,4,0,48
1993,"SAN LORENZO",72129,49,8,0,0,41,3,0,0,0,3,46,8,0,38
1994,"SAN LORENZO",72129,61,10,0,0,51,1,1,0,0,0,60,9,0,51
1995,"SAN LORENZO",72129,45,12,0,0,33,0,0,0,0,0,45,12,0,33
1996,"SAN LORENZO",72129,103,28,0,0,75,1,0,0,0,1,102,28,0,74
1997,"SAN LORENZO",72129,144,46,0,0,98,0,0,0,0,0,144,46,0,98
1998,"SAN LORENZO",72129,189,52,0,0,137,0,0,0,0,0,189,52,0,137
2000,"SAN LORENZO",72129,159,53,0,0,106,0,0,0,0,0,159,53,0,106
2001,"SAN LORENZO",72129,127,49,0,0,78,0,0,0,0,0,127,49,0,78
2002,"SAN LORENZO",72129,124,38,0,0,86,1,1,0,0,0,123,37,0,86
2003,"SAN LORENZO",72129,124,30,0,0,94,0,0,0,0,0,124,30,0,94
1991,"SAN SEBASTIAN",72131,36,15,2,0,19,7,2,2,0,3,29,13,0,16
1993,"SAN SEBASTIAN",72131,42,8,0,0,34,4,0,0,0,4,38,8,0,30
1994,"SAN SEBASTIAN",72131,47,9,0,1,37,4,0,0,1,3,43,9,0,34
1995,"SAN SEBASTIAN",72131,62,21,0,0,41,0,0,0,0,0,62,21,0,41
1996,"SAN SEBASTIAN",72131,87,30,0,0,57,1,0,0,0,1,86,30,0,56
1997,"SAN SEBASTIAN",72131,145,49,0,0,96,1,1,0,0,0,144,48,0,96
1998,"SAN SEBASTIAN",72131,224,88,1,0,135,1,0,1,0,0,223,88,0,135
2000,"SAN SEBASTIAN",72131,160,77,0,0,83,1,1,0,0,0,159,76,0,83
2001,"SAN SEBASTIAN",72131,158,65,4,0,89,7,0,3,0,4,151,65,1,85
2002,"SAN SEBASTIAN",72131,143,55,1,0,87,5,2,1,0,2,138,53,0,85
2003,"SAN SEBASTIAN",72131,166,64,1,0,101,1,1,0,0,0,165,63,1,101
1991,"SANTA ISABEL",72133,47,10,0,0,37,1,1,0,0,0,46,9,0,37
1993,"SANTA ISABEL",72133,41,5,1,1,34,3,0,1,1,1,38,5,0,33
1994,"SANTA ISABEL",72133,40,12,0,0,28,1,0,0,0,1,39,12,0,27
1995,"SANTA ISABEL",72133,42,15,0,0,27,0,0,0,0,0,42,15,0,27
1996,"SANTA ISABEL",72133,61,25,0,0,36,0,0,0,0,0,61,25,0,36
1997,"SANTA ISABEL",72133,88,23,0,0,65,1,1,0,0,0,87,22,0,65
1998,"SANTA ISABEL",72133,106,38,0,0,68,1,1,0,0,0,105,37,0,68
2000,"SANTA ISABEL",72133,99,21,0,0,78,2,0,0,0,2,97,21,0,76
2001,"SANTA ISABEL",72133,141,28,0,0,113,1,1,0,0,0,140,27,0,113
2002,"SANTA ISABEL",72133,103,18,0,0,85,4,2,0,0,2,99,16,0,83
2003,"SANTA ISABEL",72133,116,10,0,0,106,0,0,0,0,0,116,10,0,106
1991,"TOA ALTA",72135,137,37,1,0,99,6,0,1,0,5,131,37,0,94
1993,"TOA ALTA",72135,92,18,0,0,74,5,2,0,0,3,87,16,0,71
1994,"TOA ALTA",72135,96,18,2,0,76,3,0,2,0,1,93,18,0,75
1995,"TOA ALTA",72135,138,28,1,0,109,2,1,1,0,0,136,27,0,109
1996,"TOA ALTA",72135,178,42,0,0,136,1,0,0,0,1,177,42,0,135
1997,"TOA ALTA",72135,237,69,0,0,168,1,1,0,0,0,236,68,0,168
1998,"TOA ALTA",72135,252,72,0,0,180,0,0,0,0,0,252,72,0,180
2000,"TOA ALTA",72135,219,63,1,0,155,1,1,0,0,0,218,62,1,155
2001,"TOA ALTA",72135,224,57,0,0,167,1,0,0,0,1,223,57,0,166
2002,"TOA ALTA",72135,255,59,2,0,194,3,2,0,0,1,252,57,2,193
2003,"TOA ALTA",72135,293,72,3,0,218,3,2,1,0,0,290,70,2,218
1991,"TOA BAJA",72137,250,55,8,0,187,17,0,7,0,10,233,55,1,177
1993,"TOA BAJA",72137,215,50,1,0,164,10,3,1,0,6,205,47,0,158
1994,"TOA BAJA",72137,204,45,3,0,156,10,4,3,0,3,194,41,0,153
1995,"TOA BAJA",72137,265,48,4,0,213,4,1,2,0,1,261,47,2,212
1996,"TOA BAJA",72137,306,68,0,0,238,9,3,0,0,6,297,65,0,232
1997,"TOA BAJA",72137,439,115,4,0,320,3,1,2,0,0,436,114,2,320
1998,"TOA BAJA",72137,440,143,5,0,292,4,1,3,0,0,436,142,2,292
2000,"TOA BAJA",72137,358,104,0,0,254,3,2,0,0,1,355,102,0,253
2001,"TOA BAJA",72137,373,100,3,0,270,4,2,2,0,0,369,98,1,270
2002,"TOA BAJA",72137,368,115,9,0,244,16,6,8,0,2,352,109,1,242
2003,"TOA BAJA",72137,361,99,3,0,259,8,5,3,0,0,353,94,0,259
1991,"TRUJILLO ALTO",72139,126,26,0,0,100,8,3,0,0,5,118,23,0,95
1993,"TRUJILLO ALTO",72139,120,20,3,0,97,7,1,3,0,3,113,19,0,94
1994,"TRUJILLO ALTO",72139,126,21,2,0,103,7,2,2,0,3,119,19,0,100
1995,"TRUJILLO ALTO",72139,131,26,3,0,102,5,2,2,0,1,126,24,1,101
1996,"TRUJILLO ALTO",72139,171,35,1,0,135,7,6,1,0,0,164,29,0,135
1997,"TRUJILLO ALTO",72139,229,54,2,0,173,1,0,1,0,0,228,54,1,173
1998,"TRUJILLO ALTO",72139,230,55,0,0,175,1,1,0,0,0,229,54,0,175
2000,"TRUJILLO ALTO",72139,214,59,3,0,152,4,2,1,0,1,210,57,2,151
2001,"TRUJILLO ALTO",72139,194,38,2,0,154,4,1,2,0,1,190,37,0,153
2002,"TRUJILLO ALTO",72139,226,57,3,0,166,4,2,1,0,1,222,55,2,165
2003,"TRUJILLO ALTO",72139,233,62,7,0,164,5,1,4,0,0,228,61,3,164
1991,"UTUADO",72141,29,14,0,2,13,5,2,0,2,1,24,12,0,12
1993,"UTUADO",72141,39,9,0,1,29,4,0,0,1,3,35,9,0,26
1994,"UTUADO",72141,32,3,0,0,29,2,0,0,0,2,30,3,0,27
1995,"UTUADO",72141,41,1,0,0,40,0,0,0,0,0,41,1,0,40
1996,"UTUADO",72141,79,15,0,0,64,1,0,0,0,1,78,15,0,63
1997,"UTUADO",72141,183,51,0,0,132,0,0,0,0,0,183,51,0,132
1998,"UTUADO",72141,201,73,0,0,128,1,1,0,0,0,200,72,0,128
2000,"UTUADO",72141,142,52,0,0,90,0,0,0,0,0,142,52,0,90
2001,"UTUADO",72141,134,61,2,0,71,3,2,1,0,0,131,59,1,71
2002,"UTUADO",72141,125,47,0,0,78,1,0,0,0,1,124,47,0,77
2003,"UTUADO",72141,111,54,1,0,56,1,0,1,0,0,110,54,0,56
1991,"VEGA ALTA",72143,106,13,1,0,92,3,1,1,0,1,103,12,0,91
1993,"VEGA ALTA",72143,96,15,0,0,81,3,0,0,0,3,93,15,0,78
1994,"VEGA ALTA",72143,90,12,0,0,78,1,0,0,0,1,89,12,0,77
1995,"VEGA ALTA",72143,86,14,0,0,72,0,0,0,0,0,86,14,0,72
1996,"VEGA ALTA",72143,112,28,1,0,83,2,1,1,0,0,110,27,0,83
1997,"VEGA ALTA",72143,170,36,1,0,133,2,1,1,0,0,168,35,0,133
1998,"VEGA ALTA",72143,157,49,0,0,108,0,0,0,0,0,157,49,0,108
2000,"VEGA ALTA",72143,160,35,2,0,123,5,1,2,0,2,155,34,0,121
2001,"VEGA ALTA",72143,137,40,0,0,97,4,1,0,0,3,133,39,0,94
2002,"VEGA ALTA",72143,148,27,0,0,121,2,1,0,0,1,146,26,0,120
2003,"VEGA ALTA",72143,154,42,1,0,111,3,2,1,0,0,151,40,0,111
1991,"VEGA BAJA",72145,168,18,2,0,148,7,2,2,0,3,161,16,0,145
1993,"VEGA BAJA",72145,119,13,0,0,106,7,1,0,0,6,112,12,0,100
1994,"VEGA BAJA",72145,111,11,0,0,100,3,0,0,0,3,108,11,0,97
1995,"VEGA BAJA",72145,145,27,0,0,118,1,0,0,0,1,144,27,0,117
1996,"VEGA BAJA",72145,204,62,0,0,142,3,1,0,0,2,201,61,0,140
1997,"VEGA BAJA",72145,367,126,2,0,239,1,0,1,0,0,366,126,1,239
1998,"VEGA BAJA",72145,346,111,0,0,235,0,0,0,0,0,346,111,0,235
2000,"VEGA BAJA",72145,294,96,0,0,198,1,1,0,0,0,293,95,0,198
2001,"VEGA BAJA",72145,295,90,0,0,205,3,1,0,0,2,292,89,0,203
2002,"VEGA BAJA",72145,261,90,2,0,169,3,0,2,0,1,258,90,0,168
2003,"VEGA BAJA",72145,320,98,1,0,221,0,0,0,0,0,320,98,1,221
1991,"VIEQUES",72147,7,4,0,0,3,2,2,0,0,0,5,2,0,3
1993,"VIEQUES",72147,11,1,3,0,7,3,0,3,0,0,8,1,0,7
1994,"VIEQUES",72147,10,1,0,0,9,2,0,0,0,2,8,1,0,7
1995,"VIEQUES",72147,7,0,0,0,7,0,0,0,0,0,7,0,0,7
1996,"VIEQUES",72147,5,3,0,0,2,0,0,0,0,0,5,3,0,2
1997,"VIEQUES",72147,11,2,0,0,9,0,0,0,0,0,11,2,0,9
1998,"VIEQUES",72147,15,4,0,0,11,0,0,0,0,0,15,4,0,11
2000,"VIEQUES",72147,14,3,0,0,11,1,0,0,0,1,13,3,0,10
2001,"VIEQUES",72147,4,0,0,0,4,0,0,0,0,0,4,0,0,4
2002,"VIEQUES",72147,17,5,1,0,11,1,0,1,0,0,16,5,0,11
2003,"VIEQUES",72147,11,0,1,0,10,1,0,1,0,0,10,0,0,10
1991,"VILLALBA",72149,26,0,1,0,25,2,0,1,0,1,24,0,0,24
1993,"VILLALBA",72149,16,2,0,0,14,1,0,0,0,1,15,2,0,13
1994,"VILLALBA",72149,27,4,0,0,23,3,0,0,0,3,24,4,0,20
1995,"VILLALBA",72149,36,3,0,0,33,0,0,0,0,0,36,3,0,33
1996,"VILLALBA",72149,47,15,0,0,32,0,0,0,0,0,47,15,0,32
1997,"VILLALBA",72149,98,15,0,0,83,0,0,0,0,0,98,15,0,83
1998,"VILLALBA",72149,113,20,0,0,93,0,0,0,0,0,113,20,0,93
2000,"VILLALBA",72149,93,15,0,0,78,1,0,0,0,1,92,15,0,77
2001,"VILLALBA",72149,92,12,2,0,78,1,0,1,0,0,91,12,1,78
2002,"VILLALBA",72149,72,18,2,0,52,2,0,2,0,0,70,18,0,52
2003,"VILLALBA",72149,104,20,0,0,84,0,0,0,0,0,104,20,0,84
1991,"YABUCOA",72151,66,13,1,0,52,8,0,1,0,7,58,13,0,45
1993,"YABUCOA",72151,59,5,0,1,53,5,1,0,1,3,54,4,0,50
1994,"YABUCOA",72151,50,17,1,0,32,0,0,0,0,0,50,17,1,32
1995,"YABUCOA",72151,52,13,0,0,39,0,0,0,0,0,52,13,0,39
1996,"YABUCOA",72151,76,15,1,0,60,0,0,0,0,0,76,15,1,60
1997,"YABUCOA",72151,109,34,0,0,75,0,0,0,0,0,109,34,0,75
1998,"YABUCOA",72151,111,32,0,0,79,0,0,0,0,0,111,32,0,79
2000,"YABUCOA",72151,117,28,0,0,89,0,0,0,0,0,117,28,0,89
2001,"YABUCOA",72151,125,33,0,0,92,1,1,0,0,0,124,32,0,92
2002,"YABUCOA",72151,88,25,1,0,62,0,0,0,0,0,88,25,1,62
2003,"YABUCOA",72151,80,17,1,0,62,0,0,0,0,0,80,17,1,62
1991,"YAUCO",72153,62,19,2,0,41,9,1,2,0,6,53,18,0,35
1993,"YAUCO",72153,48,15,3,0,30,5,1,3,0,1,43,14,0,29
1994,"YAUCO",72153,41,13,1,0,27,2,1,1,0,0,39,12,0,27
1995,"YAUCO",72153,49,15,1,0,33,1,0,1,0,0,48,15,0,33
1996,"YAUCO",72153,94,27,0,0,67,1,1,0,0,0,93,26,0,67
1997,"YAUCO",72153,273,80,0,0,193,0,0,0,0,0,273,80,0,193
1998,"YAUCO",72153,326,116,0,0,210,0,0,0,0,0,326,116,0,210
2000,"YAUCO",72153,287,77,2,1,207,4,1,1,1,1,283,76,1,206
2001,"YAUCO",72153,279,80,2,0,197,7,2,2,0,3,272,78,0,194
2002,"YAUCO",72153,231,67,0,0,164,2,2,0,0,0,229,65,0,164
2003,"YAUCO",72153,259,74,4,1,180,7,3,1,1,2,252,71,3,178
1991,"ALL JURISDICTI",75010,5,3,2,0,0,4,3,1,0,0,1,0,1,0
1993,"ALL JURISDICTI",75010,8,7,1,0,0,7,6,1,0,0,1,1,0,0
1995,"ALL JURISDICTI",75010,16,10,5,0,1,10,5,5,0,0,6,5,0,1
1996,"ALL JURISDICTI",75010,12,10,1,0,1,8,7,1,0,0,4,3,0,1
1997,"ALL JURISDICTI",75010,2,1,1,0,0,1,0,1,0,0,1,1,0,0
1998,"ALL JURISDICTI",75010,18,16,2,0,0,8,6,2,0,0,10,10,0,0
2000,"ALL JURISDICTI",75010,16,8,0,0,8,6,0,0,0,6,10,8,0,2
2001,"ALL JURISDICTI",75010,27,25,1,0,1,8,7,1,0,0,19,18,0,1
2002,"ALL JURISDICTI",75010,26,20,1,0,5,3,2,1,0,0,23,18,0,5
2003,"ALL JURISDICTI",75010,20,18,0,0,2,3,3,0,0,0,17,15,0,2
1995,"ST CROIX",78010,28,21,3,0,4,9,5,3,0,1,19,16,0,3
1996,"ST CROIX",78010,36,26,1,0,9,8,6,0,0,2,28,20,1,7
1997,"ST CROIX",78010,38,24,7,0,7,12,5,7,0,0,26,19,0,7
1998,"ST CROIX",78010,35,29,0,0,6,2,2,0,0,0,33,27,0,6
2000,"ST CROIX",78010,6,4,0,0,2,1,1,0,0,0,5,3,0,2
2001,"ST CROIX",78010,4,3,1,0,0,1,0,1,0,0,3,3,0,0
2003,"ST CROIX",78010,3,1,0,0,2,0,0,0,0,0,3,1,0,2
1995,"ST JOHNS",78020,2,1,1,0,0,1,0,1,0,0,1,1,0,0
1996,"ST JOHNS",78020,4,3,1,0,0,1,0,1,0,0,3,3,0,0
1997,"ST JOHNS",78020,7,4,1,0,2,1,0,1,0,0,6,4,0,2
1998,"ST JOHNS",78020,5,4,1,0,0,1,0,1,0,0,4,4,0,0
2000,"ST JOHNS",78020,1,0,1,0,0,1,0,1,0,0,0,0,0,0
1995,"ST THOMAS",78030,26,17,5,0,4,7,2,5,0,0,19,15,0,4
1996,"ST THOMAS",78030,28,16,9,0,3,19,9,9,0,1,9,7,0,2
1997,"ST THOMAS",78030,32,23,3,0,6,5,2,3,0,0,27,21,0,6
1998,"ST THOMAS",78030,35,23,5,0,7,8,3,5,0,0,27,20,0,7
2000,"ST THOMAS",78030,50,39,3,0,8,5,3,1,0,1,45,36,2,7
2001,"ST THOMAS",78030,62,38,5,0,19,12,7,4,0,1,50,31,1,18
2002,"ST THOMAS",78030,61,36,6,0,19,8,3,5,0,0,53,33,1,19
2003,"ST THOMAS",78030,51,32,0,0,19,4,3,0,0,1,47,29,0,18
1996,"OUTSIDE HOME S",88888,1141,655,70,0,416,119,37,68,0,14,1022,618,2,402
1997,"OUTSIDE HOME S",88888,2122,1314,92,3,713,197,77,91,3,26,1925,1237,1,687
1998,"OUTSIDE HOME S",88888,2535,1567,74,3,889,197,85,71,3,36,2338,1482,3,853
2000,"OUTSIDE HOME S",88888,2046,1261,175,1,608,259,71,172,1,14,1787,1190,3,594
2001,"OUTSIDE HOME S",88888,3018,1555,712,3,747,845,110,709,3,22,2173,1445,3,725
2002,"OUTSIDE HOME S",88888,4083,1862,1323,3,866,1480,119,1316,3,13,2603,1743,7,853
2003,"OUTSIDE HOME S",88888,2668,1359,859,3,425,981,94,857,3,5,1687,1265,2,420
1996,"OUTSIDE U S",99999,330,224,20,1,76,43,9,20,1,4,287,215,0,72
1997,"OUTSIDE U S",99999,451,302,8,1,131,35,13,8,1,4,416,289,0,127
1998,"OUTSIDE U S",99999,442,336,10,0,82,48,23,10,0,1,394,313,0,81
2000,"OUTSIDE U S",99999,337,253,38,0,33,78,27,38,0,0,259,226,0,33
2001,"OUTSIDE U S",99999,583,341,124,0,90,168,18,123,0,0,415,323,1,90
2002,"OUTSIDE U S",99999,372,258,51,0,30,100,18,51,0,1,271,238,0,30
2003,"OUTSIDE U S",99999,941,738,85,0,90,144,31,84,0,3,797,707,1,87
