DATE,DISTRICT,STATE,CIRCUIT,TOTAL_FILINGS,CHAP_7,CHAP_11,CHAP_12,CHAP_13,TOTAL_BUSINESS_FILINGS,BCHAP_7,BCHAP_11,BCHAP_12,BCHAP_13,TOTAL_NON_BUSINESS_FILINGS,NBCHAP_7,NBCHAP_11,NBCHAP_13
2013-01-31,ALABAMA MIDDLE,ALABAMA,ELEVENTH CIRCUIT,638,132,1,0,505,12,9,0,0,3,626,123,1,502
2013-01-31,ALABAMA NORTHERN,ALABAMA,ELEVENTH CIRCUIT,1055,494,8,0,553,27,19,7,0,1,1028,475,1,552
2013-01-31,ALABAMA SOUTHERN,ALABAMA,ELEVENTH CIRCUIT,341,79,3,0,259,9,6,3,0,0,332,73,0,259
2013-01-31,ALASKA,ALASKA,NINTH CIRCUIT,59,37,0,0,11,15,3,0,0,1,44,34,0,10
2013-01-31,ARIZONA,ARIZONA,NINTH CIRCUIT,1513,1259,19,0,235,64,46,13,0,5,1449,1213,6,230
2013-01-31,ARKANSAS EASTERN,ARKANSAS,EIGHTH CIRCUIT,608,259,1,1,347,6,3,1,1,1,602,256,0,346
2013-01-31,ARKANSAS WESTERN,ARKANSAS,EIGHTH CIRCUIT,355,208,3,0,144,11,8,2,0,1,344,200,1,143
2013-01-31,CALIFORNIA CENTRAL,CALIFORNIA,NINTH CIRCUIT,6835,5326,47,0,1462,201,162,26,0,13,6634,5164,21,1449
2013-01-31,CALIFORNIA EASTERN,CALIFORNIA,NINTH CIRCUIT,2401,1934,11,3,453,87,69,8,3,7,2314,1865,3,446
2013-01-31,CALIFORNIA NORTHERN,CALIFORNIA,NINTH CIRCUIT,1836,1051,24,1,760,59,41,14,1,3,1777,1010,10,757
2013-01-31,CALIFORNIA SOUTHERN,CALIFORNIA,NINTH CIRCUIT,1167,882,12,0,273,52,38,7,0,7,1115,844,5,266
2013-01-31,COLORADO,COLORADO,TENTH CIRCUIT,1465,1133,13,0,319,62,46,13,0,3,1403,1087,0,316
2013-01-31,CONNECTICUT,CONNECTICUT,SECOND CIRCUIT,623,545,14,0,64,33,19,14,0,0,590,526,0,64
2013-01-31,DELAWARE,DELAWARE,THIRD CIRCUIT,196,123,29,0,44,36,7,29,0,0,160,116,0,44
2013-01-31,DISTRICT OF COLUMBIA,DISTRICT OF COLUMBIA,DC CIRCUIT,64,49,1,0,14,4,3,0,0,1,60,46,1,13
2013-01-31,FLORIDA MIDDLE,FLORIDA,ELEVENTH CIRCUIT,3298,2312,54,2,930,165,100,44,2,19,3133,2212,10,911
2013-01-31,FLORIDA NORTHERN,FLORIDA,ELEVENTH CIRCUIT,256,208,7,1,40,22,14,6,1,1,234,194,1,39
2013-01-31,FLORIDA SOUTHERN,FLORIDA,ELEVENTH CIRCUIT,2548,1714,28,0,806,87,56,23,0,8,2461,1658,5,798
2013-01-31,GEORGIA MIDDLE,GEORGIA,ELEVENTH CIRCUIT,705,247,4,0,454,22,16,4,0,2,683,231,0,452
2013-01-31,GEORGIA NORTHERN,GEORGIA,ELEVENTH CIRCUIT,2749,1618,12,2,1117,84,66,12,2,4,2665,1552,0,1113
2013-01-31,GEORGIA SOUTHERN,GEORGIA,ELEVENTH CIRCUIT,694,154,3,0,537,13,8,3,0,2,681,146,0,535
2013-01-31,GUAM,GUAM,NINTH CIRCUIT,15,10,0,0,5,0,0,0,0,0,15,10,0,5
2013-01-31,HAWAII,HAWAII,NINTH CIRCUIT,162,115,1,0,46,7,3,1,0,3,155,112,0,43
2013-01-31,IDAHO,IDAHO,NINTH CIRCUIT,379,323,5,1,50,14,8,4,1,1,365,315,1,49
2013-01-31,ILLINOIS CENTRAL,ILLINOIS,SEVENTH CIRCUIT,480,363,2,0,115,16,14,2,0,0,464,349,0,115
2013-01-31,ILLINOIS NORTHERN,ILLINOIS,SEVENTH CIRCUIT,4402,2961,25,0,1416,125,100,20,0,5,4277,2861,5,1411
2013-01-31,ILLINOIS SOUTHERN,ILLINOIS,SEVENTH CIRCUIT,679,263,1,0,415,5,2,1,0,2,674,261,0,413
2013-01-31,INDIANA NORTHERN,INDIANA,SEVENTH CIRCUIT,722,482,5,0,235,18,14,4,0,0,704,468,1,235
2013-01-31,INDIANA SOUTHERN,INDIANA,SEVENTH CIRCUIT,1360,812,11,0,537,35,25,7,0,3,1325,787,4,534
2013-01-31,IOWA NORTHERN,IOWA,EIGHTH CIRCUIT,117,112,1,0,4,8,6,1,0,1,109,106,0,3
2013-01-31,IOWA SOUTHERN,IOWA,EIGHTH CIRCUIT,250,217,1,1,31,18,16,1,1,0,232,201,0,31
2013-01-31,KANSAS,KANSAS,TENTH CIRCUIT,520,322,3,2,193,16,10,2,2,2,504,312,1,191
2013-01-31,KENTUCKY EASTERN,KENTUCKY,SIXTH CIRCUIT,740,517,0,1,222,11,8,0,1,2,729,509,0,220
2013-01-31,KENTUCKY WESTERN,KENTUCKY,SIXTH CIRCUIT,683,480,1,0,202,16,13,1,0,2,667,467,0,200
2013-01-31,LOUISIANA EASTERN,LOUISIANA,FIFTH CIRCUIT,232,98,3,0,131,22,16,3,0,3,210,82,0,128
2013-01-31,LOUISIANA MIDDLE,LOUISIANA,FIFTH CIRCUIT,112,53,0,0,59,3,3,0,0,0,109,50,0,59
2013-01-31,LOUISIANA WESTERN,LOUISIANA,FIFTH CIRCUIT,741,134,2,2,603,7,1,1,2,3,734,133,1,600
2013-01-31,MAINE,MAINE,FIRST CIRCUIT,132,104,0,0,28,8,7,0,0,1,124,97,0,27
2013-01-31,MARYLAND,MARYLAND,FOURTH CIRCUIT,1788,1392,14,0,382,48,31,13,0,4,1740,1361,1,378
2013-01-31,MASSACHUSETTS,MASSACHUSETTS,FIRST CIRCUIT,1009,792,9,1,207,35,23,4,1,7,974,769,5,200
2013-01-31,MICHIGAN EASTERN,MICHIGAN,SIXTH CIRCUIT,2552,2078,9,3,462,49,33,6,3,7,2503,2045,3,455
2013-01-31,MICHIGAN WESTERN,MICHIGAN,SIXTH CIRCUIT,807,664,2,1,140,27,23,2,1,1,780,641,0,139
2013-01-31,MINNESOTA,MINNESOTA,EIGHTH CIRCUIT,1116,924,4,1,187,27,21,4,1,1,1089,903,0,186
2013-01-31,MISSISSIPPI NORTHERN,MISSISSIPPI,FIFTH CIRCUIT,369,155,1,0,213,9,7,1,0,1,360,148,0,212
2013-01-31,MISSISSIPPI SOUTHERN,MISSISSIPPI,FIFTH CIRCUIT,512,283,3,0,226,20,17,3,0,0,492,266,0,226
2013-01-31,MISSOURI EASTERN,MISSOURI,EIGHTH CIRCUIT,969,650,1,0,318,18,16,1,0,1,951,634,0,317
2013-01-31,MISSOURI WESTERN,MISSOURI,EIGHTH CIRCUIT,745,520,7,0,218,22,15,6,0,1,723,505,1,217
2013-01-31,MONTANA,MONTANA,NINTH CIRCUIT,121,87,3,0,31,9,5,2,0,2,112,82,1,29
2013-01-31,NEBRASKA,NEBRASKA,EIGHTH CIRCUIT,382,247,2,0,133,14,10,2,0,2,368,237,0,131
2013-01-31,NEVADA,NEVADA,NINTH CIRCUIT,1089,881,26,1,181,54,37,14,1,2,1035,844,12,179
2013-01-31,NEW HAMPSHIRE,NEW HAMPSHIRE,FIRST CIRCUIT,277,196,2,0,79,22,16,2,0,4,255,180,0,75
2013-01-31,NEW JERSEY,NEW JERSEY,THIRD CIRCUIT,2184,1646,30,0,508,86,51,27,0,8,2098,1595,3,500
2013-01-31,NEW MEXICO,NEW MEXICO,TENTH CIRCUIT,297,262,4,0,31,18,15,3,0,0,279,247,1,31
2013-01-31,NEW YORK EASTERN,NEW YORK,SECOND CIRCUIT,1150,1017,19,0,110,45,21,19,0,1,1105,996,0,109
2013-01-31,NEW YORK NORTHERN,NEW YORK,SECOND CIRCUIT,597,454,4,1,138,19,11,4,1,3,578,443,0,135
2013-01-31,NEW YORK SOUTHERN,NEW YORK,SECOND CIRCUIT,718,558,51,0,109,76,26,48,0,2,642,532,3,107
2013-01-31,NEW YORK WESTERN,NEW YORK,SECOND CIRCUIT,431,291,6,0,134,18,10,6,0,2,413,281,0,132
2013-01-31,NORTH CAROLINA EASTERN,NORTH CAROLINA,FOURTH CIRCUIT,646,194,8,0,444,24,13,7,0,4,622,181,1,440
2013-01-31,NORTH CAROLINA MIDDLE,NORTH CAROLINA,FOURTH CIRCUIT,400,155,3,0,242,15,11,2,0,2,385,144,1,240
2013-01-31,NORTH CAROLINA WESTERN,NORTH CAROLINA,FOURTH CIRCUIT,428,244,5,0,179,23,13,5,0,5,405,231,0,174
2013-01-31,NORTH DAKOTA,NORTH DAKOTA,EIGHTH CIRCUIT,60,55,0,0,5,2,2,0,0,0,58,53,0,5
2013-01-31,NORTHERN MARIANAS,NORTHERN MARIANA ISLANDS,NINTH CIRCUIT,0,0,0,0,0,0,0,0,0,0,0,0,0,0
2013-01-31,OHIO NORTHERN,OHIO,SIXTH CIRCUIT,1675,1319,4,0,352,35,28,4,0,3,1640,1291,0,349
2013-01-31,OHIO SOUTHERN,OHIO,SIXTH CIRCUIT,1555,983,5,0,567,28,20,4,0,4,1527,963,1,563
2013-01-31,OKLAHOMA EASTERN,OKLAHOMA,TENTH CIRCUIT,109,97,0,1,11,6,5,0,1,0,103,92,0,11
2013-01-31,OKLAHOMA NORTHERN,OKLAHOMA,TENTH CIRCUIT,197,167,1,0,29,9,8,1,0,0,188,159,0,29
2013-01-31,OKLAHOMA WESTERN,OKLAHOMA,TENTH CIRCUIT,390,295,1,2,92,10,7,1,2,0,380,288,0,92
2013-01-31,OREGON,OREGON,NINTH CIRCUIT,867,667,2,0,198,24,15,2,0,7,843,652,0,191
2013-01-31,PENNSYLVANIA EASTERN,PENNSYLVANIA,THIRD CIRCUIT,905,569,9,1,326,40,23,9,1,7,865,546,0,319
2013-01-31,PENNSYLVANIA MIDDLE,PENNSYLVANIA,THIRD CIRCUIT,523,350,2,0,171,15,11,2,0,2,508,339,0,169
2013-01-31,PENNSYLVANIA WESTERN,PENNSYLVANIA,THIRD CIRCUIT,666,434,4,0,228,19,14,3,0,2,647,420,1,226
2013-01-31,PUERTO RICO,PUERTO RICO,FIRST CIRCUIT,750,272,25,2,451,41,10,24,2,5,709,262,1,446
2013-01-31,RHODE ISLAND,RHODE ISLAND,FIRST CIRCUIT,291,237,2,0,52,16,14,1,0,1,275,223,1,51
2013-01-31,SOUTH CAROLINA,SOUTH CAROLINA,FOURTH CIRCUIT,623,232,5,0,386,23,18,3,0,2,600,214,2,384
2013-01-31,SOUTH DAKOTA,SOUTH DAKOTA,EIGHTH CIRCUIT,87,77,1,0,9,5,3,1,0,1,82,74,0,8
2013-01-31,TENNESSEE EASTERN,TENNESSEE,SIXTH CIRCUIT,986,547,6,2,431,31,20,6,2,3,955,527,0,428
2013-01-31,TENNESSEE MIDDLE,TENNESSEE,SIXTH CIRCUIT,874,499,9,1,365,27,18,6,1,2,847,481,3,363
2013-01-31,TENNESSEE WESTERN,TENNESSEE,SIXTH CIRCUIT,1356,356,5,0,995,10,5,4,0,1,1346,351,1,994
2013-01-31,TEXAS EASTERN,TEXAS,FIFTH CIRCUIT,452,209,3,0,240,22,20,2,0,0,430,189,1,240
2013-01-31,TEXAS NORTHERN,TEXAS,FIFTH CIRCUIT,1049,497,14,0,538,62,41,14,0,7,987,456,0,531
2013-01-31,TEXAS SOUTHERN,TEXAS,FIFTH CIRCUIT,686,300,6,0,380,48,38,6,0,4,638,262,0,376
2013-01-31,TEXAS WESTERN,TEXAS,FIFTH CIRCUIT,617,334,9,0,274,50,36,8,0,6,567,298,1,268
2013-01-31,UTAH,UTAH,TENTH CIRCUIT,964,560,4,0,400,22,15,4,0,3,942,545,0,397
2013-01-31,VERMONT,VERMONT,SECOND CIRCUIT,61,48,0,0,13,2,2,0,0,0,59,46,0,13
2013-01-31,VIRGIN ISLANDS,VIRGIN ISLANDS,THIRD CIRCUIT,1,1,0,0,0,0,0,0,0,0,1,1,0,0
2013-01-31,VIRGINIA EASTERN,VIRGINIA,FOURTH CIRCUIT,1482,860,11,0,611,47,34,8,0,5,1435,826,3,606
2013-01-31,VIRGINIA WESTERN,VIRGINIA,FOURTH CIRCUIT,533,346,2,0,185,13,10,2,0,1,520,336,0,184
2013-01-31,WASHINGTON EASTERN,WASHINGTON,NINTH CIRCUIT,366,274,0,0,92,6,5,0,0,1,360,269,0,91
2013-01-31,WASHINGTON WESTERN,WASHINGTON,NINTH CIRCUIT,1637,1291,14,0,332,59,42,13,0,4,1578,1249,1,328
2013-01-31,WEST VIRGINIA NORTHERN,WEST VIRGINIA,FOURTH CIRCUIT,140,121,0,0,19,3,3,0,0,0,137,118,0,19
2013-01-31,WEST VIRGINIA SOUTHERN,WEST VIRGINIA,FOURTH CIRCUIT,157,134,2,0,21,6,4,2,0,0,151,130,0,21
2013-01-31,WISCONSIN EASTERN,WISCONSIN,SEVENTH CIRCUIT,1205,845,4,0,356,27,20,4,0,3,1178,825,0,353
2013-01-31,WISCONSIN WESTERN,WISCONSIN,SEVENTH CIRCUIT,441,371,0,1,69,15,10,0,1,4,426,361,0,65
2013-01-31,WYOMING,WYOMING,TENTH CIRCUIT,74,62,1,0,11,5,4,1,0,0,69,58,0,11
2013-02-28,ALABAMA MIDDLE,ALABAMA,ELEVENTH CIRCUIT,597,179,3,0,415,13,9,3,0,1,584,170,0,414
2013-02-28,ALABAMA NORTHERN,ALABAMA,ELEVENTH CIRCUIT,1338,720,3,0,615,31,27,3,0,1,1307,693,0,614
2013-02-28,ALABAMA SOUTHERN,ALABAMA,ELEVENTH CIRCUIT,354,96,3,0,255,6,4,2,0,0,348,92,1,255
2013-02-28,ALASKA,ALASKA,NINTH CIRCUIT,53,45,0,0,8,3,3,0,0,0,50,42,0,8
2013-02-28,ARIZONA,ARIZONA,NINTH CIRCUIT,1532,1290,36,1,205,92,56,32,1,3,1440,1234,4,202
2013-02-28,ARKANSAS EASTERN,ARKANSAS,EIGHTH CIRCUIT,677,325,0,0,352,8,6,0,0,2,669,319,0,350
2013-02-28,ARKANSAS WESTERN,ARKANSAS,EIGHTH CIRCUIT,410,247,1,1,161,10,7,1,1,1,400,240,0,160
2013-02-28,CALIFORNIA CENTRAL,CALIFORNIA,NINTH CIRCUIT,6614,5328,55,0,1231,207,163,37,0,7,6407,5165,18,1224
2013-02-28,CALIFORNIA EASTERN,CALIFORNIA,NINTH CIRCUIT,2424,1973,13,4,434,63,41,9,4,9,2361,1932,4,425
2013-02-28,CALIFORNIA NORTHERN,CALIFORNIA,NINTH CIRCUIT,1635,1031,23,0,581,79,56,17,0,6,1556,975,6,575
2013-02-28,CALIFORNIA SOUTHERN,CALIFORNIA,NINTH CIRCUIT,1069,892,8,0,169,36,28,6,0,2,1033,864,2,167
2013-02-28,COLORADO,COLORADO,TENTH CIRCUIT,1560,1311,13,0,236,65,47,13,0,5,1495,1264,0,231
2013-02-28,CONNECTICUT,CONNECTICUT,SECOND CIRCUIT,468,398,7,0,63,25,18,7,0,0,443,380,0,63
2013-02-28,DELAWARE,DELAWARE,THIRD CIRCUIT,233,158,22,0,53,31,8,22,0,1,202,150,0,52
2013-02-28,DISTRICT OF COLUMBIA,DISTRICT OF COLUMBIA,DC CIRCUIT,56,47,2,0,7,3,1,2,0,0,53,46,0,7
2013-02-28,FLORIDA MIDDLE,FLORIDA,ELEVENTH CIRCUIT,3225,2331,40,1,853,126,92,28,1,5,3099,2239,12,848
2013-02-28,FLORIDA NORTHERN,FLORIDA,ELEVENTH CIRCUIT,266,220,2,1,43,21,16,2,1,2,245,204,0,41
2013-02-28,FLORIDA SOUTHERN,FLORIDA,ELEVENTH CIRCUIT,2439,1550,29,0,860,88,59,24,0,5,2351,1491,5,855
2013-02-28,GEORGIA MIDDLE,GEORGIA,ELEVENTH CIRCUIT,853,347,0,0,506,25,22,0,0,3,828,325,0,503
2013-02-28,GEORGIA NORTHERN,GEORGIA,ELEVENTH CIRCUIT,3374,2041,30,1,1302,107,70,28,1,8,3267,1971,2,1294
2013-02-28,GEORGIA SOUTHERN,GEORGIA,ELEVENTH CIRCUIT,653,177,5,2,469,16,8,5,2,1,637,169,0,468
2013-02-28,GUAM,GUAM,NINTH CIRCUIT,4,4,0,0,0,2,2,0,0,0,2,2,0,0
2013-02-28,HAWAII,HAWAII,NINTH CIRCUIT,168,124,1,0,43,14,11,0,0,3,154,113,1,40
2013-02-28,IDAHO,IDAHO,NINTH CIRCUIT,374,336,2,1,35,16,13,2,1,0,358,323,0,35
2013-02-28,ILLINOIS CENTRAL,ILLINOIS,SEVENTH CIRCUIT,532,428,1,0,103,13,11,1,0,1,519,417,0,102
2013-02-28,ILLINOIS NORTHERN,ILLINOIS,SEVENTH CIRCUIT,4667,3099,35,0,1533,142,103,32,0,7,4525,2996,3,1526
2013-02-28,ILLINOIS SOUTHERN,ILLINOIS,SEVENTH CIRCUIT,356,238,2,1,115,9,5,2,1,1,347,233,0,114
2013-02-28,INDIANA NORTHERN,INDIANA,SEVENTH CIRCUIT,888,652,8,0,228,18,10,8,0,0,870,642,0,228
2013-02-28,INDIANA SOUTHERN,INDIANA,SEVENTH CIRCUIT,1422,959,6,0,457,32,24,6,0,2,1390,935,0,455
2013-02-28,IOWA NORTHERN,IOWA,EIGHTH CIRCUIT,160,148,0,0,12,4,4,0,0,0,156,144,0,12
2013-02-28,IOWA SOUTHERN,IOWA,EIGHTH CIRCUIT,257,234,1,0,22,10,9,1,0,0,247,225,0,22
2013-02-28,KANSAS,KANSAS,TENTH CIRCUIT,501,307,8,1,185,13,5,7,1,0,488,302,1,185
2013-02-28,KENTUCKY EASTERN,KENTUCKY,SIXTH CIRCUIT,838,619,22,0,197,29,6,22,0,1,809,613,0,196
2013-02-28,KENTUCKY WESTERN,KENTUCKY,SIXTH CIRCUIT,806,596,1,0,209,8,6,1,0,1,798,590,0,208
2013-02-28,LOUISIANA EASTERN,LOUISIANA,FIFTH CIRCUIT,286,163,1,0,122,21,19,1,0,1,265,144,0,121
2013-02-28,LOUISIANA MIDDLE,LOUISIANA,FIFTH CIRCUIT,125,71,0,0,54,4,4,0,0,0,121,67,0,54
2013-02-28,LOUISIANA WESTERN,LOUISIANA,FIFTH CIRCUIT,731,174,7,0,550,10,4,6,0,0,721,170,1,550
2013-02-28,MAINE,MAINE,FIRST CIRCUIT,152,119,1,0,32,11,8,1,0,2,141,111,0,30
2013-02-28,MARYLAND,MARYLAND,FOURTH CIRCUIT,1836,1477,13,0,346,47,36,7,0,4,1789,1441,6,342
2013-02-28,MASSACHUSETTS,MASSACHUSETTS,FIRST CIRCUIT,912,736,9,1,166,25,14,7,1,3,887,722,2,163
2013-02-28,MICHIGAN EASTERN,MICHIGAN,SIXTH CIRCUIT,2759,2256,19,2,482,62,36,16,2,8,2697,2220,3,474
2013-02-28,MICHIGAN WESTERN,MICHIGAN,SIXTH CIRCUIT,909,798,1,0,110,17,14,1,0,2,892,784,0,108
2013-02-28,MINNESOTA,MINNESOTA,EIGHTH CIRCUIT,1123,930,9,0,184,47,37,9,0,1,1076,893,0,183
2013-02-28,MISSISSIPPI NORTHERN,MISSISSIPPI,FIFTH CIRCUIT,471,240,3,0,228,10,6,3,0,1,461,234,0,227
2013-02-28,MISSISSIPPI SOUTHERN,MISSISSIPPI,FIFTH CIRCUIT,580,329,3,0,248,15,12,3,0,0,565,317,0,248
2013-02-28,MISSOURI EASTERN,MISSOURI,EIGHTH CIRCUIT,1059,743,3,0,313,16,12,3,0,1,1043,731,0,312
2013-02-28,MISSOURI WESTERN,MISSOURI,EIGHTH CIRCUIT,659,474,3,0,182,12,9,2,0,1,647,465,1,181
2013-02-28,MONTANA,MONTANA,NINTH CIRCUIT,158,130,1,0,27,10,5,1,0,4,148,125,0,23
2013-02-28,NEBRASKA,NEBRASKA,EIGHTH CIRCUIT,421,296,12,1,112,22,9,11,1,1,399,287,1,111
2013-02-28,NEVADA,NEVADA,NINTH CIRCUIT,1116,915,32,0,169,47,27,19,0,1,1069,888,13,168
2013-02-28,NEW HAMPSHIRE,NEW HAMPSHIRE,FIRST CIRCUIT,246,176,4,0,66,24,9,2,0,13,222,167,2,53
2013-02-28,NEW JERSEY,NEW JERSEY,THIRD CIRCUIT,2244,1734,35,0,475,98,59,31,0,8,2146,1675,4,467
2013-02-28,NEW MEXICO,NEW MEXICO,TENTH CIRCUIT,383,354,3,0,26,12,10,2,0,0,371,344,1,26
2013-02-28,NEW YORK EASTERN,NEW YORK,SECOND CIRCUIT,1072,957,17,0,98,49,32,16,0,1,1023,925,1,97
2013-02-28,NEW YORK NORTHERN,NEW YORK,SECOND CIRCUIT,602,463,6,1,132,18,9,6,1,2,584,454,0,130
2013-02-28,NEW YORK SOUTHERN,NEW YORK,SECOND CIRCUIT,738,557,54,0,123,88,28,53,0,3,650,529,1,120
2013-02-28,NEW YORK WESTERN,NEW YORK,SECOND CIRCUIT,421,286,0,0,135,11,8,0,0,3,410,278,0,132
2013-02-28,NORTH CAROLINA EASTERN,NORTH CAROLINA,FOURTH CIRCUIT,645,194,13,0,438,22,10,11,0,1,623,184,2,437
2013-02-28,NORTH CAROLINA MIDDLE,NORTH CAROLINA,FOURTH CIRCUIT,417,179,3,0,235,19,15,3,0,1,398,164,0,234
2013-02-28,NORTH CAROLINA WESTERN,NORTH CAROLINA,FOURTH CIRCUIT,488,287,3,1,197,14,8,3,1,2,474,279,0,195
2013-02-28,NORTH DAKOTA,NORTH DAKOTA,EIGHTH CIRCUIT,64,55,0,0,9,4,3,0,0,1,60,52,0,8
2013-02-28,NORTHERN MARIANAS,NORTHERN MARIANA ISLANDS,NINTH CIRCUIT,1,1,0,0,0,1,1,0,0,0,0,0,0,0
2013-02-28,OHIO NORTHERN,OHIO,SIXTH CIRCUIT,1860,1529,4,1,326,37,29,4,1,3,1823,1500,0,323
2013-02-28,OHIO SOUTHERN,OHIO,SIXTH CIRCUIT,1658,1140,1,0,517,45,40,1,0,4,1613,1100,0,513
2013-02-28,OKLAHOMA EASTERN,OKLAHOMA,TENTH CIRCUIT,120,108,0,0,12,0,0,0,0,0,120,108,0,12
2013-02-28,OKLAHOMA NORTHERN,OKLAHOMA,TENTH CIRCUIT,251,219,0,1,31,4,2,0,1,1,247,217,0,30
2013-02-28,OKLAHOMA WESTERN,OKLAHOMA,TENTH CIRCUIT,435,342,3,1,89,21,14,3,1,3,414,328,0,86
2013-02-28,OREGON,OREGON,NINTH CIRCUIT,940,743,2,2,193,26,19,2,2,3,914,724,0,190
2013-02-28,PENNSYLVANIA EASTERN,PENNSYLVANIA,THIRD CIRCUIT,932,573,20,0,339,47,23,20,0,4,885,550,0,335
2013-02-28,PENNSYLVANIA MIDDLE,PENNSYLVANIA,THIRD CIRCUIT,535,353,2,0,180,14,9,2,0,3,521,344,0,177
2013-02-28,PENNSYLVANIA WESTERN,PENNSYLVANIA,THIRD CIRCUIT,666,460,11,1,194,31,16,10,1,4,635,444,1,190
2013-02-28,PUERTO RICO,PUERTO RICO,FIRST CIRCUIT,857,306,11,3,537,34,19,10,3,2,823,287,1,535
2013-02-28,RHODE ISLAND,RHODE ISLAND,FIRST CIRCUIT,257,232,0,0,25,7,7,0,0,0,250,225,0,25
2013-02-28,SOUTH CAROLINA,SOUTH CAROLINA,FOURTH CIRCUIT,592,243,8,0,341,14,8,6,0,0,578,235,2,341
2013-02-28,SOUTH DAKOTA,SOUTH DAKOTA,EIGHTH CIRCUIT,101,90,0,1,10,6,2,0,1,3,95,88,0,7
2013-02-28,TENNESSEE EASTERN,TENNESSEE,SIXTH CIRCUIT,1167,724,8,1,434,20,11,8,1,0,1147,713,0,434
2013-02-28,TENNESSEE MIDDLE,TENNESSEE,SIXTH CIRCUIT,1030,678,3,1,348,22,20,1,1,0,1008,658,2,348
2013-02-28,TENNESSEE WESTERN,TENNESSEE,SIXTH CIRCUIT,1458,502,16,0,940,23,7,14,0,2,1435,495,2,938
2013-02-28,TEXAS EASTERN,TEXAS,FIFTH CIRCUIT,498,211,7,0,280,28,20,7,0,1,470,191,0,279
2013-02-28,TEXAS NORTHERN,TEXAS,FIFTH CIRCUIT,1223,494,13,0,716,54,37,11,0,6,1169,457,2,710
2013-02-28,TEXAS SOUTHERN,TEXAS,FIFTH CIRCUIT,879,310,8,0,561,43,30,8,0,5,836,280,0,556
2013-02-28,TEXAS WESTERN,TEXAS,FIFTH CIRCUIT,822,418,17,0,387,53,32,15,0,6,769,386,2,381
2013-02-28,UTAH,UTAH,TENTH CIRCUIT,1009,639,2,0,368,24,18,2,0,4,985,621,0,364
2013-02-28,VERMONT,VERMONT,SECOND CIRCUIT,80,62,0,0,18,0,0,0,0,0,80,62,0,18
2013-02-28,VIRGIN ISLANDS,VIRGIN ISLANDS,THIRD CIRCUIT,0,0,0,0,0,0,0,0,0,0,0,0,0,0
2013-02-28,VIRGINIA EASTERN,VIRGINIA,FOURTH CIRCUIT,1586,966,10,0,610,24,16,7,0,1,1562,950,3,609
2013-02-28,VIRGINIA WESTERN,VIRGINIA,FOURTH CIRCUIT,531,372,3,0,156,11,7,3,0,1,520,365,0,155
2013-02-28,WASHINGTON EASTERN,WASHINGTON,NINTH CIRCUIT,485,386,5,0,94,15,10,4,0,1,470,376,1,93
2013-02-28,WASHINGTON WESTERN,WASHINGTON,NINTH CIRCUIT,1633,1290,9,0,332,48,38,6,0,2,1585,1252,3,330
2013-02-28,WEST VIRGINIA NORTHERN,WEST VIRGINIA,FOURTH CIRCUIT,130,106,0,0,24,3,3,0,0,0,127,103,0,24
2013-02-28,WEST VIRGINIA SOUTHERN,WEST VIRGINIA,FOURTH CIRCUIT,170,148,1,0,21,5,4,1,0,0,165,144,0,21
2013-02-28,WISCONSIN EASTERN,WISCONSIN,SEVENTH CIRCUIT,1173,828,4,0,341,25,19,3,0,3,1148,809,1,338
2013-02-28,WISCONSIN WESTERN,WISCONSIN,SEVENTH CIRCUIT,467,393,3,2,69,24,18,2,2,2,443,375,1,67
2013-02-28,WYOMING,WYOMING,TENTH CIRCUIT,95,89,0,0,6,5,5,0,0,0,90,84,0,6
2013-03-31,ALABAMA MIDDLE,ALABAMA,ELEVENTH CIRCUIT,687,207,1,0,479,8,5,1,0,2,679,202,0,477
2013-03-31,ALABAMA NORTHERN,ALABAMA,ELEVENTH CIRCUIT,1405,782,6,1,616,29,21,6,1,1,1376,761,0,615
2013-03-31,ALABAMA SOUTHERN,ALABAMA,ELEVENTH CIRCUIT,439,146,3,0,290,7,2,3,0,2,432,144,0,288
2013-03-31,ALASKA,ALASKA,NINTH CIRCUIT,49,35,1,0,13,3,1,1,0,1,46,34,0,12
2013-03-31,ARIZONA,ARIZONA,NINTH CIRCUIT,2260,1962,25,1,272,56,33,19,1,3,2204,1929,6,269
2013-03-31,ARKANSAS EASTERN,ARKANSAS,EIGHTH CIRCUIT,720,371,2,0,347,8,5,2,0,1,712,366,0,346
2013-03-31,ARKANSAS WESTERN,ARKANSAS,EIGHTH CIRCUIT,472,296,2,1,173,11,8,2,1,0,461,288,0,173
2013-03-31,CALIFORNIA CENTRAL,CALIFORNIA,NINTH CIRCUIT,7684,6308,65,0,1311,238,178,50,0,10,7446,6130,15,1301
2013-03-31,CALIFORNIA EASTERN,CALIFORNIA,NINTH CIRCUIT,2912,2420,14,1,477,84,60,8,1,15,2828,2360,6,462
2013-03-31,CALIFORNIA NORTHERN,CALIFORNIA,NINTH CIRCUIT,1989,1273,15,2,699,75,55,8,2,10,1914,1218,7,689
2013-03-31,CALIFORNIA SOUTHERN,CALIFORNIA,NINTH CIRCUIT,1254,1038,8,0,208,41,30,5,0,6,1213,1008,3,202
2013-03-31,COLORADO,COLORADO,TENTH CIRCUIT,2197,1888,9,1,299,53,41,8,1,3,2144,1847,1,296
2013-03-31,CONNECTICUT,CONNECTICUT,SECOND CIRCUIT,637,538,8,0,91,32,22,8,0,2,605,516,0,89
2013-03-31,DELAWARE,DELAWARE,THIRD CIRCUIT,283,156,63,0,64,70,7,63,0,0,213,149,0,64
2013-03-31,DISTRICT OF COLUMBIA,DISTRICT OF COLUMBIA,DC CIRCUIT,83,70,0,0,13,4,4,0,0,0,79,66,0,13
2013-03-31,FLORIDA MIDDLE,FLORIDA,ELEVENTH CIRCUIT,3863,2851,38,2,972,149,104,31,2,12,3714,2747,7,960
2013-03-31,FLORIDA NORTHERN,FLORIDA,ELEVENTH CIRCUIT,362,313,4,1,44,21,17,3,1,0,341,296,1,44
2013-03-31,FLORIDA SOUTHERN,FLORIDA,ELEVENTH CIRCUIT,2683,1838,28,0,817,84,56,24,0,4,2599,1782,4,813
2013-03-31,GEORGIA MIDDLE,GEORGIA,ELEVENTH CIRCUIT,876,413,2,2,459,19,10,2,2,5,857,403,0,454
2013-03-31,GEORGIA NORTHERN,GEORGIA,ELEVENTH CIRCUIT,3931,2495,27,3,1406,107,74,27,3,3,3824,2421,0,1403
2013-03-31,GEORGIA SOUTHERN,GEORGIA,ELEVENTH CIRCUIT,730,217,3,0,510,18,14,3,0,1,712,203,0,509
2013-03-31,GUAM,GUAM,NINTH CIRCUIT,22,17,0,0,4,1,0,0,0,0,21,17,0,4
2013-03-31,HAWAII,HAWAII,NINTH CIRCUIT,203,152,4,0,47,9,5,4,0,0,194,147,0,47
2013-03-31,IDAHO,IDAHO,NINTH CIRCUIT,577,521,3,1,52,16,13,2,1,0,561,508,1,52
2013-03-31,ILLINOIS CENTRAL,ILLINOIS,SEVENTH CIRCUIT,938,654,6,0,278,16,10,5,0,1,922,644,1,277
2013-03-31,ILLINOIS NORTHERN,ILLINOIS,SEVENTH CIRCUIT,5789,4004,41,0,1744,118,78,33,0,7,5671,3926,8,1737
2013-03-31,ILLINOIS SOUTHERN,ILLINOIS,SEVENTH CIRCUIT,475,323,6,0,146,14,6,6,0,2,461,317,0,144
2013-03-31,INDIANA NORTHERN,INDIANA,SEVENTH CIRCUIT,1470,1216,2,0,252,17,12,2,0,3,1453,1204,0,249
2013-03-31,INDIANA SOUTHERN,INDIANA,SEVENTH CIRCUIT,2206,1661,13,0,532,36,21,13,0,2,2170,1640,0,530
2013-03-31,IOWA NORTHERN,IOWA,EIGHTH CIRCUIT,209,196,0,1,12,8,6,0,1,1,201,190,0,11
2013-03-31,IOWA SOUTHERN,IOWA,EIGHTH CIRCUIT,421,384,0,0,37,16,16,0,0,0,405,368,0,37
2013-03-31,KANSAS,KANSAS,TENTH CIRCUIT,836,560,6,0,270,13,5,6,0,2,823,555,0,268
2013-03-31,KENTUCKY EASTERN,KENTUCKY,SIXTH CIRCUIT,920,709,2,0,209,17,15,2,0,0,903,694,0,209
2013-03-31,KENTUCKY WESTERN,KENTUCKY,SIXTH CIRCUIT,981,747,5,0,229,15,10,5,0,0,966,737,0,229
2013-03-31,LOUISIANA EASTERN,LOUISIANA,FIFTH CIRCUIT,387,220,0,0,167,12,11,0,0,1,375,209,0,166
2013-03-31,LOUISIANA MIDDLE,LOUISIANA,FIFTH CIRCUIT,194,123,0,0,71,4,4,0,0,0,190,119,0,71
2013-03-31,LOUISIANA WESTERN,LOUISIANA,FIFTH CIRCUIT,892,291,4,0,597,8,4,4,0,0,884,287,0,597
2013-03-31,MAINE,MAINE,FIRST CIRCUIT,230,186,4,0,40,16,9,4,0,3,214,177,0,37
2013-03-31,MARYLAND,MARYLAND,FOURTH CIRCUIT,2143,1725,13,0,405,48,32,12,0,4,2095,1693,1,401
2013-03-31,MASSACHUSETTS,MASSACHUSETTS,FIRST CIRCUIT,1286,1025,15,1,245,32,18,11,1,2,1254,1007,4,243
2013-03-31,MICHIGAN EASTERN,MICHIGAN,SIXTH CIRCUIT,3610,3022,20,1,567,53,32,18,1,2,3557,2990,2,565
2013-03-31,MICHIGAN WESTERN,MICHIGAN,SIXTH CIRCUIT,1210,1034,5,0,171,46,38,5,0,3,1164,996,0,168
2013-03-31,MINNESOTA,MINNESOTA,EIGHTH CIRCUIT,1415,1200,7,2,205,32,21,5,2,4,1383,1179,2,201
2013-03-31,MISSISSIPPI NORTHERN,MISSISSIPPI,FIFTH CIRCUIT,521,274,10,0,237,19,9,10,0,0,502,265,0,237
2013-03-31,MISSISSIPPI SOUTHERN,MISSISSIPPI,FIFTH CIRCUIT,692,440,2,0,250,12,8,1,0,3,680,432,1,247
2013-03-31,MISSOURI EASTERN,MISSOURI,EIGHTH CIRCUIT,1474,1075,2,0,397,18,14,2,0,2,1456,1061,0,395
2013-03-31,MISSOURI WESTERN,MISSOURI,EIGHTH CIRCUIT,1109,834,5,1,269,17,9,4,1,3,1092,825,1,266
2013-03-31,MONTANA,MONTANA,NINTH CIRCUIT,209,184,1,0,24,7,5,1,0,1,202,179,0,23
2013-03-31,NEBRASKA,NEBRASKA,EIGHTH CIRCUIT,538,389,2,1,146,13,10,2,1,0,525,379,0,146
2013-03-31,NEVADA,NEVADA,NINTH CIRCUIT,1397,1135,33,0,229,49,25,22,0,2,1348,1110,11,227
2013-03-31,NEW HAMPSHIRE,NEW HAMPSHIRE,FIRST CIRCUIT,346,259,4,0,83,19,11,3,0,5,327,248,1,78
2013-03-31,NEW JERSEY,NEW JERSEY,THIRD CIRCUIT,2822,2285,23,1,513,88,60,21,1,6,2734,2225,2,507
2013-03-31,NEW MEXICO,NEW MEXICO,TENTH CIRCUIT,430,396,4,0,30,15,11,4,0,0,415,385,0,30
2013-03-31,NEW YORK EASTERN,NEW YORK,SECOND CIRCUIT,1324,1164,28,0,132,55,26,28,0,1,1269,1138,0,131
2013-03-31,NEW YORK NORTHERN,NEW YORK,SECOND CIRCUIT,817,659,3,0,155,12,6,3,0,3,805,653,0,152
2013-03-31,NEW YORK SOUTHERN,NEW YORK,SECOND CIRCUIT,790,643,20,0,124,55,28,19,0,5,735,615,1,119
2013-03-31,NEW YORK WESTERN,NEW YORK,SECOND CIRCUIT,568,412,6,0,150,21,12,6,0,3,547,400,0,147
2013-03-31,NORTH CAROLINA EASTERN,NORTH CAROLINA,FOURTH CIRCUIT,778,279,7,0,492,25,19,5,0,1,753,260,2,491
2013-03-31,NORTH CAROLINA MIDDLE,NORTH CAROLINA,FOURTH CIRCUIT,489,233,2,0,254,24,21,2,0,1,465,212,0,253
2013-03-31,NORTH CAROLINA WESTERN,NORTH CAROLINA,FOURTH CIRCUIT,567,347,6,0,214,25,17,6,0,2,542,330,0,212
2013-03-31,NORTH DAKOTA,NORTH DAKOTA,EIGHTH CIRCUIT,75,73,0,0,2,2,2,0,0,0,73,71,0,2
2013-03-31,NORTHERN MARIANAS,NORTHERN MARIANA ISLANDS,NINTH CIRCUIT,2,2,0,0,0,0,0,0,0,0,2,2,0,0
2013-03-31,OHIO NORTHERN,OHIO,SIXTH CIRCUIT,2440,2115,3,1,321,28,23,3,1,1,2412,2092,0,320
2013-03-31,OHIO SOUTHERN,OHIO,SIXTH CIRCUIT,2250,1706,3,0,541,50,45,2,0,3,2200,1661,1,538
2013-03-31,OKLAHOMA EASTERN,OKLAHOMA,TENTH CIRCUIT,135,120,0,0,15,6,6,0,0,0,129,114,0,15
2013-03-31,OKLAHOMA NORTHERN,OKLAHOMA,TENTH CIRCUIT,325,288,0,0,37,10,10,0,0,0,315,278,0,37
2013-03-31,OKLAHOMA WESTERN,OKLAHOMA,TENTH CIRCUIT,692,573,1,0,117,19,15,1,0,2,673,558,0,115
2013-03-31,OREGON,OREGON,NINTH CIRCUIT,1379,1161,7,1,210,27,14,6,1,6,1352,1147,1,204
2013-03-31,PENNSYLVANIA EASTERN,PENNSYLVANIA,THIRD CIRCUIT,1071,667,3,1,400,34,22,2,1,9,1037,645,1,391
2013-03-31,PENNSYLVANIA MIDDLE,PENNSYLVANIA,THIRD CIRCUIT,653,453,5,0,195,21,14,5,0,2,632,439,0,193
2013-03-31,PENNSYLVANIA WESTERN,PENNSYLVANIA,THIRD CIRCUIT,767,532,7,0,228,15,8,6,0,1,752,524,1,227
2013-03-31,PUERTO RICO,PUERTO RICO,FIRST CIRCUIT,922,307,14,1,600,27,9,14,1,3,895,298,0,597
2013-03-31,RHODE ISLAND,RHODE ISLAND,FIRST CIRCUIT,321,283,1,0,37,10,9,1,0,0,311,274,0,37
2013-03-31,SOUTH CAROLINA,SOUTH CAROLINA,FOURTH CIRCUIT,769,349,12,0,408,30,18,12,0,0,739,331,0,408
2013-03-31,SOUTH DAKOTA,SOUTH DAKOTA,EIGHTH CIRCUIT,125,118,0,0,7,6,5,0,0,1,119,113,0,6
2013-03-31,TENNESSEE EASTERN,TENNESSEE,SIXTH CIRCUIT,1311,834,7,0,470,21,16,4,0,1,1290,818,3,469
2013-03-31,TENNESSEE MIDDLE,TENNESSEE,SIXTH CIRCUIT,1087,750,11,0,326,20,11,8,0,1,1067,739,3,325
2013-03-31,TENNESSEE WESTERN,TENNESSEE,SIXTH CIRCUIT,1477,543,3,0,931,14,10,3,0,1,1463,533,0,930
2013-03-31,TEXAS EASTERN,TEXAS,FIFTH CIRCUIT,521,272,9,0,240,34,24,7,0,3,487,248,2,237
2013-03-31,TEXAS NORTHERN,TEXAS,FIFTH CIRCUIT,1396,692,14,0,689,62,37,14,0,10,1334,655,0,679
2013-03-31,TEXAS SOUTHERN,TEXAS,FIFTH CIRCUIT,966,359,10,0,597,39,28,8,0,3,927,331,2,594
2013-03-31,TEXAS WESTERN,TEXAS,FIFTH CIRCUIT,907,500,31,0,376,61,26,29,0,6,846,474,2,370
2013-03-31,UTAH,UTAH,TENTH CIRCUIT,1578,1133,2,0,443,27,21,2,0,4,1551,1112,0,439
2013-03-31,VERMONT,VERMONT,SECOND CIRCUIT,93,79,0,0,14,5,5,0,0,0,88,74,0,14
2013-03-31,VIRGIN ISLANDS,VIRGIN ISLANDS,THIRD CIRCUIT,2,1,0,0,1,1,1,0,0,0,1,0,0,1
2013-03-31,VIRGINIA EASTERN,VIRGINIA,FOURTH CIRCUIT,1894,1269,9,1,615,41,33,6,1,1,1853,1236,3,614
2013-03-31,VIRGINIA WESTERN,VIRGINIA,FOURTH CIRCUIT,607,426,2,1,178,13,10,2,1,0,594,416,0,178
2013-03-31,WASHINGTON EASTERN,WASHINGTON,NINTH CIRCUIT,530,431,5,0,94,12,7,5,0,0,518,424,0,94
2013-03-31,WASHINGTON WESTERN,WASHINGTON,NINTH CIRCUIT,1993,1597,11,0,385,57,41,9,0,7,1936,1556,2,378
2013-03-31,WEST VIRGINIA NORTHERN,WEST VIRGINIA,FOURTH CIRCUIT,162,148,0,0,14,6,5,0,0,1,156,143,0,13
2013-03-31,WEST VIRGINIA SOUTHERN,WEST VIRGINIA,FOURTH CIRCUIT,195,167,3,0,25,4,0,3,0,1,191,167,0,24
2013-03-31,WISCONSIN EASTERN,WISCONSIN,SEVENTH CIRCUIT,1577,1201,1,1,374,31,21,1,1,8,1546,1180,0,366
2013-03-31,WISCONSIN WESTERN,WISCONSIN,SEVENTH CIRCUIT,605,514,4,3,84,16,9,2,3,2,589,505,2,82
2013-03-31,WYOMING,WYOMING,TENTH CIRCUIT,109,98,2,0,9,5,2,2,0,1,104,96,0,8
2013-04-30,ALABAMA MIDDLE,ALABAMA,ELEVENTH CIRCUIT,642,173,2,1,466,8,5,2,1,0,634,168,0,466
2013-04-30,ALABAMA NORTHERN,ALABAMA,ELEVENTH CIRCUIT,1327,687,5,0,635,23,19,4,0,0,1304,668,1,635
2013-04-30,ALABAMA SOUTHERN,ALABAMA,ELEVENTH CIRCUIT,399,138,1,0,260,3,1,1,0,1,396,137,0,259
2013-04-30,ALASKA,ALASKA,NINTH CIRCUIT,81,63,2,0,16,7,4,2,0,1,74,59,0,15
2013-04-30,ARIZONA,ARIZONA,NINTH CIRCUIT,2413,2127,27,0,259,80,52,24,0,4,2333,2075,3,255
2013-04-30,ARKANSAS EASTERN,ARKANSAS,EIGHTH CIRCUIT,634,309,4,0,321,13,9,3,0,1,621,300,1,320
2013-04-30,ARKANSAS WESTERN,ARKANSAS,EIGHTH CIRCUIT,413,261,2,0,150,11,8,2,0,1,402,253,0,149
2013-04-30,CALIFORNIA CENTRAL,CALIFORNIA,NINTH CIRCUIT,7515,6208,65,1,1241,248,198,43,1,6,7267,6010,22,1235
2013-04-30,CALIFORNIA EASTERN,CALIFORNIA,NINTH CIRCUIT,2734,2258,17,2,457,81,58,15,2,6,2653,2200,2,451
2013-04-30,CALIFORNIA NORTHERN,CALIFORNIA,NINTH CIRCUIT,1767,1085,19,2,660,68,42,12,2,11,1699,1043,7,649
2013-04-30,CALIFORNIA SOUTHERN,CALIFORNIA,NINTH CIRCUIT,1330,1076,6,0,248,44,31,2,0,11,1286,1045,4,237
2013-04-30,COLORADO,COLORADO,TENTH CIRCUIT,2317,1989,5,1,318,64,52,4,1,3,2253,1937,1,315
2013-04-30,CONNECTICUT,CONNECTICUT,SECOND CIRCUIT,690,616,10,0,64,22,14,8,0,0,668,602,2,64
2013-04-30,DELAWARE,DELAWARE,THIRD CIRCUIT,468,173,218,0,70,231,6,218,0,0,237,167,0,70
2013-04-30,DISTRICT OF COLUMBIA,DISTRICT OF COLUMBIA,DC CIRCUIT,71,55,6,0,10,7,1,6,0,0,64,54,0,10
2013-04-30,FLORIDA MIDDLE,FLORIDA,ELEVENTH CIRCUIT,3966,2874,40,1,1051,153,104,30,1,18,3813,2770,10,1033
2013-04-30,FLORIDA NORTHERN,FLORIDA,ELEVENTH CIRCUIT,299,260,3,0,36,18,13,2,0,3,281,247,1,33
2013-04-30,FLORIDA SOUTHERN,FLORIDA,ELEVENTH CIRCUIT,2964,2030,31,0,903,78,44,27,0,7,2886,1986,4,896
2013-04-30,GEORGIA MIDDLE,GEORGIA,ELEVENTH CIRCUIT,779,329,7,0,443,22,13,7,0,2,757,316,0,441
2013-04-30,GEORGIA NORTHERN,GEORGIA,ELEVENTH CIRCUIT,3381,2103,23,0,1255,102,74,22,0,6,3279,2029,1,1249
2013-04-30,GEORGIA SOUTHERN,GEORGIA,ELEVENTH CIRCUIT,674,174,4,0,496,15,8,4,0,3,659,166,0,493
2013-04-30,GUAM,GUAM,NINTH CIRCUIT,9,9,0,0,0,0,0,0,0,0,9,9,0,0
2013-04-30,HAWAII,HAWAII,NINTH CIRCUIT,207,157,3,0,47,9,4,2,0,3,198,153,1,44
2013-04-30,IDAHO,IDAHO,NINTH CIRCUIT,548,513,1,1,33,12,10,1,1,0,536,503,0,33
2013-04-30,ILLINOIS CENTRAL,ILLINOIS,SEVENTH CIRCUIT,719,597,3,0,119,24,15,3,0,6,695,582,0,113
2013-04-30,ILLINOIS NORTHERN,ILLINOIS,SEVENTH CIRCUIT,5759,4088,23,0,1648,152,129,22,0,1,5607,3959,1,1647
2013-04-30,ILLINOIS SOUTHERN,ILLINOIS,SEVENTH CIRCUIT,442,307,0,0,135,7,5,0,0,2,435,302,0,133
2013-04-30,INDIANA NORTHERN,INDIANA,SEVENTH CIRCUIT,1433,1155,3,1,274,14,8,3,1,2,1419,1147,0,272
2013-04-30,INDIANA SOUTHERN,INDIANA,SEVENTH CIRCUIT,2108,1591,7,0,510,31,23,7,0,1,2077,1568,0,509
2013-04-30,IOWA NORTHERN,IOWA,EIGHTH CIRCUIT,213,202,0,0,11,5,5,0,0,0,208,197,0,11
2013-04-30,IOWA SOUTHERN,IOWA,EIGHTH CIRCUIT,391,349,1,0,41,13,12,1,0,0,378,337,0,41
2013-04-30,KANSAS,KANSAS,TENTH CIRCUIT,874,570,2,2,300,17,11,2,2,2,857,559,0,298
2013-04-30,KENTUCKY EASTERN,KENTUCKY,SIXTH CIRCUIT,887,678,1,0,208,11,6,1,0,4,876,672,0,204
2013-04-30,KENTUCKY WESTERN,KENTUCKY,SIXTH CIRCUIT,921,681,4,0,236,19,12,4,0,3,902,669,0,233
2013-04-30,LOUISIANA EASTERN,LOUISIANA,FIFTH CIRCUIT,374,199,2,0,173,22,17,2,0,3,352,182,0,170
2013-04-30,LOUISIANA MIDDLE,LOUISIANA,FIFTH CIRCUIT,162,96,1,0,65,11,9,1,0,1,151,87,0,64
2013-04-30,LOUISIANA WESTERN,LOUISIANA,FIFTH CIRCUIT,933,266,3,0,664,8,6,1,0,1,925,260,2,663
2013-04-30,MAINE,MAINE,FIRST CIRCUIT,248,204,5,0,39,20,13,5,0,2,228,191,0,37
2013-04-30,MARYLAND,MARYLAND,FOURTH CIRCUIT,2027,1625,18,0,384,45,31,13,0,1,1982,1594,5,383
2013-04-30,MASSACHUSETTS,MASSACHUSETTS,FIRST CIRCUIT,1202,962,9,1,230,31,25,4,1,1,1171,937,5,229
2013-04-30,MICHIGAN EASTERN,MICHIGAN,SIXTH CIRCUIT,3284,2769,16,1,498,55,32,16,1,6,3229,2737,0,492
2013-04-30,MICHIGAN WESTERN,MICHIGAN,SIXTH CIRCUIT,1089,936,4,1,148,30,24,3,1,2,1059,912,1,146
2013-04-30,MINNESOTA,MINNESOTA,EIGHTH CIRCUIT,1522,1275,9,0,238,53,42,8,0,3,1469,1233,1,235
2013-04-30,MISSISSIPPI NORTHERN,MISSISSIPPI,FIFTH CIRCUIT,497,255,2,0,240,12,9,2,0,1,485,246,0,239
2013-04-30,MISSISSIPPI SOUTHERN,MISSISSIPPI,FIFTH CIRCUIT,601,362,2,1,236,14,11,1,1,1,587,351,1,235
2013-04-30,MISSOURI EASTERN,MISSOURI,EIGHTH CIRCUIT,1408,1063,1,0,344,22,22,0,0,0,1386,1041,1,344
2013-04-30,MISSOURI WESTERN,MISSOURI,EIGHTH CIRCUIT,1036,789,8,1,238,29,18,8,1,2,1007,771,0,236
2013-04-30,MONTANA,MONTANA,NINTH CIRCUIT,183,166,0,0,17,4,3,0,0,1,179,163,0,16
2013-04-30,NEBRASKA,NEBRASKA,EIGHTH CIRCUIT,532,391,2,1,138,15,10,2,1,2,517,381,0,136
2013-04-30,NEVADA,NEVADA,NINTH CIRCUIT,1383,1121,27,1,234,55,34,19,1,1,1328,1087,8,233
2013-04-30,NEW HAMPSHIRE,NEW HAMPSHIRE,FIRST CIRCUIT,316,236,2,0,78,22,10,2,0,10,294,226,0,68
2013-04-30,NEW JERSEY,NEW JERSEY,THIRD CIRCUIT,2673,2129,22,0,522,70,44,20,0,6,2603,2085,2,516
2013-04-30,NEW MEXICO,NEW MEXICO,TENTH CIRCUIT,426,394,2,0,30,11,9,2,0,0,415,385,0,30
2013-04-30,NEW YORK EASTERN,NEW YORK,SECOND CIRCUIT,1472,1319,26,0,127,64,39,25,0,0,1408,1280,1,127
2013-04-30,NEW YORK NORTHERN,NEW YORK,SECOND CIRCUIT,838,697,2,1,138,20,17,2,1,0,818,680,0,138
2013-04-30,NEW YORK SOUTHERN,NEW YORK,SECOND CIRCUIT,949,793,22,0,134,46,23,19,0,4,903,770,3,130
2013-04-30,NEW YORK WESTERN,NEW YORK,SECOND CIRCUIT,530,376,2,0,152,14,11,2,0,1,516,365,0,151
2013-04-30,NORTH CAROLINA EASTERN,NORTH CAROLINA,FOURTH CIRCUIT,778,261,10,0,507,31,17,10,0,4,747,244,0,503
2013-04-30,NORTH CAROLINA MIDDLE,NORTH CAROLINA,FOURTH CIRCUIT,398,174,2,0,222,9,5,2,0,2,389,169,0,220
2013-04-30,NORTH CAROLINA WESTERN,NORTH CAROLINA,FOURTH CIRCUIT,537,329,4,1,203,21,16,4,1,0,516,313,0,203
2013-04-30,NORTH DAKOTA,NORTH DAKOTA,EIGHTH CIRCUIT,97,91,1,0,5,4,3,1,0,0,93,88,0,5
2013-04-30,NORTHERN MARIANAS,NORTHERN MARIANA ISLANDS,NINTH CIRCUIT,0,0,0,0,0,0,0,0,0,0,0,0,0,0
2013-04-30,OHIO NORTHERN,OHIO,SIXTH CIRCUIT,2487,2104,10,3,370,62,46,10,3,3,2425,2058,0,367
2013-04-30,OHIO SOUTHERN,OHIO,SIXTH CIRCUIT,2246,1658,14,0,574,47,33,13,0,1,2199,1625,1,573
2013-04-30,OKLAHOMA EASTERN,OKLAHOMA,TENTH CIRCUIT,174,166,2,0,6,7,5,2,0,0,167,161,0,6
2013-04-30,OKLAHOMA NORTHERN,OKLAHOMA,TENTH CIRCUIT,302,279,0,0,23,8,7,0,0,1,294,272,0,22
2013-04-30,OKLAHOMA WESTERN,OKLAHOMA,TENTH CIRCUIT,637,521,3,0,113,14,11,3,0,0,623,510,0,113
2013-04-30,OREGON,OREGON,NINTH CIRCUIT,1333,1117,2,0,214,38,33,1,0,4,1295,1084,1,210
2013-04-30,PENNSYLVANIA EASTERN,PENNSYLVANIA,THIRD CIRCUIT,1068,697,8,1,362,43,31,5,1,6,1025,666,3,356
2013-04-30,PENNSYLVANIA MIDDLE,PENNSYLVANIA,THIRD CIRCUIT,647,449,5,0,193,22,14,5,0,3,625,435,0,190
2013-04-30,PENNSYLVANIA WESTERN,PENNSYLVANIA,THIRD CIRCUIT,744,561,3,0,180,24,19,3,0,2,720,542,0,178
2013-04-30,PUERTO RICO,PUERTO RICO,FIRST CIRCUIT,1123,337,22,1,763,37,11,19,1,6,1086,326,3,757
2013-04-30,RHODE ISLAND,RHODE ISLAND,FIRST CIRCUIT,334,286,0,0,48,12,10,0,0,2,322,276,0,46
2013-04-30,SOUTH CAROLINA,SOUTH CAROLINA,FOURTH CIRCUIT,612,294,8,0,310,19,12,7,0,0,593,282,1,310
2013-04-30,SOUTH DAKOTA,SOUTH DAKOTA,EIGHTH CIRCUIT,139,124,0,2,13,5,3,0,2,0,134,121,0,13
2013-04-30,TENNESSEE EASTERN,TENNESSEE,SIXTH CIRCUIT,1197,691,10,1,495,38,24,10,1,3,1159,667,0,492
2013-04-30,TENNESSEE MIDDLE,TENNESSEE,SIXTH CIRCUIT,944,547,5,0,392,20,18,2,0,0,924,529,3,392
2013-04-30,TENNESSEE WESTERN,TENNESSEE,SIXTH CIRCUIT,1560,487,1,0,1072,19,15,1,0,3,1541,472,0,1069
2013-04-30,TEXAS EASTERN,TEXAS,FIFTH CIRCUIT,512,284,7,0,221,30,23,7,0,0,482,261,0,221
2013-04-30,TEXAS NORTHERN,TEXAS,FIFTH CIRCUIT,1210,593,14,1,602,68,47,13,1,7,1142,546,1,595
2013-04-30,TEXAS SOUTHERN,TEXAS,FIFTH CIRCUIT,854,387,14,1,452,51,31,14,1,5,803,356,0,447
2013-04-30,TEXAS WESTERN,TEXAS,FIFTH CIRCUIT,798,455,9,0,334,42,33,7,0,2,756,422,2,332
2013-04-30,UTAH,UTAH,TENTH CIRCUIT,1376,954,2,0,420,20,16,2,0,2,1356,938,0,418
2013-04-30,VERMONT,VERMONT,SECOND CIRCUIT,93,72,0,0,21,7,6,0,0,1,86,66,0,20
2013-04-30,VIRGIN ISLANDS,VIRGIN ISLANDS,THIRD CIRCUIT,4,4,0,0,0,1,1,0,0,0,3,3,0,0
2013-04-30,VIRGINIA EASTERN,VIRGINIA,FOURTH CIRCUIT,1871,1200,13,0,658,38,24,10,0,4,1833,1176,3,654
2013-04-30,VIRGINIA WESTERN,VIRGINIA,FOURTH CIRCUIT,629,430,5,0,194,10,6,4,0,0,619,424,1,194
2013-04-30,WASHINGTON EASTERN,WASHINGTON,NINTH CIRCUIT,500,405,1,0,94,4,3,0,0,1,496,402,1,93
2013-04-30,WASHINGTON WESTERN,WASHINGTON,NINTH CIRCUIT,1945,1535,11,0,399,58,44,9,0,5,1887,1491,2,394
2013-04-30,WEST VIRGINIA NORTHERN,WEST VIRGINIA,FOURTH CIRCUIT,142,118,1,0,23,4,3,1,0,0,138,115,0,23
2013-04-30,WEST VIRGINIA SOUTHERN,WEST VIRGINIA,FOURTH CIRCUIT,193,160,4,0,29,7,3,4,0,0,186,157,0,29
2013-04-30,WISCONSIN EASTERN,WISCONSIN,SEVENTH CIRCUIT,2129,1597,2,0,530,40,34,2,0,4,2089,1563,0,526
2013-04-30,WISCONSIN WESTERN,WISCONSIN,SEVENTH CIRCUIT,713,599,2,1,111,23,17,2,1,3,690,582,0,108
2013-04-30,WYOMING,WYOMING,TENTH CIRCUIT,139,125,0,0,14,7,6,0,0,1,132,119,0,13
2013-05-31,ALABAMA MIDDLE,ALABAMA,ELEVENTH CIRCUIT,658,151,2,2,503,11,7,2,2,0,647,144,0,503
2013-05-31,ALABAMA NORTHERN,ALABAMA,ELEVENTH CIRCUIT,1207,544,8,0,655,19,11,7,0,1,1188,533,1,654
2013-05-31,ALABAMA SOUTHERN,ALABAMA,ELEVENTH CIRCUIT,437,143,2,0,292,12,9,1,0,2,425,134,1,290
2013-05-31,ALASKA,ALASKA,NINTH CIRCUIT,62,52,1,0,9,4,2,1,0,1,58,50,0,8
2013-05-31,ARIZONA,ARIZONA,NINTH CIRCUIT,2358,2052,33,0,273,84,56,24,0,4,2274,1996,9,269
2013-05-31,ARKANSAS EASTERN,ARKANSAS,EIGHTH CIRCUIT,675,320,4,2,349,21,12,4,2,3,654,308,0,346
2013-05-31,ARKANSAS WESTERN,ARKANSAS,EIGHTH CIRCUIT,379,228,0,0,151,12,9,0,0,3,367,219,0,148
2013-05-31,CALIFORNIA CENTRAL,CALIFORNIA,NINTH CIRCUIT,7170,5859,65,1,1245,240,184,46,1,9,6930,5675,19,1236
2013-05-31,CALIFORNIA EASTERN,CALIFORNIA,NINTH CIRCUIT,3479,2461,15,2,1001,85,62,9,2,12,3394,2399,6,989
2013-05-31,CALIFORNIA NORTHERN,CALIFORNIA,NINTH CIRCUIT,1741,1094,13,2,632,58,39,9,2,8,1683,1055,4,624
2013-05-31,CALIFORNIA SOUTHERN,CALIFORNIA,NINTH CIRCUIT,1200,973,4,0,223,35,29,3,0,3,1165,944,1,220
2013-05-31,COLORADO,COLORADO,TENTH CIRCUIT,2198,1874,15,0,309,68,51,15,0,2,2130,1823,0,307
2013-05-31,CONNECTICUT,CONNECTICUT,SECOND CIRCUIT,648,561,5,0,82,21,15,2,0,4,627,546,3,78
2013-05-31,DELAWARE,DELAWARE,THIRD CIRCUIT,309,217,20,0,72,55,34,20,0,1,254,183,0,71
2013-05-31,DISTRICT OF COLUMBIA,DISTRICT OF COLUMBIA,DC CIRCUIT,87,69,1,0,17,4,3,0,0,1,83,66,1,16
2013-05-31,FLORIDA MIDDLE,FLORIDA,ELEVENTH CIRCUIT,3766,2688,37,0,1040,141,96,29,0,15,3625,2592,8,1025
2013-05-31,FLORIDA NORTHERN,FLORIDA,ELEVENTH CIRCUIT,302,240,8,1,53,27,18,7,1,1,275,222,1,52
2013-05-31,FLORIDA SOUTHERN,FLORIDA,ELEVENTH CIRCUIT,2962,1955,30,3,973,95,57,25,3,9,2867,1898,5,964
2013-05-31,GEORGIA MIDDLE,GEORGIA,ELEVENTH CIRCUIT,831,323,4,0,504,29,20,3,0,6,802,303,1,498
2013-05-31,GEORGIA NORTHERN,GEORGIA,ELEVENTH CIRCUIT,3605,2096,19,0,1490,101,71,19,0,11,3504,2025,0,1479
2013-05-31,GEORGIA SOUTHERN,GEORGIA,ELEVENTH CIRCUIT,752,173,2,0,577,15,12,2,0,1,737,161,0,576
2013-05-31,GUAM,GUAM,NINTH CIRCUIT,27,23,0,0,4,1,1,0,0,0,26,22,0,4
2013-05-31,HAWAII,HAWAII,NINTH CIRCUIT,207,157,1,0,49,6,5,1,0,0,201,152,0,49
2013-05-31,IDAHO,IDAHO,NINTH CIRCUIT,578,531,3,0,44,14,9,3,0,2,564,522,0,42
2013-05-31,ILLINOIS CENTRAL,ILLINOIS,SEVENTH CIRCUIT,600,497,2,0,101,7,4,2,0,1,593,493,0,100
2013-05-31,ILLINOIS NORTHERN,ILLINOIS,SEVENTH CIRCUIT,4991,3371,24,0,1596,136,103,21,0,12,4855,3268,3,1584
2013-05-31,ILLINOIS SOUTHERN,ILLINOIS,SEVENTH CIRCUIT,380,259,1,0,120,5,3,1,0,1,375,256,0,119
2013-05-31,INDIANA NORTHERN,INDIANA,SEVENTH CIRCUIT,1332,1046,1,0,285,15,12,1,0,2,1317,1034,0,283
2013-05-31,INDIANA SOUTHERN,INDIANA,SEVENTH CIRCUIT,1918,1417,5,0,496,29,23,5,0,1,1889,1394,0,495
2013-05-31,IOWA NORTHERN,IOWA,EIGHTH CIRCUIT,250,241,0,0,9,14,13,0,0,1,236,228,0,8
2013-05-31,IOWA SOUTHERN,IOWA,EIGHTH CIRCUIT,330,298,2,0,30,19,17,2,0,0,311,281,0,30
2013-05-31,KANSAS,KANSAS,TENTH CIRCUIT,800,523,1,1,275,14,10,1,1,2,786,513,0,273
2013-05-31,KENTUCKY EASTERN,KENTUCKY,SIXTH CIRCUIT,768,553,1,0,214,11,9,1,0,1,757,544,0,213
2013-05-31,KENTUCKY WESTERN,KENTUCKY,SIXTH CIRCUIT,773,557,6,0,210,16,8,6,0,2,757,549,0,208
2013-05-31,LOUISIANA EASTERN,LOUISIANA,FIFTH CIRCUIT,364,223,4,0,137,22,15,3,0,4,342,208,1,133
2013-05-31,LOUISIANA MIDDLE,LOUISIANA,FIFTH CIRCUIT,178,94,2,0,82,2,1,1,0,0,176,93,1,82
2013-05-31,LOUISIANA WESTERN,LOUISIANA,FIFTH CIRCUIT,842,229,6,2,605,17,10,4,2,1,825,219,2,604
2013-05-31,MAINE,MAINE,FIRST CIRCUIT,275,231,2,0,42,12,5,2,0,5,263,226,0,37
2013-05-31,MARYLAND,MARYLAND,FOURTH CIRCUIT,1938,1514,14,0,410,39,28,8,0,3,1899,1486,6,407
2013-05-31,MASSACHUSETTS,MASSACHUSETTS,FIRST CIRCUIT,1263,1000,9,4,250,41,28,6,4,3,1222,972,3,247
2013-05-31,MICHIGAN EASTERN,MICHIGAN,SIXTH CIRCUIT,2977,2439,29,1,508,82,45,28,1,8,2895,2394,1,500
2013-05-31,MICHIGAN WESTERN,MICHIGAN,SIXTH CIRCUIT,968,835,0,1,132,25,17,0,1,7,943,818,0,125
2013-05-31,MINNESOTA,MINNESOTA,EIGHTH CIRCUIT,1318,1105,5,0,208,28,21,4,0,3,1290,1084,1,205
2013-05-31,MISSISSIPPI NORTHERN,MISSISSIPPI,FIFTH CIRCUIT,454,185,0,0,269,5,4,0,0,1,449,181,0,268
2013-05-31,MISSISSIPPI SOUTHERN,MISSISSIPPI,FIFTH CIRCUIT,532,305,2,0,225,16,13,2,0,1,516,292,0,224
2013-05-31,MISSOURI EASTERN,MISSOURI,EIGHTH CIRCUIT,1269,919,0,0,350,22,22,0,0,0,1247,897,0,350
2013-05-31,MISSOURI WESTERN,MISSOURI,EIGHTH CIRCUIT,1015,767,2,0,246,20,17,2,0,1,995,750,0,245
2013-05-31,MONTANA,MONTANA,NINTH CIRCUIT,191,172,0,1,18,5,3,0,1,1,186,169,0,17
2013-05-31,NEBRASKA,NEBRASKA,EIGHTH CIRCUIT,478,331,1,3,142,15,10,1,3,0,463,321,0,142
2013-05-31,NEVADA,NEVADA,NINTH CIRCUIT,1356,1096,25,0,235,45,29,12,0,4,1311,1067,13,231
2013-05-31,NEW HAMPSHIRE,NEW HAMPSHIRE,FIRST CIRCUIT,286,232,3,0,51,22,16,2,0,4,264,216,1,47
2013-05-31,NEW JERSEY,NEW JERSEY,THIRD CIRCUIT,2830,2168,25,0,637,86,63,18,0,5,2744,2105,7,632
2013-05-31,NEW MEXICO,NEW MEXICO,TENTH CIRCUIT,390,355,2,0,33,9,6,2,0,1,381,349,0,32
2013-05-31,NEW YORK EASTERN,NEW YORK,SECOND CIRCUIT,1392,1206,23,0,163,61,36,22,0,3,1331,1170,1,160
2013-05-31,NEW YORK NORTHERN,NEW YORK,SECOND CIRCUIT,716,588,1,0,127,13,9,1,0,3,703,579,0,124
2013-05-31,NEW YORK SOUTHERN,NEW YORK,SECOND CIRCUIT,881,712,37,0,129,59,22,32,0,2,822,690,5,127
2013-05-31,NEW YORK WESTERN,NEW YORK,SECOND CIRCUIT,542,397,3,0,142,14,8,3,0,3,528,389,0,139
2013-05-31,NORTH CAROLINA EASTERN,NORTH CAROLINA,FOURTH CIRCUIT,720,238,14,1,467,24,10,10,1,3,696,228,4,464
2013-05-31,NORTH CAROLINA MIDDLE,NORTH CAROLINA,FOURTH CIRCUIT,427,198,0,0,229,19,17,0,0,2,408,181,0,227
2013-05-31,NORTH CAROLINA WESTERN,NORTH CAROLINA,FOURTH CIRCUIT,522,303,4,0,215,24,18,4,0,2,498,285,0,213
2013-05-31,NORTH DAKOTA,NORTH DAKOTA,EIGHTH CIRCUIT,98,87,1,0,10,4,3,1,0,0,94,84,0,10
2013-05-31,NORTHERN MARIANAS,NORTHERN MARIANA ISLANDS,NINTH CIRCUIT,0,0,0,0,0,0,0,0,0,0,0,0,0,0
2013-05-31,OHIO NORTHERN,OHIO,SIXTH CIRCUIT,2773,2155,8,0,610,36,24,5,0,7,2737,2131,3,603
2013-05-31,OHIO SOUTHERN,OHIO,SIXTH CIRCUIT,2037,1518,7,6,506,52,35,7,6,4,1985,1483,0,502
2013-05-31,OKLAHOMA EASTERN,OKLAHOMA,TENTH CIRCUIT,153,131,0,0,22,3,3,0,0,0,150,128,0,22
2013-05-31,OKLAHOMA NORTHERN,OKLAHOMA,TENTH CIRCUIT,313,278,1,0,34,12,11,1,0,0,301,267,0,34
2013-05-31,OKLAHOMA WESTERN,OKLAHOMA,TENTH CIRCUIT,574,457,4,1,112,19,12,3,1,3,555,445,1,109
2013-05-31,OREGON,OREGON,NINTH CIRCUIT,1387,1108,5,0,274,37,26,5,0,6,1350,1082,0,268
2013-05-31,PENNSYLVANIA EASTERN,PENNSYLVANIA,THIRD CIRCUIT,1009,627,19,0,363,42,17,19,0,6,967,610,0,357
2013-05-31,PENNSYLVANIA MIDDLE,PENNSYLVANIA,THIRD CIRCUIT,610,414,5,0,191,20,11,4,0,5,590,403,1,186
2013-05-31,PENNSYLVANIA WESTERN,PENNSYLVANIA,THIRD CIRCUIT,741,500,13,1,227,29,14,12,1,2,712,486,1,225
2013-05-31,PUERTO RICO,PUERTO RICO,FIRST CIRCUIT,1109,355,18,0,736,33,10,14,0,9,1076,345,4,727
2013-05-31,RHODE ISLAND,RHODE ISLAND,FIRST CIRCUIT,335,281,0,0,54,13,13,0,0,0,322,268,0,54
2013-05-31,SOUTH CAROLINA,SOUTH CAROLINA,FOURTH CIRCUIT,678,262,8,1,407,24,15,7,1,1,654,247,1,406
2013-05-31,SOUTH DAKOTA,SOUTH DAKOTA,EIGHTH CIRCUIT,131,118,0,1,12,4,2,0,1,1,127,116,0,11
2013-05-31,TENNESSEE EASTERN,TENNESSEE,SIXTH CIRCUIT,1195,672,4,0,519,25,22,2,0,1,1170,650,2,518
2013-05-31,TENNESSEE MIDDLE,TENNESSEE,SIXTH CIRCUIT,1024,612,21,0,391,33,16,17,0,0,991,596,4,391
2013-05-31,TENNESSEE WESTERN,TENNESSEE,SIXTH CIRCUIT,1398,374,6,0,1018,10,4,5,0,1,1388,370,1,1017
2013-05-31,TEXAS EASTERN,TEXAS,FIFTH CIRCUIT,504,233,7,0,264,33,25,6,0,2,471,208,1,262
2013-05-31,TEXAS NORTHERN,TEXAS,FIFTH CIRCUIT,1398,563,18,0,817,63,41,16,0,6,1335,522,2,811
2013-05-31,TEXAS SOUTHERN,TEXAS,FIFTH CIRCUIT,1076,408,21,0,647,62,37,20,0,5,1014,371,1,642
2013-05-31,TEXAS WESTERN,TEXAS,FIFTH CIRCUIT,849,410,9,1,429,58,44,7,1,6,791,366,2,423
2013-05-31,UTAH,UTAH,TENTH CIRCUIT,1489,1045,1,0,443,29,25,1,0,3,1460,1020,0,440
2013-05-31,VERMONT,VERMONT,SECOND CIRCUIT,77,65,0,1,11,6,5,0,1,0,71,60,0,11
2013-05-31,VIRGIN ISLANDS,VIRGIN ISLANDS,THIRD CIRCUIT,2,1,0,0,1,0,0,0,0,0,2,1,0,1
2013-05-31,VIRGINIA EASTERN,VIRGINIA,FOURTH CIRCUIT,1845,1163,15,0,667,39,26,11,0,2,1806,1137,4,665
2013-05-31,VIRGINIA WESTERN,VIRGINIA,FOURTH CIRCUIT,584,395,3,0,186,3,2,1,0,0,581,393,2,186
2013-05-31,WASHINGTON EASTERN,WASHINGTON,NINTH CIRCUIT,459,365,3,0,91,13,10,3,0,0,446,355,0,91
2013-05-31,WASHINGTON WESTERN,WASHINGTON,NINTH CIRCUIT,1950,1509,14,0,427,61,48,8,0,5,1889,1461,6,422
2013-05-31,WEST VIRGINIA NORTHERN,WEST VIRGINIA,FOURTH CIRCUIT,178,138,1,0,39,8,7,1,0,0,170,131,0,39
2013-05-31,WEST VIRGINIA SOUTHERN,WEST VIRGINIA,FOURTH CIRCUIT,244,180,8,0,56,16,8,7,0,1,228,172,1,55
2013-05-31,WISCONSIN EASTERN,WISCONSIN,SEVENTH CIRCUIT,1752,1303,1,0,448,33,25,1,0,7,1719,1278,0,441
2013-05-31,WISCONSIN WESTERN,WISCONSIN,SEVENTH CIRCUIT,612,516,2,3,91,25,19,2,3,1,587,497,0,90
2013-05-31,WYOMING,WYOMING,TENTH CIRCUIT,133,119,2,0,12,6,4,2,0,0,127,115,0,12
2013-06-30,ALABAMA MIDDLE,ALABAMA,ELEVENTH CIRCUIT,616,141,5,0,470,8,3,5,0,0,608,138,0,470
2013-06-30,ALABAMA NORTHERN,ALABAMA,ELEVENTH CIRCUIT,1172,553,2,0,617,15,12,2,0,1,1157,541,0,616
2013-06-30,ALABAMA SOUTHERN,ALABAMA,ELEVENTH CIRCUIT,366,123,0,0,243,5,4,0,0,1,361,119,0,242
2013-06-30,ALASKA,ALASKA,NINTH CIRCUIT,38,31,0,0,7,2,2,0,0,0,36,29,0,7
2013-06-30,ARIZONA,ARIZONA,NINTH CIRCUIT,2086,1776,32,0,278,72,43,23,0,6,2014,1733,9,272
2013-06-30,ARKANSAS EASTERN,ARKANSAS,EIGHTH CIRCUIT,680,271,1,0,408,13,10,1,0,2,667,261,0,406
2013-06-30,ARKANSAS WESTERN,ARKANSAS,EIGHTH CIRCUIT,387,237,7,1,142,16,7,6,1,2,371,230,1,140
2013-06-30,CALIFORNIA CENTRAL,CALIFORNIA,NINTH CIRCUIT,6202,5132,50,0,1019,212,171,25,0,15,5990,4961,25,1004
2013-06-30,CALIFORNIA EASTERN,CALIFORNIA,NINTH CIRCUIT,2387,1922,12,1,452,72,58,7,1,6,2315,1864,5,446
2013-06-30,CALIFORNIA NORTHERN,CALIFORNIA,NINTH CIRCUIT,1587,1004,21,1,561,67,48,10,1,8,1520,956,11,553
2013-06-30,CALIFORNIA SOUTHERN,CALIFORNIA,NINTH CIRCUIT,1023,825,10,0,188,30,20,8,0,2,993,805,2,186
2013-06-30,COLORADO,COLORADO,TENTH CIRCUIT,1881,1605,1,0,275,55,51,1,0,3,1826,1554,0,272
2013-06-30,CONNECTICUT,CONNECTICUT,SECOND CIRCUIT,645,530,8,0,107,27,20,7,0,0,618,510,1,107
2013-06-30,DELAWARE,DELAWARE,THIRD CIRCUIT,237,143,44,0,50,62,17,44,0,1,175,126,0,49
2013-06-30,DISTRICT OF COLUMBIA,DISTRICT OF COLUMBIA,DC CIRCUIT,64,52,4,0,8,7,3,4,0,0,57,49,0,8
2013-06-30,FLORIDA MIDDLE,FLORIDA,ELEVENTH CIRCUIT,3421,2452,39,3,927,142,101,32,3,6,3279,2351,7,921
2013-06-30,FLORIDA NORTHERN,FLORIDA,ELEVENTH CIRCUIT,266,220,2,1,43,17,13,2,1,1,249,207,0,42
2013-06-30,FLORIDA SOUTHERN,FLORIDA,ELEVENTH CIRCUIT,2532,1674,30,0,828,88,56,27,0,5,2444,1618,3,823
2013-06-30,GEORGIA MIDDLE,GEORGIA,ELEVENTH CIRCUIT,763,246,5,0,512,21,16,5,0,0,742,230,0,512
2013-06-30,GEORGIA NORTHERN,GEORGIA,ELEVENTH CIRCUIT,3383,1883,20,1,1479,94,65,19,1,9,3289,1818,1,1470
2013-06-30,GEORGIA SOUTHERN,GEORGIA,ELEVENTH CIRCUIT,710,156,0,0,554,9,6,0,0,3,701,150,0,551
2013-06-30,GUAM,GUAM,NINTH CIRCUIT,6,6,0,0,0,0,0,0,0,0,6,6,0,0
2013-06-30,HAWAII,HAWAII,NINTH CIRCUIT,186,139,0,0,47,4,4,0,0,0,182,135,0,47
2013-06-30,IDAHO,IDAHO,NINTH CIRCUIT,491,455,0,0,36,12,12,0,0,0,479,443,0,36
2013-06-30,ILLINOIS CENTRAL,ILLINOIS,SEVENTH CIRCUIT,534,410,3,0,121,15,11,3,0,1,519,399,0,120
2013-06-30,ILLINOIS NORTHERN,ILLINOIS,SEVENTH CIRCUIT,4214,2779,24,0,1411,109,80,22,0,7,4105,2699,2,1404
2013-06-30,ILLINOIS SOUTHERN,ILLINOIS,SEVENTH CIRCUIT,339,224,0,0,115,11,11,0,0,0,328,213,0,115
2013-06-30,INDIANA NORTHERN,INDIANA,SEVENTH CIRCUIT,1632,1288,4,0,340,23,19,3,0,1,1609,1269,1,339
2013-06-30,INDIANA SOUTHERN,INDIANA,SEVENTH CIRCUIT,1684,1162,4,1,517,36,29,4,1,2,1648,1133,0,515
2013-06-30,IOWA NORTHERN,IOWA,EIGHTH CIRCUIT,173,160,0,1,12,8,7,0,1,0,165,153,0,12
2013-06-30,IOWA SOUTHERN,IOWA,EIGHTH CIRCUIT,296,259,0,0,37,12,12,0,0,0,284,247,0,37
2013-06-30,KANSAS,KANSAS,TENTH CIRCUIT,778,466,6,0,306,18,12,5,0,1,760,454,1,305
2013-06-30,KENTUCKY EASTERN,KENTUCKY,SIXTH CIRCUIT,678,470,4,0,204,15,10,4,0,1,663,460,0,203
2013-06-30,KENTUCKY WESTERN,KENTUCKY,SIXTH CIRCUIT,719,506,3,0,210,11,8,2,0,1,708,498,1,209
2013-06-30,LOUISIANA EASTERN,LOUISIANA,FIFTH CIRCUIT,298,155,6,0,137,19,12,6,0,1,279,143,0,136
2013-06-30,LOUISIANA MIDDLE,LOUISIANA,FIFTH CIRCUIT,154,88,1,0,65,2,1,1,0,0,152,87,0,65
2013-06-30,LOUISIANA WESTERN,LOUISIANA,FIFTH CIRCUIT,867,185,2,0,680,9,4,2,0,3,858,181,0,677
2013-06-30,MAINE,MAINE,FIRST CIRCUIT,220,178,2,2,38,13,7,1,2,3,207,171,1,35
2013-06-30,MARYLAND,MARYLAND,FOURTH CIRCUIT,2223,1515,17,1,690,48,29,10,1,8,2175,1486,7,682
2013-06-30,MASSACHUSETTS,MASSACHUSETTS,FIRST CIRCUIT,998,768,10,5,215,41,25,9,5,2,957,743,1,213
2013-06-30,MICHIGAN EASTERN,MICHIGAN,SIXTH CIRCUIT,2404,1969,10,1,424,56,37,10,1,8,2348,1932,0,416
2013-06-30,MICHIGAN WESTERN,MICHIGAN,SIXTH CIRCUIT,815,690,4,1,120,23,17,3,1,2,792,673,1,118
2013-06-30,MINNESOTA,MINNESOTA,EIGHTH CIRCUIT,1162,965,4,0,193,31,27,4,0,0,1131,938,0,193
2013-06-30,MISSISSIPPI NORTHERN,MISSISSIPPI,FIFTH CIRCUIT,420,154,3,0,263,6,3,3,0,0,414,151,0,263
2013-06-30,MISSISSIPPI SOUTHERN,MISSISSIPPI,FIFTH CIRCUIT,584,375,0,0,209,13,12,0,0,1,571,363,0,208
2013-06-30,MISSOURI EASTERN,MISSOURI,EIGHTH CIRCUIT,1133,811,3,0,319,17,14,3,0,0,1116,797,0,319
2013-06-30,MISSOURI WESTERN,MISSOURI,EIGHTH CIRCUIT,819,585,5,0,229,24,17,5,0,2,795,568,0,227
2013-06-30,MONTANA,MONTANA,NINTH CIRCUIT,168,144,0,0,24,5,5,0,0,0,163,139,0,24
2013-06-30,NEBRASKA,NEBRASKA,EIGHTH CIRCUIT,441,294,0,1,146,7,6,0,1,0,434,288,0,146
2013-06-30,NEVADA,NEVADA,NINTH CIRCUIT,1225,990,24,0,211,45,28,14,0,3,1180,962,10,208
2013-06-30,NEW HAMPSHIRE,NEW HAMPSHIRE,FIRST CIRCUIT,274,204,7,0,63,29,19,6,0,4,245,185,1,59
2013-06-30,NEW JERSEY,NEW JERSEY,THIRD CIRCUIT,2410,1828,24,0,558,80,53,21,0,6,2330,1775,3,552
2013-06-30,NEW MEXICO,NEW MEXICO,TENTH CIRCUIT,425,341,6,0,78,18,11,5,0,2,407,330,1,76
2013-06-30,NEW YORK EASTERN,NEW YORK,SECOND CIRCUIT,1215,1059,29,0,127,53,22,28,0,3,1162,1037,1,124
2013-06-30,NEW YORK NORTHERN,NEW YORK,SECOND CIRCUIT,569,439,3,0,127,15,10,2,0,3,554,429,1,124
2013-06-30,NEW YORK SOUTHERN,NEW YORK,SECOND CIRCUIT,746,615,16,0,112,39,19,16,0,1,707,596,0,111
2013-06-30,NEW YORK WESTERN,NEW YORK,SECOND CIRCUIT,486,364,4,0,118,22,15,3,0,4,464,349,1,114
2013-06-30,NORTH CAROLINA EASTERN,NORTH CAROLINA,FOURTH CIRCUIT,592,167,8,0,417,25,13,8,0,4,567,154,0,413
2013-06-30,NORTH CAROLINA MIDDLE,NORTH CAROLINA,FOURTH CIRCUIT,390,159,3,0,228,12,7,3,0,2,378,152,0,226
2013-06-30,NORTH CAROLINA WESTERN,NORTH CAROLINA,FOURTH CIRCUIT,497,296,2,0,199,14,11,1,0,2,483,285,1,197
2013-06-30,NORTH DAKOTA,NORTH DAKOTA,EIGHTH CIRCUIT,67,62,1,0,4,5,4,1,0,0,62,58,0,4
2013-06-30,NORTHERN MARIANAS,NORTHERN MARIANA ISLANDS,NINTH CIRCUIT,0,0,0,0,0,0,0,0,0,0,0,0,0,0
2013-06-30,OHIO NORTHERN,OHIO,SIXTH CIRCUIT,3176,2225,2,0,949,69,57,2,0,10,3107,2168,0,939
2013-06-30,OHIO SOUTHERN,OHIO,SIXTH CIRCUIT,1704,1248,2,0,454,29,22,1,0,6,1675,1226,1,448
2013-06-30,OKLAHOMA EASTERN,OKLAHOMA,TENTH CIRCUIT,132,122,0,0,10,5,5,0,0,0,127,117,0,10
2013-06-30,OKLAHOMA NORTHERN,OKLAHOMA,TENTH CIRCUIT,241,219,1,0,21,6,5,1,0,0,235,214,0,21
2013-06-30,OKLAHOMA WESTERN,OKLAHOMA,TENTH CIRCUIT,479,392,1,1,85,11,9,1,1,0,468,383,0,85
2013-06-30,OREGON,OREGON,NINTH CIRCUIT,1156,932,8,1,215,34,22,7,1,4,1122,910,1,211
2013-06-30,PENNSYLVANIA EASTERN,PENNSYLVANIA,THIRD CIRCUIT,928,560,4,1,363,31,20,4,1,6,897,540,0,357
2013-06-30,PENNSYLVANIA MIDDLE,PENNSYLVANIA,THIRD CIRCUIT,529,338,4,1,186,19,10,3,1,5,510,328,1,181
2013-06-30,PENNSYLVANIA WESTERN,PENNSYLVANIA,THIRD CIRCUIT,824,477,10,1,336,28,16,10,1,1,796,461,0,335
2013-06-30,PUERTO RICO,PUERTO RICO,FIRST CIRCUIT,990,360,18,1,611,28,8,16,1,3,962,352,2,608
2013-06-30,RHODE ISLAND,RHODE ISLAND,FIRST CIRCUIT,276,236,1,0,39,3,2,1,0,0,273,234,0,39
2013-06-30,SOUTH CAROLINA,SOUTH CAROLINA,FOURTH CIRCUIT,559,224,2,2,331,18,13,2,2,1,541,211,0,330
2013-06-30,SOUTH DAKOTA,SOUTH DAKOTA,EIGHTH CIRCUIT,93,87,0,0,6,4,3,0,0,1,89,84,0,5
2013-06-30,TENNESSEE EASTERN,TENNESSEE,SIXTH CIRCUIT,1087,561,6,0,520,22,13,6,0,3,1065,548,0,517
2013-06-30,TENNESSEE MIDDLE,TENNESSEE,SIXTH CIRCUIT,864,483,4,0,377,14,12,1,0,1,850,471,3,376
2013-06-30,TENNESSEE WESTERN,TENNESSEE,SIXTH CIRCUIT,1420,362,6,0,1052,11,8,3,0,0,1409,354,3,1052
2013-06-30,TEXAS EASTERN,TEXAS,FIFTH CIRCUIT,417,196,2,0,219,27,22,2,0,3,390,174,0,216
2013-06-30,TEXAS NORTHERN,TEXAS,FIFTH CIRCUIT,1117,442,15,1,659,59,39,14,1,5,1058,403,1,654
2013-06-30,TEXAS SOUTHERN,TEXAS,FIFTH CIRCUIT,895,348,36,0,511,68,28,36,0,4,827,320,0,507
2013-06-30,TEXAS WESTERN,TEXAS,FIFTH CIRCUIT,773,391,14,0,368,50,31,13,0,6,723,360,1,362
2013-06-30,UTAH,UTAH,TENTH CIRCUIT,1179,828,2,0,349,22,20,2,0,0,1157,808,0,349
2013-06-30,VERMONT,VERMONT,SECOND CIRCUIT,74,59,1,0,14,3,1,1,0,1,71,58,0,13
2013-06-30,VIRGIN ISLANDS,VIRGIN ISLANDS,THIRD CIRCUIT,2,1,0,0,1,1,1,0,0,0,1,0,0,1
2013-06-30,VIRGINIA EASTERN,VIRGINIA,FOURTH CIRCUIT,1631,1034,8,0,589,40,31,7,0,2,1591,1003,1,587
2013-06-30,VIRGINIA WESTERN,VIRGINIA,FOURTH CIRCUIT,466,315,1,0,150,8,6,1,0,1,458,309,0,149
2013-06-30,WASHINGTON EASTERN,WASHINGTON,NINTH CIRCUIT,396,321,1,1,73,8,6,1,1,0,388,315,0,73
2013-06-30,WASHINGTON WESTERN,WASHINGTON,NINTH CIRCUIT,1609,1264,12,0,333,44,34,9,0,1,1565,1230,3,332
2013-06-30,WEST VIRGINIA NORTHERN,WEST VIRGINIA,FOURTH CIRCUIT,128,115,0,0,13,5,5,0,0,0,123,110,0,13
2013-06-30,WEST VIRGINIA SOUTHERN,WEST VIRGINIA,FOURTH CIRCUIT,151,134,0,0,17,5,4,0,0,1,146,130,0,16
2013-06-30,WISCONSIN EASTERN,WISCONSIN,SEVENTH CIRCUIT,1343,950,4,0,389,25,18,4,0,3,1318,932,0,386
2013-06-30,WISCONSIN WESTERN,WISCONSIN,SEVENTH CIRCUIT,511,422,1,2,86,15,10,1,2,2,496,412,0,84
2013-06-30,WYOMING,WYOMING,TENTH CIRCUIT,114,98,2,0,14,6,3,2,0,1,108,95,0,13
2013-07-31,ALABAMA MIDDLE,ALABAMA,ELEVENTH CIRCUIT,711,140,1,0,570,5,4,1,0,0,706,136,0,570
2013-07-31,ALABAMA NORTHERN,ALABAMA,ELEVENTH CIRCUIT,1244,545,6,1,692,23,16,5,1,1,1221,529,1,691
2013-07-31,ALABAMA SOUTHERN,ALABAMA,ELEVENTH CIRCUIT,412,120,0,0,292,4,3,0,0,1,408,117,0,291
2013-07-31,ALASKA,ALASKA,NINTH CIRCUIT,50,42,0,0,8,1,1,0,0,0,49,41,0,8
2013-07-31,ARIZONA,ARIZONA,NINTH CIRCUIT,2075,1809,22,0,244,89,69,19,0,1,1986,1740,3,243
2013-07-31,ARKANSAS EASTERN,ARKANSAS,EIGHTH CIRCUIT,802,293,3,0,505,20,15,3,0,1,782,278,0,504
2013-07-31,ARKANSAS WESTERN,ARKANSAS,EIGHTH CIRCUIT,530,258,4,3,265,28,19,4,3,2,502,239,0,263
2013-07-31,CALIFORNIA CENTRAL,CALIFORNIA,NINTH CIRCUIT,6403,5188,58,0,1157,222,165,41,0,16,6181,5023,17,1141
2013-07-31,CALIFORNIA EASTERN,CALIFORNIA,NINTH CIRCUIT,2266,1864,10,1,391,61,47,5,1,8,2205,1817,5,383
2013-07-31,CALIFORNIA NORTHERN,CALIFORNIA,NINTH CIRCUIT,1694,983,18,2,691,66,35,14,2,15,1628,948,4,676
2013-07-31,CALIFORNIA SOUTHERN,CALIFORNIA,NINTH CIRCUIT,1117,921,6,0,190,21,14,4,0,3,1096,907,2,187
2013-07-31,COLORADO,COLORADO,TENTH CIRCUIT,1933,1632,13,0,288,71,53,12,0,6,1862,1579,1,282
2013-07-31,CONNECTICUT,CONNECTICUT,SECOND CIRCUIT,623,510,12,0,101,32,20,10,0,2,591,490,2,99
2013-07-31,DELAWARE,DELAWARE,THIRD CIRCUIT,253,160,23,0,66,31,4,23,0,0,222,156,0,66
2013-07-31,DISTRICT OF COLUMBIA,DISTRICT OF COLUMBIA,DC CIRCUIT,64,55,2,0,7,4,2,2,0,0,60,53,0,7
2013-07-31,FLORIDA MIDDLE,FLORIDA,ELEVENTH CIRCUIT,3636,2530,44,0,1062,138,89,39,0,10,3498,2441,5,1052
2013-07-31,FLORIDA NORTHERN,FLORIDA,ELEVENTH CIRCUIT,296,248,5,0,43,24,20,3,0,1,272,228,2,42
2013-07-31,FLORIDA SOUTHERN,FLORIDA,ELEVENTH CIRCUIT,2779,1827,22,2,927,79,53,17,2,6,2700,1774,5,921
2013-07-31,GEORGIA MIDDLE,GEORGIA,ELEVENTH CIRCUIT,861,274,2,0,585,29,23,2,0,4,832,251,0,581
2013-07-31,GEORGIA NORTHERN,GEORGIA,ELEVENTH CIRCUIT,3082,1773,22,2,1285,91,63,21,2,5,2991,1710,1,1280
2013-07-31,GEORGIA SOUTHERN,GEORGIA,ELEVENTH CIRCUIT,739,155,7,0,577,13,6,7,0,0,726,149,0,577
2013-07-31,GUAM,GUAM,NINTH CIRCUIT,15,10,0,0,5,3,2,0,0,1,12,8,0,4
2013-07-31,HAWAII,HAWAII,NINTH CIRCUIT,180,123,4,0,53,15,11,4,0,0,165,112,0,53
2013-07-31,IDAHO,IDAHO,NINTH CIRCUIT,433,398,1,0,34,15,13,1,0,1,418,385,0,33
2013-07-31,ILLINOIS CENTRAL,ILLINOIS,SEVENTH CIRCUIT,603,452,3,0,148,8,4,3,0,1,595,448,0,147
2013-07-31,ILLINOIS NORTHERN,ILLINOIS,SEVENTH CIRCUIT,4440,2809,23,0,1608,102,74,22,0,6,4338,2735,1,1602
2013-07-31,ILLINOIS SOUTHERN,ILLINOIS,SEVENTH CIRCUIT,368,218,0,0,150,1,1,0,0,0,367,217,0,150
2013-07-31,INDIANA NORTHERN,INDIANA,SEVENTH CIRCUIT,1173,865,3,0,305,18,8,3,0,7,1155,857,0,298
2013-07-31,INDIANA SOUTHERN,INDIANA,SEVENTH CIRCUIT,1817,1253,7,0,557,45,35,7,0,3,1772,1218,0,554
2013-07-31,IOWA NORTHERN,IOWA,EIGHTH CIRCUIT,193,182,0,0,11,4,4,0,0,0,189,178,0,11
2013-07-31,IOWA SOUTHERN,IOWA,EIGHTH CIRCUIT,332,302,1,0,29,11,9,1,0,1,321,293,0,28
2013-07-31,KANSAS,KANSAS,TENTH CIRCUIT,833,512,7,1,313,17,5,7,1,4,816,507,0,309
2013-07-31,KENTUCKY EASTERN,KENTUCKY,SIXTH CIRCUIT,814,615,2,1,196,20,16,1,1,2,794,599,1,194
2013-07-31,KENTUCKY WESTERN,KENTUCKY,SIXTH CIRCUIT,773,544,1,3,223,17,7,1,3,4,756,537,0,219
2013-07-31,LOUISIANA EASTERN,LOUISIANA,FIFTH CIRCUIT,287,143,3,0,141,13,9,3,0,1,274,134,0,140
2013-07-31,LOUISIANA MIDDLE,LOUISIANA,FIFTH CIRCUIT,144,76,0,0,68,2,2,0,0,0,142,74,0,68
2013-07-31,LOUISIANA WESTERN,LOUISIANA,FIFTH CIRCUIT,1028,225,1,0,802,7,5,1,0,1,1021,220,0,801
2013-07-31,MAINE,MAINE,FIRST CIRCUIT,242,216,0,1,25,13,11,0,1,1,229,205,0,24
2013-07-31,MARYLAND,MARYLAND,FOURTH CIRCUIT,2121,1546,17,2,556,54,35,13,2,4,2067,1511,4,552
2013-07-31,MASSACHUSETTS,MASSACHUSETTS,FIRST CIRCUIT,1027,818,5,5,199,33,23,1,5,4,994,795,4,195
2013-07-31,MICHIGAN EASTERN,MICHIGAN,SIXTH CIRCUIT,2481,2018,14,1,447,50,30,12,1,6,2431,1988,2,441
2013-07-31,MICHIGAN WESTERN,MICHIGAN,SIXTH CIRCUIT,839,702,8,1,128,25,17,7,1,0,814,685,1,128
2013-07-31,MINNESOTA,MINNESOTA,EIGHTH CIRCUIT,1251,1044,0,0,207,34,29,0,0,5,1217,1015,0,202
2013-07-31,MISSISSIPPI NORTHERN,MISSISSIPPI,FIFTH CIRCUIT,553,196,1,0,356,15,10,1,0,4,538,186,0,352
2013-07-31,MISSISSIPPI SOUTHERN,MISSISSIPPI,FIFTH CIRCUIT,559,308,1,0,250,9,8,1,0,0,550,300,0,250
2013-07-31,MISSOURI EASTERN,MISSOURI,EIGHTH CIRCUIT,1124,814,1,0,309,14,12,1,0,1,1110,802,0,308
2013-07-31,MISSOURI WESTERN,MISSOURI,EIGHTH CIRCUIT,938,707,2,0,229,24,18,2,0,4,914,689,0,225
2013-07-31,MONTANA,MONTANA,NINTH CIRCUIT,142,120,2,0,20,4,1,2,0,1,138,119,0,19
2013-07-31,NEBRASKA,NEBRASKA,EIGHTH CIRCUIT,427,297,2,2,126,10,5,2,2,1,417,292,0,125
2013-07-31,NEVADA,NEVADA,NINTH CIRCUIT,1112,905,18,0,189,37,25,12,0,0,1075,880,6,189
2013-07-31,NEW HAMPSHIRE,NEW HAMPSHIRE,FIRST CIRCUIT,270,209,2,0,59,17,12,2,0,3,253,197,0,56
2013-07-31,NEW JERSEY,NEW JERSEY,THIRD CIRCUIT,2502,1875,25,0,602,73,45,21,0,7,2429,1830,4,595
2013-07-31,NEW MEXICO,NEW MEXICO,TENTH CIRCUIT,346,315,1,0,30,9,9,0,0,0,337,306,1,30
2013-07-31,NEW YORK EASTERN,NEW YORK,SECOND CIRCUIT,1208,1066,22,0,120,44,23,19,0,2,1164,1043,3,118
2013-07-31,NEW YORK NORTHERN,NEW YORK,SECOND CIRCUIT,632,496,2,0,134,12,7,2,0,3,620,489,0,131
2013-07-31,NEW YORK SOUTHERN,NEW YORK,SECOND CIRCUIT,813,617,82,0,112,108,26,78,0,2,705,591,4,110
2013-07-31,NEW YORK WESTERN,NEW YORK,SECOND CIRCUIT,476,353,3,2,118,22,14,3,2,3,454,339,0,115
2013-07-31,NORTH CAROLINA EASTERN,NORTH CAROLINA,FOURTH CIRCUIT,708,246,10,0,452,30,16,7,0,7,678,230,3,445
2013-07-31,NORTH CAROLINA MIDDLE,NORTH CAROLINA,FOURTH CIRCUIT,407,195,1,0,211,10,7,1,0,2,397,188,0,209
2013-07-31,NORTH CAROLINA WESTERN,NORTH CAROLINA,FOURTH CIRCUIT,489,279,4,1,205,14,6,3,1,4,475,273,1,201
2013-07-31,NORTH DAKOTA,NORTH DAKOTA,EIGHTH CIRCUIT,73,66,0,0,7,2,2,0,0,0,71,64,0,7
2013-07-31,NORTHERN MARIANAS,NORTHERN MARIANA ISLANDS,NINTH CIRCUIT,0,0,0,0,0,0,0,0,0,0,0,0,0,0
2013-07-31,OHIO NORTHERN,OHIO,SIXTH CIRCUIT,2054,1710,3,0,341,24,17,3,0,4,2030,1693,0,337
2013-07-31,OHIO SOUTHERN,OHIO,SIXTH CIRCUIT,1828,1301,2,0,525,33,26,2,0,5,1795,1275,0,520
2013-07-31,OKLAHOMA EASTERN,OKLAHOMA,TENTH CIRCUIT,139,127,0,0,12,2,2,0,0,0,137,125,0,12
2013-07-31,OKLAHOMA NORTHERN,OKLAHOMA,TENTH CIRCUIT,276,243,1,0,32,8,6,1,0,1,268,237,0,31
2013-07-31,OKLAHOMA WESTERN,OKLAHOMA,TENTH CIRCUIT,497,389,5,1,102,15,8,5,1,1,482,381,0,101
2013-07-31,OREGON,OREGON,NINTH CIRCUIT,1153,936,2,0,215,27,21,2,0,4,1126,915,0,211
2013-07-31,PENNSYLVANIA EASTERN,PENNSYLVANIA,THIRD CIRCUIT,1312,641,20,0,651,49,24,19,0,6,1263,617,1,645
2013-07-31,PENNSYLVANIA MIDDLE,PENNSYLVANIA,THIRD CIRCUIT,578,396,3,0,179,16,11,3,0,2,562,385,0,177
2013-07-31,PENNSYLVANIA WESTERN,PENNSYLVANIA,THIRD CIRCUIT,800,508,8,1,283,37,26,7,1,3,763,482,1,280
2013-07-31,PUERTO RICO,PUERTO RICO,FIRST CIRCUIT,839,295,16,3,525,26,9,13,3,1,813,286,3,524
2013-07-31,RHODE ISLAND,RHODE ISLAND,FIRST CIRCUIT,308,255,0,0,53,10,7,0,0,3,298,248,0,50
2013-07-31,SOUTH CAROLINA,SOUTH CAROLINA,FOURTH CIRCUIT,604,274,2,0,328,20,18,2,0,0,584,256,0,328
2013-07-31,SOUTH DAKOTA,SOUTH DAKOTA,EIGHTH CIRCUIT,140,127,1,0,12,7,6,1,0,0,133,121,0,12
2013-07-31,TENNESSEE EASTERN,TENNESSEE,SIXTH CIRCUIT,1140,582,4,0,554,15,13,2,0,0,1125,569,2,554
2013-07-31,TENNESSEE MIDDLE,TENNESSEE,SIXTH CIRCUIT,990,519,15,2,454,19,7,10,2,0,971,512,5,454
2013-07-31,TENNESSEE WESTERN,TENNESSEE,SIXTH CIRCUIT,1582,394,5,0,1183,12,6,4,0,2,1570,388,1,1181
2013-07-31,TEXAS EASTERN,TEXAS,FIFTH CIRCUIT,489,231,6,0,252,39,32,5,0,2,450,199,1,250
2013-07-31,TEXAS NORTHERN,TEXAS,FIFTH CIRCUIT,1204,534,13,2,655,68,46,12,2,8,1136,488,1,647
2013-07-31,TEXAS SOUTHERN,TEXAS,FIFTH CIRCUIT,880,368,15,0,497,55,32,14,0,9,825,336,1,488
2013-07-31,TEXAS WESTERN,TEXAS,FIFTH CIRCUIT,777,423,4,0,350,43,32,4,0,7,734,391,0,343
2013-07-31,UTAH,UTAH,TENTH CIRCUIT,1316,898,6,0,412,34,28,5,0,1,1282,870,1,411
2013-07-31,VERMONT,VERMONT,SECOND CIRCUIT,59,45,0,0,14,1,1,0,0,0,58,44,0,14
2013-07-31,VIRGIN ISLANDS,VIRGIN ISLANDS,THIRD CIRCUIT,2,2,0,0,0,1,1,0,0,0,1,1,0,0
2013-07-31,VIRGINIA EASTERN,VIRGINIA,FOURTH CIRCUIT,1714,1054,9,0,651,30,23,6,0,1,1684,1031,3,650
2013-07-31,VIRGINIA WESTERN,VIRGINIA,FOURTH CIRCUIT,522,353,1,0,168,6,6,0,0,0,516,347,1,168
2013-07-31,WASHINGTON EASTERN,WASHINGTON,NINTH CIRCUIT,431,343,2,0,86,5,4,1,0,0,426,339,1,86
2013-07-31,WASHINGTON WESTERN,WASHINGTON,NINTH CIRCUIT,1633,1274,12,0,347,50,41,7,0,2,1583,1233,5,345
2013-07-31,WEST VIRGINIA NORTHERN,WEST VIRGINIA,FOURTH CIRCUIT,108,85,2,0,21,7,5,2,0,0,101,80,0,21
2013-07-31,WEST VIRGINIA SOUTHERN,WEST VIRGINIA,FOURTH CIRCUIT,157,142,0,0,15,3,2,0,0,1,154,140,0,14
2013-07-31,WISCONSIN EASTERN,WISCONSIN,SEVENTH CIRCUIT,1514,1106,2,0,406,28,23,1,0,4,1486,1083,1,402
2013-07-31,WISCONSIN WESTERN,WISCONSIN,SEVENTH CIRCUIT,541,450,1,1,89,12,10,1,1,0,529,440,0,89
2013-07-31,WYOMING,WYOMING,TENTH CIRCUIT,113,99,2,0,12,6,5,1,0,0,107,94,1,12
2013-08-31,ALABAMA MIDDLE,ALABAMA,ELEVENTH CIRCUIT,715,147,1,0,567,8,7,1,0,0,707,140,0,567
2013-08-31,ALABAMA NORTHERN,ALABAMA,ELEVENTH CIRCUIT,1344,592,5,0,747,24,16,4,0,4,1320,576,1,743
2013-08-31,ALABAMA SOUTHERN,ALABAMA,ELEVENTH CIRCUIT,398,134,2,0,262,7,3,2,0,2,391,131,0,260
2013-08-31,ALASKA,ALASKA,NINTH CIRCUIT,49,41,0,0,8,6,5,0,0,1,43,36,0,7
2013-08-31,ARIZONA,ARIZONA,NINTH CIRCUIT,2096,1788,27,0,277,77,49,18,0,6,2019,1739,9,271
2013-08-31,ARKANSAS EASTERN,ARKANSAS,EIGHTH CIRCUIT,622,249,3,0,370,6,3,3,0,0,616,246,0,370
2013-08-31,ARKANSAS WESTERN,ARKANSAS,EIGHTH CIRCUIT,346,169,4,2,171,14,8,2,2,2,332,161,2,169
2013-08-31,CALIFORNIA CENTRAL,CALIFORNIA,NINTH CIRCUIT,6235,5075,92,0,1068,257,169,79,0,9,5978,4906,13,1059
2013-08-31,CALIFORNIA EASTERN,CALIFORNIA,NINTH CIRCUIT,2315,1885,8,3,419,62,50,4,3,5,2253,1835,4,414
2013-08-31,CALIFORNIA NORTHERN,CALIFORNIA,NINTH CIRCUIT,1539,970,15,0,554,62,45,10,0,7,1477,925,5,547
2013-08-31,CALIFORNIA SOUTHERN,CALIFORNIA,NINTH CIRCUIT,1025,832,3,0,189,44,32,2,0,9,981,800,1,180
2013-08-31,COLORADO,COLORADO,TENTH CIRCUIT,2816,2249,17,0,550,87,66,14,0,7,2729,2183,3,543
2013-08-31,CONNECTICUT,CONNECTICUT,SECOND CIRCUIT,639,547,3,0,89,24,18,3,0,3,615,529,0,86
2013-08-31,DELAWARE,DELAWARE,THIRD CIRCUIT,313,158,99,0,55,104,3,99,0,1,209,155,0,54
2013-08-31,DISTRICT OF COLUMBIA,DISTRICT OF COLUMBIA,DC CIRCUIT,83,63,11,0,9,13,3,9,0,1,70,60,2,8
2013-08-31,FLORIDA MIDDLE,FLORIDA,ELEVENTH CIRCUIT,3527,2497,37,2,991,133,90,32,2,9,3394,2407,5,982
2013-08-31,FLORIDA NORTHERN,FLORIDA,ELEVENTH CIRCUIT,298,243,5,0,50,15,12,2,0,1,283,231,3,49
2013-08-31,FLORIDA SOUTHERN,FLORIDA,ELEVENTH CIRCUIT,2806,1809,26,0,971,83,59,23,0,1,2723,1750,3,970
2013-08-31,GEORGIA MIDDLE,GEORGIA,ELEVENTH CIRCUIT,1032,317,6,1,708,26,17,5,1,3,1006,300,1,705
2013-08-31,GEORGIA NORTHERN,GEORGIA,ELEVENTH CIRCUIT,3830,2023,27,0,1780,78,43,24,0,11,3752,1980,3,1769
2013-08-31,GEORGIA SOUTHERN,GEORGIA,ELEVENTH CIRCUIT,865,180,6,0,679,19,13,6,0,0,846,167,0,679
2013-08-31,GUAM,GUAM,NINTH CIRCUIT,3,3,0,0,0,1,1,0,0,0,2,2,0,0
2013-08-31,HAWAII,HAWAII,NINTH CIRCUIT,171,138,1,0,32,11,9,1,0,1,160,129,0,31
2013-08-31,IDAHO,IDAHO,NINTH CIRCUIT,486,444,4,0,38,17,13,3,0,1,469,431,1,37
2013-08-31,ILLINOIS CENTRAL,ILLINOIS,SEVENTH CIRCUIT,505,397,1,0,107,8,7,1,0,0,497,390,0,107
2013-08-31,ILLINOIS NORTHERN,ILLINOIS,SEVENTH CIRCUIT,4662,2973,25,0,1664,99,70,22,0,7,4563,2903,3,1657
2013-08-31,ILLINOIS SOUTHERN,ILLINOIS,SEVENTH CIRCUIT,418,285,0,0,133,6,5,0,0,1,412,280,0,132
2013-08-31,INDIANA NORTHERN,INDIANA,SEVENTH CIRCUIT,1128,848,2,4,274,14,7,2,4,1,1114,841,0,273
2013-08-31,INDIANA SOUTHERN,INDIANA,SEVENTH CIRCUIT,1731,1175,5,0,551,33,27,5,0,1,1698,1148,0,550
2013-08-31,IOWA NORTHERN,IOWA,EIGHTH CIRCUIT,194,182,0,0,12,7,7,0,0,0,187,175,0,12
2013-08-31,IOWA SOUTHERN,IOWA,EIGHTH CIRCUIT,302,260,0,0,42,7,6,0,0,1,295,254,0,41
2013-08-31,KANSAS,KANSAS,TENTH CIRCUIT,771,470,4,0,297,9,3,4,0,2,762,467,0,295
2013-08-31,KENTUCKY EASTERN,KENTUCKY,SIXTH CIRCUIT,766,531,2,1,232,15,11,2,1,1,751,520,0,231
2013-08-31,KENTUCKY WESTERN,KENTUCKY,SIXTH CIRCUIT,802,563,4,0,235,23,16,4,0,3,779,547,0,232
2013-08-31,LOUISIANA EASTERN,LOUISIANA,FIFTH CIRCUIT,308,151,6,0,151,16,10,6,0,0,292,141,0,151
2013-08-31,LOUISIANA MIDDLE,LOUISIANA,FIFTH CIRCUIT,170,90,1,0,79,5,4,1,0,0,165,86,0,79
2013-08-31,LOUISIANA WESTERN,LOUISIANA,FIFTH CIRCUIT,942,192,5,0,745,14,8,4,0,2,928,184,1,743
2013-08-31,MAINE,MAINE,FIRST CIRCUIT,194,156,3,0,35,12,9,3,0,0,182,147,0,35
2013-08-31,MARYLAND,MARYLAND,FOURTH CIRCUIT,1907,1359,12,0,536,40,33,6,0,1,1867,1326,6,535
2013-08-31,MASSACHUSETTS,MASSACHUSETTS,FIRST CIRCUIT,1060,803,11,3,243,41,25,6,3,7,1019,778,5,236
2013-08-31,MICHIGAN EASTERN,MICHIGAN,SIXTH CIRCUIT,2557,2025,4,0,528,43,32,4,0,7,2514,1993,0,521
2013-08-31,MICHIGAN WESTERN,MICHIGAN,SIXTH CIRCUIT,914,758,5,1,150,35,28,4,1,2,879,730,1,148
2013-08-31,MINNESOTA,MINNESOTA,EIGHTH CIRCUIT,1163,963,5,3,192,38,25,4,3,6,1125,938,1,186
2013-08-31,MISSISSIPPI NORTHERN,MISSISSIPPI,FIFTH CIRCUIT,498,191,1,0,306,8,6,1,0,1,490,185,0,305
2013-08-31,MISSISSIPPI SOUTHERN,MISSISSIPPI,FIFTH CIRCUIT,584,320,1,0,263,15,14,1,0,0,569,306,0,263
2013-08-31,MISSOURI EASTERN,MISSOURI,EIGHTH CIRCUIT,1250,835,3,0,412,18,14,3,0,1,1232,821,0,411
2013-08-31,MISSOURI WESTERN,MISSOURI,EIGHTH CIRCUIT,858,615,3,1,239,18,13,2,1,2,840,602,1,237
2013-08-31,MONTANA,MONTANA,NINTH CIRCUIT,134,112,1,0,21,5,4,1,0,0,129,108,0,21
2013-08-31,NEBRASKA,NEBRASKA,EIGHTH CIRCUIT,426,283,3,0,139,17,11,3,0,2,409,272,0,137
2013-08-31,NEVADA,NEVADA,NINTH CIRCUIT,1147,929,21,0,197,37,21,13,0,3,1110,908,8,194
2013-08-31,NEW HAMPSHIRE,NEW HAMPSHIRE,FIRST CIRCUIT,254,199,2,0,53,13,6,1,0,6,241,193,1,47
2013-08-31,NEW JERSEY,NEW JERSEY,THIRD CIRCUIT,2465,1851,33,0,581,63,30,30,0,3,2402,1821,3,578
2013-08-31,NEW MEXICO,NEW MEXICO,TENTH CIRCUIT,324,301,2,0,21,9,8,1,0,0,315,293,1,21
2013-08-31,NEW YORK EASTERN,NEW YORK,SECOND CIRCUIT,1161,1026,14,0,121,51,34,14,0,3,1110,992,0,118
2013-08-31,NEW YORK NORTHERN,NEW YORK,SECOND CIRCUIT,646,522,3,1,120,14,9,2,1,2,632,513,1,118
2013-08-31,NEW YORK SOUTHERN,NEW YORK,SECOND CIRCUIT,778,640,7,1,130,30,21,6,1,2,748,619,1,128
2013-08-31,NEW YORK WESTERN,NEW YORK,SECOND CIRCUIT,446,311,3,0,132,23,16,3,0,4,423,295,0,128
2013-08-31,NORTH CAROLINA EASTERN,NORTH CAROLINA,FOURTH CIRCUIT,745,217,10,0,518,20,13,7,0,0,725,204,3,518
2013-08-31,NORTH CAROLINA MIDDLE,NORTH CAROLINA,FOURTH CIRCUIT,463,202,2,2,257,27,20,2,2,3,436,182,0,254
2013-08-31,NORTH CAROLINA WESTERN,NORTH CAROLINA,FOURTH CIRCUIT,471,279,5,0,187,24,17,5,0,2,447,262,0,185
2013-08-31,NORTH DAKOTA,NORTH DAKOTA,EIGHTH CIRCUIT,69,57,0,0,12,3,3,0,0,0,66,54,0,12
2013-08-31,NORTHERN MARIANAS,NORTHERN MARIANA ISLANDS,NINTH CIRCUIT,0,0,0,0,0,0,0,0,0,0,0,0,0,0
2013-08-31,OHIO NORTHERN,OHIO,SIXTH CIRCUIT,2087,1705,1,0,381,32,29,1,0,2,2055,1676,0,379
2013-08-31,OHIO SOUTHERN,OHIO,SIXTH CIRCUIT,1869,1300,5,0,564,32,26,4,0,2,1837,1274,1,562
2013-08-31,OKLAHOMA EASTERN,OKLAHOMA,TENTH CIRCUIT,145,132,0,0,13,2,2,0,0,0,143,130,0,13
2013-08-31,OKLAHOMA NORTHERN,OKLAHOMA,TENTH CIRCUIT,264,220,0,0,44,5,5,0,0,0,259,215,0,44
2013-08-31,OKLAHOMA WESTERN,OKLAHOMA,TENTH CIRCUIT,490,397,0,0,93,5,5,0,0,0,485,392,0,93
2013-08-31,OREGON,OREGON,NINTH CIRCUIT,1227,1002,1,1,223,40,33,1,1,5,1187,969,0,218
2013-08-31,PENNSYLVANIA EASTERN,PENNSYLVANIA,THIRD CIRCUIT,911,533,6,0,371,26,14,6,0,5,885,519,0,366
2013-08-31,PENNSYLVANIA MIDDLE,PENNSYLVANIA,THIRD CIRCUIT,548,382,3,0,163,16,10,3,0,3,532,372,0,160
2013-08-31,PENNSYLVANIA WESTERN,PENNSYLVANIA,THIRD CIRCUIT,796,472,9,0,315,27,15,8,0,4,769,457,1,311
2013-08-31,PUERTO RICO,PUERTO RICO,FIRST CIRCUIT,1001,374,16,2,609,37,16,10,2,9,964,358,6,600
2013-08-31,RHODE ISLAND,RHODE ISLAND,FIRST CIRCUIT,313,251,0,0,62,7,7,0,0,0,306,244,0,62
2013-08-31,SOUTH CAROLINA,SOUTH CAROLINA,FOURTH CIRCUIT,711,292,6,0,413,22,14,6,0,2,689,278,0,411
2013-08-31,SOUTH DAKOTA,SOUTH DAKOTA,EIGHTH CIRCUIT,112,103,0,0,9,7,7,0,0,0,105,96,0,9
2013-08-31,TENNESSEE EASTERN,TENNESSEE,SIXTH CIRCUIT,1119,574,7,0,538,24,16,6,0,2,1095,558,1,536
2013-08-31,TENNESSEE MIDDLE,TENNESSEE,SIXTH CIRCUIT,1050,579,2,0,469,14,11,1,0,2,1036,568,1,467
2013-08-31,TENNESSEE WESTERN,TENNESSEE,SIXTH CIRCUIT,1558,366,3,0,1189,11,6,3,0,2,1547,360,0,1187
2013-08-31,TEXAS EASTERN,TEXAS,FIFTH CIRCUIT,502,216,3,1,282,23,18,3,1,1,479,198,0,281
2013-08-31,TEXAS NORTHERN,TEXAS,FIFTH CIRCUIT,1372,540,43,0,789,90,37,42,0,11,1282,503,1,778
2013-08-31,TEXAS SOUTHERN,TEXAS,FIFTH CIRCUIT,1100,397,23,0,680,51,23,22,0,6,1049,374,1,674
2013-08-31,TEXAS WESTERN,TEXAS,FIFTH CIRCUIT,921,419,7,0,495,55,42,6,0,7,866,377,1,488
2013-08-31,UTAH,UTAH,TENTH CIRCUIT,1314,905,5,0,404,16,12,4,0,0,1298,893,1,404
2013-08-31,VERMONT,VERMONT,SECOND CIRCUIT,83,60,0,0,23,5,5,0,0,0,78,55,0,23
2013-08-31,VIRGIN ISLANDS,VIRGIN ISLANDS,THIRD CIRCUIT,1,1,0,0,0,0,0,0,0,0,1,1,0,0
2013-08-31,VIRGINIA EASTERN,VIRGINIA,FOURTH CIRCUIT,1615,951,22,0,642,55,30,21,0,4,1560,921,1,638
2013-08-31,VIRGINIA WESTERN,VIRGINIA,FOURTH CIRCUIT,505,315,3,2,185,17,12,3,2,0,488,303,0,185
2013-08-31,WASHINGTON EASTERN,WASHINGTON,NINTH CIRCUIT,432,330,1,0,101,14,10,1,0,3,418,320,0,98
2013-08-31,WASHINGTON WESTERN,WASHINGTON,NINTH CIRCUIT,1635,1243,18,0,374,50,38,11,0,1,1585,1205,7,373
2013-08-31,WEST VIRGINIA NORTHERN,WEST VIRGINIA,FOURTH CIRCUIT,137,117,3,0,17,3,1,2,0,0,134,116,1,17
2013-08-31,WEST VIRGINIA SOUTHERN,WEST VIRGINIA,FOURTH CIRCUIT,169,148,3,0,18,5,2,3,0,0,164,146,0,18
2013-08-31,WISCONSIN EASTERN,WISCONSIN,SEVENTH CIRCUIT,1358,955,2,0,401,21,18,2,0,1,1337,937,0,400
2013-08-31,WISCONSIN WESTERN,WISCONSIN,SEVENTH CIRCUIT,527,425,5,1,96,30,18,4,1,7,497,407,1,89
2013-08-31,WYOMING,WYOMING,TENTH CIRCUIT,111,97,0,0,14,10,10,0,0,0,101,87,0,14
2013-09-30,ALABAMA MIDDLE,ALABAMA,ELEVENTH CIRCUIT,742,136,5,1,600,11,3,5,1,2,731,133,0,598
2013-09-30,ALABAMA NORTHERN,ALABAMA,ELEVENTH CIRCUIT,1290,541,1,0,748,14,13,0,0,1,1276,528,1,747
2013-09-30,ALABAMA SOUTHERN,ALABAMA,ELEVENTH CIRCUIT,398,137,1,0,260,5,4,1,0,0,393,133,0,260
2013-09-30,ALASKA,ALASKA,NINTH CIRCUIT,43,39,1,0,3,8,7,1,0,0,35,32,0,3
2013-09-30,ARIZONA,ARIZONA,NINTH CIRCUIT,1901,1643,28,0,230,68,45,22,0,1,1833,1598,6,229
2013-09-30,ARKANSAS EASTERN,ARKANSAS,EIGHTH CIRCUIT,544,239,1,0,304,13,11,1,0,1,531,228,0,303
2013-09-30,ARKANSAS WESTERN,ARKANSAS,EIGHTH CIRCUIT,313,172,1,0,140,9,5,1,0,3,304,167,0,137
2013-09-30,CALIFORNIA CENTRAL,CALIFORNIA,NINTH CIRCUIT,5410,4276,78,0,1056,230,162,56,0,12,5180,4114,22,1044
2013-09-30,CALIFORNIA EASTERN,CALIFORNIA,NINTH CIRCUIT,2053,1675,6,1,371,54,41,3,1,9,1999,1634,3,362
2013-09-30,CALIFORNIA NORTHERN,CALIFORNIA,NINTH CIRCUIT,1429,859,11,0,559,55,42,4,0,9,1374,817,7,550
2013-09-30,CALIFORNIA SOUTHERN,CALIFORNIA,NINTH CIRCUIT,900,702,8,0,190,38,27,5,0,6,862,675,3,184
2013-09-30,COLORADO,COLORADO,TENTH CIRCUIT,1598,1377,7,0,214,57,47,6,0,4,1541,1330,1,210
2013-09-30,CONNECTICUT,CONNECTICUT,SECOND CIRCUIT,561,458,15,0,88,27,13,13,0,1,534,445,2,87
2013-09-30,DELAWARE,DELAWARE,THIRD CIRCUIT,343,139,132,0,67,145,8,132,0,0,198,131,0,67
2013-09-30,DISTRICT OF COLUMBIA,DISTRICT OF COLUMBIA,DC CIRCUIT,81,70,3,0,8,8,5,3,0,0,73,65,0,8
2013-09-30,FLORIDA MIDDLE,FLORIDA,ELEVENTH CIRCUIT,3331,2332,33,0,966,117,80,28,0,9,3214,2252,5,957
2013-09-30,FLORIDA NORTHERN,FLORIDA,ELEVENTH CIRCUIT,262,209,4,0,49,14,9,3,0,2,248,200,1,47
2013-09-30,FLORIDA SOUTHERN,FLORIDA,ELEVENTH CIRCUIT,2657,1668,14,0,975,53,38,9,0,6,2604,1630,5,969
2013-09-30,GEORGIA MIDDLE,GEORGIA,ELEVENTH CIRCUIT,864,244,1,0,619,17,13,1,0,3,847,231,0,616
2013-09-30,GEORGIA NORTHERN,GEORGIA,ELEVENTH CIRCUIT,3232,1713,10,0,1509,68,54,10,0,4,3164,1659,0,1505
2013-09-30,GEORGIA SOUTHERN,GEORGIA,ELEVENTH CIRCUIT,756,136,8,0,612,17,9,8,0,0,739,127,0,612
2013-09-30,GUAM,GUAM,NINTH CIRCUIT,21,15,1,0,5,1,0,1,0,0,20,15,0,5
2013-09-30,HAWAII,HAWAII,NINTH CIRCUIT,155,114,2,0,39,2,2,0,0,0,153,112,2,39
2013-09-30,IDAHO,IDAHO,NINTH CIRCUIT,434,392,0,0,42,11,11,0,0,0,423,381,0,42
2013-09-30,ILLINOIS CENTRAL,ILLINOIS,SEVENTH CIRCUIT,461,364,2,0,95,7,6,1,0,0,454,358,1,95
2013-09-30,ILLINOIS NORTHERN,ILLINOIS,SEVENTH CIRCUIT,4065,2508,21,0,1536,87,63,19,0,5,3978,2445,2,1531
2013-09-30,ILLINOIS SOUTHERN,ILLINOIS,SEVENTH CIRCUIT,372,232,0,0,140,4,3,0,0,1,368,229,0,139
2013-09-30,INDIANA NORTHERN,INDIANA,SEVENTH CIRCUIT,1048,796,2,0,250,16,14,2,0,0,1032,782,0,250
2013-09-30,INDIANA SOUTHERN,INDIANA,SEVENTH CIRCUIT,1635,1084,7,0,544,33,22,7,0,4,1602,1062,0,540
2013-09-30,IOWA NORTHERN,IOWA,EIGHTH CIRCUIT,183,172,0,0,11,5,5,0,0,0,178,167,0,11
2013-09-30,IOWA SOUTHERN,IOWA,EIGHTH CIRCUIT,245,218,0,0,27,9,9,0,0,0,236,209,0,27
2013-09-30,KANSAS,KANSAS,TENTH CIRCUIT,712,439,1,1,271,11,6,1,1,3,701,433,0,268
2013-09-30,KENTUCKY EASTERN,KENTUCKY,SIXTH CIRCUIT,656,476,2,0,178,9,5,2,0,2,647,471,0,176
2013-09-30,KENTUCKY WESTERN,KENTUCKY,SIXTH CIRCUIT,687,480,4,0,203,13,8,4,0,1,674,472,0,202
2013-09-30,LOUISIANA EASTERN,LOUISIANA,FIFTH CIRCUIT,296,148,3,0,145,15,11,3,0,1,281,137,0,144
2013-09-30,LOUISIANA MIDDLE,LOUISIANA,FIFTH CIRCUIT,132,72,1,0,59,3,2,1,0,0,129,70,0,59
2013-09-30,LOUISIANA WESTERN,LOUISIANA,FIFTH CIRCUIT,895,172,3,0,720,12,8,1,0,3,883,164,2,717
2013-09-30,MAINE,MAINE,FIRST CIRCUIT,212,173,3,0,36,8,3,3,0,2,204,170,0,34
2013-09-30,MARYLAND,MARYLAND,FOURTH CIRCUIT,1816,1339,26,0,451,56,30,23,0,3,1760,1309,3,448
2013-09-30,MASSACHUSETTS,MASSACHUSETTS,FIRST CIRCUIT,1029,778,6,2,243,40,28,3,2,7,989,750,3,236
2013-09-30,MICHIGAN EASTERN,MICHIGAN,SIXTH CIRCUIT,2275,1818,8,2,447,52,39,7,2,4,2223,1779,1,443
2013-09-30,MICHIGAN WESTERN,MICHIGAN,SIXTH CIRCUIT,799,670,4,1,124,28,20,4,1,3,771,650,0,121
2013-09-30,MINNESOTA,MINNESOTA,EIGHTH CIRCUIT,1132,918,11,1,202,38,26,9,1,2,1094,892,2,200
2013-09-30,MISSISSIPPI NORTHERN,MISSISSIPPI,FIFTH CIRCUIT,441,162,0,1,278,8,6,0,1,1,433,156,0,277
2013-09-30,MISSISSIPPI SOUTHERN,MISSISSIPPI,FIFTH CIRCUIT,1076,361,4,0,711,20,13,4,0,3,1056,348,0,708
2013-09-30,MISSOURI EASTERN,MISSOURI,EIGHTH CIRCUIT,1046,737,3,0,306,26,22,3,0,1,1020,715,0,305
2013-09-30,MISSOURI WESTERN,MISSOURI,EIGHTH CIRCUIT,786,532,1,1,252,16,13,1,1,1,770,519,0,251
2013-09-30,MONTANA,MONTANA,NINTH CIRCUIT,135,108,1,0,26,11,9,1,0,1,124,99,0,25
2013-09-30,NEBRASKA,NEBRASKA,EIGHTH CIRCUIT,369,249,2,0,118,9,7,2,0,0,360,242,0,118
2013-09-30,NEVADA,NEVADA,NINTH CIRCUIT,1100,894,17,0,189,48,34,13,0,1,1052,860,4,188
2013-09-30,NEW HAMPSHIRE,NEW HAMPSHIRE,FIRST CIRCUIT,222,171,1,0,50,15,10,1,0,4,207,161,0,46
2013-09-30,NEW JERSEY,NEW JERSEY,THIRD CIRCUIT,2260,1694,22,0,544,67,43,19,0,5,2193,1651,3,539
2013-09-30,NEW MEXICO,NEW MEXICO,TENTH CIRCUIT,350,314,3,0,33,16,11,3,0,2,334,303,0,31
2013-09-30,NEW YORK EASTERN,NEW YORK,SECOND CIRCUIT,1040,893,14,0,133,39,23,13,0,3,1001,870,1,130
2013-09-30,NEW YORK NORTHERN,NEW YORK,SECOND CIRCUIT,571,442,2,1,126,9,6,2,1,0,562,436,0,126
2013-09-30,NEW YORK SOUTHERN,NEW YORK,SECOND CIRCUIT,708,554,29,0,125,55,24,28,0,3,653,530,1,122
2013-09-30,NEW YORK WESTERN,NEW YORK,SECOND CIRCUIT,445,305,3,0,137,13,6,3,0,4,432,299,0,133
2013-09-30,NORTH CAROLINA EASTERN,NORTH CAROLINA,FOURTH CIRCUIT,649,187,20,0,442,39,17,20,0,2,610,170,0,440
2013-09-30,NORTH CAROLINA MIDDLE,NORTH CAROLINA,FOURTH CIRCUIT,388,166,5,0,217,23,16,5,0,2,365,150,0,215
2013-09-30,NORTH CAROLINA WESTERN,NORTH CAROLINA,FOURTH CIRCUIT,394,216,9,1,168,18,7,8,1,2,376,209,1,166
2013-09-30,NORTH DAKOTA,NORTH DAKOTA,EIGHTH CIRCUIT,59,54,1,0,4,4,3,1,0,0,55,51,0,4
2013-09-30,NORTHERN MARIANAS,NORTHERN MARIANA ISLANDS,NINTH CIRCUIT,0,0,0,0,0,0,0,0,0,0,0,0,0,0
2013-09-30,OHIO NORTHERN,OHIO,SIXTH CIRCUIT,1913,1584,4,0,325,28,22,4,0,2,1885,1562,0,323
2013-09-30,OHIO SOUTHERN,OHIO,SIXTH CIRCUIT,1698,1181,3,0,514,23,15,2,0,6,1675,1166,1,508
2013-09-30,OKLAHOMA EASTERN,OKLAHOMA,TENTH CIRCUIT,146,136,0,0,10,5,5,0,0,0,141,131,0,10
2013-09-30,OKLAHOMA NORTHERN,OKLAHOMA,TENTH CIRCUIT,252,228,1,0,23,6,5,1,0,0,246,223,0,23
2013-09-30,OKLAHOMA WESTERN,OKLAHOMA,TENTH CIRCUIT,467,369,0,1,97,14,11,0,1,2,453,358,0,95
2013-09-30,OREGON,OREGON,NINTH CIRCUIT,1081,872,4,3,202,27,15,4,3,5,1054,857,0,197
2013-09-30,PENNSYLVANIA EASTERN,PENNSYLVANIA,THIRD CIRCUIT,1130,570,11,0,549,37,24,10,0,3,1093,546,1,546
2013-09-30,PENNSYLVANIA MIDDLE,PENNSYLVANIA,THIRD CIRCUIT,573,365,11,0,197,25,7,10,0,8,548,358,1,189
2013-09-30,PENNSYLVANIA WESTERN,PENNSYLVANIA,THIRD CIRCUIT,647,403,15,0,229,34,17,11,0,6,613,386,4,223
2013-09-30,PUERTO RICO,PUERTO RICO,FIRST CIRCUIT,876,317,20,2,537,39,16,17,2,4,837,301,3,533
2013-09-30,RHODE ISLAND,RHODE ISLAND,FIRST CIRCUIT,251,216,1,0,34,10,9,1,0,0,241,207,0,34
2013-09-30,SOUTH CAROLINA,SOUTH CAROLINA,FOURTH CIRCUIT,605,234,3,0,368,18,15,2,0,1,587,219,1,367
2013-09-30,SOUTH DAKOTA,SOUTH DAKOTA,EIGHTH CIRCUIT,103,94,1,0,8,3,1,1,0,1,100,93,0,7
2013-09-30,TENNESSEE EASTERN,TENNESSEE,SIXTH CIRCUIT,1086,545,1,0,540,10,9,1,0,0,1076,536,0,540
2013-09-30,TENNESSEE MIDDLE,TENNESSEE,SIXTH CIRCUIT,893,481,8,0,404,17,10,6,0,1,876,471,2,403
2013-09-30,TENNESSEE WESTERN,TENNESSEE,SIXTH CIRCUIT,1487,347,3,0,1137,14,6,3,0,5,1473,341,0,1132
2013-09-30,TEXAS EASTERN,TEXAS,FIFTH CIRCUIT,466,191,6,0,269,25,17,6,0,2,441,174,0,267
2013-09-30,TEXAS NORTHERN,TEXAS,FIFTH CIRCUIT,1276,480,27,0,769,78,46,27,0,5,1198,434,0,764
2013-09-30,TEXAS SOUTHERN,TEXAS,FIFTH CIRCUIT,958,354,18,0,586,46,29,15,0,2,912,325,3,584
2013-09-30,TEXAS WESTERN,TEXAS,FIFTH CIRCUIT,823,375,7,0,441,47,33,7,0,7,776,342,0,434
2013-09-30,UTAH,UTAH,TENTH CIRCUIT,1130,775,7,1,347,30,24,5,1,0,1100,751,2,347
2013-09-30,VERMONT,VERMONT,SECOND CIRCUIT,79,61,0,0,18,0,0,0,0,0,79,61,0,18
2013-09-30,VIRGIN ISLANDS,VIRGIN ISLANDS,THIRD CIRCUIT,2,2,0,0,0,2,2,0,0,0,0,0,0,0
2013-09-30,VIRGINIA EASTERN,VIRGINIA,FOURTH CIRCUIT,1596,926,11,0,659,36,27,8,0,1,1560,899,3,658
2013-09-30,VIRGINIA WESTERN,VIRGINIA,FOURTH CIRCUIT,478,307,1,0,170,10,9,1,0,0,468,298,0,170
2013-09-30,WASHINGTON EASTERN,WASHINGTON,NINTH CIRCUIT,380,299,1,0,80,6,6,0,0,0,374,293,1,80
2013-09-30,WASHINGTON WESTERN,WASHINGTON,NINTH CIRCUIT,1347,1067,8,0,272,48,38,6,0,4,1299,1029,2,268
2013-09-30,WEST VIRGINIA NORTHERN,WEST VIRGINIA,FOURTH CIRCUIT,126,107,2,0,17,3,1,2,0,0,123,106,0,17
2013-09-30,WEST VIRGINIA SOUTHERN,WEST VIRGINIA,FOURTH CIRCUIT,170,144,1,0,25,4,3,1,0,0,166,141,0,25
2013-09-30,WISCONSIN EASTERN,WISCONSIN,SEVENTH CIRCUIT,1187,836,1,2,348,24,19,1,2,2,1163,817,0,346
2013-09-30,WISCONSIN WESTERN,WISCONSIN,SEVENTH CIRCUIT,461,377,0,2,82,13,10,0,2,1,448,367,0,81
2013-09-30,WYOMING,WYOMING,TENTH CIRCUIT,81,74,0,0,7,2,2,0,0,0,79,72,0,7
2013-10-31,ALABAMA MIDDLE,ALABAMA,ELEVENTH CIRCUIT,804,135,2,0,667,12,9,2,0,1,792,126,0,666
2013-10-31,ALABAMA NORTHERN,ALABAMA,ELEVENTH CIRCUIT,1299,573,3,0,723,35,30,3,0,2,1264,543,0,721
2013-10-31,ALABAMA SOUTHERN,ALABAMA,ELEVENTH CIRCUIT,446,109,1,0,336,4,2,0,0,2,442,107,1,334
2013-10-31,ALASKA,ALASKA,NINTH CIRCUIT,45,39,1,0,5,9,7,1,0,1,36,32,0,4
2013-10-31,ARIZONA,ARIZONA,NINTH CIRCUIT,2086,1775,24,0,287,75,49,21,0,5,2011,1726,3,282
2013-10-31,ARKANSAS EASTERN,ARKANSAS,EIGHTH CIRCUIT,645,301,2,0,342,19,13,2,0,4,626,288,0,338
2013-10-31,ARKANSAS WESTERN,ARKANSAS,EIGHTH CIRCUIT,377,195,5,0,177,14,9,4,0,1,363,186,1,176
2013-10-31,CALIFORNIA CENTRAL,CALIFORNIA,NINTH CIRCUIT,6167,4942,53,0,1172,241,189,39,0,13,5926,4753,14,1159
2013-10-31,CALIFORNIA EASTERN,CALIFORNIA,NINTH CIRCUIT,2251,1792,10,0,449,64,45,7,0,12,2187,1747,3,437
2013-10-31,CALIFORNIA NORTHERN,CALIFORNIA,NINTH CIRCUIT,1522,942,20,2,558,86,57,14,2,13,1436,885,6,545
2013-10-31,CALIFORNIA SOUTHERN,CALIFORNIA,NINTH CIRCUIT,1050,844,10,0,196,47,33,7,0,7,1003,811,3,189
2013-10-31,COLORADO,COLORADO,TENTH CIRCUIT,1771,1503,6,0,261,62,53,5,0,3,1709,1450,1,258
2013-10-31,CONNECTICUT,CONNECTICUT,SECOND CIRCUIT,667,577,5,0,85,17,12,5,0,0,650,565,0,85
2013-10-31,DELAWARE,DELAWARE,THIRD CIRCUIT,280,187,28,0,58,46,11,28,0,0,234,176,0,58
2013-10-31,DISTRICT OF COLUMBIA,DISTRICT OF COLUMBIA,DC CIRCUIT,73,65,1,0,7,4,3,1,0,0,69,62,0,7
2013-10-31,FLORIDA MIDDLE,FLORIDA,ELEVENTH CIRCUIT,3548,2582,36,3,927,149,107,26,3,13,3399,2475,10,914
2013-10-31,FLORIDA NORTHERN,FLORIDA,ELEVENTH CIRCUIT,304,251,3,0,50,14,10,3,0,1,290,241,0,49
2013-10-31,FLORIDA SOUTHERN,FLORIDA,ELEVENTH CIRCUIT,2931,1830,24,3,1073,88,62,19,3,3,2843,1768,5,1070
2013-10-31,GEORGIA MIDDLE,GEORGIA,ELEVENTH CIRCUIT,963,311,3,0,649,21,18,3,0,0,942,293,0,649
2013-10-31,GEORGIA NORTHERN,GEORGIA,ELEVENTH CIRCUIT,3180,1876,21,0,1283,91,65,21,0,5,3089,1811,0,1278
2013-10-31,GEORGIA SOUTHERN,GEORGIA,ELEVENTH CIRCUIT,809,160,3,0,646,10,6,3,0,1,799,154,0,645
2013-10-31,GUAM,GUAM,NINTH CIRCUIT,11,8,0,0,3,1,1,0,0,0,10,7,0,3
2013-10-31,HAWAII,HAWAII,NINTH CIRCUIT,169,126,2,1,40,9,7,0,1,1,160,119,2,39
2013-10-31,IDAHO,IDAHO,NINTH CIRCUIT,467,422,2,0,43,20,15,2,0,3,447,407,0,40
2013-10-31,ILLINOIS CENTRAL,ILLINOIS,SEVENTH CIRCUIT,559,435,1,1,122,7,5,1,1,0,552,430,0,122
2013-10-31,ILLINOIS NORTHERN,ILLINOIS,SEVENTH CIRCUIT,4666,2978,24,0,1664,133,100,24,0,9,4533,2878,0,1655
2013-10-31,ILLINOIS SOUTHERN,ILLINOIS,SEVENTH CIRCUIT,392,258,0,0,134,2,1,0,0,1,390,257,0,133
2013-10-31,INDIANA NORTHERN,INDIANA,SEVENTH CIRCUIT,1195,885,1,0,309,17,14,1,0,2,1178,871,0,307
2013-10-31,INDIANA SOUTHERN,INDIANA,SEVENTH CIRCUIT,1795,1229,3,0,563,20,16,3,0,1,1775,1213,0,562
2013-10-31,IOWA NORTHERN,IOWA,EIGHTH CIRCUIT,196,182,1,0,13,6,5,1,0,0,190,177,0,13
2013-10-31,IOWA SOUTHERN,IOWA,EIGHTH CIRCUIT,318,291,1,0,26,14,13,1,0,0,304,278,0,26
2013-10-31,KANSAS,KANSAS,TENTH CIRCUIT,749,455,1,3,290,19,14,1,3,1,730,441,0,289
2013-10-31,KENTUCKY EASTERN,KENTUCKY,SIXTH CIRCUIT,869,644,3,1,221,16,12,3,1,0,853,632,0,221
2013-10-31,KENTUCKY WESTERN,KENTUCKY,SIXTH CIRCUIT,866,637,2,1,226,13,9,2,1,1,853,628,0,225
2013-10-31,LOUISIANA EASTERN,LOUISIANA,FIFTH CIRCUIT,378,171,2,0,205,12,10,2,0,0,366,161,0,205
2013-10-31,LOUISIANA MIDDLE,LOUISIANA,FIFTH CIRCUIT,166,87,2,0,77,4,2,2,0,0,162,85,0,77
2013-10-31,LOUISIANA WESTERN,LOUISIANA,FIFTH CIRCUIT,1070,193,2,0,875,13,11,2,0,0,1057,182,0,875
2013-10-31,MAINE,MAINE,FIRST CIRCUIT,202,167,0,1,34,9,6,0,1,2,193,161,0,32
2013-10-31,MARYLAND,MARYLAND,FOURTH CIRCUIT,2006,1436,12,0,558,53,36,10,0,7,1953,1400,2,551
2013-10-31,MASSACHUSETTS,MASSACHUSETTS,FIRST CIRCUIT,1023,789,9,1,224,37,23,8,1,5,986,766,1,219
2013-10-31,MICHIGAN EASTERN,MICHIGAN,SIXTH CIRCUIT,2690,2180,21,2,487,69,39,19,2,9,2621,2141,2,478
2013-10-31,MICHIGAN WESTERN,MICHIGAN,SIXTH CIRCUIT,851,732,2,0,117,29,23,2,0,4,822,709,0,113
2013-10-31,MINNESOTA,MINNESOTA,EIGHTH CIRCUIT,1280,1067,7,0,206,50,40,7,0,3,1230,1027,0,203
2013-10-31,MISSISSIPPI NORTHERN,MISSISSIPPI,FIFTH CIRCUIT,561,216,4,1,340,12,6,4,1,1,549,210,0,339
2013-10-31,MISSISSIPPI SOUTHERN,MISSISSIPPI,FIFTH CIRCUIT,625,352,5,1,267,20,14,5,1,0,605,338,0,267
2013-10-31,MISSOURI EASTERN,MISSOURI,EIGHTH CIRCUIT,1277,866,6,0,405,21,15,5,0,1,1256,851,1,404
2013-10-31,MISSOURI WESTERN,MISSOURI,EIGHTH CIRCUIT,889,646,5,0,238,15,10,5,0,0,874,636,0,238
2013-10-31,MONTANA,MONTANA,NINTH CIRCUIT,138,122,4,0,12,15,10,4,0,1,123,112,0,11
2013-10-31,NEBRASKA,NEBRASKA,EIGHTH CIRCUIT,458,327,0,0,131,4,3,0,0,1,454,324,0,130
2013-10-31,NEVADA,NEVADA,NINTH CIRCUIT,1166,951,21,0,194,52,35,16,0,1,1114,916,5,193
2013-10-31,NEW HAMPSHIRE,NEW HAMPSHIRE,FIRST CIRCUIT,288,219,1,0,68,25,19,1,0,5,263,200,0,63
2013-10-31,NEW JERSEY,NEW JERSEY,THIRD CIRCUIT,2714,2038,34,0,642,83,50,30,0,3,2631,1988,4,639
2013-10-31,NEW MEXICO,NEW MEXICO,TENTH CIRCUIT,384,356,3,0,25,15,12,3,0,0,369,344,0,25
2013-10-31,NEW YORK EASTERN,NEW YORK,SECOND CIRCUIT,1266,1134,21,0,111,56,34,20,0,2,1210,1100,1,109
2013-10-31,NEW YORK NORTHERN,NEW YORK,SECOND CIRCUIT,694,536,4,1,153,14,7,4,1,2,680,529,0,151
2013-10-31,NEW YORK SOUTHERN,NEW YORK,SECOND CIRCUIT,796,637,26,0,129,58,25,25,0,4,738,612,1,125
2013-10-31,NEW YORK WESTERN,NEW YORK,SECOND CIRCUIT,530,319,14,0,197,28,12,13,0,3,502,307,1,194
2013-10-31,NORTH CAROLINA EASTERN,NORTH CAROLINA,FOURTH CIRCUIT,699,172,4,0,523,18,7,4,0,7,681,165,0,516
2013-10-31,NORTH CAROLINA MIDDLE,NORTH CAROLINA,FOURTH CIRCUIT,450,179,4,1,266,16,12,3,1,0,434,167,1,266
2013-10-31,NORTH CAROLINA WESTERN,NORTH CAROLINA,FOURTH CIRCUIT,503,282,0,0,221,14,13,0,0,1,489,269,0,220
2013-10-31,NORTH DAKOTA,NORTH DAKOTA,EIGHTH CIRCUIT,52,47,0,0,5,0,0,0,0,0,52,47,0,5
2013-10-31,NORTHERN MARIANAS,NORTHERN MARIANA ISLANDS,NINTH CIRCUIT,0,0,0,0,0,0,0,0,0,0,0,0,0,0
2013-10-31,OHIO NORTHERN,OHIO,SIXTH CIRCUIT,2226,1843,8,0,375,50,40,6,0,4,2176,1803,2,371
2013-10-31,OHIO SOUTHERN,OHIO,SIXTH CIRCUIT,1855,1318,8,0,529,36,28,7,0,1,1819,1290,1,528
2013-10-31,OKLAHOMA EASTERN,OKLAHOMA,TENTH CIRCUIT,135,118,0,0,17,3,3,0,0,0,132,115,0,17
2013-10-31,OKLAHOMA NORTHERN,OKLAHOMA,TENTH CIRCUIT,292,266,1,0,25,6,5,1,0,0,286,261,0,25
2013-10-31,OKLAHOMA WESTERN,OKLAHOMA,TENTH CIRCUIT,504,407,0,1,96,9,8,0,1,0,495,399,0,96
2013-10-31,OREGON,OREGON,NINTH CIRCUIT,1203,982,5,0,216,33,25,5,0,3,1170,957,0,213
2013-10-31,PENNSYLVANIA EASTERN,PENNSYLVANIA,THIRD CIRCUIT,999,595,11,0,393,31,17,11,0,3,968,578,0,390
2013-10-31,PENNSYLVANIA MIDDLE,PENNSYLVANIA,THIRD CIRCUIT,605,388,3,0,214,16,12,2,0,2,589,376,1,212
2013-10-31,PENNSYLVANIA WESTERN,PENNSYLVANIA,THIRD CIRCUIT,740,462,12,1,265,23,9,11,1,2,717,453,1,263
2013-10-31,PUERTO RICO,PUERTO RICO,FIRST CIRCUIT,1032,387,17,3,625,30,9,14,3,4,1002,378,3,621
2013-10-31,RHODE ISLAND,RHODE ISLAND,FIRST CIRCUIT,301,254,0,0,47,11,10,0,0,1,290,244,0,46
2013-10-31,SOUTH CAROLINA,SOUTH CAROLINA,FOURTH CIRCUIT,767,281,1,0,485,16,15,1,0,0,751,266,0,485
2013-10-31,SOUTH DAKOTA,SOUTH DAKOTA,EIGHTH CIRCUIT,107,93,0,0,14,2,2,0,0,0,105,91,0,14
2013-10-31,TENNESSEE EASTERN,TENNESSEE,SIXTH CIRCUIT,1229,653,2,0,574,11,8,2,0,1,1218,645,0,573
2013-10-31,TENNESSEE MIDDLE,TENNESSEE,SIXTH CIRCUIT,975,519,4,0,452,12,8,3,0,1,963,511,1,451
2013-10-31,TENNESSEE WESTERN,TENNESSEE,SIXTH CIRCUIT,1745,413,5,0,1327,8,3,4,0,1,1737,410,1,1326
2013-10-31,TEXAS EASTERN,TEXAS,FIFTH CIRCUIT,457,236,3,0,218,27,24,3,0,0,430,212,0,218
2013-10-31,TEXAS NORTHERN,TEXAS,FIFTH CIRCUIT,1123,511,31,1,580,88,47,31,1,9,1035,464,0,571
2013-10-31,TEXAS SOUTHERN,TEXAS,FIFTH CIRCUIT,809,355,13,1,440,49,35,13,1,0,760,320,0,440
2013-10-31,TEXAS WESTERN,TEXAS,FIFTH CIRCUIT,708,370,3,0,335,35,28,3,0,4,673,342,0,331
2013-10-31,UTAH,UTAH,TENTH CIRCUIT,1339,853,3,0,483,24,19,3,0,2,1315,834,0,481
2013-10-31,VERMONT,VERMONT,SECOND CIRCUIT,75,62,3,0,10,4,1,3,0,0,71,61,0,10
2013-10-31,VIRGIN ISLANDS,VIRGIN ISLANDS,THIRD CIRCUIT,2,1,0,0,1,0,0,0,0,0,2,1,0,1
2013-10-31,VIRGINIA EASTERN,VIRGINIA,FOURTH CIRCUIT,1766,1022,9,0,735,41,29,9,0,3,1725,993,0,732
2013-10-31,VIRGINIA WESTERN,VIRGINIA,FOURTH CIRCUIT,625,426,0,0,199,12,9,0,0,3,613,417,0,196
2013-10-31,WASHINGTON EASTERN,WASHINGTON,NINTH CIRCUIT,465,376,4,0,85,15,11,3,0,1,450,365,1,84
2013-10-31,WASHINGTON WESTERN,WASHINGTON,NINTH CIRCUIT,1679,1299,12,1,367,56,42,8,1,5,1623,1257,4,362
2013-10-31,WEST VIRGINIA NORTHERN,WEST VIRGINIA,FOURTH CIRCUIT,139,113,1,0,25,3,2,1,0,0,136,111,0,25
2013-10-31,WEST VIRGINIA SOUTHERN,WEST VIRGINIA,FOURTH CIRCUIT,182,158,2,1,21,4,2,1,1,0,178,156,1,21
2013-10-31,WISCONSIN EASTERN,WISCONSIN,SEVENTH CIRCUIT,1458,1021,2,0,435,30,24,2,0,4,1428,997,0,431
2013-10-31,WISCONSIN WESTERN,WISCONSIN,SEVENTH CIRCUIT,527,434,5,2,86,30,17,5,2,6,497,417,0,80
2013-10-31,WYOMING,WYOMING,TENTH CIRCUIT,112,98,1,0,13,3,2,1,0,0,109,96,0,13
2013-11-30,ALABAMA MIDDLE,ALABAMA,ELEVENTH CIRCUIT,594,119,0,0,475,9,8,0,0,1,585,111,0,474
2013-11-30,ALABAMA NORTHERN,ALABAMA,ELEVENTH CIRCUIT,1070,526,6,0,538,22,17,5,0,0,1048,509,1,538
2013-11-30,ALABAMA SOUTHERN,ALABAMA,ELEVENTH CIRCUIT,332,88,3,0,241,8,4,2,0,2,324,84,1,239
2013-11-30,ALASKA,ALASKA,NINTH CIRCUIT,36,30,0,0,6,2,2,0,0,0,34,28,0,6
2013-11-30,ARIZONA,ARIZONA,NINTH CIRCUIT,1616,1404,14,0,198,59,47,11,0,1,1557,1357,3,197
2013-11-30,ARKANSAS EASTERN,ARKANSAS,EIGHTH CIRCUIT,553,217,1,0,335,12,8,1,0,3,541,209,0,332
2013-11-30,ARKANSAS WESTERN,ARKANSAS,EIGHTH CIRCUIT,348,182,1,0,165,12,11,1,0,0,336,171,0,165
2013-11-30,CALIFORNIA CENTRAL,CALIFORNIA,NINTH CIRCUIT,4829,3908,51,0,870,186,139,36,0,11,4643,3769,15,859
2013-11-30,CALIFORNIA EASTERN,CALIFORNIA,NINTH CIRCUIT,1895,1571,9,0,315,53,36,8,0,9,1842,1535,1,306
2013-11-30,CALIFORNIA NORTHERN,CALIFORNIA,NINTH CIRCUIT,1243,806,11,1,425,54,41,6,1,6,1189,765,5,419
2013-11-30,CALIFORNIA SOUTHERN,CALIFORNIA,NINTH CIRCUIT,878,707,5,0,166,34,25,5,0,4,844,682,0,162
2013-11-30,COLORADO,COLORADO,TENTH CIRCUIT,1574,1323,8,1,242,50,39,7,1,3,1524,1284,1,239
2013-11-30,CONNECTICUT,CONNECTICUT,SECOND CIRCUIT,483,394,5,1,83,18,14,3,1,0,465,380,2,83
2013-11-30,DELAWARE,DELAWARE,THIRD CIRCUIT,262,128,72,0,62,81,8,72,0,1,181,120,0,61
2013-11-30,DISTRICT OF COLUMBIA,DISTRICT OF COLUMBIA,DC CIRCUIT,49,38,5,0,6,8,3,5,0,0,41,35,0,6
2013-11-30,FLORIDA MIDDLE,FLORIDA,ELEVENTH CIRCUIT,2830,1990,18,2,819,89,69,13,2,5,2741,1921,5,814
2013-11-30,FLORIDA NORTHERN,FLORIDA,ELEVENTH CIRCUIT,205,167,1,0,37,9,8,1,0,0,196,159,0,37
2013-11-30,FLORIDA SOUTHERN,FLORIDA,ELEVENTH CIRCUIT,2536,1502,30,1,1003,74,48,19,1,6,2462,1454,11,997
2013-11-30,GEORGIA MIDDLE,GEORGIA,ELEVENTH CIRCUIT,815,235,7,0,573,19,11,7,0,1,796,224,0,572
2013-11-30,GEORGIA NORTHERN,GEORGIA,ELEVENTH CIRCUIT,3040,1619,12,0,1409,64,48,11,0,5,2976,1571,1,1404
2013-11-30,GEORGIA SOUTHERN,GEORGIA,ELEVENTH CIRCUIT,740,166,3,0,571,10,7,2,0,1,730,159,1,570
2013-11-30,GUAM,GUAM,NINTH CIRCUIT,11,9,0,0,2,0,0,0,0,0,11,9,0,2
2013-11-30,HAWAII,HAWAII,NINTH CIRCUIT,152,103,1,0,48,10,7,1,0,2,142,96,0,46
2013-11-30,IDAHO,IDAHO,NINTH CIRCUIT,467,437,2,0,28,17,15,2,0,0,450,422,0,28
2013-11-30,ILLINOIS CENTRAL,ILLINOIS,SEVENTH CIRCUIT,431,341,0,0,90,8,8,0,0,0,423,333,0,90
2013-11-30,ILLINOIS NORTHERN,ILLINOIS,SEVENTH CIRCUIT,3842,2477,21,1,1343,119,86,20,1,12,3723,2391,1,1331
2013-11-30,ILLINOIS SOUTHERN,ILLINOIS,SEVENTH CIRCUIT,326,199,0,0,127,8,6,0,0,2,318,193,0,125
2013-11-30,INDIANA NORTHERN,INDIANA,SEVENTH CIRCUIT,896,666,2,0,228,18,16,2,0,0,878,650,0,228
2013-11-30,INDIANA SOUTHERN,INDIANA,SEVENTH CIRCUIT,1430,914,11,0,505,30,16,11,0,3,1400,898,0,502
2013-11-30,IOWA NORTHERN,IOWA,EIGHTH CIRCUIT,176,168,1,0,7,9,8,1,0,0,167,160,0,7
2013-11-30,IOWA SOUTHERN,IOWA,EIGHTH CIRCUIT,220,196,0,0,24,8,7,0,0,1,212,189,0,23
2013-11-30,KANSAS,KANSAS,TENTH CIRCUIT,579,323,0,2,254,12,8,0,2,2,567,315,0,252
2013-11-30,KENTUCKY EASTERN,KENTUCKY,SIXTH CIRCUIT,654,453,3,0,198,20,16,3,0,1,634,437,0,197
2013-11-30,KENTUCKY WESTERN,KENTUCKY,SIXTH CIRCUIT,711,490,0,0,221,8,7,0,0,1,703,483,0,220
2013-11-30,LOUISIANA EASTERN,LOUISIANA,FIFTH CIRCUIT,273,141,0,0,132,9,8,0,0,1,264,133,0,131
2013-11-30,LOUISIANA MIDDLE,LOUISIANA,FIFTH CIRCUIT,121,65,2,0,54,8,6,2,0,0,113,59,0,54
2013-11-30,LOUISIANA WESTERN,LOUISIANA,FIFTH CIRCUIT,744,160,4,0,580,9,5,3,0,1,735,155,1,579
2013-11-30,MAINE,MAINE,FIRST CIRCUIT,164,141,0,0,23,7,5,0,0,2,157,136,0,21
2013-11-30,MARYLAND,MARYLAND,FOURTH CIRCUIT,1704,1240,12,0,452,37,28,7,0,2,1667,1212,5,450
2013-11-30,MASSACHUSETTS,MASSACHUSETTS,FIRST CIRCUIT,947,749,17,1,180,45,26,16,1,2,902,723,1,178
2013-11-30,MICHIGAN EASTERN,MICHIGAN,SIXTH CIRCUIT,2192,1793,20,1,378,51,27,19,1,4,2141,1766,1,374
2013-11-30,MICHIGAN WESTERN,MICHIGAN,SIXTH CIRCUIT,685,572,4,1,108,20,14,4,1,1,665,558,0,107
2013-11-30,MINNESOTA,MINNESOTA,EIGHTH CIRCUIT,1033,853,5,0,175,39,33,5,0,1,994,820,0,174
2013-11-30,MISSISSIPPI NORTHERN,MISSISSIPPI,FIFTH CIRCUIT,411,149,4,0,258,8,3,4,0,1,403,146,0,257
2013-11-30,MISSISSIPPI SOUTHERN,MISSISSIPPI,FIFTH CIRCUIT,566,274,2,0,290,9,7,2,0,0,557,267,0,290
2013-11-30,MISSOURI EASTERN,MISSOURI,EIGHTH CIRCUIT,954,672,3,0,279,9,7,2,0,0,945,665,1,279
2013-11-30,MISSOURI WESTERN,MISSOURI,EIGHTH CIRCUIT,734,502,5,0,227,15,10,5,0,0,719,492,0,227
2013-11-30,MONTANA,MONTANA,NINTH CIRCUIT,116,102,0,0,14,6,6,0,0,0,110,96,0,14
2013-11-30,NEBRASKA,NEBRASKA,EIGHTH CIRCUIT,374,246,1,1,126,11,8,1,1,1,363,238,0,125
2013-11-30,NEVADA,NEVADA,NINTH CIRCUIT,949,775,19,0,155,34,20,14,0,0,915,755,5,155
2013-11-30,NEW HAMPSHIRE,NEW HAMPSHIRE,FIRST CIRCUIT,240,182,1,0,57,15,11,1,0,3,225,171,0,54
2013-11-30,NEW JERSEY,NEW JERSEY,THIRD CIRCUIT,2238,1666,17,1,554,57,37,15,1,4,2181,1629,2,550
2013-11-30,NEW MEXICO,NEW MEXICO,TENTH CIRCUIT,283,254,4,0,25,9,4,4,0,1,274,250,0,24
2013-11-30,NEW YORK EASTERN,NEW YORK,SECOND CIRCUIT,1119,982,22,0,115,36,15,20,0,1,1083,967,2,114
2013-11-30,NEW YORK NORTHERN,NEW YORK,SECOND CIRCUIT,522,408,0,2,112,9,6,0,2,1,513,402,0,111
2013-11-30,NEW YORK SOUTHERN,NEW YORK,SECOND CIRCUIT,695,522,59,0,114,78,19,57,0,2,617,503,2,112
2013-11-30,NEW YORK WESTERN,NEW YORK,SECOND CIRCUIT,370,278,1,0,91,12,9,1,0,2,358,269,0,89
2013-11-30,NORTH CAROLINA EASTERN,NORTH CAROLINA,FOURTH CIRCUIT,627,177,8,0,442,25,15,8,0,2,602,162,0,440
2013-11-30,NORTH CAROLINA MIDDLE,NORTH CAROLINA,FOURTH CIRCUIT,396,155,2,0,239,18,14,2,0,2,378,141,0,237
2013-11-30,NORTH CAROLINA WESTERN,NORTH CAROLINA,FOURTH CIRCUIT,392,227,8,0,157,13,4,8,0,1,379,223,0,156
2013-11-30,NORTH DAKOTA,NORTH DAKOTA,EIGHTH CIRCUIT,59,52,1,0,6,2,0,1,0,1,57,52,0,5
2013-11-30,NORTHERN MARIANAS,NORTHERN MARIANA ISLANDS,NINTH CIRCUIT,1,1,0,0,0,0,0,0,0,0,1,1,0,0
2013-11-30,OHIO NORTHERN,OHIO,SIXTH CIRCUIT,1862,1505,3,0,354,44,34,3,0,7,1818,1471,0,347
2013-11-30,OHIO SOUTHERN,OHIO,SIXTH CIRCUIT,1642,1121,5,0,516,37,30,4,0,3,1605,1091,1,513
2013-11-30,OKLAHOMA EASTERN,OKLAHOMA,TENTH CIRCUIT,107,101,0,0,6,2,2,0,0,0,105,99,0,6
2013-11-30,OKLAHOMA NORTHERN,OKLAHOMA,TENTH CIRCUIT,224,204,0,0,20,3,3,0,0,0,221,201,0,20
2013-11-30,OKLAHOMA WESTERN,OKLAHOMA,TENTH CIRCUIT,379,293,5,0,81,7,2,5,0,0,372,291,0,81
2013-11-30,OREGON,OREGON,NINTH CIRCUIT,985,809,1,0,175,30,23,1,0,6,955,786,0,169
2013-11-30,PENNSYLVANIA EASTERN,PENNSYLVANIA,THIRD CIRCUIT,866,487,8,1,370,25,16,5,1,3,841,471,3,367
2013-11-30,PENNSYLVANIA MIDDLE,PENNSYLVANIA,THIRD CIRCUIT,476,332,2,0,142,9,6,2,0,1,467,326,0,141
2013-11-30,PENNSYLVANIA WESTERN,PENNSYLVANIA,THIRD CIRCUIT,588,353,9,1,225,21,7,7,1,6,567,346,2,219
2013-11-30,PUERTO RICO,PUERTO RICO,FIRST CIRCUIT,840,333,14,3,490,23,8,12,3,0,817,325,2,490
2013-11-30,RHODE ISLAND,RHODE ISLAND,FIRST CIRCUIT,278,219,0,0,59,12,12,0,0,0,266,207,0,59
2013-11-30,SOUTH CAROLINA,SOUTH CAROLINA,FOURTH CIRCUIT,659,261,2,0,396,13,8,2,0,3,646,253,0,393
2013-11-30,SOUTH DAKOTA,SOUTH DAKOTA,EIGHTH CIRCUIT,85,80,0,0,5,2,2,0,0,0,83,78,0,5
2013-11-30,TENNESSEE EASTERN,TENNESSEE,SIXTH CIRCUIT,946,506,3,0,437,9,6,3,0,0,937,500,0,437
2013-11-30,TENNESSEE MIDDLE,TENNESSEE,SIXTH CIRCUIT,792,475,5,0,312,16,11,5,0,0,776,464,0,312
2013-11-30,TENNESSEE WESTERN,TENNESSEE,SIXTH CIRCUIT,1363,298,4,0,1061,9,5,4,0,0,1354,293,0,1061
2013-11-30,TEXAS EASTERN,TEXAS,FIFTH CIRCUIT,411,188,6,0,217,28,22,6,0,0,383,166,0,217
2013-11-30,TEXAS NORTHERN,TEXAS,FIFTH CIRCUIT,1215,442,17,0,756,73,48,17,0,8,1142,394,0,748
2013-11-30,TEXAS SOUTHERN,TEXAS,FIFTH CIRCUIT,870,310,17,0,543,48,29,15,0,4,822,281,2,539
2013-11-30,TEXAS WESTERN,TEXAS,FIFTH CIRCUIT,732,323,7,0,402,40,33,6,0,1,692,290,1,401
2013-11-30,UTAH,UTAH,TENTH CIRCUIT,1038,653,2,0,383,21,18,2,0,1,1017,635,0,382
2013-11-30,VERMONT,VERMONT,SECOND CIRCUIT,72,61,0,0,11,8,7,0,0,1,64,54,0,10
2013-11-30,VIRGIN ISLANDS,VIRGIN ISLANDS,THIRD CIRCUIT,4,4,0,0,0,1,1,0,0,0,3,3,0,0
2013-11-30,VIRGINIA EASTERN,VIRGINIA,FOURTH CIRCUIT,1431,838,11,0,582,43,34,8,0,1,1388,804,3,581
2013-11-30,VIRGINIA WESTERN,VIRGINIA,FOURTH CIRCUIT,468,325,0,0,143,13,13,0,0,0,455,312,0,143
2013-11-30,WASHINGTON EASTERN,WASHINGTON,NINTH CIRCUIT,395,320,1,0,74,7,6,1,0,0,388,314,0,74
2013-11-30,WASHINGTON WESTERN,WASHINGTON,NINTH CIRCUIT,1321,1047,10,0,264,32,24,8,0,0,1289,1023,2,264
2013-11-30,WEST VIRGINIA NORTHERN,WEST VIRGINIA,FOURTH CIRCUIT,109,96,0,0,13,8,8,0,0,0,101,88,0,13
2013-11-30,WEST VIRGINIA SOUTHERN,WEST VIRGINIA,FOURTH CIRCUIT,138,116,1,0,21,3,2,1,0,0,135,114,0,21
2013-11-30,WISCONSIN EASTERN,WISCONSIN,SEVENTH CIRCUIT,1157,791,1,0,365,24,20,0,0,4,1133,771,1,361
2013-11-30,WISCONSIN WESTERN,WISCONSIN,SEVENTH CIRCUIT,422,347,0,2,73,15,12,0,2,1,407,335,0,72
2013-11-30,WYOMING,WYOMING,TENTH CIRCUIT,85,69,0,0,16,3,3,0,0,0,82,66,0,16
2013-12-31,ALABAMA MIDDLE,ALABAMA,ELEVENTH CIRCUIT,524,112,1,0,411,6,5,1,0,0,518,107,0,411
2013-12-31,ALABAMA NORTHERN,ALABAMA,ELEVENTH CIRCUIT,933,454,3,0,476,16,12,3,0,1,917,442,0,475
2013-12-31,ALABAMA SOUTHERN,ALABAMA,ELEVENTH CIRCUIT,338,106,3,0,229,8,5,3,0,0,330,101,0,229
2013-12-31,ALASKA,ALASKA,NINTH CIRCUIT,28,22,0,0,6,2,1,0,0,1,26,21,0,5
2013-12-31,ARIZONA,ARIZONA,NINTH CIRCUIT,1441,1206,16,2,217,50,35,11,2,2,1391,1171,5,215
2013-12-31,ARKANSAS EASTERN,ARKANSAS,EIGHTH CIRCUIT,504,194,0,0,310,4,2,0,0,2,500,192,0,308
2013-12-31,ARKANSAS WESTERN,ARKANSAS,EIGHTH CIRCUIT,247,130,5,1,111,13,7,4,1,1,234,123,1,110
2013-12-31,CALIFORNIA CENTRAL,CALIFORNIA,NINTH CIRCUIT,4515,3576,45,0,894,199,167,24,0,8,4316,3409,21,886
2013-12-31,CALIFORNIA EASTERN,CALIFORNIA,NINTH CIRCUIT,1653,1306,7,3,337,60,43,5,3,9,1593,1263,2,328
2013-12-31,CALIFORNIA NORTHERN,CALIFORNIA,NINTH CIRCUIT,1197,752,13,0,432,68,49,8,0,11,1129,703,5,421
2013-12-31,CALIFORNIA SOUTHERN,CALIFORNIA,NINTH CIRCUIT,885,701,8,0,176,36,25,7,0,4,849,676,1,172
2013-12-31,COLORADO,COLORADO,TENTH CIRCUIT,1319,1087,6,0,226,44,37,5,0,2,1275,1050,1,224
2013-12-31,CONNECTICUT,CONNECTICUT,SECOND CIRCUIT,469,403,3,0,63,26,23,3,0,0,443,380,0,63
2013-12-31,DELAWARE,DELAWARE,THIRD CIRCUIT,247,123,57,0,60,80,16,57,0,0,167,107,0,60
2013-12-31,DISTRICT OF COLUMBIA,DISTRICT OF COLUMBIA,DC CIRCUIT,58,52,3,0,3,7,4,3,0,0,51,48,0,3
2013-12-31,FLORIDA MIDDLE,FLORIDA,ELEVENTH CIRCUIT,2735,1938,23,0,774,108,83,21,0,4,2627,1855,2,770
2013-12-31,FLORIDA NORTHERN,FLORIDA,ELEVENTH CIRCUIT,221,183,2,0,36,18,15,1,0,2,203,168,1,34
2013-12-31,FLORIDA SOUTHERN,FLORIDA,ELEVENTH CIRCUIT,2079,1296,15,0,768,63,52,11,0,0,2016,1244,4,768
2013-12-31,GEORGIA MIDDLE,GEORGIA,ELEVENTH CIRCUIT,724,222,2,2,498,18,13,2,2,1,706,209,0,497
2013-12-31,GEORGIA NORTHERN,GEORGIA,ELEVENTH CIRCUIT,2536,1317,9,2,1208,54,41,8,2,3,2482,1276,1,1205
2013-12-31,GEORGIA SOUTHERN,GEORGIA,ELEVENTH CIRCUIT,592,118,8,0,466,13,5,8,0,0,579,113,0,466
2013-12-31,GUAM,GUAM,NINTH CIRCUIT,12,6,0,0,6,0,0,0,0,0,12,6,0,6
2013-12-31,HAWAII,HAWAII,NINTH CIRCUIT,133,101,0,0,32,8,7,0,0,1,125,94,0,31
2013-12-31,IDAHO,IDAHO,NINTH CIRCUIT,337,292,1,1,43,19,16,1,1,1,318,276,0,42
2013-12-31,ILLINOIS CENTRAL,ILLINOIS,SEVENTH CIRCUIT,400,318,1,0,81,9,7,1,0,1,391,311,0,80
2013-12-31,ILLINOIS NORTHERN,ILLINOIS,SEVENTH CIRCUIT,3592,2251,16,0,1325,92,68,14,0,10,3500,2183,2,1315
2013-12-31,ILLINOIS SOUTHERN,ILLINOIS,SEVENTH CIRCUIT,260,168,1,0,91,8,4,1,0,3,252,164,0,88
2013-12-31,INDIANA NORTHERN,INDIANA,SEVENTH CIRCUIT,699,515,1,0,183,18,15,1,0,2,681,500,0,181
2013-12-31,INDIANA SOUTHERN,INDIANA,SEVENTH CIRCUIT,1123,730,4,0,389,15,12,2,0,1,1108,718,2,388
2013-12-31,IOWA NORTHERN,IOWA,EIGHTH CIRCUIT,125,116,0,1,8,8,6,0,1,1,117,110,0,7
2013-12-31,IOWA SOUTHERN,IOWA,EIGHTH CIRCUIT,196,171,0,0,25,6,6,0,0,0,190,165,0,25
2013-12-31,KANSAS,KANSAS,TENTH CIRCUIT,539,304,2,2,231,24,16,2,2,4,515,288,0,227
2013-12-31,KENTUCKY EASTERN,KENTUCKY,SIXTH CIRCUIT,623,436,0,0,187,11,9,0,0,2,612,427,0,185
2013-12-31,KENTUCKY WESTERN,KENTUCKY,SIXTH CIRCUIT,543,398,4,0,141,9,6,3,0,0,534,392,1,141
2013-12-31,LOUISIANA EASTERN,LOUISIANA,FIFTH CIRCUIT,262,122,5,0,135,16,11,5,0,0,246,111,0,135
2013-12-31,LOUISIANA MIDDLE,LOUISIANA,FIFTH CIRCUIT,99,45,0,0,54,2,2,0,0,0,97,43,0,54
2013-12-31,LOUISIANA WESTERN,LOUISIANA,FIFTH CIRCUIT,703,113,1,1,588,5,3,1,1,0,698,110,0,588
2013-12-31,MAINE,MAINE,FIRST CIRCUIT,136,112,1,1,22,6,3,1,1,1,130,109,0,21
2013-12-31,MARYLAND,MARYLAND,FOURTH CIRCUIT,1606,1133,8,0,465,37,26,7,0,4,1569,1107,1,461
2013-12-31,MASSACHUSETTS,MASSACHUSETTS,FIRST CIRCUIT,797,637,5,0,155,33,28,4,0,1,764,609,1,154
2013-12-31,MICHIGAN EASTERN,MICHIGAN,SIXTH CIRCUIT,1973,1584,6,0,383,34,26,5,0,3,1939,1558,1,380
2013-12-31,MICHIGAN WESTERN,MICHIGAN,SIXTH CIRCUIT,616,499,1,0,116,25,22,1,0,2,591,477,0,114
2013-12-31,MINNESOTA,MINNESOTA,EIGHTH CIRCUIT,926,780,5,1,140,44,34,5,1,4,882,746,0,136
2013-12-31,MISSISSIPPI NORTHERN,MISSISSIPPI,FIFTH CIRCUIT,321,130,2,0,189,10,8,2,0,0,311,122,0,189
2013-12-31,MISSISSIPPI SOUTHERN,MISSISSIPPI,FIFTH CIRCUIT,444,232,2,0,210,15,12,2,0,1,429,220,0,209
2013-12-31,MISSOURI EASTERN,MISSOURI,EIGHTH CIRCUIT,803,555,0,0,248,14,13,0,0,1,789,542,0,247
2013-12-31,MISSOURI WESTERN,MISSOURI,EIGHTH CIRCUIT,606,402,2,1,201,18,13,2,1,2,588,389,0,199
2013-12-31,MONTANA,MONTANA,NINTH CIRCUIT,107,86,2,1,18,7,4,2,1,0,100,82,0,18
2013-12-31,NEBRASKA,NEBRASKA,EIGHTH CIRCUIT,323,206,2,0,115,15,11,2,0,2,308,195,0,113
2013-12-31,NEVADA,NEVADA,NINTH CIRCUIT,880,717,14,0,149,36,27,7,0,2,844,690,7,147
2013-12-31,NEW HAMPSHIRE,NEW HAMPSHIRE,FIRST CIRCUIT,212,143,4,0,65,21,11,4,0,6,191,132,0,59
2013-12-31,NEW JERSEY,NEW JERSEY,THIRD CIRCUIT,2019,1518,32,0,469,80,52,26,0,2,1939,1466,6,467
2013-12-31,NEW MEXICO,NEW MEXICO,TENTH CIRCUIT,292,271,0,0,21,7,7,0,0,0,285,264,0,21
2013-12-31,NEW YORK EASTERN,NEW YORK,SECOND CIRCUIT,950,834,15,0,101,33,16,14,0,3,917,818,1,98
2013-12-31,NEW YORK NORTHERN,NEW YORK,SECOND CIRCUIT,490,381,0,1,108,7,3,0,1,3,483,378,0,105
2013-12-31,NEW YORK SOUTHERN,NEW YORK,SECOND CIRCUIT,663,523,19,0,120,44,25,18,0,0,619,498,1,120
2013-12-31,NEW YORK WESTERN,NEW YORK,SECOND CIRCUIT,343,256,3,0,84,12,7,3,0,2,331,249,0,82
2013-12-31,NORTH CAROLINA EASTERN,NORTH CAROLINA,FOURTH CIRCUIT,596,179,18,0,399,38,17,18,0,3,558,162,0,396
2013-12-31,NORTH CAROLINA MIDDLE,NORTH CAROLINA,FOURTH CIRCUIT,319,117,4,0,198,9,4,4,0,1,310,113,0,197
2013-12-31,NORTH CAROLINA WESTERN,NORTH CAROLINA,FOURTH CIRCUIT,384,213,3,0,168,18,14,3,0,1,366,199,0,167
2013-12-31,NORTH DAKOTA,NORTH DAKOTA,EIGHTH CIRCUIT,54,45,1,0,8,3,2,1,0,0,51,43,0,8
2013-12-31,NORTHERN MARIANAS,NORTHERN MARIANA ISLANDS,NINTH CIRCUIT,0,0,0,0,0,0,0,0,0,0,0,0,0,0
2013-12-31,OHIO NORTHERN,OHIO,SIXTH CIRCUIT,1532,1231,2,0,299,37,29,2,0,6,1495,1202,0,293
2013-12-31,OHIO SOUTHERN,OHIO,SIXTH CIRCUIT,1451,979,3,0,469,47,39,3,0,5,1404,940,0,464
2013-12-31,OKLAHOMA EASTERN,OKLAHOMA,TENTH CIRCUIT,115,101,1,0,13,2,1,1,0,0,113,100,0,13
2013-12-31,OKLAHOMA NORTHERN,OKLAHOMA,TENTH CIRCUIT,184,164,0,0,20,6,6,0,0,0,178,158,0,20
2013-12-31,OKLAHOMA WESTERN,OKLAHOMA,TENTH CIRCUIT,359,274,1,0,84,8,7,1,0,0,351,267,0,84
2013-12-31,OREGON,OREGON,NINTH CIRCUIT,896,714,4,0,178,21,16,3,0,2,875,698,1,176
2013-12-31,PENNSYLVANIA EASTERN,PENNSYLVANIA,THIRD CIRCUIT,747,426,4,0,317,25,20,3,0,2,722,406,1,315
2013-12-31,PENNSYLVANIA MIDDLE,PENNSYLVANIA,THIRD CIRCUIT,484,312,5,0,167,26,17,4,0,5,458,295,1,162
2013-12-31,PENNSYLVANIA WESTERN,PENNSYLVANIA,THIRD CIRCUIT,505,331,7,0,167,14,8,5,0,1,491,323,2,166
2013-12-31,PUERTO RICO,PUERTO RICO,FIRST CIRCUIT,1069,395,18,2,654,28,8,15,2,3,1041,387,3,651
2013-12-31,RHODE ISLAND,RHODE ISLAND,FIRST CIRCUIT,261,216,1,0,44,8,7,1,0,0,253,209,0,44
2013-12-31,SOUTH CAROLINA,SOUTH CAROLINA,FOURTH CIRCUIT,519,200,3,0,316,15,10,3,0,2,504,190,0,314
2013-12-31,SOUTH DAKOTA,SOUTH DAKOTA,EIGHTH CIRCUIT,87,76,2,0,9,10,5,2,0,3,77,71,0,6
2013-12-31,TENNESSEE EASTERN,TENNESSEE,SIXTH CIRCUIT,834,464,4,1,365,17,12,4,1,0,817,452,0,365
2013-12-31,TENNESSEE MIDDLE,TENNESSEE,SIXTH CIRCUIT,690,380,7,0,303,9,5,4,0,0,681,375,3,303
2013-12-31,TENNESSEE WESTERN,TENNESSEE,SIXTH CIRCUIT,1221,264,3,0,954,11,5,3,0,3,1210,259,0,951
2013-12-31,TEXAS EASTERN,TEXAS,FIFTH CIRCUIT,361,162,8,1,190,27,17,8,1,1,334,145,0,189
2013-12-31,TEXAS NORTHERN,TEXAS,FIFTH CIRCUIT,997,361,14,0,622,48,30,13,0,5,949,331,1,617
2013-12-31,TEXAS SOUTHERN,TEXAS,FIFTH CIRCUIT,749,267,12,1,469,55,38,11,1,5,694,229,1,464
2013-12-31,TEXAS WESTERN,TEXAS,FIFTH CIRCUIT,642,283,4,0,355,35,27,3,0,5,607,256,1,350
2013-12-31,UTAH,UTAH,TENTH CIRCUIT,873,520,4,0,349,22,15,3,0,4,851,505,1,345
2013-12-31,VERMONT,VERMONT,SECOND CIRCUIT,77,65,0,0,12,5,5,0,0,0,72,60,0,12
2013-12-31,VIRGIN ISLANDS,VIRGIN ISLANDS,THIRD CIRCUIT,2,2,0,0,0,1,1,0,0,0,1,1,0,0
2013-12-31,VIRGINIA EASTERN,VIRGINIA,FOURTH CIRCUIT,1421,848,8,0,565,40,30,8,0,2,1381,818,0,563
2013-12-31,VIRGINIA WESTERN,VIRGINIA,FOURTH CIRCUIT,450,289,1,0,160,3,3,0,0,0,447,286,1,160
2013-12-31,WASHINGTON EASTERN,WASHINGTON,NINTH CIRCUIT,343,265,3,0,75,10,9,1,0,0,333,256,2,75
2013-12-31,WASHINGTON WESTERN,WASHINGTON,NINTH CIRCUIT,1339,999,14,1,324,57,37,10,1,8,1282,962,4,316
2013-12-31,WEST VIRGINIA NORTHERN,WEST VIRGINIA,FOURTH CIRCUIT,99,82,0,0,17,5,4,0,0,1,94,78,0,16
2013-12-31,WEST VIRGINIA SOUTHERN,WEST VIRGINIA,FOURTH CIRCUIT,139,113,3,1,22,5,1,3,1,0,134,112,0,22
2013-12-31,WISCONSIN EASTERN,WISCONSIN,SEVENTH CIRCUIT,950,670,2,2,276,23,18,0,2,3,927,652,2,273
2013-12-31,WISCONSIN WESTERN,WISCONSIN,SEVENTH CIRCUIT,412,343,6,2,61,19,11,6,2,0,393,332,0,61
2013-12-31,WYOMING,WYOMING,TENTH CIRCUIT,80,68,1,0,11,3,2,1,0,0,77,66,0,11
2014-01-31,ALABAMA MIDDLE,ALABAMA,ELEVENTH CIRCUIT,601,106,0,0,495,7,7,0,0,0,594,99,0,495
2014-01-31,ALABAMA NORTHERN,ALABAMA,ELEVENTH CIRCUIT,905,411,3,0,491,12,9,2,0,1,893,402,1,490
2014-01-31,ALABAMA SOUTHERN,ALABAMA,ELEVENTH CIRCUIT,307,75,5,0,227,7,1,5,0,1,300,74,0,226
2014-01-31,ALASKA,ALASKA,NINTH CIRCUIT,31,27,0,0,4,3,2,0,0,1,28,25,0,3
2014-01-31,ARIZONA,ARIZONA,NINTH CIRCUIT,1340,1111,29,1,199,67,44,20,1,2,1273,1067,9,197
2014-01-31,ARKANSAS EASTERN,ARKANSAS,EIGHTH CIRCUIT,647,225,0,0,422,6,4,0,0,2,641,221,0,420
2014-01-31,ARKANSAS WESTERN,ARKANSAS,EIGHTH CIRCUIT,334,160,0,1,172,12,8,0,1,2,322,152,0,170
2014-01-31,CALIFORNIA CENTRAL,CALIFORNIA,NINTH CIRCUIT,4916,3857,53,1,1005,185,138,32,1,14,4731,3719,21,991
2014-01-31,CALIFORNIA EASTERN,CALIFORNIA,NINTH CIRCUIT,1703,1356,9,1,337,38,24,6,1,7,1665,1332,3,330
2014-01-31,CALIFORNIA NORTHERN,CALIFORNIA,NINTH CIRCUIT,1274,731,17,4,522,57,35,8,4,10,1217,696,9,512
2014-01-31,CALIFORNIA SOUTHERN,CALIFORNIA,NINTH CIRCUIT,823,648,12,0,163,30,19,9,0,2,793,629,3,161
2014-01-31,COLORADO,COLORADO,TENTH CIRCUIT,1101,873,13,0,215,37,23,13,0,1,1064,850,0,214
2014-01-31,CONNECTICUT,CONNECTICUT,SECOND CIRCUIT,571,463,10,0,98,20,12,8,0,0,551,451,2,98
2014-01-31,DELAWARE,DELAWARE,THIRD CIRCUIT,197,125,4,0,68,14,10,4,0,0,183,115,0,68
2014-01-31,DISTRICT OF COLUMBIA,DISTRICT OF COLUMBIA,DC CIRCUIT,64,52,0,0,12,4,4,0,0,0,60,48,0,12
2014-01-31,FLORIDA MIDDLE,FLORIDA,ELEVENTH CIRCUIT,3015,1979,30,1,1005,130,95,23,1,11,2885,1884,7,994
2014-01-31,FLORIDA NORTHERN,FLORIDA,ELEVENTH CIRCUIT,201,158,1,0,42,14,12,1,0,1,187,146,0,41
2014-01-31,FLORIDA SOUTHERN,FLORIDA,ELEVENTH CIRCUIT,2603,1463,37,0,1103,72,41,27,0,4,2531,1422,10,1099
2014-01-31,GEORGIA MIDDLE,GEORGIA,ELEVENTH CIRCUIT,699,208,3,1,487,19,15,3,1,0,680,193,0,487
2014-01-31,GEORGIA NORTHERN,GEORGIA,ELEVENTH CIRCUIT,2828,1468,9,2,1349,78,63,8,2,5,2750,1405,1,1344
2014-01-31,GEORGIA SOUTHERN,GEORGIA,ELEVENTH CIRCUIT,670,139,4,1,526,12,8,2,1,1,658,131,2,525
2014-01-31,GUAM,GUAM,NINTH CIRCUIT,14,13,0,0,1,0,0,0,0,0,14,13,0,1
2014-01-31,HAWAII,HAWAII,NINTH CIRCUIT,124,83,1,0,40,5,2,1,0,2,119,81,0,38
2014-01-31,IDAHO,IDAHO,NINTH CIRCUIT,301,265,0,0,36,3,3,0,0,0,298,262,0,36
2014-01-31,ILLINOIS CENTRAL,ILLINOIS,SEVENTH CIRCUIT,399,318,0,0,81,6,6,0,0,0,393,312,0,81
2014-01-31,ILLINOIS NORTHERN,ILLINOIS,SEVENTH CIRCUIT,3674,2250,8,0,1416,96,81,6,0,9,3578,2169,2,1407
2014-01-31,ILLINOIS SOUTHERN,ILLINOIS,SEVENTH CIRCUIT,285,173,1,0,111,8,7,1,0,0,277,166,0,111
2014-01-31,INDIANA NORTHERN,INDIANA,SEVENTH CIRCUIT,549,370,6,0,173,19,12,5,0,2,530,358,1,171
2014-01-31,INDIANA SOUTHERN,INDIANA,SEVENTH CIRCUIT,1028,600,7,0,421,27,18,7,0,2,1001,582,0,419
2014-01-31,IOWA NORTHERN,IOWA,EIGHTH CIRCUIT,129,119,0,0,10,4,4,0,0,0,125,115,0,10
2014-01-31,IOWA SOUTHERN,IOWA,EIGHTH CIRCUIT,180,148,4,0,28,11,7,4,0,0,169,141,0,28
2014-01-31,KANSAS,KANSAS,TENTH CIRCUIT,470,260,4,0,206,11,6,3,0,2,459,254,1,204
2014-01-31,KENTUCKY EASTERN,KENTUCKY,SIXTH CIRCUIT,636,440,0,0,196,13,12,0,0,1,623,428,0,195
2014-01-31,KENTUCKY WESTERN,KENTUCKY,SIXTH CIRCUIT,670,481,4,0,185,12,8,4,0,0,658,473,0,185
2014-01-31,LOUISIANA EASTERN,LOUISIANA,FIFTH CIRCUIT,208,88,3,0,117,11,8,3,0,0,197,80,0,117
2014-01-31,LOUISIANA MIDDLE,LOUISIANA,FIFTH CIRCUIT,108,43,0,0,65,0,0,0,0,0,108,43,0,65
2014-01-31,LOUISIANA WESTERN,LOUISIANA,FIFTH CIRCUIT,780,126,1,1,652,17,13,1,1,2,763,113,0,650
2014-01-31,MAINE,MAINE,FIRST CIRCUIT,134,110,0,1,23,13,12,0,1,0,121,98,0,23
2014-01-31,MARYLAND,MARYLAND,FOURTH CIRCUIT,1562,1064,18,0,480,40,21,14,0,5,1522,1043,4,475
2014-01-31,MASSACHUSETTS,MASSACHUSETTS,FIRST CIRCUIT,734,570,8,1,155,23,14,6,1,2,711,556,2,153
2014-01-31,MICHIGAN EASTERN,MICHIGAN,SIXTH CIRCUIT,1976,1542,3,1,430,26,22,2,1,1,1950,1520,1,429
2014-01-31,MICHIGAN WESTERN,MICHIGAN,SIXTH CIRCUIT,594,486,8,1,99,25,15,8,1,1,569,471,0,98
2014-01-31,MINNESOTA,MINNESOTA,EIGHTH CIRCUIT,956,787,5,1,163,38,31,5,1,1,918,756,0,162
2014-01-31,MISSISSIPPI NORTHERN,MISSISSIPPI,FIFTH CIRCUIT,397,159,1,1,236,8,6,1,1,0,389,153,0,236
2014-01-31,MISSISSIPPI SOUTHERN,MISSISSIPPI,FIFTH CIRCUIT,451,218,1,0,232,19,18,1,0,0,432,200,0,232
2014-01-31,MISSOURI EASTERN,MISSOURI,EIGHTH CIRCUIT,784,522,1,0,261,19,16,1,0,2,765,506,0,259
2014-01-31,MISSOURI WESTERN,MISSOURI,EIGHTH CIRCUIT,612,392,5,0,215,16,11,5,0,0,596,381,0,215
2014-01-31,MONTANA,MONTANA,NINTH CIRCUIT,88,76,2,0,10,6,4,2,0,0,82,72,0,10
2014-01-31,NEBRASKA,NEBRASKA,EIGHTH CIRCUIT,393,262,1,0,130,11,10,1,0,0,382,252,0,130
2014-01-31,NEVADA,NEVADA,NINTH CIRCUIT,931,721,20,0,190,48,30,16,0,2,883,691,4,188
2014-01-31,NEW HAMPSHIRE,NEW HAMPSHIRE,FIRST CIRCUIT,214,144,5,0,65,8,5,3,0,0,206,139,2,65
2014-01-31,NEW JERSEY,NEW JERSEY,THIRD CIRCUIT,1960,1404,16,1,539,66,43,13,1,9,1894,1361,3,530
2014-01-31,NEW MEXICO,NEW MEXICO,TENTH CIRCUIT,309,277,1,0,31,10,10,0,0,0,299,267,1,31
2014-01-31,NEW YORK EASTERN,NEW YORK,SECOND CIRCUIT,928,759,23,0,140,51,23,21,0,1,877,736,2,139
2014-01-31,NEW YORK NORTHERN,NEW YORK,SECOND CIRCUIT,520,416,0,0,104,16,13,0,0,3,504,403,0,101
2014-01-31,NEW YORK SOUTHERN,NEW YORK,SECOND CIRCUIT,586,461,18,0,104,45,21,15,0,6,541,440,3,98
2014-01-31,NEW YORK WESTERN,NEW YORK,SECOND CIRCUIT,376,265,5,0,106,16,9,5,0,2,360,256,0,104
2014-01-31,NORTH CAROLINA EASTERN,NORTH CAROLINA,FOURTH CIRCUIT,618,173,17,0,428,29,14,13,0,2,589,159,4,426
2014-01-31,NORTH CAROLINA MIDDLE,NORTH CAROLINA,FOURTH CIRCUIT,328,131,1,1,195,6,5,0,1,0,322,126,1,195
2014-01-31,NORTH CAROLINA WESTERN,NORTH CAROLINA,FOURTH CIRCUIT,377,179,4,0,194,10,5,4,0,1,367,174,0,193
2014-01-31,NORTH DAKOTA,NORTH DAKOTA,EIGHTH CIRCUIT,47,39,0,0,8,1,0,0,0,1,46,39,0,7
2014-01-31,NORTHERN MARIANAS,NORTHERN MARIANA ISLANDS,NINTH CIRCUIT,0,0,0,0,0,0,0,0,0,0,0,0,0,0
2014-01-31,OHIO NORTHERN,OHIO,SIXTH CIRCUIT,1419,1120,2,0,297,29,24,1,0,4,1390,1096,1,293
2014-01-31,OHIO SOUTHERN,OHIO,SIXTH CIRCUIT,1264,856,6,0,402,26,16,6,0,4,1238,840,0,398
2014-01-31,OKLAHOMA EASTERN,OKLAHOMA,TENTH CIRCUIT,98,88,0,0,10,0,0,0,0,0,98,88,0,10
2014-01-31,OKLAHOMA NORTHERN,OKLAHOMA,TENTH CIRCUIT,188,164,0,0,24,6,6,0,0,0,182,158,0,24
2014-01-31,OKLAHOMA WESTERN,OKLAHOMA,TENTH CIRCUIT,379,288,0,0,91,8,7,0,0,1,371,281,0,90
2014-01-31,OREGON,OREGON,NINTH CIRCUIT,949,736,4,0,209,31,26,4,0,1,918,710,0,208
2014-01-31,PENNSYLVANIA EASTERN,PENNSYLVANIA,THIRD CIRCUIT,856,463,7,0,386,32,17,6,0,9,824,446,1,377
2014-01-31,PENNSYLVANIA MIDDLE,PENNSYLVANIA,THIRD CIRCUIT,455,287,7,0,161,18,10,6,0,2,437,277,1,159
2014-01-31,PENNSYLVANIA WESTERN,PENNSYLVANIA,THIRD CIRCUIT,580,371,11,0,198,22,10,11,0,1,558,361,0,197
2014-01-31,PUERTO RICO,PUERTO RICO,FIRST CIRCUIT,718,273,22,0,423,34,6,22,0,6,684,267,0,417
2014-01-31,RHODE ISLAND,RHODE ISLAND,FIRST CIRCUIT,197,155,0,0,42,9,7,0,0,2,188,148,0,40
2014-01-31,SOUTH CAROLINA,SOUTH CAROLINA,FOURTH CIRCUIT,646,245,4,1,396,18,13,3,1,1,628,232,1,395
2014-01-31,SOUTH DAKOTA,SOUTH DAKOTA,EIGHTH CIRCUIT,73,61,0,0,12,5,4,0,0,1,68,57,0,11
2014-01-31,TENNESSEE EASTERN,TENNESSEE,SIXTH CIRCUIT,854,455,2,0,397,14,11,2,0,1,840,444,0,396
2014-01-31,TENNESSEE MIDDLE,TENNESSEE,SIXTH CIRCUIT,781,430,7,0,344,29,25,4,0,0,752,405,3,344
2014-01-31,TENNESSEE WESTERN,TENNESSEE,SIXTH CIRCUIT,1421,317,4,0,1100,11,8,3,0,0,1410,309,1,1100
2014-01-31,TEXAS EASTERN,TEXAS,FIFTH CIRCUIT,422,180,7,0,235,20,12,7,0,1,402,168,0,234
2014-01-31,TEXAS NORTHERN,TEXAS,FIFTH CIRCUIT,1175,455,12,2,706,61,44,11,2,4,1114,411,1,702
2014-01-31,TEXAS SOUTHERN,TEXAS,FIFTH CIRCUIT,836,273,13,0,550,37,23,10,0,4,799,250,3,546
2014-01-31,TEXAS WESTERN,TEXAS,FIFTH CIRCUIT,714,296,14,0,404,41,21,14,0,6,673,275,0,398
2014-01-31,UTAH,UTAH,TENTH CIRCUIT,955,519,0,0,436,16,15,0,0,1,939,504,0,435
2014-01-31,VERMONT,VERMONT,SECOND CIRCUIT,45,34,0,0,11,6,4,0,0,2,39,30,0,9
2014-01-31,VIRGIN ISLANDS,VIRGIN ISLANDS,THIRD CIRCUIT,2,1,0,0,1,0,0,0,0,0,2,1,0,1
2014-01-31,VIRGINIA EASTERN,VIRGINIA,FOURTH CIRCUIT,1369,771,7,0,591,39,32,6,0,1,1330,739,1,590
2014-01-31,VIRGINIA WESTERN,VIRGINIA,FOURTH CIRCUIT,461,276,1,0,184,10,7,1,0,2,451,269,0,182
2014-01-31,WASHINGTON EASTERN,WASHINGTON,NINTH CIRCUIT,374,286,1,0,87,10,6,1,0,3,364,280,0,84
2014-01-31,WASHINGTON WESTERN,WASHINGTON,NINTH CIRCUIT,1283,1007,10,0,266,33,25,8,0,0,1250,982,2,266
2014-01-31,WEST VIRGINIA NORTHERN,WEST VIRGINIA,FOURTH CIRCUIT,98,81,1,0,16,3,1,1,0,1,95,80,0,15
2014-01-31,WEST VIRGINIA SOUTHERN,WEST VIRGINIA,FOURTH CIRCUIT,139,115,5,0,19,5,0,5,0,0,134,115,0,19
2014-01-31,WISCONSIN EASTERN,WISCONSIN,SEVENTH CIRCUIT,1029,707,0,1,321,24,18,0,1,5,1005,689,0,316
2014-01-31,WISCONSIN WESTERN,WISCONSIN,SEVENTH CIRCUIT,390,321,2,1,66,13,9,2,1,1,377,312,0,65
2014-01-31,WYOMING,WYOMING,TENTH CIRCUIT,61,49,2,0,10,6,3,2,0,1,55,46,0,9
2014-02-28,ALABAMA MIDDLE,ALABAMA,ELEVENTH CIRCUIT,582,152,0,0,430,3,2,0,0,1,579,150,0,429
2014-02-28,ALABAMA NORTHERN,ALABAMA,ELEVENTH CIRCUIT,1115,638,7,0,470,21,14,6,0,1,1094,624,1,469
2014-02-28,ALABAMA SOUTHERN,ALABAMA,ELEVENTH CIRCUIT,343,101,5,0,237,7,2,5,0,0,336,99,0,237
2014-02-28,ALASKA,ALASKA,NINTH CIRCUIT,28,23,0,0,5,3,3,0,0,0,25,20,0,5
2014-02-28,ARIZONA,ARIZONA,NINTH CIRCUIT,1423,1186,39,0,198,72,38,32,0,2,1351,1148,7,196
2014-02-28,ARKANSAS EASTERN,ARKANSAS,EIGHTH CIRCUIT,647,310,1,0,336,7,4,1,0,2,640,306,0,334
2014-02-28,ARKANSAS WESTERN,ARKANSAS,EIGHTH CIRCUIT,334,189,2,0,143,6,4,2,0,0,328,185,0,143
2014-02-28,CALIFORNIA CENTRAL,CALIFORNIA,NINTH CIRCUIT,4772,3829,36,0,907,175,143,21,0,11,4597,3686,15,896
2014-02-28,CALIFORNIA EASTERN,CALIFORNIA,NINTH CIRCUIT,1829,1517,15,2,295,56,32,11,2,11,1773,1485,4,284
2014-02-28,CALIFORNIA NORTHERN,CALIFORNIA,NINTH CIRCUIT,1466,813,53,0,600,98,39,46,0,13,1368,774,7,587
2014-02-28,CALIFORNIA SOUTHERN,CALIFORNIA,NINTH CIRCUIT,876,705,5,0,166,26,19,4,0,3,850,686,1,163
2014-02-28,COLORADO,COLORADO,TENTH CIRCUIT,1252,1057,3,0,192,45,36,3,0,6,1207,1021,0,186
2014-02-28,CONNECTICUT,CONNECTICUT,SECOND CIRCUIT,516,416,8,0,92,25,16,8,0,1,491,400,0,91
2014-02-28,DELAWARE,DELAWARE,THIRD CIRCUIT,260,157,45,0,56,52,4,45,0,1,208,153,0,55
2014-02-28,DISTRICT OF COLUMBIA,DISTRICT OF COLUMBIA,DC CIRCUIT,54,43,2,0,9,6,3,2,0,1,48,40,0,8
2014-02-28,FLORIDA MIDDLE,FLORIDA,ELEVENTH CIRCUIT,2765,1860,36,2,867,111,70,28,2,11,2654,1790,8,856
2014-02-28,FLORIDA NORTHERN,FLORIDA,ELEVENTH CIRCUIT,258,208,1,1,48,12,9,1,1,1,246,199,0,47
2014-02-28,FLORIDA SOUTHERN,FLORIDA,ELEVENTH CIRCUIT,2496,1423,32,0,1041,64,34,26,0,4,2432,1389,6,1037
2014-02-28,GEORGIA MIDDLE,GEORGIA,ELEVENTH CIRCUIT,756,287,4,0,465,15,8,4,0,3,741,279,0,462
2014-02-28,GEORGIA NORTHERN,GEORGIA,ELEVENTH CIRCUIT,2754,1641,15,1,1097,84,64,15,1,4,2670,1577,0,1093
2014-02-28,GEORGIA SOUTHERN,GEORGIA,ELEVENTH CIRCUIT,573,145,2,0,426,9,5,2,0,2,564,140,0,424
2014-02-28,GUAM,GUAM,NINTH CIRCUIT,12,9,0,0,3,1,1,0,0,0,11,8,0,3
2014-02-28,HAWAII,HAWAII,NINTH CIRCUIT,153,111,0,0,42,3,3,0,0,0,150,108,0,42
2014-02-28,IDAHO,IDAHO,NINTH CIRCUIT,294,261,2,0,31,10,7,2,0,1,284,254,0,30
2014-02-28,ILLINOIS CENTRAL,ILLINOIS,SEVENTH CIRCUIT,443,354,0,0,89,10,9,0,0,1,433,345,0,88
2014-02-28,ILLINOIS NORTHERN,ILLINOIS,SEVENTH CIRCUIT,4423,2770,23,0,1630,91,63,21,0,7,4332,2707,2,1623
2014-02-28,ILLINOIS SOUTHERN,ILLINOIS,SEVENTH CIRCUIT,327,219,2,0,106,6,4,2,0,0,321,215,0,106
2014-02-28,INDIANA NORTHERN,INDIANA,SEVENTH CIRCUIT,820,627,1,0,192,22,21,1,0,0,798,606,0,192
2014-02-28,INDIANA SOUTHERN,INDIANA,SEVENTH CIRCUIT,1222,805,9,0,408,32,22,9,0,1,1190,783,0,407
2014-02-28,IOWA NORTHERN,IOWA,EIGHTH CIRCUIT,137,129,0,0,8,7,7,0,0,0,130,122,0,8
2014-02-28,IOWA SOUTHERN,IOWA,EIGHTH CIRCUIT,214,188,2,0,24,16,14,2,0,0,198,174,0,24
2014-02-28,KANSAS,KANSAS,TENTH CIRCUIT,461,262,2,0,197,16,8,2,0,6,445,254,0,191
2014-02-28,KENTUCKY EASTERN,KENTUCKY,SIXTH CIRCUIT,775,572,0,0,203,12,10,0,0,2,763,562,0,201
2014-02-28,KENTUCKY WESTERN,KENTUCKY,SIXTH CIRCUIT,769,587,4,0,178,13,8,4,0,1,756,579,0,177
2014-02-28,LOUISIANA EASTERN,LOUISIANA,FIFTH CIRCUIT,253,111,1,0,141,10,9,1,0,0,243,102,0,141
2014-02-28,LOUISIANA MIDDLE,LOUISIANA,FIFTH CIRCUIT,128,63,1,0,64,1,0,1,0,0,127,63,0,64
2014-02-28,LOUISIANA WESTERN,LOUISIANA,FIFTH CIRCUIT,772,180,4,1,587,10,2,4,1,3,762,178,0,584
2014-02-28,MAINE,MAINE,FIRST CIRCUIT,130,104,2,2,22,10,3,2,2,3,120,101,0,19
2014-02-28,MARYLAND,MARYLAND,FOURTH CIRCUIT,1650,1210,9,1,430,35,23,7,1,4,1615,1187,2,426
2014-02-28,MASSACHUSETTS,MASSACHUSETTS,FIRST CIRCUIT,745,612,6,1,126,31,24,5,1,1,714,588,1,125
2014-02-28,MICHIGAN EASTERN,MICHIGAN,SIXTH CIRCUIT,2481,2062,18,2,399,47,25,18,2,2,2434,2037,0,397
2014-02-28,MICHIGAN WESTERN,MICHIGAN,SIXTH CIRCUIT,804,665,8,0,131,30,20,8,0,2,774,645,0,129
2014-02-28,MINNESOTA,MINNESOTA,EIGHTH CIRCUIT,989,826,3,0,160,33,30,3,0,0,956,796,0,160
2014-02-28,MISSISSIPPI NORTHERN,MISSISSIPPI,FIFTH CIRCUIT,419,191,0,0,228,5,5,0,0,0,414,186,0,228
2014-02-28,MISSISSIPPI SOUTHERN,MISSISSIPPI,FIFTH CIRCUIT,604,339,0,0,265,14,13,0,0,1,590,326,0,264
2014-02-28,MISSOURI EASTERN,MISSOURI,EIGHTH CIRCUIT,910,654,2,0,254,9,7,2,0,0,901,647,0,254
2014-02-28,MISSOURI WESTERN,MISSOURI,EIGHTH CIRCUIT,638,455,1,1,181,10,8,0,1,1,628,447,1,180
2014-02-28,MONTANA,MONTANA,NINTH CIRCUIT,134,114,2,0,18,10,8,2,0,0,124,106,0,18
2014-02-28,NEBRASKA,NEBRASKA,EIGHTH CIRCUIT,388,267,0,0,121,9,5,0,0,4,379,262,0,117
2014-02-28,NEVADA,NEVADA,NINTH CIRCUIT,864,715,12,0,136,22,13,9,0,0,842,702,3,136
2014-02-28,NEW HAMPSHIRE,NEW HAMPSHIRE,FIRST CIRCUIT,202,155,1,1,45,17,13,1,1,2,185,142,0,43
2014-02-28,NEW JERSEY,NEW JERSEY,THIRD CIRCUIT,2055,1524,24,0,507,59,34,19,0,6,1996,1490,5,501
2014-02-28,NEW MEXICO,NEW MEXICO,TENTH CIRCUIT,327,310,1,0,16,6,5,1,0,0,321,305,0,16
2014-02-28,NEW YORK EASTERN,NEW YORK,SECOND CIRCUIT,841,743,9,0,89,29,20,9,0,0,812,723,0,89
2014-02-28,NEW YORK NORTHERN,NEW YORK,SECOND CIRCUIT,559,438,2,2,117,13,8,1,2,2,546,430,1,115
2014-02-28,NEW YORK SOUTHERN,NEW YORK,SECOND CIRCUIT,585,457,13,0,111,36,13,11,0,8,549,444,2,103
2014-02-28,NEW YORK WESTERN,NEW YORK,SECOND CIRCUIT,335,245,4,0,86,12,6,4,0,2,323,239,0,84
2014-02-28,NORTH CAROLINA EASTERN,NORTH CAROLINA,FOURTH CIRCUIT,595,165,7,0,423,21,11,6,0,4,574,154,1,419
2014-02-28,NORTH CAROLINA MIDDLE,NORTH CAROLINA,FOURTH CIRCUIT,320,130,2,0,188,8,6,2,0,0,312,124,0,188
2014-02-28,NORTH CAROLINA WESTERN,NORTH CAROLINA,FOURTH CIRCUIT,324,177,1,0,146,11,11,0,0,0,313,166,1,146
2014-02-28,NORTH DAKOTA,NORTH DAKOTA,EIGHTH CIRCUIT,57,52,1,0,4,5,4,1,0,0,52,48,0,4
2014-02-28,NORTHERN MARIANAS,NORTHERN MARIANA ISLANDS,NINTH CIRCUIT,0,0,0,0,0,0,0,0,0,0,0,0,0,0
2014-02-28,OHIO NORTHERN,OHIO,SIXTH CIRCUIT,1667,1385,1,0,281,27,25,0,0,2,1640,1360,1,279
2014-02-28,OHIO SOUTHERN,OHIO,SIXTH CIRCUIT,1441,964,0,0,477,31,25,0,0,6,1410,939,0,471
2014-02-28,OKLAHOMA EASTERN,OKLAHOMA,TENTH CIRCUIT,95,91,0,0,4,3,3,0,0,0,92,88,0,4
2014-02-28,OKLAHOMA NORTHERN,OKLAHOMA,TENTH CIRCUIT,238,211,0,0,27,11,11,0,0,0,227,200,0,27
2014-02-28,OKLAHOMA WESTERN,OKLAHOMA,TENTH CIRCUIT,440,342,1,0,97,11,9,1,0,1,429,333,0,96
2014-02-28,OREGON,OREGON,NINTH CIRCUIT,966,812,4,0,150,18,11,4,0,3,948,801,0,147
2014-02-28,PENNSYLVANIA EASTERN,PENNSYLVANIA,THIRD CIRCUIT,719,410,6,0,303,22,13,6,0,3,697,397,0,300
2014-02-28,PENNSYLVANIA MIDDLE,PENNSYLVANIA,THIRD CIRCUIT,447,289,4,0,154,15,7,4,0,4,432,282,0,150
2014-02-28,PENNSYLVANIA WESTERN,PENNSYLVANIA,THIRD CIRCUIT,571,381,3,0,187,18,11,3,0,4,553,370,0,183
2014-02-28,PUERTO RICO,PUERTO RICO,FIRST CIRCUIT,933,331,14,2,586,34,15,12,2,5,899,316,2,581
2014-02-28,RHODE ISLAND,RHODE ISLAND,FIRST CIRCUIT,246,218,0,0,28,5,5,0,0,0,241,213,0,28
2014-02-28,SOUTH CAROLINA,SOUTH CAROLINA,FOURTH CIRCUIT,551,235,4,0,312,18,12,4,0,2,533,223,0,310
2014-02-28,SOUTH DAKOTA,SOUTH DAKOTA,EIGHTH CIRCUIT,75,65,1,0,9,8,4,1,0,3,67,61,0,6
2014-02-28,TENNESSEE EASTERN,TENNESSEE,SIXTH CIRCUIT,972,592,8,0,372,19,12,5,0,2,953,580,3,370
2014-02-28,TENNESSEE MIDDLE,TENNESSEE,SIXTH CIRCUIT,983,637,10,0,336,15,8,6,0,1,968,629,4,335
2014-02-28,TENNESSEE WESTERN,TENNESSEE,SIXTH CIRCUIT,1403,451,1,0,951,11,9,1,0,1,1392,442,0,950
2014-02-28,TEXAS EASTERN,TEXAS,FIFTH CIRCUIT,412,199,10,0,203,21,8,9,0,4,391,191,1,199
2014-02-28,TEXAS NORTHERN,TEXAS,FIFTH CIRCUIT,1018,419,10,1,588,60,40,9,1,10,958,379,1,578
2014-02-28,TEXAS SOUTHERN,TEXAS,FIFTH CIRCUIT,771,264,10,0,497,36,19,8,0,9,735,245,2,488
2014-02-28,TEXAS WESTERN,TEXAS,FIFTH CIRCUIT,715,323,4,0,388,41,34,4,0,3,674,289,0,385
2014-02-28,UTAH,UTAH,TENTH CIRCUIT,957,596,0,0,361,30,28,0,0,2,927,568,0,359
2014-02-28,VERMONT,VERMONT,SECOND CIRCUIT,56,32,0,0,24,3,2,0,0,1,53,30,0,23
2014-02-28,VIRGIN ISLANDS,VIRGIN ISLANDS,THIRD CIRCUIT,2,1,0,0,1,0,0,0,0,0,2,1,0,1
2014-02-28,VIRGINIA EASTERN,VIRGINIA,FOURTH CIRCUIT,1510,892,10,0,608,26,18,6,0,2,1484,874,4,606
2014-02-28,VIRGINIA WESTERN,VIRGINIA,FOURTH CIRCUIT,425,288,0,2,135,9,7,0,2,0,416,281,0,135
2014-02-28,WASHINGTON EASTERN,WASHINGTON,NINTH CIRCUIT,362,292,2,0,68,6,4,1,0,1,356,288,1,67
2014-02-28,WASHINGTON WESTERN,WASHINGTON,NINTH CIRCUIT,1422,1105,13,0,304,43,32,9,0,2,1379,1073,4,302
2014-02-28,WEST VIRGINIA NORTHERN,WEST VIRGINIA,FOURTH CIRCUIT,114,97,0,0,17,3,1,0,0,2,111,96,0,15
2014-02-28,WEST VIRGINIA SOUTHERN,WEST VIRGINIA,FOURTH CIRCUIT,161,135,3,0,23,8,4,3,0,1,153,131,0,22
2014-02-28,WISCONSIN EASTERN,WISCONSIN,SEVENTH CIRCUIT,1090,785,0,2,303,20,15,0,2,3,1070,770,0,300
2014-02-28,WISCONSIN WESTERN,WISCONSIN,SEVENTH CIRCUIT,414,356,1,2,55,12,10,0,2,0,402,346,1,55
2014-02-28,WYOMING,WYOMING,TENTH CIRCUIT,74,60,2,0,12,5,2,2,0,1,69,58,0,11
2014-03-31,ALABAMA MIDDLE,ALABAMA,ELEVENTH CIRCUIT,676,192,0,0,484,5,5,0,0,0,671,187,0,484
2014-03-31,ALABAMA NORTHERN,ALABAMA,ELEVENTH CIRCUIT,1219,697,5,0,517,13,8,4,0,1,1206,689,1,516
2014-03-31,ALABAMA SOUTHERN,ALABAMA,ELEVENTH CIRCUIT,393,135,1,0,257,8,6,1,0,1,385,129,0,256
2014-03-31,ALASKA,ALASKA,NINTH CIRCUIT,49,38,1,0,10,11,10,1,0,0,38,28,0,10
2014-03-31,ARIZONA,ARIZONA,NINTH CIRCUIT,2014,1763,33,1,217,56,29,26,1,0,1958,1734,7,217
2014-03-31,ARKANSAS EASTERN,ARKANSAS,EIGHTH CIRCUIT,685,364,0,1,320,7,6,0,1,0,678,358,0,320
2014-03-31,ARKANSAS WESTERN,ARKANSAS,EIGHTH CIRCUIT,401,249,3,3,146,17,10,3,3,1,384,239,0,145
2014-03-31,CALIFORNIA CENTRAL,CALIFORNIA,NINTH CIRCUIT,5607,4573,61,1,971,200,144,47,1,7,5407,4429,14,964
2014-03-31,CALIFORNIA EASTERN,CALIFORNIA,NINTH CIRCUIT,2134,1772,10,2,350,64,48,8,2,6,2070,1724,2,344
2014-03-31,CALIFORNIA NORTHERN,CALIFORNIA,NINTH CIRCUIT,1364,849,15,2,498,74,46,10,2,16,1290,803,5,482
2014-03-31,CALIFORNIA SOUTHERN,CALIFORNIA,NINTH CIRCUIT,992,794,6,0,192,28,23,4,0,1,964,771,2,191
2014-03-31,COLORADO,COLORADO,TENTH CIRCUIT,1925,1668,5,0,252,43,35,5,0,3,1882,1633,0,249
2014-03-31,CONNECTICUT,CONNECTICUT,SECOND CIRCUIT,671,558,10,0,103,22,13,6,0,3,649,545,4,100
2014-03-31,DELAWARE,DELAWARE,THIRD CIRCUIT,268,166,61,0,41,70,8,61,0,1,198,158,0,40
2014-03-31,DISTRICT OF COLUMBIA,DISTRICT OF COLUMBIA,DC CIRCUIT,74,55,11,0,8,13,0,11,0,2,61,55,0,6
2014-03-31,FLORIDA MIDDLE,FLORIDA,ELEVENTH CIRCUIT,3430,2425,30,3,972,126,89,26,3,8,3304,2336,4,964
2014-03-31,FLORIDA NORTHERN,FLORIDA,ELEVENTH CIRCUIT,281,228,5,2,46,17,9,5,2,1,264,219,0,45
2014-03-31,FLORIDA SOUTHERN,FLORIDA,ELEVENTH CIRCUIT,2639,1573,19,1,1045,56,38,13,1,3,2583,1535,6,1042
2014-03-31,GEORGIA MIDDLE,GEORGIA,ELEVENTH CIRCUIT,835,355,5,0,475,18,9,5,0,4,817,346,0,471
2014-03-31,GEORGIA NORTHERN,GEORGIA,ELEVENTH CIRCUIT,3616,2205,7,1,1403,76,61,7,1,7,3540,2144,0,1396
2014-03-31,GEORGIA SOUTHERN,GEORGIA,ELEVENTH CIRCUIT,681,186,1,0,494,10,8,0,0,2,671,178,1,492
2014-03-31,GUAM,GUAM,NINTH CIRCUIT,17,14,0,0,3,0,0,0,0,0,17,14,0,3
2014-03-31,HAWAII,HAWAII,NINTH CIRCUIT,166,123,1,0,42,7,5,1,0,1,159,118,0,41
2014-03-31,IDAHO,IDAHO,NINTH CIRCUIT,497,453,3,0,41,11,8,3,0,0,486,445,0,41
2014-03-31,ILLINOIS CENTRAL,ILLINOIS,SEVENTH CIRCUIT,675,584,1,0,90,8,7,1,0,0,667,577,0,90
2014-03-31,ILLINOIS NORTHERN,ILLINOIS,SEVENTH CIRCUIT,5346,3490,25,0,1831,102,70,21,0,11,5244,3420,4,1820
2014-03-31,ILLINOIS SOUTHERN,ILLINOIS,SEVENTH CIRCUIT,400,293,0,0,107,3,3,0,0,0,397,290,0,107
2014-03-31,INDIANA NORTHERN,INDIANA,SEVENTH CIRCUIT,1327,1074,1,0,252,12,8,1,0,3,1315,1066,0,249
2014-03-31,INDIANA SOUTHERN,INDIANA,SEVENTH CIRCUIT,2013,1544,6,2,461,38,26,6,2,4,1975,1518,0,457
2014-03-31,IOWA NORTHERN,IOWA,EIGHTH CIRCUIT,210,199,0,0,11,2,2,0,0,0,208,197,0,11
2014-03-31,IOWA SOUTHERN,IOWA,EIGHTH CIRCUIT,384,341,1,1,41,11,9,1,1,0,373,332,0,41
2014-03-31,KANSAS,KANSAS,TENTH CIRCUIT,788,510,2,1,275,21,13,2,1,5,767,497,0,270
2014-03-31,KENTUCKY EASTERN,KENTUCKY,SIXTH CIRCUIT,893,692,1,1,199,16,13,1,1,1,877,679,0,198
2014-03-31,KENTUCKY WESTERN,KENTUCKY,SIXTH CIRCUIT,896,695,4,0,197,13,6,4,0,3,883,689,0,194
2014-03-31,LOUISIANA EASTERN,LOUISIANA,FIFTH CIRCUIT,327,179,2,0,146,15,13,2,0,0,312,166,0,146
2014-03-31,LOUISIANA MIDDLE,LOUISIANA,FIFTH CIRCUIT,154,90,0,0,64,4,4,0,0,0,150,86,0,64
2014-03-31,LOUISIANA WESTERN,LOUISIANA,FIFTH CIRCUIT,892,258,1,0,633,11,8,1,0,2,881,250,0,631
2014-03-31,MAINE,MAINE,FIRST CIRCUIT,204,165,0,0,39,7,4,0,0,3,197,161,0,36
2014-03-31,MARYLAND,MARYLAND,FOURTH CIRCUIT,1985,1525,17,0,443,39,24,13,0,2,1946,1501,4,441
2014-03-31,MASSACHUSETTS,MASSACHUSETTS,FIRST CIRCUIT,1090,892,10,3,185,54,36,10,3,5,1036,856,0,180
2014-03-31,MICHIGAN EASTERN,MICHIGAN,SIXTH CIRCUIT,3080,2500,14,4,562,45,21,11,4,9,3035,2479,3,553
2014-03-31,MICHIGAN WESTERN,MICHIGAN,SIXTH CIRCUIT,1019,883,1,0,135,19,15,1,0,3,1000,868,0,132
2014-03-31,MINNESOTA,MINNESOTA,EIGHTH CIRCUIT,1223,1066,3,1,153,37,31,3,1,2,1186,1035,0,151
2014-03-31,MISSISSIPPI NORTHERN,MISSISSIPPI,FIFTH CIRCUIT,491,253,2,0,236,11,9,2,0,0,480,244,0,236
2014-03-31,MISSISSIPPI SOUTHERN,MISSISSIPPI,FIFTH CIRCUIT,666,386,0,0,279,19,18,0,0,0,647,368,0,279
2014-03-31,MISSOURI EASTERN,MISSOURI,EIGHTH CIRCUIT,1305,983,0,0,322,14,14,0,0,0,1291,969,0,322
2014-03-31,MISSOURI WESTERN,MISSOURI,EIGHTH CIRCUIT,976,748,2,0,226,22,19,2,0,1,954,729,0,225
2014-03-31,MONTANA,MONTANA,NINTH CIRCUIT,194,173,1,0,20,7,4,1,0,2,187,169,0,18
2014-03-31,NEBRASKA,NEBRASKA,EIGHTH CIRCUIT,482,356,0,1,125,6,5,0,1,0,476,351,0,125
2014-03-31,NEVADA,NEVADA,NINTH CIRCUIT,1119,912,21,0,186,25,11,12,0,2,1094,901,9,184
2014-03-31,NEW HAMPSHIRE,NEW HAMPSHIRE,FIRST CIRCUIT,275,223,1,0,51,14,10,1,0,3,261,213,0,48
2014-03-31,NEW JERSEY,NEW JERSEY,THIRD CIRCUIT,2582,2027,21,0,534,69,50,17,0,2,2513,1977,4,532
2014-03-31,NEW MEXICO,NEW MEXICO,TENTH CIRCUIT,346,312,8,0,26,16,8,8,0,0,330,304,0,26
2014-03-31,NEW YORK EASTERN,NEW YORK,SECOND CIRCUIT,1241,1066,25,0,150,55,29,25,0,1,1186,1037,0,149
2014-03-31,NEW YORK NORTHERN,NEW YORK,SECOND CIRCUIT,785,645,3,2,135,26,18,3,2,3,759,627,0,132
2014-03-31,NEW YORK SOUTHERN,NEW YORK,SECOND CIRCUIT,828,651,67,0,110,92,25,66,0,1,736,626,1,109
2014-03-31,NEW YORK WESTERN,NEW YORK,SECOND CIRCUIT,486,391,2,1,92,17,13,2,1,1,469,378,0,91
2014-03-31,NORTH CAROLINA EASTERN,NORTH CAROLINA,FOURTH CIRCUIT,644,224,8,0,412,21,10,7,0,4,623,214,1,408
2014-03-31,NORTH CAROLINA MIDDLE,NORTH CAROLINA,FOURTH CIRCUIT,410,202,3,0,205,11,8,2,0,1,399,194,1,204
2014-03-31,NORTH CAROLINA WESTERN,NORTH CAROLINA,FOURTH CIRCUIT,462,277,1,0,184,11,8,1,0,2,451,269,0,182
2014-03-31,NORTH DAKOTA,NORTH DAKOTA,EIGHTH CIRCUIT,58,49,0,0,9,1,0,0,0,1,57,49,0,8
2014-03-31,NORTHERN MARIANAS,NORTHERN MARIANA ISLANDS,NINTH CIRCUIT,0,0,0,0,0,0,0,0,0,0,0,0,0,0
2014-03-31,OHIO NORTHERN,OHIO,SIXTH CIRCUIT,2332,2006,3,0,323,34,29,3,0,2,2298,1977,0,321
2014-03-31,OHIO SOUTHERN,OHIO,SIXTH CIRCUIT,2039,1548,1,0,490,29,24,1,0,4,2010,1524,0,486
2014-03-31,OKLAHOMA EASTERN,OKLAHOMA,TENTH CIRCUIT,140,123,1,0,16,2,1,1,0,0,138,122,0,16
2014-03-31,OKLAHOMA NORTHERN,OKLAHOMA,TENTH CIRCUIT,277,248,0,1,28,6,5,0,1,0,271,243,0,28
2014-03-31,OKLAHOMA WESTERN,OKLAHOMA,TENTH CIRCUIT,603,487,0,2,114,13,11,0,2,0,590,476,0,114
2014-03-31,OREGON,OREGON,NINTH CIRCUIT,1211,1014,0,0,197,12,9,0,0,3,1199,1005,0,194
2014-03-31,PENNSYLVANIA EASTERN,PENNSYLVANIA,THIRD CIRCUIT,1000,611,10,0,379,30,17,8,0,5,970,594,2,374
2014-03-31,PENNSYLVANIA MIDDLE,PENNSYLVANIA,THIRD CIRCUIT,609,441,1,0,167,19,15,1,0,3,590,426,0,164
2014-03-31,PENNSYLVANIA WESTERN,PENNSYLVANIA,THIRD CIRCUIT,780,577,7,1,195,22,15,6,1,0,758,562,1,195
2014-03-31,PUERTO RICO,PUERTO RICO,FIRST CIRCUIT,1034,392,19,2,621,36,10,18,2,6,998,382,1,615
2014-03-31,RHODE ISLAND,RHODE ISLAND,FIRST CIRCUIT,294,239,0,0,55,14,14,0,0,0,280,225,0,55
2014-03-31,SOUTH CAROLINA,SOUTH CAROLINA,FOURTH CIRCUIT,683,327,3,0,353,16,14,2,0,0,667,313,1,353
2014-03-31,SOUTH DAKOTA,SOUTH DAKOTA,EIGHTH CIRCUIT,132,126,0,0,6,3,2,0,0,1,129,124,0,5
2014-03-31,TENNESSEE EASTERN,TENNESSEE,SIXTH CIRCUIT,1165,745,6,0,414,16,10,6,0,0,1149,735,0,414
2014-03-31,TENNESSEE MIDDLE,TENNESSEE,SIXTH CIRCUIT,976,644,11,0,321,30,21,9,0,0,946,623,2,321
2014-03-31,TENNESSEE WESTERN,TENNESSEE,SIXTH CIRCUIT,1441,475,8,0,958,18,11,7,0,0,1423,464,1,958
2014-03-31,TEXAS EASTERN,TEXAS,FIFTH CIRCUIT,495,238,4,1,252,29,22,4,1,2,466,216,0,250
2014-03-31,TEXAS NORTHERN,TEXAS,FIFTH CIRCUIT,1276,535,23,1,717,63,38,23,1,1,1213,497,0,716
2014-03-31,TEXAS SOUTHERN,TEXAS,FIFTH CIRCUIT,989,358,18,1,612,43,19,18,1,5,946,339,0,607
2014-03-31,TEXAS WESTERN,TEXAS,FIFTH CIRCUIT,852,432,15,0,405,57,38,15,0,4,795,394,0,401
2014-03-31,UTAH,UTAH,TENTH CIRCUIT,1380,962,2,0,416,17,13,2,0,2,1363,949,0,414
2014-03-31,VERMONT,VERMONT,SECOND CIRCUIT,74,58,0,0,16,2,2,0,0,0,72,56,0,16
2014-03-31,VIRGIN ISLANDS,VIRGIN ISLANDS,THIRD CIRCUIT,2,1,0,0,1,1,1,0,0,0,1,0,0,1
2014-03-31,VIRGINIA EASTERN,VIRGINIA,FOURTH CIRCUIT,1744,1119,10,0,615,41,30,10,0,1,1703,1089,0,614
2014-03-31,VIRGINIA WESTERN,VIRGINIA,FOURTH CIRCUIT,556,403,4,0,149,11,7,4,0,0,545,396,0,149
2014-03-31,WASHINGTON EASTERN,WASHINGTON,NINTH CIRCUIT,506,414,3,0,89,10,7,3,0,0,496,407,0,89
2014-03-31,WASHINGTON WESTERN,WASHINGTON,NINTH CIRCUIT,1751,1416,10,0,325,51,35,9,0,7,1700,1381,1,318
2014-03-31,WEST VIRGINIA NORTHERN,WEST VIRGINIA,FOURTH CIRCUIT,149,129,1,0,19,4,2,1,0,1,145,127,0,18
2014-03-31,WEST VIRGINIA SOUTHERN,WEST VIRGINIA,FOURTH CIRCUIT,193,174,1,0,18,4,1,1,0,2,189,173,0,16
2014-03-31,WISCONSIN EASTERN,WISCONSIN,SEVENTH CIRCUIT,1477,1121,4,0,352,28,22,4,0,2,1449,1099,0,350
2014-03-31,WISCONSIN WESTERN,WISCONSIN,SEVENTH CIRCUIT,553,476,7,0,70,18,10,5,0,3,535,466,2,67
2014-03-31,WYOMING,WYOMING,TENTH CIRCUIT,106,95,2,0,9,6,3,2,0,1,100,92,0,8
2014-04-30,ALABAMA MIDDLE,ALABAMA,ELEVENTH CIRCUIT,630,127,2,0,501,6,4,2,0,0,624,123,0,501
2014-04-30,ALABAMA NORTHERN,ALABAMA,ELEVENTH CIRCUIT,1213,670,7,0,536,22,16,6,0,0,1191,654,1,536
2014-04-30,ALABAMA SOUTHERN,ALABAMA,ELEVENTH CIRCUIT,364,128,0,1,235,6,5,0,1,0,358,123,0,235
2014-04-30,ALASKA,ALASKA,NINTH CIRCUIT,48,42,0,1,5,3,1,0,1,1,45,41,0,4
2014-04-30,ARIZONA,ARIZONA,NINTH CIRCUIT,2149,1895,21,0,233,57,42,15,0,0,2092,1853,6,233
2014-04-30,ARKANSAS EASTERN,ARKANSAS,EIGHTH CIRCUIT,638,317,2,0,319,10,6,2,0,2,628,311,0,317
2014-04-30,ARKANSAS WESTERN,ARKANSAS,EIGHTH CIRCUIT,378,234,4,1,139,14,6,4,1,3,364,228,0,136
2014-04-30,CALIFORNIA CENTRAL,CALIFORNIA,NINTH CIRCUIT,5526,4559,38,0,929,184,150,24,0,10,5342,4409,14,919
2014-04-30,CALIFORNIA EASTERN,CALIFORNIA,NINTH CIRCUIT,2158,1811,10,0,337,52,40,7,0,5,2106,1771,3,332
2014-04-30,CALIFORNIA NORTHERN,CALIFORNIA,NINTH CIRCUIT,1474,936,12,0,525,50,37,6,0,6,1424,899,6,519
2014-04-30,CALIFORNIA SOUTHERN,CALIFORNIA,NINTH CIRCUIT,973,805,11,0,157,37,23,7,0,7,936,782,4,150
2014-04-30,COLORADO,COLORADO,TENTH CIRCUIT,1805,1562,8,0,234,48,37,5,0,5,1757,1525,3,229
2014-04-30,CONNECTICUT,CONNECTICUT,SECOND CIRCUIT,635,523,14,0,98,31,20,11,0,0,604,503,3,98
2014-04-30,DELAWARE,DELAWARE,THIRD CIRCUIT,386,177,139,0,70,155,15,139,0,1,231,162,0,69
2014-04-30,DISTRICT OF COLUMBIA,DISTRICT OF COLUMBIA,DC CIRCUIT,70,61,3,0,6,4,2,2,0,0,66,59,1,6
2014-04-30,FLORIDA MIDDLE,FLORIDA,ELEVENTH CIRCUIT,3383,2392,53,2,935,131,82,41,2,6,3252,2310,12,929
2014-04-30,FLORIDA NORTHERN,FLORIDA,ELEVENTH CIRCUIT,279,229,4,0,46,16,12,4,0,0,263,217,0,46
2014-04-30,FLORIDA SOUTHERN,FLORIDA,ELEVENTH CIRCUIT,2714,1612,31,2,1069,71,37,26,2,6,2643,1575,5,1063
2014-04-30,GEORGIA MIDDLE,GEORGIA,ELEVENTH CIRCUIT,734,269,1,1,463,11,8,1,1,1,723,261,0,462
2014-04-30,GEORGIA NORTHERN,GEORGIA,ELEVENTH CIRCUIT,2718,1700,10,0,1008,59,49,9,0,1,2659,1651,1,1007
2014-04-30,GEORGIA SOUTHERN,GEORGIA,ELEVENTH CIRCUIT,667,161,0,0,506,3,3,0,0,0,664,158,0,506
2014-04-30,GUAM,GUAM,NINTH CIRCUIT,12,10,0,0,2,0,0,0,0,0,12,10,0,2
2014-04-30,HAWAII,HAWAII,NINTH CIRCUIT,164,113,0,0,51,4,4,0,0,0,160,109,0,51
2014-04-30,IDAHO,IDAHO,NINTH CIRCUIT,520,478,2,0,40,10,7,2,0,1,510,471,0,39
2014-04-30,ILLINOIS CENTRAL,ILLINOIS,SEVENTH CIRCUIT,682,585,0,1,96,16,13,0,1,2,666,572,0,94
2014-04-30,ILLINOIS NORTHERN,ILLINOIS,SEVENTH CIRCUIT,4913,3242,22,0,1649,89,65,20,0,4,4824,3177,2,1645
2014-04-30,ILLINOIS SOUTHERN,ILLINOIS,SEVENTH CIRCUIT,433,303,4,0,126,8,3,4,0,1,425,300,0,125
2014-04-30,INDIANA NORTHERN,INDIANA,SEVENTH CIRCUIT,1316,1016,2,0,298,10,6,1,0,3,1306,1010,1,295
2014-04-30,INDIANA SOUTHERN,INDIANA,SEVENTH CIRCUIT,1904,1403,10,0,491,20,9,10,0,1,1884,1394,0,490
2014-04-30,IOWA NORTHERN,IOWA,EIGHTH CIRCUIT,238,228,0,0,10,7,7,0,0,0,231,221,0,10
2014-04-30,IOWA SOUTHERN,IOWA,EIGHTH CIRCUIT,360,319,1,0,40,10,8,1,0,1,350,311,0,39
2014-04-30,KANSAS,KANSAS,TENTH CIRCUIT,800,513,0,0,287,17,14,0,0,3,783,499,0,284
2014-04-30,KENTUCKY EASTERN,KENTUCKY,SIXTH CIRCUIT,866,624,0,1,241,5,4,0,1,0,861,620,0,241
2014-04-30,KENTUCKY WESTERN,KENTUCKY,SIXTH CIRCUIT,835,618,2,0,215,9,3,2,0,4,826,615,0,211
2014-04-30,LOUISIANA EASTERN,LOUISIANA,FIFTH CIRCUIT,315,160,5,0,150,14,9,4,0,1,301,151,1,149
2014-04-30,LOUISIANA MIDDLE,LOUISIANA,FIFTH CIRCUIT,159,84,0,0,75,4,4,0,0,0,155,80,0,75
2014-04-30,LOUISIANA WESTERN,LOUISIANA,FIFTH CIRCUIT,825,193,4,0,628,8,4,4,0,0,817,189,0,628
2014-04-30,MAINE,MAINE,FIRST CIRCUIT,201,160,2,1,38,8,5,0,1,2,193,155,2,36
2014-04-30,MARYLAND,MARYLAND,FOURTH CIRCUIT,1967,1489,10,0,468,48,34,9,0,5,1919,1455,1,463
2014-04-30,MASSACHUSETTS,MASSACHUSETTS,FIRST CIRCUIT,1005,785,12,4,204,44,27,10,4,3,961,758,2,201
2014-04-30,MICHIGAN EASTERN,MICHIGAN,SIXTH CIRCUIT,2788,2323,8,3,454,34,20,8,3,3,2754,2303,0,451
2014-04-30,MICHIGAN WESTERN,MICHIGAN,SIXTH CIRCUIT,897,780,4,0,113,13,8,4,0,1,884,772,0,112
2014-04-30,MINNESOTA,MINNESOTA,EIGHTH CIRCUIT,1253,1065,2,0,186,35,32,2,0,1,1218,1033,0,185
2014-04-30,MISSISSIPPI NORTHERN,MISSISSIPPI,FIFTH CIRCUIT,405,185,5,0,215,13,8,5,0,0,392,177,0,215
2014-04-30,MISSISSIPPI SOUTHERN,MISSISSIPPI,FIFTH CIRCUIT,525,297,4,0,224,13,9,3,0,1,512,288,1,223
2014-04-30,MISSOURI EASTERN,MISSOURI,EIGHTH CIRCUIT,1328,986,10,0,332,37,27,10,0,0,1291,959,0,332
2014-04-30,MISSOURI WESTERN,MISSOURI,EIGHTH CIRCUIT,914,693,6,0,215,17,9,6,0,2,897,684,0,213
2014-04-30,MONTANA,MONTANA,NINTH CIRCUIT,168,152,0,0,16,3,3,0,0,0,165,149,0,16
2014-04-30,NEBRASKA,NEBRASKA,EIGHTH CIRCUIT,480,344,0,4,131,12,7,0,4,0,468,337,0,131
2014-04-30,NEVADA,NEVADA,NINTH CIRCUIT,1145,971,18,1,155,37,21,12,1,3,1108,950,6,152
2014-04-30,NEW HAMPSHIRE,NEW HAMPSHIRE,FIRST CIRCUIT,247,197,1,0,49,13,9,1,0,3,234,188,0,46
2014-04-30,NEW JERSEY,NEW JERSEY,THIRD CIRCUIT,2632,2001,26,1,604,77,46,23,1,7,2555,1955,3,597
2014-04-30,NEW MEXICO,NEW MEXICO,TENTH CIRCUIT,388,355,3,0,30,15,12,3,0,0,373,343,0,30
2014-04-30,NEW YORK EASTERN,NEW YORK,SECOND CIRCUIT,1264,1100,15,0,149,42,27,14,0,1,1222,1073,1,148
2014-04-30,NEW YORK NORTHERN,NEW YORK,SECOND CIRCUIT,658,542,1,0,115,3,2,1,0,0,655,540,0,115
2014-04-30,NEW YORK SOUTHERN,NEW YORK,SECOND CIRCUIT,832,599,114,0,117,138,22,112,0,2,694,577,2,115
2014-04-30,NEW YORK WESTERN,NEW YORK,SECOND CIRCUIT,489,377,0,2,110,11,7,0,2,2,478,370,0,108
2014-04-30,NORTH CAROLINA EASTERN,NORTH CAROLINA,FOURTH CIRCUIT,663,209,10,0,444,21,10,7,0,4,642,199,3,440
2014-04-30,NORTH CAROLINA MIDDLE,NORTH CAROLINA,FOURTH CIRCUIT,393,174,1,0,218,12,11,1,0,0,381,163,0,218
2014-04-30,NORTH CAROLINA WESTERN,NORTH CAROLINA,FOURTH CIRCUIT,458,270,2,0,186,19,14,2,0,3,439,256,0,183
2014-04-30,NORTH DAKOTA,NORTH DAKOTA,EIGHTH CIRCUIT,74,69,0,0,5,2,2,0,0,0,72,67,0,5
2014-04-30,NORTHERN MARIANAS,NORTHERN MARIANA ISLANDS,NINTH CIRCUIT,1,1,0,0,0,0,0,0,0,0,1,1,0,0
2014-04-30,OHIO NORTHERN,OHIO,SIXTH CIRCUIT,2150,1799,6,0,345,34,21,6,0,7,2116,1778,0,338
2014-04-30,OHIO SOUTHERN,OHIO,SIXTH CIRCUIT,1992,1478,2,1,511,22,17,2,1,2,1970,1461,0,509
2014-04-30,OKLAHOMA EASTERN,OKLAHOMA,TENTH CIRCUIT,151,144,2,0,5,2,1,1,0,0,149,143,1,5
2014-04-30,OKLAHOMA NORTHERN,OKLAHOMA,TENTH CIRCUIT,278,256,1,0,21,11,10,1,0,0,267,246,0,21
2014-04-30,OKLAHOMA WESTERN,OKLAHOMA,TENTH CIRCUIT,556,453,4,0,99,15,10,4,0,1,541,443,0,98
2014-04-30,OREGON,OREGON,NINTH CIRCUIT,1272,1037,7,0,228,30,22,5,0,3,1242,1015,2,225
2014-04-30,PENNSYLVANIA EASTERN,PENNSYLVANIA,THIRD CIRCUIT,974,606,10,1,357,32,14,9,1,8,942,592,1,349
2014-04-30,PENNSYLVANIA MIDDLE,PENNSYLVANIA,THIRD CIRCUIT,610,392,4,1,213,23,14,4,1,4,587,378,0,209
2014-04-30,PENNSYLVANIA WESTERN,PENNSYLVANIA,THIRD CIRCUIT,761,555,7,2,197,12,3,6,2,1,749,552,1,196
2014-04-30,PUERTO RICO,PUERTO RICO,FIRST CIRCUIT,973,415,25,3,530,38,12,20,3,3,935,403,5,527
2014-04-30,RHODE ISLAND,RHODE ISLAND,FIRST CIRCUIT,323,283,0,0,40,7,5,0,0,2,316,278,0,38
2014-04-30,SOUTH CAROLINA,SOUTH CAROLINA,FOURTH CIRCUIT,676,308,2,1,365,12,8,2,1,1,664,300,0,364
2014-04-30,SOUTH DAKOTA,SOUTH DAKOTA,EIGHTH CIRCUIT,124,115,1,0,8,6,5,1,0,0,118,110,0,8
2014-04-30,TENNESSEE EASTERN,TENNESSEE,SIXTH CIRCUIT,1143,684,4,0,455,16,11,4,0,1,1127,673,0,454
2014-04-30,TENNESSEE MIDDLE,TENNESSEE,SIXTH CIRCUIT,896,544,10,1,341,12,7,4,1,0,884,537,6,341
2014-04-30,TENNESSEE WESTERN,TENNESSEE,SIXTH CIRCUIT,1460,392,4,0,1064,12,6,4,0,2,1448,386,0,1062
2014-04-30,TEXAS EASTERN,TEXAS,FIFTH CIRCUIT,421,237,5,0,179,31,23,5,0,3,390,214,0,176
2014-04-30,TEXAS NORTHERN,TEXAS,FIFTH CIRCUIT,1041,502,9,2,528,57,41,8,2,6,984,461,1,522
2014-04-30,TEXAS SOUTHERN,TEXAS,FIFTH CIRCUIT,720,361,10,0,349,51,37,9,0,5,669,324,1,344
2014-04-30,TEXAS WESTERN,TEXAS,FIFTH CIRCUIT,692,417,6,0,269,48,40,5,0,3,644,377,1,266
2014-04-30,UTAH,UTAH,TENTH CIRCUIT,1305,923,1,0,381,17,15,1,0,1,1288,908,0,380
2014-04-30,VERMONT,VERMONT,SECOND CIRCUIT,91,71,0,0,20,1,1,0,0,0,90,70,0,20
2014-04-30,VIRGIN ISLANDS,VIRGIN ISLANDS,THIRD CIRCUIT,1,1,0,0,0,0,0,0,0,0,1,1,0,0
2014-04-30,VIRGINIA EASTERN,VIRGINIA,FOURTH CIRCUIT,1789,1137,43,1,608,73,27,42,1,3,1716,1110,1,605
2014-04-30,VIRGINIA WESTERN,VIRGINIA,FOURTH CIRCUIT,542,386,1,0,155,13,12,1,0,0,529,374,0,155
2014-04-30,WASHINGTON EASTERN,WASHINGTON,NINTH CIRCUIT,458,373,2,1,82,9,6,2,1,0,449,367,0,82
2014-04-30,WASHINGTON WESTERN,WASHINGTON,NINTH CIRCUIT,1682,1363,14,1,304,45,30,11,1,3,1637,1333,3,301
2014-04-30,WEST VIRGINIA NORTHERN,WEST VIRGINIA,FOURTH CIRCUIT,177,161,0,0,16,2,2,0,0,0,175,159,0,16
2014-04-30,WEST VIRGINIA SOUTHERN,WEST VIRGINIA,FOURTH CIRCUIT,189,163,1,0,25,8,6,1,0,1,181,157,0,24
2014-04-30,WISCONSIN EASTERN,WISCONSIN,SEVENTH CIRCUIT,2019,1553,5,0,461,32,21,4,0,7,1987,1532,1,454
2014-04-30,WISCONSIN WESTERN,WISCONSIN,SEVENTH CIRCUIT,638,546,2,0,90,17,11,2,0,4,621,535,0,86
2014-04-30,WYOMING,WYOMING,TENTH CIRCUIT,107,98,0,1,8,7,6,0,1,0,100,92,0,8
2014-05-31,ALABAMA MIDDLE,ALABAMA,ELEVENTH CIRCUIT,669,153,0,0,516,8,8,0,0,0,661,145,0,516
2014-05-31,ALABAMA NORTHERN,ALABAMA,ELEVENTH CIRCUIT,1092,554,5,0,533,19,13,4,0,2,1073,541,1,531
2014-05-31,ALABAMA SOUTHERN,ALABAMA,ELEVENTH CIRCUIT,406,135,1,0,270,5,4,1,0,0,401,131,0,270
2014-05-31,ALASKA,ALASKA,NINTH CIRCUIT,46,41,0,0,5,2,1,0,0,1,44,40,0,4
2014-05-31,ARIZONA,ARIZONA,NINTH CIRCUIT,2064,1826,34,0,204,64,37,24,0,3,2000,1789,10,201
2014-05-31,ARKANSAS EASTERN,ARKANSAS,EIGHTH CIRCUIT,646,283,0,0,363,11,10,0,0,1,635,273,0,362
2014-05-31,ARKANSAS WESTERN,ARKANSAS,EIGHTH CIRCUIT,374,217,1,1,154,15,11,1,1,1,359,206,0,153
2014-05-31,CALIFORNIA CENTRAL,CALIFORNIA,NINTH CIRCUIT,5658,4659,55,0,944,178,139,32,0,7,5480,4520,23,937
2014-05-31,CALIFORNIA EASTERN,CALIFORNIA,NINTH CIRCUIT,2057,1693,8,4,352,61,43,6,4,8,1996,1650,2,344
2014-05-31,CALIFORNIA NORTHERN,CALIFORNIA,NINTH CIRCUIT,1324,807,20,1,496,60,38,15,1,6,1264,769,5,490
2014-05-31,CALIFORNIA SOUTHERN,CALIFORNIA,NINTH CIRCUIT,995,831,1,0,163,31,25,1,0,5,964,806,0,158
2014-05-31,COLORADO,COLORADO,TENTH CIRCUIT,1810,1543,4,0,263,40,36,4,0,0,1770,1507,0,263
2014-05-31,CONNECTICUT,CONNECTICUT,SECOND CIRCUIT,694,591,17,0,86,37,19,15,0,3,657,572,2,83
2014-05-31,DELAWARE,DELAWARE,THIRD CIRCUIT,290,190,14,1,84,32,16,14,1,0,258,174,0,84
2014-05-31,DISTRICT OF COLUMBIA,DISTRICT OF COLUMBIA,DC CIRCUIT,79,55,11,0,13,10,0,9,0,1,69,55,2,12
2014-05-31,FLORIDA MIDDLE,FLORIDA,ELEVENTH CIRCUIT,3407,2435,24,2,946,135,96,23,2,14,3272,2339,1,932
2014-05-31,FLORIDA NORTHERN,FLORIDA,ELEVENTH CIRCUIT,291,236,4,0,51,17,13,3,0,1,274,223,1,50
2014-05-31,FLORIDA SOUTHERN,FLORIDA,ELEVENTH CIRCUIT,2688,1592,18,0,1078,53,37,8,0,8,2635,1555,10,1070
2014-05-31,GEORGIA MIDDLE,GEORGIA,ELEVENTH CIRCUIT,791,253,2,3,533,17,8,2,3,4,774,245,0,529
2014-05-31,GEORGIA NORTHERN,GEORGIA,ELEVENTH CIRCUIT,3165,1760,31,2,1372,98,61,31,2,4,3067,1699,0,1368
2014-05-31,GEORGIA SOUTHERN,GEORGIA,ELEVENTH CIRCUIT,675,163,0,0,512,8,8,0,0,0,667,155,0,512
2014-05-31,GUAM,GUAM,NINTH CIRCUIT,19,13,0,0,6,1,1,0,0,0,18,12,0,6
2014-05-31,HAWAII,HAWAII,NINTH CIRCUIT,153,99,0,0,54,3,2,0,0,1,150,97,0,53
2014-05-31,IDAHO,IDAHO,NINTH CIRCUIT,480,432,1,3,44,13,9,1,3,0,467,423,0,44
2014-05-31,ILLINOIS CENTRAL,ILLINOIS,SEVENTH CIRCUIT,572,467,0,0,105,7,7,0,0,0,565,460,0,105
2014-05-31,ILLINOIS NORTHERN,ILLINOIS,SEVENTH CIRCUIT,4668,3029,18,0,1621,90,76,13,0,1,4578,2953,5,1620
2014-05-31,ILLINOIS SOUTHERN,ILLINOIS,SEVENTH CIRCUIT,417,277,1,0,139,13,11,1,0,1,404,266,0,138
2014-05-31,INDIANA NORTHERN,INDIANA,SEVENTH CIRCUIT,1212,998,4,0,210,13,7,4,0,2,1199,991,0,208
2014-05-31,INDIANA SOUTHERN,INDIANA,SEVENTH CIRCUIT,1813,1313,7,0,493,30,21,7,0,2,1783,1292,0,491
2014-05-31,IOWA NORTHERN,IOWA,EIGHTH CIRCUIT,222,217,0,0,5,2,2,0,0,0,220,215,0,5
2014-05-31,IOWA SOUTHERN,IOWA,EIGHTH CIRCUIT,317,291,0,0,26,10,10,0,0,0,307,281,0,26
2014-05-31,KANSAS,KANSAS,TENTH CIRCUIT,712,431,2,0,279,12,9,2,0,1,700,422,0,278
2014-05-31,KENTUCKY EASTERN,KENTUCKY,SIXTH CIRCUIT,782,580,4,0,198,20,15,4,0,1,762,565,0,197
2014-05-31,KENTUCKY WESTERN,KENTUCKY,SIXTH CIRCUIT,709,537,2,0,170,10,6,2,0,2,699,531,0,168
2014-05-31,LOUISIANA EASTERN,LOUISIANA,FIFTH CIRCUIT,352,169,5,0,178,19,14,5,0,0,333,155,0,178
2014-05-31,LOUISIANA MIDDLE,LOUISIANA,FIFTH CIRCUIT,144,88,1,0,55,5,2,1,0,2,139,86,0,53
2014-05-31,LOUISIANA WESTERN,LOUISIANA,FIFTH CIRCUIT,867,221,5,1,640,14,8,5,1,0,853,213,0,640
2014-05-31,MAINE,MAINE,FIRST CIRCUIT,230,194,3,1,32,15,8,3,1,3,215,186,0,29
2014-05-31,MARYLAND,MARYLAND,FOURTH CIRCUIT,1959,1441,10,0,508,31,21,7,0,3,1928,1420,3,505
2014-05-31,MASSACHUSETTS,MASSACHUSETTS,FIRST CIRCUIT,1076,875,12,1,188,44,32,6,1,5,1032,843,6,183
2014-05-31,MICHIGAN EASTERN,MICHIGAN,SIXTH CIRCUIT,2462,1993,15,1,453,55,38,12,1,4,2407,1955,3,449
2014-05-31,MICHIGAN WESTERN,MICHIGAN,SIXTH CIRCUIT,861,745,2,0,114,19,12,2,0,5,842,733,0,109
2014-05-31,MINNESOTA,MINNESOTA,EIGHTH CIRCUIT,1162,993,4,1,164,34,29,4,1,0,1128,964,0,164
2014-05-31,MISSISSIPPI NORTHERN,MISSISSIPPI,FIFTH CIRCUIT,401,175,9,0,217,15,5,9,0,1,386,170,0,216
2014-05-31,MISSISSIPPI SOUTHERN,MISSISSIPPI,FIFTH CIRCUIT,521,292,6,0,223,14,8,5,0,1,507,284,1,222
2014-05-31,MISSOURI EASTERN,MISSOURI,EIGHTH CIRCUIT,1117,811,2,0,304,12,9,2,0,1,1105,802,0,303
2014-05-31,MISSOURI WESTERN,MISSOURI,EIGHTH CIRCUIT,831,627,6,0,198,22,16,6,0,0,809,611,0,198
2014-05-31,MONTANA,MONTANA,NINTH CIRCUIT,178,156,1,0,21,8,6,1,0,1,170,150,0,20
2014-05-31,NEBRASKA,NEBRASKA,EIGHTH CIRCUIT,417,286,2,1,128,14,10,2,1,1,403,276,0,127
2014-05-31,NEVADA,NEVADA,NINTH CIRCUIT,1061,890,20,0,151,33,15,17,0,1,1028,875,3,150
2014-05-31,NEW HAMPSHIRE,NEW HAMPSHIRE,FIRST CIRCUIT,245,201,2,0,42,24,18,2,0,4,221,183,0,38
2014-05-31,NEW JERSEY,NEW JERSEY,THIRD CIRCUIT,2629,1954,25,0,650,74,45,21,0,8,2555,1909,4,642
2014-05-31,NEW MEXICO,NEW MEXICO,TENTH CIRCUIT,400,366,3,0,31,10,7,3,0,0,390,359,0,31
2014-05-31,NEW YORK EASTERN,NEW YORK,SECOND CIRCUIT,1175,1015,15,3,142,48,30,14,3,1,1127,985,1,141
2014-05-31,NEW YORK NORTHERN,NEW YORK,SECOND CIRCUIT,679,551,1,2,125,13,7,1,2,3,666,544,0,122
2014-05-31,NEW YORK SOUTHERN,NEW YORK,SECOND CIRCUIT,851,687,29,0,130,59,23,25,0,6,792,664,4,124
2014-05-31,NEW YORK WESTERN,NEW YORK,SECOND CIRCUIT,459,348,1,0,110,10,8,1,0,1,449,340,0,109
2014-05-31,NORTH CAROLINA EASTERN,NORTH CAROLINA,FOURTH CIRCUIT,658,238,7,1,412,31,21,6,1,3,627,217,1,409
2014-05-31,NORTH CAROLINA MIDDLE,NORTH CAROLINA,FOURTH CIRCUIT,380,173,2,0,205,13,11,2,0,0,367,162,0,205
2014-05-31,NORTH CAROLINA WESTERN,NORTH CAROLINA,FOURTH CIRCUIT,449,275,4,0,170,17,11,3,0,3,432,264,1,167
2014-05-31,NORTH DAKOTA,NORTH DAKOTA,EIGHTH CIRCUIT,76,67,0,0,9,3,3,0,0,0,73,64,0,9
2014-05-31,NORTHERN MARIANAS,NORTHERN MARIANA ISLANDS,NINTH CIRCUIT,0,0,0,0,0,0,0,0,0,0,0,0,0,0
2014-05-31,OHIO NORTHERN,OHIO,SIXTH CIRCUIT,2013,1672,8,0,333,42,33,8,0,1,1971,1639,0,332
2014-05-31,OHIO SOUTHERN,OHIO,SIXTH CIRCUIT,1848,1322,5,0,521,38,30,5,0,3,1810,1292,0,518
2014-05-31,OKLAHOMA EASTERN,OKLAHOMA,TENTH CIRCUIT,163,145,0,0,18,2,2,0,0,0,161,143,0,18
2014-05-31,OKLAHOMA NORTHERN,OKLAHOMA,TENTH CIRCUIT,280,258,0,0,22,3,3,0,0,0,277,255,0,22
2014-05-31,OKLAHOMA WESTERN,OKLAHOMA,TENTH CIRCUIT,530,419,4,0,107,13,9,4,0,0,517,410,0,107
2014-05-31,OREGON,OREGON,NINTH CIRCUIT,1189,966,4,2,217,26,19,2,2,3,1163,947,2,214
2014-05-31,PENNSYLVANIA EASTERN,PENNSYLVANIA,THIRD CIRCUIT,986,585,10,2,389,37,23,9,2,3,949,562,1,386
2014-05-31,PENNSYLVANIA MIDDLE,PENNSYLVANIA,THIRD CIRCUIT,509,370,4,0,135,13,4,4,0,5,496,366,0,130
2014-05-31,PENNSYLVANIA WESTERN,PENNSYLVANIA,THIRD CIRCUIT,688,475,13,0,200,23,10,9,0,4,665,465,4,196
2014-05-31,PUERTO RICO,PUERTO RICO,FIRST CIRCUIT,1067,402,16,0,649,31,11,14,0,6,1036,391,2,643
2014-05-31,RHODE ISLAND,RHODE ISLAND,FIRST CIRCUIT,287,238,1,0,48,10,9,1,0,0,277,229,0,48
2014-05-31,SOUTH CAROLINA,SOUTH CAROLINA,FOURTH CIRCUIT,667,264,4,2,397,20,15,2,2,1,647,249,2,396
2014-05-31,SOUTH DAKOTA,SOUTH DAKOTA,EIGHTH CIRCUIT,131,116,1,0,14,3,1,1,0,1,128,115,0,13
2014-05-31,TENNESSEE EASTERN,TENNESSEE,SIXTH CIRCUIT,1075,607,7,0,461,17,11,6,0,0,1058,596,1,461
2014-05-31,TENNESSEE MIDDLE,TENNESSEE,SIXTH CIRCUIT,917,540,7,0,370,16,11,5,0,0,901,529,2,370
2014-05-31,TENNESSEE WESTERN,TENNESSEE,SIXTH CIRCUIT,1340,338,0,0,1002,4,3,0,0,1,1336,335,0,1001
2014-05-31,TEXAS EASTERN,TEXAS,FIFTH CIRCUIT,469,238,3,0,228,33,30,3,0,0,436,208,0,228
2014-05-31,TEXAS NORTHERN,TEXAS,FIFTH CIRCUIT,1143,464,18,2,659,69,42,14,2,11,1074,422,4,648
2014-05-31,TEXAS SOUTHERN,TEXAS,FIFTH CIRCUIT,897,317,20,0,560,62,37,20,0,5,835,280,0,555
2014-05-31,TEXAS WESTERN,TEXAS,FIFTH CIRCUIT,829,385,10,0,434,48,31,8,0,9,781,354,2,425
2014-05-31,UTAH,UTAH,TENTH CIRCUIT,1257,845,2,0,410,22,20,1,0,1,1235,825,1,409
2014-05-31,VERMONT,VERMONT,SECOND CIRCUIT,63,41,0,1,21,2,1,0,1,0,61,40,0,21
2014-05-31,VIRGIN ISLANDS,VIRGIN ISLANDS,THIRD CIRCUIT,1,0,0,0,1,0,0,0,0,0,1,0,0,1
2014-05-31,VIRGINIA EASTERN,VIRGINIA,FOURTH CIRCUIT,1599,977,10,0,612,34,21,9,0,4,1565,956,1,608
2014-05-31,VIRGINIA WESTERN,VIRGINIA,FOURTH CIRCUIT,561,401,0,0,160,8,6,0,0,2,553,395,0,158
2014-05-31,WASHINGTON EASTERN,WASHINGTON,NINTH CIRCUIT,420,338,0,0,82,8,7,0,0,1,412,331,0,81
2014-05-31,WASHINGTON WESTERN,WASHINGTON,NINTH CIRCUIT,1575,1236,13,0,326,47,36,8,0,3,1528,1200,5,323
2014-05-31,WEST VIRGINIA NORTHERN,WEST VIRGINIA,FOURTH CIRCUIT,137,118,1,0,18,2,1,1,0,0,135,117,0,18
2014-05-31,WEST VIRGINIA SOUTHERN,WEST VIRGINIA,FOURTH CIRCUIT,184,170,1,0,13,4,3,1,0,0,180,167,0,13
2014-05-31,WISCONSIN EASTERN,WISCONSIN,SEVENTH CIRCUIT,1594,1187,1,0,406,22,18,1,0,3,1572,1169,0,403
2014-05-31,WISCONSIN WESTERN,WISCONSIN,SEVENTH CIRCUIT,519,442,3,2,72,23,16,2,2,3,496,426,1,69
2014-05-31,WYOMING,WYOMING,TENTH CIRCUIT,91,80,1,0,10,4,3,1,0,0,87,77,0,10
2014-06-30,ALABAMA MIDDLE,ALABAMA,ELEVENTH CIRCUIT,662,122,0,0,540,6,5,0,0,1,656,117,0,539
2014-06-30,ALABAMA NORTHERN,ALABAMA,ELEVENTH CIRCUIT,1027,488,2,0,537,21,18,2,0,1,1006,470,0,536
2014-06-30,ALABAMA SOUTHERN,ALABAMA,ELEVENTH CIRCUIT,335,105,6,0,224,7,2,4,0,1,328,103,2,223
2014-06-30,ALASKA,ALASKA,NINTH CIRCUIT,29,24,0,0,5,5,3,0,0,2,24,21,0,3
2014-06-30,ARIZONA,ARIZONA,NINTH CIRCUIT,1731,1528,16,0,187,49,32,15,0,2,1682,1496,1,185
2014-06-30,ARKANSAS EASTERN,ARKANSAS,EIGHTH CIRCUIT,549,228,0,2,319,10,4,0,2,4,539,224,0,315
2014-06-30,ARKANSAS WESTERN,ARKANSAS,EIGHTH CIRCUIT,302,174,3,0,125,7,4,3,0,0,295,170,0,125
2014-06-30,CALIFORNIA CENTRAL,CALIFORNIA,NINTH CIRCUIT,4535,3650,44,1,840,150,116,30,1,3,4385,3534,14,837
2014-06-30,CALIFORNIA EASTERN,CALIFORNIA,NINTH CIRCUIT,1694,1377,7,1,309,47,34,4,1,8,1647,1343,3,301
2014-06-30,CALIFORNIA NORTHERN,CALIFORNIA,NINTH CIRCUIT,1205,713,16,3,473,61,39,13,3,6,1144,674,3,467
2014-06-30,CALIFORNIA SOUTHERN,CALIFORNIA,NINTH CIRCUIT,872,699,5,0,167,30,23,4,0,2,842,676,1,165
2014-06-30,COLORADO,COLORADO,TENTH CIRCUIT,1427,1202,3,0,222,33,29,3,0,1,1394,1173,0,221
2014-06-30,CONNECTICUT,CONNECTICUT,SECOND CIRCUIT,576,488,6,0,82,18,15,3,0,0,558,473,3,82
2014-06-30,DELAWARE,DELAWARE,THIRD CIRCUIT,242,122,44,1,75,49,3,44,1,1,193,119,0,74
2014-06-30,DISTRICT OF COLUMBIA,DISTRICT OF COLUMBIA,DC CIRCUIT,50,44,2,0,4,5,3,2,0,0,45,41,0,4
2014-06-30,FLORIDA MIDDLE,FLORIDA,ELEVENTH CIRCUIT,2995,2046,34,0,914,87,50,26,0,10,2908,1996,8,904
2014-06-30,FLORIDA NORTHERN,FLORIDA,ELEVENTH CIRCUIT,257,204,8,0,45,20,12,7,0,1,237,192,1,44
2014-06-30,FLORIDA SOUTHERN,FLORIDA,ELEVENTH CIRCUIT,2516,1447,31,1,1037,73,43,24,1,5,2443,1404,7,1032
2014-06-30,GEORGIA MIDDLE,GEORGIA,ELEVENTH CIRCUIT,721,214,5,0,502,23,15,5,0,3,698,199,0,499
2014-06-30,GEORGIA NORTHERN,GEORGIA,ELEVENTH CIRCUIT,2910,1525,15,0,1370,67,51,14,0,2,2843,1474,1,1368
2014-06-30,GEORGIA SOUTHERN,GEORGIA,ELEVENTH CIRCUIT,709,138,2,0,569,6,3,2,0,1,703,135,0,568
2014-06-30,GUAM,GUAM,NINTH CIRCUIT,13,11,0,0,2,0,0,0,0,0,13,11,0,2
2014-06-30,HAWAII,HAWAII,NINTH CIRCUIT,144,104,2,0,38,8,7,1,0,0,136,97,1,38
2014-06-30,IDAHO,IDAHO,NINTH CIRCUIT,421,375,1,1,44,13,10,1,1,1,408,365,0,43
2014-06-30,ILLINOIS CENTRAL,ILLINOIS,SEVENTH CIRCUIT,467,377,1,0,89,9,7,1,0,1,458,370,0,88
2014-06-30,ILLINOIS NORTHERN,ILLINOIS,SEVENTH CIRCUIT,4096,2599,29,0,1468,93,62,26,0,5,4003,2537,3,1463
2014-06-30,ILLINOIS SOUTHERN,ILLINOIS,SEVENTH CIRCUIT,315,179,1,0,135,4,3,1,0,0,311,176,0,135
2014-06-30,INDIANA NORTHERN,INDIANA,SEVENTH CIRCUIT,950,722,0,0,228,15,14,0,0,1,935,708,0,227
2014-06-30,INDIANA SOUTHERN,INDIANA,SEVENTH CIRCUIT,1392,979,3,0,410,24,19,2,0,3,1368,960,1,407
2014-06-30,IOWA NORTHERN,IOWA,EIGHTH CIRCUIT,132,126,0,0,6,7,7,0,0,0,125,119,0,6
2014-06-30,IOWA SOUTHERN,IOWA,EIGHTH CIRCUIT,248,221,0,0,27,4,4,0,0,0,244,217,0,27
2014-06-30,KANSAS,KANSAS,TENTH CIRCUIT,626,386,5,1,234,22,15,5,1,1,604,371,0,233
2014-06-30,KENTUCKY EASTERN,KENTUCKY,SIXTH CIRCUIT,619,463,5,0,151,14,7,5,0,2,605,456,0,149
2014-06-30,KENTUCKY WESTERN,KENTUCKY,SIXTH CIRCUIT,707,524,4,1,178,16,10,4,1,1,691,514,0,177
2014-06-30,LOUISIANA EASTERN,LOUISIANA,FIFTH CIRCUIT,306,151,6,0,149,23,14,6,0,3,283,137,0,146
2014-06-30,LOUISIANA MIDDLE,LOUISIANA,FIFTH CIRCUIT,142,80,1,0,61,6,4,1,0,1,136,76,0,60
2014-06-30,LOUISIANA WESTERN,LOUISIANA,FIFTH CIRCUIT,810,147,4,0,659,8,3,3,0,2,802,144,1,657
2014-06-30,MAINE,MAINE,FIRST CIRCUIT,192,157,2,0,33,7,4,2,0,1,185,153,0,32
2014-06-30,MARYLAND,MARYLAND,FOURTH CIRCUIT,1656,1165,9,1,481,44,28,8,1,7,1612,1137,1,474
2014-06-30,MASSACHUSETTS,MASSACHUSETTS,FIRST CIRCUIT,838,626,8,1,203,43,33,5,1,4,795,593,3,199
2014-06-30,MICHIGAN EASTERN,MICHIGAN,SIXTH CIRCUIT,2107,1681,7,1,418,43,35,6,1,1,2064,1646,1,417
2014-06-30,MICHIGAN WESTERN,MICHIGAN,SIXTH CIRCUIT,643,519,0,1,123,14,12,0,1,1,629,507,0,122
2014-06-30,MINNESOTA,MINNESOTA,EIGHTH CIRCUIT,983,834,1,0,148,32,31,1,0,0,951,803,0,148
2014-06-30,MISSISSIPPI NORTHERN,MISSISSIPPI,FIFTH CIRCUIT,398,152,1,0,245,7,5,1,0,1,391,147,0,244
2014-06-30,MISSISSIPPI SOUTHERN,MISSISSIPPI,FIFTH CIRCUIT,460,236,0,0,224,14,14,0,0,0,446,222,0,224
2014-06-30,MISSOURI EASTERN,MISSOURI,EIGHTH CIRCUIT,954,655,2,0,297,17,11,2,0,4,937,644,0,293
2014-06-30,MISSOURI WESTERN,MISSOURI,EIGHTH CIRCUIT,700,503,1,1,195,13,9,1,1,2,687,494,0,193
2014-06-30,MONTANA,MONTANA,NINTH CIRCUIT,121,104,2,0,15,4,2,2,0,0,117,102,0,15
2014-06-30,NEBRASKA,NEBRASKA,EIGHTH CIRCUIT,366,230,1,1,134,6,3,1,1,1,360,227,0,133
2014-06-30,NEVADA,NEVADA,NINTH CIRCUIT,869,706,18,0,141,31,17,10,0,0,838,689,8,141
2014-06-30,NEW HAMPSHIRE,NEW HAMPSHIRE,FIRST CIRCUIT,215,156,5,1,53,19,11,4,1,3,196,145,1,50
2014-06-30,NEW JERSEY,NEW JERSEY,THIRD CIRCUIT,2282,1625,45,0,612,88,45,41,0,2,2194,1580,4,610
2014-06-30,NEW MEXICO,NEW MEXICO,TENTH CIRCUIT,273,254,3,0,16,9,7,2,0,0,264,247,1,16
2014-06-30,NEW YORK EASTERN,NEW YORK,SECOND CIRCUIT,1027,855,19,0,153,43,27,15,0,1,984,828,4,152
2014-06-30,NEW YORK NORTHERN,NEW YORK,SECOND CIRCUIT,596,475,3,1,117,12,8,3,1,0,584,467,0,117
2014-06-30,NEW YORK SOUTHERN,NEW YORK,SECOND CIRCUIT,675,515,46,0,114,71,28,43,0,0,604,487,3,114
2014-06-30,NEW YORK WESTERN,NEW YORK,SECOND CIRCUIT,399,294,2,0,103,14,10,2,0,2,385,284,0,101
2014-06-30,NORTH CAROLINA EASTERN,NORTH CAROLINA,FOURTH CIRCUIT,635,187,10,1,437,16,6,8,1,1,619,181,2,436
2014-06-30,NORTH CAROLINA MIDDLE,NORTH CAROLINA,FOURTH CIRCUIT,395,174,4,0,217,13,7,4,0,2,382,167,0,215
2014-06-30,NORTH CAROLINA WESTERN,NORTH CAROLINA,FOURTH CIRCUIT,355,215,0,0,140,14,12,0,0,2,341,203,0,138
2014-06-30,NORTH DAKOTA,NORTH DAKOTA,EIGHTH CIRCUIT,55,53,0,1,1,4,3,0,1,0,51,50,0,1
2014-06-30,NORTHERN MARIANAS,NORTHERN MARIANA ISLANDS,NINTH CIRCUIT,0,0,0,0,0,0,0,0,0,0,0,0,0,0
2014-06-30,OHIO NORTHERN,OHIO,SIXTH CIRCUIT,1873,1533,3,0,337,27,22,3,0,2,1846,1511,0,335
2014-06-30,OHIO SOUTHERN,OHIO,SIXTH CIRCUIT,1570,1097,3,0,470,34,24,3,0,7,1536,1073,0,463
2014-06-30,OKLAHOMA EASTERN,OKLAHOMA,TENTH CIRCUIT,131,124,1,1,5,4,2,1,1,0,127,122,0,5
2014-06-30,OKLAHOMA NORTHERN,OKLAHOMA,TENTH CIRCUIT,243,212,1,0,30,6,5,1,0,0,237,207,0,30
2014-06-30,OKLAHOMA WESTERN,OKLAHOMA,TENTH CIRCUIT,451,350,4,0,97,12,7,4,0,1,439,343,0,96
2014-06-30,OREGON,OREGON,NINTH CIRCUIT,1008,833,0,0,175,18,13,0,0,5,990,820,0,170
2014-06-30,PENNSYLVANIA EASTERN,PENNSYLVANIA,THIRD CIRCUIT,877,482,6,0,389,28,16,6,0,6,849,466,0,383
2014-06-30,PENNSYLVANIA MIDDLE,PENNSYLVANIA,THIRD CIRCUIT,507,307,4,0,196,19,11,4,0,4,488,296,0,192
2014-06-30,PENNSYLVANIA WESTERN,PENNSYLVANIA,THIRD CIRCUIT,607,410,8,1,188,20,10,6,1,3,587,400,2,185
2014-06-30,PUERTO RICO,PUERTO RICO,FIRST CIRCUIT,899,334,16,5,544,32,9,12,5,6,867,325,4,538
2014-06-30,RHODE ISLAND,RHODE ISLAND,FIRST CIRCUIT,222,188,0,0,34,5,5,0,0,0,217,183,0,34
2014-06-30,SOUTH CAROLINA,SOUTH CAROLINA,FOURTH CIRCUIT,547,240,0,0,306,11,10,0,0,0,536,230,0,306
2014-06-30,SOUTH DAKOTA,SOUTH DAKOTA,EIGHTH CIRCUIT,98,95,0,0,3,1,1,0,0,0,97,94,0,3
2014-06-30,TENNESSEE EASTERN,TENNESSEE,SIXTH CIRCUIT,978,509,3,0,466,8,8,0,0,0,970,501,3,466
2014-06-30,TENNESSEE MIDDLE,TENNESSEE,SIXTH CIRCUIT,826,435,2,0,389,13,10,2,0,1,813,425,0,388
2014-06-30,TENNESSEE WESTERN,TENNESSEE,SIXTH CIRCUIT,1379,309,2,0,1068,17,14,2,0,1,1362,295,0,1067
2014-06-30,TEXAS EASTERN,TEXAS,FIFTH CIRCUIT,448,183,6,0,259,27,19,5,0,3,421,164,1,256
2014-06-30,TEXAS NORTHERN,TEXAS,FIFTH CIRCUIT,1125,435,24,2,664,64,33,23,2,6,1061,402,1,658
2014-06-30,TEXAS SOUTHERN,TEXAS,FIFTH CIRCUIT,868,295,22,0,551,57,32,20,0,5,811,263,2,546
2014-06-30,TEXAS WESTERN,TEXAS,FIFTH CIRCUIT,722,357,8,0,357,61,46,6,0,9,661,311,2,348
2014-06-30,UTAH,UTAH,TENTH CIRCUIT,1148,770,1,0,377,20,19,1,0,0,1128,751,0,377
2014-06-30,VERMONT,VERMONT,SECOND CIRCUIT,57,44,1,0,12,4,2,1,0,1,53,42,0,11
2014-06-30,VIRGIN ISLANDS,VIRGIN ISLANDS,THIRD CIRCUIT,3,1,0,0,2,0,0,0,0,0,3,1,0,2
2014-06-30,VIRGINIA EASTERN,VIRGINIA,FOURTH CIRCUIT,1482,904,13,0,565,40,27,10,0,3,1442,877,3,562
2014-06-30,VIRGINIA WESTERN,VIRGINIA,FOURTH CIRCUIT,432,291,2,0,139,10,5,2,0,3,422,286,0,136
2014-06-30,WASHINGTON EASTERN,WASHINGTON,NINTH CIRCUIT,381,320,2,0,59,10,7,2,0,1,371,313,0,58
2014-06-30,WASHINGTON WESTERN,WASHINGTON,NINTH CIRCUIT,1283,1017,11,0,255,43,33,8,0,2,1240,984,3,253
2014-06-30,WEST VIRGINIA NORTHERN,WEST VIRGINIA,FOURTH CIRCUIT,98,79,0,0,19,0,0,0,0,0,98,79,0,19
2014-06-30,WEST VIRGINIA SOUTHERN,WEST VIRGINIA,FOURTH CIRCUIT,162,147,4,0,11,5,1,4,0,0,157,146,0,11
2014-06-30,WISCONSIN EASTERN,WISCONSIN,SEVENTH CIRCUIT,1369,980,7,0,382,22,14,7,0,1,1347,966,0,381
2014-06-30,WISCONSIN WESTERN,WISCONSIN,SEVENTH CIRCUIT,416,347,0,0,69,16,16,0,0,0,400,331,0,69
2014-06-30,WYOMING,WYOMING,TENTH CIRCUIT,87,78,0,0,9,1,1,0,0,0,86,77,0,9
2014-07-31,ALABAMA MIDDLE,ALABAMA,ELEVENTH CIRCUIT,722,144,3,0,575,13,8,2,0,3,709,136,1,572
2014-07-31,ALABAMA NORTHERN,ALABAMA,ELEVENTH CIRCUIT,1160,526,3,0,631,20,17,3,0,0,1140,509,0,631
2014-07-31,ALABAMA SOUTHERN,ALABAMA,ELEVENTH CIRCUIT,360,104,2,0,254,9,7,1,0,1,351,97,1,253
2014-07-31,ALASKA,ALASKA,NINTH CIRCUIT,41,38,0,0,3,1,0,0,0,1,40,38,0,2
2014-07-31,ARIZONA,ARIZONA,NINTH CIRCUIT,1857,1602,17,1,237,49,40,6,1,2,1808,1562,11,235
2014-07-31,ARKANSAS EASTERN,ARKANSAS,EIGHTH CIRCUIT,620,263,0,0,357,6,3,0,0,3,614,260,0,354
2014-07-31,ARKANSAS WESTERN,ARKANSAS,EIGHTH CIRCUIT,321,172,4,0,145,11,5,4,0,2,310,167,0,143
2014-07-31,CALIFORNIA CENTRAL,CALIFORNIA,NINTH CIRCUIT,4870,3857,35,0,978,149,126,19,0,4,4721,3731,16,974
2014-07-31,CALIFORNIA EASTERN,CALIFORNIA,NINTH CIRCUIT,1706,1396,3,5,302,43,26,2,5,10,1663,1370,1,292
2014-07-31,CALIFORNIA NORTHERN,CALIFORNIA,NINTH CIRCUIT,1137,675,5,0,457,58,46,4,0,8,1079,629,1,449
2014-07-31,CALIFORNIA SOUTHERN,CALIFORNIA,NINTH CIRCUIT,917,742,1,0,174,34,32,0,0,2,883,710,1,172
2014-07-31,COLORADO,COLORADO,TENTH CIRCUIT,1589,1353,6,0,230,37,31,6,0,0,1552,1322,0,230
2014-07-31,CONNECTICUT,CONNECTICUT,SECOND CIRCUIT,597,485,4,0,108,27,23,3,0,1,570,462,1,107
2014-07-31,DELAWARE,DELAWARE,THIRD CIRCUIT,222,142,22,0,50,40,9,22,0,1,182,133,0,49
2014-07-31,DISTRICT OF COLUMBIA,DISTRICT OF COLUMBIA,DC CIRCUIT,68,49,1,0,18,2,0,1,0,1,66,49,0,17
2014-07-31,FLORIDA MIDDLE,FLORIDA,ELEVENTH CIRCUIT,2559,1791,28,1,738,108,76,21,1,9,2451,1715,7,729
2014-07-31,FLORIDA NORTHERN,FLORIDA,ELEVENTH CIRCUIT,255,205,6,0,44,14,8,6,0,0,241,197,0,44
2014-07-31,FLORIDA SOUTHERN,FLORIDA,ELEVENTH CIRCUIT,2477,1453,23,1,1000,70,47,18,1,4,2407,1406,5,996
2014-07-31,GEORGIA MIDDLE,GEORGIA,ELEVENTH CIRCUIT,830,236,2,1,591,16,9,2,1,4,814,227,0,587
2014-07-31,GEORGIA NORTHERN,GEORGIA,ELEVENTH CIRCUIT,2781,1591,8,1,1181,59,49,7,1,2,2722,1542,1,1179
2014-07-31,GEORGIA SOUTHERN,GEORGIA,ELEVENTH CIRCUIT,758,141,0,0,617,16,15,0,0,1,742,126,0,616
2014-07-31,GUAM,GUAM,NINTH CIRCUIT,10,8,0,0,2,1,1,0,0,0,9,7,0,2
2014-07-31,HAWAII,HAWAII,NINTH CIRCUIT,157,108,1,0,48,3,3,0,0,0,154,105,1,48
2014-07-31,IDAHO,IDAHO,NINTH CIRCUIT,428,386,1,1,40,11,8,1,1,1,417,378,0,39
2014-07-31,ILLINOIS CENTRAL,ILLINOIS,SEVENTH CIRCUIT,481,386,1,0,94,14,12,1,0,1,467,374,0,93
2014-07-31,ILLINOIS NORTHERN,ILLINOIS,SEVENTH CIRCUIT,4263,2611,17,1,1634,89,70,16,1,2,4174,2541,1,1632
2014-07-31,ILLINOIS SOUTHERN,ILLINOIS,SEVENTH CIRCUIT,362,217,2,0,143,5,3,2,0,0,357,214,0,143
2014-07-31,INDIANA NORTHERN,INDIANA,SEVENTH CIRCUIT,1071,802,2,0,267,6,4,1,0,1,1065,798,1,266
2014-07-31,INDIANA SOUTHERN,INDIANA,SEVENTH CIRCUIT,1561,1075,7,1,478,33,24,7,1,1,1528,1051,0,477
2014-07-31,IOWA NORTHERN,IOWA,EIGHTH CIRCUIT,162,148,1,0,13,8,7,1,0,0,154,141,0,13
2014-07-31,IOWA SOUTHERN,IOWA,EIGHTH CIRCUIT,284,255,0,0,29,4,2,0,0,2,280,253,0,27
2014-07-31,KANSAS,KANSAS,TENTH CIRCUIT,695,416,3,0,276,14,10,3,0,1,681,406,0,275
2014-07-31,KENTUCKY EASTERN,KENTUCKY,SIXTH CIRCUIT,664,476,0,0,188,6,5,0,0,1,658,471,0,187
2014-07-31,KENTUCKY WESTERN,KENTUCKY,SIXTH CIRCUIT,718,511,5,0,202,12,6,5,0,1,706,505,0,201
2014-07-31,LOUISIANA EASTERN,LOUISIANA,FIFTH CIRCUIT,322,152,2,0,168,7,6,1,0,0,315,146,1,168
2014-07-31,LOUISIANA MIDDLE,LOUISIANA,FIFTH CIRCUIT,147,81,2,0,64,4,2,2,0,0,143,79,0,64
2014-07-31,LOUISIANA WESTERN,LOUISIANA,FIFTH CIRCUIT,986,155,33,1,797,37,2,32,1,2,949,153,1,795
2014-07-31,MAINE,MAINE,FIRST CIRCUIT,189,156,0,0,33,7,6,0,0,1,182,150,0,32
2014-07-31,MARYLAND,MARYLAND,FOURTH CIRCUIT,1706,1201,16,0,489,42,30,12,0,0,1664,1171,4,489
2014-07-31,MASSACHUSETTS,MASSACHUSETTS,FIRST CIRCUIT,893,662,10,3,218,40,23,10,3,4,853,639,0,214
2014-07-31,MICHIGAN EASTERN,MICHIGAN,SIXTH CIRCUIT,2194,1707,6,1,480,32,24,5,1,2,2162,1683,1,478
2014-07-31,MICHIGAN WESTERN,MICHIGAN,SIXTH CIRCUIT,719,589,1,0,129,24,19,1,0,4,695,570,0,125
2014-07-31,MINNESOTA,MINNESOTA,EIGHTH CIRCUIT,990,837,4,0,149,27,19,4,0,4,963,818,0,145
2014-07-31,MISSISSIPPI NORTHERN,MISSISSIPPI,FIFTH CIRCUIT,367,150,0,0,217,2,1,0,0,1,365,149,0,216
2014-07-31,MISSISSIPPI SOUTHERN,MISSISSIPPI,FIFTH CIRCUIT,504,231,3,0,270,14,12,2,0,0,490,219,1,270
2014-07-31,MISSOURI EASTERN,MISSOURI,EIGHTH CIRCUIT,985,647,2,0,336,9,6,2,0,1,976,641,0,335
2014-07-31,MISSOURI WESTERN,MISSOURI,EIGHTH CIRCUIT,820,595,7,0,218,16,8,6,0,2,804,587,1,216
2014-07-31,MONTANA,MONTANA,NINTH CIRCUIT,120,103,0,0,17,4,4,0,0,0,116,99,0,17
2014-07-31,NEBRASKA,NEBRASKA,EIGHTH CIRCUIT,399,273,2,0,124,11,8,2,0,1,388,265,0,123
2014-07-31,NEVADA,NEVADA,NINTH CIRCUIT,940,787,17,0,136,35,19,13,0,3,905,768,4,133
2014-07-31,NEW HAMPSHIRE,NEW HAMPSHIRE,FIRST CIRCUIT,200,162,3,0,35,16,12,3,0,1,184,150,0,34
2014-07-31,NEW JERSEY,NEW JERSEY,THIRD CIRCUIT,2440,1756,47,0,633,106,50,44,0,8,2334,1706,3,625
2014-07-31,NEW MEXICO,NEW MEXICO,TENTH CIRCUIT,350,318,4,0,28,13,9,3,0,1,337,309,1,27
2014-07-31,NEW YORK EASTERN,NEW YORK,SECOND CIRCUIT,1128,939,22,0,167,56,32,21,0,3,1072,907,1,164
2014-07-31,NEW YORK NORTHERN,NEW YORK,SECOND CIRCUIT,600,466,1,0,133,8,6,1,0,1,592,460,0,132
2014-07-31,NEW YORK SOUTHERN,NEW YORK,SECOND CIRCUIT,677,516,21,1,138,44,20,18,1,4,633,496,3,134
2014-07-31,NEW YORK WESTERN,NEW YORK,SECOND CIRCUIT,375,268,1,0,106,11,5,1,0,5,364,263,0,101
2014-07-31,NORTH CAROLINA EASTERN,NORTH CAROLINA,FOURTH CIRCUIT,657,221,14,1,421,24,11,11,1,1,633,210,3,420
2014-07-31,NORTH CAROLINA MIDDLE,NORTH CAROLINA,FOURTH CIRCUIT,399,159,1,0,239,10,8,1,0,1,389,151,0,238
2014-07-31,NORTH CAROLINA WESTERN,NORTH CAROLINA,FOURTH CIRCUIT,401,223,7,0,171,17,10,6,0,1,384,213,1,170
2014-07-31,NORTH DAKOTA,NORTH DAKOTA,EIGHTH CIRCUIT,56,47,0,0,9,1,1,0,0,0,55,46,0,9
2014-07-31,NORTHERN MARIANAS,NORTHERN MARIANA ISLANDS,NINTH CIRCUIT,1,1,0,0,0,0,0,0,0,0,1,1,0,0
2014-07-31,OHIO NORTHERN,OHIO,SIXTH CIRCUIT,1967,1629,1,0,337,40,36,1,0,3,1927,1593,0,334
2014-07-31,OHIO SOUTHERN,OHIO,SIXTH CIRCUIT,1630,1150,2,0,478,23,19,2,0,2,1607,1131,0,476
2014-07-31,OKLAHOMA EASTERN,OKLAHOMA,TENTH CIRCUIT,136,123,0,0,13,1,1,0,0,0,135,122,0,13
2014-07-31,OKLAHOMA NORTHERN,OKLAHOMA,TENTH CIRCUIT,242,220,0,0,22,7,7,0,0,0,235,213,0,22
2014-07-31,OKLAHOMA WESTERN,OKLAHOMA,TENTH CIRCUIT,467,344,2,1,120,13,11,1,1,0,454,333,1,120
2014-07-31,OREGON,OREGON,NINTH CIRCUIT,1065,868,2,0,195,19,15,2,0,2,1046,853,0,193
2014-07-31,PENNSYLVANIA EASTERN,PENNSYLVANIA,THIRD CIRCUIT,851,530,10,0,311,32,18,10,0,4,819,512,0,307
2014-07-31,PENNSYLVANIA MIDDLE,PENNSYLVANIA,THIRD CIRCUIT,486,317,3,0,166,21,15,3,0,3,465,302,0,163
2014-07-31,PENNSYLVANIA WESTERN,PENNSYLVANIA,THIRD CIRCUIT,683,451,5,0,227,24,18,4,0,2,659,433,1,225
2014-07-31,PUERTO RICO,PUERTO RICO,FIRST CIRCUIT,937,363,14,4,556,26,6,10,4,6,911,357,4,550
2014-07-31,RHODE ISLAND,RHODE ISLAND,FIRST CIRCUIT,261,212,0,0,49,8,8,0,0,0,253,204,0,49
2014-07-31,SOUTH CAROLINA,SOUTH CAROLINA,FOURTH CIRCUIT,608,240,3,0,365,17,15,2,0,0,591,225,1,365
2014-07-31,SOUTH DAKOTA,SOUTH DAKOTA,EIGHTH CIRCUIT,113,103,0,0,10,2,2,0,0,0,111,101,0,10
2014-07-31,TENNESSEE EASTERN,TENNESSEE,SIXTH CIRCUIT,1008,492,4,0,512,11,6,4,0,1,997,486,0,511
2014-07-31,TENNESSEE MIDDLE,TENNESSEE,SIXTH CIRCUIT,921,493,8,0,420,23,17,5,0,1,898,476,3,419
2014-07-31,TENNESSEE WESTERN,TENNESSEE,SIXTH CIRCUIT,1521,347,2,0,1172,14,9,2,0,3,1507,338,0,1169
2014-07-31,TEXAS EASTERN,TEXAS,FIFTH CIRCUIT,404,213,3,0,188,24,20,3,0,1,380,193,0,187
2014-07-31,TEXAS NORTHERN,TEXAS,FIFTH CIRCUIT,1062,489,9,0,564,49,35,9,0,5,1013,454,0,559
2014-07-31,TEXAS SOUTHERN,TEXAS,FIFTH CIRCUIT,682,304,12,1,365,51,34,10,1,6,631,270,2,359
2014-07-31,TEXAS WESTERN,TEXAS,FIFTH CIRCUIT,650,360,2,0,288,37,34,2,0,1,613,326,0,287
2014-07-31,UTAH,UTAH,TENTH CIRCUIT,1157,744,1,0,412,18,15,1,0,2,1139,729,0,410
2014-07-31,VERMONT,VERMONT,SECOND CIRCUIT,57,45,0,0,12,5,2,0,0,3,52,43,0,9
2014-07-31,VIRGIN ISLANDS,VIRGIN ISLANDS,THIRD CIRCUIT,2,1,0,0,1,0,0,0,0,0,2,1,0,1
2014-07-31,VIRGINIA EASTERN,VIRGINIA,FOURTH CIRCUIT,1516,916,7,0,593,41,33,7,0,1,1475,883,0,592
2014-07-31,VIRGINIA WESTERN,VIRGINIA,FOURTH CIRCUIT,493,296,2,0,195,7,6,1,0,0,486,290,1,195
2014-07-31,WASHINGTON EASTERN,WASHINGTON,NINTH CIRCUIT,389,299,1,0,89,4,3,1,0,0,385,296,0,89
2014-07-31,WASHINGTON WESTERN,WASHINGTON,NINTH CIRCUIT,1431,1115,10,0,306,49,38,7,0,4,1382,1077,3,302
2014-07-31,WEST VIRGINIA NORTHERN,WEST VIRGINIA,FOURTH CIRCUIT,104,90,1,0,13,6,5,1,0,0,98,85,0,13
2014-07-31,WEST VIRGINIA SOUTHERN,WEST VIRGINIA,FOURTH CIRCUIT,187,167,1,0,19,4,3,1,0,0,183,164,0,19
2014-07-31,WISCONSIN EASTERN,WISCONSIN,SEVENTH CIRCUIT,1391,1038,1,1,351,14,12,1,1,0,1377,1026,0,351
2014-07-31,WISCONSIN WESTERN,WISCONSIN,SEVENTH CIRCUIT,470,390,1,2,77,21,15,1,2,3,449,375,0,74
2014-07-31,WYOMING,WYOMING,TENTH CIRCUIT,80,69,0,0,11,2,2,0,0,0,78,67,0,11
2014-08-31,ALABAMA MIDDLE,ALABAMA,ELEVENTH CIRCUIT,687,130,0,0,557,5,5,0,0,0,682,125,0,557
2014-08-31,ALABAMA NORTHERN,ALABAMA,ELEVENTH CIRCUIT,1051,510,2,0,539,24,22,2,0,0,1027,488,0,539
2014-08-31,ALABAMA SOUTHERN,ALABAMA,ELEVENTH CIRCUIT,381,111,1,0,269,2,1,1,0,0,379,110,0,269
2014-08-31,ALASKA,ALASKA,NINTH CIRCUIT,35,24,0,0,11,3,3,0,0,0,32,21,0,11
2014-08-31,ARIZONA,ARIZONA,NINTH CIRCUIT,1688,1437,22,0,229,48,34,14,0,0,1640,1403,8,229
2014-08-31,ARKANSAS EASTERN,ARKANSAS,EIGHTH CIRCUIT,564,229,1,1,333,13,8,1,1,3,551,221,0,330
2014-08-31,ARKANSAS WESTERN,ARKANSAS,EIGHTH CIRCUIT,306,159,2,0,145,11,7,2,0,2,295,152,0,143
2014-08-31,CALIFORNIA CENTRAL,CALIFORNIA,NINTH CIRCUIT,4703,3703,51,0,949,193,151,34,0,8,4510,3552,17,941
2014-08-31,CALIFORNIA EASTERN,CALIFORNIA,NINTH CIRCUIT,1668,1326,4,0,338,42,34,1,0,7,1626,1292,3,331
2014-08-31,CALIFORNIA NORTHERN,CALIFORNIA,NINTH CIRCUIT,1114,657,20,0,437,57,35,13,0,9,1057,622,7,428
2014-08-31,CALIFORNIA SOUTHERN,CALIFORNIA,NINTH CIRCUIT,910,757,5,0,148,44,31,5,0,8,866,726,0,140
2014-08-31,COLORADO,COLORADO,TENTH CIRCUIT,1496,1243,6,1,246,48,40,6,1,1,1448,1203,0,245
2014-08-31,CONNECTICUT,CONNECTICUT,SECOND CIRCUIT,578,477,7,0,94,28,20,6,0,2,550,457,1,92
2014-08-31,DELAWARE,DELAWARE,THIRD CIRCUIT,202,112,27,1,62,32,4,27,1,0,170,108,0,62
2014-08-31,DISTRICT OF COLUMBIA,DISTRICT OF COLUMBIA,DC CIRCUIT,68,54,3,0,11,6,3,3,0,0,62,51,0,11
2014-08-31,FLORIDA MIDDLE,FLORIDA,ELEVENTH CIRCUIT,3015,2056,56,1,902,143,78,55,1,9,2872,1978,1,893
2014-08-31,FLORIDA NORTHERN,FLORIDA,ELEVENTH CIRCUIT,251,196,4,0,51,14,10,4,0,0,237,186,0,51
2014-08-31,FLORIDA SOUTHERN,FLORIDA,ELEVENTH CIRCUIT,2349,1342,13,1,993,54,41,8,1,4,2295,1301,5,989
2014-08-31,GEORGIA MIDDLE,GEORGIA,ELEVENTH CIRCUIT,866,209,5,0,652,14,7,4,0,3,852,202,1,649
2014-08-31,GEORGIA NORTHERN,GEORGIA,ELEVENTH CIRCUIT,3273,1628,19,4,1622,79,54,17,4,4,3194,1574,2,1618
2014-08-31,GEORGIA SOUTHERN,GEORGIA,ELEVENTH CIRCUIT,799,146,0,1,652,10,8,0,1,1,789,138,0,651
2014-08-31,GUAM,GUAM,NINTH CIRCUIT,11,9,0,0,2,2,2,0,0,0,9,7,0,2
2014-08-31,HAWAII,HAWAII,NINTH CIRCUIT,138,93,1,0,44,3,1,1,0,1,135,92,0,43
2014-08-31,IDAHO,IDAHO,NINTH CIRCUIT,364,324,2,0,38,12,10,2,0,0,352,314,0,38
2014-08-31,ILLINOIS CENTRAL,ILLINOIS,SEVENTH CIRCUIT,468,366,3,0,99,9,7,2,0,0,459,359,1,99
2014-08-31,ILLINOIS NORTHERN,ILLINOIS,SEVENTH CIRCUIT,4134,2464,21,0,1649,81,54,19,0,8,4053,2410,2,1641
2014-08-31,ILLINOIS SOUTHERN,ILLINOIS,SEVENTH CIRCUIT,360,231,0,0,129,6,4,0,0,2,354,227,0,127
2014-08-31,INDIANA NORTHERN,INDIANA,SEVENTH CIRCUIT,960,708,0,0,252,9,8,0,0,1,951,700,0,251
2014-08-31,INDIANA SOUTHERN,INDIANA,SEVENTH CIRCUIT,1467,968,9,0,490,31,19,9,0,3,1436,949,0,487
2014-08-31,IOWA NORTHERN,IOWA,EIGHTH CIRCUIT,171,156,2,0,13,7,5,2,0,0,164,151,0,13
2014-08-31,IOWA SOUTHERN,IOWA,EIGHTH CIRCUIT,256,232,0,0,24,8,6,0,0,2,248,226,0,22
2014-08-31,KANSAS,KANSAS,TENTH CIRCUIT,675,379,6,0,290,22,12,6,0,4,653,367,0,286
2014-08-31,KENTUCKY EASTERN,KENTUCKY,SIXTH CIRCUIT,654,454,0,0,200,5,4,0,0,1,649,450,0,199
2014-08-31,KENTUCKY WESTERN,KENTUCKY,SIXTH CIRCUIT,651,473,1,0,177,5,4,1,0,0,646,469,0,177
2014-08-31,LOUISIANA EASTERN,LOUISIANA,FIFTH CIRCUIT,328,156,0,0,172,14,10,0,0,4,314,146,0,168
2014-08-31,LOUISIANA MIDDLE,LOUISIANA,FIFTH CIRCUIT,147,67,0,0,80,2,2,0,0,0,145,65,0,80
2014-08-31,LOUISIANA WESTERN,LOUISIANA,FIFTH CIRCUIT,871,129,5,2,735,14,5,4,2,3,857,124,1,732
2014-08-31,MAINE,MAINE,FIRST CIRCUIT,185,155,2,1,27,12,4,2,1,5,173,151,0,22
2014-08-31,MARYLAND,MARYLAND,FOURTH CIRCUIT,1602,1154,5,0,443,20,15,1,0,4,1582,1139,4,439
2014-08-31,MASSACHUSETTS,MASSACHUSETTS,FIRST CIRCUIT,782,597,7,1,177,28,18,6,1,3,754,579,1,174
2014-08-31,MICHIGAN EASTERN,MICHIGAN,SIXTH CIRCUIT,1944,1497,7,0,440,23,11,6,0,6,1921,1486,1,434
2014-08-31,MICHIGAN WESTERN,MICHIGAN,SIXTH CIRCUIT,672,538,2,1,131,16,11,2,1,2,656,527,0,129
2014-08-31,MINNESOTA,MINNESOTA,EIGHTH CIRCUIT,986,838,2,1,145,26,22,2,1,1,960,816,0,144
2014-08-31,MISSISSIPPI NORTHERN,MISSISSIPPI,FIFTH CIRCUIT,455,168,1,0,286,5,2,1,0,2,450,166,0,284
2014-08-31,MISSISSIPPI SOUTHERN,MISSISSIPPI,FIFTH CIRCUIT,501,252,7,0,242,20,12,7,0,1,481,240,0,241
2014-08-31,MISSOURI EASTERN,MISSOURI,EIGHTH CIRCUIT,1050,713,1,0,335,16,13,1,0,1,1034,700,0,334
2014-08-31,MISSOURI WESTERN,MISSOURI,EIGHTH CIRCUIT,772,523,3,1,245,13,8,3,1,1,759,515,0,244
2014-08-31,MONTANA,MONTANA,NINTH CIRCUIT,133,118,1,0,14,6,4,1,0,1,127,114,0,13
2014-08-31,NEBRASKA,NEBRASKA,EIGHTH CIRCUIT,370,247,0,0,122,10,8,0,0,1,360,239,0,121
2014-08-31,NEVADA,NEVADA,NINTH CIRCUIT,852,701,16,0,135,34,29,4,0,1,818,672,12,134
2014-08-31,NEW HAMPSHIRE,NEW HAMPSHIRE,FIRST CIRCUIT,165,123,1,0,41,14,12,1,0,1,151,111,0,40
2014-08-31,NEW JERSEY,NEW JERSEY,THIRD CIRCUIT,2247,1601,23,0,623,68,43,19,0,6,2179,1558,4,617
2014-08-31,NEW MEXICO,NEW MEXICO,TENTH CIRCUIT,279,261,3,0,15,7,4,3,0,0,272,257,0,15
2014-08-31,NEW YORK EASTERN,NEW YORK,SECOND CIRCUIT,984,842,18,0,124,38,20,17,0,1,946,822,1,123
2014-08-31,NEW YORK NORTHERN,NEW YORK,SECOND CIRCUIT,512,386,1,0,125,10,9,1,0,0,502,377,0,125
2014-08-31,NEW YORK SOUTHERN,NEW YORK,SECOND CIRCUIT,630,502,13,0,114,31,16,11,0,3,599,486,2,111
2014-08-31,NEW YORK WESTERN,NEW YORK,SECOND CIRCUIT,372,264,3,0,105,21,15,3,0,3,351,249,0,102
2014-08-31,NORTH CAROLINA EASTERN,NORTH CAROLINA,FOURTH CIRCUIT,643,184,8,1,450,26,13,6,1,6,617,171,2,444
2014-08-31,NORTH CAROLINA MIDDLE,NORTH CAROLINA,FOURTH CIRCUIT,370,158,0,0,212,8,7,0,0,1,362,151,0,211
2014-08-31,NORTH CAROLINA WESTERN,NORTH CAROLINA,FOURTH CIRCUIT,396,221,6,0,169,11,5,6,0,0,385,216,0,169
2014-08-31,NORTH DAKOTA,NORTH DAKOTA,EIGHTH CIRCUIT,60,56,0,0,4,1,1,0,0,0,59,55,0,4
2014-08-31,NORTHERN MARIANAS,NORTHERN MARIANA ISLANDS,NINTH CIRCUIT,1,1,0,0,0,0,0,0,0,0,1,1,0,0
2014-08-31,OHIO NORTHERN,OHIO,SIXTH CIRCUIT,1780,1457,1,0,322,23,20,1,0,2,1757,1437,0,320
2014-08-31,OHIO SOUTHERN,OHIO,SIXTH CIRCUIT,1559,1109,0,0,450,19,18,0,0,1,1540,1091,0,449
2014-08-31,OKLAHOMA EASTERN,OKLAHOMA,TENTH CIRCUIT,139,124,0,0,15,2,2,0,0,0,137,122,0,15
2014-08-31,OKLAHOMA NORTHERN,OKLAHOMA,TENTH CIRCUIT,243,220,0,0,23,3,3,0,0,0,240,217,0,23
2014-08-31,OKLAHOMA WESTERN,OKLAHOMA,TENTH CIRCUIT,468,372,0,0,96,2,1,0,0,1,466,371,0,95
2014-08-31,OREGON,OREGON,NINTH CIRCUIT,971,794,2,0,175,19,14,1,0,4,952,780,1,171
2014-08-31,PENNSYLVANIA EASTERN,PENNSYLVANIA,THIRD CIRCUIT,843,516,4,0,323,23,15,4,0,4,820,501,0,319
2014-08-31,PENNSYLVANIA MIDDLE,PENNSYLVANIA,THIRD CIRCUIT,484,310,1,0,173,27,16,1,0,10,457,294,0,163
2014-08-31,PENNSYLVANIA WESTERN,PENNSYLVANIA,THIRD CIRCUIT,576,372,4,1,199,16,8,3,1,4,560,364,1,195
2014-08-31,PUERTO RICO,PUERTO RICO,FIRST CIRCUIT,926,371,13,2,540,31,13,12,2,4,895,358,1,536
2014-08-31,RHODE ISLAND,RHODE ISLAND,FIRST CIRCUIT,214,186,0,0,28,5,4,0,0,1,209,182,0,27
2014-08-31,SOUTH CAROLINA,SOUTH CAROLINA,FOURTH CIRCUIT,618,242,3,0,373,28,24,2,0,2,590,218,1,371
2014-08-31,SOUTH DAKOTA,SOUTH DAKOTA,EIGHTH CIRCUIT,91,83,0,0,8,1,1,0,0,0,90,82,0,8
2014-08-31,TENNESSEE EASTERN,TENNESSEE,SIXTH CIRCUIT,1092,558,3,0,531,9,7,1,0,1,1083,551,2,530
2014-08-31,TENNESSEE MIDDLE,TENNESSEE,SIXTH CIRCUIT,916,490,8,0,418,26,20,6,0,0,890,470,2,418
2014-08-31,TENNESSEE WESTERN,TENNESSEE,SIXTH CIRCUIT,1496,342,1,0,1153,6,6,0,0,0,1490,336,1,1153
2014-08-31,TEXAS EASTERN,TEXAS,FIFTH CIRCUIT,456,207,7,0,242,26,18,5,0,3,430,189,2,239
2014-08-31,TEXAS NORTHERN,TEXAS,FIFTH CIRCUIT,1199,468,15,0,716,51,30,15,0,6,1148,438,0,710
2014-08-31,TEXAS SOUTHERN,TEXAS,FIFTH CIRCUIT,907,281,6,2,618,42,30,5,2,5,865,251,1,613
2014-08-31,TEXAS WESTERN,TEXAS,FIFTH CIRCUIT,718,302,6,0,410,34,25,6,0,3,684,277,0,407
2014-08-31,UTAH,UTAH,TENTH CIRCUIT,1185,750,1,0,434,11,10,1,0,0,1174,740,0,434
2014-08-31,VERMONT,VERMONT,SECOND CIRCUIT,43,36,0,0,7,5,4,0,0,1,38,32,0,6
2014-08-31,VIRGIN ISLANDS,VIRGIN ISLANDS,THIRD CIRCUIT,1,1,0,0,0,0,0,0,0,0,1,1,0,0
2014-08-31,VIRGINIA EASTERN,VIRGINIA,FOURTH CIRCUIT,1476,809,8,0,659,32,20,8,0,4,1444,789,0,655
2014-08-31,VIRGINIA WESTERN,VIRGINIA,FOURTH CIRCUIT,431,277,0,0,154,9,9,0,0,0,422,268,0,154
2014-08-31,WASHINGTON EASTERN,WASHINGTON,NINTH CIRCUIT,345,271,1,1,72,8,4,1,1,2,337,267,0,70
2014-08-31,WASHINGTON WESTERN,WASHINGTON,NINTH CIRCUIT,1301,1007,9,0,285,27,16,8,0,3,1274,991,1,282
2014-08-31,WEST VIRGINIA NORTHERN,WEST VIRGINIA,FOURTH CIRCUIT,116,102,3,0,11,4,1,3,0,0,112,101,0,11
2014-08-31,WEST VIRGINIA SOUTHERN,WEST VIRGINIA,FOURTH CIRCUIT,141,116,8,0,17,11,4,7,0,0,130,112,1,17
2014-08-31,WISCONSIN EASTERN,WISCONSIN,SEVENTH CIRCUIT,1328,949,1,0,378,18,17,1,0,0,1310,932,0,378
2014-08-31,WISCONSIN WESTERN,WISCONSIN,SEVENTH CIRCUIT,442,374,2,1,65,11,6,2,1,2,431,368,0,63
2014-08-31,WYOMING,WYOMING,TENTH CIRCUIT,63,61,0,0,2,5,5,0,0,0,58,56,0,2
2014-09-30,ALABAMA MIDDLE,ALABAMA,ELEVENTH CIRCUIT,762,134,0,0,628,11,11,0,0,0,751,123,0,628
2014-09-30,ALABAMA NORTHERN,ALABAMA,ELEVENTH CIRCUIT,1136,539,1,0,596,13,12,1,0,0,1123,527,0,596
2014-09-30,ALABAMA SOUTHERN,ALABAMA,ELEVENTH CIRCUIT,371,104,1,0,266,6,6,0,0,0,365,98,1,266
2014-09-30,ALASKA,ALASKA,NINTH CIRCUIT,42,36,0,0,6,2,2,0,0,0,40,34,0,6
2014-09-30,ARIZONA,ARIZONA,NINTH CIRCUIT,1497,1248,32,3,214,70,42,24,3,1,1427,1206,8,213
2014-09-30,ARKANSAS EASTERN,ARKANSAS,EIGHTH CIRCUIT,573,220,2,1,350,10,8,0,1,1,563,212,2,349
2014-09-30,ARKANSAS WESTERN,ARKANSAS,EIGHTH CIRCUIT,334,176,3,0,155,11,7,2,0,2,323,169,1,153
2014-09-30,CALIFORNIA CENTRAL,CALIFORNIA,NINTH CIRCUIT,4440,3455,37,0,948,152,118,25,0,9,4288,3337,12,939
2014-09-30,CALIFORNIA EASTERN,CALIFORNIA,NINTH CIRCUIT,1620,1319,7,0,294,43,32,5,0,6,1577,1287,2,288
2014-09-30,CALIFORNIA NORTHERN,CALIFORNIA,NINTH CIRCUIT,1104,647,13,1,443,53,32,10,1,10,1051,615,3,433
2014-09-30,CALIFORNIA SOUTHERN,CALIFORNIA,NINTH CIRCUIT,821,645,3,0,173,34,29,2,0,3,787,616,1,170
2014-09-30,COLORADO,COLORADO,TENTH CIRCUIT,1391,1154,7,0,230,29,19,7,0,3,1362,1135,0,227
2014-09-30,CONNECTICUT,CONNECTICUT,SECOND CIRCUIT,542,459,5,0,78,25,19,4,0,2,517,440,1,76
2014-09-30,DELAWARE,DELAWARE,THIRD CIRCUIT,214,126,26,0,62,35,7,26,0,2,179,119,0,60
2014-09-30,DISTRICT OF COLUMBIA,DISTRICT OF COLUMBIA,DC CIRCUIT,72,58,3,0,11,7,4,3,0,0,65,54,0,11
2014-09-30,FLORIDA MIDDLE,FLORIDA,ELEVENTH CIRCUIT,2981,2011,19,1,950,80,55,15,1,9,2901,1956,4,941
2014-09-30,FLORIDA NORTHERN,FLORIDA,ELEVENTH CIRCUIT,258,201,5,1,51,17,10,4,1,2,241,191,1,49
2014-09-30,FLORIDA SOUTHERN,FLORIDA,ELEVENTH CIRCUIT,2391,1398,21,0,972,37,20,15,0,2,2354,1378,6,970
2014-09-30,GEORGIA MIDDLE,GEORGIA,ELEVENTH CIRCUIT,755,233,5,1,516,19,10,5,1,3,736,223,0,513
2014-09-30,GEORGIA NORTHERN,GEORGIA,ELEVENTH CIRCUIT,2828,1576,13,0,1239,63,46,13,0,4,2765,1530,0,1235
2014-09-30,GEORGIA SOUTHERN,GEORGIA,ELEVENTH CIRCUIT,736,170,0,0,566,10,9,0,0,1,726,161,0,565
2014-09-30,GUAM,GUAM,NINTH CIRCUIT,5,4,0,0,1,0,0,0,0,0,5,4,0,1
2014-09-30,HAWAII,HAWAII,NINTH CIRCUIT,152,107,1,0,44,4,2,1,0,1,148,105,0,43
2014-09-30,IDAHO,IDAHO,NINTH CIRCUIT,398,353,2,1,42,10,8,1,1,0,388,345,1,42
2014-09-30,ILLINOIS CENTRAL,ILLINOIS,SEVENTH CIRCUIT,495,391,2,0,102,10,4,2,0,4,485,387,0,98
2014-09-30,ILLINOIS NORTHERN,ILLINOIS,SEVENTH CIRCUIT,4053,2466,13,0,1574,87,74,11,0,2,3966,2392,2,1572
2014-09-30,ILLINOIS SOUTHERN,ILLINOIS,SEVENTH CIRCUIT,331,198,1,0,132,7,5,1,0,1,324,193,0,131
2014-09-30,INDIANA NORTHERN,INDIANA,SEVENTH CIRCUIT,957,719,4,0,234,12,7,3,0,2,945,712,1,232
2014-09-30,INDIANA SOUTHERN,INDIANA,SEVENTH CIRCUIT,1400,974,5,0,421,26,19,5,0,2,1374,955,0,419
2014-09-30,IOWA NORTHERN,IOWA,EIGHTH CIRCUIT,157,145,0,2,10,4,2,0,2,0,153,143,0,10
2014-09-30,IOWA SOUTHERN,IOWA,EIGHTH CIRCUIT,234,206,2,0,26,7,5,1,0,1,227,201,1,25
2014-09-30,KANSAS,KANSAS,TENTH CIRCUIT,626,364,4,0,258,19,15,3,0,1,607,349,1,257
2014-09-30,KENTUCKY EASTERN,KENTUCKY,SIXTH CIRCUIT,683,468,2,0,213,12,9,1,0,2,671,459,1,211
2014-09-30,KENTUCKY WESTERN,KENTUCKY,SIXTH CIRCUIT,663,477,4,0,182,10,6,4,0,0,653,471,0,182
2014-09-30,LOUISIANA EASTERN,LOUISIANA,FIFTH CIRCUIT,297,132,3,0,162,17,11,3,0,3,280,121,0,159
2014-09-30,LOUISIANA MIDDLE,LOUISIANA,FIFTH CIRCUIT,148,61,1,0,86,3,2,1,0,0,145,59,0,86
2014-09-30,LOUISIANA WESTERN,LOUISIANA,FIFTH CIRCUIT,850,143,7,0,700,11,3,7,0,1,839,140,0,699
2014-09-30,MAINE,MAINE,FIRST CIRCUIT,168,133,1,0,34,7,4,1,0,2,161,129,0,32
2014-09-30,MARYLAND,MARYLAND,FOURTH CIRCUIT,1603,1144,15,0,444,31,19,9,0,3,1572,1125,6,441
2014-09-30,MASSACHUSETTS,MASSACHUSETTS,FIRST CIRCUIT,850,656,11,0,183,40,26,11,0,3,810,630,0,180
2014-09-30,MICHIGAN EASTERN,MICHIGAN,SIXTH CIRCUIT,1976,1493,6,0,477,26,16,6,0,4,1950,1477,0,473
2014-09-30,MICHIGAN WESTERN,MICHIGAN,SIXTH CIRCUIT,607,487,4,0,116,11,6,4,0,1,596,481,0,115
2014-09-30,MINNESOTA,MINNESOTA,EIGHTH CIRCUIT,920,756,4,0,160,32,26,3,0,3,888,730,1,157
2014-09-30,MISSISSIPPI NORTHERN,MISSISSIPPI,FIFTH CIRCUIT,420,171,1,0,248,6,4,1,0,1,414,167,0,247
2014-09-30,MISSISSIPPI SOUTHERN,MISSISSIPPI,FIFTH CIRCUIT,558,261,3,0,294,14,11,3,0,0,544,250,0,294
2014-09-30,MISSOURI EASTERN,MISSOURI,EIGHTH CIRCUIT,985,646,4,1,334,12,7,4,1,0,973,639,0,334
2014-09-30,MISSOURI WESTERN,MISSOURI,EIGHTH CIRCUIT,732,538,2,0,192,16,12,2,0,2,716,526,0,190
2014-09-30,MONTANA,MONTANA,NINTH CIRCUIT,127,106,0,0,21,9,8,0,0,1,118,98,0,20
2014-09-30,NEBRASKA,NEBRASKA,EIGHTH CIRCUIT,365,240,3,0,122,9,6,3,0,0,356,234,0,122
2014-09-30,NEVADA,NEVADA,NINTH CIRCUIT,901,711,28,1,161,43,28,10,1,4,858,683,18,157
2014-09-30,NEW HAMPSHIRE,NEW HAMPSHIRE,FIRST CIRCUIT,201,162,4,0,35,17,12,3,0,2,184,150,1,33
2014-09-30,NEW JERSEY,NEW JERSEY,THIRD CIRCUIT,2118,1525,24,0,569,51,30,17,0,4,2067,1495,7,565
2014-09-30,NEW MEXICO,NEW MEXICO,TENTH CIRCUIT,325,297,3,0,25,13,9,3,0,1,312,288,0,24
2014-09-30,NEW YORK EASTERN,NEW YORK,SECOND CIRCUIT,1012,825,15,0,172,47,29,13,0,5,965,796,2,167
2014-09-30,NEW YORK NORTHERN,NEW YORK,SECOND CIRCUIT,559,436,3,0,120,12,7,3,0,2,547,429,0,118
2014-09-30,NEW YORK SOUTHERN,NEW YORK,SECOND CIRCUIT,615,484,27,0,104,41,15,26,0,0,574,469,1,104
2014-09-30,NEW YORK WESTERN,NEW YORK,SECOND CIRCUIT,419,290,7,1,121,22,11,7,1,3,397,279,0,118
2014-09-30,NORTH CAROLINA EASTERN,NORTH CAROLINA,FOURTH CIRCUIT,649,177,5,0,467,15,10,3,0,2,634,167,2,465
2014-09-30,NORTH CAROLINA MIDDLE,NORTH CAROLINA,FOURTH CIRCUIT,361,155,2,1,203,13,9,2,1,1,348,146,0,202
2014-09-30,NORTH CAROLINA WESTERN,NORTH CAROLINA,FOURTH CIRCUIT,371,183,2,0,186,8,6,2,0,0,363,177,0,186
2014-09-30,NORTH DAKOTA,NORTH DAKOTA,EIGHTH CIRCUIT,59,53,0,0,6,3,3,0,0,0,56,50,0,6
2014-09-30,NORTHERN MARIANAS,NORTHERN MARIANA ISLANDS,NINTH CIRCUIT,0,0,0,0,0,0,0,0,0,0,0,0,0,0
2014-09-30,OHIO NORTHERN,OHIO,SIXTH CIRCUIT,1777,1424,2,0,351,16,12,1,0,3,1761,1412,1,348
2014-09-30,OHIO SOUTHERN,OHIO,SIXTH CIRCUIT,1561,1079,2,0,480,32,26,2,0,4,1529,1053,0,476
2014-09-30,OKLAHOMA EASTERN,OKLAHOMA,TENTH CIRCUIT,140,135,0,1,4,1,0,0,1,0,139,135,0,4
2014-09-30,OKLAHOMA NORTHERN,OKLAHOMA,TENTH CIRCUIT,224,200,0,0,24,6,6,0,0,0,218,194,0,24
2014-09-30,OKLAHOMA WESTERN,OKLAHOMA,TENTH CIRCUIT,466,369,1,0,96,7,6,1,0,0,459,363,0,96
2014-09-30,OREGON,OREGON,NINTH CIRCUIT,943,770,3,0,170,28,23,3,0,2,915,747,0,168
2014-09-30,PENNSYLVANIA EASTERN,PENNSYLVANIA,THIRD CIRCUIT,886,418,17,0,451,42,19,17,0,6,844,399,0,445
2014-09-30,PENNSYLVANIA MIDDLE,PENNSYLVANIA,THIRD CIRCUIT,532,294,4,0,234,17,7,4,0,6,515,287,0,228
2014-09-30,PENNSYLVANIA WESTERN,PENNSYLVANIA,THIRD CIRCUIT,626,386,12,0,228,23,9,10,0,4,603,377,2,224
2014-09-30,PUERTO RICO,PUERTO RICO,FIRST CIRCUIT,929,364,17,1,547,29,9,14,1,5,900,355,3,542
2014-09-30,RHODE ISLAND,RHODE ISLAND,FIRST CIRCUIT,238,208,2,0,28,8,6,2,0,0,230,202,0,28
2014-09-30,SOUTH CAROLINA,SOUTH CAROLINA,FOURTH CIRCUIT,586,230,4,0,352,15,12,3,0,0,571,218,1,352
2014-09-30,SOUTH DAKOTA,SOUTH DAKOTA,EIGHTH CIRCUIT,118,102,0,0,16,5,4,0,0,1,113,98,0,15
2014-09-30,TENNESSEE EASTERN,TENNESSEE,SIXTH CIRCUIT,1092,548,3,2,539,11,7,1,2,1,1081,541,2,538
2014-09-30,TENNESSEE MIDDLE,TENNESSEE,SIXTH CIRCUIT,843,453,4,0,386,19,15,4,0,0,824,438,0,386
2014-09-30,TENNESSEE WESTERN,TENNESSEE,SIXTH CIRCUIT,1415,307,4,0,1104,16,10,4,0,2,1399,297,0,1102
2014-09-30,TEXAS EASTERN,TEXAS,FIFTH CIRCUIT,374,173,3,0,198,24,19,2,0,3,350,154,1,195
2014-09-30,TEXAS NORTHERN,TEXAS,FIFTH CIRCUIT,1019,411,16,0,592,51,33,16,0,2,968,378,0,590
2014-09-30,TEXAS SOUTHERN,TEXAS,FIFTH CIRCUIT,683,270,16,0,397,45,25,16,0,4,638,245,0,393
2014-09-30,TEXAS WESTERN,TEXAS,FIFTH CIRCUIT,649,326,2,0,321,30,27,2,0,1,619,299,0,320
2014-09-30,UTAH,UTAH,TENTH CIRCUIT,1234,792,2,0,440,21,17,2,0,2,1213,775,0,438
2014-09-30,VERMONT,VERMONT,SECOND CIRCUIT,58,43,0,0,15,3,1,0,0,2,55,42,0,13
2014-09-30,VIRGIN ISLANDS,VIRGIN ISLANDS,THIRD CIRCUIT,1,1,0,0,0,0,0,0,0,0,1,1,0,0
2014-09-30,VIRGINIA EASTERN,VIRGINIA,FOURTH CIRCUIT,1526,908,6,0,612,31,24,6,0,1,1495,884,0,611
2014-09-30,VIRGINIA WESTERN,VIRGINIA,FOURTH CIRCUIT,485,303,1,0,181,5,3,1,0,1,480,300,0,180
2014-09-30,WASHINGTON EASTERN,WASHINGTON,NINTH CIRCUIT,401,317,1,0,83,8,6,1,0,1,393,311,0,82
2014-09-30,WASHINGTON WESTERN,WASHINGTON,NINTH CIRCUIT,1314,1030,9,0,275,36,28,5,0,3,1278,1002,4,272
2014-09-30,WEST VIRGINIA NORTHERN,WEST VIRGINIA,FOURTH CIRCUIT,115,102,0,0,13,5,5,0,0,0,110,97,0,13
2014-09-30,WEST VIRGINIA SOUTHERN,WEST VIRGINIA,FOURTH CIRCUIT,151,135,1,0,15,6,5,1,0,0,145,130,0,15
2014-09-30,WISCONSIN EASTERN,WISCONSIN,SEVENTH CIRCUIT,1194,818,1,0,375,20,19,1,0,0,1174,799,0,375
2014-09-30,WISCONSIN WESTERN,WISCONSIN,SEVENTH CIRCUIT,429,357,2,1,69,11,7,1,1,2,418,350,1,67
2014-09-30,WYOMING,WYOMING,TENTH CIRCUIT,85,77,1,0,7,4,3,1,0,0,81,74,0,7
2014-10-31,ALABAMA MIDDLE,ALABAMA,ELEVENTH CIRCUIT,787,121,3,0,663,14,11,3,0,0,773,110,0,663
2014-10-31,ALABAMA NORTHERN,ALABAMA,ELEVENTH CIRCUIT,1176,555,5,0,616,18,12,5,0,1,1158,543,0,615
2014-10-31,ALABAMA SOUTHERN,ALABAMA,ELEVENTH CIRCUIT,403,107,4,0,292,3,1,2,0,0,400,106,2,292
2014-10-31,ALASKA,ALASKA,NINTH CIRCUIT,51,45,0,0,6,6,4,0,0,2,45,41,0,4
2014-10-31,ARIZONA,ARIZONA,NINTH CIRCUIT,1550,1342,18,1,189,55,43,10,1,1,1495,1299,8,188
2014-10-31,ARKANSAS EASTERN,ARKANSAS,EIGHTH CIRCUIT,676,275,4,2,395,14,7,4,2,1,662,268,0,394
2014-10-31,ARKANSAS WESTERN,ARKANSAS,EIGHTH CIRCUIT,358,202,0,0,156,6,6,0,0,0,352,196,0,156
2014-10-31,CALIFORNIA CENTRAL,CALIFORNIA,NINTH CIRCUIT,4686,3626,36,0,1024,174,141,21,0,12,4512,3485,15,1012
2014-10-31,CALIFORNIA EASTERN,CALIFORNIA,NINTH CIRCUIT,1716,1396,8,0,312,42,33,5,0,4,1674,1363,3,308
2014-10-31,CALIFORNIA NORTHERN,CALIFORNIA,NINTH CIRCUIT,1171,668,25,0,478,69,43,18,0,8,1102,625,7,470
2014-10-31,CALIFORNIA SOUTHERN,CALIFORNIA,NINTH CIRCUIT,883,701,4,0,178,29,21,3,0,5,854,680,1,173
2014-10-31,COLORADO,COLORADO,TENTH CIRCUIT,1505,1247,8,1,249,39,29,8,1,1,1466,1218,0,248
2014-10-31,CONNECTICUT,CONNECTICUT,SECOND CIRCUIT,576,484,9,0,83,25,17,7,0,1,551,467,2,82
2014-10-31,DELAWARE,DELAWARE,THIRD CIRCUIT,224,128,19,0,76,23,3,19,0,0,201,125,0,76
2014-10-31,DISTRICT OF COLUMBIA,DISTRICT OF COLUMBIA,DC CIRCUIT,61,51,0,0,10,1,1,0,0,0,60,50,0,10
2014-10-31,FLORIDA MIDDLE,FLORIDA,ELEVENTH CIRCUIT,3158,2239,26,2,890,114,83,20,2,8,3044,2156,6,882
2014-10-31,FLORIDA NORTHERN,FLORIDA,ELEVENTH CIRCUIT,251,205,2,0,44,18,16,2,0,0,233,189,0,44
2014-10-31,FLORIDA SOUTHERN,FLORIDA,ELEVENTH CIRCUIT,2504,1532,14,0,958,55,42,8,0,5,2449,1490,6,953
2014-10-31,GEORGIA MIDDLE,GEORGIA,ELEVENTH CIRCUIT,978,239,2,1,736,16,8,2,1,5,962,231,0,731
2014-10-31,GEORGIA NORTHERN,GEORGIA,ELEVENTH CIRCUIT,3264,1692,11,0,1561,59,45,10,0,4,3205,1647,1,1557
2014-10-31,GEORGIA SOUTHERN,GEORGIA,ELEVENTH CIRCUIT,781,151,2,2,626,18,14,1,2,1,763,137,1,625
2014-10-31,GUAM,GUAM,NINTH CIRCUIT,11,8,0,0,3,2,2,0,0,0,9,6,0,3
2014-10-31,HAWAII,HAWAII,NINTH CIRCUIT,139,102,2,0,35,10,8,2,0,0,129,94,0,35
2014-10-31,IDAHO,IDAHO,NINTH CIRCUIT,402,359,1,0,42,11,10,1,0,0,391,349,0,42
2014-10-31,ILLINOIS CENTRAL,ILLINOIS,SEVENTH CIRCUIT,544,422,17,0,105,28,9,17,0,2,516,413,0,103
2014-10-31,ILLINOIS NORTHERN,ILLINOIS,SEVENTH CIRCUIT,4605,2692,14,0,1899,82,69,12,0,1,4523,2623,2,1898
2014-10-31,ILLINOIS SOUTHERN,ILLINOIS,SEVENTH CIRCUIT,360,206,1,0,153,9,8,1,0,0,351,198,0,153
2014-10-31,INDIANA NORTHERN,INDIANA,SEVENTH CIRCUIT,974,733,2,0,239,9,6,1,0,2,965,727,1,237
2014-10-31,INDIANA SOUTHERN,INDIANA,SEVENTH CIRCUIT,1475,956,7,2,510,27,18,6,2,1,1448,938,1,509
2014-10-31,IOWA NORTHERN,IOWA,EIGHTH CIRCUIT,148,138,0,1,9,4,3,0,1,0,144,135,0,9
2014-10-31,IOWA SOUTHERN,IOWA,EIGHTH CIRCUIT,241,221,0,0,20,9,9,0,0,0,232,212,0,20
2014-10-31,KANSAS,KANSAS,TENTH CIRCUIT,692,382,4,1,305,21,11,3,1,6,671,371,1,299
2014-10-31,KENTUCKY EASTERN,KENTUCKY,SIXTH CIRCUIT,748,526,1,0,221,14,13,1,0,0,734,513,0,221
2014-10-31,KENTUCKY WESTERN,KENTUCKY,SIXTH CIRCUIT,710,492,3,0,215,9,5,3,0,1,701,487,0,214
2014-10-31,LOUISIANA EASTERN,LOUISIANA,FIFTH CIRCUIT,311,124,5,0,182,12,7,5,0,0,299,117,0,182
2014-10-31,LOUISIANA MIDDLE,LOUISIANA,FIFTH CIRCUIT,150,77,0,0,73,8,7,0,0,1,142,70,0,72
2014-10-31,LOUISIANA WESTERN,LOUISIANA,FIFTH CIRCUIT,822,127,14,0,681,24,9,13,0,2,798,118,1,679
2014-10-31,MAINE,MAINE,FIRST CIRCUIT,174,147,2,0,25,9,8,1,0,0,165,139,1,25
2014-10-31,MARYLAND,MARYLAND,FOURTH CIRCUIT,1754,1261,16,0,477,47,31,13,0,3,1707,1230,3,474
2014-10-31,MASSACHUSETTS,MASSACHUSETTS,FIRST CIRCUIT,892,708,4,1,179,36,29,4,1,2,856,679,0,177
2014-10-31,MICHIGAN EASTERN,MICHIGAN,SIXTH CIRCUIT,2260,1794,8,1,457,30,23,5,1,1,2230,1771,3,456
2014-10-31,MICHIGAN WESTERN,MICHIGAN,SIXTH CIRCUIT,673,532,3,0,138,19,12,3,0,4,654,520,0,134
2014-10-31,MINNESOTA,MINNESOTA,EIGHTH CIRCUIT,1002,853,1,0,148,34,32,1,0,1,968,821,0,147
2014-10-31,MISSISSIPPI NORTHERN,MISSISSIPPI,FIFTH CIRCUIT,427,150,2,0,275,8,4,2,0,2,419,146,0,273
2014-10-31,MISSISSIPPI SOUTHERN,MISSISSIPPI,FIFTH CIRCUIT,590,268,6,0,316,12,6,5,0,1,578,262,1,315
2014-10-31,MISSOURI EASTERN,MISSOURI,EIGHTH CIRCUIT,1149,743,1,0,405,10,8,0,0,2,1139,735,1,403
2014-10-31,MISSOURI WESTERN,MISSOURI,EIGHTH CIRCUIT,775,565,1,1,208,14,11,1,1,1,761,554,0,207
2014-10-31,MONTANA,MONTANA,NINTH CIRCUIT,121,102,0,0,19,5,5,0,0,0,116,97,0,19
2014-10-31,NEBRASKA,NEBRASKA,EIGHTH CIRCUIT,371,252,0,2,115,12,7,0,2,1,359,245,0,114
2014-10-31,NEVADA,NEVADA,NINTH CIRCUIT,960,793,19,0,148,47,37,8,0,2,913,756,11,146
2014-10-31,NEW HAMPSHIRE,NEW HAMPSHIRE,FIRST CIRCUIT,259,194,10,0,55,22,11,10,0,1,237,183,0,54
2014-10-31,NEW JERSEY,NEW JERSEY,THIRD CIRCUIT,2376,1742,23,0,611,79,54,19,0,6,2297,1688,4,605
2014-10-31,NEW MEXICO,NEW MEXICO,TENTH CIRCUIT,323,293,4,0,26,13,10,2,0,1,310,283,2,25
2014-10-31,NEW YORK EASTERN,NEW YORK,SECOND CIRCUIT,1034,862,13,0,159,43,29,11,0,3,991,833,2,156
2014-10-31,NEW YORK NORTHERN,NEW YORK,SECOND CIRCUIT,694,535,4,0,155,21,13,4,0,4,673,522,0,151
2014-10-31,NEW YORK SOUTHERN,NEW YORK,SECOND CIRCUIT,595,461,26,0,107,45,19,23,0,2,550,442,3,105
2014-10-31,NEW YORK WESTERN,NEW YORK,SECOND CIRCUIT,418,272,7,0,139,21,8,7,0,6,397,264,0,133
2014-10-31,NORTH CAROLINA EASTERN,NORTH CAROLINA,FOURTH CIRCUIT,696,218,8,0,470,17,8,6,0,3,679,210,2,467
2014-10-31,NORTH CAROLINA MIDDLE,NORTH CAROLINA,FOURTH CIRCUIT,402,140,7,0,255,16,8,7,0,1,386,132,0,254
2014-10-31,NORTH CAROLINA WESTERN,NORTH CAROLINA,FOURTH CIRCUIT,380,220,3,0,157,14,10,2,0,2,366,210,1,155
2014-10-31,NORTH DAKOTA,NORTH DAKOTA,EIGHTH CIRCUIT,60,53,0,0,7,3,3,0,0,0,57,50,0,7
2014-10-31,NORTHERN MARIANAS,NORTHERN MARIANA ISLANDS,NINTH CIRCUIT,0,0,0,0,0,0,0,0,0,0,0,0,0,0
2014-10-31,OHIO NORTHERN,OHIO,SIXTH CIRCUIT,1938,1552,4,0,382,52,42,4,0,6,1886,1510,0,376
2014-10-31,OHIO SOUTHERN,OHIO,SIXTH CIRCUIT,1678,1140,1,1,536,31,27,1,1,2,1647,1113,0,534
2014-10-31,OKLAHOMA EASTERN,OKLAHOMA,TENTH CIRCUIT,153,136,0,0,17,1,1,0,0,0,152,135,0,17
2014-10-31,OKLAHOMA NORTHERN,OKLAHOMA,TENTH CIRCUIT,217,188,1,0,28,5,3,1,0,1,212,185,0,27
2014-10-31,OKLAHOMA WESTERN,OKLAHOMA,TENTH CIRCUIT,485,366,1,1,117,9,6,1,1,1,476,360,0,116
2014-10-31,OREGON,OREGON,NINTH CIRCUIT,1019,821,0,0,198,7,7,0,0,0,1012,814,0,198
2014-10-31,PENNSYLVANIA EASTERN,PENNSYLVANIA,THIRD CIRCUIT,869,508,11,0,350,34,20,11,0,3,835,488,0,347
2014-10-31,PENNSYLVANIA MIDDLE,PENNSYLVANIA,THIRD CIRCUIT,560,344,11,0,205,26,11,11,0,4,534,333,0,201
2014-10-31,PENNSYLVANIA WESTERN,PENNSYLVANIA,THIRD CIRCUIT,631,450,4,0,177,23,17,4,0,2,608,433,0,175
2014-10-31,PUERTO RICO,PUERTO RICO,FIRST CIRCUIT,974,369,19,1,585,27,4,18,1,4,947,365,1,581
2014-10-31,RHODE ISLAND,RHODE ISLAND,FIRST CIRCUIT,222,192,0,0,30,1,1,0,0,0,221,191,0,30
2014-10-31,SOUTH CAROLINA,SOUTH CAROLINA,FOURTH CIRCUIT,719,270,4,0,445,16,13,2,0,1,703,257,2,444
2014-10-31,SOUTH DAKOTA,SOUTH DAKOTA,EIGHTH CIRCUIT,93,83,0,0,10,6,5,0,0,1,87,78,0,9
2014-10-31,TENNESSEE EASTERN,TENNESSEE,SIXTH CIRCUIT,1067,545,3,0,519,12,9,2,0,1,1055,536,1,518
2014-10-31,TENNESSEE MIDDLE,TENNESSEE,SIXTH CIRCUIT,890,456,5,0,429,14,11,3,0,0,876,445,2,429
2014-10-31,TENNESSEE WESTERN,TENNESSEE,SIXTH CIRCUIT,1458,285,2,0,1171,13,9,2,0,2,1445,276,0,1169
2014-10-31,TEXAS EASTERN,TEXAS,FIFTH CIRCUIT,474,226,5,0,243,35,29,4,0,2,439,197,1,241
2014-10-31,TEXAS NORTHERN,TEXAS,FIFTH CIRCUIT,1187,532,18,0,637,66,43,18,0,5,1121,489,0,632
2014-10-31,TEXAS SOUTHERN,TEXAS,FIFTH CIRCUIT,897,315,11,0,571,44,28,10,0,6,853,287,1,565
2014-10-31,TEXAS WESTERN,TEXAS,FIFTH CIRCUIT,758,307,4,0,447,40,32,4,0,4,718,275,0,443
2014-10-31,UTAH,UTAH,TENTH CIRCUIT,1264,785,5,0,474,27,18,5,0,4,1237,767,0,470
2014-10-31,VERMONT,VERMONT,SECOND CIRCUIT,51,36,0,1,14,3,2,0,1,0,48,34,0,14
2014-10-31,VIRGIN ISLANDS,VIRGIN ISLANDS,THIRD CIRCUIT,1,1,0,0,0,1,1,0,0,0,0,0,0,0
2014-10-31,VIRGINIA EASTERN,VIRGINIA,FOURTH CIRCUIT,1622,930,5,0,687,32,24,5,0,3,1590,906,0,684
2014-10-31,VIRGINIA WESTERN,VIRGINIA,FOURTH CIRCUIT,509,307,0,0,202,9,9,0,0,0,500,298,0,202
2014-10-31,WASHINGTON EASTERN,WASHINGTON,NINTH CIRCUIT,411,329,0,0,82,6,6,0,0,0,405,323,0,82
2014-10-31,WASHINGTON WESTERN,WASHINGTON,NINTH CIRCUIT,1392,1061,13,0,318,39,24,12,0,3,1353,1037,1,315
2014-10-31,WEST VIRGINIA NORTHERN,WEST VIRGINIA,FOURTH CIRCUIT,127,107,0,0,20,2,2,0,0,0,125,105,0,20
2014-10-31,WEST VIRGINIA SOUTHERN,WEST VIRGINIA,FOURTH CIRCUIT,155,134,2,0,19,7,5,2,0,0,148,129,0,19
2014-10-31,WISCONSIN EASTERN,WISCONSIN,SEVENTH CIRCUIT,1300,909,2,1,388,34,27,2,1,4,1266,882,0,384
2014-10-31,WISCONSIN WESTERN,WISCONSIN,SEVENTH CIRCUIT,488,403,3,1,81,17,13,2,1,1,471,390,1,80
2014-10-31,WYOMING,WYOMING,TENTH CIRCUIT,94,85,1,0,8,2,1,1,0,0,92,84,0,8
2014-11-30,ALABAMA MIDDLE,ALABAMA,ELEVENTH CIRCUIT,578,91,1,1,485,9,6,1,1,1,569,85,0,484
2014-11-30,ALABAMA NORTHERN,ALABAMA,ELEVENTH CIRCUIT,948,418,1,1,528,9,6,1,1,1,939,412,0,527
2014-11-30,ALABAMA SOUTHERN,ALABAMA,ELEVENTH CIRCUIT,324,92,2,0,230,4,2,1,0,1,320,90,1,229
2014-11-30,ALASKA,ALASKA,NINTH CIRCUIT,27,24,0,0,3,1,1,0,0,0,26,23,0,3
2014-11-30,ARIZONA,ARIZONA,NINTH CIRCUIT,1304,1096,14,1,193,43,30,9,1,3,1261,1066,5,190
2014-11-30,ARKANSAS EASTERN,ARKANSAS,EIGHTH CIRCUIT,494,216,0,0,278,6,5,0,0,1,488,211,0,277
2014-11-30,ARKANSAS WESTERN,ARKANSAS,EIGHTH CIRCUIT,267,159,1,0,107,2,1,1,0,0,265,158,0,107
2014-11-30,CALIFORNIA CENTRAL,CALIFORNIA,NINTH CIRCUIT,3770,2927,26,0,817,144,120,20,0,4,3626,2807,6,813
2014-11-30,CALIFORNIA EASTERN,CALIFORNIA,NINTH CIRCUIT,1412,1121,9,0,282,49,32,8,0,9,1363,1089,1,273
2014-11-30,CALIFORNIA NORTHERN,CALIFORNIA,NINTH CIRCUIT,872,499,12,0,361,50,37,10,0,3,822,462,2,358
2014-11-30,CALIFORNIA SOUTHERN,CALIFORNIA,NINTH CIRCUIT,666,519,1,0,146,28,21,1,0,6,638,498,0,140
2014-11-30,COLORADO,COLORADO,TENTH CIRCUIT,1179,978,3,0,198,30,23,3,0,4,1149,955,0,194
2014-11-30,CONNECTICUT,CONNECTICUT,SECOND CIRCUIT,458,373,7,0,78,12,5,6,0,1,446,368,1,77
2014-11-30,DELAWARE,DELAWARE,THIRD CIRCUIT,188,110,19,0,59,24,5,19,0,0,164,105,0,59
2014-11-30,DISTRICT OF COLUMBIA,DISTRICT OF COLUMBIA,DC CIRCUIT,58,47,0,0,11,4,3,0,0,1,54,44,0,10
2014-11-30,FLORIDA MIDDLE,FLORIDA,ELEVENTH CIRCUIT,2332,1606,28,2,696,95,66,21,2,6,2237,1540,7,690
2014-11-30,FLORIDA NORTHERN,FLORIDA,ELEVENTH CIRCUIT,201,153,4,0,44,12,7,4,0,1,189,146,0,43
2014-11-30,FLORIDA SOUTHERN,FLORIDA,ELEVENTH CIRCUIT,1946,1105,17,0,824,38,25,11,0,2,1908,1080,6,822
2014-11-30,GEORGIA MIDDLE,GEORGIA,ELEVENTH CIRCUIT,713,202,0,2,509,14,7,0,2,5,699,195,0,504
2014-11-30,GEORGIA NORTHERN,GEORGIA,ELEVENTH CIRCUIT,2662,1310,13,0,1339,56,39,13,0,4,2606,1271,0,1335
2014-11-30,GEORGIA SOUTHERN,GEORGIA,ELEVENTH CIRCUIT,605,100,0,0,505,6,5,0,0,1,599,95,0,504
2014-11-30,GUAM,GUAM,NINTH CIRCUIT,6,3,0,0,3,0,0,0,0,0,6,3,0,3
2014-11-30,HAWAII,HAWAII,NINTH CIRCUIT,129,92,1,0,36,8,7,1,0,0,121,85,0,36
2014-11-30,IDAHO,IDAHO,NINTH CIRCUIT,310,282,1,0,27,13,11,1,0,1,297,271,0,26
2014-11-30,ILLINOIS CENTRAL,ILLINOIS,SEVENTH CIRCUIT,402,326,0,0,76,8,7,0,0,1,394,319,0,75
2014-11-30,ILLINOIS NORTHERN,ILLINOIS,SEVENTH CIRCUIT,3428,1888,11,0,1529,63,51,8,0,4,3365,1837,3,1525
2014-11-30,ILLINOIS SOUTHERN,ILLINOIS,SEVENTH CIRCUIT,298,179,1,0,118,3,2,1,0,0,295,177,0,118
2014-11-30,INDIANA NORTHERN,INDIANA,SEVENTH CIRCUIT,777,550,1,2,224,9,6,1,2,0,768,544,0,224
2014-11-30,INDIANA SOUTHERN,INDIANA,SEVENTH CIRCUIT,1192,789,1,0,402,23,23,0,0,0,1169,766,1,402
2014-11-30,IOWA NORTHERN,IOWA,EIGHTH CIRCUIT,121,115,0,0,6,4,3,0,0,1,117,112,0,5
2014-11-30,IOWA SOUTHERN,IOWA,EIGHTH CIRCUIT,200,171,3,0,26,7,4,3,0,0,193,167,0,26
2014-11-30,KANSAS,KANSAS,TENTH CIRCUIT,466,236,2,1,227,10,7,1,1,1,456,229,1,226
2014-11-30,KENTUCKY EASTERN,KENTUCKY,SIXTH CIRCUIT,590,418,4,1,167,18,13,4,1,0,572,405,0,167
2014-11-30,KENTUCKY WESTERN,KENTUCKY,SIXTH CIRCUIT,584,408,0,0,176,10,8,0,0,2,574,400,0,174
2014-11-30,LOUISIANA EASTERN,LOUISIANA,FIFTH CIRCUIT,282,103,1,0,178,9,8,1,0,0,273,95,0,178
2014-11-30,LOUISIANA MIDDLE,LOUISIANA,FIFTH CIRCUIT,130,62,1,0,67,3,2,1,0,0,127,60,0,67
2014-11-30,LOUISIANA WESTERN,LOUISIANA,FIFTH CIRCUIT,651,105,1,0,545,5,3,1,0,1,646,102,0,544
2014-11-30,MAINE,MAINE,FIRST CIRCUIT,147,119,1,0,27,6,5,1,0,0,141,114,0,27
2014-11-30,MARYLAND,MARYLAND,FOURTH CIRCUIT,1375,957,20,0,398,52,32,17,0,3,1323,925,3,395
2014-11-30,MASSACHUSETTS,MASSACHUSETTS,FIRST CIRCUIT,755,568,7,0,180,27,23,3,0,1,728,545,4,179
2014-11-30,MICHIGAN EASTERN,MICHIGAN,SIXTH CIRCUIT,1900,1469,8,1,422,51,38,8,1,4,1849,1431,0,418
2014-11-30,MICHIGAN WESTERN,MICHIGAN,SIXTH CIRCUIT,513,410,5,0,98,19,14,5,0,0,494,396,0,98
2014-11-30,MINNESOTA,MINNESOTA,EIGHTH CIRCUIT,840,718,0,3,119,27,22,0,3,2,813,696,0,117
2014-11-30,MISSISSIPPI NORTHERN,MISSISSIPPI,FIFTH CIRCUIT,333,126,1,0,206,5,2,1,0,2,328,124,0,204
2014-11-30,MISSISSIPPI SOUTHERN,MISSISSIPPI,FIFTH CIRCUIT,422,211,3,0,208,10,7,3,0,0,412,204,0,208
2014-11-30,MISSOURI EASTERN,MISSOURI,EIGHTH CIRCUIT,770,508,0,0,262,6,5,0,0,1,764,503,0,261
2014-11-30,MISSOURI WESTERN,MISSOURI,EIGHTH CIRCUIT,645,424,1,1,219,12,10,1,1,0,633,414,0,219
2014-11-30,MONTANA,MONTANA,NINTH CIRCUIT,86,72,0,0,14,3,2,0,0,1,83,70,0,13
2014-11-30,NEBRASKA,NEBRASKA,EIGHTH CIRCUIT,338,220,0,0,118,3,2,0,0,1,335,218,0,117
2014-11-30,NEVADA,NEVADA,NINTH CIRCUIT,741,591,13,0,137,29,21,6,0,2,712,570,7,135
2014-11-30,NEW HAMPSHIRE,NEW HAMPSHIRE,FIRST CIRCUIT,168,133,4,0,31,19,11,4,0,4,149,122,0,27
2014-11-30,NEW JERSEY,NEW JERSEY,THIRD CIRCUIT,1960,1415,20,0,525,64,40,17,0,7,1896,1375,3,518
2014-11-30,NEW MEXICO,NEW MEXICO,TENTH CIRCUIT,265,248,1,0,16,9,7,1,0,1,256,241,0,15
2014-11-30,NEW YORK EASTERN,NEW YORK,SECOND CIRCUIT,922,802,9,0,111,36,25,8,0,3,886,777,1,108
2014-11-30,NEW YORK NORTHERN,NEW YORK,SECOND CIRCUIT,453,350,2,1,100,10,6,2,1,1,443,344,0,99
2014-11-30,NEW YORK SOUTHERN,NEW YORK,SECOND CIRCUIT,581,460,13,0,107,32,15,12,0,4,549,445,1,103
2014-11-30,NEW YORK WESTERN,NEW YORK,SECOND CIRCUIT,356,228,3,0,125,11,3,3,0,5,345,225,0,120
2014-11-30,NORTH CAROLINA EASTERN,NORTH CAROLINA,FOURTH CIRCUIT,590,161,7,1,421,21,10,5,1,5,569,151,2,416
2014-11-30,NORTH CAROLINA MIDDLE,NORTH CAROLINA,FOURTH CIRCUIT,328,131,0,0,197,11,9,0,0,2,317,122,0,195
2014-11-30,NORTH CAROLINA WESTERN,NORTH CAROLINA,FOURTH CIRCUIT,329,189,2,0,138,9,7,2,0,0,320,182,0,138
2014-11-30,NORTH DAKOTA,NORTH DAKOTA,EIGHTH CIRCUIT,41,37,0,0,4,2,2,0,0,0,39,35,0,4
2014-11-30,NORTHERN MARIANAS,NORTHERN MARIANA ISLANDS,NINTH CIRCUIT,1,1,0,0,0,0,0,0,0,0,1,1,0,0
2014-11-30,OHIO NORTHERN,OHIO,SIXTH CIRCUIT,1573,1273,1,0,299,31,28,1,0,2,1542,1245,0,297
2014-11-30,OHIO SOUTHERN,OHIO,SIXTH CIRCUIT,1343,884,1,0,458,25,20,1,0,4,1318,864,0,454
2014-11-30,OKLAHOMA EASTERN,OKLAHOMA,TENTH CIRCUIT,112,95,3,0,14,5,1,3,0,1,107,94,0,13
2014-11-30,OKLAHOMA NORTHERN,OKLAHOMA,TENTH CIRCUIT,189,170,0,0,19,8,8,0,0,0,181,162,0,19
2014-11-30,OKLAHOMA WESTERN,OKLAHOMA,TENTH CIRCUIT,383,292,2,0,89,7,4,2,0,1,376,288,0,88
2014-11-30,OREGON,OREGON,NINTH CIRCUIT,828,654,1,0,173,20,16,1,0,3,808,638,0,170
2014-11-30,PENNSYLVANIA EASTERN,PENNSYLVANIA,THIRD CIRCUIT,728,397,6,0,325,22,9,6,0,7,706,388,0,318
2014-11-30,PENNSYLVANIA MIDDLE,PENNSYLVANIA,THIRD CIRCUIT,424,280,1,0,143,10,8,0,0,2,414,272,1,141
2014-11-30,PENNSYLVANIA WESTERN,PENNSYLVANIA,THIRD CIRCUIT,484,306,3,0,175,9,6,2,0,1,475,300,1,174
2014-11-30,PUERTO RICO,PUERTO RICO,FIRST CIRCUIT,785,297,14,1,473,24,9,13,1,1,761,288,1,472
2014-11-30,RHODE ISLAND,RHODE ISLAND,FIRST CIRCUIT,201,162,0,0,39,5,5,0,0,0,196,157,0,39
2014-11-30,SOUTH CAROLINA,SOUTH CAROLINA,FOURTH CIRCUIT,581,213,3,0,365,23,16,3,0,4,558,197,0,361
2014-11-30,SOUTH DAKOTA,SOUTH DAKOTA,EIGHTH CIRCUIT,72,69,0,0,3,4,3,0,0,1,68,66,0,2
2014-11-30,TENNESSEE EASTERN,TENNESSEE,SIXTH CIRCUIT,915,457,4,0,454,15,11,3,0,1,900,446,1,453
2014-11-30,TENNESSEE MIDDLE,TENNESSEE,SIXTH CIRCUIT,752,396,6,0,350,12,7,4,0,1,740,389,2,349
2014-11-30,TENNESSEE WESTERN,TENNESSEE,SIXTH CIRCUIT,1124,249,4,0,871,18,14,4,0,0,1106,235,0,871
2014-11-30,TEXAS EASTERN,TEXAS,FIFTH CIRCUIT,316,112,5,0,199,18,11,5,0,2,298,101,0,197
2014-11-30,TEXAS NORTHERN,TEXAS,FIFTH CIRCUIT,975,395,12,2,566,70,51,11,2,6,905,344,1,560
2014-11-30,TEXAS SOUTHERN,TEXAS,FIFTH CIRCUIT,764,254,7,0,503,34,24,6,0,4,730,230,1,499
2014-11-30,TEXAS WESTERN,TEXAS,FIFTH CIRCUIT,578,257,8,0,313,31,20,6,0,5,547,237,2,308
2014-11-30,UTAH,UTAH,TENTH CIRCUIT,926,550,1,0,375,13,11,1,0,1,913,539,0,374
2014-11-30,VERMONT,VERMONT,SECOND CIRCUIT,54,48,0,0,6,3,2,0,0,1,51,46,0,5
2014-11-30,VIRGIN ISLANDS,VIRGIN ISLANDS,THIRD CIRCUIT,2,1,0,0,1,0,0,0,0,0,2,1,0,1
2014-11-30,VIRGINIA EASTERN,VIRGINIA,FOURTH CIRCUIT,1380,814,10,1,555,36,22,10,1,3,1344,792,0,552
2014-11-30,VIRGINIA WESTERN,VIRGINIA,FOURTH CIRCUIT,404,228,3,0,173,9,5,3,0,1,395,223,0,172
2014-11-30,WASHINGTON EASTERN,WASHINGTON,NINTH CIRCUIT,295,233,1,0,61,4,3,1,0,0,291,230,0,61
2014-11-30,WASHINGTON WESTERN,WASHINGTON,NINTH CIRCUIT,1105,848,6,0,251,25,18,6,0,1,1080,830,0,250
2014-11-30,WEST VIRGINIA NORTHERN,WEST VIRGINIA,FOURTH CIRCUIT,92,73,2,0,17,9,7,2,0,0,83,66,0,17
2014-11-30,WEST VIRGINIA SOUTHERN,WEST VIRGINIA,FOURTH CIRCUIT,158,128,1,0,29,6,5,1,0,0,152,123,0,29
2014-11-30,WISCONSIN EASTERN,WISCONSIN,SEVENTH CIRCUIT,896,581,2,3,310,15,10,2,3,0,881,571,0,310
2014-11-30,WISCONSIN WESTERN,WISCONSIN,SEVENTH CIRCUIT,324,270,2,2,50,13,7,2,2,2,311,263,0,48
2014-11-30,WYOMING,WYOMING,TENTH CIRCUIT,58,52,0,0,6,3,3,0,0,0,55,49,0,6
2014-12-31,ALABAMA MIDDLE,ALABAMA,ELEVENTH CIRCUIT,585,107,0,0,478,4,3,0,0,1,581,104,0,477
2014-12-31,ALABAMA NORTHERN,ALABAMA,ELEVENTH CIRCUIT,959,419,2,0,538,13,11,2,0,0,946,408,0,538
2014-12-31,ALABAMA SOUTHERN,ALABAMA,ELEVENTH CIRCUIT,316,103,0,0,213,3,3,0,0,0,313,100,0,213
2014-12-31,ALASKA,ALASKA,NINTH CIRCUIT,29,16,0,0,13,4,3,0,0,1,25,13,0,12
2014-12-31,ARIZONA,ARIZONA,NINTH CIRCUIT,1280,1068,23,0,189,47,30,15,0,2,1233,1038,8,187
2014-12-31,ARKANSAS EASTERN,ARKANSAS,EIGHTH CIRCUIT,506,194,5,0,307,11,3,5,0,3,495,191,0,304
2014-12-31,ARKANSAS WESTERN,ARKANSAS,EIGHTH CIRCUIT,275,142,1,3,129,9,5,1,3,0,266,137,0,129
2014-12-31,CALIFORNIA CENTRAL,CALIFORNIA,NINTH CIRCUIT,3868,2950,33,0,885,149,117,23,0,9,3719,2833,10,876
2014-12-31,CALIFORNIA EASTERN,CALIFORNIA,NINTH CIRCUIT,1355,1039,6,0,310,42,32,4,0,6,1313,1007,2,304
2014-12-31,CALIFORNIA NORTHERN,CALIFORNIA,NINTH CIRCUIT,1041,630,12,0,399,56,43,9,0,4,985,587,3,395
2014-12-31,CALIFORNIA SOUTHERN,CALIFORNIA,NINTH CIRCUIT,684,533,1,0,150,29,25,1,0,3,655,508,0,147
2014-12-31,COLORADO,COLORADO,TENTH CIRCUIT,1152,943,7,0,199,41,28,6,0,4,1111,915,1,195
2014-12-31,CONNECTICUT,CONNECTICUT,SECOND CIRCUIT,548,444,12,1,91,26,14,10,1,1,522,430,2,90
2014-12-31,DELAWARE,DELAWARE,THIRD CIRCUIT,209,151,11,0,47,53,41,11,0,1,156,110,0,46
2014-12-31,DISTRICT OF COLUMBIA,DISTRICT OF COLUMBIA,DC CIRCUIT,70,56,3,0,11,9,6,3,0,0,61,50,0,11
2014-12-31,FLORIDA MIDDLE,FLORIDA,ELEVENTH CIRCUIT,2534,1733,29,1,771,121,94,20,1,6,2413,1639,9,765
2014-12-31,FLORIDA NORTHERN,FLORIDA,ELEVENTH CIRCUIT,231,191,3,0,37,5,3,2,0,0,226,188,1,37
2014-12-31,FLORIDA SOUTHERN,FLORIDA,ELEVENTH CIRCUIT,1986,1107,22,1,856,58,43,13,1,1,1928,1064,9,855
2014-12-31,GEORGIA MIDDLE,GEORGIA,ELEVENTH CIRCUIT,655,194,1,1,459,6,3,1,1,1,649,191,0,458
2014-12-31,GEORGIA NORTHERN,GEORGIA,ELEVENTH CIRCUIT,2556,1282,13,0,1261,66,50,12,0,4,2490,1232,1,1257
2014-12-31,GEORGIA SOUTHERN,GEORGIA,ELEVENTH CIRCUIT,620,118,2,0,500,11,7,2,0,2,609,111,0,498
2014-12-31,GUAM,GUAM,NINTH CIRCUIT,1,1,0,0,0,0,0,0,0,0,1,1,0,0
2014-12-31,HAWAII,HAWAII,NINTH CIRCUIT,112,81,0,0,31,5,4,0,0,1,107,77,0,30
2014-12-31,IDAHO,IDAHO,NINTH CIRCUIT,326,277,3,0,46,11,9,2,0,0,315,268,1,46
2014-12-31,ILLINOIS CENTRAL,ILLINOIS,SEVENTH CIRCUIT,390,304,1,0,85,9,6,1,0,2,381,298,0,83
2014-12-31,ILLINOIS NORTHERN,ILLINOIS,SEVENTH CIRCUIT,3667,2165,16,0,1486,83,64,14,0,5,3584,2101,2,1481
2014-12-31,ILLINOIS SOUTHERN,ILLINOIS,SEVENTH CIRCUIT,325,196,3,0,126,10,2,3,0,5,315,194,0,121
2014-12-31,INDIANA NORTHERN,INDIANA,SEVENTH CIRCUIT,736,518,0,0,218,8,8,0,0,0,728,510,0,218
2014-12-31,INDIANA SOUTHERN,INDIANA,SEVENTH CIRCUIT,1119,723,4,0,392,28,21,4,0,3,1091,702,0,389
2014-12-31,IOWA NORTHERN,IOWA,EIGHTH CIRCUIT,123,113,0,0,10,6,6,0,0,0,117,107,0,10
2014-12-31,IOWA SOUTHERN,IOWA,EIGHTH CIRCUIT,211,181,4,0,26,11,6,4,0,1,200,175,0,25
2014-12-31,KANSAS,KANSAS,TENTH CIRCUIT,500,291,0,3,206,16,11,0,3,2,484,280,0,204
2014-12-31,KENTUCKY EASTERN,KENTUCKY,SIXTH CIRCUIT,565,395,2,0,168,10,8,2,0,0,555,387,0,168
2014-12-31,KENTUCKY WESTERN,KENTUCKY,SIXTH CIRCUIT,596,442,2,0,152,14,12,2,0,0,582,430,0,152
2014-12-31,LOUISIANA EASTERN,LOUISIANA,FIFTH CIRCUIT,260,105,0,1,154,12,10,0,1,1,248,95,0,153
2014-12-31,LOUISIANA MIDDLE,LOUISIANA,FIFTH CIRCUIT,117,58,1,0,58,6,5,1,0,0,111,53,0,58
2014-12-31,LOUISIANA WESTERN,LOUISIANA,FIFTH CIRCUIT,636,115,6,0,515,15,7,5,0,3,621,108,1,512
2014-12-31,MAINE,MAINE,FIRST CIRCUIT,140,107,0,1,32,7,5,0,1,1,133,102,0,31
2014-12-31,MARYLAND,MARYLAND,FOURTH CIRCUIT,1503,1060,13,0,430,36,17,12,0,7,1467,1043,1,423
2014-12-31,MASSACHUSETTS,MASSACHUSETTS,FIRST CIRCUIT,730,558,7,0,165,32,25,5,0,2,698,533,2,163
2014-12-31,MICHIGAN EASTERN,MICHIGAN,SIXTH CIRCUIT,1934,1499,11,1,423,41,27,10,1,3,1893,1472,1,420
2014-12-31,MICHIGAN WESTERN,MICHIGAN,SIXTH CIRCUIT,579,461,1,0,117,17,15,1,0,1,562,446,0,116
2014-12-31,MINNESOTA,MINNESOTA,EIGHTH CIRCUIT,884,740,2,2,140,38,34,1,2,1,846,706,1,139
2014-12-31,MISSISSIPPI NORTHERN,MISSISSIPPI,FIFTH CIRCUIT,344,130,3,0,211,8,5,3,0,0,336,125,0,211
2014-12-31,MISSISSIPPI SOUTHERN,MISSISSIPPI,FIFTH CIRCUIT,443,199,0,0,244,6,4,0,0,2,437,195,0,242
2014-12-31,MISSOURI EASTERN,MISSOURI,EIGHTH CIRCUIT,857,577,1,0,279,19,15,1,0,3,838,562,0,276
2014-12-31,MISSOURI WESTERN,MISSOURI,EIGHTH CIRCUIT,558,385,0,0,173,11,10,0,0,1,547,375,0,172
2014-12-31,MONTANA,MONTANA,NINTH CIRCUIT,83,70,2,0,11,8,5,1,0,2,75,65,1,9
2014-12-31,NEBRASKA,NEBRASKA,EIGHTH CIRCUIT,264,175,2,0,87,13,12,1,0,0,251,163,1,87
2014-12-31,NEVADA,NEVADA,NINTH CIRCUIT,802,611,8,0,183,40,32,7,0,1,762,579,1,182
2014-12-31,NEW HAMPSHIRE,NEW HAMPSHIRE,FIRST CIRCUIT,172,135,0,0,37,7,5,0,0,2,165,130,0,35
2014-12-31,NEW JERSEY,NEW JERSEY,THIRD CIRCUIT,1974,1422,18,0,534,49,32,15,0,2,1925,1390,3,532
2014-12-31,NEW MEXICO,NEW MEXICO,TENTH CIRCUIT,245,220,1,0,24,9,7,1,0,1,236,213,0,23
2014-12-31,NEW YORK EASTERN,NEW YORK,SECOND CIRCUIT,868,704,31,0,133,47,18,29,0,0,821,686,2,133
2014-12-31,NEW YORK NORTHERN,NEW YORK,SECOND CIRCUIT,499,377,3,1,118,8,4,3,1,0,491,373,0,118
2014-12-31,NEW YORK SOUTHERN,NEW YORK,SECOND CIRCUIT,586,423,55,0,105,71,14,54,0,0,515,409,1,105
2014-12-31,NEW YORK WESTERN,NEW YORK,SECOND CIRCUIT,357,254,3,0,100,15,9,3,0,3,342,245,0,97
2014-12-31,NORTH CAROLINA EASTERN,NORTH CAROLINA,FOURTH CIRCUIT,630,168,7,2,453,26,16,4,2,4,604,152,3,449
2014-12-31,NORTH CAROLINA MIDDLE,NORTH CAROLINA,FOURTH CIRCUIT,330,150,1,0,179,11,10,1,0,0,319,140,0,179
2014-12-31,NORTH CAROLINA WESTERN,NORTH CAROLINA,FOURTH CIRCUIT,316,173,3,0,140,13,8,3,0,2,303,165,0,138
2014-12-31,NORTH DAKOTA,NORTH DAKOTA,EIGHTH CIRCUIT,58,51,0,0,7,8,8,0,0,0,50,43,0,7
2014-12-31,NORTHERN MARIANAS,NORTHERN MARIANA ISLANDS,NINTH CIRCUIT,0,0,0,0,0,0,0,0,0,0,0,0,0,0
2014-12-31,OHIO NORTHERN,OHIO,SIXTH CIRCUIT,1556,1219,4,0,333,31,25,4,0,2,1525,1194,0,331
2014-12-31,OHIO SOUTHERN,OHIO,SIXTH CIRCUIT,1304,890,0,0,414,30,29,0,0,1,1274,861,0,413
2014-12-31,OKLAHOMA EASTERN,OKLAHOMA,TENTH CIRCUIT,94,80,1,0,13,5,3,1,0,1,89,77,0,12
2014-12-31,OKLAHOMA NORTHERN,OKLAHOMA,TENTH CIRCUIT,178,152,0,0,26,8,8,0,0,0,170,144,0,26
2014-12-31,OKLAHOMA WESTERN,OKLAHOMA,TENTH CIRCUIT,374,283,3,0,88,14,11,3,0,0,360,272,0,88
2014-12-31,OREGON,OREGON,NINTH CIRCUIT,883,725,4,0,154,18,14,3,0,1,865,711,1,153
2014-12-31,PENNSYLVANIA EASTERN,PENNSYLVANIA,THIRD CIRCUIT,746,418,12,0,316,27,7,12,0,8,719,411,0,308
2014-12-31,PENNSYLVANIA MIDDLE,PENNSYLVANIA,THIRD CIRCUIT,472,304,3,1,164,19,12,3,1,3,453,292,0,161
2014-12-31,PENNSYLVANIA WESTERN,PENNSYLVANIA,THIRD CIRCUIT,496,338,5,0,153,20,13,5,0,2,476,325,0,151
2014-12-31,PUERTO RICO,PUERTO RICO,FIRST CIRCUIT,866,298,7,1,560,17,9,5,1,2,849,289,2,558
2014-12-31,RHODE ISLAND,RHODE ISLAND,FIRST CIRCUIT,222,190,0,0,31,12,10,0,0,1,210,180,0,30
2014-12-31,SOUTH CAROLINA,SOUTH CAROLINA,FOURTH CIRCUIT,507,216,1,0,290,18,16,1,0,1,489,200,0,289
2014-12-31,SOUTH DAKOTA,SOUTH DAKOTA,EIGHTH CIRCUIT,77,67,0,0,10,3,3,0,0,0,74,64,0,10
2014-12-31,TENNESSEE EASTERN,TENNESSEE,SIXTH CIRCUIT,752,378,1,2,371,12,9,1,2,0,740,369,0,371
2014-12-31,TENNESSEE MIDDLE,TENNESSEE,SIXTH CIRCUIT,641,319,3,0,319,8,7,1,0,0,633,312,2,319
2014-12-31,TENNESSEE WESTERN,TENNESSEE,SIXTH CIRCUIT,1156,238,2,0,916,7,3,2,0,2,1149,235,0,914
2014-12-31,TEXAS EASTERN,TEXAS,FIFTH CIRCUIT,387,185,4,1,197,32,24,4,1,3,355,161,0,194
2014-12-31,TEXAS NORTHERN,TEXAS,FIFTH CIRCUIT,969,383,9,0,577,45,32,8,0,5,924,351,1,572
2014-12-31,TEXAS SOUTHERN,TEXAS,FIFTH CIRCUIT,703,230,8,0,465,22,14,8,0,0,681,216,0,465
2014-12-31,TEXAS WESTERN,TEXAS,FIFTH CIRCUIT,608,283,5,0,320,44,34,5,0,5,564,249,0,315
2014-12-31,UTAH,UTAH,TENTH CIRCUIT,957,549,2,0,406,18,14,2,0,2,939,535,0,404
2014-12-31,VERMONT,VERMONT,SECOND CIRCUIT,65,53,0,0,12,6,5,0,0,1,59,48,0,11
2014-12-31,VIRGIN ISLANDS,VIRGIN ISLANDS,THIRD CIRCUIT,2,2,0,0,0,0,0,0,0,0,2,2,0,0
2014-12-31,VIRGINIA EASTERN,VIRGINIA,FOURTH CIRCUIT,1321,760,8,0,553,38,30,6,0,2,1283,730,2,551
2014-12-31,VIRGINIA WESTERN,VIRGINIA,FOURTH CIRCUIT,411,261,0,0,150,6,6,0,0,0,405,255,0,150
2014-12-31,WASHINGTON EASTERN,WASHINGTON,NINTH CIRCUIT,327,261,0,0,66,9,9,0,0,0,318,252,0,66
2014-12-31,WASHINGTON WESTERN,WASHINGTON,NINTH CIRCUIT,1166,891,4,0,271,34,30,2,0,2,1132,861,2,269
2014-12-31,WEST VIRGINIA NORTHERN,WEST VIRGINIA,FOURTH CIRCUIT,99,86,4,1,8,8,3,4,1,0,91,83,0,8
2014-12-31,WEST VIRGINIA SOUTHERN,WEST VIRGINIA,FOURTH CIRCUIT,165,131,0,0,34,1,1,0,0,0,164,130,0,34
2014-12-31,WISCONSIN EASTERN,WISCONSIN,SEVENTH CIRCUIT,910,636,2,0,272,17,14,2,0,1,893,622,0,271
2014-12-31,WISCONSIN WESTERN,WISCONSIN,SEVENTH CIRCUIT,395,332,1,2,60,16,11,1,2,2,379,321,0,58
2014-12-31,WYOMING,WYOMING,TENTH CIRCUIT,53,46,0,0,7,2,2,0,0,0,51,44,0,7
2015-01-31,ALABAMA MIDDLE,ALABAMA,ELEVENTH CIRCUIT,645,104,1,0,540,5,3,1,0,1,640,101,0,539
2015-01-31,ALABAMA NORTHERN,ALABAMA,ELEVENTH CIRCUIT,887,410,1,0,476,15,13,1,0,1,872,397,0,475
2015-01-31,ALABAMA SOUTHERN,ALABAMA,ELEVENTH CIRCUIT,305,72,2,0,231,4,2,2,0,0,301,70,0,231
2015-01-31,ALASKA,ALASKA,NINTH CIRCUIT,17,13,0,0,4,0,0,0,0,0,17,13,0,4
2015-01-31,ARIZONA,ARIZONA,NINTH CIRCUIT,1026,822,24,0,180,44,21,21,0,2,982,801,3,178
2015-01-31,ARKANSAS EASTERN,ARKANSAS,EIGHTH CIRCUIT,524,202,1,0,321,10,6,1,0,3,514,196,0,318
2015-01-31,ARKANSAS WESTERN,ARKANSAS,EIGHTH CIRCUIT,289,140,4,1,144,5,1,3,1,0,284,139,1,144
2015-01-31,CALIFORNIA CENTRAL,CALIFORNIA,NINTH CIRCUIT,3514,2624,35,0,855,151,122,18,0,11,3363,2502,17,844
2015-01-31,CALIFORNIA EASTERN,CALIFORNIA,NINTH CIRCUIT,1279,1007,9,2,261,36,22,7,2,5,1243,985,2,256
2015-01-31,CALIFORNIA NORTHERN,CALIFORNIA,NINTH CIRCUIT,970,515,10,0,445,49,36,7,0,6,921,479,3,439
2015-01-31,CALIFORNIA SOUTHERN,CALIFORNIA,NINTH CIRCUIT,654,510,1,0,143,31,30,1,0,0,623,480,0,143
2015-01-31,COLORADO,COLORADO,TENTH CIRCUIT,1039,814,6,1,218,42,31,6,1,4,997,783,0,214
2015-01-31,CONNECTICUT,CONNECTICUT,SECOND CIRCUIT,434,330,15,0,89,27,10,14,0,3,407,320,1,86
2015-01-31,DELAWARE,DELAWARE,THIRD CIRCUIT,160,102,8,0,50,11,3,8,0,0,149,99,0,50
2015-01-31,DISTRICT OF COLUMBIA,DISTRICT OF COLUMBIA,DC CIRCUIT,54,38,4,0,12,6,3,3,0,0,48,35,1,12
2015-01-31,FLORIDA MIDDLE,FLORIDA,ELEVENTH CIRCUIT,2377,1503,23,0,850,84,58,16,0,10,2293,1445,7,840
2015-01-31,FLORIDA NORTHERN,FLORIDA,ELEVENTH CIRCUIT,224,179,1,1,43,13,11,1,1,0,211,168,0,43
2015-01-31,FLORIDA SOUTHERN,FLORIDA,ELEVENTH CIRCUIT,2048,1096,22,0,930,51,30,15,0,6,1997,1066,7,924
2015-01-31,GEORGIA MIDDLE,GEORGIA,ELEVENTH CIRCUIT,670,162,1,1,506,15,8,1,1,5,655,154,0,501
2015-01-31,GEORGIA NORTHERN,GEORGIA,ELEVENTH CIRCUIT,2636,1267,15,0,1354,69,51,15,0,3,2567,1216,0,1351
2015-01-31,GEORGIA SOUTHERN,GEORGIA,ELEVENTH CIRCUIT,529,113,3,3,410,11,3,3,3,2,518,110,0,408
2015-01-31,GUAM,GUAM,NINTH CIRCUIT,15,12,0,0,3,1,1,0,0,0,14,11,0,3
2015-01-31,HAWAII,HAWAII,NINTH CIRCUIT,118,84,2,0,32,11,7,2,0,2,107,77,0,30
2015-01-31,IDAHO,IDAHO,NINTH CIRCUIT,242,209,4,0,29,11,9,2,0,0,231,200,2,29
2015-01-31,ILLINOIS CENTRAL,ILLINOIS,SEVENTH CIRCUIT,344,260,0,0,84,6,5,0,0,1,338,255,0,83
2015-01-31,ILLINOIS NORTHERN,ILLINOIS,SEVENTH CIRCUIT,3709,1948,189,0,1572,248,52,188,0,8,3461,1896,1,1564
2015-01-31,ILLINOIS SOUTHERN,ILLINOIS,SEVENTH CIRCUIT,272,163,0,1,108,5,4,0,1,0,267,159,0,108
2015-01-31,INDIANA NORTHERN,INDIANA,SEVENTH CIRCUIT,539,342,7,3,187,15,4,7,3,1,524,338,0,186
2015-01-31,INDIANA SOUTHERN,INDIANA,SEVENTH CIRCUIT,887,499,5,1,382,25,18,5,1,1,862,481,0,381
2015-01-31,IOWA NORTHERN,IOWA,EIGHTH CIRCUIT,106,99,0,0,7,7,7,0,0,0,99,92,0,7
2015-01-31,IOWA SOUTHERN,IOWA,EIGHTH CIRCUIT,164,136,0,0,28,9,9,0,0,0,155,127,0,28
2015-01-31,KANSAS,KANSAS,TENTH CIRCUIT,418,197,2,0,219,16,11,2,0,3,402,186,0,216
2015-01-31,KENTUCKY EASTERN,KENTUCKY,SIXTH CIRCUIT,554,368,3,0,183,13,9,3,0,1,541,359,0,182
2015-01-31,KENTUCKY WESTERN,KENTUCKY,SIXTH CIRCUIT,595,435,3,0,157,9,4,3,0,2,586,431,0,155
2015-01-31,LOUISIANA EASTERN,LOUISIANA,FIFTH CIRCUIT,246,71,1,0,174,11,8,1,0,2,235,63,0,172
2015-01-31,LOUISIANA MIDDLE,LOUISIANA,FIFTH CIRCUIT,105,46,0,0,59,6,6,0,0,0,99,40,0,59
2015-01-31,LOUISIANA WESTERN,LOUISIANA,FIFTH CIRCUIT,643,92,1,0,550,10,8,1,0,1,633,84,0,549
2015-01-31,MAINE,MAINE,FIRST CIRCUIT,114,91,1,0,22,6,4,1,0,1,108,87,0,21
2015-01-31,MARYLAND,MARYLAND,FOURTH CIRCUIT,1414,937,15,0,462,42,26,12,0,4,1372,911,3,458
2015-01-31,MASSACHUSETTS,MASSACHUSETTS,FIRST CIRCUIT,684,502,9,0,173,33,23,7,0,3,651,479,2,170
2015-01-31,MICHIGAN EASTERN,MICHIGAN,SIXTH CIRCUIT,1831,1368,6,0,457,32,23,4,0,5,1799,1345,2,452
2015-01-31,MICHIGAN WESTERN,MICHIGAN,SIXTH CIRCUIT,506,384,2,2,118,10,6,2,2,0,496,378,0,118
2015-01-31,MINNESOTA,MINNESOTA,EIGHTH CIRCUIT,754,617,12,3,122,38,21,12,3,2,716,596,0,120
2015-01-31,MISSISSIPPI NORTHERN,MISSISSIPPI,FIFTH CIRCUIT,361,143,0,0,218,8,7,0,0,1,353,136,0,217
2015-01-31,MISSISSIPPI SOUTHERN,MISSISSIPPI,FIFTH CIRCUIT,470,233,2,0,235,13,10,2,0,1,457,223,0,234
2015-01-31,MISSOURI EASTERN,MISSOURI,EIGHTH CIRCUIT,745,464,1,1,279,12,10,1,1,0,733,454,0,279
2015-01-31,MISSOURI WESTERN,MISSOURI,EIGHTH CIRCUIT,495,307,1,1,186,12,10,1,1,0,483,297,0,186
2015-01-31,MONTANA,MONTANA,NINTH CIRCUIT,59,51,1,0,7,3,3,0,0,0,56,48,1,7
2015-01-31,NEBRASKA,NEBRASKA,EIGHTH CIRCUIT,271,161,2,0,108,9,4,2,0,3,262,157,0,105
2015-01-31,NEVADA,NEVADA,NINTH CIRCUIT,656,509,11,0,136,29,22,7,0,0,627,487,4,136
2015-01-31,NEW HAMPSHIRE,NEW HAMPSHIRE,FIRST CIRCUIT,157,114,1,0,42,13,8,1,0,4,144,106,0,38
2015-01-31,NEW JERSEY,NEW JERSEY,THIRD CIRCUIT,1864,1247,19,0,598,58,29,18,0,11,1806,1218,1,587
2015-01-31,NEW MEXICO,NEW MEXICO,TENTH CIRCUIT,221,200,3,0,18,12,9,2,0,1,209,191,1,17
2015-01-31,NEW YORK EASTERN,NEW YORK,SECOND CIRCUIT,824,654,18,0,152,46,26,16,0,4,778,628,2,148
2015-01-31,NEW YORK NORTHERN,NEW YORK,SECOND CIRCUIT,453,324,4,2,123,17,9,4,2,2,436,315,0,121
2015-01-31,NEW YORK SOUTHERN,NEW YORK,SECOND CIRCUIT,575,414,28,0,133,43,14,28,0,1,532,400,0,132
2015-01-31,NEW YORK WESTERN,NEW YORK,SECOND CIRCUIT,319,213,4,1,101,11,5,4,1,1,308,208,0,100
2015-01-31,NORTH CAROLINA EASTERN,NORTH CAROLINA,FOURTH CIRCUIT,535,146,4,0,385,16,10,2,0,4,519,136,2,381
2015-01-31,NORTH CAROLINA MIDDLE,NORTH CAROLINA,FOURTH CIRCUIT,299,104,2,0,193,11,9,1,0,1,288,95,1,192
2015-01-31,NORTH CAROLINA WESTERN,NORTH CAROLINA,FOURTH CIRCUIT,277,128,3,0,146,10,7,2,0,1,267,121,1,145
2015-01-31,NORTH DAKOTA,NORTH DAKOTA,EIGHTH CIRCUIT,30,26,0,0,4,2,2,0,0,0,28,24,0,4
2015-01-31,NORTHERN MARIANAS,NORTHERN MARIANA ISLANDS,NINTH CIRCUIT,0,0,0,0,0,0,0,0,0,0,0,0,0,0
2015-01-31,OHIO NORTHERN,OHIO,SIXTH CIRCUIT,1254,981,3,0,270,34,27,3,0,4,1220,954,0,266
2015-01-31,OHIO SOUTHERN,OHIO,SIXTH CIRCUIT,1358,802,2,0,554,17,12,2,0,3,1341,790,0,551
2015-01-31,OKLAHOMA EASTERN,OKLAHOMA,TENTH CIRCUIT,73,65,0,0,8,4,3,0,0,1,69,62,0,7
2015-01-31,OKLAHOMA NORTHERN,OKLAHOMA,TENTH CIRCUIT,137,114,0,0,23,2,1,0,0,1,135,113,0,22
2015-01-31,OKLAHOMA WESTERN,OKLAHOMA,TENTH CIRCUIT,341,239,0,0,102,6,5,0,0,1,335,234,0,101
2015-01-31,OREGON,OREGON,NINTH CIRCUIT,823,639,0,0,184,21,17,0,0,4,802,622,0,180
2015-01-31,PENNSYLVANIA EASTERN,PENNSYLVANIA,THIRD CIRCUIT,742,390,2,0,350,18,13,2,0,3,724,377,0,347
2015-01-31,PENNSYLVANIA MIDDLE,PENNSYLVANIA,THIRD CIRCUIT,384,243,0,0,141,10,6,0,0,4,374,237,0,137
2015-01-31,PENNSYLVANIA WESTERN,PENNSYLVANIA,THIRD CIRCUIT,524,311,7,0,206,17,10,5,0,2,507,301,2,204
2015-01-31,PUERTO RICO,PUERTO RICO,FIRST CIRCUIT,713,285,8,3,417,22,10,7,3,2,691,275,1,415
2015-01-31,RHODE ISLAND,RHODE ISLAND,FIRST CIRCUIT,211,158,3,0,50,6,4,2,0,0,205,154,1,50
2015-01-31,SOUTH CAROLINA,SOUTH CAROLINA,FOURTH CIRCUIT,558,205,4,0,349,12,6,2,0,4,546,199,2,345
2015-01-31,SOUTH DAKOTA,SOUTH DAKOTA,EIGHTH CIRCUIT,54,48,0,0,6,3,2,0,0,1,51,46,0,5
2015-01-31,TENNESSEE EASTERN,TENNESSEE,SIXTH CIRCUIT,878,449,2,0,427,10,8,2,0,0,868,441,0,427
2015-01-31,TENNESSEE MIDDLE,TENNESSEE,SIXTH CIRCUIT,686,349,13,1,323,16,6,8,1,1,670,343,5,322
2015-01-31,TENNESSEE WESTERN,TENNESSEE,SIXTH CIRCUIT,1253,270,4,0,979,12,7,4,0,1,1241,263,0,978
2015-01-31,TEXAS EASTERN,TEXAS,FIFTH CIRCUIT,348,133,5,0,210,20,13,5,0,2,328,120,0,208
2015-01-31,TEXAS NORTHERN,TEXAS,FIFTH CIRCUIT,1015,368,5,0,642,29,21,5,0,3,986,347,0,639
2015-01-31,TEXAS SOUTHERN,TEXAS,FIFTH CIRCUIT,788,227,10,0,551,44,32,10,0,2,744,195,0,549
2015-01-31,TEXAS WESTERN,TEXAS,FIFTH CIRCUIT,684,320,13,0,345,57,34,13,0,4,627,286,0,341
2015-01-31,UTAH,UTAH,TENTH CIRCUIT,777,423,3,0,351,17,13,3,0,1,760,410,0,350
2015-01-31,VERMONT,VERMONT,SECOND CIRCUIT,42,35,0,0,7,2,1,0,0,1,40,34,0,6
2015-01-31,VIRGIN ISLANDS,VIRGIN ISLANDS,THIRD CIRCUIT,2,1,0,0,1,1,1,0,0,0,1,0,0,1
2015-01-31,VIRGINIA EASTERN,VIRGINIA,FOURTH CIRCUIT,1294,692,3,0,599,23,18,3,0,2,1271,674,0,597
2015-01-31,VIRGINIA WESTERN,VIRGINIA,FOURTH CIRCUIT,375,223,4,0,148,9,5,4,0,0,366,218,0,148
2015-01-31,WASHINGTON EASTERN,WASHINGTON,NINTH CIRCUIT,343,262,1,0,80,7,6,1,0,0,336,256,0,80
2015-01-31,WASHINGTON WESTERN,WASHINGTON,NINTH CIRCUIT,1062,791,7,0,264,24,17,5,0,2,1038,774,2,262
2015-01-31,WEST VIRGINIA NORTHERN,WEST VIRGINIA,FOURTH CIRCUIT,92,73,0,0,19,2,2,0,0,0,90,71,0,19
2015-01-31,WEST VIRGINIA SOUTHERN,WEST VIRGINIA,FOURTH CIRCUIT,150,132,1,0,17,6,5,1,0,0,144,127,0,17
2015-01-31,WISCONSIN EASTERN,WISCONSIN,SEVENTH CIRCUIT,888,566,4,0,318,13,6,4,0,3,875,560,0,315
2015-01-31,WISCONSIN WESTERN,WISCONSIN,SEVENTH CIRCUIT,309,251,2,0,56,12,8,2,0,2,297,243,0,54
2015-01-31,WYOMING,WYOMING,TENTH CIRCUIT,50,45,0,0,5,2,2,0,0,0,48,43,0,5
2015-02-28,ALABAMA MIDDLE,ALABAMA,ELEVENTH CIRCUIT,645,104,1,0,540,5,3,1,0,1,640,101,0,539
2015-02-28,ALABAMA NORTHERN,ALABAMA,ELEVENTH CIRCUIT,887,410,1,0,476,15,13,1,0,1,872,397,0,475
2015-02-28,ALABAMA SOUTHERN,ALABAMA,ELEVENTH CIRCUIT,305,72,2,0,231,4,2,2,0,0,301,70,0,231
2015-02-28,ALASKA,ALASKA,NINTH CIRCUIT,17,13,0,0,4,0,0,0,0,0,17,13,0,4
2015-02-28,ARIZONA,ARIZONA,NINTH CIRCUIT,1026,822,24,0,180,44,21,21,0,2,982,801,3,178
2015-02-28,ARKANSAS EASTERN,ARKANSAS,EIGHTH CIRCUIT,524,202,1,0,321,10,6,1,0,3,514,196,0,318
2015-02-28,ARKANSAS WESTERN,ARKANSAS,EIGHTH CIRCUIT,289,140,4,1,144,5,1,3,1,0,284,139,1,144
2015-02-28,CALIFORNIA CENTRAL,CALIFORNIA,NINTH CIRCUIT,3514,2624,35,0,855,151,122,18,0,11,3363,2502,17,844
2015-02-28,CALIFORNIA EASTERN,CALIFORNIA,NINTH CIRCUIT,1279,1007,9,2,261,36,22,7,2,5,1243,985,2,256
2015-02-28,CALIFORNIA NORTHERN,CALIFORNIA,NINTH CIRCUIT,970,515,10,0,445,49,36,7,0,6,921,479,3,439
2015-02-28,CALIFORNIA SOUTHERN,CALIFORNIA,NINTH CIRCUIT,654,510,1,0,143,31,30,1,0,0,623,480,0,143
2015-02-28,COLORADO,COLORADO,TENTH CIRCUIT,1039,814,6,1,218,42,31,6,1,4,997,783,0,214
2015-02-28,CONNECTICUT,CONNECTICUT,SECOND CIRCUIT,434,330,15,0,89,27,10,14,0,3,407,320,1,86
2015-02-28,DELAWARE,DELAWARE,THIRD CIRCUIT,160,102,8,0,50,11,3,8,0,0,149,99,0,50
2015-02-28,DISTRICT OF COLUMBIA,DISTRICT OF COLUMBIA,DC CIRCUIT,54,38,4,0,12,6,3,3,0,0,48,35,1,12
2015-02-28,FLORIDA MIDDLE,FLORIDA,ELEVENTH CIRCUIT,2377,1503,23,0,850,84,58,16,0,10,2293,1445,7,840
2015-02-28,FLORIDA NORTHERN,FLORIDA,ELEVENTH CIRCUIT,224,179,1,1,43,13,11,1,1,0,211,168,0,43
2015-02-28,FLORIDA SOUTHERN,FLORIDA,ELEVENTH CIRCUIT,2048,1096,22,0,930,51,30,15,0,6,1997,1066,7,924
2015-02-28,GEORGIA MIDDLE,GEORGIA,ELEVENTH CIRCUIT,670,162,1,1,506,15,8,1,1,5,655,154,0,501
2015-02-28,GEORGIA NORTHERN,GEORGIA,ELEVENTH CIRCUIT,2636,1267,15,0,1354,69,51,15,0,3,2567,1216,0,1351
2015-02-28,GEORGIA SOUTHERN,GEORGIA,ELEVENTH CIRCUIT,529,113,3,3,410,11,3,3,3,2,518,110,0,408
2015-02-28,GUAM,GUAM,NINTH CIRCUIT,15,12,0,0,3,1,1,0,0,0,14,11,0,3
2015-02-28,HAWAII,HAWAII,NINTH CIRCUIT,118,84,2,0,32,11,7,2,0,2,107,77,0,30
2015-02-28,IDAHO,IDAHO,NINTH CIRCUIT,242,209,4,0,29,11,9,2,0,0,231,200,2,29
2015-02-28,ILLINOIS CENTRAL,ILLINOIS,SEVENTH CIRCUIT,344,260,0,0,84,6,5,0,0,1,338,255,0,83
2015-02-28,ILLINOIS NORTHERN,ILLINOIS,SEVENTH CIRCUIT,3709,1948,189,0,1572,248,52,188,0,8,3461,1896,1,1564
2015-02-28,ILLINOIS SOUTHERN,ILLINOIS,SEVENTH CIRCUIT,272,163,0,1,108,5,4,0,1,0,267,159,0,108
2015-02-28,INDIANA NORTHERN,INDIANA,SEVENTH CIRCUIT,539,342,7,3,187,15,4,7,3,1,524,338,0,186
2015-02-28,INDIANA SOUTHERN,INDIANA,SEVENTH CIRCUIT,887,499,5,1,382,25,18,5,1,1,862,481,0,381
2015-02-28,IOWA NORTHERN,IOWA,EIGHTH CIRCUIT,106,99,0,0,7,7,7,0,0,0,99,92,0,7
2015-02-28,IOWA SOUTHERN,IOWA,EIGHTH CIRCUIT,164,136,0,0,28,9,9,0,0,0,155,127,0,28
2015-02-28,KANSAS,KANSAS,TENTH CIRCUIT,418,197,2,0,219,16,11,2,0,3,402,186,0,216
2015-02-28,KENTUCKY EASTERN,KENTUCKY,SIXTH CIRCUIT,554,368,3,0,183,13,9,3,0,1,541,359,0,182
2015-02-28,KENTUCKY WESTERN,KENTUCKY,SIXTH CIRCUIT,595,435,3,0,157,9,4,3,0,2,586,431,0,155
2015-02-28,LOUISIANA EASTERN,LOUISIANA,FIFTH CIRCUIT,246,71,1,0,174,11,8,1,0,2,235,63,0,172
2015-02-28,LOUISIANA MIDDLE,LOUISIANA,FIFTH CIRCUIT,105,46,0,0,59,6,6,0,0,0,99,40,0,59
2015-02-28,LOUISIANA WESTERN,LOUISIANA,FIFTH CIRCUIT,643,92,1,0,550,10,8,1,0,1,633,84,0,549
2015-02-28,MAINE,MAINE,FIRST CIRCUIT,114,91,1,0,22,6,4,1,0,1,108,87,0,21
2015-02-28,MARYLAND,MARYLAND,FOURTH CIRCUIT,1414,937,15,0,462,42,26,12,0,4,1372,911,3,458
2015-02-28,MASSACHUSETTS,MASSACHUSETTS,FIRST CIRCUIT,684,502,9,0,173,33,23,7,0,3,651,479,2,170
2015-02-28,MICHIGAN EASTERN,MICHIGAN,SIXTH CIRCUIT,1831,1368,6,0,457,32,23,4,0,5,1799,1345,2,452
2015-02-28,MICHIGAN WESTERN,MICHIGAN,SIXTH CIRCUIT,506,384,2,2,118,10,6,2,2,0,496,378,0,118
2015-02-28,MINNESOTA,MINNESOTA,EIGHTH CIRCUIT,754,617,12,3,122,38,21,12,3,2,716,596,0,120
2015-02-28,MISSISSIPPI NORTHERN,MISSISSIPPI,FIFTH CIRCUIT,361,143,0,0,218,8,7,0,0,1,353,136,0,217
2015-02-28,MISSISSIPPI SOUTHERN,MISSISSIPPI,FIFTH CIRCUIT,470,233,2,0,235,13,10,2,0,1,457,223,0,234
2015-02-28,MISSOURI EASTERN,MISSOURI,EIGHTH CIRCUIT,745,464,1,1,279,12,10,1,1,0,733,454,0,279
2015-02-28,MISSOURI WESTERN,MISSOURI,EIGHTH CIRCUIT,495,307,1,1,186,12,10,1,1,0,483,297,0,186
2015-02-28,MONTANA,MONTANA,NINTH CIRCUIT,59,51,1,0,7,3,3,0,0,0,56,48,1,7
2015-02-28,NEBRASKA,NEBRASKA,EIGHTH CIRCUIT,271,161,2,0,108,9,4,2,0,3,262,157,0,105
2015-02-28,NEVADA,NEVADA,NINTH CIRCUIT,656,509,11,0,136,29,22,7,0,0,627,487,4,136
2015-02-28,NEW HAMPSHIRE,NEW HAMPSHIRE,FIRST CIRCUIT,157,114,1,0,42,13,8,1,0,4,144,106,0,38
2015-02-28,NEW JERSEY,NEW JERSEY,THIRD CIRCUIT,1864,1247,19,0,598,58,29,18,0,11,1806,1218,1,587
2015-02-28,NEW MEXICO,NEW MEXICO,TENTH CIRCUIT,221,200,3,0,18,12,9,2,0,1,209,191,1,17
2015-02-28,NEW YORK EASTERN,NEW YORK,SECOND CIRCUIT,824,654,18,0,152,46,26,16,0,4,778,628,2,148
2015-02-28,NEW YORK NORTHERN,NEW YORK,SECOND CIRCUIT,453,324,4,2,123,17,9,4,2,2,436,315,0,121
2015-02-28,NEW YORK SOUTHERN,NEW YORK,SECOND CIRCUIT,575,414,28,0,133,43,14,28,0,1,532,400,0,132
2015-02-28,NEW YORK WESTERN,NEW YORK,SECOND CIRCUIT,319,213,4,1,101,11,5,4,1,1,308,208,0,100
2015-02-28,NORTH CAROLINA EASTERN,NORTH CAROLINA,FOURTH CIRCUIT,535,146,4,0,385,16,10,2,0,4,519,136,2,381
2015-02-28,NORTH CAROLINA MIDDLE,NORTH CAROLINA,FOURTH CIRCUIT,299,104,2,0,193,11,9,1,0,1,288,95,1,192
2015-02-28,NORTH CAROLINA WESTERN,NORTH CAROLINA,FOURTH CIRCUIT,277,128,3,0,146,10,7,2,0,1,267,121,1,145
2015-02-28,NORTH DAKOTA,NORTH DAKOTA,EIGHTH CIRCUIT,30,26,0,0,4,2,2,0,0,0,28,24,0,4
2015-02-28,NORTHERN MARIANAS,NORTHERN MARIANA ISLANDS,NINTH CIRCUIT,0,0,0,0,0,0,0,0,0,0,0,0,0,0
2015-02-28,OHIO NORTHERN,OHIO,SIXTH CIRCUIT,1254,981,3,0,270,34,27,3,0,4,1220,954,0,266
2015-02-28,OHIO SOUTHERN,OHIO,SIXTH CIRCUIT,1358,802,2,0,554,17,12,2,0,3,1341,790,0,551
2015-02-28,OKLAHOMA EASTERN,OKLAHOMA,TENTH CIRCUIT,73,65,0,0,8,4,3,0,0,1,69,62,0,7
2015-02-28,OKLAHOMA NORTHERN,OKLAHOMA,TENTH CIRCUIT,137,114,0,0,23,2,1,0,0,1,135,113,0,22
2015-02-28,OKLAHOMA WESTERN,OKLAHOMA,TENTH CIRCUIT,341,239,0,0,102,6,5,0,0,1,335,234,0,101
2015-02-28,OREGON,OREGON,NINTH CIRCUIT,823,639,0,0,184,21,17,0,0,4,802,622,0,180
2015-02-28,PENNSYLVANIA EASTERN,PENNSYLVANIA,THIRD CIRCUIT,742,390,2,0,350,18,13,2,0,3,724,377,0,347
2015-02-28,PENNSYLVANIA MIDDLE,PENNSYLVANIA,THIRD CIRCUIT,384,243,0,0,141,10,6,0,0,4,374,237,0,137
2015-02-28,PENNSYLVANIA WESTERN,PENNSYLVANIA,THIRD CIRCUIT,524,311,7,0,206,17,10,5,0,2,507,301,2,204
2015-02-28,PUERTO RICO,PUERTO RICO,FIRST CIRCUIT,713,285,8,3,417,22,10,7,3,2,691,275,1,415
2015-02-28,RHODE ISLAND,RHODE ISLAND,FIRST CIRCUIT,211,158,3,0,50,6,4,2,0,0,205,154,1,50
2015-02-28,SOUTH CAROLINA,SOUTH CAROLINA,FOURTH CIRCUIT,558,205,4,0,349,12,6,2,0,4,546,199,2,345
2015-02-28,SOUTH DAKOTA,SOUTH DAKOTA,EIGHTH CIRCUIT,54,48,0,0,6,3,2,0,0,1,51,46,0,5
2015-02-28,TENNESSEE EASTERN,TENNESSEE,SIXTH CIRCUIT,878,449,2,0,427,10,8,2,0,0,868,441,0,427
2015-02-28,TENNESSEE MIDDLE,TENNESSEE,SIXTH CIRCUIT,686,349,13,1,323,16,6,8,1,1,670,343,5,322
2015-02-28,TENNESSEE WESTERN,TENNESSEE,SIXTH CIRCUIT,1253,270,4,0,979,12,7,4,0,1,1241,263,0,978
2015-02-28,TEXAS EASTERN,TEXAS,FIFTH CIRCUIT,348,133,5,0,210,20,13,5,0,2,328,120,0,208
2015-02-28,TEXAS NORTHERN,TEXAS,FIFTH CIRCUIT,1015,368,5,0,642,29,21,5,0,3,986,347,0,639
2015-02-28,TEXAS SOUTHERN,TEXAS,FIFTH CIRCUIT,788,227,10,0,551,44,32,10,0,2,744,195,0,549
2015-02-28,TEXAS WESTERN,TEXAS,FIFTH CIRCUIT,684,320,13,0,345,57,34,13,0,4,627,286,0,341
2015-02-28,UTAH,UTAH,TENTH CIRCUIT,777,423,3,0,351,17,13,3,0,1,760,410,0,350
2015-02-28,VERMONT,VERMONT,SECOND CIRCUIT,42,35,0,0,7,2,1,0,0,1,40,34,0,6
2015-02-28,VIRGIN ISLANDS,VIRGIN ISLANDS,THIRD CIRCUIT,2,1,0,0,1,1,1,0,0,0,1,0,0,1
2015-02-28,VIRGINIA EASTERN,VIRGINIA,FOURTH CIRCUIT,1294,692,3,0,599,23,18,3,0,2,1271,674,0,597
2015-02-28,VIRGINIA WESTERN,VIRGINIA,FOURTH CIRCUIT,375,223,4,0,148,9,5,4,0,0,366,218,0,148
2015-02-28,WASHINGTON EASTERN,WASHINGTON,NINTH CIRCUIT,343,262,1,0,80,7,6,1,0,0,336,256,0,80
2015-02-28,WASHINGTON WESTERN,WASHINGTON,NINTH CIRCUIT,1062,791,7,0,264,24,17,5,0,2,1038,774,2,262
2015-02-28,WEST VIRGINIA NORTHERN,WEST VIRGINIA,FOURTH CIRCUIT,92,73,0,0,19,2,2,0,0,0,90,71,0,19
2015-02-28,WEST VIRGINIA SOUTHERN,WEST VIRGINIA,FOURTH CIRCUIT,150,132,1,0,17,6,5,1,0,0,144,127,0,17
2015-02-28,WISCONSIN EASTERN,WISCONSIN,SEVENTH CIRCUIT,888,566,4,0,318,13,6,4,0,3,875,560,0,315
2015-02-28,WISCONSIN WESTERN,WISCONSIN,SEVENTH CIRCUIT,309,251,2,0,56,12,8,2,0,2,297,243,0,54
2015-02-28,WYOMING,WYOMING,TENTH CIRCUIT,50,45,0,0,5,2,2,0,0,0,48,43,0,5
2015-03-31,ALABAMA MIDDLE,ALABAMA,ELEVENTH CIRCUIT,662,189,0,1,472,12,9,0,1,2,650,180,0,470
2015-03-31,ALABAMA NORTHERN,ALABAMA,ELEVENTH CIRCUIT,1223,730,1,0,492,7,6,1,0,0,1216,724,0,492
2015-03-31,ALABAMA SOUTHERN,ALABAMA,ELEVENTH CIRCUIT,395,136,3,0,256,3,0,3,0,0,392,136,0,256
2015-03-31,ALASKA,ALASKA,NINTH CIRCUIT,34,26,0,0,8,1,1,0,0,0,33,25,0,8
2015-03-31,ARIZONA,ARIZONA,NINTH CIRCUIT,1754,1545,13,0,196,60,47,10,0,3,1694,1498,3,193
2015-03-31,ARKANSAS EASTERN,ARKANSAS,EIGHTH CIRCUIT,574,275,2,1,296,11,7,2,1,1,563,268,0,295
2015-03-31,ARKANSAS WESTERN,ARKANSAS,EIGHTH CIRCUIT,366,216,0,1,149,12,11,0,1,0,354,205,0,149
2015-03-31,CALIFORNIA CENTRAL,CALIFORNIA,NINTH CIRCUIT,4632,3666,37,0,929,165,131,26,0,8,4467,3535,11,921
2015-03-31,CALIFORNIA EASTERN,CALIFORNIA,NINTH CIRCUIT,1729,1388,7,2,332,65,41,7,2,15,1664,1347,0,317
2015-03-31,CALIFORNIA NORTHERN,CALIFORNIA,NINTH CIRCUIT,1060,596,14,0,450,46,30,11,0,5,1014,566,3,445
2015-03-31,CALIFORNIA SOUTHERN,CALIFORNIA,NINTH CIRCUIT,895,719,1,0,175,21,17,1,0,3,874,702,0,172
2015-03-31,COLORADO,COLORADO,TENTH CIRCUIT,1493,1229,6,0,258,30,23,4,0,3,1463,1206,2,255
2015-03-31,CONNECTICUT,CONNECTICUT,SECOND CIRCUIT,659,533,8,0,118,26,18,8,0,0,633,515,0,118
2015-03-31,DELAWARE,DELAWARE,THIRD CIRCUIT,276,155,56,0,65,65,10,55,0,0,211,145,1,65
2015-03-31,DISTRICT OF COLUMBIA,DISTRICT OF COLUMBIA,DC CIRCUIT,74,63,1,0,10,2,1,1,0,0,72,62,0,10
2015-03-31,FLORIDA MIDDLE,FLORIDA,ELEVENTH CIRCUIT,3080,2115,31,1,933,111,78,20,1,12,2969,2037,11,921
2015-03-31,FLORIDA NORTHERN,FLORIDA,ELEVENTH CIRCUIT,278,224,3,0,51,9,6,3,0,0,269,218,0,51
2015-03-31,FLORIDA SOUTHERN,FLORIDA,ELEVENTH CIRCUIT,2230,1239,29,0,962,71,39,27,0,5,2159,1200,2,957
2015-03-31,GEORGIA MIDDLE,GEORGIA,ELEVENTH CIRCUIT,710,303,1,2,404,14,9,1,2,2,696,294,0,402
2015-03-31,GEORGIA NORTHERN,GEORGIA,ELEVENTH CIRCUIT,2893,1720,11,1,1161,57,43,11,1,2,2836,1677,0,1159
2015-03-31,GEORGIA SOUTHERN,GEORGIA,ELEVENTH CIRCUIT,619,168,0,0,451,3,3,0,0,0,616,165,0,451
2015-03-31,GUAM,GUAM,NINTH CIRCUIT,6,5,0,0,1,1,1,0,0,0,5,4,0,1
2015-03-31,HAWAII,HAWAII,NINTH CIRCUIT,157,107,3,0,47,4,2,2,0,0,153,105,1,47
2015-03-31,IDAHO,IDAHO,NINTH CIRCUIT,416,372,0,0,44,17,14,0,0,3,399,358,0,41
2015-03-31,ILLINOIS CENTRAL,ILLINOIS,SEVENTH CIRCUIT,604,512,0,0,92,7,3,0,0,4,597,509,0,88
2015-03-31,ILLINOIS NORTHERN,ILLINOIS,SEVENTH CIRCUIT,5060,3044,17,0,1999,89,73,12,0,4,4971,2971,5,1995
2015-03-31,ILLINOIS SOUTHERN,ILLINOIS,SEVENTH CIRCUIT,435,315,1,0,119,5,4,1,0,0,430,311,0,119
2015-03-31,INDIANA NORTHERN,INDIANA,SEVENTH CIRCUIT,1341,1059,3,0,279,9,7,1,0,1,1332,1052,2,278
2015-03-31,INDIANA SOUTHERN,INDIANA,SEVENTH CIRCUIT,1845,1384,3,0,458,20,15,3,0,2,1825,1369,0,456
2015-03-31,IOWA NORTHERN,IOWA,EIGHTH CIRCUIT,196,179,2,0,15,7,4,2,0,1,189,175,0,14
2015-03-31,IOWA SOUTHERN,IOWA,EIGHTH CIRCUIT,292,264,0,0,28,7,5,0,0,2,285,259,0,26
2015-03-31,KANSAS,KANSAS,TENTH CIRCUIT,718,415,5,1,297,18,12,4,1,1,700,403,1,296
2015-03-31,KENTUCKY EASTERN,KENTUCKY,SIXTH CIRCUIT,803,608,1,0,194,11,10,0,0,1,792,598,1,193
2015-03-31,KENTUCKY WESTERN,KENTUCKY,SIXTH CIRCUIT,768,604,0,2,162,10,8,0,2,0,758,596,0,162
2015-03-31,LOUISIANA EASTERN,LOUISIANA,FIFTH CIRCUIT,317,161,1,0,155,9,8,1,0,0,308,153,0,155
2015-03-31,LOUISIANA MIDDLE,LOUISIANA,FIFTH CIRCUIT,165,83,0,0,82,5,4,0,0,1,160,79,0,81
2015-03-31,LOUISIANA WESTERN,LOUISIANA,FIFTH CIRCUIT,887,244,4,0,639,7,3,4,0,0,880,241,0,639
2015-03-31,MAINE,MAINE,FIRST CIRCUIT,194,167,1,0,26,18,14,1,0,3,176,153,0,23
2015-03-31,MARYLAND,MARYLAND,FOURTH CIRCUIT,1819,1336,15,0,468,43,27,13,0,3,1776,1309,2,465
2015-03-31,MASSACHUSETTS,MASSACHUSETTS,FIRST CIRCUIT,915,698,7,4,206,40,26,7,4,3,875,672,0,203
2015-03-31,MICHIGAN EASTERN,MICHIGAN,SIXTH CIRCUIT,2865,2286,17,0,562,46,23,16,0,7,2819,2263,1,555
2015-03-31,MICHIGAN WESTERN,MICHIGAN,SIXTH CIRCUIT,956,812,3,2,139,25,18,3,2,2,931,794,0,137
2015-03-31,MINNESOTA,MINNESOTA,EIGHTH CIRCUIT,1111,970,1,1,139,24,20,1,1,2,1087,950,0,137
2015-03-31,MISSISSIPPI NORTHERN,MISSISSIPPI,FIFTH CIRCUIT,436,223,2,0,211,9,7,2,0,0,427,216,0,211
2015-03-31,MISSISSIPPI SOUTHERN,MISSISSIPPI,FIFTH CIRCUIT,598,341,3,2,252,20,14,2,2,2,578,327,1,250
2015-03-31,MISSOURI EASTERN,MISSOURI,EIGHTH CIRCUIT,1231,916,2,0,313,19,13,2,0,4,1212,903,0,309
2015-03-31,MISSOURI WESTERN,MISSOURI,EIGHTH CIRCUIT,819,604,3,0,212,11,8,2,0,1,808,596,1,211
2015-03-31,MONTANA,MONTANA,NINTH CIRCUIT,156,137,0,2,17,5,2,0,2,1,151,135,0,16
2015-03-31,NEBRASKA,NEBRASKA,EIGHTH CIRCUIT,489,345,0,0,144,7,6,0,0,1,482,339,0,143
2015-03-31,NEVADA,NEVADA,NINTH CIRCUIT,964,783,17,0,164,35,26,8,0,1,929,757,9,163
2015-03-31,NEW HAMPSHIRE,NEW HAMPSHIRE,FIRST CIRCUIT,213,168,0,0,45,13,9,0,0,4,200,159,0,41
2015-03-31,NEW JERSEY,NEW JERSEY,THIRD CIRCUIT,2435,1774,21,0,640,59,41,15,0,3,2376,1733,6,637
2015-03-31,NEW MEXICO,NEW MEXICO,TENTH CIRCUIT,376,344,6,0,26,23,17,6,0,0,353,327,0,26
2015-03-31,NEW YORK EASTERN,NEW YORK,SECOND CIRCUIT,1099,904,17,0,178,51,34,15,0,2,1048,870,2,176
2015-03-31,NEW YORK NORTHERN,NEW YORK,SECOND CIRCUIT,714,575,1,1,137,11,6,1,1,3,703,569,0,134
2015-03-31,NEW YORK SOUTHERN,NEW YORK,SECOND CIRCUIT,738,561,40,0,129,68,25,34,0,1,670,536,6,128
2015-03-31,NEW YORK WESTERN,NEW YORK,SECOND CIRCUIT,431,326,8,0,97,18,8,8,0,2,413,318,0,95
2015-03-31,NORTH CAROLINA EASTERN,NORTH CAROLINA,FOURTH CIRCUIT,680,226,12,2,440,28,13,7,2,6,652,213,5,434
2015-03-31,NORTH CAROLINA MIDDLE,NORTH CAROLINA,FOURTH CIRCUIT,425,203,3,0,219,10,8,2,0,0,415,195,1,219
2015-03-31,NORTH CAROLINA WESTERN,NORTH CAROLINA,FOURTH CIRCUIT,443,261,4,0,178,13,8,4,0,1,430,253,0,177
2015-03-31,NORTH DAKOTA,NORTH DAKOTA,EIGHTH CIRCUIT,53,53,0,0,0,2,2,0,0,0,51,51,0,0
2015-03-31,NORTHERN MARIANAS,NORTHERN MARIANA ISLANDS,NINTH CIRCUIT,0,0,0,0,0,0,0,0,0,0,0,0,0,0
2015-03-31,OHIO NORTHERN,OHIO,SIXTH CIRCUIT,2135,1810,6,0,319,36,26,6,0,4,2099,1784,0,315
2015-03-31,OHIO SOUTHERN,OHIO,SIXTH CIRCUIT,1950,1437,3,2,508,26,16,2,2,6,1924,1421,1,502
2015-03-31,OKLAHOMA EASTERN,OKLAHOMA,TENTH CIRCUIT,153,136,0,0,17,2,2,0,0,0,151,134,0,17
2015-03-31,OKLAHOMA NORTHERN,OKLAHOMA,TENTH CIRCUIT,261,232,0,0,29,8,8,0,0,0,253,224,0,29
2015-03-31,OKLAHOMA WESTERN,OKLAHOMA,TENTH CIRCUIT,517,435,0,0,82,14,10,0,0,4,503,425,0,78
2015-03-31,OREGON,OREGON,NINTH CIRCUIT,1078,892,1,0,185,22,14,1,0,7,1056,878,0,178
2015-03-31,PENNSYLVANIA EASTERN,PENNSYLVANIA,THIRD CIRCUIT,820,485,11,1,323,28,16,10,1,1,792,469,1,322
2015-03-31,PENNSYLVANIA MIDDLE,PENNSYLVANIA,THIRD CIRCUIT,540,376,8,0,156,17,8,8,0,1,523,368,0,155
2015-03-31,PENNSYLVANIA WESTERN,PENNSYLVANIA,THIRD CIRCUIT,674,485,4,1,184,15,9,3,1,2,659,476,1,182
2015-03-31,PUERTO RICO,PUERTO RICO,FIRST CIRCUIT,988,437,14,0,537,30,14,13,0,3,958,423,1,534
2015-03-31,RHODE ISLAND,RHODE ISLAND,FIRST CIRCUIT,281,237,2,0,42,7,5,2,0,0,274,232,0,42
2015-03-31,SOUTH CAROLINA,SOUTH CAROLINA,FOURTH CIRCUIT,645,305,2,0,338,19,18,1,0,0,626,287,1,338
2015-03-31,SOUTH DAKOTA,SOUTH DAKOTA,EIGHTH CIRCUIT,136,124,0,2,10,3,0,0,2,1,133,124,0,9
2015-03-31,TENNESSEE EASTERN,TENNESSEE,SIXTH CIRCUIT,1159,695,5,1,458,19,12,3,1,3,1140,683,2,455
2015-03-31,TENNESSEE MIDDLE,TENNESSEE,SIXTH CIRCUIT,862,510,3,0,349,7,6,1,0,0,855,504,2,349
2015-03-31,TENNESSEE WESTERN,TENNESSEE,SIXTH CIRCUIT,1305,394,1,0,910,6,4,1,0,1,1299,390,0,909
2015-03-31,TEXAS EASTERN,TEXAS,FIFTH CIRCUIT,405,211,12,0,182,34,17,12,0,5,371,194,0,177
2015-03-31,TEXAS NORTHERN,TEXAS,FIFTH CIRCUIT,1164,518,8,1,637,61,45,8,1,7,1103,473,0,630
2015-03-31,TEXAS SOUTHERN,TEXAS,FIFTH CIRCUIT,827,340,14,0,473,54,38,13,0,3,773,302,1,470
2015-03-31,TEXAS WESTERN,TEXAS,FIFTH CIRCUIT,717,385,15,0,317,34,15,15,0,4,683,370,0,313
2015-03-31,UTAH,UTAH,TENTH CIRCUIT,1224,810,2,0,412,19,17,2,0,0,1205,793,0,412
2015-03-31,VERMONT,VERMONT,SECOND CIRCUIT,58,44,0,0,14,7,7,0,0,0,51,37,0,14
2015-03-31,VIRGIN ISLANDS,VIRGIN ISLANDS,THIRD CIRCUIT,1,0,1,0,0,1,0,1,0,0,0,0,0,0
2015-03-31,VIRGINIA EASTERN,VIRGINIA,FOURTH CIRCUIT,1687,1096,8,0,583,29,20,7,0,2,1658,1076,1,581
2015-03-31,VIRGINIA WESTERN,VIRGINIA,FOURTH CIRCUIT,512,349,2,1,160,13,9,2,1,1,499,340,0,159
2015-03-31,WASHINGTON EASTERN,WASHINGTON,NINTH CIRCUIT,514,397,2,0,115,10,8,2,0,0,504,389,0,115
2015-03-31,WASHINGTON WESTERN,WASHINGTON,NINTH CIRCUIT,1450,1116,6,0,328,33,26,5,0,2,1417,1090,1,326
2015-03-31,WEST VIRGINIA NORTHERN,WEST VIRGINIA,FOURTH CIRCUIT,138,122,1,0,15,6,5,1,0,0,132,117,0,15
2015-03-31,WEST VIRGINIA SOUTHERN,WEST VIRGINIA,FOURTH CIRCUIT,205,183,0,0,22,1,1,0,0,0,204,182,0,22
2015-03-31,WISCONSIN EASTERN,WISCONSIN,SEVENTH CIRCUIT,1381,1020,1,1,359,19,13,1,1,4,1362,1007,0,355
2015-03-31,WISCONSIN WESTERN,WISCONSIN,SEVENTH CIRCUIT,473,395,1,2,75,11,8,1,2,0,462,387,0,75
2015-03-31,WYOMING,WYOMING,TENTH CIRCUIT,106,96,0,0,10,3,3,0,0,0,103,93,0,10
2015-04-30,ALABAMA MIDDLE,ALABAMA,ELEVENTH CIRCUIT,678,143,1,0,534,8,7,1,0,0,670,136,0,534
2015-04-30,ALABAMA NORTHERN,ALABAMA,ELEVENTH CIRCUIT,1169,596,4,0,569,23,18,4,0,1,1146,578,0,568
2015-04-30,ALABAMA SOUTHERN,ALABAMA,ELEVENTH CIRCUIT,379,118,3,0,258,1,0,1,0,0,378,118,2,258
2015-04-30,ALASKA,ALASKA,NINTH CIRCUIT,40,29,1,0,10,3,2,1,0,0,37,27,0,10
2015-04-30,ARIZONA,ARIZONA,NINTH CIRCUIT,1758,1535,20,0,203,53,35,16,0,2,1705,1500,4,201
2015-04-30,ARKANSAS EASTERN,ARKANSAS,EIGHTH CIRCUIT,604,281,4,1,318,13,6,4,1,2,591,275,0,316
2015-04-30,ARKANSAS WESTERN,ARKANSAS,EIGHTH CIRCUIT,346,198,3,0,145,10,7,3,0,0,336,191,0,145
2015-04-30,CALIFORNIA CENTRAL,CALIFORNIA,NINTH CIRCUIT,4620,3620,47,0,953,177,135,30,0,12,4443,3485,17,941
2015-04-30,CALIFORNIA EASTERN,CALIFORNIA,NINTH CIRCUIT,1644,1340,6,1,297,36,30,5,1,0,1608,1310,1,297
2015-04-30,CALIFORNIA NORTHERN,CALIFORNIA,NINTH CIRCUIT,1148,647,12,0,489,51,36,8,0,7,1097,611,4,482
2015-04-30,CALIFORNIA SOUTHERN,CALIFORNIA,NINTH CIRCUIT,820,656,4,0,160,27,19,4,0,4,793,637,0,156
2015-04-30,COLORADO,COLORADO,TENTH CIRCUIT,1445,1214,9,0,222,39,30,8,0,1,1406,1184,1,221
2015-04-30,CONNECTICUT,CONNECTICUT,SECOND CIRCUIT,585,478,7,0,100,16,10,6,0,0,569,468,1,100
2015-04-30,DELAWARE,DELAWARE,THIRD CIRCUIT,241,150,25,0,59,45,11,25,0,2,196,139,0,57
2015-04-30,DISTRICT OF COLUMBIA,DISTRICT OF COLUMBIA,DC CIRCUIT,66,46,2,0,18,5,3,2,0,0,61,43,0,18
2015-04-30,FLORIDA MIDDLE,FLORIDA,ELEVENTH CIRCUIT,2797,1877,35,0,885,99,63,26,0,10,2698,1814,9,875
2015-04-30,FLORIDA NORTHERN,FLORIDA,ELEVENTH CIRCUIT,290,229,4,0,57,14,10,4,0,0,276,219,0,57
2015-04-30,FLORIDA SOUTHERN,FLORIDA,ELEVENTH CIRCUIT,2200,1228,23,0,949,54,32,18,0,4,2146,1196,5,945
2015-04-30,GEORGIA MIDDLE,GEORGIA,ELEVENTH CIRCUIT,710,249,1,3,457,20,12,1,3,4,690,237,0,453
2015-04-30,GEORGIA NORTHERN,GEORGIA,ELEVENTH CIRCUIT,2958,1638,12,1,1307,52,38,11,1,2,2906,1600,1,1305
2015-04-30,GEORGIA SOUTHERN,GEORGIA,ELEVENTH CIRCUIT,606,155,0,0,451,10,9,0,0,1,596,146,0,450
2015-04-30,GUAM,GUAM,NINTH CIRCUIT,9,9,0,0,0,1,1,0,0,0,8,8,0,0
2015-04-30,HAWAII,HAWAII,NINTH CIRCUIT,133,96,0,1,36,7,4,0,1,2,126,92,0,34
2015-04-30,IDAHO,IDAHO,NINTH CIRCUIT,414,376,3,0,35,11,8,3,0,0,403,368,0,35
2015-04-30,ILLINOIS CENTRAL,ILLINOIS,SEVENTH CIRCUIT,539,452,5,0,82,15,7,5,0,3,524,445,0,79
2015-04-30,ILLINOIS NORTHERN,ILLINOIS,SEVENTH CIRCUIT,4262,2518,13,1,1729,83,65,10,1,6,4179,2453,3,1723
2015-04-30,ILLINOIS SOUTHERN,ILLINOIS,SEVENTH CIRCUIT,373,246,1,1,125,6,4,1,1,0,367,242,0,125
2015-04-30,INDIANA NORTHERN,INDIANA,SEVENTH CIRCUIT,1213,954,2,0,257,5,3,1,0,1,1208,951,1,256
2015-04-30,INDIANA SOUTHERN,INDIANA,SEVENTH CIRCUIT,1683,1218,0,0,465,18,17,0,0,1,1665,1201,0,464
2015-04-30,IOWA NORTHERN,IOWA,EIGHTH CIRCUIT,217,203,0,1,13,5,4,0,1,0,212,199,0,13
2015-04-30,IOWA SOUTHERN,IOWA,EIGHTH CIRCUIT,263,234,0,0,29,4,4,0,0,0,259,230,0,29
2015-04-30,KANSAS,KANSAS,TENTH CIRCUIT,656,397,3,2,254,19,13,3,2,1,637,384,0,253
2015-04-30,KENTUCKY EASTERN,KENTUCKY,SIXTH CIRCUIT,774,554,8,1,211,19,10,8,1,0,755,544,0,211
2015-04-30,KENTUCKY WESTERN,KENTUCKY,SIXTH CIRCUIT,677,495,3,1,178,12,7,3,1,1,665,488,0,177
2015-04-30,LOUISIANA EASTERN,LOUISIANA,FIFTH CIRCUIT,319,157,0,0,162,11,10,0,0,1,308,147,0,161
2015-04-30,LOUISIANA MIDDLE,LOUISIANA,FIFTH CIRCUIT,138,75,0,0,63,1,1,0,0,0,137,74,0,63
2015-04-30,LOUISIANA WESTERN,LOUISIANA,FIFTH CIRCUIT,733,153,5,0,575,10,5,5,0,0,723,148,0,575
2015-04-30,MAINE,MAINE,FIRST CIRCUIT,196,168,0,1,27,10,8,0,1,1,186,160,0,26
2015-04-30,MARYLAND,MARYLAND,FOURTH CIRCUIT,1672,1208,20,0,444,48,31,11,0,6,1624,1177,9,438
2015-04-30,MASSACHUSETTS,MASSACHUSETTS,FIRST CIRCUIT,921,714,15,3,189,51,32,12,3,4,870,682,3,185
2015-04-30,MICHIGAN EASTERN,MICHIGAN,SIXTH CIRCUIT,2480,2002,12,2,464,46,28,12,2,4,2434,1974,0,460
2015-04-30,MICHIGAN WESTERN,MICHIGAN,SIXTH CIRCUIT,750,629,4,0,117,17,12,4,0,1,733,617,0,116
2015-04-30,MINNESOTA,MINNESOTA,EIGHTH CIRCUIT,1096,947,0,0,149,26,26,0,0,0,1070,921,0,149
2015-04-30,MISSISSIPPI NORTHERN,MISSISSIPPI,FIFTH CIRCUIT,396,191,0,0,205,10,9,0,0,1,386,182,0,204
2015-04-30,MISSISSIPPI SOUTHERN,MISSISSIPPI,FIFTH CIRCUIT,560,317,2,0,241,10,8,2,0,0,550,309,0,241
2015-04-30,MISSOURI EASTERN,MISSOURI,EIGHTH CIRCUIT,1126,799,3,0,324,10,5,3,0,2,1116,794,0,322
2015-04-30,MISSOURI WESTERN,MISSOURI,EIGHTH CIRCUIT,818,600,0,0,218,23,21,0,0,2,795,579,0,216
2015-04-30,MONTANA,MONTANA,NINTH CIRCUIT,145,125,0,0,20,4,4,0,0,0,141,121,0,20
2015-04-30,NEBRASKA,NEBRASKA,EIGHTH CIRCUIT,428,302,0,0,126,6,5,0,0,1,422,297,0,125
2015-04-30,NEVADA,NEVADA,NINTH CIRCUIT,947,738,19,0,190,30,17,11,0,2,917,721,8,188
2015-04-30,NEW HAMPSHIRE,NEW HAMPSHIRE,FIRST CIRCUIT,207,158,1,0,48,14,6,1,0,7,193,152,0,41
2015-04-30,NEW JERSEY,NEW JERSEY,THIRD CIRCUIT,2418,1758,25,0,635,69,39,19,0,11,2349,1719,6,624
2015-04-30,NEW MEXICO,NEW MEXICO,TENTH CIRCUIT,299,280,4,0,15,9,6,3,0,0,290,274,1,15
2015-04-30,NEW YORK EASTERN,NEW YORK,SECOND CIRCUIT,1142,900,25,2,215,51,23,23,2,3,1091,877,2,212
2015-04-30,NEW YORK NORTHERN,NEW YORK,SECOND CIRCUIT,687,565,1,1,120,13,10,1,1,1,674,555,0,119
2015-04-30,NEW YORK SOUTHERN,NEW YORK,SECOND CIRCUIT,740,583,14,0,139,45,25,12,0,4,695,558,2,135
2015-04-30,NEW YORK WESTERN,NEW YORK,SECOND CIRCUIT,486,366,2,0,118,19,13,2,0,4,467,353,0,114
2015-04-30,NORTH CAROLINA EASTERN,NORTH CAROLINA,FOURTH CIRCUIT,667,228,11,2,426,24,12,8,2,2,643,216,3,424
2015-04-30,NORTH CAROLINA MIDDLE,NORTH CAROLINA,FOURTH CIRCUIT,358,176,3,0,179,14,11,3,0,0,344,165,0,179
2015-04-30,NORTH CAROLINA WESTERN,NORTH CAROLINA,FOURTH CIRCUIT,383,232,3,0,148,10,8,2,0,0,373,224,1,148
2015-04-30,NORTH DAKOTA,NORTH DAKOTA,EIGHTH CIRCUIT,62,58,0,0,4,1,1,0,0,0,61,57,0,4
2015-04-30,NORTHERN MARIANAS,NORTHERN MARIANA ISLANDS,NINTH CIRCUIT,1,1,0,0,0,0,0,0,0,0,1,1,0,0
2015-04-30,OHIO NORTHERN,OHIO,SIXTH CIRCUIT,1982,1687,2,0,293,32,26,2,0,4,1950,1661,0,289
2015-04-30,OHIO SOUTHERN,OHIO,SIXTH CIRCUIT,1754,1269,1,1,483,28,25,1,1,1,1726,1244,0,482
2015-04-30,OKLAHOMA EASTERN,OKLAHOMA,TENTH CIRCUIT,138,122,1,1,14,5,3,1,1,0,133,119,0,14
2015-04-30,OKLAHOMA NORTHERN,OKLAHOMA,TENTH CIRCUIT,271,234,1,0,36,4,3,1,0,0,267,231,0,36
2015-04-30,OKLAHOMA WESTERN,OKLAHOMA,TENTH CIRCUIT,538,432,3,1,102,15,12,2,1,0,523,420,1,102
2015-04-30,OREGON,OREGON,NINTH CIRCUIT,1049,871,4,1,173,26,20,4,1,1,1023,851,0,172
2015-04-30,PENNSYLVANIA EASTERN,PENNSYLVANIA,THIRD CIRCUIT,884,514,9,0,361,26,14,9,0,3,858,500,0,358
2015-04-30,PENNSYLVANIA MIDDLE,PENNSYLVANIA,THIRD CIRCUIT,568,371,6,0,191,24,10,6,0,8,544,361,0,183
2015-04-30,PENNSYLVANIA WESTERN,PENNSYLVANIA,THIRD CIRCUIT,732,485,7,1,239,27,14,7,1,5,705,471,0,234
2015-04-30,PUERTO RICO,PUERTO RICO,FIRST CIRCUIT,853,389,10,0,454,21,9,8,0,4,832,380,2,450
2015-04-30,RHODE ISLAND,RHODE ISLAND,FIRST CIRCUIT,276,235,1,0,40,6,5,0,0,1,270,230,1,39
2015-04-30,SOUTH CAROLINA,SOUTH CAROLINA,FOURTH CIRCUIT,605,242,2,0,361,11,8,1,0,2,594,234,1,359
2015-04-30,SOUTH DAKOTA,SOUTH DAKOTA,EIGHTH CIRCUIT,117,109,0,0,8,0,0,0,0,0,117,109,0,8
2015-04-30,TENNESSEE EASTERN,TENNESSEE,SIXTH CIRCUIT,1102,624,2,2,474,12,8,2,2,0,1090,616,0,474
2015-04-30,TENNESSEE MIDDLE,TENNESSEE,SIXTH CIRCUIT,826,462,2,0,362,16,14,1,0,1,810,448,1,361
2015-04-30,TENNESSEE WESTERN,TENNESSEE,SIXTH CIRCUIT,1252,376,2,0,874,7,5,1,0,1,1245,371,1,873
2015-04-30,TEXAS EASTERN,TEXAS,FIFTH CIRCUIT,435,215,3,0,217,31,25,2,0,4,404,190,1,213
2015-04-30,TEXAS NORTHERN,TEXAS,FIFTH CIRCUIT,1129,458,21,0,650,60,38,20,0,2,1069,420,1,648
2015-04-30,TEXAS SOUTHERN,TEXAS,FIFTH CIRCUIT,803,284,16,0,502,62,45,15,0,1,741,239,1,501
2015-04-30,TEXAS WESTERN,TEXAS,FIFTH CIRCUIT,720,345,8,0,367,44,31,8,0,5,676,314,0,362
2015-04-30,UTAH,UTAH,TENTH CIRCUIT,1189,771,1,0,417,15,12,1,0,2,1174,759,0,415
2015-04-30,VERMONT,VERMONT,SECOND CIRCUIT,60,48,0,0,12,1,1,0,0,0,59,47,0,12
2015-04-30,VIRGIN ISLANDS,VIRGIN ISLANDS,THIRD CIRCUIT,3,2,0,0,1,1,1,0,0,0,2,1,0,1
2015-04-30,VIRGINIA EASTERN,VIRGINIA,FOURTH CIRCUIT,1560,957,6,0,597,26,20,6,0,0,1534,937,0,597
2015-04-30,VIRGINIA WESTERN,VIRGINIA,FOURTH CIRCUIT,543,361,27,1,154,36,7,27,1,1,507,354,0,153
2015-04-30,WASHINGTON EASTERN,WASHINGTON,NINTH CIRCUIT,456,381,1,0,74,5,4,1,0,0,451,377,0,74
2015-04-30,WASHINGTON WESTERN,WASHINGTON,NINTH CIRCUIT,1320,999,8,0,313,34,23,7,0,4,1286,976,1,309
2015-04-30,WEST VIRGINIA NORTHERN,WEST VIRGINIA,FOURTH CIRCUIT,110,98,0,0,12,4,4,0,0,0,106,94,0,12
2015-04-30,WEST VIRGINIA SOUTHERN,WEST VIRGINIA,FOURTH CIRCUIT,173,153,5,0,15,6,2,4,0,0,167,151,1,15
2015-04-30,WISCONSIN EASTERN,WISCONSIN,SEVENTH CIRCUIT,1797,1376,1,1,419,17,13,1,1,2,1780,1363,0,417
2015-04-30,WISCONSIN WESTERN,WISCONSIN,SEVENTH CIRCUIT,464,390,2,0,72,9,7,1,0,1,455,383,1,71
2015-04-30,WYOMING,WYOMING,TENTH CIRCUIT,99,87,1,0,11,5,4,1,0,0,94,83,0,11
2015-05-31,ALABAMA MIDDLE,ALABAMA,ELEVENTH CIRCUIT,651,127,2,0,522,9,8,1,0,0,642,119,1,522
2015-05-31,ALABAMA NORTHERN,ALABAMA,ELEVENTH CIRCUIT,1008,478,8,0,522,16,7,8,0,1,992,471,0,521
2015-05-31,ALABAMA SOUTHERN,ALABAMA,ELEVENTH CIRCUIT,305,79,0,0,226,3,3,0,0,0,302,76,0,226
2015-05-31,ALASKA,ALASKA,NINTH CIRCUIT,37,32,0,0,5,4,3,0,0,1,33,29,0,4
2015-05-31,ARIZONA,ARIZONA,NINTH CIRCUIT,1548,1344,32,0,172,50,26,22,0,2,1498,1318,10,170
2015-05-31,ARKANSAS EASTERN,ARKANSAS,EIGHTH CIRCUIT,553,247,0,0,306,8,8,0,0,0,545,239,0,306
2015-05-31,ARKANSAS WESTERN,ARKANSAS,EIGHTH CIRCUIT,254,146,2,0,106,14,12,2,0,0,240,134,0,106
2015-05-31,CALIFORNIA CENTRAL,CALIFORNIA,NINTH CIRCUIT,4124,3125,53,1,945,163,120,33,1,9,3961,3005,20,936
2015-05-31,CALIFORNIA EASTERN,CALIFORNIA,NINTH CIRCUIT,1399,1108,1,1,288,35,25,1,1,7,1364,1083,0,281
2015-05-31,CALIFORNIA NORTHERN,CALIFORNIA,NINTH CIRCUIT,999,548,15,0,436,57,35,11,0,11,942,513,4,425
2015-05-31,CALIFORNIA SOUTHERN,CALIFORNIA,NINTH CIRCUIT,757,602,3,0,152,26,22,2,0,2,731,580,1,150
2015-05-31,COLORADO,COLORADO,TENTH CIRCUIT,1375,1144,9,0,222,38,26,8,0,4,1337,1118,1,218
2015-05-31,CONNECTICUT,CONNECTICUT,SECOND CIRCUIT,533,434,6,1,92,24,17,5,1,1,509,417,1,91
2015-05-31,DELAWARE,DELAWARE,THIRD CIRCUIT,261,150,43,0,68,55,10,43,0,2,206,140,0,66
2015-05-31,DISTRICT OF COLUMBIA,DISTRICT OF COLUMBIA,DC CIRCUIT,50,43,1,0,6,1,1,0,0,0,49,42,1,6
2015-05-31,FLORIDA MIDDLE,FLORIDA,ELEVENTH CIRCUIT,2659,1802,34,5,818,108,68,26,5,9,2551,1734,8,809
2015-05-31,FLORIDA NORTHERN,FLORIDA,ELEVENTH CIRCUIT,214,161,2,0,51,11,8,2,0,1,203,153,0,50
2015-05-31,FLORIDA SOUTHERN,FLORIDA,ELEVENTH CIRCUIT,1945,1108,19,1,817,47,30,15,1,1,1898,1078,4,816
2015-05-31,GEORGIA MIDDLE,GEORGIA,ELEVENTH CIRCUIT,685,222,6,2,455,22,11,6,2,3,663,211,0,452
2015-05-31,GEORGIA NORTHERN,GEORGIA,ELEVENTH CIRCUIT,2769,1483,12,2,1272,48,35,11,2,0,2721,1448,1,1272
2015-05-31,GEORGIA SOUTHERN,GEORGIA,ELEVENTH CIRCUIT,589,110,3,0,476,5,3,2,0,0,584,107,1,476
2015-05-31,GUAM,GUAM,NINTH CIRCUIT,7,5,0,0,2,2,2,0,0,0,5,3,0,2
2015-05-31,HAWAII,HAWAII,NINTH CIRCUIT,137,93,0,0,44,7,7,0,0,0,130,86,0,44
2015-05-31,IDAHO,IDAHO,NINTH CIRCUIT,374,335,0,0,39,16,15,0,0,1,358,320,0,38
2015-05-31,ILLINOIS CENTRAL,ILLINOIS,SEVENTH CIRCUIT,420,346,0,1,73,9,8,0,1,0,411,338,0,73
2015-05-31,ILLINOIS NORTHERN,ILLINOIS,SEVENTH CIRCUIT,3822,2244,14,0,1564,75,59,12,0,4,3747,2185,2,1560
2015-05-31,ILLINOIS SOUTHERN,ILLINOIS,SEVENTH CIRCUIT,299,191,2,0,106,2,0,2,0,0,297,191,0,106
2015-05-31,INDIANA NORTHERN,INDIANA,SEVENTH CIRCUIT,1023,805,4,0,214,14,10,3,0,1,1009,795,1,213
2015-05-31,INDIANA SOUTHERN,INDIANA,SEVENTH CIRCUIT,1407,999,3,1,404,18,13,3,1,1,1389,986,0,403
2015-05-31,IOWA NORTHERN,IOWA,EIGHTH CIRCUIT,180,168,0,2,10,8,5,0,2,1,172,163,0,9
2015-05-31,IOWA SOUTHERN,IOWA,EIGHTH CIRCUIT,230,204,2,1,23,12,9,2,1,0,218,195,0,23
2015-05-31,KANSAS,KANSAS,TENTH CIRCUIT,645,396,2,0,247,13,11,2,0,0,632,385,0,247
2015-05-31,KENTUCKY EASTERN,KENTUCKY,SIXTH CIRCUIT,659,463,2,2,192,11,7,2,2,0,648,456,0,192
2015-05-31,KENTUCKY WESTERN,KENTUCKY,SIXTH CIRCUIT,624,437,1,0,186,2,1,1,0,0,622,436,0,186
2015-05-31,LOUISIANA EASTERN,LOUISIANA,FIFTH CIRCUIT,269,128,2,0,139,6,5,1,0,0,263,123,1,139
2015-05-31,LOUISIANA MIDDLE,LOUISIANA,FIFTH CIRCUIT,122,56,1,0,65,4,3,1,0,0,118,53,0,65
2015-05-31,LOUISIANA WESTERN,LOUISIANA,FIFTH CIRCUIT,707,147,15,0,545,19,5,13,0,1,688,142,2,544
2015-05-31,MAINE,MAINE,FIRST CIRCUIT,181,146,2,2,31,7,2,2,2,1,174,144,0,30
2015-05-31,MARYLAND,MARYLAND,FOURTH CIRCUIT,1539,1082,15,1,441,41,25,11,1,4,1498,1057,4,437
2015-05-31,MASSACHUSETTS,MASSACHUSETTS,FIRST CIRCUIT,714,518,11,0,185,31,17,8,0,6,683,501,3,179
2015-05-31,MICHIGAN EASTERN,MICHIGAN,SIXTH CIRCUIT,2001,1573,8,1,419,27,16,7,1,3,1974,1557,1,416
2015-05-31,MICHIGAN WESTERN,MICHIGAN,SIXTH CIRCUIT,621,500,1,0,120,6,6,0,0,0,615,494,1,120
2015-05-31,MINNESOTA,MINNESOTA,EIGHTH CIRCUIT,942,775,7,3,157,36,26,7,3,0,906,749,0,157
2015-05-31,MISSISSIPPI NORTHERN,MISSISSIPPI,FIFTH CIRCUIT,376,154,0,0,222,3,2,0,0,1,373,152,0,221
2015-05-31,MISSISSIPPI SOUTHERN,MISSISSIPPI,FIFTH CIRCUIT,452,250,3,0,199,13,10,3,0,0,439,240,0,199
2015-05-31,MISSOURI EASTERN,MISSOURI,EIGHTH CIRCUIT,914,632,2,0,280,12,8,2,0,2,902,624,0,278
2015-05-31,MISSOURI WESTERN,MISSOURI,EIGHTH CIRCUIT,624,442,1,1,180,12,8,1,1,2,612,434,0,178
2015-05-31,MONTANA,MONTANA,NINTH CIRCUIT,124,107,0,0,17,5,4,0,0,1,119,103,0,16
2015-05-31,NEBRASKA,NEBRASKA,EIGHTH CIRCUIT,356,235,0,1,120,7,6,0,1,0,349,229,0,120
2015-05-31,NEVADA,NEVADA,NINTH CIRCUIT,833,672,14,0,147,29,22,6,0,1,804,650,8,146
2015-05-31,NEW HAMPSHIRE,NEW HAMPSHIRE,FIRST CIRCUIT,184,132,1,0,51,10,7,1,0,2,174,125,0,49
2015-05-31,NEW JERSEY,NEW JERSEY,THIRD CIRCUIT,2190,1572,19,0,599,59,39,15,0,5,2131,1533,4,594
2015-05-31,NEW MEXICO,NEW MEXICO,TENTH CIRCUIT,322,285,7,2,28,14,5,7,2,0,308,280,0,28
2015-05-31,NEW YORK EASTERN,NEW YORK,SECOND CIRCUIT,1058,879,26,1,152,49,26,22,1,0,1009,853,4,152
2015-05-31,NEW YORK NORTHERN,NEW YORK,SECOND CIRCUIT,570,438,10,3,119,26,11,10,3,2,544,427,0,117
2015-05-31,NEW YORK SOUTHERN,NEW YORK,SECOND CIRCUIT,682,514,26,1,137,57,23,26,1,3,625,491,0,134
2015-05-31,NEW YORK WESTERN,NEW YORK,SECOND CIRCUIT,429,298,4,0,127,20,15,4,0,1,409,283,0,126
2015-05-31,NORTH CAROLINA EASTERN,NORTH CAROLINA,FOURTH CIRCUIT,579,181,9,1,388,21,11,7,1,2,558,170,2,386
2015-05-31,NORTH CAROLINA MIDDLE,NORTH CAROLINA,FOURTH CIRCUIT,367,155,1,0,211,10,8,1,0,1,357,147,0,210
2015-05-31,NORTH CAROLINA WESTERN,NORTH CAROLINA,FOURTH CIRCUIT,370,201,3,0,166,15,9,3,0,3,355,192,0,163
2015-05-31,NORTH DAKOTA,NORTH DAKOTA,EIGHTH CIRCUIT,58,52,0,0,6,2,2,0,0,0,56,50,0,6
2015-05-31,NORTHERN MARIANAS,NORTHERN MARIANA ISLANDS,NINTH CIRCUIT,1,1,0,0,0,0,0,0,0,0,1,1,0,0
2015-05-31,OHIO NORTHERN,OHIO,SIXTH CIRCUIT,1705,1423,4,0,278,24,19,3,0,2,1681,1404,1,276
2015-05-31,OHIO SOUTHERN,OHIO,SIXTH CIRCUIT,1534,1098,0,1,435,24,21,0,1,2,1510,1077,0,433
2015-05-31,OKLAHOMA EASTERN,OKLAHOMA,TENTH CIRCUIT,138,124,1,0,13,4,3,1,0,0,134,121,0,13
2015-05-31,OKLAHOMA NORTHERN,OKLAHOMA,TENTH CIRCUIT,214,181,0,0,33,6,6,0,0,0,208,175,0,33
2015-05-31,OKLAHOMA WESTERN,OKLAHOMA,TENTH CIRCUIT,406,349,1,1,55,10,8,1,1,0,396,341,0,55
2015-05-31,OREGON,OREGON,NINTH CIRCUIT,924,743,2,0,179,17,14,2,0,1,907,729,0,178
2015-05-31,PENNSYLVANIA EASTERN,PENNSYLVANIA,THIRD CIRCUIT,795,444,9,0,342,20,8,8,0,4,775,436,1,338
2015-05-31,PENNSYLVANIA MIDDLE,PENNSYLVANIA,THIRD CIRCUIT,443,286,4,0,153,14,6,4,0,4,429,280,0,149
2015-05-31,PENNSYLVANIA WESTERN,PENNSYLVANIA,THIRD CIRCUIT,618,408,5,1,204,16,11,4,1,0,602,397,1,204
2015-05-31,PUERTO RICO,PUERTO RICO,FIRST CIRCUIT,885,392,15,1,477,30,14,12,1,3,855,378,3,474
2015-05-31,RHODE ISLAND,RHODE ISLAND,FIRST CIRCUIT,241,192,0,0,49,15,15,0,0,0,226,177,0,49
2015-05-31,SOUTH CAROLINA,SOUTH CAROLINA,FOURTH CIRCUIT,570,223,2,0,345,11,7,2,0,2,559,216,0,343
2015-05-31,SOUTH DAKOTA,SOUTH DAKOTA,EIGHTH CIRCUIT,96,90,0,1,5,6,5,0,1,0,90,85,0,5
2015-05-31,TENNESSEE EASTERN,TENNESSEE,SIXTH CIRCUIT,959,523,2,0,434,16,12,2,0,2,943,511,0,432
2015-05-31,TENNESSEE MIDDLE,TENNESSEE,SIXTH CIRCUIT,754,375,8,0,371,15,9,5,0,1,739,366,3,370
2015-05-31,TENNESSEE WESTERN,TENNESSEE,SIXTH CIRCUIT,1239,289,1,0,949,4,2,1,0,1,1235,287,0,948
2015-05-31,TEXAS EASTERN,TEXAS,FIFTH CIRCUIT,372,165,3,0,204,22,18,3,0,1,350,147,0,203
2015-05-31,TEXAS NORTHERN,TEXAS,FIFTH CIRCUIT,936,392,35,1,508,79,38,35,1,5,857,354,0,503
2015-05-31,TEXAS SOUTHERN,TEXAS,FIFTH CIRCUIT,801,289,11,1,500,38,27,8,1,2,763,262,3,498
2015-05-31,TEXAS WESTERN,TEXAS,FIFTH CIRCUIT,668,344,13,0,311,43,28,12,0,3,625,316,1,308
2015-05-31,UTAH,UTAH,TENTH CIRCUIT,1061,702,6,0,353,22,14,6,0,2,1039,688,0,351
2015-05-31,VERMONT,VERMONT,SECOND CIRCUIT,53,36,0,2,15,3,1,0,2,0,50,35,0,15
2015-05-31,VIRGIN ISLANDS,VIRGIN ISLANDS,THIRD CIRCUIT,2,2,0,0,0,0,0,0,0,0,2,2,0,0
2015-05-31,VIRGINIA EASTERN,VIRGINIA,FOURTH CIRCUIT,1445,835,62,0,548,86,19,61,0,6,1359,816,1,542
2015-05-31,VIRGINIA WESTERN,VIRGINIA,FOURTH CIRCUIT,492,311,2,0,179,11,9,2,0,0,481,302,0,179
2015-05-31,WASHINGTON EASTERN,WASHINGTON,NINTH CIRCUIT,328,247,1,0,80,5,3,1,0,1,323,244,0,79
2015-05-31,WASHINGTON WESTERN,WASHINGTON,NINTH CIRCUIT,1238,922,10,0,306,30,19,9,0,2,1208,903,1,304
2015-05-31,WEST VIRGINIA NORTHERN,WEST VIRGINIA,FOURTH CIRCUIT,110,92,1,0,17,1,1,0,0,0,109,91,1,17
2015-05-31,WEST VIRGINIA SOUTHERN,WEST VIRGINIA,FOURTH CIRCUIT,150,124,0,1,25,3,1,0,1,1,147,123,0,24
2015-05-31,WISCONSIN EASTERN,WISCONSIN,SEVENTH CIRCUIT,1438,1029,4,1,404,14,9,3,1,1,1424,1020,1,403
2015-05-31,WISCONSIN WESTERN,WISCONSIN,SEVENTH CIRCUIT,438,364,2,2,70,15,11,1,2,1,423,353,1,69
2015-05-31,WYOMING,WYOMING,TENTH CIRCUIT,83,77,0,0,6,1,1,0,0,0,82,76,0,6
2015-06-30,ALABAMA MIDDLE,ALABAMA,ELEVENTH CIRCUIT,693,116,0,2,575,9,6,0,2,1,684,110,0,574
2015-06-30,ALABAMA NORTHERN,ALABAMA,ELEVENTH CIRCUIT,1062,514,4,0,544,14,9,4,0,1,1048,505,0,543
2015-06-30,ALABAMA SOUTHERN,ALABAMA,ELEVENTH CIRCUIT,384,104,4,0,276,8,5,3,0,0,376,99,1,276
2015-06-30,ALASKA,ALASKA,NINTH CIRCUIT,38,32,1,0,5,4,3,1,0,0,34,29,0,5
2015-06-30,ARIZONA,ARIZONA,NINTH CIRCUIT,1544,1332,9,0,203,40,33,5,0,2,1504,1299,4,201
2015-06-30,ARKANSAS EASTERN,ARKANSAS,EIGHTH CIRCUIT,603,252,3,0,348,12,9,3,0,0,591,243,0,348
2015-06-30,ARKANSAS WESTERN,ARKANSAS,EIGHTH CIRCUIT,275,155,7,0,113,13,6,6,0,1,262,149,1,112
2015-06-30,CALIFORNIA CENTRAL,CALIFORNIA,NINTH CIRCUIT,4133,3178,30,1,924,132,109,11,1,11,4001,3069,19,913
2015-06-30,CALIFORNIA EASTERN,CALIFORNIA,NINTH CIRCUIT,1451,1157,6,2,286,38,27,5,2,4,1413,1130,1,282
2015-06-30,CALIFORNIA NORTHERN,CALIFORNIA,NINTH CIRCUIT,935,510,6,0,419,40,29,5,0,6,895,481,1,413
2015-06-30,CALIFORNIA SOUTHERN,CALIFORNIA,NINTH CIRCUIT,763,584,4,0,175,28,24,2,0,2,735,560,2,173
2015-06-30,COLORADO,COLORADO,TENTH CIRCUIT,1271,1038,16,0,217,40,23,16,0,1,1231,1015,0,216
2015-06-30,CONNECTICUT,CONNECTICUT,SECOND CIRCUIT,601,497,9,0,95,24,13,9,0,2,577,484,0,93
2015-06-30,DELAWARE,DELAWARE,THIRD CIRCUIT,239,132,56,0,51,60,4,56,0,0,179,128,0,51
2015-06-30,DISTRICT OF COLUMBIA,DISTRICT OF COLUMBIA,DC CIRCUIT,54,41,0,0,13,2,2,0,0,0,52,39,0,13
2015-06-30,FLORIDA MIDDLE,FLORIDA,ELEVENTH CIRCUIT,2644,1768,27,0,849,81,51,22,0,8,2563,1717,5,841
2015-06-30,FLORIDA NORTHERN,FLORIDA,ELEVENTH CIRCUIT,246,182,2,0,62,6,6,0,0,0,240,176,2,62
2015-06-30,FLORIDA SOUTHERN,FLORIDA,ELEVENTH CIRCUIT,2098,1170,23,0,905,60,36,18,0,6,2038,1134,5,899
2015-06-30,GEORGIA MIDDLE,GEORGIA,ELEVENTH CIRCUIT,752,241,1,0,510,7,5,1,0,1,745,236,0,509
2015-06-30,GEORGIA NORTHERN,GEORGIA,ELEVENTH CIRCUIT,2791,1534,10,0,1247,49,36,10,0,3,2742,1498,0,1244
2015-06-30,GEORGIA SOUTHERN,GEORGIA,ELEVENTH CIRCUIT,743,146,1,0,596,6,5,1,0,0,737,141,0,596
2015-06-30,GUAM,GUAM,NINTH CIRCUIT,8,7,0,0,1,0,0,0,0,0,8,7,0,1
2015-06-30,HAWAII,HAWAII,NINTH CIRCUIT,132,85,0,0,47,5,3,0,0,2,127,82,0,45
2015-06-30,IDAHO,IDAHO,NINTH CIRCUIT,393,347,3,1,42,15,10,3,1,1,378,337,0,41
2015-06-30,ILLINOIS CENTRAL,ILLINOIS,SEVENTH CIRCUIT,462,376,1,1,84,18,14,1,1,2,444,362,0,82
2015-06-30,ILLINOIS NORTHERN,ILLINOIS,SEVENTH CIRCUIT,3910,2276,8,0,1626,74,64,6,0,4,3836,2212,2,1622
2015-06-30,ILLINOIS SOUTHERN,ILLINOIS,SEVENTH CIRCUIT,303,203,4,0,96,9,4,4,0,1,294,199,0,95
2015-06-30,INDIANA NORTHERN,INDIANA,SEVENTH CIRCUIT,914,680,1,0,233,7,5,1,0,1,907,675,0,232
2015-06-30,INDIANA SOUTHERN,INDIANA,SEVENTH CIRCUIT,1411,979,2,1,429,25,22,2,1,0,1386,957,0,429
2015-06-30,IOWA NORTHERN,IOWA,EIGHTH CIRCUIT,153,145,0,0,8,4,3,0,0,1,149,142,0,7
2015-06-30,IOWA SOUTHERN,IOWA,EIGHTH CIRCUIT,247,213,1,0,33,13,12,1,0,0,234,201,0,33
2015-06-30,KANSAS,KANSAS,TENTH CIRCUIT,651,370,0,0,281,11,10,0,0,1,640,360,0,280
2015-06-30,KENTUCKY EASTERN,KENTUCKY,SIXTH CIRCUIT,657,452,11,2,192,23,10,11,2,0,634,442,0,192
2015-06-30,KENTUCKY WESTERN,KENTUCKY,SIXTH CIRCUIT,607,419,2,0,186,6,4,2,0,0,601,415,0,186
2015-06-30,LOUISIANA EASTERN,LOUISIANA,FIFTH CIRCUIT,302,150,0,0,152,10,9,0,0,1,292,141,0,151
2015-06-30,LOUISIANA MIDDLE,LOUISIANA,FIFTH CIRCUIT,142,70,1,0,71,4,3,1,0,0,138,67,0,71
2015-06-30,LOUISIANA WESTERN,LOUISIANA,FIFTH CIRCUIT,794,159,6,1,628,16,9,6,1,0,778,150,0,628
2015-06-30,MAINE,MAINE,FIRST CIRCUIT,164,139,2,0,23,15,10,2,0,3,149,129,0,20
2015-06-30,MARYLAND,MARYLAND,FOURTH CIRCUIT,1474,1026,19,0,429,42,29,10,0,3,1432,997,9,426
2015-06-30,MASSACHUSETTS,MASSACHUSETTS,FIRST CIRCUIT,783,566,8,1,208,34,24,5,1,4,749,542,3,204
2015-06-30,MICHIGAN EASTERN,MICHIGAN,SIXTH CIRCUIT,2049,1592,6,4,447,45,32,4,4,5,2004,1560,2,442
2015-06-30,MICHIGAN WESTERN,MICHIGAN,SIXTH CIRCUIT,560,473,1,1,85,12,9,0,1,2,548,464,1,83
2015-06-30,MINNESOTA,MINNESOTA,EIGHTH CIRCUIT,856,718,0,1,137,28,26,0,1,1,828,692,0,136
2015-06-30,MISSISSIPPI NORTHERN,MISSISSIPPI,FIFTH CIRCUIT,390,147,2,0,241,5,2,2,0,1,385,145,0,240
2015-06-30,MISSISSIPPI SOUTHERN,MISSISSIPPI,FIFTH CIRCUIT,485,260,2,0,223,5,3,1,0,1,480,257,1,222
2015-06-30,MISSOURI EASTERN,MISSOURI,EIGHTH CIRCUIT,928,621,0,0,307,13,12,0,0,1,915,609,0,306
2015-06-30,MISSOURI WESTERN,MISSOURI,EIGHTH CIRCUIT,621,422,4,0,195,16,10,4,0,2,605,412,0,193
2015-06-30,MONTANA,MONTANA,NINTH CIRCUIT,100,86,1,0,13,5,2,1,0,2,95,84,0,11
2015-06-30,NEBRASKA,NEBRASKA,EIGHTH CIRCUIT,336,222,1,1,112,4,2,1,1,0,332,220,0,112
2015-06-30,NEVADA,NEVADA,NINTH CIRCUIT,832,646,19,0,167,33,23,8,0,2,799,623,11,165
2015-06-30,NEW HAMPSHIRE,NEW HAMPSHIRE,FIRST CIRCUIT,165,117,4,0,44,12,5,3,0,4,153,112,1,40
2015-06-30,NEW JERSEY,NEW JERSEY,THIRD CIRCUIT,2224,1581,14,0,629,63,50,11,0,2,2161,1531,3,627
2015-06-30,NEW MEXICO,NEW MEXICO,TENTH CIRCUIT,326,296,4,0,26,12,8,4,0,0,314,288,0,26
2015-06-30,NEW YORK EASTERN,NEW YORK,SECOND CIRCUIT,941,753,12,0,176,40,27,12,0,1,901,726,0,175
2015-06-30,NEW YORK NORTHERN,NEW YORK,SECOND CIRCUIT,576,433,6,0,137,23,10,6,0,7,553,423,0,130
2015-06-30,NEW YORK SOUTHERN,NEW YORK,SECOND CIRCUIT,642,504,13,2,123,28,15,10,2,1,614,489,3,122
2015-06-30,NEW YORK WESTERN,NEW YORK,SECOND CIRCUIT,372,271,1,0,100,9,5,1,0,3,363,266,0,97
2015-06-30,NORTH CAROLINA EASTERN,NORTH CAROLINA,FOURTH CIRCUIT,599,180,7,0,412,19,11,3,0,5,580,169,4,407
2015-06-30,NORTH CAROLINA MIDDLE,NORTH CAROLINA,FOURTH CIRCUIT,382,149,0,0,233,7,7,0,0,0,375,142,0,233
2015-06-30,NORTH CAROLINA WESTERN,NORTH CAROLINA,FOURTH CIRCUIT,368,204,3,1,160,14,8,3,1,2,354,196,0,158
2015-06-30,NORTH DAKOTA,NORTH DAKOTA,EIGHTH CIRCUIT,48,46,1,0,1,2,2,0,0,0,46,44,1,1
2015-06-30,NORTHERN MARIANAS,NORTHERN MARIANA ISLANDS,NINTH CIRCUIT,2,2,0,0,0,2,2,0,0,0,0,0,0,0
2015-06-30,OHIO NORTHERN,OHIO,SIXTH CIRCUIT,1713,1409,0,0,304,22,19,0,0,3,1691,1390,0,301
2015-06-30,OHIO SOUTHERN,OHIO,SIXTH CIRCUIT,1559,1046,4,0,509,32,24,4,0,4,1527,1022,0,505
2015-06-30,OKLAHOMA EASTERN,OKLAHOMA,TENTH CIRCUIT,126,112,0,0,14,4,4,0,0,0,122,108,0,14
2015-06-30,OKLAHOMA NORTHERN,OKLAHOMA,TENTH CIRCUIT,217,180,0,0,37,4,4,0,0,0,213,176,0,37
2015-06-30,OKLAHOMA WESTERN,OKLAHOMA,TENTH CIRCUIT,429,337,3,0,89,11,8,3,0,0,418,329,0,89
2015-06-30,OREGON,OREGON,NINTH CIRCUIT,932,757,2,1,172,16,10,2,1,3,916,747,0,169
2015-06-30,PENNSYLVANIA EASTERN,PENNSYLVANIA,THIRD CIRCUIT,827,466,8,0,353,20,10,8,0,2,807,456,0,351
2015-06-30,PENNSYLVANIA MIDDLE,PENNSYLVANIA,THIRD CIRCUIT,492,318,2,1,171,20,10,2,1,7,472,308,0,164
2015-06-30,PENNSYLVANIA WESTERN,PENNSYLVANIA,THIRD CIRCUIT,580,376,8,0,196,24,13,7,0,4,556,363,1,192
2015-06-30,PUERTO RICO,PUERTO RICO,FIRST CIRCUIT,893,376,12,1,504,22,8,9,1,4,871,368,3,500
2015-06-30,RHODE ISLAND,RHODE ISLAND,FIRST CIRCUIT,197,171,1,0,25,9,8,0,0,1,188,163,1,24
2015-06-30,SOUTH CAROLINA,SOUTH CAROLINA,FOURTH CIRCUIT,511,213,1,0,297,8,6,1,0,1,503,207,0,296
2015-06-30,SOUTH DAKOTA,SOUTH DAKOTA,EIGHTH CIRCUIT,96,85,0,0,11,4,2,0,0,2,92,83,0,9
2015-06-30,TENNESSEE EASTERN,TENNESSEE,SIXTH CIRCUIT,1004,533,2,0,469,8,6,1,0,1,996,527,1,468
2015-06-30,TENNESSEE MIDDLE,TENNESSEE,SIXTH CIRCUIT,791,390,6,0,395,12,8,4,0,0,779,382,2,395
2015-06-30,TENNESSEE WESTERN,TENNESSEE,SIXTH CIRCUIT,1409,333,2,0,1074,7,4,2,0,1,1402,329,0,1073
2015-06-30,TEXAS EASTERN,TEXAS,FIFTH CIRCUIT,386,168,8,0,210,33,23,8,0,2,353,145,0,208
2015-06-30,TEXAS NORTHERN,TEXAS,FIFTH CIRCUIT,1007,399,21,1,586,58,31,20,1,6,949,368,1,580
2015-06-30,TEXAS SOUTHERN,TEXAS,FIFTH CIRCUIT,717,268,12,0,437,41,22,11,0,8,676,246,1,429
2015-06-30,TEXAS WESTERN,TEXAS,FIFTH CIRCUIT,627,299,7,0,321,34,26,7,0,1,593,273,0,320
2015-06-30,UTAH,UTAH,TENTH CIRCUIT,1103,686,3,0,414,20,15,3,0,2,1083,671,0,412
2015-06-30,VERMONT,VERMONT,SECOND CIRCUIT,61,48,0,0,13,3,2,0,0,1,58,46,0,12
2015-06-30,VIRGIN ISLANDS,VIRGIN ISLANDS,THIRD CIRCUIT,0,0,0,0,0,0,0,0,0,0,0,0,0,0
2015-06-30,VIRGINIA EASTERN,VIRGINIA,FOURTH CIRCUIT,1410,827,9,1,573,19,13,5,1,0,1391,814,4,573
2015-06-30,VIRGINIA WESTERN,VIRGINIA,FOURTH CIRCUIT,470,315,5,1,149,11,5,5,1,0,459,310,0,149
2015-06-30,WASHINGTON EASTERN,WASHINGTON,NINTH CIRCUIT,346,270,1,2,73,6,3,1,2,0,340,267,0,73
2015-06-30,WASHINGTON WESTERN,WASHINGTON,NINTH CIRCUIT,1179,859,9,0,311,38,28,6,0,4,1141,831,3,307
2015-06-30,WEST VIRGINIA NORTHERN,WEST VIRGINIA,FOURTH CIRCUIT,109,96,0,0,13,3,3,0,0,0,106,93,0,13
2015-06-30,WEST VIRGINIA SOUTHERN,WEST VIRGINIA,FOURTH CIRCUIT,167,148,1,0,18,4,3,1,0,0,163,145,0,18
2015-06-30,WISCONSIN EASTERN,WISCONSIN,SEVENTH CIRCUIT,1376,978,2,0,396,16,12,1,0,3,1360,966,1,393
2015-06-30,WISCONSIN WESTERN,WISCONSIN,SEVENTH CIRCUIT,374,313,1,2,58,16,11,1,2,2,358,302,0,56
2015-06-30,WYOMING,WYOMING,TENTH CIRCUIT,77,70,0,0,7,2,2,0,0,0,75,68,0,7
2015-07-31,ALABAMA MIDDLE,ALABAMA,ELEVENTH CIRCUIT,793,156,2,1,634,13,9,1,1,2,780,147,1,632
2015-07-31,ALABAMA NORTHERN,ALABAMA,ELEVENTH CIRCUIT,1154,567,24,0,563,34,10,24,0,0,1120,557,0,563
2015-07-31,ALABAMA SOUTHERN,ALABAMA,ELEVENTH CIRCUIT,382,101,2,0,279,4,2,2,0,0,378,99,0,279
2015-07-31,ALASKA,ALASKA,NINTH CIRCUIT,40,36,0,0,4,4,3,0,0,1,36,33,0,3
2015-07-31,ARIZONA,ARIZONA,NINTH CIRCUIT,1551,1297,41,0,213,77,36,38,0,3,1474,1261,3,210
2015-07-31,ARKANSAS EASTERN,ARKANSAS,EIGHTH CIRCUIT,617,262,0,0,355,12,9,0,0,3,605,253,0,352
2015-07-31,ARKANSAS WESTERN,ARKANSAS,EIGHTH CIRCUIT,281,150,2,1,128,10,6,0,1,3,271,144,2,125
2015-07-31,CALIFORNIA CENTRAL,CALIFORNIA,NINTH CIRCUIT,3887,2966,30,1,890,159,128,18,1,12,3728,2838,12,878
2015-07-31,CALIFORNIA EASTERN,CALIFORNIA,NINTH CIRCUIT,1431,1104,6,1,320,38,26,6,1,5,1393,1078,0,315
2015-07-31,CALIFORNIA NORTHERN,CALIFORNIA,NINTH CIRCUIT,962,512,48,0,402,94,45,41,0,8,868,467,7,394
2015-07-31,CALIFORNIA SOUTHERN,CALIFORNIA,NINTH CIRCUIT,754,578,3,1,172,31,24,2,1,4,723,554,1,168
2015-07-31,COLORADO,COLORADO,TENTH CIRCUIT,1372,1112,6,0,254,43,38,4,0,1,1329,1074,2,253
2015-07-31,CONNECTICUT,CONNECTICUT,SECOND CIRCUIT,597,490,8,0,99,20,14,5,0,1,577,476,3,98
2015-07-31,DELAWARE,DELAWARE,THIRD CIRCUIT,171,101,21,0,48,31,9,21,0,0,140,92,0,48
2015-07-31,DISTRICT OF COLUMBIA,DISTRICT OF COLUMBIA,DC CIRCUIT,53,44,2,0,7,5,3,2,0,0,48,41,0,7
2015-07-31,FLORIDA MIDDLE,FLORIDA,ELEVENTH CIRCUIT,2565,1769,32,0,764,97,65,25,0,7,2468,1704,7,757
2015-07-31,FLORIDA NORTHERN,FLORIDA,ELEVENTH CIRCUIT,256,204,5,1,46,17,10,4,1,2,239,194,1,44
2015-07-31,FLORIDA SOUTHERN,FLORIDA,ELEVENTH CIRCUIT,2089,1204,17,0,867,56,38,12,0,5,2033,1166,5,862
2015-07-31,GEORGIA MIDDLE,GEORGIA,ELEVENTH CIRCUIT,844,248,2,2,592,13,8,2,2,1,831,240,0,591
2015-07-31,GEORGIA NORTHERN,GEORGIA,ELEVENTH CIRCUIT,3161,1622,16,0,1523,63,45,15,0,3,3098,1577,1,1520
2015-07-31,GEORGIA SOUTHERN,GEORGIA,ELEVENTH CIRCUIT,742,120,1,2,619,5,2,1,2,0,737,118,0,619
2015-07-31,GUAM,GUAM,NINTH CIRCUIT,12,10,0,0,2,1,0,0,0,1,11,10,0,1
2015-07-31,HAWAII,HAWAII,NINTH CIRCUIT,150,113,1,0,36,4,3,1,0,0,146,110,0,36
2015-07-31,IDAHO,IDAHO,NINTH CIRCUIT,354,319,3,1,31,13,9,3,1,0,341,310,0,31
2015-07-31,ILLINOIS CENTRAL,ILLINOIS,SEVENTH CIRCUIT,477,385,1,0,91,10,7,1,0,2,467,378,0,89
2015-07-31,ILLINOIS NORTHERN,ILLINOIS,SEVENTH CIRCUIT,4055,2240,19,0,1796,80,56,18,0,6,3975,2184,1,1790
2015-07-31,ILLINOIS SOUTHERN,ILLINOIS,SEVENTH CIRCUIT,343,211,1,2,129,9,6,1,2,0,334,205,0,129
2015-07-31,INDIANA NORTHERN,INDIANA,SEVENTH CIRCUIT,939,689,1,0,249,7,4,1,0,2,932,685,0,247
2015-07-31,INDIANA SOUTHERN,INDIANA,SEVENTH CIRCUIT,1345,904,3,0,438,20,15,3,0,2,1325,889,0,436
2015-07-31,IOWA NORTHERN,IOWA,EIGHTH CIRCUIT,153,141,0,0,12,6,6,0,0,0,147,135,0,12
2015-07-31,IOWA SOUTHERN,IOWA,EIGHTH CIRCUIT,258,227,0,0,31,12,11,0,0,1,246,216,0,30
2015-07-31,KANSAS,KANSAS,TENTH CIRCUIT,634,359,1,0,274,12,9,1,0,2,622,350,0,272
2015-07-31,KENTUCKY EASTERN,KENTUCKY,SIXTH CIRCUIT,671,458,4,0,209,12,6,4,0,2,659,452,0,207
2015-07-31,KENTUCKY WESTERN,KENTUCKY,SIXTH CIRCUIT,648,406,2,1,239,5,1,2,1,1,643,405,0,238
2015-07-31,LOUISIANA EASTERN,LOUISIANA,FIFTH CIRCUIT,315,139,6,0,170,12,6,6,0,0,303,133,0,170
2015-07-31,LOUISIANA MIDDLE,LOUISIANA,FIFTH CIRCUIT,140,80,1,0,59,2,2,0,0,0,138,78,1,59
2015-07-31,LOUISIANA WESTERN,LOUISIANA,FIFTH CIRCUIT,839,153,2,0,684,7,5,1,0,1,832,148,1,683
2015-07-31,MAINE,MAINE,FIRST CIRCUIT,179,156,1,0,21,16,12,1,0,2,163,144,0,19
2015-07-31,MARYLAND,MARYLAND,FOURTH CIRCUIT,1561,1093,6,0,462,31,24,6,0,1,1530,1069,0,461
2015-07-31,MASSACHUSETTS,MASSACHUSETTS,FIRST CIRCUIT,836,608,10,1,217,30,24,4,1,1,806,584,6,216
2015-07-31,MICHIGAN EASTERN,MICHIGAN,SIXTH CIRCUIT,2124,1663,14,0,447,54,37,14,0,3,2070,1626,0,444
2015-07-31,MICHIGAN WESTERN,MICHIGAN,SIXTH CIRCUIT,661,530,2,1,128,19,14,2,1,2,642,516,0,126
2015-07-31,MINNESOTA,MINNESOTA,EIGHTH CIRCUIT,870,753,8,0,109,28,20,8,0,0,842,733,0,109
2015-07-31,MISSISSIPPI NORTHERN,MISSISSIPPI,FIFTH CIRCUIT,399,158,1,0,240,5,3,1,0,1,394,155,0,239
2015-07-31,MISSISSIPPI SOUTHERN,MISSISSIPPI,FIFTH CIRCUIT,514,284,5,0,225,11,5,5,0,1,503,279,0,224
2015-07-31,MISSOURI EASTERN,MISSOURI,EIGHTH CIRCUIT,994,656,1,0,337,9,7,0,0,2,985,649,1,335
2015-07-31,MISSOURI WESTERN,MISSOURI,EIGHTH CIRCUIT,729,508,12,0,209,27,13,12,0,2,702,495,0,207
2015-07-31,MONTANA,MONTANA,NINTH CIRCUIT,132,110,2,0,20,5,2,2,0,1,127,108,0,19
2015-07-31,NEBRASKA,NEBRASKA,EIGHTH CIRCUIT,363,252,1,0,110,10,8,0,0,2,353,244,1,108
2015-07-31,NEVADA,NEVADA,NINTH CIRCUIT,861,671,21,0,169,33,19,13,0,1,828,652,8,168
2015-07-31,NEW HAMPSHIRE,NEW HAMPSHIRE,FIRST CIRCUIT,167,121,1,0,45,7,5,1,0,1,160,116,0,44
2015-07-31,NEW JERSEY,NEW JERSEY,THIRD CIRCUIT,2210,1516,28,0,666,58,34,18,0,6,2152,1482,10,660
2015-07-31,NEW MEXICO,NEW MEXICO,TENTH CIRCUIT,317,289,3,1,24,12,8,3,1,0,305,281,0,24
2015-07-31,NEW YORK EASTERN,NEW YORK,SECOND CIRCUIT,989,729,45,0,215,71,29,42,0,0,918,700,3,215
2015-07-31,NEW YORK NORTHERN,NEW YORK,SECOND CIRCUIT,600,451,4,1,144,14,6,4,1,3,586,445,0,141
2015-07-31,NEW YORK SOUTHERN,NEW YORK,SECOND CIRCUIT,837,508,187,0,139,204,13,186,0,2,633,495,1,137
2015-07-31,NEW YORK WESTERN,NEW YORK,SECOND CIRCUIT,393,295,8,0,90,17,8,8,0,1,376,287,0,89
2015-07-31,NORTH CAROLINA EASTERN,NORTH CAROLINA,FOURTH CIRCUIT,601,207,11,0,383,19,11,6,0,2,582,196,5,381
2015-07-31,NORTH CAROLINA MIDDLE,NORTH CAROLINA,FOURTH CIRCUIT,351,150,1,0,200,7,5,1,0,1,344,145,0,199
2015-07-31,NORTH CAROLINA WESTERN,NORTH CAROLINA,FOURTH CIRCUIT,410,225,4,1,180,17,13,2,1,1,393,212,2,179
2015-07-31,NORTH DAKOTA,NORTH DAKOTA,EIGHTH CIRCUIT,53,48,0,0,5,1,1,0,0,0,52,47,0,5
2015-07-31,NORTHERN MARIANAS,NORTHERN MARIANA ISLANDS,NINTH CIRCUIT,0,0,0,0,0,0,0,0,0,0,0,0,0,0
2015-07-31,OHIO NORTHERN,OHIO,SIXTH CIRCUIT,1755,1430,1,0,324,33,29,1,0,3,1722,1401,0,321
2015-07-31,OHIO SOUTHERN,OHIO,SIXTH CIRCUIT,1551,1058,4,1,488,32,25,3,1,3,1519,1033,1,485
2015-07-31,OKLAHOMA EASTERN,OKLAHOMA,TENTH CIRCUIT,119,104,0,1,14,2,1,0,1,0,117,103,0,14
2015-07-31,OKLAHOMA NORTHERN,OKLAHOMA,TENTH CIRCUIT,206,188,1,0,17,5,5,0,0,0,201,183,1,17
2015-07-31,OKLAHOMA WESTERN,OKLAHOMA,TENTH CIRCUIT,456,346,1,0,109,9,8,1,0,0,447,338,0,109
2015-07-31,OREGON,OREGON,NINTH CIRCUIT,949,754,2,0,193,13,10,1,0,2,936,744,1,191
2015-07-31,PENNSYLVANIA EASTERN,PENNSYLVANIA,THIRD CIRCUIT,849,457,5,0,387,23,13,4,0,6,826,444,1,381
2015-07-31,PENNSYLVANIA MIDDLE,PENNSYLVANIA,THIRD CIRCUIT,520,333,3,0,184,17,9,3,0,5,503,324,0,179
2015-07-31,PENNSYLVANIA WESTERN,PENNSYLVANIA,THIRD CIRCUIT,620,387,6,1,226,18,9,5,1,3,602,378,1,223
2015-07-31,PUERTO RICO,PUERTO RICO,FIRST CIRCUIT,867,375,10,1,481,24,14,6,1,3,843,361,4,478
2015-07-31,RHODE ISLAND,RHODE ISLAND,FIRST CIRCUIT,203,175,0,0,28,8,8,0,0,0,195,167,0,28
2015-07-31,SOUTH CAROLINA,SOUTH CAROLINA,FOURTH CIRCUIT,639,252,4,0,383,13,8,4,0,1,626,244,0,382
2015-07-31,SOUTH DAKOTA,SOUTH DAKOTA,EIGHTH CIRCUIT,101,89,2,0,10,3,0,2,0,1,98,89,0,9
2015-07-31,TENNESSEE EASTERN,TENNESSEE,SIXTH CIRCUIT,1000,507,1,1,491,10,7,1,1,1,990,500,0,490
2015-07-31,TENNESSEE MIDDLE,TENNESSEE,SIXTH CIRCUIT,845,409,4,0,432,13,11,1,0,1,832,398,3,431
2015-07-31,TENNESSEE WESTERN,TENNESSEE,SIXTH CIRCUIT,1344,312,2,0,1030,13,10,1,0,2,1331,302,1,1028
2015-07-31,TEXAS EASTERN,TEXAS,FIFTH CIRCUIT,410,167,5,0,238,26,21,5,0,0,384,146,0,238
2015-07-31,TEXAS NORTHERN,TEXAS,FIFTH CIRCUIT,1025,397,9,1,618,46,32,8,1,5,979,365,1,613
2015-07-31,TEXAS SOUTHERN,TEXAS,FIFTH CIRCUIT,832,292,4,0,536,37,28,4,0,5,795,264,0,531
2015-07-31,TEXAS WESTERN,TEXAS,FIFTH CIRCUIT,723,319,13,0,391,34,19,12,0,3,689,300,1,388
2015-07-31,UTAH,UTAH,TENTH CIRCUIT,1087,651,4,0,432,11,6,4,0,1,1076,645,0,431
2015-07-31,VERMONT,VERMONT,SECOND CIRCUIT,53,42,0,0,11,3,2,0,0,1,50,40,0,10
2015-07-31,VIRGIN ISLANDS,VIRGIN ISLANDS,THIRD CIRCUIT,3,2,0,0,1,0,0,0,0,0,3,2,0,1
2015-07-31,VIRGINIA EASTERN,VIRGINIA,FOURTH CIRCUIT,1495,858,17,0,620,35,18,15,0,2,1460,840,2,618
2015-07-31,VIRGINIA WESTERN,VIRGINIA,FOURTH CIRCUIT,493,310,0,0,183,8,8,0,0,0,485,302,0,183
2015-07-31,WASHINGTON EASTERN,WASHINGTON,NINTH CIRCUIT,357,274,2,0,81,5,3,2,0,0,352,271,0,81
2015-07-31,WASHINGTON WESTERN,WASHINGTON,NINTH CIRCUIT,1231,901,8,1,321,26,20,4,1,1,1205,881,4,320
2015-07-31,WEST VIRGINIA NORTHERN,WEST VIRGINIA,FOURTH CIRCUIT,129,112,0,0,17,2,2,0,0,0,127,110,0,17
2015-07-31,WEST VIRGINIA SOUTHERN,WEST VIRGINIA,FOURTH CIRCUIT,148,127,0,0,21,5,5,0,0,0,143,122,0,21
2015-07-31,WISCONSIN EASTERN,WISCONSIN,SEVENTH CIRCUIT,1160,770,0,1,389,23,20,0,1,2,1137,750,0,387
2015-07-31,WISCONSIN WESTERN,WISCONSIN,SEVENTH CIRCUIT,378,320,1,2,55,17,13,1,2,1,361,307,0,54
2015-07-31,WYOMING,WYOMING,TENTH CIRCUIT,76,64,0,0,12,4,4,0,0,0,72,60,0,12
2015-08-31,ALABAMA MIDDLE,ALABAMA,ELEVENTH CIRCUIT,721,140,1,0,580,11,8,1,0,2,710,132,0,578
2015-08-31,ALABAMA NORTHERN,ALABAMA,ELEVENTH CIRCUIT,1168,568,4,0,596,21,17,4,0,0,1147,551,0,596
2015-08-31,ALABAMA SOUTHERN,ALABAMA,ELEVENTH CIRCUIT,406,109,0,0,297,2,2,0,0,0,404,107,0,297
2015-08-31,ALASKA,ALASKA,NINTH CIRCUIT,36,27,3,0,6,5,2,3,0,0,31,25,0,6
2015-08-31,ARIZONA,ARIZONA,NINTH CIRCUIT,1496,1261,16,0,219,36,27,7,0,2,1460,1234,9,217
2015-08-31,ARKANSAS EASTERN,ARKANSAS,EIGHTH CIRCUIT,516,192,0,0,324,5,5,0,0,0,511,187,0,324
2015-08-31,ARKANSAS WESTERN,ARKANSAS,EIGHTH CIRCUIT,245,132,1,0,112,5,5,0,0,0,240,127,1,112
2015-08-31,CALIFORNIA CENTRAL,CALIFORNIA,NINTH CIRCUIT,3694,2744,34,0,916,148,117,24,0,7,3546,2627,10,909
2015-08-31,CALIFORNIA EASTERN,CALIFORNIA,NINTH CIRCUIT,1363,1062,2,3,296,38,25,2,3,8,1325,1037,0,288
2015-08-31,CALIFORNIA NORTHERN,CALIFORNIA,NINTH CIRCUIT,886,497,13,0,376,43,27,6,0,10,843,470,7,366
2015-08-31,CALIFORNIA SOUTHERN,CALIFORNIA,NINTH CIRCUIT,652,504,2,0,146,16,14,1,0,1,636,490,1,145
2015-08-31,COLORADO,COLORADO,TENTH CIRCUIT,1268,1017,9,0,242,39,30,9,0,0,1229,987,0,242
2015-08-31,CONNECTICUT,CONNECTICUT,SECOND CIRCUIT,491,397,7,0,87,17,11,6,0,0,474,386,1,87
2015-08-31,DELAWARE,DELAWARE,THIRD CIRCUIT,227,138,39,0,50,63,23,39,0,1,164,115,0,49
2015-08-31,DISTRICT OF COLUMBIA,DISTRICT OF COLUMBIA,DC CIRCUIT,59,44,3,0,12,5,2,2,0,1,54,42,1,11
2015-08-31,FLORIDA MIDDLE,FLORIDA,ELEVENTH CIRCUIT,2420,1644,32,0,744,113,79,28,0,6,2307,1565,4,738
2015-08-31,FLORIDA NORTHERN,FLORIDA,ELEVENTH CIRCUIT,220,173,2,0,45,8,6,2,0,0,212,167,0,45
2015-08-31,FLORIDA SOUTHERN,FLORIDA,ELEVENTH CIRCUIT,1956,1087,56,1,812,95,44,48,1,2,1861,1043,8,810
2015-08-31,GEORGIA MIDDLE,GEORGIA,ELEVENTH CIRCUIT,834,208,6,3,617,15,5,6,3,1,819,203,0,616
2015-08-31,GEORGIA NORTHERN,GEORGIA,ELEVENTH CIRCUIT,3182,1624,11,1,1546,60,47,10,1,2,3122,1577,1,1544
2015-08-31,GEORGIA SOUTHERN,GEORGIA,ELEVENTH CIRCUIT,763,119,2,2,640,5,2,1,2,0,758,117,1,640
2015-08-31,GUAM,GUAM,NINTH CIRCUIT,25,23,0,0,2,2,2,0,0,0,23,21,0,2
2015-08-31,HAWAII,HAWAII,NINTH CIRCUIT,120,82,1,0,37,5,4,1,0,0,115,78,0,37
2015-08-31,IDAHO,IDAHO,NINTH CIRCUIT,346,322,0,0,24,11,10,0,0,1,335,312,0,23
2015-08-31,ILLINOIS CENTRAL,ILLINOIS,SEVENTH CIRCUIT,405,317,0,0,88,8,8,0,0,0,397,309,0,88
2015-08-31,ILLINOIS NORTHERN,ILLINOIS,SEVENTH CIRCUIT,3865,2168,11,0,1686,80,66,9,0,5,3785,2102,2,1681
2015-08-31,ILLINOIS SOUTHERN,ILLINOIS,SEVENTH CIRCUIT,317,195,0,1,121,7,5,0,1,1,310,190,0,120
2015-08-31,INDIANA NORTHERN,INDIANA,SEVENTH CIRCUIT,911,649,3,0,259,18,14,3,0,1,893,635,0,258
2015-08-31,INDIANA SOUTHERN,INDIANA,SEVENTH CIRCUIT,1342,909,1,0,432,19,16,1,0,2,1323,893,0,430
2015-08-31,IOWA NORTHERN,IOWA,EIGHTH CIRCUIT,133,120,0,2,11,9,5,0,2,2,124,115,0,9
2015-08-31,IOWA SOUTHERN,IOWA,EIGHTH CIRCUIT,203,184,1,0,18,7,6,1,0,0,196,178,0,18
2015-08-31,KANSAS,KANSAS,TENTH CIRCUIT,573,345,0,0,228,12,8,0,0,4,561,337,0,224
2015-08-31,KENTUCKY EASTERN,KENTUCKY,SIXTH CIRCUIT,632,415,8,0,209,15,7,8,0,0,617,408,0,209
2015-08-31,KENTUCKY WESTERN,KENTUCKY,SIXTH CIRCUIT,637,417,3,1,215,7,0,3,1,2,630,417,0,213
2015-08-31,LOUISIANA EASTERN,LOUISIANA,FIFTH CIRCUIT,297,128,1,0,168,7,6,1,0,0,290,122,0,168
2015-08-31,LOUISIANA MIDDLE,LOUISIANA,FIFTH CIRCUIT,132,60,1,0,71,3,3,0,0,0,129,57,1,71
2015-08-31,LOUISIANA WESTERN,LOUISIANA,FIFTH CIRCUIT,760,117,4,0,639,10,4,4,0,2,750,113,0,637
2015-08-31,MAINE,MAINE,FIRST CIRCUIT,161,128,1,2,30,11,7,1,2,1,150,121,0,29
2015-08-31,MARYLAND,MARYLAND,FOURTH CIRCUIT,1439,997,13,0,429,33,21,9,0,3,1406,976,4,426
2015-08-31,MASSACHUSETTS,MASSACHUSETTS,FIRST CIRCUIT,676,491,12,0,173,24,14,8,0,2,652,477,4,171
2015-08-31,MICHIGAN EASTERN,MICHIGAN,SIXTH CIRCUIT,1994,1511,6,0,477,33,26,5,0,2,1961,1485,1,475
2015-08-31,MICHIGAN WESTERN,MICHIGAN,SIXTH CIRCUIT,486,388,1,5,92,15,10,0,5,0,471,378,1,92
2015-08-31,MINNESOTA,MINNESOTA,EIGHTH CIRCUIT,849,709,3,0,137,31,24,3,0,4,818,685,0,133
2015-08-31,MISSISSIPPI NORTHERN,MISSISSIPPI,FIFTH CIRCUIT,361,136,0,0,225,7,5,0,0,2,354,131,0,223
2015-08-31,MISSISSIPPI SOUTHERN,MISSISSIPPI,FIFTH CIRCUIT,496,263,1,0,232,14,12,1,0,1,482,251,0,231
2015-08-31,MISSOURI EASTERN,MISSOURI,EIGHTH CIRCUIT,978,640,1,0,337,10,9,1,0,0,968,631,0,337
2015-08-31,MISSOURI WESTERN,MISSOURI,EIGHTH CIRCUIT,646,448,3,0,195,15,14,1,0,0,631,434,2,195
2015-08-31,MONTANA,MONTANA,NINTH CIRCUIT,112,101,0,0,11,6,5,0,0,1,106,96,0,10
2015-08-31,NEBRASKA,NEBRASKA,EIGHTH CIRCUIT,314,200,1,0,113,8,4,1,0,3,306,196,0,110
2015-08-31,NEVADA,NEVADA,NINTH CIRCUIT,769,615,16,0,138,30,17,11,0,2,739,598,5,136
2015-08-31,NEW HAMPSHIRE,NEW HAMPSHIRE,FIRST CIRCUIT,183,134,0,0,49,9,8,0,0,1,174,126,0,48
2015-08-31,NEW JERSEY,NEW JERSEY,THIRD CIRCUIT,2114,1491,23,0,600,57,33,21,0,3,2057,1458,2,597
2015-08-31,NEW MEXICO,NEW MEXICO,TENTH CIRCUIT,273,250,1,0,22,13,11,1,0,1,260,239,0,21
2015-08-31,NEW YORK EASTERN,NEW YORK,SECOND CIRCUIT,969,729,19,0,221,39,25,11,0,3,930,704,8,218
2015-08-31,NEW YORK NORTHERN,NEW YORK,SECOND CIRCUIT,474,365,4,0,105,9,4,3,0,2,465,361,1,103
2015-08-31,NEW YORK SOUTHERN,NEW YORK,SECOND CIRCUIT,656,499,16,0,135,49,24,15,0,4,607,475,1,131
2015-08-31,NEW YORK WESTERN,NEW YORK,SECOND CIRCUIT,339,248,3,0,88,15,11,3,0,1,324,237,0,87
2015-08-31,NORTH CAROLINA EASTERN,NORTH CAROLINA,FOURTH CIRCUIT,554,173,8,1,372,16,7,7,1,1,538,166,1,371
2015-08-31,NORTH CAROLINA MIDDLE,NORTH CAROLINA,FOURTH CIRCUIT,348,141,1,0,206,6,5,1,0,0,342,136,0,206
2015-08-31,NORTH CAROLINA WESTERN,NORTH CAROLINA,FOURTH CIRCUIT,366,188,3,0,175,16,11,2,0,3,350,177,1,172
2015-08-31,NORTH DAKOTA,NORTH DAKOTA,EIGHTH CIRCUIT,46,37,0,0,9,1,0,0,0,1,45,37,0,8
2015-08-31,NORTHERN MARIANAS,NORTHERN MARIANA ISLANDS,NINTH CIRCUIT,0,0,0,0,0,0,0,0,0,0,0,0,0,0
2015-08-31,OHIO NORTHERN,OHIO,SIXTH CIRCUIT,1695,1389,5,0,301,32,26,4,0,2,1663,1363,1,299
2015-08-31,OHIO SOUTHERN,OHIO,SIXTH CIRCUIT,1508,999,1,0,508,28,20,1,0,7,1480,979,0,501
2015-08-31,OKLAHOMA EASTERN,OKLAHOMA,TENTH CIRCUIT,127,116,0,0,10,3,2,0,0,0,124,114,0,10
2015-08-31,OKLAHOMA NORTHERN,OKLAHOMA,TENTH CIRCUIT,211,196,0,0,15,7,6,0,0,1,204,190,0,14
2015-08-31,OKLAHOMA WESTERN,OKLAHOMA,TENTH CIRCUIT,429,337,2,0,90,9,7,2,0,0,420,330,0,90
2015-08-31,OREGON,OREGON,NINTH CIRCUIT,883,708,4,0,171,19,14,4,0,1,864,694,0,170
2015-08-31,PENNSYLVANIA EASTERN,PENNSYLVANIA,THIRD CIRCUIT,795,418,16,0,361,34,15,14,0,5,761,403,2,356
2015-08-31,PENNSYLVANIA MIDDLE,PENNSYLVANIA,THIRD CIRCUIT,458,306,7,0,145,15,6,7,0,2,443,300,0,143
2015-08-31,PENNSYLVANIA WESTERN,PENNSYLVANIA,THIRD CIRCUIT,559,363,6,0,190,24,17,6,0,1,535,346,0,189
2015-08-31,PUERTO RICO,PUERTO RICO,FIRST CIRCUIT,887,368,20,5,494,35,9,17,5,4,852,359,3,490
2015-08-31,RHODE ISLAND,RHODE ISLAND,FIRST CIRCUIT,171,140,1,0,30,9,7,1,0,1,162,133,0,29
2015-08-31,SOUTH CAROLINA,SOUTH CAROLINA,FOURTH CIRCUIT,543,206,2,0,335,15,13,2,0,0,528,193,0,335
2015-08-31,SOUTH DAKOTA,SOUTH DAKOTA,EIGHTH CIRCUIT,80,65,0,0,15,1,1,0,0,0,79,64,0,15
2015-08-31,TENNESSEE EASTERN,TENNESSEE,SIXTH CIRCUIT,964,501,3,1,459,15,10,2,1,2,949,491,1,457
2015-08-31,TENNESSEE MIDDLE,TENNESSEE,SIXTH CIRCUIT,820,415,10,0,395,13,6,6,0,1,807,409,4,394
2015-08-31,TENNESSEE WESTERN,TENNESSEE,SIXTH CIRCUIT,1387,253,2,0,1132,5,3,2,0,0,1382,250,0,1132
2015-08-31,TEXAS EASTERN,TEXAS,FIFTH CIRCUIT,415,165,6,0,244,33,24,6,0,3,382,141,0,241
2015-08-31,TEXAS NORTHERN,TEXAS,FIFTH CIRCUIT,1127,371,16,0,740,61,36,15,0,10,1066,335,1,730
2015-08-31,TEXAS SOUTHERN,TEXAS,FIFTH CIRCUIT,793,239,29,1,524,54,20,29,1,4,739,219,0,520
2015-08-31,TEXAS WESTERN,TEXAS,FIFTH CIRCUIT,708,313,9,0,386,38,25,8,0,5,670,288,1,381
2015-08-31,UTAH,UTAH,TENTH CIRCUIT,991,593,0,0,398,17,15,0,0,2,974,578,0,396
2015-08-31,VERMONT,VERMONT,SECOND CIRCUIT,46,36,0,1,9,4,3,0,1,0,42,33,0,9
2015-08-31,VIRGIN ISLANDS,VIRGIN ISLANDS,THIRD CIRCUIT,3,2,0,0,1,0,0,0,0,0,3,2,0,1
2015-08-31,VIRGINIA EASTERN,VIRGINIA,FOURTH CIRCUIT,1547,823,156,0,568,183,29,153,0,1,1364,794,3,567
2015-08-31,VIRGINIA WESTERN,VIRGINIA,FOURTH CIRCUIT,464,290,3,1,170,8,4,2,1,1,456,286,1,169
2015-08-31,WASHINGTON EASTERN,WASHINGTON,NINTH CIRCUIT,332,270,1,0,61,6,4,1,0,1,326,266,0,60
2015-08-31,WASHINGTON WESTERN,WASHINGTON,NINTH CIRCUIT,1077,780,6,0,291,25,17,5,0,3,1052,763,1,288
2015-08-31,WEST VIRGINIA NORTHERN,WEST VIRGINIA,FOURTH CIRCUIT,102,85,0,0,17,3,2,0,0,1,99,83,0,16
2015-08-31,WEST VIRGINIA SOUTHERN,WEST VIRGINIA,FOURTH CIRCUIT,143,127,1,0,15,6,5,1,0,0,137,122,0,15
2015-08-31,WISCONSIN EASTERN,WISCONSIN,SEVENTH CIRCUIT,1090,762,2,0,326,23,21,2,0,0,1067,741,0,326
2015-08-31,WISCONSIN WESTERN,WISCONSIN,SEVENTH CIRCUIT,396,331,2,3,60,13,6,2,3,2,383,325,0,58
2015-08-31,WYOMING,WYOMING,TENTH CIRCUIT,82,73,0,0,9,2,2,0,0,0,80,71,0,9
2015-09-30,ALABAMA MIDDLE,ALABAMA,ELEVENTH CIRCUIT,762,121,1,0,640,6,4,1,0,1,756,117,0,639
2015-09-30,ALABAMA NORTHERN,ALABAMA,ELEVENTH CIRCUIT,1169,536,3,0,630,15,14,1,0,0,1154,522,2,630
2015-09-30,ALABAMA SOUTHERN,ALABAMA,ELEVENTH CIRCUIT,407,108,2,0,297,6,3,2,0,1,401,105,0,296
2015-09-30,ALASKA,ALASKA,NINTH CIRCUIT,48,39,1,0,8,7,4,1,0,2,41,35,0,6
2015-09-30,ARIZONA,ARIZONA,NINTH CIRCUIT,1488,1236,18,0,234,34,23,9,0,2,1454,1213,9,232
2015-09-30,ARKANSAS EASTERN,ARKANSAS,EIGHTH CIRCUIT,598,248,1,1,348,11,7,1,1,2,587,241,0,346
2015-09-30,ARKANSAS WESTERN,ARKANSAS,EIGHTH CIRCUIT,275,137,2,1,135,10,7,2,1,0,265,130,0,135
2015-09-30,CALIFORNIA CENTRAL,CALIFORNIA,NINTH CIRCUIT,3596,2657,29,0,910,116,96,14,0,6,3480,2561,15,904
2015-09-30,CALIFORNIA EASTERN,CALIFORNIA,NINTH CIRCUIT,1354,1032,7,1,314,36,25,5,1,5,1318,1007,2,309
2015-09-30,CALIFORNIA NORTHERN,CALIFORNIA,NINTH CIRCUIT,884,485,13,1,385,42,27,7,1,7,842,458,6,378
2015-09-30,CALIFORNIA SOUTHERN,CALIFORNIA,NINTH CIRCUIT,628,487,0,0,141,23,20,0,0,3,605,467,0,138
2015-09-30,COLORADO,COLORADO,TENTH CIRCUIT,1225,976,2,1,246,41,35,2,1,3,1184,941,0,243
2015-09-30,CONNECTICUT,CONNECTICUT,SECOND CIRCUIT,532,433,7,0,92,14,8,6,0,0,518,425,1,92
2015-09-30,DELAWARE,DELAWARE,THIRD CIRCUIT,212,130,26,0,56,40,14,26,0,0,172,116,0,56
2015-09-30,DISTRICT OF COLUMBIA,DISTRICT OF COLUMBIA,DC CIRCUIT,57,44,2,0,11,5,3,2,0,0,52,41,0,11
2015-09-30,FLORIDA MIDDLE,FLORIDA,ELEVENTH CIRCUIT,2406,1652,26,3,725,101,72,19,3,7,2305,1580,7,718
2015-09-30,FLORIDA NORTHERN,FLORIDA,ELEVENTH CIRCUIT,222,167,5,0,50,16,12,4,0,0,206,155,1,50
2015-09-30,FLORIDA SOUTHERN,FLORIDA,ELEVENTH CIRCUIT,1762,949,17,0,796,48,32,12,0,4,1714,917,5,792
2015-09-30,GEORGIA MIDDLE,GEORGIA,ELEVENTH CIRCUIT,777,227,0,0,550,7,6,0,0,1,770,221,0,549
2015-09-30,GEORGIA NORTHERN,GEORGIA,ELEVENTH CIRCUIT,2766,1442,6,0,1318,39,32,5,0,2,2727,1410,1,1316
2015-09-30,GEORGIA SOUTHERN,GEORGIA,ELEVENTH CIRCUIT,672,122,0,0,550,4,4,0,0,0,668,118,0,550
2015-09-30,GUAM,GUAM,NINTH CIRCUIT,25,17,0,0,8,3,3,0,0,0,22,14,0,8
2015-09-30,HAWAII,HAWAII,NINTH CIRCUIT,131,91,2,0,38,7,4,2,0,1,124,87,0,37
2015-09-30,IDAHO,IDAHO,NINTH CIRCUIT,297,261,0,1,35,10,9,0,1,0,287,252,0,35
2015-09-30,ILLINOIS CENTRAL,ILLINOIS,SEVENTH CIRCUIT,421,328,1,0,92,9,7,1,0,1,412,321,0,91
2015-09-30,ILLINOIS NORTHERN,ILLINOIS,SEVENTH CIRCUIT,3920,2258,17,0,1645,67,48,15,0,4,3853,2210,2,1641
2015-09-30,ILLINOIS SOUTHERN,ILLINOIS,SEVENTH CIRCUIT,302,182,0,0,120,6,6,0,0,0,296,176,0,120
2015-09-30,INDIANA NORTHERN,INDIANA,SEVENTH CIRCUIT,862,580,0,2,280,10,7,0,2,1,852,573,0,279
2015-09-30,INDIANA SOUTHERN,INDIANA,SEVENTH CIRCUIT,1342,898,3,0,441,18,14,3,0,1,1324,884,0,440
2015-09-30,IOWA NORTHERN,IOWA,EIGHTH CIRCUIT,132,127,0,1,4,7,6,0,1,0,125,121,0,4
2015-09-30,IOWA SOUTHERN,IOWA,EIGHTH CIRCUIT,236,202,1,0,33,12,9,1,0,2,224,193,0,31
2015-09-30,KANSAS,KANSAS,TENTH CIRCUIT,569,336,3,0,230,9,6,2,0,1,560,330,1,229
2015-09-30,KENTUCKY EASTERN,KENTUCKY,SIXTH CIRCUIT,666,470,1,0,195,7,5,1,0,1,659,465,0,194
2015-09-30,KENTUCKY WESTERN,KENTUCKY,SIXTH CIRCUIT,652,413,1,0,238,9,8,1,0,0,643,405,0,238
2015-09-30,LOUISIANA EASTERN,LOUISIANA,FIFTH CIRCUIT,287,120,6,0,161,11,4,6,0,1,276,116,0,160
2015-09-30,LOUISIANA MIDDLE,LOUISIANA,FIFTH CIRCUIT,148,70,0,0,78,3,3,0,0,0,145,67,0,78
2015-09-30,LOUISIANA WESTERN,LOUISIANA,FIFTH CIRCUIT,789,143,2,3,641,11,7,1,3,0,778,136,1,641
2015-09-30,MAINE,MAINE,FIRST CIRCUIT,165,143,2,0,20,12,7,2,0,3,153,136,0,17
2015-09-30,MARYLAND,MARYLAND,FOURTH CIRCUIT,1477,970,20,0,487,38,20,15,0,3,1439,950,5,484
2015-09-30,MASSACHUSETTS,MASSACHUSETTS,FIRST CIRCUIT,707,517,10,1,179,33,19,8,1,5,674,498,2,174
2015-09-30,MICHIGAN EASTERN,MICHIGAN,SIXTH CIRCUIT,1986,1480,11,0,495,46,26,11,0,9,1940,1454,0,486
2015-09-30,MICHIGAN WESTERN,MICHIGAN,SIXTH CIRCUIT,623,478,0,4,141,18,12,0,4,2,605,466,0,139
2015-09-30,MINNESOTA,MINNESOTA,EIGHTH CIRCUIT,872,735,3,1,133,28,24,3,1,0,844,711,0,133
2015-09-30,MISSISSIPPI NORTHERN,MISSISSIPPI,FIFTH CIRCUIT,447,154,3,1,289,10,5,3,1,1,437,149,0,288
2015-09-30,MISSISSIPPI SOUTHERN,MISSISSIPPI,FIFTH CIRCUIT,548,254,3,0,291,13,9,3,0,1,535,245,0,290
2015-09-30,MISSOURI EASTERN,MISSOURI,EIGHTH CIRCUIT,986,661,0,0,325,8,7,0,0,1,978,654,0,324
2015-09-30,MISSOURI WESTERN,MISSOURI,EIGHTH CIRCUIT,679,467,4,1,207,15,6,4,1,4,664,461,0,203
2015-09-30,MONTANA,MONTANA,NINTH CIRCUIT,94,82,0,0,12,3,3,0,0,0,91,79,0,12
2015-09-30,NEBRASKA,NEBRASKA,EIGHTH CIRCUIT,362,238,1,2,121,6,4,0,2,0,356,234,1,121
2015-09-30,NEVADA,NEVADA,NINTH CIRCUIT,805,618,14,0,173,32,21,8,0,3,773,597,6,170
2015-09-30,NEW HAMPSHIRE,NEW HAMPSHIRE,FIRST CIRCUIT,170,122,1,1,46,11,7,1,1,2,159,115,0,44
2015-09-30,NEW JERSEY,NEW JERSEY,THIRD CIRCUIT,1994,1336,19,0,639,53,33,13,0,7,1941,1303,6,632
2015-09-30,NEW MEXICO,NEW MEXICO,TENTH CIRCUIT,266,241,1,0,24,13,10,1,0,2,253,231,0,22
2015-09-30,NEW YORK EASTERN,NEW YORK,SECOND CIRCUIT,915,701,17,0,197,41,26,14,0,1,874,675,3,196
2015-09-30,NEW YORK NORTHERN,NEW YORK,SECOND CIRCUIT,489,377,2,0,110,10,6,2,0,2,479,371,0,108
2015-09-30,NEW YORK SOUTHERN,NEW YORK,SECOND CIRCUIT,601,448,30,0,121,53,20,28,0,3,548,428,2,118
2015-09-30,NEW YORK WESTERN,NEW YORK,SECOND CIRCUIT,392,250,3,1,138,15,7,3,1,4,377,243,0,134
2015-09-30,NORTH CAROLINA EASTERN,NORTH CAROLINA,FOURTH CIRCUIT,591,176,4,0,411,19,12,4,0,3,572,164,0,408
2015-09-30,NORTH CAROLINA MIDDLE,NORTH CAROLINA,FOURTH CIRCUIT,357,137,1,0,219,6,3,1,0,2,351,134,0,217
2015-09-30,NORTH CAROLINA WESTERN,NORTH CAROLINA,FOURTH CIRCUIT,350,176,3,0,171,13,7,3,0,3,337,169,0,168
2015-09-30,NORTH DAKOTA,NORTH DAKOTA,EIGHTH CIRCUIT,45,42,0,0,3,4,4,0,0,0,41,38,0,3
2015-09-30,NORTHERN MARIANAS,NORTHERN MARIANA ISLANDS,NINTH CIRCUIT,0,0,0,0,0,0,0,0,0,0,0,0,0,0
2015-09-30,OHIO NORTHERN,OHIO,SIXTH CIRCUIT,1644,1308,6,0,330,40,27,6,0,7,1604,1281,0,323
2015-09-30,OHIO SOUTHERN,OHIO,SIXTH CIRCUIT,1577,1019,4,0,554,32,23,4,0,5,1545,996,0,549
2015-09-30,OKLAHOMA EASTERN,OKLAHOMA,TENTH CIRCUIT,126,106,0,0,20,2,2,0,0,0,124,104,0,20
2015-09-30,OKLAHOMA NORTHERN,OKLAHOMA,TENTH CIRCUIT,222,195,0,0,27,4,4,0,0,0,218,191,0,27
2015-09-30,OKLAHOMA WESTERN,OKLAHOMA,TENTH CIRCUIT,463,375,1,0,87,12,11,1,0,0,451,364,0,87
2015-09-30,OREGON,OREGON,NINTH CIRCUIT,828,664,3,0,161,12,6,2,0,4,816,658,1,157
2015-09-30,PENNSYLVANIA EASTERN,PENNSYLVANIA,THIRD CIRCUIT,809,411,12,1,385,33,11,11,1,10,776,400,1,375
2015-09-30,PENNSYLVANIA MIDDLE,PENNSYLVANIA,THIRD CIRCUIT,489,261,3,0,225,11,6,3,0,2,478,255,0,223
2015-09-30,PENNSYLVANIA WESTERN,PENNSYLVANIA,THIRD CIRCUIT,666,396,11,2,257,29,12,9,2,6,637,384,2,251
2015-09-30,PUERTO RICO,PUERTO RICO,FIRST CIRCUIT,983,411,20,1,551,33,14,16,1,2,950,397,4,549
2015-09-30,RHODE ISLAND,RHODE ISLAND,FIRST CIRCUIT,208,168,1,0,39,6,5,1,0,0,202,163,0,39
2015-09-30,SOUTH CAROLINA,SOUTH CAROLINA,FOURTH CIRCUIT,604,225,2,0,377,12,9,2,0,1,592,216,0,376
2015-09-30,SOUTH DAKOTA,SOUTH DAKOTA,EIGHTH CIRCUIT,95,80,3,2,10,9,2,3,2,2,86,78,0,8
2015-09-30,TENNESSEE EASTERN,TENNESSEE,SIXTH CIRCUIT,946,443,6,0,497,11,4,5,0,2,935,439,1,495
2015-09-30,TENNESSEE MIDDLE,TENNESSEE,SIXTH CIRCUIT,913,431,5,0,477,21,15,5,0,1,892,416,0,476
2015-09-30,TENNESSEE WESTERN,TENNESSEE,SIXTH CIRCUIT,1465,303,2,0,1160,4,2,2,0,0,1461,301,0,1160
2015-09-30,TEXAS EASTERN,TEXAS,FIFTH CIRCUIT,325,145,6,0,174,24,18,6,0,0,301,127,0,174
2015-09-30,TEXAS NORTHERN,TEXAS,FIFTH CIRCUIT,878,371,15,1,491,45,27,13,1,4,833,344,2,487
2015-09-30,TEXAS SOUTHERN,TEXAS,FIFTH CIRCUIT,631,248,17,0,366,40,19,15,0,6,591,229,2,360
2015-09-30,TEXAS WESTERN,TEXAS,FIFTH CIRCUIT,574,295,3,0,276,47,43,3,0,1,527,252,0,275
2015-09-30,UTAH,UTAH,TENTH CIRCUIT,1052,610,7,0,435,23,13,7,0,3,1029,597,0,432
2015-09-30,VERMONT,VERMONT,SECOND CIRCUIT,64,47,0,0,17,3,3,0,0,0,61,44,0,17
2015-09-30,VIRGIN ISLANDS,VIRGIN ISLANDS,THIRD CIRCUIT,1,0,1,0,0,1,0,1,0,0,0,0,0,0
2015-09-30,VIRGINIA EASTERN,VIRGINIA,FOURTH CIRCUIT,1463,815,7,0,641,27,23,3,0,1,1436,792,4,640
2015-09-30,VIRGINIA WESTERN,VIRGINIA,FOURTH CIRCUIT,460,288,1,1,170,13,8,0,1,4,447,280,1,166
2015-09-30,WASHINGTON EASTERN,WASHINGTON,NINTH CIRCUIT,364,275,1,0,88,5,3,1,0,1,359,272,0,87
2015-09-30,WASHINGTON WESTERN,WASHINGTON,NINTH CIRCUIT,1140,803,9,0,328,42,35,5,0,2,1098,768,4,326
2015-09-30,WEST VIRGINIA NORTHERN,WEST VIRGINIA,FOURTH CIRCUIT,96,79,0,0,17,2,2,0,0,0,94,77,0,17
2015-09-30,WEST VIRGINIA SOUTHERN,WEST VIRGINIA,FOURTH CIRCUIT,184,166,2,0,16,4,1,2,0,1,180,165,0,15
2015-09-30,WISCONSIN EASTERN,WISCONSIN,SEVENTH CIRCUIT,1093,752,0,1,340,17,14,0,1,2,1076,738,0,338
2015-09-30,WISCONSIN WESTERN,WISCONSIN,SEVENTH CIRCUIT,373,306,0,1,66,14,9,0,1,4,359,297,0,62
2015-09-30,WYOMING,WYOMING,TENTH CIRCUIT,83,72,1,0,10,2,1,0,0,1,81,71,1,9
2015-10-31,ALABAMA MIDDLE,ALABAMA,ELEVENTH CIRCUIT,765,143,5,0,617,10,4,5,0,1,755,139,0,616
2015-10-31,ALABAMA NORTHERN,ALABAMA,ELEVENTH CIRCUIT,1159,499,2,0,658,9,7,1,0,1,1150,492,1,657
2015-10-31,ALABAMA SOUTHERN,ALABAMA,ELEVENTH CIRCUIT,392,87,1,0,304,1,0,1,0,0,391,87,0,304
2015-10-31,ALASKA,ALASKA,NINTH CIRCUIT,70,54,11,0,5,13,2,11,0,0,57,52,0,5
2015-10-31,ARIZONA,ARIZONA,NINTH CIRCUIT,1480,1219,34,0,227,54,22,26,0,6,1426,1197,8,221
2015-10-31,ARKANSAS EASTERN,ARKANSAS,EIGHTH CIRCUIT,679,282,1,0,396,9,4,1,0,4,670,278,0,392
2015-10-31,ARKANSAS WESTERN,ARKANSAS,EIGHTH CIRCUIT,303,152,2,0,149,7,4,2,0,1,296,148,0,148
2015-10-31,CALIFORNIA CENTRAL,CALIFORNIA,NINTH CIRCUIT,3885,2896,45,0,943,180,138,29,0,12,3705,2758,16,931
2015-10-31,CALIFORNIA EASTERN,CALIFORNIA,NINTH CIRCUIT,1384,1082,9,1,292,46,31,7,1,7,1338,1051,2,285
2015-10-31,CALIFORNIA NORTHERN,CALIFORNIA,NINTH CIRCUIT,957,501,15,0,441,62,38,9,0,15,895,463,6,426
2015-10-31,CALIFORNIA SOUTHERN,CALIFORNIA,NINTH CIRCUIT,687,541,4,0,142,30,24,3,0,3,657,517,1,139
2015-10-31,COLORADO,COLORADO,TENTH CIRCUIT,1226,1000,4,0,220,32,23,4,0,3,1194,977,0,217
2015-10-31,CONNECTICUT,CONNECTICUT,SECOND CIRCUIT,489,395,9,0,85,22,13,8,0,1,467,382,1,84
2015-10-31,DELAWARE,DELAWARE,THIRD CIRCUIT,214,115,29,0,62,42,5,29,0,0,172,110,0,62
2015-10-31,DISTRICT OF COLUMBIA,DISTRICT OF COLUMBIA,DC CIRCUIT,57,44,1,0,12,4,2,1,0,1,53,42,0,11
2015-10-31,FLORIDA MIDDLE,FLORIDA,ELEVENTH CIRCUIT,2457,1635,30,3,789,97,68,21,3,5,2360,1567,9,784
2015-10-31,FLORIDA NORTHERN,FLORIDA,ELEVENTH CIRCUIT,187,136,7,0,44,12,7,5,0,0,175,129,2,44
2015-10-31,FLORIDA SOUTHERN,FLORIDA,ELEVENTH CIRCUIT,1891,1056,23,0,812,52,29,18,0,5,1839,1027,5,807
2015-10-31,GEORGIA MIDDLE,GEORGIA,ELEVENTH CIRCUIT,746,204,3,1,538,19,13,3,1,2,727,191,0,536
2015-10-31,GEORGIA NORTHERN,GEORGIA,ELEVENTH CIRCUIT,3150,1459,10,0,1681,44,31,8,0,5,3106,1428,2,1676
2015-10-31,GEORGIA SOUTHERN,GEORGIA,ELEVENTH CIRCUIT,728,128,2,0,598,7,6,1,0,0,721,122,1,598
2015-10-31,GUAM,GUAM,NINTH CIRCUIT,12,8,0,0,4,1,1,0,0,0,11,7,0,4
2015-10-31,HAWAII,HAWAII,NINTH CIRCUIT,138,90,3,0,45,4,1,3,0,0,134,89,0,45
2015-10-31,IDAHO,IDAHO,NINTH CIRCUIT,318,273,3,0,42,7,4,2,0,1,311,269,1,41
2015-10-31,ILLINOIS CENTRAL,ILLINOIS,SEVENTH CIRCUIT,434,337,1,0,96,6,5,1,0,0,428,332,0,96
2015-10-31,ILLINOIS NORTHERN,ILLINOIS,SEVENTH CIRCUIT,4144,2380,17,0,1747,76,56,16,0,4,4068,2324,1,1743
2015-10-31,ILLINOIS SOUTHERN,ILLINOIS,SEVENTH CIRCUIT,365,219,1,0,145,7,3,1,0,3,358,216,0,142
2015-10-31,INDIANA NORTHERN,INDIANA,SEVENTH CIRCUIT,867,626,1,3,237,17,11,1,3,2,850,615,0,235
2015-10-31,INDIANA SOUTHERN,INDIANA,SEVENTH CIRCUIT,1241,806,3,1,431,18,14,3,1,0,1223,792,0,431
2015-10-31,IOWA NORTHERN,IOWA,EIGHTH CIRCUIT,147,129,1,2,15,6,3,1,2,0,141,126,0,15
2015-10-31,IOWA SOUTHERN,IOWA,EIGHTH CIRCUIT,234,193,0,0,41,8,7,0,0,1,226,186,0,40
2015-10-31,KANSAS,KANSAS,TENTH CIRCUIT,557,321,6,0,230,11,4,5,0,2,546,317,1,228
2015-10-31,KENTUCKY EASTERN,KENTUCKY,SIXTH CIRCUIT,677,447,3,0,227,10,7,3,0,0,667,440,0,227
2015-10-31,KENTUCKY WESTERN,KENTUCKY,SIXTH CIRCUIT,601,373,1,1,226,12,8,1,1,2,589,365,0,224
2015-10-31,LOUISIANA EASTERN,LOUISIANA,FIFTH CIRCUIT,340,153,2,0,185,17,12,2,0,3,323,141,0,182
2015-10-31,LOUISIANA MIDDLE,LOUISIANA,FIFTH CIRCUIT,163,89,1,0,73,6,5,1,0,0,157,84,0,73
2015-10-31,LOUISIANA WESTERN,LOUISIANA,FIFTH CIRCUIT,823,128,11,1,683,21,6,10,1,4,802,122,1,679
2015-10-31,MAINE,MAINE,FIRST CIRCUIT,153,122,0,0,31,8,7,0,0,1,145,115,0,30
2015-10-31,MARYLAND,MARYLAND,FOURTH CIRCUIT,1563,1054,14,0,495,22,9,11,0,2,1541,1045,3,493
2015-10-31,MASSACHUSETTS,MASSACHUSETTS,FIRST CIRCUIT,796,553,6,0,237,24,18,4,0,2,772,535,2,235
2015-10-31,MICHIGAN EASTERN,MICHIGAN,SIXTH CIRCUIT,2039,1516,9,1,513,45,27,9,1,8,1994,1489,0,505
2015-10-31,MICHIGAN WESTERN,MICHIGAN,SIXTH CIRCUIT,622,477,2,0,143,17,15,1,0,1,605,462,1,142
2015-10-31,MINNESOTA,MINNESOTA,EIGHTH CIRCUIT,873,737,1,0,135,20,18,1,0,1,853,719,0,134
2015-10-31,MISSISSIPPI NORTHERN,MISSISSIPPI,FIFTH CIRCUIT,435,163,0,0,272,8,7,0,0,1,427,156,0,271
2015-10-31,MISSISSIPPI SOUTHERN,MISSISSIPPI,FIFTH CIRCUIT,579,304,3,0,272,13,9,3,0,1,566,295,0,271
2015-10-31,MISSOURI EASTERN,MISSOURI,EIGHTH CIRCUIT,1045,696,3,0,346,17,13,3,0,1,1028,683,0,345
2015-10-31,MISSOURI WESTERN,MISSOURI,EIGHTH CIRCUIT,632,421,5,0,206,11,5,5,0,1,621,416,0,205
2015-10-31,MONTANA,MONTANA,NINTH CIRCUIT,127,106,1,0,20,6,4,1,0,1,121,102,0,19
2015-10-31,NEBRASKA,NEBRASKA,EIGHTH CIRCUIT,356,236,1,1,118,10,8,1,1,0,346,228,0,118
2015-10-31,NEVADA,NEVADA,NINTH CIRCUIT,736,567,16,0,153,29,18,10,0,1,707,549,6,152
2015-10-31,NEW HAMPSHIRE,NEW HAMPSHIRE,FIRST CIRCUIT,150,106,1,0,43,13,9,1,0,3,137,97,0,40
2015-10-31,NEW JERSEY,NEW JERSEY,THIRD CIRCUIT,2199,1487,18,0,694,64,43,15,0,6,2135,1444,3,688
2015-10-31,NEW MEXICO,NEW MEXICO,TENTH CIRCUIT,287,259,2,1,25,10,7,2,1,0,277,252,0,25
2015-10-31,NEW YORK EASTERN,NEW YORK,SECOND CIRCUIT,984,763,14,0,207,44,31,11,0,2,940,732,3,205
2015-10-31,NEW YORK NORTHERN,NEW YORK,SECOND CIRCUIT,545,408,24,1,112,35,7,24,1,3,510,401,0,109
2015-10-31,NEW YORK SOUTHERN,NEW YORK,SECOND CIRCUIT,607,435,26,0,145,46,21,24,0,0,561,414,2,145
2015-10-31,NEW YORK WESTERN,NEW YORK,SECOND CIRCUIT,395,237,5,0,153,15,5,4,0,6,380,232,1,147
2015-10-31,NORTH CAROLINA EASTERN,NORTH CAROLINA,FOURTH CIRCUIT,627,181,9,0,437,15,9,4,0,2,612,172,5,435
2015-10-31,NORTH CAROLINA MIDDLE,NORTH CAROLINA,FOURTH CIRCUIT,371,150,2,0,219,13,11,2,0,0,358,139,0,219
2015-10-31,NORTH CAROLINA WESTERN,NORTH CAROLINA,FOURTH CIRCUIT,373,196,4,0,173,7,5,2,0,0,366,191,2,173
2015-10-31,NORTH DAKOTA,NORTH DAKOTA,EIGHTH CIRCUIT,55,52,0,0,3,1,1,0,0,0,54,51,0,3
2015-10-31,NORTHERN MARIANAS,NORTHERN MARIANA ISLANDS,NINTH CIRCUIT,0,0,0,0,0,0,0,0,0,0,0,0,0,0
2015-10-31,OHIO NORTHERN,OHIO,SIXTH CIRCUIT,1722,1389,5,0,328,27,21,4,0,2,1695,1368,1,326
2015-10-31,OHIO SOUTHERN,OHIO,SIXTH CIRCUIT,1510,989,2,1,518,29,24,2,1,2,1481,965,0,516
2015-10-31,OKLAHOMA EASTERN,OKLAHOMA,TENTH CIRCUIT,111,103,0,0,8,2,2,0,0,0,109,101,0,8
2015-10-31,OKLAHOMA NORTHERN,OKLAHOMA,TENTH CIRCUIT,230,210,0,0,20,5,5,0,0,0,225,205,0,20
2015-10-31,OKLAHOMA WESTERN,OKLAHOMA,TENTH CIRCUIT,451,348,1,0,102,14,13,1,0,0,437,335,0,102
2015-10-31,OREGON,OREGON,NINTH CIRCUIT,901,719,1,0,181,16,14,1,0,1,885,705,0,180
2015-10-31,PENNSYLVANIA EASTERN,PENNSYLVANIA,THIRD CIRCUIT,780,429,9,0,342,32,19,9,0,4,748,410,0,338
2015-10-31,PENNSYLVANIA MIDDLE,PENNSYLVANIA,THIRD CIRCUIT,496,290,5,1,200,20,7,5,1,7,476,283,0,193
2015-10-31,PENNSYLVANIA WESTERN,PENNSYLVANIA,THIRD CIRCUIT,619,382,6,0,231,23,14,6,0,3,596,368,0,228
2015-10-31,PUERTO RICO,PUERTO RICO,FIRST CIRCUIT,951,408,19,1,523,28,5,17,1,5,923,403,2,518
2015-10-31,RHODE ISLAND,RHODE ISLAND,FIRST CIRCUIT,210,174,0,0,36,8,8,0,0,0,202,166,0,36
2015-10-31,SOUTH CAROLINA,SOUTH CAROLINA,FOURTH CIRCUIT,635,230,2,0,403,17,15,2,0,0,618,215,0,403
2015-10-31,SOUTH DAKOTA,SOUTH DAKOTA,EIGHTH CIRCUIT,90,81,0,0,9,3,2,0,0,1,87,79,0,8
2015-10-31,TENNESSEE EASTERN,TENNESSEE,SIXTH CIRCUIT,999,504,5,1,489,19,13,3,1,2,980,491,2,487
2015-10-31,TENNESSEE MIDDLE,TENNESSEE,SIXTH CIRCUIT,895,448,5,0,442,15,13,2,0,0,880,435,3,442
2015-10-31,TENNESSEE WESTERN,TENNESSEE,SIXTH CIRCUIT,1436,316,2,0,1118,6,3,2,0,1,1430,313,0,1117
2015-10-31,TEXAS EASTERN,TEXAS,FIFTH CIRCUIT,435,193,5,0,237,34,27,4,0,3,401,166,1,234
2015-10-31,TEXAS NORTHERN,TEXAS,FIFTH CIRCUIT,1086,411,10,0,665,50,33,10,0,7,1036,378,0,658
2015-10-31,TEXAS SOUTHERN,TEXAS,FIFTH CIRCUIT,865,254,15,0,595,38,18,14,0,6,827,236,1,589
2015-10-31,TEXAS WESTERN,TEXAS,FIFTH CIRCUIT,768,332,13,0,423,45,28,12,0,5,723,304,1,418
2015-10-31,UTAH,UTAH,TENTH CIRCUIT,1045,602,0,0,443,14,13,0,0,1,1031,589,0,442
2015-10-31,VERMONT,VERMONT,SECOND CIRCUIT,50,40,0,0,10,1,1,0,0,0,49,39,0,10
2015-10-31,VIRGIN ISLANDS,VIRGIN ISLANDS,THIRD CIRCUIT,2,1,0,0,1,0,0,0,0,0,2,1,0,1
2015-10-31,VIRGINIA EASTERN,VIRGINIA,FOURTH CIRCUIT,1577,919,11,0,647,41,30,10,0,1,1536,889,1,646
2015-10-31,VIRGINIA WESTERN,VIRGINIA,FOURTH CIRCUIT,484,281,2,1,200,7,4,2,1,0,477,277,0,200
2015-10-31,WASHINGTON EASTERN,WASHINGTON,NINTH CIRCUIT,371,277,0,0,94,6,5,0,0,1,365,272,0,93
2015-10-31,WASHINGTON WESTERN,WASHINGTON,NINTH CIRCUIT,1177,869,7,0,301,30,20,5,0,5,1147,849,2,296
2015-10-31,WEST VIRGINIA NORTHERN,WEST VIRGINIA,FOURTH CIRCUIT,105,87,2,0,16,5,3,2,0,0,100,84,0,16
2015-10-31,WEST VIRGINIA SOUTHERN,WEST VIRGINIA,FOURTH CIRCUIT,146,131,2,0,13,6,3,2,0,1,140,128,0,12
2015-10-31,WISCONSIN EASTERN,WISCONSIN,SEVENTH CIRCUIT,1140,781,4,0,355,17,13,3,0,1,1123,768,1,354
2015-10-31,WISCONSIN WESTERN,WISCONSIN,SEVENTH CIRCUIT,390,320,1,3,66,19,7,1,3,8,371,313,0,58
2015-10-31,WYOMING,WYOMING,TENTH CIRCUIT,62,51,0,0,11,6,5,0,0,1,56,46,0,10
2015-11-30,ALABAMA MIDDLE,ALABAMA,ELEVENTH CIRCUIT,589,108,0,0,481,5,5,0,0,0,584,103,0,481
2015-11-30,ALABAMA NORTHERN,ALABAMA,ELEVENTH CIRCUIT,1085,520,2,0,563,21,16,2,0,3,1064,504,0,560
2015-11-30,ALABAMA SOUTHERN,ALABAMA,ELEVENTH CIRCUIT,322,101,1,0,220,5,4,1,0,0,317,97,0,220
2015-11-30,ALASKA,ALASKA,NINTH CIRCUIT,37,30,1,0,6,6,5,1,0,0,31,25,0,6
2015-11-30,ARIZONA,ARIZONA,NINTH CIRCUIT,1270,1015,38,1,216,70,35,31,1,3,1200,980,7,213
2015-11-30,ARKANSAS EASTERN,ARKANSAS,EIGHTH CIRCUIT,535,223,1,1,310,13,10,1,1,1,522,213,0,309
2015-11-30,ARKANSAS WESTERN,ARKANSAS,EIGHTH CIRCUIT,293,160,1,1,131,8,5,1,1,1,285,155,0,130
2015-11-30,CALIFORNIA CENTRAL,CALIFORNIA,NINTH CIRCUIT,3634,2703,50,1,880,185,138,39,1,7,3449,2565,11,873
2015-11-30,CALIFORNIA EASTERN,CALIFORNIA,NINTH CIRCUIT,1419,1099,6,1,313,43,30,6,1,6,1376,1069,0,307
2015-11-30,CALIFORNIA NORTHERN,CALIFORNIA,NINTH CIRCUIT,917,486,26,1,404,49,29,14,1,5,868,457,12,399
2015-11-30,CALIFORNIA SOUTHERN,CALIFORNIA,NINTH CIRCUIT,719,553,8,1,157,44,36,3,1,4,675,517,5,153
2015-11-30,COLORADO,COLORADO,TENTH CIRCUIT,1065,838,8,0,219,33,21,8,0,4,1032,817,0,215
2015-11-30,CONNECTICUT,CONNECTICUT,SECOND CIRCUIT,466,376,9,0,81,25,17,8,0,0,441,359,1,81
2015-11-30,DELAWARE,DELAWARE,THIRD CIRCUIT,159,93,7,0,53,16,2,7,0,1,143,91,0,52
2015-11-30,DISTRICT OF COLUMBIA,DISTRICT OF COLUMBIA,DC CIRCUIT,56,45,0,0,11,1,0,0,0,1,55,45,0,10
2015-11-30,FLORIDA MIDDLE,FLORIDA,ELEVENTH CIRCUIT,2297,1535,19,0,743,61,49,11,0,1,2236,1486,8,742
2015-11-30,FLORIDA NORTHERN,FLORIDA,ELEVENTH CIRCUIT,180,147,4,0,29,16,12,3,0,1,164,135,1,28
2015-11-30,FLORIDA SOUTHERN,FLORIDA,ELEVENTH CIRCUIT,1761,980,28,0,753,61,36,22,0,3,1700,944,6,750
2015-11-30,GEORGIA MIDDLE,GEORGIA,ELEVENTH CIRCUIT,698,199,6,2,491,19,9,6,2,2,679,190,0,489
2015-11-30,GEORGIA NORTHERN,GEORGIA,ELEVENTH CIRCUIT,2771,1265,12,0,1494,55,40,12,0,3,2716,1225,0,1491
2015-11-30,GEORGIA SOUTHERN,GEORGIA,ELEVENTH CIRCUIT,625,125,1,3,496,7,2,1,3,1,618,123,0,495
2015-11-30,GUAM,GUAM,NINTH CIRCUIT,10,9,0,0,1,0,0,0,0,0,10,9,0,1
2015-11-30,HAWAII,HAWAII,NINTH CIRCUIT,139,92,1,0,46,4,3,1,0,0,135,89,0,46
2015-11-30,IDAHO,IDAHO,NINTH CIRCUIT,312,283,0,0,29,5,4,0,0,1,307,279,0,28
2015-11-30,ILLINOIS CENTRAL,ILLINOIS,SEVENTH CIRCUIT,400,321,0,0,79,9,8,0,0,1,391,313,0,78
2015-11-30,ILLINOIS NORTHERN,ILLINOIS,SEVENTH CIRCUIT,3853,2207,6,2,1638,66,47,4,2,13,3787,2160,2,1625
2015-11-30,ILLINOIS SOUTHERN,ILLINOIS,SEVENTH CIRCUIT,350,220,0,1,129,11,8,0,1,2,339,212,0,127
2015-11-30,INDIANA NORTHERN,INDIANA,SEVENTH CIRCUIT,787,557,1,0,229,11,11,0,0,0,776,546,1,229
2015-11-30,INDIANA SOUTHERN,INDIANA,SEVENTH CIRCUIT,1123,749,3,0,371,27,23,3,0,1,1096,726,0,370
2015-11-30,IOWA NORTHERN,IOWA,EIGHTH CIRCUIT,151,136,0,1,14,12,11,0,1,0,139,125,0,14
2015-11-30,IOWA SOUTHERN,IOWA,EIGHTH CIRCUIT,220,192,0,0,28,7,7,0,0,0,213,185,0,28
2015-11-30,KANSAS,KANSAS,TENTH CIRCUIT,529,311,2,1,215,20,13,2,1,4,509,298,0,211
2015-11-30,KENTUCKY EASTERN,KENTUCKY,SIXTH CIRCUIT,683,467,3,0,213,9,6,3,0,0,674,461,0,213
2015-11-30,KENTUCKY WESTERN,KENTUCKY,SIXTH CIRCUIT,615,400,3,0,212,12,8,3,0,1,603,392,0,211
2015-11-30,LOUISIANA EASTERN,LOUISIANA,FIFTH CIRCUIT,296,145,4,0,147,10,5,4,0,1,286,140,0,146
2015-11-30,LOUISIANA MIDDLE,LOUISIANA,FIFTH CIRCUIT,121,70,0,0,51,2,2,0,0,0,119,68,0,51
2015-11-30,LOUISIANA WESTERN,LOUISIANA,FIFTH CIRCUIT,643,126,2,0,515,8,6,2,0,0,635,120,0,515
2015-11-30,MAINE,MAINE,FIRST CIRCUIT,152,126,2,0,24,6,5,1,0,0,146,121,1,24
2015-11-30,MARYLAND,MARYLAND,FOURTH CIRCUIT,1541,1044,13,5,479,44,26,8,5,5,1497,1018,5,474
2015-11-30,MASSACHUSETTS,MASSACHUSETTS,FIRST CIRCUIT,819,592,10,2,215,38,25,10,2,1,781,567,0,214
2015-11-30,MICHIGAN EASTERN,MICHIGAN,SIXTH CIRCUIT,2127,1656,10,0,461,37,30,5,0,2,2090,1626,5,459
2015-11-30,MICHIGAN WESTERN,MICHIGAN,SIXTH CIRCUIT,634,516,1,0,117,17,11,1,0,5,617,505,0,112
2015-11-30,MINNESOTA,MINNESOTA,EIGHTH CIRCUIT,904,768,1,4,131,39,32,1,4,2,865,736,0,129
2015-11-30,MISSISSIPPI NORTHERN,MISSISSIPPI,FIFTH CIRCUIT,363,150,2,1,210,7,4,2,1,0,356,146,0,210
2015-11-30,MISSISSIPPI SOUTHERN,MISSISSIPPI,FIFTH CIRCUIT,515,270,2,0,243,7,4,1,0,2,508,266,1,241
2015-11-30,MISSOURI EASTERN,MISSOURI,EIGHTH CIRCUIT,867,561,0,0,306,11,9,0,0,2,856,552,0,304
2015-11-30,MISSOURI WESTERN,MISSOURI,EIGHTH CIRCUIT,649,464,1,0,184,13,12,1,0,0,636,452,0,184
2015-11-30,MONTANA,MONTANA,NINTH CIRCUIT,98,80,0,0,18,6,4,0,0,2,92,76,0,16
2015-11-30,NEBRASKA,NEBRASKA,EIGHTH CIRCUIT,349,240,1,0,108,5,4,1,0,0,344,236,0,108
2015-11-30,NEVADA,NEVADA,NINTH CIRCUIT,625,488,9,0,128,20,10,7,0,3,605,478,2,125
2015-11-30,NEW HAMPSHIRE,NEW HAMPSHIRE,FIRST CIRCUIT,153,113,2,0,38,16,11,2,0,3,137,102,0,35
2015-11-30,NEW JERSEY,NEW JERSEY,THIRD CIRCUIT,2039,1385,17,1,636,48,26,15,1,6,1991,1359,2,630
2015-11-30,NEW MEXICO,NEW MEXICO,TENTH CIRCUIT,269,240,2,0,27,7,5,2,0,0,262,235,0,27
2015-11-30,NEW YORK EASTERN,NEW YORK,SECOND CIRCUIT,1007,790,8,0,209,38,30,6,0,2,969,760,2,207
2015-11-30,NEW YORK NORTHERN,NEW YORK,SECOND CIRCUIT,612,490,2,5,115,18,10,2,5,1,594,480,0,114
2015-11-30,NEW YORK SOUTHERN,NEW YORK,SECOND CIRCUIT,651,463,40,0,144,60,19,35,0,2,591,444,5,142
2015-11-30,NEW YORK WESTERN,NEW YORK,SECOND CIRCUIT,340,245,3,0,92,16,11,3,0,2,324,234,0,90
2015-11-30,NORTH CAROLINA EASTERN,NORTH CAROLINA,FOURTH CIRCUIT,569,175,10,2,382,24,10,9,2,3,545,165,1,379
2015-11-30,NORTH CAROLINA MIDDLE,NORTH CAROLINA,FOURTH CIRCUIT,361,144,1,0,216,10,9,1,0,0,351,135,0,216
2015-11-30,NORTH CAROLINA WESTERN,NORTH CAROLINA,FOURTH CIRCUIT,388,210,3,1,174,17,12,3,1,1,371,198,0,173
2015-11-30,NORTH DAKOTA,NORTH DAKOTA,EIGHTH CIRCUIT,51,46,0,0,5,0,0,0,0,0,51,46,0,5
2015-11-30,NORTHERN MARIANAS,NORTHERN MARIANA ISLANDS,NINTH CIRCUIT,0,0,0,0,0,0,0,0,0,0,0,0,0,0
2015-11-30,OHIO NORTHERN,OHIO,SIXTH CIRCUIT,1645,1307,28,0,310,52,21,28,0,3,1593,1286,0,307
2015-11-30,OHIO SOUTHERN,OHIO,SIXTH CIRCUIT,1470,981,2,0,487,26,21,2,0,3,1444,960,0,484
2015-11-30,OKLAHOMA EASTERN,OKLAHOMA,TENTH CIRCUIT,123,113,2,0,8,5,3,2,0,0,118,110,0,8
2015-11-30,OKLAHOMA NORTHERN,OKLAHOMA,TENTH CIRCUIT,203,181,0,0,22,4,4,0,0,0,199,177,0,22
2015-11-30,OKLAHOMA WESTERN,OKLAHOMA,TENTH CIRCUIT,393,302,1,0,90,13,13,0,0,0,380,289,1,90
2015-11-30,OREGON,OREGON,NINTH CIRCUIT,814,613,1,0,200,16,10,1,0,5,798,603,0,195
2015-11-30,PENNSYLVANIA EASTERN,PENNSYLVANIA,THIRD CIRCUIT,789,406,11,0,372,33,18,11,0,4,756,388,0,368
2015-11-30,PENNSYLVANIA MIDDLE,PENNSYLVANIA,THIRD CIRCUIT,429,286,2,1,140,16,9,2,1,4,413,277,0,136
2015-11-30,PENNSYLVANIA WESTERN,PENNSYLVANIA,THIRD CIRCUIT,571,384,8,2,177,20,10,7,2,1,551,374,1,176
2015-11-30,PUERTO RICO,PUERTO RICO,FIRST CIRCUIT,977,417,22,1,537,32,7,22,1,2,945,410,0,535
2015-11-30,RHODE ISLAND,RHODE ISLAND,FIRST CIRCUIT,225,174,0,0,51,10,10,0,0,0,215,164,0,51
2015-11-30,SOUTH CAROLINA,SOUTH CAROLINA,FOURTH CIRCUIT,543,226,0,4,312,10,4,0,4,1,533,222,0,311
2015-11-30,SOUTH DAKOTA,SOUTH DAKOTA,EIGHTH CIRCUIT,86,80,0,0,6,7,6,0,0,1,79,74,0,5
2015-11-30,TENNESSEE EASTERN,TENNESSEE,SIXTH CIRCUIT,885,446,9,1,429,21,12,8,1,0,864,434,1,429
2015-11-30,TENNESSEE MIDDLE,TENNESSEE,SIXTH CIRCUIT,730,354,3,0,373,6,4,2,0,0,724,350,1,373
2015-11-30,TENNESSEE WESTERN,TENNESSEE,SIXTH CIRCUIT,1186,278,3,0,905,7,4,2,0,1,1179,274,1,904
2015-11-30,TEXAS EASTERN,TEXAS,FIFTH CIRCUIT,406,175,8,0,223,32,23,7,0,2,374,152,1,221
2015-11-30,TEXAS NORTHERN,TEXAS,FIFTH CIRCUIT,1085,372,7,1,705,57,39,7,1,10,1028,333,0,695
2015-11-30,TEXAS SOUTHERN,TEXAS,FIFTH CIRCUIT,858,241,23,0,594,53,25,23,0,5,805,216,0,589
2015-11-30,TEXAS WESTERN,TEXAS,FIFTH CIRCUIT,678,322,4,0,352,47,38,4,0,5,631,284,0,347
2015-11-30,UTAH,UTAH,TENTH CIRCUIT,981,572,1,0,408,16,13,1,0,2,965,559,0,406
2015-11-30,VERMONT,VERMONT,SECOND CIRCUIT,88,71,0,0,17,9,8,0,0,1,79,63,0,16
2015-11-30,VIRGIN ISLANDS,VIRGIN ISLANDS,THIRD CIRCUIT,3,2,0,0,1,1,1,0,0,0,2,1,0,1
2015-11-30,VIRGINIA EASTERN,VIRGINIA,FOURTH CIRCUIT,1408,782,8,0,618,33,25,7,0,1,1375,757,1,617
2015-11-30,VIRGINIA WESTERN,VIRGINIA,FOURTH CIRCUIT,455,257,1,1,196,3,1,1,1,0,452,256,0,196
2015-11-30,WASHINGTON EASTERN,WASHINGTON,NINTH CIRCUIT,292,228,0,0,64,9,8,0,0,1,283,220,0,63
2015-11-30,WASHINGTON WESTERN,WASHINGTON,NINTH CIRCUIT,1088,780,15,0,292,32,19,12,0,1,1056,761,3,291
2015-11-30,WEST VIRGINIA NORTHERN,WEST VIRGINIA,FOURTH CIRCUIT,115,98,2,0,15,6,4,2,0,0,109,94,0,15
2015-11-30,WEST VIRGINIA SOUTHERN,WEST VIRGINIA,FOURTH CIRCUIT,147,131,1,0,15,3,2,1,0,0,144,129,0,15
2015-11-30,WISCONSIN EASTERN,WISCONSIN,SEVENTH CIRCUIT,911,581,0,0,330,14,11,0,0,3,897,570,0,327
2015-11-30,WISCONSIN WESTERN,WISCONSIN,SEVENTH CIRCUIT,373,307,5,0,61,13,7,5,0,1,360,300,0,60
2015-11-30,WYOMING,WYOMING,TENTH CIRCUIT,61,53,0,0,8,2,2,0,0,0,59,51,0,8
2015-12-31,ALABAMA MIDDLE,ALABAMA,ELEVENTH CIRCUIT,651,132,1,0,518,9,7,1,0,1,642,125,0,517
2015-12-31,ALABAMA NORTHERN,ALABAMA,ELEVENTH CIRCUIT,988,427,4,0,557,12,9,3,0,0,976,418,1,557
2015-12-31,ALABAMA SOUTHERN,ALABAMA,ELEVENTH CIRCUIT,296,86,1,0,209,7,5,1,0,1,289,81,0,208
2015-12-31,ALASKA,ALASKA,NINTH CIRCUIT,25,22,1,0,2,3,2,1,0,0,22,20,0,2
2015-12-31,ARIZONA,ARIZONA,NINTH CIRCUIT,1132,912,28,0,192,50,28,21,0,1,1082,884,7,191
2015-12-31,ARKANSAS EASTERN,ARKANSAS,EIGHTH CIRCUIT,608,239,0,0,369,7,7,0,0,0,601,232,0,369
2015-12-31,ARKANSAS WESTERN,ARKANSAS,EIGHTH CIRCUIT,232,117,0,2,113,10,7,0,2,1,222,110,0,112
2015-12-31,CALIFORNIA CENTRAL,CALIFORNIA,NINTH CIRCUIT,2836,1998,29,1,808,138,114,20,1,3,2698,1884,9,805
2015-12-31,CALIFORNIA EASTERN,CALIFORNIA,NINTH CIRCUIT,1062,788,6,4,264,40,22,5,4,9,1022,766,1,255
2015-12-31,CALIFORNIA NORTHERN,CALIFORNIA,NINTH CIRCUIT,790,412,11,0,367,36,20,7,0,9,754,392,4,358
2015-12-31,CALIFORNIA SOUTHERN,CALIFORNIA,NINTH CIRCUIT,557,422,3,0,132,29,26,1,0,2,528,396,2,130
2015-12-31,COLORADO,COLORADO,TENTH CIRCUIT,881,680,5,0,196,29,23,5,0,1,852,657,0,195
2015-12-31,CONNECTICUT,CONNECTICUT,SECOND CIRCUIT,435,357,4,0,74,24,18,4,0,2,411,339,0,72
2015-12-31,DELAWARE,DELAWARE,THIRD CIRCUIT,277,134,88,0,55,93,5,88,0,0,184,129,0,55
2015-12-31,DISTRICT OF COLUMBIA,DISTRICT OF COLUMBIA,DC CIRCUIT,61,43,5,0,13,10,4,5,0,1,51,39,0,12
2015-12-31,FLORIDA MIDDLE,FLORIDA,ELEVENTH CIRCUIT,1885,1225,17,4,639,78,57,11,4,6,1807,1168,6,633
2015-12-31,FLORIDA NORTHERN,FLORIDA,ELEVENTH CIRCUIT,175,135,0,0,40,7,6,0,0,1,168,129,0,39
2015-12-31,FLORIDA SOUTHERN,FLORIDA,ELEVENTH CIRCUIT,1429,727,15,0,687,55,34,13,0,8,1374,693,2,679
2015-12-31,GEORGIA MIDDLE,GEORGIA,ELEVENTH CIRCUIT,582,162,2,3,415,15,8,2,3,2,567,154,0,413
2015-12-31,GEORGIA NORTHERN,GEORGIA,ELEVENTH CIRCUIT,2296,1144,7,0,1145,49,40,7,0,2,2247,1104,0,1143
2015-12-31,GEORGIA SOUTHERN,GEORGIA,ELEVENTH CIRCUIT,560,98,1,0,461,10,6,1,0,3,550,92,0,458
2015-12-31,GUAM,GUAM,NINTH CIRCUIT,1,1,0,0,0,0,0,0,0,0,1,1,0,0
2015-12-31,HAWAII,HAWAII,NINTH CIRCUIT,109,66,2,0,41,7,3,2,0,2,102,63,0,39
2015-12-31,IDAHO,IDAHO,NINTH CIRCUIT,216,190,1,0,25,5,4,0,0,1,211,186,1,24
2015-12-31,ILLINOIS CENTRAL,ILLINOIS,SEVENTH CIRCUIT,295,229,0,0,66,6,4,0,0,2,289,225,0,64
2015-12-31,ILLINOIS NORTHERN,ILLINOIS,SEVENTH CIRCUIT,3268,1832,8,0,1428,56,39,8,0,9,3212,1793,0,1419
2015-12-31,ILLINOIS SOUTHERN,ILLINOIS,SEVENTH CIRCUIT,266,161,0,0,105,5,4,0,0,1,261,157,0,104
2015-12-31,INDIANA NORTHERN,INDIANA,SEVENTH CIRCUIT,627,424,3,0,200,17,15,2,0,0,610,409,1,200
2015-12-31,INDIANA SOUTHERN,INDIANA,SEVENTH CIRCUIT,926,579,3,0,344,18,13,3,0,2,908,566,0,342
2015-12-31,IOWA NORTHERN,IOWA,EIGHTH CIRCUIT,107,101,0,0,6,8,8,0,0,0,99,93,0,6
2015-12-31,IOWA SOUTHERN,IOWA,EIGHTH CIRCUIT,157,130,0,4,23,9,5,0,4,0,148,125,0,23
2015-12-31,KANSAS,KANSAS,TENTH CIRCUIT,387,195,1,0,191,12,7,1,0,4,375,188,0,187
2015-12-31,KENTUCKY EASTERN,KENTUCKY,SIXTH CIRCUIT,498,342,1,0,155,9,7,1,0,1,489,335,0,154
2015-12-31,KENTUCKY WESTERN,KENTUCKY,SIXTH CIRCUIT,462,307,3,0,152,6,3,3,0,0,456,304,0,152
2015-12-31,LOUISIANA EASTERN,LOUISIANA,FIFTH CIRCUIT,217,92,4,0,121,7,3,4,0,0,210,89,0,121
2015-12-31,LOUISIANA MIDDLE,LOUISIANA,FIFTH CIRCUIT,110,57,0,0,53,1,1,0,0,0,109,56,0,53
2015-12-31,LOUISIANA WESTERN,LOUISIANA,FIFTH CIRCUIT,680,111,3,0,566,10,7,3,0,0,670,104,0,566
2015-12-31,MAINE,MAINE,FIRST CIRCUIT,94,73,0,1,20,11,8,0,1,2,83,65,0,18
2015-12-31,MARYLAND,MARYLAND,FOURTH CIRCUIT,1255,819,13,0,423,35,23,8,0,4,1220,796,5,419
2015-12-31,MASSACHUSETTS,MASSACHUSETTS,FIRST CIRCUIT,654,446,6,0,202,36,26,5,0,5,618,420,1,197
2015-12-31,MICHIGAN EASTERN,MICHIGAN,SIXTH CIRCUIT,1654,1238,6,0,410,22,11,6,0,5,1632,1227,0,405
2015-12-31,MICHIGAN WESTERN,MICHIGAN,SIXTH CIRCUIT,467,359,1,0,107,12,10,1,0,1,455,349,0,106
2015-12-31,MINNESOTA,MINNESOTA,EIGHTH CIRCUIT,652,538,5,1,108,29,19,5,1,4,623,519,0,104
2015-12-31,MISSISSIPPI NORTHERN,MISSISSIPPI,FIFTH CIRCUIT,317,137,0,1,179,5,3,0,1,1,312,134,0,178
2015-12-31,MISSISSIPPI SOUTHERN,MISSISSIPPI,FIFTH CIRCUIT,463,215,4,0,244,11,7,3,0,1,452,208,1,243
2015-12-31,MISSOURI EASTERN,MISSOURI,EIGHTH CIRCUIT,673,385,0,0,288,12,10,0,0,2,661,375,0,286
2015-12-31,MISSOURI WESTERN,MISSOURI,EIGHTH CIRCUIT,525,343,0,0,182,10,7,0,0,3,515,336,0,179
2015-12-31,MONTANA,MONTANA,NINTH CIRCUIT,76,55,1,1,19,2,0,1,1,0,74,55,0,19
2015-12-31,NEBRASKA,NEBRASKA,EIGHTH CIRCUIT,283,181,1,3,98,18,8,1,3,6,265,173,0,92
2015-12-31,NEVADA,NEVADA,NINTH CIRCUIT,633,486,16,0,131,23,13,7,0,3,610,473,9,128
2015-12-31,NEW HAMPSHIRE,NEW HAMPSHIRE,FIRST CIRCUIT,132,103,0,0,29,13,10,0,0,3,119,93,0,26
2015-12-31,NEW JERSEY,NEW JERSEY,THIRD CIRCUIT,1791,1211,14,0,566,49,31,12,0,6,1742,1180,2,560
2015-12-31,NEW MEXICO,NEW MEXICO,TENTH CIRCUIT,227,193,1,0,33,6,4,1,0,1,221,189,0,32
2015-12-31,NEW YORK EASTERN,NEW YORK,SECOND CIRCUIT,714,537,13,0,164,36,25,11,0,0,678,512,2,164
2015-12-31,NEW YORK NORTHERN,NEW YORK,SECOND CIRCUIT,352,282,1,1,68,4,3,0,1,0,348,279,1,68
2015-12-31,NEW YORK SOUTHERN,NEW YORK,SECOND CIRCUIT,461,342,13,0,105,27,13,11,0,2,434,329,2,103
2015-12-31,NEW YORK WESTERN,NEW YORK,SECOND CIRCUIT,269,186,7,0,76,17,8,7,0,2,252,178,0,74
2015-12-31,NORTH CAROLINA EASTERN,NORTH CAROLINA,FOURTH CIRCUIT,356,116,3,0,237,15,10,3,0,2,341,106,0,235
2015-12-31,NORTH CAROLINA MIDDLE,NORTH CAROLINA,FOURTH CIRCUIT,271,102,0,0,169,7,7,0,0,0,264,95,0,169
2015-12-31,NORTH CAROLINA WESTERN,NORTH CAROLINA,FOURTH CIRCUIT,290,145,7,0,138,9,4,5,0,0,281,141,2,138
2015-12-31,NORTH DAKOTA,NORTH DAKOTA,EIGHTH CIRCUIT,45,38,1,0,6,1,0,1,0,0,44,38,0,6
2015-12-31,NORTHERN MARIANAS,NORTHERN MARIANA ISLANDS,NINTH CIRCUIT,3,2,1,0,0,2,1,1,0,0,1,1,0,0
2015-12-31,OHIO NORTHERN,OHIO,SIXTH CIRCUIT,1285,1017,8,0,260,32,18,7,0,7,1253,999,1,253
2015-12-31,OHIO SOUTHERN,OHIO,SIXTH CIRCUIT,1165,734,1,0,430,25,18,1,0,6,1140,716,0,424
2015-12-31,OKLAHOMA EASTERN,OKLAHOMA,TENTH CIRCUIT,75,70,1,0,4,2,1,1,0,0,73,69,0,4
2015-12-31,OKLAHOMA NORTHERN,OKLAHOMA,TENTH CIRCUIT,154,142,0,0,12,6,6,0,0,0,148,136,0,12
2015-12-31,OKLAHOMA WESTERN,OKLAHOMA,TENTH CIRCUIT,314,239,0,0,75,13,12,0,0,1,301,227,0,74
2015-12-31,OREGON,OREGON,NINTH CIRCUIT,692,550,1,0,141,16,12,1,0,3,676,538,0,138
2015-12-31,PENNSYLVANIA EASTERN,PENNSYLVANIA,THIRD CIRCUIT,682,369,7,0,306,16,9,7,0,0,666,360,0,306
2015-12-31,PENNSYLVANIA MIDDLE,PENNSYLVANIA,THIRD CIRCUIT,365,195,3,0,167,20,12,3,0,5,345,183,0,162
2015-12-31,PENNSYLVANIA WESTERN,PENNSYLVANIA,THIRD CIRCUIT,517,326,8,0,183,31,16,8,0,7,486,310,0,176
2015-12-31,PUERTO RICO,PUERTO RICO,FIRST CIRCUIT,910,390,34,0,486,50,11,34,0,5,860,379,0,481
2015-12-31,RHODE ISLAND,RHODE ISLAND,FIRST CIRCUIT,167,122,0,0,45,6,5,0,0,1,161,117,0,44
2015-12-31,SOUTH CAROLINA,SOUTH CAROLINA,FOURTH CIRCUIT,501,191,1,0,309,13,10,0,0,3,488,181,1,306
2015-12-31,SOUTH DAKOTA,SOUTH DAKOTA,EIGHTH CIRCUIT,51,43,0,0,8,0,0,0,0,0,51,43,0,8
2015-12-31,TENNESSEE EASTERN,TENNESSEE,SIXTH CIRCUIT,791,388,4,2,397,13,10,1,2,0,778,378,3,397
2015-12-31,TENNESSEE MIDDLE,TENNESSEE,SIXTH CIRCUIT,687,307,5,0,375,14,7,5,0,2,673,300,0,373
2015-12-31,TENNESSEE WESTERN,TENNESSEE,SIXTH CIRCUIT,1173,236,1,0,936,11,7,1,0,3,1162,229,0,933
2015-12-31,TEXAS EASTERN,TEXAS,FIFTH CIRCUIT,323,147,3,0,173,23,17,3,0,3,300,130,0,170
2015-12-31,TEXAS NORTHERN,TEXAS,FIFTH CIRCUIT,835,301,11,0,523,50,27,11,0,12,785,274,0,511
2015-12-31,TEXAS SOUTHERN,TEXAS,FIFTH CIRCUIT,536,213,8,0,315,29,19,6,0,4,507,194,2,311
2015-12-31,TEXAS WESTERN,TEXAS,FIFTH CIRCUIT,523,252,24,0,247,54,27,24,0,3,469,225,0,244
2015-12-31,UTAH,UTAH,TENTH CIRCUIT,733,397,2,0,334,17,11,2,0,4,716,386,0,330
2015-12-31,VERMONT,VERMONT,SECOND CIRCUIT,36,32,0,0,4,2,1,0,0,1,34,31,0,3
2015-12-31,VIRGIN ISLANDS,VIRGIN ISLANDS,THIRD CIRCUIT,3,2,0,0,1,0,0,0,0,0,3,2,0,1
2015-12-31,VIRGINIA EASTERN,VIRGINIA,FOURTH CIRCUIT,1277,681,8,0,588,27,21,5,0,1,1250,660,3,587
2015-12-31,VIRGINIA WESTERN,VIRGINIA,FOURTH CIRCUIT,361,217,1,0,143,7,5,1,0,1,354,212,0,142
2015-12-31,WASHINGTON EASTERN,WASHINGTON,NINTH CIRCUIT,266,207,1,0,58,4,3,1,0,0,262,204,0,58
2015-12-31,WASHINGTON WESTERN,WASHINGTON,NINTH CIRCUIT,902,639,10,0,253,28,19,7,0,2,874,620,3,251
2015-12-31,WEST VIRGINIA NORTHERN,WEST VIRGINIA,FOURTH CIRCUIT,74,60,2,0,12,5,3,2,0,0,69,57,0,12
2015-12-31,WEST VIRGINIA SOUTHERN,WEST VIRGINIA,FOURTH CIRCUIT,136,117,3,0,16,4,1,3,0,0,132,116,0,16
2015-12-31,WISCONSIN EASTERN,WISCONSIN,SEVENTH CIRCUIT,826,499,5,0,322,20,13,5,0,2,806,486,0,320
2015-12-31,WISCONSIN WESTERN,WISCONSIN,SEVENTH CIRCUIT,319,266,0,0,53,9,8,0,0,1,310,258,0,52
2015-12-31,WYOMING,WYOMING,TENTH CIRCUIT,41,34,0,0,5,4,2,0,0,0,37,32,0,5
2016-01-31,ALABAMA MIDDLE,ALABAMA,ELEVENTH CIRCUIT,569,104,5,0,460,9,4,5,0,0,560,100,0,460
2016-01-31,ALABAMA NORTHERN,ALABAMA,ELEVENTH CIRCUIT,890,422,2,0,466,15,13,2,0,0,875,409,0,466
2016-01-31,ALABAMA SOUTHERN,ALABAMA,ELEVENTH CIRCUIT,281,66,1,0,214,1,1,0,0,0,280,65,1,214
2016-01-31,ALASKA,ALASKA,NINTH CIRCUIT,17,14,0,0,3,1,1,0,0,0,16,13,0,3
2016-01-31,ARIZONA,ARIZONA,NINTH CIRCUIT,898,707,10,1,180,34,26,6,1,1,864,681,4,179
2016-01-31,ARKANSAS EASTERN,ARKANSAS,EIGHTH CIRCUIT,514,189,1,0,324,9,7,1,0,1,505,182,0,323
2016-01-31,ARKANSAS WESTERN,ARKANSAS,EIGHTH CIRCUIT,234,120,3,0,111,10,7,2,0,1,224,113,1,110
2016-01-31,CALIFORNIA CENTRAL,CALIFORNIA,NINTH CIRCUIT,2975,2074,35,1,865,126,93,17,1,15,2849,1981,18,850
2016-01-31,CALIFORNIA EASTERN,CALIFORNIA,NINTH CIRCUIT,975,721,3,2,248,33,21,3,2,6,942,700,0,242
2016-01-31,CALIFORNIA NORTHERN,CALIFORNIA,NINTH CIRCUIT,793,361,12,0,420,45,23,6,0,16,748,338,6,404
2016-01-31,CALIFORNIA SOUTHERN,CALIFORNIA,NINTH CIRCUIT,557,424,2,0,131,24,18,2,0,4,533,406,0,127
2016-01-31,COLORADO,COLORADO,TENTH CIRCUIT,828,618,6,0,204,29,21,6,0,2,799,597,0,202
2016-01-31,CONNECTICUT,CONNECTICUT,SECOND CIRCUIT,475,362,14,0,99,28,13,12,0,3,447,349,2,96
2016-01-31,DELAWARE,DELAWARE,THIRD CIRCUIT,246,102,78,0,56,90,2,78,0,0,156,100,0,56
2016-01-31,DISTRICT OF COLUMBIA,DISTRICT OF COLUMBIA,DC CIRCUIT,31,26,0,0,5,4,4,0,0,0,27,22,0,5
2016-01-31,FLORIDA MIDDLE,FLORIDA,ELEVENTH CIRCUIT,1874,1147,25,2,700,71,48,20,2,1,1803,1099,5,699
2016-01-31,FLORIDA NORTHERN,FLORIDA,ELEVENTH CIRCUIT,175,126,5,0,44,16,10,5,0,1,159,116,0,43
2016-01-31,FLORIDA SOUTHERN,FLORIDA,ELEVENTH CIRCUIT,1556,717,32,1,806,60,30,24,1,5,1496,687,8,801
2016-01-31,GEORGIA MIDDLE,GEORGIA,ELEVENTH CIRCUIT,607,164,1,1,441,14,10,1,1,2,593,154,0,439
2016-01-31,GEORGIA NORTHERN,GEORGIA,ELEVENTH CIRCUIT,2457,1180,11,0,1266,51,41,10,0,0,2406,1139,1,1266
2016-01-31,GEORGIA SOUTHERN,GEORGIA,ELEVENTH CIRCUIT,520,85,2,2,431,11,5,2,2,2,509,80,0,429
2016-01-31,GUAM,GUAM,NINTH CIRCUIT,14,10,0,0,4,1,1,0,0,0,13,9,0,4
2016-01-31,HAWAII,HAWAII,NINTH CIRCUIT,97,69,2,0,26,4,2,2,0,0,93,67,0,26
2016-01-31,IDAHO,IDAHO,NINTH CIRCUIT,225,192,2,0,31,8,6,1,0,1,217,186,1,30
2016-01-31,ILLINOIS CENTRAL,ILLINOIS,SEVENTH CIRCUIT,316,255,0,0,61,8,6,0,0,2,308,249,0,59
2016-01-31,ILLINOIS NORTHERN,ILLINOIS,SEVENTH CIRCUIT,3299,1813,8,0,1478,65,53,8,0,4,3234,1760,0,1474
2016-01-31,ILLINOIS SOUTHERN,ILLINOIS,SEVENTH CIRCUIT,246,144,2,0,100,6,3,2,0,1,240,141,0,99
2016-01-31,INDIANA NORTHERN,INDIANA,SEVENTH CIRCUIT,487,297,13,2,175,29,11,13,2,3,458,286,0,172
2016-01-31,INDIANA SOUTHERN,INDIANA,SEVENTH CIRCUIT,808,445,3,1,359,22,16,3,1,2,786,429,0,357
2016-01-31,IOWA NORTHERN,IOWA,EIGHTH CIRCUIT,86,74,0,0,12,1,1,0,0,0,85,73,0,12
2016-01-31,IOWA SOUTHERN,IOWA,EIGHTH CIRCUIT,153,131,0,0,22,5,5,0,0,0,148,126,0,22
2016-01-31,KANSAS,KANSAS,TENTH CIRCUIT,344,172,0,2,170,18,13,0,2,3,326,159,0,167
2016-01-31,KENTUCKY EASTERN,KENTUCKY,SIXTH CIRCUIT,458,303,1,0,154,10,6,1,0,3,448,297,0,151
2016-01-31,KENTUCKY WESTERN,KENTUCKY,SIXTH CIRCUIT,440,281,0,1,158,5,4,0,1,0,435,277,0,158
2016-01-31,LOUISIANA EASTERN,LOUISIANA,FIFTH CIRCUIT,194,78,0,0,116,7,7,0,0,0,187,71,0,116
2016-01-31,LOUISIANA MIDDLE,LOUISIANA,FIFTH CIRCUIT,114,44,0,0,70,0,0,0,0,0,114,44,0,70
2016-01-31,LOUISIANA WESTERN,LOUISIANA,FIFTH CIRCUIT,660,107,2,2,549,9,3,1,2,3,651,104,1,546
2016-01-31,MAINE,MAINE,FIRST CIRCUIT,96,68,3,1,24,14,8,2,1,3,82,60,1,21
2016-01-31,MARYLAND,MARYLAND,FOURTH CIRCUIT,1083,668,8,0,407,27,16,2,0,9,1056,652,6,398
2016-01-31,MASSACHUSETTS,MASSACHUSETTS,FIRST CIRCUIT,598,413,8,0,177,35,31,4,0,0,563,382,4,177
2016-01-31,MICHIGAN EASTERN,MICHIGAN,SIXTH CIRCUIT,1641,1223,6,1,411,23,15,5,1,2,1618,1208,1,409
2016-01-31,MICHIGAN WESTERN,MICHIGAN,SIXTH CIRCUIT,465,354,3,0,108,16,13,3,0,0,449,341,0,108
2016-01-31,MINNESOTA,MINNESOTA,EIGHTH CIRCUIT,668,564,3,0,101,25,20,3,0,2,643,544,0,99
2016-01-31,MISSISSIPPI NORTHERN,MISSISSIPPI,FIFTH CIRCUIT,317,135,0,0,182,6,5,0,0,1,311,130,0,181
2016-01-31,MISSISSIPPI SOUTHERN,MISSISSIPPI,FIFTH CIRCUIT,423,214,1,0,208,12,12,0,0,0,411,202,1,208
2016-01-31,MISSOURI EASTERN,MISSOURI,EIGHTH CIRCUIT,741,377,72,0,292,86,12,72,0,2,655,365,0,290
2016-01-31,MISSOURI WESTERN,MISSOURI,EIGHTH CIRCUIT,440,262,1,0,177,11,8,1,0,2,429,254,0,175
2016-01-31,MONTANA,MONTANA,NINTH CIRCUIT,61,43,1,1,16,4,1,1,1,1,57,42,0,15
2016-01-31,NEBRASKA,NEBRASKA,EIGHTH CIRCUIT,277,169,0,1,106,7,5,0,1,0,270,164,0,106
2016-01-31,NEVADA,NEVADA,NINTH CIRCUIT,616,448,13,0,155,41,29,10,0,2,575,419,3,153
2016-01-31,NEW HAMPSHIRE,NEW HAMPSHIRE,FIRST CIRCUIT,133,97,2,0,34,14,10,2,0,2,119,87,0,32
2016-01-31,NEW JERSEY,NEW JERSEY,THIRD CIRCUIT,1850,1195,22,1,632,79,53,17,1,8,1771,1142,5,624
2016-01-31,NEW MEXICO,NEW MEXICO,TENTH CIRCUIT,209,192,1,0,16,10,8,1,0,1,199,184,0,15
2016-01-31,NEW YORK EASTERN,NEW YORK,SECOND CIRCUIT,834,577,25,0,232,41,19,21,0,1,793,558,4,231
2016-01-31,NEW YORK NORTHERN,NEW YORK,SECOND CIRCUIT,388,291,2,3,92,10,3,2,3,2,378,288,0,90
2016-01-31,NEW YORK SOUTHERN,NEW YORK,SECOND CIRCUIT,530,372,29,0,129,53,21,29,0,3,477,351,0,126
2016-01-31,NEW YORK WESTERN,NEW YORK,SECOND CIRCUIT,293,204,1,1,87,23,17,1,1,4,270,187,0,83
2016-01-31,NORTH CAROLINA EASTERN,NORTH CAROLINA,FOURTH CIRCUIT,467,132,5,0,330,11,2,5,0,4,456,130,0,326
2016-01-31,NORTH CAROLINA MIDDLE,NORTH CAROLINA,FOURTH CIRCUIT,256,92,1,0,163,9,8,0,0,1,247,84,1,162
2016-01-31,NORTH CAROLINA WESTERN,NORTH CAROLINA,FOURTH CIRCUIT,253,117,1,0,135,6,4,1,0,1,247,113,0,134
2016-01-31,NORTH DAKOTA,NORTH DAKOTA,EIGHTH CIRCUIT,44,40,0,0,4,1,1,0,0,0,43,39,0,4
2016-01-31,NORTHERN MARIANAS,NORTHERN MARIANA ISLANDS,NINTH CIRCUIT,0,0,0,0,0,0,0,0,0,0,0,0,0,0
2016-01-31,OHIO NORTHERN,OHIO,SIXTH CIRCUIT,1132,881,2,0,249,19,12,2,0,5,1113,869,0,244
2016-01-31,OHIO SOUTHERN,OHIO,SIXTH CIRCUIT,1147,686,1,0,460,22,18,0,0,4,1125,668,1,456
2016-01-31,OKLAHOMA EASTERN,OKLAHOMA,TENTH CIRCUIT,71,61,0,1,9,4,3,0,1,0,67,58,0,9
2016-01-31,OKLAHOMA NORTHERN,OKLAHOMA,TENTH CIRCUIT,166,148,0,0,18,5,5,0,0,0,161,143,0,18
2016-01-31,OKLAHOMA WESTERN,OKLAHOMA,TENTH CIRCUIT,288,196,8,0,84,15,6,8,0,1,273,190,0,83
2016-01-31,OREGON,OREGON,NINTH CIRCUIT,619,469,5,0,145,25,13,5,0,7,594,456,0,138
2016-01-31,PENNSYLVANIA EASTERN,PENNSYLVANIA,THIRD CIRCUIT,662,331,5,0,326,23,18,3,0,2,639,313,2,324
2016-01-31,PENNSYLVANIA MIDDLE,PENNSYLVANIA,THIRD CIRCUIT,381,218,2,0,161,12,6,2,0,4,369,212,0,157
2016-01-31,PENNSYLVANIA WESTERN,PENNSYLVANIA,THIRD CIRCUIT,467,278,7,1,181,22,15,5,1,1,445,263,2,180
2016-01-31,PUERTO RICO,PUERTO RICO,FIRST CIRCUIT,739,296,26,4,413,36,4,24,4,4,703,292,2,409
2016-01-31,RHODE ISLAND,RHODE ISLAND,FIRST CIRCUIT,182,140,1,0,41,6,5,0,0,1,176,135,1,40
2016-01-31,SOUTH CAROLINA,SOUTH CAROLINA,FOURTH CIRCUIT,436,178,2,0,256,16,13,2,0,1,420,165,0,255
2016-01-31,SOUTH DAKOTA,SOUTH DAKOTA,EIGHTH CIRCUIT,57,53,0,0,4,1,1,0,0,0,56,52,0,4
2016-01-31,TENNESSEE EASTERN,TENNESSEE,SIXTH CIRCUIT,782,358,16,1,407,25,7,15,1,2,757,351,1,405
2016-01-31,TENNESSEE MIDDLE,TENNESSEE,SIXTH CIRCUIT,627,296,5,0,326,9,5,3,0,1,618,291,2,325
2016-01-31,TENNESSEE WESTERN,TENNESSEE,SIXTH CIRCUIT,1155,232,1,0,922,12,9,0,0,3,1143,223,1,919
2016-01-31,TEXAS EASTERN,TEXAS,FIFTH CIRCUIT,326,124,5,0,197,24,17,5,0,2,302,107,0,195
2016-01-31,TEXAS NORTHERN,TEXAS,FIFTH CIRCUIT,995,366,13,1,615,54,34,13,1,6,941,332,0,609
2016-01-31,TEXAS SOUTHERN,TEXAS,FIFTH CIRCUIT,707,184,11,0,512,41,26,11,0,4,666,158,0,508
2016-01-31,TEXAS WESTERN,TEXAS,FIFTH CIRCUIT,597,250,13,0,334,48,30,13,0,5,549,220,0,329
2016-01-31,UTAH,UTAH,TENTH CIRCUIT,682,326,0,0,356,18,13,0,0,5,664,313,0,351
2016-01-31,VERMONT,VERMONT,SECOND CIRCUIT,37,35,0,0,2,2,2,0,0,0,35,33,0,2
2016-01-31,VIRGIN ISLANDS,VIRGIN ISLANDS,THIRD CIRCUIT,0,0,0,0,0,0,0,0,0,0,0,0,0,0
2016-01-31,VIRGINIA EASTERN,VIRGINIA,FOURTH CIRCUIT,1162,593,6,0,563,26,17,5,0,4,1136,576,1,559
2016-01-31,VIRGINIA WESTERN,VIRGINIA,FOURTH CIRCUIT,353,196,0,1,156,4,3,0,1,0,349,193,0,156
2016-01-31,WASHINGTON EASTERN,WASHINGTON,NINTH CIRCUIT,292,217,2,0,73,9,6,1,0,2,283,211,1,71
2016-01-31,WASHINGTON WESTERN,WASHINGTON,NINTH CIRCUIT,926,647,8,0,271,26,18,5,0,3,900,629,3,268
2016-01-31,WEST VIRGINIA NORTHERN,WEST VIRGINIA,FOURTH CIRCUIT,62,50,1,0,11,2,1,1,0,0,60,49,0,11
2016-01-31,WEST VIRGINIA SOUTHERN,WEST VIRGINIA,FOURTH CIRCUIT,143,132,1,0,10,5,3,1,0,1,138,129,0,9
2016-01-31,WISCONSIN EASTERN,WISCONSIN,SEVENTH CIRCUIT,778,481,1,0,296,16,12,1,0,3,762,469,0,293
2016-01-31,WISCONSIN WESTERN,WISCONSIN,SEVENTH CIRCUIT,276,216,1,0,59,13,12,1,0,0,263,204,0,59
2016-01-31,WYOMING,WYOMING,TENTH CIRCUIT,56,45,1,0,10,4,3,1,0,0,52,42,0,10
2016-02-29,ALABAMA MIDDLE,ALABAMA,ELEVENTH CIRCUIT,677,180,0,0,497,3,2,0,0,1,674,178,0,496
2016-02-29,ALABAMA NORTHERN,ALABAMA,ELEVENTH CIRCUIT,1280,712,2,0,566,16,12,1,0,3,1264,700,1,563
2016-02-29,ALABAMA SOUTHERN,ALABAMA,ELEVENTH CIRCUIT,378,102,4,0,272,4,0,4,0,0,374,102,0,272
2016-02-29,ALASKA,ALASKA,NINTH CIRCUIT,31,25,1,0,5,3,2,1,0,0,28,23,0,5
2016-02-29,ARIZONA,ARIZONA,NINTH CIRCUIT,1122,897,15,0,210,33,22,9,0,2,1089,875,6,208
2016-02-29,ARKANSAS EASTERN,ARKANSAS,EIGHTH CIRCUIT,602,275,3,0,324,8,5,3,0,0,594,270,0,324
2016-02-29,ARKANSAS WESTERN,ARKANSAS,EIGHTH CIRCUIT,276,159,1,0,116,10,8,1,0,1,266,151,0,115
2016-02-29,CALIFORNIA CENTRAL,CALIFORNIA,NINTH CIRCUIT,3470,2560,33,1,876,135,108,20,1,6,3335,2452,13,870
2016-02-29,CALIFORNIA EASTERN,CALIFORNIA,NINTH CIRCUIT,1177,881,7,2,287,44,30,5,2,7,1133,851,2,280
2016-02-29,CALIFORNIA NORTHERN,CALIFORNIA,NINTH CIRCUIT,830,441,15,0,374,53,33,12,0,8,777,408,3,366
2016-02-29,CALIFORNIA SOUTHERN,CALIFORNIA,NINTH CIRCUIT,644,515,5,0,124,26,18,2,0,6,618,497,3,118
2016-02-29,COLORADO,COLORADO,TENTH CIRCUIT,955,739,8,0,208,39,28,7,0,4,916,711,1,204
2016-02-29,CONNECTICUT,CONNECTICUT,SECOND CIRCUIT,451,331,5,1,114,18,12,4,1,1,433,319,1,113
2016-02-29,DELAWARE,DELAWARE,THIRD CIRCUIT,288,143,100,0,45,109,9,100,0,0,179,134,0,45
2016-02-29,DISTRICT OF COLUMBIA,DISTRICT OF COLUMBIA,DC CIRCUIT,62,50,2,0,10,3,1,2,0,0,59,49,0,10
2016-02-29,FLORIDA MIDDLE,FLORIDA,ELEVENTH CIRCUIT,2109,1400,22,0,687,88,62,15,0,11,2021,1338,7,676
2016-02-29,FLORIDA NORTHERN,FLORIDA,ELEVENTH CIRCUIT,200,163,2,1,34,10,7,2,1,0,190,156,0,34
2016-02-29,FLORIDA SOUTHERN,FLORIDA,ELEVENTH CIRCUIT,1531,760,22,0,749,49,30,17,0,2,1482,730,5,747
2016-02-29,GEORGIA MIDDLE,GEORGIA,ELEVENTH CIRCUIT,745,250,3,1,491,16,9,3,1,3,729,241,0,488
2016-02-29,GEORGIA NORTHERN,GEORGIA,ELEVENTH CIRCUIT,2936,1505,5,0,1426,65,57,5,0,3,2871,1448,0,1423
2016-02-29,GEORGIA SOUTHERN,GEORGIA,ELEVENTH CIRCUIT,663,164,4,2,493,14,7,4,2,1,649,157,0,492
2016-02-29,GUAM,GUAM,NINTH CIRCUIT,10,10,0,0,0,1,1,0,0,0,9,9,0,0
2016-02-29,HAWAII,HAWAII,NINTH CIRCUIT,111,64,3,0,44,4,1,3,0,0,107,63,0,44
2016-02-29,IDAHO,IDAHO,NINTH CIRCUIT,255,216,3,0,36,8,5,3,0,0,247,211,0,36
2016-02-29,ILLINOIS CENTRAL,ILLINOIS,SEVENTH CIRCUIT,470,383,1,0,86,12,9,1,0,2,458,374,0,84
2016-02-29,ILLINOIS NORTHERN,ILLINOIS,SEVENTH CIRCUIT,4441,2478,14,0,1946,71,47,13,0,8,4370,2431,1,1938
2016-02-29,ILLINOIS SOUTHERN,ILLINOIS,SEVENTH CIRCUIT,281,192,0,0,89,8,8,0,0,0,273,184,0,89
2016-02-29,INDIANA NORTHERN,INDIANA,SEVENTH CIRCUIT,673,471,2,0,200,11,8,2,0,1,662,463,0,199
2016-02-29,INDIANA SOUTHERN,INDIANA,SEVENTH CIRCUIT,1148,758,2,1,387,20,15,2,1,2,1128,743,0,385
2016-02-29,IOWA NORTHERN,IOWA,EIGHTH CIRCUIT,97,90,0,0,7,8,8,0,0,0,89,82,0,7
2016-02-29,IOWA SOUTHERN,IOWA,EIGHTH CIRCUIT,213,182,0,1,30,11,8,0,1,2,202,174,0,28
2016-02-29,KANSAS,KANSAS,TENTH CIRCUIT,397,228,1,0,168,6,5,0,0,1,391,223,1,167
2016-02-29,KENTUCKY EASTERN,KENTUCKY,SIXTH CIRCUIT,673,466,1,2,204,10,5,1,2,2,663,461,0,202
2016-02-29,KENTUCKY WESTERN,KENTUCKY,SIXTH CIRCUIT,669,451,2,0,216,7,4,2,0,1,662,447,0,215
2016-02-29,LOUISIANA EASTERN,LOUISIANA,FIFTH CIRCUIT,235,94,1,0,140,13,11,1,0,1,222,83,0,139
2016-02-29,LOUISIANA MIDDLE,LOUISIANA,FIFTH CIRCUIT,146,71,2,0,73,3,2,1,0,0,143,69,1,73
2016-02-29,LOUISIANA WESTERN,LOUISIANA,FIFTH CIRCUIT,706,151,3,0,552,18,13,3,0,2,688,138,0,550
2016-02-29,MAINE,MAINE,FIRST CIRCUIT,101,76,1,1,23,8,5,0,1,2,93,71,1,21
2016-02-29,MARYLAND,MARYLAND,FOURTH CIRCUIT,1514,1007,12,0,495,29,17,9,0,3,1485,990,3,492
2016-02-29,MASSACHUSETTS,MASSACHUSETTS,FIRST CIRCUIT,664,463,7,0,194,39,33,5,0,1,625,430,2,193
2016-02-29,MICHIGAN EASTERN,MICHIGAN,SIXTH CIRCUIT,2240,1697,20,2,521,55,30,20,2,3,2185,1667,0,518
2016-02-29,MICHIGAN WESTERN,MICHIGAN,SIXTH CIRCUIT,653,521,4,1,127,13,7,4,1,1,640,514,0,126
2016-02-29,MINNESOTA,MINNESOTA,EIGHTH CIRCUIT,809,685,0,1,123,24,22,0,1,1,785,663,0,122
2016-02-29,MISSISSIPPI NORTHERN,MISSISSIPPI,FIFTH CIRCUIT,426,173,3,0,250,12,7,3,0,2,414,166,0,248
2016-02-29,MISSISSIPPI SOUTHERN,MISSISSIPPI,FIFTH CIRCUIT,626,343,8,0,275,22,12,8,0,2,604,331,0,273
2016-02-29,MISSOURI EASTERN,MISSOURI,EIGHTH CIRCUIT,848,540,19,0,289,30,10,19,0,1,818,530,0,288
2016-02-29,MISSOURI WESTERN,MISSOURI,EIGHTH CIRCUIT,586,410,2,0,174,10,7,2,0,1,576,403,0,173
2016-02-29,MONTANA,MONTANA,NINTH CIRCUIT,111,96,0,0,15,8,7,0,0,1,103,89,0,14
2016-02-29,NEBRASKA,NEBRASKA,EIGHTH CIRCUIT,316,219,2,0,95,12,8,2,0,2,304,211,0,93
2016-02-29,NEVADA,NEVADA,NINTH CIRCUIT,726,557,14,0,155,17,8,7,0,2,709,549,7,153
2016-02-29,NEW HAMPSHIRE,NEW HAMPSHIRE,FIRST CIRCUIT,133,103,2,0,28,12,10,2,0,0,121,93,0,28
2016-02-29,NEW JERSEY,NEW JERSEY,THIRD CIRCUIT,2039,1346,16,0,677,70,52,14,0,4,1969,1294,2,673
2016-02-29,NEW MEXICO,NEW MEXICO,TENTH CIRCUIT,269,235,4,0,30,13,8,3,0,2,256,227,1,28
2016-02-29,NEW YORK EASTERN,NEW YORK,SECOND CIRCUIT,829,623,14,0,192,38,26,11,0,1,791,597,3,191
2016-02-29,NEW YORK NORTHERN,NEW YORK,SECOND CIRCUIT,528,399,1,2,126,17,11,1,2,3,511,388,0,123
2016-02-29,NEW YORK SOUTHERN,NEW YORK,SECOND CIRCUIT,607,451,25,0,130,55,30,23,0,1,552,421,2,129
2016-02-29,NEW YORK WESTERN,NEW YORK,SECOND CIRCUIT,310,209,3,1,97,10,7,2,1,0,300,202,1,97
2016-02-29,NORTH CAROLINA EASTERN,NORTH CAROLINA,FOURTH CIRCUIT,589,196,3,1,389,17,10,3,1,3,572,186,0,386
2016-02-29,NORTH CAROLINA MIDDLE,NORTH CAROLINA,FOURTH CIRCUIT,332,138,0,0,194,11,10,0,0,1,321,128,0,193
2016-02-29,NORTH CAROLINA WESTERN,NORTH CAROLINA,FOURTH CIRCUIT,354,184,2,0,168,11,5,2,0,4,343,179,0,164
2016-02-29,NORTH DAKOTA,NORTH DAKOTA,EIGHTH CIRCUIT,46,39,0,1,6,2,1,0,1,0,44,38,0,6
2016-02-29,NORTHERN MARIANAS,NORTHERN MARIANA ISLANDS,NINTH CIRCUIT,2,1,0,0,1,0,0,0,0,0,2,1,0,1
2016-02-29,OHIO NORTHERN,OHIO,SIXTH CIRCUIT,1596,1258,0,0,338,20,17,0,0,3,1576,1241,0,335
2016-02-29,OHIO SOUTHERN,OHIO,SIXTH CIRCUIT,1387,924,1,0,462,23,16,1,0,6,1364,908,0,456
2016-02-29,OKLAHOMA EASTERN,OKLAHOMA,TENTH CIRCUIT,114,99,0,0,15,2,2,0,0,0,112,97,0,15
2016-02-29,OKLAHOMA NORTHERN,OKLAHOMA,TENTH CIRCUIT,185,167,0,0,18,4,4,0,0,0,181,163,0,18
2016-02-29,OKLAHOMA WESTERN,OKLAHOMA,TENTH CIRCUIT,427,340,4,0,83,13,10,3,0,0,414,330,1,83
2016-02-29,OREGON,OREGON,NINTH CIRCUIT,802,639,3,0,160,19,12,3,0,4,783,627,0,156
2016-02-29,PENNSYLVANIA EASTERN,PENNSYLVANIA,THIRD CIRCUIT,757,357,7,1,392,26,16,6,1,3,731,341,1,389
2016-02-29,PENNSYLVANIA MIDDLE,PENNSYLVANIA,THIRD CIRCUIT,453,294,6,0,153,17,8,6,0,3,436,286,0,150
2016-02-29,PENNSYLVANIA WESTERN,PENNSYLVANIA,THIRD CIRCUIT,560,378,8,3,171,26,15,7,3,1,534,363,1,170
2016-02-29,PUERTO RICO,PUERTO RICO,FIRST CIRCUIT,952,410,32,2,508,51,17,26,2,6,901,393,6,502
2016-02-29,RHODE ISLAND,RHODE ISLAND,FIRST CIRCUIT,180,148,0,0,32,6,6,0,0,0,174,142,0,32
2016-02-29,SOUTH CAROLINA,SOUTH CAROLINA,FOURTH CIRCUIT,537,199,3,1,334,15,11,3,1,0,522,188,0,334
2016-02-29,SOUTH DAKOTA,SOUTH DAKOTA,EIGHTH CIRCUIT,73,66,0,0,7,0,0,0,0,0,73,66,0,7
2016-02-29,TENNESSEE EASTERN,TENNESSEE,SIXTH CIRCUIT,969,546,2,1,420,9,5,2,1,1,960,541,0,419
2016-02-29,TENNESSEE MIDDLE,TENNESSEE,SIXTH CIRCUIT,861,508,7,0,346,17,10,6,0,1,844,498,1,345
2016-02-29,TENNESSEE WESTERN,TENNESSEE,SIXTH CIRCUIT,1340,373,3,0,964,8,4,1,0,3,1332,369,2,961
2016-02-29,TEXAS EASTERN,TEXAS,FIFTH CIRCUIT,449,171,12,0,266,26,13,11,0,2,423,158,1,264
2016-02-29,TEXAS NORTHERN,TEXAS,FIFTH CIRCUIT,1095,387,14,0,694,61,43,13,0,5,1034,344,1,689
2016-02-29,TEXAS SOUTHERN,TEXAS,FIFTH CIRCUIT,793,242,17,0,532,41,19,17,0,3,752,223,0,529
2016-02-29,TEXAS WESTERN,TEXAS,FIFTH CIRCUIT,650,272,13,0,365,37,21,12,0,4,613,251,1,361
2016-02-29,UTAH,UTAH,TENTH CIRCUIT,790,436,2,0,352,22,17,2,0,3,768,419,0,349
2016-02-29,VERMONT,VERMONT,SECOND CIRCUIT,48,40,0,0,8,6,5,0,0,1,42,35,0,7
2016-02-29,VIRGIN ISLANDS,VIRGIN ISLANDS,THIRD CIRCUIT,2,2,0,0,0,0,0,0,0,0,2,2,0,0
2016-02-29,VIRGINIA EASTERN,VIRGINIA,FOURTH CIRCUIT,1464,813,18,0,633,30,14,14,0,2,1434,799,4,631
2016-02-29,VIRGINIA WESTERN,VIRGINIA,FOURTH CIRCUIT,478,287,2,1,188,7,3,2,1,1,471,284,0,187
2016-02-29,WASHINGTON EASTERN,WASHINGTON,NINTH CIRCUIT,328,253,0,0,75,1,1,0,0,0,327,252,0,75
2016-02-29,WASHINGTON WESTERN,WASHINGTON,NINTH CIRCUIT,1108,829,8,0,271,27,20,5,0,2,1081,809,3,269
2016-02-29,WEST VIRGINIA NORTHERN,WEST VIRGINIA,FOURTH CIRCUIT,108,91,0,0,17,4,4,0,0,0,104,87,0,17
2016-02-29,WEST VIRGINIA SOUTHERN,WEST VIRGINIA,FOURTH CIRCUIT,163,137,3,0,23,10,5,3,0,2,153,132,0,21
2016-02-29,WISCONSIN EASTERN,WISCONSIN,SEVENTH CIRCUIT,979,652,4,3,320,23,14,4,3,2,956,638,0,318
2016-02-29,WISCONSIN WESTERN,WISCONSIN,SEVENTH CIRCUIT,366,306,0,0,60,14,11,0,0,3,352,295,0,57
2016-02-29,WYOMING,WYOMING,TENTH CIRCUIT,62,53,1,0,8,2,1,1,0,0,60,52,0,8
2016-03-31,ALABAMA MIDDLE,ALABAMA,ELEVENTH CIRCUIT,569,104,5,0,460,9,4,5,0,0,560,100,0,460
2016-03-31,ALABAMA NORTHERN,ALABAMA,ELEVENTH CIRCUIT,890,422,2,0,466,15,13,2,0,0,875,409,0,466
2016-03-31,ALABAMA SOUTHERN,ALABAMA,ELEVENTH CIRCUIT,281,66,1,0,214,1,1,0,0,0,280,65,1,214
2016-03-31,ALASKA,ALASKA,NINTH CIRCUIT,17,14,0,0,3,1,1,0,0,0,16,13,0,3
2016-03-31,ARIZONA,ARIZONA,NINTH CIRCUIT,898,707,10,1,180,34,26,6,1,1,864,681,4,179
2016-03-31,ARKANSAS EASTERN,ARKANSAS,EIGHTH CIRCUIT,514,189,1,0,324,9,7,1,0,1,505,182,0,323
2016-03-31,ARKANSAS WESTERN,ARKANSAS,EIGHTH CIRCUIT,234,120,3,0,111,10,7,2,0,1,224,113,1,110
2016-03-31,CALIFORNIA CENTRAL,CALIFORNIA,NINTH CIRCUIT,2975,2074,35,1,865,126,93,17,1,15,2849,1981,18,850
2016-03-31,CALIFORNIA EASTERN,CALIFORNIA,NINTH CIRCUIT,975,721,3,2,248,33,21,3,2,6,942,700,0,242
2016-03-31,CALIFORNIA NORTHERN,CALIFORNIA,NINTH CIRCUIT,793,361,12,0,420,45,23,6,0,16,748,338,6,404
2016-03-31,CALIFORNIA SOUTHERN,CALIFORNIA,NINTH CIRCUIT,557,424,2,0,131,24,18,2,0,4,533,406,0,127
2016-03-31,COLORADO,COLORADO,TENTH CIRCUIT,828,618,6,0,204,29,21,6,0,2,799,597,0,202
2016-03-31,CONNECTICUT,CONNECTICUT,SECOND CIRCUIT,475,362,14,0,99,28,13,12,0,3,447,349,2,96
2016-03-31,DELAWARE,DELAWARE,THIRD CIRCUIT,246,102,78,0,56,90,2,78,0,0,156,100,0,56
2016-03-31,DISTRICT OF COLUMBIA,DISTRICT OF COLUMBIA,DC CIRCUIT,31,26,0,0,5,4,4,0,0,0,27,22,0,5
2016-03-31,FLORIDA MIDDLE,FLORIDA,ELEVENTH CIRCUIT,1874,1147,25,2,700,71,48,20,2,1,1803,1099,5,699
2016-03-31,FLORIDA NORTHERN,FLORIDA,ELEVENTH CIRCUIT,175,126,5,0,44,16,10,5,0,1,159,116,0,43
2016-03-31,FLORIDA SOUTHERN,FLORIDA,ELEVENTH CIRCUIT,1556,717,32,1,806,60,30,24,1,5,1496,687,8,801
2016-03-31,GEORGIA MIDDLE,GEORGIA,ELEVENTH CIRCUIT,607,164,1,1,441,14,10,1,1,2,593,154,0,439
2016-03-31,GEORGIA NORTHERN,GEORGIA,ELEVENTH CIRCUIT,2457,1180,11,0,1266,51,41,10,0,0,2406,1139,1,1266
2016-03-31,GEORGIA SOUTHERN,GEORGIA,ELEVENTH CIRCUIT,520,85,2,2,431,11,5,2,2,2,509,80,0,429
2016-03-31,GUAM,GUAM,NINTH CIRCUIT,14,10,0,0,4,1,1,0,0,0,13,9,0,4
2016-03-31,HAWAII,HAWAII,NINTH CIRCUIT,97,69,2,0,26,4,2,2,0,0,93,67,0,26
2016-03-31,IDAHO,IDAHO,NINTH CIRCUIT,225,192,2,0,31,8,6,1,0,1,217,186,1,30
2016-03-31,ILLINOIS CENTRAL,ILLINOIS,SEVENTH CIRCUIT,316,255,0,0,61,8,6,0,0,2,308,249,0,59
2016-03-31,ILLINOIS NORTHERN,ILLINOIS,SEVENTH CIRCUIT,3299,1813,8,0,1478,65,53,8,0,4,3234,1760,0,1474
2016-03-31,ILLINOIS SOUTHERN,ILLINOIS,SEVENTH CIRCUIT,246,144,2,0,100,6,3,2,0,1,240,141,0,99
2016-03-31,INDIANA NORTHERN,INDIANA,SEVENTH CIRCUIT,487,297,13,2,175,29,11,13,2,3,458,286,0,172
2016-03-31,INDIANA SOUTHERN,INDIANA,SEVENTH CIRCUIT,808,445,3,1,359,22,16,3,1,2,786,429,0,357
2016-03-31,IOWA NORTHERN,IOWA,EIGHTH CIRCUIT,86,74,0,0,12,1,1,0,0,0,85,73,0,12
2016-03-31,IOWA SOUTHERN,IOWA,EIGHTH CIRCUIT,153,131,0,0,22,5,5,0,0,0,148,126,0,22
2016-03-31,KANSAS,KANSAS,TENTH CIRCUIT,344,172,0,2,170,18,13,0,2,3,326,159,0,167
2016-03-31,KENTUCKY EASTERN,KENTUCKY,SIXTH CIRCUIT,458,303,1,0,154,10,6,1,0,3,448,297,0,151
2016-03-31,KENTUCKY WESTERN,KENTUCKY,SIXTH CIRCUIT,440,281,0,1,158,5,4,0,1,0,435,277,0,158
2016-03-31,LOUISIANA EASTERN,LOUISIANA,FIFTH CIRCUIT,194,78,0,0,116,7,7,0,0,0,187,71,0,116
2016-03-31,LOUISIANA MIDDLE,LOUISIANA,FIFTH CIRCUIT,114,44,0,0,70,0,0,0,0,0,114,44,0,70
2016-03-31,LOUISIANA WESTERN,LOUISIANA,FIFTH CIRCUIT,660,107,2,2,549,9,3,1,2,3,651,104,1,546
2016-03-31,MAINE,MAINE,FIRST CIRCUIT,96,68,3,1,24,14,8,2,1,3,82,60,1,21
2016-03-31,MARYLAND,MARYLAND,FOURTH CIRCUIT,1083,668,8,0,407,27,16,2,0,9,1056,652,6,398
2016-03-31,MASSACHUSETTS,MASSACHUSETTS,FIRST CIRCUIT,598,413,8,0,177,35,31,4,0,0,563,382,4,177
2016-03-31,MICHIGAN EASTERN,MICHIGAN,SIXTH CIRCUIT,1641,1223,6,1,411,23,15,5,1,2,1618,1208,1,409
2016-03-31,MICHIGAN WESTERN,MICHIGAN,SIXTH CIRCUIT,465,354,3,0,108,16,13,3,0,0,449,341,0,108
2016-03-31,MINNESOTA,MINNESOTA,EIGHTH CIRCUIT,668,564,3,0,101,25,20,3,0,2,643,544,0,99
2016-03-31,MISSISSIPPI NORTHERN,MISSISSIPPI,FIFTH CIRCUIT,317,135,0,0,182,6,5,0,0,1,311,130,0,181
2016-03-31,MISSISSIPPI SOUTHERN,MISSISSIPPI,FIFTH CIRCUIT,423,214,1,0,208,12,12,0,0,0,411,202,1,208
2016-03-31,MISSOURI EASTERN,MISSOURI,EIGHTH CIRCUIT,741,377,72,0,292,86,12,72,0,2,655,365,0,290
2016-03-31,MISSOURI WESTERN,MISSOURI,EIGHTH CIRCUIT,440,262,1,0,177,11,8,1,0,2,429,254,0,175
2016-03-31,MONTANA,MONTANA,NINTH CIRCUIT,61,43,1,1,16,4,1,1,1,1,57,42,0,15
2016-03-31,NEBRASKA,NEBRASKA,EIGHTH CIRCUIT,277,169,0,1,106,7,5,0,1,0,270,164,0,106
2016-03-31,NEVADA,NEVADA,NINTH CIRCUIT,616,448,13,0,155,41,29,10,0,2,575,419,3,153
2016-03-31,NEW HAMPSHIRE,NEW HAMPSHIRE,FIRST CIRCUIT,133,97,2,0,34,14,10,2,0,2,119,87,0,32
2016-03-31,NEW JERSEY,NEW JERSEY,THIRD CIRCUIT,1850,1195,22,1,632,79,53,17,1,8,1771,1142,5,624
2016-03-31,NEW MEXICO,NEW MEXICO,TENTH CIRCUIT,209,192,1,0,16,10,8,1,0,1,199,184,0,15
2016-03-31,NEW YORK EASTERN,NEW YORK,SECOND CIRCUIT,834,577,25,0,232,41,19,21,0,1,793,558,4,231
2016-03-31,NEW YORK NORTHERN,NEW YORK,SECOND CIRCUIT,388,291,2,3,92,10,3,2,3,2,378,288,0,90
2016-03-31,NEW YORK SOUTHERN,NEW YORK,SECOND CIRCUIT,530,372,29,0,129,53,21,29,0,3,477,351,0,126
2016-03-31,NEW YORK WESTERN,NEW YORK,SECOND CIRCUIT,293,204,1,1,87,23,17,1,1,4,270,187,0,83
2016-03-31,NORTH CAROLINA EASTERN,NORTH CAROLINA,FOURTH CIRCUIT,467,132,5,0,330,11,2,5,0,4,456,130,0,326
2016-03-31,NORTH CAROLINA MIDDLE,NORTH CAROLINA,FOURTH CIRCUIT,256,92,1,0,163,9,8,0,0,1,247,84,1,162
2016-03-31,NORTH CAROLINA WESTERN,NORTH CAROLINA,FOURTH CIRCUIT,253,117,1,0,135,6,4,1,0,1,247,113,0,134
2016-03-31,NORTH DAKOTA,NORTH DAKOTA,EIGHTH CIRCUIT,44,40,0,0,4,1,1,0,0,0,43,39,0,4
2016-03-31,NORTHERN MARIANAS,NORTHERN MARIANA ISLANDS,NINTH CIRCUIT,0,0,0,0,0,0,0,0,0,0,0,0,0,0
2016-03-31,OHIO NORTHERN,OHIO,SIXTH CIRCUIT,1132,881,2,0,249,19,12,2,0,5,1113,869,0,244
2016-03-31,OHIO SOUTHERN,OHIO,SIXTH CIRCUIT,1147,686,1,0,460,22,18,0,0,4,1125,668,1,456
2016-03-31,OKLAHOMA EASTERN,OKLAHOMA,TENTH CIRCUIT,71,61,0,1,9,4,3,0,1,0,67,58,0,9
2016-03-31,OKLAHOMA NORTHERN,OKLAHOMA,TENTH CIRCUIT,166,148,0,0,18,5,5,0,0,0,161,143,0,18
2016-03-31,OKLAHOMA WESTERN,OKLAHOMA,TENTH CIRCUIT,288,196,8,0,84,15,6,8,0,1,273,190,0,83
2016-03-31,OREGON,OREGON,NINTH CIRCUIT,619,469,5,0,145,25,13,5,0,7,594,456,0,138
2016-03-31,PENNSYLVANIA EASTERN,PENNSYLVANIA,THIRD CIRCUIT,662,331,5,0,326,23,18,3,0,2,639,313,2,324
2016-03-31,PENNSYLVANIA MIDDLE,PENNSYLVANIA,THIRD CIRCUIT,381,218,2,0,161,12,6,2,0,4,369,212,0,157
2016-03-31,PENNSYLVANIA WESTERN,PENNSYLVANIA,THIRD CIRCUIT,467,278,7,1,181,22,15,5,1,1,445,263,2,180
2016-03-31,PUERTO RICO,PUERTO RICO,FIRST CIRCUIT,739,296,26,4,413,36,4,24,4,4,703,292,2,409
2016-03-31,RHODE ISLAND,RHODE ISLAND,FIRST CIRCUIT,182,140,1,0,41,6,5,0,0,1,176,135,1,40
2016-03-31,SOUTH CAROLINA,SOUTH CAROLINA,FOURTH CIRCUIT,436,178,2,0,256,16,13,2,0,1,420,165,0,255
2016-03-31,SOUTH DAKOTA,SOUTH DAKOTA,EIGHTH CIRCUIT,57,53,0,0,4,1,1,0,0,0,56,52,0,4
2016-03-31,TENNESSEE EASTERN,TENNESSEE,SIXTH CIRCUIT,782,358,16,1,407,25,7,15,1,2,757,351,1,405
2016-03-31,TENNESSEE MIDDLE,TENNESSEE,SIXTH CIRCUIT,627,296,5,0,326,9,5,3,0,1,618,291,2,325
2016-03-31,TENNESSEE WESTERN,TENNESSEE,SIXTH CIRCUIT,1155,232,1,0,922,12,9,0,0,3,1143,223,1,919
2016-03-31,TEXAS EASTERN,TEXAS,FIFTH CIRCUIT,326,124,5,0,197,24,17,5,0,2,302,107,0,195
2016-03-31,TEXAS NORTHERN,TEXAS,FIFTH CIRCUIT,995,366,13,1,615,54,34,13,1,6,941,332,0,609
2016-03-31,TEXAS SOUTHERN,TEXAS,FIFTH CIRCUIT,707,184,11,0,512,41,26,11,0,4,666,158,0,508
2016-03-31,TEXAS WESTERN,TEXAS,FIFTH CIRCUIT,597,250,13,0,334,48,30,13,0,5,549,220,0,329
2016-03-31,UTAH,UTAH,TENTH CIRCUIT,682,326,0,0,356,18,13,0,0,5,664,313,0,351
2016-03-31,VERMONT,VERMONT,SECOND CIRCUIT,37,35,0,0,2,2,2,0,0,0,35,33,0,2
2016-03-31,VIRGIN ISLANDS,VIRGIN ISLANDS,THIRD CIRCUIT,0,0,0,0,0,0,0,0,0,0,0,0,0,0
2016-03-31,VIRGINIA EASTERN,VIRGINIA,FOURTH CIRCUIT,1162,593,6,0,563,26,17,5,0,4,1136,576,1,559
2016-03-31,VIRGINIA WESTERN,VIRGINIA,FOURTH CIRCUIT,353,196,0,1,156,4,3,0,1,0,349,193,0,156
2016-03-31,WASHINGTON EASTERN,WASHINGTON,NINTH CIRCUIT,292,217,2,0,73,9,6,1,0,2,283,211,1,71
2016-03-31,WASHINGTON WESTERN,WASHINGTON,NINTH CIRCUIT,926,647,8,0,271,26,18,5,0,3,900,629,3,268
2016-03-31,WEST VIRGINIA NORTHERN,WEST VIRGINIA,FOURTH CIRCUIT,62,50,1,0,11,2,1,1,0,0,60,49,0,11
2016-03-31,WEST VIRGINIA SOUTHERN,WEST VIRGINIA,FOURTH CIRCUIT,143,132,1,0,10,5,3,1,0,1,138,129,0,9
2016-03-31,WISCONSIN EASTERN,WISCONSIN,SEVENTH CIRCUIT,778,481,1,0,296,16,12,1,0,3,762,469,0,293
2016-03-31,WISCONSIN WESTERN,WISCONSIN,SEVENTH CIRCUIT,276,216,1,0,59,13,12,1,0,0,263,204,0,59
2016-03-31,WYOMING,WYOMING,TENTH CIRCUIT,56,45,1,0,10,4,3,1,0,0,52,42,0,10
2016-04-30,ALABAMA MIDDLE,ALABAMA,ELEVENTH CIRCUIT,609,153,0,0,456,8,8,0,0,0,601,145,0,456
2016-04-30,ALABAMA NORTHERN,ALABAMA,ELEVENTH CIRCUIT,1135,582,2,0,551,10,8,2,0,0,1125,574,0,551
2016-04-30,ALABAMA SOUTHERN,ALABAMA,ELEVENTH CIRCUIT,358,120,0,0,238,2,2,0,0,0,356,118,0,238
2016-04-30,ALASKA,ALASKA,NINTH CIRCUIT,47,44,1,0,2,6,4,1,0,1,41,40,0,1
2016-04-30,ARIZONA,ARIZONA,NINTH CIRCUIT,1500,1267,15,0,218,49,33,10,0,6,1451,1234,5,212
2016-04-30,ARKANSAS EASTERN,ARKANSAS,EIGHTH CIRCUIT,615,294,0,1,320,13,10,0,1,2,602,284,0,318
2016-04-30,ARKANSAS WESTERN,ARKANSAS,EIGHTH CIRCUIT,277,170,0,1,106,7,5,0,1,1,270,165,0,105
2016-04-30,CALIFORNIA CENTRAL,CALIFORNIA,NINTH CIRCUIT,3717,2806,49,0,862,149,117,28,0,4,3568,2689,21,858
2016-04-30,CALIFORNIA EASTERN,CALIFORNIA,NINTH CIRCUIT,1378,1052,7,0,319,41,24,5,0,12,1337,1028,2,307
2016-04-30,CALIFORNIA NORTHERN,CALIFORNIA,NINTH CIRCUIT,930,492,18,0,420,50,33,12,0,5,880,459,6,415
2016-04-30,CALIFORNIA SOUTHERN,CALIFORNIA,NINTH CIRCUIT,774,600,0,0,174,14,12,0,0,2,760,588,0,172
2016-04-30,COLORADO,COLORADO,TENTH CIRCUIT,1266,1034,5,0,227,39,31,5,0,3,1227,1003,0,224
2016-04-30,CONNECTICUT,CONNECTICUT,SECOND CIRCUIT,528,424,8,1,95,28,17,7,1,3,500,407,1,92
2016-04-30,DELAWARE,DELAWARE,THIRD CIRCUIT,254,151,26,0,77,43,16,26,0,1,211,135,0,76
2016-04-30,DISTRICT OF COLUMBIA,DISTRICT OF COLUMBIA,DC CIRCUIT,64,53,1,0,10,1,0,1,0,0,63,53,0,10
2016-04-30,FLORIDA MIDDLE,FLORIDA,ELEVENTH CIRCUIT,2228,1518,25,2,683,78,56,16,2,4,2150,1462,9,679
2016-04-30,FLORIDA NORTHERN,FLORIDA,ELEVENTH CIRCUIT,217,177,5,0,35,16,10,5,0,1,201,167,0,34
2016-04-30,FLORIDA SOUTHERN,FLORIDA,ELEVENTH CIRCUIT,1662,920,26,0,713,70,38,23,0,6,1592,882,3,707
2016-04-30,GEORGIA MIDDLE,GEORGIA,ELEVENTH CIRCUIT,601,202,0,1,398,9,7,0,1,1,592,195,0,397
2016-04-30,GEORGIA NORTHERN,GEORGIA,ELEVENTH CIRCUIT,2688,1465,6,0,1217,42,33,6,0,3,2646,1432,0,1214
2016-04-30,GEORGIA SOUTHERN,GEORGIA,ELEVENTH CIRCUIT,539,114,6,0,419,9,2,6,0,1,530,112,0,418
2016-04-30,GUAM,GUAM,NINTH CIRCUIT,17,11,1,0,5,2,1,1,0,0,15,10,0,5
2016-04-30,HAWAII,HAWAII,NINTH CIRCUIT,124,95,2,0,27,1,0,1,0,0,123,95,1,27
2016-04-30,IDAHO,IDAHO,NINTH CIRCUIT,360,325,2,0,33,6,5,1,0,0,354,320,1,33
2016-04-30,ILLINOIS CENTRAL,ILLINOIS,SEVENTH CIRCUIT,517,434,0,1,82,11,8,0,1,2,506,426,0,80
2016-04-30,ILLINOIS NORTHERN,ILLINOIS,SEVENTH CIRCUIT,3996,2338,10,0,1648,59,47,10,0,2,3937,2291,0,1646
2016-04-30,ILLINOIS SOUTHERN,ILLINOIS,SEVENTH CIRCUIT,333,239,0,2,92,5,3,0,2,0,328,236,0,92
2016-04-30,INDIANA NORTHERN,INDIANA,SEVENTH CIRCUIT,941,698,1,0,242,9,6,0,0,3,932,692,1,239
2016-04-30,INDIANA SOUTHERN,INDIANA,SEVENTH CIRCUIT,1352,976,6,0,370,18,12,6,0,0,1334,964,0,370
2016-04-30,IOWA NORTHERN,IOWA,EIGHTH CIRCUIT,155,139,0,1,15,7,5,0,1,1,148,134,0,14
2016-04-30,IOWA SOUTHERN,IOWA,EIGHTH CIRCUIT,273,239,1,0,33,6,5,1,0,0,267,234,0,33
2016-04-30,KANSAS,KANSAS,TENTH CIRCUIT,586,353,9,2,222,28,11,9,2,6,558,342,0,216
2016-04-30,KENTUCKY EASTERN,KENTUCKY,SIXTH CIRCUIT,752,548,1,0,203,8,6,1,0,1,744,542,0,202
2016-04-30,KENTUCKY WESTERN,KENTUCKY,SIXTH CIRCUIT,666,452,2,3,208,14,8,2,3,0,652,444,0,208
2016-04-30,LOUISIANA EASTERN,LOUISIANA,FIFTH CIRCUIT,297,144,2,0,151,9,6,2,0,1,288,138,0,150
2016-04-30,LOUISIANA MIDDLE,LOUISIANA,FIFTH CIRCUIT,134,69,2,0,63,5,2,2,0,1,129,67,0,62
2016-04-30,LOUISIANA WESTERN,LOUISIANA,FIFTH CIRCUIT,758,162,6,1,589,16,7,5,1,3,742,155,1,586
2016-04-30,MAINE,MAINE,FIRST CIRCUIT,140,112,0,0,28,7,7,0,0,0,133,105,0,28
2016-04-30,MARYLAND,MARYLAND,FOURTH CIRCUIT,1672,1187,10,0,475,39,31,7,0,1,1633,1156,3,474
2016-04-30,MASSACHUSETTS,MASSACHUSETTS,FIRST CIRCUIT,726,502,7,1,216,26,19,4,1,2,700,483,3,214
2016-04-30,MICHIGAN EASTERN,MICHIGAN,SIXTH CIRCUIT,2233,1792,9,3,429,44,26,8,3,7,2189,1766,1,422
2016-04-30,MICHIGAN WESTERN,MICHIGAN,SIXTH CIRCUIT,687,560,1,0,126,22,21,1,0,0,665,539,0,126
2016-04-30,MINNESOTA,MINNESOTA,EIGHTH CIRCUIT,887,744,1,0,142,22,21,1,0,0,865,723,0,142
2016-04-30,MISSISSIPPI NORTHERN,MISSISSIPPI,FIFTH CIRCUIT,373,153,4,3,213,9,0,4,3,2,364,153,0,211
2016-04-30,MISSISSIPPI SOUTHERN,MISSISSIPPI,FIFTH CIRCUIT,515,308,3,0,204,12,6,3,0,3,503,302,0,201
2016-04-30,MISSOURI EASTERN,MISSOURI,EIGHTH CIRCUIT,1165,718,158,1,288,163,5,157,1,0,1002,713,1,288
2016-04-30,MISSOURI WESTERN,MISSOURI,EIGHTH CIRCUIT,655,473,2,0,180,13,9,2,0,2,642,464,0,178
2016-04-30,MONTANA,MONTANA,NINTH CIRCUIT,131,111,2,0,18,3,1,2,0,0,128,110,0,18
2016-04-30,NEBRASKA,NEBRASKA,EIGHTH CIRCUIT,438,288,2,4,144,11,3,2,4,2,427,285,0,142
2016-04-30,NEVADA,NEVADA,NINTH CIRCUIT,847,676,18,0,153,19,10,8,0,1,828,666,10,152
2016-04-30,NEW HAMPSHIRE,NEW HAMPSHIRE,FIRST CIRCUIT,193,149,4,1,39,23,12,4,1,6,170,137,0,33
2016-04-30,NEW JERSEY,NEW JERSEY,THIRD CIRCUIT,2310,1575,25,1,709,64,37,16,1,10,2246,1538,9,699
2016-04-30,NEW MEXICO,NEW MEXICO,TENTH CIRCUIT,295,261,2,0,32,11,9,2,0,0,284,252,0,32
2016-04-30,NEW YORK EASTERN,NEW YORK,SECOND CIRCUIT,1030,756,12,0,262,33,19,11,0,3,997,737,1,259
2016-04-30,NEW YORK NORTHERN,NEW YORK,SECOND CIRCUIT,552,427,3,1,121,14,8,3,1,2,538,419,0,119
2016-04-30,NEW YORK SOUTHERN,NEW YORK,SECOND CIRCUIT,849,586,90,0,155,131,24,85,0,4,718,562,5,151
2016-04-30,NEW YORK WESTERN,NEW YORK,SECOND CIRCUIT,416,316,3,0,97,16,12,3,0,1,400,304,0,96
2016-04-30,NORTH CAROLINA EASTERN,NORTH CAROLINA,FOURTH CIRCUIT,630,252,7,0,371,20,9,7,0,4,610,243,0,367
2016-04-30,NORTH CAROLINA MIDDLE,NORTH CAROLINA,FOURTH CIRCUIT,325,144,1,0,180,8,7,1,0,0,317,137,0,180
2016-04-30,NORTH CAROLINA WESTERN,NORTH CAROLINA,FOURTH CIRCUIT,382,199,3,0,180,13,8,3,0,2,369,191,0,178
2016-04-30,NORTH DAKOTA,NORTH DAKOTA,EIGHTH CIRCUIT,67,53,2,2,10,6,2,2,2,0,61,51,0,10
2016-04-30,NORTHERN MARIANAS,NORTHERN MARIANA ISLANDS,NINTH CIRCUIT,0,0,0,0,0,0,0,0,0,0,0,0,0,0
2016-04-30,OHIO NORTHERN,OHIO,SIXTH CIRCUIT,1833,1493,13,0,327,34,17,12,0,5,1799,1476,1,322
2016-04-30,OHIO SOUTHERN,OHIO,SIXTH CIRCUIT,1631,1199,3,1,428,19,13,3,1,2,1612,1186,0,426
2016-04-30,OKLAHOMA EASTERN,OKLAHOMA,TENTH CIRCUIT,130,124,1,1,4,3,1,1,1,0,127,123,0,4
2016-04-30,OKLAHOMA NORTHERN,OKLAHOMA,TENTH CIRCUIT,211,188,2,1,20,7,4,2,1,0,204,184,0,20
2016-04-30,OKLAHOMA WESTERN,OKLAHOMA,TENTH CIRCUIT,503,396,8,0,99,14,6,7,0,1,489,390,1,98
2016-04-30,OREGON,OREGON,NINTH CIRCUIT,868,687,1,0,180,14,9,1,0,4,854,678,0,176
2016-04-30,PENNSYLVANIA EASTERN,PENNSYLVANIA,THIRD CIRCUIT,837,458,9,0,370,29,13,9,0,7,808,445,0,363
2016-04-30,PENNSYLVANIA MIDDLE,PENNSYLVANIA,THIRD CIRCUIT,547,351,1,0,195,14,10,1,0,3,533,341,0,192
2016-04-30,PENNSYLVANIA WESTERN,PENNSYLVANIA,THIRD CIRCUIT,674,418,12,0,244,30,15,12,0,3,644,403,0,241
2016-04-30,PUERTO RICO,PUERTO RICO,FIRST CIRCUIT,1003,428,27,0,548,40,6,27,0,7,963,422,0,541
2016-04-30,RHODE ISLAND,RHODE ISLAND,FIRST CIRCUIT,233,184,1,0,48,10,7,1,0,2,223,177,0,46
2016-04-30,SOUTH CAROLINA,SOUTH CAROLINA,FOURTH CIRCUIT,576,239,0,0,336,11,9,0,0,1,565,230,0,335
2016-04-30,SOUTH DAKOTA,SOUTH DAKOTA,EIGHTH CIRCUIT,122,111,0,0,11,4,3,0,0,1,118,108,0,10
2016-04-30,TENNESSEE EASTERN,TENNESSEE,SIXTH CIRCUIT,919,522,2,0,395,23,16,2,0,5,896,506,0,390
2016-04-30,TENNESSEE MIDDLE,TENNESSEE,SIXTH CIRCUIT,843,415,5,0,423,16,13,1,0,2,827,402,4,421
2016-04-30,TENNESSEE WESTERN,TENNESSEE,SIXTH CIRCUIT,1193,318,4,0,871,11,6,4,0,1,1182,312,0,870
2016-04-30,TEXAS EASTERN,TEXAS,FIFTH CIRCUIT,439,209,17,0,213,32,16,16,0,0,407,193,1,213
2016-04-30,TEXAS NORTHERN,TEXAS,FIFTH CIRCUIT,1065,471,16,1,577,65,39,15,1,10,1000,432,1,567
2016-04-30,TEXAS SOUTHERN,TEXAS,FIFTH CIRCUIT,899,306,75,0,518,113,35,74,0,4,786,271,1,514
2016-04-30,TEXAS WESTERN,TEXAS,FIFTH CIRCUIT,726,371,13,0,329,68,40,12,0,3,658,331,1,326
2016-04-30,UTAH,UTAH,TENTH CIRCUIT,1070,671,3,0,396,14,9,3,0,2,1056,662,0,394
2016-04-30,VERMONT,VERMONT,SECOND CIRCUIT,51,44,0,0,7,4,4,0,0,0,47,40,0,7
2016-04-30,VIRGIN ISLANDS,VIRGIN ISLANDS,THIRD CIRCUIT,1,1,0,0,0,0,0,0,0,0,1,1,0,0
2016-04-30,VIRGINIA EASTERN,VIRGINIA,FOURTH CIRCUIT,1576,945,5,0,626,21,15,5,0,1,1555,930,0,625
2016-04-30,VIRGINIA WESTERN,VIRGINIA,FOURTH CIRCUIT,503,330,1,0,172,12,9,1,0,2,491,321,0,170
2016-04-30,WASHINGTON EASTERN,WASHINGTON,NINTH CIRCUIT,401,319,2,0,80,6,4,2,0,0,395,315,0,80
2016-04-30,WASHINGTON WESTERN,WASHINGTON,NINTH CIRCUIT,1117,805,8,1,303,26,19,4,1,2,1091,786,4,301
2016-04-30,WEST VIRGINIA NORTHERN,WEST VIRGINIA,FOURTH CIRCUIT,137,117,0,1,19,6,5,0,1,0,131,112,0,19
2016-04-30,WEST VIRGINIA SOUTHERN,WEST VIRGINIA,FOURTH CIRCUIT,181,162,2,0,17,5,3,2,0,0,176,159,0,17
2016-04-30,WISCONSIN EASTERN,WISCONSIN,SEVENTH CIRCUIT,1488,1046,3,3,436,24,17,3,3,1,1464,1029,0,435
2016-04-30,WISCONSIN WESTERN,WISCONSIN,SEVENTH CIRCUIT,433,350,0,1,82,10,7,0,1,2,423,343,0,80
2016-04-30,WYOMING,WYOMING,TENTH CIRCUIT,74,68,0,0,6,2,2,0,0,0,72,66,0,6
2016-05-31,ALABAMA MIDDLE,ALABAMA,ELEVENTH CIRCUIT,629,131,0,0,498,5,5,0,0,0,624,126,0,498
2016-05-31,ALABAMA NORTHERN,ALABAMA,ELEVENTH CIRCUIT,1102,540,4,0,558,13,9,4,0,0,1089,531,0,558
2016-05-31,ALABAMA SOUTHERN,ALABAMA,ELEVENTH CIRCUIT,376,112,4,0,260,4,0,3,0,1,372,112,1,259
2016-05-31,ALASKA,ALASKA,NINTH CIRCUIT,36,25,3,0,8,5,2,3,0,0,31,23,0,8
2016-05-31,ARIZONA,ARIZONA,NINTH CIRCUIT,1522,1264,30,0,228,54,29,22,0,3,1468,1235,8,225
2016-05-31,ARKANSAS EASTERN,ARKANSAS,EIGHTH CIRCUIT,544,243,0,1,300,10,8,0,1,1,534,235,0,299
2016-05-31,ARKANSAS WESTERN,ARKANSAS,EIGHTH CIRCUIT,253,149,0,0,104,6,5,0,0,1,247,144,0,103
2016-05-31,CALIFORNIA CENTRAL,CALIFORNIA,NINTH CIRCUIT,3605,2715,34,1,855,158,124,27,1,6,3447,2591,7,849
2016-05-31,CALIFORNIA EASTERN,CALIFORNIA,NINTH CIRCUIT,1338,1013,7,2,316,45,28,5,2,10,1293,985,2,306
2016-05-31,CALIFORNIA NORTHERN,CALIFORNIA,NINTH CIRCUIT,889,478,13,0,398,54,36,5,0,13,835,442,8,385
2016-05-31,CALIFORNIA SOUTHERN,CALIFORNIA,NINTH CIRCUIT,720,559,3,0,158,19,16,1,0,2,701,543,2,156
2016-05-31,COLORADO,COLORADO,TENTH CIRCUIT,1216,987,8,0,221,29,20,7,0,2,1187,967,1,219
2016-05-31,CONNECTICUT,CONNECTICUT,SECOND CIRCUIT,483,386,6,0,91,16,8,6,0,2,467,378,0,89
2016-05-31,DELAWARE,DELAWARE,THIRD CIRCUIT,252,140,54,0,58,72,18,54,0,0,180,122,0,58
2016-05-31,DISTRICT OF COLUMBIA,DISTRICT OF COLUMBIA,DC CIRCUIT,64,50,1,0,13,1,0,0,0,1,63,50,1,12
2016-05-31,FLORIDA MIDDLE,FLORIDA,ELEVENTH CIRCUIT,2138,1460,29,0,649,87,57,22,0,8,2051,1403,7,641
2016-05-31,FLORIDA NORTHERN,FLORIDA,ELEVENTH CIRCUIT,196,151,3,0,42,9,5,3,0,1,187,146,0,41
2016-05-31,FLORIDA SOUTHERN,FLORIDA,ELEVENTH CIRCUIT,1614,837,20,1,755,50,31,14,1,3,1564,806,6,752
2016-05-31,GEORGIA MIDDLE,GEORGIA,ELEVENTH CIRCUIT,646,222,1,3,420,11,5,1,3,2,635,217,0,418
2016-05-31,GEORGIA NORTHERN,GEORGIA,ELEVENTH CIRCUIT,2464,1291,9,0,1164,43,28,9,0,6,2421,1263,0,1158
2016-05-31,GEORGIA SOUTHERN,GEORGIA,ELEVENTH CIRCUIT,575,98,1,0,476,2,1,1,0,0,573,97,0,476
2016-05-31,GUAM,GUAM,NINTH CIRCUIT,11,9,0,0,2,0,0,0,0,0,11,9,0,2
2016-05-31,HAWAII,HAWAII,NINTH CIRCUIT,115,77,1,0,37,8,5,1,0,2,107,72,0,35
2016-05-31,IDAHO,IDAHO,NINTH CIRCUIT,330,295,0,0,35,8,8,0,0,0,322,287,0,35
2016-05-31,ILLINOIS CENTRAL,ILLINOIS,SEVENTH CIRCUIT,431,359,0,0,72,10,9,0,0,1,421,350,0,71
2016-05-31,ILLINOIS NORTHERN,ILLINOIS,SEVENTH CIRCUIT,3644,2066,18,0,1560,71,48,18,0,5,3573,2018,0,1555
2016-05-31,ILLINOIS SOUTHERN,ILLINOIS,SEVENTH CIRCUIT,316,226,0,0,90,4,3,0,0,1,312,223,0,89
2016-05-31,INDIANA NORTHERN,INDIANA,SEVENTH CIRCUIT,903,670,2,0,231,9,7,2,0,0,894,663,0,231
2016-05-31,INDIANA SOUTHERN,INDIANA,SEVENTH CIRCUIT,1363,962,1,0,400,17,14,1,0,2,1346,948,0,398
2016-05-31,IOWA NORTHERN,IOWA,EIGHTH CIRCUIT,190,172,0,2,16,6,4,0,2,0,184,168,0,16
2016-05-31,IOWA SOUTHERN,IOWA,EIGHTH CIRCUIT,239,216,0,0,23,13,11,0,0,2,226,205,0,21
2016-05-31,KANSAS,KANSAS,TENTH CIRCUIT,553,342,1,2,208,12,9,1,2,0,541,333,0,208
2016-05-31,KENTUCKY EASTERN,KENTUCKY,SIXTH CIRCUIT,705,503,0,0,202,14,12,0,0,2,691,491,0,200
2016-05-31,KENTUCKY WESTERN,KENTUCKY,SIXTH CIRCUIT,561,376,1,2,182,10,6,1,2,1,551,370,0,181
2016-05-31,LOUISIANA EASTERN,LOUISIANA,FIFTH CIRCUIT,256,125,2,0,129,5,2,2,0,1,251,123,0,128
2016-05-31,LOUISIANA MIDDLE,LOUISIANA,FIFTH CIRCUIT,128,64,5,0,59,5,0,5,0,0,123,64,0,59
2016-05-31,LOUISIANA WESTERN,LOUISIANA,FIFTH CIRCUIT,752,171,8,0,573,15,6,8,0,1,737,165,0,572
2016-05-31,MAINE,MAINE,FIRST CIRCUIT,151,125,1,0,25,7,6,1,0,0,144,119,0,25
2016-05-31,MARYLAND,MARYLAND,FOURTH CIRCUIT,1498,1014,8,0,476,32,19,8,0,5,1466,995,0,471
2016-05-31,MASSACHUSETTS,MASSACHUSETTS,FIRST CIRCUIT,838,527,27,1,283,47,20,24,1,2,791,507,3,281
2016-05-31,MICHIGAN EASTERN,MICHIGAN,SIXTH CIRCUIT,1961,1519,11,1,430,25,15,7,1,2,1936,1504,4,428
2016-05-31,MICHIGAN WESTERN,MICHIGAN,SIXTH CIRCUIT,605,477,3,1,124,21,13,2,1,5,584,464,1,119
2016-05-31,MINNESOTA,MINNESOTA,EIGHTH CIRCUIT,847,715,1,2,129,29,24,1,2,2,818,691,0,127
2016-05-31,MISSISSIPPI NORTHERN,MISSISSIPPI,FIFTH CIRCUIT,365,159,1,2,203,8,4,1,2,1,357,155,0,202
2016-05-31,MISSISSIPPI SOUTHERN,MISSISSIPPI,FIFTH CIRCUIT,503,269,1,0,233,14,11,1,0,2,489,258,0,231
2016-05-31,MISSOURI EASTERN,MISSOURI,EIGHTH CIRCUIT,898,624,0,3,271,10,4,0,3,3,888,620,0,268
2016-05-31,MISSOURI WESTERN,MISSOURI,EIGHTH CIRCUIT,623,443,1,0,179,8,4,1,0,3,615,439,0,176
2016-05-31,MONTANA,MONTANA,NINTH CIRCUIT,137,121,0,0,16,4,3,0,0,1,133,118,0,15
2016-05-31,NEBRASKA,NEBRASKA,EIGHTH CIRCUIT,347,250,3,1,93,10,6,2,1,1,337,244,1,92
2016-05-31,NEVADA,NEVADA,NINTH CIRCUIT,795,626,21,0,147,20,12,6,0,1,775,614,15,146
2016-05-31,NEW HAMPSHIRE,NEW HAMPSHIRE,FIRST CIRCUIT,177,132,0,0,45,16,12,0,0,4,161,120,0,41
2016-05-31,NEW JERSEY,NEW JERSEY,THIRD CIRCUIT,2215,1432,18,0,765,68,43,14,0,11,2147,1389,4,754
2016-05-31,NEW MEXICO,NEW MEXICO,TENTH CIRCUIT,287,255,4,0,28,8,5,3,0,0,279,250,1,28
2016-05-31,NEW YORK EASTERN,NEW YORK,SECOND CIRCUIT,1014,743,20,0,251,36,17,19,0,0,978,726,1,251
2016-05-31,NEW YORK NORTHERN,NEW YORK,SECOND CIRCUIT,550,418,1,0,131,7,6,0,0,1,543,412,1,130
2016-05-31,NEW YORK SOUTHERN,NEW YORK,SECOND CIRCUIT,757,533,80,0,142,111,27,79,0,3,646,506,1,139
2016-05-31,NEW YORK WESTERN,NEW YORK,SECOND CIRCUIT,390,294,5,1,90,18,10,5,1,2,372,284,0,88
2016-05-31,NORTH CAROLINA EASTERN,NORTH CAROLINA,FOURTH CIRCUIT,568,200,7,2,359,18,8,6,2,2,550,192,1,357
2016-05-31,NORTH CAROLINA MIDDLE,NORTH CAROLINA,FOURTH CIRCUIT,363,179,2,0,182,18,15,2,0,1,345,164,0,181
2016-05-31,NORTH CAROLINA WESTERN,NORTH CAROLINA,FOURTH CIRCUIT,389,219,3,0,167,17,8,3,0,6,372,211,0,161
2016-05-31,NORTH DAKOTA,NORTH DAKOTA,EIGHTH CIRCUIT,69,59,2,1,7,9,5,1,1,2,60,54,1,5
2016-05-31,NORTHERN MARIANAS,NORTHERN MARIANA ISLANDS,NINTH CIRCUIT,0,0,0,0,0,0,0,0,0,0,0,0,0,0
2016-05-31,OHIO NORTHERN,OHIO,SIXTH CIRCUIT,1754,1476,2,0,276,37,32,2,0,3,1717,1444,0,273
2016-05-31,OHIO SOUTHERN,OHIO,SIXTH CIRCUIT,1532,1102,1,0,429,14,11,1,0,2,1518,1091,0,427
2016-05-31,OKLAHOMA EASTERN,OKLAHOMA,TENTH CIRCUIT,121,111,0,0,10,1,1,0,0,0,120,110,0,10
2016-05-31,OKLAHOMA NORTHERN,OKLAHOMA,TENTH CIRCUIT,202,177,1,0,24,3,2,1,0,0,199,175,0,24
2016-05-31,OKLAHOMA WESTERN,OKLAHOMA,TENTH CIRCUIT,460,376,1,0,83,13,10,1,0,2,447,366,0,81
2016-05-31,OREGON,OREGON,NINTH CIRCUIT,819,644,2,1,172,19,11,2,1,5,800,633,0,167
2016-05-31,PENNSYLVANIA EASTERN,PENNSYLVANIA,THIRD CIRCUIT,815,410,8,1,396,37,16,8,1,12,778,394,0,384
2016-05-31,PENNSYLVANIA MIDDLE,PENNSYLVANIA,THIRD CIRCUIT,442,291,8,0,143,15,6,7,0,2,427,285,1,141
2016-05-31,PENNSYLVANIA WESTERN,PENNSYLVANIA,THIRD CIRCUIT,573,382,9,1,181,24,11,8,1,4,549,371,1,177
2016-05-31,PUERTO RICO,PUERTO RICO,FIRST CIRCUIT,917,379,25,3,510,43,15,21,3,4,874,364,4,506
2016-05-31,RHODE ISLAND,RHODE ISLAND,FIRST CIRCUIT,199,141,1,0,57,2,1,1,0,0,197,140,0,57
2016-05-31,SOUTH CAROLINA,SOUTH CAROLINA,FOURTH CIRCUIT,525,231,6,0,288,15,9,5,0,1,510,222,1,287
2016-05-31,SOUTH DAKOTA,SOUTH DAKOTA,EIGHTH CIRCUIT,101,86,1,0,14,3,2,0,0,1,98,84,1,13
2016-05-31,TENNESSEE EASTERN,TENNESSEE,SIXTH CIRCUIT,1001,526,4,0,471,21,14,4,0,3,980,512,0,468
2016-05-31,TENNESSEE MIDDLE,TENNESSEE,SIXTH CIRCUIT,814,393,25,0,396,35,11,24,0,0,779,382,1,396
2016-05-31,TENNESSEE WESTERN,TENNESSEE,SIXTH CIRCUIT,1135,307,8,0,820,16,7,7,0,2,1119,300,1,818
2016-05-31,TEXAS EASTERN,TEXAS,FIFTH CIRCUIT,325,147,7,0,171,22,14,7,0,1,303,133,0,170
2016-05-31,TEXAS NORTHERN,TEXAS,FIFTH CIRCUIT,935,365,57,2,511,88,28,56,2,2,847,337,1,509
2016-05-31,TEXAS SOUTHERN,TEXAS,FIFTH CIRCUIT,680,275,68,2,335,102,29,67,2,4,578,246,1,331
2016-05-31,TEXAS WESTERN,TEXAS,FIFTH CIRCUIT,599,305,10,0,284,31,20,9,0,2,568,285,1,282
2016-05-31,UTAH,UTAH,TENTH CIRCUIT,1059,647,6,0,406,20,11,5,0,4,1039,636,1,402
2016-05-31,VERMONT,VERMONT,SECOND CIRCUIT,54,43,0,0,11,5,4,0,0,1,49,39,0,10
2016-05-31,VIRGIN ISLANDS,VIRGIN ISLANDS,THIRD CIRCUIT,5,4,0,0,1,1,1,0,0,0,4,3,0,1
2016-05-31,VIRGINIA EASTERN,VIRGINIA,FOURTH CIRCUIT,1460,865,15,0,580,36,18,14,0,4,1424,847,1,576
2016-05-31,VIRGINIA WESTERN,VIRGINIA,FOURTH CIRCUIT,475,277,4,1,193,12,7,4,1,0,463,270,0,193
2016-05-31,WASHINGTON EASTERN,WASHINGTON,NINTH CIRCUIT,386,286,0,0,100,5,4,0,0,1,381,282,0,99
2016-05-31,WASHINGTON WESTERN,WASHINGTON,NINTH CIRCUIT,1127,826,12,1,288,35,21,9,1,4,1092,805,3,284
2016-05-31,WEST VIRGINIA NORTHERN,WEST VIRGINIA,FOURTH CIRCUIT,125,101,1,0,23,4,3,1,0,0,121,98,0,23
2016-05-31,WEST VIRGINIA SOUTHERN,WEST VIRGINIA,FOURTH CIRCUIT,154,130,7,0,17,13,5,7,0,1,141,125,0,16
2016-05-31,WISCONSIN EASTERN,WISCONSIN,SEVENTH CIRCUIT,1261,863,0,1,397,20,17,0,1,2,1241,846,0,395
2016-05-31,WISCONSIN WESTERN,WISCONSIN,SEVENTH CIRCUIT,423,344,0,3,76,13,9,0,3,1,410,335,0,75
2016-05-31,WYOMING,WYOMING,TENTH CIRCUIT,98,86,2,0,10,5,3,2,0,0,93,83,0,10
2016-06-30,ALABAMA MIDDLE,ALABAMA,ELEVENTH CIRCUIT,670,97,0,0,573,0,0,0,0,0,670,97,0,573
2016-06-30,ALABAMA NORTHERN,ALABAMA,ELEVENTH CIRCUIT,1087,515,3,0,569,11,7,3,0,1,1076,508,0,568
2016-06-30,ALABAMA SOUTHERN,ALABAMA,ELEVENTH CIRCUIT,408,92,1,0,315,3,2,1,0,0,405,90,0,315
2016-06-30,ALASKA,ALASKA,NINTH CIRCUIT,32,25,0,0,7,2,2,0,0,0,30,23,0,7
2016-06-30,ARIZONA,ARIZONA,NINTH CIRCUIT,1392,1177,12,0,203,37,26,7,0,4,1355,1151,5,199
2016-06-30,ARKANSAS EASTERN,ARKANSAS,EIGHTH CIRCUIT,620,248,0,1,371,18,16,0,1,1,602,232,0,370
2016-06-30,ARKANSAS WESTERN,ARKANSAS,EIGHTH CIRCUIT,274,156,2,0,116,4,3,1,0,0,270,153,1,116
2016-06-30,CALIFORNIA CENTRAL,CALIFORNIA,NINTH CIRCUIT,3680,2709,30,2,939,118,93,16,2,7,3562,2616,14,932
2016-06-30,CALIFORNIA EASTERN,CALIFORNIA,NINTH CIRCUIT,1314,1008,4,1,301,40,31,2,1,6,1274,977,2,295
2016-06-30,CALIFORNIA NORTHERN,CALIFORNIA,NINTH CIRCUIT,917,493,13,0,411,38,23,10,0,5,879,470,3,406
2016-06-30,CALIFORNIA SOUTHERN,CALIFORNIA,NINTH CIRCUIT,759,574,3,0,182,16,12,2,0,2,743,562,1,180
2016-06-30,COLORADO,COLORADO,TENTH CIRCUIT,1154,926,2,0,226,37,29,2,0,6,1117,897,0,220
2016-06-30,CONNECTICUT,CONNECTICUT,SECOND CIRCUIT,533,439,4,0,90,16,13,2,0,1,517,426,2,89
2016-06-30,DELAWARE,DELAWARE,THIRD CIRCUIT,261,126,62,0,72,84,21,62,0,0,177,105,0,72
2016-06-30,DISTRICT OF COLUMBIA,DISTRICT OF COLUMBIA,DC CIRCUIT,51,38,1,0,12,2,2,0,0,0,49,36,1,12
2016-06-30,FLORIDA MIDDLE,FLORIDA,ELEVENTH CIRCUIT,2208,1455,52,3,698,103,54,38,3,8,2105,1401,14,690
2016-06-30,FLORIDA NORTHERN,FLORIDA,ELEVENTH CIRCUIT,233,190,4,0,39,19,15,4,0,0,214,175,0,39
2016-06-30,FLORIDA SOUTHERN,FLORIDA,ELEVENTH CIRCUIT,1564,772,22,0,770,48,32,14,0,2,1516,740,8,768
2016-06-30,GEORGIA MIDDLE,GEORGIA,ELEVENTH CIRCUIT,763,222,5,5,531,22,10,5,5,2,741,212,0,529
2016-06-30,GEORGIA NORTHERN,GEORGIA,ELEVENTH CIRCUIT,2849,1448,16,0,1385,60,41,14,0,5,2789,1407,2,1380
2016-06-30,GEORGIA SOUTHERN,GEORGIA,ELEVENTH CIRCUIT,649,125,0,0,524,6,5,0,0,1,643,120,0,523
2016-06-30,GUAM,GUAM,NINTH CIRCUIT,9,8,1,0,0,3,2,1,0,0,6,6,0,0
2016-06-30,HAWAII,HAWAII,NINTH CIRCUIT,117,84,1,0,32,5,4,1,0,0,112,80,0,32
2016-06-30,IDAHO,IDAHO,NINTH CIRCUIT,376,321,1,1,53,15,11,1,1,2,361,310,0,51
2016-06-30,ILLINOIS CENTRAL,ILLINOIS,SEVENTH CIRCUIT,458,389,0,0,69,4,4,0,0,0,454,385,0,69
2016-06-30,ILLINOIS NORTHERN,ILLINOIS,SEVENTH CIRCUIT,3553,1962,5,0,1586,58,49,5,0,4,3495,1913,0,1582
2016-06-30,ILLINOIS SOUTHERN,ILLINOIS,SEVENTH CIRCUIT,308,208,1,0,99,9,7,1,0,1,299,201,0,98
2016-06-30,INDIANA NORTHERN,INDIANA,SEVENTH CIRCUIT,941,692,3,0,246,17,12,3,0,2,924,680,0,244
2016-06-30,INDIANA SOUTHERN,INDIANA,SEVENTH CIRCUIT,1244,860,0,0,384,14,14,0,0,0,1230,846,0,384
2016-06-30,IOWA NORTHERN,IOWA,EIGHTH CIRCUIT,138,128,0,0,10,9,8,0,0,1,129,120,0,9
2016-06-30,IOWA SOUTHERN,IOWA,EIGHTH CIRCUIT,216,195,0,0,21,10,10,0,0,0,206,185,0,21
2016-06-30,KANSAS,KANSAS,TENTH CIRCUIT,681,360,74,6,241,88,7,74,6,1,593,353,0,240
2016-06-30,KENTUCKY EASTERN,KENTUCKY,SIXTH CIRCUIT,677,440,0,0,237,7,5,0,0,2,670,435,0,235
2016-06-30,KENTUCKY WESTERN,KENTUCKY,SIXTH CIRCUIT,586,383,1,0,202,13,11,1,0,1,573,372,0,201
2016-06-30,LOUISIANA EASTERN,LOUISIANA,FIFTH CIRCUIT,303,152,3,0,148,12,7,3,0,2,291,145,0,146
2016-06-30,LOUISIANA MIDDLE,LOUISIANA,FIFTH CIRCUIT,135,69,0,0,66,1,1,0,0,0,134,68,0,66
2016-06-30,LOUISIANA WESTERN,LOUISIANA,FIFTH CIRCUIT,766,142,6,0,618,9,4,5,0,0,757,138,1,618
2016-06-30,MAINE,MAINE,FIRST CIRCUIT,149,129,0,0,20,9,9,0,0,0,140,120,0,20
2016-06-30,MARYLAND,MARYLAND,FOURTH CIRCUIT,1474,979,12,1,482,29,17,8,1,3,1445,962,4,479
2016-06-30,MASSACHUSETTS,MASSACHUSETTS,FIRST CIRCUIT,744,489,6,1,248,33,25,4,1,3,711,464,2,245
2016-06-30,MICHIGAN EASTERN,MICHIGAN,SIXTH CIRCUIT,1983,1531,8,1,443,31,18,7,1,5,1952,1513,1,438
2016-06-30,MICHIGAN WESTERN,MICHIGAN,SIXTH CIRCUIT,520,417,3,0,100,13,10,2,0,1,507,407,1,99
2016-06-30,MINNESOTA,MINNESOTA,EIGHTH CIRCUIT,810,689,3,2,116,28,22,3,2,1,782,667,0,115
2016-06-30,MISSISSIPPI NORTHERN,MISSISSIPPI,FIFTH CIRCUIT,376,168,0,1,207,6,4,0,1,1,370,164,0,206
2016-06-30,MISSISSIPPI SOUTHERN,MISSISSIPPI,FIFTH CIRCUIT,559,296,1,1,261,12,10,1,1,0,547,286,0,261
2016-06-30,MISSOURI EASTERN,MISSOURI,EIGHTH CIRCUIT,922,614,7,1,300,20,9,7,1,3,902,605,0,297
2016-06-30,MISSOURI WESTERN,MISSOURI,EIGHTH CIRCUIT,649,438,6,1,204,19,13,5,1,0,630,425,1,204
2016-06-30,MONTANA,MONTANA,NINTH CIRCUIT,128,110,2,1,15,8,4,2,1,1,120,106,0,14
2016-06-30,NEBRASKA,NEBRASKA,EIGHTH CIRCUIT,335,229,0,2,104,7,5,0,2,0,328,224,0,104
2016-06-30,NEVADA,NEVADA,NINTH CIRCUIT,835,621,29,0,185,36,13,21,0,2,799,608,8,183
2016-06-30,NEW HAMPSHIRE,NEW HAMPSHIRE,FIRST CIRCUIT,152,115,1,0,36,21,16,1,0,4,131,99,0,32
2016-06-30,NEW JERSEY,NEW JERSEY,THIRD CIRCUIT,2218,1398,26,2,791,68,38,16,2,11,2150,1360,10,780
2016-06-30,NEW MEXICO,NEW MEXICO,TENTH CIRCUIT,295,261,5,1,28,10,4,5,1,0,285,257,0,28
2016-06-30,NEW YORK EASTERN,NEW YORK,SECOND CIRCUIT,1098,763,28,0,307,54,30,23,0,1,1044,733,5,306
2016-06-30,NEW YORK NORTHERN,NEW YORK,SECOND CIRCUIT,531,394,2,2,133,19,11,2,2,4,512,383,0,129
2016-06-30,NEW YORK SOUTHERN,NEW YORK,SECOND CIRCUIT,640,436,49,0,148,74,16,49,0,2,566,420,0,146
2016-06-30,NEW YORK WESTERN,NEW YORK,SECOND CIRCUIT,388,291,0,0,97,10,5,0,0,5,378,286,0,92
2016-06-30,NORTH CAROLINA EASTERN,NORTH CAROLINA,FOURTH CIRCUIT,574,185,6,0,383,17,7,4,0,6,557,178,2,377
2016-06-30,NORTH CAROLINA MIDDLE,NORTH CAROLINA,FOURTH CIRCUIT,311,141,3,0,167,10,4,3,0,3,301,137,0,164
2016-06-30,NORTH CAROLINA WESTERN,NORTH CAROLINA,FOURTH CIRCUIT,386,195,1,0,190,11,9,1,0,1,375,186,0,189
2016-06-30,NORTH DAKOTA,NORTH DAKOTA,EIGHTH CIRCUIT,53,50,0,0,3,2,2,0,0,0,51,48,0,3
2016-06-30,NORTHERN MARIANAS,NORTHERN MARIANA ISLANDS,NINTH CIRCUIT,0,0,0,0,0,0,0,0,0,0,0,0,0,0
2016-06-30,OHIO NORTHERN,OHIO,SIXTH CIRCUIT,1670,1368,4,0,298,34,25,4,0,5,1636,1343,0,293
2016-06-30,OHIO SOUTHERN,OHIO,SIXTH CIRCUIT,1470,1006,0,0,464,13,11,0,0,2,1457,995,0,462
2016-06-30,OKLAHOMA EASTERN,OKLAHOMA,TENTH CIRCUIT,126,108,1,0,17,3,2,1,0,0,123,106,0,17
2016-06-30,OKLAHOMA NORTHERN,OKLAHOMA,TENTH CIRCUIT,201,172,0,1,28,3,2,0,1,0,198,170,0,28
2016-06-30,OKLAHOMA WESTERN,OKLAHOMA,TENTH CIRCUIT,474,366,4,0,104,13,10,3,0,0,461,356,1,104
2016-06-30,OREGON,OREGON,NINTH CIRCUIT,768,590,4,0,174,23,14,4,0,5,745,576,0,169
2016-06-30,PENNSYLVANIA EASTERN,PENNSYLVANIA,THIRD CIRCUIT,813,429,4,0,380,18,14,3,0,1,795,415,1,379
2016-06-30,PENNSYLVANIA MIDDLE,PENNSYLVANIA,THIRD CIRCUIT,430,272,3,0,155,10,7,3,0,0,420,265,0,155
2016-06-30,PENNSYLVANIA WESTERN,PENNSYLVANIA,THIRD CIRCUIT,581,361,9,0,211,16,9,6,0,1,565,352,3,210
2016-06-30,PUERTO RICO,PUERTO RICO,FIRST CIRCUIT,905,382,25,4,494,39,11,20,4,4,866,371,5,490
2016-06-30,RHODE ISLAND,RHODE ISLAND,FIRST CIRCUIT,199,145,0,0,54,10,8,0,0,2,189,137,0,52
2016-06-30,SOUTH CAROLINA,SOUTH CAROLINA,FOURTH CIRCUIT,550,215,2,0,333,10,7,2,0,1,540,208,0,332
2016-06-30,SOUTH DAKOTA,SOUTH DAKOTA,EIGHTH CIRCUIT,117,105,0,1,11,3,0,0,1,2,114,105,0,9
2016-06-30,TENNESSEE EASTERN,TENNESSEE,SIXTH CIRCUIT,957,494,2,0,461,14,11,2,0,1,943,483,0,460
2016-06-30,TENNESSEE MIDDLE,TENNESSEE,SIXTH CIRCUIT,805,413,4,0,388,13,10,2,0,1,792,403,2,387
2016-06-30,TENNESSEE WESTERN,TENNESSEE,SIXTH CIRCUIT,1224,282,3,0,939,5,1,2,0,2,1219,281,1,937
2016-06-30,TEXAS EASTERN,TEXAS,FIFTH CIRCUIT,400,179,2,0,219,25,18,2,0,5,375,161,0,214
2016-06-30,TEXAS NORTHERN,TEXAS,FIFTH CIRCUIT,986,393,17,0,574,67,46,16,0,3,919,347,1,571
2016-06-30,TEXAS SOUTHERN,TEXAS,FIFTH CIRCUIT,773,289,17,0,464,52,28,16,0,5,721,261,1,459
2016-06-30,TEXAS WESTERN,TEXAS,FIFTH CIRCUIT,639,302,13,0,324,40,23,13,0,4,599,279,0,320
2016-06-30,UTAH,UTAH,TENTH CIRCUIT,1059,671,4,0,384,30,20,4,0,6,1029,651,0,378
2016-06-30,VERMONT,VERMONT,SECOND CIRCUIT,50,37,1,0,12,3,2,1,0,0,47,35,0,12
2016-06-30,VIRGIN ISLANDS,VIRGIN ISLANDS,THIRD CIRCUIT,4,4,0,0,0,0,0,0,0,0,4,4,0,0
2016-06-30,VIRGINIA EASTERN,VIRGINIA,FOURTH CIRCUIT,1425,838,7,1,578,27,18,5,1,2,1398,820,2,576
2016-06-30,VIRGINIA WESTERN,VIRGINIA,FOURTH CIRCUIT,477,295,0,0,182,5,4,0,0,1,472,291,0,181
2016-06-30,WASHINGTON EASTERN,WASHINGTON,NINTH CIRCUIT,297,219,0,0,78,3,3,0,0,0,294,216,0,78
2016-06-30,WASHINGTON WESTERN,WASHINGTON,NINTH CIRCUIT,1016,704,8,0,304,31,25,6,0,0,985,679,2,304
2016-06-30,WEST VIRGINIA NORTHERN,WEST VIRGINIA,FOURTH CIRCUIT,118,95,0,0,23,0,0,0,0,0,118,95,0,23
2016-06-30,WEST VIRGINIA SOUTHERN,WEST VIRGINIA,FOURTH CIRCUIT,193,168,1,0,24,7,4,1,0,2,186,164,0,22
2016-06-30,WISCONSIN EASTERN,WISCONSIN,SEVENTH CIRCUIT,1114,734,0,2,378,15,10,0,2,3,1099,724,0,375
2016-06-30,WISCONSIN WESTERN,WISCONSIN,SEVENTH CIRCUIT,352,290,5,2,55,20,13,3,2,2,332,277,2,53
2016-06-30,WYOMING,WYOMING,TENTH CIRCUIT,90,84,0,0,6,5,5,0,0,0,85,79,0,6
2016-07-31,ALABAMA MIDDLE,ALABAMA,ELEVENTH CIRCUIT,624,126,0,0,498,3,2,0,0,1,621,124,0,497
2016-07-31,ALABAMA NORTHERN,ALABAMA,ELEVENTH CIRCUIT,1050,497,0,0,553,8,8,0,0,0,1042,489,0,553
2016-07-31,ALABAMA SOUTHERN,ALABAMA,ELEVENTH CIRCUIT,372,101,4,0,267,6,2,3,0,1,366,99,1,266
2016-07-31,ALASKA,ALASKA,NINTH CIRCUIT,39,32,0,0,7,0,0,0,0,0,39,32,0,7
2016-07-31,ARIZONA,ARIZONA,NINTH CIRCUIT,1308,1073,22,0,213,41,22,16,0,3,1267,1051,6,210
2016-07-31,ARKANSAS EASTERN,ARKANSAS,EIGHTH CIRCUIT,570,245,2,2,321,19,12,2,2,3,551,233,0,318
2016-07-31,ARKANSAS WESTERN,ARKANSAS,EIGHTH CIRCUIT,217,103,1,1,112,8,3,1,1,3,209,100,0,109
2016-07-31,CALIFORNIA CENTRAL,CALIFORNIA,NINTH CIRCUIT,3365,2455,43,0,867,151,124,22,0,5,3214,2331,21,862
2016-07-31,CALIFORNIA EASTERN,CALIFORNIA,NINTH CIRCUIT,1286,984,4,0,298,42,38,1,0,3,1244,946,3,295
2016-07-31,CALIFORNIA NORTHERN,CALIFORNIA,NINTH CIRCUIT,819,403,17,0,399,42,23,8,0,11,777,380,9,388
2016-07-31,CALIFORNIA SOUTHERN,CALIFORNIA,NINTH CIRCUIT,668,534,2,0,132,33,27,2,0,4,635,507,0,128
2016-07-31,COLORADO,COLORADO,TENTH CIRCUIT,1017,819,7,0,191,35,26,6,0,3,982,793,1,188
2016-07-31,CONNECTICUT,CONNECTICUT,SECOND CIRCUIT,507,404,1,0,102,25,24,1,0,0,482,380,0,102
2016-07-31,DELAWARE,DELAWARE,THIRD CIRCUIT,188,112,27,0,48,35,7,27,0,0,153,105,0,48
2016-07-31,DISTRICT OF COLUMBIA,DISTRICT OF COLUMBIA,DC CIRCUIT,54,42,4,0,8,6,4,2,0,0,48,38,2,8
2016-07-31,FLORIDA MIDDLE,FLORIDA,ELEVENTH CIRCUIT,2051,1385,19,1,646,69,48,14,1,6,1982,1337,5,640
2016-07-31,FLORIDA NORTHERN,FLORIDA,ELEVENTH CIRCUIT,194,157,5,0,32,13,7,5,0,1,181,150,0,31
2016-07-31,FLORIDA SOUTHERN,FLORIDA,ELEVENTH CIRCUIT,1361,694,13,0,654,28,18,7,0,3,1333,676,6,651
2016-07-31,GEORGIA MIDDLE,GEORGIA,ELEVENTH CIRCUIT,702,206,2,3,491,21,11,2,3,5,681,195,0,486
2016-07-31,GEORGIA NORTHERN,GEORGIA,ELEVENTH CIRCUIT,2453,1251,11,0,1191,45,31,10,0,4,2408,1220,1,1187
2016-07-31,GEORGIA SOUTHERN,GEORGIA,ELEVENTH CIRCUIT,604,108,7,0,489,23,15,7,0,1,581,93,0,488
2016-07-31,GUAM,GUAM,NINTH CIRCUIT,10,8,0,0,2,0,0,0,0,0,10,8,0,2
2016-07-31,HAWAII,HAWAII,NINTH CIRCUIT,126,89,1,0,36,2,1,1,0,0,124,88,0,36
2016-07-31,IDAHO,IDAHO,NINTH CIRCUIT,321,289,1,0,31,11,10,1,0,0,310,279,0,31
2016-07-31,ILLINOIS CENTRAL,ILLINOIS,SEVENTH CIRCUIT,413,340,0,1,72,7,6,0,1,0,406,334,0,72
2016-07-31,ILLINOIS NORTHERN,ILLINOIS,SEVENTH CIRCUIT,3473,1840,6,0,1627,50,40,1,0,9,3423,1800,5,1618
2016-07-31,ILLINOIS SOUTHERN,ILLINOIS,SEVENTH CIRCUIT,312,188,0,0,124,7,6,0,0,1,305,182,0,123
2016-07-31,INDIANA NORTHERN,INDIANA,SEVENTH CIRCUIT,766,532,1,0,233,9,8,1,0,0,757,524,0,233
2016-07-31,INDIANA SOUTHERN,INDIANA,SEVENTH CIRCUIT,1196,803,2,0,391,14,8,2,0,4,1182,795,0,387
2016-07-31,IOWA NORTHERN,IOWA,EIGHTH CIRCUIT,151,137,0,0,14,5,5,0,0,0,146,132,0,14
2016-07-31,IOWA SOUTHERN,IOWA,EIGHTH CIRCUIT,207,180,0,2,25,6,4,0,2,0,201,176,0,25
2016-07-31,KANSAS,KANSAS,TENTH CIRCUIT,541,312,4,1,224,15,7,3,1,4,526,305,1,220
2016-07-31,KENTUCKY EASTERN,KENTUCKY,SIXTH CIRCUIT,575,389,0,2,184,8,4,0,2,2,567,385,0,182
2016-07-31,KENTUCKY WESTERN,KENTUCKY,SIXTH CIRCUIT,580,378,0,0,202,9,7,0,0,2,571,371,0,200
2016-07-31,LOUISIANA EASTERN,LOUISIANA,FIFTH CIRCUIT,293,134,1,0,158,6,5,1,0,0,287,129,0,158
2016-07-31,LOUISIANA MIDDLE,LOUISIANA,FIFTH CIRCUIT,135,56,2,0,73,9,3,2,0,0,126,53,0,73
2016-07-31,LOUISIANA WESTERN,LOUISIANA,FIFTH CIRCUIT,762,118,3,1,640,11,6,3,1,1,751,112,0,639
2016-07-31,MAINE,MAINE,FIRST CIRCUIT,121,101,1,0,19,6,5,1,0,0,115,96,0,19
2016-07-31,MARYLAND,MARYLAND,FOURTH CIRCUIT,1363,911,14,0,438,37,22,11,0,4,1326,889,3,434
2016-07-31,MASSACHUSETTS,MASSACHUSETTS,FIRST CIRCUIT,765,498,19,2,246,40,22,11,2,5,725,476,8,241
2016-07-31,MICHIGAN EASTERN,MICHIGAN,SIXTH CIRCUIT,1748,1365,7,3,373,25,15,5,3,2,1723,1350,2,371
2016-07-31,MICHIGAN WESTERN,MICHIGAN,SIXTH CIRCUIT,532,429,2,0,101,11,8,2,0,1,521,421,0,100
2016-07-31,MINNESOTA,MINNESOTA,EIGHTH CIRCUIT,701,577,3,0,121,24,20,3,0,1,677,557,0,120
2016-07-31,MISSISSIPPI NORTHERN,MISSISSIPPI,FIFTH CIRCUIT,371,131,1,1,238,8,3,1,1,3,363,128,0,235
2016-07-31,MISSISSIPPI SOUTHERN,MISSISSIPPI,FIFTH CIRCUIT,513,256,4,0,253,17,13,4,0,0,496,243,0,253
2016-07-31,MISSOURI EASTERN,MISSOURI,EIGHTH CIRCUIT,809,518,5,0,286,10,5,4,0,1,799,513,1,285
2016-07-31,MISSOURI WESTERN,MISSOURI,EIGHTH CIRCUIT,655,443,3,0,209,8,4,3,0,1,647,439,0,208
2016-07-31,MONTANA,MONTANA,NINTH CIRCUIT,116,93,2,0,21,9,6,2,0,1,107,87,0,20
2016-07-31,NEBRASKA,NEBRASKA,EIGHTH CIRCUIT,299,205,1,0,93,5,3,1,0,1,294,202,0,92
2016-07-31,NEVADA,NEVADA,NINTH CIRCUIT,712,539,18,0,155,21,14,7,0,0,691,525,11,155
2016-07-31,NEW HAMPSHIRE,NEW HAMPSHIRE,FIRST CIRCUIT,132,97,1,0,34,4,3,1,0,0,128,94,0,34
2016-07-31,NEW JERSEY,NEW JERSEY,THIRD CIRCUIT,2015,1280,14,0,721,55,41,7,0,7,1960,1239,7,714
2016-07-31,NEW MEXICO,NEW MEXICO,TENTH CIRCUIT,283,264,1,0,18,5,5,0,0,0,278,259,1,18
2016-07-31,NEW YORK EASTERN,NEW YORK,SECOND CIRCUIT,997,722,16,0,259,38,24,14,0,0,959,698,2,259
2016-07-31,NEW YORK NORTHERN,NEW YORK,SECOND CIRCUIT,504,402,1,0,101,16,14,1,0,1,488,388,0,100
2016-07-31,NEW YORK SOUTHERN,NEW YORK,SECOND CIRCUIT,620,418,48,0,149,66,16,44,0,1,554,402,4,148
2016-07-31,NEW YORK WESTERN,NEW YORK,SECOND CIRCUIT,285,205,1,0,79,7,6,1,0,0,278,199,0,79
2016-07-31,NORTH CAROLINA EASTERN,NORTH CAROLINA,FOURTH CIRCUIT,557,178,5,1,373,14,5,5,1,3,543,173,0,370
2016-07-31,NORTH CAROLINA MIDDLE,NORTH CAROLINA,FOURTH CIRCUIT,318,128,1,0,189,11,9,1,0,1,307,119,0,188
2016-07-31,NORTH CAROLINA WESTERN,NORTH CAROLINA,FOURTH CIRCUIT,292,139,3,0,150,10,7,2,0,1,282,132,1,149
2016-07-31,NORTH DAKOTA,NORTH DAKOTA,EIGHTH CIRCUIT,52,44,0,0,8,2,2,0,0,0,50,42,0,8
2016-07-31,NORTHERN MARIANAS,NORTHERN MARIANA ISLANDS,NINTH CIRCUIT,0,0,0,0,0,0,0,0,0,0,0,0,0,0
2016-07-31,OHIO NORTHERN,OHIO,SIXTH CIRCUIT,1471,1194,5,0,272,20,14,5,0,1,1451,1180,0,271
2016-07-31,OHIO SOUTHERN,OHIO,SIXTH CIRCUIT,1442,974,2,0,466,23,19,2,0,2,1419,955,0,464
2016-07-31,OKLAHOMA EASTERN,OKLAHOMA,TENTH CIRCUIT,150,131,0,0,19,5,4,0,0,1,145,127,0,18
2016-07-31,OKLAHOMA NORTHERN,OKLAHOMA,TENTH CIRCUIT,197,175,0,0,22,3,3,0,0,0,194,172,0,22
2016-07-31,OKLAHOMA WESTERN,OKLAHOMA,TENTH CIRCUIT,466,355,1,0,110,7,7,0,0,0,459,348,1,110
2016-07-31,OREGON,OREGON,NINTH CIRCUIT,733,570,3,0,160,21,17,3,0,1,712,553,0,159
2016-07-31,PENNSYLVANIA EASTERN,PENNSYLVANIA,THIRD CIRCUIT,731,384,10,0,337,29,18,9,0,2,702,366,1,335
2016-07-31,PENNSYLVANIA MIDDLE,PENNSYLVANIA,THIRD CIRCUIT,410,259,0,0,151,6,5,0,0,1,404,254,0,150
2016-07-31,PENNSYLVANIA WESTERN,PENNSYLVANIA,THIRD CIRCUIT,579,354,9,1,215,19,11,7,1,0,560,343,2,215
2016-07-31,PUERTO RICO,PUERTO RICO,FIRST CIRCUIT,842,356,13,3,470,26,8,12,3,3,816,348,1,467
2016-07-31,RHODE ISLAND,RHODE ISLAND,FIRST CIRCUIT,165,127,1,0,37,5,4,1,0,0,160,123,0,37
2016-07-31,SOUTH CAROLINA,SOUTH CAROLINA,FOURTH CIRCUIT,610,231,5,1,373,15,9,5,1,0,595,222,0,373
2016-07-31,SOUTH DAKOTA,SOUTH DAKOTA,EIGHTH CIRCUIT,87,75,0,1,11,9,4,0,1,4,78,71,0,7
2016-07-31,TENNESSEE EASTERN,TENNESSEE,SIXTH CIRCUIT,865,442,1,0,422,9,6,0,0,3,856,436,1,419
2016-07-31,TENNESSEE MIDDLE,TENNESSEE,SIXTH CIRCUIT,709,328,4,0,377,13,7,4,0,2,696,321,0,375
2016-07-31,TENNESSEE WESTERN,TENNESSEE,SIXTH CIRCUIT,1163,251,3,0,909,6,2,3,0,1,1157,249,0,908
2016-07-31,TEXAS EASTERN,TEXAS,FIFTH CIRCUIT,336,155,3,0,178,22,17,3,0,2,314,138,0,176
2016-07-31,TEXAS NORTHERN,TEXAS,FIFTH CIRCUIT,929,405,11,1,512,48,37,9,1,1,881,368,2,511
2016-07-31,TEXAS SOUTHERN,TEXAS,FIFTH CIRCUIT,717,269,28,0,420,54,23,27,0,4,663,246,1,416
2016-07-31,TEXAS WESTERN,TEXAS,FIFTH CIRCUIT,637,291,15,0,331,47,33,13,0,1,590,258,2,330
2016-07-31,UTAH,UTAH,TENTH CIRCUIT,918,550,6,0,362,19,10,6,0,3,899,540,0,359
2016-07-31,VERMONT,VERMONT,SECOND CIRCUIT,41,33,0,0,8,4,3,0,0,1,37,30,0,7
2016-07-31,VIRGIN ISLANDS,VIRGIN ISLANDS,THIRD CIRCUIT,4,2,0,0,2,0,0,0,0,0,4,2,0,2
2016-07-31,VIRGINIA EASTERN,VIRGINIA,FOURTH CIRCUIT,1374,777,6,0,590,26,17,5,0,3,1348,760,1,587
2016-07-31,VIRGINIA WESTERN,VIRGINIA,FOURTH CIRCUIT,444,271,5,0,168,7,3,4,0,0,437,268,1,168
2016-07-31,WASHINGTON EASTERN,WASHINGTON,NINTH CIRCUIT,326,243,0,1,82,4,2,0,1,1,322,241,0,81
2016-07-31,WASHINGTON WESTERN,WASHINGTON,NINTH CIRCUIT,937,669,6,1,261,20,14,2,1,3,917,655,4,258
2016-07-31,WEST VIRGINIA NORTHERN,WEST VIRGINIA,FOURTH CIRCUIT,111,93,3,0,15,4,0,3,0,1,107,93,0,14
2016-07-31,WEST VIRGINIA SOUTHERN,WEST VIRGINIA,FOURTH CIRCUIT,172,147,1,0,24,10,9,1,0,0,162,138,0,24
2016-07-31,WISCONSIN EASTERN,WISCONSIN,SEVENTH CIRCUIT,971,650,2,1,318,21,14,2,1,4,950,636,0,314
2016-07-31,WISCONSIN WESTERN,WISCONSIN,SEVENTH CIRCUIT,369,296,1,0,72,9,8,1,0,0,360,288,0,72
2016-07-31,WYOMING,WYOMING,TENTH CIRCUIT,114,101,0,0,13,3,3,0,0,0,111,98,0,13
2016-08-31,ALABAMA MIDDLE,ALABAMA,ELEVENTH CIRCUIT,780,153,1,0,626,4,2,1,0,1,776,151,0,625
2016-08-31,ALABAMA NORTHERN,ALABAMA,ELEVENTH CIRCUIT,1272,561,1,1,709,10,8,1,1,0,1262,553,0,709
2016-08-31,ALABAMA SOUTHERN,ALABAMA,ELEVENTH CIRCUIT,417,106,2,0,309,6,2,2,0,2,411,104,0,307
2016-08-31,ALASKA,ALASKA,NINTH CIRCUIT,33,28,0,0,5,2,1,0,0,1,31,27,0,4
2016-08-31,ARIZONA,ARIZONA,NINTH CIRCUIT,1387,1143,15,0,229,40,27,13,0,0,1347,1116,2,229
2016-08-31,ARKANSAS EASTERN,ARKANSAS,EIGHTH CIRCUIT,641,277,1,0,363,13,11,1,0,1,628,266,0,362
2016-08-31,ARKANSAS WESTERN,ARKANSAS,EIGHTH CIRCUIT,314,161,2,0,151,11,6,2,0,3,303,155,0,148
2016-08-31,CALIFORNIA CENTRAL,CALIFORNIA,NINTH CIRCUIT,3677,2634,37,1,1005,136,105,22,1,8,3541,2529,15,997
2016-08-31,CALIFORNIA EASTERN,CALIFORNIA,NINTH CIRCUIT,1437,1091,7,1,338,52,37,4,1,10,1385,1054,3,328
2016-08-31,CALIFORNIA NORTHERN,CALIFORNIA,NINTH CIRCUIT,903,470,17,1,415,52,31,11,1,9,851,439,6,406
2016-08-31,CALIFORNIA SOUTHERN,CALIFORNIA,NINTH CIRCUIT,706,541,3,0,162,22,17,3,0,2,684,524,0,160
2016-08-31,COLORADO,COLORADO,TENTH CIRCUIT,1134,910,5,0,219,26,21,5,0,0,1108,889,0,219
2016-08-31,CONNECTICUT,CONNECTICUT,SECOND CIRCUIT,487,393,11,0,83,29,17,11,0,1,458,376,0,82
2016-08-31,DELAWARE,DELAWARE,THIRD CIRCUIT,203,117,18,0,67,30,11,18,0,0,173,106,0,67
2016-08-31,DISTRICT OF COLUMBIA,DISTRICT OF COLUMBIA,DC CIRCUIT,75,48,7,0,20,8,1,6,0,1,67,47,1,19
2016-08-31,FLORIDA MIDDLE,FLORIDA,ELEVENTH CIRCUIT,2254,1530,25,0,699,94,66,20,0,8,2160,1464,5,691
2016-08-31,FLORIDA NORTHERN,FLORIDA,ELEVENTH CIRCUIT,230,182,4,0,44,15,11,4,0,0,215,171,0,44
2016-08-31,FLORIDA SOUTHERN,FLORIDA,ELEVENTH CIRCUIT,1582,851,29,0,702,49,25,23,0,1,1533,826,6,701
2016-08-31,GEORGIA MIDDLE,GEORGIA,ELEVENTH CIRCUIT,779,243,2,0,534,11,6,2,0,3,768,237,0,531
2016-08-31,GEORGIA NORTHERN,GEORGIA,ELEVENTH CIRCUIT,2865,1525,10,0,1330,58,47,10,0,1,2807,1478,0,1329
2016-08-31,GEORGIA SOUTHERN,GEORGIA,ELEVENTH CIRCUIT,693,116,3,1,573,8,4,3,1,0,685,112,0,573
2016-08-31,GUAM,GUAM,NINTH CIRCUIT,20,18,0,0,2,2,2,0,0,0,18,16,0,2
2016-08-31,HAWAII,HAWAII,NINTH CIRCUIT,129,77,0,0,52,5,4,0,0,1,124,73,0,51
2016-08-31,IDAHO,IDAHO,NINTH CIRCUIT,329,293,1,0,35,6,5,1,0,0,323,288,0,35
2016-08-31,ILLINOIS CENTRAL,ILLINOIS,SEVENTH CIRCUIT,449,368,0,0,81,10,8,0,0,2,439,360,0,79
2016-08-31,ILLINOIS NORTHERN,ILLINOIS,SEVENTH CIRCUIT,3875,2044,11,0,1820,65,50,11,0,4,3810,1994,0,1816
2016-08-31,ILLINOIS SOUTHERN,ILLINOIS,SEVENTH CIRCUIT,331,216,1,1,113,7,4,1,1,1,324,212,0,112
2016-08-31,INDIANA NORTHERN,INDIANA,SEVENTH CIRCUIT,924,655,5,0,264,13,7,5,0,1,911,648,0,263
2016-08-31,INDIANA SOUTHERN,INDIANA,SEVENTH CIRCUIT,1411,925,4,0,482,27,20,4,0,3,1384,905,0,479
2016-08-31,IOWA NORTHERN,IOWA,EIGHTH CIRCUIT,175,158,0,1,16,14,11,0,1,2,161,147,0,14
2016-08-31,IOWA SOUTHERN,IOWA,EIGHTH CIRCUIT,205,177,0,0,28,4,3,0,0,1,201,174,0,27
2016-08-31,KANSAS,KANSAS,TENTH CIRCUIT,660,380,3,0,277,12,8,2,0,2,648,372,1,275
2016-08-31,KENTUCKY EASTERN,KENTUCKY,SIXTH CIRCUIT,665,455,2,0,208,8,7,1,0,0,657,448,1,208
2016-08-31,KENTUCKY WESTERN,KENTUCKY,SIXTH CIRCUIT,623,396,2,3,222,13,8,1,3,1,610,388,1,221
2016-08-31,LOUISIANA EASTERN,LOUISIANA,FIFTH CIRCUIT,303,129,0,0,174,7,6,0,0,1,296,123,0,173
2016-08-31,LOUISIANA MIDDLE,LOUISIANA,FIFTH CIRCUIT,100,58,0,0,42,1,1,0,0,0,99,57,0,42
2016-08-31,LOUISIANA WESTERN,LOUISIANA,FIFTH CIRCUIT,811,141,7,1,662,16,6,7,1,2,795,135,0,660
2016-08-31,MAINE,MAINE,FIRST CIRCUIT,140,111,0,1,28,7,3,0,1,3,133,108,0,25
2016-08-31,MARYLAND,MARYLAND,FOURTH CIRCUIT,1544,1007,15,0,522,33,18,11,0,4,1511,989,4,518
2016-08-31,MASSACHUSETTS,MASSACHUSETTS,FIRST CIRCUIT,724,454,8,1,261,33,21,6,1,5,691,433,2,256
2016-08-31,MICHIGAN EASTERN,MICHIGAN,SIXTH CIRCUIT,1953,1507,6,1,439,27,17,6,1,3,1926,1490,0,436
2016-08-31,MICHIGAN WESTERN,MICHIGAN,SIXTH CIRCUIT,586,460,4,0,122,17,12,3,0,2,569,448,1,120
2016-08-31,MINNESOTA,MINNESOTA,EIGHTH CIRCUIT,819,688,2,2,127,31,27,2,2,0,788,661,0,127
2016-08-31,MISSISSIPPI NORTHERN,MISSISSIPPI,FIFTH CIRCUIT,423,157,2,0,264,5,3,2,0,0,418,154,0,264
2016-08-31,MISSISSIPPI SOUTHERN,MISSISSIPPI,FIFTH CIRCUIT,637,334,0,0,303,13,13,0,0,0,624,321,0,303
2016-08-31,MISSOURI EASTERN,MISSOURI,EIGHTH CIRCUIT,1073,651,2,0,420,22,14,2,0,6,1051,637,0,414
2016-08-31,MISSOURI WESTERN,MISSOURI,EIGHTH CIRCUIT,693,469,2,0,221,10,6,2,0,1,683,463,0,220
2016-08-31,MONTANA,MONTANA,NINTH CIRCUIT,110,91,2,0,17,5,3,2,0,0,105,88,0,17
2016-08-31,NEBRASKA,NEBRASKA,EIGHTH CIRCUIT,336,198,2,1,135,9,5,2,1,1,327,193,0,134
2016-08-31,NEVADA,NEVADA,NINTH CIRCUIT,810,614,12,0,184,22,12,7,0,3,788,602,5,181
2016-08-31,NEW HAMPSHIRE,NEW HAMPSHIRE,FIRST CIRCUIT,137,100,3,0,34,9,7,2,0,0,128,93,1,34
2016-08-31,NEW JERSEY,NEW JERSEY,THIRD CIRCUIT,2261,1448,24,0,789,59,34,22,0,3,2202,1414,2,786
2016-08-31,NEW MEXICO,NEW MEXICO,TENTH CIRCUIT,307,275,2,0,30,11,9,2,0,0,296,266,0,30
2016-08-31,NEW YORK EASTERN,NEW YORK,SECOND CIRCUIT,1071,795,9,0,267,35,26,8,0,1,1036,769,1,266
2016-08-31,NEW YORK NORTHERN,NEW YORK,SECOND CIRCUIT,492,391,2,1,98,10,6,2,1,1,482,385,0,97
2016-08-31,NEW YORK SOUTHERN,NEW YORK,SECOND CIRCUIT,624,454,44,0,124,60,13,43,0,2,564,441,1,122
2016-08-31,NEW YORK WESTERN,NEW YORK,SECOND CIRCUIT,345,241,3,0,101,12,5,3,0,4,333,236,0,97
2016-08-31,NORTH CAROLINA EASTERN,NORTH CAROLINA,FOURTH CIRCUIT,588,185,8,1,394,19,4,5,1,9,569,181,3,385
2016-08-31,NORTH CAROLINA MIDDLE,NORTH CAROLINA,FOURTH CIRCUIT,393,155,2,0,236,9,7,2,0,0,384,148,0,236
2016-08-31,NORTH CAROLINA WESTERN,NORTH CAROLINA,FOURTH CIRCUIT,384,171,5,0,208,16,11,4,0,1,368,160,1,207
2016-08-31,NORTH DAKOTA,NORTH DAKOTA,EIGHTH CIRCUIT,69,56,0,0,13,3,3,0,0,0,66,53,0,13
2016-08-31,NORTHERN MARIANAS,NORTHERN MARIANA ISLANDS,NINTH CIRCUIT,0,0,0,0,0,0,0,0,0,0,0,0,0,0
2016-08-31,OHIO NORTHERN,OHIO,SIXTH CIRCUIT,1777,1463,2,0,312,27,22,2,0,3,1750,1441,0,309
2016-08-31,OHIO SOUTHERN,OHIO,SIXTH CIRCUIT,1577,1072,1,0,504,22,15,1,0,6,1555,1057,0,498
2016-08-31,OKLAHOMA EASTERN,OKLAHOMA,TENTH CIRCUIT,114,100,0,0,14,0,0,0,0,0,114,100,0,14
2016-08-31,OKLAHOMA NORTHERN,OKLAHOMA,TENTH CIRCUIT,241,216,0,0,25,3,3,0,0,0,238,213,0,25
2016-08-31,OKLAHOMA WESTERN,OKLAHOMA,TENTH CIRCUIT,513,401,0,0,112,9,8,0,0,1,504,393,0,111
2016-08-31,OREGON,OREGON,NINTH CIRCUIT,759,584,1,1,172,16,12,0,1,2,743,572,1,170
2016-08-31,PENNSYLVANIA EASTERN,PENNSYLVANIA,THIRD CIRCUIT,734,403,4,0,327,29,17,4,0,8,705,386,0,319
2016-08-31,PENNSYLVANIA MIDDLE,PENNSYLVANIA,THIRD CIRCUIT,467,286,1,0,180,13,8,1,0,4,454,278,0,176
2016-08-31,PENNSYLVANIA WESTERN,PENNSYLVANIA,THIRD CIRCUIT,580,366,9,0,205,24,14,9,0,1,556,352,0,204
2016-08-31,PUERTO RICO,PUERTO RICO,FIRST CIRCUIT,943,403,19,3,518,47,13,17,3,14,896,390,2,504
2016-08-31,RHODE ISLAND,RHODE ISLAND,FIRST CIRCUIT,189,135,1,0,53,6,4,1,0,1,183,131,0,52
2016-08-31,SOUTH CAROLINA,SOUTH CAROLINA,FOURTH CIRCUIT,594,238,2,1,353,8,4,2,1,1,586,234,0,352
2016-08-31,SOUTH DAKOTA,SOUTH DAKOTA,EIGHTH CIRCUIT,84,79,1,0,4,6,5,0,0,1,78,74,1,3
2016-08-31,TENNESSEE EASTERN,TENNESSEE,SIXTH CIRCUIT,1046,494,5,0,547,19,13,5,0,1,1027,481,0,546
2016-08-31,TENNESSEE MIDDLE,TENNESSEE,SIXTH CIRCUIT,858,419,1,0,438,11,8,1,0,2,847,411,0,436
2016-08-31,TENNESSEE WESTERN,TENNESSEE,SIXTH CIRCUIT,1356,258,2,0,1096,7,3,2,0,2,1349,255,0,1094
2016-08-31,TEXAS EASTERN,TEXAS,FIFTH CIRCUIT,424,192,6,0,226,38,28,4,0,6,386,164,2,220
2016-08-31,TEXAS NORTHERN,TEXAS,FIFTH CIRCUIT,985,394,10,0,581,57,40,10,0,7,928,354,0,574
2016-08-31,TEXAS SOUTHERN,TEXAS,FIFTH CIRCUIT,771,346,20,0,405,65,41,20,0,4,706,305,0,401
2016-08-31,TEXAS WESTERN,TEXAS,FIFTH CIRCUIT,651,336,8,0,307,46,38,7,0,1,605,298,1,306
2016-08-31,UTAH,UTAH,TENTH CIRCUIT,1092,660,1,0,431,18,13,1,0,4,1074,647,0,427
2016-08-31,VERMONT,VERMONT,SECOND CIRCUIT,48,41,0,0,7,3,2,0,0,1,45,39,0,6
2016-08-31,VIRGIN ISLANDS,VIRGIN ISLANDS,THIRD CIRCUIT,0,0,0,0,0,0,0,0,0,0,0,0,0,0
2016-08-31,VIRGINIA EASTERN,VIRGINIA,FOURTH CIRCUIT,1506,852,5,1,648,21,16,3,1,1,1485,836,2,647
2016-08-31,VIRGINIA WESTERN,VIRGINIA,FOURTH CIRCUIT,487,307,3,1,176,8,3,2,1,2,479,304,1,174
2016-08-31,WASHINGTON EASTERN,WASHINGTON,NINTH CIRCUIT,341,260,1,0,80,9,6,1,0,2,332,254,0,78
2016-08-31,WASHINGTON WESTERN,WASHINGTON,NINTH CIRCUIT,1068,744,7,0,317,31,25,3,0,3,1037,719,4,314
2016-08-31,WEST VIRGINIA NORTHERN,WEST VIRGINIA,FOURTH CIRCUIT,128,115,2,0,11,5,3,2,0,0,123,112,0,11
2016-08-31,WEST VIRGINIA SOUTHERN,WEST VIRGINIA,FOURTH CIRCUIT,181,156,8,0,17,10,2,8,0,0,171,154,0,17
2016-08-31,WISCONSIN EASTERN,WISCONSIN,SEVENTH CIRCUIT,1073,679,1,0,393,12,9,0,0,3,1061,670,1,390
2016-08-31,WISCONSIN WESTERN,WISCONSIN,SEVENTH CIRCUIT,357,288,3,2,64,14,7,2,2,3,343,281,1,61
2016-08-31,WYOMING,WYOMING,TENTH CIRCUIT,89,82,0,0,7,3,3,0,0,0,86,79,0,7
2016-09-30,ALABAMA MIDDLE,ALABAMA,ELEVENTH CIRCUIT,795,152,1,0,642,7,6,1,0,0,788,146,0,642
2016-09-30,ALABAMA NORTHERN,ALABAMA,ELEVENTH CIRCUIT,1193,496,1,0,696,12,10,1,0,1,1181,486,0,695
2016-09-30,ALABAMA SOUTHERN,ALABAMA,ELEVENTH CIRCUIT,427,100,1,0,326,3,2,1,0,0,424,98,0,326
2016-09-30,ALASKA,ALASKA,NINTH CIRCUIT,34,27,0,0,7,3,3,0,0,0,31,24,0,7
2016-09-30,ARIZONA,ARIZONA,NINTH CIRCUIT,1230,991,23,0,216,44,21,20,0,3,1186,970,3,213
2016-09-30,ARKANSAS EASTERN,ARKANSAS,EIGHTH CIRCUIT,613,272,2,1,338,15,8,2,1,4,598,264,0,334
2016-09-30,ARKANSAS WESTERN,ARKANSAS,EIGHTH CIRCUIT,271,140,1,1,129,7,4,1,1,1,264,136,0,128
2016-09-30,CALIFORNIA CENTRAL,CALIFORNIA,NINTH CIRCUIT,3296,2402,33,1,860,138,110,22,1,5,3158,2292,11,855
2016-09-30,CALIFORNIA EASTERN,CALIFORNIA,NINTH CIRCUIT,1234,956,4,0,274,36,28,3,0,5,1198,928,1,269
2016-09-30,CALIFORNIA NORTHERN,CALIFORNIA,NINTH CIRCUIT,841,435,10,0,396,37,22,6,0,9,804,413,4,387
2016-09-30,CALIFORNIA SOUTHERN,CALIFORNIA,NINTH CIRCUIT,679,510,3,0,166,23,18,3,0,2,656,492,0,164
2016-09-30,COLORADO,COLORADO,TENTH CIRCUIT,1058,816,5,0,237,31,25,5,0,1,1027,791,0,236
2016-09-30,CONNECTICUT,CONNECTICUT,SECOND CIRCUIT,480,376,1,1,102,13,10,1,1,1,467,366,0,101
2016-09-30,DELAWARE,DELAWARE,THIRD CIRCUIT,207,125,21,0,61,25,4,21,0,0,182,121,0,61
2016-09-30,DISTRICT OF COLUMBIA,DISTRICT OF COLUMBIA,DC CIRCUIT,55,42,2,0,11,2,1,1,0,0,53,41,1,11
2016-09-30,FLORIDA MIDDLE,FLORIDA,ELEVENTH CIRCUIT,1993,1320,42,0,631,104,63,33,0,8,1889,1257,9,623
2016-09-30,FLORIDA NORTHERN,FLORIDA,ELEVENTH CIRCUIT,180,134,1,0,45,3,3,0,0,0,177,131,1,45
2016-09-30,FLORIDA SOUTHERN,FLORIDA,ELEVENTH CIRCUIT,1451,820,20,0,611,46,31,13,0,2,1405,789,7,609
2016-09-30,GEORGIA MIDDLE,GEORGIA,ELEVENTH CIRCUIT,818,236,3,8,571,26,10,3,8,5,792,226,0,566
2016-09-30,GEORGIA NORTHERN,GEORGIA,ELEVENTH CIRCUIT,2892,1380,15,0,1497,55,39,13,0,3,2837,1341,2,1494
2016-09-30,GEORGIA SOUTHERN,GEORGIA,ELEVENTH CIRCUIT,637,120,2,1,514,8,5,1,1,1,629,115,1,513
2016-09-30,GUAM,GUAM,NINTH CIRCUIT,19,15,0,0,4,2,2,0,0,0,17,13,0,4
2016-09-30,HAWAII,HAWAII,NINTH CIRCUIT,117,80,3,0,34,6,1,3,0,2,111,79,0,32
2016-09-30,IDAHO,IDAHO,NINTH CIRCUIT,337,300,1,0,36,5,4,1,0,0,332,296,0,36
2016-09-30,ILLINOIS CENTRAL,ILLINOIS,SEVENTH CIRCUIT,399,309,1,0,89,11,9,1,0,1,388,300,0,88
2016-09-30,ILLINOIS NORTHERN,ILLINOIS,SEVENTH CIRCUIT,3600,1921,7,1,1671,57,44,7,1,5,3543,1877,0,1666
2016-09-30,ILLINOIS SOUTHERN,ILLINOIS,SEVENTH CIRCUIT,308,191,0,1,116,7,3,0,1,3,301,188,0,113
2016-09-30,INDIANA NORTHERN,INDIANA,SEVENTH CIRCUIT,810,560,1,0,249,9,5,1,0,3,801,555,0,246
2016-09-30,INDIANA SOUTHERN,INDIANA,SEVENTH CIRCUIT,1236,787,1,0,448,15,12,1,0,2,1221,775,0,446
2016-09-30,IOWA NORTHERN,IOWA,EIGHTH CIRCUIT,128,113,0,1,14,6,4,0,1,1,122,109,0,13
2016-09-30,IOWA SOUTHERN,IOWA,EIGHTH CIRCUIT,197,156,4,0,37,8,4,4,0,0,189,152,0,37
2016-09-30,KANSAS,KANSAS,TENTH CIRCUIT,611,348,1,3,259,12,7,1,3,1,599,341,0,258
2016-09-30,KENTUCKY EASTERN,KENTUCKY,SIXTH CIRCUIT,686,473,0,0,213,3,3,0,0,0,683,470,0,213
2016-09-30,KENTUCKY WESTERN,KENTUCKY,SIXTH CIRCUIT,644,407,2,1,234,8,4,2,1,1,636,403,0,233
2016-09-30,LOUISIANA EASTERN,LOUISIANA,FIFTH CIRCUIT,287,144,2,0,141,11,9,2,0,0,276,135,0,141
2016-09-30,LOUISIANA MIDDLE,LOUISIANA,FIFTH CIRCUIT,88,55,1,0,32,3,2,1,0,0,85,53,0,32
2016-09-30,LOUISIANA WESTERN,LOUISIANA,FIFTH CIRCUIT,783,166,7,0,610,18,12,5,0,1,765,154,2,609
2016-09-30,MAINE,MAINE,FIRST CIRCUIT,126,116,0,0,10,4,4,0,0,0,122,112,0,10
2016-09-30,MARYLAND,MARYLAND,FOURTH CIRCUIT,877,561,5,0,311,21,15,5,0,1,856,546,0,310
2016-09-30,MASSACHUSETTS,MASSACHUSETTS,FIRST CIRCUIT,679,453,11,1,214,30,17,11,1,1,649,436,0,213
2016-09-30,MICHIGAN EASTERN,MICHIGAN,SIXTH CIRCUIT,1832,1369,14,2,447,41,18,13,2,8,1791,1351,1,439
2016-09-30,MICHIGAN WESTERN,MICHIGAN,SIXTH CIRCUIT,511,399,1,0,111,13,11,1,0,1,498,388,0,110
2016-09-30,MINNESOTA,MINNESOTA,EIGHTH CIRCUIT,746,611,2,0,133,23,19,2,0,2,723,592,0,131
2016-09-30,MISSISSIPPI NORTHERN,MISSISSIPPI,FIFTH CIRCUIT,442,169,2,0,271,8,3,2,0,3,434,166,0,268
2016-09-30,MISSISSIPPI SOUTHERN,MISSISSIPPI,FIFTH CIRCUIT,584,270,0,0,314,14,14,0,0,0,570,256,0,314
2016-09-30,MISSOURI EASTERN,MISSOURI,EIGHTH CIRCUIT,953,621,3,0,329,11,6,3,0,2,942,615,0,327
2016-09-30,MISSOURI WESTERN,MISSOURI,EIGHTH CIRCUIT,619,400,1,0,218,11,8,1,0,2,608,392,0,216
2016-09-30,MONTANA,MONTANA,NINTH CIRCUIT,104,90,0,0,14,2,2,0,0,0,102,88,0,14
2016-09-30,NEBRASKA,NEBRASKA,EIGHTH CIRCUIT,355,185,4,1,165,12,5,3,1,3,343,180,1,162
2016-09-30,NEVADA,NEVADA,NINTH CIRCUIT,734,538,19,0,173,27,11,9,0,3,707,527,10,170
2016-09-30,NEW HAMPSHIRE,NEW HAMPSHIRE,FIRST CIRCUIT,166,127,0,0,39,11,10,0,0,1,155,117,0,38
2016-09-30,NEW JERSEY,NEW JERSEY,THIRD CIRCUIT,2042,1272,27,0,743,66,39,22,0,5,1976,1233,5,738
2016-09-30,NEW MEXICO,NEW MEXICO,TENTH CIRCUIT,249,221,4,0,24,15,10,4,0,1,234,211,0,23
2016-09-30,NEW YORK EASTERN,NEW YORK,SECOND CIRCUIT,1059,695,25,1,338,45,21,21,1,2,1014,674,4,336
2016-09-30,NEW YORK NORTHERN,NEW YORK,SECOND CIRCUIT,499,366,0,2,131,18,14,0,2,2,481,352,0,129
2016-09-30,NEW YORK SOUTHERN,NEW YORK,SECOND CIRCUIT,553,390,16,0,141,39,19,13,0,1,514,371,3,140
2016-09-30,NEW YORK WESTERN,NEW YORK,SECOND CIRCUIT,347,240,3,0,104,17,11,3,0,3,330,229,0,101
2016-09-30,NORTH CAROLINA EASTERN,NORTH CAROLINA,FOURTH CIRCUIT,579,189,9,1,380,15,6,5,1,3,564,183,4,377
2016-09-30,NORTH CAROLINA MIDDLE,NORTH CAROLINA,FOURTH CIRCUIT,344,148,1,0,195,8,5,1,0,2,336,143,0,193
2016-09-30,NORTH CAROLINA WESTERN,NORTH CAROLINA,FOURTH CIRCUIT,372,195,4,0,173,13,8,4,0,1,359,187,0,172
2016-09-30,NORTH DAKOTA,NORTH DAKOTA,EIGHTH CIRCUIT,53,46,1,0,6,2,1,1,0,0,51,45,0,6
2016-09-30,NORTHERN MARIANAS,NORTHERN MARIANA ISLANDS,NINTH CIRCUIT,1,1,0,0,0,0,0,0,0,0,1,1,0,0
2016-09-30,OHIO NORTHERN,OHIO,SIXTH CIRCUIT,1649,1334,3,0,312,26,18,2,0,6,1623,1316,1,306
2016-09-30,OHIO SOUTHERN,OHIO,SIXTH CIRCUIT,1384,930,0,0,454,26,18,0,0,8,1358,912,0,446
2016-09-30,OKLAHOMA EASTERN,OKLAHOMA,TENTH CIRCUIT,104,98,0,0,5,5,4,0,0,0,99,94,0,5
2016-09-30,OKLAHOMA NORTHERN,OKLAHOMA,TENTH CIRCUIT,213,185,1,0,27,5,4,1,0,0,208,181,0,27
2016-09-30,OKLAHOMA WESTERN,OKLAHOMA,TENTH CIRCUIT,462,359,0,0,103,6,6,0,0,0,456,353,0,103
2016-09-30,OREGON,OREGON,NINTH CIRCUIT,732,567,3,1,161,19,14,3,1,1,713,553,0,160
2016-09-30,PENNSYLVANIA EASTERN,PENNSYLVANIA,THIRD CIRCUIT,835,386,5,0,444,23,11,4,0,8,812,375,1,436
2016-09-30,PENNSYLVANIA MIDDLE,PENNSYLVANIA,THIRD CIRCUIT,477,287,1,0,189,11,9,1,0,1,466,278,0,188
2016-09-30,PENNSYLVANIA WESTERN,PENNSYLVANIA,THIRD CIRCUIT,670,384,11,0,275,27,14,10,0,3,643,370,1,272
2016-09-30,PUERTO RICO,PUERTO RICO,FIRST CIRCUIT,906,377,18,1,510,32,6,15,1,10,874,371,3,500
2016-09-30,RHODE ISLAND,RHODE ISLAND,FIRST CIRCUIT,196,145,0,0,51,3,3,0,0,0,193,142,0,51
2016-09-30,SOUTH CAROLINA,SOUTH CAROLINA,FOURTH CIRCUIT,570,189,5,0,376,13,7,4,0,2,557,182,1,374
2016-09-30,SOUTH DAKOTA,SOUTH DAKOTA,EIGHTH CIRCUIT,78,66,0,0,12,1,1,0,0,0,77,65,0,12
2016-09-30,TENNESSEE EASTERN,TENNESSEE,SIXTH CIRCUIT,1050,524,2,0,524,17,15,2,0,0,1033,509,0,524
2016-09-30,TENNESSEE MIDDLE,TENNESSEE,SIXTH CIRCUIT,864,410,4,0,450,14,9,2,0,3,850,401,2,447
2016-09-30,TENNESSEE WESTERN,TENNESSEE,SIXTH CIRCUIT,1291,276,3,0,1012,6,3,3,0,0,1285,273,0,1012
2016-09-30,TEXAS EASTERN,TEXAS,FIFTH CIRCUIT,449,164,4,0,281,25,18,4,0,3,424,146,0,278
2016-09-30,TEXAS NORTHERN,TEXAS,FIFTH CIRCUIT,1126,418,13,1,694,56,37,13,1,5,1070,381,0,689
2016-09-30,TEXAS SOUTHERN,TEXAS,FIFTH CIRCUIT,792,298,10,0,484,52,37,10,0,5,740,261,0,479
2016-09-30,TEXAS WESTERN,TEXAS,FIFTH CIRCUIT,698,323,32,0,343,75,37,31,0,7,623,286,1,336
2016-09-30,UTAH,UTAH,TENTH CIRCUIT,987,550,1,0,436,10,9,1,0,0,977,541,0,436
2016-09-30,VERMONT,VERMONT,SECOND CIRCUIT,45,29,0,0,16,2,2,0,0,0,43,27,0,16
2016-09-30,VIRGIN ISLANDS,VIRGIN ISLANDS,THIRD CIRCUIT,0,0,0,0,0,0,0,0,0,0,0,0,0,0
2016-09-30,VIRGINIA EASTERN,VIRGINIA,FOURTH CIRCUIT,1358,722,4,0,632,23,18,4,0,1,1335,704,0,631
2016-09-30,VIRGINIA WESTERN,VIRGINIA,FOURTH CIRCUIT,470,271,0,1,198,8,5,0,1,2,462,266,0,196
2016-09-30,WASHINGTON EASTERN,WASHINGTON,NINTH CIRCUIT,332,247,0,1,84,7,4,0,1,2,325,243,0,82
2016-09-30,WASHINGTON WESTERN,WASHINGTON,NINTH CIRCUIT,954,669,5,0,280,28,23,3,0,2,926,646,2,278
2016-09-30,WEST VIRGINIA NORTHERN,WEST VIRGINIA,FOURTH CIRCUIT,102,85,0,0,17,2,2,0,0,0,100,83,0,17
2016-09-30,WEST VIRGINIA SOUTHERN,WEST VIRGINIA,FOURTH CIRCUIT,187,172,1,0,14,5,5,0,0,0,182,167,1,14
2016-09-30,WISCONSIN EASTERN,WISCONSIN,SEVENTH CIRCUIT,1004,603,2,3,396,26,18,2,3,3,978,585,0,393
2016-09-30,WISCONSIN WESTERN,WISCONSIN,SEVENTH CIRCUIT,360,280,3,4,73,21,9,3,4,5,339,271,0,68
2016-09-30,WYOMING,WYOMING,TENTH CIRCUIT,91,78,0,0,13,3,3,0,0,0,88,75,0,13
2016-10-31,ALABAMA MIDDLE,ALABAMA,ELEVENTH CIRCUIT,688,143,0,1,544,4,2,0,1,1,684,141,0,543
2016-10-31,ALABAMA NORTHERN,ALABAMA,ELEVENTH CIRCUIT,1151,526,2,1,622,18,14,2,1,1,1133,512,0,621
2016-10-31,ALABAMA SOUTHERN,ALABAMA,ELEVENTH CIRCUIT,426,108,0,0,318,1,1,0,0,0,425,107,0,318
2016-10-31,ALASKA,ALASKA,NINTH CIRCUIT,45,36,0,0,9,5,5,0,0,0,40,31,0,9
2016-10-31,ARIZONA,ARIZONA,NINTH CIRCUIT,1310,1056,16,1,237,41,27,8,1,5,1269,1029,8,232
2016-10-31,ARKANSAS EASTERN,ARKANSAS,EIGHTH CIRCUIT,566,228,0,0,338,5,5,0,0,0,561,223,0,338
2016-10-31,ARKANSAS WESTERN,ARKANSAS,EIGHTH CIRCUIT,268,149,0,2,117,7,4,0,2,1,261,145,0,116
2016-10-31,CALIFORNIA CENTRAL,CALIFORNIA,NINTH CIRCUIT,3369,2445,32,0,892,132,98,22,0,12,3237,2347,10,880
2016-10-31,CALIFORNIA EASTERN,CALIFORNIA,NINTH CIRCUIT,1229,922,4,3,300,42,28,2,3,9,1187,894,2,291
2016-10-31,CALIFORNIA NORTHERN,CALIFORNIA,NINTH CIRCUIT,824,448,18,0,357,41,24,10,0,6,783,424,8,351
2016-10-31,CALIFORNIA SOUTHERN,CALIFORNIA,NINTH CIRCUIT,646,516,4,0,126,24,19,4,0,1,622,497,0,125
2016-10-31,COLORADO,COLORADO,TENTH CIRCUIT,1013,787,10,0,216,27,16,9,0,2,986,771,1,214
2016-10-31,CONNECTICUT,CONNECTICUT,SECOND CIRCUIT,488,366,11,0,110,20,7,11,0,1,468,359,0,109
2016-10-31,DELAWARE,DELAWARE,THIRD CIRCUIT,250,107,70,0,73,76,6,70,0,0,174,101,0,73
2016-10-31,DISTRICT OF COLUMBIA,DISTRICT OF COLUMBIA,DC CIRCUIT,73,48,1,0,24,4,3,1,0,0,69,45,0,24
2016-10-31,FLORIDA MIDDLE,FLORIDA,ELEVENTH CIRCUIT,1949,1316,15,0,618,83,68,8,0,7,1866,1248,7,611
2016-10-31,FLORIDA NORTHERN,FLORIDA,ELEVENTH CIRCUIT,177,136,2,0,39,4,2,2,0,0,173,134,0,39
2016-10-31,FLORIDA SOUTHERN,FLORIDA,ELEVENTH CIRCUIT,1317,651,18,0,646,44,23,16,0,3,1273,628,2,643
2016-10-31,GEORGIA MIDDLE,GEORGIA,ELEVENTH CIRCUIT,783,194,1,0,588,17,12,1,0,4,766,182,0,584
2016-10-31,GEORGIA NORTHERN,GEORGIA,ELEVENTH CIRCUIT,3060,1467,9,0,1584,56,40,9,0,7,3004,1427,0,1577
2016-10-31,GEORGIA SOUTHERN,GEORGIA,ELEVENTH CIRCUIT,613,98,1,1,513,11,8,1,1,1,602,90,0,512
2016-10-31,GUAM,GUAM,NINTH CIRCUIT,8,8,0,0,0,0,0,0,0,0,8,8,0,0
2016-10-31,HAWAII,HAWAII,NINTH CIRCUIT,129,78,0,0,51,1,1,0,0,0,128,77,0,51
2016-10-31,IDAHO,IDAHO,NINTH CIRCUIT,319,282,2,1,34,11,7,2,1,1,308,275,0,33
2016-10-31,ILLINOIS CENTRAL,ILLINOIS,SEVENTH CIRCUIT,426,337,2,0,87,16,11,1,0,4,410,326,1,83
2016-10-31,ILLINOIS NORTHERN,ILLINOIS,SEVENTH CIRCUIT,3766,1973,16,0,1777,62,42,15,0,5,3704,1931,1,1772
2016-10-31,ILLINOIS SOUTHERN,ILLINOIS,SEVENTH CIRCUIT,282,191,0,0,91,6,4,0,0,2,276,187,0,89
2016-10-31,INDIANA NORTHERN,INDIANA,SEVENTH CIRCUIT,723,493,4,0,226,13,12,1,0,0,710,481,3,226
2016-10-31,INDIANA SOUTHERN,INDIANA,SEVENTH CIRCUIT,919,509,2,1,407,15,11,1,1,2,904,498,1,405
2016-10-31,IOWA NORTHERN,IOWA,EIGHTH CIRCUIT,121,106,0,0,15,8,8,0,0,0,113,98,0,15
2016-10-31,IOWA SOUTHERN,IOWA,EIGHTH CIRCUIT,204,180,0,0,24,5,4,0,0,1,199,176,0,23
2016-10-31,KANSAS,KANSAS,TENTH CIRCUIT,574,324,2,1,247,19,16,1,1,1,555,308,1,246
2016-10-31,KENTUCKY EASTERN,KENTUCKY,SIXTH CIRCUIT,612,391,3,0,218,9,7,2,0,0,603,384,1,218
2016-10-31,KENTUCKY WESTERN,KENTUCKY,SIXTH CIRCUIT,564,353,0,0,211,5,4,0,0,1,559,349,0,210
2016-10-31,LOUISIANA EASTERN,LOUISIANA,FIFTH CIRCUIT,276,121,5,0,150,13,7,5,0,1,263,114,0,149
2016-10-31,LOUISIANA MIDDLE,LOUISIANA,FIFTH CIRCUIT,83,44,0,0,39,0,0,0,0,0,83,44,0,39
2016-10-31,LOUISIANA WESTERN,LOUISIANA,FIFTH CIRCUIT,723,125,3,0,595,7,4,2,0,1,716,121,1,594
2016-10-31,MAINE,MAINE,FIRST CIRCUIT,107,92,1,0,14,5,3,1,0,1,102,89,0,13
2016-10-31,MARYLAND,MARYLAND,FOURTH CIRCUIT,1276,824,10,0,442,31,22,8,0,1,1245,802,2,441
2016-10-31,MASSACHUSETTS,MASSACHUSETTS,FIRST CIRCUIT,659,459,10,1,189,35,24,8,1,2,624,435,2,187
2016-10-31,MICHIGAN EASTERN,MICHIGAN,SIXTH CIRCUIT,1841,1380,10,2,449,34,18,9,2,5,1807,1362,1,444
2016-10-31,MICHIGAN WESTERN,MICHIGAN,SIXTH CIRCUIT,535,415,1,0,119,9,7,1,0,1,526,408,0,118
2016-10-31,MINNESOTA,MINNESOTA,EIGHTH CIRCUIT,743,607,2,0,134,26,23,2,0,1,717,584,0,133
2016-10-31,MISSISSIPPI NORTHERN,MISSISSIPPI,FIFTH CIRCUIT,429,151,2,0,276,8,3,2,0,3,421,148,0,273
2016-10-31,MISSISSIPPI SOUTHERN,MISSISSIPPI,FIFTH CIRCUIT,555,267,3,0,285,7,3,3,0,1,548,264,0,284
2016-10-31,MISSOURI EASTERN,MISSOURI,EIGHTH CIRCUIT,914,609,3,0,302,11,6,3,0,2,903,603,0,300
2016-10-31,MISSOURI WESTERN,MISSOURI,EIGHTH CIRCUIT,607,401,5,0,201,16,9,5,0,2,591,392,0,199
2016-10-31,MONTANA,MONTANA,NINTH CIRCUIT,100,76,3,1,20,11,6,3,1,1,89,70,0,19
2016-10-31,NEBRASKA,NEBRASKA,EIGHTH CIRCUIT,337,207,1,1,128,11,6,1,1,3,326,201,0,125
2016-10-31,NEVADA,NEVADA,NINTH CIRCUIT,638,485,19,0,134,23,15,7,0,1,615,470,12,133
2016-10-31,NEW HAMPSHIRE,NEW HAMPSHIRE,FIRST CIRCUIT,139,100,3,0,36,9,6,3,0,0,130,94,0,36
2016-10-31,NEW JERSEY,NEW JERSEY,THIRD CIRCUIT,2083,1351,32,1,699,72,40,27,1,4,2011,1311,5,695
2016-10-31,NEW MEXICO,NEW MEXICO,TENTH CIRCUIT,257,223,5,0,29,10,6,4,0,0,247,217,1,29
2016-10-31,NEW YORK EASTERN,NEW YORK,SECOND CIRCUIT,1002,672,15,0,315,50,39,11,0,0,952,633,4,315
2016-10-31,NEW YORK NORTHERN,NEW YORK,SECOND CIRCUIT,473,355,2,1,115,11,7,2,1,1,462,348,0,114
2016-10-31,NEW YORK SOUTHERN,NEW YORK,SECOND CIRCUIT,626,465,17,0,126,47,16,12,0,1,579,449,5,125
2016-10-31,NEW YORK WESTERN,NEW YORK,SECOND CIRCUIT,426,216,9,0,201,28,8,9,0,11,398,208,0,190
2016-10-31,NORTH CAROLINA EASTERN,NORTH CAROLINA,FOURTH CIRCUIT,548,173,4,0,371,17,10,4,0,3,531,163,0,368
2016-10-31,NORTH CAROLINA MIDDLE,NORTH CAROLINA,FOURTH CIRCUIT,333,125,1,1,206,7,4,1,1,1,326,121,0,205
2016-10-31,NORTH CAROLINA WESTERN,NORTH CAROLINA,FOURTH CIRCUIT,312,152,1,0,159,5,4,1,0,0,307,148,0,159
2016-10-31,NORTH DAKOTA,NORTH DAKOTA,EIGHTH CIRCUIT,70,59,0,1,10,2,1,0,1,0,68,58,0,10
2016-10-31,NORTHERN MARIANAS,NORTHERN MARIANA ISLANDS,NINTH CIRCUIT,0,0,0,0,0,0,0,0,0,0,0,0,0,0
2016-10-31,OHIO NORTHERN,OHIO,SIXTH CIRCUIT,1633,1329,1,1,302,34,28,1,1,4,1599,1301,0,298
2016-10-31,OHIO SOUTHERN,OHIO,SIXTH CIRCUIT,1362,902,0,0,460,22,18,0,0,4,1340,884,0,456
2016-10-31,OKLAHOMA EASTERN,OKLAHOMA,TENTH CIRCUIT,106,95,0,0,11,5,5,0,0,0,101,90,0,11
2016-10-31,OKLAHOMA NORTHERN,OKLAHOMA,TENTH CIRCUIT,180,159,1,0,20,4,3,1,0,0,176,156,0,20
2016-10-31,OKLAHOMA WESTERN,OKLAHOMA,TENTH CIRCUIT,421,324,2,1,94,12,10,1,1,0,409,314,1,94
2016-10-31,OREGON,OREGON,NINTH CIRCUIT,727,562,0,0,165,10,10,0,0,0,717,552,0,165
2016-10-31,PENNSYLVANIA EASTERN,PENNSYLVANIA,THIRD CIRCUIT,789,363,5,0,421,23,17,4,0,2,766,346,1,419
2016-10-31,PENNSYLVANIA MIDDLE,PENNSYLVANIA,THIRD CIRCUIT,419,253,1,0,165,11,5,1,0,5,408,248,0,160
2016-10-31,PENNSYLVANIA WESTERN,PENNSYLVANIA,THIRD CIRCUIT,542,362,8,0,172,21,15,6,0,0,521,347,2,172
2016-10-31,PUERTO RICO,PUERTO RICO,FIRST CIRCUIT,866,365,18,3,480,38,13,17,3,5,828,352,1,475
2016-10-31,RHODE ISLAND,RHODE ISLAND,FIRST CIRCUIT,174,128,4,0,42,6,2,4,0,0,168,126,0,42
2016-10-31,SOUTH CAROLINA,SOUTH CAROLINA,FOURTH CIRCUIT,474,203,2,0,269,12,7,2,0,3,462,196,0,266
2016-10-31,SOUTH DAKOTA,SOUTH DAKOTA,EIGHTH CIRCUIT,87,76,0,1,10,3,2,0,1,0,84,74,0,10
2016-10-31,TENNESSEE EASTERN,TENNESSEE,SIXTH CIRCUIT,922,491,2,0,429,11,8,2,0,1,911,483,0,428
2016-10-31,TENNESSEE MIDDLE,TENNESSEE,SIXTH CIRCUIT,789,349,4,0,436,7,4,3,0,0,782,345,1,436
2016-10-31,TENNESSEE WESTERN,TENNESSEE,SIXTH CIRCUIT,1279,284,5,0,990,8,3,5,0,0,1271,281,0,990
2016-10-31,TEXAS EASTERN,TEXAS,FIFTH CIRCUIT,411,160,9,0,242,25,13,9,0,3,386,147,0,239
2016-10-31,TEXAS NORTHERN,TEXAS,FIFTH CIRCUIT,1011,387,20,2,602,60,35,20,2,3,951,352,0,599
2016-10-31,TEXAS SOUTHERN,TEXAS,FIFTH CIRCUIT,815,264,5,0,545,47,34,5,0,7,768,230,0,538
2016-10-31,TEXAS WESTERN,TEXAS,FIFTH CIRCUIT,769,336,12,0,421,44,28,12,0,4,725,308,0,417
2016-10-31,UTAH,UTAH,TENTH CIRCUIT,971,568,3,0,400,15,10,3,0,2,956,558,0,398
2016-10-31,VERMONT,VERMONT,SECOND CIRCUIT,35,27,0,0,8,0,0,0,0,0,35,27,0,8
2016-10-31,VIRGIN ISLANDS,VIRGIN ISLANDS,THIRD CIRCUIT,2,1,0,0,1,0,0,0,0,0,2,1,0,1
2016-10-31,VIRGINIA EASTERN,VIRGINIA,FOURTH CIRCUIT,1413,797,9,1,606,25,15,6,1,3,1388,782,3,603
2016-10-31,VIRGINIA WESTERN,VIRGINIA,FOURTH CIRCUIT,462,264,2,0,196,8,4,2,0,2,454,260,0,194
2016-10-31,WASHINGTON EASTERN,WASHINGTON,NINTH CIRCUIT,321,235,2,1,83,6,2,2,1,1,315,233,0,82
2016-10-31,WASHINGTON WESTERN,WASHINGTON,NINTH CIRCUIT,986,703,4,0,279,31,23,4,0,4,955,680,0,275
2016-10-31,WEST VIRGINIA NORTHERN,WEST VIRGINIA,FOURTH CIRCUIT,105,84,2,0,19,4,2,2,0,0,101,82,0,19
2016-10-31,WEST VIRGINIA SOUTHERN,WEST VIRGINIA,FOURTH CIRCUIT,158,138,1,0,19,6,4,1,0,1,152,134,0,18
2016-10-31,WISCONSIN EASTERN,WISCONSIN,SEVENTH CIRCUIT,1059,650,1,2,406,14,7,0,2,5,1045,643,1,401
2016-10-31,WISCONSIN WESTERN,WISCONSIN,SEVENTH CIRCUIT,325,267,1,1,56,17,12,1,1,3,308,255,0,53
2016-10-31,WYOMING,WYOMING,TENTH CIRCUIT,77,67,0,0,10,3,3,0,0,0,74,64,0,10
2016-11-30,ALABAMA MIDDLE,ALABAMA,ELEVENTH CIRCUIT,699,137,1,0,561,7,5,1,0,1,692,132,0,560
2016-11-30,ALABAMA NORTHERN,ALABAMA,ELEVENTH CIRCUIT,1069,510,1,0,558,13,12,1,0,0,1056,498,0,558
2016-11-30,ALABAMA SOUTHERN,ALABAMA,ELEVENTH CIRCUIT,358,76,1,0,281,1,0,1,0,0,357,76,0,281
2016-11-30,ALASKA,ALASKA,NINTH CIRCUIT,30,23,0,0,7,1,1,0,0,0,29,22,0,7
2016-11-30,ARIZONA,ARIZONA,NINTH CIRCUIT,1137,892,18,0,227,37,22,13,0,2,1100,870,5,225
2016-11-30,ARKANSAS EASTERN,ARKANSAS,EIGHTH CIRCUIT,600,235,0,1,364,10,6,0,1,3,590,229,0,361
2016-11-30,ARKANSAS WESTERN,ARKANSAS,EIGHTH CIRCUIT,274,155,1,1,117,6,4,0,1,1,268,151,1,116
2016-11-30,CALIFORNIA CENTRAL,CALIFORNIA,NINTH CIRCUIT,3152,2278,41,0,833,145,106,27,0,12,3007,2172,14,821
2016-11-30,CALIFORNIA EASTERN,CALIFORNIA,NINTH CIRCUIT,1157,883,5,2,267,30,20,2,2,6,1127,863,3,261
2016-11-30,CALIFORNIA NORTHERN,CALIFORNIA,NINTH CIRCUIT,787,387,17,0,383,42,21,8,0,13,745,366,9,370
2016-11-30,CALIFORNIA SOUTHERN,CALIFORNIA,NINTH CIRCUIT,667,541,2,0,124,31,28,0,0,3,636,513,2,121
2016-11-30,COLORADO,COLORADO,TENTH CIRCUIT,998,780,9,0,209,31,20,9,0,2,967,760,0,207
2016-11-30,CONNECTICUT,CONNECTICUT,SECOND CIRCUIT,435,352,1,0,82,10,9,1,0,0,425,343,0,82
2016-11-30,DELAWARE,DELAWARE,THIRD CIRCUIT,260,127,26,0,92,47,6,26,0,0,213,121,0,92
2016-11-30,DISTRICT OF COLUMBIA,DISTRICT OF COLUMBIA,DC CIRCUIT,43,27,1,0,15,3,1,1,0,1,40,26,0,14
2016-11-30,FLORIDA MIDDLE,FLORIDA,ELEVENTH CIRCUIT,1909,1371,24,1,513,80,57,15,1,7,1829,1314,9,506
2016-11-30,FLORIDA NORTHERN,FLORIDA,ELEVENTH CIRCUIT,190,144,6,0,40,13,6,6,0,1,177,138,0,39
2016-11-30,FLORIDA SOUTHERN,FLORIDA,ELEVENTH CIRCUIT,1321,685,16,0,616,45,26,15,0,0,1276,659,1,616
2016-11-30,GEORGIA MIDDLE,GEORGIA,ELEVENTH CIRCUIT,690,180,3,2,505,17,9,3,2,3,673,171,0,502
2016-11-30,GEORGIA NORTHERN,GEORGIA,ELEVENTH CIRCUIT,2374,1304,5,0,1065,40,33,5,0,2,2334,1271,0,1063
2016-11-30,GEORGIA SOUTHERN,GEORGIA,ELEVENTH CIRCUIT,572,117,2,0,453,9,7,1,0,1,563,110,1,452
2016-11-30,GUAM,GUAM,NINTH CIRCUIT,14,9,0,0,5,0,0,0,0,0,14,9,0,5
2016-11-30,HAWAII,HAWAII,NINTH CIRCUIT,93,53,0,0,40,2,2,0,0,0,91,51,0,40
2016-11-30,IDAHO,IDAHO,NINTH CIRCUIT,293,270,0,2,21,13,11,0,2,0,280,259,0,21
2016-11-30,ILLINOIS CENTRAL,ILLINOIS,SEVENTH CIRCUIT,391,315,0,1,75,11,9,0,1,1,380,306,0,74
2016-11-30,ILLINOIS NORTHERN,ILLINOIS,SEVENTH CIRCUIT,3400,1779,22,1,1598,76,50,21,1,4,3324,1729,1,1594
2016-11-30,ILLINOIS SOUTHERN,ILLINOIS,SEVENTH CIRCUIT,302,181,2,1,118,10,7,2,1,0,292,174,0,118
2016-11-30,INDIANA NORTHERN,INDIANA,SEVENTH CIRCUIT,771,533,3,0,235,10,7,3,0,0,761,526,0,235
2016-11-30,INDIANA SOUTHERN,INDIANA,SEVENTH CIRCUIT,1154,702,0,1,451,18,15,0,1,2,1136,687,0,449
2016-11-30,IOWA NORTHERN,IOWA,EIGHTH CIRCUIT,137,124,0,0,13,3,3,0,0,0,134,121,0,13
2016-11-30,IOWA SOUTHERN,IOWA,EIGHTH CIRCUIT,199,180,1,0,18,7,6,1,0,0,192,174,0,18
2016-11-30,KANSAS,KANSAS,TENTH CIRCUIT,558,292,2,0,264,13,10,1,0,2,545,282,1,262
2016-11-30,KENTUCKY EASTERN,KENTUCKY,SIXTH CIRCUIT,630,432,0,0,198,8,5,0,0,3,622,427,0,195
2016-11-30,KENTUCKY WESTERN,KENTUCKY,SIXTH CIRCUIT,543,347,2,0,194,11,8,2,0,1,532,339,0,193
2016-11-30,LOUISIANA EASTERN,LOUISIANA,FIFTH CIRCUIT,252,114,5,0,133,14,9,5,0,0,238,105,0,133
2016-11-30,LOUISIANA MIDDLE,LOUISIANA,FIFTH CIRCUIT,97,59,0,0,38,4,4,0,0,0,93,55,0,38
2016-11-30,LOUISIANA WESTERN,LOUISIANA,FIFTH CIRCUIT,721,120,3,5,593,18,11,1,5,1,703,109,2,592
2016-11-30,MAINE,MAINE,FIRST CIRCUIT,122,100,2,1,19,8,5,2,1,0,114,95,0,19
2016-11-30,MARYLAND,MARYLAND,FOURTH CIRCUIT,1336,882,8,0,446,32,22,7,0,3,1304,860,1,443
2016-11-30,MASSACHUSETTS,MASSACHUSETTS,FIRST CIRCUIT,654,435,8,1,210,19,11,6,1,1,635,424,2,209
2016-11-30,MICHIGAN EASTERN,MICHIGAN,SIXTH CIRCUIT,1730,1289,9,0,432,28,17,8,0,3,1702,1272,1,429
2016-11-30,MICHIGAN WESTERN,MICHIGAN,SIXTH CIRCUIT,526,416,3,0,107,14,7,3,0,4,512,409,0,103
2016-11-30,MINNESOTA,MINNESOTA,EIGHTH CIRCUIT,769,641,3,2,123,29,24,3,2,0,740,617,0,123
2016-11-30,MISSISSIPPI NORTHERN,MISSISSIPPI,FIFTH CIRCUIT,371,142,2,0,227,10,6,2,0,2,361,136,0,225
2016-11-30,MISSISSIPPI SOUTHERN,MISSISSIPPI,FIFTH CIRCUIT,475,220,4,0,251,11,6,4,0,1,464,214,0,250
2016-11-30,MISSOURI EASTERN,MISSOURI,EIGHTH CIRCUIT,853,535,0,0,318,11,9,0,0,2,842,526,0,316
2016-11-30,MISSOURI WESTERN,MISSOURI,EIGHTH CIRCUIT,591,390,1,0,200,11,7,1,0,3,580,383,0,197
2016-11-30,MONTANA,MONTANA,NINTH CIRCUIT,99,84,1,0,14,4,3,1,0,0,95,81,0,14
2016-11-30,NEBRASKA,NEBRASKA,EIGHTH CIRCUIT,340,230,0,1,108,9,5,0,1,2,331,225,0,106
2016-11-30,NEVADA,NEVADA,NINTH CIRCUIT,699,529,17,0,153,18,13,5,0,0,681,516,12,153
2016-11-30,NEW HAMPSHIRE,NEW HAMPSHIRE,FIRST CIRCUIT,149,112,1,0,36,6,5,1,0,0,143,107,0,36
2016-11-30,NEW JERSEY,NEW JERSEY,THIRD CIRCUIT,2132,1337,21,0,774,59,43,12,0,4,2073,1294,9,770
2016-11-30,NEW MEXICO,NEW MEXICO,TENTH CIRCUIT,273,247,1,0,25,19,16,1,0,2,254,231,0,23
2016-11-30,NEW YORK EASTERN,NEW YORK,SECOND CIRCUIT,992,724,15,0,253,36,22,14,0,0,956,702,1,253
2016-11-30,NEW YORK NORTHERN,NEW YORK,SECOND CIRCUIT,417,308,2,0,107,16,13,2,0,1,401,295,0,106
2016-11-30,NEW YORK SOUTHERN,NEW YORK,SECOND CIRCUIT,637,418,69,0,149,92,21,66,0,4,545,397,3,145
2016-11-30,NEW YORK WESTERN,NEW YORK,SECOND CIRCUIT,306,211,2,0,93,11,8,2,0,1,295,203,0,92
2016-11-30,NORTH CAROLINA EASTERN,NORTH CAROLINA,FOURTH CIRCUIT,519,163,2,1,353,14,11,1,1,1,505,152,1,352
2016-11-30,NORTH CAROLINA MIDDLE,NORTH CAROLINA,FOURTH CIRCUIT,307,116,1,2,188,8,4,1,2,1,299,112,0,187
2016-11-30,NORTH CAROLINA WESTERN,NORTH CAROLINA,FOURTH CIRCUIT,319,161,1,0,157,11,9,1,0,1,308,152,0,156
2016-11-30,NORTH DAKOTA,NORTH DAKOTA,EIGHTH CIRCUIT,66,56,1,1,8,4,2,1,1,0,62,54,0,8
2016-11-30,NORTHERN MARIANAS,NORTHERN MARIANA ISLANDS,NINTH CIRCUIT,0,0,0,0,0,0,0,0,0,0,0,0,0,0
2016-11-30,OHIO NORTHERN,OHIO,SIXTH CIRCUIT,1451,1164,2,0,285,29,23,2,0,4,1422,1141,0,281
2016-11-30,OHIO SOUTHERN,OHIO,SIXTH CIRCUIT,1362,926,4,0,432,29,22,4,0,3,1333,904,0,429
2016-11-30,OKLAHOMA EASTERN,OKLAHOMA,TENTH CIRCUIT,112,102,0,0,10,4,4,0,0,0,108,98,0,10
2016-11-30,OKLAHOMA NORTHERN,OKLAHOMA,TENTH CIRCUIT,174,160,0,0,14,12,12,0,0,0,162,148,0,14
2016-11-30,OKLAHOMA WESTERN,OKLAHOMA,TENTH CIRCUIT,420,327,0,0,93,9,8,0,0,1,411,319,0,92
2016-11-30,OREGON,OREGON,NINTH CIRCUIT,702,527,4,0,171,18,15,3,0,0,684,512,1,171
2016-11-30,PENNSYLVANIA EASTERN,PENNSYLVANIA,THIRD CIRCUIT,603,324,8,0,271,25,15,7,0,3,578,309,1,268
2016-11-30,PENNSYLVANIA MIDDLE,PENNSYLVANIA,THIRD CIRCUIT,403,267,2,0,134,18,13,2,0,3,385,254,0,131
2016-11-30,PENNSYLVANIA WESTERN,PENNSYLVANIA,THIRD CIRCUIT,561,342,7,0,212,17,6,7,0,4,544,336,0,208
2016-11-30,PUERTO RICO,PUERTO RICO,FIRST CIRCUIT,719,315,14,1,389,21,7,9,1,4,698,308,5,385
2016-11-30,RHODE ISLAND,RHODE ISLAND,FIRST CIRCUIT,193,150,1,0,42,8,8,0,0,0,185,142,1,42
2016-11-30,SOUTH CAROLINA,SOUTH CAROLINA,FOURTH CIRCUIT,568,230,3,0,335,18,16,1,0,1,550,214,2,334
2016-11-30,SOUTH DAKOTA,SOUTH DAKOTA,EIGHTH CIRCUIT,76,64,0,0,12,3,1,0,0,2,73,63,0,10
2016-11-30,TENNESSEE EASTERN,TENNESSEE,SIXTH CIRCUIT,971,505,4,0,462,14,10,2,0,2,957,495,2,460
2016-11-30,TENNESSEE MIDDLE,TENNESSEE,SIXTH CIRCUIT,751,358,6,0,387,17,12,4,0,1,734,346,2,386
2016-11-30,TENNESSEE WESTERN,TENNESSEE,SIXTH CIRCUIT,1226,276,4,0,946,10,7,3,0,0,1216,269,1,946
2016-11-30,TEXAS EASTERN,TEXAS,FIFTH CIRCUIT,356,142,10,2,202,31,16,10,2,3,325,126,0,199
2016-11-30,TEXAS NORTHERN,TEXAS,FIFTH CIRCUIT,779,352,20,1,406,58,35,20,1,2,721,317,0,404
2016-11-30,TEXAS SOUTHERN,TEXAS,FIFTH CIRCUIT,598,268,13,0,317,50,33,13,0,4,548,235,0,313
2016-11-30,TEXAS WESTERN,TEXAS,FIFTH CIRCUIT,585,308,5,0,272,47,34,5,0,8,538,274,0,264
2016-11-30,UTAH,UTAH,TENTH CIRCUIT,961,525,1,0,435,15,9,1,0,5,946,516,0,430
2016-11-30,VERMONT,VERMONT,SECOND CIRCUIT,50,36,3,2,9,5,0,3,2,0,45,36,0,9
2016-11-30,VIRGIN ISLANDS,VIRGIN ISLANDS,THIRD CIRCUIT,1,0,0,0,1,1,0,0,0,1,0,0,0,0
2016-11-30,VIRGINIA EASTERN,VIRGINIA,FOURTH CIRCUIT,1361,769,9,2,581,41,31,7,2,1,1320,738,2,580
2016-11-30,VIRGINIA WESTERN,VIRGINIA,FOURTH CIRCUIT,419,257,1,1,160,8,6,1,1,0,411,251,0,160
2016-11-30,WASHINGTON EASTERN,WASHINGTON,NINTH CIRCUIT,319,255,2,0,62,9,7,1,0,1,310,248,1,61
2016-11-30,WASHINGTON WESTERN,WASHINGTON,NINTH CIRCUIT,902,627,17,0,257,35,17,14,0,3,867,610,3,254
2016-11-30,WEST VIRGINIA NORTHERN,WEST VIRGINIA,FOURTH CIRCUIT,107,95,1,0,11,6,5,1,0,0,101,90,0,11
2016-11-30,WEST VIRGINIA SOUTHERN,WEST VIRGINIA,FOURTH CIRCUIT,155,140,2,0,13,3,2,1,0,0,152,138,1,13
2016-11-30,WISCONSIN EASTERN,WISCONSIN,SEVENTH CIRCUIT,893,554,1,1,337,11,9,1,1,0,882,545,0,337
2016-11-30,WISCONSIN WESTERN,WISCONSIN,SEVENTH CIRCUIT,325,275,1,2,47,15,10,1,2,2,310,265,0,45
2016-11-30,WYOMING,WYOMING,TENTH CIRCUIT,81,72,0,0,9,2,2,0,0,0,79,70,0,9
2016-12-31,ALABAMA MIDDLE,ALABAMA,ELEVENTH CIRCUIT,610,121,0,0,489,5,5,0,0,0,605,116,0,489
2016-12-31,ALABAMA NORTHERN,ALABAMA,ELEVENTH CIRCUIT,1037,407,0,1,629,21,19,0,1,1,1016,388,0,628
2016-12-31,ALABAMA SOUTHERN,ALABAMA,ELEVENTH CIRCUIT,387,98,1,0,288,1,0,1,0,0,386,98,0,288
2016-12-31,ALASKA,ALASKA,NINTH CIRCUIT,34,27,0,0,7,4,4,0,0,0,30,23,0,7
2016-12-31,ARIZONA,ARIZONA,NINTH CIRCUIT,1054,844,18,1,191,52,30,17,1,4,1002,814,1,187
2016-12-31,ARKANSAS EASTERN,ARKANSAS,EIGHTH CIRCUIT,605,265,2,1,337,10,7,1,1,1,595,258,1,336
2016-12-31,ARKANSAS WESTERN,ARKANSAS,EIGHTH CIRCUIT,252,131,0,1,120,8,5,0,1,2,244,126,0,118
2016-12-31,CALIFORNIA CENTRAL,CALIFORNIA,NINTH CIRCUIT,3006,2195,27,1,783,154,126,17,1,10,2852,2069,10,773
2016-12-31,CALIFORNIA EASTERN,CALIFORNIA,NINTH CIRCUIT,1160,891,4,2,263,34,25,2,2,5,1126,866,2,258
2016-12-31,CALIFORNIA NORTHERN,CALIFORNIA,NINTH CIRCUIT,725,381,16,0,327,45,26,11,0,7,680,355,5,320
2016-12-31,CALIFORNIA SOUTHERN,CALIFORNIA,NINTH CIRCUIT,616,479,6,0,131,24,19,3,0,2,592,460,3,129
2016-12-31,COLORADO,COLORADO,TENTH CIRCUIT,927,694,5,0,228,30,23,5,0,2,897,671,0,226
2016-12-31,CONNECTICUT,CONNECTICUT,SECOND CIRCUIT,417,348,0,0,69,12,12,0,0,0,405,336,0,69
2016-12-31,DELAWARE,DELAWARE,THIRD CIRCUIT,216,122,42,0,52,42,0,42,0,0,174,122,0,52
2016-12-31,DISTRICT OF COLUMBIA,DISTRICT OF COLUMBIA,DC CIRCUIT,56,40,0,0,16,1,1,0,0,0,55,39,0,16
2016-12-31,FLORIDA MIDDLE,FLORIDA,ELEVENTH CIRCUIT,1805,1305,16,1,483,67,52,11,1,3,1738,1253,5,480
2016-12-31,FLORIDA NORTHERN,FLORIDA,ELEVENTH CIRCUIT,256,204,1,0,51,11,8,1,0,2,245,196,0,49
2016-12-31,FLORIDA SOUTHERN,FLORIDA,ELEVENTH CIRCUIT,1280,682,17,0,581,58,37,17,0,4,1222,645,0,577
2016-12-31,GEORGIA MIDDLE,GEORGIA,ELEVENTH CIRCUIT,618,174,2,1,441,13,8,2,1,2,605,166,0,439
2016-12-31,GEORGIA NORTHERN,GEORGIA,ELEVENTH CIRCUIT,2672,1283,11,0,1378,60,43,11,0,6,2612,1240,0,1372
2016-12-31,GEORGIA SOUTHERN,GEORGIA,ELEVENTH CIRCUIT,520,107,0,0,413,11,10,0,0,1,509,97,0,412
2016-12-31,GUAM,GUAM,NINTH CIRCUIT,13,10,0,0,3,1,1,0,0,0,12,9,0,3
2016-12-31,HAWAII,HAWAII,NINTH CIRCUIT,120,78,1,0,41,5,4,1,0,0,115,74,0,41
2016-12-31,IDAHO,IDAHO,NINTH CIRCUIT,233,203,0,1,29,2,1,0,1,0,231,202,0,29
2016-12-31,ILLINOIS CENTRAL,ILLINOIS,SEVENTH CIRCUIT,352,276,0,1,75,10,7,0,1,2,342,269,0,73
2016-12-31,ILLINOIS NORTHERN,ILLINOIS,SEVENTH CIRCUIT,3198,1788,7,0,1403,44,37,4,0,3,3154,1751,3,1400
2016-12-31,ILLINOIS SOUTHERN,ILLINOIS,SEVENTH CIRCUIT,248,167,2,0,79,5,2,2,0,1,243,165,0,78
2016-12-31,INDIANA NORTHERN,INDIANA,SEVENTH CIRCUIT,614,405,1,0,208,9,8,1,0,0,605,397,0,208
2016-12-31,INDIANA SOUTHERN,INDIANA,SEVENTH CIRCUIT,904,540,4,1,359,23,18,4,1,0,881,522,0,359
2016-12-31,IOWA NORTHERN,IOWA,EIGHTH CIRCUIT,119,109,0,0,10,4,4,0,0,0,115,105,0,10
2016-12-31,IOWA SOUTHERN,IOWA,EIGHTH CIRCUIT,183,155,1,0,27,5,4,1,0,0,178,151,0,27
2016-12-31,KANSAS,KANSAS,TENTH CIRCUIT,486,238,1,3,244,12,7,1,3,1,474,231,0,243
2016-12-31,KENTUCKY EASTERN,KENTUCKY,SIXTH CIRCUIT,586,415,0,0,171,7,6,0,0,1,579,409,0,170
2016-12-31,KENTUCKY WESTERN,KENTUCKY,SIXTH CIRCUIT,488,301,0,0,187,7,7,0,0,0,481,294,0,187
2016-12-31,LOUISIANA EASTERN,LOUISIANA,FIFTH CIRCUIT,232,92,0,0,140,9,8,0,0,1,223,84,0,139
2016-12-31,LOUISIANA MIDDLE,LOUISIANA,FIFTH CIRCUIT,82,45,0,0,37,5,4,0,0,1,77,41,0,36
2016-12-31,LOUISIANA WESTERN,LOUISIANA,FIFTH CIRCUIT,647,114,4,2,527,14,6,4,2,2,633,108,0,525
2016-12-31,MAINE,MAINE,FIRST CIRCUIT,98,74,0,1,23,9,5,0,1,3,89,69,0,20
2016-12-31,MARYLAND,MARYLAND,FOURTH CIRCUIT,1302,871,14,0,417,47,32,12,0,3,1255,839,2,414
2016-12-31,MASSACHUSETTS,MASSACHUSETTS,FIRST CIRCUIT,664,456,7,1,200,40,31,6,1,2,624,425,1,198
2016-12-31,MICHIGAN EASTERN,MICHIGAN,SIXTH CIRCUIT,1710,1291,3,0,416,19,14,3,0,2,1691,1277,0,414
2016-12-31,MICHIGAN WESTERN,MICHIGAN,SIXTH CIRCUIT,461,359,1,0,101,18,16,1,0,1,443,343,0,100
2016-12-31,MINNESOTA,MINNESOTA,EIGHTH CIRCUIT,758,634,8,1,115,32,20,8,1,3,726,614,0,112
2016-12-31,MISSISSIPPI NORTHERN,MISSISSIPPI,FIFTH CIRCUIT,293,123,5,0,165,8,2,5,0,1,285,121,0,164
2016-12-31,MISSISSIPPI SOUTHERN,MISSISSIPPI,FIFTH CIRCUIT,516,272,2,0,242,12,6,2,0,4,504,266,0,238
2016-12-31,MISSOURI EASTERN,MISSOURI,EIGHTH CIRCUIT,706,456,1,0,249,8,8,0,0,0,698,448,1,249
2016-12-31,MISSOURI WESTERN,MISSOURI,EIGHTH CIRCUIT,528,327,3,2,196,17,10,3,2,2,511,317,0,194
2016-12-31,MONTANA,MONTANA,NINTH CIRCUIT,83,63,0,0,20,4,4,0,0,0,79,59,0,20
2016-12-31,NEBRASKA,NEBRASKA,EIGHTH CIRCUIT,301,184,1,0,115,9,6,1,0,1,292,178,0,114
2016-12-31,NEVADA,NEVADA,NINTH CIRCUIT,611,433,18,0,159,25,15,8,0,1,586,418,10,158
2016-12-31,NEW HAMPSHIRE,NEW HAMPSHIRE,FIRST CIRCUIT,123,99,0,0,24,3,3,0,0,0,120,96,0,24
2016-12-31,NEW JERSEY,NEW JERSEY,THIRD CIRCUIT,1900,1241,14,0,645,53,36,13,0,4,1847,1205,1,641
2016-12-31,NEW MEXICO,NEW MEXICO,TENTH CIRCUIT,244,222,3,0,19,13,9,3,0,1,231,213,0,18
2016-12-31,NEW YORK EASTERN,NEW YORK,SECOND CIRCUIT,988,720,23,0,245,57,38,19,0,0,931,682,4,245
2016-12-31,NEW YORK NORTHERN,NEW YORK,SECOND CIRCUIT,435,326,22,0,87,32,10,22,0,0,403,316,0,87
2016-12-31,NEW YORK SOUTHERN,NEW YORK,SECOND CIRCUIT,603,419,39,0,135,78,27,39,0,2,525,392,0,133
2016-12-31,NEW YORK WESTERN,NEW YORK,SECOND CIRCUIT,247,192,2,1,52,16,11,2,1,2,231,181,0,50
2016-12-31,NORTH CAROLINA EASTERN,NORTH CAROLINA,FOURTH CIRCUIT,444,137,3,0,304,10,7,2,0,1,434,130,1,303
2016-12-31,NORTH CAROLINA MIDDLE,NORTH CAROLINA,FOURTH CIRCUIT,301,123,0,0,178,3,3,0,0,0,298,120,0,178
2016-12-31,NORTH CAROLINA WESTERN,NORTH CAROLINA,FOURTH CIRCUIT,331,161,4,0,166,12,7,4,0,1,319,154,0,165
2016-12-31,NORTH DAKOTA,NORTH DAKOTA,EIGHTH CIRCUIT,50,42,0,0,8,6,5,0,0,1,44,37,0,7
2016-12-31,NORTHERN MARIANAS,NORTHERN MARIANA ISLANDS,NINTH CIRCUIT,0,0,0,0,0,0,0,0,0,0,0,0,0,0
2016-12-31,OHIO NORTHERN,OHIO,SIXTH CIRCUIT,1429,1113,1,0,315,23,21,1,0,1,1406,1092,0,314
2016-12-31,OHIO SOUTHERN,OHIO,SIXTH CIRCUIT,1205,792,1,0,412,30,24,1,0,5,1175,768,0,407
2016-12-31,OKLAHOMA EASTERN,OKLAHOMA,TENTH CIRCUIT,116,99,0,0,17,2,2,0,0,0,114,97,0,17
2016-12-31,OKLAHOMA NORTHERN,OKLAHOMA,TENTH CIRCUIT,165,143,0,0,22,3,3,0,0,0,162,140,0,22
2016-12-31,OKLAHOMA WESTERN,OKLAHOMA,TENTH CIRCUIT,382,283,1,0,98,7,5,1,0,1,375,278,0,97
2016-12-31,OREGON,OREGON,NINTH CIRCUIT,624,477,1,1,145,17,12,1,1,3,607,465,0,142
2016-12-31,PENNSYLVANIA EASTERN,PENNSYLVANIA,THIRD CIRCUIT,679,373,6,0,300,36,29,6,0,1,643,344,0,299
2016-12-31,PENNSYLVANIA MIDDLE,PENNSYLVANIA,THIRD CIRCUIT,370,228,0,0,142,4,3,0,0,1,366,225,0,141
2016-12-31,PENNSYLVANIA WESTERN,PENNSYLVANIA,THIRD CIRCUIT,533,347,7,0,179,16,11,5,0,0,517,336,2,179
2016-12-31,PUERTO RICO,PUERTO RICO,FIRST CIRCUIT,762,295,10,0,457,23,10,8,0,5,739,285,2,452
2016-12-31,RHODE ISLAND,RHODE ISLAND,FIRST CIRCUIT,147,109,0,0,38,5,3,0,0,2,142,106,0,36
2016-12-31,SOUTH CAROLINA,SOUTH CAROLINA,FOURTH CIRCUIT,523,220,1,0,302,15,12,0,0,3,508,208,1,299
2016-12-31,SOUTH DAKOTA,SOUTH DAKOTA,EIGHTH CIRCUIT,80,67,0,3,10,4,1,0,3,0,76,66,0,10
2016-12-31,TENNESSEE EASTERN,TENNESSEE,SIXTH CIRCUIT,847,469,2,0,376,12,10,2,0,0,835,459,0,376
2016-12-31,TENNESSEE MIDDLE,TENNESSEE,SIXTH CIRCUIT,621,278,4,0,339,12,7,3,0,2,609,271,1,337
2016-12-31,TENNESSEE WESTERN,TENNESSEE,SIXTH CIRCUIT,1038,212,2,0,824,10,4,2,0,4,1028,208,0,820
2016-12-31,TEXAS EASTERN,TEXAS,FIFTH CIRCUIT,441,181,3,0,257,18,12,1,0,5,423,169,2,252
2016-12-31,TEXAS NORTHERN,TEXAS,FIFTH CIRCUIT,989,381,25,0,583,72,41,23,0,8,917,340,2,575
2016-12-31,TEXAS SOUTHERN,TEXAS,FIFTH CIRCUIT,1020,307,18,1,694,62,39,16,1,6,958,268,2,688
2016-12-31,TEXAS WESTERN,TEXAS,FIFTH CIRCUIT,719,299,7,1,412,40,31,6,1,2,679,268,1,410
2016-12-31,UTAH,UTAH,TENTH CIRCUIT,810,409,2,0,399,9,7,1,0,1,801,402,1,398
2016-12-31,VERMONT,VERMONT,SECOND CIRCUIT,49,44,0,0,5,5,4,0,0,1,44,40,0,4
2016-12-31,VIRGIN ISLANDS,VIRGIN ISLANDS,THIRD CIRCUIT,1,0,0,0,1,0,0,0,0,0,1,0,0,1
2016-12-31,VIRGINIA EASTERN,VIRGINIA,FOURTH CIRCUIT,1223,666,7,1,549,32,21,7,1,3,1191,645,0,546
2016-12-31,VIRGINIA WESTERN,VIRGINIA,FOURTH CIRCUIT,379,216,0,0,163,6,6,0,0,0,373,210,0,163
2016-12-31,WASHINGTON EASTERN,WASHINGTON,NINTH CIRCUIT,275,216,0,0,59,6,6,0,0,0,269,210,0,59
2016-12-31,WASHINGTON WESTERN,WASHINGTON,NINTH CIRCUIT,826,595,5,1,225,26,19,4,1,2,800,576,1,223
2016-12-31,WEST VIRGINIA NORTHERN,WEST VIRGINIA,FOURTH CIRCUIT,92,74,0,0,18,7,3,0,0,4,85,71,0,14
2016-12-31,WEST VIRGINIA SOUTHERN,WEST VIRGINIA,FOURTH CIRCUIT,142,125,1,0,16,5,3,1,0,1,137,122,0,15
2016-12-31,WISCONSIN EASTERN,WISCONSIN,SEVENTH CIRCUIT,848,548,0,0,300,17,14,0,0,3,831,534,0,297
2016-12-31,WISCONSIN WESTERN,WISCONSIN,SEVENTH CIRCUIT,355,293,1,1,60,10,5,1,1,3,345,288,0,57
2016-12-31,WYOMING,WYOMING,TENTH CIRCUIT,57,47,0,0,10,2,2,0,0,0,55,45,0,10
2017-01-31,ALABAMA MIDDLE,ALABAMA,ELEVENTH CIRCUIT,705,144,3,0,558,7,4,3,0,0,698,140,0,558
2017-01-31,ALABAMA NORTHERN,ALABAMA,ELEVENTH CIRCUIT,1080,457,5,1,617,14,7,5,1,1,1066,450,0,616
2017-01-31,ALABAMA SOUTHERN,ALABAMA,ELEVENTH CIRCUIT,385,100,1,0,284,3,2,1,0,0,382,98,0,284
2017-01-31,ALASKA,ALASKA,NINTH CIRCUIT,29,22,0,2,5,7,4,0,2,1,22,18,0,4
2017-01-31,ARIZONA,ARIZONA,NINTH CIRCUIT,1000,734,25,0,241,41,20,19,0,2,959,714,6,239
2017-01-31,ARKANSAS EASTERN,ARKANSAS,EIGHTH CIRCUIT,630,239,1,0,390,10,7,1,0,2,620,232,0,388
2017-01-31,ARKANSAS WESTERN,ARKANSAS,EIGHTH CIRCUIT,244,122,2,0,120,10,3,2,0,5,234,119,0,115
2017-01-31,CALIFORNIA CENTRAL,CALIFORNIA,NINTH CIRCUIT,2966,2064,32,1,869,132,109,15,1,7,2834,1955,17,862
2017-01-31,CALIFORNIA EASTERN,CALIFORNIA,NINTH CIRCUIT,1159,856,7,2,294,43,28,7,2,6,1116,828,0,288
2017-01-31,CALIFORNIA NORTHERN,CALIFORNIA,NINTH CIRCUIT,764,397,10,0,356,37,20,6,0,10,727,377,4,346
2017-01-31,CALIFORNIA SOUTHERN,CALIFORNIA,NINTH CIRCUIT,630,486,4,0,140,24,23,0,0,1,606,463,4,139
2017-01-31,COLORADO,COLORADO,TENTH CIRCUIT,828,592,4,0,232,33,28,3,0,2,795,564,1,230
2017-01-31,CONNECTICUT,CONNECTICUT,SECOND CIRCUIT,381,283,4,0,94,13,8,4,0,1,368,275,0,93
2017-01-31,DELAWARE,DELAWARE,THIRD CIRCUIT,227,115,26,0,85,29,2,26,0,0,198,113,0,85
2017-01-31,DISTRICT OF COLUMBIA,DISTRICT OF COLUMBIA,DC CIRCUIT,57,33,4,0,20,5,1,4,0,0,52,32,0,20
2017-01-31,FLORIDA MIDDLE,FLORIDA,ELEVENTH CIRCUIT,1951,1242,25,1,683,86,58,19,1,8,1865,1184,6,675
2017-01-31,FLORIDA NORTHERN,FLORIDA,ELEVENTH CIRCUIT,182,139,2,1,40,13,10,2,1,0,169,129,0,40
2017-01-31,FLORIDA SOUTHERN,FLORIDA,ELEVENTH CIRCUIT,1370,661,14,0,695,43,29,9,0,5,1327,632,5,690
2017-01-31,GEORGIA MIDDLE,GEORGIA,ELEVENTH CIRCUIT,633,208,3,0,422,14,8,3,0,3,619,200,0,419
2017-01-31,GEORGIA NORTHERN,GEORGIA,ELEVENTH CIRCUIT,2451,1359,4,0,1088,44,39,4,0,1,2407,1320,0,1087
2017-01-31,GEORGIA SOUTHERN,GEORGIA,ELEVENTH CIRCUIT,520,99,2,1,418,11,9,1,1,0,509,90,1,418
2017-01-31,GUAM,GUAM,NINTH CIRCUIT,14,11,0,0,3,0,0,0,0,0,14,11,0,3
2017-01-31,HAWAII,HAWAII,NINTH CIRCUIT,99,66,0,0,33,1,1,0,0,0,98,65,0,33
2017-01-31,IDAHO,IDAHO,NINTH CIRCUIT,185,154,1,1,29,10,8,1,1,0,175,146,0,29
2017-01-31,ILLINOIS CENTRAL,ILLINOIS,SEVENTH CIRCUIT,341,240,0,0,101,8,7,0,0,1,333,233,0,100
2017-01-31,ILLINOIS NORTHERN,ILLINOIS,SEVENTH CIRCUIT,3184,1696,3,0,1485,55,45,3,0,7,3129,1651,0,1478
2017-01-31,ILLINOIS SOUTHERN,ILLINOIS,SEVENTH CIRCUIT,245,157,0,1,87,6,5,0,1,0,239,152,0,87
2017-01-31,INDIANA NORTHERN,INDIANA,SEVENTH CIRCUIT,515,303,2,0,210,8,5,2,0,1,507,298,0,209
2017-01-31,INDIANA SOUTHERN,INDIANA,SEVENTH CIRCUIT,835,469,7,2,357,25,16,7,2,0,810,453,0,357
2017-01-31,IOWA NORTHERN,IOWA,EIGHTH CIRCUIT,94,80,1,0,13,3,2,1,0,0,91,78,0,13
2017-01-31,IOWA SOUTHERN,IOWA,EIGHTH CIRCUIT,142,116,0,1,25,8,7,0,1,0,134,109,0,25
2017-01-31,KANSAS,KANSAS,TENTH CIRCUIT,361,167,5,1,188,15,7,5,1,2,346,160,0,186
2017-01-31,KENTUCKY EASTERN,KENTUCKY,SIXTH CIRCUIT,584,406,0,0,178,8,7,0,0,1,576,399,0,177
2017-01-31,KENTUCKY WESTERN,KENTUCKY,SIXTH CIRCUIT,548,314,0,1,233,9,7,0,1,1,539,307,0,232
2017-01-31,LOUISIANA EASTERN,LOUISIANA,FIFTH CIRCUIT,264,102,1,0,161,12,10,0,0,2,252,92,1,159
2017-01-31,LOUISIANA MIDDLE,LOUISIANA,FIFTH CIRCUIT,84,41,1,0,42,2,1,1,0,0,82,40,0,42
2017-01-31,LOUISIANA WESTERN,LOUISIANA,FIFTH CIRCUIT,672,92,0,1,579,8,6,0,1,1,664,86,0,578
2017-01-31,MAINE,MAINE,FIRST CIRCUIT,85,62,0,0,23,7,6,0,0,1,78,56,0,22
2017-01-31,MARYLAND,MARYLAND,FOURTH CIRCUIT,1362,846,5,0,511,24,14,4,0,6,1338,832,1,505
2017-01-31,MASSACHUSETTS,MASSACHUSETTS,FIRST CIRCUIT,615,387,7,0,221,19,15,4,0,0,596,372,3,221
2017-01-31,MICHIGAN EASTERN,MICHIGAN,SIXTH CIRCUIT,1814,1356,7,0,451,32,27,5,0,0,1782,1329,2,451
2017-01-31,MICHIGAN WESTERN,MICHIGAN,SIXTH CIRCUIT,435,324,0,0,111,12,11,0,0,1,423,313,0,110
2017-01-31,MINNESOTA,MINNESOTA,EIGHTH CIRCUIT,703,577,5,0,121,23,17,5,0,1,680,560,0,120
2017-01-31,MISSISSIPPI NORTHERN,MISSISSIPPI,FIFTH CIRCUIT,348,110,1,0,237,5,3,1,0,1,343,107,0,236
2017-01-31,MISSISSIPPI SOUTHERN,MISSISSIPPI,FIFTH CIRCUIT,508,251,1,0,256,9,8,1,0,0,499,243,0,256
2017-01-31,MISSOURI EASTERN,MISSOURI,EIGHTH CIRCUIT,732,449,0,0,283,15,12,0,0,3,717,437,0,280
2017-01-31,MISSOURI WESTERN,MISSOURI,EIGHTH CIRCUIT,532,323,1,1,207,16,11,1,1,3,516,312,0,204
2017-01-31,MONTANA,MONTANA,NINTH CIRCUIT,72,55,0,1,16,4,3,0,1,0,68,52,0,16
2017-01-31,NEBRASKA,NEBRASKA,EIGHTH CIRCUIT,255,154,0,1,100,5,4,0,1,0,250,150,0,100
2017-01-31,NEVADA,NEVADA,NINTH CIRCUIT,576,405,19,0,151,23,13,8,0,1,553,392,11,150
2017-01-31,NEW HAMPSHIRE,NEW HAMPSHIRE,FIRST CIRCUIT,133,86,3,0,44,7,4,3,0,0,126,82,0,44
2017-01-31,NEW JERSEY,NEW JERSEY,THIRD CIRCUIT,2038,1239,26,0,773,56,31,19,0,6,1982,1208,7,767
2017-01-31,NEW MEXICO,NEW MEXICO,TENTH CIRCUIT,228,197,4,1,26,12,7,4,1,0,216,190,0,26
2017-01-31,NEW YORK EASTERN,NEW YORK,SECOND CIRCUIT,1036,627,28,0,381,53,26,27,0,0,983,601,1,381
2017-01-31,NEW YORK NORTHERN,NEW YORK,SECOND CIRCUIT,410,318,0,1,91,8,6,0,1,1,402,312,0,90
2017-01-31,NEW YORK SOUTHERN,NEW YORK,SECOND CIRCUIT,567,355,66,0,145,88,19,65,0,3,479,336,1,142
2017-01-31,NEW YORK WESTERN,NEW YORK,SECOND CIRCUIT,293,196,1,1,95,16,13,1,1,1,277,183,0,94
2017-01-31,NORTH CAROLINA EASTERN,NORTH CAROLINA,FOURTH CIRCUIT,481,148,14,0,319,20,5,11,0,4,461,143,3,315
2017-01-31,NORTH CAROLINA MIDDLE,NORTH CAROLINA,FOURTH CIRCUIT,304,127,3,0,174,7,4,3,0,0,297,123,0,174
2017-01-31,NORTH CAROLINA WESTERN,NORTH CAROLINA,FOURTH CIRCUIT,314,142,5,1,166,13,7,4,1,1,301,135,1,165
2017-01-31,NORTH DAKOTA,NORTH DAKOTA,EIGHTH CIRCUIT,40,35,0,0,5,2,1,0,0,1,38,34,0,4
2017-01-31,NORTHERN MARIANAS,NORTHERN MARIANA ISLANDS,NINTH CIRCUIT,1,0,1,0,0,1,0,1,0,0,0,0,0,0
2017-01-31,OHIO NORTHERN,OHIO,SIXTH CIRCUIT,1336,1037,2,1,296,29,22,2,1,4,1307,1015,0,292
2017-01-31,OHIO SOUTHERN,OHIO,SIXTH CIRCUIT,1224,768,2,0,454,24,17,2,0,5,1200,751,0,449
2017-01-31,OKLAHOMA EASTERN,OKLAHOMA,TENTH CIRCUIT,80,72,0,0,7,6,5,0,0,0,74,67,0,7
2017-01-31,OKLAHOMA NORTHERN,OKLAHOMA,TENTH CIRCUIT,141,121,0,0,20,4,4,0,0,0,137,117,0,20
2017-01-31,OKLAHOMA WESTERN,OKLAHOMA,TENTH CIRCUIT,301,229,1,0,71,12,10,1,0,1,289,219,0,70
2017-01-31,OREGON,OREGON,NINTH CIRCUIT,623,469,2,1,151,14,10,2,1,1,609,459,0,150
2017-01-31,PENNSYLVANIA EASTERN,PENNSYLVANIA,THIRD CIRCUIT,741,357,6,0,378,27,19,5,0,3,714,338,1,375
2017-01-31,PENNSYLVANIA MIDDLE,PENNSYLVANIA,THIRD CIRCUIT,369,227,2,0,140,12,8,2,0,2,357,219,0,138
2017-01-31,PENNSYLVANIA WESTERN,PENNSYLVANIA,THIRD CIRCUIT,522,326,3,1,192,15,7,3,1,4,507,319,0,188
2017-01-31,PUERTO RICO,PUERTO RICO,FIRST CIRCUIT,641,263,17,1,360,22,3,13,1,5,619,260,4,355
2017-01-31,RHODE ISLAND,RHODE ISLAND,FIRST CIRCUIT,182,138,3,0,41,5,2,3,0,0,177,136,0,41
2017-01-31,SOUTH CAROLINA,SOUTH CAROLINA,FOURTH CIRCUIT,480,192,2,0,286,16,14,2,0,0,464,178,0,286
2017-01-31,SOUTH DAKOTA,SOUTH DAKOTA,EIGHTH CIRCUIT,57,50,0,0,7,1,1,0,0,0,56,49,0,7
2017-01-31,TENNESSEE EASTERN,TENNESSEE,SIXTH CIRCUIT,851,431,5,0,415,7,3,4,0,0,844,428,1,415
2017-01-31,TENNESSEE MIDDLE,TENNESSEE,SIXTH CIRCUIT,709,331,1,0,377,13,12,1,0,0,696,319,0,377
2017-01-31,TENNESSEE WESTERN,TENNESSEE,SIXTH CIRCUIT,1166,251,0,0,915,2,2,0,0,0,1164,249,0,915
2017-01-31,TEXAS EASTERN,TEXAS,FIFTH CIRCUIT,388,169,9,0,209,38,25,8,0,4,350,144,1,205
2017-01-31,TEXAS NORTHERN,TEXAS,FIFTH CIRCUIT,870,366,23,0,480,69,40,22,0,6,801,326,1,474
2017-01-31,TEXAS SOUTHERN,TEXAS,FIFTH CIRCUIT,682,239,54,0,388,85,26,54,0,4,597,213,0,384
2017-01-31,TEXAS WESTERN,TEXAS,FIFTH CIRCUIT,584,307,4,0,273,33,24,4,0,5,551,283,0,268
2017-01-31,UTAH,UTAH,TENTH CIRCUIT,732,366,2,0,364,17,12,2,0,3,715,354,0,361
2017-01-31,VERMONT,VERMONT,SECOND CIRCUIT,35,29,0,0,6,0,0,0,0,0,35,29,0,6
2017-01-31,VIRGIN ISLANDS,VIRGIN ISLANDS,THIRD CIRCUIT,1,0,1,0,0,1,0,1,0,0,0,0,0,0
2017-01-31,VIRGINIA EASTERN,VIRGINIA,FOURTH CIRCUIT,1276,650,4,2,620,24,14,3,2,5,1252,636,1,615
2017-01-31,VIRGINIA WESTERN,VIRGINIA,FOURTH CIRCUIT,421,234,2,0,185,10,5,2,0,3,411,229,0,182
2017-01-31,WASHINGTON EASTERN,WASHINGTON,NINTH CIRCUIT,264,206,0,0,58,6,6,0,0,0,258,200,0,58
2017-01-31,WASHINGTON WESTERN,WASHINGTON,NINTH CIRCUIT,816,579,4,1,232,28,18,3,1,6,788,561,1,226
2017-01-31,WEST VIRGINIA NORTHERN,WEST VIRGINIA,FOURTH CIRCUIT,118,96,2,0,20,7,5,2,0,0,111,91,0,20
2017-01-31,WEST VIRGINIA SOUTHERN,WEST VIRGINIA,FOURTH CIRCUIT,143,118,0,0,25,5,2,0,0,3,138,116,0,22
2017-01-31,WISCONSIN EASTERN,WISCONSIN,SEVENTH CIRCUIT,786,517,0,1,268,13,9,0,1,3,773,508,0,265
2017-01-31,WISCONSIN WESTERN,WISCONSIN,SEVENTH CIRCUIT,298,252,0,1,45,15,11,0,1,3,283,241,0,42
2017-01-31,WYOMING,WYOMING,TENTH CIRCUIT,59,48,2,0,8,5,2,2,0,0,54,46,0,8
2017-02-28,ALABAMA MIDDLE,ALABAMA,ELEVENTH CIRCUIT,658,167,1,0,490,10,8,1,0,1,648,159,0,489
2017-02-28,ALABAMA NORTHERN,ALABAMA,ELEVENTH CIRCUIT,1133,555,3,0,575,8,5,3,0,0,1125,550,0,575
2017-02-28,ALABAMA SOUTHERN,ALABAMA,ELEVENTH CIRCUIT,371,112,0,0,259,1,1,0,0,0,370,111,0,259
2017-02-28,ALASKA,ALASKA,NINTH CIRCUIT,46,34,0,0,12,5,5,0,0,0,41,29,0,12
2017-02-28,ARIZONA,ARIZONA,NINTH CIRCUIT,940,722,14,1,203,33,22,8,1,2,907,700,6,201
2017-02-28,ARKANSAS EASTERN,ARKANSAS,EIGHTH CIRCUIT,610,302,2,1,305,9,6,2,1,0,601,296,0,305
2017-02-28,ARKANSAS WESTERN,ARKANSAS,EIGHTH CIRCUIT,273,162,0,2,109,8,5,0,2,1,265,157,0,108
2017-02-28,CALIFORNIA CENTRAL,CALIFORNIA,NINTH CIRCUIT,2931,2098,26,0,807,105,78,18,0,9,2826,2020,8,798
2017-02-28,CALIFORNIA EASTERN,CALIFORNIA,NINTH CIRCUIT,1246,882,9,2,353,39,27,6,2,4,1207,855,3,349
2017-02-28,CALIFORNIA NORTHERN,CALIFORNIA,NINTH CIRCUIT,734,360,18,2,354,46,24,10,2,10,688,336,8,344
2017-02-28,CALIFORNIA SOUTHERN,CALIFORNIA,NINTH CIRCUIT,564,429,4,0,131,17,14,2,0,1,547,415,2,130
2017-02-28,COLORADO,COLORADO,TENTH CIRCUIT,837,634,6,0,197,25,18,6,0,1,812,616,0,196
2017-02-28,CONNECTICUT,CONNECTICUT,SECOND CIRCUIT,397,315,1,0,81,10,9,1,0,0,387,306,0,81
2017-02-28,DELAWARE,DELAWARE,THIRD CIRCUIT,251,135,41,0,71,52,7,41,0,0,199,128,0,71
2017-02-28,DISTRICT OF COLUMBIA,DISTRICT OF COLUMBIA,DC CIRCUIT,47,30,1,0,16,1,1,0,0,0,46,29,1,16
2017-02-28,FLORIDA MIDDLE,FLORIDA,ELEVENTH CIRCUIT,1821,1246,14,1,560,73,49,8,1,15,1748,1197,6,545
2017-02-28,FLORIDA NORTHERN,FLORIDA,ELEVENTH CIRCUIT,193,144,4,0,45,8,4,4,0,0,185,140,0,45
2017-02-28,FLORIDA SOUTHERN,FLORIDA,ELEVENTH CIRCUIT,1307,663,17,0,627,37,22,13,0,2,1270,641,4,625
2017-02-28,GEORGIA MIDDLE,GEORGIA,ELEVENTH CIRCUIT,621,209,0,1,411,3,2,0,1,0,618,207,0,411
2017-02-28,GEORGIA NORTHERN,GEORGIA,ELEVENTH CIRCUIT,2614,1416,10,0,1188,49,36,10,0,3,2565,1380,0,1185
2017-02-28,GEORGIA SOUTHERN,GEORGIA,ELEVENTH CIRCUIT,558,133,4,2,419,14,8,3,2,1,544,125,1,418
2017-02-28,GUAM,GUAM,NINTH CIRCUIT,10,7,0,0,3,1,1,0,0,0,9,6,0,3
2017-02-28,HAWAII,HAWAII,NINTH CIRCUIT,123,84,1,0,38,2,0,1,0,1,121,84,0,37
2017-02-28,IDAHO,IDAHO,NINTH CIRCUIT,231,200,0,0,31,7,7,0,0,0,224,193,0,31
2017-02-28,ILLINOIS CENTRAL,ILLINOIS,SEVENTH CIRCUIT,360,295,2,1,62,10,5,2,1,2,350,290,0,60
2017-02-28,ILLINOIS NORTHERN,ILLINOIS,SEVENTH CIRCUIT,3562,1812,15,0,1735,60,41,14,0,5,3502,1771,1,1730
2017-02-28,ILLINOIS SOUTHERN,ILLINOIS,SEVENTH CIRCUIT,299,188,0,1,110,5,2,0,1,2,294,186,0,108
2017-02-28,INDIANA NORTHERN,INDIANA,SEVENTH CIRCUIT,539,358,1,0,180,9,8,1,0,0,530,350,0,180
2017-02-28,INDIANA SOUTHERN,INDIANA,SEVENTH CIRCUIT,945,578,4,1,362,18,10,4,1,3,927,568,0,359
2017-02-28,IOWA NORTHERN,IOWA,EIGHTH CIRCUIT,92,85,0,0,7,5,5,0,0,0,87,80,0,7
2017-02-28,IOWA SOUTHERN,IOWA,EIGHTH CIRCUIT,161,143,2,0,16,7,5,2,0,0,154,138,0,16
2017-02-28,KANSAS,KANSAS,TENTH CIRCUIT,388,207,6,1,174,14,7,6,1,0,374,200,0,174
2017-02-28,KENTUCKY EASTERN,KENTUCKY,SIXTH CIRCUIT,651,473,1,1,176,8,3,1,1,3,643,470,0,173
2017-02-28,KENTUCKY WESTERN,KENTUCKY,SIXTH CIRCUIT,690,462,1,3,224,17,11,1,3,2,673,451,0,222
2017-02-28,LOUISIANA EASTERN,LOUISIANA,FIFTH CIRCUIT,191,94,2,0,95,15,10,2,0,3,176,84,0,92
2017-02-28,LOUISIANA MIDDLE,LOUISIANA,FIFTH CIRCUIT,97,41,0,0,56,2,2,0,0,0,95,39,0,56
2017-02-28,LOUISIANA WESTERN,LOUISIANA,FIFTH CIRCUIT,639,94,2,1,542,10,5,1,1,3,629,89,1,539
2017-02-28,MAINE,MAINE,FIRST CIRCUIT,74,64,0,0,10,4,4,0,0,0,70,60,0,10
2017-02-28,MARYLAND,MARYLAND,FOURTH CIRCUIT,1405,943,10,1,451,30,19,5,1,5,1375,924,5,446
2017-02-28,MASSACHUSETTS,MASSACHUSETTS,FIRST CIRCUIT,618,393,4,0,221,20,14,2,0,4,598,379,2,217
2017-02-28,MICHIGAN EASTERN,MICHIGAN,SIXTH CIRCUIT,1974,1523,4,0,447,26,17,4,0,5,1948,1506,0,442
2017-02-28,MICHIGAN WESTERN,MICHIGAN,SIXTH CIRCUIT,510,400,1,1,108,17,12,1,1,3,493,388,0,105
2017-02-28,MINNESOTA,MINNESOTA,EIGHTH CIRCUIT,726,600,2,2,122,20,14,2,2,2,706,586,0,120
2017-02-28,MISSISSIPPI NORTHERN,MISSISSIPPI,FIFTH CIRCUIT,381,168,0,2,211,6,2,0,2,2,375,166,0,209
2017-02-28,MISSISSIPPI SOUTHERN,MISSISSIPPI,FIFTH CIRCUIT,600,284,4,0,312,16,12,4,0,0,584,272,0,312
2017-02-28,MISSOURI EASTERN,MISSOURI,EIGHTH CIRCUIT,784,485,1,0,298,13,10,1,0,2,771,475,0,296
2017-02-28,MISSOURI WESTERN,MISSOURI,EIGHTH CIRCUIT,563,371,2,0,190,11,6,2,0,3,552,365,0,187
2017-02-28,MONTANA,MONTANA,NINTH CIRCUIT,73,57,1,2,13,7,3,1,2,1,66,54,0,12
2017-02-28,NEBRASKA,NEBRASKA,EIGHTH CIRCUIT,279,165,2,1,111,9,5,2,1,1,270,160,0,110
2017-02-28,NEVADA,NEVADA,NINTH CIRCUIT,659,490,13,0,156,28,17,9,0,2,631,473,4,154
2017-02-28,NEW HAMPSHIRE,NEW HAMPSHIRE,FIRST CIRCUIT,138,93,3,0,42,7,4,3,0,0,131,89,0,42
2017-02-28,NEW JERSEY,NEW JERSEY,THIRD CIRCUIT,2132,1368,18,1,745,64,46,14,1,3,2068,1322,4,742
2017-02-28,NEW MEXICO,NEW MEXICO,TENTH CIRCUIT,244,224,1,1,18,6,5,0,1,0,238,219,1,18
2017-02-28,NEW YORK EASTERN,NEW YORK,SECOND CIRCUIT,1082,688,28,0,366,50,29,21,0,0,1032,659,7,366
2017-02-28,NEW YORK NORTHERN,NEW YORK,SECOND CIRCUIT,450,342,2,0,106,19,12,2,0,5,431,330,0,101
2017-02-28,NEW YORK SOUTHERN,NEW YORK,SECOND CIRCUIT,551,373,51,1,126,61,10,49,1,1,490,363,2,125
2017-02-28,NEW YORK WESTERN,NEW YORK,SECOND CIRCUIT,293,202,3,1,87,12,7,3,1,1,281,195,0,86
2017-02-28,NORTH CAROLINA EASTERN,NORTH CAROLINA,FOURTH CIRCUIT,497,158,8,0,331,16,8,7,0,1,481,150,1,330
2017-02-28,NORTH CAROLINA MIDDLE,NORTH CAROLINA,FOURTH CIRCUIT,314,118,2,0,194,11,7,2,0,2,303,111,0,192
2017-02-28,NORTH CAROLINA WESTERN,NORTH CAROLINA,FOURTH CIRCUIT,300,158,3,1,138,10,5,3,1,1,290,153,0,137
2017-02-28,NORTH DAKOTA,NORTH DAKOTA,EIGHTH CIRCUIT,72,63,0,0,9,5,3,0,0,2,67,60,0,7
2017-02-28,NORTHERN MARIANAS,NORTHERN MARIANA ISLANDS,NINTH CIRCUIT,0,0,0,0,0,0,0,0,0,0,0,0,0,0
2017-02-28,OHIO NORTHERN,OHIO,SIXTH CIRCUIT,1417,1093,2,1,321,32,26,1,1,4,1385,1067,1,317
2017-02-28,OHIO SOUTHERN,OHIO,SIXTH CIRCUIT,1175,773,1,0,401,22,21,0,0,1,1153,752,1,400
2017-02-28,OKLAHOMA EASTERN,OKLAHOMA,TENTH CIRCUIT,111,100,0,0,11,1,1,0,0,0,110,99,0,11
2017-02-28,OKLAHOMA NORTHERN,OKLAHOMA,TENTH CIRCUIT,173,150,1,0,22,4,3,1,0,0,169,147,0,22
2017-02-28,OKLAHOMA WESTERN,OKLAHOMA,TENTH CIRCUIT,341,258,1,0,82,9,8,1,0,0,332,250,0,82
2017-02-28,OREGON,OREGON,NINTH CIRCUIT,686,528,2,4,152,17,10,2,4,1,669,518,0,151
2017-02-28,PENNSYLVANIA EASTERN,PENNSYLVANIA,THIRD CIRCUIT,724,356,8,0,360,29,16,8,0,5,695,340,0,355
2017-02-28,PENNSYLVANIA MIDDLE,PENNSYLVANIA,THIRD CIRCUIT,478,280,3,0,195,11,5,3,0,3,467,275,0,192
2017-02-28,PENNSYLVANIA WESTERN,PENNSYLVANIA,THIRD CIRCUIT,652,432,7,2,211,24,15,6,2,1,628,417,1,210
2017-02-28,PUERTO RICO,PUERTO RICO,FIRST CIRCUIT,812,377,12,1,422,25,10,9,1,5,787,367,3,417
2017-02-28,RHODE ISLAND,RHODE ISLAND,FIRST CIRCUIT,142,116,1,0,25,4,3,1,0,0,138,113,0,25
2017-02-28,SOUTH CAROLINA,SOUTH CAROLINA,FOURTH CIRCUIT,492,208,2,1,281,11,7,1,1,2,481,201,1,279
2017-02-28,SOUTH DAKOTA,SOUTH DAKOTA,EIGHTH CIRCUIT,52,43,0,0,9,1,1,0,0,0,51,42,0,9
2017-02-28,TENNESSEE EASTERN,TENNESSEE,SIXTH CIRCUIT,953,564,2,0,387,16,13,2,0,1,937,551,0,386
2017-02-28,TENNESSEE MIDDLE,TENNESSEE,SIXTH CIRCUIT,725,392,6,0,327,12,7,5,0,0,713,385,1,327
2017-02-28,TENNESSEE WESTERN,TENNESSEE,SIXTH CIRCUIT,1184,324,4,0,856,10,5,3,0,2,1174,319,1,854
2017-02-28,TEXAS EASTERN,TEXAS,FIFTH CIRCUIT,448,187,18,0,243,42,23,17,0,2,406,164,1,241
2017-02-28,TEXAS NORTHERN,TEXAS,FIFTH CIRCUIT,954,398,20,0,536,63,41,18,0,4,891,357,2,532
2017-02-28,TEXAS SOUTHERN,TEXAS,FIFTH CIRCUIT,909,317,50,0,542,90,35,50,0,5,819,282,0,537
2017-02-28,TEXAS WESTERN,TEXAS,FIFTH CIRCUIT,629,277,8,0,344,43,29,8,0,6,586,248,0,338
2017-02-28,UTAH,UTAH,TENTH CIRCUIT,747,393,1,0,353,10,7,1,0,2,737,386,0,351
2017-02-28,VERMONT,VERMONT,SECOND CIRCUIT,39,31,0,0,8,4,4,0,0,0,35,27,0,8
2017-02-28,VIRGIN ISLANDS,VIRGIN ISLANDS,THIRD CIRCUIT,2,0,0,0,2,0,0,0,0,0,2,0,0,2
2017-02-28,VIRGINIA EASTERN,VIRGINIA,FOURTH CIRCUIT,1344,759,3,0,582,23,22,1,0,0,1321,737,2,582
2017-02-28,VIRGINIA WESTERN,VIRGINIA,FOURTH CIRCUIT,468,282,2,1,183,12,6,1,1,4,456,276,1,179
2017-02-28,WASHINGTON EASTERN,WASHINGTON,NINTH CIRCUIT,314,244,4,0,66,7,4,3,0,0,307,240,1,66
2017-02-28,WASHINGTON WESTERN,WASHINGTON,NINTH CIRCUIT,907,652,8,0,247,24,17,6,0,1,883,635,2,246
2017-02-28,WEST VIRGINIA NORTHERN,WEST VIRGINIA,FOURTH CIRCUIT,98,83,2,0,13,3,1,2,0,0,95,82,0,13
2017-02-28,WEST VIRGINIA SOUTHERN,WEST VIRGINIA,FOURTH CIRCUIT,142,122,0,0,20,1,1,0,0,0,141,121,0,20
2017-02-28,WISCONSIN EASTERN,WISCONSIN,SEVENTH CIRCUIT,879,594,0,0,285,12,11,0,0,1,867,583,0,284
2017-02-28,WISCONSIN WESTERN,WISCONSIN,SEVENTH CIRCUIT,337,282,2,0,53,11,9,2,0,0,326,273,0,53
2017-02-28,WYOMING,WYOMING,TENTH CIRCUIT,49,42,1,0,6,2,2,0,0,0,47,40,1,6
2017-03-31,ALABAMA MIDDLE,ALABAMA,ELEVENTH CIRCUIT,789,257,0,0,532,9,9,0,0,0,780,248,0,532
2017-03-31,ALABAMA NORTHERN,ALABAMA,ELEVENTH CIRCUIT,1502,839,1,1,661,16,14,1,1,0,1486,825,0,661
2017-03-31,ALABAMA SOUTHERN,ALABAMA,ELEVENTH CIRCUIT,455,152,0,0,303,1,1,0,0,0,454,151,0,303
2017-03-31,ALASKA,ALASKA,NINTH CIRCUIT,49,40,1,1,7,3,1,1,1,0,46,39,0,7
2017-03-31,ARIZONA,ARIZONA,NINTH CIRCUIT,1606,1323,9,1,273,31,19,5,1,6,1575,1304,4,267
2017-03-31,ARKANSAS EASTERN,ARKANSAS,EIGHTH CIRCUIT,712,353,0,0,359,10,7,0,0,3,702,346,0,356
2017-03-31,ARKANSAS WESTERN,ARKANSAS,EIGHTH CIRCUIT,350,220,0,0,130,9,7,0,0,2,341,213,0,128
2017-03-31,CALIFORNIA CENTRAL,CALIFORNIA,NINTH CIRCUIT,3919,2963,29,0,927,128,105,17,0,6,3791,2858,12,921
2017-03-31,CALIFORNIA EASTERN,CALIFORNIA,NINTH CIRCUIT,1600,1248,8,3,341,45,28,6,3,8,1555,1220,2,333
2017-03-31,CALIFORNIA NORTHERN,CALIFORNIA,NINTH CIRCUIT,860,469,15,0,376,52,38,7,0,7,808,431,8,369
2017-03-31,CALIFORNIA SOUTHERN,CALIFORNIA,NINTH CIRCUIT,868,716,2,1,149,28,24,0,1,3,840,692,2,146
2017-03-31,COLORADO,COLORADO,TENTH CIRCUIT,1373,1094,9,0,270,33,23,9,0,1,1340,1071,0,269
2017-03-31,CONNECTICUT,CONNECTICUT,SECOND CIRCUIT,557,451,6,0,100,19,13,5,0,1,538,438,1,99
2017-03-31,DELAWARE,DELAWARE,THIRD CIRCUIT,262,168,17,0,77,39,20,17,0,2,223,148,0,75
2017-03-31,DISTRICT OF COLUMBIA,DISTRICT OF COLUMBIA,DC CIRCUIT,79,54,3,0,22,5,1,3,0,1,74,53,0,21
2017-03-31,FLORIDA MIDDLE,FLORIDA,ELEVENTH CIRCUIT,2472,1775,35,1,661,94,60,28,1,5,2378,1715,7,656
2017-03-31,FLORIDA NORTHERN,FLORIDA,ELEVENTH CIRCUIT,270,222,2,0,46,6,5,1,0,0,264,217,1,46
2017-03-31,FLORIDA SOUTHERN,FLORIDA,ELEVENTH CIRCUIT,1678,897,22,0,759,49,30,18,0,1,1629,867,4,758
2017-03-31,GEORGIA MIDDLE,GEORGIA,ELEVENTH CIRCUIT,902,376,2,2,522,16,9,1,2,4,886,367,1,518
2017-03-31,GEORGIA NORTHERN,GEORGIA,ELEVENTH CIRCUIT,3210,1822,16,1,1371,57,35,16,1,5,3153,1787,0,1366
2017-03-31,GEORGIA SOUTHERN,GEORGIA,ELEVENTH CIRCUIT,619,194,1,0,424,7,6,1,0,0,612,188,0,424
2017-03-31,GUAM,GUAM,NINTH CIRCUIT,14,12,0,0,2,0,0,0,0,0,14,12,0,2
2017-03-31,HAWAII,HAWAII,NINTH CIRCUIT,117,84,0,1,32,4,3,0,1,0,113,81,0,32
2017-03-31,IDAHO,IDAHO,NINTH CIRCUIT,446,380,1,1,64,12,10,1,1,0,434,370,0,64
2017-03-31,ILLINOIS CENTRAL,ILLINOIS,SEVENTH CIRCUIT,677,575,1,0,101,5,3,1,0,1,672,572,0,100
2017-03-31,ILLINOIS NORTHERN,ILLINOIS,SEVENTH CIRCUIT,4732,2630,12,0,2090,60,45,10,0,5,4672,2585,2,2085
2017-03-31,ILLINOIS SOUTHERN,ILLINOIS,SEVENTH CIRCUIT,402,287,0,0,115,6,5,0,0,1,396,282,0,114
2017-03-31,INDIANA NORTHERN,INDIANA,SEVENTH CIRCUIT,1200,921,1,0,278,10,7,1,0,2,1190,914,0,276
2017-03-31,INDIANA SOUTHERN,INDIANA,SEVENTH CIRCUIT,1671,1212,7,1,451,28,20,7,1,0,1643,1192,0,451
2017-03-31,IOWA NORTHERN,IOWA,EIGHTH CIRCUIT,166,154,0,0,12,5,5,0,0,0,161,149,0,12
2017-03-31,IOWA SOUTHERN,IOWA,EIGHTH CIRCUIT,294,259,0,0,35,9,9,0,0,0,285,250,0,35
2017-03-31,KANSAS,KANSAS,TENTH CIRCUIT,673,402,3,4,264,20,10,3,4,3,653,392,0,261
2017-03-31,KENTUCKY EASTERN,KENTUCKY,SIXTH CIRCUIT,978,717,1,0,260,7,5,0,0,2,971,712,1,258
2017-03-31,KENTUCKY WESTERN,KENTUCKY,SIXTH CIRCUIT,921,654,1,1,265,10,8,1,1,0,911,646,0,265
2017-03-31,LOUISIANA EASTERN,LOUISIANA,FIFTH CIRCUIT,397,195,4,0,198,13,9,4,0,0,384,186,0,198
2017-03-31,LOUISIANA MIDDLE,LOUISIANA,FIFTH CIRCUIT,130,71,2,0,57,2,0,2,0,0,128,71,0,57
2017-03-31,LOUISIANA WESTERN,LOUISIANA,FIFTH CIRCUIT,863,238,3,2,620,16,12,2,2,0,847,226,1,620
2017-03-31,MAINE,MAINE,FIRST CIRCUIT,145,118,0,0,27,6,5,0,0,1,139,113,0,26
2017-03-31,MARYLAND,MARYLAND,FOURTH CIRCUIT,1868,1315,5,0,548,29,21,5,0,3,1839,1294,0,545
2017-03-31,MASSACHUSETTS,MASSACHUSETTS,FIRST CIRCUIT,842,577,13,1,251,34,19,10,1,4,808,558,3,247
2017-03-31,MICHIGAN EASTERN,MICHIGAN,SIXTH CIRCUIT,2878,2248,9,1,620,41,28,8,1,4,2837,2220,1,616
2017-03-31,MICHIGAN WESTERN,MICHIGAN,SIXTH CIRCUIT,836,704,3,0,129,15,12,2,0,1,821,692,1,128
2017-03-31,MINNESOTA,MINNESOTA,EIGHTH CIRCUIT,1008,833,6,1,168,30,20,6,1,3,978,813,0,165
2017-03-31,MISSISSIPPI NORTHERN,MISSISSIPPI,FIFTH CIRCUIT,527,267,2,0,258,8,5,2,0,1,519,262,0,257
2017-03-31,MISSISSIPPI SOUTHERN,MISSISSIPPI,FIFTH CIRCUIT,833,487,3,0,343,16,10,3,0,3,817,477,0,340
2017-03-31,MISSOURI EASTERN,MISSOURI,EIGHTH CIRCUIT,1130,770,2,0,358,14,11,1,0,2,1116,759,1,356
2017-03-31,MISSOURI WESTERN,MISSOURI,EIGHTH CIRCUIT,854,613,2,0,239,12,10,1,0,1,842,603,1,238
2017-03-31,MONTANA,MONTANA,NINTH CIRCUIT,167,143,1,0,23,6,4,1,0,1,161,139,0,22
2017-03-31,NEBRASKA,NEBRASKA,EIGHTH CIRCUIT,432,300,10,1,121,16,4,9,1,2,416,296,1,119
2017-03-31,NEVADA,NEVADA,NINTH CIRCUIT,952,730,17,0,205,29,17,12,0,0,923,713,5,205
2017-03-31,NEW HAMPSHIRE,NEW HAMPSHIRE,FIRST CIRCUIT,214,161,0,0,53,7,7,0,0,0,207,154,0,53
2017-03-31,NEW JERSEY,NEW JERSEY,THIRD CIRCUIT,2677,1779,24,0,874,68,43,19,0,6,2609,1736,5,868
2017-03-31,NEW MEXICO,NEW MEXICO,TENTH CIRCUIT,368,330,6,0,32,13,8,5,0,0,355,322,1,32
2017-03-31,NEW YORK EASTERN,NEW YORK,SECOND CIRCUIT,1465,949,26,0,490,43,23,20,0,0,1422,926,6,490
2017-03-31,NEW YORK NORTHERN,NEW YORK,SECOND CIRCUIT,658,505,3,0,150,16,10,2,0,4,642,495,1,146
2017-03-31,NEW YORK SOUTHERN,NEW YORK,SECOND CIRCUIT,812,524,106,0,176,132,18,103,0,5,680,506,3,171
2017-03-31,NEW YORK WESTERN,NEW YORK,SECOND CIRCUIT,423,302,3,0,118,20,16,3,0,1,403,286,0,117
2017-03-31,NORTH CAROLINA EASTERN,NORTH CAROLINA,FOURTH CIRCUIT,620,248,9,0,363,21,11,8,0,2,599,237,1,361
2017-03-31,NORTH CAROLINA MIDDLE,NORTH CAROLINA,FOURTH CIRCUIT,429,192,5,1,231,13,6,5,1,1,416,186,0,230
2017-03-31,NORTH CAROLINA WESTERN,NORTH CAROLINA,FOURTH CIRCUIT,434,242,1,1,190,8,5,1,1,1,426,237,0,189
2017-03-31,NORTH DAKOTA,NORTH DAKOTA,EIGHTH CIRCUIT,77,69,1,0,7,2,1,1,0,0,75,68,0,7
2017-03-31,NORTHERN MARIANAS,NORTHERN MARIANA ISLANDS,NINTH CIRCUIT,0,0,0,0,0,0,0,0,0,0,0,0,0,0
2017-03-31,OHIO NORTHERN,OHIO,SIXTH CIRCUIT,2231,1840,5,0,386,28,21,5,0,2,2203,1819,0,384
2017-03-31,OHIO SOUTHERN,OHIO,SIXTH CIRCUIT,1960,1446,1,0,513,30,24,1,0,5,1930,1422,0,508
2017-03-31,OKLAHOMA EASTERN,OKLAHOMA,TENTH CIRCUIT,164,144,0,0,20,2,2,0,0,0,162,142,0,20
2017-03-31,OKLAHOMA NORTHERN,OKLAHOMA,TENTH CIRCUIT,305,277,0,0,28,4,4,0,0,0,301,273,0,28
2017-03-31,OKLAHOMA WESTERN,OKLAHOMA,TENTH CIRCUIT,637,521,2,0,114,11,10,1,0,0,626,511,1,114
2017-03-31,OREGON,OREGON,NINTH CIRCUIT,992,795,1,0,196,19,14,1,0,4,973,781,0,192
2017-03-31,PENNSYLVANIA EASTERN,PENNSYLVANIA,THIRD CIRCUIT,888,507,4,0,377,21,15,3,0,3,867,492,1,374
2017-03-31,PENNSYLVANIA MIDDLE,PENNSYLVANIA,THIRD CIRCUIT,529,344,9,0,176,21,6,9,0,6,508,338,0,170
2017-03-31,PENNSYLVANIA WESTERN,PENNSYLVANIA,THIRD CIRCUIT,892,621,8,0,263,23,16,5,0,2,869,605,3,261
2017-03-31,PUERTO RICO,PUERTO RICO,FIRST CIRCUIT,946,407,18,4,517,34,4,15,4,11,912,403,3,506
2017-03-31,RHODE ISLAND,RHODE ISLAND,FIRST CIRCUIT,227,184,0,0,43,8,6,0,0,2,219,178,0,41
2017-03-31,SOUTH CAROLINA,SOUTH CAROLINA,FOURTH CIRCUIT,666,279,7,0,380,15,9,6,0,0,651,270,1,380
2017-03-31,SOUTH DAKOTA,SOUTH DAKOTA,EIGHTH CIRCUIT,102,89,1,1,11,5,1,1,1,2,97,88,0,9
2017-03-31,TENNESSEE EASTERN,TENNESSEE,SIXTH CIRCUIT,1300,797,5,1,497,17,9,5,1,2,1283,788,0,495
2017-03-31,TENNESSEE MIDDLE,TENNESSEE,SIXTH CIRCUIT,940,544,5,1,390,18,10,2,1,5,922,534,3,385
2017-03-31,TENNESSEE WESTERN,TENNESSEE,SIXTH CIRCUIT,1355,422,3,0,930,8,4,2,0,2,1347,418,1,928
2017-03-31,TEXAS EASTERN,TEXAS,FIFTH CIRCUIT,499,234,6,0,259,27,20,6,0,1,472,214,0,258
2017-03-31,TEXAS NORTHERN,TEXAS,FIFTH CIRCUIT,1219,598,10,0,611,74,61,10,0,3,1145,537,0,608
2017-03-31,TEXAS SOUTHERN,TEXAS,FIFTH CIRCUIT,1005,358,15,0,632,53,34,14,0,5,952,324,1,627
2017-03-31,TEXAS WESTERN,TEXAS,FIFTH CIRCUIT,725,378,6,1,340,35,25,6,1,3,690,353,0,337
2017-03-31,UTAH,UTAH,TENTH CIRCUIT,1277,796,5,0,476,26,16,4,0,6,1251,780,1,470
2017-03-31,VERMONT,VERMONT,SECOND CIRCUIT,43,29,0,1,13,4,2,0,1,1,39,27,0,12
2017-03-31,VIRGIN ISLANDS,VIRGIN ISLANDS,THIRD CIRCUIT,0,0,0,0,0,0,0,0,0,0,0,0,0,0
2017-03-31,VIRGINIA EASTERN,VIRGINIA,FOURTH CIRCUIT,1919,1190,5,0,724,31,26,4,0,1,1888,1164,1,723
2017-03-31,VIRGINIA WESTERN,VIRGINIA,FOURTH CIRCUIT,548,356,1,0,191,6,5,1,0,0,542,351,0,191
2017-03-31,WASHINGTON EASTERN,WASHINGTON,NINTH CIRCUIT,475,367,0,0,108,7,6,0,0,1,468,361,0,107
2017-03-31,WASHINGTON WESTERN,WASHINGTON,NINTH CIRCUIT,1256,893,4,1,358,35,29,1,1,4,1221,864,3,354
2017-03-31,WEST VIRGINIA NORTHERN,WEST VIRGINIA,FOURTH CIRCUIT,151,133,0,0,18,4,4,0,0,0,147,129,0,18
2017-03-31,WEST VIRGINIA SOUTHERN,WEST VIRGINIA,FOURTH CIRCUIT,255,230,7,0,18,14,7,7,0,0,241,223,0,18
2017-03-31,WISCONSIN EASTERN,WISCONSIN,SEVENTH CIRCUIT,1272,895,1,0,376,23,16,1,0,6,1249,879,0,370
2017-03-31,WISCONSIN WESTERN,WISCONSIN,SEVENTH CIRCUIT,496,418,6,3,69,21,10,6,3,2,475,408,0,67
2017-03-31,WYOMING,WYOMING,TENTH CIRCUIT,126,120,0,0,6,3,3,0,0,0,123,117,0,6
2017-04-30,ALABAMA MIDDLE,ALABAMA,ELEVENTH CIRCUIT,586,144,1,0,441,5,4,1,0,0,581,140,0,441
2017-04-30,ALABAMA NORTHERN,ALABAMA,ELEVENTH CIRCUIT,1157,599,1,0,557,12,8,1,0,3,1145,591,0,554
2017-04-30,ALABAMA SOUTHERN,ALABAMA,ELEVENTH CIRCUIT,435,152,5,0,278,8,5,3,0,0,427,147,2,278
2017-04-30,ALASKA,ALASKA,NINTH CIRCUIT,47,35,1,0,11,3,1,1,0,1,44,34,0,10
2017-04-30,ARIZONA,ARIZONA,NINTH CIRCUIT,1543,1287,19,0,237,57,41,14,0,2,1486,1246,5,235
2017-04-30,ARKANSAS EASTERN,ARKANSAS,EIGHTH CIRCUIT,623,306,0,1,316,7,5,0,1,1,616,301,0,315
2017-04-30,ARKANSAS WESTERN,ARKANSAS,EIGHTH CIRCUIT,290,173,3,0,114,13,10,3,0,0,277,163,0,114
2017-04-30,CALIFORNIA CENTRAL,CALIFORNIA,NINTH CIRCUIT,3316,2500,30,0,786,149,118,18,0,13,3167,2382,12,773
2017-04-30,CALIFORNIA EASTERN,CALIFORNIA,NINTH CIRCUIT,1536,1168,5,0,363,48,33,5,0,10,1488,1135,0,353
2017-04-30,CALIFORNIA NORTHERN,CALIFORNIA,NINTH CIRCUIT,762,411,20,0,331,40,26,12,0,2,722,385,8,329
2017-04-30,CALIFORNIA SOUTHERN,CALIFORNIA,NINTH CIRCUIT,695,574,2,0,119,25,24,0,0,1,670,550,2,118
2017-04-30,COLORADO,COLORADO,TENTH CIRCUIT,1106,885,3,0,218,31,27,2,0,2,1075,858,1,216
2017-04-30,CONNECTICUT,CONNECTICUT,SECOND CIRCUIT,481,384,1,0,96,9,8,1,0,0,472,376,0,96
2017-04-30,DELAWARE,DELAWARE,THIRD CIRCUIT,231,135,21,0,75,30,8,21,0,1,201,127,0,74
2017-04-30,DISTRICT OF COLUMBIA,DISTRICT OF COLUMBIA,DC CIRCUIT,75,57,0,0,18,3,2,0,0,1,72,55,0,17
2017-04-30,FLORIDA MIDDLE,FLORIDA,ELEVENTH CIRCUIT,2157,1537,20,0,600,73,52,15,0,6,2084,1485,5,594
2017-04-30,FLORIDA NORTHERN,FLORIDA,ELEVENTH CIRCUIT,197,166,0,0,31,7,6,0,0,1,190,160,0,30
2017-04-30,FLORIDA SOUTHERN,FLORIDA,ELEVENTH CIRCUIT,1426,735,20,0,670,42,26,11,0,4,1384,709,9,666
2017-04-30,GEORGIA MIDDLE,GEORGIA,ELEVENTH CIRCUIT,674,253,1,3,417,19,14,1,3,1,655,239,0,416
2017-04-30,GEORGIA NORTHERN,GEORGIA,ELEVENTH CIRCUIT,2516,1323,9,0,1184,46,31,9,0,6,2470,1292,0,1178
2017-04-30,GEORGIA SOUTHERN,GEORGIA,ELEVENTH CIRCUIT,524,137,0,1,386,5,1,0,1,3,519,136,0,383
2017-04-30,GUAM,GUAM,NINTH CIRCUIT,9,6,0,0,3,0,0,0,0,0,9,6,0,3
2017-04-30,HAWAII,HAWAII,NINTH CIRCUIT,98,66,0,0,32,1,1,0,0,0,97,65,0,32
2017-04-30,IDAHO,IDAHO,NINTH CIRCUIT,367,346,2,0,19,17,15,2,0,0,350,331,0,19
2017-04-30,ILLINOIS CENTRAL,ILLINOIS,SEVENTH CIRCUIT,500,400,2,0,98,10,8,2,0,0,490,392,0,98
2017-04-30,ILLINOIS NORTHERN,ILLINOIS,SEVENTH CIRCUIT,3544,2112,10,0,1422,65,54,8,0,3,3479,2058,2,1419
2017-04-30,ILLINOIS SOUTHERN,ILLINOIS,SEVENTH CIRCUIT,317,223,1,0,93,8,6,1,0,1,309,217,0,92
2017-04-30,INDIANA NORTHERN,INDIANA,SEVENTH CIRCUIT,963,705,1,0,257,7,5,1,0,1,956,700,0,256
2017-04-30,INDIANA SOUTHERN,INDIANA,SEVENTH CIRCUIT,1299,905,1,0,393,10,8,1,0,1,1289,897,0,392
2017-04-30,IOWA NORTHERN,IOWA,EIGHTH CIRCUIT,160,146,4,1,9,11,6,4,1,0,149,140,0,9
2017-04-30,IOWA SOUTHERN,IOWA,EIGHTH CIRCUIT,252,226,1,0,25,5,4,1,0,0,247,222,0,25
2017-04-30,KANSAS,KANSAS,TENTH CIRCUIT,613,379,1,4,229,8,3,1,4,0,605,376,0,229
2017-04-30,KENTUCKY EASTERN,KENTUCKY,SIXTH CIRCUIT,707,523,1,1,182,8,5,1,1,1,699,518,0,181
2017-04-30,KENTUCKY WESTERN,KENTUCKY,SIXTH CIRCUIT,628,444,0,1,183,5,4,0,1,0,623,440,0,183
2017-04-30,LOUISIANA EASTERN,LOUISIANA,FIFTH CIRCUIT,283,127,5,0,151,11,5,5,0,1,272,122,0,150
2017-04-30,LOUISIANA MIDDLE,LOUISIANA,FIFTH CIRCUIT,117,58,1,0,58,3,2,1,0,0,114,56,0,58
2017-04-30,LOUISIANA WESTERN,LOUISIANA,FIFTH CIRCUIT,677,179,1,3,494,12,7,1,3,1,665,172,0,493
2017-04-30,MAINE,MAINE,FIRST CIRCUIT,140,127,0,1,12,7,6,0,1,0,133,121,0,12
2017-04-30,MARYLAND,MARYLAND,FOURTH CIRCUIT,1453,1014,12,0,427,25,16,8,0,1,1428,998,4,426
2017-04-30,MASSACHUSETTS,MASSACHUSETTS,FIRST CIRCUIT,786,511,7,2,265,27,16,4,2,4,759,495,3,261
2017-04-30,MICHIGAN EASTERN,MICHIGAN,SIXTH CIRCUIT,2182,1743,5,4,430,25,15,5,4,1,2157,1728,0,429
2017-04-30,MICHIGAN WESTERN,MICHIGAN,SIXTH CIRCUIT,575,466,0,0,109,9,8,0,0,1,566,458,0,108
2017-04-30,MINNESOTA,MINNESOTA,EIGHTH CIRCUIT,896,732,5,1,158,16,10,5,1,0,880,722,0,158
2017-04-30,MISSISSIPPI NORTHERN,MISSISSIPPI,FIFTH CIRCUIT,378,180,4,1,193,9,2,4,1,2,369,178,0,191
2017-04-30,MISSISSIPPI SOUTHERN,MISSISSIPPI,FIFTH CIRCUIT,611,351,1,0,259,14,13,1,0,0,597,338,0,259
2017-04-30,MISSOURI EASTERN,MISSOURI,EIGHTH CIRCUIT,1024,700,30,0,294,46,16,30,0,0,978,684,0,294
2017-04-30,MISSOURI WESTERN,MISSOURI,EIGHTH CIRCUIT,684,476,0,1,207,8,6,0,1,1,676,470,0,206
2017-04-30,MONTANA,MONTANA,NINTH CIRCUIT,146,123,0,2,21,5,3,0,2,0,141,120,0,21
2017-04-30,NEBRASKA,NEBRASKA,EIGHTH CIRCUIT,350,239,0,5,105,14,7,0,5,1,336,232,0,104
2017-04-30,NEVADA,NEVADA,NINTH CIRCUIT,826,628,29,0,169,31,13,15,0,3,795,615,14,166
2017-04-30,NEW HAMPSHIRE,NEW HAMPSHIRE,FIRST CIRCUIT,164,118,2,1,43,7,4,2,1,0,157,114,0,43
2017-04-30,NEW JERSEY,NEW JERSEY,THIRD CIRCUIT,2385,1524,14,0,847,43,30,10,0,3,2342,1494,4,844
2017-04-30,NEW MEXICO,NEW MEXICO,TENTH CIRCUIT,287,263,0,0,24,6,5,0,0,1,281,258,0,23
2017-04-30,NEW YORK EASTERN,NEW YORK,SECOND CIRCUIT,1266,786,22,0,458,54,35,18,0,1,1212,751,4,457
2017-04-30,NEW YORK NORTHERN,NEW YORK,SECOND CIRCUIT,571,451,4,0,116,17,10,3,0,4,554,441,1,112
2017-04-30,NEW YORK SOUTHERN,NEW YORK,SECOND CIRCUIT,684,485,36,0,159,51,11,31,0,5,633,474,5,154
2017-04-30,NEW YORK WESTERN,NEW YORK,SECOND CIRCUIT,385,278,2,0,105,15,10,2,0,3,370,268,0,102
2017-04-30,NORTH CAROLINA EASTERN,NORTH CAROLINA,FOURTH CIRCUIT,556,206,11,0,339,20,7,10,0,3,536,199,1,336
2017-04-30,NORTH CAROLINA MIDDLE,NORTH CAROLINA,FOURTH CIRCUIT,304,135,4,1,164,13,8,4,1,0,291,127,0,164
2017-04-30,NORTH CAROLINA WESTERN,NORTH CAROLINA,FOURTH CIRCUIT,362,210,1,0,151,10,8,1,0,1,352,202,0,150
2017-04-30,NORTH DAKOTA,NORTH DAKOTA,EIGHTH CIRCUIT,74,64,0,0,10,2,1,0,0,1,72,63,0,9
2017-04-30,NORTHERN MARIANAS,NORTHERN MARIANA ISLANDS,NINTH CIRCUIT,0,0,0,0,0,0,0,0,0,0,0,0,0,0
2017-04-30,OHIO NORTHERN,OHIO,SIXTH CIRCUIT,1893,1593,0,0,300,28,24,0,0,4,1865,1569,0,296
2017-04-30,OHIO SOUTHERN,OHIO,SIXTH CIRCUIT,1553,1121,1,2,429,22,18,0,2,2,1531,1103,1,427
2017-04-30,OKLAHOMA EASTERN,OKLAHOMA,TENTH CIRCUIT,131,122,0,0,9,3,3,0,0,0,128,119,0,9
2017-04-30,OKLAHOMA NORTHERN,OKLAHOMA,TENTH CIRCUIT,235,207,0,0,28,4,4,0,0,0,231,203,0,28
2017-04-30,OKLAHOMA WESTERN,OKLAHOMA,TENTH CIRCUIT,515,412,3,0,100,9,5,3,0,1,506,407,0,99
2017-04-30,OREGON,OREGON,NINTH CIRCUIT,861,665,4,0,192,17,12,3,0,2,844,653,1,190
2017-04-30,PENNSYLVANIA EASTERN,PENNSYLVANIA,THIRD CIRCUIT,762,396,7,0,359,28,15,7,0,6,734,381,0,353
2017-04-30,PENNSYLVANIA MIDDLE,PENNSYLVANIA,THIRD CIRCUIT,473,298,0,1,174,16,11,0,1,4,457,287,0,170
2017-04-30,PENNSYLVANIA WESTERN,PENNSYLVANIA,THIRD CIRCUIT,1083,639,18,0,426,43,21,14,0,8,1040,618,4,418
2017-04-30,PUERTO RICO,PUERTO RICO,FIRST CIRCUIT,787,347,13,1,426,26,10,11,1,4,761,337,2,422
2017-04-30,RHODE ISLAND,RHODE ISLAND,FIRST CIRCUIT,188,148,5,0,35,8,3,5,0,0,180,145,0,35
2017-04-30,SOUTH CAROLINA,SOUTH CAROLINA,FOURTH CIRCUIT,562,213,2,1,346,10,6,2,1,1,552,207,0,345
2017-04-30,SOUTH DAKOTA,SOUTH DAKOTA,EIGHTH CIRCUIT,106,92,1,0,13,5,4,0,0,1,101,88,1,12
2017-04-30,TENNESSEE EASTERN,TENNESSEE,SIXTH CIRCUIT,1013,583,6,0,424,18,9,5,0,4,995,574,1,420
2017-04-30,TENNESSEE MIDDLE,TENNESSEE,SIXTH CIRCUIT,737,404,2,0,331,17,13,1,0,3,720,391,1,328
2017-04-30,TENNESSEE WESTERN,TENNESSEE,SIXTH CIRCUIT,1106,305,3,1,797,12,7,3,1,1,1094,298,0,796
2017-04-30,TEXAS EASTERN,TEXAS,FIFTH CIRCUIT,461,205,6,1,249,27,15,5,1,6,434,190,1,243
2017-04-30,TEXAS NORTHERN,TEXAS,FIFTH CIRCUIT,1183,486,156,2,539,203,40,155,2,6,980,446,1,533
2017-04-30,TEXAS SOUTHERN,TEXAS,FIFTH CIRCUIT,930,358,93,1,478,122,26,93,1,2,808,332,0,476
2017-04-30,TEXAS WESTERN,TEXAS,FIFTH CIRCUIT,683,381,8,0,294,30,21,7,0,2,653,360,1,292
2017-04-30,UTAH,UTAH,TENTH CIRCUIT,1063,674,2,0,387,18,14,2,0,2,1045,660,0,385
2017-04-30,VERMONT,VERMONT,SECOND CIRCUIT,52,44,0,1,7,1,0,0,1,0,51,44,0,7
2017-04-30,VIRGIN ISLANDS,VIRGIN ISLANDS,THIRD CIRCUIT,2,2,0,0,0,1,1,0,0,0,1,1,0,0
2017-04-30,VIRGINIA EASTERN,VIRGINIA,FOURTH CIRCUIT,1493,915,5,0,573,30,24,4,0,2,1463,891,1,571
2017-04-30,VIRGINIA WESTERN,VIRGINIA,FOURTH CIRCUIT,504,355,1,1,147,12,9,1,1,1,492,346,0,146
2017-04-30,WASHINGTON EASTERN,WASHINGTON,NINTH CIRCUIT,328,246,0,0,82,7,7,0,0,0,321,239,0,82
2017-04-30,WASHINGTON WESTERN,WASHINGTON,NINTH CIRCUIT,980,709,6,2,263,27,19,5,2,1,953,690,1,262
2017-04-30,WEST VIRGINIA NORTHERN,WEST VIRGINIA,FOURTH CIRCUIT,111,96,0,0,15,0,0,0,0,0,111,96,0,15
2017-04-30,WEST VIRGINIA SOUTHERN,WEST VIRGINIA,FOURTH CIRCUIT,201,170,1,1,29,4,1,1,1,1,197,169,0,28
2017-04-30,WISCONSIN EASTERN,WISCONSIN,SEVENTH CIRCUIT,1358,914,1,2,441,21,15,1,2,3,1337,899,0,438
2017-04-30,WISCONSIN WESTERN,WISCONSIN,SEVENTH CIRCUIT,467,366,0,5,96,23,15,0,5,3,444,351,0,93
2017-04-30,WYOMING,WYOMING,TENTH CIRCUIT,104,95,0,0,9,2,2,0,0,0,102,93,0,9
2017-05-31,ALABAMA MIDDLE,ALABAMA,ELEVENTH CIRCUIT,688,154,2,0,532,6,4,1,0,1,682,150,1,531
2017-05-31,ALABAMA NORTHERN,ALABAMA,ELEVENTH CIRCUIT,1235,580,5,3,647,15,8,3,3,1,1220,572,2,646
2017-05-31,ALABAMA SOUTHERN,ALABAMA,ELEVENTH CIRCUIT,415,130,2,0,283,4,2,2,0,0,411,128,0,283
2017-05-31,ALASKA,ALASKA,NINTH CIRCUIT,49,43,0,0,6,1,1,0,0,0,48,42,0,6
2017-05-31,ARIZONA,ARIZONA,NINTH CIRCUIT,1445,1188,17,1,239,54,37,14,1,2,1391,1151,3,237
2017-05-31,ARKANSAS EASTERN,ARKANSAS,EIGHTH CIRCUIT,644,311,0,0,333,11,10,0,0,1,633,301,0,332
2017-05-31,ARKANSAS WESTERN,ARKANSAS,EIGHTH CIRCUIT,314,186,0,1,127,8,5,0,1,2,306,181,0,125
2017-05-31,CALIFORNIA CENTRAL,CALIFORNIA,NINTH CIRCUIT,3522,2655,60,1,805,180,120,47,1,11,3342,2535,13,794
2017-05-31,CALIFORNIA EASTERN,CALIFORNIA,NINTH CIRCUIT,1393,1086,9,2,296,56,34,9,2,11,1337,1052,0,285
2017-05-31,CALIFORNIA NORTHERN,CALIFORNIA,NINTH CIRCUIT,812,465,14,0,333,56,43,10,0,3,756,422,4,330
2017-05-31,CALIFORNIA SOUTHERN,CALIFORNIA,NINTH CIRCUIT,728,584,2,0,142,26,20,1,0,5,702,564,1,137
2017-05-31,COLORADO,COLORADO,TENTH CIRCUIT,1224,962,11,0,251,42,26,11,0,5,1182,936,0,246
2017-05-31,CONNECTICUT,CONNECTICUT,SECOND CIRCUIT,530,445,5,0,80,15,12,3,0,0,515,433,2,80
2017-05-31,DELAWARE,DELAWARE,THIRD CIRCUIT,282,124,75,0,83,78,2,75,0,1,204,122,0,82
2017-05-31,DISTRICT OF COLUMBIA,DISTRICT OF COLUMBIA,DC CIRCUIT,57,39,5,0,13,4,0,4,0,0,53,39,1,13
2017-05-31,FLORIDA MIDDLE,FLORIDA,ELEVENTH CIRCUIT,2294,1606,21,0,667,89,70,15,0,4,2205,1536,6,663
2017-05-31,FLORIDA NORTHERN,FLORIDA,ELEVENTH CIRCUIT,208,172,4,0,32,7,3,4,0,0,201,169,0,32
2017-05-31,FLORIDA SOUTHERN,FLORIDA,ELEVENTH CIRCUIT,1521,802,19,1,698,48,29,12,1,5,1473,773,7,693
2017-05-31,GEORGIA MIDDLE,GEORGIA,ELEVENTH CIRCUIT,681,217,11,4,449,30,10,11,4,5,651,207,0,444
2017-05-31,GEORGIA NORTHERN,GEORGIA,ELEVENTH CIRCUIT,2513,1314,10,1,1188,40,30,9,1,0,2473,1284,1,1188
2017-05-31,GEORGIA SOUTHERN,GEORGIA,ELEVENTH CIRCUIT,580,125,1,2,452,5,2,0,2,1,575,123,1,451
2017-05-31,GUAM,GUAM,NINTH CIRCUIT,1,1,0,0,0,0,0,0,0,0,1,1,0,0
2017-05-31,HAWAII,HAWAII,NINTH CIRCUIT,117,88,2,0,27,6,4,1,0,1,111,84,1,26
2017-05-31,IDAHO,IDAHO,NINTH CIRCUIT,369,323,2,0,44,8,7,1,0,0,361,316,1,44
2017-05-31,ILLINOIS CENTRAL,ILLINOIS,SEVENTH CIRCUIT,489,401,1,0,87,4,3,1,0,0,485,398,0,87
2017-05-31,ILLINOIS NORTHERN,ILLINOIS,SEVENTH CIRCUIT,3607,2035,14,0,1558,76,55,13,0,8,3531,1980,1,1550
2017-05-31,ILLINOIS SOUTHERN,ILLINOIS,SEVENTH CIRCUIT,345,251,3,1,90,10,5,3,1,1,335,246,0,89
2017-05-31,INDIANA NORTHERN,INDIANA,SEVENTH CIRCUIT,947,662,0,0,285,5,4,0,0,1,942,658,0,284
2017-05-31,INDIANA SOUTHERN,INDIANA,SEVENTH CIRCUIT,1395,982,1,2,410,21,17,1,2,1,1374,965,0,409
2017-05-31,IOWA NORTHERN,IOWA,EIGHTH CIRCUIT,170,150,1,5,14,10,4,1,5,0,160,146,0,14
2017-05-31,IOWA SOUTHERN,IOWA,EIGHTH CIRCUIT,261,226,1,0,34,7,6,1,0,0,254,220,0,34
2017-05-31,KANSAS,KANSAS,TENTH CIRCUIT,702,422,5,3,272,22,13,4,3,2,680,409,1,270
2017-05-31,KENTUCKY EASTERN,KENTUCKY,SIXTH CIRCUIT,752,534,0,3,215,12,9,0,3,0,740,525,0,215
2017-05-31,KENTUCKY WESTERN,KENTUCKY,SIXTH CIRCUIT,600,415,0,1,184,5,4,0,1,0,595,411,0,184
2017-05-31,LOUISIANA EASTERN,LOUISIANA,FIFTH CIRCUIT,326,164,7,0,155,20,11,7,0,2,306,153,0,153
2017-05-31,LOUISIANA MIDDLE,LOUISIANA,FIFTH CIRCUIT,103,54,1,0,48,5,4,1,0,0,98,50,0,48
2017-05-31,LOUISIANA WESTERN,LOUISIANA,FIFTH CIRCUIT,729,174,3,2,550,10,5,3,2,0,719,169,0,550
2017-05-31,MAINE,MAINE,FIRST CIRCUIT,142,116,1,0,25,12,9,1,0,2,130,107,0,23
2017-05-31,MARYLAND,MARYLAND,FOURTH CIRCUIT,1575,1098,4,0,473,27,17,4,0,6,1548,1081,0,467
2017-05-31,MASSACHUSETTS,MASSACHUSETTS,FIRST CIRCUIT,823,570,10,0,243,36,25,8,0,3,787,545,2,240
2017-05-31,MICHIGAN EASTERN,MICHIGAN,SIXTH CIRCUIT,2290,1819,6,1,464,22,14,4,1,3,2268,1805,2,461
2017-05-31,MICHIGAN WESTERN,MICHIGAN,SIXTH CIRCUIT,606,484,2,1,119,19,13,1,1,4,587,471,1,115
2017-05-31,MINNESOTA,MINNESOTA,EIGHTH CIRCUIT,941,779,7,0,155,25,16,6,0,3,916,763,1,152
2017-05-31,MISSISSIPPI NORTHERN,MISSISSIPPI,FIFTH CIRCUIT,432,189,2,0,241,9,5,2,0,2,423,184,0,239
2017-05-31,MISSISSIPPI SOUTHERN,MISSISSIPPI,FIFTH CIRCUIT,580,294,0,0,286,14,13,0,0,1,566,281,0,285
2017-05-31,MISSOURI EASTERN,MISSOURI,EIGHTH CIRCUIT,963,632,0,0,331,10,8,0,0,2,953,624,0,329
2017-05-31,MISSOURI WESTERN,MISSOURI,EIGHTH CIRCUIT,633,446,6,0,181,14,8,4,0,2,619,438,2,179
2017-05-31,MONTANA,MONTANA,NINTH CIRCUIT,131,111,1,2,17,7,4,1,2,0,124,107,0,17
2017-05-31,NEBRASKA,NEBRASKA,EIGHTH CIRCUIT,383,270,0,4,109,10,6,0,4,0,373,264,0,109
2017-05-31,NEVADA,NEVADA,NINTH CIRCUIT,827,610,23,0,194,22,7,11,0,4,805,603,12,190
2017-05-31,NEW HAMPSHIRE,NEW HAMPSHIRE,FIRST CIRCUIT,174,131,1,0,42,5,4,1,0,0,169,127,0,42
2017-05-31,NEW JERSEY,NEW JERSEY,THIRD CIRCUIT,2533,1515,40,0,978,83,48,28,0,7,2450,1467,12,971
2017-05-31,NEW MEXICO,NEW MEXICO,TENTH CIRCUIT,326,290,5,0,31,11,6,5,0,0,315,284,0,31
2017-05-31,NEW YORK EASTERN,NEW YORK,SECOND CIRCUIT,1369,874,17,0,478,53,42,11,0,0,1316,832,6,478
2017-05-31,NEW YORK NORTHERN,NEW YORK,SECOND CIRCUIT,579,464,5,1,109,19,12,5,1,1,560,452,0,108
2017-05-31,NEW YORK SOUTHERN,NEW YORK,SECOND CIRCUIT,793,493,103,0,176,143,23,99,0,0,650,470,4,176
2017-05-31,NEW YORK WESTERN,NEW YORK,SECOND CIRCUIT,426,302,4,0,120,12,6,4,0,2,414,296,0,118
2017-05-31,NORTH CAROLINA EASTERN,NORTH CAROLINA,FOURTH CIRCUIT,552,218,10,0,324,24,11,8,0,5,528,207,2,319
2017-05-31,NORTH CAROLINA MIDDLE,NORTH CAROLINA,FOURTH CIRCUIT,350,167,0,0,183,7,6,0,0,1,343,161,0,182
2017-05-31,NORTH CAROLINA WESTERN,NORTH CAROLINA,FOURTH CIRCUIT,392,193,3,0,196,16,10,3,0,3,376,183,0,193
2017-05-31,NORTH DAKOTA,NORTH DAKOTA,EIGHTH CIRCUIT,79,68,1,0,10,5,4,1,0,0,74,64,0,10
2017-05-31,NORTHERN MARIANAS,NORTHERN MARIANA ISLANDS,NINTH CIRCUIT,0,0,0,0,0,0,0,0,0,0,0,0,0,0
2017-05-31,OHIO NORTHERN,OHIO,SIXTH CIRCUIT,1881,1545,2,0,334,28,23,2,0,3,1853,1522,0,331
2017-05-31,OHIO SOUTHERN,OHIO,SIXTH CIRCUIT,1535,1060,2,0,473,21,16,2,0,3,1514,1044,0,470
2017-05-31,OKLAHOMA EASTERN,OKLAHOMA,TENTH CIRCUIT,148,129,0,0,19,0,0,0,0,0,148,129,0,19
2017-05-31,OKLAHOMA NORTHERN,OKLAHOMA,TENTH CIRCUIT,270,241,0,0,29,1,1,0,0,0,269,240,0,29
2017-05-31,OKLAHOMA WESTERN,OKLAHOMA,TENTH CIRCUIT,509,401,0,0,108,14,14,0,0,0,495,387,0,108
2017-05-31,OREGON,OREGON,NINTH CIRCUIT,855,665,4,0,186,18,10,3,0,5,837,655,1,181
2017-05-31,PENNSYLVANIA EASTERN,PENNSYLVANIA,THIRD CIRCUIT,763,394,12,0,357,29,13,12,0,4,734,381,0,353
2017-05-31,PENNSYLVANIA MIDDLE,PENNSYLVANIA,THIRD CIRCUIT,499,335,3,0,161,12,5,3,0,4,487,330,0,157
2017-05-31,PENNSYLVANIA WESTERN,PENNSYLVANIA,THIRD CIRCUIT,769,527,12,0,230,28,15,10,0,3,741,512,2,227
2017-05-31,PUERTO RICO,PUERTO RICO,FIRST CIRCUIT,846,353,15,3,475,35,8,12,3,12,811,345,3,463
2017-05-31,RHODE ISLAND,RHODE ISLAND,FIRST CIRCUIT,227,167,1,0,59,11,9,1,0,1,216,158,0,58
2017-05-31,SOUTH CAROLINA,SOUTH CAROLINA,FOURTH CIRCUIT,535,243,3,0,289,4,2,0,0,2,531,241,3,287
2017-05-31,SOUTH DAKOTA,SOUTH DAKOTA,EIGHTH CIRCUIT,111,98,0,1,12,6,3,0,1,2,105,95,0,10
2017-05-31,TENNESSEE EASTERN,TENNESSEE,SIXTH CIRCUIT,1065,552,3,0,510,17,13,2,0,2,1048,539,1,508
2017-05-31,TENNESSEE MIDDLE,TENNESSEE,SIXTH CIRCUIT,783,386,5,0,392,9,7,2,0,0,774,379,3,392
2017-05-31,TENNESSEE WESTERN,TENNESSEE,SIXTH CIRCUIT,1211,310,3,0,898,11,7,3,0,1,1200,303,0,897
2017-05-31,TEXAS EASTERN,TEXAS,FIFTH CIRCUIT,475,222,10,0,243,29,16,10,0,3,446,206,0,240
2017-05-31,TEXAS NORTHERN,TEXAS,FIFTH CIRCUIT,1031,488,10,2,531,52,39,10,2,1,979,449,0,530
2017-05-31,TEXAS SOUTHERN,TEXAS,FIFTH CIRCUIT,845,380,13,0,451,65,46,12,0,6,780,334,1,445
2017-05-31,TEXAS WESTERN,TEXAS,FIFTH CIRCUIT,694,365,11,0,318,36,24,11,0,1,658,341,0,317
2017-05-31,UTAH,UTAH,TENTH CIRCUIT,1108,717,1,0,390,12,10,1,0,1,1096,707,0,389
2017-05-31,VERMONT,VERMONT,SECOND CIRCUIT,52,46,0,1,5,3,2,0,1,0,49,44,0,5
2017-05-31,VIRGIN ISLANDS,VIRGIN ISLANDS,THIRD CIRCUIT,1,0,1,0,0,1,0,1,0,0,0,0,0,0
2017-05-31,VIRGINIA EASTERN,VIRGINIA,FOURTH CIRCUIT,1583,955,8,1,619,40,30,6,1,3,1543,925,2,616
2017-05-31,VIRGINIA WESTERN,VIRGINIA,FOURTH CIRCUIT,477,283,3,1,190,5,1,2,1,1,472,282,1,189
2017-05-31,WASHINGTON EASTERN,WASHINGTON,NINTH CIRCUIT,387,287,0,0,100,7,7,0,0,0,380,280,0,100
2017-05-31,WASHINGTON WESTERN,WASHINGTON,NINTH CIRCUIT,956,693,5,0,258,22,16,5,0,1,934,677,0,257
2017-05-31,WEST VIRGINIA NORTHERN,WEST VIRGINIA,FOURTH CIRCUIT,124,111,0,0,13,2,2,0,0,0,122,109,0,13
2017-05-31,WEST VIRGINIA SOUTHERN,WEST VIRGINIA,FOURTH CIRCUIT,189,170,3,0,16,8,5,3,0,0,181,165,0,16
2017-05-31,WISCONSIN EASTERN,WISCONSIN,SEVENTH CIRCUIT,1283,849,1,1,432,16,12,1,1,2,1267,837,0,430
2017-05-31,WISCONSIN WESTERN,WISCONSIN,SEVENTH CIRCUIT,421,348,3,2,68,25,16,3,2,4,396,332,0,64
2017-05-31,WYOMING,WYOMING,TENTH CIRCUIT,106,100,0,0,6,0,0,0,0,0,106,100,0,6
2017-06-30,ALABAMA MIDDLE,ALABAMA,ELEVENTH CIRCUIT,691,153,3,0,535,10,6,3,0,1,681,147,0,534
2017-06-30,ALABAMA NORTHERN,ALABAMA,ELEVENTH CIRCUIT,1167,565,3,0,599,14,10,3,0,1,1153,555,0,598
2017-06-30,ALABAMA SOUTHERN,ALABAMA,ELEVENTH CIRCUIT,424,127,0,0,297,1,1,0,0,0,423,126,0,297
2017-06-30,ALASKA,ALASKA,NINTH CIRCUIT,34,28,1,0,5,4,3,1,0,0,30,25,0,5
2017-06-30,ARIZONA,ARIZONA,NINTH CIRCUIT,1479,1256,14,1,208,40,30,8,1,1,1439,1226,6,207
2017-06-30,ARKANSAS EASTERN,ARKANSAS,EIGHTH CIRCUIT,588,259,1,0,328,9,7,1,0,1,579,252,0,327
2017-06-30,ARKANSAS WESTERN,ARKANSAS,EIGHTH CIRCUIT,273,158,2,0,113,9,8,1,0,0,264,150,1,113
2017-06-30,CALIFORNIA CENTRAL,CALIFORNIA,NINTH CIRCUIT,3376,2494,43,0,839,135,100,25,0,10,3241,2394,18,829
2017-06-30,CALIFORNIA EASTERN,CALIFORNIA,NINTH CIRCUIT,1207,934,8,0,265,41,27,7,0,7,1166,907,1,258
2017-06-30,CALIFORNIA NORTHERN,CALIFORNIA,NINTH CIRCUIT,831,480,12,1,338,55,38,9,1,7,776,442,3,331
2017-06-30,CALIFORNIA SOUTHERN,CALIFORNIA,NINTH CIRCUIT,711,559,4,0,148,30,22,4,0,4,681,537,0,144
2017-06-30,COLORADO,COLORADO,TENTH CIRCUIT,1016,796,9,1,210,37,23,9,1,4,979,773,0,206
2017-06-30,CONNECTICUT,CONNECTICUT,SECOND CIRCUIT,498,394,4,0,100,17,12,3,0,2,481,382,1,98
2017-06-30,DELAWARE,DELAWARE,THIRD CIRCUIT,236,124,44,0,68,49,5,44,0,0,187,119,0,68
2017-06-30,DISTRICT OF COLUMBIA,DISTRICT OF COLUMBIA,DC CIRCUIT,64,40,1,0,23,0,0,0,0,0,64,40,1,23
2017-06-30,FLORIDA MIDDLE,FLORIDA,ELEVENTH CIRCUIT,2365,1624,48,2,691,111,64,41,2,4,2254,1560,7,687
2017-06-30,FLORIDA NORTHERN,FLORIDA,ELEVENTH CIRCUIT,207,156,3,0,48,4,2,2,0,0,203,154,1,48
2017-06-30,FLORIDA SOUTHERN,FLORIDA,ELEVENTH CIRCUIT,1546,764,17,0,765,62,42,15,0,5,1484,722,2,760
2017-06-30,GEORGIA MIDDLE,GEORGIA,ELEVENTH CIRCUIT,743,194,6,3,540,22,8,6,3,5,721,186,0,535
2017-06-30,GEORGIA NORTHERN,GEORGIA,ELEVENTH CIRCUIT,2777,1433,13,3,1328,47,32,12,3,0,2730,1401,1,1328
2017-06-30,GEORGIA SOUTHERN,GEORGIA,ELEVENTH CIRCUIT,618,128,1,1,488,8,5,1,1,1,610,123,0,487
2017-06-30,GUAM,GUAM,NINTH CIRCUIT,19,13,0,0,6,4,1,0,0,3,15,12,0,3
2017-06-30,HAWAII,HAWAII,NINTH CIRCUIT,112,72,1,0,39,4,3,1,0,0,108,69,0,39
2017-06-30,IDAHO,IDAHO,NINTH CIRCUIT,365,315,2,1,47,9,4,2,1,2,356,311,0,45
2017-06-30,ILLINOIS CENTRAL,ILLINOIS,SEVENTH CIRCUIT,442,351,2,0,89,15,9,2,0,4,427,342,0,85
2017-06-30,ILLINOIS NORTHERN,ILLINOIS,SEVENTH CIRCUIT,3428,1879,23,0,1526,78,49,22,0,7,3350,1830,1,1519
2017-06-30,ILLINOIS SOUTHERN,ILLINOIS,SEVENTH CIRCUIT,324,219,3,0,102,10,7,3,0,0,314,212,0,102
2017-06-30,INDIANA NORTHERN,INDIANA,SEVENTH CIRCUIT,806,557,2,0,247,7,5,2,0,0,799,552,0,247
2017-06-30,INDIANA SOUTHERN,INDIANA,SEVENTH CIRCUIT,1225,851,3,0,371,16,13,2,0,1,1209,838,1,370
2017-06-30,IOWA NORTHERN,IOWA,EIGHTH CIRCUIT,151,136,2,2,11,10,5,2,2,1,141,131,0,10
2017-06-30,IOWA SOUTHERN,IOWA,EIGHTH CIRCUIT,247,219,0,0,28,10,9,0,0,1,237,210,0,27
2017-06-30,KANSAS,KANSAS,TENTH CIRCUIT,606,351,5,2,248,16,5,5,2,4,590,346,0,244
2017-06-30,KENTUCKY EASTERN,KENTUCKY,SIXTH CIRCUIT,609,402,2,0,205,8,4,1,0,3,601,398,1,202
2017-06-30,KENTUCKY WESTERN,KENTUCKY,SIXTH CIRCUIT,623,431,1,1,190,16,12,1,1,2,607,419,0,188
2017-06-30,LOUISIANA EASTERN,LOUISIANA,FIFTH CIRCUIT,312,147,2,0,163,12,9,2,0,1,300,138,0,162
2017-06-30,LOUISIANA MIDDLE,LOUISIANA,FIFTH CIRCUIT,137,67,0,1,69,4,3,0,1,0,133,64,0,69
2017-06-30,LOUISIANA WESTERN,LOUISIANA,FIFTH CIRCUIT,742,154,25,1,562,34,7,25,1,1,708,147,0,561
2017-06-30,MAINE,MAINE,FIRST CIRCUIT,144,119,1,0,24,10,5,1,0,4,134,114,0,20
2017-06-30,MARYLAND,MARYLAND,FOURTH CIRCUIT,1526,993,14,0,519,30,15,13,0,2,1496,978,1,517
2017-06-30,MASSACHUSETTS,MASSACHUSETTS,FIRST CIRCUIT,761,491,11,1,258,35,21,10,1,3,726,470,1,255
2017-06-30,MICHIGAN EASTERN,MICHIGAN,SIXTH CIRCUIT,2010,1527,3,1,478,19,12,3,1,2,1991,1515,0,476
2017-06-30,MICHIGAN WESTERN,MICHIGAN,SIXTH CIRCUIT,523,418,0,1,104,14,12,0,1,1,509,406,0,103
2017-06-30,MINNESOTA,MINNESOTA,EIGHTH CIRCUIT,822,674,7,3,138,41,27,7,3,4,781,647,0,134
2017-06-30,MISSISSIPPI NORTHERN,MISSISSIPPI,FIFTH CIRCUIT,448,166,3,0,279,8,5,3,0,0,440,161,0,279
2017-06-30,MISSISSIPPI SOUTHERN,MISSISSIPPI,FIFTH CIRCUIT,633,304,7,1,321,21,13,7,1,0,612,291,0,321
2017-06-30,MISSOURI EASTERN,MISSOURI,EIGHTH CIRCUIT,875,573,1,0,301,11,9,1,0,1,864,564,0,300
2017-06-30,MISSOURI WESTERN,MISSOURI,EIGHTH CIRCUIT,633,440,6,0,187,14,7,6,0,1,619,433,0,186
2017-06-30,MONTANA,MONTANA,NINTH CIRCUIT,129,115,2,0,12,6,4,2,0,0,123,111,0,12
2017-06-30,NEBRASKA,NEBRASKA,EIGHTH CIRCUIT,342,226,2,0,114,6,5,1,0,0,336,221,1,114
2017-06-30,NEVADA,NEVADA,NINTH CIRCUIT,811,631,12,0,168,17,9,8,0,0,794,622,4,168
2017-06-30,NEW HAMPSHIRE,NEW HAMPSHIRE,FIRST CIRCUIT,156,121,0,0,35,4,4,0,0,0,152,117,0,35
2017-06-30,NEW JERSEY,NEW JERSEY,THIRD CIRCUIT,2226,1362,48,2,814,75,29,39,2,5,2151,1333,9,809
2017-06-30,NEW MEXICO,NEW MEXICO,TENTH CIRCUIT,312,290,2,0,20,10,7,2,0,1,302,283,0,19
2017-06-30,NEW YORK EASTERN,NEW YORK,SECOND CIRCUIT,1371,844,29,0,498,65,41,24,0,0,1306,803,5,498
2017-06-30,NEW YORK NORTHERN,NEW YORK,SECOND CIRCUIT,503,384,1,0,118,6,5,1,0,0,497,379,0,118
2017-06-30,NEW YORK SOUTHERN,NEW YORK,SECOND CIRCUIT,687,465,47,0,171,55,11,39,0,1,632,454,8,170
2017-06-30,NEW YORK WESTERN,NEW YORK,SECOND CIRCUIT,376,264,3,0,109,14,11,3,0,0,362,253,0,109
2017-06-30,NORTH CAROLINA EASTERN,NORTH CAROLINA,FOURTH CIRCUIT,590,215,2,1,372,12,7,2,1,2,578,208,0,370
2017-06-30,NORTH CAROLINA MIDDLE,NORTH CAROLINA,FOURTH CIRCUIT,312,143,1,0,168,7,6,0,0,1,305,137,1,167
2017-06-30,NORTH CAROLINA WESTERN,NORTH CAROLINA,FOURTH CIRCUIT,357,188,0,0,169,4,4,0,0,0,353,184,0,169
2017-06-30,NORTH DAKOTA,NORTH DAKOTA,EIGHTH CIRCUIT,67,61,0,0,6,1,1,0,0,0,66,60,0,6
2017-06-30,NORTHERN MARIANAS,NORTHERN MARIANA ISLANDS,NINTH CIRCUIT,1,1,0,0,0,0,0,0,0,0,1,1,0,0
2017-06-30,OHIO NORTHERN,OHIO,SIXTH CIRCUIT,1905,1547,1,1,356,29,23,1,1,4,1876,1524,0,352
2017-06-30,OHIO SOUTHERN,OHIO,SIXTH CIRCUIT,1527,1000,0,0,527,24,21,0,0,3,1503,979,0,524
2017-06-30,OKLAHOMA EASTERN,OKLAHOMA,TENTH CIRCUIT,118,107,0,0,11,3,3,0,0,0,115,104,0,11
2017-06-30,OKLAHOMA NORTHERN,OKLAHOMA,TENTH CIRCUIT,251,221,1,0,29,11,9,1,0,1,240,212,0,28
2017-06-30,OKLAHOMA WESTERN,OKLAHOMA,TENTH CIRCUIT,486,379,1,0,106,15,11,1,0,3,471,368,0,103
2017-06-30,OREGON,OREGON,NINTH CIRCUIT,764,597,1,0,166,10,8,1,0,1,754,589,0,165
2017-06-30,PENNSYLVANIA EASTERN,PENNSYLVANIA,THIRD CIRCUIT,714,376,18,1,319,27,5,17,1,4,687,371,1,315
2017-06-30,PENNSYLVANIA MIDDLE,PENNSYLVANIA,THIRD CIRCUIT,462,278,5,0,179,18,10,5,0,3,444,268,0,176
2017-06-30,PENNSYLVANIA WESTERN,PENNSYLVANIA,THIRD CIRCUIT,643,415,14,1,213,33,13,13,1,6,610,402,1,207
2017-06-30,PUERTO RICO,PUERTO RICO,FIRST CIRCUIT,861,338,19,1,503,39,12,19,1,7,822,326,0,496
2017-06-30,RHODE ISLAND,RHODE ISLAND,FIRST CIRCUIT,203,153,0,0,50,6,6,0,0,0,197,147,0,50
2017-06-30,SOUTH CAROLINA,SOUTH CAROLINA,FOURTH CIRCUIT,558,236,1,1,320,18,15,1,1,1,540,221,0,319
2017-06-30,SOUTH DAKOTA,SOUTH DAKOTA,EIGHTH CIRCUIT,113,96,0,0,17,2,1,0,0,1,111,95,0,16
2017-06-30,TENNESSEE EASTERN,TENNESSEE,SIXTH CIRCUIT,1087,612,4,0,471,13,10,3,0,0,1074,602,1,471
2017-06-30,TENNESSEE MIDDLE,TENNESSEE,SIXTH CIRCUIT,742,356,4,1,381,13,10,1,1,1,729,346,3,380
2017-06-30,TENNESSEE WESTERN,TENNESSEE,SIXTH CIRCUIT,1263,331,1,0,931,7,5,1,0,1,1256,326,0,930
2017-06-30,TEXAS EASTERN,TEXAS,FIFTH CIRCUIT,473,192,7,0,274,31,21,7,0,3,442,171,0,271
2017-06-30,TEXAS NORTHERN,TEXAS,FIFTH CIRCUIT,1116,480,16,3,617,75,52,16,3,4,1041,428,0,613
2017-06-30,TEXAS SOUTHERN,TEXAS,FIFTH CIRCUIT,965,320,94,1,550,125,31,90,1,3,840,289,4,547
2017-06-30,TEXAS WESTERN,TEXAS,FIFTH CIRCUIT,783,390,8,0,385,42,33,8,0,1,741,357,0,384
2017-06-30,UTAH,UTAH,TENTH CIRCUIT,985,609,1,0,375,7,5,1,0,1,978,604,0,374
2017-06-30,VERMONT,VERMONT,SECOND CIRCUIT,54,45,0,3,6,5,2,0,3,0,49,43,0,6
2017-06-30,VIRGIN ISLANDS,VIRGIN ISLANDS,THIRD CIRCUIT,1,0,0,0,1,0,0,0,0,0,1,0,0,1
2017-06-30,VIRGINIA EASTERN,VIRGINIA,FOURTH CIRCUIT,1485,856,24,0,605,39,20,18,0,1,1446,836,6,604
2017-06-30,VIRGINIA WESTERN,VIRGINIA,FOURTH CIRCUIT,429,249,2,0,178,7,4,2,0,1,422,245,0,177
2017-06-30,WASHINGTON EASTERN,WASHINGTON,NINTH CIRCUIT,342,266,1,0,74,6,3,1,0,1,336,263,0,73
2017-06-30,WASHINGTON WESTERN,WASHINGTON,NINTH CIRCUIT,911,630,10,0,271,27,16,10,0,1,884,614,0,270
2017-06-30,WEST VIRGINIA NORTHERN,WEST VIRGINIA,FOURTH CIRCUIT,131,112,3,0,16,6,4,2,0,0,125,108,1,16
2017-06-30,WEST VIRGINIA SOUTHERN,WEST VIRGINIA,FOURTH CIRCUIT,134,114,2,0,18,4,2,2,0,0,130,112,0,18
2017-06-30,WISCONSIN EASTERN,WISCONSIN,SEVENTH CIRCUIT,1154,759,1,3,391,16,10,1,3,2,1138,749,0,389
2017-06-30,WISCONSIN WESTERN,WISCONSIN,SEVENTH CIRCUIT,369,303,3,3,60,13,7,3,3,0,356,296,0,60
2017-06-30,WYOMING,WYOMING,TENTH CIRCUIT,88,76,1,0,11,3,2,1,0,0,85,74,0,11
2017-07-31,ALABAMA MIDDLE,ALABAMA,ELEVENTH CIRCUIT,647,134,0,0,513,3,3,0,0,0,644,131,0,513
2017-07-31,ALABAMA NORTHERN,ALABAMA,ELEVENTH CIRCUIT,1146,493,2,0,651,9,7,2,0,0,1137,486,0,651
2017-07-31,ALABAMA SOUTHERN,ALABAMA,ELEVENTH CIRCUIT,394,95,2,0,297,4,1,2,0,1,390,94,0,296
2017-07-31,ALASKA,ALASKA,NINTH CIRCUIT,39,32,1,0,6,1,0,1,0,0,38,32,0,6
2017-07-31,ARIZONA,ARIZONA,NINTH CIRCUIT,1334,1092,12,0,230,41,29,9,0,3,1293,1063,3,227
2017-07-31,ARKANSAS EASTERN,ARKANSAS,EIGHTH CIRCUIT,529,226,2,1,300,9,6,1,1,1,520,220,1,299
2017-07-31,ARKANSAS WESTERN,ARKANSAS,EIGHTH CIRCUIT,252,130,1,0,121,6,5,0,0,1,246,125,1,120
2017-07-31,CALIFORNIA CENTRAL,CALIFORNIA,NINTH CIRCUIT,3060,2211,39,0,810,133,99,26,0,8,2927,2112,13,802
2017-07-31,CALIFORNIA EASTERN,CALIFORNIA,NINTH CIRCUIT,1230,952,7,3,268,41,28,6,3,4,1189,924,1,264
2017-07-31,CALIFORNIA NORTHERN,CALIFORNIA,NINTH CIRCUIT,711,391,20,1,299,46,26,11,1,8,665,365,9,291
2017-07-31,CALIFORNIA SOUTHERN,CALIFORNIA,NINTH CIRCUIT,653,511,5,0,137,30,25,4,0,1,623,486,1,136
2017-07-31,COLORADO,COLORADO,TENTH CIRCUIT,1017,771,6,0,240,37,28,6,0,3,980,743,0,237
2017-07-31,CONNECTICUT,CONNECTICUT,SECOND CIRCUIT,487,376,10,1,100,21,11,9,1,0,466,365,1,100
2017-07-31,DELAWARE,DELAWARE,THIRD CIRCUIT,198,107,13,0,78,21,7,13,0,1,177,100,0,77
2017-07-31,DISTRICT OF COLUMBIA,DISTRICT OF COLUMBIA,DC CIRCUIT,62,41,3,0,18,4,2,2,0,0,58,39,1,18
2017-07-31,FLORIDA MIDDLE,FLORIDA,ELEVENTH CIRCUIT,1970,1346,24,1,599,58,35,19,1,3,1912,1311,5,596
2017-07-31,FLORIDA NORTHERN,FLORIDA,ELEVENTH CIRCUIT,211,178,0,0,33,4,4,0,0,0,207,174,0,33
2017-07-31,FLORIDA SOUTHERN,FLORIDA,ELEVENTH CIRCUIT,1458,775,27,0,656,69,41,20,0,8,1389,734,7,648
2017-07-31,GEORGIA MIDDLE,GEORGIA,ELEVENTH CIRCUIT,762,254,7,8,493,26,10,6,8,2,736,244,1,491
2017-07-31,GEORGIA NORTHERN,GEORGIA,ELEVENTH CIRCUIT,2662,1270,8,0,1384,37,29,7,0,1,2625,1241,1,1383
2017-07-31,GEORGIA SOUTHERN,GEORGIA,ELEVENTH CIRCUIT,575,95,0,0,480,6,5,0,0,1,569,90,0,479
2017-07-31,GUAM,GUAM,NINTH CIRCUIT,18,12,0,0,6,2,2,0,0,0,16,10,0,6
2017-07-31,HAWAII,HAWAII,NINTH CIRCUIT,118,76,1,1,40,4,2,1,1,0,114,74,0,40
2017-07-31,IDAHO,IDAHO,NINTH CIRCUIT,315,294,0,0,21,6,6,0,0,0,309,288,0,21
2017-07-31,ILLINOIS CENTRAL,ILLINOIS,SEVENTH CIRCUIT,395,326,1,0,68,7,5,1,0,1,388,321,0,67
2017-07-31,ILLINOIS NORTHERN,ILLINOIS,SEVENTH CIRCUIT,3208,1746,14,1,1447,57,40,12,1,4,3151,1706,2,1443
2017-07-31,ILLINOIS SOUTHERN,ILLINOIS,SEVENTH CIRCUIT,276,188,1,0,87,4,3,1,0,0,272,185,0,87
2017-07-31,INDIANA NORTHERN,INDIANA,SEVENTH CIRCUIT,731,509,3,0,219,15,8,3,0,4,716,501,0,215
2017-07-31,INDIANA SOUTHERN,INDIANA,SEVENTH CIRCUIT,1139,736,1,0,402,13,10,1,0,2,1126,726,0,400
2017-07-31,IOWA NORTHERN,IOWA,EIGHTH CIRCUIT,140,125,0,2,13,7,5,0,2,0,133,120,0,13
2017-07-31,IOWA SOUTHERN,IOWA,EIGHTH CIRCUIT,211,185,0,0,26,6,6,0,0,0,205,179,0,26
2017-07-31,KANSAS,KANSAS,TENTH CIRCUIT,567,314,1,2,250,11,6,1,2,2,556,308,0,248
2017-07-31,KENTUCKY EASTERN,KENTUCKY,SIXTH CIRCUIT,667,498,0,0,169,7,7,0,0,0,660,491,0,169
2017-07-31,KENTUCKY WESTERN,KENTUCKY,SIXTH CIRCUIT,606,387,0,0,219,4,2,0,0,2,602,385,0,217
2017-07-31,LOUISIANA EASTERN,LOUISIANA,FIFTH CIRCUIT,318,152,3,0,163,12,7,3,0,2,306,145,0,161
2017-07-31,LOUISIANA MIDDLE,LOUISIANA,FIFTH CIRCUIT,87,45,0,0,42,1,0,0,0,1,86,45,0,41
2017-07-31,LOUISIANA WESTERN,LOUISIANA,FIFTH CIRCUIT,731,163,3,1,564,14,10,3,1,0,717,153,0,564
2017-07-31,MAINE,MAINE,FIRST CIRCUIT,121,95,0,0,26,8,5,0,0,3,113,90,0,23
2017-07-31,MARYLAND,MARYLAND,FOURTH CIRCUIT,1389,937,8,0,444,25,18,4,0,3,1364,919,4,441
2017-07-31,MASSACHUSETTS,MASSACHUSETTS,FIRST CIRCUIT,622,382,8,2,230,17,11,4,2,0,605,371,4,230
2017-07-31,MICHIGAN EASTERN,MICHIGAN,SIXTH CIRCUIT,1813,1393,9,1,410,31,18,9,1,3,1782,1375,0,407
2017-07-31,MICHIGAN WESTERN,MICHIGAN,SIXTH CIRCUIT,454,374,0,0,80,9,8,0,0,1,445,366,0,79
2017-07-31,MINNESOTA,MINNESOTA,EIGHTH CIRCUIT,756,621,1,4,130,14,9,1,4,0,742,612,0,130
2017-07-31,MISSISSIPPI NORTHERN,MISSISSIPPI,FIFTH CIRCUIT,378,152,3,0,223,9,5,3,0,1,369,147,0,222
2017-07-31,MISSISSIPPI SOUTHERN,MISSISSIPPI,FIFTH CIRCUIT,584,300,2,0,282,9,5,2,0,2,575,295,0,280
2017-07-31,MISSOURI EASTERN,MISSOURI,EIGHTH CIRCUIT,862,581,5,0,276,14,8,5,0,1,848,573,0,275
2017-07-31,MISSOURI WESTERN,MISSOURI,EIGHTH CIRCUIT,595,369,2,0,224,6,3,2,0,1,589,366,0,223
2017-07-31,MONTANA,MONTANA,NINTH CIRCUIT,122,92,4,0,26,6,2,4,0,0,116,90,0,26
2017-07-31,NEBRASKA,NEBRASKA,EIGHTH CIRCUIT,321,212,0,0,109,5,3,0,0,2,316,209,0,107
2017-07-31,NEVADA,NEVADA,NINTH CIRCUIT,734,564,18,0,152,18,12,6,0,0,716,552,12,152
2017-07-31,NEW HAMPSHIRE,NEW HAMPSHIRE,FIRST CIRCUIT,151,107,1,0,43,4,3,1,0,0,147,104,0,43
2017-07-31,NEW JERSEY,NEW JERSEY,THIRD CIRCUIT,2116,1315,16,1,784,48,29,11,1,7,2068,1286,5,777
2017-07-31,NEW MEXICO,NEW MEXICO,TENTH CIRCUIT,260,230,2,0,28,8,4,2,0,2,252,226,0,26
2017-07-31,NEW YORK EASTERN,NEW YORK,SECOND CIRCUIT,1195,699,18,0,478,40,23,17,0,0,1155,676,1,478
2017-07-31,NEW YORK NORTHERN,NEW YORK,SECOND CIRCUIT,461,346,2,1,112,11,7,2,1,1,450,339,0,111
2017-07-31,NEW YORK SOUTHERN,NEW YORK,SECOND CIRCUIT,634,458,16,0,158,32,15,12,0,3,602,443,4,155
2017-07-31,NEW YORK WESTERN,NEW YORK,SECOND CIRCUIT,353,228,4,1,120,13,6,4,1,2,340,222,0,118
2017-07-31,NORTH CAROLINA EASTERN,NORTH CAROLINA,FOURTH CIRCUIT,509,158,6,2,343,15,4,6,2,3,494,154,0,340
2017-07-31,NORTH CAROLINA MIDDLE,NORTH CAROLINA,FOURTH CIRCUIT,298,125,2,0,171,8,6,2,0,0,290,119,0,171
2017-07-31,NORTH CAROLINA WESTERN,NORTH CAROLINA,FOURTH CIRCUIT,366,224,2,0,140,12,9,2,0,1,354,215,0,139
2017-07-31,NORTH DAKOTA,NORTH DAKOTA,EIGHTH CIRCUIT,70,61,0,0,9,3,3,0,0,0,67,58,0,9
2017-07-31,NORTHERN MARIANAS,NORTHERN MARIANA ISLANDS,NINTH CIRCUIT,0,0,0,0,0,0,0,0,0,0,0,0,0,0
2017-07-31,OHIO NORTHERN,OHIO,SIXTH CIRCUIT,1617,1271,2,0,344,21,15,2,0,4,1596,1256,0,340
2017-07-31,OHIO SOUTHERN,OHIO,SIXTH CIRCUIT,1360,928,2,0,430,18,14,2,0,2,1342,914,0,428
2017-07-31,OKLAHOMA EASTERN,OKLAHOMA,TENTH CIRCUIT,132,123,1,0,8,2,1,1,0,0,130,122,0,8
2017-07-31,OKLAHOMA NORTHERN,OKLAHOMA,TENTH CIRCUIT,208,182,0,0,26,1,1,0,0,0,207,181,0,26
2017-07-31,OKLAHOMA WESTERN,OKLAHOMA,TENTH CIRCUIT,452,340,1,0,111,9,7,1,0,1,443,333,0,110
2017-07-31,OREGON,OREGON,NINTH CIRCUIT,711,546,2,0,163,15,9,2,0,4,696,537,0,159
2017-07-31,PENNSYLVANIA EASTERN,PENNSYLVANIA,THIRD CIRCUIT,709,379,8,0,322,17,9,6,0,2,692,370,2,320
2017-07-31,PENNSYLVANIA MIDDLE,PENNSYLVANIA,THIRD CIRCUIT,425,257,7,0,161,19,10,7,0,2,406,247,0,159
2017-07-31,PENNSYLVANIA WESTERN,PENNSYLVANIA,THIRD CIRCUIT,568,375,6,0,187,16,8,6,0,2,552,367,0,185
2017-07-31,PUERTO RICO,PUERTO RICO,FIRST CIRCUIT,687,267,5,0,415,11,3,4,0,4,676,264,1,411
2017-07-31,RHODE ISLAND,RHODE ISLAND,FIRST CIRCUIT,195,144,1,0,50,8,7,1,0,0,187,137,0,50
2017-07-31,SOUTH CAROLINA,SOUTH CAROLINA,FOURTH CIRCUIT,517,207,2,0,308,5,3,2,0,0,512,204,0,308
2017-07-31,SOUTH DAKOTA,SOUTH DAKOTA,EIGHTH CIRCUIT,106,82,0,4,20,5,1,0,4,0,101,81,0,20
2017-07-31,TENNESSEE EASTERN,TENNESSEE,SIXTH CIRCUIT,974,513,5,2,454,19,12,3,2,2,955,501,2,452
2017-07-31,TENNESSEE MIDDLE,TENNESSEE,SIXTH CIRCUIT,693,311,5,0,377,9,4,4,0,1,684,307,1,376
2017-07-31,TENNESSEE WESTERN,TENNESSEE,SIXTH CIRCUIT,1105,253,2,1,849,10,5,1,1,3,1095,248,1,846
2017-07-31,TEXAS EASTERN,TEXAS,FIFTH CIRCUIT,426,168,4,0,254,21,17,3,0,1,405,151,1,253
2017-07-31,TEXAS NORTHERN,TEXAS,FIFTH CIRCUIT,930,406,25,1,498,55,27,24,1,3,875,379,1,495
2017-07-31,TEXAS SOUTHERN,TEXAS,FIFTH CIRCUIT,881,286,14,0,581,38,19,12,0,7,843,267,2,574
2017-07-31,TEXAS WESTERN,TEXAS,FIFTH CIRCUIT,709,353,8,1,347,36,24,8,1,3,673,329,0,344
2017-07-31,UTAH,UTAH,TENTH CIRCUIT,867,537,0,0,330,9,8,0,0,1,858,529,0,329
2017-07-31,VERMONT,VERMONT,SECOND CIRCUIT,52,45,0,0,7,2,1,0,0,1,50,44,0,6
2017-07-31,VIRGIN ISLANDS,VIRGIN ISLANDS,THIRD CIRCUIT,0,0,0,0,0,0,0,0,0,0,0,0,0,0
2017-07-31,VIRGINIA EASTERN,VIRGINIA,FOURTH CIRCUIT,1325,747,4,0,574,31,25,3,0,3,1294,722,1,571
2017-07-31,VIRGINIA WESTERN,VIRGINIA,FOURTH CIRCUIT,433,265,2,1,165,10,7,2,1,0,423,258,0,165
2017-07-31,WASHINGTON EASTERN,WASHINGTON,NINTH CIRCUIT,277,210,0,0,67,3,2,0,0,1,274,208,0,66
2017-07-31,WASHINGTON WESTERN,WASHINGTON,NINTH CIRCUIT,830,590,2,0,238,20,18,1,0,1,810,572,1,237
2017-07-31,WEST VIRGINIA NORTHERN,WEST VIRGINIA,FOURTH CIRCUIT,76,62,5,0,9,6,2,4,0,0,70,60,1,9
2017-07-31,WEST VIRGINIA SOUTHERN,WEST VIRGINIA,FOURTH CIRCUIT,156,144,0,0,12,3,3,0,0,0,153,141,0,12
2017-07-31,WISCONSIN EASTERN,WISCONSIN,SEVENTH CIRCUIT,1026,670,3,3,350,17,10,3,3,1,1009,660,0,349
2017-07-31,WISCONSIN WESTERN,WISCONSIN,SEVENTH CIRCUIT,375,301,5,2,67,17,5,5,2,5,358,296,0,62
2017-07-31,WYOMING,WYOMING,TENTH CIRCUIT,95,86,0,0,9,1,1,0,0,0,94,85,0,9
2017-08-31,ALABAMA MIDDLE,ALABAMA,ELEVENTH CIRCUIT,729,128,3,1,597,11,7,3,1,0,718,121,0,597
2017-08-31,ALABAMA NORTHERN,ALABAMA,ELEVENTH CIRCUIT,1275,596,9,0,670,15,5,9,0,1,1260,591,0,669
2017-08-31,ALABAMA SOUTHERN,ALABAMA,ELEVENTH CIRCUIT,453,113,4,0,336,8,4,3,0,1,445,109,1,335
2017-08-31,ALASKA,ALASKA,NINTH CIRCUIT,28,22,3,0,3,4,1,3,0,0,24,21,0,3
2017-08-31,ARIZONA,ARIZONA,NINTH CIRCUIT,1568,1297,19,0,252,40,28,12,0,0,1528,1269,7,252
2017-08-31,ARKANSAS EASTERN,ARKANSAS,EIGHTH CIRCUIT,617,294,3,0,320,11,8,2,0,1,606,286,1,319
2017-08-31,ARKANSAS WESTERN,ARKANSAS,EIGHTH CIRCUIT,305,151,1,0,153,6,4,1,0,1,299,147,0,152
2017-08-31,CALIFORNIA CENTRAL,CALIFORNIA,NINTH CIRCUIT,3514,2629,32,0,853,122,93,22,0,7,3392,2536,10,846
2017-08-31,CALIFORNIA EASTERN,CALIFORNIA,NINTH CIRCUIT,1348,1067,6,2,273,40,31,4,2,3,1308,1036,2,270
2017-08-31,CALIFORNIA NORTHERN,CALIFORNIA,NINTH CIRCUIT,831,418,15,1,396,48,30,7,1,9,783,388,8,387
2017-08-31,CALIFORNIA SOUTHERN,CALIFORNIA,NINTH CIRCUIT,737,581,7,1,148,23,15,5,1,2,714,566,2,146
2017-08-31,COLORADO,COLORADO,TENTH CIRCUIT,1172,940,12,1,219,45,31,11,1,2,1127,909,1,217
2017-08-31,CONNECTICUT,CONNECTICUT,SECOND CIRCUIT,534,428,3,0,103,23,18,3,0,2,511,410,0,101
2017-08-31,DELAWARE,DELAWARE,THIRD CIRCUIT,234,122,40,0,69,47,4,40,0,0,187,118,0,69
2017-08-31,DISTRICT OF COLUMBIA,DISTRICT OF COLUMBIA,DC CIRCUIT,59,39,0,0,20,2,2,0,0,0,57,37,0,20
2017-08-31,FLORIDA MIDDLE,FLORIDA,ELEVENTH CIRCUIT,2295,1614,29,1,651,89,62,20,1,6,2206,1552,9,645
2017-08-31,FLORIDA NORTHERN,FLORIDA,ELEVENTH CIRCUIT,237,181,2,0,54,9,6,2,0,1,228,175,0,53
2017-08-31,FLORIDA SOUTHERN,FLORIDA,ELEVENTH CIRCUIT,1473,782,20,0,671,55,32,12,0,11,1418,750,8,660
2017-08-31,GEORGIA MIDDLE,GEORGIA,ELEVENTH CIRCUIT,764,245,2,0,517,16,12,1,0,3,748,233,1,514
2017-08-31,GEORGIA NORTHERN,GEORGIA,ELEVENTH CIRCUIT,2631,1467,6,0,1158,35,27,5,0,3,2596,1440,1,1155
2017-08-31,GEORGIA SOUTHERN,GEORGIA,ELEVENTH CIRCUIT,646,128,1,0,517,5,4,1,0,0,641,124,0,517
2017-08-31,GUAM,GUAM,NINTH CIRCUIT,14,10,0,0,4,1,0,0,0,1,13,10,0,3
2017-08-31,HAWAII,HAWAII,NINTH CIRCUIT,139,91,1,0,47,6,4,0,0,2,133,87,1,45
2017-08-31,IDAHO,IDAHO,NINTH CIRCUIT,351,294,5,0,52,11,7,4,0,0,340,287,1,52
2017-08-31,ILLINOIS CENTRAL,ILLINOIS,SEVENTH CIRCUIT,466,378,0,0,88,3,3,0,0,0,463,375,0,88
2017-08-31,ILLINOIS NORTHERN,ILLINOIS,SEVENTH CIRCUIT,3854,2034,6,0,1814,67,53,5,0,9,3787,1981,1,1805
2017-08-31,ILLINOIS SOUTHERN,ILLINOIS,SEVENTH CIRCUIT,333,217,0,0,116,4,4,0,0,0,329,213,0,116
2017-08-31,INDIANA NORTHERN,INDIANA,SEVENTH CIRCUIT,904,618,2,2,282,13,6,2,2,3,891,612,0,279
2017-08-31,INDIANA SOUTHERN,INDIANA,SEVENTH CIRCUIT,1307,842,6,1,458,16,10,4,1,1,1291,832,2,457
2017-08-31,IOWA NORTHERN,IOWA,EIGHTH CIRCUIT,159,142,0,3,14,9,6,0,3,0,150,136,0,14
2017-08-31,IOWA SOUTHERN,IOWA,EIGHTH CIRCUIT,239,205,0,0,34,7,6,0,0,1,232,199,0,33
2017-08-31,KANSAS,KANSAS,TENTH CIRCUIT,623,359,3,3,258,17,9,2,3,3,606,350,1,255
2017-08-31,KENTUCKY EASTERN,KENTUCKY,SIXTH CIRCUIT,746,521,4,0,221,13,8,3,0,2,733,513,1,219
2017-08-31,KENTUCKY WESTERN,KENTUCKY,SIXTH CIRCUIT,692,451,7,0,234,14,5,7,0,2,678,446,0,232
2017-08-31,LOUISIANA EASTERN,LOUISIANA,FIFTH CIRCUIT,333,160,2,0,171,12,7,2,0,3,321,153,0,168
2017-08-31,LOUISIANA MIDDLE,LOUISIANA,FIFTH CIRCUIT,122,62,0,0,60,4,4,0,0,0,118,58,0,60
2017-08-31,LOUISIANA WESTERN,LOUISIANA,FIFTH CIRCUIT,903,176,26,1,700,36,8,26,1,1,867,168,0,699
2017-08-31,MAINE,MAINE,FIRST CIRCUIT,152,129,1,0,22,8,6,0,0,2,144,123,1,20
2017-08-31,MARYLAND,MARYLAND,FOURTH CIRCUIT,1454,992,8,1,453,25,16,7,1,1,1429,976,1,452
2017-08-31,MASSACHUSETTS,MASSACHUSETTS,FIRST CIRCUIT,756,490,10,1,255,31,24,4,1,2,725,466,6,253
2017-08-31,MICHIGAN EASTERN,MICHIGAN,SIXTH CIRCUIT,2018,1530,5,2,481,25,14,5,2,4,1993,1516,0,477
2017-08-31,MICHIGAN WESTERN,MICHIGAN,SIXTH CIRCUIT,542,425,1,1,115,8,5,1,1,1,534,420,0,114
2017-08-31,MINNESOTA,MINNESOTA,EIGHTH CIRCUIT,856,707,4,0,145,18,12,4,0,2,838,695,0,143
2017-08-31,MISSISSIPPI NORTHERN,MISSISSIPPI,FIFTH CIRCUIT,436,169,0,1,266,10,7,0,1,2,426,162,0,264
2017-08-31,MISSISSIPPI SOUTHERN,MISSISSIPPI,FIFTH CIRCUIT,682,347,0,0,335,9,7,0,0,2,673,340,0,333
2017-08-31,MISSOURI EASTERN,MISSOURI,EIGHTH CIRCUIT,933,591,2,1,339,12,5,2,1,4,921,586,0,335
2017-08-31,MISSOURI WESTERN,MISSOURI,EIGHTH CIRCUIT,726,498,2,0,226,14,12,2,0,0,712,486,0,226
2017-08-31,MONTANA,MONTANA,NINTH CIRCUIT,107,98,0,0,9,2,2,0,0,0,105,96,0,9
2017-08-31,NEBRASKA,NEBRASKA,EIGHTH CIRCUIT,391,266,2,0,123,11,8,2,0,1,380,258,0,122
2017-08-31,NEVADA,NEVADA,NINTH CIRCUIT,775,622,12,0,141,26,19,5,0,2,749,603,7,139
2017-08-31,NEW HAMPSHIRE,NEW HAMPSHIRE,FIRST CIRCUIT,164,120,1,0,43,9,7,1,0,1,155,113,0,42
2017-08-31,NEW JERSEY,NEW JERSEY,THIRD CIRCUIT,2423,1438,86,0,899,123,34,81,0,8,2300,1404,5,891
2017-08-31,NEW MEXICO,NEW MEXICO,TENTH CIRCUIT,291,262,4,0,25,8,5,3,0,0,283,257,1,25
2017-08-31,NEW YORK EASTERN,NEW YORK,SECOND CIRCUIT,1240,773,16,0,451,39,28,11,0,0,1201,745,5,451
2017-08-31,NEW YORK NORTHERN,NEW YORK,SECOND CIRCUIT,475,369,3,0,103,13,8,3,0,2,462,361,0,101
2017-08-31,NEW YORK SOUTHERN,NEW YORK,SECOND CIRCUIT,669,471,17,0,179,34,15,15,0,2,635,456,2,177
2017-08-31,NEW YORK WESTERN,NEW YORK,SECOND CIRCUIT,364,252,5,0,107,16,11,5,0,0,348,241,0,107
2017-08-31,NORTH CAROLINA EASTERN,NORTH CAROLINA,FOURTH CIRCUIT,537,179,7,0,351,17,6,7,0,4,520,173,0,347
2017-08-31,NORTH CAROLINA MIDDLE,NORTH CAROLINA,FOURTH CIRCUIT,348,138,2,0,208,6,4,2,0,0,342,134,0,208
2017-08-31,NORTH CAROLINA WESTERN,NORTH CAROLINA,FOURTH CIRCUIT,338,176,5,0,157,10,4,5,0,1,328,172,0,156
2017-08-31,NORTH DAKOTA,NORTH DAKOTA,EIGHTH CIRCUIT,74,63,3,0,8,8,3,3,0,2,66,60,0,6
2017-08-31,NORTHERN MARIANAS,NORTHERN MARIANA ISLANDS,NINTH CIRCUIT,1,1,0,0,0,0,0,0,0,0,1,1,0,0
2017-08-31,OHIO NORTHERN,OHIO,SIXTH CIRCUIT,1927,1544,10,0,373,50,35,10,0,5,1877,1509,0,368
2017-08-31,OHIO SOUTHERN,OHIO,SIXTH CIRCUIT,1546,1114,3,1,428,26,18,2,1,5,1520,1096,1,423
2017-08-31,OKLAHOMA EASTERN,OKLAHOMA,TENTH CIRCUIT,138,123,0,0,15,3,3,0,0,0,135,120,0,15
2017-08-31,OKLAHOMA NORTHERN,OKLAHOMA,TENTH CIRCUIT,228,198,1,0,29,4,3,1,0,0,224,195,0,29
2017-08-31,OKLAHOMA WESTERN,OKLAHOMA,TENTH CIRCUIT,450,360,1,1,88,9,7,1,1,0,441,353,0,88
2017-08-31,OREGON,OREGON,NINTH CIRCUIT,785,587,1,0,197,19,15,1,0,3,766,572,0,194
2017-08-31,PENNSYLVANIA EASTERN,PENNSYLVANIA,THIRD CIRCUIT,734,422,0,0,312,18,15,0,0,3,716,407,0,309
2017-08-31,PENNSYLVANIA MIDDLE,PENNSYLVANIA,THIRD CIRCUIT,461,289,1,0,171,12,6,1,0,5,449,283,0,166
2017-08-31,PENNSYLVANIA WESTERN,PENNSYLVANIA,THIRD CIRCUIT,640,402,13,1,224,23,9,11,1,2,617,393,2,222
2017-08-31,PUERTO RICO,PUERTO RICO,FIRST CIRCUIT,837,354,13,3,467,34,9,13,3,9,803,345,0,458
2017-08-31,RHODE ISLAND,RHODE ISLAND,FIRST CIRCUIT,213,161,1,0,51,9,8,1,0,0,204,153,0,51
2017-08-31,SOUTH CAROLINA,SOUTH CAROLINA,FOURTH CIRCUIT,581,223,1,0,357,13,11,1,0,1,568,212,0,356
2017-08-31,SOUTH DAKOTA,SOUTH DAKOTA,EIGHTH CIRCUIT,99,83,1,0,15,3,1,1,0,1,96,82,0,14
2017-08-31,TENNESSEE EASTERN,TENNESSEE,SIXTH CIRCUIT,1036,567,3,1,465,9,8,0,1,0,1027,559,3,465
2017-08-31,TENNESSEE MIDDLE,TENNESSEE,SIXTH CIRCUIT,813,346,7,0,460,15,10,4,0,1,798,336,3,459
2017-08-31,TENNESSEE WESTERN,TENNESSEE,SIXTH CIRCUIT,1305,278,2,0,1025,8,5,2,0,1,1297,273,0,1024
2017-08-31,TEXAS EASTERN,TEXAS,FIFTH CIRCUIT,451,188,11,0,252,28,15,10,0,3,423,173,1,249
2017-08-31,TEXAS NORTHERN,TEXAS,FIFTH CIRCUIT,986,471,8,1,506,52,39,8,1,4,934,432,0,502
2017-08-31,TEXAS SOUTHERN,TEXAS,FIFTH CIRCUIT,622,289,10,0,323,41,22,9,0,10,581,267,1,313
2017-08-31,TEXAS WESTERN,TEXAS,FIFTH CIRCUIT,650,379,7,0,264,45,37,7,0,1,605,342,0,263
2017-08-31,UTAH,UTAH,TENTH CIRCUIT,1049,623,2,0,424,14,12,1,0,1,1035,611,1,423
2017-08-31,VERMONT,VERMONT,SECOND CIRCUIT,47,38,0,1,8,5,4,0,1,0,42,34,0,8
2017-08-31,VIRGIN ISLANDS,VIRGIN ISLANDS,THIRD CIRCUIT,2,1,1,0,0,1,0,1,0,0,1,1,0,0
2017-08-31,VIRGINIA EASTERN,VIRGINIA,FOURTH CIRCUIT,1503,857,6,0,640,34,28,3,0,3,1469,829,3,637
2017-08-31,VIRGINIA WESTERN,VIRGINIA,FOURTH CIRCUIT,500,304,1,0,195,5,4,1,0,0,495,300,0,195
2017-08-31,WASHINGTON EASTERN,WASHINGTON,NINTH CIRCUIT,332,258,2,0,72,11,6,1,0,4,321,252,1,68
2017-08-31,WASHINGTON WESTERN,WASHINGTON,NINTH CIRCUIT,913,632,1,2,278,21,16,0,2,3,892,616,1,275
2017-08-31,WEST VIRGINIA NORTHERN,WEST VIRGINIA,FOURTH CIRCUIT,118,105,0,0,13,1,1,0,0,0,117,104,0,13
2017-08-31,WEST VIRGINIA SOUTHERN,WEST VIRGINIA,FOURTH CIRCUIT,153,135,2,1,15,8,4,2,1,1,145,131,0,14
2017-08-31,WISCONSIN EASTERN,WISCONSIN,SEVENTH CIRCUIT,1146,756,3,2,385,21,12,3,2,4,1125,744,0,381
2017-08-31,WISCONSIN WESTERN,WISCONSIN,SEVENTH CIRCUIT,365,300,1,2,62,12,5,1,2,4,353,295,0,58
2017-08-31,WYOMING,WYOMING,TENTH CIRCUIT,64,58,0,1,5,2,1,0,1,0,62,57,0,5
2017-09-30,ALABAMA MIDDLE,ALABAMA,ELEVENTH CIRCUIT,677,120,0,0,557,3,2,0,0,1,674,118,0,556
2017-09-30,ALABAMA NORTHERN,ALABAMA,ELEVENTH CIRCUIT,1129,517,2,0,610,9,6,2,0,1,1120,511,0,609
2017-09-30,ALABAMA SOUTHERN,ALABAMA,ELEVENTH CIRCUIT,399,102,1,0,296,3,2,1,0,0,396,100,0,296
2017-09-30,ALASKA,ALASKA,NINTH CIRCUIT,30,23,0,0,7,2,2,0,0,0,28,21,0,7
2017-09-30,ARIZONA,ARIZONA,NINTH CIRCUIT,1267,997,16,0,254,44,29,13,0,2,1223,968,3,252
2017-09-30,ARKANSAS EASTERN,ARKANSAS,EIGHTH CIRCUIT,569,241,1,1,326,8,4,1,1,2,561,237,0,324
2017-09-30,ARKANSAS WESTERN,ARKANSAS,EIGHTH CIRCUIT,248,138,1,1,108,6,4,1,1,0,242,134,0,108
2017-09-30,CALIFORNIA CENTRAL,CALIFORNIA,NINTH CIRCUIT,3192,2371,24,0,797,111,88,19,0,4,3081,2283,5,793
2017-09-30,CALIFORNIA EASTERN,CALIFORNIA,NINTH CIRCUIT,1255,955,5,0,294,40,27,4,0,8,1215,928,1,286
2017-09-30,CALIFORNIA NORTHERN,CALIFORNIA,NINTH CIRCUIT,751,378,10,0,363,35,27,4,0,4,716,351,6,359
2017-09-30,CALIFORNIA SOUTHERN,CALIFORNIA,NINTH CIRCUIT,685,543,1,0,141,28,23,1,0,4,657,520,0,137
2017-09-30,COLORADO,COLORADO,TENTH CIRCUIT,963,755,10,0,198,29,18,9,0,2,934,737,1,196
2017-09-30,CONNECTICUT,CONNECTICUT,SECOND CIRCUIT,446,358,0,1,87,14,13,0,1,0,432,345,0,87
2017-09-30,DELAWARE,DELAWARE,THIRD CIRCUIT,208,113,20,0,75,22,3,19,0,0,186,110,1,75
2017-09-30,DISTRICT OF COLUMBIA,DISTRICT OF COLUMBIA,DC CIRCUIT,65,41,4,0,20,5,1,4,0,0,60,40,0,20
2017-09-30,FLORIDA MIDDLE,FLORIDA,ELEVENTH CIRCUIT,1423,993,23,0,407,71,49,17,0,5,1352,944,6,402
2017-09-30,FLORIDA NORTHERN,FLORIDA,ELEVENTH CIRCUIT,181,136,0,3,42,8,5,0,3,0,173,131,0,42
2017-09-30,FLORIDA SOUTHERN,FLORIDA,ELEVENTH CIRCUIT,862,466,15,0,380,35,20,10,0,4,827,446,5,376
2017-09-30,GEORGIA MIDDLE,GEORGIA,ELEVENTH CIRCUIT,667,193,1,2,471,12,7,1,2,2,655,186,0,469
2017-09-30,GEORGIA NORTHERN,GEORGIA,ELEVENTH CIRCUIT,2498,1215,9,1,1273,37,26,7,1,3,2461,1189,2,1270
2017-09-30,GEORGIA SOUTHERN,GEORGIA,ELEVENTH CIRCUIT,541,94,1,3,443,9,4,1,3,1,532,90,0,442
2017-09-30,GUAM,GUAM,NINTH CIRCUIT,9,8,0,0,1,0,0,0,0,0,9,8,0,1
2017-09-30,HAWAII,HAWAII,NINTH CIRCUIT,122,82,1,0,39,3,2,1,0,0,119,80,0,39
2017-09-30,IDAHO,IDAHO,NINTH CIRCUIT,297,263,2,0,32,6,4,1,0,1,291,259,1,31
2017-09-30,ILLINOIS CENTRAL,ILLINOIS,SEVENTH CIRCUIT,424,333,1,0,90,11,9,1,0,1,413,324,0,89
2017-09-30,ILLINOIS NORTHERN,ILLINOIS,SEVENTH CIRCUIT,3342,1760,7,0,1575,56,43,5,0,8,3286,1717,2,1567
2017-09-30,ILLINOIS SOUTHERN,ILLINOIS,SEVENTH CIRCUIT,303,205,3,1,94,11,6,3,1,1,292,199,0,93
2017-09-30,INDIANA NORTHERN,INDIANA,SEVENTH CIRCUIT,689,457,9,0,223,15,6,8,0,1,674,451,1,222
2017-09-30,INDIANA SOUTHERN,INDIANA,SEVENTH CIRCUIT,1198,739,6,0,453,16,7,5,0,4,1182,732,1,449
2017-09-30,IOWA NORTHERN,IOWA,EIGHTH CIRCUIT,154,141,1,0,12,5,4,1,0,0,149,137,0,12
2017-09-30,IOWA SOUTHERN,IOWA,EIGHTH CIRCUIT,251,222,0,1,28,7,6,0,1,0,244,216,0,28
2017-09-30,KANSAS,KANSAS,TENTH CIRCUIT,557,291,7,1,258,15,6,7,1,1,542,285,0,257
2017-09-30,KENTUCKY EASTERN,KENTUCKY,SIXTH CIRCUIT,637,423,0,0,214,3,2,0,0,1,634,421,0,213
2017-09-30,KENTUCKY WESTERN,KENTUCKY,SIXTH CIRCUIT,610,379,1,2,228,10,7,1,2,0,600,372,0,228
2017-09-30,LOUISIANA EASTERN,LOUISIANA,FIFTH CIRCUIT,292,134,4,0,154,11,8,3,0,0,281,126,1,154
2017-09-30,LOUISIANA MIDDLE,LOUISIANA,FIFTH CIRCUIT,108,62,0,0,46,2,1,0,0,1,106,61,0,45
2017-09-30,LOUISIANA WESTERN,LOUISIANA,FIFTH CIRCUIT,746,146,5,0,595,13,7,5,0,1,733,139,0,594
2017-09-30,MAINE,MAINE,FIRST CIRCUIT,120,94,3,1,22,10,5,3,1,1,110,89,0,21
2017-09-30,MARYLAND,MARYLAND,FOURTH CIRCUIT,1321,878,11,1,431,26,13,10,1,2,1295,865,1,429
2017-09-30,MASSACHUSETTS,MASSACHUSETTS,FIRST CIRCUIT,656,413,10,1,232,33,24,7,1,1,623,389,3,231
2017-09-30,MICHIGAN EASTERN,MICHIGAN,SIXTH CIRCUIT,1860,1423,7,0,430,19,11,6,0,2,1841,1412,1,428
2017-09-30,MICHIGAN WESTERN,MICHIGAN,SIXTH CIRCUIT,483,379,0,0,104,11,9,0,0,2,472,370,0,102
2017-09-30,MINNESOTA,MINNESOTA,EIGHTH CIRCUIT,764,605,9,1,149,30,19,9,1,1,734,586,0,148
2017-09-30,MISSISSIPPI NORTHERN,MISSISSIPPI,FIFTH CIRCUIT,443,159,2,0,282,8,5,2,0,1,435,154,0,281
2017-09-30,MISSISSIPPI SOUTHERN,MISSISSIPPI,FIFTH CIRCUIT,622,319,0,0,303,4,3,0,0,1,618,316,0,302
2017-09-30,MISSOURI EASTERN,MISSOURI,EIGHTH CIRCUIT,866,570,1,0,295,9,8,1,0,0,857,562,0,295
2017-09-30,MISSOURI WESTERN,MISSOURI,EIGHTH CIRCUIT,550,349,2,0,199,6,4,1,0,1,544,345,1,198
2017-09-30,MONTANA,MONTANA,NINTH CIRCUIT,86,72,0,0,14,1,1,0,0,0,85,71,0,14
2017-09-30,NEBRASKA,NEBRASKA,EIGHTH CIRCUIT,326,228,0,0,98,6,4,0,0,2,320,224,0,96
2017-09-30,NEVADA,NEVADA,NINTH CIRCUIT,652,499,8,0,145,17,11,2,0,4,635,488,6,141
2017-09-30,NEW HAMPSHIRE,NEW HAMPSHIRE,FIRST CIRCUIT,135,106,1,0,28,11,9,1,0,1,124,97,0,27
2017-09-30,NEW JERSEY,NEW JERSEY,THIRD CIRCUIT,2043,1213,15,0,815,43,26,12,0,5,2000,1187,3,810
2017-09-30,NEW MEXICO,NEW MEXICO,TENTH CIRCUIT,250,216,5,0,29,11,7,4,0,0,239,209,1,29
2017-09-30,NEW YORK EASTERN,NEW YORK,SECOND CIRCUIT,1231,737,20,0,474,61,46,15,0,0,1170,691,5,474
2017-09-30,NEW YORK NORTHERN,NEW YORK,SECOND CIRCUIT,473,372,2,1,98,6,2,2,1,1,467,370,0,97
2017-09-30,NEW YORK SOUTHERN,NEW YORK,SECOND CIRCUIT,657,427,17,0,213,26,11,14,0,1,631,416,3,212
2017-09-30,NEW YORK WESTERN,NEW YORK,SECOND CIRCUIT,381,215,3,0,163,13,6,3,0,4,368,209,0,159
2017-09-30,NORTH CAROLINA EASTERN,NORTH CAROLINA,FOURTH CIRCUIT,530,172,12,0,346,30,19,7,0,4,500,153,5,342
2017-09-30,NORTH CAROLINA MIDDLE,NORTH CAROLINA,FOURTH CIRCUIT,328,133,2,0,193,7,4,2,0,1,321,129,0,192
2017-09-30,NORTH CAROLINA WESTERN,NORTH CAROLINA,FOURTH CIRCUIT,309,163,4,0,142,13,9,4,0,0,296,154,0,142
2017-09-30,NORTH DAKOTA,NORTH DAKOTA,EIGHTH CIRCUIT,49,47,0,0,2,3,3,0,0,0,46,44,0,2
2017-09-30,NORTHERN MARIANAS,NORTHERN MARIANA ISLANDS,NINTH CIRCUIT,0,0,0,0,0,0,0,0,0,0,0,0,0,0
2017-09-30,OHIO NORTHERN,OHIO,SIXTH CIRCUIT,1742,1323,9,0,410,35,22,7,0,6,1707,1301,2,404
2017-09-30,OHIO SOUTHERN,OHIO,SIXTH CIRCUIT,1341,880,2,0,459,21,16,2,0,3,1320,864,0,456
2017-09-30,OKLAHOMA EASTERN,OKLAHOMA,TENTH CIRCUIT,117,101,0,0,16,4,4,0,0,0,113,97,0,16
2017-09-30,OKLAHOMA NORTHERN,OKLAHOMA,TENTH CIRCUIT,206,183,1,1,21,8,6,1,1,0,198,177,0,21
2017-09-30,OKLAHOMA WESTERN,OKLAHOMA,TENTH CIRCUIT,443,337,5,1,100,14,5,5,1,3,429,332,0,97
2017-09-30,OREGON,OREGON,NINTH CIRCUIT,744,585,0,0,159,15,12,0,0,3,729,573,0,156
2017-09-30,PENNSYLVANIA EASTERN,PENNSYLVANIA,THIRD CIRCUIT,761,328,11,0,422,29,12,11,0,6,732,316,0,416
2017-09-30,PENNSYLVANIA MIDDLE,PENNSYLVANIA,THIRD CIRCUIT,492,263,4,0,225,12,4,4,0,4,480,259,0,221
2017-09-30,PENNSYLVANIA WESTERN,PENNSYLVANIA,THIRD CIRCUIT,626,354,6,1,265,24,15,6,1,2,602,339,0,263
2017-09-30,PUERTO RICO,PUERTO RICO,FIRST CIRCUIT,263,89,2,0,172,3,1,1,0,1,260,88,1,171
2017-09-30,RHODE ISLAND,RHODE ISLAND,FIRST CIRCUIT,171,126,0,0,45,6,5,0,0,1,165,121,0,44
2017-09-30,SOUTH CAROLINA,SOUTH CAROLINA,FOURTH CIRCUIT,531,186,2,1,342,7,4,2,1,0,524,182,0,342
2017-09-30,SOUTH DAKOTA,SOUTH DAKOTA,EIGHTH CIRCUIT,69,60,2,0,7,7,3,2,0,2,62,57,0,5
2017-09-30,TENNESSEE EASTERN,TENNESSEE,SIXTH CIRCUIT,940,486,1,2,451,18,12,1,2,3,922,474,0,448
2017-09-30,TENNESSEE MIDDLE,TENNESSEE,SIXTH CIRCUIT,691,285,4,0,402,8,5,3,0,0,683,280,1,402
2017-09-30,TENNESSEE WESTERN,TENNESSEE,SIXTH CIRCUIT,1229,257,5,0,967,14,8,4,0,2,1215,249,1,965
2017-09-30,TEXAS EASTERN,TEXAS,FIFTH CIRCUIT,440,199,6,0,235,29,22,6,0,1,411,177,0,234
2017-09-30,TEXAS NORTHERN,TEXAS,FIFTH CIRCUIT,965,398,20,1,546,48,21,20,1,6,917,377,0,540
2017-09-30,TEXAS SOUTHERN,TEXAS,FIFTH CIRCUIT,733,282,97,1,353,124,24,95,1,4,609,258,2,349
2017-09-30,TEXAS WESTERN,TEXAS,FIFTH CIRCUIT,671,344,7,1,319,46,37,7,1,1,625,307,0,318
2017-09-30,UTAH,UTAH,TENTH CIRCUIT,961,556,3,0,402,17,12,3,0,2,944,544,0,400
2017-09-30,VERMONT,VERMONT,SECOND CIRCUIT,59,50,0,0,9,2,2,0,0,0,57,48,0,9
2017-09-30,VIRGIN ISLANDS,VIRGIN ISLANDS,THIRD CIRCUIT,0,0,0,0,0,0,0,0,0,0,0,0,0,0
2017-09-30,VIRGINIA EASTERN,VIRGINIA,FOURTH CIRCUIT,1357,716,30,0,611,60,31,29,0,0,1297,685,1,611
2017-09-30,VIRGINIA WESTERN,VIRGINIA,FOURTH CIRCUIT,418,244,1,0,173,15,14,1,0,0,403,230,0,173
2017-09-30,WASHINGTON EASTERN,WASHINGTON,NINTH CIRCUIT,293,227,0,0,66,6,6,0,0,0,287,221,0,66
2017-09-30,WASHINGTON WESTERN,WASHINGTON,NINTH CIRCUIT,846,576,10,0,260,31,23,7,0,1,815,553,3,259
2017-09-30,WEST VIRGINIA NORTHERN,WEST VIRGINIA,FOURTH CIRCUIT,98,84,0,0,14,3,3,0,0,0,95,81,0,14
2017-09-30,WEST VIRGINIA SOUTHERN,WEST VIRGINIA,FOURTH CIRCUIT,147,125,7,0,15,10,3,7,0,0,137,122,0,15
2017-09-30,WISCONSIN EASTERN,WISCONSIN,SEVENTH CIRCUIT,1048,656,2,0,390,14,10,2,0,2,1034,646,0,388
2017-09-30,WISCONSIN WESTERN,WISCONSIN,SEVENTH CIRCUIT,329,262,1,4,62,17,10,1,4,2,312,252,0,60
2017-09-30,WYOMING,WYOMING,TENTH CIRCUIT,83,78,0,0,5,4,4,0,0,0,79,74,0,5
2017-10-31,ALABAMA MIDDLE,ALABAMA,ELEVENTH CIRCUIT,757,166,0,0,591,6,6,0,0,0,751,160,0,591
2017-10-31,ALABAMA NORTHERN,ALABAMA,ELEVENTH CIRCUIT,1219,532,0,0,687,8,7,0,0,1,1211,525,0,686
2017-10-31,ALABAMA SOUTHERN,ALABAMA,ELEVENTH CIRCUIT,447,97,3,0,347,3,1,2,0,0,444,96,1,347
2017-10-31,ALASKA,ALASKA,NINTH CIRCUIT,40,31,0,0,9,1,1,0,0,0,39,30,0,9
2017-10-31,ARIZONA,ARIZONA,NINTH CIRCUIT,1417,1151,22,0,243,48,30,15,0,2,1369,1121,7,241
2017-10-31,ARKANSAS EASTERN,ARKANSAS,EIGHTH CIRCUIT,596,267,0,0,329,12,10,0,0,2,584,257,0,327
2017-10-31,ARKANSAS WESTERN,ARKANSAS,EIGHTH CIRCUIT,294,151,0,1,142,9,7,0,1,1,285,144,0,141
2017-10-31,CALIFORNIA CENTRAL,CALIFORNIA,NINTH CIRCUIT,3287,2484,29,0,774,119,96,16,0,7,3168,2388,13,767
2017-10-31,CALIFORNIA EASTERN,CALIFORNIA,NINTH CIRCUIT,1241,956,4,1,280,36,25,4,1,6,1205,931,0,274
2017-10-31,CALIFORNIA NORTHERN,CALIFORNIA,NINTH CIRCUIT,729,382,8,0,339,32,24,4,0,4,697,358,4,335
2017-10-31,CALIFORNIA SOUTHERN,CALIFORNIA,NINTH CIRCUIT,682,556,4,0,122,25,21,2,0,2,657,535,2,120
2017-10-31,COLORADO,COLORADO,TENTH CIRCUIT,1006,800,1,0,205,39,36,1,0,2,967,764,0,203
2017-10-31,CONNECTICUT,CONNECTICUT,SECOND CIRCUIT,452,359,3,0,90,11,9,1,0,1,441,350,2,89
2017-10-31,DELAWARE,DELAWARE,THIRD CIRCUIT,263,151,36,0,76,58,21,36,0,1,205,130,0,75
2017-10-31,DISTRICT OF COLUMBIA,DISTRICT OF COLUMBIA,DC CIRCUIT,56,41,2,0,13,3,2,1,0,0,53,39,1,13
2017-10-31,FLORIDA MIDDLE,FLORIDA,ELEVENTH CIRCUIT,1867,1408,10,0,449,85,73,8,0,4,1782,1335,2,445
2017-10-31,FLORIDA NORTHERN,FLORIDA,ELEVENTH CIRCUIT,210,168,0,0,42,8,8,0,0,0,202,160,0,42
2017-10-31,FLORIDA SOUTHERN,FLORIDA,ELEVENTH CIRCUIT,1328,803,17,0,507,45,27,12,0,5,1283,776,5,502
2017-10-31,GEORGIA MIDDLE,GEORGIA,ELEVENTH CIRCUIT,750,226,1,0,523,9,7,0,0,2,741,219,1,521
2017-10-31,GEORGIA NORTHERN,GEORGIA,ELEVENTH CIRCUIT,2738,1425,8,0,1305,42,30,7,0,5,2696,1395,1,1300
2017-10-31,GEORGIA SOUTHERN,GEORGIA,ELEVENTH CIRCUIT,620,118,0,1,501,3,2,0,1,0,617,116,0,501
2017-10-31,GUAM,GUAM,NINTH CIRCUIT,6,4,0,0,2,0,0,0,0,0,6,4,0,2
2017-10-31,HAWAII,HAWAII,NINTH CIRCUIT,141,87,2,0,52,7,5,2,0,0,134,82,0,52
2017-10-31,IDAHO,IDAHO,NINTH CIRCUIT,283,242,1,2,38,4,1,1,2,0,279,241,0,38
2017-10-31,ILLINOIS CENTRAL,ILLINOIS,SEVENTH CIRCUIT,435,342,2,1,90,11,5,2,1,3,424,337,0,87
2017-10-31,ILLINOIS NORTHERN,ILLINOIS,SEVENTH CIRCUIT,3723,2000,20,1,1702,74,51,16,1,6,3649,1949,4,1696
2017-10-31,ILLINOIS SOUTHERN,ILLINOIS,SEVENTH CIRCUIT,294,192,0,0,102,6,4,0,0,2,288,188,0,100
2017-10-31,INDIANA NORTHERN,INDIANA,SEVENTH CIRCUIT,824,560,1,0,263,3,2,1,0,0,821,558,0,263
2017-10-31,INDIANA SOUTHERN,INDIANA,SEVENTH CIRCUIT,1183,762,0,1,420,16,12,0,1,3,1167,750,0,417
2017-10-31,IOWA NORTHERN,IOWA,EIGHTH CIRCUIT,137,118,0,2,17,6,4,0,2,0,131,114,0,17
2017-10-31,IOWA SOUTHERN,IOWA,EIGHTH CIRCUIT,223,191,1,0,31,6,5,1,0,0,217,186,0,31
2017-10-31,KANSAS,KANSAS,TENTH CIRCUIT,590,332,1,2,255,15,7,1,2,5,575,325,0,250
2017-10-31,KENTUCKY EASTERN,KENTUCKY,SIXTH CIRCUIT,677,471,1,0,205,12,10,1,0,1,665,461,0,204
2017-10-31,KENTUCKY WESTERN,KENTUCKY,SIXTH CIRCUIT,633,393,0,1,239,7,6,0,1,0,626,387,0,239
2017-10-31,LOUISIANA EASTERN,LOUISIANA,FIFTH CIRCUIT,320,137,0,0,183,13,11,0,0,2,307,126,0,181
2017-10-31,LOUISIANA MIDDLE,LOUISIANA,FIFTH CIRCUIT,105,59,0,0,46,1,1,0,0,0,104,58,0,46
2017-10-31,LOUISIANA WESTERN,LOUISIANA,FIFTH CIRCUIT,810,174,6,2,628,14,6,6,2,0,796,168,0,628
2017-10-31,MAINE,MAINE,FIRST CIRCUIT,124,102,0,0,22,4,3,0,0,1,120,99,0,21
2017-10-31,MARYLAND,MARYLAND,FOURTH CIRCUIT,1511,1024,14,0,473,33,20,12,0,1,1478,1004,2,472
2017-10-31,MASSACHUSETTS,MASSACHUSETTS,FIRST CIRCUIT,727,446,13,1,267,33,21,9,1,2,694,425,4,265
2017-10-31,MICHIGAN EASTERN,MICHIGAN,SIXTH CIRCUIT,2062,1515,12,1,534,27,13,9,1,4,2035,1502,3,530
2017-10-31,MICHIGAN WESTERN,MICHIGAN,SIXTH CIRCUIT,492,367,0,0,125,9,9,0,0,0,483,358,0,125
2017-10-31,MINNESOTA,MINNESOTA,EIGHTH CIRCUIT,796,639,7,2,148,34,24,7,2,1,762,615,0,147
2017-10-31,MISSISSIPPI NORTHERN,MISSISSIPPI,FIFTH CIRCUIT,493,182,3,0,308,12,7,3,0,2,481,175,0,306
2017-10-31,MISSISSIPPI SOUTHERN,MISSISSIPPI,FIFTH CIRCUIT,672,317,3,0,352,9,4,3,0,2,663,313,0,350
2017-10-31,MISSOURI EASTERN,MISSOURI,EIGHTH CIRCUIT,954,610,1,0,343,8,6,1,0,1,946,604,0,342
2017-10-31,MISSOURI WESTERN,MISSOURI,EIGHTH CIRCUIT,619,402,4,1,212,9,4,3,1,1,610,398,1,211
2017-10-31,MONTANA,MONTANA,NINTH CIRCUIT,129,105,0,0,24,2,2,0,0,0,127,103,0,24
2017-10-31,NEBRASKA,NEBRASKA,EIGHTH CIRCUIT,334,215,3,5,111,14,6,3,5,0,320,209,0,111
2017-10-31,NEVADA,NEVADA,NINTH CIRCUIT,717,550,10,0,157,22,18,3,0,1,695,532,7,156
2017-10-31,NEW HAMPSHIRE,NEW HAMPSHIRE,FIRST CIRCUIT,153,111,2,0,40,8,6,1,0,1,145,105,1,39
2017-10-31,NEW JERSEY,NEW JERSEY,THIRD CIRCUIT,2363,1385,24,1,953,50,26,18,1,5,2313,1359,6,948
2017-10-31,NEW MEXICO,NEW MEXICO,TENTH CIRCUIT,284,251,2,0,31,10,9,1,0,0,274,242,1,31
2017-10-31,NEW YORK EASTERN,NEW YORK,SECOND CIRCUIT,1456,806,119,0,531,156,47,109,0,0,1300,759,10,531
2017-10-31,NEW YORK NORTHERN,NEW YORK,SECOND CIRCUIT,521,376,1,3,141,14,8,1,3,2,507,368,0,139
2017-10-31,NEW YORK SOUTHERN,NEW YORK,SECOND CIRCUIT,703,496,21,0,184,48,25,18,0,3,655,471,3,181
2017-10-31,NEW YORK WESTERN,NEW YORK,SECOND CIRCUIT,388,217,5,0,166,17,5,4,0,8,371,212,1,158
2017-10-31,NORTH CAROLINA EASTERN,NORTH CAROLINA,FOURTH CIRCUIT,548,187,8,1,352,25,14,6,1,4,523,173,2,348
2017-10-31,NORTH CAROLINA MIDDLE,NORTH CAROLINA,FOURTH CIRCUIT,381,157,4,0,220,9,4,4,0,1,372,153,0,219
2017-10-31,NORTH CAROLINA WESTERN,NORTH CAROLINA,FOURTH CIRCUIT,341,183,3,0,155,7,4,3,0,0,334,179,0,155
2017-10-31,NORTH DAKOTA,NORTH DAKOTA,EIGHTH CIRCUIT,67,63,0,0,4,2,2,0,0,0,65,61,0,4
2017-10-31,NORTHERN MARIANAS,NORTHERN MARIANA ISLANDS,NINTH CIRCUIT,0,0,0,0,0,0,0,0,0,0,0,0,0,0
2017-10-31,OHIO NORTHERN,OHIO,SIXTH CIRCUIT,1755,1402,4,0,349,25,18,4,0,3,1730,1384,0,346
2017-10-31,OHIO SOUTHERN,OHIO,SIXTH CIRCUIT,1415,984,1,0,430,17,14,1,0,2,1398,970,0,428
2017-10-31,OKLAHOMA EASTERN,OKLAHOMA,TENTH CIRCUIT,129,120,0,0,9,2,2,0,0,0,127,118,0,9
2017-10-31,OKLAHOMA NORTHERN,OKLAHOMA,TENTH CIRCUIT,210,184,0,1,25,5,2,0,1,2,205,182,0,23
2017-10-31,OKLAHOMA WESTERN,OKLAHOMA,TENTH CIRCUIT,474,372,0,0,102,10,10,0,0,0,464,362,0,102
2017-10-31,OREGON,OREGON,NINTH CIRCUIT,767,570,3,0,194,20,12,3,0,5,747,558,0,189
2017-10-31,PENNSYLVANIA EASTERN,PENNSYLVANIA,THIRD CIRCUIT,724,390,3,0,331,22,13,3,0,6,702,377,0,325
2017-10-31,PENNSYLVANIA MIDDLE,PENNSYLVANIA,THIRD CIRCUIT,457,285,4,0,168,19,13,4,0,2,438,272,0,166
2017-10-31,PENNSYLVANIA WESTERN,PENNSYLVANIA,THIRD CIRCUIT,645,434,3,0,208,16,11,3,0,2,629,423,0,206
2017-10-31,PUERTO RICO,PUERTO RICO,FIRST CIRCUIT,203,94,3,0,106,7,5,2,0,0,196,89,1,106
2017-10-31,RHODE ISLAND,RHODE ISLAND,FIRST CIRCUIT,188,141,0,0,47,4,4,0,0,0,184,137,0,47
2017-10-31,SOUTH CAROLINA,SOUTH CAROLINA,FOURTH CIRCUIT,555,221,0,0,334,16,14,0,0,2,539,207,0,332
2017-10-31,SOUTH DAKOTA,SOUTH DAKOTA,EIGHTH CIRCUIT,96,89,0,2,5,3,1,0,2,0,93,88,0,5
2017-10-31,TENNESSEE EASTERN,TENNESSEE,SIXTH CIRCUIT,1016,529,2,0,485,14,9,2,0,3,1002,520,0,482
2017-10-31,TENNESSEE MIDDLE,TENNESSEE,SIXTH CIRCUIT,781,337,16,0,428,23,7,16,0,0,758,330,0,428
2017-10-31,TENNESSEE WESTERN,TENNESSEE,SIXTH CIRCUIT,1201,261,2,0,938,8,3,2,0,3,1193,258,0,935
2017-10-31,TEXAS EASTERN,TEXAS,FIFTH CIRCUIT,436,201,5,0,230,28,23,3,0,2,408,178,2,228
2017-10-31,TEXAS NORTHERN,TEXAS,FIFTH CIRCUIT,988,465,21,0,502,71,44,21,0,6,917,421,0,496
2017-10-31,TEXAS SOUTHERN,TEXAS,FIFTH CIRCUIT,648,334,20,0,294,47,25,19,0,3,601,309,1,291
2017-10-31,TEXAS WESTERN,TEXAS,FIFTH CIRCUIT,695,343,3,0,348,49,39,3,0,6,646,304,0,342
2017-10-31,UTAH,UTAH,TENTH CIRCUIT,919,505,3,0,411,12,7,3,0,2,907,498,0,409
2017-10-31,VERMONT,VERMONT,SECOND CIRCUIT,52,40,0,1,11,4,3,0,1,0,48,37,0,11
2017-10-31,VIRGIN ISLANDS,VIRGIN ISLANDS,THIRD CIRCUIT,1,0,0,0,1,0,0,0,0,0,1,0,0,1
2017-10-31,VIRGINIA EASTERN,VIRGINIA,FOURTH CIRCUIT,1474,777,8,0,689,22,13,5,0,4,1452,764,3,685
2017-10-31,VIRGINIA WESTERN,VIRGINIA,FOURTH CIRCUIT,480,269,6,0,205,10,4,6,0,0,470,265,0,205
2017-10-31,WASHINGTON EASTERN,WASHINGTON,NINTH CIRCUIT,288,233,0,0,55,2,2,0,0,0,286,231,0,55
2017-10-31,WASHINGTON WESTERN,WASHINGTON,NINTH CIRCUIT,875,624,4,0,247,26,23,1,0,2,849,601,3,245
2017-10-31,WEST VIRGINIA NORTHERN,WEST VIRGINIA,FOURTH CIRCUIT,102,87,1,0,14,1,0,1,0,0,101,87,0,14
2017-10-31,WEST VIRGINIA SOUTHERN,WEST VIRGINIA,FOURTH CIRCUIT,169,147,2,0,20,6,2,2,0,2,163,145,0,18
2017-10-31,WISCONSIN EASTERN,WISCONSIN,SEVENTH CIRCUIT,1068,687,1,2,378,14,10,0,2,2,1054,677,1,376
2017-10-31,WISCONSIN WESTERN,WISCONSIN,SEVENTH CIRCUIT,376,306,1,1,68,14,9,1,1,3,362,297,0,65
2017-10-31,WYOMING,WYOMING,TENTH CIRCUIT,73,59,0,0,14,2,2,0,0,0,71,57,0,14
2017-11-30,ALABAMA MIDDLE,ALABAMA,ELEVENTH CIRCUIT,667,123,0,0,544,10,9,0,0,1,657,114,0,543
2017-11-30,ALABAMA NORTHERN,ALABAMA,ELEVENTH CIRCUIT,1042,477,1,0,564,11,8,1,0,2,1031,469,0,562
2017-11-30,ALABAMA SOUTHERN,ALABAMA,ELEVENTH CIRCUIT,374,112,1,0,261,4,3,1,0,0,370,109,0,261
2017-11-30,ALASKA,ALASKA,NINTH CIRCUIT,37,28,0,0,9,1,1,0,0,0,36,27,0,9
2017-11-30,ARIZONA,ARIZONA,NINTH CIRCUIT,1342,1047,10,0,285,28,21,5,0,2,1314,1026,5,283
2017-11-30,ARKANSAS EASTERN,ARKANSAS,EIGHTH CIRCUIT,572,255,6,0,311,13,7,6,0,0,559,248,0,311
2017-11-30,ARKANSAS WESTERN,ARKANSAS,EIGHTH CIRCUIT,279,128,4,0,147,14,7,4,0,3,265,121,0,144
2017-11-30,CALIFORNIA CENTRAL,CALIFORNIA,NINTH CIRCUIT,3110,2293,42,0,772,148,104,34,0,7,2962,2189,8,765
2017-11-30,CALIFORNIA EASTERN,CALIFORNIA,NINTH CIRCUIT,1171,890,6,2,273,48,36,5,2,5,1123,854,1,268
2017-11-30,CALIFORNIA NORTHERN,CALIFORNIA,NINTH CIRCUIT,735,349,11,1,374,29,16,6,1,6,706,333,5,368
2017-11-30,CALIFORNIA SOUTHERN,CALIFORNIA,NINTH CIRCUIT,602,479,3,0,120,23,16,1,0,6,579,463,2,114
2017-11-30,COLORADO,COLORADO,TENTH CIRCUIT,898,656,9,0,233,23,13,7,0,3,875,643,2,230
2017-11-30,CONNECTICUT,CONNECTICUT,SECOND CIRCUIT,439,335,1,0,103,8,6,1,0,1,431,329,0,102
2017-11-30,DELAWARE,DELAWARE,THIRD CIRCUIT,229,108,43,0,77,49,4,43,0,1,180,104,0,76
2017-11-30,DISTRICT OF COLUMBIA,DISTRICT OF COLUMBIA,DC CIRCUIT,62,40,3,0,19,2,1,1,0,0,60,39,2,19
2017-11-30,FLORIDA MIDDLE,FLORIDA,ELEVENTH CIRCUIT,1634,1247,19,1,367,71,51,15,1,4,1563,1196,4,363
2017-11-30,FLORIDA NORTHERN,FLORIDA,ELEVENTH CIRCUIT,187,152,5,0,30,9,3,5,0,1,178,149,0,29
2017-11-30,FLORIDA SOUTHERN,FLORIDA,ELEVENTH CIRCUIT,1233,667,18,1,547,49,30,14,1,4,1184,637,4,543
2017-11-30,GEORGIA MIDDLE,GEORGIA,ELEVENTH CIRCUIT,739,199,2,1,537,9,5,1,1,2,730,194,1,535
2017-11-30,GEORGIA NORTHERN,GEORGIA,ELEVENTH CIRCUIT,2543,1165,11,0,1367,42,33,8,0,1,2501,1132,3,1366
2017-11-30,GEORGIA SOUTHERN,GEORGIA,ELEVENTH CIRCUIT,531,102,0,0,429,6,5,0,0,1,525,97,0,428
2017-11-30,GUAM,GUAM,NINTH CIRCUIT,13,13,0,0,0,1,1,0,0,0,12,12,0,0
2017-11-30,HAWAII,HAWAII,NINTH CIRCUIT,93,59,1,0,33,6,3,1,0,2,87,56,0,31
2017-11-30,IDAHO,IDAHO,NINTH CIRCUIT,304,269,3,1,31,16,11,3,1,1,288,258,0,30
2017-11-30,ILLINOIS CENTRAL,ILLINOIS,SEVENTH CIRCUIT,410,329,1,0,80,10,9,1,0,0,400,320,0,80
2017-11-30,ILLINOIS NORTHERN,ILLINOIS,SEVENTH CIRCUIT,3356,1758,8,0,1590,46,32,7,0,7,3310,1726,1,1583
2017-11-30,ILLINOIS SOUTHERN,ILLINOIS,SEVENTH CIRCUIT,282,183,0,0,99,3,3,0,0,0,279,180,0,99
2017-11-30,INDIANA NORTHERN,INDIANA,SEVENTH CIRCUIT,723,479,1,1,242,12,10,0,1,1,711,469,1,241
2017-11-30,INDIANA SOUTHERN,INDIANA,SEVENTH CIRCUIT,984,607,4,0,373,20,15,4,0,1,964,592,0,372
2017-11-30,IOWA NORTHERN,IOWA,EIGHTH CIRCUIT,136,126,1,0,9,11,9,1,0,1,125,117,0,8
2017-11-30,IOWA SOUTHERN,IOWA,EIGHTH CIRCUIT,188,166,0,1,21,2,1,0,1,0,186,165,0,21
2017-11-30,KANSAS,KANSAS,TENTH CIRCUIT,566,286,4,0,276,7,2,4,0,1,559,284,0,275
2017-11-30,KENTUCKY EASTERN,KENTUCKY,SIXTH CIRCUIT,672,442,1,0,229,5,2,1,0,2,667,440,0,227
2017-11-30,KENTUCKY WESTERN,KENTUCKY,SIXTH CIRCUIT,634,383,1,0,250,8,6,1,0,1,626,377,0,249
2017-11-30,LOUISIANA EASTERN,LOUISIANA,FIFTH CIRCUIT,274,118,1,0,155,12,10,1,0,1,262,108,0,154
2017-11-30,LOUISIANA MIDDLE,LOUISIANA,FIFTH CIRCUIT,113,61,1,0,51,1,1,0,0,0,112,60,1,51
2017-11-30,LOUISIANA WESTERN,LOUISIANA,FIFTH CIRCUIT,686,130,2,1,553,8,3,2,1,2,678,127,0,551
2017-11-30,MAINE,MAINE,FIRST CIRCUIT,123,105,3,0,15,13,9,3,0,1,110,96,0,14
2017-11-30,MARYLAND,MARYLAND,FOURTH CIRCUIT,1549,1048,11,0,490,34,20,9,0,5,1515,1028,2,485
2017-11-30,MASSACHUSETTS,MASSACHUSETTS,FIRST CIRCUIT,691,418,5,2,266,28,19,3,2,4,663,399,2,262
2017-11-30,MICHIGAN EASTERN,MICHIGAN,SIXTH CIRCUIT,1900,1429,6,0,465,24,17,4,0,3,1876,1412,2,462
2017-11-30,MICHIGAN WESTERN,MICHIGAN,SIXTH CIRCUIT,481,367,2,0,112,9,5,2,0,2,472,362,0,110
2017-11-30,MINNESOTA,MINNESOTA,EIGHTH CIRCUIT,820,658,2,2,158,28,24,2,2,0,792,634,0,158
2017-11-30,MISSISSIPPI NORTHERN,MISSISSIPPI,FIFTH CIRCUIT,396,144,1,1,250,3,0,1,1,1,393,144,0,249
2017-11-30,MISSISSIPPI SOUTHERN,MISSISSIPPI,FIFTH CIRCUIT,612,272,1,1,338,18,14,1,1,2,594,258,0,336
2017-11-30,MISSOURI EASTERN,MISSOURI,EIGHTH CIRCUIT,785,489,11,1,284,19,7,11,1,0,766,482,0,284
2017-11-30,MISSOURI WESTERN,MISSOURI,EIGHTH CIRCUIT,619,406,2,2,209,16,10,2,2,2,603,396,0,207
2017-11-30,MONTANA,MONTANA,NINTH CIRCUIT,78,67,0,0,11,6,5,0,0,1,72,62,0,10
2017-11-30,NEBRASKA,NEBRASKA,EIGHTH CIRCUIT,293,182,0,2,109,8,6,0,2,0,285,176,0,109
2017-11-30,NEVADA,NEVADA,NINTH CIRCUIT,672,542,12,0,118,18,12,6,0,0,654,530,6,118
2017-11-30,NEW HAMPSHIRE,NEW HAMPSHIRE,FIRST CIRCUIT,147,110,2,0,35,5,2,2,0,1,142,108,0,34
2017-11-30,NEW JERSEY,NEW JERSEY,THIRD CIRCUIT,2137,1266,30,0,841,59,30,22,0,7,2078,1236,8,834
2017-11-30,NEW MEXICO,NEW MEXICO,TENTH CIRCUIT,265,235,3,0,27,11,6,3,0,2,254,229,0,25
2017-11-30,NEW YORK EASTERN,NEW YORK,SECOND CIRCUIT,1275,819,18,0,438,54,39,15,0,0,1221,780,3,438
2017-11-30,NEW YORK NORTHERN,NEW YORK,SECOND CIRCUIT,502,407,1,0,94,6,4,1,0,1,496,403,0,93
2017-11-30,NEW YORK SOUTHERN,NEW YORK,SECOND CIRCUIT,711,461,89,1,148,122,22,84,1,3,589,439,5,145
2017-11-30,NEW YORK WESTERN,NEW YORK,SECOND CIRCUIT,338,225,2,1,110,19,12,2,1,4,319,213,0,106
2017-11-30,NORTH CAROLINA EASTERN,NORTH CAROLINA,FOURTH CIRCUIT,513,172,5,0,336,16,7,3,0,6,497,165,2,330
2017-11-30,NORTH CAROLINA MIDDLE,NORTH CAROLINA,FOURTH CIRCUIT,309,132,1,0,176,6,5,1,0,0,303,127,0,176
2017-11-30,NORTH CAROLINA WESTERN,NORTH CAROLINA,FOURTH CIRCUIT,321,164,3,0,154,12,6,3,0,3,309,158,0,151
2017-11-30,NORTH DAKOTA,NORTH DAKOTA,EIGHTH CIRCUIT,60,57,0,0,3,1,1,0,0,0,59,56,0,3
2017-11-30,NORTHERN MARIANAS,NORTHERN MARIANA ISLANDS,NINTH CIRCUIT,0,0,0,0,0,0,0,0,0,0,0,0,0,0
2017-11-30,OHIO NORTHERN,OHIO,SIXTH CIRCUIT,1693,1312,2,1,378,31,28,2,1,0,1662,1284,0,378
2017-11-30,OHIO SOUTHERN,OHIO,SIXTH CIRCUIT,1397,941,2,2,452,22,13,2,2,5,1375,928,0,447
2017-11-30,OKLAHOMA EASTERN,OKLAHOMA,TENTH CIRCUIT,113,99,0,0,14,2,1,0,0,1,111,98,0,13
2017-11-30,OKLAHOMA NORTHERN,OKLAHOMA,TENTH CIRCUIT,215,191,1,0,23,8,7,1,0,0,207,184,0,23
2017-11-30,OKLAHOMA WESTERN,OKLAHOMA,TENTH CIRCUIT,446,337,0,0,109,14,14,0,0,0,432,323,0,109
2017-11-30,OREGON,OREGON,NINTH CIRCUIT,742,553,1,2,186,18,12,1,2,3,724,541,0,183
2017-11-30,PENNSYLVANIA EASTERN,PENNSYLVANIA,THIRD CIRCUIT,662,313,6,0,343,12,7,4,0,1,650,306,2,342
2017-11-30,PENNSYLVANIA MIDDLE,PENNSYLVANIA,THIRD CIRCUIT,422,250,2,0,170,13,6,2,0,5,409,244,0,165
2017-11-30,PENNSYLVANIA WESTERN,PENNSYLVANIA,THIRD CIRCUIT,652,423,9,0,220,22,11,8,0,3,630,412,1,217
2017-11-30,PUERTO RICO,PUERTO RICO,FIRST CIRCUIT,422,197,6,0,219,13,7,5,0,1,409,190,1,218
2017-11-30,RHODE ISLAND,RHODE ISLAND,FIRST CIRCUIT,183,139,0,0,44,5,5,0,0,0,178,134,0,44
2017-11-30,SOUTH CAROLINA,SOUTH CAROLINA,FOURTH CIRCUIT,587,199,4,1,383,16,12,2,1,1,571,187,2,382
2017-11-30,SOUTH DAKOTA,SOUTH DAKOTA,EIGHTH CIRCUIT,77,63,1,0,13,2,1,1,0,0,75,62,0,13
2017-11-30,TENNESSEE EASTERN,TENNESSEE,SIXTH CIRCUIT,971,525,5,1,440,16,10,5,1,0,955,515,0,440
2017-11-30,TENNESSEE MIDDLE,TENNESSEE,SIXTH CIRCUIT,709,327,6,0,376,18,11,5,0,2,691,316,1,374
2017-11-30,TENNESSEE WESTERN,TENNESSEE,SIXTH CIRCUIT,1133,243,0,1,889,5,3,0,1,1,1128,240,0,888
2017-11-30,TEXAS EASTERN,TEXAS,FIFTH CIRCUIT,436,164,9,0,263,24,16,6,0,2,412,148,3,261
2017-11-30,TEXAS NORTHERN,TEXAS,FIFTH CIRCUIT,989,363,50,0,576,79,27,49,0,3,910,336,1,573
2017-11-30,TEXAS SOUTHERN,TEXAS,FIFTH CIRCUIT,622,270,12,0,340,39,26,10,0,3,583,244,2,337
2017-11-30,TEXAS WESTERN,TEXAS,FIFTH CIRCUIT,610,304,5,0,301,28,20,5,0,3,582,284,0,298
2017-11-30,UTAH,UTAH,TENTH CIRCUIT,888,497,1,0,388,15,9,1,0,3,873,488,0,385
2017-11-30,VERMONT,VERMONT,SECOND CIRCUIT,32,30,0,0,2,1,1,0,0,0,31,29,0,2
2017-11-30,VIRGIN ISLANDS,VIRGIN ISLANDS,THIRD CIRCUIT,0,0,0,0,0,0,0,0,0,0,0,0,0,0
2017-11-30,VIRGINIA EASTERN,VIRGINIA,FOURTH CIRCUIT,1413,786,7,0,620,27,20,4,0,3,1386,766,3,617
2017-11-30,VIRGINIA WESTERN,VIRGINIA,FOURTH CIRCUIT,411,241,0,0,170,1,1,0,0,0,410,240,0,170
2017-11-30,WASHINGTON EASTERN,WASHINGTON,NINTH CIRCUIT,291,222,1,0,68,10,8,1,0,1,281,214,0,67
2017-11-30,WASHINGTON WESTERN,WASHINGTON,NINTH CIRCUIT,877,595,9,1,272,29,23,4,1,1,848,572,5,271
2017-11-30,WEST VIRGINIA NORTHERN,WEST VIRGINIA,FOURTH CIRCUIT,110,95,2,0,13,4,2,2,0,0,106,93,0,13
2017-11-30,WEST VIRGINIA SOUTHERN,WEST VIRGINIA,FOURTH CIRCUIT,153,131,0,0,22,9,9,0,0,0,144,122,0,22
2017-11-30,WISCONSIN EASTERN,WISCONSIN,SEVENTH CIRCUIT,854,570,0,2,282,21,17,0,2,2,833,553,0,280
2017-11-30,WISCONSIN WESTERN,WISCONSIN,SEVENTH CIRCUIT,320,255,1,5,59,8,0,1,5,2,312,255,0,57
2017-11-30,WYOMING,WYOMING,TENTH CIRCUIT,103,85,1,0,17,6,5,1,0,0,97,80,0,17
2017-12-31,ALABAMA MIDDLE,ALABAMA,ELEVENTH CIRCUIT,564,116,0,0,448,2,1,0,0,1,562,115,0,447
2017-12-31,ALABAMA NORTHERN,ALABAMA,ELEVENTH CIRCUIT,876,393,3,0,480,9,5,3,0,1,867,388,0,479
2017-12-31,ALABAMA SOUTHERN,ALABAMA,ELEVENTH CIRCUIT,356,97,1,0,258,1,0,1,0,0,355,97,0,258
2017-12-31,ALASKA,ALASKA,NINTH CIRCUIT,39,32,0,1,6,2,1,0,1,0,37,31,0,6
2017-12-31,ARIZONA,ARIZONA,NINTH CIRCUIT,1055,801,22,2,230,41,21,17,2,1,1014,780,5,229
2017-12-31,ARKANSAS EASTERN,ARKANSAS,EIGHTH CIRCUIT,476,201,0,0,274,14,12,0,0,1,462,189,0,273
2017-12-31,ARKANSAS WESTERN,ARKANSAS,EIGHTH CIRCUIT,253,116,2,0,135,8,6,2,0,0,245,110,0,135
2017-12-31,CALIFORNIA CENTRAL,CALIFORNIA,NINTH CIRCUIT,2510,1894,21,0,595,114,94,13,0,7,2396,1800,8,588
2017-12-31,CALIFORNIA EASTERN,CALIFORNIA,NINTH CIRCUIT,1012,771,4,0,237,33,26,4,0,3,979,745,0,234
2017-12-31,CALIFORNIA NORTHERN,CALIFORNIA,NINTH CIRCUIT,595,333,21,0,241,41,21,13,0,7,554,312,8,234
2017-12-31,CALIFORNIA SOUTHERN,CALIFORNIA,NINTH CIRCUIT,581,456,3,0,122,22,18,2,0,2,559,438,1,120
2017-12-31,COLORADO,COLORADO,TENTH CIRCUIT,828,643,8,0,177,33,19,8,0,6,795,624,0,171
2017-12-31,CONNECTICUT,CONNECTICUT,SECOND CIRCUIT,390,307,7,0,76,19,12,6,0,1,371,295,1,75
2017-12-31,DELAWARE,DELAWARE,THIRD CIRCUIT,496,108,306,0,81,328,19,306,0,2,168,89,0,79
2017-12-31,DISTRICT OF COLUMBIA,DISTRICT OF COLUMBIA,DC CIRCUIT,67,40,4,0,23,5,2,3,0,0,62,38,1,23
2017-12-31,FLORIDA MIDDLE,FLORIDA,ELEVENTH CIRCUIT,1628,1202,28,1,397,87,61,20,1,5,1541,1141,8,392
2017-12-31,FLORIDA NORTHERN,FLORIDA,ELEVENTH CIRCUIT,130,104,1,0,25,4,3,1,0,0,126,101,0,25
2017-12-31,FLORIDA SOUTHERN,FLORIDA,ELEVENTH CIRCUIT,1113,642,16,0,455,42,25,13,0,4,1071,617,3,451
2017-12-31,GEORGIA MIDDLE,GEORGIA,ELEVENTH CIRCUIT,604,199,1,1,403,15,12,0,1,2,589,187,1,401
2017-12-31,GEORGIA NORTHERN,GEORGIA,ELEVENTH CIRCUIT,2264,1067,5,0,1192,41,32,5,0,4,2223,1035,0,1188
2017-12-31,GEORGIA SOUTHERN,GEORGIA,ELEVENTH CIRCUIT,427,89,1,0,337,2,1,1,0,0,425,88,0,337
2017-12-31,GUAM,GUAM,NINTH CIRCUIT,0,0,0,0,0,0,0,0,0,0,0,0,0,0
2017-12-31,HAWAII,HAWAII,NINTH CIRCUIT,111,82,3,0,26,11,5,3,0,3,100,77,0,23
2017-12-31,IDAHO,IDAHO,NINTH CIRCUIT,295,268,3,0,24,11,9,2,0,0,284,259,1,24
2017-12-31,ILLINOIS CENTRAL,ILLINOIS,SEVENTH CIRCUIT,359,284,3,0,72,10,6,3,0,1,349,278,0,71
2017-12-31,ILLINOIS NORTHERN,ILLINOIS,SEVENTH CIRCUIT,2922,1586,12,0,1324,60,48,10,0,2,2862,1538,2,1322
2017-12-31,ILLINOIS SOUTHERN,ILLINOIS,SEVENTH CIRCUIT,265,164,0,0,101,5,3,0,0,2,260,161,0,99
2017-12-31,INDIANA NORTHERN,INDIANA,SEVENTH CIRCUIT,501,301,2,0,198,9,7,2,0,0,492,294,0,198
2017-12-31,INDIANA SOUTHERN,INDIANA,SEVENTH CIRCUIT,816,458,2,0,356,13,8,2,0,3,803,450,0,353
2017-12-31,IOWA NORTHERN,IOWA,EIGHTH CIRCUIT,121,106,0,0,15,4,4,0,0,0,117,102,0,15
2017-12-31,IOWA SOUTHERN,IOWA,EIGHTH CIRCUIT,170,150,0,0,20,5,5,0,0,0,165,145,0,20
2017-12-31,KANSAS,KANSAS,TENTH CIRCUIT,431,220,0,2,209,16,12,0,2,2,415,208,0,207
2017-12-31,KENTUCKY EASTERN,KENTUCKY,SIXTH CIRCUIT,480,332,1,0,147,9,8,1,0,0,471,324,0,147
2017-12-31,KENTUCKY WESTERN,KENTUCKY,SIXTH CIRCUIT,493,326,0,0,167,15,14,0,0,1,478,312,0,166
2017-12-31,LOUISIANA EASTERN,LOUISIANA,FIFTH CIRCUIT,250,112,1,0,137,5,3,1,0,1,245,109,0,136
2017-12-31,LOUISIANA MIDDLE,LOUISIANA,FIFTH CIRCUIT,79,43,1,0,35,2,1,1,0,0,77,42,0,35
2017-12-31,LOUISIANA WESTERN,LOUISIANA,FIFTH CIRCUIT,562,115,1,0,446,14,13,1,0,0,548,102,0,446
2017-12-31,MAINE,MAINE,FIRST CIRCUIT,92,82,0,0,10,5,5,0,0,0,87,77,0,10
2017-12-31,MARYLAND,MARYLAND,FOURTH CIRCUIT,1299,853,24,0,422,36,12,23,0,1,1263,841,1,421
2017-12-31,MASSACHUSETTS,MASSACHUSETTS,FIRST CIRCUIT,618,391,5,0,222,24,18,4,0,2,594,373,1,220
2017-12-31,MICHIGAN EASTERN,MICHIGAN,SIXTH CIRCUIT,1627,1214,5,0,408,19,15,2,0,2,1608,1199,3,406
2017-12-31,MICHIGAN WESTERN,MICHIGAN,SIXTH CIRCUIT,408,314,0,1,93,14,9,0,1,4,394,305,0,89
2017-12-31,MINNESOTA,MINNESOTA,EIGHTH CIRCUIT,676,565,0,3,108,21,14,0,3,4,655,551,0,104
2017-12-31,MISSISSIPPI NORTHERN,MISSISSIPPI,FIFTH CIRCUIT,330,147,0,0,183,2,2,0,0,0,328,145,0,183
2017-12-31,MISSISSIPPI SOUTHERN,MISSISSIPPI,FIFTH CIRCUIT,471,241,2,0,228,13,10,2,0,1,458,231,0,227
2017-12-31,MISSOURI EASTERN,MISSOURI,EIGHTH CIRCUIT,701,467,0,0,234,16,15,0,0,1,685,452,0,233
2017-12-31,MISSOURI WESTERN,MISSOURI,EIGHTH CIRCUIT,521,326,2,0,193,9,7,2,0,0,512,319,0,193
2017-12-31,MONTANA,MONTANA,NINTH CIRCUIT,76,58,2,0,16,6,2,2,0,2,70,56,0,14
2017-12-31,NEBRASKA,NEBRASKA,EIGHTH CIRCUIT,292,200,1,1,90,12,8,1,1,2,280,192,0,88
2017-12-31,NEVADA,NEVADA,NINTH CIRCUIT,629,487,17,0,125,27,12,13,0,2,602,475,4,123
2017-12-31,NEW HAMPSHIRE,NEW HAMPSHIRE,FIRST CIRCUIT,144,107,3,0,34,5,1,2,0,2,139,106,1,32
2017-12-31,NEW JERSEY,NEW JERSEY,THIRD CIRCUIT,1920,1210,7,0,703,44,33,6,0,5,1876,1177,1,698
2017-12-31,NEW MEXICO,NEW MEXICO,TENTH CIRCUIT,230,201,3,0,26,7,5,2,0,0,223,196,1,26
2017-12-31,NEW YORK EASTERN,NEW YORK,SECOND CIRCUIT,1094,698,35,0,361,78,45,33,0,0,1016,653,2,361
2017-12-31,NEW YORK NORTHERN,NEW YORK,SECOND CIRCUIT,417,329,2,0,86,11,7,1,0,3,406,322,1,83
2017-12-31,NEW YORK SOUTHERN,NEW YORK,SECOND CIRCUIT,547,390,25,0,131,43,17,23,0,2,504,373,2,129
2017-12-31,NEW YORK WESTERN,NEW YORK,SECOND CIRCUIT,275,198,6,0,71,12,6,6,0,0,263,192,0,71
2017-12-31,NORTH CAROLINA EASTERN,NORTH CAROLINA,FOURTH CIRCUIT,471,168,4,2,297,14,8,3,2,1,457,160,1,296
2017-12-31,NORTH CAROLINA MIDDLE,NORTH CAROLINA,FOURTH CIRCUIT,287,113,1,0,173,6,4,1,0,1,281,109,0,172
2017-12-31,NORTH CAROLINA WESTERN,NORTH CAROLINA,FOURTH CIRCUIT,247,126,2,1,118,15,12,2,1,0,232,114,0,118
2017-12-31,NORTH DAKOTA,NORTH DAKOTA,EIGHTH CIRCUIT,46,44,0,0,2,3,2,0,0,1,43,42,0,1
2017-12-31,NORTHERN MARIANAS,NORTHERN MARIANA ISLANDS,NINTH CIRCUIT,2,2,0,0,0,0,0,0,0,0,2,2,0,0
2017-12-31,OHIO NORTHERN,OHIO,SIXTH CIRCUIT,1465,1146,6,1,312,28,20,3,1,4,1437,1126,3,308
2017-12-31,OHIO SOUTHERN,OHIO,SIXTH CIRCUIT,1183,790,1,0,392,30,24,1,0,5,1153,766,0,387
2017-12-31,OKLAHOMA EASTERN,OKLAHOMA,TENTH CIRCUIT,102,88,0,0,14,2,2,0,0,0,100,86,0,14
2017-12-31,OKLAHOMA NORTHERN,OKLAHOMA,TENTH CIRCUIT,180,163,0,0,17,5,5,0,0,0,175,158,0,17
2017-12-31,OKLAHOMA WESTERN,OKLAHOMA,TENTH CIRCUIT,358,271,1,0,86,17,15,1,0,1,341,256,0,85
2017-12-31,OREGON,OREGON,NINTH CIRCUIT,658,505,3,0,150,18,14,3,0,1,640,491,0,149
2017-12-31,PENNSYLVANIA EASTERN,PENNSYLVANIA,THIRD CIRCUIT,649,326,7,0,316,28,16,6,0,6,621,310,1,310
2017-12-31,PENNSYLVANIA MIDDLE,PENNSYLVANIA,THIRD CIRCUIT,345,230,1,0,114,8,7,0,0,1,337,223,1,113
2017-12-31,PENNSYLVANIA WESTERN,PENNSYLVANIA,THIRD CIRCUIT,514,330,2,1,181,13,10,1,1,1,501,320,1,180
2017-12-31,PUERTO RICO,PUERTO RICO,FIRST CIRCUIT,523,239,3,1,280,7,4,0,1,2,516,235,3,278
2017-12-31,RHODE ISLAND,RHODE ISLAND,FIRST CIRCUIT,150,121,0,0,29,8,8,0,0,0,142,113,0,29
2017-12-31,SOUTH CAROLINA,SOUTH CAROLINA,FOURTH CIRCUIT,488,178,3,0,307,11,8,3,0,0,477,170,0,307
2017-12-31,SOUTH DAKOTA,SOUTH DAKOTA,EIGHTH CIRCUIT,59,49,1,0,9,4,3,1,0,0,55,46,0,9
2017-12-31,TENNESSEE EASTERN,TENNESSEE,SIXTH CIRCUIT,767,444,5,0,318,8,5,3,0,0,759,439,2,318
2017-12-31,TENNESSEE MIDDLE,TENNESSEE,SIXTH CIRCUIT,591,249,4,0,338,11,9,2,0,0,580,240,2,338
2017-12-31,TENNESSEE WESTERN,TENNESSEE,SIXTH CIRCUIT,1044,246,1,0,797,10,7,1,0,2,1034,239,0,795
2017-12-31,TEXAS EASTERN,TEXAS,FIFTH CIRCUIT,399,159,4,0,236,18,12,4,0,2,381,147,0,234
2017-12-31,TEXAS NORTHERN,TEXAS,FIFTH CIRCUIT,939,391,19,1,528,63,40,18,1,4,876,351,1,524
2017-12-31,TEXAS SOUTHERN,TEXAS,FIFTH CIRCUIT,649,254,73,0,322,92,16,73,0,3,557,238,0,319
2017-12-31,TEXAS WESTERN,TEXAS,FIFTH CIRCUIT,657,316,7,0,334,45,34,7,0,4,612,282,0,330
2017-12-31,UTAH,UTAH,TENTH CIRCUIT,659,393,1,0,265,10,8,1,0,1,649,385,0,264
2017-12-31,VERMONT,VERMONT,SECOND CIRCUIT,41,34,0,0,7,4,4,0,0,0,37,30,0,7
2017-12-31,VIRGIN ISLANDS,VIRGIN ISLANDS,THIRD CIRCUIT,0,0,0,0,0,0,0,0,0,0,0,0,0,0
2017-12-31,VIRGINIA EASTERN,VIRGINIA,FOURTH CIRCUIT,1256,707,6,0,543,21,15,4,0,2,1235,692,2,541
2017-12-31,VIRGINIA WESTERN,VIRGINIA,FOURTH CIRCUIT,365,215,0,2,148,5,2,0,2,1,360,213,0,147
2017-12-31,WASHINGTON EASTERN,WASHINGTON,NINTH CIRCUIT,248,192,1,1,54,4,1,1,1,1,244,191,0,53
2017-12-31,WASHINGTON WESTERN,WASHINGTON,NINTH CIRCUIT,755,544,9,0,202,40,29,8,0,3,715,515,1,199
2017-12-31,WEST VIRGINIA NORTHERN,WEST VIRGINIA,FOURTH CIRCUIT,77,57,3,0,17,4,1,3,0,0,73,56,0,17
2017-12-31,WEST VIRGINIA SOUTHERN,WEST VIRGINIA,FOURTH CIRCUIT,154,144,1,0,9,2,1,1,0,0,152,143,0,9
2017-12-31,WISCONSIN EASTERN,WISCONSIN,SEVENTH CIRCUIT,760,501,0,1,258,10,9,0,1,0,750,492,0,258
2017-12-31,WISCONSIN WESTERN,WISCONSIN,SEVENTH CIRCUIT,343,282,1,0,60,8,7,0,0,1,335,275,1,59
2017-12-31,WYOMING,WYOMING,TENTH CIRCUIT,70,60,2,0,8,3,0,2,0,1,67,60,0,7
2018-01-31,ALABAMA MIDDLE,ALABAMA,ELEVENTH CIRCUIT,603,115,1,0,487,3,3,0,0,0,600,112,1,487
2018-01-31,ALABAMA NORTHERN,ALABAMA,ELEVENTH CIRCUIT,994,435,4,0,555,17,13,4,0,0,977,422,0,555
2018-01-31,ALABAMA SOUTHERN,ALABAMA,ELEVENTH CIRCUIT,383,93,1,0,289,2,1,1,0,0,381,92,0,289
2018-01-31,ALASKA,ALASKA,NINTH CIRCUIT,27,23,0,0,4,1,1,0,0,0,26,22,0,4
2018-01-31,ARIZONA,ARIZONA,NINTH CIRCUIT,1009,752,19,0,238,41,28,11,0,2,968,724,8,236
2018-01-31,ARKANSAS EASTERN,ARKANSAS,EIGHTH CIRCUIT,561,253,0,0,308,5,2,0,0,3,556,251,0,305
2018-01-31,ARKANSAS WESTERN,ARKANSAS,EIGHTH CIRCUIT,260,122,1,1,136,5,3,0,1,1,255,119,1,135
2018-01-31,CALIFORNIA CENTRAL,CALIFORNIA,NINTH CIRCUIT,2864,2074,50,1,739,143,91,40,1,11,2721,1983,10,728
2018-01-31,CALIFORNIA EASTERN,CALIFORNIA,NINTH CIRCUIT,1037,781,8,1,246,42,28,7,1,5,995,753,1,241
2018-01-31,CALIFORNIA NORTHERN,CALIFORNIA,NINTH CIRCUIT,733,375,20,0,338,58,34,16,0,8,675,341,4,330
2018-01-31,CALIFORNIA SOUTHERN,CALIFORNIA,NINTH CIRCUIT,643,522,2,0,119,25,20,2,0,3,618,502,0,116
2018-01-31,COLORADO,COLORADO,TENTH CIRCUIT,791,570,5,3,213,28,18,5,3,2,763,552,0,211
2018-01-31,CONNECTICUT,CONNECTICUT,SECOND CIRCUIT,457,365,3,0,89,11,8,2,0,1,446,357,1,88
2018-01-31,DELAWARE,DELAWARE,THIRD CIRCUIT,239,102,53,0,82,64,8,53,0,1,175,94,0,81
2018-01-31,DISTRICT OF COLUMBIA,DISTRICT OF COLUMBIA,DC CIRCUIT,80,46,3,0,31,6,3,3,0,0,74,43,0,31
2018-01-31,FLORIDA MIDDLE,FLORIDA,ELEVENTH CIRCUIT,1757,1203,27,0,527,79,59,17,0,3,1678,1144,10,524
2018-01-31,FLORIDA NORTHERN,FLORIDA,ELEVENTH CIRCUIT,174,131,5,0,38,5,2,3,0,0,169,129,2,38
2018-01-31,FLORIDA SOUTHERN,FLORIDA,ELEVENTH CIRCUIT,1339,685,20,0,631,53,29,16,0,5,1286,656,4,626
2018-01-31,GEORGIA MIDDLE,GEORGIA,ELEVENTH CIRCUIT,604,182,6,1,415,20,7,6,1,6,584,175,0,409
2018-01-31,GEORGIA NORTHERN,GEORGIA,ELEVENTH CIRCUIT,2263,1214,8,0,1041,48,38,8,0,2,2215,1176,0,1039
2018-01-31,GEORGIA SOUTHERN,GEORGIA,ELEVENTH CIRCUIT,475,86,1,0,388,8,3,1,0,4,467,83,0,384
2018-01-31,GUAM,GUAM,NINTH CIRCUIT,15,15,0,0,0,0,0,0,0,0,15,15,0,0
2018-01-31,HAWAII,HAWAII,NINTH CIRCUIT,108,68,0,0,40,7,7,0,0,0,101,61,0,40
2018-01-31,IDAHO,IDAHO,NINTH CIRCUIT,278,233,1,0,44,5,4,1,0,0,273,229,0,44
2018-01-31,ILLINOIS CENTRAL,ILLINOIS,SEVENTH CIRCUIT,348,268,0,0,80,10,10,0,0,0,338,258,0,80
2018-01-31,ILLINOIS NORTHERN,ILLINOIS,SEVENTH CIRCUIT,3156,1647,8,0,1501,60,47,6,0,7,3096,1600,2,1494
2018-01-31,ILLINOIS SOUTHERN,ILLINOIS,SEVENTH CIRCUIT,266,167,1,1,97,4,2,1,1,0,262,165,0,97
2018-01-31,INDIANA NORTHERN,INDIANA,SEVENTH CIRCUIT,469,265,0,0,204,4,4,0,0,0,465,261,0,204
2018-01-31,INDIANA SOUTHERN,INDIANA,SEVENTH CIRCUIT,849,474,3,0,372,16,13,3,0,0,833,461,0,372
2018-01-31,IOWA NORTHERN,IOWA,EIGHTH CIRCUIT,100,89,0,0,11,7,7,0,0,0,93,82,0,11
2018-01-31,IOWA SOUTHERN,IOWA,EIGHTH CIRCUIT,212,191,1,0,20,7,6,1,0,0,205,185,0,20
2018-01-31,KANSAS,KANSAS,TENTH CIRCUIT,404,187,1,1,215,18,11,1,1,5,386,176,0,210
2018-01-31,KENTUCKY EASTERN,KENTUCKY,SIXTH CIRCUIT,535,355,0,0,180,4,4,0,0,0,531,351,0,180
2018-01-31,KENTUCKY WESTERN,KENTUCKY,SIXTH CIRCUIT,524,303,0,0,221,8,6,0,0,2,516,297,0,219
2018-01-31,LOUISIANA EASTERN,LOUISIANA,FIFTH CIRCUIT,233,89,4,0,140,12,6,4,0,2,221,83,0,138
2018-01-31,LOUISIANA MIDDLE,LOUISIANA,FIFTH CIRCUIT,108,42,1,0,65,3,2,1,0,0,105,40,0,65
2018-01-31,LOUISIANA WESTERN,LOUISIANA,FIFTH CIRCUIT,648,115,1,1,531,9,6,1,1,1,639,109,0,530
2018-01-31,MAINE,MAINE,FIRST CIRCUIT,83,62,0,1,20,4,3,0,1,0,79,59,0,20
2018-01-31,MARYLAND,MARYLAND,FOURTH CIRCUIT,1392,911,9,1,471,28,17,8,1,2,1364,894,1,469
2018-01-31,MASSACHUSETTS,MASSACHUSETTS,FIRST CIRCUIT,615,376,14,0,225,23,13,9,0,1,592,363,5,224
2018-01-31,MICHIGAN EASTERN,MICHIGAN,SIXTH CIRCUIT,1810,1352,9,1,448,13,7,5,1,0,1797,1345,4,448
2018-01-31,MICHIGAN WESTERN,MICHIGAN,SIXTH CIRCUIT,402,286,0,0,116,6,5,0,0,1,396,281,0,115
2018-01-31,MINNESOTA,MINNESOTA,EIGHTH CIRCUIT,713,561,0,0,152,12,10,0,0,2,701,551,0,150
2018-01-31,MISSISSIPPI NORTHERN,MISSISSIPPI,FIFTH CIRCUIT,354,136,1,0,217,6,4,1,0,1,348,132,0,216
2018-01-31,MISSISSIPPI SOUTHERN,MISSISSIPPI,FIFTH CIRCUIT,519,246,2,0,271,9,6,1,0,2,510,240,1,269
2018-01-31,MISSOURI EASTERN,MISSOURI,EIGHTH CIRCUIT,683,404,1,0,278,11,7,1,0,3,672,397,0,275
2018-01-31,MISSOURI WESTERN,MISSOURI,EIGHTH CIRCUIT,575,349,2,0,224,12,8,2,0,2,563,341,0,222
2018-01-31,MONTANA,MONTANA,NINTH CIRCUIT,87,65,1,0,21,5,4,1,0,0,82,61,0,21
2018-01-31,NEBRASKA,NEBRASKA,EIGHTH CIRCUIT,305,195,0,1,109,7,3,0,1,3,298,192,0,106
2018-01-31,NEVADA,NEVADA,NINTH CIRCUIT,629,498,12,0,119,19,13,6,0,0,610,485,6,119
2018-01-31,NEW HAMPSHIRE,NEW HAMPSHIRE,FIRST CIRCUIT,128,92,4,0,32,4,0,3,0,1,124,92,1,31
2018-01-31,NEW JERSEY,NEW JERSEY,THIRD CIRCUIT,2129,1231,27,0,871,52,27,19,0,6,2077,1204,8,865
2018-01-31,NEW MEXICO,NEW MEXICO,TENTH CIRCUIT,246,217,0,0,29,2,2,0,0,0,244,215,0,29
2018-01-31,NEW YORK EASTERN,NEW YORK,SECOND CIRCUIT,1295,686,26,0,583,67,46,21,0,0,1228,640,5,583
2018-01-31,NEW YORK NORTHERN,NEW YORK,SECOND CIRCUIT,409,302,2,1,104,12,7,2,1,2,397,295,0,102
2018-01-31,NEW YORK SOUTHERN,NEW YORK,SECOND CIRCUIT,623,411,18,0,193,34,15,16,0,2,589,396,2,191
2018-01-31,NEW YORK WESTERN,NEW YORK,SECOND CIRCUIT,288,199,3,0,86,13,7,3,0,3,275,192,0,83
2018-01-31,NORTH CAROLINA EASTERN,NORTH CAROLINA,FOURTH CIRCUIT,452,135,10,2,305,16,6,8,2,0,436,129,2,305
2018-01-31,NORTH CAROLINA MIDDLE,NORTH CAROLINA,FOURTH CIRCUIT,290,113,1,0,176,5,3,1,0,1,285,110,0,175
2018-01-31,NORTH CAROLINA WESTERN,NORTH CAROLINA,FOURTH CIRCUIT,320,161,5,0,154,11,5,5,0,1,309,156,0,153
2018-01-31,NORTH DAKOTA,NORTH DAKOTA,EIGHTH CIRCUIT,47,39,0,0,8,3,2,0,0,1,44,37,0,7
2018-01-31,NORTHERN MARIANAS,NORTHERN MARIANA ISLANDS,NINTH CIRCUIT,0,0,0,0,0,0,0,0,0,0,0,0,0,0
2018-01-31,OHIO NORTHERN,OHIO,SIXTH CIRCUIT,1380,1062,5,0,313,23,16,4,0,3,1357,1046,1,310
2018-01-31,OHIO SOUTHERN,OHIO,SIXTH CIRCUIT,1175,737,1,0,437,17,15,1,0,1,1158,722,0,436
2018-01-31,OKLAHOMA EASTERN,OKLAHOMA,TENTH CIRCUIT,87,79,0,0,8,3,3,0,0,0,84,76,0,8
2018-01-31,OKLAHOMA NORTHERN,OKLAHOMA,TENTH CIRCUIT,168,150,0,0,18,6,6,0,0,0,162,144,0,18
2018-01-31,OKLAHOMA WESTERN,OKLAHOMA,TENTH CIRCUIT,386,297,1,0,88,15,15,0,0,0,371,282,1,88
2018-01-31,OREGON,OREGON,NINTH CIRCUIT,698,501,4,0,193,24,17,3,0,4,674,484,1,189
2018-01-31,PENNSYLVANIA EASTERN,PENNSYLVANIA,THIRD CIRCUIT,688,315,5,0,368,18,8,5,0,5,670,307,0,363
2018-01-31,PENNSYLVANIA MIDDLE,PENNSYLVANIA,THIRD CIRCUIT,411,232,3,0,176,7,2,3,0,2,404,230,0,174
2018-01-31,PENNSYLVANIA WESTERN,PENNSYLVANIA,THIRD CIRCUIT,521,329,3,1,188,16,10,3,1,2,505,319,0,186
2018-01-31,PUERTO RICO,PUERTO RICO,FIRST CIRCUIT,559,244,13,1,301,17,6,8,1,2,542,238,5,299
2018-01-31,RHODE ISLAND,RHODE ISLAND,FIRST CIRCUIT,160,118,0,0,42,3,2,0,0,1,157,116,0,41
2018-01-31,SOUTH CAROLINA,SOUTH CAROLINA,FOURTH CIRCUIT,459,178,1,0,280,11,8,1,0,2,448,170,0,278
2018-01-31,SOUTH DAKOTA,SOUTH DAKOTA,EIGHTH CIRCUIT,69,55,0,3,11,8,4,0,3,1,61,51,0,10
2018-01-31,TENNESSEE EASTERN,TENNESSEE,SIXTH CIRCUIT,857,451,3,0,403,14,11,3,0,0,843,440,0,403
2018-01-31,TENNESSEE MIDDLE,TENNESSEE,SIXTH CIRCUIT,654,302,5,0,347,18,13,5,0,0,636,289,0,347
2018-01-31,TENNESSEE WESTERN,TENNESSEE,SIXTH CIRCUIT,1079,221,1,0,857,9,7,1,0,1,1070,214,0,856
2018-01-31,TEXAS EASTERN,TEXAS,FIFTH CIRCUIT,336,164,5,0,167,22,16,4,0,2,314,148,1,165
2018-01-31,TEXAS NORTHERN,TEXAS,FIFTH CIRCUIT,795,358,6,0,431,39,32,6,0,1,756,326,0,430
2018-01-31,TEXAS SOUTHERN,TEXAS,FIFTH CIRCUIT,531,273,30,0,228,72,42,29,0,1,459,231,1,227
2018-01-31,TEXAS WESTERN,TEXAS,FIFTH CIRCUIT,461,226,8,0,227,34,23,7,0,4,427,203,1,223
2018-01-31,UTAH,UTAH,TENTH CIRCUIT,656,331,1,0,324,12,9,1,0,2,644,322,0,322
2018-01-31,VERMONT,VERMONT,SECOND CIRCUIT,51,43,0,1,7,5,3,0,1,1,46,40,0,6
2018-01-31,VIRGIN ISLANDS,VIRGIN ISLANDS,THIRD CIRCUIT,2,0,1,0,1,1,0,1,0,0,1,0,0,1
2018-01-31,VIRGINIA EASTERN,VIRGINIA,FOURTH CIRCUIT,1265,660,5,0,600,20,16,3,0,1,1245,644,2,599
2018-01-31,VIRGINIA WESTERN,VIRGINIA,FOURTH CIRCUIT,420,236,0,0,184,5,4,0,0,1,415,232,0,183
2018-01-31,WASHINGTON EASTERN,WASHINGTON,NINTH CIRCUIT,249,192,1,0,56,5,3,1,0,1,244,189,0,55
2018-01-31,WASHINGTON WESTERN,WASHINGTON,NINTH CIRCUIT,804,560,5,0,239,28,21,3,0,4,776,539,2,235
2018-01-31,WEST VIRGINIA NORTHERN,WEST VIRGINIA,FOURTH CIRCUIT,78,65,1,0,12,5,4,1,0,0,73,61,0,12
2018-01-31,WEST VIRGINIA SOUTHERN,WEST VIRGINIA,FOURTH CIRCUIT,112,85,7,0,20,7,0,7,0,0,105,85,0,20
2018-01-31,WISCONSIN EASTERN,WISCONSIN,SEVENTH CIRCUIT,839,526,0,1,312,16,13,0,1,2,823,513,0,310
2018-01-31,WISCONSIN WESTERN,WISCONSIN,SEVENTH CIRCUIT,292,243,1,2,46,10,7,0,2,1,282,236,1,45
2018-01-31,WYOMING,WYOMING,TENTH CIRCUIT,42,31,3,0,8,4,1,3,0,0,38,30,0,8
2018-02-28,ALABAMA MIDDLE,ALABAMA,ELEVENTH CIRCUIT,610,149,0,0,461,3,3,0,0,0,607,146,0,461
2018-02-28,ALABAMA NORTHERN,ALABAMA,ELEVENTH CIRCUIT,1140,559,4,0,577,10,6,4,0,0,1130,553,0,577
2018-02-28,ALABAMA SOUTHERN,ALABAMA,ELEVENTH CIRCUIT,399,118,1,0,280,4,3,1,0,0,395,115,0,280
2018-02-28,ALASKA,ALASKA,NINTH CIRCUIT,30,27,0,0,3,3,3,0,0,0,27,24,0,3
2018-02-28,ARIZONA,ARIZONA,NINTH CIRCUIT,986,772,17,1,196,30,14,14,1,1,956,758,3,195
2018-02-28,ARKANSAS EASTERN,ARKANSAS,EIGHTH CIRCUIT,617,300,3,1,313,13,10,2,1,0,604,290,1,313
2018-02-28,ARKANSAS WESTERN,ARKANSAS,EIGHTH CIRCUIT,288,153,1,0,134,6,3,0,0,3,282,150,1,131
2018-02-28,CALIFORNIA CENTRAL,CALIFORNIA,NINTH CIRCUIT,2807,2131,46,0,630,151,109,30,0,12,2656,2022,16,618
2018-02-28,CALIFORNIA EASTERN,CALIFORNIA,NINTH CIRCUIT,1153,878,14,1,260,40,23,12,1,4,1113,855,2,256
2018-02-28,CALIFORNIA NORTHERN,CALIFORNIA,NINTH CIRCUIT,656,334,10,0,312,37,24,7,0,6,619,310,3,306
2018-02-28,CALIFORNIA SOUTHERN,CALIFORNIA,NINTH CIRCUIT,612,477,2,0,133,22,13,2,0,7,590,464,0,126
2018-02-28,COLORADO,COLORADO,TENTH CIRCUIT,722,535,3,1,183,29,23,3,1,2,693,512,0,181
2018-02-28,CONNECTICUT,CONNECTICUT,SECOND CIRCUIT,443,357,9,0,77,20,13,7,0,0,423,344,2,77
2018-02-28,DELAWARE,DELAWARE,THIRD CIRCUIT,218,125,35,0,58,40,5,35,0,0,178,120,0,58
2018-02-28,DISTRICT OF COLUMBIA,DISTRICT OF COLUMBIA,DC CIRCUIT,45,34,2,0,9,3,2,1,0,0,42,32,1,9
2018-02-28,FLORIDA MIDDLE,FLORIDA,ELEVENTH CIRCUIT,1655,1160,19,0,476,68,49,16,0,3,1587,1111,3,473
2018-02-28,FLORIDA NORTHERN,FLORIDA,ELEVENTH CIRCUIT,233,175,3,0,55,8,6,2,0,0,225,169,1,55
2018-02-28,FLORIDA SOUTHERN,FLORIDA,ELEVENTH CIRCUIT,1207,641,17,0,549,47,24,16,0,7,1160,617,1,542
2018-02-28,GEORGIA MIDDLE,GEORGIA,ELEVENTH CIRCUIT,660,210,3,1,446,17,8,3,1,5,643,202,0,441
2018-02-28,GEORGIA NORTHERN,GEORGIA,ELEVENTH CIRCUIT,2464,1271,16,1,1176,50,28,16,1,5,2414,1243,0,1171
2018-02-28,GEORGIA SOUTHERN,GEORGIA,ELEVENTH CIRCUIT,530,127,5,1,397,8,1,5,1,1,522,126,0,396
2018-02-28,GUAM,GUAM,NINTH CIRCUIT,11,6,0,0,5,1,1,0,0,0,10,5,0,5
2018-02-28,HAWAII,HAWAII,NINTH CIRCUIT,111,77,1,0,33,4,3,1,0,0,107,74,0,33
2018-02-28,IDAHO,IDAHO,NINTH CIRCUIT,204,179,1,0,24,4,3,1,0,0,200,176,0,24
2018-02-28,ILLINOIS CENTRAL,ILLINOIS,SEVENTH CIRCUIT,347,261,0,1,85,9,8,0,1,0,338,253,0,85
2018-02-28,ILLINOIS NORTHERN,ILLINOIS,SEVENTH CIRCUIT,3200,1675,6,0,1519,53,41,6,0,6,3147,1634,0,1513
2018-02-28,ILLINOIS SOUTHERN,ILLINOIS,SEVENTH CIRCUIT,250,156,8,1,85,11,2,8,1,0,239,154,0,85
2018-02-28,INDIANA NORTHERN,INDIANA,SEVENTH CIRCUIT,510,328,3,0,179,5,3,2,0,0,505,325,1,179
2018-02-28,INDIANA SOUTHERN,INDIANA,SEVENTH CIRCUIT,937,546,4,2,385,25,15,4,2,4,912,531,0,381
2018-02-28,IOWA NORTHERN,IOWA,EIGHTH CIRCUIT,126,113,0,2,11,6,4,0,2,0,120,109,0,11
2018-02-28,IOWA SOUTHERN,IOWA,EIGHTH CIRCUIT,195,169,0,0,26,4,4,0,0,0,191,165,0,26
2018-02-28,KANSAS,KANSAS,TENTH CIRCUIT,409,222,1,2,184,11,7,1,2,1,398,215,0,183
2018-02-28,KENTUCKY EASTERN,KENTUCKY,SIXTH CIRCUIT,599,407,2,2,188,13,10,1,2,0,586,397,1,188
2018-02-28,KENTUCKY WESTERN,KENTUCKY,SIXTH CIRCUIT,575,365,1,0,209,14,12,1,0,1,561,353,0,208
2018-02-28,LOUISIANA EASTERN,LOUISIANA,FIFTH CIRCUIT,220,91,2,0,127,11,9,2,0,0,209,82,0,127
2018-02-28,LOUISIANA MIDDLE,LOUISIANA,FIFTH CIRCUIT,99,52,1,0,46,5,4,1,0,0,94,48,0,46
2018-02-28,LOUISIANA WESTERN,LOUISIANA,FIFTH CIRCUIT,652,111,1,3,537,12,7,1,3,1,640,104,0,536
2018-02-28,MAINE,MAINE,FIRST CIRCUIT,104,82,2,0,20,3,1,2,0,0,101,81,0,20
2018-02-28,MARYLAND,MARYLAND,FOURTH CIRCUIT,1306,889,13,0,404,19,9,9,0,1,1287,880,4,403
2018-02-28,MASSACHUSETTS,MASSACHUSETTS,FIRST CIRCUIT,643,388,7,0,248,23,16,4,0,3,620,372,3,245
2018-02-28,MICHIGAN EASTERN,MICHIGAN,SIXTH CIRCUIT,1943,1472,14,0,457,29,11,14,0,4,1914,1461,0,453
2018-02-28,MICHIGAN WESTERN,MICHIGAN,SIXTH CIRCUIT,455,358,0,0,97,5,5,0,0,0,450,353,0,97
2018-02-28,MINNESOTA,MINNESOTA,EIGHTH CIRCUIT,736,584,4,2,146,16,11,3,2,0,720,573,1,146
2018-02-28,MISSISSIPPI NORTHERN,MISSISSIPPI,FIFTH CIRCUIT,420,169,11,2,238,17,4,11,2,0,403,165,0,238
2018-02-28,MISSISSIPPI SOUTHERN,MISSISSIPPI,FIFTH CIRCUIT,650,341,2,0,307,12,10,2,0,0,638,331,0,307
2018-02-28,MISSOURI EASTERN,MISSOURI,EIGHTH CIRCUIT,725,461,1,0,262,8,6,0,0,1,717,455,1,261
2018-02-28,MISSOURI WESTERN,MISSOURI,EIGHTH CIRCUIT,551,366,5,0,180,16,12,4,0,0,535,354,1,180
2018-02-28,MONTANA,MONTANA,NINTH CIRCUIT,83,66,0,0,17,1,1,0,0,0,82,65,0,17
2018-02-28,NEBRASKA,NEBRASKA,EIGHTH CIRCUIT,304,184,1,4,115,9,4,1,4,0,295,180,0,115
2018-02-28,NEVADA,NEVADA,NINTH CIRCUIT,702,551,13,0,138,16,9,7,0,0,686,542,6,138
2018-02-28,NEW HAMPSHIRE,NEW HAMPSHIRE,FIRST CIRCUIT,134,92,0,0,42,5,4,0,0,1,129,88,0,41
2018-02-28,NEW JERSEY,NEW JERSEY,THIRD CIRCUIT,2038,1207,23,0,808,37,21,11,0,5,2001,1186,12,803
2018-02-28,NEW MEXICO,NEW MEXICO,TENTH CIRCUIT,254,234,2,0,18,4,2,2,0,0,250,232,0,18
2018-02-28,NEW YORK EASTERN,NEW YORK,SECOND CIRCUIT,1170,675,31,0,464,46,21,25,0,0,1124,654,6,464
2018-02-28,NEW YORK NORTHERN,NEW YORK,SECOND CIRCUIT,431,321,5,3,102,16,5,5,3,3,415,316,0,99
2018-02-28,NEW YORK SOUTHERN,NEW YORK,SECOND CIRCUIT,652,443,61,0,147,86,26,57,0,2,566,417,4,145
2018-02-28,NEW YORK WESTERN,NEW YORK,SECOND CIRCUIT,281,184,2,1,94,9,2,2,1,4,272,182,0,90
2018-02-28,NORTH CAROLINA EASTERN,NORTH CAROLINA,FOURTH CIRCUIT,531,167,8,0,356,19,9,8,0,2,512,158,0,354
2018-02-28,NORTH CAROLINA MIDDLE,NORTH CAROLINA,FOURTH CIRCUIT,332,128,0,0,204,5,5,0,0,0,327,123,0,204
2018-02-28,NORTH CAROLINA WESTERN,NORTH CAROLINA,FOURTH CIRCUIT,368,184,1,0,183,9,6,1,0,2,359,178,0,181
2018-02-28,NORTH DAKOTA,NORTH DAKOTA,EIGHTH CIRCUIT,66,61,1,0,4,4,2,0,0,2,62,59,1,2
2018-02-28,NORTHERN MARIANAS,NORTHERN MARIANA ISLANDS,NINTH CIRCUIT,0,0,0,0,0,0,0,0,0,0,0,0,0,0
2018-02-28,OHIO NORTHERN,OHIO,SIXTH CIRCUIT,1415,1112,2,0,301,21,17,2,0,2,1394,1095,0,299
2018-02-28,OHIO SOUTHERN,OHIO,SIXTH CIRCUIT,1170,760,1,0,409,30,27,1,0,2,1140,733,0,407
2018-02-28,OKLAHOMA EASTERN,OKLAHOMA,TENTH CIRCUIT,87,73,0,0,14,4,4,0,0,0,83,69,0,14
2018-02-28,OKLAHOMA NORTHERN,OKLAHOMA,TENTH CIRCUIT,167,143,0,0,24,2,2,0,0,0,165,141,0,24
2018-02-28,OKLAHOMA WESTERN,OKLAHOMA,TENTH CIRCUIT,376,269,0,0,107,6,5,0,0,1,370,264,0,106
2018-02-28,OREGON,OREGON,NINTH CIRCUIT,639,505,1,1,132,17,12,1,1,3,622,493,0,129
2018-02-28,PENNSYLVANIA EASTERN,PENNSYLVANIA,THIRD CIRCUIT,713,351,8,0,354,26,15,8,0,3,687,336,0,351
2018-02-28,PENNSYLVANIA MIDDLE,PENNSYLVANIA,THIRD CIRCUIT,446,267,2,0,177,13,9,2,0,2,433,258,0,175
2018-02-28,PENNSYLVANIA WESTERN,PENNSYLVANIA,THIRD CIRCUIT,563,359,2,0,202,14,9,2,0,3,549,350,0,199
2018-02-28,PUERTO RICO,PUERTO RICO,FIRST CIRCUIT,556,269,7,2,278,13,3,5,2,3,543,266,2,275
2018-02-28,RHODE ISLAND,RHODE ISLAND,FIRST CIRCUIT,188,131,0,0,57,4,4,0,0,0,184,127,0,57
2018-02-28,SOUTH CAROLINA,SOUTH CAROLINA,FOURTH CIRCUIT,539,196,2,0,341,11,9,2,0,0,528,187,0,341
2018-02-28,SOUTH DAKOTA,SOUTH DAKOTA,EIGHTH CIRCUIT,79,72,0,0,7,2,1,0,0,1,77,71,0,6
2018-02-28,TENNESSEE EASTERN,TENNESSEE,SIXTH CIRCUIT,950,570,3,1,376,8,5,2,1,0,942,565,1,376
2018-02-28,TENNESSEE MIDDLE,TENNESSEE,SIXTH CIRCUIT,762,388,1,0,373,6,5,0,0,1,756,383,1,372
2018-02-28,TENNESSEE WESTERN,TENNESSEE,SIXTH CIRCUIT,1133,311,4,0,818,8,3,4,0,1,1125,308,0,817
2018-02-28,TEXAS EASTERN,TEXAS,FIFTH CIRCUIT,394,191,12,0,191,36,24,11,0,1,358,167,1,190
2018-02-28,TEXAS NORTHERN,TEXAS,FIFTH CIRCUIT,889,372,8,0,509,36,28,7,0,1,853,344,1,508
2018-02-28,TEXAS SOUTHERN,TEXAS,FIFTH CIRCUIT,641,280,27,0,334,50,23,25,0,2,591,257,2,332
2018-02-28,TEXAS WESTERN,TEXAS,FIFTH CIRCUIT,646,326,9,0,311,43,32,9,0,2,603,294,0,309
2018-02-28,UTAH,UTAH,TENTH CIRCUIT,637,352,0,0,285,12,11,0,0,1,625,341,0,284
2018-02-28,VERMONT,VERMONT,SECOND CIRCUIT,48,44,0,0,4,4,4,0,0,0,44,40,0,4
2018-02-28,VIRGIN ISLANDS,VIRGIN ISLANDS,THIRD CIRCUIT,4,3,0,0,1,1,0,0,0,1,3,3,0,0
2018-02-28,VIRGINIA EASTERN,VIRGINIA,FOURTH CIRCUIT,1375,759,15,0,601,39,25,13,0,1,1336,734,2,600
2018-02-28,VIRGINIA WESTERN,VIRGINIA,FOURTH CIRCUIT,405,228,0,0,177,9,8,0,0,1,396,220,0,176
2018-02-28,WASHINGTON EASTERN,WASHINGTON,NINTH CIRCUIT,275,219,0,0,56,7,7,0,0,0,268,212,0,56
2018-02-28,WASHINGTON WESTERN,WASHINGTON,NINTH CIRCUIT,775,573,7,0,195,22,18,4,0,0,753,555,3,195
2018-02-28,WEST VIRGINIA NORTHERN,WEST VIRGINIA,FOURTH CIRCUIT,122,103,0,0,19,3,3,0,0,0,119,100,0,19
2018-02-28,WEST VIRGINIA SOUTHERN,WEST VIRGINIA,FOURTH CIRCUIT,138,119,3,0,16,5,2,3,0,0,133,117,0,16
2018-02-28,WISCONSIN EASTERN,WISCONSIN,SEVENTH CIRCUIT,942,608,0,2,332,11,9,0,2,0,931,599,0,332
2018-02-28,WISCONSIN WESTERN,WISCONSIN,SEVENTH CIRCUIT,360,280,2,5,73,12,4,1,5,2,348,276,1,71
2018-02-28,WYOMING,WYOMING,TENTH CIRCUIT,65,57,2,0,6,4,2,2,0,0,61,55,0,6
2018-03-31,ALABAMA MIDDLE,ALABAMA,ELEVENTH CIRCUIT,810,238,2,0,570,5,2,2,0,1,805,236,0,569
2018-03-31,ALABAMA NORTHERN,ALABAMA,ELEVENTH CIRCUIT,1437,844,2,0,591,13,11,2,0,0,1424,833,0,591
2018-03-31,ALABAMA SOUTHERN,ALABAMA,ELEVENTH CIRCUIT,541,189,1,0,351,6,5,0,0,1,535,184,1,350
2018-03-31,ALASKA,ALASKA,NINTH CIRCUIT,44,34,0,0,10,9,7,0,0,2,35,27,0,8
2018-03-31,ARIZONA,ARIZONA,NINTH CIRCUIT,1524,1267,17,0,240,29,19,8,0,2,1495,1248,9,238
2018-03-31,ARKANSAS EASTERN,ARKANSAS,EIGHTH CIRCUIT,701,368,1,0,332,4,2,1,0,1,697,366,0,331
2018-03-31,ARKANSAS WESTERN,ARKANSAS,EIGHTH CIRCUIT,332,190,1,0,141,13,8,1,0,4,319,182,0,137
2018-03-31,CALIFORNIA CENTRAL,CALIFORNIA,NINTH CIRCUIT,3503,2755,40,0,708,127,93,26,0,8,3376,2662,14,700
2018-03-31,CALIFORNIA EASTERN,CALIFORNIA,NINTH CIRCUIT,1466,1145,6,1,314,38,28,6,1,3,1428,1117,0,311
2018-03-31,CALIFORNIA NORTHERN,CALIFORNIA,NINTH CIRCUIT,811,469,10,1,331,48,32,4,1,11,763,437,6,320
2018-03-31,CALIFORNIA SOUTHERN,CALIFORNIA,NINTH CIRCUIT,807,663,3,0,141,36,28,2,0,6,771,635,1,135
2018-03-31,COLORADO,COLORADO,TENTH CIRCUIT,1177,931,2,2,242,37,27,2,2,6,1140,904,0,236
2018-03-31,CONNECTICUT,CONNECTICUT,SECOND CIRCUIT,562,454,7,0,101,12,5,6,0,1,550,449,1,100
2018-03-31,DELAWARE,DELAWARE,THIRD CIRCUIT,361,158,130,0,73,143,13,130,0,0,218,145,0,73
2018-03-31,DISTRICT OF COLUMBIA,DISTRICT OF COLUMBIA,DC CIRCUIT,94,62,2,0,30,3,1,1,0,1,91,61,1,29
2018-03-31,FLORIDA MIDDLE,FLORIDA,ELEVENTH CIRCUIT,2243,1591,40,0,612,93,57,32,0,4,2150,1534,8,608
2018-03-31,FLORIDA NORTHERN,FLORIDA,ELEVENTH CIRCUIT,281,219,4,2,55,12,6,3,2,0,269,213,1,55
2018-03-31,FLORIDA SOUTHERN,FLORIDA,ELEVENTH CIRCUIT,1508,809,26,0,673,59,37,19,0,3,1449,772,7,670
2018-03-31,GEORGIA MIDDLE,GEORGIA,ELEVENTH CIRCUIT,795,336,1,1,457,14,9,1,1,3,781,327,0,454
2018-03-31,GEORGIA NORTHERN,GEORGIA,ELEVENTH CIRCUIT,2672,1426,10,1,1235,41,26,9,1,5,2631,1400,1,1230
2018-03-31,GEORGIA SOUTHERN,GEORGIA,ELEVENTH CIRCUIT,577,170,2,0,405,9,7,2,0,0,568,163,0,405
2018-03-31,GUAM,GUAM,NINTH CIRCUIT,17,11,0,0,6,1,0,0,0,1,16,11,0,5
2018-03-31,HAWAII,HAWAII,NINTH CIRCUIT,129,91,0,0,38,4,1,0,0,3,125,90,0,35
2018-03-31,IDAHO,IDAHO,NINTH CIRCUIT,364,328,1,1,34,11,9,1,1,0,353,319,0,34
2018-03-31,ILLINOIS CENTRAL,ILLINOIS,SEVENTH CIRCUIT,538,445,6,0,87,13,7,6,0,0,525,438,0,87
2018-03-31,ILLINOIS NORTHERN,ILLINOIS,SEVENTH CIRCUIT,4142,2336,7,0,1799,60,49,7,0,4,4082,2287,0,1795
2018-03-31,ILLINOIS SOUTHERN,ILLINOIS,SEVENTH CIRCUIT,395,276,1,0,118,7,2,1,0,4,388,274,0,114
2018-03-31,INDIANA NORTHERN,INDIANA,SEVENTH CIRCUIT,1054,773,1,0,280,7,5,1,0,1,1047,768,0,279
2018-03-31,INDIANA SOUTHERN,INDIANA,SEVENTH CIRCUIT,1597,1104,1,3,489,16,13,0,3,0,1581,1091,1,489
2018-03-31,IOWA NORTHERN,IOWA,EIGHTH CIRCUIT,190,171,0,2,17,8,6,0,2,0,182,165,0,17
2018-03-31,IOWA SOUTHERN,IOWA,EIGHTH CIRCUIT,301,254,6,0,41,14,7,6,0,1,287,247,0,40
2018-03-31,KANSAS,KANSAS,TENTH CIRCUIT,736,449,2,4,281,27,19,2,4,2,709,430,0,279
2018-03-31,KENTUCKY EASTERN,KENTUCKY,SIXTH CIRCUIT,872,655,0,1,216,5,4,0,1,0,867,651,0,216
2018-03-31,KENTUCKY WESTERN,KENTUCKY,SIXTH CIRCUIT,797,554,2,0,241,7,4,2,0,1,790,550,0,240
2018-03-31,LOUISIANA EASTERN,LOUISIANA,FIFTH CIRCUIT,373,167,4,0,202,18,12,4,0,2,355,155,0,200
2018-03-31,LOUISIANA MIDDLE,LOUISIANA,FIFTH CIRCUIT,150,92,2,0,56,7,5,2,0,0,143,87,0,56
2018-03-31,LOUISIANA WESTERN,LOUISIANA,FIFTH CIRCUIT,796,220,5,2,569,11,4,5,2,0,785,216,0,569
2018-03-31,MAINE,MAINE,FIRST CIRCUIT,142,118,3,0,21,9,5,3,0,1,133,113,0,20
2018-03-31,MARYLAND,MARYLAND,FOURTH CIRCUIT,1673,1182,11,0,480,29,20,8,0,1,1644,1162,3,479
2018-03-31,MASSACHUSETTS,MASSACHUSETTS,FIRST CIRCUIT,832,535,14,0,283,36,22,10,0,4,796,513,4,279
2018-03-31,MICHIGAN EASTERN,MICHIGAN,SIXTH CIRCUIT,2692,2114,6,1,571,19,11,4,1,3,2673,2103,2,568
2018-03-31,MICHIGAN WESTERN,MICHIGAN,SIXTH CIRCUIT,705,591,0,0,114,6,5,0,0,1,699,586,0,113
2018-03-31,MINNESOTA,MINNESOTA,EIGHTH CIRCUIT,1012,849,1,0,162,21,20,1,0,0,991,829,0,162
2018-03-31,MISSISSIPPI NORTHERN,MISSISSIPPI,FIFTH CIRCUIT,486,259,1,1,225,5,3,1,1,0,481,256,0,225
2018-03-31,MISSISSIPPI SOUTHERN,MISSISSIPPI,FIFTH CIRCUIT,789,484,0,0,305,13,11,0,0,2,776,473,0,303
2018-03-31,MISSOURI EASTERN,MISSOURI,EIGHTH CIRCUIT,1086,772,2,0,312,15,11,2,0,2,1071,761,0,310
2018-03-31,MISSOURI WESTERN,MISSOURI,EIGHTH CIRCUIT,835,560,2,0,273,10,6,2,0,2,825,554,0,271
2018-03-31,MONTANA,MONTANA,NINTH CIRCUIT,125,116,0,0,9,2,2,0,0,0,123,114,0,9
2018-03-31,NEBRASKA,NEBRASKA,EIGHTH CIRCUIT,409,293,2,5,109,14,6,2,5,1,395,287,0,108
2018-03-31,NEVADA,NEVADA,NINTH CIRCUIT,898,743,16,0,139,23,15,8,0,0,875,728,8,139
2018-03-31,NEW HAMPSHIRE,NEW HAMPSHIRE,FIRST CIRCUIT,190,138,1,0,51,12,10,1,0,1,178,128,0,50
2018-03-31,NEW JERSEY,NEW JERSEY,THIRD CIRCUIT,2468,1614,27,0,827,61,37,18,0,6,2407,1577,9,821
2018-03-31,NEW MEXICO,NEW MEXICO,TENTH CIRCUIT,334,293,1,0,40,6,4,1,0,1,328,289,0,39
2018-03-31,NEW YORK EASTERN,NEW YORK,SECOND CIRCUIT,1515,877,49,0,589,99,54,45,0,0,1416,823,4,589
2018-03-31,NEW YORK NORTHERN,NEW YORK,SECOND CIRCUIT,622,481,1,1,139,9,5,1,1,2,613,476,0,137
2018-03-31,NEW YORK SOUTHERN,NEW YORK,SECOND CIRCUIT,669,491,17,0,151,48,20,16,0,2,621,471,1,149
2018-03-31,NEW YORK WESTERN,NEW YORK,SECOND CIRCUIT,403,304,0,0,99,11,9,0,0,2,392,295,0,97
2018-03-31,NORTH CAROLINA EASTERN,NORTH CAROLINA,FOURTH CIRCUIT,630,223,7,1,399,27,12,6,1,8,603,211,1,391
2018-03-31,NORTH CAROLINA MIDDLE,NORTH CAROLINA,FOURTH CIRCUIT,336,133,1,0,202,9,5,1,0,3,327,128,0,199
2018-03-31,NORTH CAROLINA WESTERN,NORTH CAROLINA,FOURTH CIRCUIT,374,204,9,0,161,19,6,9,0,4,355,198,0,157
2018-03-31,NORTH DAKOTA,NORTH DAKOTA,EIGHTH CIRCUIT,67,65,0,0,2,0,0,0,0,0,67,65,0,2
2018-03-31,NORTHERN MARIANAS,NORTHERN MARIANA ISLANDS,NINTH CIRCUIT,0,0,0,0,0,0,0,0,0,0,0,0,0,0
2018-03-31,OHIO NORTHERN,OHIO,SIXTH CIRCUIT,2330,1924,7,0,399,25,16,7,0,2,2305,1908,0,397
2018-03-31,OHIO SOUTHERN,OHIO,SIXTH CIRCUIT,1841,1340,3,1,497,21,15,3,1,2,1820,1325,0,495
2018-03-31,OKLAHOMA EASTERN,OKLAHOMA,TENTH CIRCUIT,145,132,0,0,13,1,1,0,0,0,144,131,0,13
2018-03-31,OKLAHOMA NORTHERN,OKLAHOMA,TENTH CIRCUIT,309,284,0,0,25,4,4,0,0,0,305,280,0,25
2018-03-31,OKLAHOMA WESTERN,OKLAHOMA,TENTH CIRCUIT,572,461,1,0,110,9,5,1,0,3,563,456,0,107
2018-03-31,OREGON,OREGON,NINTH CIRCUIT,908,687,1,0,220,18,12,1,0,5,890,675,0,215
2018-03-31,PENNSYLVANIA EASTERN,PENNSYLVANIA,THIRD CIRCUIT,811,406,5,0,400,22,14,5,0,3,789,392,0,397
2018-03-31,PENNSYLVANIA MIDDLE,PENNSYLVANIA,THIRD CIRCUIT,510,344,3,0,163,10,4,2,0,4,500,340,1,159
2018-03-31,PENNSYLVANIA WESTERN,PENNSYLVANIA,THIRD CIRCUIT,753,485,9,1,258,33,19,8,1,5,720,466,1,253
2018-03-31,PUERTO RICO,PUERTO RICO,FIRST CIRCUIT,688,322,12,0,354,22,11,10,0,1,666,311,2,353
2018-03-31,RHODE ISLAND,RHODE ISLAND,FIRST CIRCUIT,217,168,1,0,48,7,6,1,0,0,210,162,0,48
2018-03-31,SOUTH CAROLINA,SOUTH CAROLINA,FOURTH CIRCUIT,659,282,2,1,374,11,9,1,1,0,648,273,1,374
2018-03-31,SOUTH DAKOTA,SOUTH DAKOTA,EIGHTH CIRCUIT,125,113,1,1,10,5,1,1,1,2,120,112,0,8
2018-03-31,TENNESSEE EASTERN,TENNESSEE,SIXTH CIRCUIT,1227,781,2,0,444,13,11,2,0,0,1214,770,0,444
2018-03-31,TENNESSEE MIDDLE,TENNESSEE,SIXTH CIRCUIT,877,509,2,0,366,11,9,2,0,0,866,500,0,366
2018-03-31,TENNESSEE WESTERN,TENNESSEE,SIXTH CIRCUIT,1253,411,2,0,840,6,5,1,0,0,1247,406,1,840
2018-03-31,TEXAS EASTERN,TEXAS,FIFTH CIRCUIT,475,223,4,0,248,29,20,4,0,5,446,203,0,243
2018-03-31,TEXAS NORTHERN,TEXAS,FIFTH CIRCUIT,1189,530,142,4,513,195,47,140,4,4,994,483,2,509
2018-03-31,TEXAS SOUTHERN,TEXAS,FIFTH CIRCUIT,949,347,145,1,456,175,27,145,1,2,774,320,0,454
2018-03-31,TEXAS WESTERN,TEXAS,FIFTH CIRCUIT,835,442,26,0,367,56,28,25,0,3,779,414,1,364
2018-03-31,UTAH,UTAH,TENTH CIRCUIT,978,651,1,0,326,12,10,1,0,1,966,641,0,325
2018-03-31,VERMONT,VERMONT,SECOND CIRCUIT,48,42,0,0,6,0,0,0,0,0,48,42,0,6
2018-03-31,VIRGIN ISLANDS,VIRGIN ISLANDS,THIRD CIRCUIT,1,0,0,0,1,0,0,0,0,0,1,0,0,1
2018-03-31,VIRGINIA EASTERN,VIRGINIA,FOURTH CIRCUIT,1797,1132,15,0,650,35,22,11,0,2,1762,1110,4,648
2018-03-31,VIRGINIA WESTERN,VIRGINIA,FOURTH CIRCUIT,547,362,0,1,184,8,6,0,1,1,539,356,0,183
2018-03-31,WASHINGTON EASTERN,WASHINGTON,NINTH CIRCUIT,396,305,1,0,90,7,6,1,0,0,389,299,0,90
2018-03-31,WASHINGTON WESTERN,WASHINGTON,NINTH CIRCUIT,1077,809,4,0,264,27,23,4,0,0,1050,786,0,264
2018-03-31,WEST VIRGINIA NORTHERN,WEST VIRGINIA,FOURTH CIRCUIT,118,105,0,0,13,2,2,0,0,0,116,103,0,13
2018-03-31,WEST VIRGINIA SOUTHERN,WEST VIRGINIA,FOURTH CIRCUIT,221,207,1,0,13,5,4,1,0,0,216,203,0,13
2018-03-31,WISCONSIN EASTERN,WISCONSIN,SEVENTH CIRCUIT,1197,837,0,4,356,22,17,0,4,1,1175,820,0,355
2018-03-31,WISCONSIN WESTERN,WISCONSIN,SEVENTH CIRCUIT,387,317,0,3,67,9,5,0,3,1,378,312,0,66
2018-03-31,WYOMING,WYOMING,TENTH CIRCUIT,128,120,2,0,6,3,1,2,0,0,125,119,0,6
2018-04-30,ALABAMA MIDDLE,ALABAMA,ELEVENTH CIRCUIT,641,163,1,0,477,2,2,0,0,0,639,161,1,477
2018-04-30,ALABAMA NORTHERN,ALABAMA,ELEVENTH CIRCUIT,1144,583,0,0,561,6,4,0,0,2,1138,579,0,559
2018-04-30,ALABAMA SOUTHERN,ALABAMA,ELEVENTH CIRCUIT,421,125,1,0,295,2,0,1,0,1,419,125,0,294
2018-04-30,ALASKA,ALASKA,NINTH CIRCUIT,40,36,0,0,4,2,2,0,0,0,38,34,0,4
2018-04-30,ARIZONA,ARIZONA,NINTH CIRCUIT,1562,1260,14,1,287,45,32,12,1,0,1517,1228,2,287
2018-04-30,ARKANSAS EASTERN,ARKANSAS,EIGHTH CIRCUIT,626,307,2,1,316,8,4,2,1,1,618,303,0,315
2018-04-30,ARKANSAS WESTERN,ARKANSAS,EIGHTH CIRCUIT,329,193,1,0,135,8,6,1,0,1,321,187,0,134
2018-04-30,CALIFORNIA CENTRAL,CALIFORNIA,NINTH CIRCUIT,3369,2659,34,2,674,127,93,24,2,8,3242,2566,10,666
2018-04-30,CALIFORNIA EASTERN,CALIFORNIA,NINTH CIRCUIT,1378,1092,12,2,272,42,22,10,2,8,1336,1070,2,264
2018-04-30,CALIFORNIA NORTHERN,CALIFORNIA,NINTH CIRCUIT,792,457,13,0,322,43,28,9,0,6,749,429,4,316
2018-04-30,CALIFORNIA SOUTHERN,CALIFORNIA,NINTH CIRCUIT,717,575,6,0,136,26,18,1,0,7,691,557,5,129
2018-04-30,COLORADO,COLORADO,TENTH CIRCUIT,1149,905,9,0,234,44,30,8,0,5,1105,875,1,229
2018-04-30,CONNECTICUT,CONNECTICUT,SECOND CIRCUIT,554,463,2,0,89,16,12,2,0,2,538,451,0,87
2018-04-30,DELAWARE,DELAWARE,THIRD CIRCUIT,228,114,39,0,75,41,2,39,0,0,187,112,0,75
2018-04-30,DISTRICT OF COLUMBIA,DISTRICT OF COLUMBIA,DC CIRCUIT,88,56,2,0,30,3,2,0,0,1,85,54,2,29
2018-04-30,FLORIDA MIDDLE,FLORIDA,ELEVENTH CIRCUIT,2186,1624,22,0,540,87,66,16,0,5,2099,1558,6,535
2018-04-30,FLORIDA NORTHERN,FLORIDA,ELEVENTH CIRCUIT,215,168,4,0,42,9,5,3,0,0,206,163,1,42
2018-04-30,FLORIDA SOUTHERN,FLORIDA,ELEVENTH CIRCUIT,1441,756,26,0,659,48,20,21,0,7,1393,736,5,652
2018-04-30,GEORGIA MIDDLE,GEORGIA,ELEVENTH CIRCUIT,669,256,5,3,405,23,9,5,3,6,646,247,0,399
2018-04-30,GEORGIA NORTHERN,GEORGIA,ELEVENTH CIRCUIT,2779,1387,8,2,1382,40,29,7,2,2,2739,1358,1,1380
2018-04-30,GEORGIA SOUTHERN,GEORGIA,ELEVENTH CIRCUIT,502,113,1,0,388,4,2,0,0,2,498,111,1,386
2018-04-30,GUAM,GUAM,NINTH CIRCUIT,13,12,0,0,1,0,0,0,0,0,13,12,0,1
2018-04-30,HAWAII,HAWAII,NINTH CIRCUIT,156,106,1,0,49,8,7,1,0,0,148,99,0,49
2018-04-30,IDAHO,IDAHO,NINTH CIRCUIT,348,319,3,0,26,9,7,2,0,0,339,312,1,26
2018-04-30,ILLINOIS CENTRAL,ILLINOIS,SEVENTH CIRCUIT,530,435,2,0,93,9,5,2,0,2,521,430,0,91
2018-04-30,ILLINOIS NORTHERN,ILLINOIS,SEVENTH CIRCUIT,3538,2062,14,0,1462,56,40,13,0,3,3482,2022,1,1459
2018-04-30,ILLINOIS SOUTHERN,ILLINOIS,SEVENTH CIRCUIT,355,243,0,0,112,1,1,0,0,0,354,242,0,112
2018-04-30,INDIANA NORTHERN,INDIANA,SEVENTH CIRCUIT,911,683,4,0,224,9,5,4,0,0,902,678,0,224
2018-04-30,INDIANA SOUTHERN,INDIANA,SEVENTH CIRCUIT,1426,963,5,0,458,14,10,4,0,0,1412,953,1,458
2018-04-30,IOWA NORTHERN,IOWA,EIGHTH CIRCUIT,166,147,0,1,18,9,7,0,1,1,157,140,0,17
2018-04-30,IOWA SOUTHERN,IOWA,EIGHTH CIRCUIT,309,274,3,0,32,12,9,3,0,0,297,265,0,32
2018-04-30,KANSAS,KANSAS,TENTH CIRCUIT,659,383,5,2,269,19,11,4,2,2,640,372,1,267
2018-04-30,KENTUCKY EASTERN,KENTUCKY,SIXTH CIRCUIT,737,544,2,0,191,7,4,2,0,1,730,540,0,190
2018-04-30,KENTUCKY WESTERN,KENTUCKY,SIXTH CIRCUIT,691,465,3,1,222,9,4,3,1,1,682,461,0,221
2018-04-30,LOUISIANA EASTERN,LOUISIANA,FIFTH CIRCUIT,322,153,2,0,167,11,8,2,0,1,311,145,0,166
2018-04-30,LOUISIANA MIDDLE,LOUISIANA,FIFTH CIRCUIT,114,71,0,0,43,1,1,0,0,0,113,70,0,43
2018-04-30,LOUISIANA WESTERN,LOUISIANA,FIFTH CIRCUIT,679,174,3,1,501,6,2,3,1,0,673,172,0,501
2018-04-30,MAINE,MAINE,FIRST CIRCUIT,145,122,0,1,22,4,2,0,1,1,141,120,0,21
2018-04-30,MARYLAND,MARYLAND,FOURTH CIRCUIT,1572,1042,11,0,519,31,19,10,0,2,1541,1023,1,517
2018-04-30,MASSACHUSETTS,MASSACHUSETTS,FIRST CIRCUIT,745,478,9,0,258,28,22,5,0,1,717,456,4,257
2018-04-30,MICHIGAN EASTERN,MICHIGAN,SIXTH CIRCUIT,2458,1982,14,0,462,32,16,14,0,2,2426,1966,0,460
2018-04-30,MICHIGAN WESTERN,MICHIGAN,SIXTH CIRCUIT,553,456,0,0,97,8,8,0,0,0,545,448,0,97
2018-04-30,MINNESOTA,MINNESOTA,EIGHTH CIRCUIT,988,794,2,0,192,20,16,2,0,2,968,778,0,190
2018-04-30,MISSISSIPPI NORTHERN,MISSISSIPPI,FIFTH CIRCUIT,472,217,0,0,255,5,3,0,0,2,467,214,0,253
2018-04-30,MISSISSIPPI SOUTHERN,MISSISSIPPI,FIFTH CIRCUIT,668,373,1,1,293,13,9,1,1,2,655,364,0,291
2018-04-30,MISSOURI EASTERN,MISSOURI,EIGHTH CIRCUIT,999,707,2,0,290,15,13,1,0,1,984,694,1,289
2018-04-30,MISSOURI WESTERN,MISSOURI,EIGHTH CIRCUIT,683,471,5,0,207,14,6,5,0,3,669,465,0,204
2018-04-30,MONTANA,MONTANA,NINTH CIRCUIT,153,133,1,0,19,6,4,1,0,1,147,129,0,18
2018-04-30,NEBRASKA,NEBRASKA,EIGHTH CIRCUIT,397,293,1,0,103,10,7,1,0,2,387,286,0,101
2018-04-30,NEVADA,NEVADA,NINTH CIRCUIT,855,701,11,0,143,23,17,5,0,1,832,684,6,142
2018-04-30,NEW HAMPSHIRE,NEW HAMPSHIRE,FIRST CIRCUIT,150,115,1,0,34,2,1,1,0,0,148,114,0,34
2018-04-30,NEW JERSEY,NEW JERSEY,THIRD CIRCUIT,2514,1608,14,0,892,58,38,10,0,10,2456,1570,4,882
2018-04-30,NEW MEXICO,NEW MEXICO,TENTH CIRCUIT,271,242,2,0,27,6,4,2,0,0,265,238,0,27
2018-04-30,NEW YORK EASTERN,NEW YORK,SECOND CIRCUIT,1533,967,28,0,538,74,47,27,0,0,1459,920,1,538
2018-04-30,NEW YORK NORTHERN,NEW YORK,SECOND CIRCUIT,603,487,2,0,114,4,2,2,0,0,599,485,0,114
2018-04-30,NEW YORK SOUTHERN,NEW YORK,SECOND CIRCUIT,728,547,29,1,149,45,17,23,1,2,683,530,6,147
2018-04-30,NEW YORK WESTERN,NEW YORK,SECOND CIRCUIT,405,288,10,1,106,18,6,10,1,1,387,282,0,105
2018-04-30,NORTH CAROLINA EASTERN,NORTH CAROLINA,FOURTH CIRCUIT,575,195,4,0,376,13,7,4,0,2,562,188,0,374
2018-04-30,NORTH CAROLINA MIDDLE,NORTH CAROLINA,FOURTH CIRCUIT,310,130,2,0,178,9,5,2,0,2,301,125,0,176
2018-04-30,NORTH CAROLINA WESTERN,NORTH CAROLINA,FOURTH CIRCUIT,324,180,2,1,140,7,1,2,1,2,317,179,0,138
2018-04-30,NORTH DAKOTA,NORTH DAKOTA,EIGHTH CIRCUIT,79,72,0,0,7,2,2,0,0,0,77,70,0,7
2018-04-30,NORTHERN MARIANAS,NORTHERN MARIANA ISLANDS,NINTH CIRCUIT,0,0,0,0,0,0,0,0,0,0,0,0,0,0
2018-04-30,OHIO NORTHERN,OHIO,SIXTH CIRCUIT,1890,1563,2,0,325,24,20,2,0,2,1866,1543,0,323
2018-04-30,OHIO SOUTHERN,OHIO,SIXTH CIRCUIT,1656,1191,0,1,464,22,14,0,1,7,1634,1177,0,457
2018-04-30,OKLAHOMA EASTERN,OKLAHOMA,TENTH CIRCUIT,130,117,0,0,13,1,1,0,0,0,129,116,0,13
2018-04-30,OKLAHOMA NORTHERN,OKLAHOMA,TENTH CIRCUIT,269,239,0,0,30,3,3,0,0,0,266,236,0,30
2018-04-30,OKLAHOMA WESTERN,OKLAHOMA,TENTH CIRCUIT,554,456,1,0,97,12,10,1,0,1,542,446,0,96
2018-04-30,OREGON,OREGON,NINTH CIRCUIT,796,619,2,0,175,12,9,1,0,2,784,610,1,173
2018-04-30,PENNSYLVANIA EASTERN,PENNSYLVANIA,THIRD CIRCUIT,776,385,10,0,381,30,16,9,0,5,746,369,1,376
2018-04-30,PENNSYLVANIA MIDDLE,PENNSYLVANIA,THIRD CIRCUIT,523,338,0,1,184,14,9,0,1,4,509,329,0,180
2018-04-30,PENNSYLVANIA WESTERN,PENNSYLVANIA,THIRD CIRCUIT,691,474,2,2,213,15,9,2,2,2,676,465,0,211
2018-04-30,PUERTO RICO,PUERTO RICO,FIRST CIRCUIT,669,277,18,0,374,21,5,16,0,0,648,272,2,374
2018-04-30,RHODE ISLAND,RHODE ISLAND,FIRST CIRCUIT,212,153,0,0,59,5,3,0,0,2,207,150,0,57
2018-04-30,SOUTH CAROLINA,SOUTH CAROLINA,FOURTH CIRCUIT,572,246,4,0,322,17,13,4,0,0,555,233,0,322
2018-04-30,SOUTH DAKOTA,SOUTH DAKOTA,EIGHTH CIRCUIT,110,103,0,0,7,3,1,0,0,2,107,102,0,5
2018-04-30,TENNESSEE EASTERN,TENNESSEE,SIXTH CIRCUIT,1035,635,1,1,398,8,5,1,1,1,1027,630,0,397
2018-04-30,TENNESSEE MIDDLE,TENNESSEE,SIXTH CIRCUIT,749,402,4,0,343,8,6,2,0,0,741,396,2,343
2018-04-30,TENNESSEE WESTERN,TENNESSEE,SIXTH CIRCUIT,1122,316,2,1,803,7,4,2,1,0,1115,312,0,803
2018-04-30,TEXAS EASTERN,TEXAS,FIFTH CIRCUIT,441,212,4,0,225,25,18,4,0,3,416,194,0,222
2018-04-30,TEXAS NORTHERN,TEXAS,FIFTH CIRCUIT,1085,522,16,1,546,56,40,12,1,3,1029,482,4,543
2018-04-30,TEXAS SOUTHERN,TEXAS,FIFTH CIRCUIT,929,382,29,0,518,56,25,27,0,4,873,357,2,514
2018-04-30,TEXAS WESTERN,TEXAS,FIFTH CIRCUIT,797,400,16,0,381,44,27,14,0,3,753,373,2,378
2018-04-30,UTAH,UTAH,TENTH CIRCUIT,871,555,2,0,314,13,9,2,0,2,858,546,0,312
2018-04-30,VERMONT,VERMONT,SECOND CIRCUIT,33,27,1,1,4,3,1,1,1,0,30,26,0,4
2018-04-30,VIRGIN ISLANDS,VIRGIN ISLANDS,THIRD CIRCUIT,0,0,0,0,0,0,0,0,0,0,0,0,0,0
2018-04-30,VIRGINIA EASTERN,VIRGINIA,FOURTH CIRCUIT,1622,940,9,0,673,35,28,4,0,3,1587,912,5,670
2018-04-30,VIRGINIA WESTERN,VIRGINIA,FOURTH CIRCUIT,540,338,5,1,196,15,7,5,1,2,525,331,0,194
2018-04-30,WASHINGTON EASTERN,WASHINGTON,NINTH CIRCUIT,373,281,1,1,90,9,7,0,1,1,364,274,1,89
2018-04-30,WASHINGTON WESTERN,WASHINGTON,NINTH CIRCUIT,871,653,4,0,214,26,22,3,0,1,845,631,1,213
2018-04-30,WEST VIRGINIA NORTHERN,WEST VIRGINIA,FOURTH CIRCUIT,112,88,1,0,23,5,4,1,0,0,107,84,0,23
2018-04-30,WEST VIRGINIA SOUTHERN,WEST VIRGINIA,FOURTH CIRCUIT,175,156,2,0,17,4,2,2,0,0,171,154,0,17
2018-04-30,WISCONSIN EASTERN,WISCONSIN,SEVENTH CIRCUIT,1395,987,0,1,407,12,10,0,1,1,1383,977,0,406
2018-04-30,WISCONSIN WESTERN,WISCONSIN,SEVENTH CIRCUIT,444,367,1,3,73,11,4,1,3,3,433,363,0,70
2018-04-30,WYOMING,WYOMING,TENTH CIRCUIT,129,119,2,0,8,11,9,2,0,0,118,110,0,8
2018-05-31,ALABAMA MIDDLE,ALABAMA,ELEVENTH CIRCUIT,636,146,0,0,490,7,7,0,0,0,629,139,0,490
2018-05-31,ALABAMA NORTHERN,ALABAMA,ELEVENTH CIRCUIT,1107,552,0,0,555,16,14,0,0,2,1091,538,0,553
2018-05-31,ALABAMA SOUTHERN,ALABAMA,ELEVENTH CIRCUIT,429,119,0,0,310,1,1,0,0,0,428,118,0,310
2018-05-31,ALASKA,ALASKA,NINTH CIRCUIT,34,25,1,0,8,3,2,1,0,0,31,23,0,8
2018-05-31,ARIZONA,ARIZONA,NINTH CIRCUIT,1558,1285,17,0,256,47,33,11,0,3,1511,1252,6,253
2018-05-31,ARKANSAS EASTERN,ARKANSAS,EIGHTH CIRCUIT,618,312,0,0,306,10,7,0,0,3,608,305,0,303
2018-05-31,ARKANSAS WESTERN,ARKANSAS,EIGHTH CIRCUIT,341,181,0,2,158,12,8,0,2,2,329,173,0,156
2018-05-31,CALIFORNIA CENTRAL,CALIFORNIA,NINTH CIRCUIT,3329,2614,36,0,679,123,91,21,0,11,3206,2523,15,668
2018-05-31,CALIFORNIA EASTERN,CALIFORNIA,NINTH CIRCUIT,1379,1062,5,1,311,31,20,5,1,5,1348,1042,0,306
2018-05-31,CALIFORNIA NORTHERN,CALIFORNIA,NINTH CIRCUIT,749,427,8,0,314,43,32,5,0,6,706,395,3,308
2018-05-31,CALIFORNIA SOUTHERN,CALIFORNIA,NINTH CIRCUIT,732,602,3,0,127,30,21,3,0,6,702,581,0,121
2018-05-31,COLORADO,COLORADO,TENTH CIRCUIT,1115,874,12,0,229,42,28,12,0,2,1073,846,0,227
2018-05-31,CONNECTICUT,CONNECTICUT,SECOND CIRCUIT,596,499,3,0,94,16,13,3,0,0,580,486,0,94
2018-05-31,DELAWARE,DELAWARE,THIRD CIRCUIT,299,121,86,0,91,93,4,86,0,2,206,117,0,89
2018-05-31,DISTRICT OF COLUMBIA,DISTRICT OF COLUMBIA,DC CIRCUIT,84,52,2,0,30,3,2,1,0,0,81,50,1,30
2018-05-31,FLORIDA MIDDLE,FLORIDA,ELEVENTH CIRCUIT,2120,1522,14,0,584,75,59,11,0,5,2045,1463,3,579
2018-05-31,FLORIDA NORTHERN,FLORIDA,ELEVENTH CIRCUIT,250,205,3,0,42,14,11,3,0,0,236,194,0,42
2018-05-31,FLORIDA SOUTHERN,FLORIDA,ELEVENTH CIRCUIT,1528,863,17,0,648,48,32,15,0,1,1480,831,2,647
2018-05-31,GEORGIA MIDDLE,GEORGIA,ELEVENTH CIRCUIT,703,258,2,3,440,15,10,2,3,0,688,248,0,440
2018-05-31,GEORGIA NORTHERN,GEORGIA,ELEVENTH CIRCUIT,2200,1268,12,0,920,49,36,12,0,1,2151,1232,0,919
2018-05-31,GEORGIA SOUTHERN,GEORGIA,ELEVENTH CIRCUIT,524,124,1,0,399,9,5,1,0,3,515,119,0,396
2018-05-31,GUAM,GUAM,NINTH CIRCUIT,1,1,0,0,0,0,0,0,0,0,1,1,0,0
2018-05-31,HAWAII,HAWAII,NINTH CIRCUIT,133,83,0,0,50,3,3,0,0,0,130,80,0,50
2018-05-31,IDAHO,IDAHO,NINTH CIRCUIT,348,313,2,0,33,6,3,2,0,1,342,310,0,32
2018-05-31,ILLINOIS CENTRAL,ILLINOIS,SEVENTH CIRCUIT,484,378,0,0,106,6,4,0,0,2,478,374,0,104
2018-05-31,ILLINOIS NORTHERN,ILLINOIS,SEVENTH CIRCUIT,3320,1921,11,2,1386,66,48,11,2,5,3254,1873,0,1381
2018-05-31,ILLINOIS SOUTHERN,ILLINOIS,SEVENTH CIRCUIT,320,217,3,1,99,8,3,3,1,1,312,214,0,98
2018-05-31,INDIANA NORTHERN,INDIANA,SEVENTH CIRCUIT,923,658,2,0,263,6,4,2,0,0,917,654,0,263
2018-05-31,INDIANA SOUTHERN,INDIANA,SEVENTH CIRCUIT,1344,902,1,3,438,15,8,1,3,3,1329,894,0,435
2018-05-31,IOWA NORTHERN,IOWA,EIGHTH CIRCUIT,180,169,0,2,9,7,5,0,2,0,173,164,0,9
2018-05-31,IOWA SOUTHERN,IOWA,EIGHTH CIRCUIT,271,239,0,1,31,10,9,0,1,0,261,230,0,31
2018-05-31,KANSAS,KANSAS,TENTH CIRCUIT,668,378,1,4,285,15,9,1,4,1,653,369,0,284
2018-05-31,KENTUCKY EASTERN,KENTUCKY,SIXTH CIRCUIT,709,481,0,1,227,6,5,0,1,0,703,476,0,227
2018-05-31,KENTUCKY WESTERN,KENTUCKY,SIXTH CIRCUIT,614,385,1,0,228,3,2,1,0,0,611,383,0,228
2018-05-31,LOUISIANA EASTERN,LOUISIANA,FIFTH CIRCUIT,277,134,3,0,139,13,8,3,0,1,264,126,0,138
2018-05-31,LOUISIANA MIDDLE,LOUISIANA,FIFTH CIRCUIT,145,77,0,0,68,2,2,0,0,0,143,75,0,68
2018-05-31,LOUISIANA WESTERN,LOUISIANA,FIFTH CIRCUIT,727,156,5,1,565,9,3,5,1,0,718,153,0,565
2018-05-31,MAINE,MAINE,FIRST CIRCUIT,148,130,0,1,17,7,4,0,1,2,141,126,0,15
2018-05-31,MARYLAND,MARYLAND,FOURTH CIRCUIT,1605,1059,10,2,534,45,25,9,2,9,1560,1034,1,525
2018-05-31,MASSACHUSETTS,MASSACHUSETTS,FIRST CIRCUIT,817,497,10,2,308,36,22,6,2,6,781,475,4,302
2018-05-31,MICHIGAN EASTERN,MICHIGAN,SIXTH CIRCUIT,2145,1627,10,0,508,24,10,10,0,4,2121,1617,0,504
2018-05-31,MICHIGAN WESTERN,MICHIGAN,SIXTH CIRCUIT,527,416,1,1,109,10,7,1,1,1,517,409,0,108
2018-05-31,MINNESOTA,MINNESOTA,EIGHTH CIRCUIT,936,768,2,3,163,30,24,2,3,1,906,744,0,162
2018-05-31,MISSISSIPPI NORTHERN,MISSISSIPPI,FIFTH CIRCUIT,456,207,0,0,249,3,2,0,0,1,453,205,0,248
2018-05-31,MISSISSIPPI SOUTHERN,MISSISSIPPI,FIFTH CIRCUIT,658,339,4,0,315,13,8,3,0,2,645,331,1,313
2018-05-31,MISSOURI EASTERN,MISSOURI,EIGHTH CIRCUIT,887,598,0,2,287,10,7,0,2,1,877,591,0,286
2018-05-31,MISSOURI WESTERN,MISSOURI,EIGHTH CIRCUIT,640,451,2,2,185,17,12,1,2,2,623,439,1,183
2018-05-31,MONTANA,MONTANA,NINTH CIRCUIT,129,109,0,1,19,4,2,0,1,1,125,107,0,18
2018-05-31,NEBRASKA,NEBRASKA,EIGHTH CIRCUIT,370,253,2,4,111,7,1,2,4,0,363,252,0,111
2018-05-31,NEVADA,NEVADA,NINTH CIRCUIT,862,692,20,0,150,33,21,12,0,0,829,671,8,150
2018-05-31,NEW HAMPSHIRE,NEW HAMPSHIRE,FIRST CIRCUIT,180,130,1,0,49,8,3,1,0,4,172,127,0,45
2018-05-31,NEW JERSEY,NEW JERSEY,THIRD CIRCUIT,2328,1358,39,0,931,66,33,29,0,4,2262,1325,10,927
2018-05-31,NEW MEXICO,NEW MEXICO,TENTH CIRCUIT,305,269,4,0,32,8,4,4,0,0,297,265,0,32
2018-05-31,NEW YORK EASTERN,NEW YORK,SECOND CIRCUIT,1484,893,39,0,552,79,47,32,0,0,1405,846,7,552
2018-05-31,NEW YORK NORTHERN,NEW YORK,SECOND CIRCUIT,556,429,2,0,125,8,6,2,0,0,548,423,0,125
2018-05-31,NEW YORK SOUTHERN,NEW YORK,SECOND CIRCUIT,840,596,82,2,158,105,22,76,2,3,735,574,6,155
2018-05-31,NEW YORK WESTERN,NEW YORK,SECOND CIRCUIT,351,259,2,1,89,11,8,2,1,0,340,251,0,89
2018-05-31,NORTH CAROLINA EASTERN,NORTH CAROLINA,FOURTH CIRCUIT,599,241,11,0,347,25,12,9,0,4,574,229,2,343
2018-05-31,NORTH CAROLINA MIDDLE,NORTH CAROLINA,FOURTH CIRCUIT,337,159,0,0,178,6,5,0,0,1,331,154,0,177
2018-05-31,NORTH CAROLINA WESTERN,NORTH CAROLINA,FOURTH CIRCUIT,353,195,3,0,155,6,1,3,0,2,347,194,0,153
2018-05-31,NORTH DAKOTA,NORTH DAKOTA,EIGHTH CIRCUIT,89,76,0,1,12,2,1,0,1,0,87,75,0,12
2018-05-31,NORTHERN MARIANAS,NORTHERN MARIANA ISLANDS,NINTH CIRCUIT,0,0,0,0,0,0,0,0,0,0,0,0,0,0
2018-05-31,OHIO NORTHERN,OHIO,SIXTH CIRCUIT,1864,1507,1,1,355,23,18,1,1,3,1841,1489,0,352
2018-05-31,OHIO SOUTHERN,OHIO,SIXTH CIRCUIT,1651,1136,2,0,513,28,21,2,0,5,1623,1115,0,508
2018-05-31,OKLAHOMA EASTERN,OKLAHOMA,TENTH CIRCUIT,153,134,0,0,19,5,5,0,0,0,148,129,0,19
2018-05-31,OKLAHOMA NORTHERN,OKLAHOMA,TENTH CIRCUIT,239,217,0,0,22,3,3,0,0,0,236,214,0,22
2018-05-31,OKLAHOMA WESTERN,OKLAHOMA,TENTH CIRCUIT,542,416,0,0,126,9,8,0,0,1,533,408,0,125
2018-05-31,OREGON,OREGON,NINTH CIRCUIT,822,606,3,0,213,16,12,3,0,1,806,594,0,212
2018-05-31,PENNSYLVANIA EASTERN,PENNSYLVANIA,THIRD CIRCUIT,695,349,2,0,344,16,11,2,0,3,679,338,0,341
2018-05-31,PENNSYLVANIA MIDDLE,PENNSYLVANIA,THIRD CIRCUIT,484,326,3,0,155,14,9,3,0,2,470,317,0,153
2018-05-31,PENNSYLVANIA WESTERN,PENNSYLVANIA,THIRD CIRCUIT,730,480,16,2,232,30,11,14,2,3,700,469,2,229
2018-05-31,PUERTO RICO,PUERTO RICO,FIRST CIRCUIT,729,320,10,0,399,15,4,9,0,2,714,316,1,397
2018-05-31,RHODE ISLAND,RHODE ISLAND,FIRST CIRCUIT,232,160,2,0,70,8,6,2,0,0,224,154,0,70
2018-05-31,SOUTH CAROLINA,SOUTH CAROLINA,FOURTH CIRCUIT,617,251,2,0,364,12,9,1,0,2,605,242,1,362
2018-05-31,SOUTH DAKOTA,SOUTH DAKOTA,EIGHTH CIRCUIT,109,97,1,1,10,4,1,1,1,1,105,96,0,9
2018-05-31,TENNESSEE EASTERN,TENNESSEE,SIXTH CIRCUIT,1027,585,4,1,437,16,9,3,1,3,1011,576,1,434
2018-05-31,TENNESSEE MIDDLE,TENNESSEE,SIXTH CIRCUIT,736,336,3,2,395,17,11,2,2,2,719,325,1,393
2018-05-31,TENNESSEE WESTERN,TENNESSEE,SIXTH CIRCUIT,1129,319,0,0,810,8,7,0,0,1,1121,312,0,809
2018-05-31,TEXAS EASTERN,TEXAS,FIFTH CIRCUIT,375,218,3,0,154,22,19,3,0,0,353,199,0,154
2018-05-31,TEXAS NORTHERN,TEXAS,FIFTH CIRCUIT,823,445,11,2,365,45,28,9,2,6,778,417,2,359
2018-05-31,TEXAS SOUTHERN,TEXAS,FIFTH CIRCUIT,672,345,12,2,313,50,34,11,2,3,622,311,1,310
2018-05-31,TEXAS WESTERN,TEXAS,FIFTH CIRCUIT,616,401,2,2,211,34,27,1,2,4,582,374,1,207
2018-05-31,UTAH,UTAH,TENTH CIRCUIT,993,618,1,2,372,18,14,1,2,1,975,604,0,371
2018-05-31,VERMONT,VERMONT,SECOND CIRCUIT,50,39,1,0,10,4,3,1,0,0,46,36,0,10
2018-05-31,VIRGIN ISLANDS,VIRGIN ISLANDS,THIRD CIRCUIT,0,0,0,0,0,0,0,0,0,0,0,0,0,0
2018-05-31,VIRGINIA EASTERN,VIRGINIA,FOURTH CIRCUIT,1557,951,6,0,600,32,24,5,0,3,1525,927,1,597
2018-05-31,VIRGINIA WESTERN,VIRGINIA,FOURTH CIRCUIT,474,284,0,0,190,4,4,0,0,0,470,280,0,190
2018-05-31,WASHINGTON EASTERN,WASHINGTON,NINTH CIRCUIT,325,243,1,1,80,5,2,1,1,1,320,241,0,79
2018-05-31,WASHINGTON WESTERN,WASHINGTON,NINTH CIRCUIT,881,627,7,0,247,25,19,4,0,2,856,608,3,245
2018-05-31,WEST VIRGINIA NORTHERN,WEST VIRGINIA,FOURTH CIRCUIT,128,107,1,0,20,5,3,1,0,1,123,104,0,19
2018-05-31,WEST VIRGINIA SOUTHERN,WEST VIRGINIA,FOURTH CIRCUIT,157,131,5,0,21,8,3,5,0,0,149,128,0,21
2018-05-31,WISCONSIN EASTERN,WISCONSIN,SEVENTH CIRCUIT,1224,853,1,2,368,20,17,1,2,0,1204,836,0,368
2018-05-31,WISCONSIN WESTERN,WISCONSIN,SEVENTH CIRCUIT,441,373,1,3,64,13,7,1,3,2,428,366,0,62
2018-05-31,WYOMING,WYOMING,TENTH CIRCUIT,104,91,2,0,11,2,0,2,0,0,102,91,0,11
2018-06-30,ALABAMA MIDDLE,ALABAMA,ELEVENTH CIRCUIT,682,151,1,0,530,3,3,0,0,0,679,148,1,530
2018-06-30,ALABAMA NORTHERN,ALABAMA,ELEVENTH CIRCUIT,1061,480,8,1,572,13,3,8,1,1,1048,477,0,571
2018-06-30,ALABAMA SOUTHERN,ALABAMA,ELEVENTH CIRCUIT,494,150,0,0,344,1,1,0,0,0,493,149,0,344
2018-06-30,ALASKA,ALASKA,NINTH CIRCUIT,31,27,0,0,4,1,1,0,0,0,30,26,0,4
2018-06-30,ARIZONA,ARIZONA,NINTH CIRCUIT,1497,1235,13,1,248,34,21,9,1,3,1463,1214,4,245
2018-06-30,ARKANSAS EASTERN,ARKANSAS,EIGHTH CIRCUIT,574,249,0,0,325,8,5,0,0,3,566,244,0,322
2018-06-30,ARKANSAS WESTERN,ARKANSAS,EIGHTH CIRCUIT,263,154,1,0,108,5,4,1,0,0,258,150,0,108
2018-06-30,CALIFORNIA CENTRAL,CALIFORNIA,NINTH CIRCUIT,3100,2373,36,0,691,135,112,18,0,5,2965,2261,18,686
2018-06-30,CALIFORNIA EASTERN,CALIFORNIA,NINTH CIRCUIT,1281,963,3,0,315,38,22,3,0,13,1243,941,0,302
2018-06-30,CALIFORNIA NORTHERN,CALIFORNIA,NINTH CIRCUIT,679,387,7,0,285,31,22,4,0,5,648,365,3,280
2018-06-30,CALIFORNIA SOUTHERN,CALIFORNIA,NINTH CIRCUIT,624,498,3,0,123,20,13,3,0,4,604,485,0,119
2018-06-30,COLORADO,COLORADO,TENTH CIRCUIT,981,786,1,1,193,23,20,1,1,1,958,766,0,192
2018-06-30,CONNECTICUT,CONNECTICUT,SECOND CIRCUIT,503,395,7,0,101,19,12,7,0,0,484,383,0,101
2018-06-30,DELAWARE,DELAWARE,THIRD CIRCUIT,256,162,11,0,83,74,62,11,0,1,182,100,0,82
2018-06-30,DISTRICT OF COLUMBIA,DISTRICT OF COLUMBIA,DC CIRCUIT,75,47,2,0,26,4,2,1,0,1,71,45,1,25
2018-06-30,FLORIDA MIDDLE,FLORIDA,ELEVENTH CIRCUIT,2099,1511,17,0,571,83,60,14,0,9,2016,1451,3,562
2018-06-30,FLORIDA NORTHERN,FLORIDA,ELEVENTH CIRCUIT,219,176,3,0,40,8,4,3,0,1,211,172,0,39
2018-06-30,FLORIDA SOUTHERN,FLORIDA,ELEVENTH CIRCUIT,1427,780,25,0,622,65,45,20,0,0,1362,735,5,622
2018-06-30,GEORGIA MIDDLE,GEORGIA,ELEVENTH CIRCUIT,683,216,0,2,465,9,4,0,2,3,674,212,0,462
2018-06-30,GEORGIA NORTHERN,GEORGIA,ELEVENTH CIRCUIT,2692,1314,16,0,1362,43,26,15,0,2,2649,1288,1,1360
2018-06-30,GEORGIA SOUTHERN,GEORGIA,ELEVENTH CIRCUIT,562,102,0,0,460,9,7,0,0,2,553,95,0,458
2018-06-30,GUAM,GUAM,NINTH CIRCUIT,26,24,0,0,2,0,0,0,0,0,26,24,0,2
2018-06-30,HAWAII,HAWAII,NINTH CIRCUIT,129,82,0,0,47,2,2,0,0,0,127,80,0,47
2018-06-30,IDAHO,IDAHO,NINTH CIRCUIT,348,310,2,1,35,11,8,2,1,0,337,302,0,35
2018-06-30,ILLINOIS CENTRAL,ILLINOIS,SEVENTH CIRCUIT,396,325,0,0,71,6,5,0,0,1,390,320,0,70
2018-06-30,ILLINOIS NORTHERN,ILLINOIS,SEVENTH CIRCUIT,3147,1737,15,0,1395,59,41,12,0,6,3088,1696,3,1389
2018-06-30,ILLINOIS SOUTHERN,ILLINOIS,SEVENTH CIRCUIT,294,208,0,0,86,4,3,0,0,1,290,205,0,85
2018-06-30,INDIANA NORTHERN,INDIANA,SEVENTH CIRCUIT,775,561,1,0,213,10,8,1,0,1,765,553,0,212
2018-06-30,INDIANA SOUTHERN,INDIANA,SEVENTH CIRCUIT,1215,795,1,2,417,16,12,1,2,1,1199,783,0,416
2018-06-30,IOWA NORTHERN,IOWA,EIGHTH CIRCUIT,154,142,0,1,11,3,2,0,1,0,151,140,0,11
2018-06-30,IOWA SOUTHERN,IOWA,EIGHTH CIRCUIT,246,216,1,0,29,8,8,0,0,0,238,208,1,29
2018-06-30,KANSAS,KANSAS,TENTH CIRCUIT,597,337,4,3,253,18,9,4,3,2,579,328,0,251
2018-06-30,KENTUCKY EASTERN,KENTUCKY,SIXTH CIRCUIT,620,427,0,1,192,8,6,0,1,1,612,421,0,191
2018-06-30,KENTUCKY WESTERN,KENTUCKY,SIXTH CIRCUIT,601,365,2,1,233,13,10,2,1,0,588,355,0,233
2018-06-30,LOUISIANA EASTERN,LOUISIANA,FIFTH CIRCUIT,300,134,0,0,166,8,7,0,0,1,292,127,0,165
2018-06-30,LOUISIANA MIDDLE,LOUISIANA,FIFTH CIRCUIT,132,61,0,0,71,1,1,0,0,0,131,60,0,71
2018-06-30,LOUISIANA WESTERN,LOUISIANA,FIFTH CIRCUIT,692,122,6,1,563,15,6,6,1,2,677,116,0,561
2018-06-30,MAINE,MAINE,FIRST CIRCUIT,142,127,1,1,13,5,2,1,1,1,137,125,0,12
2018-06-30,MARYLAND,MARYLAND,FOURTH CIRCUIT,1423,959,11,0,453,25,17,7,0,1,1398,942,4,452
2018-06-30,MASSACHUSETTS,MASSACHUSETTS,FIRST CIRCUIT,797,485,10,0,302,23,17,4,0,2,774,468,6,300
2018-06-30,MICHIGAN EASTERN,MICHIGAN,SIXTH CIRCUIT,1875,1413,4,0,458,31,24,2,0,5,1844,1389,2,453
2018-06-30,MICHIGAN WESTERN,MICHIGAN,SIXTH CIRCUIT,453,345,0,0,108,10,9,0,0,1,443,336,0,107
2018-06-30,MINNESOTA,MINNESOTA,EIGHTH CIRCUIT,841,658,1,3,179,22,16,0,3,3,819,642,1,176
2018-06-30,MISSISSIPPI NORTHERN,MISSISSIPPI,FIFTH CIRCUIT,426,155,3,0,268,10,5,3,0,2,416,150,0,266
2018-06-30,MISSISSIPPI SOUTHERN,MISSISSIPPI,FIFTH CIRCUIT,626,328,1,0,297,10,8,1,0,1,616,320,0,296
2018-06-30,MISSOURI EASTERN,MISSOURI,EIGHTH CIRCUIT,789,503,1,0,285,11,8,1,0,2,778,495,0,283
2018-06-30,MISSOURI WESTERN,MISSOURI,EIGHTH CIRCUIT,612,397,0,2,213,7,5,0,2,0,605,392,0,213
2018-06-30,MONTANA,MONTANA,NINTH CIRCUIT,125,105,1,0,19,5,2,1,0,2,120,103,0,17
2018-06-30,NEBRASKA,NEBRASKA,EIGHTH CIRCUIT,303,205,1,2,95,11,8,1,2,0,292,197,0,95
2018-06-30,NEVADA,NEVADA,NINTH CIRCUIT,858,679,17,0,162,24,11,12,0,1,834,668,5,161
2018-06-30,NEW HAMPSHIRE,NEW HAMPSHIRE,FIRST CIRCUIT,131,98,0,1,32,9,8,0,1,0,122,90,0,32
2018-06-30,NEW JERSEY,NEW JERSEY,THIRD CIRCUIT,2220,1359,22,0,839,56,28,15,0,13,2164,1331,7,826
2018-06-30,NEW MEXICO,NEW MEXICO,TENTH CIRCUIT,296,254,1,0,41,7,4,1,0,2,289,250,0,39
2018-06-30,NEW YORK EASTERN,NEW YORK,SECOND CIRCUIT,1387,824,32,0,531,71,44,27,0,0,1316,780,5,531
2018-06-30,NEW YORK NORTHERN,NEW YORK,SECOND CIRCUIT,495,370,2,0,123,8,5,2,0,1,487,365,0,122
2018-06-30,NEW YORK SOUTHERN,NEW YORK,SECOND CIRCUIT,741,521,15,0,203,55,41,10,0,2,686,480,5,201
2018-06-30,NEW YORK WESTERN,NEW YORK,SECOND CIRCUIT,338,236,3,1,98,9,5,3,1,0,329,231,0,98
2018-06-30,NORTH CAROLINA EASTERN,NORTH CAROLINA,FOURTH CIRCUIT,545,196,5,0,344,21,11,5,0,5,524,185,0,339
2018-06-30,NORTH CAROLINA MIDDLE,NORTH CAROLINA,FOURTH CIRCUIT,304,137,0,0,167,7,6,0,0,1,297,131,0,166
2018-06-30,NORTH CAROLINA WESTERN,NORTH CAROLINA,FOURTH CIRCUIT,343,163,4,0,176,13,8,4,0,1,330,155,0,175
2018-06-30,NORTH DAKOTA,NORTH DAKOTA,EIGHTH CIRCUIT,57,54,1,0,2,5,4,1,0,0,52,50,0,2
2018-06-30,NORTHERN MARIANAS,NORTHERN MARIANA ISLANDS,NINTH CIRCUIT,0,0,0,0,0,0,0,0,0,0,0,0,0,0
2018-06-30,OHIO NORTHERN,OHIO,SIXTH CIRCUIT,1633,1310,0,0,323,17,14,0,0,3,1616,1296,0,320
2018-06-30,OHIO SOUTHERN,OHIO,SIXTH CIRCUIT,1477,1017,1,1,458,11,8,1,1,1,1466,1009,0,457
2018-06-30,OKLAHOMA EASTERN,OKLAHOMA,TENTH CIRCUIT,147,132,1,0,14,4,4,0,0,0,143,128,1,14
2018-06-30,OKLAHOMA NORTHERN,OKLAHOMA,TENTH CIRCUIT,209,183,7,0,19,8,0,7,0,1,201,183,0,18
2018-06-30,OKLAHOMA WESTERN,OKLAHOMA,TENTH CIRCUIT,465,374,0,0,91,11,10,0,0,1,454,364,0,90
2018-06-30,OREGON,OREGON,NINTH CIRCUIT,730,542,6,1,181,25,16,6,1,2,705,526,0,179
2018-06-30,PENNSYLVANIA EASTERN,PENNSYLVANIA,THIRD CIRCUIT,786,416,6,0,364,31,24,5,0,2,755,392,1,362
2018-06-30,PENNSYLVANIA MIDDLE,PENNSYLVANIA,THIRD CIRCUIT,452,266,4,0,182,18,8,4,0,6,434,258,0,176
2018-06-30,PENNSYLVANIA WESTERN,PENNSYLVANIA,THIRD CIRCUIT,614,390,10,1,213,17,7,9,1,0,597,383,1,213
2018-06-30,PUERTO RICO,PUERTO RICO,FIRST CIRCUIT,656,276,14,1,365,24,11,9,1,3,632,265,5,362
2018-06-30,RHODE ISLAND,RHODE ISLAND,FIRST CIRCUIT,209,159,1,0,49,10,9,1,0,0,199,150,0,49
2018-06-30,SOUTH CAROLINA,SOUTH CAROLINA,FOURTH CIRCUIT,522,211,1,0,310,15,13,1,0,1,507,198,0,309
2018-06-30,SOUTH DAKOTA,SOUTH DAKOTA,EIGHTH CIRCUIT,72,66,0,1,5,3,2,0,1,0,69,64,0,5
2018-06-30,TENNESSEE EASTERN,TENNESSEE,SIXTH CIRCUIT,1062,604,3,1,454,12,7,3,1,1,1050,597,0,453
2018-06-30,TENNESSEE MIDDLE,TENNESSEE,SIXTH CIRCUIT,722,351,1,0,370,9,6,1,0,2,713,345,0,368
2018-06-30,TENNESSEE WESTERN,TENNESSEE,SIXTH CIRCUIT,1125,277,1,0,847,8,6,1,0,1,1117,271,0,846
2018-06-30,TEXAS EASTERN,TEXAS,FIFTH CIRCUIT,456,225,2,0,229,27,23,2,0,2,429,202,0,227
2018-06-30,TEXAS NORTHERN,TEXAS,FIFTH CIRCUIT,924,407,18,1,498,59,36,17,1,5,865,371,1,493
2018-06-30,TEXAS SOUTHERN,TEXAS,FIFTH CIRCUIT,938,347,14,0,577,48,30,14,0,4,890,317,0,573
2018-06-30,TEXAS WESTERN,TEXAS,FIFTH CIRCUIT,693,350,8,0,335,34,24,8,0,2,659,326,0,333
2018-06-30,UTAH,UTAH,TENTH CIRCUIT,870,572,4,0,294,12,6,4,0,2,858,566,0,292
2018-06-30,VERMONT,VERMONT,SECOND CIRCUIT,39,29,0,1,9,2,1,0,1,0,37,28,0,9
2018-06-30,VIRGIN ISLANDS,VIRGIN ISLANDS,THIRD CIRCUIT,1,1,0,0,0,0,0,0,0,0,1,1,0,0
2018-06-30,VIRGINIA EASTERN,VIRGINIA,FOURTH CIRCUIT,1455,852,4,1,598,19,15,3,1,0,1436,837,1,598
2018-06-30,VIRGINIA WESTERN,VIRGINIA,FOURTH CIRCUIT,433,253,1,1,178,8,4,1,1,2,425,249,0,176
2018-06-30,WASHINGTON EASTERN,WASHINGTON,NINTH CIRCUIT,297,220,4,1,72,11,5,4,1,1,286,215,0,71
2018-06-30,WASHINGTON WESTERN,WASHINGTON,NINTH CIRCUIT,798,574,3,0,221,21,15,2,0,4,777,559,1,217
2018-06-30,WEST VIRGINIA NORTHERN,WEST VIRGINIA,FOURTH CIRCUIT,104,86,0,0,18,7,7,0,0,0,97,79,0,18
2018-06-30,WEST VIRGINIA SOUTHERN,WEST VIRGINIA,FOURTH CIRCUIT,158,138,2,0,18,5,3,2,0,0,153,135,0,18
2018-06-30,WISCONSIN EASTERN,WISCONSIN,SEVENTH CIRCUIT,1038,682,1,0,355,12,8,0,0,4,1026,674,1,351
2018-06-30,WISCONSIN WESTERN,WISCONSIN,SEVENTH CIRCUIT,375,315,0,0,60,8,8,0,0,0,367,307,0,60
2018-06-30,WYOMING,WYOMING,TENTH CIRCUIT,85,75,2,0,8,4,1,2,0,1,81,74,0,7
2018-07-31,ALABAMA MIDDLE,ALABAMA,ELEVENTH CIRCUIT,670,130,2,0,538,7,5,2,0,0,663,125,0,538
2018-07-31,ALABAMA NORTHERN,ALABAMA,ELEVENTH CIRCUIT,1130,512,4,1,613,13,7,4,0,1,1117,505,0,612
2018-07-31,ALABAMA SOUTHERN,ALABAMA,ELEVENTH CIRCUIT,441,104,2,0,335,4,3,1,0,0,437,101,1,335
2018-07-31,ALASKA,ALASKA,NINTH CIRCUIT,44,30,0,0,14,1,1,0,0,0,43,29,0,14
2018-07-31,ARIZONA,ARIZONA,NINTH CIRCUIT,1462,1193,12,0,257,34,22,10,0,2,1428,1171,2,255
2018-07-31,ARKANSAS,ARKANSAS,EIGHTH CIRCUIT,902,420,1,1,480,13,8,1,0,3,889,412,0,477
2018-07-31,CALIFORNIA CENTRAL,CALIFORNIA,NINTH CIRCUIT,3160,2395,45,0,720,134,102,25,0,7,3026,2293,20,713
2018-07-31,CALIFORNIA EASTERN,CALIFORNIA,NINTH CIRCUIT,1271,981,2,1,287,36,27,2,0,6,1235,954,0,281
2018-07-31,CALIFORNIA NORTHERN,CALIFORNIA,NINTH CIRCUIT,719,370,17,0,332,44,28,10,0,6,675,342,7,326
2018-07-31,CALIFORNIA SOUTHERN,CALIFORNIA,NINTH CIRCUIT,664,540,2,0,122,21,16,1,0,4,643,524,1,118
2018-07-31,COLORADO,COLORADO,TENTH CIRCUIT,965,748,2,0,215,23,22,0,0,1,942,726,2,214
2018-07-31,CONNECTICUT,CONNECTICUT,SECOND CIRCUIT,493,401,1,0,91,6,5,0,0,1,487,396,1,90
2018-07-31,DELAWARE,DELAWARE,THIRD CIRCUIT,202,105,22,0,75,26,4,22,0,0,176,101,0,75
2018-07-31,DISTRICT OF COLUMBIA,DISTRICT OF COLUMBIA,DC CIRCUIT,61,35,1,0,25,3,2,1,0,0,58,33,0,25
2018-07-31,FLORIDA MIDDLE,FLORIDA,ELEVENTH CIRCUIT,1999,1411,22,0,566,68,50,16,0,2,1931,1361,6,564
2018-07-31,FLORIDA NORTHERN,FLORIDA,ELEVENTH CIRCUIT,201,158,4,0,39,7,4,3,0,0,194,154,1,39
2018-07-31,FLORIDA SOUTHERN,FLORIDA,ELEVENTH CIRCUIT,1430,787,22,0,621,47,27,19,0,1,1383,760,3,620
2018-07-31,GEORGIA MIDDLE,GEORGIA,ELEVENTH CIRCUIT,695,216,5,1,473,13,7,5,0,0,682,209,0,473
2018-07-31,GEORGIA NORTHERN,GEORGIA,ELEVENTH CIRCUIT,2422,1275,15,1,1131,57,41,14,0,1,2365,1234,1,1130
2018-07-31,GEORGIA SOUTHERN,GEORGIA,ELEVENTH CIRCUIT,560,111,4,0,445,12,8,4,0,0,548,103,0,445
2018-07-31,GUAM,GUAM,NINTH CIRCUIT,19,14,0,0,5,0,0,0,0,0,19,14,0,5
2018-07-31,HAWAII,HAWAII,NINTH CIRCUIT,104,73,0,0,31,6,6,0,0,0,98,67,0,31
2018-07-31,IDAHO,IDAHO,NINTH CIRCUIT,308,268,2,0,38,5,3,0,0,2,303,265,2,36
2018-07-31,ILLINOIS CENTRAL,ILLINOIS,SEVENTH CIRCUIT,427,348,1,0,78,9,7,1,0,1,418,341,0,77
2018-07-31,ILLINOIS NORTHERN,ILLINOIS,SEVENTH CIRCUIT,3163,1708,7,0,1448,50,42,7,0,1,3113,1666,0,1447
2018-07-31,ILLINOIS SOUTHERN,ILLINOIS,SEVENTH CIRCUIT,322,224,1,1,96,5,3,1,0,0,317,221,0,96
2018-07-31,INDIANA NORTHERN,INDIANA,SEVENTH CIRCUIT,721,497,2,1,221,9,5,2,0,1,712,492,0,220
2018-07-31,INDIANA SOUTHERN,INDIANA,SEVENTH CIRCUIT,1187,767,5,0,415,10,6,4,0,0,1177,761,1,415
2018-07-31,IOWA NORTHERN,IOWA,EIGHTH CIRCUIT,161,141,0,0,20,7,7,0,0,0,154,134,0,20
2018-07-31,IOWA SOUTHERN,IOWA,EIGHTH CIRCUIT,249,208,0,1,40,7,5,0,0,1,242,203,0,39
2018-07-31,KANSAS,KANSAS,TENTH CIRCUIT,623,334,2,1,286,16,12,2,0,1,607,322,0,285
2018-07-31,KENTUCKY EASTERN,KENTUCKY,SIXTH CIRCUIT,604,402,1,0,201,4,3,1,0,0,600,399,0,201
2018-07-31,KENTUCKY WESTERN,KENTUCKY,SIXTH CIRCUIT,601,372,1,0,228,7,3,1,0,3,594,369,0,225
2018-07-31,LOUISIANA EASTERN,LOUISIANA,FIFTH CIRCUIT,319,147,5,0,167,18,13,4,0,1,301,134,1,166
2018-07-31,LOUISIANA MIDDLE,LOUISIANA,FIFTH CIRCUIT,127,67,1,0,59,4,3,1,0,0,123,64,0,59
2018-07-31,LOUISIANA WESTERN,LOUISIANA,FIFTH CIRCUIT,759,151,3,1,604,9,5,2,0,1,750,146,1,603
2018-07-31,MAINE,MAINE,FIRST CIRCUIT,124,101,1,1,21,4,2,1,0,0,120,99,0,21
2018-07-31,MARYLAND,MARYLAND,FOURTH CIRCUIT,1349,896,7,0,446,24,15,6,0,3,1325,881,1,443
2018-07-31,MASSACHUSETTS,MASSACHUSETTS,FIRST CIRCUIT,699,422,5,2,270,27,21,3,0,1,672,401,2,269
2018-07-31,MICHIGAN EASTERN,MICHIGAN,SIXTH CIRCUIT,1881,1441,5,0,435,20,13,5,0,2,1861,1428,0,433
2018-07-31,MICHIGAN WESTERN,MICHIGAN,SIXTH CIRCUIT,441,342,1,0,98,10,5,1,0,4,431,337,0,94
2018-07-31,MINNESOTA,MINNESOTA,EIGHTH CIRCUIT,813,654,5,2,152,31,21,5,0,3,782,633,0,149
2018-07-31,MISSISSIPPI NORTHERN,MISSISSIPPI,FIFTH CIRCUIT,391,163,2,0,226,4,1,2,0,1,387,162,0,225
2018-07-31,MISSISSIPPI SOUTHERN,MISSISSIPPI,FIFTH CIRCUIT,591,297,4,0,290,10,5,3,0,2,581,292,1,288
2018-07-31,MISSOURI EASTERN,MISSOURI,EIGHTH CIRCUIT,783,515,3,0,265,10,7,2,0,1,773,508,1,264
2018-07-31,MISSOURI WESTERN,MISSOURI,EIGHTH CIRCUIT,564,384,0,0,180,8,7,0,0,1,556,377,0,179
2018-07-31,MONTANA,MONTANA,NINTH CIRCUIT,114,92,0,1,20,3,1,0,0,0,111,91,0,20
2018-07-31,NEBRASKA,NEBRASKA,EIGHTH CIRCUIT,339,215,11,4,109,19,4,11,0,0,320,211,0,109
2018-07-31,NEVADA,NEVADA,NINTH CIRCUIT,836,677,9,0,150,27,22,4,0,1,809,655,5,149
2018-07-31,NEW HAMPSHIRE,NEW HAMPSHIRE,FIRST CIRCUIT,159,108,1,0,50,3,3,0,0,0,156,105,1,50
2018-07-31,NEW JERSEY,NEW JERSEY,THIRD CIRCUIT,2134,1242,22,0,870,69,43,19,0,7,2065,1199,3,863
2018-07-31,NEW MEXICO,NEW MEXICO,TENTH CIRCUIT,244,212,2,0,30,5,3,2,0,0,239,209,0,30
2018-07-31,NEW YORK EASTERN,NEW YORK,SECOND CIRCUIT,1329,765,33,0,531,73,45,28,0,0,1256,720,5,531
2018-07-31,NEW YORK NORTHERN,NEW YORK,SECOND CIRCUIT,501,384,0,1,116,7,4,0,0,2,494,380,0,114
2018-07-31,NEW YORK SOUTHERN,NEW YORK,SECOND CIRCUIT,645,436,26,0,173,44,11,21,0,2,601,425,5,171
2018-07-31,NEW YORK WESTERN,NEW YORK,SECOND CIRCUIT,315,225,5,0,85,14,8,5,0,1,301,217,0,84
2018-07-31,NORTH CAROLINA EASTERN,NORTH CAROLINA,FOURTH CIRCUIT,527,206,4,0,317,20,16,2,0,2,507,190,2,315
2018-07-31,NORTH CAROLINA MIDDLE,NORTH CAROLINA,FOURTH CIRCUIT,286,112,2,1,171,8,5,2,0,0,278,107,0,171
2018-07-31,NORTH CAROLINA WESTERN,NORTH CAROLINA,FOURTH CIRCUIT,327,162,2,0,163,8,5,1,0,2,319,157,1,161
2018-07-31,NORTH DAKOTA,NORTH DAKOTA,EIGHTH CIRCUIT,58,51,0,2,5,6,4,0,0,0,52,47,0,5
2018-07-31,NORTHERN MARIANAS,NORTHERN MARIANA ISLANDS,NINTH CIRCUIT,0,0,0,0,0,0,0,0,0,0,0,0,0,0
2018-07-31,OHIO NORTHERN,OHIO,SIXTH CIRCUIT,1741,1385,4,0,352,28,22,3,0,3,1713,1363,1,349
2018-07-31,OHIO SOUTHERN,OHIO,SIXTH CIRCUIT,1421,961,3,0,457,23,16,2,0,5,1398,945,1,452
2018-07-31,OKLAHOMA EASTERN,OKLAHOMA,TENTH CIRCUIT,125,114,1,0,10,2,1,1,0,0,123,113,0,10
2018-07-31,OKLAHOMA NORTHERN,OKLAHOMA,TENTH CIRCUIT,245,220,0,0,25,4,4,0,0,0,241,216,0,25
2018-07-31,OKLAHOMA WESTERN,OKLAHOMA,TENTH CIRCUIT,468,345,0,1,122,8,7,0,0,0,460,338,0,122
2018-07-31,OREGON,OREGON,NINTH CIRCUIT,750,563,1,0,186,16,13,1,0,2,734,550,0,184
2018-07-31,PENNSYLVANIA EASTERN,PENNSYLVANIA,THIRD CIRCUIT,660,324,10,1,325,30,15,10,0,4,630,309,0,321
2018-07-31,PENNSYLVANIA MIDDLE,PENNSYLVANIA,THIRD CIRCUIT,455,293,2,0,160,9,7,2,0,0,446,286,0,160
2018-07-31,PENNSYLVANIA WESTERN,PENNSYLVANIA,THIRD CIRCUIT,592,403,9,0,180,16,6,8,0,2,576,397,1,178
2018-07-31,PUERTO RICO,PUERTO RICO,FIRST CIRCUIT,651,288,7,0,356,15,6,6,0,3,636,282,1,353
2018-07-31,RHODE ISLAND,RHODE ISLAND,FIRST CIRCUIT,168,121,0,0,47,6,6,0,0,0,162,115,0,47
2018-07-31,SOUTH CAROLINA,SOUTH CAROLINA,FOURTH CIRCUIT,531,222,3,0,306,10,6,3,0,1,521,216,0,305
2018-07-31,SOUTH DAKOTA,SOUTH DAKOTA,EIGHTH CIRCUIT,88,75,2,1,10,4,1,2,0,0,84,74,0,10
2018-07-31,TENNESSEE EASTERN,TENNESSEE,SIXTH CIRCUIT,1017,562,1,0,454,14,11,1,0,2,1003,551,0,452
2018-07-31,TENNESSEE MIDDLE,TENNESSEE,SIXTH CIRCUIT,725,348,4,0,373,13,10,3,0,0,712,338,1,373
2018-07-31,TENNESSEE WESTERN,TENNESSEE,SIXTH CIRCUIT,1183,277,0,0,906,9,8,0,0,1,1174,269,0,905
2018-07-31,TEXAS EASTERN,TEXAS,FIFTH CIRCUIT,434,193,5,0,236,31,23,4,0,4,403,170,1,232
2018-07-31,TEXAS NORTHERN,TEXAS,FIFTH CIRCUIT,955,451,35,0,469,73,35,35,0,3,882,416,0,466
2018-07-31,TEXAS SOUTHERN,TEXAS,FIFTH CIRCUIT,812,341,73,2,396,110,32,71,0,5,702,309,2,391
2018-07-31,TEXAS WESTERN,TEXAS,FIFTH CIRCUIT,649,361,14,0,274,40,26,14,0,0,609,335,0,274
2018-07-31,UTAH,UTAH,TENTH CIRCUIT,716,422,6,1,287,13,6,6,0,0,703,416,0,287
2018-07-31,VERMONT,VERMONT,SECOND CIRCUIT,48,39,1,0,8,3,2,1,0,0,45,37,0,8
2018-07-31,VIRGIN ISLANDS,VIRGIN ISLANDS,THIRD CIRCUIT,1,0,0,0,1,1,0,0,0,1,0,0,0,0
2018-07-31,VIRGINIA EASTERN,VIRGINIA,FOURTH CIRCUIT,1437,784,3,0,650,39,32,2,0,5,1398,752,1,645
2018-07-31,VIRGINIA WESTERN,VIRGINIA,FOURTH CIRCUIT,450,281,1,0,168,9,5,1,0,3,441,276,0,165
2018-07-31,WASHINGTON EASTERN,WASHINGTON,NINTH CIRCUIT,297,242,1,1,53,3,1,1,0,0,294,241,0,53
2018-07-31,WASHINGTON WESTERN,WASHINGTON,NINTH CIRCUIT,745,525,2,0,218,15,10,2,0,3,730,515,0,215
2018-07-31,WEST VIRGINIA NORTHERN,WEST VIRGINIA,FOURTH CIRCUIT,94,69,5,0,20,5,0,5,0,0,89,69,0,20
2018-07-31,WEST VIRGINIA SOUTHERN,WEST VIRGINIA,FOURTH CIRCUIT,166,148,0,0,18,3,3,0,0,0,163,145,0,18
2018-07-31,WISCONSIN EASTERN,WISCONSIN,SEVENTH CIRCUIT,955,637,2,0,316,18,15,2,0,1,937,622,0,315
2018-07-31,WISCONSIN WESTERN,WISCONSIN,SEVENTH CIRCUIT,369,305,0,4,60,11,6,0,0,1,358,299,0,59
2018-07-31,WYOMING,WYOMING,TENTH CIRCUIT,93,81,2,0,10,4,2,2,0,0,89,79,0,10
2018-08-31,ALABAMA MIDDLE,ALABAMA,ELEVENTH CIRCUIT,751,165,0,0,586,4,2,0,0,2,747,163,0,584
2018-08-31,ALABAMA NORTHERN,ALABAMA,ELEVENTH CIRCUIT,1229,534,1,1,693,17,15,1,0,0,1212,519,0,693
2018-08-31,ALABAMA SOUTHERN,ALABAMA,ELEVENTH CIRCUIT,500,131,1,0,368,3,2,0,0,1,497,129,1,367
2018-08-31,ALASKA,ALASKA,NINTH CIRCUIT,43,32,0,0,11,1,0,0,0,1,42,32,0,10
2018-08-31,ARIZONA,ARIZONA,NINTH CIRCUIT,1572,1268,13,0,291,22,13,7,0,2,1550,1255,6,289
2018-08-31,ARKANSAS,ARKANSAS,EIGHTH CIRCUIT,985,483,4,3,495,21,12,4,0,2,964,471,0,493
2018-08-31,CALIFORNIA CENTRAL,CALIFORNIA,NINTH CIRCUIT,3444,2626,57,0,761,142,88,45,0,9,3302,2538,12,752
2018-08-31,CALIFORNIA EASTERN,CALIFORNIA,NINTH CIRCUIT,1304,988,2,0,314,31,25,1,0,5,1273,963,1,309
2018-08-31,CALIFORNIA NORTHERN,CALIFORNIA,NINTH CIRCUIT,820,442,14,0,364,49,36,7,0,6,771,406,7,358
2018-08-31,CALIFORNIA SOUTHERN,CALIFORNIA,NINTH CIRCUIT,706,576,1,0,129,21,16,1,0,4,685,560,0,125
2018-08-31,COLORADO,COLORADO,TENTH CIRCUIT,1041,813,4,0,224,29,21,4,0,4,1012,792,0,220
2018-08-31,CONNECTICUT,CONNECTICUT,SECOND CIRCUIT,565,442,7,0,116,27,18,6,0,3,538,424,1,113
2018-08-31,DELAWARE,DELAWARE,THIRD CIRCUIT,229,93,32,0,104,39,7,32,0,0,190,86,0,104
2018-08-31,DISTRICT OF COLUMBIA,DISTRICT OF COLUMBIA,DC CIRCUIT,68,42,4,0,22,3,0,2,0,1,65,42,2,21
2018-08-31,FLORIDA MIDDLE,FLORIDA,ELEVENTH CIRCUIT,2282,1638,23,1,620,78,51,15,0,11,2204,1587,8,609
2018-08-31,FLORIDA NORTHERN,FLORIDA,ELEVENTH CIRCUIT,225,172,3,0,50,13,10,3,0,0,212,162,0,50
2018-08-31,FLORIDA SOUTHERN,FLORIDA,ELEVENTH CIRCUIT,1525,857,30,0,636,60,28,26,0,4,1465,829,4,632
2018-08-31,GEORGIA MIDDLE,GEORGIA,ELEVENTH CIRCUIT,861,250,4,2,605,14,4,4,0,4,847,246,0,601
2018-08-31,GEORGIA NORTHERN,GEORGIA,ELEVENTH CIRCUIT,2908,1359,8,2,1539,55,42,8,0,3,2853,1317,0,1536
2018-08-31,GEORGIA SOUTHERN,GEORGIA,ELEVENTH CIRCUIT,672,119,0,0,553,2,2,0,0,0,670,117,0,553
2018-08-31,GUAM,GUAM,NINTH CIRCUIT,5,4,0,0,1,0,0,0,0,0,5,4,0,1
2018-08-31,HAWAII,HAWAII,NINTH CIRCUIT,141,87,0,0,54,6,5,0,0,1,135,82,0,53
2018-08-31,IDAHO,IDAHO,NINTH CIRCUIT,352,311,4,1,36,12,8,3,0,0,340,303,1,36
2018-08-31,ILLINOIS CENTRAL,ILLINOIS,SEVENTH CIRCUIT,464,380,1,0,83,6,6,0,0,0,458,374,1,83
2018-08-31,ILLINOIS NORTHERN,ILLINOIS,SEVENTH CIRCUIT,3627,1876,8,0,1743,50,40,7,0,3,3577,1836,1,1740
2018-08-31,ILLINOIS SOUTHERN,ILLINOIS,SEVENTH CIRCUIT,323,213,0,0,110,7,5,0,0,2,316,208,0,108
2018-08-31,INDIANA NORTHERN,INDIANA,SEVENTH CIRCUIT,809,549,4,0,256,9,5,4,0,0,800,544,0,256
2018-08-31,INDIANA SOUTHERN,INDIANA,SEVENTH CIRCUIT,1398,890,6,2,500,19,11,6,0,0,1379,879,0,500
2018-08-31,IOWA NORTHERN,IOWA,EIGHTH CIRCUIT,148,134,0,0,14,4,4,0,0,0,144,130,0,14
2018-08-31,IOWA SOUTHERN,IOWA,EIGHTH CIRCUIT,231,204,0,0,27,6,5,0,0,1,225,199,0,26
2018-08-31,KANSAS,KANSAS,TENTH CIRCUIT,646,345,2,1,298,16,10,2,0,3,630,335,0,295
2018-08-31,KENTUCKY EASTERN,KENTUCKY,SIXTH CIRCUIT,654,431,0,1,222,4,3,0,0,0,650,428,0,222
2018-08-31,KENTUCKY WESTERN,KENTUCKY,SIXTH CIRCUIT,670,380,1,0,289,10,7,1,0,2,660,373,0,287
2018-08-31,LOUISIANA EASTERN,LOUISIANA,FIFTH CIRCUIT,332,146,2,0,184,6,2,2,0,2,326,144,0,182
2018-08-31,LOUISIANA MIDDLE,LOUISIANA,FIFTH CIRCUIT,138,73,1,0,64,1,0,1,0,0,137,73,0,64
2018-08-31,LOUISIANA WESTERN,LOUISIANA,FIFTH CIRCUIT,770,140,5,0,625,15,6,5,0,4,755,134,0,621
2018-08-31,MAINE,MAINE,FIRST CIRCUIT,167,134,6,1,26,9,2,5,0,1,158,132,1,25
2018-08-31,MARYLAND,MARYLAND,FOURTH CIRCUIT,1503,973,7,0,523,22,17,3,0,2,1481,956,4,521
2018-08-31,MASSACHUSETTS,MASSACHUSETTS,FIRST CIRCUIT,781,458,5,2,316,26,14,2,0,8,755,444,3,308
2018-08-31,MICHIGAN EASTERN,MICHIGAN,SIXTH CIRCUIT,1991,1487,3,2,499,29,22,2,0,3,1962,1465,1,496
2018-08-31,MICHIGAN WESTERN,MICHIGAN,SIXTH CIRCUIT,492,381,4,0,107,11,8,3,0,0,481,373,1,107
2018-08-31,MINNESOTA,MINNESOTA,EIGHTH CIRCUIT,787,619,0,4,164,20,15,0,0,1,767,604,0,163
2018-08-31,MISSISSIPPI NORTHERN,MISSISSIPPI,FIFTH CIRCUIT,466,177,1,0,288,5,3,1,0,1,461,174,0,287
2018-08-31,MISSISSIPPI SOUTHERN,MISSISSIPPI,FIFTH CIRCUIT,702,333,3,0,366,10,6,3,0,1,692,327,0,365
2018-08-31,MISSOURI EASTERN,MISSOURI,EIGHTH CIRCUIT,953,603,0,0,350,14,11,0,0,3,939,592,0,347
2018-08-31,MISSOURI WESTERN,MISSOURI,EIGHTH CIRCUIT,698,464,0,0,234,8,8,0,0,0,690,456,0,234
2018-08-31,MONTANA,MONTANA,NINTH CIRCUIT,98,88,0,0,10,1,1,0,0,0,97,87,0,10
2018-08-31,NEBRASKA,NEBRASKA,EIGHTH CIRCUIT,371,280,2,2,87,5,1,2,0,0,366,279,0,87
2018-08-31,NEVADA,NEVADA,NINTH CIRCUIT,856,657,14,0,185,26,17,8,0,1,830,640,6,184
2018-08-31,NEW HAMPSHIRE,NEW HAMPSHIRE,FIRST CIRCUIT,160,107,1,1,51,9,7,1,0,0,151,100,0,51
2018-08-31,NEW JERSEY,NEW JERSEY,THIRD CIRCUIT,2358,1364,28,0,965,56,25,18,0,12,2302,1339,10,953
2018-08-31,NEW MEXICO,NEW MEXICO,TENTH CIRCUIT,300,269,2,0,29,8,6,2,0,0,292,263,0,29
2018-08-31,NEW YORK EASTERN,NEW YORK,SECOND CIRCUIT,1345,832,25,0,488,72,52,20,0,0,1273,780,5,488
2018-08-31,NEW YORK NORTHERN,NEW YORK,SECOND CIRCUIT,508,398,3,0,107,8,4,2,0,2,500,394,1,105
2018-08-31,NEW YORK SOUTHERN,NEW YORK,SECOND CIRCUIT,679,497,30,0,152,38,10,27,0,1,641,487,3,151
2018-08-31,NEW YORK WESTERN,NEW YORK,SECOND CIRCUIT,347,230,2,1,114,11,6,2,0,2,336,224,0,112
2018-08-31,NORTH CAROLINA EASTERN,NORTH CAROLINA,FOURTH CIRCUIT,561,180,10,0,371,19,8,7,0,4,542,172,3,367
2018-08-31,NORTH CAROLINA MIDDLE,NORTH CAROLINA,FOURTH CIRCUIT,354,139,0,0,215,7,7,0,0,0,347,132,0,215
2018-08-31,NORTH CAROLINA WESTERN,NORTH CAROLINA,FOURTH CIRCUIT,362,204,2,0,156,8,5,1,0,2,354,199,1,154
2018-08-31,NORTH DAKOTA,NORTH DAKOTA,EIGHTH CIRCUIT,85,70,0,4,11,7,2,0,0,1,78,68,0,10
2018-08-31,NORTHERN MARIANAS,NORTHERN MARIANA ISLANDS,NINTH CIRCUIT,0,0,0,0,0,0,0,0,0,0,0,0,0,0
2018-08-31,OHIO NORTHERN,OHIO,SIXTH CIRCUIT,1804,1421,1,0,382,24,21,1,0,2,1780,1400,0,380
2018-08-31,OHIO SOUTHERN,OHIO,SIXTH CIRCUIT,1451,1035,2,0,414,28,25,1,0,2,1423,1010,1,412
2018-08-31,OKLAHOMA EASTERN,OKLAHOMA,TENTH CIRCUIT,141,127,0,0,14,3,2,0,0,1,138,125,0,13
2018-08-31,OKLAHOMA NORTHERN,OKLAHOMA,TENTH CIRCUIT,235,208,0,0,27,2,2,0,0,0,233,206,0,27
2018-08-31,OKLAHOMA WESTERN,OKLAHOMA,TENTH CIRCUIT,498,409,1,0,88,10,10,0,0,0,488,399,1,88
2018-08-31,OREGON,OREGON,NINTH CIRCUIT,734,574,0,0,160,18,14,0,0,4,716,560,0,156
2018-08-31,PENNSYLVANIA EASTERN,PENNSYLVANIA,THIRD CIRCUIT,749,384,5,0,360,33,22,5,0,6,716,362,0,354
2018-08-31,PENNSYLVANIA MIDDLE,PENNSYLVANIA,THIRD CIRCUIT,476,302,2,0,172,9,4,2,0,3,467,298,0,169
2018-08-31,PENNSYLVANIA WESTERN,PENNSYLVANIA,THIRD CIRCUIT,608,363,10,0,235,21,13,8,0,0,587,350,2,235
2018-08-31,PUERTO RICO,PUERTO RICO,FIRST CIRCUIT,707,296,5,4,402,15,1,3,0,7,692,295,2,395
2018-08-31,RHODE ISLAND,RHODE ISLAND,FIRST CIRCUIT,180,139,0,0,41,5,5,0,0,0,175,134,0,41
2018-08-31,SOUTH CAROLINA,SOUTH CAROLINA,FOURTH CIRCUIT,640,251,0,0,389,15,15,0,0,0,625,236,0,389
2018-08-31,SOUTH DAKOTA,SOUTH DAKOTA,EIGHTH CIRCUIT,124,110,0,2,12,6,3,0,0,1,118,107,0,11
2018-08-31,TENNESSEE EASTERN,TENNESSEE,SIXTH CIRCUIT,1159,616,2,0,541,10,9,1,0,0,1149,607,1,541
2018-08-31,TENNESSEE MIDDLE,TENNESSEE,SIXTH CIRCUIT,802,363,14,0,425,22,8,14,0,0,780,355,0,425
2018-08-31,TENNESSEE WESTERN,TENNESSEE,SIXTH CIRCUIT,1305,280,4,0,1021,11,5,4,0,2,1294,275,0,1019
2018-08-31,TEXAS EASTERN,TEXAS,FIFTH CIRCUIT,497,222,6,0,269,31,26,4,0,1,466,196,2,268
2018-08-31,TEXAS NORTHERN,TEXAS,FIFTH CIRCUIT,995,444,19,0,532,54,31,19,0,4,941,413,0,528
2018-08-31,TEXAS SOUTHERN,TEXAS,FIFTH CIRCUIT,948,341,16,0,591,43,24,15,0,4,905,317,1,587
2018-08-31,TEXAS WESTERN,TEXAS,FIFTH CIRCUIT,771,358,8,0,405,36,29,7,0,0,735,329,1,405
2018-08-31,UTAH,UTAH,TENTH CIRCUIT,945,535,0,2,408,16,10,0,0,4,929,525,0,404
2018-08-31,VERMONT,VERMONT,SECOND CIRCUIT,50,36,1,0,13,4,3,1,0,0,46,33,0,13
2018-08-31,VIRGIN ISLANDS,VIRGIN ISLANDS,THIRD CIRCUIT,0,0,0,0,0,0,0,0,0,0,0,0,0,0
2018-08-31,VIRGINIA EASTERN,VIRGINIA,FOURTH CIRCUIT,1442,807,7,0,628,18,12,4,0,2,1424,795,3,626
2018-08-31,VIRGINIA WESTERN,VIRGINIA,FOURTH CIRCUIT,481,300,2,1,178,7,4,2,0,0,474,296,0,178
2018-08-31,WASHINGTON EASTERN,WASHINGTON,NINTH CIRCUIT,310,253,2,0,55,6,4,2,0,0,304,249,0,55
2018-08-31,WASHINGTON WESTERN,WASHINGTON,NINTH CIRCUIT,853,592,5,0,256,18,14,3,0,1,835,578,2,255
2018-08-31,WEST VIRGINIA NORTHERN,WEST VIRGINIA,FOURTH CIRCUIT,115,96,1,0,18,3,2,1,0,0,112,94,0,18
2018-08-31,WEST VIRGINIA SOUTHERN,WEST VIRGINIA,FOURTH CIRCUIT,160,145,0,0,15,1,1,0,0,0,159,144,0,15
2018-08-31,WISCONSIN EASTERN,WISCONSIN,SEVENTH CIRCUIT,1046,667,0,2,377,10,7,0,0,1,1036,660,0,376
2018-08-31,WISCONSIN WESTERN,WISCONSIN,SEVENTH CIRCUIT,422,335,1,2,84,10,3,1,0,4,412,332,0,80
2018-08-31,WYOMING,WYOMING,TENTH CIRCUIT,101,90,2,0,9,3,1,2,0,0,98,89,0,9
2018-09-30,ALABAMA MIDDLE,ALABAMA,ELEVENTH CIRCUIT,626,132,1,0,493,2,1,1,0,0,624,131,0,493
2018-09-30,ALABAMA NORTHERN,ALABAMA,ELEVENTH CIRCUIT,1054,429,1,0,624,8,5,1,0,2,1046,424,0,622
2018-09-30,ALABAMA SOUTHERN,ALABAMA,ELEVENTH CIRCUIT,401,102,3,0,296,4,2,1,0,1,397,100,2,295
2018-09-30,ALASKA,ALASKA,NINTH CIRCUIT,43,32,0,0,11,1,1,0,0,0,42,31,0,11
2018-09-30,ARIZONA,ARIZONA,NINTH CIRCUIT,1273,1044,9,0,220,31,23,7,0,1,1242,1021,2,219
2018-09-30,ARKANSAS,ARKANSAS,EIGHTH CIRCUIT,777,353,3,2,419,16,9,2,0,3,761,344,1,416
2018-09-30,CALIFORNIA CENTRAL,CALIFORNIA,NINTH CIRCUIT,2855,2183,36,0,636,120,91,24,0,5,2735,2092,12,631
2018-09-30,CALIFORNIA EASTERN,CALIFORNIA,NINTH CIRCUIT,1147,864,4,1,277,33,24,3,0,4,1114,840,1,273
2018-09-30,CALIFORNIA NORTHERN,CALIFORNIA,NINTH CIRCUIT,664,386,11,1,266,31,19,6,0,5,633,367,5,261
2018-09-30,CALIFORNIA SOUTHERN,CALIFORNIA,NINTH CIRCUIT,620,512,0,0,108,26,19,0,0,7,594,493,0,101
2018-09-30,COLORADO,COLORADO,TENTH CIRCUIT,833,649,8,0,176,33,24,8,0,1,800,625,0,175
2018-09-30,CONNECTICUT,CONNECTICUT,SECOND CIRCUIT,462,360,0,0,102,8,7,0,0,1,454,353,0,101
2018-09-30,DELAWARE,DELAWARE,THIRD CIRCUIT,201,109,7,0,79,41,28,7,0,0,160,81,0,79
2018-09-30,DISTRICT OF COLUMBIA,DISTRICT OF COLUMBIA,DC CIRCUIT,59,39,1,0,19,0,0,0,0,0,59,39,1,19
2018-09-30,FLORIDA MIDDLE,FLORIDA,ELEVENTH CIRCUIT,1970,1417,20,1,532,67,43,17,0,6,1903,1374,3,526
2018-09-30,FLORIDA NORTHERN,FLORIDA,ELEVENTH CIRCUIT,192,150,0,0,42,6,6,0,0,0,186,144,0,42
2018-09-30,FLORIDA SOUTHERN,FLORIDA,ELEVENTH CIRCUIT,1364,744,17,0,603,43,29,12,0,2,1321,715,5,601
2018-09-30,GEORGIA MIDDLE,GEORGIA,ELEVENTH CIRCUIT,685,198,2,0,485,11,4,2,0,5,674,194,0,480
2018-09-30,GEORGIA NORTHERN,GEORGIA,ELEVENTH CIRCUIT,2421,1162,9,0,1250,30,23,7,0,0,2391,1139,2,1250
2018-09-30,GEORGIA SOUTHERN,GEORGIA,ELEVENTH CIRCUIT,554,112,0,0,442,7,6,0,0,1,547,106,0,441
2018-09-30,GUAM,GUAM,NINTH CIRCUIT,4,4,0,0,0,1,1,0,0,0,3,3,0,0
2018-09-30,HAWAII,HAWAII,NINTH CIRCUIT,147,110,0,0,37,4,3,0,0,1,143,107,0,36
2018-09-30,IDAHO,IDAHO,NINTH CIRCUIT,277,244,1,0,32,7,6,1,0,0,270,238,0,32
2018-09-30,ILLINOIS CENTRAL,ILLINOIS,SEVENTH CIRCUIT,378,303,1,0,74,9,8,1,0,0,369,295,0,74
2018-09-30,ILLINOIS NORTHERN,ILLINOIS,SEVENTH CIRCUIT,2947,1537,2,2,1406,46,34,1,0,9,2901,1503,1,1397
2018-09-30,ILLINOIS SOUTHERN,ILLINOIS,SEVENTH CIRCUIT,272,175,0,0,97,12,12,0,0,0,260,163,0,97
2018-09-30,INDIANA NORTHERN,INDIANA,SEVENTH CIRCUIT,734,511,2,0,221,11,6,2,0,3,723,505,0,218
2018-09-30,INDIANA SOUTHERN,INDIANA,SEVENTH CIRCUIT,1053,674,2,0,377,13,11,2,0,0,1040,663,0,377
2018-09-30,IOWA NORTHERN,IOWA,EIGHTH CIRCUIT,155,131,5,0,19,8,3,5,0,0,147,128,0,19
2018-09-30,IOWA SOUTHERN,IOWA,EIGHTH CIRCUIT,198,174,0,1,23,8,7,0,0,0,190,167,0,23
2018-09-30,KANSAS,KANSAS,TENTH CIRCUIT,516,266,1,5,244,12,5,1,0,1,504,261,0,243
2018-09-30,KENTUCKY EASTERN,KENTUCKY,SIXTH CIRCUIT,560,368,2,2,188,11,6,2,0,1,549,362,0,187
2018-09-30,KENTUCKY WESTERN,KENTUCKY,SIXTH CIRCUIT,558,333,1,0,224,12,9,1,0,2,546,324,0,222
2018-09-30,LOUISIANA EASTERN,LOUISIANA,FIFTH CIRCUIT,294,119,4,0,171,14,10,3,0,1,280,109,1,170
2018-09-30,LOUISIANA MIDDLE,LOUISIANA,FIFTH CIRCUIT,133,68,0,0,65,2,2,0,0,0,131,66,0,65
2018-09-30,LOUISIANA WESTERN,LOUISIANA,FIFTH CIRCUIT,708,140,2,0,566,12,10,2,0,0,696,130,0,566
2018-09-30,MAINE,MAINE,FIRST CIRCUIT,103,88,2,0,13,7,5,1,0,1,96,83,1,12
2018-09-30,MARYLAND,MARYLAND,FOURTH CIRCUIT,1367,889,18,0,460,45,23,17,0,5,1322,866,1,455
2018-09-30,MASSACHUSETTS,MASSACHUSETTS,FIRST CIRCUIT,591,361,6,0,224,20,13,5,0,2,571,348,1,222
2018-09-30,MICHIGAN EASTERN,MICHIGAN,SIXTH CIRCUIT,1646,1248,5,1,392,24,14,5,0,4,1622,1234,0,388
2018-09-30,MICHIGAN WESTERN,MICHIGAN,SIXTH CIRCUIT,414,310,1,1,102,12,10,1,0,0,402,300,0,102
2018-09-30,MINNESOTA,MINNESOTA,EIGHTH CIRCUIT,760,593,2,3,162,37,32,1,0,1,723,561,1,161
2018-09-30,MISSISSIPPI NORTHERN,MISSISSIPPI,FIFTH CIRCUIT,413,136,0,1,276,5,3,0,0,1,408,133,0,275
2018-09-30,MISSISSIPPI SOUTHERN,MISSISSIPPI,FIFTH CIRCUIT,570,281,1,0,288,6,5,1,0,0,564,276,0,288
2018-09-30,MISSOURI EASTERN,MISSOURI,EIGHTH CIRCUIT,754,487,1,0,266,16,13,1,0,2,738,474,0,264
2018-09-30,MISSOURI WESTERN,MISSOURI,EIGHTH CIRCUIT,566,335,5,0,226,11,6,4,0,1,555,329,1,225
2018-09-30,MONTANA,MONTANA,NINTH CIRCUIT,81,64,0,1,16,2,0,0,0,1,79,64,0,15
2018-09-30,NEBRASKA,NEBRASKA,EIGHTH CIRCUIT,298,202,1,1,94,9,5,1,0,2,289,197,0,92
2018-09-30,NEVADA,NEVADA,NINTH CIRCUIT,745,603,6,0,136,26,21,5,0,0,719,582,1,136
2018-09-30,NEW HAMPSHIRE,NEW HAMPSHIRE,FIRST CIRCUIT,136,106,1,0,29,5,4,1,0,0,131,102,0,29
2018-09-30,NEW JERSEY,NEW JERSEY,THIRD CIRCUIT,1901,1097,17,0,787,47,32,15,0,0,1854,1065,2,787
2018-09-30,NEW MEXICO,NEW MEXICO,TENTH CIRCUIT,262,240,1,0,21,10,9,1,0,0,252,231,0,21
2018-09-30,NEW YORK EASTERN,NEW YORK,SECOND CIRCUIT,1261,721,33,0,507,66,37,29,0,0,1195,684,4,507
2018-09-30,NEW YORK NORTHERN,NEW YORK,SECOND CIRCUIT,423,331,0,6,86,17,9,0,0,2,406,322,0,84
2018-09-30,NEW YORK SOUTHERN,NEW YORK,SECOND CIRCUIT,652,456,30,0,150,59,13,30,0,0,593,443,0,150
2018-09-30,NEW YORK WESTERN,NEW YORK,SECOND CIRCUIT,402,236,4,0,162,16,8,3,0,5,386,228,1,157
2018-09-30,NORTH CAROLINA EASTERN,NORTH CAROLINA,FOURTH CIRCUIT,431,120,4,1,306,8,1,3,0,3,423,119,1,303
2018-09-30,NORTH CAROLINA MIDDLE,NORTH CAROLINA,FOURTH CIRCUIT,275,111,8,0,156,13,5,8,0,0,262,106,0,156
2018-09-30,NORTH CAROLINA WESTERN,NORTH CAROLINA,FOURTH CIRCUIT,282,141,3,0,138,6,2,1,0,3,276,139,2,135
2018-09-30,NORTH DAKOTA,NORTH DAKOTA,EIGHTH CIRCUIT,60,53,0,0,7,2,2,0,0,0,58,51,0,7
2018-09-30,NORTHERN MARIANAS,NORTHERN MARIANA ISLANDS,NINTH CIRCUIT,0,0,0,0,0,0,0,0,0,0,0,0,0,0
2018-09-30,OHIO NORTHERN,OHIO,SIXTH CIRCUIT,1419,1114,3,0,302,17,13,3,0,1,1402,1101,0,301
2018-09-30,OHIO SOUTHERN,OHIO,SIXTH CIRCUIT,1267,836,1,1,429,20,17,1,0,1,1247,819,0,428
2018-09-30,OKLAHOMA EASTERN,OKLAHOMA,TENTH CIRCUIT,102,96,0,0,6,0,0,0,0,0,102,96,0,6
2018-09-30,OKLAHOMA NORTHERN,OKLAHOMA,TENTH CIRCUIT,188,164,1,0,23,7,4,1,0,2,181,160,0,21
2018-09-30,OKLAHOMA WESTERN,OKLAHOMA,TENTH CIRCUIT,402,312,1,0,89,9,7,0,0,2,393,305,1,87
2018-09-30,OREGON,OREGON,NINTH CIRCUIT,662,500,1,0,161,16,12,1,0,3,646,488,0,158
2018-09-30,PENNSYLVANIA EASTERN,PENNSYLVANIA,THIRD CIRCUIT,728,297,8,1,422,23,11,7,0,4,705,286,1,418
2018-09-30,PENNSYLVANIA MIDDLE,PENNSYLVANIA,THIRD CIRCUIT,473,253,4,0,216,18,10,4,0,4,455,243,0,212
2018-09-30,PENNSYLVANIA WESTERN,PENNSYLVANIA,THIRD CIRCUIT,595,340,3,1,251,15,8,3,0,3,580,332,0,248
2018-09-30,PUERTO RICO,PUERTO RICO,FIRST CIRCUIT,671,272,13,1,385,19,5,9,0,4,652,267,4,381
2018-09-30,RHODE ISLAND,RHODE ISLAND,FIRST CIRCUIT,154,114,0,0,40,0,0,0,0,0,154,114,0,40
2018-09-30,SOUTH CAROLINA,SOUTH CAROLINA,FOURTH CIRCUIT,491,188,3,1,299,10,6,3,0,0,481,182,0,299
2018-09-30,SOUTH DAKOTA,SOUTH DAKOTA,EIGHTH CIRCUIT,66,54,0,0,12,3,2,0,0,1,63,52,0,11
2018-09-30,TENNESSEE EASTERN,TENNESSEE,SIXTH CIRCUIT,959,524,4,0,431,12,8,3,0,1,947,516,1,430
2018-09-30,TENNESSEE MIDDLE,TENNESSEE,SIXTH CIRCUIT,711,330,9,1,371,12,5,5,0,1,699,325,4,370
2018-09-30,TENNESSEE WESTERN,TENNESSEE,SIXTH CIRCUIT,1086,246,3,0,837,10,4,3,0,3,1076,242,0,834
2018-09-30,TEXAS EASTERN,TEXAS,FIFTH CIRCUIT,386,162,5,0,219,33,28,5,0,0,353,134,0,219
2018-09-30,TEXAS NORTHERN,TEXAS,FIFTH CIRCUIT,882,415,17,0,450,61,39,17,0,5,821,376,0,445
2018-09-30,TEXAS SOUTHERN,TEXAS,FIFTH CIRCUIT,694,284,12,0,398,55,41,12,0,2,639,243,0,396
2018-09-30,TEXAS WESTERN,TEXAS,FIFTH CIRCUIT,609,336,6,1,266,41,33,5,0,2,568,303,1,264
2018-09-30,UTAH,UTAH,TENTH CIRCUIT,754,447,2,0,305,14,9,2,0,3,740,438,0,302
2018-09-30,VERMONT,VERMONT,SECOND CIRCUIT,49,43,0,0,6,4,4,0,0,0,45,39,0,6
2018-09-30,VIRGIN ISLANDS,VIRGIN ISLANDS,THIRD CIRCUIT,0,0,0,0,0,0,0,0,0,0,0,0,0,0
2018-09-30,VIRGINIA EASTERN,VIRGINIA,FOURTH CIRCUIT,1161,616,3,0,542,18,16,1,0,1,1143,600,2,541
2018-09-30,VIRGINIA WESTERN,VIRGINIA,FOURTH CIRCUIT,428,247,1,0,180,8,6,1,0,1,420,241,0,179
2018-09-30,WASHINGTON EASTERN,WASHINGTON,NINTH CIRCUIT,256,198,0,0,58,6,6,0,0,0,250,192,0,58
2018-09-30,WASHINGTON WESTERN,WASHINGTON,NINTH CIRCUIT,684,458,12,0,214,25,10,11,0,4,659,448,1,210
2018-09-30,WEST VIRGINIA NORTHERN,WEST VIRGINIA,FOURTH CIRCUIT,80,67,0,0,13,3,2,0,0,1,77,65,0,12
2018-09-30,WEST VIRGINIA SOUTHERN,WEST VIRGINIA,FOURTH CIRCUIT,137,127,1,0,9,3,2,1,0,0,134,125,0,9
2018-09-30,WISCONSIN EASTERN,WISCONSIN,SEVENTH CIRCUIT,880,571,0,0,309,10,10,0,0,0,870,561,0,309
2018-09-30,WISCONSIN WESTERN,WISCONSIN,SEVENTH CIRCUIT,279,220,1,2,56,11,7,1,0,1,268,213,0,55
2018-09-30,WYOMING,WYOMING,TENTH CIRCUIT,77,68,1,0,8,6,5,1,0,0,71,63,0,8
2018-10-31,ALABAMA MIDDLE,ALABAMA,ELEVENTH CIRCUIT,767,154,1,0,612,3,3,0,0,0,764,151,1,612
2018-10-31,ALABAMA NORTHERN,ALABAMA,ELEVENTH CIRCUIT,1234,491,18,1,724,27,7,18,0,1,1207,484,0,723
2018-10-31,ALABAMA SOUTHERN,ALABAMA,ELEVENTH CIRCUIT,489,120,3,0,366,6,3,2,0,1,483,117,1,365
2018-10-31,ALASKA,ALASKA,NINTH CIRCUIT,53,44,0,0,9,8,7,0,0,1,45,37,0,8
2018-10-31,ARIZONA,ARIZONA,NINTH CIRCUIT,1507,1206,21,0,280,44,23,18,0,3,1463,1183,3,277
2018-10-31,ARKANSAS,ARKANSAS,EIGHTH CIRCUIT,999,454,5,1,539,13,7,5,0,0,986,447,0,539
2018-10-31,CALIFORNIA CENTRAL,CALIFORNIA,NINTH CIRCUIT,3357,2562,28,0,767,138,117,11,0,10,3219,2445,17,757
2018-10-31,CALIFORNIA EASTERN,CALIFORNIA,NINTH CIRCUIT,1295,995,6,2,292,40,29,6,0,3,1255,966,0,289
2018-10-31,CALIFORNIA NORTHERN,CALIFORNIA,NINTH CIRCUIT,760,398,14,0,348,37,20,10,0,7,723,378,4,341
2018-10-31,CALIFORNIA SOUTHERN,CALIFORNIA,NINTH CIRCUIT,692,572,5,0,115,26,19,3,0,4,666,553,2,111
2018-10-31,COLORADO,COLORADO,TENTH CIRCUIT,1013,778,10,0,225,33,21,10,0,2,980,757,0,223
2018-10-31,CONNECTICUT,CONNECTICUT,SECOND CIRCUIT,546,431,6,0,109,20,12,5,0,3,526,419,1,106
2018-10-31,DELAWARE,DELAWARE,THIRD CIRCUIT,280,122,77,0,80,87,8,77,0,1,193,114,0,79
2018-10-31,DISTRICT OF COLUMBIA,DISTRICT OF COLUMBIA,DC CIRCUIT,65,48,2,0,15,5,4,1,0,0,60,44,1,15
2018-10-31,FLORIDA MIDDLE,FLORIDA,ELEVENTH CIRCUIT,2304,1668,31,0,605,91,62,22,0,7,2213,1606,9,598
2018-10-31,FLORIDA NORTHERN,FLORIDA,ELEVENTH CIRCUIT,225,167,2,0,56,7,5,2,0,0,218,162,0,56
2018-10-31,FLORIDA SOUTHERN,FLORIDA,ELEVENTH CIRCUIT,1545,846,19,0,680,46,24,15,0,7,1499,822,4,673
2018-10-31,GEORGIA MIDDLE,GEORGIA,ELEVENTH CIRCUIT,706,206,5,2,493,16,5,5,0,4,690,201,0,489
2018-10-31,GEORGIA NORTHERN,GEORGIA,ELEVENTH CIRCUIT,2597,1310,15,0,1272,38,22,13,0,3,2559,1288,2,1269
2018-10-31,GEORGIA SOUTHERN,GEORGIA,ELEVENTH CIRCUIT,611,123,1,0,487,6,5,1,0,0,605,118,0,487
2018-10-31,GUAM,GUAM,NINTH CIRCUIT,17,13,0,0,4,0,0,0,0,0,17,13,0,4
2018-10-31,HAWAII,HAWAII,NINTH CIRCUIT,143,97,0,0,46,5,4,0,0,1,138,93,0,45
2018-10-31,IDAHO,IDAHO,NINTH CIRCUIT,352,308,4,3,37,17,11,3,0,0,335,297,1,37
2018-10-31,ILLINOIS CENTRAL,ILLINOIS,SEVENTH CIRCUIT,494,383,3,0,108,14,10,3,0,1,480,373,0,107
2018-10-31,ILLINOIS NORTHERN,ILLINOIS,SEVENTH CIRCUIT,3603,1913,20,0,1670,71,49,18,0,4,3532,1864,2,1666
2018-10-31,ILLINOIS SOUTHERN,ILLINOIS,SEVENTH CIRCUIT,303,185,1,1,116,15,11,1,0,2,288,174,0,114
2018-10-31,INDIANA NORTHERN,INDIANA,SEVENTH CIRCUIT,855,544,0,0,311,9,6,0,0,3,846,538,0,308
2018-10-31,INDIANA SOUTHERN,INDIANA,SEVENTH CIRCUIT,1279,750,12,0,517,18,5,12,0,1,1261,745,0,516
2018-10-31,IOWA NORTHERN,IOWA,EIGHTH CIRCUIT,170,150,0,0,20,6,6,0,0,0,164,144,0,20
2018-10-31,IOWA SOUTHERN,IOWA,EIGHTH CIRCUIT,240,211,0,0,29,5,5,0,0,0,235,206,0,29
2018-10-31,KANSAS,KANSAS,TENTH CIRCUIT,653,337,3,4,309,22,11,3,0,4,631,326,0,305
2018-10-31,KENTUCKY EASTERN,KENTUCKY,SIXTH CIRCUIT,618,421,3,0,194,14,8,3,0,3,604,413,0,191
2018-10-31,KENTUCKY WESTERN,KENTUCKY,SIXTH CIRCUIT,626,351,2,1,272,10,7,1,0,1,616,344,1,271
2018-10-31,LOUISIANA EASTERN,LOUISIANA,FIFTH CIRCUIT,323,124,1,0,198,12,9,1,0,2,311,115,0,196
2018-10-31,LOUISIANA MIDDLE,LOUISIANA,FIFTH CIRCUIT,139,70,0,0,69,4,4,0,0,0,135,66,0,69
2018-10-31,LOUISIANA WESTERN,LOUISIANA,FIFTH CIRCUIT,742,132,4,1,605,10,6,3,0,0,732,126,1,605
2018-10-31,MAINE,MAINE,FIRST CIRCUIT,131,113,2,0,16,12,9,2,0,1,119,104,0,15
2018-10-31,MARYLAND,MARYLAND,FOURTH CIRCUIT,1483,920,8,1,554,25,16,6,0,2,1458,904,2,552
2018-10-31,MASSACHUSETTS,MASSACHUSETTS,FIRST CIRCUIT,775,477,3,2,293,25,19,2,0,2,750,458,1,291
2018-10-31,MICHIGAN EASTERN,MICHIGAN,SIXTH CIRCUIT,2078,1529,4,0,545,20,13,3,0,4,2058,1516,1,541
2018-10-31,MICHIGAN WESTERN,MICHIGAN,SIXTH CIRCUIT,486,378,0,0,108,10,9,0,0,1,476,369,0,107
2018-10-31,MINNESOTA,MINNESOTA,EIGHTH CIRCUIT,878,701,2,3,172,26,20,2,0,1,852,681,0,171
2018-10-31,MISSISSIPPI NORTHERN,MISSISSIPPI,FIFTH CIRCUIT,540,210,1,0,329,7,6,1,0,0,533,204,0,329
2018-10-31,MISSISSIPPI SOUTHERN,MISSISSIPPI,FIFTH CIRCUIT,697,349,2,0,346,13,9,2,0,2,684,340,0,344
2018-10-31,MISSOURI EASTERN,MISSOURI,EIGHTH CIRCUIT,867,554,0,1,312,9,8,0,0,0,858,546,0,312
2018-10-31,MISSOURI WESTERN,MISSOURI,EIGHTH CIRCUIT,623,401,0,0,222,9,8,0,0,1,614,393,0,221
2018-10-31,MONTANA,MONTANA,NINTH CIRCUIT,116,96,0,0,20,4,4,0,0,0,112,92,0,20
2018-10-31,NEBRASKA,NEBRASKA,EIGHTH CIRCUIT,348,238,1,2,107,4,1,1,0,0,344,237,0,107
2018-10-31,NEVADA,NEVADA,NINTH CIRCUIT,841,648,19,0,174,43,28,15,0,0,798,620,4,174
2018-10-31,NEW HAMPSHIRE,NEW HAMPSHIRE,FIRST CIRCUIT,150,107,0,0,43,6,5,0,0,1,144,102,0,42
2018-10-31,NEW JERSEY,NEW JERSEY,THIRD CIRCUIT,2395,1474,22,0,899,58,36,19,0,3,2337,1438,3,896
2018-10-31,NEW MEXICO,NEW MEXICO,TENTH CIRCUIT,284,248,1,0,35,7,5,1,0,1,277,243,0,34
2018-10-31,NEW YORK EASTERN,NEW YORK,SECOND CIRCUIT,1551,910,35,0,605,79,53,25,0,0,1472,857,10,605
2018-10-31,NEW YORK NORTHERN,NEW YORK,SECOND CIRCUIT,547,420,1,1,125,13,7,1,0,4,534,413,0,121
2018-10-31,NEW YORK SOUTHERN,NEW YORK,SECOND CIRCUIT,759,515,79,0,162,98,17,76,0,2,661,498,3,160
2018-10-31,NEW YORK WESTERN,NEW YORK,SECOND CIRCUIT,443,278,6,0,159,20,6,6,0,8,423,272,0,151
2018-10-31,NORTH CAROLINA EASTERN,NORTH CAROLINA,FOURTH CIRCUIT,530,192,4,1,332,22,16,3,0,1,508,176,1,331
2018-10-31,NORTH CAROLINA MIDDLE,NORTH CAROLINA,FOURTH CIRCUIT,346,130,1,0,215,9,8,1,0,0,337,122,0,215
2018-10-31,NORTH CAROLINA WESTERN,NORTH CAROLINA,FOURTH CIRCUIT,339,154,4,0,181,9,3,4,0,2,330,151,0,179
2018-10-31,NORTH DAKOTA,NORTH DAKOTA,EIGHTH CIRCUIT,63,53,0,1,9,5,3,0,0,1,58,50,0,8
2018-10-31,NORTHERN MARIANAS,NORTHERN MARIANA ISLANDS,NINTH CIRCUIT,0,0,0,0,0,0,0,0,0,0,0,0,0,0
2018-10-31,OHIO NORTHERN,OHIO,SIXTH CIRCUIT,1859,1496,6,1,356,25,18,6,0,0,1834,1478,0,356
2018-10-31,OHIO SOUTHERN,OHIO,SIXTH CIRCUIT,1449,959,0,0,490,23,19,0,0,4,1426,940,0,486
2018-10-31,OKLAHOMA EASTERN,OKLAHOMA,TENTH CIRCUIT,148,128,0,1,19,5,4,0,0,0,143,124,0,19
2018-10-31,OKLAHOMA NORTHERN,OKLAHOMA,TENTH CIRCUIT,247,206,0,0,41,3,3,0,0,0,244,203,0,41
2018-10-31,OKLAHOMA WESTERN,OKLAHOMA,TENTH CIRCUIT,473,362,2,1,108,20,17,2,0,0,453,345,0,108
2018-10-31,OREGON,OREGON,NINTH CIRCUIT,764,562,5,0,197,15,10,4,0,1,749,552,1,196
2018-10-31,PENNSYLVANIA EASTERN,PENNSYLVANIA,THIRD CIRCUIT,711,360,7,0,344,33,22,7,0,4,678,338,0,340
2018-10-31,PENNSYLVANIA MIDDLE,PENNSYLVANIA,THIRD CIRCUIT,492,281,7,0,204,12,3,7,0,2,480,278,0,202
2018-10-31,PENNSYLVANIA WESTERN,PENNSYLVANIA,THIRD CIRCUIT,608,397,4,0,207,24,15,4,0,5,584,382,0,202
2018-10-31,PUERTO RICO,PUERTO RICO,FIRST CIRCUIT,699,276,12,2,409,18,6,6,0,4,681,270,6,405
2018-10-31,RHODE ISLAND,RHODE ISLAND,FIRST CIRCUIT,160,129,0,0,31,9,9,0,0,0,151,120,0,31
2018-10-31,SOUTH CAROLINA,SOUTH CAROLINA,FOURTH CIRCUIT,573,218,5,0,350,11,6,5,0,0,562,212,0,350
2018-10-31,SOUTH DAKOTA,SOUTH DAKOTA,EIGHTH CIRCUIT,108,87,0,2,19,9,4,0,0,3,99,83,0,16
2018-10-31,TENNESSEE EASTERN,TENNESSEE,SIXTH CIRCUIT,1066,578,3,0,485,16,12,3,0,1,1050,566,0,484
2018-10-31,TENNESSEE MIDDLE,TENNESSEE,SIXTH CIRCUIT,794,358,9,0,427,23,14,8,0,1,771,344,1,426
2018-10-31,TENNESSEE WESTERN,TENNESSEE,SIXTH CIRCUIT,1217,256,1,1,959,2,1,0,0,0,1215,255,1,959
2018-10-31,TEXAS EASTERN,TEXAS,FIFTH CIRCUIT,442,206,5,1,230,19,12,5,0,1,423,194,0,229
2018-10-31,TEXAS NORTHERN,TEXAS,FIFTH CIRCUIT,962,445,12,0,505,54,38,12,0,4,908,407,0,501
2018-10-31,TEXAS SOUTHERN,TEXAS,FIFTH CIRCUIT,808,354,49,0,405,88,35,48,0,5,720,319,1,400
2018-10-31,TEXAS WESTERN,TEXAS,FIFTH CIRCUIT,704,407,7,1,289,41,31,7,0,2,663,376,0,287
2018-10-31,UTAH,UTAH,TENTH CIRCUIT,917,521,8,0,388,17,9,7,0,1,900,512,1,387
2018-10-31,VERMONT,VERMONT,SECOND CIRCUIT,46,42,0,0,4,3,3,0,0,0,43,39,0,4
2018-10-31,VIRGIN ISLANDS,VIRGIN ISLANDS,THIRD CIRCUIT,0,0,0,0,0,0,0,0,0,0,0,0,0,0
2018-10-31,VIRGINIA EASTERN,VIRGINIA,FOURTH CIRCUIT,1579,857,12,0,710,35,23,9,0,3,1544,834,3,707
2018-10-31,VIRGINIA WESTERN,VIRGINIA,FOURTH CIRCUIT,534,323,2,0,209,13,11,2,0,0,521,312,0,209
2018-10-31,WASHINGTON EASTERN,WASHINGTON,NINTH CIRCUIT,328,244,1,0,83,6,6,0,0,0,322,238,1,83
2018-10-31,WASHINGTON WESTERN,WASHINGTON,NINTH CIRCUIT,887,618,3,0,266,23,19,3,0,1,864,599,0,265
2018-10-31,WEST VIRGINIA NORTHERN,WEST VIRGINIA,FOURTH CIRCUIT,92,77,0,1,14,3,2,0,0,0,89,75,0,14
2018-10-31,WEST VIRGINIA SOUTHERN,WEST VIRGINIA,FOURTH CIRCUIT,144,124,1,0,19,5,4,1,0,0,139,120,0,19
2018-10-31,WISCONSIN EASTERN,WISCONSIN,SEVENTH CIRCUIT,1021,645,1,2,373,18,14,1,0,1,1003,631,0,372
2018-10-31,WISCONSIN WESTERN,WISCONSIN,SEVENTH CIRCUIT,366,283,0,5,78,16,7,0,0,4,350,276,0,74
2018-10-31,WYOMING,WYOMING,TENTH CIRCUIT,68,58,2,0,8,6,4,2,0,0,62,54,0,8
2018-11-30,ALABAMA MIDDLE,ALABAMA,ELEVENTH CIRCUIT,630,149,1,0,480,4,3,1,0,0,626,146,0,480
2018-11-30,ALABAMA NORTHERN,ALABAMA,ELEVENTH CIRCUIT,1140,488,2,0,650,5,3,2,0,0,1135,485,0,650
2018-11-30,ALABAMA SOUTHERN,ALABAMA,ELEVENTH CIRCUIT,410,113,0,0,297,0,0,0,0,0,410,113,0,297
2018-11-30,ALASKA,ALASKA,NINTH CIRCUIT,29,22,0,0,7,1,1,0,0,0,28,21,0,7
2018-11-30,ARIZONA,ARIZONA,NINTH CIRCUIT,1253,993,14,0,246,37,29,8,0,0,1216,964,6,246
2018-11-30,ARKANSAS,ARKANSAS,EIGHTH CIRCUIT,814,367,2,0,445,17,11,2,0,4,797,356,0,441
2018-11-30,CALIFORNIA CENTRAL,CALIFORNIA,NINTH CIRCUIT,2897,2200,28,0,669,116,83,22,0,11,2781,2117,6,658
2018-11-30,CALIFORNIA EASTERN,CALIFORNIA,NINTH CIRCUIT,1105,834,6,0,265,35,22,5,0,8,1070,812,1,257
2018-11-30,CALIFORNIA NORTHERN,CALIFORNIA,NINTH CIRCUIT,645,365,12,0,268,29,18,5,0,6,616,347,7,262
2018-11-30,CALIFORNIA SOUTHERN,CALIFORNIA,NINTH CIRCUIT,580,462,2,0,116,19,11,2,0,6,561,451,0,110
2018-11-30,COLORADO,COLORADO,TENTH CIRCUIT,885,703,4,0,178,27,23,4,0,0,858,680,0,178
2018-11-30,CONNECTICUT,CONNECTICUT,SECOND CIRCUIT,491,394,1,1,95,21,15,1,0,4,470,379,0,91
2018-11-30,DELAWARE,DELAWARE,THIRD CIRCUIT,285,107,104,0,73,108,3,104,0,0,177,104,0,73
2018-11-30,DISTRICT OF COLUMBIA,DISTRICT OF COLUMBIA,DC CIRCUIT,56,39,1,0,16,4,2,1,0,1,52,37,0,15
2018-11-30,FLORIDA MIDDLE,FLORIDA,ELEVENTH CIRCUIT,1937,1372,24,0,541,77,56,18,0,3,1860,1316,6,538
2018-11-30,FLORIDA NORTHERN,FLORIDA,ELEVENTH CIRCUIT,193,142,4,0,47,8,4,4,0,0,185,138,0,47
2018-11-30,FLORIDA SOUTHERN,FLORIDA,ELEVENTH CIRCUIT,1471,788,21,0,647,69,31,19,0,4,1402,757,2,643
2018-11-30,GEORGIA MIDDLE,GEORGIA,ELEVENTH CIRCUIT,749,249,2,2,496,16,10,2,0,2,733,239,0,494
2018-11-30,GEORGIA NORTHERN,GEORGIA,ELEVENTH CIRCUIT,2560,1234,15,0,1311,45,30,14,0,1,2515,1204,1,1310
2018-11-30,GEORGIA SOUTHERN,GEORGIA,ELEVENTH CIRCUIT,512,98,2,0,412,7,5,2,0,0,505,93,0,412
2018-11-30,GUAM,GUAM,NINTH CIRCUIT,12,9,0,0,3,0,0,0,0,0,12,9,0,3
2018-11-30,HAWAII,HAWAII,NINTH CIRCUIT,126,88,2,0,36,7,5,2,0,0,119,83,0,36
2018-11-30,IDAHO,IDAHO,NINTH CIRCUIT,299,267,1,0,31,5,5,0,0,0,294,262,1,31
2018-11-30,ILLINOIS CENTRAL,ILLINOIS,SEVENTH CIRCUIT,389,304,2,0,83,12,9,2,0,1,377,295,0,82
2018-11-30,ILLINOIS NORTHERN,ILLINOIS,SEVENTH CIRCUIT,2930,1617,11,0,1302,49,37,10,0,2,2881,1580,1,1300
2018-11-30,ILLINOIS SOUTHERN,ILLINOIS,SEVENTH CIRCUIT,271,169,0,0,102,1,0,0,0,1,270,169,0,101
2018-11-30,INDIANA NORTHERN,INDIANA,SEVENTH CIRCUIT,657,428,3,0,226,5,3,2,0,0,652,425,1,226
2018-11-30,INDIANA SOUTHERN,INDIANA,SEVENTH CIRCUIT,1016,613,2,0,401,12,10,1,0,1,1004,603,1,400
2018-11-30,IOWA NORTHERN,IOWA,EIGHTH CIRCUIT,130,116,0,2,12,3,1,0,0,0,127,115,0,12
2018-11-30,IOWA SOUTHERN,IOWA,EIGHTH CIRCUIT,224,193,3,0,28,11,7,3,0,1,213,186,0,27
2018-11-30,KANSAS,KANSAS,TENTH CIRCUIT,521,257,4,2,258,20,13,4,0,1,501,244,0,257
2018-11-30,KENTUCKY EASTERN,KENTUCKY,SIXTH CIRCUIT,567,361,0,0,206,13,11,0,0,2,554,350,0,204
2018-11-30,KENTUCKY WESTERN,KENTUCKY,SIXTH CIRCUIT,619,366,6,0,247,17,10,6,0,1,602,356,0,246
2018-11-30,LOUISIANA EASTERN,LOUISIANA,FIFTH CIRCUIT,266,118,3,0,145,9,6,3,0,0,257,112,0,145
2018-11-30,LOUISIANA MIDDLE,LOUISIANA,FIFTH CIRCUIT,132,59,1,0,72,2,1,1,0,0,130,58,0,72
2018-11-30,LOUISIANA WESTERN,LOUISIANA,FIFTH CIRCUIT,614,121,9,0,484,21,11,9,0,1,593,110,0,483
2018-11-30,MAINE,MAINE,FIRST CIRCUIT,109,91,0,0,18,5,5,0,0,0,104,86,0,18
2018-11-30,MARYLAND,MARYLAND,FOURTH CIRCUIT,1366,876,6,1,483,28,19,6,0,2,1338,857,0,481
2018-11-30,MASSACHUSETTS,MASSACHUSETTS,FIRST CIRCUIT,645,354,9,0,282,26,14,7,0,5,619,340,2,277
2018-11-30,MICHIGAN EASTERN,MICHIGAN,SIXTH CIRCUIT,1844,1389,12,3,440,34,18,12,0,1,1810,1371,0,439
2018-11-30,MICHIGAN WESTERN,MICHIGAN,SIXTH CIRCUIT,409,308,0,0,101,12,9,0,0,3,397,299,0,98
2018-11-30,MINNESOTA,MINNESOTA,EIGHTH CIRCUIT,750,602,5,3,140,27,19,4,0,1,723,583,1,139
2018-11-30,MISSISSIPPI NORTHERN,MISSISSIPPI,FIFTH CIRCUIT,404,150,0,0,254,8,7,0,0,1,396,143,0,253
2018-11-30,MISSISSIPPI SOUTHERN,MISSISSIPPI,FIFTH CIRCUIT,582,289,1,0,292,10,7,1,0,2,572,282,0,290
2018-11-30,MISSOURI EASTERN,MISSOURI,EIGHTH CIRCUIT,734,433,0,0,301,6,6,0,0,0,728,427,0,301
2018-11-30,MISSOURI WESTERN,MISSOURI,EIGHTH CIRCUIT,547,362,2,1,182,8,4,2,0,1,539,358,0,181
2018-11-30,MONTANA,MONTANA,NINTH CIRCUIT,101,87,0,1,13,3,1,0,0,1,98,86,0,12
2018-11-30,NEBRASKA,NEBRASKA,EIGHTH CIRCUIT,326,223,0,1,102,9,7,0,0,1,317,216,0,101
2018-11-30,NEVADA,NEVADA,NINTH CIRCUIT,717,558,12,0,147,23,14,9,0,0,694,544,3,147
2018-11-30,NEW HAMPSHIRE,NEW HAMPSHIRE,FIRST CIRCUIT,143,101,1,0,41,6,4,1,0,1,137,97,0,40
2018-11-30,NEW JERSEY,NEW JERSEY,THIRD CIRCUIT,1984,1199,11,0,774,48,34,7,0,7,1936,1165,4,767
2018-11-30,NEW MEXICO,NEW MEXICO,TENTH CIRCUIT,261,225,3,0,33,11,8,3,0,0,250,217,0,33
2018-11-30,NEW YORK EASTERN,NEW YORK,SECOND CIRCUIT,1258,758,23,0,477,52,32,20,0,0,1206,726,3,477
2018-11-30,NEW YORK NORTHERN,NEW YORK,SECOND CIRCUIT,433,336,1,0,96,6,4,0,0,2,427,332,1,94
2018-11-30,NEW YORK SOUTHERN,NEW YORK,SECOND CIRCUIT,884,478,249,0,156,265,16,246,0,2,619,462,3,154
2018-11-30,NEW YORK WESTERN,NEW YORK,SECOND CIRCUIT,302,216,4,0,82,10,5,3,0,2,292,211,1,80
2018-11-30,NORTH CAROLINA EASTERN,NORTH CAROLINA,FOURTH CIRCUIT,469,163,5,3,298,24,12,5,0,4,445,151,0,294
2018-11-30,NORTH CAROLINA MIDDLE,NORTH CAROLINA,FOURTH CIRCUIT,267,93,5,1,168,14,6,5,0,2,253,87,0,166
2018-11-30,NORTH CAROLINA WESTERN,NORTH CAROLINA,FOURTH CIRCUIT,306,154,1,1,150,7,3,1,0,2,299,151,0,148
2018-11-30,NORTH DAKOTA,NORTH DAKOTA,EIGHTH CIRCUIT,51,47,0,1,3,4,3,0,0,0,47,44,0,3
2018-11-30,NORTHERN MARIANAS,NORTHERN MARIANA ISLANDS,NINTH CIRCUIT,0,0,0,0,0,0,0,0,0,0,0,0,0,0
2018-11-30,OHIO NORTHERN,OHIO,SIXTH CIRCUIT,1572,1231,4,0,337,22,15,4,0,3,1550,1216,0,334
2018-11-30,OHIO SOUTHERN,OHIO,SIXTH CIRCUIT,1340,894,1,1,444,23,19,1,0,2,1317,875,0,442
2018-11-30,OKLAHOMA EASTERN,OKLAHOMA,TENTH CIRCUIT,93,86,1,0,6,1,0,1,0,0,92,86,0,6
2018-11-30,OKLAHOMA NORTHERN,OKLAHOMA,TENTH CIRCUIT,166,146,1,0,19,9,8,1,0,0,157,138,0,19
2018-11-30,OKLAHOMA WESTERN,OKLAHOMA,TENTH CIRCUIT,394,280,1,1,112,7,5,0,0,1,387,275,1,111
2018-11-30,OREGON,OREGON,NINTH CIRCUIT,684,531,0,0,153,9,6,0,0,3,675,525,0,150
2018-11-30,PENNSYLVANIA EASTERN,PENNSYLVANIA,THIRD CIRCUIT,726,332,2,0,392,21,12,1,0,8,705,320,1,384
2018-11-30,PENNSYLVANIA MIDDLE,PENNSYLVANIA,THIRD CIRCUIT,432,281,1,0,150,11,8,1,0,2,421,273,0,148
2018-11-30,PENNSYLVANIA WESTERN,PENNSYLVANIA,THIRD CIRCUIT,572,329,5,1,236,21,10,5,0,4,551,319,0,232
2018-11-30,PUERTO RICO,PUERTO RICO,FIRST CIRCUIT,608,255,16,2,335,23,4,13,0,4,585,251,3,331
2018-11-30,RHODE ISLAND,RHODE ISLAND,FIRST CIRCUIT,159,132,0,0,27,8,7,0,0,1,151,125,0,26
2018-11-30,SOUTH CAROLINA,SOUTH CAROLINA,FOURTH CIRCUIT,538,190,4,0,344,11,7,4,0,0,527,183,0,344
2018-11-30,SOUTH DAKOTA,SOUTH DAKOTA,EIGHTH CIRCUIT,63,56,0,1,6,4,3,0,0,0,59,53,0,6
2018-11-30,TENNESSEE EASTERN,TENNESSEE,SIXTH CIRCUIT,904,462,1,0,441,9,5,1,0,3,895,457,0,438
2018-11-30,TENNESSEE MIDDLE,TENNESSEE,SIXTH CIRCUIT,653,269,7,0,377,11,5,6,0,0,642,264,1,377
2018-11-30,TENNESSEE WESTERN,TENNESSEE,SIXTH CIRCUIT,1009,218,2,0,789,5,2,2,0,1,1004,216,0,788
2018-11-30,TEXAS EASTERN,TEXAS,FIFTH CIRCUIT,413,193,2,0,218,21,17,2,0,2,392,176,0,216
2018-11-30,TEXAS NORTHERN,TEXAS,FIFTH CIRCUIT,920,391,29,0,500,69,37,28,0,4,851,354,1,496
2018-11-30,TEXAS SOUTHERN,TEXAS,FIFTH CIRCUIT,815,293,23,0,499,53,29,18,0,6,762,264,5,493
2018-11-30,TEXAS WESTERN,TEXAS,FIFTH CIRCUIT,667,336,13,0,318,51,34,13,0,4,616,302,0,314
2018-11-30,UTAH,UTAH,TENTH CIRCUIT,816,430,2,0,384,12,9,2,0,1,804,421,0,383
2018-11-30,VERMONT,VERMONT,SECOND CIRCUIT,53,41,0,0,12,3,3,0,0,0,50,38,0,12
2018-11-30,VIRGIN ISLANDS,VIRGIN ISLANDS,THIRD CIRCUIT,0,0,0,0,0,0,0,0,0,0,0,0,0,0
2018-11-30,VIRGINIA EASTERN,VIRGINIA,FOURTH CIRCUIT,1399,720,6,1,672,33,26,3,0,3,1366,694,3,669
2018-11-30,VIRGINIA WESTERN,VIRGINIA,FOURTH CIRCUIT,432,252,1,0,179,5,4,1,0,0,427,248,0,179
2018-11-30,WASHINGTON EASTERN,WASHINGTON,NINTH CIRCUIT,275,198,1,1,75,5,3,1,0,0,270,195,0,75
2018-11-30,WASHINGTON WESTERN,WASHINGTON,NINTH CIRCUIT,713,495,8,0,210,26,17,6,0,3,687,478,2,207
2018-11-30,WEST VIRGINIA NORTHERN,WEST VIRGINIA,FOURTH CIRCUIT,84,64,1,0,19,3,2,1,0,0,81,62,0,19
2018-11-30,WEST VIRGINIA SOUTHERN,WEST VIRGINIA,FOURTH CIRCUIT,138,118,1,0,19,3,2,1,0,0,135,116,0,19
2018-11-30,WISCONSIN EASTERN,WISCONSIN,SEVENTH CIRCUIT,828,537,0,0,291,11,9,0,0,2,817,528,0,289
2018-11-30,WISCONSIN WESTERN,WISCONSIN,SEVENTH CIRCUIT,322,260,2,1,59,11,5,2,0,3,311,255,0,56
2018-11-30,WYOMING,WYOMING,TENTH CIRCUIT,74,66,0,0,8,1,1,0,0,0,73,65,0,8
2018-12-31,ALABAMA MIDDLE,ALABAMA,ELEVENTH CIRCUIT,502,84,0,0,418,2,2,0,0,0,500,82,0,418
2018-12-31,ALABAMA NORTHERN,ALABAMA,ELEVENTH CIRCUIT,943,411,0,1,531,16,15,0,0,0,927,396,0,531
2018-12-31,ALABAMA SOUTHERN,ALABAMA,ELEVENTH CIRCUIT,390,110,0,0,280,4,4,0,0,0,386,106,0,280
2018-12-31,ALASKA,ALASKA,NINTH CIRCUIT,32,24,0,0,8,1,1,0,0,0,31,23,0,8
2018-12-31,ARIZONA,ARIZONA,NINTH CIRCUIT,1135,882,8,0,245,41,32,5,0,4,1094,850,3,241
2018-12-31,ARKANSAS,ARKANSAS,EIGHTH CIRCUIT,748,350,3,1,394,15,9,3,0,2,733,341,0,392
2018-12-31,CALIFORNIA CENTRAL,CALIFORNIA,NINTH CIRCUIT,2503,1915,26,0,562,118,97,15,0,6,2385,1818,11,556
2018-12-31,CALIFORNIA EASTERN,CALIFORNIA,NINTH CIRCUIT,1028,780,3,2,243,40,32,2,0,4,988,748,1,239
2018-12-31,CALIFORNIA NORTHERN,CALIFORNIA,NINTH CIRCUIT,627,360,10,1,256,34,22,6,0,5,593,338,4,251
2018-12-31,CALIFORNIA SOUTHERN,CALIFORNIA,NINTH CIRCUIT,575,462,3,0,110,31,23,3,0,5,544,439,0,105
2018-12-31,COLORADO,COLORADO,TENTH CIRCUIT,772,590,3,0,179,20,17,2,0,1,752,573,1,178
2018-12-31,CONNECTICUT,CONNECTICUT,SECOND CIRCUIT,404,349,5,0,50,17,12,3,0,2,387,337,2,48
2018-12-31,DELAWARE,DELAWARE,THIRD CIRCUIT,170,90,16,0,64,25,8,16,0,1,145,82,0,63
2018-12-31,DISTRICT OF COLUMBIA,DISTRICT OF COLUMBIA,DC CIRCUIT,49,28,2,0,19,2,0,1,0,1,47,28,1,18
2018-12-31,FLORIDA MIDDLE,FLORIDA,ELEVENTH CIRCUIT,1756,1244,26,0,485,77,51,19,0,6,1679,1193,7,479
2018-12-31,FLORIDA NORTHERN,FLORIDA,ELEVENTH CIRCUIT,162,129,3,0,30,6,4,2,0,0,156,125,1,30
2018-12-31,FLORIDA SOUTHERN,FLORIDA,ELEVENTH CIRCUIT,1134,633,22,0,479,51,30,18,0,3,1083,603,4,476
2018-12-31,GEORGIA MIDDLE,GEORGIA,ELEVENTH CIRCUIT,608,164,2,0,442,5,4,1,0,0,603,160,1,442
2018-12-31,GEORGIA NORTHERN,GEORGIA,ELEVENTH CIRCUIT,2387,1075,9,0,1303,51,40,9,0,2,2336,1035,0,1301
2018-12-31,GEORGIA SOUTHERN,GEORGIA,ELEVENTH CIRCUIT,489,76,1,0,412,2,1,1,0,0,487,75,0,412
2018-12-31,GUAM,GUAM,NINTH CIRCUIT,14,12,0,0,2,0,0,0,0,0,14,12,0,2
2018-12-31,HAWAII,HAWAII,NINTH CIRCUIT,102,68,0,0,34,5,3,0,0,2,97,65,0,32
2018-12-31,IDAHO,IDAHO,NINTH CIRCUIT,245,219,2,0,24,2,0,2,0,0,243,219,0,24
2018-12-31,ILLINOIS CENTRAL,ILLINOIS,SEVENTH CIRCUIT,359,286,0,0,73,11,11,0,0,0,348,275,0,73
2018-12-31,ILLINOIS NORTHERN,ILLINOIS,SEVENTH CIRCUIT,2638,1391,7,0,1240,57,48,7,0,2,2581,1343,0,1238
2018-12-31,ILLINOIS SOUTHERN,ILLINOIS,SEVENTH CIRCUIT,200,141,0,0,59,6,5,0,0,1,194,136,0,58
2018-12-31,INDIANA NORTHERN,INDIANA,SEVENTH CIRCUIT,517,315,0,0,202,4,3,0,0,1,513,312,0,201
2018-12-31,INDIANA SOUTHERN,INDIANA,SEVENTH CIRCUIT,905,501,15,2,387,29,12,14,0,1,876,489,1,386
2018-12-31,IOWA NORTHERN,IOWA,EIGHTH CIRCUIT,111,102,0,0,9,3,3,0,0,0,108,99,0,9
2018-12-31,IOWA SOUTHERN,IOWA,EIGHTH CIRCUIT,162,136,0,0,26,3,3,0,0,0,159,133,0,26
2018-12-31,KANSAS,KANSAS,TENTH CIRCUIT,423,229,2,6,186,18,11,1,0,0,405,218,1,186
2018-12-31,KENTUCKY EASTERN,KENTUCKY,SIXTH CIRCUIT,486,308,0,0,178,5,5,0,0,0,481,303,0,178
2018-12-31,KENTUCKY WESTERN,KENTUCKY,SIXTH CIRCUIT,477,298,1,0,178,7,6,1,0,0,470,292,0,178
2018-12-31,LOUISIANA EASTERN,LOUISIANA,FIFTH CIRCUIT,250,82,2,0,166,12,8,2,0,2,238,74,0,164
2018-12-31,LOUISIANA MIDDLE,LOUISIANA,FIFTH CIRCUIT,104,60,0,0,44,2,2,0,0,0,102,58,0,44
2018-12-31,LOUISIANA WESTERN,LOUISIANA,FIFTH CIRCUIT,573,117,1,0,455,3,2,1,0,0,570,115,0,455
2018-12-31,MAINE,MAINE,FIRST CIRCUIT,79,60,0,0,19,7,6,0,0,1,72,54,0,18
2018-12-31,MARYLAND,MARYLAND,FOURTH CIRCUIT,1200,754,5,1,440,27,16,5,0,5,1173,738,0,435
2018-12-31,MASSACHUSETTS,MASSACHUSETTS,FIRST CIRCUIT,642,386,7,1,248,29,21,4,0,3,613,365,3,245
2018-12-31,MICHIGAN EASTERN,MICHIGAN,SIXTH CIRCUIT,1585,1166,1,0,418,24,20,1,0,3,1561,1146,0,415
2018-12-31,MICHIGAN WESTERN,MICHIGAN,SIXTH CIRCUIT,400,308,2,0,90,9,6,2,0,1,391,302,0,89
2018-12-31,MINNESOTA,MINNESOTA,EIGHTH CIRCUIT,696,547,2,3,144,33,24,2,0,4,663,523,0,140
2018-12-31,MISSISSIPPI NORTHERN,MISSISSIPPI,FIFTH CIRCUIT,368,141,0,0,227,7,6,0,0,1,361,135,0,226
2018-12-31,MISSISSIPPI SOUTHERN,MISSISSIPPI,FIFTH CIRCUIT,545,250,4,0,291,11,6,4,0,1,534,244,0,290
2018-12-31,MISSOURI EASTERN,MISSOURI,EIGHTH CIRCUIT,613,359,1,0,253,9,7,1,0,1,604,352,0,252
2018-12-31,MISSOURI WESTERN,MISSOURI,EIGHTH CIRCUIT,481,294,2,1,184,11,6,2,0,2,470,288,0,182
2018-12-31,MONTANA,MONTANA,NINTH CIRCUIT,87,69,1,2,15,5,2,1,0,0,82,67,0,15
2018-12-31,NEBRASKA,NEBRASKA,EIGHTH CIRCUIT,273,178,4,1,90,9,4,4,0,0,264,174,0,90
2018-12-31,NEVADA,NEVADA,NINTH CIRCUIT,603,471,12,0,120,22,16,5,0,1,581,455,7,119
2018-12-31,NEW HAMPSHIRE,NEW HAMPSHIRE,FIRST CIRCUIT,147,106,0,0,41,2,2,0,0,0,145,104,0,41
2018-12-31,NEW JERSEY,NEW JERSEY,THIRD CIRCUIT,1790,1084,34,0,672,70,34,33,0,3,1720,1050,1,669
2018-12-31,NEW MEXICO,NEW MEXICO,TENTH CIRCUIT,217,188,3,0,26,9,7,2,0,0,208,181,1,26
2018-12-31,NEW YORK EASTERN,NEW YORK,SECOND CIRCUIT,1089,681,40,0,368,81,46,35,0,0,1008,635,5,368
2018-12-31,NEW YORK NORTHERN,NEW YORK,SECOND CIRCUIT,370,284,7,3,76,18,7,7,0,1,352,277,0,75
2018-12-31,NEW YORK SOUTHERN,NEW YORK,SECOND CIRCUIT,604,434,30,0,129,65,22,28,0,4,539,412,2,125
2018-12-31,NEW YORK WESTERN,NEW YORK,SECOND CIRCUIT,240,186,2,0,52,8,6,2,0,0,232,180,0,52
2018-12-31,NORTH CAROLINA EASTERN,NORTH CAROLINA,FOURTH CIRCUIT,389,129,5,0,255,21,13,4,0,4,368,116,1,251
2018-12-31,NORTH CAROLINA MIDDLE,NORTH CAROLINA,FOURTH CIRCUIT,257,117,0,0,140,3,3,0,0,0,254,114,0,140
2018-12-31,NORTH CAROLINA WESTERN,NORTH CAROLINA,FOURTH CIRCUIT,314,139,1,0,174,9,5,1,0,3,305,134,0,171
2018-12-31,NORTH DAKOTA,NORTH DAKOTA,EIGHTH CIRCUIT,59,48,0,0,11,2,1,0,0,1,57,47,0,10
2018-12-31,NORTHERN MARIANAS,NORTHERN MARIANA ISLANDS,NINTH CIRCUIT,0,0,0,0,0,0,0,0,0,0,0,0,0,0
2018-12-31,OHIO NORTHERN,OHIO,SIXTH CIRCUIT,1281,1003,6,0,272,19,12,5,0,2,1262,991,1,270
2018-12-31,OHIO SOUTHERN,OHIO,SIXTH CIRCUIT,1117,704,1,0,412,28,24,1,0,3,1089,680,0,409
2018-12-31,OKLAHOMA EASTERN,OKLAHOMA,TENTH CIRCUIT,93,83,0,0,10,3,3,0,0,0,90,80,0,10
2018-12-31,OKLAHOMA NORTHERN,OKLAHOMA,TENTH CIRCUIT,150,123,1,2,24,12,9,1,0,0,138,114,0,24
2018-12-31,OKLAHOMA WESTERN,OKLAHOMA,TENTH CIRCUIT,358,262,0,0,96,10,9,0,0,1,348,253,0,95
2018-12-31,OREGON,OREGON,NINTH CIRCUIT,628,452,3,0,173,17,13,3,0,1,611,439,0,172
2018-12-31,PENNSYLVANIA EASTERN,PENNSYLVANIA,THIRD CIRCUIT,560,273,4,0,283,24,16,4,0,4,536,257,0,279
2018-12-31,PENNSYLVANIA MIDDLE,PENNSYLVANIA,THIRD CIRCUIT,388,252,2,2,132,14,8,2,0,2,374,244,0,130
2018-12-31,PENNSYLVANIA WESTERN,PENNSYLVANIA,THIRD CIRCUIT,430,287,4,1,138,14,10,3,0,0,416,277,1,138
2018-12-31,PUERTO RICO,PUERTO RICO,FIRST CIRCUIT,665,249,8,5,403,14,1,7,0,1,651,248,1,402
2018-12-31,RHODE ISLAND,RHODE ISLAND,FIRST CIRCUIT,124,87,0,0,37,4,3,0,0,1,120,84,0,36
2018-12-31,SOUTH CAROLINA,SOUTH CAROLINA,FOURTH CIRCUIT,457,164,0,1,292,6,5,0,0,0,451,159,0,292
2018-12-31,SOUTH DAKOTA,SOUTH DAKOTA,EIGHTH CIRCUIT,70,62,0,1,7,5,3,0,0,1,65,59,0,6
2018-12-31,TENNESSEE EASTERN,TENNESSEE,SIXTH CIRCUIT,771,390,3,1,377,9,5,3,0,0,762,385,0,377
2018-12-31,TENNESSEE MIDDLE,TENNESSEE,SIXTH CIRCUIT,573,258,2,0,313,14,12,2,0,0,559,246,0,313
2018-12-31,TENNESSEE WESTERN,TENNESSEE,SIXTH CIRCUIT,950,200,1,0,749,3,2,1,0,0,947,198,0,749
2018-12-31,TEXAS EASTERN,TEXAS,FIFTH CIRCUIT,424,166,3,1,254,26,20,3,0,2,398,146,0,252
2018-12-31,TEXAS NORTHERN,TEXAS,FIFTH CIRCUIT,1020,369,129,1,521,162,25,129,0,7,858,344,0,514
2018-12-31,TEXAS SOUTHERN,TEXAS,FIFTH CIRCUIT,893,323,29,2,539,63,31,28,0,2,830,292,1,537
2018-12-31,TEXAS WESTERN,TEXAS,FIFTH CIRCUIT,681,342,7,3,329,54,42,6,0,3,627,300,1,326
2018-12-31,UTAH,UTAH,TENTH CIRCUIT,618,351,1,1,265,12,9,1,0,1,606,342,0,264
2018-12-31,VERMONT,VERMONT,SECOND CIRCUIT,40,32,0,0,8,2,1,0,0,1,38,31,0,7
2018-12-31,VIRGIN ISLANDS,VIRGIN ISLANDS,THIRD CIRCUIT,2,2,0,0,0,1,1,0,0,0,1,1,0,0
2018-12-31,VIRGINIA EASTERN,VIRGINIA,FOURTH CIRCUIT,1186,659,2,0,525,17,15,1,0,1,1169,644,1,524
2018-12-31,VIRGINIA WESTERN,VIRGINIA,FOURTH CIRCUIT,359,210,2,0,147,8,4,1,0,3,351,206,1,144
2018-12-31,WASHINGTON EASTERN,WASHINGTON,NINTH CIRCUIT,263,195,0,0,68,9,6,0,0,3,254,189,0,65
2018-12-31,WASHINGTON WESTERN,WASHINGTON,NINTH CIRCUIT,662,451,3,0,208,26,22,2,0,2,636,429,1,206
2018-12-31,WEST VIRGINIA NORTHERN,WEST VIRGINIA,FOURTH CIRCUIT,89,72,1,0,16,5,4,1,0,0,84,68,0,16
2018-12-31,WEST VIRGINIA SOUTHERN,WEST VIRGINIA,FOURTH CIRCUIT,123,109,0,0,14,4,4,0,0,0,119,105,0,14
2018-12-31,WISCONSIN EASTERN,WISCONSIN,SEVENTH CIRCUIT,761,480,0,2,279,12,9,0,0,1,749,471,0,278
2018-12-31,WISCONSIN WESTERN,WISCONSIN,SEVENTH CIRCUIT,319,245,0,3,71,9,5,0,0,1,310,240,0,70
2018-12-31,WYOMING,WYOMING,TENTH CIRCUIT,60,50,1,0,9,2,1,1,0,0,58,49,0,9
2019-01-31,ALABAMA MIDDLE,ALABAMA,ELEVENTH CIRCUIT,661,138,2,0,521,5,3,2,0,0,656,135,0,521
2019-01-31,ALABAMA NORTHERN,ALABAMA,ELEVENTH CIRCUIT,1060,454,4,0,602,9,7,2,0,0,1051,447,2,602
2019-01-31,ALABAMA SOUTHERN,ALABAMA,ELEVENTH CIRCUIT,385,91,2,0,292,8,4,2,0,2,377,87,0,290
2019-01-31,ALASKA,ALASKA,NINTH CIRCUIT,38,24,0,0,14,2,2,0,0,0,36,22,0,14
2019-01-31,ARIZONA,ARIZONA,NINTH CIRCUIT,1217,916,15,0,286,37,24,9,0,4,1180,892,6,282
2019-01-31,ARKANSAS,ARKANSAS,EIGHTH CIRCUIT,906,411,1,1,493,12,8,1,0,2,894,403,0,491
2019-01-31,CALIFORNIA CENTRAL,CALIFORNIA,NINTH CIRCUIT,2836,2162,39,0,635,118,96,19,0,3,2718,2066,20,632
2019-01-31,CALIFORNIA EASTERN,CALIFORNIA,NINTH CIRCUIT,1112,823,7,1,281,42,30,6,0,5,1070,793,1,276
2019-01-31,CALIFORNIA NORTHERN,CALIFORNIA,NINTH CIRCUIT,665,375,10,0,280,32,21,5,0,6,633,354,5,274
2019-01-31,CALIFORNIA SOUTHERN,CALIFORNIA,NINTH CIRCUIT,576,453,2,0,121,17,14,1,0,2,559,439,1,119
2019-01-31,COLORADO,COLORADO,TENTH CIRCUIT,759,564,4,0,191,26,21,3,0,2,733,543,1,189
2019-01-31,CONNECTICUT,CONNECTICUT,SECOND CIRCUIT,486,372,8,0,106,26,13,7,0,6,460,359,1,100
2019-01-31,DELAWARE,DELAWARE,THIRD CIRCUIT,205,114,8,0,83,10,1,8,0,1,195,113,0,82
2019-01-31,DISTRICT OF COLUMBIA,DISTRICT OF COLUMBIA,DC CIRCUIT,81,43,6,0,32,8,3,5,0,0,73,40,1,32
2019-01-31,FLORIDA MIDDLE,FLORIDA,ELEVENTH CIRCUIT,2034,1378,22,0,634,75,56,13,0,6,1959,1322,9,628
2019-01-31,FLORIDA NORTHERN,FLORIDA,ELEVENTH CIRCUIT,211,175,3,1,32,15,10,3,0,1,196,165,0,31
2019-01-31,FLORIDA SOUTHERN,FLORIDA,ELEVENTH CIRCUIT,1560,810,38,0,712,66,29,31,0,6,1494,781,7,706
2019-01-31,GEORGIA MIDDLE,GEORGIA,ELEVENTH CIRCUIT,615,206,1,2,406,15,10,1,0,2,600,196,0,404
2019-01-31,GEORGIA NORTHERN,GEORGIA,ELEVENTH CIRCUIT,2325,1230,11,0,1084,48,35,10,0,3,2277,1195,1,1081
2019-01-31,GEORGIA SOUTHERN,GEORGIA,ELEVENTH CIRCUIT,507,102,1,1,403,5,2,1,0,1,502,100,0,402
2019-01-31,GUAM,GUAM,NINTH CIRCUIT,12,10,1,0,1,3,1,1,0,1,9,9,0,0
2019-01-31,HAWAII,HAWAII,NINTH CIRCUIT,157,107,1,0,49,6,3,1,0,2,151,104,0,47
2019-01-31,IDAHO,IDAHO,NINTH CIRCUIT,261,224,1,0,36,7,6,1,0,0,254,218,0,36
2019-01-31,ILLINOIS CENTRAL,ILLINOIS,SEVENTH CIRCUIT,362,288,3,1,70,16,11,3,0,1,346,277,0,69
2019-01-31,ILLINOIS NORTHERN,ILLINOIS,SEVENTH CIRCUIT,2986,1632,15,0,1339,66,54,12,0,0,2920,1578,3,1339
2019-01-31,ILLINOIS SOUTHERN,ILLINOIS,SEVENTH CIRCUIT,220,120,0,1,99,4,1,0,0,2,216,119,0,97
2019-01-31,INDIANA NORTHERN,INDIANA,SEVENTH CIRCUIT,504,297,2,2,203,8,4,2,0,0,496,293,0,203
2019-01-31,INDIANA SOUTHERN,INDIANA,SEVENTH CIRCUIT,973,517,4,0,452,17,13,4,0,0,956,504,0,452
2019-01-31,IOWA NORTHERN,IOWA,EIGHTH CIRCUIT,102,88,0,0,14,3,3,0,0,0,99,85,0,14
2019-01-31,IOWA SOUTHERN,IOWA,EIGHTH CIRCUIT,192,158,0,0,34,6,6,0,0,0,186,152,0,34
2019-01-31,KANSAS,KANSAS,TENTH CIRCUIT,479,230,4,4,241,16,5,4,0,3,463,225,0,238
2019-01-31,KENTUCKY EASTERN,KENTUCKY,SIXTH CIRCUIT,615,390,12,0,213,18,5,12,0,1,597,385,0,212
2019-01-31,KENTUCKY WESTERN,KENTUCKY,SIXTH CIRCUIT,596,349,1,0,246,13,10,1,0,2,583,339,0,244
2019-01-31,LOUISIANA EASTERN,LOUISIANA,FIFTH CIRCUIT,306,108,0,0,198,4,4,0,0,0,302,104,0,198
2019-01-31,LOUISIANA MIDDLE,LOUISIANA,FIFTH CIRCUIT,131,58,0,0,73,3,3,0,0,0,128,55,0,73
2019-01-31,LOUISIANA WESTERN,LOUISIANA,FIFTH CIRCUIT,664,117,2,1,544,12,9,2,0,0,652,108,0,544
2019-01-31,MAINE,MAINE,FIRST CIRCUIT,84,69,2,0,13,4,1,2,0,1,80,68,0,12
2019-01-31,MARYLAND,MARYLAND,FOURTH CIRCUIT,1369,863,6,0,500,24,18,4,0,2,1345,845,2,498
2019-01-31,MASSACHUSETTS,MASSACHUSETTS,FIRST CIRCUIT,649,365,7,0,277,22,15,4,0,3,627,350,3,274
2019-01-31,MICHIGAN EASTERN,MICHIGAN,SIXTH CIRCUIT,1905,1367,12,0,526,35,22,11,0,2,1870,1345,1,524
2019-01-31,MICHIGAN WESTERN,MICHIGAN,SIXTH CIRCUIT,414,303,0,1,110,8,7,0,0,0,406,296,0,110
2019-01-31,MINNESOTA,MINNESOTA,EIGHTH CIRCUIT,727,569,3,2,153,19,14,3,0,0,708,555,0,153
2019-01-31,MISSISSIPPI NORTHERN,MISSISSIPPI,FIFTH CIRCUIT,455,181,2,0,272,12,5,2,0,5,443,176,0,267
2019-01-31,MISSISSIPPI SOUTHERN,MISSISSIPPI,FIFTH CIRCUIT,593,284,3,0,306,9,5,3,0,1,584,279,0,305
2019-01-31,MISSOURI EASTERN,MISSOURI,EIGHTH CIRCUIT,694,402,0,0,292,10,9,0,0,1,684,393,0,291
2019-01-31,MISSOURI WESTERN,MISSOURI,EIGHTH CIRCUIT,551,335,3,1,212,15,8,3,0,3,536,327,0,209
2019-01-31,MONTANA,MONTANA,NINTH CIRCUIT,85,62,0,1,22,2,1,0,0,0,83,61,0,22
2019-01-31,NEBRASKA,NEBRASKA,EIGHTH CIRCUIT,331,212,15,0,103,20,4,15,0,0,311,208,0,103
2019-01-31,NEVADA,NEVADA,NINTH CIRCUIT,771,581,24,0,166,32,12,19,0,1,739,569,5,165
2019-01-31,NEW HAMPSHIRE,NEW HAMPSHIRE,FIRST CIRCUIT,163,113,3,0,47,11,8,3,0,0,152,105,0,47
2019-01-31,NEW JERSEY,NEW JERSEY,THIRD CIRCUIT,2227,1248,18,0,961,51,33,14,0,4,2176,1215,4,957
2019-01-31,NEW MEXICO,NEW MEXICO,TENTH CIRCUIT,226,197,1,0,28,5,4,1,0,0,221,193,0,28
2019-01-31,NEW YORK EASTERN,NEW YORK,SECOND CIRCUIT,1482,807,41,0,634,87,53,34,0,0,1395,754,7,634
2019-01-31,NEW YORK NORTHERN,NEW YORK,SECOND CIRCUIT,446,342,1,0,103,8,5,1,0,2,438,337,0,101
2019-01-31,NEW YORK SOUTHERN,NEW YORK,SECOND CIRCUIT,641,439,13,0,188,32,17,13,0,1,609,422,0,187
2019-01-31,NEW YORK WESTERN,NEW YORK,SECOND CIRCUIT,270,186,3,1,80,11,6,3,0,1,259,180,0,79
2019-01-31,NORTH CAROLINA EASTERN,NORTH CAROLINA,FOURTH CIRCUIT,430,138,6,0,286,15,7,5,0,3,415,131,1,283
2019-01-31,NORTH CAROLINA MIDDLE,NORTH CAROLINA,FOURTH CIRCUIT,312,108,1,1,202,7,5,1,0,0,305,103,0,202
2019-01-31,NORTH CAROLINA WESTERN,NORTH CAROLINA,FOURTH CIRCUIT,270,113,2,0,155,5,2,2,0,1,265,111,0,154
2019-01-31,NORTH DAKOTA,NORTH DAKOTA,EIGHTH CIRCUIT,50,45,0,0,5,2,1,0,0,1,48,44,0,4
2019-01-31,NORTHERN MARIANAS,NORTHERN MARIANA ISLANDS,NINTH CIRCUIT,0,0,0,0,0,0,0,0,0,0,0,0,0,0
2019-01-31,OHIO NORTHERN,OHIO,SIXTH CIRCUIT,1357,1063,0,0,294,24,21,0,0,3,1333,1042,0,291
2019-01-31,OHIO SOUTHERN,OHIO,SIXTH CIRCUIT,1249,803,1,0,445,15,12,1,0,2,1234,791,0,443
2019-01-31,OKLAHOMA EASTERN,OKLAHOMA,TENTH CIRCUIT,105,89,0,1,15,3,2,0,0,0,102,87,0,15
2019-01-31,OKLAHOMA NORTHERN,OKLAHOMA,TENTH CIRCUIT,184,154,0,1,29,4,3,0,0,0,180,151,0,29
2019-01-31,OKLAHOMA WESTERN,OKLAHOMA,TENTH CIRCUIT,371,273,0,1,97,12,11,0,0,0,359,262,0,97
2019-01-31,OREGON,OREGON,NINTH CIRCUIT,706,520,3,0,183,24,17,3,0,4,682,503,0,179
2019-01-31,PENNSYLVANIA EASTERN,PENNSYLVANIA,THIRD CIRCUIT,647,263,5,0,379,14,8,5,0,1,633,255,0,378
2019-01-31,PENNSYLVANIA MIDDLE,PENNSYLVANIA,THIRD CIRCUIT,453,265,5,0,183,17,8,5,0,4,436,257,0,179
2019-01-31,PENNSYLVANIA WESTERN,PENNSYLVANIA,THIRD CIRCUIT,576,353,3,1,219,14,10,2,0,1,562,343,1,218
2019-01-31,PUERTO RICO,PUERTO RICO,FIRST CIRCUIT,517,207,14,3,293,21,5,10,0,3,496,202,4,290
2019-01-31,RHODE ISLAND,RHODE ISLAND,FIRST CIRCUIT,169,123,1,0,45,8,6,1,0,1,161,117,0,44
2019-01-31,SOUTH CAROLINA,SOUTH CAROLINA,FOURTH CIRCUIT,612,215,4,2,391,14,6,4,0,2,598,209,0,389
2019-01-31,SOUTH DAKOTA,SOUTH DAKOTA,EIGHTH CIRCUIT,50,44,0,0,6,1,1,0,0,0,49,43,0,6
2019-01-31,TENNESSEE EASTERN,TENNESSEE,SIXTH CIRCUIT,868,449,1,0,418,12,10,1,0,1,856,439,0,417
2019-01-31,TENNESSEE MIDDLE,TENNESSEE,SIXTH CIRCUIT,646,277,8,0,361,15,9,4,0,2,631,268,4,359
2019-01-31,TENNESSEE WESTERN,TENNESSEE,SIXTH CIRCUIT,1175,227,2,0,946,5,3,2,0,0,1170,224,0,946
2019-01-31,TEXAS EASTERN,TEXAS,FIFTH CIRCUIT,439,207,4,1,227,23,16,4,0,2,416,191,0,225
2019-01-31,TEXAS NORTHERN,TEXAS,FIFTH CIRCUIT,900,442,29,0,429,60,25,29,0,6,840,417,0,423
2019-01-31,TEXAS SOUTHERN,TEXAS,FIFTH CIRCUIT,670,300,14,0,356,52,35,13,0,4,618,265,1,352
2019-01-31,TEXAS WESTERN,TEXAS,FIFTH CIRCUIT,557,343,3,0,211,37,33,3,0,1,520,310,0,210
2019-01-31,UTAH,UTAH,TENTH CIRCUIT,599,288,1,0,310,6,5,1,0,0,593,283,0,310
2019-01-31,VERMONT,VERMONT,SECOND CIRCUIT,45,30,0,1,14,4,3,0,0,0,41,27,0,14
2019-01-31,VIRGIN ISLANDS,VIRGIN ISLANDS,THIRD CIRCUIT,0,0,0,0,0,0,0,0,0,0,0,0,0,0
2019-01-31,VIRGINIA EASTERN,VIRGINIA,FOURTH CIRCUIT,1396,718,16,0,662,37,19,16,0,2,1359,699,0,660
2019-01-31,VIRGINIA WESTERN,VIRGINIA,FOURTH CIRCUIT,448,232,3,0,213,12,10,2,0,0,436,222,1,213
2019-01-31,WASHINGTON EASTERN,WASHINGTON,NINTH CIRCUIT,275,209,2,0,64,4,2,2,0,0,271,207,0,64
2019-01-31,WASHINGTON WESTERN,WASHINGTON,NINTH CIRCUIT,721,491,5,0,225,30,23,5,0,2,691,468,0,223
2019-01-31,WEST VIRGINIA NORTHERN,WEST VIRGINIA,FOURTH CIRCUIT,84,68,0,0,16,1,1,0,0,0,83,67,0,16
2019-01-31,WEST VIRGINIA SOUTHERN,WEST VIRGINIA,FOURTH CIRCUIT,120,100,3,1,16,5,1,3,0,0,115,99,0,16
2019-01-31,WISCONSIN EASTERN,WISCONSIN,SEVENTH CIRCUIT,863,506,1,0,356,9,8,1,0,0,854,498,0,356
2019-01-31,WISCONSIN WESTERN,WISCONSIN,SEVENTH CIRCUIT,258,199,0,4,55,14,6,0,0,4,244,193,0,51
2019-01-31,WYOMING,WYOMING,TENTH CIRCUIT,49,37,1,0,11,5,4,1,0,0,44,33,0,11
2019-02-28,ALABAMA MIDDLE,ALABAMA,ELEVENTH CIRCUIT,617,147,0,0,470,1,1,0,0,0,616,146,0,470
2019-02-28,ALABAMA NORTHERN,ALABAMA,ELEVENTH CIRCUIT,1051,499,2,0,550,14,11,2,0,1,1037,488,0,549
2019-02-28,ALABAMA SOUTHERN,ALABAMA,ELEVENTH CIRCUIT,389,107,1,2,279,8,5,1,0,0,381,102,0,279
2019-02-28,ALASKA,ALASKA,NINTH CIRCUIT,25,20,1,0,4,3,1,1,0,1,22,19,0,3
2019-02-28,ARIZONA,ARIZONA,NINTH CIRCUIT,1030,794,12,0,224,26,18,8,0,0,1004,776,4,224
2019-02-28,ARKANSAS,ARKANSAS,EIGHTH CIRCUIT,843,403,3,2,435,22,18,1,0,1,821,385,2,434
2019-02-28,CALIFORNIA CENTRAL,CALIFORNIA,NINTH CIRCUIT,2858,2214,36,0,608,112,84,18,0,10,2746,2130,18,598
2019-02-28,CALIFORNIA EASTERN,CALIFORNIA,NINTH CIRCUIT,1171,865,9,1,296,35,23,7,0,4,1136,842,2,292
2019-02-28,CALIFORNIA NORTHERN,CALIFORNIA,NINTH CIRCUIT,668,347,15,1,305,35,22,4,0,8,633,325,11,297
2019-02-28,CALIFORNIA SOUTHERN,CALIFORNIA,NINTH CIRCUIT,648,497,6,0,145,30,22,2,0,6,618,475,4,139
2019-02-28,COLORADO,COLORADO,TENTH CIRCUIT,729,527,11,0,191,29,21,8,0,0,700,506,3,191
2019-02-28,CONNECTICUT,CONNECTICUT,SECOND CIRCUIT,479,383,2,1,93,19,13,2,0,3,460,370,0,90
2019-02-28,DELAWARE,DELAWARE,THIRD CIRCUIT,228,97,41,0,90,46,5,40,0,1,182,92,1,89
2019-02-28,DISTRICT OF COLUMBIA,DISTRICT OF COLUMBIA,DC CIRCUIT,43,25,1,0,17,1,1,0,0,0,42,24,1,17
2019-02-28,FLORIDA MIDDLE,FLORIDA,ELEVENTH CIRCUIT,1843,1285,24,1,532,81,56,18,0,5,1762,1229,6,527
2019-02-28,FLORIDA NORTHERN,FLORIDA,ELEVENTH CIRCUIT,170,138,0,0,32,3,2,0,0,1,167,136,0,31
2019-02-28,FLORIDA SOUTHERN,FLORIDA,ELEVENTH CIRCUIT,1330,716,10,0,602,41,28,4,0,7,1289,688,6,595
2019-02-28,GEORGIA MIDDLE,GEORGIA,ELEVENTH CIRCUIT,626,198,0,1,427,12,9,0,0,2,614,189,0,425
2019-02-28,GEORGIA NORTHERN,GEORGIA,ELEVENTH CIRCUIT,2286,1116,10,0,1160,55,43,9,0,3,2231,1073,1,1157
2019-02-28,GEORGIA SOUTHERN,GEORGIA,ELEVENTH CIRCUIT,466,100,1,0,365,3,2,1,0,0,463,98,0,365
2019-02-28,GUAM,GUAM,NINTH CIRCUIT,11,8,0,0,3,0,0,0,0,0,11,8,0,3
2019-02-28,HAWAII,HAWAII,NINTH CIRCUIT,111,76,1,0,34,2,1,1,0,0,109,75,0,34
2019-02-28,IDAHO,IDAHO,NINTH CIRCUIT,232,207,2,2,21,7,3,2,0,0,225,204,0,21
2019-02-28,ILLINOIS CENTRAL,ILLINOIS,SEVENTH CIRCUIT,305,235,0,0,70,5,3,0,0,2,300,232,0,68
2019-02-28,ILLINOIS NORTHERN,ILLINOIS,SEVENTH CIRCUIT,3039,1694,11,0,1334,75,60,10,0,5,2964,1634,1,1329
2019-02-28,ILLINOIS SOUTHERN,ILLINOIS,SEVENTH CIRCUIT,251,158,1,0,92,7,5,1,0,1,244,153,0,91
2019-02-28,INDIANA NORTHERN,INDIANA,SEVENTH CIRCUIT,509,298,2,0,209,9,6,2,0,1,500,292,0,208
2019-02-28,INDIANA SOUTHERN,INDIANA,SEVENTH CIRCUIT,902,472,3,1,426,10,5,3,0,1,892,467,0,425
2019-02-28,IOWA NORTHERN,IOWA,EIGHTH CIRCUIT,94,81,0,1,12,5,4,0,0,0,89,77,0,12
2019-02-28,IOWA SOUTHERN,IOWA,EIGHTH CIRCUIT,171,146,1,0,24,4,3,1,0,0,167,143,0,24
2019-02-28,KANSAS,KANSAS,TENTH CIRCUIT,387,179,1,2,205,12,7,0,0,3,375,172,1,202
2019-02-28,KENTUCKY EASTERN,KENTUCKY,SIXTH CIRCUIT,586,402,0,0,184,8,7,0,0,1,578,395,0,183
2019-02-28,KENTUCKY WESTERN,KENTUCKY,SIXTH CIRCUIT,581,365,3,0,213,11,6,3,0,2,570,359,0,211
2019-02-28,LOUISIANA EASTERN,LOUISIANA,FIFTH CIRCUIT,238,95,0,0,143,8,7,0,0,1,230,88,0,142
2019-02-28,LOUISIANA MIDDLE,LOUISIANA,FIFTH CIRCUIT,105,52,0,0,53,4,4,0,0,0,101,48,0,53
2019-02-28,LOUISIANA WESTERN,LOUISIANA,FIFTH CIRCUIT,569,88,3,3,475,13,7,2,0,1,556,81,1,474
2019-02-28,MAINE,MAINE,FIRST CIRCUIT,97,74,3,0,20,4,0,3,0,1,93,74,0,19
2019-02-28,MARYLAND,MARYLAND,FOURTH CIRCUIT,1273,777,7,1,488,30,19,3,0,7,1243,758,4,481
2019-02-28,MASSACHUSETTS,MASSACHUSETTS,FIRST CIRCUIT,537,337,8,1,191,25,15,6,0,3,512,322,2,188
2019-02-28,MICHIGAN EASTERN,MICHIGAN,SIXTH CIRCUIT,2070,1536,37,1,496,61,20,35,0,5,2009,1516,2,491
2019-02-28,MICHIGAN WESTERN,MICHIGAN,SIXTH CIRCUIT,440,326,0,0,114,11,9,0,0,2,429,317,0,112
2019-02-28,MINNESOTA,MINNESOTA,EIGHTH CIRCUIT,745,570,5,5,165,27,17,5,0,0,718,553,0,165
2019-02-28,MISSISSIPPI NORTHERN,MISSISSIPPI,FIFTH CIRCUIT,411,158,0,0,253,8,4,0,0,4,403,154,0,249
2019-02-28,MISSISSIPPI SOUTHERN,MISSISSIPPI,FIFTH CIRCUIT,588,319,2,0,267,14,10,2,0,2,574,309,0,265
2019-02-28,MISSOURI EASTERN,MISSOURI,EIGHTH CIRCUIT,717,409,28,0,280,35,7,28,0,0,682,402,0,280
2019-02-28,MISSOURI WESTERN,MISSOURI,EIGHTH CIRCUIT,466,285,2,1,178,7,3,2,0,1,459,282,0,177
2019-02-28,MONTANA,MONTANA,NINTH CIRCUIT,66,50,0,0,16,1,1,0,0,0,65,49,0,16
2019-02-28,NEBRASKA,NEBRASKA,EIGHTH CIRCUIT,317,207,4,2,104,10,5,3,0,0,307,202,1,104
2019-02-28,NEVADA,NEVADA,NINTH CIRCUIT,713,545,12,0,156,24,16,7,0,1,689,529,5,155
2019-02-28,NEW HAMPSHIRE,NEW HAMPSHIRE,FIRST CIRCUIT,126,87,0,0,39,2,2,0,0,0,124,85,0,39
2019-02-28,NEW JERSEY,NEW JERSEY,THIRD CIRCUIT,2164,1286,41,0,837,77,37,38,0,2,2087,1249,3,835
2019-02-28,NEW MEXICO,NEW MEXICO,TENTH CIRCUIT,238,200,4,0,34,7,2,4,0,1,231,198,0,33
2019-02-28,NEW YORK EASTERN,NEW YORK,SECOND CIRCUIT,1265,721,42,0,502,85,50,35,0,0,1180,671,7,502
2019-02-28,NEW YORK NORTHERN,NEW YORK,SECOND CIRCUIT,410,317,0,1,92,13,11,0,0,1,397,306,0,91
2019-02-28,NEW YORK SOUTHERN,NEW YORK,SECOND CIRCUIT,897,458,274,1,162,288,14,268,0,3,609,444,6,159
2019-02-28,NEW YORK WESTERN,NEW YORK,SECOND CIRCUIT,290,207,4,0,79,10,4,4,0,2,280,203,0,77
2019-02-28,NORTH CAROLINA EASTERN,NORTH CAROLINA,FOURTH CIRCUIT,476,135,16,2,323,30,8,15,0,5,446,127,1,318
2019-02-28,NORTH CAROLINA MIDDLE,NORTH CAROLINA,FOURTH CIRCUIT,293,113,0,0,180,5,4,0,0,1,288,109,0,179
2019-02-28,NORTH CAROLINA WESTERN,NORTH CAROLINA,FOURTH CIRCUIT,273,140,4,0,129,14,11,3,0,0,259,129,1,129
2019-02-28,NORTH DAKOTA,NORTH DAKOTA,EIGHTH CIRCUIT,58,47,0,1,10,1,0,0,0,0,57,47,0,10
2019-02-28,NORTHERN MARIANAS,NORTHERN MARIANA ISLANDS,NINTH CIRCUIT,1,1,0,0,0,0,0,0,0,0,1,1,0,0
2019-02-28,OHIO NORTHERN,OHIO,SIXTH CIRCUIT,1332,1039,3,0,290,19,16,3,0,0,1313,1023,0,290
2019-02-28,OHIO SOUTHERN,OHIO,SIXTH CIRCUIT,1234,792,1,4,437,28,20,1,0,3,1206,772,0,434
2019-02-28,OKLAHOMA EASTERN,OKLAHOMA,TENTH CIRCUIT,92,76,0,0,16,2,2,0,0,0,90,74,0,16
2019-02-28,OKLAHOMA NORTHERN,OKLAHOMA,TENTH CIRCUIT,171,152,1,0,18,2,2,0,0,0,169,150,1,18
2019-02-28,OKLAHOMA WESTERN,OKLAHOMA,TENTH CIRCUIT,351,269,1,0,81,6,5,1,0,0,345,264,0,81
2019-02-28,OREGON,OREGON,NINTH CIRCUIT,623,463,0,0,160,18,15,0,0,3,605,448,0,157
2019-02-28,PENNSYLVANIA EASTERN,PENNSYLVANIA,THIRD CIRCUIT,621,283,1,0,337,17,12,0,0,5,604,271,1,332
2019-02-28,PENNSYLVANIA MIDDLE,PENNSYLVANIA,THIRD CIRCUIT,423,249,4,0,170,14,7,4,0,3,409,242,0,167
2019-02-28,PENNSYLVANIA WESTERN,PENNSYLVANIA,THIRD CIRCUIT,528,351,8,1,168,22,11,7,0,3,506,340,1,165
2019-02-28,PUERTO RICO,PUERTO RICO,FIRST CIRCUIT,645,261,11,0,373,18,7,10,0,1,627,254,1,372
2019-02-28,RHODE ISLAND,RHODE ISLAND,FIRST CIRCUIT,173,133,0,0,40,5,5,0,0,0,168,128,0,40
2019-02-28,SOUTH CAROLINA,SOUTH CAROLINA,FOURTH CIRCUIT,578,218,3,1,356,12,7,2,0,2,566,211,1,354
2019-02-28,SOUTH DAKOTA,SOUTH DAKOTA,EIGHTH CIRCUIT,47,40,0,0,7,0,0,0,0,0,47,40,0,7
2019-02-28,TENNESSEE EASTERN,TENNESSEE,SIXTH CIRCUIT,994,573,1,1,419,14,11,1,0,1,980,562,0,418
2019-02-28,TENNESSEE MIDDLE,TENNESSEE,SIXTH CIRCUIT,664,330,10,0,324,14,6,7,0,1,650,324,3,323
2019-02-28,TENNESSEE WESTERN,TENNESSEE,SIXTH CIRCUIT,1039,264,2,0,773,8,5,1,0,2,1031,259,1,771
2019-02-28,TEXAS EASTERN,TEXAS,FIFTH CIRCUIT,466,196,14,0,256,36,23,13,0,0,430,173,1,256
2019-02-28,TEXAS NORTHERN,TEXAS,FIFTH CIRCUIT,944,421,15,1,507,55,37,14,0,3,889,384,1,504
2019-02-28,TEXAS SOUTHERN,TEXAS,FIFTH CIRCUIT,813,300,16,1,496,56,36,16,0,3,757,264,0,493
2019-02-28,TEXAS WESTERN,TEXAS,FIFTH CIRCUIT,646,312,10,0,324,31,21,9,0,1,615,291,1,323
2019-02-28,UTAH,UTAH,TENTH CIRCUIT,602,330,0,0,272,6,6,0,0,0,596,324,0,272
2019-02-28,VERMONT,VERMONT,SECOND CIRCUIT,46,35,0,0,11,0,0,0,0,0,46,35,0,11
2019-02-28,VIRGIN ISLANDS,VIRGIN ISLANDS,THIRD CIRCUIT,0,0,0,0,0,0,0,0,0,0,0,0,0,0
2019-02-28,VIRGINIA EASTERN,VIRGINIA,FOURTH CIRCUIT,1345,746,6,0,593,29,23,4,0,2,1316,723,2,591
2019-02-28,VIRGINIA WESTERN,VIRGINIA,FOURTH CIRCUIT,418,228,1,1,188,13,8,1,0,3,405,220,0,185
2019-02-28,WASHINGTON EASTERN,WASHINGTON,NINTH CIRCUIT,208,152,2,0,54,5,3,2,0,0,203,149,0,54
2019-02-28,WASHINGTON WESTERN,WASHINGTON,NINTH CIRCUIT,631,441,5,0,185,10,7,2,0,1,621,434,3,184
2019-02-28,WEST VIRGINIA NORTHERN,WEST VIRGINIA,FOURTH CIRCUIT,81,68,0,0,13,3,3,0,0,0,78,65,0,13
2019-02-28,WEST VIRGINIA SOUTHERN,WEST VIRGINIA,FOURTH CIRCUIT,133,114,1,0,18,1,0,1,0,0,132,114,0,18
2019-02-28,WISCONSIN EASTERN,WISCONSIN,SEVENTH CIRCUIT,752,476,7,1,268,23,11,7,0,4,729,465,0,264
2019-02-28,WISCONSIN WESTERN,WISCONSIN,SEVENTH CIRCUIT,314,257,0,1,56,6,3,0,0,2,308,254,0,54
2019-02-28,WYOMING,WYOMING,TENTH CIRCUIT,47,40,0,0,7,1,1,0,0,0,46,39,0,7
2019-03-31,ALABAMA MIDDLE,ALABAMA,ELEVENTH CIRCUIT,693,200,0,0,493,2,2,0,0,0,691,198,0,493
2019-03-31,ALABAMA NORTHERN,ALABAMA,ELEVENTH CIRCUIT,1375,775,2,0,598,13,10,2,0,1,1362,765,0,597
2019-03-31,ALABAMA SOUTHERN,ALABAMA,ELEVENTH CIRCUIT,432,137,2,0,293,3,1,2,0,0,429,136,0,293
2019-03-31,ALASKA,ALASKA,NINTH CIRCUIT,38,32,1,0,5,4,3,1,0,0,34,29,0,5
2019-03-31,ARIZONA,ARIZONA,NINTH CIRCUIT,1596,1306,17,0,273,37,21,15,0,1,1559,1285,2,272
2019-03-31,ARKANSAS,ARKANSAS,EIGHTH CIRCUIT,961,546,3,0,412,13,9,2,0,2,948,537,1,410
2019-03-31,CALIFORNIA CENTRAL,CALIFORNIA,NINTH CIRCUIT,3481,2770,29,0,682,123,95,21,0,7,3358,2675,8,675
2019-03-31,CALIFORNIA EASTERN,CALIFORNIA,NINTH CIRCUIT,1500,1188,1,1,310,35,26,1,0,7,1465,1162,0,303
2019-03-31,CALIFORNIA NORTHERN,CALIFORNIA,NINTH CIRCUIT,700,421,10,1,268,36,25,4,0,6,664,396,6,262
2019-03-31,CALIFORNIA SOUTHERN,CALIFORNIA,NINTH CIRCUIT,740,612,7,0,121,26,19,5,0,2,714,593,2,119
2019-03-31,COLORADO,COLORADO,TENTH CIRCUIT,1068,856,8,1,203,41,27,8,0,5,1027,829,0,198
2019-03-31,CONNECTICUT,CONNECTICUT,SECOND CIRCUIT,570,449,9,1,111,16,7,8,0,0,554,442,1,111
2019-03-31,DELAWARE,DELAWARE,THIRD CIRCUIT,268,149,36,0,83,44,8,36,0,0,224,141,0,83
2019-03-31,DISTRICT OF COLUMBIA,DISTRICT OF COLUMBIA,DC CIRCUIT,86,55,4,0,27,4,2,1,0,1,82,53,3,26
2019-03-31,FLORIDA MIDDLE,FLORIDA,ELEVENTH CIRCUIT,2540,1848,28,0,662,97,67,21,0,7,2443,1781,7,655
2019-03-31,FLORIDA NORTHERN,FLORIDA,ELEVENTH CIRCUIT,288,237,3,0,48,12,9,3,0,0,276,228,0,48
2019-03-31,FLORIDA SOUTHERN,FLORIDA,ELEVENTH CIRCUIT,1553,891,29,0,632,58,29,27,0,1,1495,862,2,631
2019-03-31,GEORGIA MIDDLE,GEORGIA,ELEVENTH CIRCUIT,722,261,2,3,456,16,6,2,0,5,706,255,0,451
2019-03-31,GEORGIA NORTHERN,GEORGIA,ELEVENTH CIRCUIT,2651,1398,17,3,1233,52,34,15,0,0,2599,1364,2,1233
2019-03-31,GEORGIA SOUTHERN,GEORGIA,ELEVENTH CIRCUIT,540,121,1,0,418,3,2,1,0,0,537,119,0,418
2019-03-31,GUAM,GUAM,NINTH CIRCUIT,14,8,0,0,6,0,0,0,0,0,14,8,0,6
2019-03-31,HAWAII,HAWAII,NINTH CIRCUIT,149,111,1,0,37,9,8,1,0,0,140,103,0,37
2019-03-31,IDAHO,IDAHO,NINTH CIRCUIT,362,328,2,1,31,11,8,2,0,0,351,320,0,31
2019-03-31,ILLINOIS CENTRAL,ILLINOIS,SEVENTH CIRCUIT,515,409,5,0,101,14,9,4,0,1,501,400,1,100
2019-03-31,ILLINOIS NORTHERN,ILLINOIS,SEVENTH CIRCUIT,4254,2556,11,0,1687,57,42,9,0,6,4197,2514,2,1681
2019-03-31,ILLINOIS SOUTHERN,ILLINOIS,SEVENTH CIRCUIT,340,251,1,3,85,6,1,1,0,1,334,250,0,84
2019-03-31,INDIANA NORTHERN,INDIANA,SEVENTH CIRCUIT,1008,747,1,0,260,5,3,1,0,1,1003,744,0,259
2019-03-31,INDIANA SOUTHERN,INDIANA,SEVENTH CIRCUIT,1440,995,5,0,440,18,12,4,0,2,1422,983,1,438
2019-03-31,IOWA NORTHERN,IOWA,EIGHTH CIRCUIT,169,149,0,3,17,12,9,0,0,0,157,140,0,17
2019-03-31,IOWA SOUTHERN,IOWA,EIGHTH CIRCUIT,308,270,0,1,37,14,13,0,0,0,294,257,0,37
2019-03-31,KANSAS,KANSAS,TENTH CIRCUIT,632,378,6,3,245,23,12,6,0,2,609,366,0,243
2019-03-31,KENTUCKY EASTERN,KENTUCKY,SIXTH CIRCUIT,775,586,0,0,189,9,7,0,0,2,766,579,0,187
2019-03-31,KENTUCKY WESTERN,KENTUCKY,SIXTH CIRCUIT,853,579,3,0,271,12,7,3,0,2,841,572,0,269
2019-03-31,LOUISIANA EASTERN,LOUISIANA,FIFTH CIRCUIT,310,137,1,0,172,9,8,1,0,0,301,129,0,172
2019-03-31,LOUISIANA MIDDLE,LOUISIANA,FIFTH CIRCUIT,140,72,1,0,67,8,8,0,0,0,132,64,1,67
2019-03-31,LOUISIANA WESTERN,LOUISIANA,FIFTH CIRCUIT,773,234,2,4,533,16,11,1,0,0,757,223,1,533
2019-03-31,MAINE,MAINE,FIRST CIRCUIT,110,92,0,0,18,5,4,0,0,1,105,88,0,17
2019-03-31,MARYLAND,MARYLAND,FOURTH CIRCUIT,1728,1145,9,1,573,29,19,7,0,2,1699,1126,2,571
2019-03-31,MASSACHUSETTS,MASSACHUSETTS,FIRST CIRCUIT,737,506,12,1,218,32,24,6,0,1,705,482,6,217
2019-03-31,MICHIGAN EASTERN,MICHIGAN,SIXTH CIRCUIT,2641,2037,24,0,580,50,23,24,0,3,2591,2014,0,577
2019-03-31,MICHIGAN WESTERN,MICHIGAN,SIXTH CIRCUIT,625,510,3,0,112,7,3,3,0,1,618,507,0,111
2019-03-31,MINNESOTA,MINNESOTA,EIGHTH CIRCUIT,942,758,5,0,179,20,13,5,0,2,922,745,0,177
2019-03-31,MISSISSIPPI NORTHERN,MISSISSIPPI,FIFTH CIRCUIT,567,276,2,0,289,6,2,2,0,2,561,274,0,287
2019-03-31,MISSISSIPPI SOUTHERN,MISSISSIPPI,FIFTH CIRCUIT,660,414,1,0,245,6,5,1,0,0,654,409,0,245
2019-03-31,MISSOURI EASTERN,MISSOURI,EIGHTH CIRCUIT,983,660,4,0,319,12,7,3,0,2,971,653,1,317
2019-03-31,MISSOURI WESTERN,MISSOURI,EIGHTH CIRCUIT,733,496,2,0,235,10,6,2,0,2,723,490,0,233
2019-03-31,MONTANA,MONTANA,NINTH CIRCUIT,129,107,0,0,22,2,2,0,0,0,127,105,0,22
2019-03-31,NEBRASKA,NEBRASKA,EIGHTH CIRCUIT,411,305,3,1,102,11,7,3,0,0,400,298,0,102
2019-03-31,NEVADA,NEVADA,NINTH CIRCUIT,921,736,7,0,178,26,21,3,0,2,895,715,4,176
2019-03-31,NEW HAMPSHIRE,NEW HAMPSHIRE,FIRST CIRCUIT,167,120,0,1,46,8,5,0,0,2,159,115,0,44
2019-03-31,NEW JERSEY,NEW JERSEY,THIRD CIRCUIT,2375,1488,20,0,867,59,36,17,0,6,2316,1452,3,861
2019-03-31,NEW MEXICO,NEW MEXICO,TENTH CIRCUIT,304,265,2,0,37,7,6,1,0,0,297,259,1,37
2019-03-31,NEW YORK EASTERN,NEW YORK,SECOND CIRCUIT,1582,947,38,0,597,77,44,33,0,0,1505,903,5,597
2019-03-31,NEW YORK NORTHERN,NEW YORK,SECOND CIRCUIT,633,483,1,3,146,9,3,1,0,2,624,480,0,144
2019-03-31,NEW YORK SOUTHERN,NEW YORK,SECOND CIRCUIT,712,519,37,0,155,50,10,35,0,4,662,509,2,151
2019-03-31,NEW YORK WESTERN,NEW YORK,SECOND CIRCUIT,395,310,3,0,82,11,7,3,0,1,384,303,0,81
2019-03-31,NORTH CAROLINA EASTERN,NORTH CAROLINA,FOURTH CIRCUIT,532,173,11,3,345,29,11,11,0,4,503,162,0,341
2019-03-31,NORTH CAROLINA MIDDLE,NORTH CAROLINA,FOURTH CIRCUIT,336,156,0,1,179,5,4,0,0,0,331,152,0,179
2019-03-31,NORTH CAROLINA WESTERN,NORTH CAROLINA,FOURTH CIRCUIT,358,177,1,0,180,8,5,0,0,3,350,172,1,177
2019-03-31,NORTH DAKOTA,NORTH DAKOTA,EIGHTH CIRCUIT,67,60,0,0,7,0,0,0,0,0,67,60,0,7
2019-03-31,NORTHERN MARIANAS,NORTHERN MARIANA ISLANDS,NINTH CIRCUIT,1,1,0,0,0,0,0,0,0,0,1,1,0,0
2019-03-31,OHIO NORTHERN,OHIO,SIXTH CIRCUIT,2047,1696,3,0,348,24,19,3,0,2,2023,1677,0,346
2019-03-31,OHIO SOUTHERN,OHIO,SIXTH CIRCUIT,1802,1308,2,0,492,17,15,2,0,0,1785,1293,0,492
2019-03-31,OKLAHOMA EASTERN,OKLAHOMA,TENTH CIRCUIT,141,134,0,0,7,7,7,0,0,0,134,127,0,7
2019-03-31,OKLAHOMA NORTHERN,OKLAHOMA,TENTH CIRCUIT,309,282,0,1,26,6,5,0,0,0,303,277,0,26
2019-03-31,OKLAHOMA WESTERN,OKLAHOMA,TENTH CIRCUIT,590,458,1,0,131,15,13,1,0,1,575,445,0,130
2019-03-31,OREGON,OREGON,NINTH CIRCUIT,901,701,3,0,197,18,11,2,0,5,883,690,1,192
2019-03-31,PENNSYLVANIA EASTERN,PENNSYLVANIA,THIRD CIRCUIT,792,417,8,0,367,23,14,7,0,2,769,403,1,365
2019-03-31,PENNSYLVANIA MIDDLE,PENNSYLVANIA,THIRD CIRCUIT,484,360,1,0,123,5,4,1,0,0,479,356,0,123
2019-03-31,PENNSYLVANIA WESTERN,PENNSYLVANIA,THIRD CIRCUIT,831,534,3,2,292,24,13,3,0,6,807,521,0,286
2019-03-31,PUERTO RICO,PUERTO RICO,FIRST CIRCUIT,654,247,7,1,399,11,3,5,0,2,643,244,2,397
2019-03-31,RHODE ISLAND,RHODE ISLAND,FIRST CIRCUIT,204,160,0,0,44,4,4,0,0,0,200,156,0,44
2019-03-31,SOUTH CAROLINA,SOUTH CAROLINA,FOURTH CIRCUIT,668,260,1,1,406,21,17,1,0,2,647,243,0,404
2019-03-31,SOUTH DAKOTA,SOUTH DAKOTA,EIGHTH CIRCUIT,107,90,2,1,14,5,2,2,0,0,102,88,0,14
2019-03-31,TENNESSEE EASTERN,TENNESSEE,SIXTH CIRCUIT,1263,805,1,0,457,11,10,1,0,0,1252,795,0,457
2019-03-31,TENNESSEE MIDDLE,TENNESSEE,SIXTH CIRCUIT,827,491,5,0,331,17,12,4,0,1,810,479,1,330
2019-03-31,TENNESSEE WESTERN,TENNESSEE,SIXTH CIRCUIT,1206,388,2,0,816,8,5,2,0,1,1198,383,0,815
2019-03-31,TEXAS EASTERN,TEXAS,FIFTH CIRCUIT,526,257,8,0,261,28,19,7,0,2,498,238,1,259
2019-03-31,TEXAS NORTHERN,TEXAS,FIFTH CIRCUIT,1069,529,19,1,520,60,36,19,0,4,1009,493,0,516
2019-03-31,TEXAS SOUTHERN,TEXAS,FIFTH CIRCUIT,944,383,41,0,520,76,35,37,0,4,868,348,4,516
2019-03-31,TEXAS WESTERN,TEXAS,FIFTH CIRCUIT,755,422,8,0,319,39,23,7,0,3,716,399,1,316
2019-03-31,UTAH,UTAH,TENTH CIRCUIT,959,628,2,0,329,10,8,2,0,0,949,620,0,329
2019-03-31,VERMONT,VERMONT,SECOND CIRCUIT,34,25,0,1,8,3,2,0,0,0,31,23,0,8
2019-03-31,VIRGIN ISLANDS,VIRGIN ISLANDS,THIRD CIRCUIT,1,1,0,0,0,1,1,0,0,0,0,0,0,0
2019-03-31,VIRGINIA EASTERN,VIRGINIA,FOURTH CIRCUIT,1724,1048,6,0,670,20,13,5,0,2,1704,1035,1,668
2019-03-31,VIRGINIA WESTERN,VIRGINIA,FOURTH CIRCUIT,608,384,3,0,221,10,6,3,0,1,598,378,0,220
2019-03-31,WASHINGTON EASTERN,WASHINGTON,NINTH CIRCUIT,354,284,3,0,67,9,6,3,0,0,345,278,0,67
2019-03-31,WASHINGTON WESTERN,WASHINGTON,NINTH CIRCUIT,955,702,3,0,250,25,20,2,0,3,930,682,1,247
2019-03-31,WEST VIRGINIA NORTHERN,WEST VIRGINIA,FOURTH CIRCUIT,127,109,0,0,18,2,1,0,0,1,125,108,0,17
2019-03-31,WEST VIRGINIA SOUTHERN,WEST VIRGINIA,FOURTH CIRCUIT,172,147,5,0,20,7,2,5,0,0,165,145,0,20
2019-03-31,WISCONSIN EASTERN,WISCONSIN,SEVENTH CIRCUIT,1180,835,1,1,343,15,10,1,0,3,1165,825,0,340
2019-03-31,WISCONSIN WESTERN,WISCONSIN,SEVENTH CIRCUIT,396,319,2,0,75,7,4,2,0,1,389,315,0,74
2019-03-31,WYOMING,WYOMING,TENTH CIRCUIT,85,77,1,1,6,4,2,1,0,0,81,75,0,6
2019-04-30,ALABAMA MIDDLE,ALABAMA,ELEVENTH CIRCUIT,671,170,1,0,500,4,3,1,0,0,667,167,0,500
2019-04-30,ALABAMA NORTHERN,ALABAMA,ELEVENTH CIRCUIT,1205,595,6,0,604,17,11,5,0,1,1188,584,1,603
2019-04-30,ALABAMA SOUTHERN,ALABAMA,ELEVENTH CIRCUIT,413,139,1,0,273,3,2,1,0,0,410,137,0,273
2019-04-30,ALASKA,ALASKA,NINTH CIRCUIT,38,29,1,0,8,6,4,0,0,2,32,25,1,6
2019-04-30,ARIZONA,ARIZONA,NINTH CIRCUIT,1727,1430,16,1,280,31,18,12,0,0,1696,1412,4,280
2019-04-30,ARKANSAS,ARKANSAS,EIGHTH CIRCUIT,941,491,1,2,447,22,17,1,0,2,919,474,0,445
2019-04-30,CALIFORNIA CENTRAL,CALIFORNIA,NINTH CIRCUIT,3630,2835,49,0,746,152,106,32,0,14,3478,2729,17,732
2019-04-30,CALIFORNIA EASTERN,CALIFORNIA,NINTH CIRCUIT,1448,1113,4,4,327,46,33,1,0,8,1402,1080,3,319
2019-04-30,CALIFORNIA NORTHERN,CALIFORNIA,NINTH CIRCUIT,764,441,15,0,308,39,22,11,0,6,725,419,4,302
2019-04-30,CALIFORNIA SOUTHERN,CALIFORNIA,NINTH CIRCUIT,747,608,5,0,134,25,13,5,0,7,722,595,0,127
2019-04-30,COLORADO,COLORADO,TENTH CIRCUIT,1270,1035,6,0,229,45,34,6,0,5,1225,1001,0,224
2019-04-30,CONNECTICUT,CONNECTICUT,SECOND CIRCUIT,599,490,4,0,105,16,13,3,0,0,583,477,1,105
2019-04-30,DELAWARE,DELAWARE,THIRD CIRCUIT,281,143,72,0,66,75,3,72,0,0,206,140,0,66
2019-04-30,DISTRICT OF COLUMBIA,DISTRICT OF COLUMBIA,DC CIRCUIT,84,57,1,0,26,3,1,1,0,1,81,56,0,25
2019-04-30,FLORIDA MIDDLE,FLORIDA,ELEVENTH CIRCUIT,2490,1796,25,0,669,74,45,22,0,7,2416,1751,3,662
2019-04-30,FLORIDA NORTHERN,FLORIDA,ELEVENTH CIRCUIT,293,235,0,0,58,8,8,0,0,0,285,227,0,58
2019-04-30,FLORIDA SOUTHERN,FLORIDA,ELEVENTH CIRCUIT,1646,953,32,0,661,61,31,26,0,4,1585,922,6,657
2019-04-30,GEORGIA MIDDLE,GEORGIA,ELEVENTH CIRCUIT,658,242,0,1,415,11,7,0,0,3,647,235,0,412
2019-04-30,GEORGIA NORTHERN,GEORGIA,ELEVENTH CIRCUIT,2337,1235,11,0,1091,47,36,10,0,1,2290,1199,1,1090
2019-04-30,GEORGIA SOUTHERN,GEORGIA,ELEVENTH CIRCUIT,476,113,2,0,361,7,4,2,0,1,469,109,0,360
2019-04-30,GUAM,GUAM,NINTH CIRCUIT,2,2,0,0,0,0,0,0,0,0,2,2,0,0
2019-04-30,HAWAII,HAWAII,NINTH CIRCUIT,159,104,0,0,55,5,5,0,0,0,154,99,0,55
2019-04-30,IDAHO,IDAHO,NINTH CIRCUIT,377,338,1,1,37,5,4,0,0,0,372,334,1,37
2019-04-30,ILLINOIS CENTRAL,ILLINOIS,SEVENTH CIRCUIT,526,430,0,3,93,12,8,0,0,1,514,422,0,92
2019-04-30,ILLINOIS NORTHERN,ILLINOIS,SEVENTH CIRCUIT,3646,2309,7,0,1329,67,56,6,0,4,3579,2253,1,1325
2019-04-30,ILLINOIS SOUTHERN,ILLINOIS,SEVENTH CIRCUIT,330,236,0,0,94,3,1,0,0,2,327,235,0,92
2019-04-30,INDIANA NORTHERN,INDIANA,SEVENTH CIRCUIT,940,646,3,0,291,6,2,3,0,1,934,644,0,290
2019-04-30,INDIANA SOUTHERN,INDIANA,SEVENTH CIRCUIT,1460,993,3,3,461,18,11,3,0,1,1442,982,0,460
2019-04-30,IOWA NORTHERN,IOWA,EIGHTH CIRCUIT,191,169,7,1,14,13,5,7,0,0,178,164,0,14
2019-04-30,IOWA SOUTHERN,IOWA,EIGHTH CIRCUIT,335,303,0,0,32,7,7,0,0,0,328,296,0,32
2019-04-30,KANSAS,KANSAS,TENTH CIRCUIT,683,393,12,5,273,27,8,12,0,2,656,385,0,271
2019-04-30,KENTUCKY EASTERN,KENTUCKY,SIXTH CIRCUIT,737,542,0,0,195,7,6,0,0,1,730,536,0,194
2019-04-30,KENTUCKY WESTERN,KENTUCKY,SIXTH CIRCUIT,689,431,2,0,256,13,8,2,0,3,676,423,0,253
2019-04-30,LOUISIANA EASTERN,LOUISIANA,FIFTH CIRCUIT,352,171,4,0,177,12,7,4,0,1,340,164,0,176
2019-04-30,LOUISIANA MIDDLE,LOUISIANA,FIFTH CIRCUIT,146,87,0,0,59,4,4,0,0,0,142,83,0,59
2019-04-30,LOUISIANA WESTERN,LOUISIANA,FIFTH CIRCUIT,691,184,2,0,505,9,7,2,0,0,682,177,0,505
2019-04-30,MAINE,MAINE,FIRST CIRCUIT,139,115,1,1,22,6,4,1,0,0,133,111,0,22
2019-04-30,MARYLAND,MARYLAND,FOURTH CIRCUIT,1630,1069,11,0,550,38,24,9,0,5,1592,1045,2,545
2019-04-30,MASSACHUSETTS,MASSACHUSETTS,FIRST CIRCUIT,704,498,8,1,197,29,22,4,0,2,675,476,4,195
2019-04-30,MICHIGAN EASTERN,MICHIGAN,SIXTH CIRCUIT,2515,1966,9,0,540,35,23,9,0,3,2480,1943,0,537
2019-04-30,MICHIGAN WESTERN,MICHIGAN,SIXTH CIRCUIT,634,516,0,3,115,18,12,0,0,3,616,504,0,112
2019-04-30,MINNESOTA,MINNESOTA,EIGHTH CIRCUIT,970,787,3,1,179,26,21,3,0,1,944,766,0,178
2019-04-30,MISSISSIPPI NORTHERN,MISSISSIPPI,FIFTH CIRCUIT,444,183,1,1,259,7,2,1,0,3,437,181,0,256
2019-04-30,MISSISSIPPI SOUTHERN,MISSISSIPPI,FIFTH CIRCUIT,679,346,1,1,331,10,7,1,0,1,669,339,0,330
2019-04-30,MISSOURI EASTERN,MISSOURI,EIGHTH CIRCUIT,942,651,3,0,288,12,8,3,0,1,930,643,0,287
2019-04-30,MISSOURI WESTERN,MISSOURI,EIGHTH CIRCUIT,747,487,1,0,259,7,7,0,0,0,740,480,1,259
2019-04-30,MONTANA,MONTANA,NINTH CIRCUIT,149,125,2,0,22,6,4,2,0,0,143,121,0,22
2019-04-30,NEBRASKA,NEBRASKA,EIGHTH CIRCUIT,404,309,5,4,86,13,4,4,0,1,391,305,1,85
2019-04-30,NEVADA,NEVADA,NINTH CIRCUIT,940,751,7,0,182,15,13,2,0,0,925,738,5,182
2019-04-30,NEW HAMPSHIRE,NEW HAMPSHIRE,FIRST CIRCUIT,161,108,1,0,52,4,2,1,0,1,157,106,0,51
2019-04-30,NEW JERSEY,NEW JERSEY,THIRD CIRCUIT,2390,1521,21,0,848,63,44,18,0,1,2327,1477,3,847
2019-04-30,NEW MEXICO,NEW MEXICO,TENTH CIRCUIT,305,264,0,0,41,11,11,0,0,0,294,253,0,41
2019-04-30,NEW YORK EASTERN,NEW YORK,SECOND CIRCUIT,1500,893,40,0,567,81,47,34,0,0,1419,846,6,567
2019-04-30,NEW YORK NORTHERN,NEW YORK,SECOND CIRCUIT,634,504,2,1,127,13,9,2,0,1,621,495,0,126
2019-04-30,NEW YORK SOUTHERN,NEW YORK,SECOND CIRCUIT,836,610,32,0,189,57,24,27,0,1,779,586,5,188
2019-04-30,NEW YORK WESTERN,NEW YORK,SECOND CIRCUIT,412,295,4,2,111,17,8,4,0,3,395,287,0,108
2019-04-30,NORTH CAROLINA EASTERN,NORTH CAROLINA,FOURTH CIRCUIT,540,204,12,0,324,23,6,11,0,6,517,198,1,318
2019-04-30,NORTH CAROLINA MIDDLE,NORTH CAROLINA,FOURTH CIRCUIT,342,159,2,0,181,7,4,2,0,1,335,155,0,180
2019-04-30,NORTH CAROLINA WESTERN,NORTH CAROLINA,FOURTH CIRCUIT,345,193,1,0,151,8,4,1,0,3,337,189,0,148
2019-04-30,NORTH DAKOTA,NORTH DAKOTA,EIGHTH CIRCUIT,71,61,0,0,10,2,2,0,0,0,69,59,0,10
2019-04-30,NORTHERN MARIANAS,NORTHERN MARIANA ISLANDS,NINTH CIRCUIT,1,0,0,0,1,0,0,0,0,0,1,0,0,1
2019-04-30,OHIO NORTHERN,OHIO,SIXTH CIRCUIT,2117,1778,4,1,334,24,16,4,0,3,2093,1762,0,331
2019-04-30,OHIO SOUTHERN,OHIO,SIXTH CIRCUIT,1724,1224,1,0,499,27,24,1,0,2,1697,1200,0,497
2019-04-30,OKLAHOMA EASTERN,OKLAHOMA,TENTH CIRCUIT,152,137,0,0,15,1,1,0,0,0,151,136,0,15
2019-04-30,OKLAHOMA NORTHERN,OKLAHOMA,TENTH CIRCUIT,263,226,2,0,27,12,2,2,0,0,251,224,0,27
2019-04-30,OKLAHOMA WESTERN,OKLAHOMA,TENTH CIRCUIT,539,449,0,1,89,14,13,0,0,0,525,436,0,89
2019-04-30,OREGON,OREGON,NINTH CIRCUIT,859,658,1,0,200,18,15,1,0,2,841,643,0,198
2019-04-30,PENNSYLVANIA EASTERN,PENNSYLVANIA,THIRD CIRCUIT,779,387,10,2,380,38,19,8,0,9,741,368,2,371
2019-04-30,PENNSYLVANIA MIDDLE,PENNSYLVANIA,THIRD CIRCUIT,557,359,1,1,196,14,8,1,0,4,543,351,0,192
2019-04-30,PENNSYLVANIA WESTERN,PENNSYLVANIA,THIRD CIRCUIT,698,474,4,1,219,14,9,4,0,0,684,465,0,219
2019-04-30,PUERTO RICO,PUERTO RICO,FIRST CIRCUIT,676,281,10,2,383,23,11,9,0,1,653,270,1,382
2019-04-30,RHODE ISLAND,RHODE ISLAND,FIRST CIRCUIT,205,160,1,0,44,7,7,0,0,0,198,153,1,44
2019-04-30,SOUTH CAROLINA,SOUTH CAROLINA,FOURTH CIRCUIT,534,230,0,0,304,7,6,0,0,1,527,224,0,303
2019-04-30,SOUTH DAKOTA,SOUTH DAKOTA,EIGHTH CIRCUIT,101,87,0,2,12,5,2,0,0,1,96,85,0,11
2019-04-30,TENNESSEE EASTERN,TENNESSEE,SIXTH CIRCUIT,1067,649,1,0,417,11,9,1,0,1,1056,640,0,416
2019-04-30,TENNESSEE MIDDLE,TENNESSEE,SIXTH CIRCUIT,758,388,6,0,364,17,12,4,0,1,741,376,2,363
2019-04-30,TENNESSEE WESTERN,TENNESSEE,SIXTH CIRCUIT,1047,317,3,0,727,5,3,2,0,0,1042,314,1,727
2019-04-30,TEXAS EASTERN,TEXAS,FIFTH CIRCUIT,500,272,3,0,225,31,27,2,0,2,469,245,1,223
2019-04-30,TEXAS NORTHERN,TEXAS,FIFTH CIRCUIT,914,504,13,3,394,51,33,12,0,3,863,471,1,391
2019-04-30,TEXAS SOUTHERN,TEXAS,FIFTH CIRCUIT,815,423,31,0,361,68,40,27,0,1,747,383,4,360
2019-04-30,TEXAS WESTERN,TEXAS,FIFTH CIRCUIT,739,481,3,0,255,55,52,2,0,1,684,429,1,254
2019-04-30,UTAH,UTAH,TENTH CIRCUIT,975,633,1,0,341,9,7,1,0,1,966,626,0,340
2019-04-30,VERMONT,VERMONT,SECOND CIRCUIT,62,53,0,0,9,4,2,0,0,2,58,51,0,7
2019-04-30,VIRGIN ISLANDS,VIRGIN ISLANDS,THIRD CIRCUIT,0,0,0,0,0,0,0,0,0,0,0,0,0,0
2019-04-30,VIRGINIA EASTERN,VIRGINIA,FOURTH CIRCUIT,1624,1024,7,0,593,38,31,5,0,2,1586,993,2,591
2019-04-30,VIRGINIA WESTERN,VIRGINIA,FOURTH CIRCUIT,505,324,0,0,181,9,8,0,0,1,496,316,0,180
2019-04-30,WASHINGTON EASTERN,WASHINGTON,NINTH CIRCUIT,339,265,2,0,72,8,5,2,0,1,331,260,0,71
2019-04-30,WASHINGTON WESTERN,WASHINGTON,NINTH CIRCUIT,915,696,3,1,215,20,17,1,0,1,895,679,2,214
2019-04-30,WEST VIRGINIA NORTHERN,WEST VIRGINIA,FOURTH CIRCUIT,105,88,0,0,17,0,0,0,0,0,105,88,0,17
2019-04-30,WEST VIRGINIA SOUTHERN,WEST VIRGINIA,FOURTH CIRCUIT,175,158,6,0,11,9,3,6,0,0,166,155,0,11
2019-04-30,WISCONSIN EASTERN,WISCONSIN,SEVENTH CIRCUIT,1480,980,3,5,492,26,12,3,0,6,1454,968,0,486
2019-04-30,WISCONSIN WESTERN,WISCONSIN,SEVENTH CIRCUIT,518,417,2,5,94,15,6,2,0,2,503,411,0,92
2019-04-30,WYOMING,WYOMING,TENTH CIRCUIT,99,90,0,0,9,2,2,0,0,0,97,88,0,9
2019-05-31,ALABAMA MIDDLE,ALABAMA,ELEVENTH CIRCUIT,681,156,1,0,524,4,4,0,0,0,677,152,1,524
2019-05-31,ALABAMA NORTHERN,ALABAMA,ELEVENTH CIRCUIT,1149,555,4,0,590,15,10,4,0,1,1134,545,0,589
2019-05-31,ALABAMA SOUTHERN,ALABAMA,ELEVENTH CIRCUIT,443,131,0,0,312,1,1,0,0,0,442,130,0,312
2019-05-31,ALASKA,ALASKA,NINTH CIRCUIT,34,25,0,0,9,2,2,0,0,0,32,23,0,9
2019-05-31,ARIZONA,ARIZONA,NINTH CIRCUIT,1568,1267,13,2,286,37,29,6,0,0,1531,1238,7,286
2019-05-31,ARKANSAS,ARKANSAS,EIGHTH CIRCUIT,932,463,2,0,467,14,11,1,0,2,918,452,1,465
2019-05-31,CALIFORNIA CENTRAL,CALIFORNIA,NINTH CIRCUIT,3457,2722,36,0,699,140,98,26,0,16,3317,2624,10,683
2019-05-31,CALIFORNIA EASTERN,CALIFORNIA,NINTH CIRCUIT,1510,1201,7,5,297,55,36,6,0,8,1455,1165,1,289
2019-05-31,CALIFORNIA NORTHERN,CALIFORNIA,NINTH CIRCUIT,722,437,14,0,271,31,22,7,0,2,691,415,7,269
2019-05-31,CALIFORNIA SOUTHERN,CALIFORNIA,NINTH CIRCUIT,713,575,6,1,131,20,12,4,0,3,693,563,2,128
2019-05-31,COLORADO,COLORADO,TENTH CIRCUIT,1106,853,4,1,248,24,20,3,0,0,1082,833,1,248
2019-05-31,CONNECTICUT,CONNECTICUT,SECOND CIRCUIT,590,492,5,0,93,13,8,5,0,0,577,484,0,93
2019-05-31,DELAWARE,DELAWARE,THIRD CIRCUIT,284,124,82,0,77,86,3,82,0,0,198,121,0,77
2019-05-31,DISTRICT OF COLUMBIA,DISTRICT OF COLUMBIA,DC CIRCUIT,73,51,3,0,19,3,1,2,0,0,70,50,1,19
2019-05-31,FLORIDA MIDDLE,FLORIDA,ELEVENTH CIRCUIT,2314,1676,34,1,603,83,49,29,0,4,2231,1627,5,599
2019-05-31,FLORIDA NORTHERN,FLORIDA,ELEVENTH CIRCUIT,211,152,4,0,55,9,4,3,0,2,202,148,1,53
2019-05-31,FLORIDA SOUTHERN,FLORIDA,ELEVENTH CIRCUIT,1586,907,23,0,651,58,28,19,0,6,1528,879,4,645
2019-05-31,GEORGIA MIDDLE,GEORGIA,ELEVENTH CIRCUIT,727,248,0,2,477,12,7,0,0,3,715,241,0,474
2019-05-31,GEORGIA NORTHERN,GEORGIA,ELEVENTH CIRCUIT,2502,1270,14,1,1217,61,45,12,0,3,2441,1225,2,1214
2019-05-31,GEORGIA SOUTHERN,GEORGIA,ELEVENTH CIRCUIT,522,91,0,2,429,13,10,0,0,1,509,81,0,428
2019-05-31,GUAM,GUAM,NINTH CIRCUIT,17,13,0,0,4,1,1,0,0,0,16,12,0,4
2019-05-31,HAWAII,HAWAII,NINTH CIRCUIT,145,86,1,0,58,6,4,1,0,1,139,82,0,57
2019-05-31,IDAHO,IDAHO,NINTH CIRCUIT,350,314,1,3,32,5,1,1,0,0,345,313,0,32
2019-05-31,ILLINOIS CENTRAL,ILLINOIS,SEVENTH CIRCUIT,477,375,1,0,101,13,11,1,0,1,464,364,0,100
2019-05-31,ILLINOIS NORTHERN,ILLINOIS,SEVENTH CIRCUIT,3511,2182,4,1,1324,64,53,4,0,6,3447,2129,0,1318
2019-05-31,ILLINOIS SOUTHERN,ILLINOIS,SEVENTH CIRCUIT,280,189,0,0,91,7,5,0,0,2,273,184,0,89
2019-05-31,INDIANA NORTHERN,INDIANA,SEVENTH CIRCUIT,825,565,3,0,257,13,6,3,0,4,812,559,0,253
2019-05-31,INDIANA SOUTHERN,INDIANA,SEVENTH CIRCUIT,1365,891,5,0,469,26,17,5,0,4,1339,874,0,465
2019-05-31,IOWA NORTHERN,IOWA,EIGHTH CIRCUIT,184,160,0,2,22,9,7,0,0,0,175,153,0,22
2019-05-31,IOWA SOUTHERN,IOWA,EIGHTH CIRCUIT,305,260,0,4,41,12,8,0,0,0,293,252,0,41
2019-05-31,KANSAS,KANSAS,TENTH CIRCUIT,681,373,3,6,299,17,10,1,0,0,664,363,2,299
2019-05-31,KENTUCKY EASTERN,KENTUCKY,SIXTH CIRCUIT,727,518,0,0,209,9,9,0,0,0,718,509,0,209
2019-05-31,KENTUCKY WESTERN,KENTUCKY,SIXTH CIRCUIT,651,414,2,1,234,14,10,2,0,1,637,404,0,233
2019-05-31,LOUISIANA EASTERN,LOUISIANA,FIFTH CIRCUIT,313,114,1,0,198,12,8,1,0,3,301,106,0,195
2019-05-31,LOUISIANA MIDDLE,LOUISIANA,FIFTH CIRCUIT,152,80,4,0,68,6,2,4,0,0,146,78,0,68
2019-05-31,LOUISIANA WESTERN,LOUISIANA,FIFTH CIRCUIT,674,171,4,2,497,13,8,2,0,1,661,163,2,496
2019-05-31,MAINE,MAINE,FIRST CIRCUIT,127,113,2,1,11,7,4,1,0,1,120,109,1,10
2019-05-31,MARYLAND,MARYLAND,FOURTH CIRCUIT,1588,968,11,1,608,33,18,9,0,5,1555,950,2,603
2019-05-31,MASSACHUSETTS,MASSACHUSETTS,FIRST CIRCUIT,699,463,7,1,228,21,16,3,0,1,678,447,4,227
2019-05-31,MICHIGAN EASTERN,MICHIGAN,SIXTH CIRCUIT,2211,1701,1,0,509,19,13,1,0,5,2192,1688,0,504
2019-05-31,MICHIGAN WESTERN,MICHIGAN,SIXTH CIRCUIT,514,409,1,2,102,14,8,1,0,3,500,401,0,99
2019-05-31,MINNESOTA,MINNESOTA,EIGHTH CIRCUIT,924,753,0,1,170,21,19,0,0,1,903,734,0,169
2019-05-31,MISSISSIPPI NORTHERN,MISSISSIPPI,FIFTH CIRCUIT,430,179,2,0,249,6,4,2,0,0,424,175,0,249
2019-05-31,MISSISSIPPI SOUTHERN,MISSISSIPPI,FIFTH CIRCUIT,595,331,1,0,263,14,12,1,0,1,581,319,0,262
2019-05-31,MISSOURI EASTERN,MISSOURI,EIGHTH CIRCUIT,900,584,4,0,312,14,9,4,0,1,886,575,0,311
2019-05-31,MISSOURI WESTERN,MISSOURI,EIGHTH CIRCUIT,715,461,2,0,252,16,13,2,0,1,699,448,0,251
2019-05-31,MONTANA,MONTANA,NINTH CIRCUIT,145,119,2,3,21,6,1,2,0,0,139,118,0,21
2019-05-31,NEBRASKA,NEBRASKA,EIGHTH CIRCUIT,387,275,3,8,101,17,5,2,0,2,370,270,1,99
2019-05-31,NEVADA,NEVADA,NINTH CIRCUIT,964,793,13,0,158,27,19,7,0,1,937,774,6,157
2019-05-31,NEW HAMPSHIRE,NEW HAMPSHIRE,FIRST CIRCUIT,189,118,3,1,67,6,1,3,0,1,183,117,0,66
2019-05-31,NEW JERSEY,NEW JERSEY,THIRD CIRCUIT,2213,1336,22,0,855,54,32,17,0,5,2159,1304,5,850
2019-05-31,NEW MEXICO,NEW MEXICO,TENTH CIRCUIT,286,252,4,0,30,9,5,4,0,0,277,247,0,30
2019-05-31,NEW YORK EASTERN,NEW YORK,SECOND CIRCUIT,1572,887,33,0,652,70,45,25,0,0,1502,842,8,652
2019-05-31,NEW YORK NORTHERN,NEW YORK,SECOND CIRCUIT,578,450,2,1,125,7,3,2,0,1,571,447,0,124
2019-05-31,NEW YORK SOUTHERN,NEW YORK,SECOND CIRCUIT,810,561,58,1,172,93,17,57,0,0,717,544,1,172
2019-05-31,NEW YORK WESTERN,NEW YORK,SECOND CIRCUIT,388,304,3,0,81,16,10,3,0,3,372,294,0,78
2019-05-31,NORTH CAROLINA EASTERN,NORTH CAROLINA,FOURTH CIRCUIT,545,207,2,0,336,19,15,2,0,2,526,192,0,334
2019-05-31,NORTH CAROLINA MIDDLE,NORTH CAROLINA,FOURTH CIRCUIT,307,132,1,0,174,4,3,1,0,0,303,129,0,174
2019-05-31,NORTH CAROLINA WESTERN,NORTH CAROLINA,FOURTH CIRCUIT,343,187,2,0,154,10,8,2,0,0,333,179,0,154
2019-05-31,NORTH DAKOTA,NORTH DAKOTA,EIGHTH CIRCUIT,77,63,0,0,14,4,4,0,0,0,73,59,0,14
2019-05-31,NORTHERN MARIANAS,NORTHERN MARIANA ISLANDS,NINTH CIRCUIT,1,1,0,0,0,0,0,0,0,0,1,1,0,0
2019-05-31,OHIO NORTHERN,OHIO,SIXTH CIRCUIT,1984,1590,3,1,390,30,21,3,0,5,1954,1569,0,385
2019-05-31,OHIO SOUTHERN,OHIO,SIXTH CIRCUIT,1626,1129,1,0,496,27,21,1,0,5,1599,1108,0,491
2019-05-31,OKLAHOMA EASTERN,OKLAHOMA,TENTH CIRCUIT,149,123,0,0,26,8,8,0,0,0,141,115,0,26
2019-05-31,OKLAHOMA NORTHERN,OKLAHOMA,TENTH CIRCUIT,234,202,0,0,32,7,5,0,0,2,227,197,0,30
2019-05-31,OKLAHOMA WESTERN,OKLAHOMA,TENTH CIRCUIT,527,386,6,1,134,22,14,6,0,1,505,372,0,133
2019-05-31,OREGON,OREGON,NINTH CIRCUIT,853,641,3,0,209,20,16,2,0,2,833,625,1,207
2019-05-31,PENNSYLVANIA EASTERN,PENNSYLVANIA,THIRD CIRCUIT,775,366,5,0,404,20,15,5,0,0,755,351,0,404
2019-05-31,PENNSYLVANIA MIDDLE,PENNSYLVANIA,THIRD CIRCUIT,527,326,9,2,190,22,9,7,0,4,505,317,2,186
2019-05-31,PENNSYLVANIA WESTERN,PENNSYLVANIA,THIRD CIRCUIT,718,456,7,0,255,39,26,6,0,7,679,430,1,248
2019-05-31,PUERTO RICO,PUERTO RICO,FIRST CIRCUIT,713,257,3,0,453,9,4,3,0,2,704,253,0,451
2019-05-31,RHODE ISLAND,RHODE ISLAND,FIRST CIRCUIT,185,143,0,0,42,5,5,0,0,0,180,138,0,42
2019-05-31,SOUTH CAROLINA,SOUTH CAROLINA,FOURTH CIRCUIT,575,236,2,0,337,8,6,2,0,0,567,230,0,337
2019-05-31,SOUTH DAKOTA,SOUTH DAKOTA,EIGHTH CIRCUIT,90,79,0,2,9,5,2,0,0,1,85,77,0,8
2019-05-31,TENNESSEE EASTERN,TENNESSEE,SIXTH CIRCUIT,1050,613,6,0,431,15,9,6,0,0,1035,604,0,431
2019-05-31,TENNESSEE MIDDLE,TENNESSEE,SIXTH CIRCUIT,711,357,5,1,348,23,19,3,0,0,688,338,2,348
2019-05-31,TENNESSEE WESTERN,TENNESSEE,SIXTH CIRCUIT,1023,243,4,0,776,12,6,4,0,2,1011,237,0,774
2019-05-31,TEXAS EASTERN,TEXAS,FIFTH CIRCUIT,514,257,7,0,250,29,21,6,0,2,485,236,1,248
2019-05-31,TEXAS NORTHERN,TEXAS,FIFTH CIRCUIT,1003,517,18,0,468,62,41,18,0,3,941,476,0,465
2019-05-31,TEXAS SOUTHERN,TEXAS,FIFTH CIRCUIT,895,390,32,2,471,67,36,28,0,1,828,354,4,470
2019-05-31,TEXAS WESTERN,TEXAS,FIFTH CIRCUIT,778,463,19,1,295,60,41,18,0,0,718,422,1,295
2019-05-31,UTAH,UTAH,TENTH CIRCUIT,958,614,6,0,338,20,12,6,0,2,938,602,0,336
2019-05-31,VERMONT,VERMONT,SECOND CIRCUIT,51,45,0,1,5,4,3,0,0,0,47,42,0,5
2019-05-31,VIRGIN ISLANDS,VIRGIN ISLANDS,THIRD CIRCUIT,0,0,0,0,0,0,0,0,0,0,0,0,0,0
2019-05-31,VIRGINIA EASTERN,VIRGINIA,FOURTH CIRCUIT,1655,1014,4,0,637,25,21,3,0,1,1630,993,1,636
2019-05-31,VIRGINIA WESTERN,VIRGINIA,FOURTH CIRCUIT,492,288,2,0,202,6,3,2,0,1,486,285,0,201
2019-05-31,WASHINGTON EASTERN,WASHINGTON,NINTH CIRCUIT,353,259,14,1,79,25,10,13,0,1,328,249,1,78
2019-05-31,WASHINGTON WESTERN,WASHINGTON,NINTH CIRCUIT,870,595,2,0,273,24,21,1,0,2,846,574,1,271
2019-05-31,WEST VIRGINIA NORTHERN,WEST VIRGINIA,FOURTH CIRCUIT,99,90,1,0,8,4,3,1,0,0,95,87,0,8
2019-05-31,WEST VIRGINIA SOUTHERN,WEST VIRGINIA,FOURTH CIRCUIT,179,167,1,0,11,2,1,1,0,0,177,166,0,11
2019-05-31,WISCONSIN EASTERN,WISCONSIN,SEVENTH CIRCUIT,1235,833,1,0,401,15,12,1,0,2,1220,821,0,399
2019-05-31,WISCONSIN WESTERN,WISCONSIN,SEVENTH CIRCUIT,434,361,5,2,66,19,11,5,0,1,415,350,0,65
2019-05-31,WYOMING,WYOMING,TENTH CIRCUIT,84,73,0,0,11,4,3,0,0,1,80,70,0,10
2019-06-30,ALABAMA MIDDLE,ALABAMA,ELEVENTH CIRCUIT,602,127,1,1,473,5,3,1,0,0,597,124,0,473
2019-06-30,ALABAMA NORTHERN,ALABAMA,ELEVENTH CIRCUIT,1030,439,3,0,588,15,11,2,0,2,1015,428,1,586
2019-06-30,ALABAMA SOUTHERN,ALABAMA,ELEVENTH CIRCUIT,428,100,1,0,327,3,2,1,0,0,425,98,0,327
2019-06-30,ALASKA,ALASKA,NINTH CIRCUIT,34,27,0,0,7,1,1,0,0,0,33,26,0,7
2019-06-30,ARIZONA,ARIZONA,NINTH CIRCUIT,1369,1139,6,0,224,34,30,4,0,0,1335,1109,2,224
2019-06-30,ARKANSAS,ARKANSAS,EIGHTH CIRCUIT,813,394,2,0,417,19,16,2,0,1,794,378,0,416
2019-06-30,CALIFORNIA CENTRAL,CALIFORNIA,NINTH CIRCUIT,3065,2418,29,0,618,129,103,21,0,5,2936,2315,8,613
2019-06-30,CALIFORNIA EASTERN,CALIFORNIA,NINTH CIRCUIT,1222,931,4,2,285,36,25,4,0,5,1186,906,0,280
2019-06-30,CALIFORNIA NORTHERN,CALIFORNIA,NINTH CIRCUIT,666,396,9,0,259,25,18,1,0,4,641,378,8,255
2019-06-30,CALIFORNIA SOUTHERN,CALIFORNIA,NINTH CIRCUIT,639,525,3,0,111,21,17,2,0,2,618,508,1,109
2019-06-30,COLORADO,COLORADO,TENTH CIRCUIT,960,731,5,0,224,30,22,4,0,4,930,709,1,220
2019-06-30,CONNECTICUT,CONNECTICUT,SECOND CIRCUIT,492,393,0,0,99,10,9,0,0,1,482,384,0,98
2019-06-30,DELAWARE,DELAWARE,THIRD CIRCUIT,236,97,51,0,82,62,4,51,0,1,174,93,0,81
2019-06-30,DISTRICT OF COLUMBIA,DISTRICT OF COLUMBIA,DC CIRCUIT,66,36,6,0,24,6,1,5,0,0,60,35,1,24
2019-06-30,FLORIDA MIDDLE,FLORIDA,ELEVENTH CIRCUIT,2075,1517,20,1,535,82,54,16,0,9,1993,1463,4,526
2019-06-30,FLORIDA NORTHERN,FLORIDA,ELEVENTH CIRCUIT,197,156,0,0,41,7,7,0,0,0,190,149,0,41
2019-06-30,FLORIDA SOUTHERN,FLORIDA,ELEVENTH CIRCUIT,1542,897,12,0,633,34,23,9,0,2,1508,874,3,631
2019-06-30,GEORGIA MIDDLE,GEORGIA,ELEVENTH CIRCUIT,637,209,2,2,424,10,3,2,0,3,627,206,0,421
2019-06-30,GEORGIA NORTHERN,GEORGIA,ELEVENTH CIRCUIT,2385,1184,10,0,1191,36,27,8,0,1,2349,1157,2,1190
2019-06-30,GEORGIA SOUTHERN,GEORGIA,ELEVENTH CIRCUIT,482,83,1,1,397,3,1,1,0,0,479,82,0,397
2019-06-30,GUAM,GUAM,NINTH CIRCUIT,32,28,0,0,4,0,0,0,0,0,32,28,0,4
2019-06-30,HAWAII,HAWAII,NINTH CIRCUIT,129,89,0,0,40,2,1,0,0,1,127,88,0,39
2019-06-30,IDAHO,IDAHO,NINTH CIRCUIT,283,258,2,0,23,9,6,2,0,1,274,252,0,22
2019-06-30,ILLINOIS CENTRAL,ILLINOIS,SEVENTH CIRCUIT,382,290,0,1,91,11,8,0,0,2,371,282,0,89
2019-06-30,ILLINOIS NORTHERN,ILLINOIS,SEVENTH CIRCUIT,3129,1933,21,0,1175,57,35,14,0,8,3072,1898,7,1167
2019-06-30,ILLINOIS SOUTHERN,ILLINOIS,SEVENTH CIRCUIT,249,174,0,1,74,3,1,0,0,1,246,173,0,73
2019-06-30,INDIANA NORTHERN,INDIANA,SEVENTH CIRCUIT,724,492,0,0,232,6,5,0,0,1,718,487,0,231
2019-06-30,INDIANA SOUTHERN,INDIANA,SEVENTH CIRCUIT,1194,771,1,0,422,17,15,1,0,1,1177,756,0,421
2019-06-30,IOWA NORTHERN,IOWA,EIGHTH CIRCUIT,175,159,0,2,14,6,4,0,0,0,169,155,0,14
2019-06-30,IOWA SOUTHERN,IOWA,EIGHTH CIRCUIT,245,206,0,0,39,5,5,0,0,0,240,201,0,39
2019-06-30,KANSAS,KANSAS,TENTH CIRCUIT,593,328,0,0,265,9,7,0,0,2,584,321,0,263
2019-06-30,KENTUCKY EASTERN,KENTUCKY,SIXTH CIRCUIT,644,430,19,1,194,27,6,19,0,1,617,424,0,193
2019-06-30,KENTUCKY WESTERN,KENTUCKY,SIXTH CIRCUIT,609,376,1,0,232,6,5,1,0,0,603,371,0,232
2019-06-30,LOUISIANA EASTERN,LOUISIANA,FIFTH CIRCUIT,285,127,6,0,152,18,11,6,0,1,267,116,0,151
2019-06-30,LOUISIANA MIDDLE,LOUISIANA,FIFTH CIRCUIT,96,58,0,0,38,2,2,0,0,0,94,56,0,38
2019-06-30,LOUISIANA WESTERN,LOUISIANA,FIFTH CIRCUIT,635,139,1,0,495,7,4,1,0,2,628,135,0,493
2019-06-30,MAINE,MAINE,FIRST CIRCUIT,115,97,1,0,17,9,8,1,0,0,106,89,0,17
2019-06-30,MARYLAND,MARYLAND,FOURTH CIRCUIT,1493,926,15,0,552,44,23,14,0,7,1449,903,1,545
2019-06-30,MASSACHUSETTS,MASSACHUSETTS,FIRST CIRCUIT,657,409,9,0,239,18,7,8,0,3,639,402,1,236
2019-06-30,MICHIGAN EASTERN,MICHIGAN,SIXTH CIRCUIT,1944,1453,6,0,485,26,18,6,0,2,1918,1435,0,483
2019-06-30,MICHIGAN WESTERN,MICHIGAN,SIXTH CIRCUIT,437,341,1,0,95,15,14,1,0,0,422,327,0,95
2019-06-30,MINNESOTA,MINNESOTA,EIGHTH CIRCUIT,795,594,3,5,193,34,21,3,0,5,761,573,0,188
2019-06-30,MISSISSIPPI NORTHERN,MISSISSIPPI,FIFTH CIRCUIT,355,156,1,0,198,4,3,1,0,0,351,153,0,198
2019-06-30,MISSISSIPPI SOUTHERN,MISSISSIPPI,FIFTH CIRCUIT,554,291,0,0,263,5,4,0,0,1,549,287,0,262
2019-06-30,MISSOURI EASTERN,MISSOURI,EIGHTH CIRCUIT,691,415,1,0,275,11,9,1,0,1,680,406,0,274
2019-06-30,MISSOURI WESTERN,MISSOURI,EIGHTH CIRCUIT,627,395,2,0,230,10,7,2,0,1,617,388,0,229
2019-06-30,MONTANA,MONTANA,NINTH CIRCUIT,129,109,0,0,20,3,1,0,0,2,126,108,0,18
2019-06-30,NEBRASKA,NEBRASKA,EIGHTH CIRCUIT,308,221,7,2,78,12,6,4,0,0,296,215,3,78
2019-06-30,NEVADA,NEVADA,NINTH CIRCUIT,878,713,13,0,152,27,18,9,0,0,851,695,4,152
2019-06-30,NEW HAMPSHIRE,NEW HAMPSHIRE,FIRST CIRCUIT,143,113,3,0,27,9,4,3,0,2,134,109,0,25
2019-06-30,NEW JERSEY,NEW JERSEY,THIRD CIRCUIT,1922,1184,24,0,714,44,23,19,0,2,1878,1161,5,712
2019-06-30,NEW MEXICO,NEW MEXICO,TENTH CIRCUIT,249,199,4,0,46,6,2,3,0,1,243,197,1,45
2019-06-30,NEW YORK EASTERN,NEW YORK,SECOND CIRCUIT,1414,804,29,0,581,64,39,25,0,0,1350,765,4,581
2019-06-30,NEW YORK NORTHERN,NEW YORK,SECOND CIRCUIT,476,359,5,1,111,12,5,5,0,1,464,354,0,110
2019-06-30,NEW YORK SOUTHERN,NEW YORK,SECOND CIRCUIT,655,486,41,0,125,61,15,40,0,3,594,471,1,122
2019-06-30,NEW YORK WESTERN,NEW YORK,SECOND CIRCUIT,301,224,3,0,74,13,7,3,0,3,288,217,0,71
2019-06-30,NORTH CAROLINA EASTERN,NORTH CAROLINA,FOURTH CIRCUIT,495,168,5,2,320,17,10,4,0,1,478,158,1,319
2019-06-30,NORTH CAROLINA MIDDLE,NORTH CAROLINA,FOURTH CIRCUIT,315,126,1,0,188,9,8,1,0,0,306,118,0,188
2019-06-30,NORTH CAROLINA WESTERN,NORTH CAROLINA,FOURTH CIRCUIT,283,135,0,0,148,8,8,0,0,0,275,127,0,148
2019-06-30,NORTH DAKOTA,NORTH DAKOTA,EIGHTH CIRCUIT,59,48,1,0,10,2,1,1,0,0,57,47,0,10
2019-06-30,NORTHERN MARIANAS,NORTHERN MARIANA ISLANDS,NINTH CIRCUIT,0,0,0,0,0,0,0,0,0,0,0,0,0,0
2019-06-30,OHIO NORTHERN,OHIO,SIXTH CIRCUIT,1625,1307,4,0,314,25,19,4,0,2,1600,1288,0,312
2019-06-30,OHIO SOUTHERN,OHIO,SIXTH CIRCUIT,1388,971,1,0,416,10,8,1,0,1,1378,963,0,415
2019-06-30,OKLAHOMA EASTERN,OKLAHOMA,TENTH CIRCUIT,108,97,0,0,11,2,2,0,0,0,106,95,0,11
2019-06-30,OKLAHOMA NORTHERN,OKLAHOMA,TENTH CIRCUIT,260,220,9,0,31,11,2,9,0,0,249,218,0,31
2019-06-30,OKLAHOMA WESTERN,OKLAHOMA,TENTH CIRCUIT,436,341,5,3,87,17,8,5,0,1,419,333,0,86
2019-06-30,OREGON,OREGON,NINTH CIRCUIT,709,529,1,0,179,10,8,1,0,1,699,521,0,178
2019-06-30,PENNSYLVANIA EASTERN,PENNSYLVANIA,THIRD CIRCUIT,625,320,3,0,302,22,17,3,0,2,603,303,0,300
2019-06-30,PENNSYLVANIA MIDDLE,PENNSYLVANIA,THIRD CIRCUIT,442,267,1,0,174,9,8,1,0,0,433,259,0,174
2019-06-30,PENNSYLVANIA WESTERN,PENNSYLVANIA,THIRD CIRCUIT,666,396,10,1,259,26,12,10,0,3,640,384,0,256
2019-06-30,PUERTO RICO,PUERTO RICO,FIRST CIRCUIT,657,258,10,1,388,12,3,7,0,1,645,255,3,387
2019-06-30,RHODE ISLAND,RHODE ISLAND,FIRST CIRCUIT,153,104,2,0,47,7,5,2,0,0,146,99,0,47
2019-06-30,SOUTH CAROLINA,SOUTH CAROLINA,FOURTH CIRCUIT,567,229,1,0,337,11,11,0,0,0,556,218,1,337
2019-06-30,SOUTH DAKOTA,SOUTH DAKOTA,EIGHTH CIRCUIT,83,71,0,1,11,9,3,0,0,5,74,68,0,6
2019-06-30,TENNESSEE EASTERN,TENNESSEE,SIXTH CIRCUIT,1034,573,2,0,459,16,13,2,0,1,1018,560,0,458
2019-06-30,TENNESSEE MIDDLE,TENNESSEE,SIXTH CIRCUIT,713,326,3,1,383,17,12,3,0,1,696,314,0,382
2019-06-30,TENNESSEE WESTERN,TENNESSEE,SIXTH CIRCUIT,1054,245,0,0,809,3,2,0,0,1,1051,243,0,808
2019-06-30,TEXAS EASTERN,TEXAS,FIFTH CIRCUIT,440,214,6,0,220,20,13,6,0,1,420,201,0,219
2019-06-30,TEXAS NORTHERN,TEXAS,FIFTH CIRCUIT,902,457,14,1,430,48,27,14,0,6,854,430,0,424
2019-06-30,TEXAS SOUTHERN,TEXAS,FIFTH CIRCUIT,859,384,40,0,435,80,34,40,0,6,779,350,0,429
2019-06-30,TEXAS WESTERN,TEXAS,FIFTH CIRCUIT,643,354,16,0,273,57,35,16,0,6,586,319,0,267
2019-06-30,UTAH,UTAH,TENTH CIRCUIT,789,484,2,0,303,9,7,2,0,0,780,477,0,303
2019-06-30,VERMONT,VERMONT,SECOND CIRCUIT,55,41,4,0,10,5,1,4,0,0,50,40,0,10
2019-06-30,VIRGIN ISLANDS,VIRGIN ISLANDS,THIRD CIRCUIT,0,0,0,0,0,0,0,0,0,0,0,0,0,0
2019-06-30,VIRGINIA EASTERN,VIRGINIA,FOURTH CIRCUIT,1390,776,4,0,610,22,19,2,0,1,1368,757,2,609
2019-06-30,VIRGINIA WESTERN,VIRGINIA,FOURTH CIRCUIT,428,269,5,1,153,11,4,5,0,1,417,265,0,152
2019-06-30,WASHINGTON EASTERN,WASHINGTON,NINTH CIRCUIT,276,221,2,2,51,9,4,2,0,1,267,217,0,50
2019-06-30,WASHINGTON WESTERN,WASHINGTON,NINTH CIRCUIT,796,582,4,0,210,25,21,3,0,1,771,561,1,209
2019-06-30,WEST VIRGINIA NORTHERN,WEST VIRGINIA,FOURTH CIRCUIT,71,56,1,0,14,1,0,1,0,0,70,56,0,14
2019-06-30,WEST VIRGINIA SOUTHERN,WEST VIRGINIA,FOURTH CIRCUIT,131,115,3,0,13,6,4,2,0,0,125,111,1,13
2019-06-30,WISCONSIN EASTERN,WISCONSIN,SEVENTH CIRCUIT,1051,694,1,0,356,14,12,1,0,1,1037,682,0,355
2019-06-30,WISCONSIN WESTERN,WISCONSIN,SEVENTH CIRCUIT,378,290,1,3,84,19,10,1,0,5,359,280,0,79
2019-06-30,WYOMING,WYOMING,TENTH CIRCUIT,85,83,0,0,2,7,7,0,0,0,78,76,0,2
2019-07-31,ALABAMA MIDDLE,ALABAMA,ELEVENTH CIRCUIT,740,149,0,1,590,7,6,0,0,0,733,143,0,590
2019-07-31,ALABAMA NORTHERN,ALABAMA,ELEVENTH CIRCUIT,1135,506,1,0,628,7,4,1,0,2,1128,502,0,626
2019-07-31,ALABAMA SOUTHERN,ALABAMA,ELEVENTH CIRCUIT,453,110,1,0,342,3,2,1,0,0,450,108,0,342
2019-07-31,ALASKA,ALASKA,NINTH CIRCUIT,34,26,3,0,5,5,2,3,0,0,29,24,0,5
2019-07-31,ARIZONA,ARIZONA,NINTH CIRCUIT,1539,1235,16,2,286,36,20,12,0,2,1503,1215,4,284
2019-07-31,ARKANSAS,ARKANSAS,EIGHTH CIRCUIT,900,407,2,1,490,18,12,2,0,3,882,395,0,487
2019-07-31,CALIFORNIA CENTRAL,CALIFORNIA,NINTH CIRCUIT,3399,2672,32,0,695,134,102,18,0,14,3265,2570,14,681
2019-07-31,CALIFORNIA EASTERN,CALIFORNIA,NINTH CIRCUIT,1314,997,3,1,313,33,29,2,0,1,1281,968,1,312
2019-07-31,CALIFORNIA NORTHERN,CALIFORNIA,NINTH CIRCUIT,684,391,10,0,282,37,29,4,0,3,647,362,6,279
2019-07-31,CALIFORNIA SOUTHERN,CALIFORNIA,NINTH CIRCUIT,730,606,1,0,123,30,26,0,0,4,700,580,1,119
2019-07-31,COLORADO,COLORADO,TENTH CIRCUIT,947,727,6,0,214,31,24,6,0,1,916,703,0,213
2019-07-31,CONNECTICUT,CONNECTICUT,SECOND CIRCUIT,547,440,0,0,107,8,8,0,0,0,539,432,0,107
2019-07-31,DELAWARE,DELAWARE,THIRD CIRCUIT,260,114,64,0,81,69,4,63,0,1,191,110,1,80
2019-07-31,DISTRICT OF COLUMBIA,DISTRICT OF COLUMBIA,DC CIRCUIT,90,43,3,0,44,3,1,2,0,0,87,42,1,44
2019-07-31,FLORIDA MIDDLE,FLORIDA,ELEVENTH CIRCUIT,2330,1665,44,1,620,121,70,42,0,8,2209,1595,2,612
2019-07-31,FLORIDA NORTHERN,FLORIDA,ELEVENTH CIRCUIT,213,168,4,0,41,12,7,4,0,1,201,161,0,40
2019-07-31,FLORIDA SOUTHERN,FLORIDA,ELEVENTH CIRCUIT,1534,891,19,0,622,47,26,16,0,3,1487,865,3,619
2019-07-31,GEORGIA MIDDLE,GEORGIA,ELEVENTH CIRCUIT,647,195,0,0,452,9,6,0,0,3,638,189,0,449
2019-07-31,GEORGIA NORTHERN,GEORGIA,ELEVENTH CIRCUIT,2406,1226,14,0,1166,52,37,14,0,1,2354,1189,0,1165
2019-07-31,GEORGIA SOUTHERN,GEORGIA,ELEVENTH CIRCUIT,581,116,2,1,462,5,1,2,0,1,576,115,0,461
2019-07-31,GUAM,GUAM,NINTH CIRCUIT,15,11,0,0,4,1,1,0,0,0,14,10,0,4
2019-07-31,HAWAII,HAWAII,NINTH CIRCUIT,143,111,1,0,31,5,3,1,0,1,138,108,0,30
2019-07-31,IDAHO,IDAHO,NINTH CIRCUIT,355,320,1,0,34,8,6,1,0,1,347,314,0,33
2019-07-31,ILLINOIS CENTRAL,ILLINOIS,SEVENTH CIRCUIT,436,347,2,0,87,9,6,2,0,1,427,341,0,86
2019-07-31,ILLINOIS NORTHERN,ILLINOIS,SEVENTH CIRCUIT,3312,2006,5,0,1301,58,51,3,0,4,3254,1955,2,1297
2019-07-31,ILLINOIS SOUTHERN,ILLINOIS,SEVENTH CIRCUIT,298,199,1,0,98,4,3,1,0,0,294,196,0,98
2019-07-31,INDIANA NORTHERN,INDIANA,SEVENTH CIRCUIT,829,563,0,0,266,5,3,0,0,2,824,560,0,264
2019-07-31,INDIANA SOUTHERN,INDIANA,SEVENTH CIRCUIT,1203,743,0,0,460,16,15,0,0,1,1187,728,0,459
2019-07-31,IOWA NORTHERN,IOWA,EIGHTH CIRCUIT,139,122,0,4,13,6,2,0,0,0,133,120,0,13
2019-07-31,IOWA SOUTHERN,IOWA,EIGHTH CIRCUIT,291,264,0,0,27,7,7,0,0,0,284,257,0,27
2019-07-31,KANSAS,KANSAS,TENTH CIRCUIT,653,371,5,1,276,20,13,5,0,1,633,358,0,275
2019-07-31,KENTUCKY EASTERN,KENTUCKY,SIXTH CIRCUIT,613,426,0,2,185,7,5,0,0,0,606,421,0,185
2019-07-31,KENTUCKY WESTERN,KENTUCKY,SIXTH CIRCUIT,697,407,3,0,287,13,8,3,0,2,684,399,0,285
2019-07-31,LOUISIANA EASTERN,LOUISIANA,FIFTH CIRCUIT,303,113,5,0,185,9,4,4,0,1,294,109,1,184
2019-07-31,LOUISIANA MIDDLE,LOUISIANA,FIFTH CIRCUIT,142,92,1,0,49,5,4,1,0,0,137,88,0,49
2019-07-31,LOUISIANA WESTERN,LOUISIANA,FIFTH CIRCUIT,694,153,3,2,536,16,8,3,0,3,678,145,0,533
2019-07-31,MAINE,MAINE,FIRST CIRCUIT,112,93,0,0,19,3,3,0,0,0,109,90,0,19
2019-07-31,MARYLAND,MARYLAND,FOURTH CIRCUIT,1375,867,5,0,503,30,22,5,0,3,1345,845,0,500
2019-07-31,MASSACHUSETTS,MASSACHUSETTS,FIRST CIRCUIT,629,389,11,1,228,27,15,10,0,1,602,374,1,227
2019-07-31,MICHIGAN EASTERN,MICHIGAN,SIXTH CIRCUIT,1963,1465,9,0,489,29,20,8,0,1,1934,1445,1,488
2019-07-31,MICHIGAN WESTERN,MICHIGAN,SIXTH CIRCUIT,485,379,1,3,102,10,5,1,0,1,475,374,0,101
2019-07-31,MINNESOTA,MINNESOTA,EIGHTH CIRCUIT,831,631,1,4,195,20,15,1,0,0,811,616,0,195
2019-07-31,MISSISSIPPI NORTHERN,MISSISSIPPI,FIFTH CIRCUIT,465,182,0,1,282,2,1,0,0,0,463,181,0,282
2019-07-31,MISSISSIPPI SOUTHERN,MISSISSIPPI,FIFTH CIRCUIT,632,325,1,0,306,5,4,1,0,0,627,321,0,306
2019-07-31,MISSOURI EASTERN,MISSOURI,EIGHTH CIRCUIT,851,527,5,1,318,23,13,5,0,4,828,514,0,314
2019-07-31,MISSOURI WESTERN,MISSOURI,EIGHTH CIRCUIT,688,438,5,0,245,14,8,5,0,1,674,430,0,244
2019-07-31,MONTANA,MONTANA,NINTH CIRCUIT,108,84,0,1,23,7,5,0,0,1,101,79,0,22
2019-07-31,NEBRASKA,NEBRASKA,EIGHTH CIRCUIT,362,260,2,10,90,18,6,2,0,0,344,254,0,90
2019-07-31,NEVADA,NEVADA,NINTH CIRCUIT,875,713,7,0,155,25,17,5,0,3,850,696,2,152
2019-07-31,NEW HAMPSHIRE,NEW HAMPSHIRE,FIRST CIRCUIT,157,120,1,0,36,7,4,1,0,2,150,116,0,34
2019-07-31,NEW JERSEY,NEW JERSEY,THIRD CIRCUIT,2094,1302,23,0,769,59,38,18,0,3,2035,1264,5,766
2019-07-31,NEW MEXICO,NEW MEXICO,TENTH CIRCUIT,225,195,1,0,29,1,1,0,0,0,224,194,1,29
2019-07-31,NEW YORK EASTERN,NEW YORK,SECOND CIRCUIT,1326,774,27,0,525,66,43,23,0,0,1260,731,4,525
2019-07-31,NEW YORK NORTHERN,NEW YORK,SECOND CIRCUIT,489,372,4,2,111,16,9,3,0,2,473,363,1,109
2019-07-31,NEW YORK SOUTHERN,NEW YORK,SECOND CIRCUIT,689,497,25,1,164,50,22,23,0,2,639,475,2,162
2019-07-31,NEW YORK WESTERN,NEW YORK,SECOND CIRCUIT,346,243,2,0,101,12,10,2,0,0,334,233,0,101
2019-07-31,NORTH CAROLINA EASTERN,NORTH CAROLINA,FOURTH CIRCUIT,499,159,9,1,330,17,6,7,0,3,482,153,2,327
2019-07-31,NORTH CAROLINA MIDDLE,NORTH CAROLINA,FOURTH CIRCUIT,301,125,1,0,175,5,4,1,0,0,296,121,0,175
2019-07-31,NORTH CAROLINA WESTERN,NORTH CAROLINA,FOURTH CIRCUIT,330,191,3,0,136,10,7,3,0,0,320,184,0,136
2019-07-31,NORTH DAKOTA,NORTH DAKOTA,EIGHTH CIRCUIT,59,52,1,0,6,3,2,1,0,0,56,50,0,6
2019-07-31,NORTHERN MARIANAS,NORTHERN MARIANA ISLANDS,NINTH CIRCUIT,0,0,0,0,0,0,0,0,0,0,0,0,0,0
2019-07-31,OHIO NORTHERN,OHIO,SIXTH CIRCUIT,1723,1408,2,0,313,18,15,2,0,1,1705,1393,0,312
2019-07-31,OHIO SOUTHERN,OHIO,SIXTH CIRCUIT,1400,942,0,0,458,17,14,0,0,3,1383,928,0,455
2019-07-31,OKLAHOMA EASTERN,OKLAHOMA,TENTH CIRCUIT,145,134,0,0,11,1,1,0,0,0,144,133,0,11
2019-07-31,OKLAHOMA NORTHERN,OKLAHOMA,TENTH CIRCUIT,227,200,1,0,26,4,3,1,0,0,223,197,0,26
2019-07-31,OKLAHOMA WESTERN,OKLAHOMA,TENTH CIRCUIT,485,343,3,1,138,14,8,3,0,2,471,335,0,136
2019-07-31,OREGON,OREGON,NINTH CIRCUIT,753,554,5,1,193,22,15,5,0,1,731,539,0,192
2019-07-31,PENNSYLVANIA EASTERN,PENNSYLVANIA,THIRD CIRCUIT,663,336,3,0,324,16,12,3,0,1,647,324,0,323
2019-07-31,PENNSYLVANIA MIDDLE,PENNSYLVANIA,THIRD CIRCUIT,504,317,5,0,182,13,7,5,0,1,491,310,0,181
2019-07-31,PENNSYLVANIA WESTERN,PENNSYLVANIA,THIRD CIRCUIT,621,407,9,2,203,29,14,8,0,5,592,393,1,198
2019-07-31,PUERTO RICO,PUERTO RICO,FIRST CIRCUIT,603,238,7,1,357,17,6,4,0,6,586,232,3,351
2019-07-31,RHODE ISLAND,RHODE ISLAND,FIRST CIRCUIT,190,137,0,0,53,1,1,0,0,0,189,136,0,53
2019-07-31,SOUTH CAROLINA,SOUTH CAROLINA,FOURTH CIRCUIT,528,233,0,0,295,9,8,0,0,1,519,225,0,294
2019-07-31,SOUTH DAKOTA,SOUTH DAKOTA,EIGHTH CIRCUIT,124,106,3,1,14,6,2,3,0,0,118,104,0,14
2019-07-31,TENNESSEE EASTERN,TENNESSEE,SIXTH CIRCUIT,1042,557,1,1,483,10,5,1,0,3,1032,552,0,480
2019-07-31,TENNESSEE MIDDLE,TENNESSEE,SIXTH CIRCUIT,711,392,3,0,316,7,6,1,0,0,704,386,2,316
2019-07-31,TENNESSEE WESTERN,TENNESSEE,SIXTH CIRCUIT,1187,301,2,0,884,7,4,2,0,1,1180,297,0,883
2019-07-31,TEXAS EASTERN,TEXAS,FIFTH CIRCUIT,478,242,4,0,232,30,25,4,0,1,448,217,0,231
2019-07-31,TEXAS NORTHERN,TEXAS,FIFTH CIRCUIT,977,497,13,0,467,54,37,13,0,4,923,460,0,463
2019-07-31,TEXAS SOUTHERN,TEXAS,FIFTH CIRCUIT,735,359,25,0,351,55,27,25,0,3,680,332,0,348
2019-07-31,TEXAS WESTERN,TEXAS,FIFTH CIRCUIT,699,409,10,0,280,49,37,10,0,2,650,372,0,278
2019-07-31,UTAH,UTAH,TENTH CIRCUIT,879,547,2,0,330,19,16,2,0,1,860,531,0,329
2019-07-31,VERMONT,VERMONT,SECOND CIRCUIT,36,25,0,0,11,3,3,0,0,0,33,22,0,11
2019-07-31,VIRGIN ISLANDS,VIRGIN ISLANDS,THIRD CIRCUIT,0,0,0,0,0,0,0,0,0,0,0,0,0,0
2019-07-31,VIRGINIA EASTERN,VIRGINIA,FOURTH CIRCUIT,1444,826,5,2,611,30,21,3,0,4,1414,805,2,607
2019-07-31,VIRGINIA WESTERN,VIRGINIA,FOURTH CIRCUIT,453,273,1,0,179,4,4,0,0,0,449,269,1,179
2019-07-31,WASHINGTON EASTERN,WASHINGTON,NINTH CIRCUIT,289,222,0,0,67,9,8,0,0,1,280,214,0,66
2019-07-31,WASHINGTON WESTERN,WASHINGTON,NINTH CIRCUIT,758,540,10,0,208,24,15,6,0,3,734,525,4,205
2019-07-31,WEST VIRGINIA NORTHERN,WEST VIRGINIA,FOURTH CIRCUIT,95,80,1,0,14,3,2,1,0,0,92,78,0,14
2019-07-31,WEST VIRGINIA SOUTHERN,WEST VIRGINIA,FOURTH CIRCUIT,141,113,13,0,15,14,1,13,0,0,127,112,0,15
2019-07-31,WISCONSIN EASTERN,WISCONSIN,SEVENTH CIRCUIT,988,646,2,0,340,11,9,2,0,0,977,637,0,340
2019-07-31,WISCONSIN WESTERN,WISCONSIN,SEVENTH CIRCUIT,340,287,1,1,51,11,7,1,0,2,329,280,0,49
2019-07-31,WYOMING,WYOMING,TENTH CIRCUIT,75,65,1,0,9,3,2,1,0,0,72,63,0,9
2019-08-31,ALABAMA MIDDLE,ALABAMA,ELEVENTH CIRCUIT,725,139,0,1,585,4,2,0,0,1,721,137,0,584
2019-08-31,ALABAMA NORTHERN,ALABAMA,ELEVENTH CIRCUIT,1240,532,3,0,705,11,6,3,0,2,1229,526,0,703
2019-08-31,ALABAMA SOUTHERN,ALABAMA,ELEVENTH CIRCUIT,471,128,1,0,342,2,1,1,0,0,469,127,0,342
2019-08-31,ALASKA,ALASKA,NINTH CIRCUIT,37,27,0,0,10,5,4,0,0,1,32,23,0,9
2019-08-31,ARIZONA,ARIZONA,NINTH CIRCUIT,1618,1294,22,0,302,42,23,16,0,3,1576,1271,6,299
2019-08-31,ARKANSAS,ARKANSAS,EIGHTH CIRCUIT,959,432,4,2,521,15,8,3,0,2,944,424,1,519
2019-08-31,CALIFORNIA CENTRAL,CALIFORNIA,NINTH CIRCUIT,3382,2669,38,0,675,145,114,23,0,8,3237,2555,15,667
2019-08-31,CALIFORNIA EASTERN,CALIFORNIA,NINTH CIRCUIT,1296,994,5,1,296,37,26,4,0,6,1259,968,1,290
2019-08-31,CALIFORNIA NORTHERN,CALIFORNIA,NINTH CIRCUIT,697,426,11,1,259,32,23,7,0,1,665,403,4,258
2019-08-31,CALIFORNIA SOUTHERN,CALIFORNIA,NINTH CIRCUIT,686,563,5,0,118,27,20,5,0,2,659,543,0,116
2019-08-31,COLORADO,COLORADO,TENTH CIRCUIT,991,774,1,1,215,24,21,1,0,1,967,753,0,214
2019-08-31,CONNECTICUT,CONNECTICUT,SECOND CIRCUIT,520,417,6,0,97,21,14,6,0,1,499,403,0,96
2019-08-31,DELAWARE,DELAWARE,THIRD CIRCUIT,214,114,48,1,51,53,4,48,0,0,161,110,0,51
2019-08-31,DISTRICT OF COLUMBIA,DISTRICT OF COLUMBIA,DC CIRCUIT,66,50,2,0,14,4,2,2,0,0,62,48,0,14
2019-08-31,FLORIDA MIDDLE,FLORIDA,ELEVENTH CIRCUIT,2252,1658,32,0,562,91,55,29,0,7,2161,1603,3,555
2019-08-31,FLORIDA NORTHERN,FLORIDA,ELEVENTH CIRCUIT,247,191,2,1,53,12,8,2,0,1,235,183,0,52
2019-08-31,FLORIDA SOUTHERN,FLORIDA,ELEVENTH CIRCUIT,1555,893,17,0,643,53,37,13,0,1,1502,856,4,642
2019-08-31,GEORGIA MIDDLE,GEORGIA,ELEVENTH CIRCUIT,762,224,2,8,528,21,7,2,0,4,741,217,0,524
2019-08-31,GEORGIA NORTHERN,GEORGIA,ELEVENTH CIRCUIT,2799,1282,31,1,1485,78,40,31,0,6,2721,1242,0,1479
2019-08-31,GEORGIA SOUTHERN,GEORGIA,ELEVENTH CIRCUIT,617,106,2,1,508,9,5,2,0,1,608,101,0,507
2019-08-31,GUAM,GUAM,NINTH CIRCUIT,11,11,0,0,0,0,0,0,0,0,11,11,0,0
2019-08-31,HAWAII,HAWAII,NINTH CIRCUIT,145,88,2,0,55,6,3,2,0,1,139,85,0,54
2019-08-31,IDAHO,IDAHO,NINTH CIRCUIT,304,271,1,2,30,7,5,0,0,0,297,266,1,30
2019-08-31,ILLINOIS CENTRAL,ILLINOIS,SEVENTH CIRCUIT,460,351,1,0,108,9,6,1,0,2,451,345,0,106
2019-08-31,ILLINOIS NORTHERN,ILLINOIS,SEVENTH CIRCUIT,3540,2212,12,0,1316,73,60,9,0,4,3467,2152,3,1312
2019-08-31,ILLINOIS SOUTHERN,ILLINOIS,SEVENTH CIRCUIT,257,173,0,0,84,4,4,0,0,0,253,169,0,84
2019-08-31,INDIANA NORTHERN,INDIANA,SEVENTH CIRCUIT,829,577,8,0,244,13,5,8,0,0,816,572,0,244
2019-08-31,INDIANA SOUTHERN,INDIANA,SEVENTH CIRCUIT,1275,804,3,0,468,13,9,3,0,1,1262,795,0,467
2019-08-31,IOWA NORTHERN,IOWA,EIGHTH CIRCUIT,178,158,1,1,18,5,3,1,0,0,173,155,0,18
2019-08-31,IOWA SOUTHERN,IOWA,EIGHTH CIRCUIT,281,244,0,0,37,11,10,0,0,1,270,234,0,36
2019-08-31,KANSAS,KANSAS,TENTH CIRCUIT,661,361,7,2,291,22,10,7,0,3,639,351,0,288
2019-08-31,KENTUCKY EASTERN,KENTUCKY,SIXTH CIRCUIT,645,412,1,0,232,6,4,1,0,1,639,408,0,231
2019-08-31,KENTUCKY WESTERN,KENTUCKY,SIXTH CIRCUIT,698,408,3,1,286,15,6,3,0,5,683,402,0,281
2019-08-31,LOUISIANA EASTERN,LOUISIANA,FIFTH CIRCUIT,296,131,3,0,162,13,9,3,0,1,283,122,0,161
2019-08-31,LOUISIANA MIDDLE,LOUISIANA,FIFTH CIRCUIT,132,72,1,0,59,5,4,1,0,0,127,68,0,59
2019-08-31,LOUISIANA WESTERN,LOUISIANA,FIFTH CIRCUIT,710,151,3,0,556,14,10,3,0,1,696,141,0,555
2019-08-31,MAINE,MAINE,FIRST CIRCUIT,132,108,0,0,24,6,2,0,0,4,126,106,0,20
2019-08-31,MARYLAND,MARYLAND,FOURTH CIRCUIT,1456,894,9,1,552,32,19,8,0,4,1424,875,1,548
2019-08-31,MASSACHUSETTS,MASSACHUSETTS,FIRST CIRCUIT,604,388,6,1,209,30,23,3,0,3,574,365,3,206
2019-08-31,MICHIGAN EASTERN,MICHIGAN,SIXTH CIRCUIT,2020,1478,5,0,537,25,17,4,0,4,1995,1461,1,533
2019-08-31,MICHIGAN WESTERN,MICHIGAN,SIXTH CIRCUIT,475,377,0,0,98,12,9,0,0,3,463,368,0,95
2019-08-31,MINNESOTA,MINNESOTA,EIGHTH CIRCUIT,871,654,3,3,211,26,20,3,0,0,845,634,0,211
2019-08-31,MISSISSIPPI NORTHERN,MISSISSIPPI,FIFTH CIRCUIT,471,191,0,3,277,11,6,0,0,2,460,185,0,275
2019-08-31,MISSISSIPPI SOUTHERN,MISSISSIPPI,FIFTH CIRCUIT,582,284,3,0,295,8,5,2,0,1,574,279,1,294
2019-08-31,MISSOURI EASTERN,MISSOURI,EIGHTH CIRCUIT,864,548,0,1,315,7,5,0,0,1,857,543,0,314
2019-08-31,MISSOURI WESTERN,MISSOURI,EIGHTH CIRCUIT,685,417,4,1,263,13,6,4,0,2,672,411,0,261
2019-08-31,MONTANA,MONTANA,NINTH CIRCUIT,106,75,1,0,30,1,0,1,0,0,105,75,0,30
2019-08-31,NEBRASKA,NEBRASKA,EIGHTH CIRCUIT,375,256,0,5,114,10,4,0,0,1,365,252,0,113
2019-08-31,NEVADA,NEVADA,NINTH CIRCUIT,918,722,12,0,184,25,17,7,0,1,893,705,5,183
2019-08-31,NEW HAMPSHIRE,NEW HAMPSHIRE,FIRST CIRCUIT,150,108,0,0,42,9,7,0,0,2,141,101,0,40
2019-08-31,NEW JERSEY,NEW JERSEY,THIRD CIRCUIT,1973,1236,24,0,713,64,43,18,0,3,1909,1193,6,710
2019-08-31,NEW MEXICO,NEW MEXICO,TENTH CIRCUIT,256,214,4,0,38,8,5,3,0,0,248,209,1,38
2019-08-31,NEW YORK EASTERN,NEW YORK,SECOND CIRCUIT,1229,738,27,0,464,56,35,21,0,0,1173,703,6,464
2019-08-31,NEW YORK NORTHERN,NEW YORK,SECOND CIRCUIT,520,392,3,1,124,6,2,3,0,0,514,390,0,124
2019-08-31,NEW YORK SOUTHERN,NEW YORK,SECOND CIRCUIT,641,465,18,0,151,53,27,18,0,1,588,438,0,150
2019-08-31,NEW YORK WESTERN,NEW YORK,SECOND CIRCUIT,308,206,2,0,100,12,10,2,0,0,296,196,0,100
2019-08-31,NORTH CAROLINA EASTERN,NORTH CAROLINA,FOURTH CIRCUIT,544,178,6,0,360,26,8,4,0,14,518,170,2,346
2019-08-31,NORTH CAROLINA MIDDLE,NORTH CAROLINA,FOURTH CIRCUIT,343,140,1,1,201,14,11,1,0,1,329,129,0,200
2019-08-31,NORTH CAROLINA WESTERN,NORTH CAROLINA,FOURTH CIRCUIT,336,147,3,0,186,7,3,3,0,1,329,144,0,185
2019-08-31,NORTH DAKOTA,NORTH DAKOTA,EIGHTH CIRCUIT,58,56,0,0,2,1,1,0,0,0,57,55,0,2
2019-08-31,NORTHERN MARIANAS,NORTHERN MARIANA ISLANDS,NINTH CIRCUIT,0,0,0,0,0,0,0,0,0,0,0,0,0,0
2019-08-31,OHIO NORTHERN,OHIO,SIXTH CIRCUIT,1818,1503,3,1,311,25,20,3,0,1,1793,1483,0,310
2019-08-31,OHIO SOUTHERN,OHIO,SIXTH CIRCUIT,1439,998,0,2,439,20,17,0,0,1,1419,981,0,438
2019-08-31,OKLAHOMA EASTERN,OKLAHOMA,TENTH CIRCUIT,142,131,0,0,11,5,5,0,0,0,137,126,0,11
2019-08-31,OKLAHOMA NORTHERN,OKLAHOMA,TENTH CIRCUIT,231,208,0,0,23,9,9,0,0,0,222,199,0,23
2019-08-31,OKLAHOMA WESTERN,OKLAHOMA,TENTH CIRCUIT,479,375,2,0,102,18,14,1,0,3,461,361,1,99
2019-08-31,OREGON,OREGON,NINTH CIRCUIT,790,588,5,2,195,28,16,5,0,5,762,572,0,190
2019-08-31,PENNSYLVANIA EASTERN,PENNSYLVANIA,THIRD CIRCUIT,642,319,9,2,312,26,14,8,0,2,616,305,1,310
2019-08-31,PENNSYLVANIA MIDDLE,PENNSYLVANIA,THIRD CIRCUIT,398,238,3,0,157,6,4,2,0,0,392,234,1,157
2019-08-31,PENNSYLVANIA WESTERN,PENNSYLVANIA,THIRD CIRCUIT,631,389,3,1,238,18,13,3,0,1,613,376,0,237
2019-08-31,PUERTO RICO,PUERTO RICO,FIRST CIRCUIT,678,238,10,0,430,22,6,9,0,7,656,232,1,423
2019-08-31,RHODE ISLAND,RHODE ISLAND,FIRST CIRCUIT,184,140,0,0,44,5,5,0,0,0,179,135,0,44
2019-08-31,SOUTH CAROLINA,SOUTH CAROLINA,FOURTH CIRCUIT,617,227,4,1,385,11,7,2,0,1,606,220,2,384
2019-08-31,SOUTH DAKOTA,SOUTH DAKOTA,EIGHTH CIRCUIT,88,76,0,0,12,5,3,0,0,2,83,73,0,10
2019-08-31,TENNESSEE EASTERN,TENNESSEE,SIXTH CIRCUIT,1113,648,2,0,463,13,11,2,0,0,1100,637,0,463
2019-08-31,TENNESSEE MIDDLE,TENNESSEE,SIXTH CIRCUIT,762,353,5,1,403,16,12,2,0,1,746,341,3,402
2019-08-31,TENNESSEE WESTERN,TENNESSEE,SIXTH CIRCUIT,1244,253,3,0,988,9,5,3,0,1,1235,248,0,987
2019-08-31,TEXAS EASTERN,TEXAS,FIFTH CIRCUIT,555,244,10,0,301,23,12,9,0,2,532,232,1,299
2019-08-31,TEXAS NORTHERN,TEXAS,FIFTH CIRCUIT,1057,476,23,0,558,64,37,22,0,5,993,439,1,553
2019-08-31,TEXAS SOUTHERN,TEXAS,FIFTH CIRCUIT,1014,426,38,1,549,73,31,37,0,4,941,395,1,545
2019-08-31,TEXAS WESTERN,TEXAS,FIFTH CIRCUIT,763,412,9,0,342,47,37,7,0,3,716,375,2,339
2019-08-31,UTAH,UTAH,TENTH CIRCUIT,853,499,3,0,351,15,13,2,0,0,838,486,1,351
2019-08-31,VERMONT,VERMONT,SECOND CIRCUIT,43,34,0,1,8,3,2,0,0,0,40,32,0,8
2019-08-31,VIRGIN ISLANDS,VIRGIN ISLANDS,THIRD CIRCUIT,0,0,0,0,0,0,0,0,0,0,0,0,0,0
2019-08-31,VIRGINIA EASTERN,VIRGINIA,FOURTH CIRCUIT,1517,845,3,0,669,25,20,2,0,3,1492,825,1,666
2019-08-31,VIRGINIA WESTERN,VIRGINIA,FOURTH CIRCUIT,490,272,1,1,216,8,5,1,0,1,482,267,0,215
2019-08-31,WASHINGTON EASTERN,WASHINGTON,NINTH CIRCUIT,278,218,0,0,60,5,4,0,0,1,273,214,0,59
2019-08-31,WASHINGTON WESTERN,WASHINGTON,NINTH CIRCUIT,740,513,6,0,221,24,20,2,0,2,716,493,4,219
2019-08-31,WEST VIRGINIA NORTHERN,WEST VIRGINIA,FOURTH CIRCUIT,103,81,0,0,22,1,1,0,0,0,102,80,0,22
2019-08-31,WEST VIRGINIA SOUTHERN,WEST VIRGINIA,FOURTH CIRCUIT,139,114,1,0,24,6,5,1,0,0,133,109,0,24
2019-08-31,WISCONSIN EASTERN,WISCONSIN,SEVENTH CIRCUIT,1095,754,1,0,340,13,9,1,0,3,1082,745,0,337
2019-08-31,WISCONSIN WESTERN,WISCONSIN,SEVENTH CIRCUIT,397,313,2,5,77,20,8,2,0,5,377,305,0,72
2019-08-31,WYOMING,WYOMING,TENTH CIRCUIT,98,85,0,0,13,0,0,0,0,0,98,85,0,13
2019-09-30,ALABAMA MIDDLE,ALABAMA,ELEVENTH CIRCUIT,708,154,0,0,554,2,2,0,0,0,706,152,0,554
2019-09-30,ALABAMA NORTHERN,ALABAMA,ELEVENTH CIRCUIT,1102,489,4,0,609,18,15,3,0,0,1084,474,1,609
2019-09-30,ALABAMA SOUTHERN,ALABAMA,ELEVENTH CIRCUIT,409,85,2,0,322,2,0,2,0,0,407,85,0,322
2019-09-30,ALASKA,ALASKA,NINTH CIRCUIT,34,26,1,0,7,2,1,1,0,0,32,25,0,7
2019-09-30,ARIZONA,ARIZONA,NINTH CIRCUIT,1391,1132,13,0,246,27,16,10,0,1,1364,1116,3,245
2019-09-30,ARKANSAS,ARKANSAS,EIGHTH CIRCUIT,862,406,3,0,453,16,13,2,0,1,846,393,1,452
2019-09-30,CALIFORNIA CENTRAL,CALIFORNIA,NINTH CIRCUIT,3039,2346,30,0,663,120,92,20,0,8,2919,2254,10,655
2019-09-30,CALIFORNIA EASTERN,CALIFORNIA,NINTH CIRCUIT,1121,832,5,1,283,33,24,3,0,5,1088,808,2,278
2019-09-30,CALIFORNIA NORTHERN,CALIFORNIA,NINTH CIRCUIT,633,367,11,2,253,46,33,7,0,4,587,334,4,249
2019-09-30,CALIFORNIA SOUTHERN,CALIFORNIA,NINTH CIRCUIT,669,549,3,0,117,26,24,2,0,0,643,525,1,117
2019-09-30,COLORADO,COLORADO,TENTH CIRCUIT,908,688,8,1,211,34,24,8,0,1,874,664,0,210
2019-09-30,CONNECTICUT,CONNECTICUT,SECOND CIRCUIT,504,384,4,0,116,16,11,4,0,1,488,373,0,115
2019-09-30,DELAWARE,DELAWARE,THIRD CIRCUIT,226,115,38,0,73,43,5,38,0,0,183,110,0,73
2019-09-30,DISTRICT OF COLUMBIA,DISTRICT OF COLUMBIA,DC CIRCUIT,72,45,5,0,22,7,1,5,0,1,65,44,0,21
2019-09-30,FLORIDA MIDDLE,FLORIDA,ELEVENTH CIRCUIT,1994,1417,33,2,542,81,44,28,0,7,1913,1373,5,535
2019-09-30,FLORIDA NORTHERN,FLORIDA,ELEVENTH CIRCUIT,206,153,4,1,48,10,6,3,0,0,196,147,1,48
2019-09-30,FLORIDA SOUTHERN,FLORIDA,ELEVENTH CIRCUIT,1372,761,22,0,589,51,27,17,0,7,1321,734,5,582
2019-09-30,GEORGIA MIDDLE,GEORGIA,ELEVENTH CIRCUIT,719,205,1,3,510,10,4,1,0,2,709,201,0,508
2019-09-30,GEORGIA NORTHERN,GEORGIA,ELEVENTH CIRCUIT,2519,1290,15,0,1214,53,36,15,0,2,2466,1254,0,1212
2019-09-30,GEORGIA SOUTHERN,GEORGIA,ELEVENTH CIRCUIT,486,85,0,0,401,5,4,0,0,1,481,81,0,400
2019-09-30,GUAM,GUAM,NINTH CIRCUIT,13,12,0,0,1,0,0,0,0,0,13,12,0,1
2019-09-30,HAWAII,HAWAII,NINTH CIRCUIT,141,96,0,0,45,1,1,0,0,0,140,95,0,45
2019-09-30,IDAHO,IDAHO,NINTH CIRCUIT,325,290,3,0,32,7,6,1,0,0,318,284,2,32
2019-09-30,ILLINOIS CENTRAL,ILLINOIS,SEVENTH CIRCUIT,385,306,1,0,78,6,4,1,0,1,379,302,0,77
2019-09-30,ILLINOIS NORTHERN,ILLINOIS,SEVENTH CIRCUIT,3262,1965,9,0,1288,51,37,8,0,6,3211,1928,1,1282
2019-09-30,ILLINOIS SOUTHERN,ILLINOIS,SEVENTH CIRCUIT,277,180,2,0,95,8,5,2,0,1,269,175,0,94
2019-09-30,INDIANA NORTHERN,INDIANA,SEVENTH CIRCUIT,786,528,0,0,258,5,4,0,0,1,781,524,0,257
2019-09-30,INDIANA SOUTHERN,INDIANA,SEVENTH CIRCUIT,1159,689,2,0,468,32,27,2,0,3,1127,662,0,465
2019-09-30,IOWA NORTHERN,IOWA,EIGHTH CIRCUIT,154,132,1,3,18,9,5,1,0,0,145,127,0,18
2019-09-30,IOWA SOUTHERN,IOWA,EIGHTH CIRCUIT,233,196,0,0,37,4,4,0,0,0,229,192,0,37
2019-09-30,KANSAS,KANSAS,TENTH CIRCUIT,511,281,2,2,226,19,14,2,0,1,492,267,0,225
2019-09-30,KENTUCKY EASTERN,KENTUCKY,SIXTH CIRCUIT,615,397,0,0,218,9,8,0,0,1,606,389,0,217
2019-09-30,KENTUCKY WESTERN,KENTUCKY,SIXTH CIRCUIT,617,352,0,0,265,16,13,0,0,3,601,339,0,262
2019-09-30,LOUISIANA EASTERN,LOUISIANA,FIFTH CIRCUIT,304,109,8,0,187,24,15,8,0,1,280,94,0,186
2019-09-30,LOUISIANA MIDDLE,LOUISIANA,FIFTH CIRCUIT,126,70,0,0,56,1,1,0,0,0,125,69,0,56
2019-09-30,LOUISIANA WESTERN,LOUISIANA,FIFTH CIRCUIT,642,135,5,2,500,17,9,4,0,2,625,126,1,498
2019-09-30,MAINE,MAINE,FIRST CIRCUIT,127,102,3,1,21,3,0,2,0,0,124,102,1,21
2019-09-30,MARYLAND,MARYLAND,FOURTH CIRCUIT,1388,860,11,0,517,22,11,9,0,2,1366,849,2,515
2019-09-30,MASSACHUSETTS,MASSACHUSETTS,FIRST CIRCUIT,604,388,12,0,204,35,23,11,0,1,569,365,1,203
2019-09-30,MICHIGAN EASTERN,MICHIGAN,SIXTH CIRCUIT,1904,1404,5,1,494,25,16,4,0,4,1879,1388,1,490
2019-09-30,MICHIGAN WESTERN,MICHIGAN,SIXTH CIRCUIT,424,327,2,0,95,13,9,2,0,2,411,318,0,93
2019-09-30,MINNESOTA,MINNESOTA,EIGHTH CIRCUIT,714,547,2,2,163,19,13,2,0,2,695,534,0,161
2019-09-30,MISSISSIPPI NORTHERN,MISSISSIPPI,FIFTH CIRCUIT,440,167,0,0,273,7,7,0,0,0,433,160,0,273
2019-09-30,MISSISSIPPI SOUTHERN,MISSISSIPPI,FIFTH CIRCUIT,598,306,0,0,292,12,10,0,0,2,586,296,0,290
2019-09-30,MISSOURI EASTERN,MISSOURI,EIGHTH CIRCUIT,757,478,0,0,279,6,5,0,0,1,751,473,0,278
2019-09-30,MISSOURI WESTERN,MISSOURI,EIGHTH CIRCUIT,605,387,4,0,214,10,6,3,0,1,595,381,1,213
2019-09-30,MONTANA,MONTANA,NINTH CIRCUIT,123,102,2,3,16,8,3,2,0,0,115,99,0,16
2019-09-30,NEBRASKA,NEBRASKA,EIGHTH CIRCUIT,303,212,1,3,86,11,6,1,0,0,292,206,0,86
2019-09-30,NEVADA,NEVADA,NINTH CIRCUIT,820,645,18,0,157,41,27,14,0,0,779,618,4,157
2019-09-30,NEW HAMPSHIRE,NEW HAMPSHIRE,FIRST CIRCUIT,140,102,3,0,35,3,0,2,0,1,137,102,1,34
2019-09-30,NEW JERSEY,NEW JERSEY,THIRD CIRCUIT,1857,1142,17,0,698,46,29,13,0,4,1811,1113,4,694
2019-09-30,NEW MEXICO,NEW MEXICO,TENTH CIRCUIT,213,181,2,0,30,3,1,2,0,0,210,180,0,30
2019-09-30,NEW YORK EASTERN,NEW YORK,SECOND CIRCUIT,1412,772,40,0,600,72,40,32,0,0,1340,732,8,600
2019-09-30,NEW YORK NORTHERN,NEW YORK,SECOND CIRCUIT,472,374,2,0,96,9,6,2,0,1,463,368,0,95
2019-09-30,NEW YORK SOUTHERN,NEW YORK,SECOND CIRCUIT,663,447,46,0,163,72,22,41,0,2,591,425,5,161
2019-09-30,NEW YORK WESTERN,NEW YORK,SECOND CIRCUIT,428,220,5,0,203,10,2,4,0,4,418,218,1,199
2019-09-30,NORTH CAROLINA EASTERN,NORTH CAROLINA,FOURTH CIRCUIT,481,152,3,0,326,17,7,3,0,7,464,145,0,319
2019-09-30,NORTH CAROLINA MIDDLE,NORTH CAROLINA,FOURTH CIRCUIT,318,124,0,0,194,11,11,0,0,0,307,113,0,194
2019-09-30,NORTH CAROLINA WESTERN,NORTH CAROLINA,FOURTH CIRCUIT,287,129,0,1,157,9,7,0,0,1,278,122,0,156
2019-09-30,NORTH DAKOTA,NORTH DAKOTA,EIGHTH CIRCUIT,56,54,0,0,2,1,0,0,0,1,55,54,0,1
2019-09-30,NORTHERN MARIANAS,NORTHERN MARIANA ISLANDS,NINTH CIRCUIT,0,0,0,0,0,0,0,0,0,0,0,0,0,0
2019-09-30,OHIO NORTHERN,OHIO,SIXTH CIRCUIT,1597,1327,3,0,267,21,15,2,0,4,1576,1312,1,263
2019-09-30,OHIO SOUTHERN,OHIO,SIXTH CIRCUIT,1365,941,1,1,422,20,16,1,0,2,1345,925,0,420
2019-09-30,OKLAHOMA EASTERN,OKLAHOMA,TENTH CIRCUIT,123,112,1,2,8,4,1,1,0,0,119,111,0,8
2019-09-30,OKLAHOMA NORTHERN,OKLAHOMA,TENTH CIRCUIT,190,174,0,0,16,6,5,0,0,1,184,169,0,15
2019-09-30,OKLAHOMA WESTERN,OKLAHOMA,TENTH CIRCUIT,400,318,1,0,81,13,11,1,0,1,387,307,0,80
2019-09-30,OREGON,OREGON,NINTH CIRCUIT,714,545,0,1,168,9,8,0,0,0,705,537,0,168
2019-09-30,PENNSYLVANIA EASTERN,PENNSYLVANIA,THIRD CIRCUIT,730,329,7,0,393,27,18,6,0,2,703,311,1,391
2019-09-30,PENNSYLVANIA MIDDLE,PENNSYLVANIA,THIRD CIRCUIT,515,269,5,0,241,22,12,5,0,5,493,257,0,236
2019-09-30,PENNSYLVANIA WESTERN,PENNSYLVANIA,THIRD CIRCUIT,540,335,8,1,196,23,10,7,0,5,517,325,1,191
2019-09-30,PUERTO RICO,PUERTO RICO,FIRST CIRCUIT,640,216,6,1,416,18,7,6,0,3,622,209,0,413
2019-09-30,RHODE ISLAND,RHODE ISLAND,FIRST CIRCUIT,142,111,0,0,31,5,3,0,0,2,137,108,0,29
2019-09-30,SOUTH CAROLINA,SOUTH CAROLINA,FOURTH CIRCUIT,483,198,1,0,284,16,15,1,0,0,467,183,0,284
2019-09-30,SOUTH DAKOTA,SOUTH DAKOTA,EIGHTH CIRCUIT,77,64,1,2,10,10,6,1,0,1,67,58,0,9
2019-09-30,TENNESSEE EASTERN,TENNESSEE,SIXTH CIRCUIT,1067,569,0,1,497,8,7,0,0,0,1059,562,0,497
2019-09-30,TENNESSEE MIDDLE,TENNESSEE,SIXTH CIRCUIT,723,322,5,0,396,10,4,5,0,1,713,318,0,395
2019-09-30,TENNESSEE WESTERN,TENNESSEE,SIXTH CIRCUIT,1104,245,3,0,856,10,5,3,0,2,1094,240,0,854
2019-09-30,TEXAS EASTERN,TEXAS,FIFTH CIRCUIT,528,233,6,1,288,38,31,5,0,1,490,202,1,287
2019-09-30,TEXAS NORTHERN,TEXAS,FIFTH CIRCUIT,976,468,14,3,491,63,42,14,0,4,913,426,0,487
2019-09-30,TEXAS SOUTHERN,TEXAS,FIFTH CIRCUIT,790,347,28,1,414,70,36,28,0,5,720,311,0,409
2019-09-30,TEXAS WESTERN,TEXAS,FIFTH CIRCUIT,727,402,15,0,309,42,27,11,0,3,685,375,4,306
2019-09-30,UTAH,UTAH,TENTH CIRCUIT,793,467,1,0,325,11,11,0,0,0,782,456,1,325
2019-09-30,VERMONT,VERMONT,SECOND CIRCUIT,48,42,0,0,6,2,1,0,0,1,46,41,0,5
2019-09-30,VIRGIN ISLANDS,VIRGIN ISLANDS,THIRD CIRCUIT,0,0,0,0,0,0,0,0,0,0,0,0,0,0
2019-09-30,VIRGINIA EASTERN,VIRGINIA,FOURTH CIRCUIT,1440,808,11,0,621,33,23,9,0,1,1407,785,2,620
2019-09-30,VIRGINIA WESTERN,VIRGINIA,FOURTH CIRCUIT,452,247,0,0,205,9,7,0,0,2,443,240,0,203
2019-09-30,WASHINGTON EASTERN,WASHINGTON,NINTH CIRCUIT,262,186,0,0,76,7,6,0,0,1,255,180,0,75
2019-09-30,WASHINGTON WESTERN,WASHINGTON,NINTH CIRCUIT,695,477,9,1,208,32,21,6,0,4,663,456,3,204
2019-09-30,WEST VIRGINIA NORTHERN,WEST VIRGINIA,FOURTH CIRCUIT,108,91,1,0,16,3,2,1,0,0,105,89,0,16
2019-09-30,WEST VIRGINIA SOUTHERN,WEST VIRGINIA,FOURTH CIRCUIT,135,112,0,0,23,4,4,0,0,0,131,108,0,23
2019-09-30,WISCONSIN EASTERN,WISCONSIN,SEVENTH CIRCUIT,984,639,0,0,345,13,12,0,0,1,971,627,0,344
2019-09-30,WISCONSIN WESTERN,WISCONSIN,SEVENTH CIRCUIT,308,238,0,6,64,15,8,0,0,1,293,230,0,63
2019-09-30,WYOMING,WYOMING,TENTH CIRCUIT,55,46,0,0,9,3,3,0,0,0,52,43,0,9
2019-10-31,ALABAMA MIDDLE,ALABAMA,ELEVENTH CIRCUIT,875,161,1,0,713,5,5,0,0,0,870,156,1,713
2019-10-31,ALABAMA NORTHERN,ALABAMA,ELEVENTH CIRCUIT,1203,549,7,0,647,17,10,7,0,0,1186,539,0,647
2019-10-31,ALABAMA SOUTHERN,ALABAMA,ELEVENTH CIRCUIT,501,121,1,0,379,2,2,0,0,0,499,119,1,379
2019-10-31,ALASKA,ALASKA,NINTH CIRCUIT,35,31,0,0,4,1,1,0,0,0,34,30,0,4
2019-10-31,ARIZONA,ARIZONA,NINTH CIRCUIT,1533,1257,14,0,262,39,27,10,0,2,1494,1230,4,260
2019-10-31,ARKANSAS,ARKANSAS,EIGHTH CIRCUIT,950,409,3,1,537,20,11,3,0,5,930,398,0,532
2019-10-31,CALIFORNIA CENTRAL,CALIFORNIA,NINTH CIRCUIT,3468,2707,41,0,720,150,120,26,0,4,3318,2587,15,716
2019-10-31,CALIFORNIA EASTERN,CALIFORNIA,NINTH CIRCUIT,1295,980,7,0,308,32,22,3,0,7,1263,958,4,301
2019-10-31,CALIFORNIA NORTHERN,CALIFORNIA,NINTH CIRCUIT,697,391,11,0,295,51,40,5,0,6,646,351,6,289
2019-10-31,CALIFORNIA SOUTHERN,CALIFORNIA,NINTH CIRCUIT,711,609,3,0,99,22,19,1,0,2,689,590,2,97
2019-10-31,COLORADO,COLORADO,TENTH CIRCUIT,1013,771,7,0,235,34,28,5,0,1,979,743,2,234
2019-10-31,CONNECTICUT,CONNECTICUT,SECOND CIRCUIT,512,422,2,0,88,13,13,0,0,0,499,409,2,88
2019-10-31,DELAWARE,DELAWARE,THIRD CIRCUIT,175,92,13,1,69,26,12,13,0,0,149,80,0,69
2019-10-31,DISTRICT OF COLUMBIA,DISTRICT OF COLUMBIA,DC CIRCUIT,79,52,4,0,22,4,1,2,0,0,75,51,2,22
2019-10-31,FLORIDA MIDDLE,FLORIDA,ELEVENTH CIRCUIT,2465,1795,38,2,630,100,59,34,0,5,2365,1736,4,625
2019-10-31,FLORIDA NORTHERN,FLORIDA,ELEVENTH CIRCUIT,246,181,2,1,62,12,9,2,0,0,234,172,0,62
2019-10-31,FLORIDA SOUTHERN,FLORIDA,ELEVENTH CIRCUIT,1667,975,18,0,672,53,32,14,0,5,1614,943,4,667
2019-10-31,GEORGIA MIDDLE,GEORGIA,ELEVENTH CIRCUIT,766,242,1,0,523,13,10,1,0,2,753,232,0,521
2019-10-31,GEORGIA NORTHERN,GEORGIA,ELEVENTH CIRCUIT,2514,1345,36,3,1130,74,37,34,0,0,2440,1308,2,1130
2019-10-31,GEORGIA SOUTHERN,GEORGIA,ELEVENTH CIRCUIT,595,108,0,0,487,4,4,0,0,0,591,104,0,487
2019-10-31,GUAM,GUAM,NINTH CIRCUIT,19,18,0,0,1,0,0,0,0,0,19,18,0,1
2019-10-31,HAWAII,HAWAII,NINTH CIRCUIT,166,116,1,1,48,5,0,1,0,3,161,116,0,45
2019-10-31,IDAHO,IDAHO,NINTH CIRCUIT,313,282,1,0,30,5,5,0,0,0,308,277,1,30
2019-10-31,ILLINOIS CENTRAL,ILLINOIS,SEVENTH CIRCUIT,471,376,0,0,95,16,13,0,0,3,455,363,0,92
2019-10-31,ILLINOIS NORTHERN,ILLINOIS,SEVENTH CIRCUIT,3661,2210,11,0,1440,54,39,11,0,4,3607,2171,0,1436
2019-10-31,ILLINOIS SOUTHERN,ILLINOIS,SEVENTH CIRCUIT,311,202,0,0,109,3,3,0,0,0,308,199,0,109
2019-10-31,INDIANA NORTHERN,INDIANA,SEVENTH CIRCUIT,884,557,0,0,327,8,7,0,0,1,876,550,0,326
2019-10-31,INDIANA SOUTHERN,INDIANA,SEVENTH CIRCUIT,1331,790,5,1,535,22,15,5,0,1,1309,775,0,534
2019-10-31,IOWA NORTHERN,IOWA,EIGHTH CIRCUIT,181,166,0,1,14,6,4,0,0,1,175,162,0,13
2019-10-31,IOWA SOUTHERN,IOWA,EIGHTH CIRCUIT,265,223,0,0,42,4,4,0,0,0,261,219,0,42
2019-10-31,KANSAS,KANSAS,TENTH CIRCUIT,648,336,5,4,303,22,11,4,0,3,626,325,1,300
2019-10-31,KENTUCKY EASTERN,KENTUCKY,SIXTH CIRCUIT,637,426,0,0,211,8,8,0,0,0,629,418,0,211
2019-10-31,KENTUCKY WESTERN,KENTUCKY,SIXTH CIRCUIT,692,416,0,0,276,9,6,0,0,3,683,410,0,273
2019-10-31,LOUISIANA EASTERN,LOUISIANA,FIFTH CIRCUIT,334,128,1,0,205,12,11,1,0,0,322,117,0,205
2019-10-31,LOUISIANA MIDDLE,LOUISIANA,FIFTH CIRCUIT,156,87,0,0,69,4,4,0,0,0,152,83,0,69
2019-10-31,LOUISIANA WESTERN,LOUISIANA,FIFTH CIRCUIT,690,136,0,0,554,5,5,0,0,0,685,131,0,554
2019-10-31,MAINE,MAINE,FIRST CIRCUIT,108,87,1,0,20,9,8,1,0,0,99,79,0,20
2019-10-31,MARYLAND,MARYLAND,FOURTH CIRCUIT,1558,979,12,0,567,25,13,9,0,3,1533,966,3,564
2019-10-31,MASSACHUSETTS,MASSACHUSETTS,FIRST CIRCUIT,710,443,4,0,263,37,33,3,0,1,673,410,1,262
2019-10-31,MICHIGAN EASTERN,MICHIGAN,SIXTH CIRCUIT,2152,1577,16,0,559,38,15,15,0,8,2114,1562,1,551
2019-10-31,MICHIGAN WESTERN,MICHIGAN,SIXTH CIRCUIT,510,395,9,0,106,18,6,9,0,3,492,389,0,103
2019-10-31,MINNESOTA,MINNESOTA,EIGHTH CIRCUIT,945,703,3,3,236,30,21,3,0,3,915,682,0,233
2019-10-31,MISSISSIPPI NORTHERN,MISSISSIPPI,FIFTH CIRCUIT,477,161,1,0,315,7,3,1,0,3,470,158,0,312
2019-10-31,MISSISSIPPI SOUTHERN,MISSISSIPPI,FIFTH CIRCUIT,686,332,3,1,350,14,8,3,0,2,672,324,0,348
2019-10-31,MISSOURI EASTERN,MISSOURI,EIGHTH CIRCUIT,899,551,0,3,345,11,7,0,0,1,888,544,0,344
2019-10-31,MISSOURI WESTERN,MISSOURI,EIGHTH CIRCUIT,636,414,2,0,220,14,11,2,0,1,622,403,0,219
2019-10-31,MONTANA,MONTANA,NINTH CIRCUIT,116,84,1,1,30,4,2,1,0,0,112,82,0,30
2019-10-31,NEBRASKA,NEBRASKA,EIGHTH CIRCUIT,349,243,1,1,104,6,3,1,0,1,343,240,0,103
2019-10-31,NEVADA,NEVADA,NINTH CIRCUIT,912,742,8,0,162,21,14,7,0,0,891,728,1,162
2019-10-31,NEW HAMPSHIRE,NEW HAMPSHIRE,FIRST CIRCUIT,169,114,1,0,54,3,2,1,0,0,166,112,0,54
2019-10-31,NEW JERSEY,NEW JERSEY,THIRD CIRCUIT,2147,1345,14,0,788,49,32,12,0,5,2098,1313,2,783
2019-10-31,NEW MEXICO,NEW MEXICO,TENTH CIRCUIT,266,227,0,0,39,8,7,0,0,1,258,220,0,38
2019-10-31,NEW YORK EASTERN,NEW YORK,SECOND CIRCUIT,1380,794,29,0,557,61,34,27,0,0,1319,760,2,557
2019-10-31,NEW YORK NORTHERN,NEW YORK,SECOND CIRCUIT,517,393,3,1,120,14,10,2,0,1,503,383,1,119
2019-10-31,NEW YORK SOUTHERN,NEW YORK,SECOND CIRCUIT,778,524,62,1,181,94,22,59,0,2,684,502,3,179
2019-10-31,NEW YORK WESTERN,NEW YORK,SECOND CIRCUIT,388,274,2,1,111,17,9,2,0,5,371,265,0,106
2019-10-31,NORTH CAROLINA EASTERN,NORTH CAROLINA,FOURTH CIRCUIT,578,175,6,1,396,13,4,5,0,3,565,171,1,393
2019-10-31,NORTH CAROLINA MIDDLE,NORTH CAROLINA,FOURTH CIRCUIT,369,136,1,3,229,11,7,1,0,0,358,129,0,229
2019-10-31,NORTH CAROLINA WESTERN,NORTH CAROLINA,FOURTH CIRCUIT,321,147,2,0,172,6,4,2,0,0,315,143,0,172
2019-10-31,NORTH DAKOTA,NORTH DAKOTA,EIGHTH CIRCUIT,56,50,1,0,5,4,2,1,0,1,52,48,0,4
2019-10-31,NORTHERN MARIANAS,NORTHERN MARIANA ISLANDS,NINTH CIRCUIT,0,0,0,0,0,0,0,0,0,0,0,0,0,0
2019-10-31,OHIO NORTHERN,OHIO,SIXTH CIRCUIT,1790,1456,2,0,332,15,11,2,0,2,1775,1445,0,330
2019-10-31,OHIO SOUTHERN,OHIO,SIXTH CIRCUIT,1551,993,100,0,458,119,17,100,0,2,1432,976,0,456
2019-10-31,OKLAHOMA EASTERN,OKLAHOMA,TENTH CIRCUIT,137,118,0,0,19,2,2,0,0,0,135,116,0,19
2019-10-31,OKLAHOMA NORTHERN,OKLAHOMA,TENTH CIRCUIT,255,231,0,0,24,9,9,0,0,0,246,222,0,24
2019-10-31,OKLAHOMA WESTERN,OKLAHOMA,TENTH CIRCUIT,481,353,3,0,125,9,6,3,0,0,472,347,0,125
2019-10-31,OREGON,OREGON,NINTH CIRCUIT,811,591,1,1,218,19,13,1,0,4,792,578,0,214
2019-10-31,PENNSYLVANIA EASTERN,PENNSYLVANIA,THIRD CIRCUIT,673,355,5,0,313,20,12,5,0,3,653,343,0,310
2019-10-31,PENNSYLVANIA MIDDLE,PENNSYLVANIA,THIRD CIRCUIT,494,297,1,0,196,13,9,1,0,3,481,288,0,193
2019-10-31,PENNSYLVANIA WESTERN,PENNSYLVANIA,THIRD CIRCUIT,623,400,7,0,216,21,13,7,0,1,602,387,0,215
2019-10-31,PUERTO RICO,PUERTO RICO,FIRST CIRCUIT,774,280,16,3,475,29,12,13,0,1,745,268,3,474
2019-10-31,RHODE ISLAND,RHODE ISLAND,FIRST CIRCUIT,153,115,1,0,37,9,8,1,0,0,144,107,0,37
2019-10-31,SOUTH CAROLINA,SOUTH CAROLINA,FOURTH CIRCUIT,637,239,2,1,395,7,3,2,0,1,630,236,0,394
2019-10-31,SOUTH DAKOTA,SOUTH DAKOTA,EIGHTH CIRCUIT,84,70,0,2,12,4,2,0,0,0,80,68,0,12
2019-10-31,TENNESSEE EASTERN,TENNESSEE,SIXTH CIRCUIT,1089,598,0,1,490,8,6,0,0,1,1081,592,0,489
2019-10-31,TENNESSEE MIDDLE,TENNESSEE,SIXTH CIRCUIT,768,356,7,0,405,17,11,5,0,1,751,345,2,404
2019-10-31,TENNESSEE WESTERN,TENNESSEE,SIXTH CIRCUIT,1153,258,2,0,893,4,2,2,0,0,1149,256,0,893
2019-10-31,TEXAS EASTERN,TEXAS,FIFTH CIRCUIT,426,219,11,0,196,41,27,11,0,3,385,192,0,193
2019-10-31,TEXAS NORTHERN,TEXAS,FIFTH CIRCUIT,937,501,16,0,420,72,55,15,0,2,865,446,1,418
2019-10-31,TEXAS SOUTHERN,TEXAS,FIFTH CIRCUIT,702,379,19,0,304,55,37,18,0,0,647,342,1,304
2019-10-31,TEXAS WESTERN,TEXAS,FIFTH CIRCUIT,611,391,7,0,213,51,39,6,0,6,560,352,1,207
2019-10-31,UTAH,UTAH,TENTH CIRCUIT,899,513,1,0,385,14,11,1,0,2,885,502,0,383
2019-10-31,VERMONT,VERMONT,SECOND CIRCUIT,50,42,1,0,7,4,3,1,0,0,46,39,0,7
2019-10-31,VIRGIN ISLANDS,VIRGIN ISLANDS,THIRD CIRCUIT,0,0,0,0,0,0,0,0,0,0,0,0,0,0
2019-10-31,VIRGINIA EASTERN,VIRGINIA,FOURTH CIRCUIT,1635,890,5,0,740,36,28,4,0,4,1599,862,1,736
2019-10-31,VIRGINIA WESTERN,VIRGINIA,FOURTH CIRCUIT,492,269,2,0,221,6,5,1,0,0,486,264,1,221
2019-10-31,WASHINGTON EASTERN,WASHINGTON,NINTH CIRCUIT,268,212,1,1,54,5,3,1,0,0,263,209,0,54
2019-10-31,WASHINGTON WESTERN,WASHINGTON,NINTH CIRCUIT,827,569,7,0,251,20,14,4,0,2,807,555,3,249
2019-10-31,WEST VIRGINIA NORTHERN,WEST VIRGINIA,FOURTH CIRCUIT,95,84,1,0,10,2,1,1,0,0,93,83,0,10
2019-10-31,WEST VIRGINIA SOUTHERN,WEST VIRGINIA,FOURTH CIRCUIT,168,145,1,0,22,6,5,1,0,0,162,140,0,22
2019-10-31,WISCONSIN EASTERN,WISCONSIN,SEVENTH CIRCUIT,1021,644,3,8,366,24,13,3,0,0,997,631,0,366
2019-10-31,WISCONSIN WESTERN,WISCONSIN,SEVENTH CIRCUIT,409,325,0,6,78,15,8,0,0,1,394,317,0,77
2019-10-31,WYOMING,WYOMING,TENTH CIRCUIT,62,52,2,0,8,6,4,2,0,0,56,48,0,8
2019-11-30,ALABAMA MIDDLE,ALABAMA,ELEVENTH CIRCUIT,620,124,1,0,495,6,3,1,0,2,614,121,0,493
2019-11-30,ALABAMA NORTHERN,ALABAMA,ELEVENTH CIRCUIT,1006,455,8,0,543,18,10,8,0,0,988,445,0,543
2019-11-30,ALABAMA SOUTHERN,ALABAMA,ELEVENTH CIRCUIT,372,91,4,0,277,6,2,4,0,0,366,89,0,277
2019-11-30,ALASKA,ALASKA,NINTH CIRCUIT,34,25,1,0,8,1,0,1,0,0,33,25,0,8
2019-11-30,ARIZONA,ARIZONA,NINTH CIRCUIT,1201,956,12,0,233,34,24,10,0,0,1167,932,2,233
2019-11-30,ARKANSAS,ARKANSAS,EIGHTH CIRCUIT,808,357,2,3,446,17,11,2,0,1,791,346,0,445
2019-11-30,CALIFORNIA CENTRAL,CALIFORNIA,NINTH CIRCUIT,2720,2127,36,0,556,117,90,18,0,8,2603,2037,18,548
2019-11-30,CALIFORNIA EASTERN,CALIFORNIA,NINTH CIRCUIT,1102,859,8,2,233,34,26,4,0,2,1068,833,4,231
2019-11-30,CALIFORNIA NORTHERN,CALIFORNIA,NINTH CIRCUIT,616,357,9,0,250,33,26,6,0,1,583,331,3,249
2019-11-30,CALIFORNIA SOUTHERN,CALIFORNIA,NINTH CIRCUIT,630,531,0,0,99,23,23,0,0,0,607,508,0,99
2019-11-30,COLORADO,COLORADO,TENTH CIRCUIT,826,632,11,0,183,32,20,11,0,1,794,612,0,182
2019-11-30,CONNECTICUT,CONNECTICUT,SECOND CIRCUIT,457,359,1,0,97,11,11,0,0,0,446,348,1,97
2019-11-30,DELAWARE,DELAWARE,THIRD CIRCUIT,232,87,82,0,62,91,8,82,0,0,141,79,0,62
2019-11-30,DISTRICT OF COLUMBIA,DISTRICT OF COLUMBIA,DC CIRCUIT,60,35,4,0,21,6,3,3,0,0,54,32,1,21
2019-11-30,FLORIDA MIDDLE,FLORIDA,ELEVENTH CIRCUIT,2012,1484,16,5,506,80,55,14,0,5,1932,1429,2,501
2019-11-30,FLORIDA NORTHERN,FLORIDA,ELEVENTH CIRCUIT,179,132,2,0,45,12,8,2,0,2,167,124,0,43
2019-11-30,FLORIDA SOUTHERN,FLORIDA,ELEVENTH CIRCUIT,1357,747,23,0,585,59,31,19,0,7,1298,716,4,578
2019-11-30,GEORGIA MIDDLE,GEORGIA,ELEVENTH CIRCUIT,650,193,5,3,449,11,3,5,0,0,639,190,0,449
2019-11-30,GEORGIA NORTHERN,GEORGIA,ELEVENTH CIRCUIT,2441,1202,11,1,1227,46,32,10,0,3,2395,1170,1,1224
2019-11-30,GEORGIA SOUTHERN,GEORGIA,ELEVENTH CIRCUIT,493,78,3,0,412,5,2,3,0,0,488,76,0,412
2019-11-30,GUAM,GUAM,NINTH CIRCUIT,2,1,0,0,1,0,0,0,0,0,2,1,0,1
2019-11-30,HAWAII,HAWAII,NINTH CIRCUIT,125,79,2,0,44,6,4,2,0,0,119,75,0,44
2019-11-30,IDAHO,IDAHO,NINTH CIRCUIT,246,222,0,0,24,7,7,0,0,0,239,215,0,24
2019-11-30,ILLINOIS CENTRAL,ILLINOIS,SEVENTH CIRCUIT,397,311,0,0,86,8,8,0,0,0,389,303,0,86
2019-11-30,ILLINOIS NORTHERN,ILLINOIS,SEVENTH CIRCUIT,3010,1771,10,1,1228,72,56,10,0,5,2938,1715,0,1223
2019-11-30,ILLINOIS SOUTHERN,ILLINOIS,SEVENTH CIRCUIT,232,138,1,0,93,5,3,1,0,1,227,135,0,92
2019-11-30,INDIANA NORTHERN,INDIANA,SEVENTH CIRCUIT,673,431,1,0,241,5,3,1,0,1,668,428,0,240
2019-11-30,INDIANA SOUTHERN,INDIANA,SEVENTH CIRCUIT,1057,605,3,0,449,15,11,3,0,1,1042,594,0,448
2019-11-30,IOWA NORTHERN,IOWA,EIGHTH CIRCUIT,154,136,0,1,17,4,3,0,0,0,150,133,0,17
2019-11-30,IOWA SOUTHERN,IOWA,EIGHTH CIRCUIT,223,185,1,0,37,7,5,1,0,1,216,180,0,36
2019-11-30,KANSAS,KANSAS,TENTH CIRCUIT,486,267,7,1,211,21,11,6,0,3,465,256,1,208
2019-11-30,KENTUCKY EASTERN,KENTUCKY,SIXTH CIRCUIT,566,372,0,0,194,5,4,0,0,1,561,368,0,193
2019-11-30,KENTUCKY WESTERN,KENTUCKY,SIXTH CIRCUIT,565,311,1,1,252,12,9,1,0,1,553,302,0,251
2019-11-30,LOUISIANA EASTERN,LOUISIANA,FIFTH CIRCUIT,234,85,2,0,147,6,4,2,0,0,228,81,0,147
2019-11-30,LOUISIANA MIDDLE,LOUISIANA,FIFTH CIRCUIT,110,66,0,0,44,4,4,0,0,0,106,62,0,44
2019-11-30,LOUISIANA WESTERN,LOUISIANA,FIFTH CIRCUIT,576,125,9,0,442,17,7,9,0,1,559,118,0,441
2019-11-30,MAINE,MAINE,FIRST CIRCUIT,109,82,1,0,26,5,4,1,0,0,104,78,0,26
2019-11-30,MARYLAND,MARYLAND,FOURTH CIRCUIT,1317,855,5,0,457,23,15,5,0,3,1294,840,0,454
2019-11-30,MASSACHUSETTS,MASSACHUSETTS,FIRST CIRCUIT,571,357,4,0,210,27,20,2,0,5,544,337,2,205
2019-11-30,MICHIGAN EASTERN,MICHIGAN,SIXTH CIRCUIT,1833,1344,8,1,480,29,18,8,0,2,1804,1326,0,478
2019-11-30,MICHIGAN WESTERN,MICHIGAN,SIXTH CIRCUIT,396,300,0,1,95,13,12,0,0,0,383,288,0,95
2019-11-30,MINNESOTA,MINNESOTA,EIGHTH CIRCUIT,738,556,2,1,179,21,16,2,0,2,717,540,0,177
2019-11-30,MISSISSIPPI NORTHERN,MISSISSIPPI,FIFTH CIRCUIT,421,194,2,0,225,9,7,2,0,0,412,187,0,225
2019-11-30,MISSISSIPPI SOUTHERN,MISSISSIPPI,FIFTH CIRCUIT,538,268,0,0,270,4,4,0,0,0,534,264,0,270
2019-11-30,MISSOURI EASTERN,MISSOURI,EIGHTH CIRCUIT,687,437,0,0,250,6,5,0,0,1,681,432,0,249
2019-11-30,MISSOURI WESTERN,MISSOURI,EIGHTH CIRCUIT,490,292,0,1,197,8,5,0,0,2,482,287,0,195
2019-11-30,MONTANA,MONTANA,NINTH CIRCUIT,79,65,1,1,12,7,4,1,0,1,72,61,0,11
2019-11-30,NEBRASKA,NEBRASKA,EIGHTH CIRCUIT,311,200,1,1,109,6,4,1,0,0,305,196,0,109
2019-11-30,NEVADA,NEVADA,NINTH CIRCUIT,653,505,4,0,144,8,6,2,0,0,645,499,2,144
2019-11-30,NEW HAMPSHIRE,NEW HAMPSHIRE,FIRST CIRCUIT,143,85,2,0,56,10,8,1,0,1,133,77,1,55
2019-11-30,NEW JERSEY,NEW JERSEY,THIRD CIRCUIT,1754,1134,21,1,597,51,32,13,0,4,1703,1102,8,593
2019-11-30,NEW MEXICO,NEW MEXICO,TENTH CIRCUIT,246,207,5,0,34,9,5,3,0,1,237,202,2,33
2019-11-30,NEW YORK EASTERN,NEW YORK,SECOND CIRCUIT,1228,772,26,0,430,57,35,22,0,0,1171,737,4,430
2019-11-30,NEW YORK NORTHERN,NEW YORK,SECOND CIRCUIT,437,336,0,1,100,12,8,0,0,3,425,328,0,97
2019-11-30,NEW YORK SOUTHERN,NEW YORK,SECOND CIRCUIT,620,448,25,0,143,39,12,22,0,1,581,436,3,142
2019-11-30,NEW YORK WESTERN,NEW YORK,SECOND CIRCUIT,303,209,2,0,92,9,3,2,0,4,294,206,0,88
2019-11-30,NORTH CAROLINA EASTERN,NORTH CAROLINA,FOURTH CIRCUIT,446,128,6,0,312,18,9,6,0,3,428,119,0,309
2019-11-30,NORTH CAROLINA MIDDLE,NORTH CAROLINA,FOURTH CIRCUIT,269,94,1,0,174,7,6,1,0,0,262,88,0,174
2019-11-30,NORTH CAROLINA WESTERN,NORTH CAROLINA,FOURTH CIRCUIT,270,146,1,0,122,11,8,1,0,1,259,138,0,121
2019-11-30,NORTH DAKOTA,NORTH DAKOTA,EIGHTH CIRCUIT,56,49,0,0,7,2,2,0,0,0,54,47,0,7
2019-11-30,NORTHERN MARIANAS,NORTHERN MARIANA ISLANDS,NINTH CIRCUIT,0,0,0,0,0,0,0,0,0,0,0,0,0,0
2019-11-30,OHIO NORTHERN,OHIO,SIXTH CIRCUIT,1509,1185,4,1,319,20,15,4,0,0,1489,1170,0,319
2019-11-30,OHIO SOUTHERN,OHIO,SIXTH CIRCUIT,1254,861,0,1,392,27,20,0,0,6,1227,841,0,386
2019-11-30,OKLAHOMA EASTERN,OKLAHOMA,TENTH CIRCUIT,126,116,0,0,10,4,4,0,0,0,122,112,0,10
2019-11-30,OKLAHOMA NORTHERN,OKLAHOMA,TENTH CIRCUIT,181,161,0,0,20,4,4,0,0,0,177,157,0,20
2019-11-30,OKLAHOMA WESTERN,OKLAHOMA,TENTH CIRCUIT,353,264,2,1,86,13,9,2,0,1,340,255,0,85
2019-11-30,OREGON,OREGON,NINTH CIRCUIT,652,468,3,1,180,20,14,3,0,2,632,454,0,178
2019-11-30,PENNSYLVANIA EASTERN,PENNSYLVANIA,THIRD CIRCUIT,644,342,6,0,296,27,19,4,0,4,617,323,2,292
2019-11-30,PENNSYLVANIA MIDDLE,PENNSYLVANIA,THIRD CIRCUIT,406,254,6,0,146,16,6,6,0,4,390,248,0,142
2019-11-30,PENNSYLVANIA WESTERN,PENNSYLVANIA,THIRD CIRCUIT,533,310,11,0,212,23,9,11,0,3,510,301,0,209
2019-11-30,PUERTO RICO,PUERTO RICO,FIRST CIRCUIT,625,226,4,1,394,13,6,4,0,2,612,220,0,392
2019-11-30,RHODE ISLAND,RHODE ISLAND,FIRST CIRCUIT,134,104,1,0,29,3,1,1,0,1,131,103,0,28
2019-11-30,SOUTH CAROLINA,SOUTH CAROLINA,FOURTH CIRCUIT,524,197,0,2,325,11,9,0,0,0,513,188,0,325
2019-11-30,SOUTH DAKOTA,SOUTH DAKOTA,EIGHTH CIRCUIT,62,52,0,1,9,7,4,0,0,2,55,48,0,7
2019-11-30,TENNESSEE EASTERN,TENNESSEE,SIXTH CIRCUIT,904,501,1,0,402,16,13,1,0,2,888,488,0,400
2019-11-30,TENNESSEE MIDDLE,TENNESSEE,SIXTH CIRCUIT,593,265,11,0,317,14,4,9,0,1,579,261,2,316
2019-11-30,TENNESSEE WESTERN,TENNESSEE,SIXTH CIRCUIT,949,215,2,0,732,8,4,2,0,2,941,211,0,730
2019-11-30,TEXAS EASTERN,TEXAS,FIFTH CIRCUIT,467,203,2,0,262,22,19,2,0,1,445,184,0,261
2019-11-30,TEXAS NORTHERN,TEXAS,FIFTH CIRCUIT,872,394,19,1,454,59,34,18,0,2,813,360,1,452
2019-11-30,TEXAS SOUTHERN,TEXAS,FIFTH CIRCUIT,787,314,64,0,409,96,32,63,0,1,691,282,1,408
2019-11-30,TEXAS WESTERN,TEXAS,FIFTH CIRCUIT,666,353,16,1,296,52,31,15,0,5,614,322,1,291
2019-11-30,UTAH,UTAH,TENTH CIRCUIT,709,389,3,0,317,11,6,2,0,3,698,383,1,314
2019-11-30,VERMONT,VERMONT,SECOND CIRCUIT,44,37,0,0,7,2,2,0,0,0,42,35,0,7
2019-11-30,VIRGIN ISLANDS,VIRGIN ISLANDS,THIRD CIRCUIT,0,0,0,0,0,0,0,0,0,0,0,0,0,0
2019-11-30,VIRGINIA EASTERN,VIRGINIA,FOURTH CIRCUIT,1304,692,2,0,610,25,21,2,0,2,1279,671,0,608
2019-11-30,VIRGINIA WESTERN,VIRGINIA,FOURTH CIRCUIT,403,213,0,0,190,8,8,0,0,0,395,205,0,190
2019-11-30,WASHINGTON EASTERN,WASHINGTON,NINTH CIRCUIT,233,175,0,1,57,5,4,0,0,0,228,171,0,57
2019-11-30,WASHINGTON WESTERN,WASHINGTON,NINTH CIRCUIT,657,433,19,1,204,31,7,19,0,4,626,426,0,200
2019-11-30,WEST VIRGINIA NORTHERN,WEST VIRGINIA,FOURTH CIRCUIT,73,61,1,0,11,4,2,1,0,1,69,59,0,10
2019-11-30,WEST VIRGINIA SOUTHERN,WEST VIRGINIA,FOURTH CIRCUIT,124,114,2,0,8,7,5,2,0,0,117,109,0,8
2019-11-30,WISCONSIN EASTERN,WISCONSIN,SEVENTH CIRCUIT,802,495,0,0,307,8,8,0,0,0,794,487,0,307
2019-11-30,WISCONSIN WESTERN,WISCONSIN,SEVENTH CIRCUIT,322,250,2,2,68,20,15,2,0,1,302,235,0,67
2019-11-30,WYOMING,WYOMING,TENTH CIRCUIT,60,51,0,0,9,2,2,0,0,0,58,49,0,9
2019-12-31,ALABAMA MIDDLE,ALABAMA,ELEVENTH CIRCUIT,551,105,0,0,446,4,4,0,0,0,547,101,0,446
2019-12-31,ALABAMA NORTHERN,ALABAMA,ELEVENTH CIRCUIT,1016,435,0,0,581,11,11,0,0,0,1005,424,0,581
2019-12-31,ALABAMA SOUTHERN,ALABAMA,ELEVENTH CIRCUIT,382,110,0,0,272,2,1,0,0,1,380,109,0,271
2019-12-31,ALASKA,ALASKA,NINTH CIRCUIT,23,18,0,0,5,4,3,0,0,1,19,15,0,4
2019-12-31,ARIZONA,ARIZONA,NINTH CIRCUIT,1144,914,13,0,217,42,30,12,0,0,1102,884,1,217
2019-12-31,ARKANSAS,ARKANSAS,EIGHTH CIRCUIT,801,359,1,1,440,17,11,0,0,5,784,348,1,435
2019-12-31,CALIFORNIA CENTRAL,CALIFORNIA,NINTH CIRCUIT,2811,2164,25,0,622,136,108,18,0,10,2675,2056,7,612
2019-12-31,CALIFORNIA EASTERN,CALIFORNIA,NINTH CIRCUIT,1056,791,12,0,253,47,33,10,0,4,1009,758,2,249
2019-12-31,CALIFORNIA NORTHERN,CALIFORNIA,NINTH CIRCUIT,571,319,15,0,237,38,25,8,0,5,533,294,7,232
2019-12-31,CALIFORNIA SOUTHERN,CALIFORNIA,NINTH CIRCUIT,558,445,2,0,111,26,22,2,0,2,532,423,0,109
2019-12-31,COLORADO,COLORADO,TENTH CIRCUIT,800,621,2,0,177,33,29,2,0,2,767,592,0,175
2019-12-31,CONNECTICUT,CONNECTICUT,SECOND CIRCUIT,392,314,5,0,73,19,13,5,0,1,373,301,0,72
2019-12-31,DELAWARE,DELAWARE,THIRD CIRCUIT,232,92,76,0,59,91,10,76,0,0,141,82,0,59
2019-12-31,DISTRICT OF COLUMBIA,DISTRICT OF COLUMBIA,DC CIRCUIT,69,40,3,0,26,5,1,3,0,1,64,39,0,25
2019-12-31,FLORIDA MIDDLE,FLORIDA,ELEVENTH CIRCUIT,1836,1303,48,0,485,104,56,42,0,6,1732,1247,6,479
2019-12-31,FLORIDA NORTHERN,FLORIDA,ELEVENTH CIRCUIT,184,145,4,0,35,3,0,3,0,0,181,145,1,35
2019-12-31,FLORIDA SOUTHERN,FLORIDA,ELEVENTH CIRCUIT,1238,709,14,0,511,48,34,9,0,1,1190,675,5,510
2019-12-31,GEORGIA MIDDLE,GEORGIA,ELEVENTH CIRCUIT,572,165,2,1,404,10,5,2,0,2,562,160,0,402
2019-12-31,GEORGIA NORTHERN,GEORGIA,ELEVENTH CIRCUIT,2132,1043,9,0,1080,42,30,9,0,3,2090,1013,0,1077
2019-12-31,GEORGIA SOUTHERN,GEORGIA,ELEVENTH CIRCUIT,494,97,1,0,396,4,3,1,0,0,490,94,0,396
2019-12-31,GUAM,GUAM,NINTH CIRCUIT,12,6,0,0,6,1,0,0,0,1,11,6,0,5
2019-12-31,HAWAII,HAWAII,NINTH CIRCUIT,134,95,3,0,36,6,3,2,0,1,128,92,1,35
2019-12-31,IDAHO,IDAHO,NINTH CIRCUIT,256,230,0,0,25,7,4,0,0,2,249,226,0,23
2019-12-31,ILLINOIS CENTRAL,ILLINOIS,SEVENTH CIRCUIT,387,311,0,0,76,6,5,0,0,1,381,306,0,75
2019-12-31,ILLINOIS NORTHERN,ILLINOIS,SEVENTH CIRCUIT,2951,1792,12,1,1146,83,68,10,0,4,2868,1724,2,1142
2019-12-31,ILLINOIS SOUTHERN,ILLINOIS,SEVENTH CIRCUIT,217,131,1,2,83,5,2,1,0,0,212,129,0,83
2019-12-31,INDIANA NORTHERN,INDIANA,SEVENTH CIRCUIT,584,355,0,0,229,6,4,0,0,2,578,351,0,227
2019-12-31,INDIANA SOUTHERN,INDIANA,SEVENTH CIRCUIT,876,528,2,1,345,24,20,2,0,1,852,508,0,344
2019-12-31,IOWA NORTHERN,IOWA,EIGHTH CIRCUIT,123,113,1,1,8,7,5,1,0,0,116,108,0,8
2019-12-31,IOWA SOUTHERN,IOWA,EIGHTH CIRCUIT,205,167,1,2,35,14,11,1,0,0,191,156,0,35
2019-12-31,KANSAS,KANSAS,TENTH CIRCUIT,425,219,3,6,197,20,10,3,0,1,405,209,0,196
2019-12-31,KENTUCKY EASTERN,KENTUCKY,SIXTH CIRCUIT,518,332,11,1,174,15,2,11,0,1,503,330,0,173
2019-12-31,KENTUCKY WESTERN,KENTUCKY,SIXTH CIRCUIT,496,305,1,2,188,9,4,1,0,2,487,301,0,186
2019-12-31,LOUISIANA EASTERN,LOUISIANA,FIFTH CIRCUIT,255,108,7,0,140,20,12,7,0,1,235,96,0,139
2019-12-31,LOUISIANA MIDDLE,LOUISIANA,FIFTH CIRCUIT,104,57,0,0,47,5,5,0,0,0,99,52,0,47
2019-12-31,LOUISIANA WESTERN,LOUISIANA,FIFTH CIRCUIT,562,112,5,0,445,13,5,5,0,3,549,107,0,442
2019-12-31,MAINE,MAINE,FIRST CIRCUIT,97,80,0,0,17,3,3,0,0,0,94,77,0,17
2019-12-31,MARYLAND,MARYLAND,FOURTH CIRCUIT,1305,804,4,1,496,29,22,4,0,2,1276,782,0,494
2019-12-31,MASSACHUSETTS,MASSACHUSETTS,FIRST CIRCUIT,519,328,5,1,185,34,28,3,0,2,485,300,2,183
2019-12-31,MICHIGAN EASTERN,MICHIGAN,SIXTH CIRCUIT,1767,1287,3,1,476,23,19,3,0,0,1744,1268,0,476
2019-12-31,MICHIGAN WESTERN,MICHIGAN,SIXTH CIRCUIT,415,310,0,1,104,12,11,0,0,0,403,299,0,104
2019-12-31,MINNESOTA,MINNESOTA,EIGHTH CIRCUIT,707,532,11,5,159,35,18,10,0,2,672,514,1,157
2019-12-31,MISSISSIPPI NORTHERN,MISSISSIPPI,FIFTH CIRCUIT,378,147,2,0,229,4,1,2,0,1,374,146,0,228
2019-12-31,MISSISSIPPI SOUTHERN,MISSISSIPPI,FIFTH CIRCUIT,550,269,4,0,277,19,15,4,0,0,531,254,0,277
2019-12-31,MISSOURI EASTERN,MISSOURI,EIGHTH CIRCUIT,648,378,1,0,269,8,6,1,0,1,640,372,0,268
2019-12-31,MISSOURI WESTERN,MISSOURI,EIGHTH CIRCUIT,477,273,3,0,201,11,7,3,0,1,466,266,0,200
2019-12-31,MONTANA,MONTANA,NINTH CIRCUIT,81,63,1,1,16,8,5,1,0,1,73,58,0,15
2019-12-31,NEBRASKA,NEBRASKA,EIGHTH CIRCUIT,267,170,0,4,93,9,4,0,0,1,258,166,0,92
2019-12-31,NEVADA,NEVADA,NINTH CIRCUIT,680,537,16,0,127,34,19,14,0,1,646,518,2,126
2019-12-31,NEW HAMPSHIRE,NEW HAMPSHIRE,FIRST CIRCUIT,104,74,0,0,30,2,2,0,0,0,102,72,0,30
2019-12-31,NEW JERSEY,NEW JERSEY,THIRD CIRCUIT,1690,1056,11,1,622,45,33,8,0,3,1645,1023,3,619
2019-12-31,NEW MEXICO,NEW MEXICO,TENTH CIRCUIT,232,201,0,0,31,8,8,0,0,0,224,193,0,31
2019-12-31,NEW YORK EASTERN,NEW YORK,SECOND CIRCUIT,1209,701,30,0,478,73,47,26,0,0,1136,654,4,478
2019-12-31,NEW YORK NORTHERN,NEW YORK,SECOND CIRCUIT,440,332,2,1,104,17,12,2,0,1,423,320,0,103
2019-12-31,NEW YORK SOUTHERN,NEW YORK,SECOND CIRCUIT,501,358,18,0,123,36,20,14,0,0,465,338,4,123
2019-12-31,NEW YORK WESTERN,NEW YORK,SECOND CIRCUIT,244,174,2,0,68,8,5,2,0,1,236,169,0,67
2019-12-31,NORTH CAROLINA EASTERN,NORTH CAROLINA,FOURTH CIRCUIT,453,136,7,0,310,12,6,6,0,0,441,130,1,310
2019-12-31,NORTH CAROLINA MIDDLE,NORTH CAROLINA,FOURTH CIRCUIT,295,105,2,1,187,7,2,2,0,2,288,103,0,185
2019-12-31,NORTH CAROLINA WESTERN,NORTH CAROLINA,FOURTH CIRCUIT,295,142,2,0,151,13,10,2,0,1,282,132,0,150
2019-12-31,NORTH DAKOTA,NORTH DAKOTA,EIGHTH CIRCUIT,59,53,0,0,6,3,3,0,0,0,56,50,0,6
2019-12-31,NORTHERN MARIANAS,NORTHERN MARIANA ISLANDS,NINTH CIRCUIT,0,0,0,0,0,0,0,0,0,0,0,0,0,0
2019-12-31,OHIO NORTHERN,OHIO,SIXTH CIRCUIT,1354,1074,11,1,268,26,12,11,0,2,1328,1062,0,266
2019-12-31,OHIO SOUTHERN,OHIO,SIXTH CIRCUIT,1123,757,0,0,366,22,18,0,0,4,1101,739,0,362
2019-12-31,OKLAHOMA EASTERN,OKLAHOMA,TENTH CIRCUIT,103,94,1,0,8,2,1,1,0,0,101,93,0,8
2019-12-31,OKLAHOMA NORTHERN,OKLAHOMA,TENTH CIRCUIT,150,131,0,0,19,1,1,0,0,0,149,130,0,19
2019-12-31,OKLAHOMA WESTERN,OKLAHOMA,TENTH CIRCUIT,361,282,0,0,79,11,11,0,0,0,350,271,0,79
2019-12-31,OREGON,OREGON,NINTH CIRCUIT,623,466,4,0,153,13,9,3,0,1,610,457,1,152
2019-12-31,PENNSYLVANIA EASTERN,PENNSYLVANIA,THIRD CIRCUIT,596,312,2,0,282,18,13,2,0,3,578,299,0,279
2019-12-31,PENNSYLVANIA MIDDLE,PENNSYLVANIA,THIRD CIRCUIT,424,257,0,0,167,14,10,0,0,4,410,247,0,163
2019-12-31,PENNSYLVANIA WESTERN,PENNSYLVANIA,THIRD CIRCUIT,436,291,5,1,139,14,8,5,0,0,422,283,0,139
2019-12-31,PUERTO RICO,PUERTO RICO,FIRST CIRCUIT,628,228,8,2,390,13,5,4,0,2,615,223,4,388
2019-12-31,RHODE ISLAND,RHODE ISLAND,FIRST CIRCUIT,144,110,0,0,34,5,5,0,0,0,139,105,0,34
2019-12-31,SOUTH CAROLINA,SOUTH CAROLINA,FOURTH CIRCUIT,507,206,2,2,297,13,8,1,0,2,494,198,1,295
2019-12-31,SOUTH DAKOTA,SOUTH DAKOTA,EIGHTH CIRCUIT,51,44,1,1,5,6,3,1,0,1,45,41,0,4
2019-12-31,TENNESSEE EASTERN,TENNESSEE,SIXTH CIRCUIT,769,423,1,1,344,10,7,1,0,1,759,416,0,343
2019-12-31,TENNESSEE MIDDLE,TENNESSEE,SIXTH CIRCUIT,554,245,4,0,305,23,19,2,0,2,531,226,2,303
2019-12-31,TENNESSEE WESTERN,TENNESSEE,SIXTH CIRCUIT,891,197,1,0,693,7,4,1,0,2,884,193,0,691
2019-12-31,TEXAS EASTERN,TEXAS,FIFTH CIRCUIT,446,230,6,0,210,28,21,6,0,1,418,209,0,209
2019-12-31,TEXAS NORTHERN,TEXAS,FIFTH CIRCUIT,842,402,11,1,428,55,38,11,0,5,787,364,0,423
2019-12-31,TEXAS SOUTHERN,TEXAS,FIFTH CIRCUIT,674,308,12,0,354,51,36,12,0,3,623,272,0,351
2019-12-31,TEXAS WESTERN,TEXAS,FIFTH CIRCUIT,604,349,11,0,244,51,38,11,0,2,553,311,0,242
2019-12-31,UTAH,UTAH,TENTH CIRCUIT,672,412,1,0,259,13,12,1,0,0,659,400,0,259
2019-12-31,VERMONT,VERMONT,SECOND CIRCUIT,47,36,0,1,10,9,6,0,0,2,38,30,0,8
2019-12-31,VIRGIN ISLANDS,VIRGIN ISLANDS,THIRD CIRCUIT,0,0,0,0,0,0,0,0,0,0,0,0,0,0
2019-12-31,VIRGINIA EASTERN,VIRGINIA,FOURTH CIRCUIT,1264,710,6,0,548,28,19,5,0,4,1236,691,1,544
2019-12-31,VIRGINIA WESTERN,VIRGINIA,FOURTH CIRCUIT,370,210,1,1,158,6,4,1,0,0,364,206,0,158
2019-12-31,WASHINGTON EASTERN,WASHINGTON,NINTH CIRCUIT,205,148,0,0,57,5,4,0,0,1,200,144,0,56
2019-12-31,WASHINGTON WESTERN,WASHINGTON,NINTH CIRCUIT,647,448,6,0,193,20,17,1,0,2,627,431,5,191
2019-12-31,WEST VIRGINIA NORTHERN,WEST VIRGINIA,FOURTH CIRCUIT,60,46,0,0,14,5,4,0,0,1,55,42,0,13
2019-12-31,WEST VIRGINIA SOUTHERN,WEST VIRGINIA,FOURTH CIRCUIT,120,109,0,0,11,1,1,0,0,0,119,108,0,11
2019-12-31,WISCONSIN EASTERN,WISCONSIN,SEVENTH CIRCUIT,769,494,1,0,274,9,8,1,0,0,760,486,0,274
2019-12-31,WISCONSIN WESTERN,WISCONSIN,SEVENTH CIRCUIT,328,253,1,6,68,14,6,1,0,1,314,247,0,67
2019-12-31,WYOMING,WYOMING,TENTH CIRCUIT,62,57,1,0,4,3,2,1,0,0,59,55,0,4
2020-01-31,ALABAMA MIDDLE,ALABAMA,ELEVENTH CIRCUIT,692,128,3,2,559,8,3,3,0,0,684,125,0,559
2020-01-31,ALABAMA NORTHERN,ALABAMA,ELEVENTH CIRCUIT,1107,504,3,0,600,12,9,2,0,1,1095,495,1,599
2020-01-31,ALABAMA SOUTHERN,ALABAMA,ELEVENTH CIRCUIT,388,83,1,1,303,6,4,1,0,0,382,79,0,303
2020-01-31,ALASKA,ALASKA,NINTH CIRCUIT,38,31,0,0,7,4,2,0,0,2,34,29,0,5
2020-01-31,ARIZONA,ARIZONA,NINTH CIRCUIT,1140,859,9,2,270,32,21,7,0,2,1108,838,2,268
2020-01-31,ARKANSAS,ARKANSAS,EIGHTH CIRCUIT,885,384,4,1,496,15,10,3,0,1,870,374,1,495
2020-01-31,CALIFORNIA CENTRAL,CALIFORNIA,NINTH CIRCUIT,2941,2209,37,0,695,139,105,30,0,4,2802,2104,7,691
2020-01-31,CALIFORNIA EASTERN,CALIFORNIA,NINTH CIRCUIT,1079,792,5,2,280,46,37,4,0,3,1033,755,1,277
2020-01-31,CALIFORNIA NORTHERN,CALIFORNIA,NINTH CIRCUIT,643,377,17,0,249,45,32,7,0,6,598,345,10,243
2020-01-31,CALIFORNIA SOUTHERN,CALIFORNIA,NINTH CIRCUIT,597,484,1,0,112,29,26,1,0,2,568,458,0,110
2020-01-31,COLORADO,COLORADO,TENTH CIRCUIT,763,541,4,0,218,23,17,3,0,3,740,524,1,215
2020-01-31,CONNECTICUT,CONNECTICUT,SECOND CIRCUIT,481,374,3,0,104,12,9,2,0,1,469,365,1,103
2020-01-31,DELAWARE,DELAWARE,THIRD CIRCUIT,244,129,60,0,54,75,14,60,0,0,169,115,0,54
2020-01-31,DISTRICT OF COLUMBIA,DISTRICT OF COLUMBIA,DC CIRCUIT,54,36,1,0,17,11,10,1,0,0,43,26,0,17
2020-01-31,FLORIDA MIDDLE,FLORIDA,ELEVENTH CIRCUIT,1964,1341,27,0,595,76,52,21,0,2,1888,1289,6,593
2020-01-31,FLORIDA NORTHERN,FLORIDA,ELEVENTH CIRCUIT,184,145,3,0,36,5,1,3,0,1,179,144,0,35
2020-01-31,FLORIDA SOUTHERN,FLORIDA,ELEVENTH CIRCUIT,1487,783,12,0,690,56,39,12,0,3,1431,744,0,687
2020-01-31,GEORGIA MIDDLE,GEORGIA,ELEVENTH CIRCUIT,690,212,1,2,475,14,8,1,0,3,676,204,0,472
2020-01-31,GEORGIA NORTHERN,GEORGIA,ELEVENTH CIRCUIT,2602,1268,16,0,1318,54,35,16,0,3,2548,1233,0,1315
2020-01-31,GEORGIA SOUTHERN,GEORGIA,ELEVENTH CIRCUIT,527,83,1,0,443,8,5,0,0,3,519,78,1,440
2020-01-31,GUAM,GUAM,NINTH CIRCUIT,9,7,0,0,2,2,1,0,0,1,7,6,0,1
2020-01-31,HAWAII,HAWAII,NINTH CIRCUIT,123,87,1,0,35,3,2,1,0,0,120,85,0,35
2020-01-31,IDAHO,IDAHO,NINTH CIRCUIT,272,233,0,2,37,12,10,0,0,0,260,223,0,37
2020-01-31,ILLINOIS CENTRAL,ILLINOIS,SEVENTH CIRCUIT,408,298,2,0,108,10,6,2,0,2,398,292,0,106
2020-01-31,ILLINOIS NORTHERN,ILLINOIS,SEVENTH CIRCUIT,3262,1957,13,0,1292,71,55,10,0,6,3191,1902,3,1286
2020-01-31,ILLINOIS SOUTHERN,ILLINOIS,SEVENTH CIRCUIT,247,150,1,0,96,10,9,1,0,0,237,141,0,96
2020-01-31,INDIANA NORTHERN,INDIANA,SEVENTH CIRCUIT,583,346,0,1,236,9,6,0,0,2,574,340,0,234
2020-01-31,INDIANA SOUTHERN,INDIANA,SEVENTH CIRCUIT,958,515,2,0,441,16,12,2,0,2,942,503,0,439
2020-01-31,IOWA NORTHERN,IOWA,EIGHTH CIRCUIT,149,120,0,5,24,13,7,0,0,1,136,113,0,23
2020-01-31,IOWA SOUTHERN,IOWA,EIGHTH CIRCUIT,192,154,0,0,38,6,6,0,0,0,186,148,0,38
2020-01-31,KANSAS,KANSAS,TENTH CIRCUIT,413,183,2,3,225,14,9,1,0,1,399,174,1,224
2020-01-31,KENTUCKY EASTERN,KENTUCKY,SIXTH CIRCUIT,591,380,3,0,208,10,6,3,0,1,581,374,0,207
2020-01-31,KENTUCKY WESTERN,KENTUCKY,SIXTH CIRCUIT,690,378,0,0,312,13,10,0,0,3,677,368,0,309
2020-01-31,LOUISIANA EASTERN,LOUISIANA,FIFTH CIRCUIT,259,85,2,0,172,7,4,2,0,1,252,81,0,171
2020-01-31,LOUISIANA MIDDLE,LOUISIANA,FIFTH CIRCUIT,124,50,1,0,73,4,2,1,0,1,120,48,0,72
2020-01-31,LOUISIANA WESTERN,LOUISIANA,FIFTH CIRCUIT,574,103,1,1,469,10,8,1,0,0,564,95,0,469
2020-01-31,MAINE,MAINE,FIRST CIRCUIT,86,61,0,2,23,5,1,0,0,2,81,60,0,21
2020-01-31,MARYLAND,MARYLAND,FOURTH CIRCUIT,1369,852,10,0,507,31,21,8,0,2,1338,831,2,505
2020-01-31,MASSACHUSETTS,MASSACHUSETTS,FIRST CIRCUIT,535,298,5,1,231,25,20,4,0,0,510,278,1,231
2020-01-31,MICHIGAN EASTERN,MICHIGAN,SIXTH CIRCUIT,2013,1470,9,1,533,22,12,8,0,1,1991,1458,1,532
2020-01-31,MICHIGAN WESTERN,MICHIGAN,SIXTH CIRCUIT,437,305,7,0,125,14,6,7,0,1,423,299,0,124
2020-01-31,MINNESOTA,MINNESOTA,EIGHTH CIRCUIT,763,564,3,1,195,24,19,3,0,1,739,545,0,194
2020-01-31,MISSISSIPPI NORTHERN,MISSISSIPPI,FIFTH CIRCUIT,480,174,1,0,305,4,2,1,0,1,476,172,0,304
2020-01-31,MISSISSIPPI SOUTHERN,MISSISSIPPI,FIFTH CIRCUIT,577,288,3,1,285,20,16,3,0,0,557,272,0,285
2020-01-31,MISSOURI EASTERN,MISSOURI,EIGHTH CIRCUIT,699,412,0,1,286,6,4,0,0,1,693,408,0,285
2020-01-31,MISSOURI WESTERN,MISSOURI,EIGHTH CIRCUIT,487,278,2,1,206,11,8,1,0,1,476,270,1,205
2020-01-31,MONTANA,MONTANA,NINTH CIRCUIT,68,48,5,0,15,6,2,3,0,1,62,46,2,14
2020-01-31,NEBRASKA,NEBRASKA,EIGHTH CIRCUIT,304,189,0,4,111,13,9,0,0,0,291,180,0,111
2020-01-31,NEVADA,NEVADA,NINTH CIRCUIT,777,616,6,0,155,21,14,6,0,1,756,602,0,154
2020-01-31,NEW HAMPSHIRE,NEW HAMPSHIRE,FIRST CIRCUIT,122,82,0,0,40,3,2,0,0,1,119,80,0,39
2020-01-31,NEW JERSEY,NEW JERSEY,THIRD CIRCUIT,1793,1124,18,0,651,37,20,12,0,5,1756,1104,6,646
2020-01-31,NEW MEXICO,NEW MEXICO,TENTH CIRCUIT,259,226,0,0,33,8,8,0,0,0,251,218,0,33
2020-01-31,NEW YORK EASTERN,NEW YORK,SECOND CIRCUIT,1403,814,36,0,553,89,60,29,0,0,1314,754,7,553
2020-01-31,NEW YORK NORTHERN,NEW YORK,SECOND CIRCUIT,403,296,0,2,105,6,4,0,0,0,397,292,0,105
2020-01-31,NEW YORK SOUTHERN,NEW YORK,SECOND CIRCUIT,644,438,40,0,165,68,28,38,0,1,576,410,2,164
2020-01-31,NEW YORK WESTERN,NEW YORK,SECOND CIRCUIT,284,200,3,0,81,14,8,3,0,3,270,192,0,78
2020-01-31,NORTH CAROLINA EASTERN,NORTH CAROLINA,FOURTH CIRCUIT,435,145,3,0,287,15,11,3,0,1,420,134,0,286
2020-01-31,NORTH CAROLINA MIDDLE,NORTH CAROLINA,FOURTH CIRCUIT,298,102,6,0,190,12,7,5,0,0,286,95,1,190
2020-01-31,NORTH CAROLINA WESTERN,NORTH CAROLINA,FOURTH CIRCUIT,255,120,3,0,132,11,8,3,0,0,244,112,0,132
2020-01-31,NORTH DAKOTA,NORTH DAKOTA,EIGHTH CIRCUIT,55,45,0,0,10,3,3,0,0,0,52,42,0,10
2020-01-31,NORTHERN MARIANAS,NORTHERN MARIANA ISLANDS,NINTH CIRCUIT,0,0,0,0,0,0,0,0,0,0,0,0,0,0
2020-01-31,OHIO NORTHERN,OHIO,SIXTH CIRCUIT,1541,1198,1,2,340,26,19,1,0,4,1515,1179,0,336
2020-01-31,OHIO SOUTHERN,OHIO,SIXTH CIRCUIT,1160,770,1,0,389,11,8,1,0,2,1149,762,0,387
2020-01-31,OKLAHOMA EASTERN,OKLAHOMA,TENTH CIRCUIT,85,76,0,0,9,4,4,0,0,0,81,72,0,9
2020-01-31,OKLAHOMA NORTHERN,OKLAHOMA,TENTH CIRCUIT,179,155,0,0,24,1,0,0,0,1,178,155,0,23
2020-01-31,OKLAHOMA WESTERN,OKLAHOMA,TENTH CIRCUIT,369,264,0,0,105,11,11,0,0,0,358,253,0,105
2020-01-31,OREGON,OREGON,NINTH CIRCUIT,703,493,3,0,207,17,13,3,0,1,686,480,0,206
2020-01-31,PENNSYLVANIA EASTERN,PENNSYLVANIA,THIRD CIRCUIT,676,278,4,0,394,15,8,4,0,3,661,270,0,391
2020-01-31,PENNSYLVANIA MIDDLE,PENNSYLVANIA,THIRD CIRCUIT,373,218,3,1,151,10,3,1,0,5,363,215,2,146
2020-01-31,PENNSYLVANIA WESTERN,PENNSYLVANIA,THIRD CIRCUIT,536,331,15,0,190,26,11,11,0,4,510,320,4,186
2020-01-31,PUERTO RICO,PUERTO RICO,FIRST CIRCUIT,504,195,4,0,305,11,5,4,0,2,493,190,0,303
2020-01-31,RHODE ISLAND,RHODE ISLAND,FIRST CIRCUIT,138,110,0,0,28,2,2,0,0,0,136,108,0,28
2020-01-31,SOUTH CAROLINA,SOUTH CAROLINA,FOURTH CIRCUIT,567,185,4,1,377,16,11,3,0,1,551,174,1,376
2020-01-31,SOUTH DAKOTA,SOUTH DAKOTA,EIGHTH CIRCUIT,51,47,0,0,4,3,2,0,0,1,48,45,0,3
2020-01-31,TENNESSEE EASTERN,TENNESSEE,SIXTH CIRCUIT,936,499,3,0,434,15,11,3,0,1,921,488,0,433
2020-01-31,TENNESSEE MIDDLE,TENNESSEE,SIXTH CIRCUIT,701,307,3,0,391,17,14,1,0,2,684,293,2,389
2020-01-31,TENNESSEE WESTERN,TENNESSEE,SIXTH CIRCUIT,1123,257,0,0,866,5,3,0,0,2,1118,254,0,864
2020-01-31,TEXAS EASTERN,TEXAS,FIFTH CIRCUIT,468,212,9,1,246,30,21,8,0,0,438,191,1,246
2020-01-31,TEXAS NORTHERN,TEXAS,FIFTH CIRCUIT,945,414,19,0,512,63,44,17,0,2,882,370,2,510
2020-01-31,TEXAS SOUTHERN,TEXAS,FIFTH CIRCUIT,1041,357,246,0,438,316,68,245,0,3,725,289,1,435
2020-01-31,TEXAS WESTERN,TEXAS,FIFTH CIRCUIT,662,354,16,0,292,55,37,16,0,2,607,317,0,290
2020-01-31,UTAH,UTAH,TENTH CIRCUIT,654,338,1,0,315,6,4,1,0,1,648,334,0,314
2020-01-31,VERMONT,VERMONT,SECOND CIRCUIT,38,27,0,0,11,2,1,0,0,1,36,26,0,10
2020-01-31,VIRGIN ISLANDS,VIRGIN ISLANDS,THIRD CIRCUIT,1,1,0,0,0,0,0,0,0,0,1,1,0,0
2020-01-31,VIRGINIA EASTERN,VIRGINIA,FOURTH CIRCUIT,1391,748,3,0,640,18,13,3,0,2,1373,735,0,638
2020-01-31,VIRGINIA WESTERN,VIRGINIA,FOURTH CIRCUIT,426,215,1,1,209,7,5,0,0,1,419,210,1,208
2020-01-31,WASHINGTON EASTERN,WASHINGTON,NINTH CIRCUIT,213,161,4,1,47,7,2,4,0,0,206,159,0,47
2020-01-31,WASHINGTON WESTERN,WASHINGTON,NINTH CIRCUIT,699,475,6,0,218,20,14,4,0,2,679,461,2,216
2020-01-31,WEST VIRGINIA NORTHERN,WEST VIRGINIA,FOURTH CIRCUIT,97,80,0,0,17,1,1,0,0,0,96,79,0,17
2020-01-31,WEST VIRGINIA SOUTHERN,WEST VIRGINIA,FOURTH CIRCUIT,128,110,6,0,12,6,1,5,0,0,122,109,1,12
2020-01-31,WISCONSIN EASTERN,WISCONSIN,SEVENTH CIRCUIT,844,512,0,4,328,12,7,0,0,1,832,505,0,327
2020-01-31,WISCONSIN WESTERN,WISCONSIN,SEVENTH CIRCUIT,317,249,1,0,67,9,8,1,0,0,308,241,0,67
2020-01-31,WYOMING,WYOMING,TENTH CIRCUIT,35,30,2,0,3,6,4,2,0,0,29,26,0,3
2020-02-29,ALABAMA MIDDLE,ALABAMA,ELEVENTH CIRCUIT,630,167,0,0,463,4,3,0,0,1,626,164,0,462
2020-02-29,ALABAMA NORTHERN,ALABAMA,ELEVENTH CIRCUIT,1071,501,4,0,566,13,9,4,0,0,1058,492,0,566
2020-02-29,ALABAMA SOUTHERN,ALABAMA,ELEVENTH CIRCUIT,360,91,1,0,268,4,2,1,0,1,356,89,0,267
2020-02-29,ALASKA,ALASKA,NINTH CIRCUIT,25,19,2,0,4,5,3,2,0,0,20,16,0,4
2020-02-29,ARIZONA,ARIZONA,NINTH CIRCUIT,1002,762,11,0,229,22,12,8,0,2,980,750,3,227
2020-02-29,ARKANSAS,ARKANSAS,EIGHTH CIRCUIT,838,404,3,2,429,24,16,3,0,3,814,388,0,426
2020-02-29,CALIFORNIA CENTRAL,CALIFORNIA,NINTH CIRCUIT,2859,2218,38,1,602,140,101,29,0,9,2719,2117,9,593
2020-02-29,CALIFORNIA EASTERN,CALIFORNIA,NINTH CIRCUIT,1199,911,9,2,277,40,23,6,0,9,1159,888,3,268
2020-02-29,CALIFORNIA NORTHERN,CALIFORNIA,NINTH CIRCUIT,691,430,18,0,242,53,37,12,0,3,638,393,6,239
2020-02-29,CALIFORNIA SOUTHERN,CALIFORNIA,NINTH CIRCUIT,635,526,2,0,107,25,21,1,0,3,610,505,1,104
2020-02-29,COLORADO,COLORADO,TENTH CIRCUIT,733,536,4,0,193,27,20,3,0,4,706,516,1,189
2020-02-29,CONNECTICUT,CONNECTICUT,SECOND CIRCUIT,429,349,1,0,79,16,12,1,0,3,413,337,0,76
2020-02-29,DELAWARE,DELAWARE,THIRD CIRCUIT,230,92,77,0,61,82,5,77,0,0,148,87,0,61
2020-02-29,DISTRICT OF COLUMBIA,DISTRICT OF COLUMBIA,DC CIRCUIT,71,44,4,0,23,7,3,3,0,1,64,41,1,22
2020-02-29,FLORIDA MIDDLE,FLORIDA,ELEVENTH CIRCUIT,1951,1394,29,0,528,81,53,25,0,3,1870,1341,4,525
2020-02-29,FLORIDA NORTHERN,FLORIDA,ELEVENTH CIRCUIT,184,149,6,0,29,8,3,5,0,0,176,146,1,29
2020-02-29,FLORIDA SOUTHERN,FLORIDA,ELEVENTH CIRCUIT,1435,756,11,0,667,50,36,7,0,6,1385,720,4,661
2020-02-29,GEORGIA MIDDLE,GEORGIA,ELEVENTH CIRCUIT,675,234,2,1,438,12,5,2,0,4,663,229,0,434
2020-02-29,GEORGIA NORTHERN,GEORGIA,ELEVENTH CIRCUIT,2466,1188,19,0,1259,61,41,18,0,2,2405,1147,1,1257
2020-02-29,GEORGIA SOUTHERN,GEORGIA,ELEVENTH CIRCUIT,496,110,1,2,383,11,6,1,0,2,485,104,0,381
2020-02-29,GUAM,GUAM,NINTH CIRCUIT,9,5,0,0,4,1,1,0,0,0,8,4,0,4
2020-02-29,HAWAII,HAWAII,NINTH CIRCUIT,139,90,0,0,49,3,2,0,0,1,136,88,0,48
2020-02-29,IDAHO,IDAHO,NINTH CIRCUIT,196,168,1,1,26,8,6,1,0,0,188,162,0,26
2020-02-29,ILLINOIS CENTRAL,ILLINOIS,SEVENTH CIRCUIT,361,285,0,0,76,11,9,0,0,2,350,276,0,74
2020-02-29,ILLINOIS NORTHERN,ILLINOIS,SEVENTH CIRCUIT,3024,1884,12,1,1126,68,48,11,0,7,2956,1836,1,1119
2020-02-29,ILLINOIS SOUTHERN,ILLINOIS,SEVENTH CIRCUIT,227,156,0,1,70,5,3,0,0,1,222,153,0,69
2020-02-29,INDIANA NORTHERN,INDIANA,SEVENTH CIRCUIT,517,336,0,0,181,11,11,0,0,0,506,325,0,181
2020-02-29,INDIANA SOUTHERN,INDIANA,SEVENTH CIRCUIT,865,489,2,3,371,21,13,1,0,4,844,476,1,367
2020-02-29,IOWA NORTHERN,IOWA,EIGHTH CIRCUIT,139,112,1,7,19,15,7,1,0,0,124,105,0,19
2020-02-29,IOWA SOUTHERN,IOWA,EIGHTH CIRCUIT,204,164,1,1,38,11,8,1,0,1,193,156,0,37
2020-02-29,KANSAS,KANSAS,TENTH CIRCUIT,374,190,11,0,173,17,5,9,0,3,357,185,2,170
2020-02-29,KENTUCKY EASTERN,KENTUCKY,SIXTH CIRCUIT,607,401,2,1,203,7,4,2,0,0,600,397,0,203
2020-02-29,KENTUCKY WESTERN,KENTUCKY,SIXTH CIRCUIT,578,337,6,0,235,13,5,6,0,2,565,332,0,233
2020-02-29,LOUISIANA EASTERN,LOUISIANA,FIFTH CIRCUIT,208,73,5,0,130,10,4,5,0,1,198,69,0,129
2020-02-29,LOUISIANA MIDDLE,LOUISIANA,FIFTH CIRCUIT,91,52,0,0,39,0,0,0,0,0,91,52,0,39
2020-02-29,LOUISIANA WESTERN,LOUISIANA,FIFTH CIRCUIT,486,93,0,0,393,6,6,0,0,0,480,87,0,393
2020-02-29,MAINE,MAINE,FIRST CIRCUIT,88,69,5,0,14,7,2,5,0,0,81,67,0,14
2020-02-29,MARYLAND,MARYLAND,FOURTH CIRCUIT,1368,863,6,0,499,26,19,5,0,2,1342,844,1,497
2020-02-29,MASSACHUSETTS,MASSACHUSETTS,FIRST CIRCUIT,542,353,7,1,180,34,25,5,0,2,508,328,2,178
2020-02-29,MICHIGAN EASTERN,MICHIGAN,SIXTH CIRCUIT,2019,1487,6,1,525,25,12,6,0,6,1994,1475,0,519
2020-02-29,MICHIGAN WESTERN,MICHIGAN,SIXTH CIRCUIT,477,350,1,1,125,15,13,1,0,0,462,337,0,125
2020-02-29,MINNESOTA,MINNESOTA,EIGHTH CIRCUIT,764,591,1,8,164,34,24,1,0,1,730,567,0,163
2020-02-29,MISSISSIPPI NORTHERN,MISSISSIPPI,FIFTH CIRCUIT,441,182,0,1,258,9,5,0,0,3,432,177,0,255
2020-02-29,MISSISSIPPI SOUTHERN,MISSISSIPPI,FIFTH CIRCUIT,579,325,0,1,253,8,6,0,0,1,571,319,0,252
2020-02-29,MISSOURI EASTERN,MISSOURI,EIGHTH CIRCUIT,694,432,1,0,261,12,9,1,0,2,682,423,0,259
2020-02-29,MISSOURI WESTERN,MISSOURI,EIGHTH CIRCUIT,489,275,4,1,209,11,7,3,0,0,478,268,1,209
2020-02-29,MONTANA,MONTANA,NINTH CIRCUIT,66,54,1,2,9,10,7,1,0,0,56,47,0,9
2020-02-29,NEBRASKA,NEBRASKA,EIGHTH CIRCUIT,298,205,0,1,92,5,4,0,0,0,293,201,0,92
2020-02-29,NEVADA,NEVADA,NINTH CIRCUIT,709,558,14,0,137,29,15,12,0,2,680,543,2,135
2020-02-29,NEW HAMPSHIRE,NEW HAMPSHIRE,FIRST CIRCUIT,119,97,1,0,21,6,5,1,0,0,113,92,0,21
2020-02-29,NEW JERSEY,NEW JERSEY,THIRD CIRCUIT,1838,1152,52,0,634,81,30,47,0,4,1757,1122,5,630
2020-02-29,NEW MEXICO,NEW MEXICO,TENTH CIRCUIT,226,200,1,0,25,4,3,1,0,0,222,197,0,25
2020-02-29,NEW YORK EASTERN,NEW YORK,SECOND CIRCUIT,1249,735,36,0,478,71,41,30,0,0,1178,694,6,478
2020-02-29,NEW YORK NORTHERN,NEW YORK,SECOND CIRCUIT,441,326,0,2,113,7,4,0,0,1,434,322,0,112
2020-02-29,NEW YORK SOUTHERN,NEW YORK,SECOND CIRCUIT,656,410,78,0,168,95,21,74,0,0,561,389,4,168
2020-02-29,NEW YORK WESTERN,NEW YORK,SECOND CIRCUIT,243,167,4,0,72,11,6,4,0,1,232,161,0,71
2020-02-29,NORTH CAROLINA EASTERN,NORTH CAROLINA,FOURTH CIRCUIT,437,133,5,0,299,16,10,4,0,2,421,123,1,297
2020-02-29,NORTH CAROLINA MIDDLE,NORTH CAROLINA,FOURTH CIRCUIT,283,103,1,0,179,6,5,1,0,0,277,98,0,179
2020-02-29,NORTH CAROLINA WESTERN,NORTH CAROLINA,FOURTH CIRCUIT,272,121,9,1,141,20,7,9,0,3,252,114,0,138
2020-02-29,NORTH DAKOTA,NORTH DAKOTA,EIGHTH CIRCUIT,52,46,0,0,6,0,0,0,0,0,52,46,0,6
2020-02-29,NORTHERN MARIANAS,NORTHERN MARIANA ISLANDS,NINTH CIRCUIT,0,0,0,0,0,0,0,0,0,0,0,0,0,0
2020-02-29,OHIO NORTHERN,OHIO,SIXTH CIRCUIT,1450,1140,4,1,305,22,16,4,0,1,1428,1124,0,304
2020-02-29,OHIO SOUTHERN,OHIO,SIXTH CIRCUIT,1194,819,6,0,369,22,12,6,0,4,1172,807,0,365
2020-02-29,OKLAHOMA EASTERN,OKLAHOMA,TENTH CIRCUIT,92,78,0,0,14,2,2,0,0,0,90,76,0,14
2020-02-29,OKLAHOMA NORTHERN,OKLAHOMA,TENTH CIRCUIT,172,148,0,0,24,2,2,0,0,0,170,146,0,24
2020-02-29,OKLAHOMA WESTERN,OKLAHOMA,TENTH CIRCUIT,341,249,1,0,91,14,13,1,0,0,327,236,0,91
2020-02-29,OREGON,OREGON,NINTH CIRCUIT,732,544,3,6,179,21,8,3,0,4,711,536,0,175
2020-02-29,PENNSYLVANIA EASTERN,PENNSYLVANIA,THIRD CIRCUIT,624,287,5,1,331,17,9,5,0,2,607,278,0,329
2020-02-29,PENNSYLVANIA MIDDLE,PENNSYLVANIA,THIRD CIRCUIT,422,253,4,1,164,22,15,4,0,2,400,238,0,162
2020-02-29,PENNSYLVANIA WESTERN,PENNSYLVANIA,THIRD CIRCUIT,548,349,4,0,195,21,13,4,0,4,527,336,0,191
2020-02-29,PUERTO RICO,PUERTO RICO,FIRST CIRCUIT,680,258,6,0,416,14,4,5,0,5,666,254,1,411
2020-02-29,RHODE ISLAND,RHODE ISLAND,FIRST CIRCUIT,137,102,1,0,34,4,3,1,0,0,133,99,0,34
2020-02-29,SOUTH CAROLINA,SOUTH CAROLINA,FOURTH CIRCUIT,529,200,5,0,324,17,11,5,0,1,512,189,0,323
2020-02-29,SOUTH DAKOTA,SOUTH DAKOTA,EIGHTH CIRCUIT,48,40,0,2,6,5,2,0,0,1,43,38,0,5
2020-02-29,TENNESSEE EASTERN,TENNESSEE,SIXTH CIRCUIT,915,492,5,1,417,14,8,5,0,0,901,484,0,417
2020-02-29,TENNESSEE MIDDLE,TENNESSEE,SIXTH CIRCUIT,637,301,9,0,327,15,6,7,0,2,622,295,2,325
2020-02-29,TENNESSEE WESTERN,TENNESSEE,SIXTH CIRCUIT,993,255,0,0,738,5,4,0,0,1,988,251,0,737
2020-02-29,TEXAS EASTERN,TEXAS,FIFTH CIRCUIT,502,243,12,0,247,34,20,12,0,2,468,223,0,245
2020-02-29,TEXAS NORTHERN,TEXAS,FIFTH CIRCUIT,903,411,12,0,479,65,47,12,0,5,838,364,0,474
2020-02-29,TEXAS SOUTHERN,TEXAS,FIFTH CIRCUIT,805,344,28,1,432,53,25,23,0,4,752,319,5,428
2020-02-29,TEXAS WESTERN,TEXAS,FIFTH CIRCUIT,619,360,19,0,240,66,47,17,0,2,553,313,2,238
2020-02-29,UTAH,UTAH,TENTH CIRCUIT,586,351,1,0,234,9,8,1,0,0,577,343,0,234
2020-02-29,VERMONT,VERMONT,SECOND CIRCUIT,33,23,0,1,9,1,0,0,0,0,32,23,0,9
2020-02-29,VIRGIN ISLANDS,VIRGIN ISLANDS,THIRD CIRCUIT,1,1,0,0,0,0,0,0,0,0,1,1,0,0
2020-02-29,VIRGINIA EASTERN,VIRGINIA,FOURTH CIRCUIT,1445,768,18,0,659,39,21,16,0,2,1406,747,2,657
2020-02-29,VIRGINIA WESTERN,VIRGINIA,FOURTH CIRCUIT,382,218,3,2,159,8,3,3,0,0,374,215,0,159
2020-02-29,WASHINGTON EASTERN,WASHINGTON,NINTH CIRCUIT,246,197,0,0,49,1,1,0,0,0,245,196,0,49
2020-02-29,WASHINGTON WESTERN,WASHINGTON,NINTH CIRCUIT,672,465,9,0,198,20,11,7,0,2,652,454,2,196
2020-02-29,WEST VIRGINIA NORTHERN,WEST VIRGINIA,FOURTH CIRCUIT,103,85,1,0,17,3,1,1,0,1,100,84,0,16
2020-02-29,WEST VIRGINIA SOUTHERN,WEST VIRGINIA,FOURTH CIRCUIT,106,93,1,0,12,4,3,1,0,0,102,90,0,12
2020-02-29,WISCONSIN EASTERN,WISCONSIN,SEVENTH CIRCUIT,801,491,8,4,298,27,11,8,0,4,774,480,0,294
2020-02-29,WISCONSIN WESTERN,WISCONSIN,SEVENTH CIRCUIT,314,232,3,5,74,14,3,3,0,3,300,229,0,71
2020-02-29,WYOMING,WYOMING,TENTH CIRCUIT,41,33,0,0,8,2,2,0,0,0,39,31,0,8
2020-03-31,ALABAMA MIDDLE,ALABAMA,ELEVENTH CIRCUIT,651,174,1,0,476,4,2,1,0,1,647,172,0,475
2020-03-31,ALABAMA NORTHERN,ALABAMA,ELEVENTH CIRCUIT,1247,726,3,0,518,14,9,3,0,2,1233,717,0,516
2020-03-31,ALABAMA SOUTHERN,ALABAMA,ELEVENTH CIRCUIT,379,144,1,0,234,1,0,1,0,0,378,144,0,234
2020-03-31,ALASKA,ALASKA,NINTH CIRCUIT,30,25,2,0,3,5,2,2,0,1,25,23,0,2
2020-03-31,ARIZONA,ARIZONA,NINTH CIRCUIT,1542,1276,18,0,248,42,29,12,0,1,1500,1247,6,247
2020-03-31,ARKANSAS,ARKANSAS,EIGHTH CIRCUIT,911,495,5,0,411,18,10,5,0,3,893,485,0,408
2020-03-31,CALIFORNIA CENTRAL,CALIFORNIA,NINTH CIRCUIT,2831,2322,31,0,477,131,102,19,0,9,2700,2220,12,468
2020-03-31,CALIFORNIA EASTERN,CALIFORNIA,NINTH CIRCUIT,1291,1030,9,1,251,36,28,7,0,0,1255,1002,2,251
2020-03-31,CALIFORNIA NORTHERN,CALIFORNIA,NINTH CIRCUIT,546,350,8,0,188,31,27,3,0,1,515,323,5,187
2020-03-31,CALIFORNIA SOUTHERN,CALIFORNIA,NINTH CIRCUIT,663,577,3,0,83,27,23,3,0,1,636,554,0,82
2020-03-31,COLORADO,COLORADO,TENTH CIRCUIT,935,736,11,0,188,44,33,10,0,1,891,703,1,187
2020-03-31,CONNECTICUT,CONNECTICUT,SECOND CIRCUIT,486,410,0,0,76,12,12,0,0,0,474,398,0,76
2020-03-31,DELAWARE,DELAWARE,THIRD CIRCUIT,276,120,73,0,79,94,16,73,0,1,182,104,0,78
2020-03-31,DISTRICT OF COLUMBIA,DISTRICT OF COLUMBIA,DC CIRCUIT,58,38,1,0,19,0,0,0,0,0,58,38,1,19
2020-03-31,FLORIDA MIDDLE,FLORIDA,ELEVENTH CIRCUIT,2206,1674,20,0,512,71,50,17,0,4,2135,1624,3,508
2020-03-31,FLORIDA NORTHERN,FLORIDA,ELEVENTH CIRCUIT,261,224,0,0,37,5,5,0,0,0,256,219,0,37
2020-03-31,FLORIDA SOUTHERN,FLORIDA,ELEVENTH CIRCUIT,1365,806,16,0,542,38,20,14,0,3,1327,786,2,539
2020-03-31,GEORGIA MIDDLE,GEORGIA,ELEVENTH CIRCUIT,664,266,4,0,394,12,6,4,0,2,652,260,0,392
2020-03-31,GEORGIA NORTHERN,GEORGIA,ELEVENTH CIRCUIT,2245,1244,18,0,983,48,29,17,0,2,2197,1215,1,981
2020-03-31,GEORGIA SOUTHERN,GEORGIA,ELEVENTH CIRCUIT,459,139,3,0,317,7,4,3,0,0,452,135,0,317
2020-03-31,GUAM,GUAM,NINTH CIRCUIT,1,1,0,0,0,0,0,0,0,0,1,1,0,0
2020-03-31,HAWAII,HAWAII,NINTH CIRCUIT,147,109,0,0,37,5,3,0,0,1,142,106,0,36
2020-03-31,IDAHO,IDAHO,NINTH CIRCUIT,324,285,3,0,36,7,4,3,0,0,317,281,0,36
2020-03-31,ILLINOIS CENTRAL,ILLINOIS,SEVENTH CIRCUIT,464,381,2,0,81,10,7,2,0,1,454,374,0,80
2020-03-31,ILLINOIS NORTHERN,ILLINOIS,SEVENTH CIRCUIT,3269,2180,13,0,1076,59,44,13,0,2,3210,2136,0,1074
2020-03-31,ILLINOIS SOUTHERN,ILLINOIS,SEVENTH CIRCUIT,272,190,1,0,81,4,2,1,0,1,268,188,0,80
2020-03-31,INDIANA NORTHERN,INDIANA,SEVENTH CIRCUIT,892,653,0,2,237,9,4,0,0,3,883,649,0,234
2020-03-31,INDIANA SOUTHERN,INDIANA,SEVENTH CIRCUIT,1280,897,2,1,380,8,4,2,0,1,1272,893,0,379
2020-03-31,IOWA NORTHERN,IOWA,EIGHTH CIRCUIT,168,151,2,2,13,11,7,2,0,0,157,144,0,13
2020-03-31,IOWA SOUTHERN,IOWA,EIGHTH CIRCUIT,293,254,1,0,38,4,2,1,0,1,289,252,0,37
2020-03-31,KANSAS,KANSAS,TENTH CIRCUIT,543,322,1,3,217,15,9,1,0,2,528,313,0,215
2020-03-31,KENTUCKY EASTERN,KENTUCKY,SIXTH CIRCUIT,741,553,2,1,185,12,9,2,0,0,729,544,0,185
2020-03-31,KENTUCKY WESTERN,KENTUCKY,SIXTH CIRCUIT,717,461,2,0,254,9,6,2,0,1,708,455,0,253
2020-03-31,LOUISIANA EASTERN,LOUISIANA,FIFTH CIRCUIT,273,128,2,0,143,13,9,2,0,2,260,119,0,141
2020-03-31,LOUISIANA MIDDLE,LOUISIANA,FIFTH CIRCUIT,112,72,2,0,38,4,2,2,0,0,108,70,0,38
2020-03-31,LOUISIANA WESTERN,LOUISIANA,FIFTH CIRCUIT,545,150,1,2,392,9,4,1,0,2,536,146,0,390
2020-03-31,MAINE,MAINE,FIRST CIRCUIT,120,102,1,1,16,8,6,1,0,0,112,96,0,16
2020-03-31,MARYLAND,MARYLAND,FOURTH CIRCUIT,1404,971,6,0,427,24,15,6,0,3,1380,956,0,424
2020-03-31,MASSACHUSETTS,MASSACHUSETTS,FIRST CIRCUIT,590,416,4,1,169,22,12,4,0,5,568,404,0,164
2020-03-31,MICHIGAN EASTERN,MICHIGAN,SIXTH CIRCUIT,2350,1788,4,0,556,21,14,4,0,1,2329,1774,0,555
2020-03-31,MICHIGAN WESTERN,MICHIGAN,SIXTH CIRCUIT,544,451,1,1,91,11,6,1,0,3,533,445,0,88
2020-03-31,MINNESOTA,MINNESOTA,EIGHTH CIRCUIT,899,690,0,3,206,28,23,0,0,2,871,667,0,204
2020-03-31,MISSISSIPPI NORTHERN,MISSISSIPPI,FIFTH CIRCUIT,533,272,0,0,261,5,3,0,0,2,528,269,0,259
2020-03-31,MISSISSIPPI SOUTHERN,MISSISSIPPI,FIFTH CIRCUIT,720,446,2,0,272,10,8,2,0,0,710,438,0,272
2020-03-31,MISSOURI EASTERN,MISSOURI,EIGHTH CIRCUIT,934,604,33,0,297,41,8,33,0,0,893,596,0,297
2020-03-31,MISSOURI WESTERN,MISSOURI,EIGHTH CIRCUIT,664,445,2,1,216,14,11,2,0,0,650,434,0,216
2020-03-31,MONTANA,MONTANA,NINTH CIRCUIT,119,100,0,0,19,2,2,0,0,0,117,98,0,19
2020-03-31,NEBRASKA,NEBRASKA,EIGHTH CIRCUIT,333,245,0,2,86,7,5,0,0,0,326,240,0,86
2020-03-31,NEVADA,NEVADA,NINTH CIRCUIT,794,669,12,0,113,31,23,7,0,1,763,646,5,112
2020-03-31,NEW HAMPSHIRE,NEW HAMPSHIRE,FIRST CIRCUIT,149,123,0,0,26,7,7,0,0,0,142,116,0,26
2020-03-31,NEW JERSEY,NEW JERSEY,THIRD CIRCUIT,1746,1155,30,0,561,55,25,25,0,5,1691,1130,5,556
2020-03-31,NEW MEXICO,NEW MEXICO,TENTH CIRCUIT,265,237,2,0,26,11,7,2,0,2,254,230,0,24
2020-03-31,NEW YORK EASTERN,NEW YORK,SECOND CIRCUIT,990,601,60,0,329,86,29,57,0,0,904,572,3,329
2020-03-31,NEW YORK NORTHERN,NEW YORK,SECOND CIRCUIT,550,410,1,1,138,18,13,1,0,3,532,397,0,135
2020-03-31,NEW YORK SOUTHERN,NEW YORK,SECOND CIRCUIT,548,378,53,0,105,87,25,49,0,1,461,353,4,104
2020-03-31,NEW YORK WESTERN,NEW YORK,SECOND CIRCUIT,331,261,6,0,64,11,6,5,0,0,320,255,1,64
2020-03-31,NORTH CAROLINA EASTERN,NORTH CAROLINA,FOURTH CIRCUIT,550,189,6,1,354,19,12,5,0,1,531,177,1,353
2020-03-31,NORTH CAROLINA MIDDLE,NORTH CAROLINA,FOURTH CIRCUIT,288,150,4,0,134,7,4,3,0,0,281,146,1,134
2020-03-31,NORTH CAROLINA WESTERN,NORTH CAROLINA,FOURTH CIRCUIT,259,153,4,1,101,10,5,4,0,0,249,148,0,101
2020-03-31,NORTH DAKOTA,NORTH DAKOTA,EIGHTH CIRCUIT,80,72,0,0,8,0,0,0,0,0,80,72,0,8
2020-03-31,NORTHERN MARIANAS,NORTHERN MARIANA ISLANDS,NINTH CIRCUIT,0,0,0,0,0,0,0,0,0,0,0,0,0,0
2020-03-31,OHIO NORTHERN,OHIO,SIXTH CIRCUIT,1780,1496,1,0,283,17,14,1,0,2,1763,1482,0,281
2020-03-31,OHIO SOUTHERN,OHIO,SIXTH CIRCUIT,1422,1075,1,0,346,21,19,1,0,1,1401,1056,0,345
2020-03-31,OKLAHOMA EASTERN,OKLAHOMA,TENTH CIRCUIT,150,141,0,0,9,5,5,0,0,0,145,136,0,9
2020-03-31,OKLAHOMA NORTHERN,OKLAHOMA,TENTH CIRCUIT,251,230,1,0,20,4,3,1,0,0,247,227,0,20
2020-03-31,OKLAHOMA WESTERN,OKLAHOMA,TENTH CIRCUIT,560,454,3,0,103,12,9,3,0,0,548,445,0,103
2020-03-31,OREGON,OREGON,NINTH CIRCUIT,803,643,3,3,154,15,10,2,0,0,788,633,1,154
2020-03-31,PENNSYLVANIA EASTERN,PENNSYLVANIA,THIRD CIRCUIT,610,348,6,0,256,14,8,5,0,1,596,340,1,255
2020-03-31,PENNSYLVANIA MIDDLE,PENNSYLVANIA,THIRD CIRCUIT,456,305,0,0,151,9,7,0,0,2,447,298,0,149
2020-03-31,PENNSYLVANIA WESTERN,PENNSYLVANIA,THIRD CIRCUIT,540,385,2,1,152,18,14,2,0,1,522,371,0,151
2020-03-31,PUERTO RICO,PUERTO RICO,FIRST CIRCUIT,427,172,7,1,247,12,5,4,0,2,415,167,3,245
2020-03-31,RHODE ISLAND,RHODE ISLAND,FIRST CIRCUIT,186,150,0,0,36,1,1,0,0,0,185,149,0,36
2020-03-31,SOUTH CAROLINA,SOUTH CAROLINA,FOURTH CIRCUIT,569,245,3,0,321,10,6,3,0,1,559,239,0,320
2020-03-31,SOUTH DAKOTA,SOUTH DAKOTA,EIGHTH CIRCUIT,81,71,0,3,7,3,0,0,0,0,78,71,0,7
2020-03-31,TENNESSEE EASTERN,TENNESSEE,SIXTH CIRCUIT,1072,730,3,1,338,10,5,3,0,1,1062,725,0,337
2020-03-31,TENNESSEE MIDDLE,TENNESSEE,SIXTH CIRCUIT,691,380,9,0,302,23,14,9,0,0,668,366,0,302
2020-03-31,TENNESSEE WESTERN,TENNESSEE,SIXTH CIRCUIT,981,329,5,0,647,7,2,5,0,0,974,327,0,647
2020-03-31,TEXAS EASTERN,TEXAS,FIFTH CIRCUIT,513,272,4,1,236,34,27,4,0,2,479,245,0,234
2020-03-31,TEXAS NORTHERN,TEXAS,FIFTH CIRCUIT,985,515,16,1,453,59,41,16,0,1,926,474,0,452
2020-03-31,TEXAS SOUTHERN,TEXAS,FIFTH CIRCUIT,790,399,50,0,341,89,34,49,0,6,701,365,1,335
2020-03-31,TEXAS WESTERN,TEXAS,FIFTH CIRCUIT,667,426,11,0,230,34,20,11,0,3,633,406,0,227
2020-03-31,UTAH,UTAH,TENTH CIRCUIT,899,610,2,1,286,12,7,2,0,2,887,603,0,284
2020-03-31,VERMONT,VERMONT,SECOND CIRCUIT,40,29,2,0,9,3,1,2,0,0,37,28,0,9
2020-03-31,VIRGIN ISLANDS,VIRGIN ISLANDS,THIRD CIRCUIT,0,0,0,0,0,0,0,0,0,0,0,0,0,0
2020-03-31,VIRGINIA EASTERN,VIRGINIA,FOURTH CIRCUIT,1573,981,7,0,585,21,14,6,0,1,1552,967,1,584
2020-03-31,VIRGINIA WESTERN,VIRGINIA,FOURTH CIRCUIT,529,341,0,1,187,7,6,0,0,0,522,335,0,187
2020-03-31,WASHINGTON EASTERN,WASHINGTON,NINTH CIRCUIT,318,247,1,1,69,6,4,1,0,0,312,243,0,69
2020-03-31,WASHINGTON WESTERN,WASHINGTON,NINTH CIRCUIT,726,538,4,1,183,19,13,4,0,1,707,525,0,182
2020-03-31,WEST VIRGINIA NORTHERN,WEST VIRGINIA,FOURTH CIRCUIT,101,85,1,0,15,2,1,1,0,0,99,84,0,15
2020-03-31,WEST VIRGINIA SOUTHERN,WEST VIRGINIA,FOURTH CIRCUIT,168,141,3,0,24,5,2,3,0,0,163,139,0,24
2020-03-31,WISCONSIN EASTERN,WISCONSIN,SEVENTH CIRCUIT,1011,709,0,7,295,10,3,0,0,0,1001,706,0,295
2020-03-31,WISCONSIN WESTERN,WISCONSIN,SEVENTH CIRCUIT,353,277,0,8,68,17,6,0,0,3,336,271,0,65
2020-03-31,WYOMING,WYOMING,TENTH CIRCUIT,64,54,2,0,8,6,4,2,0,0,58,50,0,8
2020-04-30,ALABAMA MIDDLE,ALABAMA,ELEVENTH CIRCUIT,440,154,0,0,286,3,3,0,0,0,437,151,0,286
2020-04-30,ALABAMA NORTHERN,ALABAMA,ELEVENTH CIRCUIT,766,469,2,0,295,6,4,1,0,1,760,465,1,294
2020-04-30,ALABAMA SOUTHERN,ALABAMA,ELEVENTH CIRCUIT,257,98,1,0,158,4,2,1,0,1,253,96,0,157
2020-04-30,ALASKA,ALASKA,NINTH CIRCUIT,25,23,0,0,2,1,1,0,0,0,24,22,0,2
2020-04-30,ARIZONA,ARIZONA,NINTH CIRCUIT,1103,944,10,0,149,29,20,8,0,1,1074,924,2,148
2020-04-30,ARKANSAS,ARKANSAS,EIGHTH CIRCUIT,634,398,1,0,235,12,9,1,0,2,622,389,0,233
2020-04-30,CALIFORNIA CENTRAL,CALIFORNIA,NINTH CIRCUIT,1729,1528,17,0,184,78,64,13,0,1,1651,1464,4,183
2020-04-30,CALIFORNIA EASTERN,CALIFORNIA,NINTH CIRCUIT,832,680,6,0,146,19,13,5,0,1,813,667,1,145
2020-04-30,CALIFORNIA NORTHERN,CALIFORNIA,NINTH CIRCUIT,385,266,14,0,105,28,13,12,0,3,357,253,2,102
2020-04-30,CALIFORNIA SOUTHERN,CALIFORNIA,NINTH CIRCUIT,497,440,2,0,55,19,16,2,0,1,478,424,0,54
2020-04-30,COLORADO,COLORADO,TENTH CIRCUIT,673,552,7,1,112,34,23,7,0,2,639,529,0,110
2020-04-30,CONNECTICUT,CONNECTICUT,SECOND CIRCUIT,355,332,1,0,22,12,11,1,0,0,343,321,0,22
2020-04-30,DELAWARE,DELAWARE,THIRD CIRCUIT,303,94,179,0,30,190,11,179,0,0,113,83,0,30
2020-04-30,DISTRICT OF COLUMBIA,DISTRICT OF COLUMBIA,DC CIRCUIT,30,28,0,0,2,1,1,0,0,0,29,27,0,2
2020-04-30,FLORIDA MIDDLE,FLORIDA,ELEVENTH CIRCUIT,1480,1228,22,1,228,56,33,20,0,1,1424,1195,2,227
2020-04-30,FLORIDA NORTHERN,FLORIDA,ELEVENTH CIRCUIT,139,125,3,1,10,8,4,3,0,0,131,121,0,10
2020-04-30,FLORIDA SOUTHERN,FLORIDA,ELEVENTH CIRCUIT,860,551,43,0,266,54,13,41,0,0,806,538,2,266
2020-04-30,GEORGIA MIDDLE,GEORGIA,ELEVENTH CIRCUIT,372,189,2,2,179,11,6,2,0,1,361,183,0,178
2020-04-30,GEORGIA NORTHERN,GEORGIA,ELEVENTH CIRCUIT,1178,727,8,0,443,24,16,7,0,1,1154,711,1,442
2020-04-30,GEORGIA SOUTHERN,GEORGIA,ELEVENTH CIRCUIT,207,68,0,0,139,7,7,0,0,0,200,61,0,139
2020-04-30,GUAM,GUAM,NINTH CIRCUIT,0,0,0,0,0,0,0,0,0,0,0,0,0,0
2020-04-30,HAWAII,HAWAII,NINTH CIRCUIT,115,83,0,0,32,2,2,0,0,0,113,81,0,32
2020-04-30,IDAHO,IDAHO,NINTH CIRCUIT,232,216,1,1,14,5,3,1,0,0,227,213,0,14
2020-04-30,ILLINOIS CENTRAL,ILLINOIS,SEVENTH CIRCUIT,319,273,0,0,46,5,4,0,0,1,314,269,0,45
2020-04-30,ILLINOIS NORTHERN,ILLINOIS,SEVENTH CIRCUIT,1836,1375,11,0,449,38,26,11,0,0,1798,1349,0,449
2020-04-30,ILLINOIS SOUTHERN,ILLINOIS,SEVENTH CIRCUIT,199,148,0,0,51,3,2,0,0,1,196,146,0,50
2020-04-30,INDIANA NORTHERN,INDIANA,SEVENTH CIRCUIT,507,403,0,0,104,7,7,0,0,0,500,396,0,104
2020-04-30,INDIANA SOUTHERN,INDIANA,SEVENTH CIRCUIT,754,529,1,2,222,11,8,1,0,0,743,521,0,222
2020-04-30,IOWA NORTHERN,IOWA,EIGHTH CIRCUIT,153,147,0,0,6,6,6,0,0,0,147,141,0,6
2020-04-30,IOWA SOUTHERN,IOWA,EIGHTH CIRCUIT,220,203,0,2,15,6,4,0,0,0,214,199,0,15
2020-04-30,KANSAS,KANSAS,TENTH CIRCUIT,311,180,1,2,128,7,4,0,0,1,304,176,1,127
2020-04-30,KENTUCKY EASTERN,KENTUCKY,SIXTH CIRCUIT,416,328,1,0,87,3,2,1,0,0,413,326,0,87
2020-04-30,KENTUCKY WESTERN,KENTUCKY,SIXTH CIRCUIT,393,260,2,0,131,9,7,2,0,0,384,253,0,131
2020-04-30,LOUISIANA EASTERN,LOUISIANA,FIFTH CIRCUIT,126,60,0,0,66,2,2,0,0,0,124,58,0,66
2020-04-30,LOUISIANA MIDDLE,LOUISIANA,FIFTH CIRCUIT,53,37,0,0,16,2,2,0,0,0,51,35,0,16
2020-04-30,LOUISIANA WESTERN,LOUISIANA,FIFTH CIRCUIT,333,113,0,3,217,8,5,0,0,0,325,108,0,217
2020-04-30,MAINE,MAINE,FIRST CIRCUIT,83,63,1,0,19,3,1,1,0,1,80,62,0,18
2020-04-30,MARYLAND,MARYLAND,FOURTH CIRCUIT,823,687,4,0,132,18,12,4,0,2,805,675,0,130
2020-04-30,MASSACHUSETTS,MASSACHUSETTS,FIRST CIRCUIT,256,194,4,0,58,20,18,2,0,0,236,176,2,58
2020-04-30,MICHIGAN EASTERN,MICHIGAN,SIXTH CIRCUIT,1187,953,2,0,232,12,9,2,0,1,1175,944,0,231
2020-04-30,MICHIGAN WESTERN,MICHIGAN,SIXTH CIRCUIT,300,251,1,0,48,6,5,1,0,0,294,246,0,48
2020-04-30,MINNESOTA,MINNESOTA,EIGHTH CIRCUIT,690,562,3,3,122,21,13,3,0,2,669,549,0,120
2020-04-30,MISSISSIPPI NORTHERN,MISSISSIPPI,FIFTH CIRCUIT,286,151,6,3,126,18,7,6,0,2,268,144,0,124
2020-04-30,MISSISSIPPI SOUTHERN,MISSISSIPPI,FIFTH CIRCUIT,375,249,3,1,122,13,8,3,0,1,362,241,0,121
2020-04-30,MISSOURI EASTERN,MISSOURI,EIGHTH CIRCUIT,578,457,1,1,119,8,6,1,0,0,570,451,0,119
2020-04-30,MISSOURI WESTERN,MISSOURI,EIGHTH CIRCUIT,405,286,0,1,118,4,3,0,0,0,401,283,0,118
2020-04-30,MONTANA,MONTANA,NINTH CIRCUIT,87,78,0,1,8,6,3,0,0,2,81,75,0,6
2020-04-30,NEBRASKA,NEBRASKA,EIGHTH CIRCUIT,286,220,2,3,61,12,6,2,0,1,274,214,0,60
2020-04-30,NEVADA,NEVADA,NINTH CIRCUIT,487,429,6,0,52,14,9,5,0,0,473,420,1,52
2020-04-30,NEW HAMPSHIRE,NEW HAMPSHIRE,FIRST CIRCUIT,103,85,0,0,18,5,5,0,0,0,98,80,0,18
2020-04-30,NEW JERSEY,NEW JERSEY,THIRD CIRCUIT,974,738,4,0,232,26,21,4,0,1,948,717,0,231
2020-04-30,NEW MEXICO,NEW MEXICO,TENTH CIRCUIT,197,172,4,0,21,12,7,4,0,1,185,165,0,20
2020-04-30,NEW YORK EASTERN,NEW YORK,SECOND CIRCUIT,346,300,12,0,34,22,10,12,0,0,324,290,0,34
2020-04-30,NEW YORK NORTHERN,NEW YORK,SECOND CIRCUIT,334,287,0,0,46,12,10,0,0,1,322,277,0,45
2020-04-30,NEW YORK SOUTHERN,NEW YORK,SECOND CIRCUIT,416,210,131,0,35,179,8,131,0,0,237,202,0,35
2020-04-30,NEW YORK WESTERN,NEW YORK,SECOND CIRCUIT,151,120,1,0,30,11,9,1,0,1,140,111,0,29
2020-04-30,NORTH CAROLINA EASTERN,NORTH CAROLINA,FOURTH CIRCUIT,376,163,0,0,213,9,8,0,0,1,367,155,0,212
2020-04-30,NORTH CAROLINA MIDDLE,NORTH CAROLINA,FOURTH CIRCUIT,202,114,1,0,87,2,1,1,0,0,200,113,0,87
2020-04-30,NORTH CAROLINA WESTERN,NORTH CAROLINA,FOURTH CIRCUIT,186,123,1,0,62,6,4,1,0,1,180,119,0,61
2020-04-30,NORTH DAKOTA,NORTH DAKOTA,EIGHTH CIRCUIT,75,66,1,0,8,2,1,1,0,0,73,65,0,8
2020-04-30,NORTHERN MARIANAS,NORTHERN MARIANA ISLANDS,NINTH CIRCUIT,0,0,0,0,0,0,0,0,0,0,0,0,0,0
2020-04-30,OHIO NORTHERN,OHIO,SIXTH CIRCUIT,1226,1079,2,0,145,21,18,2,0,1,1205,1061,0,144
2020-04-30,OHIO SOUTHERN,OHIO,SIXTH CIRCUIT,1072,824,0,1,247,11,9,0,0,1,1061,815,0,246
2020-04-30,OKLAHOMA EASTERN,OKLAHOMA,TENTH CIRCUIT,109,105,0,0,4,0,0,0,0,0,109,105,0,4
2020-04-30,OKLAHOMA NORTHERN,OKLAHOMA,TENTH CIRCUIT,162,151,0,0,11,5,5,0,0,0,157,146,0,11
2020-04-30,OKLAHOMA WESTERN,OKLAHOMA,TENTH CIRCUIT,353,306,0,0,47,6,6,0,0,0,347,300,0,47
2020-04-30,OREGON,OREGON,NINTH CIRCUIT,557,458,1,0,98,11,9,1,0,1,546,449,0,97
2020-04-30,PENNSYLVANIA EASTERN,PENNSYLVANIA,THIRD CIRCUIT,329,239,3,0,87,9,6,3,0,0,320,233,0,87
2020-04-30,PENNSYLVANIA MIDDLE,PENNSYLVANIA,THIRD CIRCUIT,221,165,0,0,56,2,2,0,0,0,219,163,0,56
2020-04-30,PENNSYLVANIA WESTERN,PENNSYLVANIA,THIRD CIRCUIT,369,308,2,0,59,7,7,0,0,0,362,301,2,59
2020-04-30,PUERTO RICO,PUERTO RICO,FIRST CIRCUIT,172,68,2,0,102,5,3,2,0,0,167,65,0,102
2020-04-30,RHODE ISLAND,RHODE ISLAND,FIRST CIRCUIT,94,84,0,0,10,0,0,0,0,0,94,84,0,10
2020-04-30,SOUTH CAROLINA,SOUTH CAROLINA,FOURTH CIRCUIT,367,197,1,0,169,4,3,1,0,0,363,194,0,169
2020-04-30,SOUTH DAKOTA,SOUTH DAKOTA,EIGHTH CIRCUIT,77,74,1,0,2,7,5,1,0,1,70,69,0,1
2020-04-30,TENNESSEE EASTERN,TENNESSEE,SIXTH CIRCUIT,580,406,0,0,174,4,3,0,0,1,576,403,0,173
2020-04-30,TENNESSEE MIDDLE,TENNESSEE,SIXTH CIRCUIT,408,249,1,0,158,13,12,1,0,0,395,237,0,158
2020-04-30,TENNESSEE WESTERN,TENNESSEE,SIXTH CIRCUIT,413,171,1,0,241,5,4,1,0,0,408,167,0,241
2020-04-30,TEXAS EASTERN,TEXAS,FIFTH CIRCUIT,321,207,2,0,112,19,15,2,0,2,302,192,0,110
2020-04-30,TEXAS NORTHERN,TEXAS,FIFTH CIRCUIT,663,402,12,3,245,58,41,12,0,1,605,361,0,244
2020-04-30,TEXAS SOUTHERN,TEXAS,FIFTH CIRCUIT,473,261,63,1,148,101,38,61,0,1,372,223,2,147
2020-04-30,TEXAS WESTERN,TEXAS,FIFTH CIRCUIT,433,327,5,0,101,31,25,5,0,1,402,302,0,100
2020-04-30,UTAH,UTAH,TENTH CIRCUIT,549,353,2,0,194,12,8,2,0,2,537,345,0,192
2020-04-30,VERMONT,VERMONT,SECOND CIRCUIT,28,23,0,0,5,3,2,0,0,1,25,21,0,4
2020-04-30,VIRGIN ISLANDS,VIRGIN ISLANDS,THIRD CIRCUIT,0,0,0,0,0,0,0,0,0,0,0,0,0,0
2020-04-30,VIRGINIA EASTERN,VIRGINIA,FOURTH CIRCUIT,958,667,1,0,290,12,11,1,0,0,946,656,0,290
2020-04-30,VIRGINIA WESTERN,VIRGINIA,FOURTH CIRCUIT,316,214,4,0,98,8,3,4,0,1,308,211,0,97
2020-04-30,WASHINGTON EASTERN,WASHINGTON,NINTH CIRCUIT,192,160,0,0,32,2,2,0,0,0,190,158,0,32
2020-04-30,WASHINGTON WESTERN,WASHINGTON,NINTH CIRCUIT,522,413,3,2,104,21,16,3,0,0,501,397,0,104
2020-04-30,WEST VIRGINIA NORTHERN,WEST VIRGINIA,FOURTH CIRCUIT,103,91,0,0,12,1,1,0,0,0,102,90,0,12
2020-04-30,WEST VIRGINIA SOUTHERN,WEST VIRGINIA,FOURTH CIRCUIT,100,92,2,0,6,4,2,2,0,0,96,90,0,6
2020-04-30,WISCONSIN EASTERN,WISCONSIN,SEVENTH CIRCUIT,679,505,2,1,171,11,8,2,0,0,668,497,0,171
2020-04-30,WISCONSIN WESTERN,WISCONSIN,SEVENTH CIRCUIT,245,213,0,3,29,6,3,0,0,0,239,210,0,29
2020-04-30,WYOMING,WYOMING,TENTH CIRCUIT,59,56,0,0,3,3,3,0,0,0,56,53,0,3
2020-05-31,ALABAMA MIDDLE,ALABAMA,ELEVENTH CIRCUIT,342,119,0,0,223,4,4,0,0,0,338,115,0,223
2020-05-31,ALABAMA NORTHERN,ALABAMA,ELEVENTH CIRCUIT,702,461,0,0,240,10,9,0,0,0,692,452,0,240
2020-05-31,ALABAMA SOUTHERN,ALABAMA,ELEVENTH CIRCUIT,234,108,2,0,124,5,2,2,0,1,229,106,0,123
2020-05-31,ALASKA,ALASKA,NINTH CIRCUIT,28,24,0,0,4,3,3,0,0,0,25,21,0,4
2020-05-31,ARIZONA,ARIZONA,NINTH CIRCUIT,1191,1061,4,0,126,23,18,4,0,1,1168,1043,0,125
2020-05-31,ARKANSAS,ARKANSAS,EIGHTH CIRCUIT,595,388,0,0,207,14,11,0,0,3,581,377,0,204
2020-05-31,CALIFORNIA CENTRAL,CALIFORNIA,NINTH CIRCUIT,2144,1943,17,0,184,94,80,14,0,0,2050,1863,3,184
2020-05-31,CALIFORNIA EASTERN,CALIFORNIA,NINTH CIRCUIT,909,790,6,1,112,28,20,4,0,3,881,770,2,109
2020-05-31,CALIFORNIA NORTHERN,CALIFORNIA,NINTH CIRCUIT,425,319,6,0,100,33,27,4,0,2,392,292,2,98
2020-05-31,CALIFORNIA SOUTHERN,CALIFORNIA,NINTH CIRCUIT,544,479,0,0,65,26,23,0,0,3,518,456,0,62
2020-05-31,COLORADO,COLORADO,TENTH CIRCUIT,749,628,6,0,115,29,22,6,0,1,720,606,0,114
2020-05-31,CONNECTICUT,CONNECTICUT,SECOND CIRCUIT,329,299,1,0,29,6,5,1,0,0,323,294,0,29
2020-05-31,DELAWARE,DELAWARE,THIRD CIRCUIT,403,110,247,0,30,275,12,247,0,0,128,98,0,30
2020-05-31,DISTRICT OF COLUMBIA,DISTRICT OF COLUMBIA,DC CIRCUIT,35,30,2,0,3,2,0,2,0,0,33,30,0,3
2020-05-31,FLORIDA MIDDLE,FLORIDA,ELEVENTH CIRCUIT,1616,1360,28,0,228,73,50,17,0,6,1543,1310,11,222
2020-05-31,FLORIDA NORTHERN,FLORIDA,ELEVENTH CIRCUIT,165,145,0,0,20,3,2,0,0,1,162,143,0,19
2020-05-31,FLORIDA SOUTHERN,FLORIDA,ELEVENTH CIRCUIT,1074,709,25,1,339,53,27,20,0,5,1021,682,5,334
2020-05-31,GEORGIA MIDDLE,GEORGIA,ELEVENTH CIRCUIT,326,143,1,6,176,10,2,1,0,1,316,141,0,175
2020-05-31,GEORGIA NORTHERN,GEORGIA,ELEVENTH CIRCUIT,1202,804,5,0,393,31,24,5,0,2,1171,780,0,391
2020-05-31,GEORGIA SOUTHERN,GEORGIA,ELEVENTH CIRCUIT,255,94,0,1,160,7,4,0,0,2,248,90,0,158
2020-05-31,GUAM,GUAM,NINTH CIRCUIT,2,2,0,0,0,0,0,0,0,0,2,2,0,0
2020-05-31,HAWAII,HAWAII,NINTH CIRCUIT,114,88,3,0,23,6,3,2,0,1,108,85,1,22
2020-05-31,IDAHO,IDAHO,NINTH CIRCUIT,237,216,1,1,19,5,3,1,0,0,232,213,0,19
2020-05-31,ILLINOIS CENTRAL,ILLINOIS,SEVENTH CIRCUIT,273,230,0,0,43,3,3,0,0,0,270,227,0,43
2020-05-31,ILLINOIS NORTHERN,ILLINOIS,SEVENTH CIRCUIT,1713,1339,6,0,368,33,27,6,0,0,1680,1312,0,368
2020-05-31,ILLINOIS SOUTHERN,ILLINOIS,SEVENTH CIRCUIT,173,130,0,0,43,2,2,0,0,0,171,128,0,43
2020-05-31,INDIANA NORTHERN,INDIANA,SEVENTH CIRCUIT,541,443,3,0,95,5,2,3,0,0,536,441,0,95
2020-05-31,INDIANA SOUTHERN,INDIANA,SEVENTH CIRCUIT,862,668,1,0,193,10,9,1,0,0,852,659,0,193
2020-05-31,IOWA NORTHERN,IOWA,EIGHTH CIRCUIT,134,127,0,1,6,4,3,0,0,0,130,124,0,6
2020-05-31,IOWA SOUTHERN,IOWA,EIGHTH CIRCUIT,233,216,0,0,17,6,6,0,0,0,227,210,0,17
2020-05-31,KANSAS,KANSAS,TENTH CIRCUIT,330,233,3,3,91,20,11,3,0,3,310,222,0,88
2020-05-31,KENTUCKY EASTERN,KENTUCKY,SIXTH CIRCUIT,446,346,1,0,99,6,4,1,0,1,440,342,0,98
2020-05-31,KENTUCKY WESTERN,KENTUCKY,SIXTH CIRCUIT,403,291,0,0,112,6,5,0,0,1,397,286,0,111
2020-05-31,LOUISIANA EASTERN,LOUISIANA,FIFTH CIRCUIT,138,85,2,0,51,5,2,2,0,1,133,83,0,50
2020-05-31,LOUISIANA MIDDLE,LOUISIANA,FIFTH CIRCUIT,64,55,0,0,9,1,1,0,0,0,63,54,0,9
2020-05-31,LOUISIANA WESTERN,LOUISIANA,FIFTH CIRCUIT,315,127,2,0,186,7,4,2,0,1,308,123,0,185
2020-05-31,MAINE,MAINE,FIRST CIRCUIT,107,92,4,0,11,5,2,3,0,0,102,90,1,11
2020-05-31,MARYLAND,MARYLAND,FOURTH CIRCUIT,825,704,5,0,116,21,14,5,0,2,804,690,0,114
2020-05-31,MASSACHUSETTS,MASSACHUSETTS,FIRST CIRCUIT,316,276,5,0,35,18,12,5,0,1,298,264,0,34
2020-05-31,MICHIGAN EASTERN,MICHIGAN,SIXTH CIRCUIT,1167,998,2,0,167,5,4,1,0,0,1162,994,1,167
2020-05-31,MICHIGAN WESTERN,MICHIGAN,SIXTH CIRCUIT,300,255,2,1,42,14,12,1,0,0,286,243,1,42
2020-05-31,MINNESOTA,MINNESOTA,EIGHTH CIRCUIT,643,553,1,1,88,17,15,1,0,0,626,538,0,88
2020-05-31,MISSISSIPPI NORTHERN,MISSISSIPPI,FIFTH CIRCUIT,235,136,1,1,97,8,4,1,0,2,227,132,0,95
2020-05-31,MISSISSIPPI SOUTHERN,MISSISSIPPI,FIFTH CIRCUIT,333,239,0,0,94,4,4,0,0,0,329,235,0,94
2020-05-31,MISSOURI EASTERN,MISSOURI,EIGHTH CIRCUIT,604,467,1,3,133,8,4,1,0,0,596,463,0,133
2020-05-31,MISSOURI WESTERN,MISSOURI,EIGHTH CIRCUIT,388,286,3,0,99,13,9,3,0,1,375,277,0,98
2020-05-31,MONTANA,MONTANA,NINTH CIRCUIT,85,77,0,0,8,4,4,0,0,0,81,73,0,8
2020-05-31,NEBRASKA,NEBRASKA,EIGHTH CIRCUIT,301,240,0,4,57,12,8,0,0,0,289,232,0,57
2020-05-31,NEVADA,NEVADA,NINTH CIRCUIT,560,501,10,0,49,17,8,9,0,0,543,493,1,49
2020-05-31,NEW HAMPSHIRE,NEW HAMPSHIRE,FIRST CIRCUIT,82,66,0,0,16,3,3,0,0,0,79,63,0,16
2020-05-31,NEW JERSEY,NEW JERSEY,THIRD CIRCUIT,1020,813,6,0,201,21,15,6,0,0,999,798,0,201
2020-05-31,NEW MEXICO,NEW MEXICO,TENTH CIRCUIT,192,170,0,0,22,6,6,0,0,0,186,164,0,22
2020-05-31,NEW YORK EASTERN,NEW YORK,SECOND CIRCUIT,431,406,3,0,22,22,19,3,0,0,409,387,0,22
2020-05-31,NEW YORK NORTHERN,NEW YORK,SECOND CIRCUIT,331,287,1,0,43,5,3,1,0,1,326,284,0,42
2020-05-31,NEW YORK SOUTHERN,NEW YORK,SECOND CIRCUIT,425,280,126,0,17,146,18,126,0,0,279,262,0,17
2020-05-31,NEW YORK WESTERN,NEW YORK,SECOND CIRCUIT,191,168,0,0,23,6,5,0,0,1,185,163,0,22
2020-05-31,NORTH CAROLINA EASTERN,NORTH CAROLINA,FOURTH CIRCUIT,332,144,7,0,181,19,11,6,0,2,313,133,1,179
2020-05-31,NORTH CAROLINA MIDDLE,NORTH CAROLINA,FOURTH CIRCUIT,165,101,2,0,62,5,3,2,0,0,160,98,0,62
2020-05-31,NORTH CAROLINA WESTERN,NORTH CAROLINA,FOURTH CIRCUIT,182,117,0,0,65,6,6,0,0,0,176,111,0,65
2020-05-31,NORTH DAKOTA,NORTH DAKOTA,EIGHTH CIRCUIT,65,62,0,1,2,4,3,0,0,0,61,59,0,2
2020-05-31,NORTHERN MARIANAS,NORTHERN MARIANA ISLANDS,NINTH CIRCUIT,1,1,0,0,0,0,0,0,0,0,1,1,0,0
2020-05-31,OHIO NORTHERN,OHIO,SIXTH CIRCUIT,1279,1143,2,0,134,14,12,2,0,0,1265,1131,0,134
2020-05-31,OHIO SOUTHERN,OHIO,SIXTH CIRCUIT,1016,833,0,0,183,9,9,0,0,0,1007,824,0,183
2020-05-31,OKLAHOMA EASTERN,OKLAHOMA,TENTH CIRCUIT,125,121,0,0,4,1,1,0,0,0,124,120,0,4
2020-05-31,OKLAHOMA NORTHERN,OKLAHOMA,TENTH CIRCUIT,188,176,0,0,12,5,5,0,0,0,183,171,0,12
2020-05-31,OKLAHOMA WESTERN,OKLAHOMA,TENTH CIRCUIT,354,304,1,1,48,13,8,1,0,3,341,296,0,45
2020-05-31,OREGON,OREGON,NINTH CIRCUIT,533,434,2,0,91,23,11,2,0,4,510,423,0,87
2020-05-31,PENNSYLVANIA EASTERN,PENNSYLVANIA,THIRD CIRCUIT,298,205,2,0,91,10,6,1,0,3,288,199,1,88
2020-05-31,PENNSYLVANIA MIDDLE,PENNSYLVANIA,THIRD CIRCUIT,274,214,0,0,60,5,4,0,0,1,269,210,0,59
2020-05-31,PENNSYLVANIA WESTERN,PENNSYLVANIA,THIRD CIRCUIT,426,317,6,0,103,16,9,6,0,1,410,308,0,102
2020-05-31,PUERTO RICO,PUERTO RICO,FIRST CIRCUIT,370,170,2,1,197,5,2,2,0,0,365,168,0,197
2020-05-31,RHODE ISLAND,RHODE ISLAND,FIRST CIRCUIT,98,85,0,0,13,4,4,0,0,0,94,81,0,13
2020-05-31,SOUTH CAROLINA,SOUTH CAROLINA,FOURTH CIRCUIT,354,186,2,0,166,6,4,2,0,0,348,182,0,166
2020-05-31,SOUTH DAKOTA,SOUTH DAKOTA,EIGHTH CIRCUIT,102,92,2,3,5,6,2,1,0,0,96,90,1,5
2020-05-31,TENNESSEE EASTERN,TENNESSEE,SIXTH CIRCUIT,594,442,1,0,151,11,8,1,0,2,583,434,0,149
2020-05-31,TENNESSEE MIDDLE,TENNESSEE,SIXTH CIRCUIT,379,265,6,0,108,11,6,5,0,0,368,259,1,108
2020-05-31,TENNESSEE WESTERN,TENNESSEE,SIXTH CIRCUIT,365,158,0,0,207,5,3,0,0,2,360,155,0,205
2020-05-31,TEXAS EASTERN,TEXAS,FIFTH CIRCUIT,298,213,3,0,82,19,15,3,0,1,279,198,0,81
2020-05-31,TEXAS NORTHERN,TEXAS,FIFTH CIRCUIT,660,447,36,3,174,88,47,36,0,2,572,400,0,172
2020-05-31,TEXAS SOUTHERN,TEXAS,FIFTH CIRCUIT,580,318,100,0,149,141,27,99,0,2,439,291,1,147
2020-05-31,TEXAS WESTERN,TEXAS,FIFTH CIRCUIT,444,337,12,0,95,37,25,12,0,0,407,312,0,95
2020-05-31,UTAH,UTAH,TENTH CIRCUIT,657,472,3,0,182,11,7,3,0,1,646,465,0,181
2020-05-31,VERMONT,VERMONT,SECOND CIRCUIT,41,31,0,2,8,2,0,0,0,0,39,31,0,8
2020-05-31,VIRGIN ISLANDS,VIRGIN ISLANDS,THIRD CIRCUIT,0,0,0,0,0,0,0,0,0,0,0,0,0,0
2020-05-31,VIRGINIA EASTERN,VIRGINIA,FOURTH CIRCUIT,899,609,55,0,235,72,16,54,0,2,827,593,1,233
2020-05-31,VIRGINIA WESTERN,VIRGINIA,FOURTH CIRCUIT,258,180,0,0,78,6,5,0,0,1,252,175,0,77
2020-05-31,WASHINGTON EASTERN,WASHINGTON,NINTH CIRCUIT,203,160,1,0,42,5,4,1,0,0,198,156,0,42
2020-05-31,WASHINGTON WESTERN,WASHINGTON,NINTH CIRCUIT,504,423,4,0,77,12,9,3,0,0,492,414,1,77
2020-05-31,WEST VIRGINIA NORTHERN,WEST VIRGINIA,FOURTH CIRCUIT,75,67,0,0,8,0,0,0,0,0,75,67,0,8
2020-05-31,WEST VIRGINIA SOUTHERN,WEST VIRGINIA,FOURTH CIRCUIT,130,117,2,0,11,4,2,2,0,0,126,115,0,11
2020-05-31,WISCONSIN EASTERN,WISCONSIN,SEVENTH CIRCUIT,671,518,0,0,153,6,5,0,0,1,665,513,0,152
2020-05-31,WISCONSIN WESTERN,WISCONSIN,SEVENTH CIRCUIT,252,218,2,3,29,15,10,2,0,0,237,208,0,29
2020-05-31,WYOMING,WYOMING,TENTH CIRCUIT,61,60,0,0,1,2,2,0,0,0,59,58,0,1
2020-06-30,ALABAMA MIDDLE,ALABAMA,ELEVENTH CIRCUIT,394,137,0,0,257,6,6,0,0,0,388,131,0,257
2020-06-30,ALABAMA NORTHERN,ALABAMA,ELEVENTH CIRCUIT,696,445,1,1,249,10,8,1,0,0,686,437,0,249
2020-06-30,ALABAMA SOUTHERN,ALABAMA,ELEVENTH CIRCUIT,280,122,0,0,158,3,3,0,0,0,277,119,0,158
2020-06-30,ALASKA,ALASKA,NINTH CIRCUIT,23,20,0,0,3,1,1,0,0,0,22,19,0,3
2020-06-30,ARIZONA,ARIZONA,NINTH CIRCUIT,1184,1025,24,1,134,41,23,17,0,0,1143,1002,7,134
2020-06-30,ARKANSAS,ARKANSAS,EIGHTH CIRCUIT,587,368,6,1,212,16,9,6,0,0,571,359,0,212
2020-06-30,CALIFORNIA CENTRAL,CALIFORNIA,NINTH CIRCUIT,2350,2047,38,0,265,111,75,28,0,8,2239,1972,10,257
2020-06-30,CALIFORNIA EASTERN,CALIFORNIA,NINTH CIRCUIT,900,782,2,1,115,25,22,1,0,1,875,760,1,114
2020-06-30,CALIFORNIA NORTHERN,CALIFORNIA,NINTH CIRCUIT,596,468,8,0,120,33,27,5,0,1,563,441,3,119
2020-06-30,CALIFORNIA SOUTHERN,CALIFORNIA,NINTH CIRCUIT,561,526,1,0,34,27,26,0,0,1,534,500,1,33
2020-06-30,COLORADO,COLORADO,TENTH CIRCUIT,786,666,9,0,111,32,23,9,0,0,754,643,0,111
2020-06-30,CONNECTICUT,CONNECTICUT,SECOND CIRCUIT,406,380,1,0,25,12,10,1,0,1,394,370,0,24
2020-06-30,DELAWARE,DELAWARE,THIRD CIRCUIT,286,93,169,1,22,185,14,169,0,0,101,79,0,22
2020-06-30,DISTRICT OF COLUMBIA,DISTRICT OF COLUMBIA,DC CIRCUIT,40,37,1,0,2,4,4,0,0,0,36,33,1,2
2020-06-30,FLORIDA MIDDLE,FLORIDA,ELEVENTH CIRCUIT,1890,1608,25,0,257,72,43,25,0,4,1818,1565,0,253
2020-06-30,FLORIDA NORTHERN,FLORIDA,ELEVENTH CIRCUIT,199,175,2,0,22,7,5,2,0,0,192,170,0,22
2020-06-30,FLORIDA SOUTHERN,FLORIDA,ELEVENTH CIRCUIT,1292,881,26,0,385,52,28,20,0,4,1240,853,6,381
2020-06-30,GEORGIA MIDDLE,GEORGIA,ELEVENTH CIRCUIT,374,171,1,0,202,6,4,1,0,1,368,167,0,201
2020-06-30,GEORGIA NORTHERN,GEORGIA,ELEVENTH CIRCUIT,1256,831,10,0,415,35,25,10,0,0,1221,806,0,415
2020-06-30,GEORGIA SOUTHERN,GEORGIA,ELEVENTH CIRCUIT,245,78,0,0,167,3,3,0,0,0,242,75,0,167
2020-06-30,GUAM,GUAM,NINTH CIRCUIT,13,13,0,0,0,1,1,0,0,0,12,12,0,0
2020-06-30,HAWAII,HAWAII,NINTH CIRCUIT,152,128,1,0,23,13,11,1,0,1,139,117,0,22
2020-06-30,IDAHO,IDAHO,NINTH CIRCUIT,252,234,1,1,16,5,2,1,0,1,247,232,0,15
2020-06-30,ILLINOIS CENTRAL,ILLINOIS,SEVENTH CIRCUIT,300,258,0,0,42,6,6,0,0,0,294,252,0,42
2020-06-30,ILLINOIS NORTHERN,ILLINOIS,SEVENTH CIRCUIT,1756,1360,12,0,384,42,30,12,0,0,1714,1330,0,384
2020-06-30,ILLINOIS SOUTHERN,ILLINOIS,SEVENTH CIRCUIT,175,137,3,0,35,7,2,3,0,2,168,135,0,33
2020-06-30,INDIANA NORTHERN,INDIANA,SEVENTH CIRCUIT,598,497,1,0,100,3,1,1,0,1,595,496,0,99
2020-06-30,INDIANA SOUTHERN,INDIANA,SEVENTH CIRCUIT,875,655,2,1,217,11,9,1,0,0,864,646,1,217
2020-06-30,IOWA NORTHERN,IOWA,EIGHTH CIRCUIT,120,109,0,2,9,4,2,0,0,0,116,107,0,9
2020-06-30,IOWA SOUTHERN,IOWA,EIGHTH CIRCUIT,198,178,0,1,19,6,5,0,0,0,192,173,0,19
2020-06-30,KANSAS,KANSAS,TENTH CIRCUIT,378,253,1,5,119,21,10,1,0,5,357,243,0,114
2020-06-30,KENTUCKY EASTERN,KENTUCKY,SIXTH CIRCUIT,494,376,2,0,116,10,8,2,0,0,484,368,0,116
2020-06-30,KENTUCKY WESTERN,KENTUCKY,SIXTH CIRCUIT,454,329,3,0,122,6,3,3,0,0,448,326,0,122
2020-06-30,LOUISIANA EASTERN,LOUISIANA,FIFTH CIRCUIT,206,110,2,0,94,6,3,2,0,1,200,107,0,93
2020-06-30,LOUISIANA MIDDLE,LOUISIANA,FIFTH CIRCUIT,57,46,0,0,11,1,1,0,0,0,56,45,0,11
2020-06-30,LOUISIANA WESTERN,LOUISIANA,FIFTH CIRCUIT,348,126,1,2,219,12,9,1,0,0,336,117,0,219
2020-06-30,MAINE,MAINE,FIRST CIRCUIT,115,94,3,0,18,9,5,3,0,1,106,89,0,17
2020-06-30,MARYLAND,MARYLAND,FOURTH CIRCUIT,803,676,1,0,126,18,16,1,0,1,785,660,0,125
2020-06-30,MASSACHUSETTS,MASSACHUSETTS,FIRST CIRCUIT,357,300,3,1,53,40,37,2,0,0,317,263,1,53
2020-06-30,MICHIGAN EASTERN,MICHIGAN,SIXTH CIRCUIT,1347,1161,6,2,178,25,16,6,0,1,1322,1145,0,177
2020-06-30,MICHIGAN WESTERN,MICHIGAN,SIXTH CIRCUIT,335,276,24,1,34,36,10,24,0,1,299,266,0,33
2020-06-30,MINNESOTA,MINNESOTA,EIGHTH CIRCUIT,567,485,3,3,76,24,18,3,0,0,543,467,0,76
2020-06-30,MISSISSIPPI NORTHERN,MISSISSIPPI,FIFTH CIRCUIT,291,167,16,0,108,48,28,16,0,4,243,139,0,104
2020-06-30,MISSISSIPPI SOUTHERN,MISSISSIPPI,FIFTH CIRCUIT,393,271,3,0,119,8,4,3,0,1,385,267,0,118
2020-06-30,MISSOURI EASTERN,MISSOURI,EIGHTH CIRCUIT,632,500,1,1,130,8,5,1,0,1,624,495,0,129
2020-06-30,MISSOURI WESTERN,MISSOURI,EIGHTH CIRCUIT,488,351,2,0,135,6,4,2,0,0,482,347,0,135
2020-06-30,MONTANA,MONTANA,NINTH CIRCUIT,99,83,3,0,13,8,4,3,0,1,91,79,0,12
2020-06-30,NEBRASKA,NEBRASKA,EIGHTH CIRCUIT,278,215,3,2,58,12,7,3,0,0,266,208,0,58
2020-06-30,NEVADA,NEVADA,NINTH CIRCUIT,652,572,30,0,50,38,9,29,0,0,614,563,1,50
2020-06-30,NEW HAMPSHIRE,NEW HAMPSHIRE,FIRST CIRCUIT,81,75,0,0,6,2,2,0,0,0,79,73,0,6
2020-06-30,NEW JERSEY,NEW JERSEY,THIRD CIRCUIT,1076,851,10,0,215,23,15,7,0,1,1053,836,3,214
2020-06-30,NEW MEXICO,NEW MEXICO,TENTH CIRCUIT,245,216,4,0,25,9,5,4,0,0,236,211,0,25
2020-06-30,NEW YORK EASTERN,NEW YORK,SECOND CIRCUIT,523,479,14,0,30,33,20,13,0,0,490,459,1,30
2020-06-30,NEW YORK NORTHERN,NEW YORK,SECOND CIRCUIT,348,291,1,0,56,5,4,1,0,0,343,287,0,56
2020-06-30,NEW YORK SOUTHERN,NEW YORK,SECOND CIRCUIT,412,346,26,0,37,41,12,25,0,1,371,334,1,36
2020-06-30,NEW YORK WESTERN,NEW YORK,SECOND CIRCUIT,207,174,1,0,32,11,8,1,0,2,196,166,0,30
2020-06-30,NORTH CAROLINA EASTERN,NORTH CAROLINA,FOURTH CIRCUIT,294,134,3,1,156,12,6,2,0,3,282,128,1,153
2020-06-30,NORTH CAROLINA MIDDLE,NORTH CAROLINA,FOURTH CIRCUIT,197,105,2,0,90,9,7,2,0,0,188,98,0,90
2020-06-30,NORTH CAROLINA WESTERN,NORTH CAROLINA,FOURTH CIRCUIT,193,122,5,0,66,6,1,5,0,0,187,121,0,66
2020-06-30,NORTH DAKOTA,NORTH DAKOTA,EIGHTH CIRCUIT,60,56,0,0,4,1,1,0,0,0,59,55,0,4
2020-06-30,NORTHERN MARIANAS,NORTHERN MARIANA ISLANDS,NINTH CIRCUIT,0,0,0,0,0,0,0,0,0,0,0,0,0,0
2020-06-30,OHIO NORTHERN,OHIO,SIXTH CIRCUIT,1170,1035,4,0,131,21,15,4,0,2,1149,1020,0,129
2020-06-30,OHIO SOUTHERN,OHIO,SIXTH CIRCUIT,1025,802,1,0,222,14,12,1,0,1,1011,790,0,221
2020-06-30,OKLAHOMA EASTERN,OKLAHOMA,TENTH CIRCUIT,114,108,0,0,6,3,3,0,0,0,111,105,0,6
2020-06-30,OKLAHOMA NORTHERN,OKLAHOMA,TENTH CIRCUIT,164,160,0,0,4,3,3,0,0,0,161,157,0,4
2020-06-30,OKLAHOMA WESTERN,OKLAHOMA,TENTH CIRCUIT,372,314,0,1,57,5,4,0,0,0,367,310,0,57
2020-06-30,OREGON,OREGON,NINTH CIRCUIT,519,427,1,4,87,14,6,1,0,3,505,421,0,84
2020-06-30,PENNSYLVANIA EASTERN,PENNSYLVANIA,THIRD CIRCUIT,375,240,3,1,131,13,8,3,0,1,362,232,0,130
2020-06-30,PENNSYLVANIA MIDDLE,PENNSYLVANIA,THIRD CIRCUIT,322,245,0,0,77,9,6,0,0,3,313,239,0,74
2020-06-30,PENNSYLVANIA WESTERN,PENNSYLVANIA,THIRD CIRCUIT,421,335,5,0,81,8,4,4,0,0,413,331,1,81
2020-06-30,PUERTO RICO,PUERTO RICO,FIRST CIRCUIT,525,276,4,0,245,6,3,2,0,1,519,273,2,244
2020-06-30,RHODE ISLAND,RHODE ISLAND,FIRST CIRCUIT,99,90,0,0,9,4,4,0,0,0,95,86,0,9
2020-06-30,SOUTH CAROLINA,SOUTH CAROLINA,FOURTH CIRCUIT,368,188,0,0,180,11,10,0,0,1,357,178,0,179
2020-06-30,SOUTH DAKOTA,SOUTH DAKOTA,EIGHTH CIRCUIT,68,65,0,0,3,1,1,0,0,0,67,64,0,3
2020-06-30,TENNESSEE EASTERN,TENNESSEE,SIXTH CIRCUIT,646,471,3,1,171,15,11,3,0,0,631,460,0,171
2020-06-30,TENNESSEE MIDDLE,TENNESSEE,SIXTH CIRCUIT,456,313,9,0,134,15,7,8,0,0,441,306,1,134
2020-06-30,TENNESSEE WESTERN,TENNESSEE,SIXTH CIRCUIT,507,197,1,0,309,9,5,1,0,3,498,192,0,306
2020-06-30,TEXAS EASTERN,TEXAS,FIFTH CIRCUIT,374,264,6,0,104,34,26,6,0,2,340,238,0,102
2020-06-30,TEXAS NORTHERN,TEXAS,FIFTH CIRCUIT,695,464,17,0,213,68,48,17,0,2,627,416,0,211
2020-06-30,TEXAS SOUTHERN,TEXAS,FIFTH CIRCUIT,621,324,122,0,173,154,30,121,0,1,467,294,1,172
2020-06-30,TEXAS WESTERN,TEXAS,FIFTH CIRCUIT,481,353,14,0,114,43,28,14,0,1,438,325,0,113
2020-06-30,UTAH,UTAH,TENTH CIRCUIT,693,496,2,0,195,10,7,2,0,1,683,489,0,194
2020-06-30,VERMONT,VERMONT,SECOND CIRCUIT,35,27,0,1,7,5,4,0,0,0,30,23,0,7
2020-06-30,VIRGIN ISLANDS,VIRGIN ISLANDS,THIRD CIRCUIT,0,0,0,0,0,0,0,0,0,0,0,0,0,0
2020-06-30,VIRGINIA EASTERN,VIRGINIA,FOURTH CIRCUIT,853,620,2,0,231,16,15,1,0,0,837,605,1,231
2020-06-30,VIRGINIA WESTERN,VIRGINIA,FOURTH CIRCUIT,270,208,3,1,58,7,3,3,0,0,263,205,0,58
2020-06-30,WASHINGTON EASTERN,WASHINGTON,NINTH CIRCUIT,195,158,0,0,37,3,3,0,0,0,192,155,0,37
2020-06-30,WASHINGTON WESTERN,WASHINGTON,NINTH CIRCUIT,504,419,5,0,80,15,9,5,0,1,489,410,0,79
2020-06-30,WEST VIRGINIA NORTHERN,WEST VIRGINIA,FOURTH CIRCUIT,66,63,0,0,3,0,0,0,0,0,66,63,0,3
2020-06-30,WEST VIRGINIA SOUTHERN,WEST VIRGINIA,FOURTH CIRCUIT,123,119,1,0,3,1,1,0,0,0,122,118,1,3
2020-06-30,WISCONSIN EASTERN,WISCONSIN,SEVENTH CIRCUIT,689,523,0,0,166,8,6,0,0,2,681,517,0,164
2020-06-30,WISCONSIN WESTERN,WISCONSIN,SEVENTH CIRCUIT,263,215,2,1,45,13,9,2,0,1,250,206,0,44
2020-06-30,WYOMING,WYOMING,TENTH CIRCUIT,68,66,0,0,2,5,5,0,0,0,63,61,0,2
2020-07-31,ALABAMA MIDDLE,ALABAMA,ELEVENTH CIRCUIT,428,120,2,2,304,8,3,2,0,1,420,117,0,303
2020-07-31,ALABAMA NORTHERN,ALABAMA,ELEVENTH CIRCUIT,715,438,13,0,264,19,5,13,0,1,696,433,0,263
2020-07-31,ALABAMA SOUTHERN,ALABAMA,ELEVENTH CIRCUIT,229,73,0,0,156,4,4,0,0,0,225,69,0,156
2020-07-31,ALASKA,ALASKA,NINTH CIRCUIT,29,26,0,0,3,0,0,0,0,0,29,26,0,3
2020-07-31,ARIZONA,ARIZONA,NINTH CIRCUIT,1197,1046,11,1,139,32,24,7,0,0,1165,1022,4,139
2020-07-31,ARKANSAS,ARKANSAS,EIGHTH CIRCUIT,572,329,3,3,237,19,11,1,0,4,553,318,2,233
2020-07-31,CALIFORNIA CENTRAL,CALIFORNIA,NINTH CIRCUIT,2493,2196,28,0,269,97,72,20,0,5,2396,2124,8,264
2020-07-31,CALIFORNIA EASTERN,CALIFORNIA,NINTH CIRCUIT,911,774,10,1,126,33,19,7,0,6,878,755,3,120
2020-07-31,CALIFORNIA NORTHERN,CALIFORNIA,NINTH CIRCUIT,516,380,16,1,119,24,14,9,0,0,492,366,7,119
2020-07-31,CALIFORNIA SOUTHERN,CALIFORNIA,NINTH CIRCUIT,564,513,2,0,49,29,24,2,0,3,535,489,0,46
2020-07-31,COLORADO,COLORADO,TENTH CIRCUIT,713,573,7,0,133,33,24,7,0,2,680,549,0,131
2020-07-31,CONNECTICUT,CONNECTICUT,SECOND CIRCUIT,316,291,0,0,25,6,5,0,0,1,310,286,0,24
2020-07-31,DELAWARE,DELAWARE,THIRD CIRCUIT,193,73,53,0,22,113,15,53,0,0,80,58,0,22
2020-07-31,DISTRICT OF COLUMBIA,DISTRICT OF COLUMBIA,DC CIRCUIT,37,33,3,0,1,6,3,3,0,0,31,30,0,1
2020-07-31,FLORIDA MIDDLE,FLORIDA,ELEVENTH CIRCUIT,1739,1454,20,1,263,78,55,17,0,4,1661,1399,3,259
2020-07-31,FLORIDA NORTHERN,FLORIDA,ELEVENTH CIRCUIT,151,137,3,1,10,11,7,3,0,0,140,130,0,10
2020-07-31,FLORIDA SOUTHERN,FLORIDA,ELEVENTH CIRCUIT,1214,863,19,0,332,46,27,17,0,2,1168,836,2,330
2020-07-31,GEORGIA MIDDLE,GEORGIA,ELEVENTH CIRCUIT,379,163,2,1,213,10,6,2,0,1,369,157,0,212
2020-07-31,GEORGIA NORTHERN,GEORGIA,ELEVENTH CIRCUIT,1306,800,10,0,496,39,27,10,0,2,1267,773,0,494
2020-07-31,GEORGIA SOUTHERN,GEORGIA,ELEVENTH CIRCUIT,249,69,2,0,178,7,5,1,0,1,242,64,1,177
2020-07-31,GUAM,GUAM,NINTH CIRCUIT,10,10,0,0,0,1,1,0,0,0,9,9,0,0
2020-07-31,HAWAII,HAWAII,NINTH CIRCUIT,146,112,0,0,34,8,5,0,0,3,138,107,0,31
2020-07-31,IDAHO,IDAHO,NINTH CIRCUIT,259,231,2,2,24,10,6,2,0,0,249,225,0,24
2020-07-31,ILLINOIS CENTRAL,ILLINOIS,SEVENTH CIRCUIT,284,240,1,1,42,3,1,1,0,0,281,239,0,42
2020-07-31,ILLINOIS NORTHERN,ILLINOIS,SEVENTH CIRCUIT,1960,1534,3,0,423,54,48,3,0,3,1906,1486,0,420
2020-07-31,ILLINOIS SOUTHERN,ILLINOIS,SEVENTH CIRCUIT,186,146,0,0,40,2,2,0,0,0,184,144,0,40
2020-07-31,INDIANA NORTHERN,INDIANA,SEVENTH CIRCUIT,635,529,0,0,106,6,6,0,0,0,629,523,0,106
2020-07-31,INDIANA SOUTHERN,INDIANA,SEVENTH CIRCUIT,905,690,4,0,211,10,6,4,0,0,895,684,0,211
2020-07-31,IOWA NORTHERN,IOWA,EIGHTH CIRCUIT,129,116,0,3,10,9,6,0,0,0,120,110,0,10
2020-07-31,IOWA SOUTHERN,IOWA,EIGHTH CIRCUIT,207,184,0,1,22,5,3,0,0,1,202,181,0,21
2020-07-31,KANSAS,KANSAS,TENTH CIRCUIT,384,246,1,5,132,13,6,1,0,1,371,240,0,131
2020-07-31,KENTUCKY EASTERN,KENTUCKY,SIXTH CIRCUIT,470,348,5,1,116,8,2,5,0,0,462,346,0,116
2020-07-31,KENTUCKY WESTERN,KENTUCKY,SIXTH CIRCUIT,470,302,4,0,164,9,5,4,0,0,461,297,0,164
2020-07-31,LOUISIANA EASTERN,LOUISIANA,FIFTH CIRCUIT,201,114,3,0,84,11,6,3,0,2,190,108,0,82
2020-07-31,LOUISIANA MIDDLE,LOUISIANA,FIFTH CIRCUIT,60,45,3,0,12,3,0,3,0,0,57,45,0,12
2020-07-31,LOUISIANA WESTERN,LOUISIANA,FIFTH CIRCUIT,318,115,1,0,202,11,10,1,0,0,307,105,0,202
2020-07-31,MAINE,MAINE,FIRST CIRCUIT,86,78,1,0,7,4,3,1,0,0,82,75,0,7
2020-07-31,MARYLAND,MARYLAND,FOURTH CIRCUIT,751,625,1,1,124,15,12,1,0,1,736,613,0,123
2020-07-31,MASSACHUSETTS,MASSACHUSETTS,FIRST CIRCUIT,347,276,8,0,63,22,16,6,0,0,325,260,2,63
2020-07-31,MICHIGAN EASTERN,MICHIGAN,SIXTH CIRCUIT,1400,1191,8,1,200,24,12,8,0,3,1376,1179,0,197
2020-07-31,MICHIGAN WESTERN,MICHIGAN,SIXTH CIRCUIT,311,270,0,0,41,8,8,0,0,0,303,262,0,41
2020-07-31,MINNESOTA,MINNESOTA,EIGHTH CIRCUIT,543,455,4,2,82,27,21,3,0,1,516,434,1,81
2020-07-31,MISSISSIPPI NORTHERN,MISSISSIPPI,FIFTH CIRCUIT,245,129,3,0,113,11,4,3,0,4,234,125,0,109
2020-07-31,MISSISSIPPI SOUTHERN,MISSISSIPPI,FIFTH CIRCUIT,398,288,3,0,107,15,10,3,0,2,383,278,0,105
2020-07-31,MISSOURI EASTERN,MISSOURI,EIGHTH CIRCUIT,602,442,6,0,154,9,2,6,0,1,593,440,0,153
2020-07-31,MISSOURI WESTERN,MISSOURI,EIGHTH CIRCUIT,425,303,1,0,121,7,5,1,0,1,418,298,0,120
2020-07-31,MONTANA,MONTANA,NINTH CIRCUIT,63,55,1,1,6,7,3,1,0,2,56,52,0,4
2020-07-31,NEBRASKA,NEBRASKA,EIGHTH CIRCUIT,269,220,0,2,47,10,8,0,0,0,259,212,0,47
2020-07-31,NEVADA,NEVADA,NINTH CIRCUIT,704,640,8,0,56,12,7,5,0,0,692,633,3,56
2020-07-31,NEW HAMPSHIRE,NEW HAMPSHIRE,FIRST CIRCUIT,77,71,0,0,6,3,3,0,0,0,74,68,0,6
2020-07-31,NEW JERSEY,NEW JERSEY,THIRD CIRCUIT,1115,861,26,1,227,64,37,25,0,1,1051,824,1,226
2020-07-31,NEW MEXICO,NEW MEXICO,TENTH CIRCUIT,222,193,2,1,26,11,7,2,0,1,211,186,0,25
2020-07-31,NEW YORK EASTERN,NEW YORK,SECOND CIRCUIT,559,502,16,0,41,27,12,15,0,0,532,490,1,41
2020-07-31,NEW YORK NORTHERN,NEW YORK,SECOND CIRCUIT,427,351,1,1,74,4,1,1,0,1,423,350,0,73
2020-07-31,NEW YORK SOUTHERN,NEW YORK,SECOND CIRCUIT,453,351,69,0,32,85,14,69,0,1,368,337,0,31
2020-07-31,NEW YORK WESTERN,NEW YORK,SECOND CIRCUIT,247,208,2,0,37,5,3,2,0,0,242,205,0,37
2020-07-31,NORTH CAROLINA EASTERN,NORTH CAROLINA,FOURTH CIRCUIT,336,165,4,0,167,18,9,4,0,5,318,156,0,162
2020-07-31,NORTH CAROLINA MIDDLE,NORTH CAROLINA,FOURTH CIRCUIT,210,100,0,0,110,9,8,0,0,1,201,92,0,109
2020-07-31,NORTH CAROLINA WESTERN,NORTH CAROLINA,FOURTH CIRCUIT,175,112,3,0,60,9,6,3,0,0,166,106,0,60
2020-07-31,NORTH DAKOTA,NORTH DAKOTA,EIGHTH CIRCUIT,48,41,0,0,7,0,0,0,0,0,48,41,0,7
2020-07-31,NORTHERN MARIANAS,NORTHERN MARIANA ISLANDS,NINTH CIRCUIT,0,0,0,0,0,0,0,0,0,0,0,0,0,0
2020-07-31,OHIO NORTHERN,OHIO,SIXTH CIRCUIT,1153,995,2,1,155,25,18,2,0,4,1128,977,0,151
2020-07-31,OHIO SOUTHERN,OHIO,SIXTH CIRCUIT,986,771,28,0,187,42,14,28,0,0,944,757,0,187
2020-07-31,OKLAHOMA EASTERN,OKLAHOMA,TENTH CIRCUIT,106,99,0,0,7,3,3,0,0,0,103,96,0,7
2020-07-31,OKLAHOMA NORTHERN,OKLAHOMA,TENTH CIRCUIT,170,154,1,0,15,5,4,1,0,0,165,150,0,15
2020-07-31,OKLAHOMA WESTERN,OKLAHOMA,TENTH CIRCUIT,371,311,1,6,53,20,12,1,0,1,351,299,0,52
2020-07-31,OREGON,OREGON,NINTH CIRCUIT,509,417,1,1,90,10,8,1,0,0,499,409,0,90
2020-07-31,PENNSYLVANIA EASTERN,PENNSYLVANIA,THIRD CIRCUIT,375,275,2,0,98,15,12,1,0,2,360,263,1,96
2020-07-31,PENNSYLVANIA MIDDLE,PENNSYLVANIA,THIRD CIRCUIT,321,232,8,0,81,16,8,8,0,0,305,224,0,81
2020-07-31,PENNSYLVANIA WESTERN,PENNSYLVANIA,THIRD CIRCUIT,573,345,6,0,222,30,20,5,0,5,543,325,1,217
2020-07-31,PUERTO RICO,PUERTO RICO,FIRST CIRCUIT,453,222,4,0,227,10,5,4,0,1,443,217,0,226
2020-07-31,RHODE ISLAND,RHODE ISLAND,FIRST CIRCUIT,129,114,0,0,15,4,4,0,0,0,125,110,0,15
2020-07-31,SOUTH CAROLINA,SOUTH CAROLINA,FOURTH CIRCUIT,385,180,3,3,199,12,6,2,0,1,373,174,1,198
2020-07-31,SOUTH DAKOTA,SOUTH DAKOTA,EIGHTH CIRCUIT,76,67,0,1,8,6,4,0,0,1,70,63,0,7
2020-07-31,TENNESSEE EASTERN,TENNESSEE,SIXTH CIRCUIT,592,381,3,0,208,12,7,3,0,2,580,374,0,206
2020-07-31,TENNESSEE MIDDLE,TENNESSEE,SIXTH CIRCUIT,438,273,9,0,156,16,7,7,0,2,422,266,2,154
2020-07-31,TENNESSEE WESTERN,TENNESSEE,SIXTH CIRCUIT,557,191,1,0,365,4,2,1,0,1,553,189,0,364
2020-07-31,TEXAS EASTERN,TEXAS,FIFTH CIRCUIT,338,214,6,0,118,28,22,6,0,0,310,192,0,118
2020-07-31,TEXAS NORTHERN,TEXAS,FIFTH CIRCUIT,671,432,27,0,212,65,36,27,0,2,606,396,0,210
2020-07-31,TEXAS SOUTHERN,TEXAS,FIFTH CIRCUIT,681,334,160,0,182,195,28,160,0,2,486,306,0,180
2020-07-31,TEXAS WESTERN,TEXAS,FIFTH CIRCUIT,496,369,7,0,120,42,33,7,0,2,454,336,0,118
2020-07-31,UTAH,UTAH,TENTH CIRCUIT,713,533,1,0,179,11,9,1,0,1,702,524,0,178
2020-07-31,VERMONT,VERMONT,SECOND CIRCUIT,30,24,0,3,3,5,2,0,0,0,25,22,0,3
2020-07-31,VIRGIN ISLANDS,VIRGIN ISLANDS,THIRD CIRCUIT,1,1,0,0,0,0,0,0,0,0,1,1,0,0
2020-07-31,VIRGINIA EASTERN,VIRGINIA,FOURTH CIRCUIT,1199,837,69,0,293,88,19,68,0,1,1111,818,1,292
2020-07-31,VIRGINIA WESTERN,VIRGINIA,FOURTH CIRCUIT,345,232,1,0,112,6,5,1,0,0,339,227,0,112
2020-07-31,WASHINGTON EASTERN,WASHINGTON,NINTH CIRCUIT,193,154,1,1,37,3,1,1,0,0,190,153,0,37
2020-07-31,WASHINGTON WESTERN,WASHINGTON,NINTH CIRCUIT,500,405,7,0,88,20,13,7,0,0,480,392,0,88
2020-07-31,WEST VIRGINIA NORTHERN,WEST VIRGINIA,FOURTH CIRCUIT,76,66,0,0,10,4,4,0,0,0,72,62,0,10
2020-07-31,WEST VIRGINIA SOUTHERN,WEST VIRGINIA,FOURTH CIRCUIT,128,112,3,0,13,5,2,3,0,0,123,110,0,13
2020-07-31,WISCONSIN EASTERN,WISCONSIN,SEVENTH CIRCUIT,772,550,2,8,212,20,8,2,0,2,752,542,0,210
2020-07-31,WISCONSIN WESTERN,WISCONSIN,SEVENTH CIRCUIT,283,231,2,3,47,14,5,2,0,4,269,226,0,43
2020-07-31,WYOMING,WYOMING,TENTH CIRCUIT,72,60,6,0,6,11,4,6,0,1,61,56,0,5
2020-08-31,ALABAMA MIDDLE,ALABAMA,ELEVENTH CIRCUIT,370,88,1,0,281,3,2,1,0,0,367,86,0,281
2020-08-31,ALABAMA NORTHERN,ALABAMA,ELEVENTH CIRCUIT,657,385,2,0,270,7,3,2,0,2,650,382,0,268
2020-08-31,ALABAMA SOUTHERN,ALABAMA,ELEVENTH CIRCUIT,228,79,3,0,146,6,3,3,0,0,222,76,0,146
2020-08-31,ALASKA,ALASKA,NINTH CIRCUIT,21,19,0,0,2,1,1,0,0,0,20,18,0,2
2020-08-31,ARIZONA,ARIZONA,NINTH CIRCUIT,1129,991,10,0,128,26,16,9,0,1,1103,975,1,127
2020-08-31,ARKANSAS,ARKANSAS,EIGHTH CIRCUIT,496,280,3,2,211,15,7,2,0,4,481,273,1,207
2020-08-31,CALIFORNIA CENTRAL,CALIFORNIA,NINTH CIRCUIT,2435,2147,44,1,243,113,74,33,0,5,2322,2073,11,238
2020-08-31,CALIFORNIA EASTERN,CALIFORNIA,NINTH CIRCUIT,877,737,7,0,133,31,21,6,0,4,846,716,1,129
2020-08-31,CALIFORNIA NORTHERN,CALIFORNIA,NINTH CIRCUIT,412,303,6,0,103,27,22,4,0,1,385,281,2,102
2020-08-31,CALIFORNIA SOUTHERN,CALIFORNIA,NINTH CIRCUIT,516,478,4,0,34,13,9,4,0,0,503,469,0,34
2020-08-31,COLORADO,COLORADO,TENTH CIRCUIT,699,581,5,0,113,26,18,5,0,3,673,563,0,110
2020-08-31,CONNECTICUT,CONNECTICUT,SECOND CIRCUIT,250,229,0,0,21,4,4,0,0,0,246,225,0,21
2020-08-31,DELAWARE,DELAWARE,THIRD CIRCUIT,155,68,57,0,30,63,6,57,0,0,92,62,0,30
2020-08-31,DISTRICT OF COLUMBIA,DISTRICT OF COLUMBIA,DC CIRCUIT,38,36,0,0,2,1,1,0,0,0,37,35,0,2
2020-08-31,FLORIDA MIDDLE,FLORIDA,ELEVENTH CIRCUIT,1715,1427,28,2,258,74,42,26,0,4,1641,1385,2,254
2020-08-31,FLORIDA NORTHERN,FLORIDA,ELEVENTH CIRCUIT,124,110,4,0,10,8,5,3,0,0,116,105,1,10
2020-08-31,FLORIDA SOUTHERN,FLORIDA,ELEVENTH CIRCUIT,1194,835,15,0,344,76,61,12,0,3,1118,774,3,341
2020-08-31,GEORGIA MIDDLE,GEORGIA,ELEVENTH CIRCUIT,364,139,1,1,223,7,5,1,0,0,357,134,0,223
2020-08-31,GEORGIA NORTHERN,GEORGIA,ELEVENTH CIRCUIT,1275,762,17,0,496,35,19,16,0,0,1240,743,1,496
2020-08-31,GEORGIA SOUTHERN,GEORGIA,ELEVENTH CIRCUIT,261,63,1,2,195,9,6,1,0,0,252,57,0,195
2020-08-31,GUAM,GUAM,NINTH CIRCUIT,0,0,0,0,0,0,0,0,0,0,0,0,0,0
2020-08-31,HAWAII,HAWAII,NINTH CIRCUIT,116,76,0,0,39,3,2,0,0,0,113,74,0,39
2020-08-31,IDAHO,IDAHO,NINTH CIRCUIT,205,188,1,1,15,5,3,1,0,0,200,185,0,15
2020-08-31,ILLINOIS CENTRAL,ILLINOIS,SEVENTH CIRCUIT,257,225,0,1,31,4,3,0,0,0,253,222,0,31
2020-08-31,ILLINOIS NORTHERN,ILLINOIS,SEVENTH CIRCUIT,1744,1339,8,0,397,46,35,8,0,3,1698,1304,0,394
2020-08-31,ILLINOIS SOUTHERN,ILLINOIS,SEVENTH CIRCUIT,173,113,0,2,58,4,2,0,0,0,169,111,0,58
2020-08-31,INDIANA NORTHERN,INDIANA,SEVENTH CIRCUIT,520,413,0,0,107,4,4,0,0,0,516,409,0,107
2020-08-31,INDIANA SOUTHERN,INDIANA,SEVENTH CIRCUIT,842,599,5,0,238,14,9,5,0,0,828,590,0,238
2020-08-31,IOWA NORTHERN,IOWA,EIGHTH CIRCUIT,77,71,0,0,6,5,5,0,0,0,72,66,0,6
2020-08-31,IOWA SOUTHERN,IOWA,EIGHTH CIRCUIT,183,166,0,0,17,4,4,0,0,0,179,162,0,17
2020-08-31,KANSAS,KANSAS,TENTH CIRCUIT,360,235,1,3,121,20,12,1,0,4,340,223,0,117
2020-08-31,KENTUCKY EASTERN,KENTUCKY,SIXTH CIRCUIT,442,322,2,0,118,9,7,2,0,0,433,315,0,118
2020-08-31,KENTUCKY WESTERN,KENTUCKY,SIXTH CIRCUIT,425,290,1,0,134,12,10,1,0,1,413,280,0,133
2020-08-31,LOUISIANA EASTERN,LOUISIANA,FIFTH CIRCUIT,165,78,7,0,80,12,5,7,0,0,153,73,0,80
2020-08-31,LOUISIANA MIDDLE,LOUISIANA,FIFTH CIRCUIT,71,55,1,0,15,4,3,1,0,0,67,52,0,15
2020-08-31,LOUISIANA WESTERN,LOUISIANA,FIFTH CIRCUIT,331,118,1,0,212,5,4,1,0,0,326,114,0,212
2020-08-31,MAINE,MAINE,FIRST CIRCUIT,75,64,1,0,10,5,3,1,0,1,70,61,0,9
2020-08-31,MARYLAND,MARYLAND,FOURTH CIRCUIT,828,673,11,0,144,34,22,11,0,1,794,651,0,143
2020-08-31,MASSACHUSETTS,MASSACHUSETTS,FIRST CIRCUIT,273,233,3,0,37,12,9,3,0,0,261,224,0,37
2020-08-31,MICHIGAN EASTERN,MICHIGAN,SIXTH CIRCUIT,1303,1090,5,0,208,13,10,3,0,0,1290,1080,2,208
2020-08-31,MICHIGAN WESTERN,MICHIGAN,SIXTH CIRCUIT,341,283,5,1,52,11,5,5,0,0,330,278,0,52
2020-08-31,MINNESOTA,MINNESOTA,EIGHTH CIRCUIT,477,385,3,4,85,23,13,3,0,3,454,372,0,82
2020-08-31,MISSISSIPPI NORTHERN,MISSISSIPPI,FIFTH CIRCUIT,239,132,2,0,105,18,10,2,0,6,221,122,0,99
2020-08-31,MISSISSIPPI SOUTHERN,MISSISSIPPI,FIFTH CIRCUIT,328,216,1,0,111,7,5,1,0,1,321,211,0,110
2020-08-31,MISSOURI EASTERN,MISSOURI,EIGHTH CIRCUIT,540,378,4,0,158,11,7,4,0,0,529,371,0,158
2020-08-31,MISSOURI WESTERN,MISSOURI,EIGHTH CIRCUIT,433,298,4,0,131,10,6,3,0,1,423,292,1,130
2020-08-31,MONTANA,MONTANA,NINTH CIRCUIT,70,57,0,1,12,4,2,0,0,1,66,55,0,11
2020-08-31,NEBRASKA,NEBRASKA,EIGHTH CIRCUIT,262,194,1,2,65,7,3,1,0,1,255,191,0,64
2020-08-31,NEVADA,NEVADA,NINTH CIRCUIT,687,613,9,0,65,21,13,6,0,2,666,600,3,63
2020-08-31,NEW HAMPSHIRE,NEW HAMPSHIRE,FIRST CIRCUIT,76,61,1,1,13,6,3,1,0,1,70,58,0,12
2020-08-31,NEW JERSEY,NEW JERSEY,THIRD CIRCUIT,1037,831,10,0,196,29,20,8,0,1,1008,811,2,195
2020-08-31,NEW MEXICO,NEW MEXICO,TENTH CIRCUIT,169,155,0,0,14,3,3,0,0,0,166,152,0,14
2020-08-31,NEW YORK EASTERN,NEW YORK,SECOND CIRCUIT,604,557,12,0,35,24,16,8,0,0,580,541,4,35
2020-08-31,NEW YORK NORTHERN,NEW YORK,SECOND CIRCUIT,313,260,2,0,51,11,9,2,0,0,302,251,0,51
2020-08-31,NEW YORK SOUTHERN,NEW YORK,SECOND CIRCUIT,456,374,47,0,28,75,21,47,0,0,381,353,0,28
2020-08-31,NEW YORK WESTERN,NEW YORK,SECOND CIRCUIT,222,195,1,0,26,10,9,1,0,0,212,186,0,26
2020-08-31,NORTH CAROLINA EASTERN,NORTH CAROLINA,FOURTH CIRCUIT,272,122,7,0,143,17,10,7,0,0,255,112,0,143
2020-08-31,NORTH CAROLINA MIDDLE,NORTH CAROLINA,FOURTH CIRCUIT,151,71,1,0,79,6,5,1,0,0,145,66,0,79
2020-08-31,NORTH CAROLINA WESTERN,NORTH CAROLINA,FOURTH CIRCUIT,168,101,6,0,61,16,9,6,0,1,152,92,0,60
2020-08-31,NORTH DAKOTA,NORTH DAKOTA,EIGHTH CIRCUIT,39,33,1,1,4,4,2,1,0,0,35,31,0,4
2020-08-31,NORTHERN MARIANAS,NORTHERN MARIANA ISLANDS,NINTH CIRCUIT,0,0,0,0,0,0,0,0,0,0,0,0,0,0
2020-08-31,OHIO NORTHERN,OHIO,SIXTH CIRCUIT,1112,979,3,0,130,16,12,3,0,1,1096,967,0,129
2020-08-31,OHIO SOUTHERN,OHIO,SIXTH CIRCUIT,874,681,2,3,188,23,17,2,0,1,851,664,0,187
2020-08-31,OKLAHOMA EASTERN,OKLAHOMA,TENTH CIRCUIT,105,100,0,1,4,3,1,0,0,1,102,99,0,3
2020-08-31,OKLAHOMA NORTHERN,OKLAHOMA,TENTH CIRCUIT,155,140,1,0,14,6,5,1,0,0,149,135,0,14
2020-08-31,OKLAHOMA WESTERN,OKLAHOMA,TENTH CIRCUIT,349,298,2,0,49,13,10,2,0,1,336,288,0,48
2020-08-31,OREGON,OREGON,NINTH CIRCUIT,462,397,2,0,63,9,6,2,0,1,453,391,0,62
2020-08-31,PENNSYLVANIA EASTERN,PENNSYLVANIA,THIRD CIRCUIT,323,227,4,0,92,18,11,4,0,3,305,216,0,89
2020-08-31,PENNSYLVANIA MIDDLE,PENNSYLVANIA,THIRD CIRCUIT,290,211,2,0,77,6,4,2,0,0,284,207,0,77
2020-08-31,PENNSYLVANIA WESTERN,PENNSYLVANIA,THIRD CIRCUIT,449,330,3,0,116,16,11,3,0,2,433,319,0,114
2020-08-31,PUERTO RICO,PUERTO RICO,FIRST CIRCUIT,436,219,8,1,208,9,1,6,0,1,427,218,2,207
2020-08-31,RHODE ISLAND,RHODE ISLAND,FIRST CIRCUIT,105,96,0,0,9,2,2,0,0,0,103,94,0,9
2020-08-31,SOUTH CAROLINA,SOUTH CAROLINA,FOURTH CIRCUIT,305,170,3,0,132,10,7,3,0,0,295,163,0,132
2020-08-31,SOUTH DAKOTA,SOUTH DAKOTA,EIGHTH CIRCUIT,83,78,0,0,5,7,7,0,0,0,76,71,0,5
2020-08-31,TENNESSEE EASTERN,TENNESSEE,SIXTH CIRCUIT,601,411,2,1,187,13,9,2,0,1,588,402,0,186
2020-08-31,TENNESSEE MIDDLE,TENNESSEE,SIXTH CIRCUIT,409,259,5,0,145,12,10,2,0,0,397,249,3,145
2020-08-31,TENNESSEE WESTERN,TENNESSEE,SIXTH CIRCUIT,565,175,1,0,389,3,2,1,0,0,562,173,0,389
2020-08-31,TEXAS EASTERN,TEXAS,FIFTH CIRCUIT,332,197,7,0,128,29,17,7,0,5,303,180,0,123
2020-08-31,TEXAS NORTHERN,TEXAS,FIFTH CIRCUIT,616,407,8,0,201,47,37,8,0,2,569,370,0,199
2020-08-31,TEXAS SOUTHERN,TEXAS,FIFTH CIRCUIT,605,299,162,0,144,194,29,161,0,4,411,270,1,140
2020-08-31,TEXAS WESTERN,TEXAS,FIFTH CIRCUIT,487,365,15,0,107,42,23,14,0,5,445,342,1,102
2020-08-31,UTAH,UTAH,TENTH CIRCUIT,628,410,1,0,217,9,5,1,0,3,619,405,0,214
2020-08-31,VERMONT,VERMONT,SECOND CIRCUIT,39,29,0,5,5,6,1,0,0,0,33,28,0,5
2020-08-31,VIRGIN ISLANDS,VIRGIN ISLANDS,THIRD CIRCUIT,0,0,0,0,0,0,0,0,0,0,0,0,0,0
2020-08-31,VIRGINIA EASTERN,VIRGINIA,FOURTH CIRCUIT,914,638,12,0,264,37,23,12,0,2,877,615,0,262
2020-08-31,VIRGINIA WESTERN,VIRGINIA,FOURTH CIRCUIT,249,168,5,0,76,7,2,4,0,1,242,166,1,75
2020-08-31,WASHINGTON EASTERN,WASHINGTON,NINTH CIRCUIT,153,126,0,0,27,5,5,0,0,0,148,121,0,27
2020-08-31,WASHINGTON WESTERN,WASHINGTON,NINTH CIRCUIT,452,361,4,1,86,14,9,3,0,1,438,352,1,85
2020-08-31,WEST VIRGINIA NORTHERN,WEST VIRGINIA,FOURTH CIRCUIT,72,64,0,0,8,0,0,0,0,0,72,64,0,8
2020-08-31,WEST VIRGINIA SOUTHERN,WEST VIRGINIA,FOURTH CIRCUIT,95,91,1,0,3,1,0,1,0,0,94,91,0,3
2020-08-31,WISCONSIN EASTERN,WISCONSIN,SEVENTH CIRCUIT,660,462,1,2,195,8,4,1,0,1,652,458,0,194
2020-08-31,WISCONSIN WESTERN,WISCONSIN,SEVENTH CIRCUIT,261,222,3,2,34,15,9,3,0,1,246,213,0,33
2020-08-31,WYOMING,WYOMING,TENTH CIRCUIT,81,76,1,0,4,2,1,1,0,0,79,75,0,4
2020-09-30,ALABAMA MIDDLE,ALABAMA,ELEVENTH CIRCUIT,359,92,4,0,263,9,4,4,0,1,350,88,0,262
2020-09-30,ALABAMA NORTHERN,ALABAMA,ELEVENTH CIRCUIT,718,398,8,1,311,15,6,8,0,0,703,392,0,311
2020-09-30,ALABAMA SOUTHERN,ALABAMA,ELEVENTH CIRCUIT,191,60,3,0,128,3,0,3,0,0,188,60,0,128
2020-09-30,ALASKA,ALASKA,NINTH CIRCUIT,26,22,0,0,4,2,2,0,0,0,24,20,0,4
2020-09-30,ARIZONA,ARIZONA,NINTH CIRCUIT,1152,1007,9,0,136,32,24,7,0,1,1120,983,2,135
2020-09-30,ARKANSAS,ARKANSAS,EIGHTH CIRCUIT,553,311,1,0,241,7,6,1,0,0,546,305,0,241
2020-09-30,CALIFORNIA CENTRAL,CALIFORNIA,NINTH CIRCUIT,2261,1999,34,1,227,122,91,25,0,5,2139,1908,9,222
2020-09-30,CALIFORNIA EASTERN,CALIFORNIA,NINTH CIRCUIT,825,720,5,0,100,28,23,3,0,2,797,697,2,98
2020-09-30,CALIFORNIA NORTHERN,CALIFORNIA,NINTH CIRCUIT,488,347,22,0,119,51,29,19,0,3,437,318,3,116
2020-09-30,CALIFORNIA SOUTHERN,CALIFORNIA,NINTH CIRCUIT,525,477,6,0,42,21,16,4,0,1,504,461,2,41
2020-09-30,COLORADO,COLORADO,TENTH CIRCUIT,697,555,11,1,130,32,19,11,0,1,665,536,0,129
2020-09-30,CONNECTICUT,CONNECTICUT,SECOND CIRCUIT,293,264,1,0,28,4,3,1,0,0,289,261,0,28
2020-09-30,DELAWARE,DELAWARE,THIRD CIRCUIT,386,73,274,0,29,295,11,274,0,0,91,62,0,29
2020-09-30,DISTRICT OF COLUMBIA,DISTRICT OF COLUMBIA,DC CIRCUIT,47,37,5,0,5,5,0,5,0,0,42,37,0,5
2020-09-30,FLORIDA MIDDLE,FLORIDA,ELEVENTH CIRCUIT,1732,1415,24,2,291,86,58,21,0,5,1646,1357,3,286
2020-09-30,FLORIDA NORTHERN,FLORIDA,ELEVENTH CIRCUIT,112,94,2,0,16,5,4,1,0,0,107,90,1,16
2020-09-30,FLORIDA SOUTHERN,FLORIDA,ELEVENTH CIRCUIT,1217,812,32,0,370,67,34,29,0,1,1150,778,3,369
2020-09-30,GEORGIA MIDDLE,GEORGIA,ELEVENTH CIRCUIT,383,159,1,0,223,5,3,1,0,1,378,156,0,222
2020-09-30,GEORGIA NORTHERN,GEORGIA,ELEVENTH CIRCUIT,1290,822,1,0,467,32,28,1,0,3,1258,794,0,464
2020-09-30,GEORGIA SOUTHERN,GEORGIA,ELEVENTH CIRCUIT,303,73,0,0,230,6,4,0,0,2,297,69,0,228
2020-09-30,GUAM,GUAM,NINTH CIRCUIT,5,5,0,0,0,0,0,0,0,0,5,5,0,0
2020-09-30,HAWAII,HAWAII,NINTH CIRCUIT,132,103,1,0,28,6,5,1,0,0,126,98,0,28
2020-09-30,IDAHO,IDAHO,NINTH CIRCUIT,214,195,5,0,14,7,3,4,0,0,207,192,1,14
2020-09-30,ILLINOIS CENTRAL,ILLINOIS,SEVENTH CIRCUIT,282,248,0,1,33,4,3,0,0,0,278,245,0,33
2020-09-30,ILLINOIS NORTHERN,ILLINOIS,SEVENTH CIRCUIT,1752,1267,9,0,476,51,38,8,0,5,1701,1229,1,471
2020-09-30,ILLINOIS SOUTHERN,ILLINOIS,SEVENTH CIRCUIT,192,145,0,0,47,6,4,0,0,2,186,141,0,45
2020-09-30,INDIANA NORTHERN,INDIANA,SEVENTH CIRCUIT,607,470,1,0,136,5,3,1,0,1,602,467,0,135
2020-09-30,INDIANA SOUTHERN,INDIANA,SEVENTH CIRCUIT,857,633,2,1,221,12,8,2,0,1,845,625,0,220
2020-09-30,IOWA NORTHERN,IOWA,EIGHTH CIRCUIT,118,107,1,1,9,11,9,1,0,0,107,98,0,9
2020-09-30,IOWA SOUTHERN,IOWA,EIGHTH CIRCUIT,162,144,0,4,14,7,3,0,0,0,155,141,0,14
2020-09-30,KANSAS,KANSAS,TENTH CIRCUIT,346,204,2,0,140,7,5,2,0,0,339,199,0,140
2020-09-30,KENTUCKY EASTERN,KENTUCKY,SIXTH CIRCUIT,397,283,1,1,112,6,4,1,0,0,391,279,0,112
2020-09-30,KENTUCKY WESTERN,KENTUCKY,SIXTH CIRCUIT,408,233,2,0,173,1,0,1,0,0,407,233,1,173
2020-09-30,LOUISIANA EASTERN,LOUISIANA,FIFTH CIRCUIT,178,94,2,0,82,11,8,2,0,1,167,86,0,81
2020-09-30,LOUISIANA MIDDLE,LOUISIANA,FIFTH CIRCUIT,81,58,3,0,20,9,6,3,0,0,72,52,0,20
2020-09-30,LOUISIANA WESTERN,LOUISIANA,FIFTH CIRCUIT,350,97,3,0,250,9,4,3,0,2,341,93,0,248
2020-09-30,MAINE,MAINE,FIRST CIRCUIT,74,60,1,0,13,7,5,0,0,2,67,55,1,11
2020-09-30,MARYLAND,MARYLAND,FOURTH CIRCUIT,886,669,10,1,206,23,11,10,0,1,863,658,0,205
2020-09-30,MASSACHUSETTS,MASSACHUSETTS,FIRST CIRCUIT,341,286,9,0,46,22,13,9,0,0,319,273,0,46
2020-09-30,MICHIGAN EASTERN,MICHIGAN,SIXTH CIRCUIT,1284,1063,0,2,219,13,11,0,0,0,1271,1052,0,219
2020-09-30,MICHIGAN WESTERN,MICHIGAN,SIXTH CIRCUIT,271,226,2,1,42,10,6,2,0,1,261,220,0,41
2020-09-30,MINNESOTA,MINNESOTA,EIGHTH CIRCUIT,519,442,2,1,74,13,9,2,0,1,506,433,0,73
2020-09-30,MISSISSIPPI NORTHERN,MISSISSIPPI,FIFTH CIRCUIT,210,108,0,1,101,5,3,0,0,1,205,105,0,100
2020-09-30,MISSISSIPPI SOUTHERN,MISSISSIPPI,FIFTH CIRCUIT,340,219,1,0,120,14,13,1,0,0,326,206,0,120
2020-09-30,MISSOURI EASTERN,MISSOURI,EIGHTH CIRCUIT,514,379,3,0,132,14,9,3,0,2,500,370,0,130
2020-09-30,MISSOURI WESTERN,MISSOURI,EIGHTH CIRCUIT,355,236,3,1,115,7,3,3,0,0,348,233,0,115
2020-09-30,MONTANA,MONTANA,NINTH CIRCUIT,58,53,0,0,5,3,3,0,0,0,55,50,0,5
2020-09-30,NEBRASKA,NEBRASKA,EIGHTH CIRCUIT,266,193,2,5,66,10,3,2,0,0,256,190,0,66
2020-09-30,NEVADA,NEVADA,NINTH CIRCUIT,691,635,8,0,48,19,15,4,0,0,672,620,4,48
2020-09-30,NEW HAMPSHIRE,NEW HAMPSHIRE,FIRST CIRCUIT,72,58,1,1,12,5,2,1,0,1,67,56,0,11
2020-09-30,NEW JERSEY,NEW JERSEY,THIRD CIRCUIT,1043,814,9,0,220,43,32,8,0,3,1000,782,1,217
2020-09-30,NEW MEXICO,NEW MEXICO,TENTH CIRCUIT,184,165,2,1,16,5,2,2,0,0,179,163,0,16
2020-09-30,NEW YORK EASTERN,NEW YORK,SECOND CIRCUIT,578,531,14,0,33,32,21,10,0,1,546,510,4,32
2020-09-30,NEW YORK NORTHERN,NEW YORK,SECOND CIRCUIT,316,243,0,1,72,3,2,0,0,0,313,241,0,72
2020-09-30,NEW YORK SOUTHERN,NEW YORK,SECOND CIRCUIT,502,375,82,0,39,117,28,82,0,1,385,347,0,38
2020-09-30,NEW YORK WESTERN,NEW YORK,SECOND CIRCUIT,188,154,1,0,33,7,6,1,0,0,181,148,0,33
2020-09-30,NORTH CAROLINA EASTERN,NORTH CAROLINA,FOURTH CIRCUIT,300,136,6,0,158,16,11,5,0,0,284,125,1,158
2020-09-30,NORTH CAROLINA MIDDLE,NORTH CAROLINA,FOURTH CIRCUIT,190,79,4,0,107,8,5,3,0,0,182,74,1,107
2020-09-30,NORTH CAROLINA WESTERN,NORTH CAROLINA,FOURTH CIRCUIT,147,91,2,0,54,11,9,2,0,0,136,82,0,54
2020-09-30,NORTH DAKOTA,NORTH DAKOTA,EIGHTH CIRCUIT,59,54,0,0,5,5,4,0,0,1,54,50,0,4
2020-09-30,NORTHERN MARIANAS,NORTHERN MARIANA ISLANDS,NINTH CIRCUIT,0,0,0,0,0,0,0,0,0,0,0,0,0,0
2020-09-30,OHIO NORTHERN,OHIO,SIXTH CIRCUIT,1063,939,1,0,123,16,14,1,0,1,1047,925,0,122
2020-09-30,OHIO SOUTHERN,OHIO,SIXTH CIRCUIT,912,699,1,1,211,11,7,1,0,2,901,692,0,209
2020-09-30,OKLAHOMA EASTERN,OKLAHOMA,TENTH CIRCUIT,105,98,1,0,6,0,0,0,0,0,105,98,1,6
2020-09-30,OKLAHOMA NORTHERN,OKLAHOMA,TENTH CIRCUIT,156,150,0,0,6,4,4,0,0,0,152,146,0,6
2020-09-30,OKLAHOMA WESTERN,OKLAHOMA,TENTH CIRCUIT,356,294,0,0,62,9,8,0,0,1,347,286,0,61
2020-09-30,OREGON,OREGON,NINTH CIRCUIT,469,380,3,0,86,11,8,3,0,0,458,372,0,86
2020-09-30,PENNSYLVANIA EASTERN,PENNSYLVANIA,THIRD CIRCUIT,412,239,14,0,159,28,13,13,0,2,384,226,1,157
2020-09-30,PENNSYLVANIA MIDDLE,PENNSYLVANIA,THIRD CIRCUIT,322,198,1,0,123,14,9,1,0,4,308,189,0,119
2020-09-30,PENNSYLVANIA WESTERN,PENNSYLVANIA,THIRD CIRCUIT,434,292,7,0,135,14,4,6,0,4,420,288,1,131
2020-09-30,PUERTO RICO,PUERTO RICO,FIRST CIRCUIT,451,206,4,0,241,9,5,4,0,0,442,201,0,241
2020-09-30,RHODE ISLAND,RHODE ISLAND,FIRST CIRCUIT,102,88,0,0,14,3,3,0,0,0,99,85,0,14
2020-09-30,SOUTH CAROLINA,SOUTH CAROLINA,FOURTH CIRCUIT,290,156,1,0,133,9,9,0,0,0,281,147,1,133
2020-09-30,SOUTH DAKOTA,SOUTH DAKOTA,EIGHTH CIRCUIT,70,61,0,5,4,9,4,0,0,0,61,57,0,4
2020-09-30,TENNESSEE EASTERN,TENNESSEE,SIXTH CIRCUIT,672,436,1,0,235,7,6,1,0,0,665,430,0,235
2020-09-30,TENNESSEE MIDDLE,TENNESSEE,SIXTH CIRCUIT,427,255,2,0,170,9,9,0,0,0,418,246,2,170
2020-09-30,TENNESSEE WESTERN,TENNESSEE,SIXTH CIRCUIT,602,200,3,0,399,4,1,3,0,0,598,199,0,399
2020-09-30,TEXAS EASTERN,TEXAS,FIFTH CIRCUIT,318,200,4,0,114,19,16,3,0,0,299,184,1,114
2020-09-30,TEXAS NORTHERN,TEXAS,FIFTH CIRCUIT,621,391,12,5,213,60,38,12,0,5,561,353,0,208
2020-09-30,TEXAS SOUTHERN,TEXAS,FIFTH CIRCUIT,565,285,133,0,144,167,28,133,0,3,398,257,0,141
2020-09-30,TEXAS WESTERN,TEXAS,FIFTH CIRCUIT,367,296,7,0,64,29,23,6,0,0,338,273,1,64
2020-09-30,UTAH,UTAH,TENTH CIRCUIT,632,447,1,1,183,14,10,1,0,2,618,437,0,181
2020-09-30,VERMONT,VERMONT,SECOND CIRCUIT,30,22,1,4,3,5,0,1,0,0,25,22,0,3
2020-09-30,VIRGIN ISLANDS,VIRGIN ISLANDS,THIRD CIRCUIT,1,1,0,0,0,1,1,0,0,0,0,0,0,0
2020-09-30,VIRGINIA EASTERN,VIRGINIA,FOURTH CIRCUIT,872,589,12,0,271,25,13,12,0,0,847,576,0,271
2020-09-30,VIRGINIA WESTERN,VIRGINIA,FOURTH CIRCUIT,249,165,0,0,84,6,6,0,0,0,243,159,0,84
2020-09-30,WASHINGTON EASTERN,WASHINGTON,NINTH CIRCUIT,165,135,1,0,29,6,5,1,0,0,159,130,0,29
2020-09-30,WASHINGTON WESTERN,WASHINGTON,NINTH CIRCUIT,440,362,3,0,75,19,14,3,0,2,421,348,0,73
2020-09-30,WEST VIRGINIA NORTHERN,WEST VIRGINIA,FOURTH CIRCUIT,78,73,1,0,4,1,0,1,0,0,77,73,0,4
2020-09-30,WEST VIRGINIA SOUTHERN,WEST VIRGINIA,FOURTH CIRCUIT,84,75,3,0,6,10,7,3,0,0,74,68,0,6
2020-09-30,WISCONSIN EASTERN,WISCONSIN,SEVENTH CIRCUIT,586,421,1,1,163,9,7,1,0,0,577,414,0,163
2020-09-30,WISCONSIN WESTERN,WISCONSIN,SEVENTH CIRCUIT,248,201,0,4,43,11,5,0,0,2,237,196,0,41
2020-09-30,WYOMING,WYOMING,TENTH CIRCUIT,80,77,2,0,1,6,4,2,0,0,74,73,0,1
2020-10-31,ALABAMA MIDDLE,ALABAMA,ELEVENTH CIRCUIT,467,97,1,0,369,7,6,0,0,1,460,91,1,368
2020-10-31,ALABAMA NORTHERN,ALABAMA,ELEVENTH CIRCUIT,686,338,6,0,342,19,12,6,0,1,667,326,0,341
2020-10-31,ALABAMA SOUTHERN,ALABAMA,ELEVENTH CIRCUIT,260,101,1,0,158,3,2,1,0,0,257,99,0,158
2020-10-31,ALASKA,ALASKA,NINTH CIRCUIT,19,16,0,0,3,1,1,0,0,0,18,15,0,3
2020-10-31,ARIZONA,ARIZONA,NINTH CIRCUIT,1060,929,8,0,123,24,17,6,0,1,1036,912,2,122
2020-10-31,ARKANSAS,ARKANSAS,EIGHTH CIRCUIT,528,278,2,1,247,19,16,2,0,0,509,262,0,247
2020-10-31,CALIFORNIA CENTRAL,CALIFORNIA,NINTH CIRCUIT,2285,2048,26,0,211,103,80,20,0,3,2182,1968,6,208
2020-10-31,CALIFORNIA EASTERN,CALIFORNIA,NINTH CIRCUIT,806,667,3,3,133,33,23,3,0,4,773,644,0,129
2020-10-31,CALIFORNIA NORTHERN,CALIFORNIA,NINTH CIRCUIT,407,300,11,0,96,38,30,7,0,1,369,270,4,95
2020-10-31,CALIFORNIA SOUTHERN,CALIFORNIA,NINTH CIRCUIT,493,447,1,1,44,16,14,1,0,0,477,433,0,44
2020-10-31,COLORADO,COLORADO,TENTH CIRCUIT,673,541,10,3,119,36,23,10,0,0,637,518,0,119
2020-10-31,CONNECTICUT,CONNECTICUT,SECOND CIRCUIT,322,278,2,0,42,10,8,1,0,1,312,270,1,41
2020-10-31,DELAWARE,DELAWARE,THIRD CIRCUIT,294,76,182,0,30,193,6,181,0,0,101,70,1,30
2020-10-31,DISTRICT OF COLUMBIA,DISTRICT OF COLUMBIA,DC CIRCUIT,35,27,2,0,6,2,0,1,0,1,33,27,1,5
2020-10-31,FLORIDA MIDDLE,FLORIDA,ELEVENTH CIRCUIT,1706,1386,27,0,292,82,47,26,0,8,1624,1339,1,284
2020-10-31,FLORIDA NORTHERN,FLORIDA,ELEVENTH CIRCUIT,151,129,3,0,19,6,3,3,0,0,145,126,0,19
2020-10-31,FLORIDA SOUTHERN,FLORIDA,ELEVENTH CIRCUIT,1343,876,30,0,437,58,27,27,0,4,1285,849,3,433
2020-10-31,GEORGIA MIDDLE,GEORGIA,ELEVENTH CIRCUIT,409,162,1,2,244,6,2,1,0,1,403,160,0,243
2020-10-31,GEORGIA NORTHERN,GEORGIA,ELEVENTH CIRCUIT,1363,809,14,1,539,44,29,14,0,0,1319,780,0,539
2020-10-31,GEORGIA SOUTHERN,GEORGIA,ELEVENTH CIRCUIT,321,83,1,0,237,1,1,0,0,0,320,82,1,237
2020-10-31,GUAM,GUAM,NINTH CIRCUIT,15,12,0,0,3,1,1,0,0,0,14,11,0,3
2020-10-31,HAWAII,HAWAII,NINTH CIRCUIT,128,95,0,0,33,4,2,0,0,2,124,93,0,31
2020-10-31,IDAHO,IDAHO,NINTH CIRCUIT,210,195,3,0,12,5,3,2,0,0,205,192,1,12
2020-10-31,ILLINOIS CENTRAL,ILLINOIS,SEVENTH CIRCUIT,274,235,2,1,36,8,5,2,0,0,266,230,0,36
2020-10-31,ILLINOIS NORTHERN,ILLINOIS,SEVENTH CIRCUIT,1769,1265,8,0,495,62,51,8,0,2,1707,1214,0,493
2020-10-31,ILLINOIS SOUTHERN,ILLINOIS,SEVENTH CIRCUIT,158,114,1,0,43,2,1,1,0,0,156,113,0,43
2020-10-31,INDIANA NORTHERN,INDIANA,SEVENTH CIRCUIT,579,435,0,0,144,7,6,0,0,1,572,429,0,143
2020-10-31,INDIANA SOUTHERN,INDIANA,SEVENTH CIRCUIT,862,582,1,0,279,19,15,1,0,3,843,567,0,276
2020-10-31,IOWA NORTHERN,IOWA,EIGHTH CIRCUIT,92,87,0,2,3,4,2,0,0,0,88,85,0,3
2020-10-31,IOWA SOUTHERN,IOWA,EIGHTH CIRCUIT,168,151,1,0,16,10,9,1,0,0,158,142,0,16
2020-10-31,KANSAS,KANSAS,TENTH CIRCUIT,399,253,2,3,141,12,6,2,0,1,387,247,0,140
2020-10-31,KENTUCKY EASTERN,KENTUCKY,SIXTH CIRCUIT,414,314,0,0,100,2,1,0,0,1,412,313,0,99
2020-10-31,KENTUCKY WESTERN,KENTUCKY,SIXTH CIRCUIT,410,241,1,1,167,7,5,1,0,0,403,236,0,167
2020-10-31,LOUISIANA EASTERN,LOUISIANA,FIFTH CIRCUIT,155,81,2,0,72,10,5,2,0,3,145,76,0,69
2020-10-31,LOUISIANA MIDDLE,LOUISIANA,FIFTH CIRCUIT,51,41,1,0,9,3,1,1,0,1,48,40,0,8
2020-10-31,LOUISIANA WESTERN,LOUISIANA,FIFTH CIRCUIT,290,86,2,0,202,7,5,2,0,0,283,81,0,202
2020-10-31,MAINE,MAINE,FIRST CIRCUIT,68,57,2,0,9,6,3,2,0,1,62,54,0,8
2020-10-31,MARYLAND,MARYLAND,FOURTH CIRCUIT,856,679,10,0,167,20,8,10,0,2,836,671,0,165
2020-10-31,MASSACHUSETTS,MASSACHUSETTS,FIRST CIRCUIT,293,245,6,0,42,27,23,3,0,1,266,222,3,41
2020-10-31,MICHIGAN EASTERN,MICHIGAN,SIXTH CIRCUIT,1288,1044,3,0,241,16,12,3,0,1,1272,1032,0,240
2020-10-31,MICHIGAN WESTERN,MICHIGAN,SIXTH CIRCUIT,303,252,4,0,47,13,8,4,0,1,290,244,0,46
2020-10-31,MINNESOTA,MINNESOTA,EIGHTH CIRCUIT,561,468,5,2,79,32,18,5,0,0,529,450,0,79
2020-10-31,MISSISSIPPI NORTHERN,MISSISSIPPI,FIFTH CIRCUIT,237,116,1,0,120,6,3,1,0,2,231,113,0,118
2020-10-31,MISSISSIPPI SOUTHERN,MISSISSIPPI,FIFTH CIRCUIT,326,208,2,0,116,8,6,2,0,0,318,202,0,116
2020-10-31,MISSOURI EASTERN,MISSOURI,EIGHTH CIRCUIT,573,403,1,1,168,10,6,1,0,2,563,397,0,166
2020-10-31,MISSOURI WESTERN,MISSOURI,EIGHTH CIRCUIT,403,284,4,1,114,15,9,4,0,1,388,275,0,113
2020-10-31,MONTANA,MONTANA,NINTH CIRCUIT,103,86,0,8,9,12,4,0,0,0,91,82,0,9
2020-10-31,NEBRASKA,NEBRASKA,EIGHTH CIRCUIT,255,193,1,6,55,15,8,1,0,0,240,185,0,55
2020-10-31,NEVADA,NEVADA,NINTH CIRCUIT,718,653,1,0,64,19,16,1,0,2,699,637,0,62
2020-10-31,NEW HAMPSHIRE,NEW HAMPSHIRE,FIRST CIRCUIT,68,58,2,0,8,2,0,2,0,0,66,58,0,8
2020-10-31,NEW JERSEY,NEW JERSEY,THIRD CIRCUIT,1159,892,17,0,250,43,26,16,0,1,1116,866,1,249
2020-10-31,NEW MEXICO,NEW MEXICO,TENTH CIRCUIT,200,181,0,0,19,5,5,0,0,0,195,176,0,19
2020-10-31,NEW YORK EASTERN,NEW YORK,SECOND CIRCUIT,599,540,20,0,39,39,21,18,0,0,560,519,2,39
2020-10-31,NEW YORK NORTHERN,NEW YORK,SECOND CIRCUIT,325,276,0,0,49,7,7,0,0,0,318,269,0,49
2020-10-31,NEW YORK SOUTHERN,NEW YORK,SECOND CIRCUIT,405,347,17,0,40,30,15,14,0,0,375,332,3,40
2020-10-31,NEW YORK WESTERN,NEW YORK,SECOND CIRCUIT,199,165,1,0,33,10,7,0,0,3,189,158,1,30
2020-10-31,NORTH CAROLINA EASTERN,NORTH CAROLINA,FOURTH CIRCUIT,260,110,2,0,148,11,6,2,0,3,249,104,0,145
2020-10-31,NORTH CAROLINA MIDDLE,NORTH CAROLINA,FOURTH CIRCUIT,172,72,0,0,100,7,7,0,0,0,165,65,0,100
2020-10-31,NORTH CAROLINA WESTERN,NORTH CAROLINA,FOURTH CIRCUIT,164,95,1,0,68,7,5,1,0,1,157,90,0,67
2020-10-31,NORTH DAKOTA,NORTH DAKOTA,EIGHTH CIRCUIT,44,41,0,1,2,2,1,0,0,0,42,40,0,2
2020-10-31,NORTHERN MARIANAS,NORTHERN MARIANA ISLANDS,NINTH CIRCUIT,0,0,0,0,0,0,0,0,0,0,0,0,0,0
2020-10-31,OHIO NORTHERN,OHIO,SIXTH CIRCUIT,1093,936,8,1,148,27,14,8,0,4,1066,922,0,144
2020-10-31,OHIO SOUTHERN,OHIO,SIXTH CIRCUIT,956,745,0,0,211,13,12,0,0,1,943,733,0,210
2020-10-31,OKLAHOMA EASTERN,OKLAHOMA,TENTH CIRCUIT,94,82,1,0,11,2,0,1,0,1,92,82,0,10
2020-10-31,OKLAHOMA NORTHERN,OKLAHOMA,TENTH CIRCUIT,159,149,0,0,10,7,7,0,0,0,152,142,0,10
2020-10-31,OKLAHOMA WESTERN,OKLAHOMA,TENTH CIRCUIT,285,238,4,1,42,11,6,4,0,0,274,232,0,42
2020-10-31,OREGON,OREGON,NINTH CIRCUIT,503,401,3,0,99,14,9,3,0,2,489,392,0,97
2020-10-31,PENNSYLVANIA EASTERN,PENNSYLVANIA,THIRD CIRCUIT,397,256,2,1,138,16,12,2,0,1,381,244,0,137
2020-10-31,PENNSYLVANIA MIDDLE,PENNSYLVANIA,THIRD CIRCUIT,299,214,2,0,83,12,9,2,0,1,287,205,0,82
2020-10-31,PENNSYLVANIA WESTERN,PENNSYLVANIA,THIRD CIRCUIT,400,299,4,0,97,14,9,4,0,1,386,290,0,96
2020-10-31,PUERTO RICO,PUERTO RICO,FIRST CIRCUIT,430,196,1,2,231,11,9,0,0,0,419,187,1,231
2020-10-31,RHODE ISLAND,RHODE ISLAND,FIRST CIRCUIT,132,118,0,0,14,3,2,0,0,1,129,116,0,13
2020-10-31,SOUTH CAROLINA,SOUTH CAROLINA,FOURTH CIRCUIT,365,164,2,2,197,9,5,2,0,0,356,159,0,197
2020-10-31,SOUTH DAKOTA,SOUTH DAKOTA,EIGHTH CIRCUIT,65,57,0,3,5,6,2,0,0,1,59,55,0,4
2020-10-31,TENNESSEE EASTERN,TENNESSEE,SIXTH CIRCUIT,620,364,3,0,253,7,5,2,0,0,613,359,1,253
2020-10-31,TENNESSEE MIDDLE,TENNESSEE,SIXTH CIRCUIT,488,277,6,0,205,12,6,4,0,2,476,271,2,203
2020-10-31,TENNESSEE WESTERN,TENNESSEE,SIXTH CIRCUIT,566,175,3,0,388,8,4,3,0,1,558,171,0,387
2020-10-31,TEXAS EASTERN,TEXAS,FIFTH CIRCUIT,304,177,3,0,124,12,10,2,0,0,292,167,1,124
2020-10-31,TEXAS NORTHERN,TEXAS,FIFTH CIRCUIT,690,399,79,0,212,122,42,79,0,1,568,357,0,211
2020-10-31,TEXAS SOUTHERN,TEXAS,FIFTH CIRCUIT,525,309,46,0,167,80,25,46,0,6,445,284,0,161
2020-10-31,TEXAS WESTERN,TEXAS,FIFTH CIRCUIT,436,325,17,0,94,46,30,16,0,0,390,295,1,94
2020-10-31,UTAH,UTAH,TENTH CIRCUIT,575,389,3,0,183,10,6,3,0,1,565,383,0,182
2020-10-31,VERMONT,VERMONT,SECOND CIRCUIT,30,26,0,0,4,3,0,0,0,3,27,26,0,1
2020-10-31,VIRGIN ISLANDS,VIRGIN ISLANDS,THIRD CIRCUIT,0,0,0,0,0,0,0,0,0,0,0,0,0,0
2020-10-31,VIRGINIA EASTERN,VIRGINIA,FOURTH CIRCUIT,957,656,4,0,297,24,20,4,0,0,933,636,0,297
2020-10-31,VIRGINIA WESTERN,VIRGINIA,FOURTH CIRCUIT,280,197,0,0,83,5,4,0,0,1,275,193,0,82
2020-10-31,WASHINGTON EASTERN,WASHINGTON,NINTH CIRCUIT,140,116,0,0,24,1,1,0,0,0,139,115,0,24
2020-10-31,WASHINGTON WESTERN,WASHINGTON,NINTH CIRCUIT,472,371,6,0,95,20,13,5,0,2,452,358,1,93
2020-10-31,WEST VIRGINIA NORTHERN,WEST VIRGINIA,FOURTH CIRCUIT,62,52,0,0,10,1,1,0,0,0,61,51,0,10
2020-10-31,WEST VIRGINIA SOUTHERN,WEST VIRGINIA,FOURTH CIRCUIT,98,90,1,0,7,4,3,1,0,0,94,87,0,7
2020-10-31,WISCONSIN EASTERN,WISCONSIN,SEVENTH CIRCUIT,638,461,0,2,175,15,11,0,0,2,623,450,0,173
2020-10-31,WISCONSIN WESTERN,WISCONSIN,SEVENTH CIRCUIT,247,206,1,3,37,13,8,1,0,1,234,198,0,36
2020-10-31,WYOMING,WYOMING,TENTH CIRCUIT,51,50,0,0,1,2,2,0,0,0,49,48,0,1
2020-11-30,ALABAMA MIDDLE,ALABAMA,ELEVENTH CIRCUIT,383,78,4,0,301,7,2,4,0,1,376,76,0,300
2020-11-30,ALABAMA NORTHERN,ALABAMA,ELEVENTH CIRCUIT,608,323,0,0,285,7,7,0,0,0,601,316,0,285
2020-11-30,ALABAMA SOUTHERN,ALABAMA,ELEVENTH CIRCUIT,210,66,2,0,142,1,0,1,0,0,209,66,1,142
2020-11-30,ALASKA,ALASKA,NINTH CIRCUIT,20,17,0,0,3,2,2,0,0,0,18,15,0,3
2020-11-30,ARIZONA,ARIZONA,NINTH CIRCUIT,928,792,8,0,128,17,11,6,0,0,911,781,2,128
2020-11-30,ARKANSAS,ARKANSAS,EIGHTH CIRCUIT,480,257,2,2,219,19,11,2,0,4,461,246,0,215
2020-11-30,CALIFORNIA CENTRAL,CALIFORNIA,NINTH CIRCUIT,1789,1597,20,0,172,90,71,16,0,3,1699,1526,4,169
2020-11-30,CALIFORNIA EASTERN,CALIFORNIA,NINTH CIRCUIT,728,636,3,0,89,22,18,2,0,2,706,618,1,87
2020-11-30,CALIFORNIA NORTHERN,CALIFORNIA,NINTH CIRCUIT,403,263,41,0,98,68,27,36,0,4,335,236,5,94
2020-11-30,CALIFORNIA SOUTHERN,CALIFORNIA,NINTH CIRCUIT,395,364,3,0,28,10,7,2,0,1,385,357,1,27
2020-11-30,COLORADO,COLORADO,TENTH CIRCUIT,574,461,7,1,105,25,16,7,0,1,549,445,0,104
2020-11-30,CONNECTICUT,CONNECTICUT,SECOND CIRCUIT,251,231,1,0,19,8,7,1,0,0,243,224,0,19
2020-11-30,DELAWARE,DELAWARE,THIRD CIRCUIT,300,62,216,0,21,221,4,216,0,0,79,58,0,21
2020-11-30,DISTRICT OF COLUMBIA,DISTRICT OF COLUMBIA,DC CIRCUIT,21,17,2,0,2,2,0,2,0,0,19,17,0,2
2020-11-30,FLORIDA MIDDLE,FLORIDA,ELEVENTH CIRCUIT,1389,1143,21,1,224,67,45,19,0,2,1322,1098,2,222
2020-11-30,FLORIDA NORTHERN,FLORIDA,ELEVENTH CIRCUIT,128,113,2,0,13,6,5,1,0,0,122,108,1,13
2020-11-30,FLORIDA SOUTHERN,FLORIDA,ELEVENTH CIRCUIT,1130,752,17,0,360,48,27,15,0,5,1082,725,2,355
2020-11-30,GEORGIA MIDDLE,GEORGIA,ELEVENTH CIRCUIT,361,146,0,0,215,3,2,0,0,1,358,144,0,214
2020-11-30,GEORGIA NORTHERN,GEORGIA,ELEVENTH CIRCUIT,1255,756,10,0,489,43,33,9,0,1,1212,723,1,488
2020-11-30,GEORGIA SOUTHERN,GEORGIA,ELEVENTH CIRCUIT,285,65,1,0,219,4,2,1,0,1,281,63,0,218
2020-11-30,GUAM,GUAM,NINTH CIRCUIT,2,2,0,0,0,1,1,0,0,0,1,1,0,0
2020-11-30,HAWAII,HAWAII,NINTH CIRCUIT,120,104,1,0,15,3,2,1,0,0,117,102,0,15
2020-11-30,IDAHO,IDAHO,NINTH CIRCUIT,207,189,3,0,15,7,4,3,0,0,200,185,0,15
2020-11-30,ILLINOIS CENTRAL,ILLINOIS,SEVENTH CIRCUIT,228,183,1,1,43,11,7,1,0,2,217,176,0,41
2020-11-30,ILLINOIS NORTHERN,ILLINOIS,SEVENTH CIRCUIT,1460,1009,3,0,448,32,27,3,0,2,1428,982,0,446
2020-11-30,ILLINOIS SOUTHERN,ILLINOIS,SEVENTH CIRCUIT,128,94,0,0,34,1,1,0,0,0,127,93,0,34
2020-11-30,INDIANA NORTHERN,INDIANA,SEVENTH CIRCUIT,456,342,1,0,113,1,1,0,0,0,455,341,1,113
2020-11-30,INDIANA SOUTHERN,INDIANA,SEVENTH CIRCUIT,736,492,4,0,240,11,7,4,0,0,725,485,0,240
2020-11-30,IOWA NORTHERN,IOWA,EIGHTH CIRCUIT,97,89,0,2,6,5,2,0,0,1,92,87,0,5
2020-11-30,IOWA SOUTHERN,IOWA,EIGHTH CIRCUIT,133,123,1,0,9,4,3,1,0,0,129,120,0,9
2020-11-30,KANSAS,KANSAS,TENTH CIRCUIT,309,180,0,2,127,9,6,0,0,1,300,174,0,126
2020-11-30,KENTUCKY EASTERN,KENTUCKY,SIXTH CIRCUIT,376,256,1,1,118,9,7,1,0,0,367,249,0,118
2020-11-30,KENTUCKY WESTERN,KENTUCKY,SIXTH CIRCUIT,357,217,2,2,136,8,3,2,0,1,349,214,0,135
2020-11-30,LOUISIANA EASTERN,LOUISIANA,FIFTH CIRCUIT,146,87,1,0,58,5,4,1,0,0,141,83,0,58
2020-11-30,LOUISIANA MIDDLE,LOUISIANA,FIFTH CIRCUIT,65,49,1,0,15,2,1,1,0,0,63,48,0,15
2020-11-30,LOUISIANA WESTERN,LOUISIANA,FIFTH CIRCUIT,319,98,2,1,218,3,1,1,0,0,316,97,1,218
2020-11-30,MAINE,MAINE,FIRST CIRCUIT,60,47,2,1,10,5,1,2,0,1,55,46,0,9
2020-11-30,MARYLAND,MARYLAND,FOURTH CIRCUIT,734,568,5,0,161,23,15,4,0,4,711,553,1,157
2020-11-30,MASSACHUSETTS,MASSACHUSETTS,FIRST CIRCUIT,306,238,10,0,58,27,17,8,0,2,279,221,2,56
2020-11-30,MICHIGAN EASTERN,MICHIGAN,SIXTH CIRCUIT,1121,922,2,0,197,12,9,2,0,1,1109,913,0,196
2020-11-30,MICHIGAN WESTERN,MICHIGAN,SIXTH CIRCUIT,238,203,2,0,33,10,6,2,0,2,228,197,0,31
2020-11-30,MINNESOTA,MINNESOTA,EIGHTH CIRCUIT,382,340,5,1,36,17,12,4,0,0,365,328,1,36
2020-11-30,MISSISSIPPI NORTHERN,MISSISSIPPI,FIFTH CIRCUIT,232,114,0,0,118,5,3,0,0,2,227,111,0,116
2020-11-30,MISSISSIPPI SOUTHERN,MISSISSIPPI,FIFTH CIRCUIT,313,182,1,0,130,2,1,1,0,0,311,181,0,130
2020-11-30,MISSOURI EASTERN,MISSOURI,EIGHTH CIRCUIT,508,365,1,1,141,8,6,1,0,0,500,359,0,141
2020-11-30,MISSOURI WESTERN,MISSOURI,EIGHTH CIRCUIT,341,219,2,0,120,6,4,2,0,0,335,215,0,120
2020-11-30,MONTANA,MONTANA,NINTH CIRCUIT,57,50,3,2,2,7,2,3,0,0,50,48,0,2
2020-11-30,NEBRASKA,NEBRASKA,EIGHTH CIRCUIT,241,187,0,3,50,11,6,0,0,1,230,181,0,49
2020-11-30,NEVADA,NEVADA,NINTH CIRCUIT,582,533,5,0,44,17,12,4,0,1,565,521,1,43
2020-11-30,NEW HAMPSHIRE,NEW HAMPSHIRE,FIRST CIRCUIT,64,51,1,0,12,2,1,1,0,0,62,50,0,12
2020-11-30,NEW JERSEY,NEW JERSEY,THIRD CIRCUIT,930,719,12,0,199,36,21,10,0,5,894,698,2,194
2020-11-30,NEW MEXICO,NEW MEXICO,TENTH CIRCUIT,127,115,2,0,10,5,2,2,0,1,122,113,0,9
2020-11-30,NEW YORK EASTERN,NEW YORK,SECOND CIRCUIT,478,440,5,0,33,26,21,5,0,0,452,419,0,33
2020-11-30,NEW YORK NORTHERN,NEW YORK,SECOND CIRCUIT,296,241,3,1,51,10,5,3,0,1,286,236,0,50
2020-11-30,NEW YORK SOUTHERN,NEW YORK,SECOND CIRCUIT,362,309,5,0,45,25,16,5,0,1,337,293,0,44
2020-11-30,NEW YORK WESTERN,NEW YORK,SECOND CIRCUIT,185,141,0,0,44,7,6,0,0,1,178,135,0,43
2020-11-30,NORTH CAROLINA EASTERN,NORTH CAROLINA,FOURTH CIRCUIT,258,103,4,1,150,9,2,4,0,2,249,101,0,148
2020-11-30,NORTH CAROLINA MIDDLE,NORTH CAROLINA,FOURTH CIRCUIT,178,85,1,0,92,6,5,1,0,0,172,80,0,92
2020-11-30,NORTH CAROLINA WESTERN,NORTH CAROLINA,FOURTH CIRCUIT,135,70,1,0,64,3,3,0,0,0,132,67,1,64
2020-11-30,NORTH DAKOTA,NORTH DAKOTA,EIGHTH CIRCUIT,37,33,1,2,1,4,1,1,0,0,33,32,0,1
2020-11-30,NORTHERN MARIANAS,NORTHERN MARIANA ISLANDS,NINTH CIRCUIT,0,0,0,0,0,0,0,0,0,0,0,0,0,0
2020-11-30,OHIO NORTHERN,OHIO,SIXTH CIRCUIT,970,837,1,0,132,20,16,1,0,3,950,821,0,129
2020-11-30,OHIO SOUTHERN,OHIO,SIXTH CIRCUIT,685,543,0,0,142,6,6,0,0,0,679,537,0,142
2020-11-30,OKLAHOMA EASTERN,OKLAHOMA,TENTH CIRCUIT,79,75,0,0,4,3,3,0,0,0,76,72,0,4
2020-11-30,OKLAHOMA NORTHERN,OKLAHOMA,TENTH CIRCUIT,107,100,0,0,7,4,4,0,0,0,103,96,0,7
2020-11-30,OKLAHOMA WESTERN,OKLAHOMA,TENTH CIRCUIT,286,240,3,2,41,8,3,3,0,0,278,237,0,41
2020-11-30,OREGON,OREGON,NINTH CIRCUIT,418,347,0,0,71,10,9,0,0,1,408,338,0,70
2020-11-30,PENNSYLVANIA EASTERN,PENNSYLVANIA,THIRD CIRCUIT,269,170,2,0,97,16,14,2,0,0,253,156,0,97
2020-11-30,PENNSYLVANIA MIDDLE,PENNSYLVANIA,THIRD CIRCUIT,223,158,0,0,65,8,5,0,0,3,215,153,0,62
2020-11-30,PENNSYLVANIA WESTERN,PENNSYLVANIA,THIRD CIRCUIT,353,264,2,1,86,28,22,2,0,3,325,242,0,83
2020-11-30,PUERTO RICO,PUERTO RICO,FIRST CIRCUIT,328,142,3,0,183,7,3,3,0,1,321,139,0,182
2020-11-30,RHODE ISLAND,RHODE ISLAND,FIRST CIRCUIT,105,94,1,0,10,2,1,1,0,0,103,93,0,10
2020-11-30,SOUTH CAROLINA,SOUTH CAROLINA,FOURTH CIRCUIT,310,158,2,0,150,11,7,2,0,2,299,151,0,148
2020-11-30,SOUTH DAKOTA,SOUTH DAKOTA,EIGHTH CIRCUIT,42,40,1,0,1,2,1,1,0,0,40,39,0,1
2020-11-30,TENNESSEE EASTERN,TENNESSEE,SIXTH CIRCUIT,580,357,2,0,221,10,7,2,0,1,570,350,0,220
2020-11-30,TENNESSEE MIDDLE,TENNESSEE,SIXTH CIRCUIT,381,213,1,0,167,15,15,0,0,0,366,198,1,167
2020-11-30,TENNESSEE WESTERN,TENNESSEE,SIXTH CIRCUIT,467,159,2,0,306,6,3,2,0,1,461,156,0,305
2020-11-30,TEXAS EASTERN,TEXAS,FIFTH CIRCUIT,284,152,4,0,128,23,16,4,0,3,261,136,0,125
2020-11-30,TEXAS NORTHERN,TEXAS,FIFTH CIRCUIT,568,347,20,1,200,59,35,20,0,3,509,312,0,197
2020-11-30,TEXAS SOUTHERN,TEXAS,FIFTH CIRCUIT,635,269,202,0,163,234,29,202,0,2,401,240,0,161
2020-11-30,TEXAS WESTERN,TEXAS,FIFTH CIRCUIT,395,281,3,0,111,27,22,3,0,2,368,259,0,109
2020-11-30,UTAH,UTAH,TENTH CIRCUIT,545,357,2,0,186,8,5,2,0,1,537,352,0,185
2020-11-30,VERMONT,VERMONT,SECOND CIRCUIT,19,16,0,0,3,2,2,0,0,0,17,14,0,3
2020-11-30,VIRGIN ISLANDS,VIRGIN ISLANDS,THIRD CIRCUIT,0,0,0,0,0,0,0,0,0,0,0,0,0,0
2020-11-30,VIRGINIA EASTERN,VIRGINIA,FOURTH CIRCUIT,821,549,14,0,258,26,15,11,0,0,795,534,3,258
2020-11-30,VIRGINIA WESTERN,VIRGINIA,FOURTH CIRCUIT,259,174,1,0,84,3,1,1,0,1,256,173,0,83
2020-11-30,WASHINGTON EASTERN,WASHINGTON,NINTH CIRCUIT,110,86,2,0,22,7,5,2,0,0,103,81,0,22
2020-11-30,WASHINGTON WESTERN,WASHINGTON,NINTH CIRCUIT,449,366,5,0,78,13,8,4,0,1,436,358,1,77
2020-11-30,WEST VIRGINIA NORTHERN,WEST VIRGINIA,FOURTH CIRCUIT,47,46,1,0,0,1,0,1,0,0,46,46,0,0
2020-11-30,WEST VIRGINIA SOUTHERN,WEST VIRGINIA,FOURTH CIRCUIT,90,78,1,0,11,3,2,1,0,0,87,76,0,11
2020-11-30,WISCONSIN EASTERN,WISCONSIN,SEVENTH CIRCUIT,517,355,4,0,158,10,5,4,0,1,507,350,0,157
2020-11-30,WISCONSIN WESTERN,WISCONSIN,SEVENTH CIRCUIT,208,169,0,3,36,6,3,0,0,0,202,166,0,36
2020-11-30,WYOMING,WYOMING,TENTH CIRCUIT,51,50,0,0,1,1,1,0,0,0,50,49,0,1
2020-12-31,ALABAMA MIDDLE,ALABAMA,ELEVENTH CIRCUIT,381,86,2,0,293,6,5,1,0,0,375,81,1,293
2020-12-31,ALABAMA NORTHERN,ALABAMA,ELEVENTH CIRCUIT,643,322,2,0,319,11,6,2,0,3,632,316,0,316
2020-12-31,ALABAMA SOUTHERN,ALABAMA,ELEVENTH CIRCUIT,236,72,1,0,163,4,3,1,0,0,232,69,0,163
2020-12-31,ALASKA,ALASKA,NINTH CIRCUIT,36,30,1,0,5,4,3,1,0,0,32,27,0,5
2020-12-31,ARIZONA,ARIZONA,NINTH CIRCUIT,887,758,4,0,125,19,15,3,0,1,868,743,1,124
2020-12-31,ARKANSAS,ARKANSAS,EIGHTH CIRCUIT,466,262,0,2,202,10,4,0,0,4,456,258,0,198
2020-12-31,CALIFORNIA CENTRAL,CALIFORNIA,NINTH CIRCUIT,1734,1559,21,0,154,113,92,20,0,1,1621,1467,1,153
2020-12-31,CALIFORNIA EASTERN,CALIFORNIA,NINTH CIRCUIT,610,528,6,1,75,24,17,5,0,1,586,511,1,74
2020-12-31,CALIFORNIA NORTHERN,CALIFORNIA,NINTH CIRCUIT,388,291,8,1,88,28,21,5,0,1,360,270,3,87
2020-12-31,CALIFORNIA SOUTHERN,CALIFORNIA,NINTH CIRCUIT,436,396,6,1,33,27,19,6,0,1,409,377,0,32
2020-12-31,COLORADO,COLORADO,TENTH CIRCUIT,567,474,4,2,87,28,21,4,0,1,539,453,0,86
2020-12-31,CONNECTICUT,CONNECTICUT,SECOND CIRCUIT,272,247,2,0,23,11,8,2,0,1,261,239,0,22
2020-12-31,DELAWARE,DELAWARE,THIRD CIRCUIT,179,77,79,0,22,96,16,79,0,0,83,61,0,22
2020-12-31,DISTRICT OF COLUMBIA,DISTRICT OF COLUMBIA,DC CIRCUIT,41,28,6,0,7,8,2,6,0,0,33,26,0,7
2020-12-31,FLORIDA MIDDLE,FLORIDA,ELEVENTH CIRCUIT,1447,1174,23,0,249,67,44,20,0,2,1380,1130,3,247
2020-12-31,FLORIDA NORTHERN,FLORIDA,ELEVENTH CIRCUIT,125,106,0,0,19,1,1,0,0,0,124,105,0,19
2020-12-31,FLORIDA SOUTHERN,FLORIDA,ELEVENTH CIRCUIT,1080,691,22,0,367,60,32,21,0,7,1020,659,1,360
2020-12-31,GEORGIA MIDDLE,GEORGIA,ELEVENTH CIRCUIT,375,143,1,1,230,6,4,1,0,0,369,139,0,230
2020-12-31,GEORGIA NORTHERN,GEORGIA,ELEVENTH CIRCUIT,1302,746,8,0,548,36,27,8,0,1,1266,719,0,547
2020-12-31,GEORGIA SOUTHERN,GEORGIA,ELEVENTH CIRCUIT,232,51,2,0,179,4,3,1,0,0,228,48,1,179
2020-12-31,GUAM,GUAM,NINTH CIRCUIT,1,1,0,0,0,0,0,0,0,0,1,1,0,0
2020-12-31,HAWAII,HAWAII,NINTH CIRCUIT,134,108,0,0,26,7,6,0,0,1,127,102,0,25
2020-12-31,IDAHO,IDAHO,NINTH CIRCUIT,164,148,3,1,12,7,3,3,0,0,157,145,0,12
2020-12-31,ILLINOIS CENTRAL,ILLINOIS,SEVENTH CIRCUIT,214,176,0,1,37,6,3,0,0,2,208,173,0,35
2020-12-31,ILLINOIS NORTHERN,ILLINOIS,SEVENTH CIRCUIT,1564,1088,8,0,468,45,35,8,0,2,1519,1053,0,466
2020-12-31,ILLINOIS SOUTHERN,ILLINOIS,SEVENTH CIRCUIT,133,90,1,0,42,0,0,0,0,0,133,90,1,42
2020-12-31,INDIANA NORTHERN,INDIANA,SEVENTH CIRCUIT,398,283,2,0,113,6,4,2,0,0,392,279,0,113
2020-12-31,INDIANA SOUTHERN,INDIANA,SEVENTH CIRCUIT,666,426,2,0,238,17,14,2,0,1,649,412,0,237
2020-12-31,IOWA NORTHERN,IOWA,EIGHTH CIRCUIT,86,78,0,0,8,4,4,0,0,0,82,74,0,8
2020-12-31,IOWA SOUTHERN,IOWA,EIGHTH CIRCUIT,149,133,0,1,15,5,4,0,0,0,144,129,0,15
2020-12-31,KANSAS,KANSAS,TENTH CIRCUIT,321,184,3,6,128,22,12,3,0,1,299,172,0,127
2020-12-31,KENTUCKY EASTERN,KENTUCKY,SIXTH CIRCUIT,367,266,4,0,97,9,4,3,0,2,358,262,1,95
2020-12-31,KENTUCKY WESTERN,KENTUCKY,SIXTH CIRCUIT,364,215,0,0,149,7,5,0,0,2,357,210,0,147
2020-12-31,LOUISIANA EASTERN,LOUISIANA,FIFTH CIRCUIT,147,77,2,0,68,10,8,2,0,0,137,69,0,68
2020-12-31,LOUISIANA MIDDLE,LOUISIANA,FIFTH CIRCUIT,52,33,6,0,13,9,3,6,0,0,43,30,0,13
2020-12-31,LOUISIANA WESTERN,LOUISIANA,FIFTH CIRCUIT,349,112,3,0,234,9,6,3,0,0,340,106,0,234
2020-12-31,MAINE,MAINE,FIRST CIRCUIT,53,38,4,1,10,7,2,4,0,0,46,36,0,10
2020-12-31,MARYLAND,MARYLAND,FOURTH CIRCUIT,559,410,9,1,139,21,10,9,0,1,538,400,0,138
2020-12-31,MASSACHUSETTS,MASSACHUSETTS,FIRST CIRCUIT,259,206,5,0,48,17,13,3,0,1,242,193,2,47
2020-12-31,MICHIGAN EASTERN,MICHIGAN,SIXTH CIRCUIT,1070,840,6,0,223,16,8,6,0,1,1054,832,0,222
2020-12-31,MICHIGAN WESTERN,MICHIGAN,SIXTH CIRCUIT,255,213,2,0,40,10,6,2,0,2,245,207,0,38
2020-12-31,MINNESOTA,MINNESOTA,EIGHTH CIRCUIT,429,355,0,2,72,11,9,0,0,0,418,346,0,72
2020-12-31,MISSISSIPPI NORTHERN,MISSISSIPPI,FIFTH CIRCUIT,210,98,0,0,112,4,2,0,0,2,206,96,0,110
2020-12-31,MISSISSIPPI SOUTHERN,MISSISSIPPI,FIFTH CIRCUIT,291,184,0,0,107,3,3,0,0,0,288,181,0,107
2020-12-31,MISSOURI EASTERN,MISSOURI,EIGHTH CIRCUIT,459,323,0,0,136,9,8,0,0,1,450,315,0,135
2020-12-31,MISSOURI WESTERN,MISSOURI,EIGHTH CIRCUIT,353,219,1,1,132,7,5,1,0,0,346,214,0,132
2020-12-31,MONTANA,MONTANA,NINTH CIRCUIT,71,64,0,0,7,8,6,0,0,2,63,58,0,5
2020-12-31,NEBRASKA,NEBRASKA,EIGHTH CIRCUIT,250,193,3,0,54,7,3,3,0,1,243,190,0,53
2020-12-31,NEVADA,NEVADA,NINTH CIRCUIT,642,576,4,0,61,16,12,2,0,1,626,564,2,60
2020-12-31,NEW HAMPSHIRE,NEW HAMPSHIRE,FIRST CIRCUIT,68,53,0,0,15,4,4,0,0,0,64,49,0,15
2020-12-31,NEW JERSEY,NEW JERSEY,THIRD CIRCUIT,992,771,12,0,209,38,24,11,0,3,954,747,1,206
2020-12-31,NEW MEXICO,NEW MEXICO,TENTH CIRCUIT,137,124,2,0,11,6,3,2,0,1,131,121,0,10
2020-12-31,NEW YORK EASTERN,NEW YORK,SECOND CIRCUIT,534,481,13,0,40,32,23,9,0,0,502,458,4,40
2020-12-31,NEW YORK NORTHERN,NEW YORK,SECOND CIRCUIT,313,247,1,0,65,8,5,1,0,2,305,242,0,63
2020-12-31,NEW YORK SOUTHERN,NEW YORK,SECOND CIRCUIT,385,325,26,0,29,51,21,25,0,0,334,304,1,29
2020-12-31,NEW YORK WESTERN,NEW YORK,SECOND CIRCUIT,179,142,1,0,36,6,4,1,0,1,173,138,0,35
2020-12-31,NORTH CAROLINA EASTERN,NORTH CAROLINA,FOURTH CIRCUIT,255,94,8,0,153,8,1,7,0,0,247,93,1,153
2020-12-31,NORTH CAROLINA MIDDLE,NORTH CAROLINA,FOURTH CIRCUIT,178,76,1,0,101,5,2,1,0,2,173,74,0,99
2020-12-31,NORTH CAROLINA WESTERN,NORTH CAROLINA,FOURTH CIRCUIT,150,78,2,0,70,7,5,2,0,0,143,73,0,70
2020-12-31,NORTH DAKOTA,NORTH DAKOTA,EIGHTH CIRCUIT,42,38,0,1,3,2,1,0,0,0,40,37,0,3
2020-12-31,NORTHERN MARIANAS,NORTHERN MARIANA ISLANDS,NINTH CIRCUIT,0,0,0,0,0,0,0,0,0,0,0,0,0,0
2020-12-31,OHIO NORTHERN,OHIO,SIXTH CIRCUIT,877,748,2,0,127,19,15,2,0,2,858,733,0,125
2020-12-31,OHIO SOUTHERN,OHIO,SIXTH CIRCUIT,731,534,2,0,195,13,11,1,0,1,718,523,1,194
2020-12-31,OKLAHOMA EASTERN,OKLAHOMA,TENTH CIRCUIT,71,70,0,0,1,7,7,0,0,0,64,63,0,1
2020-12-31,OKLAHOMA NORTHERN,OKLAHOMA,TENTH CIRCUIT,127,119,2,0,6,8,6,2,0,0,119,113,0,6
2020-12-31,OKLAHOMA WESTERN,OKLAHOMA,TENTH CIRCUIT,263,232,1,0,30,13,12,1,0,0,250,220,0,30
2020-12-31,OREGON,OREGON,NINTH CIRCUIT,428,360,1,1,66,10,8,1,0,0,418,352,0,66
2020-12-31,PENNSYLVANIA EASTERN,PENNSYLVANIA,THIRD CIRCUIT,317,189,4,0,124,13,8,4,0,1,304,181,0,123
2020-12-31,PENNSYLVANIA MIDDLE,PENNSYLVANIA,THIRD CIRCUIT,240,164,2,0,74,6,3,2,0,1,234,161,0,73
2020-12-31,PENNSYLVANIA WESTERN,PENNSYLVANIA,THIRD CIRCUIT,302,231,2,0,69,14,11,2,0,1,288,220,0,68
2020-12-31,PUERTO RICO,PUERTO RICO,FIRST CIRCUIT,470,200,5,1,264,11,5,5,0,0,459,195,0,264
2020-12-31,RHODE ISLAND,RHODE ISLAND,FIRST CIRCUIT,88,71,0,0,17,2,2,0,0,0,86,69,0,17
2020-12-31,SOUTH CAROLINA,SOUTH CAROLINA,FOURTH CIRCUIT,298,145,2,0,151,7,5,1,0,1,291,140,1,150
2020-12-31,SOUTH DAKOTA,SOUTH DAKOTA,EIGHTH CIRCUIT,52,43,1,3,5,6,2,1,0,0,46,41,0,5
2020-12-31,TENNESSEE EASTERN,TENNESSEE,SIXTH CIRCUIT,524,314,3,1,206,6,3,2,0,0,518,311,1,206
2020-12-31,TENNESSEE MIDDLE,TENNESSEE,SIXTH CIRCUIT,358,192,5,1,160,16,10,4,0,1,342,182,1,159
2020-12-31,TENNESSEE WESTERN,TENNESSEE,SIXTH CIRCUIT,472,127,0,0,345,3,3,0,0,0,469,124,0,345
2020-12-31,TEXAS EASTERN,TEXAS,FIFTH CIRCUIT,313,177,9,0,127,23,13,9,0,1,290,164,0,126
2020-12-31,TEXAS NORTHERN,TEXAS,FIFTH CIRCUIT,671,434,14,0,223,130,113,14,0,3,541,321,0,220
2020-12-31,TEXAS SOUTHERN,TEXAS,FIFTH CIRCUIT,467,282,59,0,126,88,25,59,0,4,379,257,0,122
2020-12-31,TEXAS WESTERN,TEXAS,FIFTH CIRCUIT,385,306,2,0,77,41,39,2,0,0,344,267,0,77
2020-12-31,UTAH,UTAH,TENTH CIRCUIT,508,335,1,0,172,7,4,1,0,2,501,331,0,170
2020-12-31,VERMONT,VERMONT,SECOND CIRCUIT,16,11,0,1,4,2,0,0,0,1,14,11,0,3
2020-12-31,VIRGIN ISLANDS,VIRGIN ISLANDS,THIRD CIRCUIT,1,0,0,0,1,0,0,0,0,0,1,0,0,1
2020-12-31,VIRGINIA EASTERN,VIRGINIA,FOURTH CIRCUIT,831,546,6,0,279,21,15,6,0,0,810,531,0,279
2020-12-31,VIRGINIA WESTERN,VIRGINIA,FOURTH CIRCUIT,241,154,1,0,86,7,5,1,0,1,234,149,0,85
2020-12-31,WASHINGTON EASTERN,WASHINGTON,NINTH CIRCUIT,149,116,1,0,32,4,2,1,0,1,145,114,0,31
2020-12-31,WASHINGTON WESTERN,WASHINGTON,NINTH CIRCUIT,428,338,8,0,82,25,16,8,0,1,403,322,0,81
2020-12-31,WEST VIRGINIA NORTHERN,WEST VIRGINIA,FOURTH CIRCUIT,53,48,1,0,4,2,1,1,0,0,51,47,0,4
2020-12-31,WEST VIRGINIA SOUTHERN,WEST VIRGINIA,FOURTH CIRCUIT,94,84,0,0,10,1,1,0,0,0,93,83,0,10
2020-12-31,WISCONSIN EASTERN,WISCONSIN,SEVENTH CIRCUIT,548,390,3,1,154,15,10,3,0,1,533,380,0,153
2020-12-31,WISCONSIN WESTERN,WISCONSIN,SEVENTH CIRCUIT,235,193,2,4,36,13,5,2,0,2,222,188,0,34
2020-12-31,WYOMING,WYOMING,TENTH CIRCUIT,44,40,0,0,4,2,2,0,0,0,42,38,0,4
2021-01-31,ALABAMA MIDDLE,ALABAMA,ELEVENTH CIRCUIT,382,103,0,0,279,2,1,0,0,1,380,102,0,278
2021-01-31,ALABAMA NORTHERN,ALABAMA,ELEVENTH CIRCUIT,618,291,1,0,326,11,9,1,0,1,607,282,0,325
2021-01-31,ALABAMA SOUTHERN,ALABAMA,ELEVENTH CIRCUIT,215,71,0,0,144,0,0,0,0,0,215,71,0,144
2021-01-31,ALASKA,ALASKA,NINTH CIRCUIT,19,13,0,0,6,0,0,0,0,0,19,13,0,6
2021-01-31,ARIZONA,ARIZONA,NINTH CIRCUIT,738,615,10,0,113,23,14,8,0,1,715,601,2,112
2021-01-31,ARKANSAS,ARKANSAS,EIGHTH CIRCUIT,457,214,1,0,242,12,9,1,0,2,445,205,0,240
2021-01-31,CALIFORNIA CENTRAL,CALIFORNIA,NINTH CIRCUIT,1844,1646,24,0,174,103,80,19,0,4,1741,1566,5,170
2021-01-31,CALIFORNIA EASTERN,CALIFORNIA,NINTH CIRCUIT,703,584,3,1,115,29,23,3,0,2,674,561,0,113
2021-01-31,CALIFORNIA NORTHERN,CALIFORNIA,NINTH CIRCUIT,413,274,9,0,130,32,21,7,0,4,381,253,2,126
2021-01-31,CALIFORNIA SOUTHERN,CALIFORNIA,NINTH CIRCUIT,411,375,0,0,36,12,11,0,0,1,399,364,0,35
2021-01-31,COLORADO,COLORADO,TENTH CIRCUIT,525,424,3,1,97,17,13,2,0,1,508,411,1,96
2021-01-31,CONNECTICUT,CONNECTICUT,SECOND CIRCUIT,236,205,1,0,30,4,4,0,0,0,232,201,1,30
2021-01-31,DELAWARE,DELAWARE,THIRD CIRCUIT,366,64,250,0,14,296,8,250,0,0,70,56,0,14
2021-01-31,DISTRICT OF COLUMBIA,DISTRICT OF COLUMBIA,DC CIRCUIT,32,27,3,0,2,5,2,3,0,0,27,25,0,2
2021-01-31,FLORIDA MIDDLE,FLORIDA,ELEVENTH CIRCUIT,1325,1060,12,0,253,49,37,11,0,1,1276,1023,1,252
2021-01-31,FLORIDA NORTHERN,FLORIDA,ELEVENTH CIRCUIT,119,95,2,0,22,9,6,2,0,1,110,89,0,21
2021-01-31,FLORIDA SOUTHERN,FLORIDA,ELEVENTH CIRCUIT,1024,624,18,0,382,41,24,16,0,1,983,600,2,381
2021-01-31,GEORGIA MIDDLE,GEORGIA,ELEVENTH CIRCUIT,325,117,1,0,207,6,3,1,0,2,319,114,0,205
2021-01-31,GEORGIA NORTHERN,GEORGIA,ELEVENTH CIRCUIT,1188,698,4,0,486,19,14,4,0,1,1169,684,0,485
2021-01-31,GEORGIA SOUTHERN,GEORGIA,ELEVENTH CIRCUIT,256,54,1,0,201,1,0,1,0,0,255,54,0,201
2021-01-31,HAWAII,HAWAII,NINTH CIRCUIT,98,81,0,0,17,5,5,0,0,0,93,76,0,17
2021-01-31,IDAHO,IDAHO,NINTH CIRCUIT,171,157,2,1,11,5,2,2,0,0,166,155,0,11
2021-01-31,ILLINOIS CENTRAL,ILLINOIS,SEVENTH CIRCUIT,206,173,2,0,31,4,2,2,0,0,202,171,0,31
2021-01-31,ILLINOIS NORTHERN,ILLINOIS,SEVENTH CIRCUIT,1561,1117,4,0,439,44,37,4,0,2,1517,1080,0,437
2021-01-31,ILLINOIS SOUTHERN,ILLINOIS,SEVENTH CIRCUIT,130,86,1,0,43,3,0,1,0,2,127,86,0,41
2021-01-31,INDIANA NORTHERN,INDIANA,SEVENTH CIRCUIT,355,254,1,0,100,4,2,1,0,1,351,252,0,99
2021-01-31,INDIANA SOUTHERN,INDIANA,SEVENTH CIRCUIT,638,392,4,0,242,14,9,4,0,1,624,383,0,241
2021-01-31,IOWA NORTHERN,IOWA,EIGHTH CIRCUIT,88,79,0,2,7,5,3,0,0,0,83,76,0,7
2021-01-31,IOWA SOUTHERN,IOWA,EIGHTH CIRCUIT,119,111,2,1,5,8,5,2,0,0,111,106,0,5
2021-01-31,KANSAS,KANSAS,TENTH CIRCUIT,231,121,1,3,106,12,8,1,0,0,219,113,0,106
2021-01-31,KENTUCKY EASTERN,KENTUCKY,SIXTH CIRCUIT,356,268,1,0,87,6,5,1,0,0,350,263,0,87
2021-01-31,KENTUCKY WESTERN,KENTUCKY,SIXTH CIRCUIT,396,244,1,1,150,6,3,1,0,1,390,241,0,149
2021-01-31,LOUISIANA EASTERN,LOUISIANA,FIFTH CIRCUIT,138,70,3,0,65,10,7,3,0,0,128,63,0,65
2021-01-31,LOUISIANA MIDDLE,LOUISIANA,FIFTH CIRCUIT,53,32,0,0,21,2,2,0,0,0,51,30,0,21
2021-01-31,LOUISIANA WESTERN,LOUISIANA,FIFTH CIRCUIT,286,64,2,0,220,6,4,2,0,0,280,60,0,220
2021-01-31,MAINE,MAINE,FIRST CIRCUIT,41,37,1,0,3,4,3,1,0,0,37,34,0,3
2021-01-31,MARYLAND,MARYLAND,FOURTH CIRCUIT,579,462,7,0,110,16,9,6,0,1,563,453,1,109
2021-01-31,MASSACHUSETTS,MASSACHUSETTS,FIRST CIRCUIT,226,157,10,0,59,13,6,7,0,0,213,151,3,59
2021-01-31,MICHIGAN EASTERN,MICHIGAN,SIXTH CIRCUIT,1187,930,5,0,252,14,8,4,0,2,1173,922,1,250
2021-01-31,MICHIGAN WESTERN,MICHIGAN,SIXTH CIRCUIT,271,226,0,1,44,9,8,0,0,0,262,218,0,44
2021-01-31,MINNESOTA,MINNESOTA,EIGHTH CIRCUIT,427,363,1,4,59,20,14,1,0,1,407,349,0,58
2021-01-31,MISSISSIPPI NORTHERN,MISSISSIPPI,FIFTH CIRCUIT,220,127,1,0,92,5,3,1,0,1,215,124,0,91
2021-01-31,MISSISSIPPI SOUTHERN,MISSISSIPPI,FIFTH CIRCUIT,288,185,2,0,101,8,5,2,0,1,280,180,0,100
2021-01-31,MISSOURI EASTERN,MISSOURI,EIGHTH CIRCUIT,471,320,0,0,151,3,3,0,0,0,468,317,0,151
2021-01-31,MISSOURI WESTERN,MISSOURI,EIGHTH CIRCUIT,284,197,1,0,86,9,7,1,0,1,275,190,0,85
2021-01-31,MONTANA,MONTANA,NINTH CIRCUIT,42,31,0,1,10,2,0,0,0,1,40,31,0,9
2021-01-31,NEBRASKA,NEBRASKA,EIGHTH CIRCUIT,208,154,7,1,46,12,3,7,0,1,196,151,0,45
2021-01-31,NEVADA,NEVADA,NINTH CIRCUIT,566,504,9,0,53,18,9,7,0,2,548,495,2,51
2021-01-31,NEW HAMPSHIRE,NEW HAMPSHIRE,FIRST CIRCUIT,56,47,0,0,9,5,5,0,0,0,51,42,0,9
2021-01-31,NEW JERSEY,NEW JERSEY,THIRD CIRCUIT,966,710,17,0,239,43,28,15,0,0,923,682,2,239
2021-01-31,NEW MEXICO,NEW MEXICO,TENTH CIRCUIT,116,107,1,0,8,6,5,1,0,0,110,102,0,8
2021-01-31,NEW YORK EASTERN,NEW YORK,SECOND CIRCUIT,466,421,9,0,36,13,8,5,0,0,453,413,4,36
2021-01-31,NEW YORK NORTHERN,NEW YORK,SECOND CIRCUIT,245,207,4,1,33,11,5,4,0,1,234,202,0,32
2021-01-31,NEW YORK SOUTHERN,NEW YORK,SECOND CIRCUIT,371,322,7,0,41,27,18,7,0,1,344,304,0,40
2021-01-31,NEW YORK WESTERN,NEW YORK,SECOND CIRCUIT,143,115,1,0,27,10,9,1,0,0,133,106,0,27
2021-01-31,NORTH CAROLINA EASTERN,NORTH CAROLINA,FOURTH CIRCUIT,213,87,6,2,118,10,3,5,0,0,203,84,1,118
2021-01-31,NORTH CAROLINA MIDDLE,NORTH CAROLINA,FOURTH CIRCUIT,154,67,1,0,86,10,7,1,0,2,144,60,0,84
2021-01-31,NORTH CAROLINA WESTERN,NORTH CAROLINA,FOURTH CIRCUIT,114,63,4,2,45,11,5,4,0,0,103,58,0,45
2021-01-31,NORTH DAKOTA,NORTH DAKOTA,EIGHTH CIRCUIT,39,35,0,0,4,3,3,0,0,0,36,32,0,4
2021-01-31,NORTHERN MARIANAS,NORTHERN MARIANA ISLANDS,NINTH CIRCUIT,0,0,0,0,0,0,0,0,0,0,0,0,0,0
2021-01-31,OHIO NORTHERN,OHIO,SIXTH CIRCUIT,850,699,3,0,148,14,10,3,0,1,836,689,0,147
2021-01-31,OHIO SOUTHERN,OHIO,SIXTH CIRCUIT,709,531,2,0,176,16,15,1,0,0,693,516,1,176
2021-01-31,OKLAHOMA EASTERN,OKLAHOMA,TENTH CIRCUIT,61,59,0,0,2,1,1,0,0,0,60,58,0,2
2021-01-31,OKLAHOMA NORTHERN,OKLAHOMA,TENTH CIRCUIT,117,103,1,1,12,7,5,1,0,0,110,98,0,12
2021-01-31,OKLAHOMA WESTERN,OKLAHOMA,TENTH CIRCUIT,248,209,1,4,34,12,6,1,0,1,236,203,0,33
2021-01-31,OREGON,OREGON,NINTH CIRCUIT,442,358,4,0,80,12,9,3,0,0,430,349,1,80
2021-01-31,PENNSYLVANIA EASTERN,PENNSYLVANIA,THIRD CIRCUIT,264,152,3,0,109,8,5,2,0,1,256,147,1,108
2021-01-31,PENNSYLVANIA MIDDLE,PENNSYLVANIA,THIRD CIRCUIT,206,137,0,0,69,5,5,0,0,0,201,132,0,69
2021-01-31,PENNSYLVANIA WESTERN,PENNSYLVANIA,THIRD CIRCUIT,309,224,3,0,82,20,15,3,0,2,289,209,0,80
2021-01-31,PUERTO RICO,PUERTO RICO,FIRST CIRCUIT,290,112,2,2,174,6,1,1,0,2,284,111,1,172
2021-01-31,RHODE ISLAND,RHODE ISLAND,FIRST CIRCUIT,83,69,0,0,14,3,3,0,0,0,80,66,0,14
2021-01-31,SOUTH CAROLINA,SOUTH CAROLINA,FOURTH CIRCUIT,283,155,3,0,125,8,6,2,0,0,275,149,1,125
2021-01-31,SOUTH DAKOTA,SOUTH DAKOTA,EIGHTH CIRCUIT,38,31,2,2,3,5,0,2,0,1,33,31,0,2
2021-01-31,TENNESSEE EASTERN,TENNESSEE,SIXTH CIRCUIT,500,315,1,0,184,5,4,1,0,0,495,311,0,184
2021-01-31,TENNESSEE MIDDLE,TENNESSEE,SIXTH CIRCUIT,339,204,1,0,134,7,6,1,0,0,332,198,0,134
2021-01-31,TENNESSEE WESTERN,TENNESSEE,SIXTH CIRCUIT,473,145,1,0,327,3,2,1,0,0,470,143,0,327
2021-01-31,TEXAS EASTERN,TEXAS,FIFTH CIRCUIT,259,149,5,0,105,23,19,4,0,0,236,130,1,105
2021-01-31,TEXAS NORTHERN,TEXAS,FIFTH CIRCUIT,500,280,33,0,187,58,24,33,0,1,442,256,0,186
2021-01-31,TEXAS SOUTHERN,TEXAS,FIFTH CIRCUIT,401,236,10,0,155,29,19,10,0,0,372,217,0,155
2021-01-31,TEXAS WESTERN,TEXAS,FIFTH CIRCUIT,307,235,3,0,69,26,23,3,0,0,281,212,0,69
2021-01-31,UTAH,UTAH,TENTH CIRCUIT,375,227,0,0,148,10,9,0,0,1,365,218,0,147
2021-01-31,VERMONT,VERMONT,SECOND CIRCUIT,18,16,0,0,2,1,1,0,0,0,17,15,0,2
2021-01-31,VIRGIN ISLANDS,VIRGIN ISLANDS,THIRD CIRCUIT,0,0,0,0,0,0,0,0,0,0,0,0,0,0
2021-01-31,VIRGINIA EASTERN,VIRGINIA,FOURTH CIRCUIT,804,520,19,0,265,33,14,19,0,0,771,506,0,265
2021-01-31,VIRGINIA WESTERN,VIRGINIA,FOURTH CIRCUIT,274,181,0,0,93,4,3,0,0,1,270,178,0,92
2021-01-31,WASHINGTON EASTERN,WASHINGTON,NINTH CIRCUIT,143,122,2,1,18,7,4,2,0,0,136,118,0,18
2021-01-31,WASHINGTON WESTERN,WASHINGTON,NINTH CIRCUIT,415,328,3,0,84,9,6,1,0,2,406,322,2,82
2021-01-31,WEST VIRGINIA NORTHERN,WEST VIRGINIA,FOURTH CIRCUIT,50,47,0,0,3,1,1,0,0,0,49,46,0,3
2021-01-31,WEST VIRGINIA SOUTHERN,WEST VIRGINIA,FOURTH CIRCUIT,80,73,0,0,7,2,2,0,0,0,78,71,0,7
2021-01-31,WISCONSIN EASTERN,WISCONSIN,SEVENTH CIRCUIT,509,358,0,0,151,4,4,0,0,0,505,354,0,151
2021-01-31,WISCONSIN WESTERN,WISCONSIN,SEVENTH CIRCUIT,187,146,0,3,38,8,4,0,0,1,179,142,0,37
2021-01-31,WYOMING,WYOMING,TENTH CIRCUIT,32,26,2,0,4,3,1,2,0,0,29,25,0,4
2021-01-31,NA,NA,NA,5,4,0,0,1,2,2,0,0,0,3,2,0,1
2021-02-28,ALABAMA MIDDLE,ALABAMA,ELEVENTH CIRCUIT,379,103,0,0,276,3,3,0,0,0,376,100,0,276
2021-02-28,ALABAMA NORTHERN,ALABAMA,ELEVENTH CIRCUIT,598,305,0,0,293,7,7,0,0,0,591,298,0,293
2021-02-28,ALABAMA SOUTHERN,ALABAMA,ELEVENTH CIRCUIT,216,66,0,0,150,1,1,0,0,0,215,65,0,150
2021-02-28,ALASKA,ALASKA,NINTH CIRCUIT,20,20,0,0,0,2,2,0,0,0,18,18,0,0
2021-02-28,ARIZONA,ARIZONA,NINTH CIRCUIT,740,611,7,1,121,27,21,4,0,1,713,590,3,120
2021-02-28,ARKANSAS,ARKANSAS,EIGHTH CIRCUIT,381,202,0,1,178,8,5,0,0,2,373,197,0,176
2021-02-28,CALIFORNIA CENTRAL,CALIFORNIA,NINTH CIRCUIT,2032,1773,40,0,219,130,99,29,0,2,1902,1674,11,217
2021-02-28,CALIFORNIA EASTERN,CALIFORNIA,NINTH CIRCUIT,694,597,6,1,90,31,20,5,0,5,663,577,1,85
2021-02-28,CALIFORNIA NORTHERN,CALIFORNIA,NINTH CIRCUIT,459,313,24,0,121,42,22,18,0,1,417,291,6,120
2021-02-28,CALIFORNIA SOUTHERN,CALIFORNIA,NINTH CIRCUIT,423,381,1,0,41,21,19,1,0,1,402,362,0,40
2021-02-28,COLORADO,COLORADO,TENTH CIRCUIT,470,378,8,2,82,30,20,7,0,1,440,358,1,81
2021-02-28,CONNECTICUT,CONNECTICUT,SECOND CIRCUIT,253,219,2,0,32,5,3,2,0,0,248,216,0,32
2021-02-28,DELAWARE,DELAWARE,THIRD CIRCUIT,100,69,6,0,25,15,9,6,0,0,85,60,0,25
2021-02-28,DISTRICT OF COLUMBIA,DISTRICT OF COLUMBIA,DC CIRCUIT,31,31,0,0,0,7,7,0,0,0,24,24,0,0
2021-02-28,FLORIDA MIDDLE,FLORIDA,ELEVENTH CIRCUIT,1346,1131,20,2,193,65,39,17,0,7,1281,1092,3,186
2021-02-28,FLORIDA NORTHERN,FLORIDA,ELEVENTH CIRCUIT,125,106,7,0,12,12,6,6,0,0,113,100,1,12
2021-02-28,FLORIDA SOUTHERN,FLORIDA,ELEVENTH CIRCUIT,1061,673,19,0,368,41,18,18,0,4,1020,655,1,364
2021-02-28,GEORGIA MIDDLE,GEORGIA,ELEVENTH CIRCUIT,303,113,1,0,189,6,4,1,0,1,297,109,0,188
2021-02-28,GEORGIA NORTHERN,GEORGIA,ELEVENTH CIRCUIT,1162,703,6,0,453,28,19,6,0,3,1134,684,0,450
2021-02-28,GEORGIA SOUTHERN,GEORGIA,ELEVENTH CIRCUIT,253,57,0,0,196,0,0,0,0,0,253,57,0,196
2021-02-28,HAWAII,HAWAII,NINTH CIRCUIT,95,66,8,0,21,8,0,8,0,0,87,66,0,21
2021-02-28,IDAHO,IDAHO,NINTH CIRCUIT,140,128,1,0,11,3,2,1,0,0,137,126,0,11
2021-02-28,ILLINOIS CENTRAL,ILLINOIS,SEVENTH CIRCUIT,195,163,0,0,32,4,3,0,0,1,191,160,0,31
2021-02-28,ILLINOIS NORTHERN,ILLINOIS,SEVENTH CIRCUIT,1479,1067,7,0,405,43,37,5,0,1,1436,1030,2,404
2021-02-28,ILLINOIS SOUTHERN,ILLINOIS,SEVENTH CIRCUIT,142,97,0,0,45,3,3,0,0,0,139,94,0,45
2021-02-28,INDIANA NORTHERN,INDIANA,SEVENTH CIRCUIT,341,246,4,1,90,8,3,4,0,0,333,243,0,90
2021-02-28,INDIANA SOUTHERN,INDIANA,SEVENTH CIRCUIT,544,304,1,1,238,9,5,1,0,2,535,299,0,236
2021-02-28,IOWA NORTHERN,IOWA,EIGHTH CIRCUIT,70,65,0,0,5,5,4,0,0,1,65,61,0,4
2021-02-28,IOWA SOUTHERN,IOWA,EIGHTH CIRCUIT,129,119,0,1,9,8,7,0,0,0,121,112,0,9
2021-02-28,KANSAS,KANSAS,TENTH CIRCUIT,221,108,0,4,109,13,8,0,0,1,208,100,0,108
2021-02-28,KENTUCKY EASTERN,KENTUCKY,SIXTH CIRCUIT,314,224,1,0,89,2,1,1,0,0,312,223,0,89
2021-02-28,KENTUCKY WESTERN,KENTUCKY,SIXTH CIRCUIT,369,208,1,0,160,6,5,1,0,0,363,203,0,160
2021-02-28,LOUISIANA EASTERN,LOUISIANA,FIFTH CIRCUIT,130,72,5,0,53,14,9,5,0,0,116,63,0,53
2021-02-28,LOUISIANA MIDDLE,LOUISIANA,FIFTH CIRCUIT,37,22,0,0,15,1,1,0,0,0,36,21,0,15
2021-02-28,LOUISIANA WESTERN,LOUISIANA,FIFTH CIRCUIT,270,81,3,0,186,6,3,3,0,0,264,78,0,186
2021-02-28,MAINE,MAINE,FIRST CIRCUIT,48,42,1,1,4,2,0,1,0,0,46,42,0,4
2021-02-28,MARYLAND,MARYLAND,FOURTH CIRCUIT,488,403,4,0,81,11,7,3,0,1,477,396,1,80
2021-02-28,MASSACHUSETTS,MASSACHUSETTS,FIRST CIRCUIT,253,194,1,0,58,12,12,0,0,0,241,182,1,58
2021-02-28,MICHIGAN EASTERN,MICHIGAN,SIXTH CIRCUIT,1182,938,1,0,243,9,8,1,0,0,1173,930,0,243
2021-02-28,MICHIGAN WESTERN,MICHIGAN,SIXTH CIRCUIT,288,236,1,0,51,9,6,1,0,2,279,230,0,49
2021-02-28,MINNESOTA,MINNESOTA,EIGHTH CIRCUIT,417,328,2,6,81,17,7,2,0,2,400,321,0,79
2021-02-28,MISSISSIPPI NORTHERN,MISSISSIPPI,FIFTH CIRCUIT,173,81,2,0,90,5,2,2,0,1,168,79,0,89
2021-02-28,MISSISSIPPI SOUTHERN,MISSISSIPPI,FIFTH CIRCUIT,288,185,0,1,102,7,5,0,0,1,281,180,0,101
2021-02-28,MISSOURI EASTERN,MISSOURI,EIGHTH CIRCUIT,370,252,3,2,113,9,2,3,0,2,361,250,0,111
2021-02-28,MISSOURI WESTERN,MISSOURI,EIGHTH CIRCUIT,269,167,6,0,96,10,2,6,0,2,259,165,0,94
2021-02-28,MONTANA,MONTANA,NINTH CIRCUIT,30,25,1,0,4,3,2,1,0,0,27,23,0,4
2021-02-28,NEBRASKA,NEBRASKA,EIGHTH CIRCUIT,172,121,4,2,45,7,1,4,0,0,165,120,0,45
2021-02-28,NEVADA,NEVADA,NINTH CIRCUIT,597,530,11,0,56,21,10,10,0,1,576,520,1,55
2021-02-28,NEW HAMPSHIRE,NEW HAMPSHIRE,FIRST CIRCUIT,60,50,0,0,10,4,2,0,0,2,56,48,0,8
2021-02-28,NEW JERSEY,NEW JERSEY,THIRD CIRCUIT,765,599,6,0,160,18,13,5,0,0,747,586,1,160
2021-02-28,NEW MEXICO,NEW MEXICO,TENTH CIRCUIT,131,119,1,0,11,3,2,1,0,0,128,117,0,11
2021-02-28,NEW YORK EASTERN,NEW YORK,SECOND CIRCUIT,424,383,16,0,25,30,15,15,0,0,394,368,1,25
2021-02-28,NEW YORK NORTHERN,NEW YORK,SECOND CIRCUIT,232,206,0,1,25,6,4,0,0,1,226,202,0,24
2021-02-28,NEW YORK SOUTHERN,NEW YORK,SECOND CIRCUIT,293,237,14,0,35,27,5,12,0,3,266,232,2,32
2021-02-28,NEW YORK WESTERN,NEW YORK,SECOND CIRCUIT,178,142,1,0,35,5,3,1,0,1,173,139,0,34
2021-02-28,NORTH CAROLINA EASTERN,NORTH CAROLINA,FOURTH CIRCUIT,258,110,4,1,143,14,9,3,0,1,244,101,1,142
2021-02-28,NORTH CAROLINA MIDDLE,NORTH CAROLINA,FOURTH CIRCUIT,181,87,1,0,93,8,7,1,0,0,173,80,0,93
2021-02-28,NORTH CAROLINA WESTERN,NORTH CAROLINA,FOURTH CIRCUIT,126,75,2,0,49,7,5,2,0,0,119,70,0,49
2021-02-28,NORTH DAKOTA,NORTH DAKOTA,EIGHTH CIRCUIT,42,39,0,0,3,1,1,0,0,0,41,38,0,3
2021-02-28,NORTHERN MARIANAS,NORTHERN MARIANA ISLANDS,NINTH CIRCUIT,0,0,0,0,0,0,0,0,0,0,0,0,0,0
2021-02-28,OHIO NORTHERN,OHIO,SIXTH CIRCUIT,871,732,4,0,135,12,7,4,0,1,859,725,0,134
2021-02-28,OHIO SOUTHERN,OHIO,SIXTH CIRCUIT,683,515,2,0,166,8,6,0,0,2,675,509,2,164
2021-02-28,OKLAHOMA EASTERN,OKLAHOMA,TENTH CIRCUIT,39,34,0,0,5,0,0,0,0,0,39,34,0,5
2021-02-28,OKLAHOMA NORTHERN,OKLAHOMA,TENTH CIRCUIT,92,88,0,0,4,4,4,0,0,0,88,84,0,4
2021-02-28,OKLAHOMA WESTERN,OKLAHOMA,TENTH CIRCUIT,207,181,0,0,26,8,7,0,0,1,199,174,0,25
2021-02-28,OREGON,OREGON,NINTH CIRCUIT,429,357,2,1,69,9,6,2,0,0,420,351,0,69
2021-02-28,PENNSYLVANIA EASTERN,PENNSYLVANIA,THIRD CIRCUIT,259,177,4,0,78,9,3,4,0,2,250,174,0,76
2021-02-28,PENNSYLVANIA MIDDLE,PENNSYLVANIA,THIRD CIRCUIT,221,148,0,1,72,4,2,0,0,1,217,146,0,71
2021-02-28,PENNSYLVANIA WESTERN,PENNSYLVANIA,THIRD CIRCUIT,307,227,7,1,72,14,3,7,0,3,293,224,0,69
2021-02-28,PUERTO RICO,PUERTO RICO,FIRST CIRCUIT,378,164,4,0,210,7,3,4,0,0,371,161,0,210
2021-02-28,RHODE ISLAND,RHODE ISLAND,FIRST CIRCUIT,80,71,0,0,9,5,5,0,0,0,75,66,0,9
2021-02-28,SOUTH CAROLINA,SOUTH CAROLINA,FOURTH CIRCUIT,266,138,0,0,128,6,6,0,0,0,260,132,0,128
2021-02-28,SOUTH DAKOTA,SOUTH DAKOTA,EIGHTH CIRCUIT,46,44,0,0,2,4,4,0,0,0,42,40,0,2
2021-02-28,TENNESSEE EASTERN,TENNESSEE,SIXTH CIRCUIT,465,286,1,0,178,5,4,1,0,0,460,282,0,178
2021-02-28,TENNESSEE MIDDLE,TENNESSEE,SIXTH CIRCUIT,252,152,5,0,95,7,2,5,0,0,245,150,0,95
2021-02-28,TENNESSEE WESTERN,TENNESSEE,SIXTH CIRCUIT,361,103,1,0,257,5,3,1,0,1,356,100,0,256
2021-02-28,TEXAS EASTERN,TEXAS,FIFTH CIRCUIT,236,131,7,0,98,19,12,6,0,1,217,119,1,97
2021-02-28,TEXAS NORTHERN,TEXAS,FIFTH CIRCUIT,472,306,9,0,157,34,23,8,0,3,438,283,1,154
2021-02-28,TEXAS SOUTHERN,TEXAS,FIFTH CIRCUIT,510,225,173,0,112,187,14,173,0,0,323,211,0,112
2021-02-28,TEXAS WESTERN,TEXAS,FIFTH CIRCUIT,322,245,7,0,70,23,17,6,0,0,299,228,1,70
2021-02-28,UTAH,UTAH,TENTH CIRCUIT,365,233,1,0,131,7,6,1,0,0,358,227,0,131
2021-02-28,VERMONT,VERMONT,SECOND CIRCUIT,23,22,0,0,1,1,1,0,0,0,22,21,0,1
2021-02-28,VIRGIN ISLANDS,VIRGIN ISLANDS,THIRD CIRCUIT,0,0,0,0,0,0,0,0,0,0,0,0,0,0
2021-02-28,VIRGINIA EASTERN,VIRGINIA,FOURTH CIRCUIT,789,536,3,0,250,13,9,3,0,1,776,527,0,249
2021-02-28,VIRGINIA WESTERN,VIRGINIA,FOURTH CIRCUIT,223,148,0,0,75,4,4,0,0,0,219,144,0,75
2021-02-28,WASHINGTON EASTERN,WASHINGTON,NINTH CIRCUIT,133,106,3,0,24,6,3,3,0,0,127,103,0,24
2021-02-28,WASHINGTON WESTERN,WASHINGTON,NINTH CIRCUIT,378,305,7,0,66,19,13,6,0,0,359,292,1,66
2021-02-28,WEST VIRGINIA NORTHERN,WEST VIRGINIA,FOURTH CIRCUIT,62,53,1,0,8,3,2,1,0,0,59,51,0,8
2021-02-28,WEST VIRGINIA SOUTHERN,WEST VIRGINIA,FOURTH CIRCUIT,66,60,1,0,5,4,3,1,0,0,62,57,0,5
2021-02-28,WISCONSIN EASTERN,WISCONSIN,SEVENTH CIRCUIT,469,308,2,0,159,6,4,2,0,0,463,304,0,159
2021-02-28,WISCONSIN WESTERN,WISCONSIN,SEVENTH CIRCUIT,202,160,2,2,38,8,2,2,0,2,194,158,0,36
2021-02-28,WYOMING,WYOMING,TENTH CIRCUIT,32,28,2,0,2,3,2,1,0,0,29,26,1,2
2021-02-28,NA,NA,NA,11,10,0,0,1,1,1,0,0,0,10,9,0,1
2021-03-31,ALABAMA MIDDLE,ALABAMA,ELEVENTH CIRCUIT,420,151,1,0,268,3,2,1,0,0,417,149,0,268
2021-03-31,ALABAMA NORTHERN,ALABAMA,ELEVENTH CIRCUIT,827,496,0,1,330,7,5,0,0,1,820,491,0,329
2021-03-31,ALABAMA SOUTHERN,ALABAMA,ELEVENTH CIRCUIT,265,117,1,0,147,5,4,1,0,0,260,113,0,147
2021-03-31,ALASKA,ALASKA,NINTH CIRCUIT,24,20,1,0,3,3,2,1,0,0,21,18,0,3
2021-03-31,ARIZONA,ARIZONA,NINTH CIRCUIT,990,867,12,1,110,31,22,7,0,1,959,845,5,109
2021-03-31,ARKANSAS,ARKANSAS,EIGHTH CIRCUIT,552,302,3,0,247,12,5,3,0,4,540,297,0,243
2021-03-31,CALIFORNIA CENTRAL,CALIFORNIA,NINTH CIRCUIT,2472,2223,38,0,211,102,68,33,0,1,2370,2155,5,210
2021-03-31,CALIFORNIA EASTERN,CALIFORNIA,NINTH CIRCUIT,877,751,4,0,122,30,26,3,0,1,847,725,1,121
2021-03-31,CALIFORNIA NORTHERN,CALIFORNIA,NINTH CIRCUIT,484,350,12,0,122,32,19,9,0,4,452,331,3,118
2021-03-31,CALIFORNIA SOUTHERN,CALIFORNIA,NINTH CIRCUIT,565,511,4,1,49,25,21,3,0,0,540,490,1,49
2021-03-31,COLORADO,COLORADO,TENTH CIRCUIT,689,566,9,0,114,25,14,9,0,2,664,552,0,112
2021-03-31,CONNECTICUT,CONNECTICUT,SECOND CIRCUIT,358,314,2,0,42,9,6,2,0,1,349,308,0,41
2021-03-31,DELAWARE,DELAWARE,THIRD CIRCUIT,205,106,72,0,27,99,27,72,0,0,106,79,0,27
2021-03-31,DISTRICT OF COLUMBIA,DISTRICT OF COLUMBIA,DC CIRCUIT,27,23,2,0,2,3,1,2,0,0,24,22,0,2
2021-03-31,FLORIDA MIDDLE,FLORIDA,ELEVENTH CIRCUIT,1692,1363,28,0,300,65,39,23,0,2,1627,1324,5,298
2021-03-31,FLORIDA NORTHERN,FLORIDA,ELEVENTH CIRCUIT,175,137,3,1,34,5,1,3,0,0,170,136,0,34
2021-03-31,FLORIDA SOUTHERN,FLORIDA,ELEVENTH CIRCUIT,1197,776,28,0,392,47,20,23,0,3,1150,756,5,389
2021-03-31,GEORGIA MIDDLE,GEORGIA,ELEVENTH CIRCUIT,447,221,4,1,221,19,14,4,0,0,428,207,0,221
2021-03-31,GEORGIA NORTHERN,GEORGIA,ELEVENTH CIRCUIT,1444,922,17,0,505,39,24,14,0,1,1405,898,3,504
2021-03-31,GEORGIA SOUTHERN,GEORGIA,ELEVENTH CIRCUIT,282,86,0,0,196,1,1,0,0,0,281,85,0,196
2021-03-31,HAWAII,HAWAII,NINTH CIRCUIT,138,101,0,0,37,4,4,0,0,0,134,97,0,37
2021-03-31,IDAHO,IDAHO,NINTH CIRCUIT,249,225,2,0,22,6,4,2,0,0,243,221,0,22
2021-03-31,ILLINOIS CENTRAL,ILLINOIS,SEVENTH CIRCUIT,286,255,0,2,29,7,3,0,0,2,279,252,0,27
2021-03-31,ILLINOIS NORTHERN,ILLINOIS,SEVENTH CIRCUIT,1885,1376,10,0,498,38,22,10,0,5,1847,1354,0,493
2021-03-31,ILLINOIS SOUTHERN,ILLINOIS,SEVENTH CIRCUIT,172,131,0,0,41,3,2,0,0,1,169,129,0,40
2021-03-31,INDIANA NORTHERN,INDIANA,SEVENTH CIRCUIT,606,484,1,0,121,7,5,1,0,1,599,479,0,120
2021-03-31,INDIANA SOUTHERN,INDIANA,SEVENTH CIRCUIT,954,692,4,1,257,16,10,4,0,1,938,682,0,256
2021-03-31,IOWA NORTHERN,IOWA,EIGHTH CIRCUIT,108,98,2,1,7,8,4,2,0,1,100,94,0,6
2021-03-31,IOWA SOUTHERN,IOWA,EIGHTH CIRCUIT,174,153,1,0,20,4,3,1,0,0,170,150,0,20
2021-03-31,KANSAS,KANSAS,TENTH CIRCUIT,355,219,0,2,134,7,5,0,0,0,348,214,0,134
2021-03-31,KENTUCKY EASTERN,KENTUCKY,SIXTH CIRCUIT,498,404,0,0,94,3,3,0,0,0,495,401,0,94
2021-03-31,KENTUCKY WESTERN,KENTUCKY,SIXTH CIRCUIT,533,345,0,0,188,2,2,0,0,0,531,343,0,188
2021-03-31,LOUISIANA EASTERN,LOUISIANA,FIFTH CIRCUIT,181,95,4,0,82,11,7,4,0,0,170,88,0,82
2021-03-31,LOUISIANA MIDDLE,LOUISIANA,FIFTH CIRCUIT,68,51,0,0,17,3,3,0,0,0,65,48,0,17
2021-03-31,LOUISIANA WESTERN,LOUISIANA,FIFTH CIRCUIT,395,130,2,0,263,10,8,2,0,0,385,122,0,263
2021-03-31,MAINE,MAINE,FIRST CIRCUIT,74,63,0,0,11,3,3,0,0,0,71,60,0,11
2021-03-31,MARYLAND,MARYLAND,FOURTH CIRCUIT,907,723,4,0,180,24,18,3,0,3,883,705,1,177
2021-03-31,MASSACHUSETTS,MASSACHUSETTS,FIRST CIRCUIT,358,267,17,0,74,28,12,16,0,0,330,255,1,74
2021-03-31,MICHIGAN EASTERN,MICHIGAN,SIXTH CIRCUIT,1631,1252,11,2,366,20,6,11,0,1,1611,1246,0,365
2021-03-31,MICHIGAN WESTERN,MICHIGAN,SIXTH CIRCUIT,388,331,0,0,57,7,6,0,0,1,381,325,0,56
2021-03-31,MINNESOTA,MINNESOTA,EIGHTH CIRCUIT,559,475,2,4,78,22,15,2,0,1,537,460,0,77
2021-03-31,MISSISSIPPI NORTHERN,MISSISSIPPI,FIFTH CIRCUIT,291,144,1,0,146,4,1,1,0,2,287,143,0,144
2021-03-31,MISSISSIPPI SOUTHERN,MISSISSIPPI,FIFTH CIRCUIT,425,289,0,0,136,6,6,0,0,0,419,283,0,136
2021-03-31,MISSOURI EASTERN,MISSOURI,EIGHTH CIRCUIT,614,440,1,0,173,5,4,1,0,0,609,436,0,173
2021-03-31,MISSOURI WESTERN,MISSOURI,EIGHTH CIRCUIT,440,318,0,0,122,6,3,0,0,3,434,315,0,119
2021-03-31,MONTANA,MONTANA,NINTH CIRCUIT,76,67,0,0,9,3,2,0,0,1,73,65,0,8
2021-03-31,NEBRASKA,NEBRASKA,EIGHTH CIRCUIT,306,244,0,1,61,5,3,0,0,1,301,241,0,60
2021-03-31,NEVADA,NEVADA,NINTH CIRCUIT,782,692,10,0,80,29,19,9,0,1,753,673,1,79
2021-03-31,NEW HAMPSHIRE,NEW HAMPSHIRE,FIRST CIRCUIT,95,81,2,0,12,7,5,2,0,0,88,76,0,12
2021-03-31,NEW JERSEY,NEW JERSEY,THIRD CIRCUIT,1092,862,18,0,212,38,19,18,0,1,1054,843,0,211
2021-03-31,NEW MEXICO,NEW MEXICO,TENTH CIRCUIT,153,142,0,0,11,7,6,0,0,1,146,136,0,10
2021-03-31,NEW YORK EASTERN,NEW YORK,SECOND CIRCUIT,609,557,12,0,40,32,23,9,0,0,577,534,3,40
2021-03-31,NEW YORK NORTHERN,NEW YORK,SECOND CIRCUIT,371,331,0,0,40,7,7,0,0,0,364,324,0,40
2021-03-31,NEW YORK SOUTHERN,NEW YORK,SECOND CIRCUIT,425,370,12,0,39,26,11,11,0,0,399,359,1,39
2021-03-31,NEW YORK WESTERN,NEW YORK,SECOND CIRCUIT,223,180,1,0,42,3,2,1,0,0,220,178,0,42
2021-03-31,NORTH CAROLINA EASTERN,NORTH CAROLINA,FOURTH CIRCUIT,298,126,3,0,169,15,10,3,0,2,283,116,0,167
2021-03-31,NORTH CAROLINA MIDDLE,NORTH CAROLINA,FOURTH CIRCUIT,192,98,0,0,94,3,3,0,0,0,189,95,0,94
2021-03-31,NORTH CAROLINA WESTERN,NORTH CAROLINA,FOURTH CIRCUIT,171,103,2,0,66,8,6,2,0,0,163,97,0,66
2021-03-31,NORTH DAKOTA,NORTH DAKOTA,EIGHTH CIRCUIT,57,53,0,1,3,5,4,0,0,0,52,49,0,3
2021-03-31,NORTHERN MARIANAS,NORTHERN MARIANA ISLANDS,NINTH CIRCUIT,0,0,0,0,0,0,0,0,0,0,0,0,0,0
2021-03-31,OHIO NORTHERN,OHIO,SIXTH CIRCUIT,1348,1167,12,0,169,38,24,12,0,2,1310,1143,0,167
2021-03-31,OHIO SOUTHERN,OHIO,SIXTH CIRCUIT,968,763,4,0,201,12,6,4,0,2,956,757,0,199
2021-03-31,OKLAHOMA EASTERN,OKLAHOMA,TENTH CIRCUIT,118,113,0,0,5,1,1,0,0,0,117,112,0,5
2021-03-31,OKLAHOMA NORTHERN,OKLAHOMA,TENTH CIRCUIT,149,143,0,0,6,5,5,0,0,0,144,138,0,6
2021-03-31,OKLAHOMA WESTERN,OKLAHOMA,TENTH CIRCUIT,385,331,0,0,54,9,8,0,0,1,376,323,0,53
2021-03-31,OREGON,OREGON,NINTH CIRCUIT,532,442,3,1,86,16,11,3,0,1,516,431,0,85
2021-03-31,PENNSYLVANIA EASTERN,PENNSYLVANIA,THIRD CIRCUIT,361,258,3,0,100,19,16,3,0,0,342,242,0,100
2021-03-31,PENNSYLVANIA MIDDLE,PENNSYLVANIA,THIRD CIRCUIT,318,234,1,0,83,8,6,1,0,1,310,228,0,82
2021-03-31,PENNSYLVANIA WESTERN,PENNSYLVANIA,THIRD CIRCUIT,511,412,4,1,94,20,13,4,0,2,491,399,0,92
2021-03-31,PUERTO RICO,PUERTO RICO,FIRST CIRCUIT,412,165,5,0,242,6,2,3,0,1,406,163,2,241
2021-03-31,RHODE ISLAND,RHODE ISLAND,FIRST CIRCUIT,107,95,0,0,12,9,9,0,0,0,98,86,0,12
2021-03-31,SOUTH CAROLINA,SOUTH CAROLINA,FOURTH CIRCUIT,377,204,4,0,169,9,5,4,0,0,368,199,0,169
2021-03-31,SOUTH DAKOTA,SOUTH DAKOTA,EIGHTH CIRCUIT,57,49,1,0,7,3,2,1,0,0,54,47,0,7
2021-03-31,TENNESSEE EASTERN,TENNESSEE,SIXTH CIRCUIT,701,508,4,1,188,10,5,4,0,0,691,503,0,188
2021-03-31,TENNESSEE MIDDLE,TENNESSEE,SIXTH CIRCUIT,426,282,4,0,140,16,12,4,0,0,410,270,0,140
2021-03-31,TENNESSEE WESTERN,TENNESSEE,SIXTH CIRCUIT,578,212,2,0,364,3,0,2,0,1,575,212,0,363
2021-03-31,TEXAS EASTERN,TEXAS,FIFTH CIRCUIT,337,220,4,0,113,24,19,3,0,2,313,201,1,111
2021-03-31,TEXAS NORTHERN,TEXAS,FIFTH CIRCUIT,725,503,9,0,213,39,31,8,0,0,686,472,1,213
2021-03-31,TEXAS SOUTHERN,TEXAS,FIFTH CIRCUIT,530,320,40,0,122,114,26,40,0,0,416,294,0,122
2021-03-31,TEXAS WESTERN,TEXAS,FIFTH CIRCUIT,466,356,10,0,100,33,22,10,0,1,433,334,0,99
2021-03-31,UTAH,UTAH,TENTH CIRCUIT,592,416,1,0,175,12,10,1,0,1,580,406,0,174
2021-03-31,VERMONT,VERMONT,SECOND CIRCUIT,25,23,0,0,2,2,2,0,0,0,23,21,0,2
2021-03-31,VIRGIN ISLANDS,VIRGIN ISLANDS,THIRD CIRCUIT,0,0,0,0,0,0,0,0,0,0,0,0,0,0
2021-03-31,VIRGINIA EASTERN,VIRGINIA,FOURTH CIRCUIT,1075,772,2,0,301,19,16,2,0,1,1056,756,0,300
2021-03-31,VIRGINIA WESTERN,VIRGINIA,FOURTH CIRCUIT,344,262,2,2,78,6,2,2,0,0,338,260,0,78
2021-03-31,WASHINGTON EASTERN,WASHINGTON,NINTH CIRCUIT,199,168,2,0,29,5,4,1,0,0,194,164,1,29
2021-03-31,WASHINGTON WESTERN,WASHINGTON,NINTH CIRCUIT,503,398,6,0,99,15,10,5,0,0,488,388,1,99
2021-03-31,WEST VIRGINIA NORTHERN,WEST VIRGINIA,FOURTH CIRCUIT,110,95,1,0,14,4,2,1,0,1,106,93,0,13
2021-03-31,WEST VIRGINIA SOUTHERN,WEST VIRGINIA,FOURTH CIRCUIT,102,93,0,0,9,0,0,0,0,0,102,93,0,9
2021-03-31,WISCONSIN EASTERN,WISCONSIN,SEVENTH CIRCUIT,828,565,3,2,258,12,7,3,0,0,816,558,0,258
2021-03-31,WISCONSIN WESTERN,WISCONSIN,SEVENTH CIRCUIT,287,239,0,4,44,12,7,0,0,1,275,232,0,43
2021-03-31,WYOMING,WYOMING,TENTH CIRCUIT,70,64,2,0,4,3,1,2,0,0,67,63,0,4
2021-03-31,NA,NA,NA,8,7,0,0,1,0,0,0,0,0,8,7,0,1
