DATE,DISTRICT,STATE,CIRCUIT,TOTAL_FILINGS,CHAP_7,CHAP_11,CHAP_12,CHAP_13,TOTAL_BUSINESS_FILINGS,BCHAP_7,BCHAP_11,BCHAP_12,BCHAP_13,TOTAL_NON_BUSINESS_FILINGS,NBCHAP_7,NBCHAP_11,NBCHAP_13
2001-03-31,ALABAMA MIDDLE,ALABAMA,ELEVENTH CIRCUIT,2068,1060,7,0,1001,37,26,5,0,6,2031,1034,2,995
2001-03-31,ALABAMA NORTHERN,ALABAMA,ELEVENTH CIRCUIT,5979,2874,22,0,3083,56,30,18,0,8,5923,2844,4,3075
2001-03-31,ALABAMA SOUTHERN,ALABAMA,ELEVENTH CIRCUIT,1648,800,7,1,840,14,5,7,1,1,1634,795,0,839
2001-03-31,ALASKA,ALASKA,NINTH CIRCUIT,320,282,5,0,33,30,18,5,0,7,290,264,0,26
2001-03-31,ARIZONA,ARIZONA,NINTH CIRCUIT,5695,4515,76,0,1104,198,98,69,0,31,5497,4417,7,1073
2001-03-31,ARKANSAS EASTERN,ARKANSAS,EIGHTH CIRCUIT,3515,1923,5,0,1587,52,23,5,0,24,3463,1900,0,1563
2001-03-31,ARKANSAS WESTERN,ARKANSAS,EIGHTH CIRCUIT,2100,1491,3,0,606,31,18,3,0,10,2069,1473,0,596
2001-03-31,CALIFORNIA CENTRAL,CALIFORNIA,NINTH CIRCUIT,21888,17984,106,0,3797,621,469,91,0,60,21267,17515,15,3737
2001-03-31,CALIFORNIA EASTERN,CALIFORNIA,NINTH CIRCUIT,8315,7154,33,0,1128,307,199,30,0,78,8008,6955,3,1050
2001-03-31,CALIFORNIA NORTHERN,CALIFORNIA,NINTH CIRCUIT,5048,3548,81,0,1418,302,148,80,0,73,4746,3400,1,1345
2001-03-31,CALIFORNIA SOUTHERN,CALIFORNIA,NINTH CIRCUIT,3292,2599,18,0,674,38,22,14,0,1,3254,2577,4,673
2001-03-31,COLORADO,COLORADO,TENTH CIRCUIT,4296,3663,20,1,612,134,106,20,1,7,4162,3557,0,605
2001-03-31,CONNECTICUT,CONNECTICUT,SECOND CIRCUIT,3072,2682,22,1,367,38,19,18,1,0,3034,2663,4,367
2001-03-31,DELAWARE,DELAWARE,THIRD CIRCUIT,1136,518,340,0,278,370,30,340,0,0,766,488,0,278
2001-03-31,DISTRICT OF COLUMBIA,DISTRICT OF COLUMBIA,DC CIRCUIT,690,498,6,0,186,6,0,6,0,0,684,498,0,186
2001-03-31,FLORIDA MIDDLE,FLORIDA,ELEVENTH CIRCUIT,11486,8140,70,1,3275,216,130,65,1,20,11270,8010,5,3255
2001-03-31,FLORIDA NORTHERN,FLORIDA,ELEVENTH CIRCUIT,1556,1218,12,0,326,19,9,10,0,0,1537,1209,2,326
2001-03-31,FLORIDA SOUTHERN,FLORIDA,ELEVENTH CIRCUIT,7294,5028,59,0,2207,159,103,55,0,1,7135,4925,4,2206
2001-03-31,GEORGIA MIDDLE,GEORGIA,ELEVENTH CIRCUIT,4139,1951,5,0,2183,22,13,4,0,5,4117,1938,1,2178
2001-03-31,GEORGIA NORTHERN,GEORGIA,ELEVENTH CIRCUIT,9319,4289,45,0,4984,225,104,41,0,79,9094,4185,4,4905
2001-03-31,GEORGIA SOUTHERN,GEORGIA,ELEVENTH CIRCUIT,3339,1016,8,0,2314,28,17,8,0,2,3311,999,0,2312
2001-03-31,GUAM,GUAM,NINTH CIRCUIT,59,48,1,0,10,6,3,1,0,2,53,45,0,8
2001-03-31,HAWAII,HAWAII,NINTH CIRCUIT,1300,1186,4,0,110,14,11,2,0,1,1286,1175,2,109
2001-03-31,IDAHO,IDAHO,NINTH CIRCUIT,1925,1602,20,1,302,73,45,19,1,8,1852,1557,1,294
2001-03-31,ILLINOIS CENTRAL,ILLINOIS,SEVENTH CIRCUIT,3684,3172,17,1,494,45,25,16,1,3,3639,3147,1,491
2001-03-31,ILLINOIS NORTHERN,ILLINOIS,SEVENTH CIRCUIT,12672,8901,45,0,3726,175,128,43,0,4,12497,8773,2,3722
2001-03-31,ILLINOIS SOUTHERN,ILLINOIS,SEVENTH CIRCUIT,2295,1690,7,0,598,147,97,7,0,43,2148,1593,0,555
2001-03-31,INDIANA NORTHERN,INDIANA,SEVENTH CIRCUIT,4381,3667,21,0,693,54,29,18,0,7,4327,3638,3,686
2001-03-31,INDIANA SOUTHERN,INDIANA,SEVENTH CIRCUIT,6631,5153,22,1,1455,89,63,21,1,4,6542,5090,1,1451
2001-03-31,IOWA NORTHERN,IOWA,EIGHTH CIRCUIT,1042,1011,3,0,28,46,43,3,0,0,996,968,0,28
2001-03-31,IOWA SOUTHERN,IOWA,EIGHTH CIRCUIT,1482,1366,4,1,111,21,16,4,1,0,1461,1350,0,111
2001-03-31,KANSAS,KANSAS,TENTH CIRCUIT,3157,2623,19,0,515,54,29,18,0,7,3103,2594,1,508
2001-03-31,KENTUCKY EASTERN,KENTUCKY,SIXTH CIRCUIT,2949,2536,71,0,342,141,58,71,0,12,2808,2478,0,330
2001-03-31,KENTUCKY WESTERN,KENTUCKY,SIXTH CIRCUIT,3736,3049,19,0,668,55,35,19,0,1,3681,3014,0,667
2001-03-31,LOUISIANA EASTERN,LOUISIANA,FIFTH CIRCUIT,2520,1667,19,0,834,46,27,18,0,1,2474,1640,1,833
2001-03-31,LOUISIANA MIDDLE,LOUISIANA,FIFTH CIRCUIT,731,540,2,0,189,6,4,2,0,0,725,536,0,189
2001-03-31,LOUISIANA WESTERN,LOUISIANA,FIFTH CIRCUIT,3193,1778,12,0,1403,138,77,12,0,49,3055,1701,0,1354
2001-03-31,MAINE,MAINE,FIRST CIRCUIT,1029,948,8,0,73,46,33,8,0,5,983,915,0,68
2001-03-31,MARYLAND,MARYLAND,FOURTH CIRCUIT,9241,6341,35,0,2865,198,134,29,0,35,9043,6207,6,2830
2001-03-31,MASSACHUSETTS,MASSACHUSETTS,FIRST CIRCUIT,4734,4116,39,0,579,96,55,39,0,2,4638,4061,0,577
2001-03-31,MICHIGAN EASTERN,MICHIGAN,SIXTH CIRCUIT,8354,6161,35,0,2158,87,53,31,0,3,8267,6108,4,2155
2001-03-31,MICHIGAN WESTERN,MICHIGAN,SIXTH CIRCUIT,3713,2828,13,0,872,65,45,13,0,7,3648,2783,0,865
2001-03-31,MINNESOTA,MINNESOTA,EIGHTH CIRCUIT,4749,3901,26,0,822,491,394,26,0,71,4258,3507,0,751
2001-03-31,MISSISSIPPI NORTHERN,MISSISSIPPI,FIFTH CIRCUIT,1968,1326,4,0,638,22,15,4,0,3,1946,1311,0,635
2001-03-31,MISSISSIPPI SOUTHERN,MISSISSIPPI,FIFTH CIRCUIT,3667,2452,17,0,1198,48,28,16,0,4,3619,2424,1,1194
2001-03-31,MISSOURI EASTERN,MISSOURI,EIGHTH CIRCUIT,4177,2679,43,0,1455,70,26,40,0,4,4107,2653,3,1451
2001-03-31,MISSOURI WESTERN,MISSOURI,EIGHTH CIRCUIT,3080,2366,16,0,698,49,22,15,0,12,3031,2344,1,686
2001-03-31,MONTANA,MONTANA,NINTH CIRCUIT,992,876,5,0,111,35,27,3,0,5,957,849,2,106
2001-03-31,NEBRASKA,NEBRASKA,EIGHTH CIRCUIT,1802,1538,18,0,246,38,20,17,0,1,1764,1518,1,245
2001-03-31,NEVADA,NEVADA,NINTH CIRCUIT,4049,2916,54,0,1079,101,45,51,0,5,3948,2871,3,1074
2001-03-31,NEW HAMPSHIRE,NEW HAMPSHIRE,FIRST CIRCUIT,1028,941,6,0,81,81,75,6,0,0,947,866,0,81
2001-03-31,NEW JERSEY,NEW JERSEY,THIRD CIRCUIT,10846,7152,102,1,3591,197,101,95,1,0,10649,7051,7,3591
2001-03-31,NEW MEXICO,NEW MEXICO,TENTH CIRCUIT,2271,1926,18,0,327,147,102,17,0,28,2124,1824,1,299
2001-03-31,NEW YORK EASTERN,NEW YORK,SECOND CIRCUIT,6642,5152,91,0,1399,122,37,85,0,0,6520,5115,6,1399
2001-03-31,NEW YORK NORTHERN,NEW YORK,SECOND CIRCUIT,3905,3250,12,2,641,103,63,12,2,26,3802,3187,0,615
2001-03-31,NEW YORK SOUTHERN,NEW YORK,SECOND CIRCUIT,3746,2949,375,0,420,413,49,361,0,1,3333,2900,14,419
2001-03-31,NEW YORK WESTERN,NEW YORK,SECOND CIRCUIT,3092,2368,14,0,710,126,94,13,0,19,2966,2274,1,691
2001-03-31,NORTH CAROLINA EASTERN,NORTH CAROLINA,FOURTH CIRCUIT,3428,1741,13,0,1674,55,35,11,0,9,3373,1706,2,1665
2001-03-31,NORTH CAROLINA MIDDLE,NORTH CAROLINA,FOURTH CIRCUIT,2570,997,9,0,1564,44,26,9,0,9,2526,971,0,1555
2001-03-31,NORTH CAROLINA WESTERN,NORTH CAROLINA,FOURTH CIRCUIT,2132,1087,16,0,1029,32,17,14,0,1,2100,1070,2,1028
2001-03-31,NORTH DAKOTA,NORTH DAKOTA,EIGHTH CIRCUIT,587,567,2,0,18,26,23,2,0,1,561,544,0,17
2001-03-31,NORTHERN MARIANAS,NORTHERN MARIANA ISLANDS,NINTH CIRCUIT,9,8,1,0,0,4,3,1,0,0,5,5,0,0
2001-03-31,OHIO NORTHERN,OHIO,SIXTH CIRCUIT,8279,6734,23,0,1522,273,205,23,0,45,8006,6529,0,1477
2001-03-31,OHIO SOUTHERN,OHIO,SIXTH CIRCUIT,7951,6245,31,0,1674,133,76,28,0,28,7818,6169,3,1646
2001-03-31,OKLAHOMA EASTERN,OKLAHOMA,TENTH CIRCUIT,1107,1044,4,0,59,27,21,4,0,2,1080,1023,0,57
2001-03-31,OKLAHOMA NORTHERN,OKLAHOMA,TENTH CIRCUIT,1470,1325,4,0,141,122,108,3,0,11,1348,1217,1,130
2001-03-31,OKLAHOMA WESTERN,OKLAHOMA,TENTH CIRCUIT,3206,2636,8,0,562,95,71,8,0,16,3111,2565,0,546
2001-03-31,OREGON,OREGON,NINTH CIRCUIT,5109,4311,8,0,790,311,134,8,0,169,4798,4177,0,621
2001-03-31,PENNSYLVANIA EASTERN,PENNSYLVANIA,THIRD CIRCUIT,6286,3727,48,0,2511,91,43,47,0,1,6195,3684,1,2510
2001-03-31,PENNSYLVANIA MIDDLE,PENNSYLVANIA,THIRD CIRCUIT,3154,2520,12,0,622,179,124,11,0,44,2975,2396,1,578
2001-03-31,PENNSYLVANIA WESTERN,PENNSYLVANIA,THIRD CIRCUIT,4051,3524,36,0,491,111,71,34,0,6,3940,3453,2,485
2001-03-31,PUERTO RICO,PUERTO RICO,FIRST CIRCUIT,3793,1061,23,0,2709,57,40,16,0,1,3736,1021,7,2708
2001-03-31,RHODE ISLAND,RHODE ISLAND,FIRST CIRCUIT,1306,1197,6,0,103,20,14,5,0,1,1286,1183,1,102
2001-03-31,SOUTH CAROLINA,SOUTH CAROLINA,FOURTH CIRCUIT,3402,1646,19,0,1737,26,11,14,0,1,3376,1635,5,1736
2001-03-31,SOUTH DAKOTA,SOUTH DAKOTA,EIGHTH CIRCUIT,612,585,4,0,23,40,33,3,0,4,572,552,1,19
2001-03-31,TENNESSEE EASTERN,TENNESSEE,SIXTH CIRCUIT,4904,3104,18,0,1782,103,70,15,0,18,4801,3034,3,1764
2001-03-31,TENNESSEE MIDDLE,TENNESSEE,SIXTH CIRCUIT,3750,2431,30,0,1289,52,25,23,0,4,3698,2406,7,1285
2001-03-31,TENNESSEE WESTERN,TENNESSEE,SIXTH CIRCUIT,6203,1893,52,0,4258,74,15,48,0,11,6129,1878,4,4247
2001-03-31,TEXAS EASTERN,TEXAS,FIFTH CIRCUIT,2660,1488,19,0,1153,102,52,18,0,32,2558,1436,1,1121
2001-03-31,TEXAS NORTHERN,TEXAS,FIFTH CIRCUIT,6554,3522,99,0,2933,276,132,98,0,46,6278,3390,1,2887
2001-03-31,TEXAS SOUTHERN,TEXAS,FIFTH CIRCUIT,4946,2821,89,0,2036,272,128,87,0,57,4674,2693,2,1979
2001-03-31,TEXAS WESTERN,TEXAS,FIFTH CIRCUIT,4620,2621,57,0,1942,130,60,51,0,19,4490,2561,6,1923
2001-03-31,UTAH,UTAH,TENTH CIRCUIT,4511,2867,21,0,1623,112,69,20,0,23,4399,2798,1,1600
2001-03-31,VERMONT,VERMONT,SECOND CIRCUIT,439,389,1,1,48,17,12,1,1,3,422,377,0,45
2001-03-31,VIRGIN ISLANDS,VIRGIN ISLANDS,THIRD CIRCUIT,16,13,2,0,1,3,1,2,0,0,13,12,0,1
2001-03-31,VIRGINIA EASTERN,VIRGINIA,FOURTH CIRCUIT,7597,5506,48,0,2043,82,44,37,0,1,7515,5462,11,2042
2001-03-31,VIRGINIA WESTERN,VIRGINIA,FOURTH CIRCUIT,3184,2741,18,0,425,154,116,18,0,20,3030,2625,0,405
2001-03-31,WASHINGTON EASTERN,WASHINGTON,NINTH CIRCUIT,2715,2020,8,0,687,73,56,4,0,13,2642,1964,4,674
2001-03-31,WASHINGTON WESTERN,WASHINGTON,NINTH CIRCUIT,6793,5493,33,0,1267,79,46,30,0,3,6714,5447,3,1264
2001-03-31,WEST VIRGINIA NORTHERN,WEST VIRGINIA,FOURTH CIRCUIT,1088,1029,5,0,54,43,32,5,0,6,1045,997,0,48
2001-03-31,WEST VIRGINIA SOUTHERN,WEST VIRGINIA,FOURTH CIRCUIT,1600,1512,5,0,83,46,32,5,0,9,1554,1480,0,74
2001-03-31,WISCONSIN EASTERN,WISCONSIN,SEVENTH CIRCUIT,3481,2844,3,0,634,59,51,3,0,5,3422,2793,0,629
2001-03-31,WISCONSIN WESTERN,WISCONSIN,SEVENTH CIRCUIT,1714,1508,13,0,193,115,95,10,0,10,1599,1413,3,183
2001-03-31,WYOMING,WYOMING,TENTH CIRCUIT,577,527,6,0,44,19,11,5,0,3,558,516,1,41
2001-06-30,ALABAMA MIDDLE,ALABAMA,ELEVENTH CIRCUIT,1982,971,5,0,1006,44,29,5,0,10,1938,942,0,996
2001-06-30,ALABAMA NORTHERN,ALABAMA,ELEVENTH CIRCUIT,6104,2788,22,0,3294,52,27,16,0,9,6052,2761,6,3285
2001-06-30,ALABAMA SOUTHERN,ALABAMA,ELEVENTH CIRCUIT,1689,786,12,0,891,25,9,11,0,5,1664,777,1,886
2001-06-30,ALASKA,ALASKA,NINTH CIRCUIT,412,373,6,0,33,30,21,6,0,3,382,352,0,30
2001-06-30,ARIZONA,ARIZONA,NINTH CIRCUIT,6799,5536,73,0,1188,186,104,61,0,21,6613,5432,12,1167
2001-06-30,ARKANSAS EASTERN,ARKANSAS,EIGHTH CIRCUIT,3462,1926,8,0,1528,37,17,7,0,13,3425,1909,1,1515
2001-06-30,ARKANSAS WESTERN,ARKANSAS,EIGHTH CIRCUIT,1999,1416,2,0,581,32,21,2,0,9,1967,1395,0,572
2001-06-30,CALIFORNIA CENTRAL,CALIFORNIA,NINTH CIRCUIT,24608,20820,137,1,3649,643,483,121,1,37,23965,20337,16,3612
2001-06-30,CALIFORNIA EASTERN,CALIFORNIA,NINTH CIRCUIT,8800,7626,27,9,1138,327,233,24,9,61,8473,7393,3,1077
2001-06-30,CALIFORNIA NORTHERN,CALIFORNIA,NINTH CIRCUIT,5452,3969,55,2,1425,284,160,49,2,72,5168,3809,6,1353
2001-06-30,CALIFORNIA SOUTHERN,CALIFORNIA,NINTH CIRCUIT,3756,3027,8,0,720,41,32,6,0,2,3715,2995,2,718
2001-06-30,COLORADO,COLORADO,TENTH CIRCUIT,5245,4634,29,0,582,112,81,29,0,2,5133,4553,0,580
2001-06-30,CONNECTICUT,CONNECTICUT,SECOND CIRCUIT,3337,2923,21,1,392,44,24,19,1,0,3293,2899,2,392
2001-06-30,DELAWARE,DELAWARE,THIRD CIRCUIT,1036,509,274,0,253,287,13,274,0,0,749,496,0,253
2001-06-30,DISTRICT OF COLUMBIA,DISTRICT OF COLUMBIA,DC CIRCUIT,691,485,10,0,196,11,1,10,0,0,680,484,0,196
2001-06-30,FLORIDA MIDDLE,FLORIDA,ELEVENTH CIRCUIT,13525,10151,66,2,3306,264,169,58,2,35,13261,9982,8,3271
2001-06-30,FLORIDA NORTHERN,FLORIDA,ELEVENTH CIRCUIT,1705,1381,18,1,305,36,15,17,1,3,1669,1366,1,302
2001-06-30,FLORIDA SOUTHERN,FLORIDA,ELEVENTH CIRCUIT,8924,6468,134,0,2322,230,105,124,0,1,8694,6363,10,2321
2001-06-30,GEORGIA MIDDLE,GEORGIA,ELEVENTH CIRCUIT,4029,1758,18,17,2236,50,9,18,17,6,3979,1749,0,2230
2001-06-30,GEORGIA NORTHERN,GEORGIA,ELEVENTH CIRCUIT,9184,4267,48,1,4868,236,117,45,1,73,8948,4150,3,4795
2001-06-30,GEORGIA SOUTHERN,GEORGIA,ELEVENTH CIRCUIT,3534,920,5,2,2607,28,12,5,2,9,3506,908,0,2598
2001-06-30,GUAM,GUAM,NINTH CIRCUIT,68,52,3,0,13,6,3,3,0,0,62,49,0,13
2001-06-30,HAWAII,HAWAII,NINTH CIRCUIT,1352,1216,3,0,133,18,14,3,0,1,1334,1202,0,132
2001-06-30,IDAHO,IDAHO,NINTH CIRCUIT,2365,2034,26,3,302,80,43,26,3,8,2285,1991,0,294
2001-06-30,ILLINOIS CENTRAL,ILLINOIS,SEVENTH CIRCUIT,3816,3280,4,7,525,48,32,4,7,5,3768,3248,0,520
2001-06-30,ILLINOIS NORTHERN,ILLINOIS,SEVENTH CIRCUIT,13251,9588,63,1,3599,196,130,57,1,8,13055,9458,6,3591
2001-06-30,ILLINOIS SOUTHERN,ILLINOIS,SEVENTH CIRCUIT,2284,1675,9,6,594,133,98,7,6,22,2151,1577,2,572
2001-06-30,INDIANA NORTHERN,INDIANA,SEVENTH CIRCUIT,5146,4392,16,0,738,41,23,14,0,4,5105,4369,2,734
2001-06-30,INDIANA SOUTHERN,INDIANA,SEVENTH CIRCUIT,8043,6410,27,1,1605,97,70,22,1,4,7946,6340,5,1601
2001-06-30,IOWA NORTHERN,IOWA,EIGHTH CIRCUIT,1330,1283,2,1,44,54,50,2,1,1,1276,1233,0,43
2001-06-30,IOWA SOUTHERN,IOWA,EIGHTH CIRCUIT,1891,1768,4,2,117,25,17,4,2,2,1866,1751,0,115
2001-06-30,KANSAS,KANSAS,TENTH CIRCUIT,3948,3343,13,5,587,52,30,12,5,5,3896,3313,1,582
2001-06-30,KENTUCKY EASTERN,KENTUCKY,SIXTH CIRCUIT,3145,2759,14,0,372,70,51,13,0,6,3075,2708,1,366
2001-06-30,KENTUCKY WESTERN,KENTUCKY,SIXTH CIRCUIT,3818,3165,10,0,643,30,19,10,0,1,3788,3146,0,642
2001-06-30,LOUISIANA EASTERN,LOUISIANA,FIFTH CIRCUIT,2918,2093,19,0,806,36,20,15,0,1,2882,2073,4,805
2001-06-30,LOUISIANA MIDDLE,LOUISIANA,FIFTH CIRCUIT,861,641,4,0,216,8,4,4,0,0,853,637,0,216
2001-06-30,LOUISIANA WESTERN,LOUISIANA,FIFTH CIRCUIT,3551,2027,11,1,1512,140,87,9,1,43,3411,1940,2,1469
2001-06-30,MAINE,MAINE,FIRST CIRCUIT,1364,1277,6,1,80,47,37,6,1,3,1317,1240,0,77
2001-06-30,MARYLAND,MARYLAND,FOURTH CIRCUIT,9753,7008,40,0,2705,205,135,36,0,34,9548,6873,4,2671
2001-06-30,MASSACHUSETTS,MASSACHUSETTS,FIRST CIRCUIT,4983,4349,35,0,599,98,60,35,0,3,4885,4289,0,596
2001-06-30,MICHIGAN EASTERN,MICHIGAN,SIXTH CIRCUIT,8279,6130,53,0,2096,108,57,50,0,1,8171,6073,3,2095
2001-06-30,MICHIGAN WESTERN,MICHIGAN,SIXTH CIRCUIT,3613,2853,18,2,740,69,44,18,2,5,3544,2809,0,735
2001-06-30,MINNESOTA,MINNESOTA,EIGHTH CIRCUIT,4844,4046,7,4,787,518,433,7,4,74,4326,3613,0,713
2001-06-30,MISSISSIPPI NORTHERN,MISSISSIPPI,FIFTH CIRCUIT,1953,1340,8,2,603,30,19,8,2,1,1923,1321,0,602
2001-06-30,MISSISSIPPI SOUTHERN,MISSISSIPPI,FIFTH CIRCUIT,3583,2405,49,1,1128,72,24,47,1,0,3511,2381,2,1128
2001-06-30,MISSOURI EASTERN,MISSOURI,EIGHTH CIRCUIT,4319,2969,26,3,1321,69,35,23,3,8,4250,2934,3,1313
2001-06-30,MISSOURI WESTERN,MISSOURI,EIGHTH CIRCUIT,3775,3113,11,3,648,45,25,8,3,9,3730,3088,3,639
2001-06-30,MONTANA,MONTANA,NINTH CIRCUIT,1151,1022,2,1,126,38,31,2,1,4,1113,991,0,122
2001-06-30,NEBRASKA,NEBRASKA,EIGHTH CIRCUIT,1970,1675,12,12,271,44,14,12,12,6,1926,1661,0,265
2001-06-30,NEVADA,NEVADA,NINTH CIRCUIT,5199,3938,102,1,1158,157,48,97,1,11,5042,3890,5,1147
2001-06-30,NEW HAMPSHIRE,NEW HAMPSHIRE,FIRST CIRCUIT,1193,1106,7,0,80,103,92,7,0,4,1090,1014,0,76
2001-06-30,NEW JERSEY,NEW JERSEY,THIRD CIRCUIT,11744,7837,118,0,3789,209,100,104,0,5,11535,7737,14,3784
2001-06-30,NEW MEXICO,NEW MEXICO,TENTH CIRCUIT,2303,2032,15,2,254,174,136,15,2,21,2129,1896,0,233
2001-06-30,NEW YORK EASTERN,NEW YORK,SECOND CIRCUIT,7586,6073,54,0,1459,86,32,52,0,2,7500,6041,2,1457
2001-06-30,NEW YORK NORTHERN,NEW YORK,SECOND CIRCUIT,4623,3816,18,3,786,115,76,18,3,18,4508,3740,0,768
2001-06-30,NEW YORK SOUTHERN,NEW YORK,SECOND CIRCUIT,4323,3626,272,0,413,337,57,264,0,4,3986,3569,8,409
2001-06-30,NEW YORK WESTERN,NEW YORK,SECOND CIRCUIT,3660,2885,17,1,757,106,68,17,1,20,3554,2817,0,737
2001-06-30,NORTH CAROLINA EASTERN,NORTH CAROLINA,FOURTH CIRCUIT,3430,1790,9,5,1626,60,33,7,5,15,3370,1757,2,1611
2001-06-30,NORTH CAROLINA MIDDLE,NORTH CAROLINA,FOURTH CIRCUIT,2741,1121,21,0,1599,64,36,21,0,7,2677,1085,0,1592
2001-06-30,NORTH CAROLINA WESTERN,NORTH CAROLINA,FOURTH CIRCUIT,2227,1165,16,1,1045,43,26,16,1,0,2184,1139,0,1045
2001-06-30,NORTH DAKOTA,NORTH DAKOTA,EIGHTH CIRCUIT,622,602,3,5,12,37,26,3,5,3,585,576,0,9
2001-06-30,NORTHERN MARIANAS,NORTHERN MARIANA ISLANDS,NINTH CIRCUIT,5,5,0,0,0,0,0,0,0,0,5,5,0,0
2001-06-30,OHIO NORTHERN,OHIO,SIXTH CIRCUIT,10526,8870,22,0,1634,334,254,22,0,58,10192,8616,0,1576
2001-06-30,OHIO SOUTHERN,OHIO,SIXTH CIRCUIT,9347,7577,25,2,1743,139,89,24,2,24,9208,7488,1,1719
2001-06-30,OKLAHOMA EASTERN,OKLAHOMA,TENTH CIRCUIT,1138,1066,1,2,69,28,22,1,2,3,1110,1044,0,66
2001-06-30,OKLAHOMA NORTHERN,OKLAHOMA,TENTH CIRCUIT,1563,1442,8,2,111,143,124,8,2,9,1420,1318,0,102
2001-06-30,OKLAHOMA WESTERN,OKLAHOMA,TENTH CIRCUIT,3600,3076,9,8,507,104,77,8,8,11,3496,2999,1,496
2001-06-30,OREGON,OREGON,NINTH CIRCUIT,6582,5689,9,5,879,377,173,9,5,190,6205,5516,0,689
2001-06-30,PENNSYLVANIA EASTERN,PENNSYLVANIA,THIRD CIRCUIT,6386,3956,36,0,2394,77,45,30,0,2,6309,3911,6,2392
2001-06-30,PENNSYLVANIA MIDDLE,PENNSYLVANIA,THIRD CIRCUIT,3476,2779,30,0,667,203,131,30,0,42,3273,2648,0,625
2001-06-30,PENNSYLVANIA WESTERN,PENNSYLVANIA,THIRD CIRCUIT,4333,3709,47,0,577,118,70,42,0,6,4215,3639,5,571
2001-06-30,PUERTO RICO,PUERTO RICO,FIRST CIRCUIT,3755,1153,32,0,2570,69,39,26,0,4,3686,1114,6,2566
2001-06-30,RHODE ISLAND,RHODE ISLAND,FIRST CIRCUIT,1385,1275,3,0,107,11,9,2,0,0,1374,1266,1,107
2001-06-30,SOUTH CAROLINA,SOUTH CAROLINA,FOURTH CIRCUIT,3438,1669,23,0,1746,44,21,18,0,5,3394,1648,5,1741
2001-06-30,SOUTH DAKOTA,SOUTH DAKOTA,EIGHTH CIRCUIT,745,713,2,0,30,52,45,2,0,5,693,668,0,25
2001-06-30,TENNESSEE EASTERN,TENNESSEE,SIXTH CIRCUIT,4775,2925,20,1,1829,84,46,18,1,19,4691,2879,2,1810
2001-06-30,TENNESSEE MIDDLE,TENNESSEE,SIXTH CIRCUIT,3673,2352,32,0,1289,49,24,23,0,2,3624,2328,9,1287
2001-06-30,TENNESSEE WESTERN,TENNESSEE,SIXTH CIRCUIT,6547,1898,39,0,4610,71,31,32,0,8,6476,1867,7,4602
2001-06-30,TEXAS EASTERN,TEXAS,FIFTH CIRCUIT,2837,1649,23,1,1164,111,54,20,1,36,2726,1595,3,1128
2001-06-30,TEXAS NORTHERN,TEXAS,FIFTH CIRCUIT,6710,3723,70,9,2908,270,169,64,9,28,6440,3554,6,2880
2001-06-30,TEXAS SOUTHERN,TEXAS,FIFTH CIRCUIT,5175,3012,102,1,2059,256,121,100,1,33,4919,2891,2,2026
2001-06-30,TEXAS WESTERN,TEXAS,FIFTH CIRCUIT,4515,2698,24,1,1790,114,71,22,1,18,4401,2627,2,1772
2001-06-30,UTAH,UTAH,TENTH CIRCUIT,4979,3357,19,1,1602,123,74,18,1,30,4856,3283,1,1572
2001-06-30,VERMONT,VERMONT,SECOND CIRCUIT,505,465,0,0,40,22,16,0,0,6,483,449,0,34
2001-06-30,VIRGIN ISLANDS,VIRGIN ISLANDS,THIRD CIRCUIT,21,14,1,0,6,2,1,1,0,0,19,13,0,6
2001-06-30,VIRGINIA EASTERN,VIRGINIA,FOURTH CIRCUIT,7430,5407,36,0,1987,78,50,26,0,2,7352,5357,10,1985
2001-06-30,VIRGINIA WESTERN,VIRGINIA,FOURTH CIRCUIT,3485,3032,4,1,448,156,131,4,1,20,3329,2901,0,428
2001-06-30,WASHINGTON EASTERN,WASHINGTON,NINTH CIRCUIT,2718,2060,14,7,637,87,54,10,7,16,2631,2006,4,621
2001-06-30,WASHINGTON WESTERN,WASHINGTON,NINTH CIRCUIT,7343,6008,40,1,1294,78,36,34,1,7,7265,5972,6,1287
2001-06-30,WEST VIRGINIA NORTHERN,WEST VIRGINIA,FOURTH CIRCUIT,1196,1139,2,1,54,36,32,2,1,1,1160,1107,0,53
2001-06-30,WEST VIRGINIA SOUTHERN,WEST VIRGINIA,FOURTH CIRCUIT,1742,1642,16,0,84,50,32,16,0,2,1692,1610,0,82
2001-06-30,WISCONSIN EASTERN,WISCONSIN,SEVENTH CIRCUIT,4235,3565,3,0,667,54,47,3,0,4,4181,3518,0,663
2001-06-30,WISCONSIN WESTERN,WISCONSIN,SEVENTH CIRCUIT,2153,1926,13,7,207,110,72,12,7,19,2043,1854,1,188
2001-06-30,WYOMING,WYOMING,TENTH CIRCUIT,778,739,2,0,37,13,11,2,0,0,765,728,0,37
2001-09-30,ALABAMA MIDDLE,ALABAMA,ELEVENTH CIRCUIT,2081,898,4,0,1179,28,22,3,0,3,2053,876,1,1176
2001-09-30,ALABAMA NORTHERN,ALABAMA,ELEVENTH CIRCUIT,5801,2432,24,3,3342,44,19,19,3,3,5757,2413,5,3339
2001-09-30,ALABAMA SOUTHERN,ALABAMA,ELEVENTH CIRCUIT,1688,700,4,0,984,15,5,3,0,7,1673,695,1,977
2001-09-30,ALASKA,ALASKA,NINTH CIRCUIT,355,316,2,0,37,22,16,2,0,4,333,300,0,33
2001-09-30,ARIZONA,ARIZONA,NINTH CIRCUIT,6419,5171,73,2,1173,186,101,66,2,17,6233,5070,7,1156
2001-09-30,ARKANSAS EASTERN,ARKANSAS,EIGHTH CIRCUIT,3376,1758,6,3,1609,52,22,6,3,21,3324,1736,0,1588
2001-09-30,ARKANSAS WESTERN,ARKANSAS,EIGHTH CIRCUIT,1802,1194,0,3,605,27,19,0,3,5,1775,1175,0,600
2001-09-30,CALIFORNIA CENTRAL,CALIFORNIA,NINTH CIRCUIT,20323,16765,105,2,3450,575,437,94,2,41,19748,16328,11,3409
2001-09-30,CALIFORNIA EASTERN,CALIFORNIA,NINTH CIRCUIT,7375,6257,30,15,1072,316,185,28,15,87,7059,6072,2,985
2001-09-30,CALIFORNIA NORTHERN,CALIFORNIA,NINTH CIRCUIT,4607,3162,94,0,1351,328,163,90,0,75,4279,2999,4,1276
2001-09-30,CALIFORNIA SOUTHERN,CALIFORNIA,NINTH CIRCUIT,3180,2509,17,1,653,49,32,15,1,1,3131,2477,2,652
2001-09-30,COLORADO,COLORADO,TENTH CIRCUIT,4702,4088,30,2,582,98,61,28,2,7,4604,4027,2,575
2001-09-30,CONNECTICUT,CONNECTICUT,SECOND CIRCUIT,2635,2221,20,0,394,36,19,17,0,0,2599,2202,3,394
2001-09-30,DELAWARE,DELAWARE,THIRD CIRCUIT,903,460,198,0,245,222,19,198,0,5,681,441,0,240
2001-09-30,DISTRICT OF COLUMBIA,DISTRICT OF COLUMBIA,DC CIRCUIT,569,375,4,0,190,9,5,2,0,2,560,370,2,188
2001-09-30,FLORIDA MIDDLE,FLORIDA,ELEVENTH CIRCUIT,12049,8894,64,1,3090,259,156,58,1,44,11790,8738,6,3046
2001-09-30,FLORIDA NORTHERN,FLORIDA,ELEVENTH CIRCUIT,1497,1197,13,2,285,20,4,12,2,2,1477,1193,1,283
2001-09-30,FLORIDA SOUTHERN,FLORIDA,ELEVENTH CIRCUIT,7696,5481,70,0,2144,180,112,67,0,0,7516,5369,3,2144
2001-09-30,GEORGIA MIDDLE,GEORGIA,ELEVENTH CIRCUIT,4443,1815,5,7,2616,21,7,5,7,2,4422,1808,0,2614
2001-09-30,GEORGIA NORTHERN,GEORGIA,ELEVENTH CIRCUIT,9719,4171,38,0,5510,227,113,33,0,81,9492,4058,5,5429
2001-09-30,GEORGIA SOUTHERN,GEORGIA,ELEVENTH CIRCUIT,3820,964,12,1,2843,33,13,11,1,8,3787,951,1,2835
2001-09-30,GUAM,GUAM,NINTH CIRCUIT,68,54,4,0,10,9,3,4,0,2,59,51,0,8
2001-09-30,HAWAII,HAWAII,NINTH CIRCUIT,1200,1062,11,0,127,22,11,11,0,0,1178,1051,0,127
2001-09-30,IDAHO,IDAHO,NINTH CIRCUIT,2043,1734,13,5,291,63,34,11,5,13,1980,1700,2,278
2001-09-30,ILLINOIS CENTRAL,ILLINOIS,SEVENTH CIRCUIT,3376,2877,15,6,478,47,27,14,6,0,3329,2850,1,478
2001-09-30,ILLINOIS NORTHERN,ILLINOIS,SEVENTH CIRCUIT,12139,8206,95,0,3838,213,110,93,0,10,11926,8096,2,3828
2001-09-30,ILLINOIS SOUTHERN,ILLINOIS,SEVENTH CIRCUIT,2111,1481,6,3,621,157,112,6,3,36,1954,1369,0,585
2001-09-30,INDIANA NORTHERN,INDIANA,SEVENTH CIRCUIT,4580,3825,12,2,741,40,23,11,2,4,4540,3802,1,737
2001-09-30,INDIANA SOUTHERN,INDIANA,SEVENTH CIRCUIT,7001,5470,27,1,1503,98,65,26,1,6,6903,5405,1,1497
2001-09-30,IOWA NORTHERN,IOWA,EIGHTH CIRCUIT,1006,964,3,2,37,48,41,3,2,2,958,923,0,35
2001-09-30,IOWA SOUTHERN,IOWA,EIGHTH CIRCUIT,1741,1631,6,1,103,32,24,6,1,1,1709,1607,0,102
2001-09-30,KANSAS,KANSAS,TENTH CIRCUIT,3571,2886,9,11,665,52,29,7,11,5,3519,2857,2,660
2001-09-30,KENTUCKY EASTERN,KENTUCKY,SIXTH CIRCUIT,2790,2450,6,0,334,43,35,4,0,4,2747,2415,2,330
2001-09-30,KENTUCKY WESTERN,KENTUCKY,SIXTH CIRCUIT,3550,2880,14,1,655,38,23,14,1,0,3512,2857,0,655
2001-09-30,LOUISIANA EASTERN,LOUISIANA,FIFTH CIRCUIT,2497,1673,10,1,813,26,16,9,1,0,2471,1657,1,813
2001-09-30,LOUISIANA MIDDLE,LOUISIANA,FIFTH CIRCUIT,928,634,7,0,287,12,6,6,0,0,916,628,1,287
2001-09-30,LOUISIANA WESTERN,LOUISIANA,FIFTH CIRCUIT,3501,1805,15,5,1676,121,73,15,5,28,3380,1732,0,1648
2001-09-30,MAINE,MAINE,FIRST CIRCUIT,1034,952,5,0,77,34,26,5,0,3,1000,926,0,74
2001-09-30,MARYLAND,MARYLAND,FOURTH CIRCUIT,8187,5562,53,0,2572,195,115,47,0,33,7992,5447,6,2539
2001-09-30,MASSACHUSETTS,MASSACHUSETTS,FIRST CIRCUIT,4079,3441,39,1,597,94,55,37,1,0,3985,3386,2,597
2001-09-30,MICHIGAN EASTERN,MICHIGAN,SIXTH CIRCUIT,7845,5365,45,0,2435,110,61,45,0,4,7735,5304,0,2431
2001-09-30,MICHIGAN WESTERN,MICHIGAN,SIXTH CIRCUIT,3255,2427,17,1,810,69,44,17,1,7,3186,2383,0,803
2001-09-30,MINNESOTA,MINNESOTA,EIGHTH CIRCUIT,4568,3765,18,4,781,458,356,18,4,80,4110,3409,0,701
2001-09-30,MISSISSIPPI NORTHERN,MISSISSIPPI,FIFTH CIRCUIT,1967,1194,6,1,766,15,10,4,1,0,1952,1184,2,766
2001-09-30,MISSISSIPPI SOUTHERN,MISSISSIPPI,FIFTH CIRCUIT,3576,2239,6,1,1330,37,25,5,1,6,3539,2214,1,1324
2001-09-30,MISSOURI EASTERN,MISSOURI,EIGHTH CIRCUIT,4077,2697,19,2,1359,70,45,18,2,5,4007,2652,1,1354
2001-09-30,MISSOURI WESTERN,MISSOURI,EIGHTH CIRCUIT,3569,2868,13,1,687,47,24,13,1,9,3522,2844,0,678
2001-09-30,MONTANA,MONTANA,NINTH CIRCUIT,938,842,6,2,88,46,36,4,2,4,892,806,2,84
2001-09-30,NEBRASKA,NEBRASKA,EIGHTH CIRCUIT,1711,1416,7,15,273,35,12,7,15,1,1676,1404,0,272
2001-09-30,NEVADA,NEVADA,NINTH CIRCUIT,4604,3465,39,0,1100,93,49,37,0,7,4511,3416,2,1093
2001-09-30,NEW HAMPSHIRE,NEW HAMPSHIRE,FIRST CIRCUIT,838,747,9,0,82,69,59,9,0,1,769,688,0,81
2001-09-30,NEW JERSEY,NEW JERSEY,THIRD CIRCUIT,9645,6004,76,0,3565,161,89,72,0,0,9484,5915,4,3565
2001-09-30,NEW MEXICO,NEW MEXICO,TENTH CIRCUIT,2095,1822,19,2,252,145,108,18,2,17,1950,1714,1,235
2001-09-30,NEW YORK EASTERN,NEW YORK,SECOND CIRCUIT,5672,4391,69,0,1212,97,28,67,0,2,5575,4363,2,1210
2001-09-30,NEW YORK NORTHERN,NEW YORK,SECOND CIRCUIT,3558,2908,13,2,634,108,73,11,2,21,3450,2835,2,613
2001-09-30,NEW YORK SOUTHERN,NEW YORK,SECOND CIRCUIT,3280,2759,153,0,367,190,45,143,0,1,3090,2714,10,366
2001-09-30,NEW YORK WESTERN,NEW YORK,SECOND CIRCUIT,3048,2356,14,0,678,88,58,12,0,18,2960,2298,2,660
2001-09-30,NORTH CAROLINA EASTERN,NORTH CAROLINA,FOURTH CIRCUIT,3426,1629,18,2,1777,55,21,17,2,15,3371,1608,1,1762
2001-09-30,NORTH CAROLINA MIDDLE,NORTH CAROLINA,FOURTH CIRCUIT,2713,1064,16,0,1633,76,44,16,0,16,2637,1020,0,1617
2001-09-30,NORTH CAROLINA WESTERN,NORTH CAROLINA,FOURTH CIRCUIT,2247,1058,11,1,1177,29,18,10,1,0,2218,1040,1,1177
2001-09-30,NORTH DAKOTA,NORTH DAKOTA,EIGHTH CIRCUIT,542,521,0,3,18,27,24,0,3,0,515,497,0,18
2001-09-30,NORTHERN MARIANAS,NORTHERN MARIANA ISLANDS,NINTH CIRCUIT,2,2,0,0,0,1,1,0,0,0,1,1,0,0
2001-09-30,OHIO NORTHERN,OHIO,SIXTH CIRCUIT,8941,7447,25,0,1469,292,236,24,0,32,8649,7211,1,1437
2001-09-30,OHIO SOUTHERN,OHIO,SIXTH CIRCUIT,8653,6717,53,1,1882,156,83,51,1,21,8497,6634,2,1861
2001-09-30,OKLAHOMA EASTERN,OKLAHOMA,TENTH CIRCUIT,1024,951,2,4,67,23,14,2,4,3,1001,937,0,64
2001-09-30,OKLAHOMA NORTHERN,OKLAHOMA,TENTH CIRCUIT,1430,1314,1,1,114,114,101,1,1,11,1316,1213,0,103
2001-09-30,OKLAHOMA WESTERN,OKLAHOMA,TENTH CIRCUIT,3390,2843,12,16,519,82,51,12,16,3,3308,2792,0,516
2001-09-30,OREGON,OREGON,NINTH CIRCUIT,5733,4910,15,7,801,363,164,15,7,177,5370,4746,0,624
2001-09-30,PENNSYLVANIA EASTERN,PENNSYLVANIA,THIRD CIRCUIT,5881,3258,30,2,2591,86,48,28,2,8,5795,3210,2,2583
2001-09-30,PENNSYLVANIA MIDDLE,PENNSYLVANIA,THIRD CIRCUIT,2782,2144,22,0,616,176,108,20,0,48,2606,2036,2,568
2001-09-30,PENNSYLVANIA WESTERN,PENNSYLVANIA,THIRD CIRCUIT,3717,3094,32,1,590,110,74,27,1,8,3607,3020,5,582
2001-09-30,PUERTO RICO,PUERTO RICO,FIRST CIRCUIT,3347,1020,31,0,2296,92,42,28,0,22,3255,978,3,2274
2001-09-30,RHODE ISLAND,RHODE ISLAND,FIRST CIRCUIT,1095,1007,2,0,86,18,12,2,0,4,1077,995,0,82
2001-09-30,SOUTH CAROLINA,SOUTH CAROLINA,FOURTH CIRCUIT,3452,1515,19,2,1916,35,18,15,2,0,3417,1497,4,1916
2001-09-30,SOUTH DAKOTA,SOUTH DAKOTA,EIGHTH CIRCUIT,672,649,1,0,22,37,33,1,0,3,635,616,0,19
2001-09-30,TENNESSEE EASTERN,TENNESSEE,SIXTH CIRCUIT,4769,2857,16,1,1895,95,55,15,1,24,4674,2802,1,1871
2001-09-30,TENNESSEE MIDDLE,TENNESSEE,SIXTH CIRCUIT,3432,2085,26,0,1321,53,30,21,0,2,3379,2055,5,1319
2001-09-30,TENNESSEE WESTERN,TENNESSEE,SIXTH CIRCUIT,6742,1778,43,0,4921,63,18,36,0,9,6679,1760,7,4912
2001-09-30,TEXAS EASTERN,TEXAS,FIFTH CIRCUIT,2892,1538,13,1,1340,114,63,13,1,37,2778,1475,0,1303
2001-09-30,TEXAS NORTHERN,TEXAS,FIFTH CIRCUIT,6588,3284,90,8,3206,275,157,90,8,20,6313,3127,0,3186
2001-09-30,TEXAS SOUTHERN,TEXAS,FIFTH CIRCUIT,4903,2795,77,1,2030,241,134,69,1,37,4662,2661,8,1993
2001-09-30,TEXAS WESTERN,TEXAS,FIFTH CIRCUIT,4377,2439,31,2,1905,154,97,29,2,26,4223,2342,2,1879
2001-09-30,UTAH,UTAH,TENTH CIRCUIT,5009,3236,17,0,1756,118,78,17,0,23,4891,3158,0,1733
2001-09-30,VERMONT,VERMONT,SECOND CIRCUIT,411,365,0,0,46,22,16,0,0,6,389,349,0,40
2001-09-30,VIRGIN ISLANDS,VIRGIN ISLANDS,THIRD CIRCUIT,18,11,2,0,5,6,5,1,0,0,12,6,1,5
2001-09-30,VIRGINIA EASTERN,VIRGINIA,FOURTH CIRCUIT,6891,4833,46,0,2012,78,35,43,0,0,6813,4798,3,2012
2001-09-30,VIRGINIA WESTERN,VIRGINIA,FOURTH CIRCUIT,2952,2468,10,3,470,173,140,9,3,20,2779,2328,1,450
2001-09-30,WASHINGTON EASTERN,WASHINGTON,NINTH CIRCUIT,2360,1797,15,20,528,80,36,12,20,12,2280,1761,3,516
2001-09-30,WASHINGTON WESTERN,WASHINGTON,NINTH CIRCUIT,6265,5025,38,0,1202,72,34,30,0,8,6193,4991,8,1194
2001-09-30,WEST VIRGINIA NORTHERN,WEST VIRGINIA,FOURTH CIRCUIT,906,835,5,0,66,32,23,5,0,4,874,812,0,62
2001-09-30,WEST VIRGINIA SOUTHERN,WEST VIRGINIA,FOURTH CIRCUIT,1433,1362,11,0,60,47,34,10,0,3,1386,1328,1,57
2001-09-30,WISCONSIN EASTERN,WISCONSIN,SEVENTH CIRCUIT,3461,2756,2,1,702,67,56,2,1,8,3394,2700,0,694
2001-09-30,WISCONSIN WESTERN,WISCONSIN,SEVENTH CIRCUIT,1764,1538,17,5,204,139,101,16,5,17,1625,1437,1,187
2001-09-30,WYOMING,WYOMING,TENTH CIRCUIT,610,575,1,0,34,7,3,1,0,3,603,572,0,31
2001-12-31,ALABAMA MIDDLE,ALABAMA,ELEVENTH CIRCUIT,2096,902,4,0,1190,26,22,2,0,2,2070,880,2,1188
2001-12-31,ALABAMA NORTHERN,ALABAMA,ELEVENTH CIRCUIT,5998,2508,27,0,3463,50,27,20,0,3,5948,2481,7,3460
2001-12-31,ALABAMA SOUTHERN,ALABAMA,ELEVENTH CIRCUIT,1663,680,9,0,974,20,7,9,0,4,1643,673,0,970
2001-12-31,ALASKA,ALASKA,NINTH CIRCUIT,385,345,5,0,35,22,13,3,0,6,363,332,2,29
2001-12-31,ARIZONA,ARIZONA,NINTH CIRCUIT,6573,5223,74,0,1276,179,102,61,0,16,6394,5121,13,1260
2001-12-31,ARKANSAS EASTERN,ARKANSAS,EIGHTH CIRCUIT,3348,1673,4,0,1671,30,15,3,0,12,3318,1658,1,1659
2001-12-31,ARKANSAS WESTERN,ARKANSAS,EIGHTH CIRCUIT,1878,1258,8,0,612,25,12,6,0,7,1853,1246,2,605
2001-12-31,CALIFORNIA CENTRAL,CALIFORNIA,NINTH CIRCUIT,21326,17532,224,0,3567,711,455,217,0,36,20615,17077,7,3531
2001-12-31,CALIFORNIA EASTERN,CALIFORNIA,NINTH CIRCUIT,7766,6529,27,0,1210,320,220,27,0,73,7446,6309,0,1137
2001-12-31,CALIFORNIA NORTHERN,CALIFORNIA,NINTH CIRCUIT,4727,3291,79,0,1357,306,166,74,0,66,4421,3125,5,1291
2001-12-31,CALIFORNIA SOUTHERN,CALIFORNIA,NINTH CIRCUIT,3136,2461,23,0,652,66,45,21,0,0,3070,2416,2,652
2001-12-31,COLORADO,COLORADO,TENTH CIRCUIT,4555,3916,26,0,613,123,91,26,0,6,4432,3825,0,607
2001-12-31,CONNECTICUT,CONNECTICUT,SECOND CIRCUIT,2567,2165,25,0,377,38,19,18,0,1,2529,2146,7,376
2001-12-31,DELAWARE,DELAWARE,THIRD CIRCUIT,1177,464,477,0,236,495,13,477,0,5,682,451,0,231
2001-12-31,DISTRICT OF COLUMBIA,DISTRICT OF COLUMBIA,DC CIRCUIT,581,408,14,0,159,23,9,12,0,2,558,399,2,157
2001-12-31,FLORIDA MIDDLE,FLORIDA,ELEVENTH CIRCUIT,12119,8722,113,0,3284,301,150,106,0,45,11818,8572,7,3239
2001-12-31,FLORIDA NORTHERN,FLORIDA,ELEVENTH CIRCUIT,1420,1097,9,0,314,16,7,9,0,0,1404,1090,0,314
2001-12-31,FLORIDA SOUTHERN,FLORIDA,ELEVENTH CIRCUIT,7826,5443,83,0,2299,185,108,74,0,2,7641,5335,9,2297
2001-12-31,GEORGIA MIDDLE,GEORGIA,ELEVENTH CIRCUIT,4515,1780,21,1,2713,45,19,19,1,6,4470,1761,2,2707
2001-12-31,GEORGIA NORTHERN,GEORGIA,ELEVENTH CIRCUIT,10211,4189,57,0,5965,205,95,53,0,57,10006,4094,4,5908
2001-12-31,GEORGIA SOUTHERN,GEORGIA,ELEVENTH CIRCUIT,3832,987,8,1,2836,26,16,6,1,3,3806,971,2,2833
2001-12-31,GUAM,GUAM,NINTH CIRCUIT,93,78,1,0,14,6,5,1,0,0,87,73,0,14
2001-12-31,HAWAII,HAWAII,NINTH CIRCUIT,1187,1045,5,0,137,14,9,5,0,0,1173,1036,0,137
2001-12-31,IDAHO,IDAHO,NINTH CIRCUIT,1926,1637,22,0,267,86,52,17,0,17,1840,1585,5,250
2001-12-31,ILLINOIS CENTRAL,ILLINOIS,SEVENTH CIRCUIT,3588,3039,13,2,534,52,36,12,2,2,3536,3003,1,532
2001-12-31,ILLINOIS NORTHERN,ILLINOIS,SEVENTH CIRCUIT,13272,9156,73,0,4042,183,115,64,0,3,13089,9041,9,4039
2001-12-31,ILLINOIS SOUTHERN,ILLINOIS,SEVENTH CIRCUIT,2079,1434,3,0,642,141,99,2,0,40,1938,1335,1,602
2001-12-31,INDIANA NORTHERN,INDIANA,SEVENTH CIRCUIT,4783,3948,16,0,819,53,28,16,0,9,4730,3920,0,810
2001-12-31,INDIANA SOUTHERN,INDIANA,SEVENTH CIRCUIT,7491,5828,32,0,1631,128,85,31,0,12,7363,5743,1,1619
2001-12-31,IOWA NORTHERN,IOWA,EIGHTH CIRCUIT,997,950,5,0,42,37,30,5,0,2,960,920,0,40
2001-12-31,IOWA SOUTHERN,IOWA,EIGHTH CIRCUIT,1583,1483,1,0,99,25,21,1,0,3,1558,1462,0,96
2001-12-31,KANSAS,KANSAS,TENTH CIRCUIT,3245,2611,10,3,621,59,38,9,3,9,3186,2573,1,612
2001-12-31,KENTUCKY EASTERN,KENTUCKY,SIXTH CIRCUIT,2665,2299,6,0,360,45,37,6,0,2,2620,2262,0,358
2001-12-31,KENTUCKY WESTERN,KENTUCKY,SIXTH CIRCUIT,3528,2782,26,0,720,51,24,26,0,1,3477,2758,0,719
2001-12-31,LOUISIANA EASTERN,LOUISIANA,FIFTH CIRCUIT,2300,1567,25,0,708,60,35,25,0,0,2240,1532,0,708
2001-12-31,LOUISIANA MIDDLE,LOUISIANA,FIFTH CIRCUIT,823,550,5,0,268,7,3,4,0,0,816,547,1,268
2001-12-31,LOUISIANA WESTERN,LOUISIANA,FIFTH CIRCUIT,3195,1628,15,0,1552,115,67,15,0,33,3080,1561,0,1519
2001-12-31,MAINE,MAINE,FIRST CIRCUIT,1121,1032,4,1,84,24,18,4,1,1,1097,1014,0,83
2001-12-31,MARYLAND,MARYLAND,FOURTH CIRCUIT,8206,5444,46,0,2716,159,95,39,0,25,8047,5349,7,2691
2001-12-31,MASSACHUSETTS,MASSACHUSETTS,FIRST CIRCUIT,3855,3228,71,0,555,134,63,69,0,1,3721,3165,2,554
2001-12-31,MICHIGAN EASTERN,MICHIGAN,SIXTH CIRCUIT,8296,5557,38,0,2701,88,48,37,0,3,8208,5509,1,2698
2001-12-31,MICHIGAN WESTERN,MICHIGAN,SIXTH CIRCUIT,3460,2548,23,0,889,84,52,23,0,9,3376,2496,0,880
2001-12-31,MINNESOTA,MINNESOTA,EIGHTH CIRCUIT,4541,3746,8,0,787,406,337,8,0,61,4135,3409,0,726
2001-12-31,MISSISSIPPI NORTHERN,MISSISSIPPI,FIFTH CIRCUIT,1953,1211,12,0,730,29,17,12,0,0,1924,1194,0,730
2001-12-31,MISSISSIPPI SOUTHERN,MISSISSIPPI,FIFTH CIRCUIT,3447,2107,16,0,1324,34,21,12,0,1,3413,2086,4,1323
2001-12-31,MISSOURI EASTERN,MISSOURI,EIGHTH CIRCUIT,4295,2783,43,0,1468,87,40,42,0,4,4208,2743,1,1464
2001-12-31,MISSOURI WESTERN,MISSOURI,EIGHTH CIRCUIT,3410,2754,26,0,630,67,34,25,0,8,3343,2720,1,622
2001-12-31,MONTANA,MONTANA,NINTH CIRCUIT,920,791,5,1,123,30,20,5,1,4,890,771,0,119
2001-12-31,NEBRASKA,NEBRASKA,EIGHTH CIRCUIT,1719,1386,9,0,324,27,15,9,0,3,1692,1371,0,321
2001-12-31,NEVADA,NEVADA,NINTH CIRCUIT,4246,3107,35,0,1104,68,32,34,0,2,4178,3075,1,1102
2001-12-31,NEW HAMPSHIRE,NEW HAMPSHIRE,FIRST CIRCUIT,872,788,10,0,74,79,69,10,0,0,793,719,0,74
2001-12-31,NEW JERSEY,NEW JERSEY,THIRD CIRCUIT,9234,5762,86,0,3386,163,88,75,0,0,9071,5674,11,3386
2001-12-31,NEW MEXICO,NEW MEXICO,TENTH CIRCUIT,1983,1754,10,0,219,152,130,9,0,13,1831,1624,1,206
2001-12-31,NEW YORK EASTERN,NEW YORK,SECOND CIRCUIT,5587,4283,42,0,1262,78,38,39,0,1,5509,4245,3,1261
2001-12-31,NEW YORK NORTHERN,NEW YORK,SECOND CIRCUIT,3672,2890,29,0,753,98,45,29,0,24,3574,2845,0,729
2001-12-31,NEW YORK SOUTHERN,NEW YORK,SECOND CIRCUIT,3550,2890,241,1,409,294,49,234,1,1,3256,2841,7,408
2001-12-31,NEW YORK WESTERN,NEW YORK,SECOND CIRCUIT,3101,2327,13,1,759,68,41,11,1,14,3033,2286,2,745
2001-12-31,NORTH CAROLINA EASTERN,NORTH CAROLINA,FOURTH CIRCUIT,3632,1675,15,1,1941,59,39,14,1,5,3573,1636,1,1936
2001-12-31,NORTH CAROLINA MIDDLE,NORTH CAROLINA,FOURTH CIRCUIT,2884,1118,10,0,1756,65,47,10,0,8,2819,1071,0,1748
2001-12-31,NORTH CAROLINA WESTERN,NORTH CAROLINA,FOURTH CIRCUIT,2280,1116,8,0,1156,21,14,6,0,1,2259,1102,2,1155
2001-12-31,NORTH DAKOTA,NORTH DAKOTA,EIGHTH CIRCUIT,481,467,2,3,9,25,18,2,3,2,456,449,0,7
2001-12-31,NORTHERN MARIANAS,NORTHERN MARIANA ISLANDS,NINTH CIRCUIT,10,9,0,0,1,3,3,0,0,0,7,6,0,1
2001-12-31,OHIO NORTHERN,OHIO,SIXTH CIRCUIT,9232,7601,42,0,1589,298,217,42,0,39,8934,7384,0,1550
2001-12-31,OHIO SOUTHERN,OHIO,SIXTH CIRCUIT,8121,6248,33,0,1840,147,87,31,0,29,7974,6161,2,1811
2001-12-31,OKLAHOMA EASTERN,OKLAHOMA,TENTH CIRCUIT,1006,916,4,0,86,17,9,4,0,4,989,907,0,82
2001-12-31,OKLAHOMA NORTHERN,OKLAHOMA,TENTH CIRCUIT,1431,1291,16,0,124,123,97,16,0,10,1308,1194,0,114
2001-12-31,OKLAHOMA WESTERN,OKLAHOMA,TENTH CIRCUIT,3134,2626,11,0,497,59,42,11,0,6,3075,2584,0,491
2001-12-31,OREGON,OREGON,NINTH CIRCUIT,5603,4849,16,0,738,338,162,16,0,160,5265,4687,0,578
2001-12-31,PENNSYLVANIA EASTERN,PENNSYLVANIA,THIRD CIRCUIT,5458,3097,29,0,2332,64,36,25,0,3,5394,3061,4,2329
2001-12-31,PENNSYLVANIA MIDDLE,PENNSYLVANIA,THIRD CIRCUIT,2805,2151,15,0,639,216,144,14,0,58,2589,2007,1,581
2001-12-31,PENNSYLVANIA WESTERN,PENNSYLVANIA,THIRD CIRCUIT,3581,2993,27,0,561,71,41,25,0,5,3510,2952,2,556
2001-12-31,PUERTO RICO,PUERTO RICO,FIRST CIRCUIT,3451,1044,40,1,2366,104,40,34,1,29,3347,1004,6,2337
2001-12-31,RHODE ISLAND,RHODE ISLAND,FIRST CIRCUIT,1096,1003,0,0,93,14,14,0,0,0,1082,989,0,93
2001-12-31,SOUTH CAROLINA,SOUTH CAROLINA,FOURTH CIRCUIT,3857,1678,19,0,2160,41,23,18,0,0,3816,1655,1,2160
2001-12-31,SOUTH DAKOTA,SOUTH DAKOTA,EIGHTH CIRCUIT,675,645,1,0,29,35,29,1,0,5,640,616,0,24
2001-12-31,TENNESSEE EASTERN,TENNESSEE,SIXTH CIRCUIT,4824,2888,22,0,1914,96,55,22,0,19,4728,2833,0,1895
2001-12-31,TENNESSEE MIDDLE,TENNESSEE,SIXTH CIRCUIT,3739,2189,53,0,1497,83,34,45,0,4,3656,2155,8,1493
2001-12-31,TENNESSEE WESTERN,TENNESSEE,SIXTH CIRCUIT,6977,1773,24,1,5179,61,33,19,1,8,6916,1740,5,5171
2001-12-31,TEXAS EASTERN,TEXAS,FIFTH CIRCUIT,3114,1582,16,0,1516,100,49,16,0,35,3014,1533,0,1481
2001-12-31,TEXAS NORTHERN,TEXAS,FIFTH CIRCUIT,7289,3334,68,0,3886,281,183,65,0,32,7008,3151,3,3854
2001-12-31,TEXAS SOUTHERN,TEXAS,FIFTH CIRCUIT,5209,2609,137,0,2463,291,104,133,0,54,4918,2505,4,2409
2001-12-31,TEXAS WESTERN,TEXAS,FIFTH CIRCUIT,4609,2358,47,0,2204,166,90,43,0,33,4443,2268,4,2171
2001-12-31,UTAH,UTAH,TENTH CIRCUIT,4909,3063,29,0,1816,121,72,25,0,23,4788,2991,4,1793
2001-12-31,VERMONT,VERMONT,SECOND CIRCUIT,393,346,4,0,43,36,25,4,0,7,357,321,0,36
2001-12-31,VIRGIN ISLANDS,VIRGIN ISLANDS,THIRD CIRCUIT,9,2,0,0,7,1,0,0,0,1,8,2,0,6
2001-12-31,VIRGINIA EASTERN,VIRGINIA,FOURTH CIRCUIT,7338,5108,44,0,2186,73,40,32,0,1,7265,5068,12,2185
2001-12-31,VIRGINIA WESTERN,VIRGINIA,FOURTH CIRCUIT,2867,2435,5,0,427,126,100,5,0,21,2741,2335,0,406
2001-12-31,WASHINGTON EASTERN,WASHINGTON,NINTH CIRCUIT,2354,1814,20,0,520,90,56,16,0,18,2264,1758,4,502
2001-12-31,WASHINGTON WESTERN,WASHINGTON,NINTH CIRCUIT,6582,5324,44,0,1214,82,47,32,0,3,6500,5277,12,1211
2001-12-31,WEST VIRGINIA NORTHERN,WEST VIRGINIA,FOURTH CIRCUIT,910,843,2,0,65,22,18,2,0,2,888,825,0,63
2001-12-31,WEST VIRGINIA SOUTHERN,WEST VIRGINIA,FOURTH CIRCUIT,1343,1274,5,0,64,46,40,5,0,1,1297,1234,0,63
2001-12-31,WISCONSIN EASTERN,WISCONSIN,SEVENTH CIRCUIT,3432,2741,5,0,686,56,45,5,0,6,3376,2696,0,680
2001-12-31,WISCONSIN WESTERN,WISCONSIN,SEVENTH CIRCUIT,1836,1601,13,0,222,133,104,11,0,18,1703,1497,2,204
2001-12-31,WYOMING,WYOMING,TENTH CIRCUIT,528,491,3,0,34,6,4,2,0,0,522,487,1,34
2002-03-31,ALABAMA MIDDLE,ALABAMA,ELEVENTH CIRCUIT,2126,1128,4,0,994,39,27,4,0,8,2087,1101,0,986
2002-03-31,ALABAMA NORTHERN,ALABAMA,ELEVENTH CIRCUIT,6037,3030,20,1,2986,40,23,15,1,1,5997,3007,5,2985
2002-03-31,ALABAMA SOUTHERN,ALABAMA,ELEVENTH CIRCUIT,1801,805,7,0,989,14,6,7,0,1,1787,799,0,988
2002-03-31,ALASKA,ALASKA,NINTH CIRCUIT,301,270,4,0,27,32,24,4,0,4,269,246,0,23
2002-03-31,ARIZONA,ARIZONA,NINTH CIRCUIT,6471,4899,90,0,1482,180,85,78,0,17,6291,4814,12,1465
2002-03-31,ARKANSAS EASTERN,ARKANSAS,EIGHTH CIRCUIT,3635,2013,3,0,1619,19,14,1,0,4,3616,1999,2,1615
2002-03-31,ARKANSAS WESTERN,ARKANSAS,EIGHTH CIRCUIT,2069,1421,2,0,646,25,11,1,0,13,2044,1410,1,633
2002-03-31,CALIFORNIA CENTRAL,CALIFORNIA,NINTH CIRCUIT,21349,17391,135,1,3822,646,481,115,1,49,20703,16910,20,3773
2002-03-31,CALIFORNIA EASTERN,CALIFORNIA,NINTH CIRCUIT,7761,6509,36,2,1214,306,202,30,2,72,7455,6307,6,1142
2002-03-31,CALIFORNIA NORTHERN,CALIFORNIA,NINTH CIRCUIT,5144,3551,66,0,1525,315,178,59,0,77,4829,3373,7,1448
2002-03-31,CALIFORNIA SOUTHERN,CALIFORNIA,NINTH CIRCUIT,3256,2603,21,0,631,57,40,13,0,3,3199,2563,8,628
2002-03-31,COLORADO,COLORADO,TENTH CIRCUIT,4352,3734,34,0,584,113,76,32,0,5,4239,3658,2,579
2002-03-31,CONNECTICUT,CONNECTICUT,SECOND CIRCUIT,2847,2334,31,0,482,52,24,27,0,1,2795,2310,4,481
2002-03-31,DELAWARE,DELAWARE,THIRD CIRCUIT,955,469,231,0,255,255,20,231,0,4,700,449,0,251
2002-03-31,DISTRICT OF COLUMBIA,DISTRICT OF COLUMBIA,DC CIRCUIT,676,460,8,0,208,15,6,8,0,1,661,454,0,207
2002-03-31,FLORIDA MIDDLE,FLORIDA,ELEVENTH CIRCUIT,12242,8501,63,0,3678,210,130,57,0,23,12032,8371,6,3655
2002-03-31,FLORIDA NORTHERN,FLORIDA,ELEVENTH CIRCUIT,1654,1269,3,0,382,19,16,3,0,0,1635,1253,0,382
2002-03-31,FLORIDA SOUTHERN,FLORIDA,ELEVENTH CIRCUIT,7403,5123,78,0,2202,187,116,70,0,1,7216,5007,8,2201
2002-03-31,GEORGIA MIDDLE,GEORGIA,ELEVENTH CIRCUIT,4163,1988,17,0,2158,41,21,15,0,5,4122,1967,2,2153
2002-03-31,GEORGIA NORTHERN,GEORGIA,ELEVENTH CIRCUIT,10520,5073,59,0,5388,202,114,51,0,37,10318,4959,8,5351
2002-03-31,GEORGIA SOUTHERN,GEORGIA,ELEVENTH CIRCUIT,3536,1087,8,0,2441,35,20,7,0,8,3501,1067,1,2433
2002-03-31,GUAM,GUAM,NINTH CIRCUIT,103,90,0,0,13,6,5,0,0,1,97,85,0,12
2002-03-31,HAWAII,HAWAII,NINTH CIRCUIT,1238,1097,8,0,133,14,8,6,0,0,1224,1089,2,133
2002-03-31,IDAHO,IDAHO,NINTH CIRCUIT,2053,1758,16,0,279,53,25,12,0,16,2000,1733,4,263
2002-03-31,ILLINOIS CENTRAL,ILLINOIS,SEVENTH CIRCUIT,3961,3400,10,5,546,48,30,10,5,3,3913,3370,0,543
2002-03-31,ILLINOIS NORTHERN,ILLINOIS,SEVENTH CIRCUIT,14164,9898,185,1,4080,309,128,180,1,0,13855,9770,5,4080
2002-03-31,ILLINOIS SOUTHERN,ILLINOIS,SEVENTH CIRCUIT,2370,1686,11,3,670,93,48,10,3,32,2277,1638,1,638
2002-03-31,INDIANA NORTHERN,INDIANA,SEVENTH CIRCUIT,4766,3960,20,0,786,51,27,20,0,4,4715,3933,0,782
2002-03-31,INDIANA SOUTHERN,INDIANA,SEVENTH CIRCUIT,7719,5949,88,0,1682,147,54,87,0,6,7572,5895,1,1676
2002-03-31,IOWA NORTHERN,IOWA,EIGHTH CIRCUIT,1000,956,3,0,41,51,49,2,0,0,949,907,1,41
2002-03-31,IOWA SOUTHERN,IOWA,EIGHTH CIRCUIT,1652,1535,4,0,113,29,24,4,0,1,1623,1511,0,112
2002-03-31,KANSAS,KANSAS,TENTH CIRCUIT,3171,2568,10,0,593,61,41,10,0,10,3110,2527,0,583
2002-03-31,KENTUCKY EASTERN,KENTUCKY,SIXTH CIRCUIT,3080,2568,85,0,427,123,30,85,0,8,2957,2538,0,419
2002-03-31,KENTUCKY WESTERN,KENTUCKY,SIXTH CIRCUIT,3785,3019,6,0,760,23,17,6,0,0,3762,3002,0,760
2002-03-31,LOUISIANA EASTERN,LOUISIANA,FIFTH CIRCUIT,2314,1523,11,0,780,46,35,10,0,1,2268,1488,1,779
2002-03-31,LOUISIANA MIDDLE,LOUISIANA,FIFTH CIRCUIT,829,589,3,0,237,7,4,3,0,0,822,585,0,237
2002-03-31,LOUISIANA WESTERN,LOUISIANA,FIFTH CIRCUIT,3242,1731,14,2,1495,123,71,14,2,36,3119,1660,0,1459
2002-03-31,MAINE,MAINE,FIRST CIRCUIT,1033,944,1,0,88,14,11,1,0,2,1019,933,0,86
2002-03-31,MARYLAND,MARYLAND,FOURTH CIRCUIT,9147,5988,47,0,3112,168,106,39,0,23,8979,5882,8,3089
2002-03-31,MASSACHUSETTS,MASSACHUSETTS,FIRST CIRCUIT,4283,3502,60,1,720,128,68,59,1,0,4155,3434,1,720
2002-03-31,MICHIGAN EASTERN,MICHIGAN,SIXTH CIRCUIT,9805,6790,56,0,2959,132,68,53,0,11,9673,6722,3,2948
2002-03-31,MICHIGAN WESTERN,MICHIGAN,SIXTH CIRCUIT,3860,2959,13,0,888,77,49,12,0,16,3783,2910,1,872
2002-03-31,MINNESOTA,MINNESOTA,EIGHTH CIRCUIT,4860,4019,24,0,817,469,377,23,0,69,4391,3642,1,748
2002-03-31,MISSISSIPPI NORTHERN,MISSISSIPPI,FIFTH CIRCUIT,2086,1429,7,0,650,29,19,6,0,4,2057,1410,1,646
2002-03-31,MISSISSIPPI SOUTHERN,MISSISSIPPI,FIFTH CIRCUIT,3586,2434,27,0,1125,48,21,22,0,5,3538,2413,5,1120
2002-03-31,MISSOURI EASTERN,MISSOURI,EIGHTH CIRCUIT,4272,2800,15,0,1457,44,27,11,0,6,4228,2773,4,1451
2002-03-31,MISSOURI WESTERN,MISSOURI,EIGHTH CIRCUIT,3507,2740,35,0,732,78,35,34,0,9,3429,2705,1,723
2002-03-31,MONTANA,MONTANA,NINTH CIRCUIT,953,826,2,0,125,27,23,1,0,3,926,803,1,122
2002-03-31,NEBRASKA,NEBRASKA,EIGHTH CIRCUIT,1813,1460,18,0,335,23,9,12,0,2,1790,1451,6,333
2002-03-31,NEVADA,NEVADA,NINTH CIRCUIT,4406,3117,77,0,1212,103,32,67,0,4,4303,3085,10,1208
2002-03-31,NEW HAMPSHIRE,NEW HAMPSHIRE,FIRST CIRCUIT,1001,891,2,0,108,49,44,2,0,3,952,847,0,105
2002-03-31,NEW JERSEY,NEW JERSEY,THIRD CIRCUIT,10370,6542,99,0,3729,195,102,91,0,2,10175,6440,8,3727
2002-03-31,NEW MEXICO,NEW MEXICO,TENTH CIRCUIT,2282,2059,24,0,199,188,148,22,0,18,2094,1911,2,181
2002-03-31,NEW YORK EASTERN,NEW YORK,SECOND CIRCUIT,6057,4618,39,0,1400,77,40,36,0,1,5980,4578,3,1399
2002-03-31,NEW YORK NORTHERN,NEW YORK,SECOND CIRCUIT,4076,3242,23,0,811,97,54,22,0,21,3979,3188,1,790
2002-03-31,NEW YORK SOUTHERN,NEW YORK,SECOND CIRCUIT,3808,3051,298,0,452,346,53,286,0,1,3462,2998,12,451
2002-03-31,NEW YORK WESTERN,NEW YORK,SECOND CIRCUIT,3052,2306,12,1,733,74,51,12,1,10,2978,2255,0,723
2002-03-31,NORTH CAROLINA EASTERN,NORTH CAROLINA,FOURTH CIRCUIT,3801,1950,16,0,1835,59,38,14,0,7,3742,1912,2,1828
2002-03-31,NORTH CAROLINA MIDDLE,NORTH CAROLINA,FOURTH CIRCUIT,2774,1238,6,0,1530,54,36,6,0,12,2720,1202,0,1518
2002-03-31,NORTH CAROLINA WESTERN,NORTH CAROLINA,FOURTH CIRCUIT,2245,1110,14,0,1121,27,15,12,0,0,2218,1095,2,1121
2002-03-31,NORTH DAKOTA,NORTH DAKOTA,EIGHTH CIRCUIT,483,461,0,0,22,20,19,0,0,1,463,442,0,21
2002-03-31,NORTHERN MARIANAS,NORTHERN MARIANA ISLANDS,NINTH CIRCUIT,10,8,1,0,1,3,2,1,0,0,7,6,0,1
2002-03-31,OHIO NORTHERN,OHIO,SIXTH CIRCUIT,9402,7574,25,0,1803,236,181,23,0,32,9166,7393,2,1771
2002-03-31,OHIO SOUTHERN,OHIO,SIXTH CIRCUIT,8669,6628,25,0,2016,135,85,23,0,27,8534,6543,2,1989
2002-03-31,OKLAHOMA EASTERN,OKLAHOMA,TENTH CIRCUIT,1024,940,1,0,83,21,16,1,0,4,1003,924,0,79
2002-03-31,OKLAHOMA NORTHERN,OKLAHOMA,TENTH CIRCUIT,1510,1375,3,0,132,54,50,0,0,4,1456,1325,3,128
2002-03-31,OKLAHOMA WESTERN,OKLAHOMA,TENTH CIRCUIT,2990,2494,7,0,489,43,34,6,0,3,2947,2460,1,486
2002-03-31,OREGON,OREGON,NINTH CIRCUIT,5539,4725,40,0,774,397,182,40,0,175,5142,4543,0,599
2002-03-31,PENNSYLVANIA EASTERN,PENNSYLVANIA,THIRD CIRCUIT,6350,3467,18,0,2865,76,53,17,0,6,6274,3414,1,2859
2002-03-31,PENNSYLVANIA MIDDLE,PENNSYLVANIA,THIRD CIRCUIT,3111,2388,12,0,711,211,137,11,0,63,2900,2251,1,648
2002-03-31,PENNSYLVANIA WESTERN,PENNSYLVANIA,THIRD CIRCUIT,4339,3496,71,0,772,123,48,68,0,7,4216,3448,3,765
2002-03-31,PUERTO RICO,PUERTO RICO,FIRST CIRCUIT,3282,1014,12,0,2256,19,12,7,0,0,3263,1002,5,2256
2002-03-31,RHODE ISLAND,RHODE ISLAND,FIRST CIRCUIT,1228,1110,2,0,116,16,14,2,0,0,1212,1096,0,116
2002-03-31,SOUTH CAROLINA,SOUTH CAROLINA,FOURTH CIRCUIT,4073,1764,20,0,2289,45,30,15,0,0,4028,1734,5,2289
2002-03-31,SOUTH DAKOTA,SOUTH DAKOTA,EIGHTH CIRCUIT,629,594,1,0,34,25,20,1,0,4,604,574,0,30
2002-03-31,TENNESSEE EASTERN,TENNESSEE,SIXTH CIRCUIT,4894,3142,18,0,1734,79,51,15,0,13,4815,3091,3,1721
2002-03-31,TENNESSEE MIDDLE,TENNESSEE,SIXTH CIRCUIT,3962,2582,44,0,1336,61,24,33,0,4,3901,2558,11,1332
2002-03-31,TENNESSEE WESTERN,TENNESSEE,SIXTH CIRCUIT,7017,2133,38,0,4846,70,25,35,0,10,6947,2108,3,4836
2002-03-31,TEXAS EASTERN,TEXAS,FIFTH CIRCUIT,2826,1515,24,0,1287,104,51,23,0,30,2722,1464,1,1257
2002-03-31,TEXAS NORTHERN,TEXAS,FIFTH CIRCUIT,6689,3390,60,0,3239,267,151,57,0,59,6422,3239,3,3180
2002-03-31,TEXAS SOUTHERN,TEXAS,FIFTH CIRCUIT,4717,2615,69,0,2033,229,128,65,0,36,4488,2487,4,1997
2002-03-31,TEXAS WESTERN,TEXAS,FIFTH CIRCUIT,4487,2600,41,0,1846,163,91,35,0,37,4324,2509,6,1809
2002-03-31,UTAH,UTAH,TENTH CIRCUIT,5220,3189,33,0,1998,137,78,29,0,30,5083,3111,4,1968
2002-03-31,VERMONT,VERMONT,SECOND CIRCUIT,439,386,0,0,53,20,17,0,0,3,419,369,0,50
2002-03-31,VIRGIN ISLANDS,VIRGIN ISLANDS,THIRD CIRCUIT,10,7,1,0,2,3,2,1,0,0,7,5,0,2
2002-03-31,VIRGINIA EASTERN,VIRGINIA,FOURTH CIRCUIT,7401,5155,36,0,2210,115,75,30,0,10,7286,5080,6,2200
2002-03-31,VIRGINIA WESTERN,VIRGINIA,FOURTH CIRCUIT,3257,2841,12,0,404,141,113,11,0,17,3116,2728,1,387
2002-03-31,WASHINGTON EASTERN,WASHINGTON,NINTH CIRCUIT,2634,1999,22,0,613,84,52,20,0,12,2550,1947,2,601
2002-03-31,WASHINGTON WESTERN,WASHINGTON,NINTH CIRCUIT,7136,5782,44,0,1310,93,55,32,0,6,7043,5727,12,1304
2002-03-31,WEST VIRGINIA NORTHERN,WEST VIRGINIA,FOURTH CIRCUIT,1163,1082,5,0,76,27,21,4,0,2,1136,1061,1,74
2002-03-31,WEST VIRGINIA SOUTHERN,WEST VIRGINIA,FOURTH CIRCUIT,1471,1391,12,0,68,63,51,11,0,1,1408,1340,1,67
2002-03-31,WISCONSIN EASTERN,WISCONSIN,SEVENTH CIRCUIT,3757,3064,3,0,690,58,52,3,0,3,3699,3012,0,687
2002-03-31,WISCONSIN WESTERN,WISCONSIN,SEVENTH CIRCUIT,1993,1771,11,0,211,135,99,10,0,26,1858,1672,1,185
2002-03-31,WYOMING,WYOMING,TENTH CIRCUIT,478,446,2,0,30,10,6,2,0,2,468,440,0,28
2002-06-30,ALABAMA MIDDLE,ALABAMA,ELEVENTH CIRCUIT,2134,1074,3,0,1057,32,22,3,0,7,2102,1052,0,1050
2002-06-30,ALABAMA NORTHERN,ALABAMA,ELEVENTH CIRCUIT,6187,2953,25,2,3205,49,25,19,2,1,6138,2928,6,3204
2002-06-30,ALABAMA SOUTHERN,ALABAMA,ELEVENTH CIRCUIT,1914,844,7,0,1063,14,6,7,0,1,1900,838,0,1062
2002-06-30,ALASKA,ALASKA,NINTH CIRCUIT,364,328,6,0,30,28,19,6,0,3,336,309,0,27
2002-06-30,ARIZONA,ARIZONA,NINTH CIRCUIT,7793,6257,83,4,1449,190,92,71,4,23,7603,6165,12,1426
2002-06-30,ARKANSAS EASTERN,ARKANSAS,EIGHTH CIRCUIT,3613,1936,6,1,1670,32,17,5,1,9,3581,1919,1,1661
2002-06-30,ARKANSAS WESTERN,ARKANSAS,EIGHTH CIRCUIT,2041,1378,6,0,657,30,12,6,0,12,2011,1366,0,645
2002-06-30,CALIFORNIA CENTRAL,CALIFORNIA,NINTH CIRCUIT,21495,17730,111,0,3651,606,455,98,0,51,20889,17275,13,3600
2002-06-30,CALIFORNIA EASTERN,CALIFORNIA,NINTH CIRCUIT,8095,6894,31,14,1156,315,199,25,14,77,7780,6695,6,1079
2002-06-30,CALIFORNIA NORTHERN,CALIFORNIA,NINTH CIRCUIT,5495,3901,59,0,1535,337,186,55,0,96,5158,3715,4,1439
2002-06-30,CALIFORNIA SOUTHERN,CALIFORNIA,NINTH CIRCUIT,3326,2717,13,0,596,40,28,9,0,3,3286,2689,4,593
2002-06-30,COLORADO,COLORADO,TENTH CIRCUIT,5597,4856,28,0,713,181,141,27,0,13,5416,4715,1,700
2002-06-30,CONNECTICUT,CONNECTICUT,SECOND CIRCUIT,3131,2565,21,0,545,32,13,18,0,1,3099,2552,3,544
2002-06-30,DELAWARE,DELAWARE,THIRD CIRCUIT,908,502,57,0,329,92,9,56,0,7,816,493,1,322
2002-06-30,DISTRICT OF COLUMBIA,DISTRICT OF COLUMBIA,DC CIRCUIT,612,429,10,0,173,10,3,7,0,0,602,426,3,173
2002-06-30,FLORIDA MIDDLE,FLORIDA,ELEVENTH CIRCUIT,13779,10058,75,2,3643,243,148,69,2,24,13536,9910,6,3619
2002-06-30,FLORIDA NORTHERN,FLORIDA,ELEVENTH CIRCUIT,1638,1327,17,0,294,22,7,15,0,0,1616,1320,2,294
2002-06-30,FLORIDA SOUTHERN,FLORIDA,ELEVENTH CIRCUIT,8600,6149,69,0,2380,218,149,62,0,6,8382,6000,7,2374
2002-06-30,GEORGIA MIDDLE,GEORGIA,ELEVENTH CIRCUIT,4121,1824,9,2,2286,33,15,9,2,7,4088,1809,0,2279
2002-06-30,GEORGIA NORTHERN,GEORGIA,ELEVENTH CIRCUIT,10047,4813,51,0,5183,245,142,47,0,56,9802,4671,4,5127
2002-06-30,GEORGIA SOUTHERN,GEORGIA,ELEVENTH CIRCUIT,3610,1009,6,0,2595,35,17,6,0,12,3575,992,0,2583
2002-06-30,GUAM,GUAM,NINTH CIRCUIT,120,107,4,0,9,8,5,3,0,0,112,102,1,9
2002-06-30,HAWAII,HAWAII,NINTH CIRCUIT,1119,1002,4,0,113,14,10,4,0,0,1105,992,0,113
2002-06-30,IDAHO,IDAHO,NINTH CIRCUIT,2441,2119,14,4,304,75,49,10,4,12,2366,2070,4,292
2002-06-30,ILLINOIS CENTRAL,ILLINOIS,SEVENTH CIRCUIT,3910,3312,10,7,581,45,27,9,7,2,3865,3285,1,579
2002-06-30,ILLINOIS NORTHERN,ILLINOIS,SEVENTH CIRCUIT,14056,10016,66,0,3974,170,109,59,0,2,13886,9907,7,3972
2002-06-30,ILLINOIS SOUTHERN,ILLINOIS,SEVENTH CIRCUIT,2285,1676,3,4,602,20,9,3,4,4,2265,1667,0,598
2002-06-30,INDIANA NORTHERN,INDIANA,SEVENTH CIRCUIT,5722,4831,5,1,885,59,49,4,1,5,5663,4782,1,880
2002-06-30,INDIANA SOUTHERN,INDIANA,SEVENTH CIRCUIT,8284,6686,25,0,1573,108,81,22,0,5,8176,6605,3,1568
2002-06-30,IOWA NORTHERN,IOWA,EIGHTH CIRCUIT,1268,1221,6,1,40,61,49,6,1,5,1207,1172,0,35
2002-06-30,IOWA SOUTHERN,IOWA,EIGHTH CIRCUIT,1938,1819,5,3,111,45,35,5,3,2,1893,1784,0,109
2002-06-30,KANSAS,KANSAS,TENTH CIRCUIT,4036,3344,14,7,671,66,39,13,7,7,3970,3305,1,664
2002-06-30,KENTUCKY EASTERN,KENTUCKY,SIXTH CIRCUIT,3041,2705,5,0,331,37,31,4,0,2,3004,2674,1,329
2002-06-30,KENTUCKY WESTERN,KENTUCKY,SIXTH CIRCUIT,3818,3128,16,0,674,22,8,13,0,1,3796,3120,3,673
2002-06-30,LOUISIANA EASTERN,LOUISIANA,FIFTH CIRCUIT,2403,1635,13,0,755,38,25,11,0,2,2365,1610,2,753
2002-06-30,LOUISIANA MIDDLE,LOUISIANA,FIFTH CIRCUIT,1009,714,37,0,258,38,3,34,0,1,971,711,3,257
2002-06-30,LOUISIANA WESTERN,LOUISIANA,FIFTH CIRCUIT,3455,1929,9,8,1509,126,76,8,8,34,3329,1853,1,1475
2002-06-30,MAINE,MAINE,FIRST CIRCUIT,1163,1044,11,1,107,41,25,11,1,4,1122,1019,0,103
2002-06-30,MARYLAND,MARYLAND,FOURTH CIRCUIT,8986,6078,41,0,2867,147,85,36,0,26,8839,5993,5,2841
2002-06-30,MASSACHUSETTS,MASSACHUSETTS,FIRST CIRCUIT,4672,4001,30,1,640,91,60,30,1,0,4581,3941,0,640
2002-06-30,MICHIGAN EASTERN,MICHIGAN,SIXTH CIRCUIT,9675,6744,43,0,2888,120,66,41,0,13,9555,6678,2,2875
2002-06-30,MICHIGAN WESTERN,MICHIGAN,SIXTH CIRCUIT,3997,3088,21,0,888,77,50,21,0,6,3920,3038,0,882
2002-06-30,MINNESOTA,MINNESOTA,EIGHTH CIRCUIT,5139,4297,14,2,826,481,400,14,2,65,4658,3897,0,761
2002-06-30,MISSISSIPPI NORTHERN,MISSISSIPPI,FIFTH CIRCUIT,1975,1362,15,0,598,34,18,15,0,1,1941,1344,0,597
2002-06-30,MISSISSIPPI SOUTHERN,MISSISSIPPI,FIFTH CIRCUIT,3360,2201,13,2,1144,36,22,10,2,2,3324,2179,3,1142
2002-06-30,MISSOURI EASTERN,MISSOURI,EIGHTH CIRCUIT,4288,2946,11,3,1328,36,22,9,3,2,4252,2924,2,1326
2002-06-30,MISSOURI WESTERN,MISSOURI,EIGHTH CIRCUIT,4118,3373,16,1,728,45,20,14,1,10,4073,3353,2,718
2002-06-30,MONTANA,MONTANA,NINTH CIRCUIT,1241,1092,5,4,140,35,25,4,4,2,1206,1067,1,138
2002-06-30,NEBRASKA,NEBRASKA,EIGHTH CIRCUIT,2046,1593,20,12,421,52,19,18,12,3,1994,1574,2,418
2002-06-30,NEVADA,NEVADA,NINTH CIRCUIT,5307,3972,44,0,1290,67,29,31,0,6,5240,3943,13,1284
2002-06-30,NEW HAMPSHIRE,NEW HAMPSHIRE,FIRST CIRCUIT,1031,929,11,0,91,53,41,11,0,1,978,888,0,90
2002-06-30,NEW JERSEY,NEW JERSEY,THIRD CIRCUIT,10912,6878,94,0,3939,193,95,88,0,9,10719,6783,6,3930
2002-06-30,NEW MEXICO,NEW MEXICO,TENTH CIRCUIT,2312,2076,11,2,223,181,145,11,2,23,2131,1931,0,200
2002-06-30,NEW YORK EASTERN,NEW YORK,SECOND CIRCUIT,7152,5570,63,0,1519,99,36,58,0,5,7053,5534,5,1514
2002-06-30,NEW YORK NORTHERN,NEW YORK,SECOND CIRCUIT,4267,3420,19,1,827,96,55,17,1,23,4171,3365,2,804
2002-06-30,NEW YORK SOUTHERN,NEW YORK,SECOND CIRCUIT,4377,3344,530,0,496,562,42,510,0,3,3815,3302,20,493
2002-06-30,NEW YORK WESTERN,NEW YORK,SECOND CIRCUIT,3617,2748,8,1,860,67,45,6,1,15,3550,2703,2,845
2002-06-30,NORTH CAROLINA EASTERN,NORTH CAROLINA,FOURTH CIRCUIT,3617,1826,15,1,1775,55,31,12,1,11,3562,1795,3,1764
2002-06-30,NORTH CAROLINA MIDDLE,NORTH CAROLINA,FOURTH CIRCUIT,2850,1215,4,0,1631,79,56,4,0,19,2771,1159,0,1612
2002-06-30,NORTH CAROLINA WESTERN,NORTH CAROLINA,FOURTH CIRCUIT,2427,1321,20,0,1086,25,8,17,0,0,2402,1313,3,1086
2002-06-30,NORTH DAKOTA,NORTH DAKOTA,EIGHTH CIRCUIT,521,495,5,0,21,29,23,5,0,1,492,472,0,20
2002-06-30,NORTHERN MARIANAS,NORTHERN MARIANA ISLANDS,NINTH CIRCUIT,5,4,0,0,1,0,0,0,0,0,5,4,0,1
2002-06-30,OHIO NORTHERN,OHIO,SIXTH CIRCUIT,10686,8926,23,0,1737,242,195,23,0,24,10444,8731,0,1713
2002-06-30,OHIO SOUTHERN,OHIO,SIXTH CIRCUIT,9490,7394,29,2,2065,147,87,26,2,32,9343,7307,3,2033
2002-06-30,OKLAHOMA EASTERN,OKLAHOMA,TENTH CIRCUIT,1194,1120,1,0,73,18,14,1,0,3,1176,1106,0,70
2002-06-30,OKLAHOMA NORTHERN,OKLAHOMA,TENTH CIRCUIT,1669,1537,1,0,131,76,73,1,0,2,1593,1464,0,129
2002-06-30,OKLAHOMA WESTERN,OKLAHOMA,TENTH CIRCUIT,3519,3019,10,11,478,73,47,10,11,4,3446,2972,0,474
2002-06-30,OREGON,OREGON,NINTH CIRCUIT,6601,5656,9,6,930,407,182,9,6,210,6194,5474,0,720
2002-06-30,PENNSYLVANIA EASTERN,PENNSYLVANIA,THIRD CIRCUIT,6298,3553,38,1,2706,76,38,33,1,4,6222,3515,5,2702
2002-06-30,PENNSYLVANIA MIDDLE,PENNSYLVANIA,THIRD CIRCUIT,3306,2507,27,0,772,104,56,26,0,22,3202,2451,1,750
2002-06-30,PENNSYLVANIA WESTERN,PENNSYLVANIA,THIRD CIRCUIT,4327,3605,53,1,668,137,74,52,1,10,4190,3531,1,658
2002-06-30,PUERTO RICO,PUERTO RICO,FIRST CIRCUIT,3664,1114,40,0,2510,91,30,32,0,29,3573,1084,8,2481
2002-06-30,RHODE ISLAND,RHODE ISLAND,FIRST CIRCUIT,1311,1196,2,0,113,22,18,2,0,2,1289,1178,0,111
2002-06-30,SOUTH CAROLINA,SOUTH CAROLINA,FOURTH CIRCUIT,3767,1683,44,0,2040,59,18,40,0,1,3708,1665,4,2039
2002-06-30,SOUTH DAKOTA,SOUTH DAKOTA,EIGHTH CIRCUIT,690,658,2,2,28,40,34,2,2,2,650,624,0,26
2002-06-30,TENNESSEE EASTERN,TENNESSEE,SIXTH CIRCUIT,4782,2929,22,0,1831,76,42,22,0,12,4706,2887,0,1819
2002-06-30,TENNESSEE MIDDLE,TENNESSEE,SIXTH CIRCUIT,3672,2315,27,0,1330,43,23,16,0,4,3629,2292,11,1326
2002-06-30,TENNESSEE WESTERN,TENNESSEE,SIXTH CIRCUIT,6706,2051,29,0,4626,55,21,27,0,7,6651,2030,2,4619
2002-06-30,TEXAS EASTERN,TEXAS,FIFTH CIRCUIT,2970,1662,14,0,1294,63,28,14,0,21,2907,1634,0,1273
2002-06-30,TEXAS NORTHERN,TEXAS,FIFTH CIRCUIT,6722,3339,72,4,3307,294,160,72,4,58,6428,3179,0,3249
2002-06-30,TEXAS SOUTHERN,TEXAS,FIFTH CIRCUIT,5134,2891,73,2,2167,148,67,63,2,15,4986,2824,10,2152
2002-06-30,TEXAS WESTERN,TEXAS,FIFTH CIRCUIT,4449,2577,45,4,1821,164,93,40,4,25,4285,2484,5,1796
2002-06-30,UTAH,UTAH,TENTH CIRCUIT,5547,3757,24,2,1764,158,97,24,2,35,5389,3660,0,1729
2002-06-30,VERMONT,VERMONT,SECOND CIRCUIT,463,403,2,0,58,22,16,2,0,4,441,387,0,54
2002-06-30,VIRGIN ISLANDS,VIRGIN ISLANDS,THIRD CIRCUIT,20,12,2,0,6,2,0,2,0,0,18,12,0,6
2002-06-30,VIRGINIA EASTERN,VIRGINIA,FOURTH CIRCUIT,7928,5730,37,0,2161,103,68,28,0,7,7825,5662,9,2154
2002-06-30,VIRGINIA WESTERN,VIRGINIA,FOURTH CIRCUIT,3264,2840,9,0,415,152,133,9,0,10,3112,2707,0,405
2002-06-30,WASHINGTON EASTERN,WASHINGTON,NINTH CIRCUIT,2526,1870,24,2,630,66,29,16,2,19,2460,1841,8,611
2002-06-30,WASHINGTON WESTERN,WASHINGTON,NINTH CIRCUIT,7451,6052,52,0,1347,107,61,40,0,6,7344,5991,12,1341
2002-06-30,WEST VIRGINIA NORTHERN,WEST VIRGINIA,FOURTH CIRCUIT,1013,947,7,0,59,25,16,6,0,3,988,931,1,56
2002-06-30,WEST VIRGINIA SOUTHERN,WEST VIRGINIA,FOURTH CIRCUIT,1502,1404,11,0,87,47,33,11,0,3,1455,1371,0,84
2002-06-30,WISCONSIN EASTERN,WISCONSIN,SEVENTH CIRCUIT,4757,3935,1,5,816,55,41,1,5,8,4702,3894,0,808
2002-06-30,WISCONSIN WESTERN,WISCONSIN,SEVENTH CIRCUIT,2172,1906,7,4,255,197,163,5,4,25,1975,1743,2,230
2002-06-30,WYOMING,WYOMING,TENTH CIRCUIT,626,591,1,0,34,9,8,1,0,0,617,583,0,34
2002-09-30,ALABAMA MIDDLE,ALABAMA,ELEVENTH CIRCUIT,2406,1134,1,0,1271,23,17,1,0,5,2383,1117,0,1266
2002-09-30,ALABAMA NORTHERN,ALABAMA,ELEVENTH CIRCUIT,6284,2840,33,0,3411,53,23,27,0,3,6231,2817,6,3408
2002-09-30,ALABAMA SOUTHERN,ALABAMA,ELEVENTH CIRCUIT,1873,779,6,0,1088,15,10,5,0,0,1858,769,1,1088
2002-09-30,ALASKA,ALASKA,NINTH CIRCUIT,382,348,3,0,31,30,24,3,0,3,352,324,0,28
2002-09-30,ARIZONA,ARIZONA,NINTH CIRCUIT,7857,6367,76,2,1411,177,89,59,2,26,7680,6278,17,1385
2002-09-30,ARKANSAS EASTERN,ARKANSAS,EIGHTH CIRCUIT,3948,2022,9,1,1916,48,25,5,1,17,3900,1997,4,1899
2002-09-30,ARKANSAS WESTERN,ARKANSAS,EIGHTH CIRCUIT,2158,1430,2,1,724,29,18,2,1,7,2129,1412,0,717
2002-09-30,CALIFORNIA CENTRAL,CALIFORNIA,NINTH CIRCUIT,20722,17451,144,0,3124,580,413,131,0,33,20142,17038,13,3091
2002-09-30,CALIFORNIA EASTERN,CALIFORNIA,NINTH CIRCUIT,7833,6652,23,4,1153,320,200,22,4,93,7513,6452,1,1060
2002-09-30,CALIFORNIA NORTHERN,CALIFORNIA,NINTH CIRCUIT,5352,3769,56,0,1527,315,173,52,0,90,5037,3596,4,1437
2002-09-30,CALIFORNIA SOUTHERN,CALIFORNIA,NINTH CIRCUIT,3125,2554,7,0,564,57,44,6,0,7,3068,2510,1,557
2002-09-30,COLORADO,COLORADO,TENTH CIRCUIT,5798,5160,22,4,612,142,108,21,4,9,5656,5052,1,603
2002-09-30,CONNECTICUT,CONNECTICUT,SECOND CIRCUIT,2909,2448,44,0,417,56,13,43,0,0,2853,2435,1,417
2002-09-30,DELAWARE,DELAWARE,THIRD CIRCUIT,926,525,127,0,274,139,13,126,0,0,787,512,1,274
2002-09-30,DISTRICT OF COLUMBIA,DISTRICT OF COLUMBIA,DC CIRCUIT,648,470,2,0,176,9,7,2,0,0,639,463,0,176
2002-09-30,FLORIDA MIDDLE,FLORIDA,ELEVENTH CIRCUIT,13534,10015,53,0,3466,201,122,48,0,31,13333,9893,5,3435
2002-09-30,FLORIDA NORTHERN,FLORIDA,ELEVENTH CIRCUIT,1680,1351,7,0,322,17,10,7,0,0,1663,1341,0,322
2002-09-30,FLORIDA SOUTHERN,FLORIDA,ELEVENTH CIRCUIT,8397,6072,93,0,2232,248,145,87,0,16,8149,5927,6,2216
2002-09-30,GEORGIA MIDDLE,GEORGIA,ELEVENTH CIRCUIT,5027,2028,13,4,2982,41,17,12,4,8,4986,2011,1,2974
2002-09-30,GEORGIA NORTHERN,GEORGIA,ELEVENTH CIRCUIT,11158,5092,45,0,6021,254,137,35,0,82,10904,4955,10,5939
2002-09-30,GEORGIA SOUTHERN,GEORGIA,ELEVENTH CIRCUIT,4310,1111,9,2,3188,34,20,9,2,3,4276,1091,0,3185
2002-09-30,GUAM,GUAM,NINTH CIRCUIT,83,74,1,0,8,6,4,1,0,1,77,70,0,7
2002-09-30,HAWAII,HAWAII,NINTH CIRCUIT,1138,1035,4,0,99,15,11,4,0,0,1123,1024,0,99
2002-09-30,IDAHO,IDAHO,NINTH CIRCUIT,2265,1925,12,4,324,70,45,12,4,9,2195,1880,0,315
2002-09-30,ILLINOIS CENTRAL,ILLINOIS,SEVENTH CIRCUIT,3894,3320,8,7,559,49,33,8,7,1,3845,3287,0,558
2002-09-30,ILLINOIS NORTHERN,ILLINOIS,SEVENTH CIRCUIT,14454,10259,61,0,4133,167,112,53,0,1,14287,10147,8,4132
2002-09-30,ILLINOIS SOUTHERN,ILLINOIS,SEVENTH CIRCUIT,2125,1508,9,1,607,33,18,8,1,6,2092,1490,1,601
2002-09-30,INDIANA NORTHERN,INDIANA,SEVENTH CIRCUIT,5320,4500,7,1,812,49,38,7,1,3,5271,4462,0,809
2002-09-30,INDIANA SOUTHERN,INDIANA,SEVENTH CIRCUIT,8466,6581,14,0,1871,105,82,13,0,10,8361,6499,1,1861
2002-09-30,IOWA NORTHERN,IOWA,EIGHTH CIRCUIT,1186,1145,1,1,39,48,45,1,1,1,1138,1100,0,38
2002-09-30,IOWA SOUTHERN,IOWA,EIGHTH CIRCUIT,1841,1723,1,1,116,37,33,1,1,2,1804,1690,0,114
2002-09-30,KANSAS,KANSAS,TENTH CIRCUIT,4054,3256,14,8,776,56,30,13,8,5,3998,3226,1,771
2002-09-30,KENTUCKY EASTERN,KENTUCKY,SIXTH CIRCUIT,3120,2739,11,0,370,41,31,10,0,0,3079,2708,1,370
2002-09-30,KENTUCKY WESTERN,KENTUCKY,SIXTH CIRCUIT,3801,2990,8,1,802,29,18,5,1,5,3772,2972,3,797
2002-09-30,LOUISIANA EASTERN,LOUISIANA,FIFTH CIRCUIT,2561,1753,17,0,791,32,19,13,0,0,2529,1734,4,791
2002-09-30,LOUISIANA MIDDLE,LOUISIANA,FIFTH CIRCUIT,1017,742,9,0,266,16,7,9,0,0,1001,735,0,266
2002-09-30,LOUISIANA WESTERN,LOUISIANA,FIFTH CIRCUIT,3691,1981,9,2,1699,106,53,7,2,44,3585,1928,2,1655
2002-09-30,MAINE,MAINE,FIRST CIRCUIT,1148,1037,2,0,109,22,15,2,0,5,1126,1022,0,104
2002-09-30,MARYLAND,MARYLAND,FOURTH CIRCUIT,8618,5842,32,0,2744,156,107,30,0,19,8462,5735,2,2725
2002-09-30,MASSACHUSETTS,MASSACHUSETTS,FIRST CIRCUIT,4255,3628,38,1,588,79,41,37,1,0,4176,3587,1,588
2002-09-30,MICHIGAN EASTERN,MICHIGAN,SIXTH CIRCUIT,9734,6453,47,3,3231,102,48,46,3,5,9632,6405,1,3226
2002-09-30,MICHIGAN WESTERN,MICHIGAN,SIXTH CIRCUIT,3695,2731,15,3,946,84,50,13,3,18,3611,2681,2,928
2002-09-30,MINNESOTA,MINNESOTA,EIGHTH CIRCUIT,5114,4274,10,4,826,449,374,10,4,61,4665,3900,0,765
2002-09-30,MISSISSIPPI NORTHERN,MISSISSIPPI,FIFTH CIRCUIT,2065,1370,13,2,680,30,13,12,2,3,2035,1357,1,677
2002-09-30,MISSISSIPPI SOUTHERN,MISSISSIPPI,FIFTH CIRCUIT,3621,2176,29,4,1412,52,20,26,4,2,3569,2156,3,1410
2002-09-30,MISSOURI EASTERN,MISSOURI,EIGHTH CIRCUIT,4683,3122,10,2,1549,49,34,10,2,3,4634,3088,0,1546
2002-09-30,MISSOURI WESTERN,MISSOURI,EIGHTH CIRCUIT,4233,3450,7,1,775,35,18,7,1,9,4198,3432,0,766
2002-09-30,MONTANA,MONTANA,NINTH CIRCUIT,988,875,7,3,103,30,19,5,3,3,958,856,2,100
2002-09-30,NEBRASKA,NEBRASKA,EIGHTH CIRCUIT,1865,1405,5,7,448,30,12,5,7,6,1835,1393,0,442
2002-09-30,NEVADA,NEVADA,NINTH CIRCUIT,5131,3800,156,0,1175,208,53,149,0,6,4923,3747,7,1169
2002-09-30,NEW HAMPSHIRE,NEW HAMPSHIRE,FIRST CIRCUIT,1000,910,8,0,82,51,42,6,0,3,949,868,2,79
2002-09-30,NEW JERSEY,NEW JERSEY,THIRD CIRCUIT,9851,6213,77,0,3561,144,72,71,0,1,9707,6141,6,3560
2002-09-30,NEW MEXICO,NEW MEXICO,TENTH CIRCUIT,2391,2191,9,0,191,144,125,9,0,10,2247,2066,0,181
2002-09-30,NEW YORK EASTERN,NEW YORK,SECOND CIRCUIT,6302,4825,38,0,1439,63,26,36,0,1,6239,4799,2,1438
2002-09-30,NEW YORK NORTHERN,NEW YORK,SECOND CIRCUIT,3925,3135,16,4,770,66,37,15,4,10,3859,3098,1,760
2002-09-30,NEW YORK SOUTHERN,NEW YORK,SECOND CIRCUIT,4175,3300,401,0,470,430,32,391,0,3,3745,3268,10,467
2002-09-30,NEW YORK WESTERN,NEW YORK,SECOND CIRCUIT,3275,2468,12,1,794,72,52,12,1,7,3203,2416,0,787
2002-09-30,NORTH CAROLINA EASTERN,NORTH CAROLINA,FOURTH CIRCUIT,3765,1855,17,4,1889,57,30,15,4,8,3708,1825,2,1881
2002-09-30,NORTH CAROLINA MIDDLE,NORTH CAROLINA,FOURTH CIRCUIT,3160,1298,6,0,1856,71,62,6,0,3,3089,1236,0,1853
2002-09-30,NORTH CAROLINA WESTERN,NORTH CAROLINA,FOURTH CIRCUIT,2475,1292,12,0,1171,25,14,11,0,0,2450,1278,1,1171
2002-09-30,NORTH DAKOTA,NORTH DAKOTA,EIGHTH CIRCUIT,537,511,1,6,19,33,26,1,6,0,504,485,0,19
2002-09-30,NORTHERN MARIANAS,NORTHERN MARIANA ISLANDS,NINTH CIRCUIT,3,3,0,0,0,0,0,0,0,0,3,3,0,0
2002-09-30,OHIO NORTHERN,OHIO,SIXTH CIRCUIT,11014,8983,38,0,1993,257,187,37,0,33,10757,8796,1,1960
2002-09-30,OHIO SOUTHERN,OHIO,SIXTH CIRCUIT,9499,7261,19,3,2216,129,73,18,3,35,9370,7188,1,2181
2002-09-30,OKLAHOMA EASTERN,OKLAHOMA,TENTH CIRCUIT,1276,1167,4,3,102,23,13,4,3,3,1253,1154,0,99
2002-09-30,OKLAHOMA NORTHERN,OKLAHOMA,TENTH CIRCUIT,1764,1605,4,0,155,67,53,4,0,10,1697,1552,0,145
2002-09-30,OKLAHOMA WESTERN,OKLAHOMA,TENTH CIRCUIT,3309,2841,13,9,446,75,49,12,9,5,3234,2792,1,441
2002-09-30,OREGON,OREGON,NINTH CIRCUIT,6283,5389,5,4,884,372,153,5,4,209,5911,5236,0,675
2002-09-30,PENNSYLVANIA EASTERN,PENNSYLVANIA,THIRD CIRCUIT,6280,3421,29,1,2829,86,48,29,1,8,6194,3373,0,2821
2002-09-30,PENNSYLVANIA MIDDLE,PENNSYLVANIA,THIRD CIRCUIT,3271,2452,12,0,807,78,51,12,0,15,3193,2401,0,792
2002-09-30,PENNSYLVANIA WESTERN,PENNSYLVANIA,THIRD CIRCUIT,4337,3593,41,0,703,107,63,35,0,9,4230,3530,6,694
2002-09-30,PUERTO RICO,PUERTO RICO,FIRST CIRCUIT,3412,1005,27,1,2379,148,55,25,1,67,3264,950,2,2312
2002-09-30,RHODE ISLAND,RHODE ISLAND,FIRST CIRCUIT,1192,1118,2,0,72,14,12,2,0,0,1178,1106,0,72
2002-09-30,SOUTH CAROLINA,SOUTH CAROLINA,FOURTH CIRCUIT,3834,1651,13,0,2170,38,28,9,0,1,3796,1623,4,2169
2002-09-30,SOUTH DAKOTA,SOUTH DAKOTA,EIGHTH CIRCUIT,667,627,1,1,38,21,15,1,1,4,646,612,0,34
2002-09-30,TENNESSEE EASTERN,TENNESSEE,SIXTH CIRCUIT,4966,2945,12,4,2005,68,40,11,4,13,4898,2905,1,1992
2002-09-30,TENNESSEE MIDDLE,TENNESSEE,SIXTH CIRCUIT,3981,2411,71,0,1499,86,23,60,0,3,3895,2388,11,1496
2002-09-30,TENNESSEE WESTERN,TENNESSEE,SIXTH CIRCUIT,7282,2079,33,1,5169,44,16,22,1,5,7238,2063,11,5164
2002-09-30,TEXAS EASTERN,TEXAS,FIFTH CIRCUIT,3332,1795,23,2,1512,91,40,20,2,29,3241,1755,3,1483
2002-09-30,TEXAS NORTHERN,TEXAS,FIFTH CIRCUIT,7493,3509,90,9,3885,293,149,81,9,54,7200,3360,9,3831
2002-09-30,TEXAS SOUTHERN,TEXAS,FIFTH CIRCUIT,5739,2989,85,1,2664,147,70,64,1,12,5592,2919,21,2652
2002-09-30,TEXAS WESTERN,TEXAS,FIFTH CIRCUIT,4949,2683,49,5,2212,189,101,42,5,41,4760,2582,7,2171
2002-09-30,UTAH,UTAH,TENTH CIRCUIT,5766,3912,30,4,1820,174,100,30,4,40,5592,3812,0,1780
2002-09-30,VERMONT,VERMONT,SECOND CIRCUIT,478,425,1,0,52,23,18,1,0,4,455,407,0,48
2002-09-30,VIRGIN ISLANDS,VIRGIN ISLANDS,THIRD CIRCUIT,20,8,2,0,10,2,1,1,0,0,18,7,1,10
2002-09-30,VIRGINIA EASTERN,VIRGINIA,FOURTH CIRCUIT,7468,5169,52,0,2247,99,42,44,0,13,7369,5127,8,2234
2002-09-30,VIRGINIA WESTERN,VIRGINIA,FOURTH CIRCUIT,3119,2663,9,0,446,146,114,9,0,22,2973,2549,0,424
2002-09-30,WASHINGTON EASTERN,WASHINGTON,NINTH CIRCUIT,2544,1912,21,3,608,55,32,10,3,10,2489,1880,11,598
2002-09-30,WASHINGTON WESTERN,WASHINGTON,NINTH CIRCUIT,7175,5818,47,0,1310,141,92,39,0,10,7034,5726,8,1300
2002-09-30,WEST VIRGINIA NORTHERN,WEST VIRGINIA,FOURTH CIRCUIT,1109,1035,9,0,65,34,23,8,0,3,1075,1012,1,62
2002-09-30,WEST VIRGINIA SOUTHERN,WEST VIRGINIA,FOURTH CIRCUIT,1505,1428,17,0,60,62,43,16,0,3,1443,1385,1,57
2002-09-30,WISCONSIN EASTERN,WISCONSIN,SEVENTH CIRCUIT,4133,3336,7,2,787,59,47,7,2,3,4074,3289,0,784
2002-09-30,WISCONSIN WESTERN,WISCONSIN,SEVENTH CIRCUIT,2158,1895,18,9,236,162,116,17,9,20,1996,1779,1,216
2002-09-30,WYOMING,WYOMING,TENTH CIRCUIT,599,561,4,0,34,14,9,4,0,1,585,552,0,33
2002-12-31,ALABAMA MIDDLE,ALABAMA,ELEVENTH CIRCUIT,2221,1051,4,0,1166,22,16,4,0,2,2199,1035,0,1164
2002-12-31,ALABAMA NORTHERN,ALABAMA,ELEVENTH CIRCUIT,6084,2795,35,0,3254,47,22,24,0,1,6037,2773,11,3253
2002-12-31,ALABAMA SOUTHERN,ALABAMA,ELEVENTH CIRCUIT,1826,726,15,0,1085,19,5,10,0,4,1807,721,5,1081
2002-12-31,ALASKA,ALASKA,NINTH CIRCUIT,432,395,1,0,36,30,25,1,0,4,402,370,0,32
2002-12-31,ARIZONA,ARIZONA,NINTH CIRCUIT,7489,5912,50,2,1525,192,115,43,2,32,7297,5797,7,1493
2002-12-31,ARKANSAS EASTERN,ARKANSAS,EIGHTH CIRCUIT,3906,2009,7,2,1888,47,24,4,2,17,3859,1985,3,1871
2002-12-31,ARKANSAS WESTERN,ARKANSAS,EIGHTH CIRCUIT,2169,1477,8,0,684,50,25,8,0,17,2119,1452,0,667
2002-12-31,CALIFORNIA CENTRAL,CALIFORNIA,NINTH CIRCUIT,20495,17322,96,1,3073,580,443,89,1,44,19915,16879,7,3029
2002-12-31,CALIFORNIA EASTERN,CALIFORNIA,NINTH CIRCUIT,7808,6625,27,14,1142,287,181,25,14,67,7521,6444,2,1075
2002-12-31,CALIFORNIA NORTHERN,CALIFORNIA,NINTH CIRCUIT,5412,3867,52,0,1493,296,174,46,0,76,5116,3693,6,1417
2002-12-31,CALIFORNIA SOUTHERN,CALIFORNIA,NINTH CIRCUIT,3182,2606,19,0,557,75,51,17,0,7,3107,2555,2,550
2002-12-31,COLORADO,COLORADO,TENTH CIRCUIT,5612,4880,29,5,698,153,112,28,5,8,5459,4768,1,690
2002-12-31,CONNECTICUT,CONNECTICUT,SECOND CIRCUIT,2860,2397,28,0,435,40,17,23,0,0,2820,2380,5,435
2002-12-31,DELAWARE,DELAWARE,THIRD CIRCUIT,1000,510,146,0,343,163,12,146,0,4,837,498,0,339
2002-12-31,DISTRICT OF COLUMBIA,DISTRICT OF COLUMBIA,DC CIRCUIT,566,387,12,0,167,17,6,10,0,1,549,381,2,166
2002-12-31,FLORIDA MIDDLE,FLORIDA,ELEVENTH CIRCUIT,13340,9482,53,3,3802,191,124,47,3,17,13149,9358,6,3785
2002-12-31,FLORIDA NORTHERN,FLORIDA,ELEVENTH CIRCUIT,1626,1294,6,2,324,15,8,5,2,0,1611,1286,1,324
2002-12-31,FLORIDA SOUTHERN,FLORIDA,ELEVENTH CIRCUIT,8252,5792,51,1,2405,224,160,47,1,13,8028,5632,4,2392
2002-12-31,GEORGIA MIDDLE,GEORGIA,ELEVENTH CIRCUIT,4619,1999,5,2,2613,50,30,5,2,13,4569,1969,0,2600
2002-12-31,GEORGIA NORTHERN,GEORGIA,ELEVENTH CIRCUIT,10708,5165,82,0,5461,349,177,76,0,96,10359,4988,6,5365
2002-12-31,GEORGIA SOUTHERN,GEORGIA,ELEVENTH CIRCUIT,3886,1006,8,2,2870,35,13,6,2,14,3851,993,2,2856
2002-12-31,GUAM,GUAM,NINTH CIRCUIT,72,62,1,0,9,3,3,0,0,0,69,59,1,9
2002-12-31,HAWAII,HAWAII,NINTH CIRCUIT,988,865,4,0,116,10,5,4,0,0,978,860,0,116
2002-12-31,IDAHO,IDAHO,NINTH CIRCUIT,2153,1829,11,6,307,60,33,9,6,12,2093,1796,2,295
2002-12-31,ILLINOIS CENTRAL,ILLINOIS,SEVENTH CIRCUIT,3884,3326,17,8,533,46,19,17,8,2,3838,3307,0,531
2002-12-31,ILLINOIS NORTHERN,ILLINOIS,SEVENTH CIRCUIT,14870,10517,99,0,4254,226,129,92,0,5,14644,10388,7,4249
2002-12-31,ILLINOIS SOUTHERN,ILLINOIS,SEVENTH CIRCUIT,2304,1671,6,2,625,33,22,5,2,4,2271,1649,1,621
2002-12-31,INDIANA NORTHERN,INDIANA,SEVENTH CIRCUIT,5056,4177,9,0,870,41,32,6,0,3,5015,4145,3,867
2002-12-31,INDIANA SOUTHERN,INDIANA,SEVENTH CIRCUIT,8183,6328,28,0,1827,98,67,26,0,5,8085,6261,2,1822
2002-12-31,IOWA NORTHERN,IOWA,EIGHTH CIRCUIT,1192,1144,3,2,43,47,42,3,2,0,1145,1102,0,43
2002-12-31,IOWA SOUTHERN,IOWA,EIGHTH CIRCUIT,1726,1638,3,1,84,36,32,3,1,0,1690,1606,0,84
2002-12-31,KANSAS,KANSAS,TENTH CIRCUIT,3693,2912,5,4,772,54,38,5,4,7,3639,2874,0,765
2002-12-31,KENTUCKY EASTERN,KENTUCKY,SIXTH CIRCUIT,2967,2498,83,2,384,120,36,82,2,0,2847,2462,1,384
2002-12-31,KENTUCKY WESTERN,KENTUCKY,SIXTH CIRCUIT,3654,2812,5,3,834,49,36,5,3,5,3605,2776,0,829
2002-12-31,LOUISIANA EASTERN,LOUISIANA,FIFTH CIRCUIT,2471,1640,20,2,809,49,29,18,2,0,2422,1611,2,809
2002-12-31,LOUISIANA MIDDLE,LOUISIANA,FIFTH CIRCUIT,837,585,3,0,249,7,4,3,0,0,830,581,0,249
2002-12-31,LOUISIANA WESTERN,LOUISIANA,FIFTH CIRCUIT,3302,1723,8,9,1562,84,42,7,9,26,3218,1681,1,1536
2002-12-31,MAINE,MAINE,FIRST CIRCUIT,1076,996,3,0,77,24,17,3,0,4,1052,979,0,73
2002-12-31,MARYLAND,MARYLAND,FOURTH CIRCUIT,8816,5538,287,3,2988,396,102,278,3,13,8420,5436,9,2975
2002-12-31,MASSACHUSETTS,MASSACHUSETTS,FIRST CIRCUIT,4187,3543,39,0,605,84,43,39,0,2,4103,3500,0,603
2002-12-31,MICHIGAN EASTERN,MICHIGAN,SIXTH CIRCUIT,10746,7182,42,0,3522,126,78,40,0,8,10620,7104,2,3514
2002-12-31,MICHIGAN WESTERN,MICHIGAN,SIXTH CIRCUIT,4087,3097,15,0,975,83,58,15,0,10,4004,3039,0,965
2002-12-31,MINNESOTA,MINNESOTA,EIGHTH CIRCUIT,4373,3628,10,2,733,329,273,9,2,45,4044,3355,1,688
2002-12-31,MISSISSIPPI NORTHERN,MISSISSIPPI,FIFTH CIRCUIT,2042,1340,10,15,677,38,12,10,15,1,2004,1328,0,676
2002-12-31,MISSISSIPPI SOUTHERN,MISSISSIPPI,FIFTH CIRCUIT,3654,2360,13,0,1281,37,24,11,0,2,3617,2336,2,1279
2002-12-31,MISSOURI EASTERN,MISSOURI,EIGHTH CIRCUIT,5021,3338,14,2,1667,52,33,12,2,5,4969,3305,2,1662
2002-12-31,MISSOURI WESTERN,MISSOURI,EIGHTH CIRCUIT,4167,3341,10,2,813,54,39,9,2,3,4113,3302,1,810
2002-12-31,MONTANA,MONTANA,NINTH CIRCUIT,875,758,6,2,109,27,14,6,2,5,848,744,0,104
2002-12-31,NEBRASKA,NEBRASKA,EIGHTH CIRCUIT,1996,1527,15,6,448,47,22,15,6,4,1949,1505,0,444
2002-12-31,NEVADA,NEVADA,NINTH CIRCUIT,4887,3722,39,0,1125,84,43,33,0,7,4803,3679,6,1118
2002-12-31,NEW HAMPSHIRE,NEW HAMPSHIRE,FIRST CIRCUIT,1003,898,5,0,100,57,41,5,0,11,946,857,0,89
2002-12-31,NEW JERSEY,NEW JERSEY,THIRD CIRCUIT,9838,6277,77,1,3483,156,87,66,1,2,9682,6190,11,3481
2002-12-31,NEW MEXICO,NEW MEXICO,TENTH CIRCUIT,2281,2053,8,2,218,179,152,8,2,17,2102,1901,0,201
2002-12-31,NEW YORK EASTERN,NEW YORK,SECOND CIRCUIT,6705,5105,67,0,1533,98,35,61,0,2,6607,5070,6,1531
2002-12-31,NEW YORK NORTHERN,NEW YORK,SECOND CIRCUIT,4041,3154,17,5,864,87,51,17,5,14,3954,3103,0,850
2002-12-31,NEW YORK SOUTHERN,NEW YORK,SECOND CIRCUIT,4047,3337,194,0,500,257,53,185,0,3,3790,3284,9,497
2002-12-31,NEW YORK WESTERN,NEW YORK,SECOND CIRCUIT,3403,2511,17,1,874,91,55,15,1,20,3312,2456,2,854
2002-12-31,NORTH CAROLINA EASTERN,NORTH CAROLINA,FOURTH CIRCUIT,3883,1908,14,3,1958,52,33,12,3,4,3831,1875,2,1954
2002-12-31,NORTH CAROLINA MIDDLE,NORTH CAROLINA,FOURTH CIRCUIT,3038,1246,8,0,1784,43,29,8,0,6,2995,1217,0,1778
2002-12-31,NORTH CAROLINA WESTERN,NORTH CAROLINA,FOURTH CIRCUIT,2339,1201,12,0,1126,27,17,10,0,0,2312,1184,2,1126
2002-12-31,NORTH DAKOTA,NORTH DAKOTA,EIGHTH CIRCUIT,526,500,2,4,20,33,26,2,4,1,493,474,0,19
2002-12-31,NORTHERN MARIANAS,NORTHERN MARIANA ISLANDS,NINTH CIRCUIT,7,5,0,0,2,0,0,0,0,0,7,5,0,2
2002-12-31,OHIO NORTHERN,OHIO,SIXTH CIRCUIT,10870,8912,30,3,1925,234,168,29,3,34,10636,8744,1,1891
2002-12-31,OHIO SOUTHERN,OHIO,SIXTH CIRCUIT,9184,6831,38,5,2310,157,84,37,5,31,9027,6747,1,2279
2002-12-31,OKLAHOMA EASTERN,OKLAHOMA,TENTH CIRCUIT,1252,1147,3,4,98,25,18,2,4,1,1227,1129,1,97
2002-12-31,OKLAHOMA NORTHERN,OKLAHOMA,TENTH CIRCUIT,1737,1576,2,0,159,65,58,2,0,5,1672,1518,0,154
2002-12-31,OKLAHOMA WESTERN,OKLAHOMA,TENTH CIRCUIT,3246,2880,12,8,346,64,44,12,8,0,3182,2836,0,346
2002-12-31,OREGON,OREGON,NINTH CIRCUIT,6222,5316,5,2,899,428,207,5,2,214,5794,5109,0,685
2002-12-31,PENNSYLVANIA EASTERN,PENNSYLVANIA,THIRD CIRCUIT,5955,3361,29,0,2565,79,40,27,0,12,5876,3321,2,2553
2002-12-31,PENNSYLVANIA MIDDLE,PENNSYLVANIA,THIRD CIRCUIT,2984,2287,10,0,687,68,44,9,0,15,2916,2243,1,672
2002-12-31,PENNSYLVANIA WESTERN,PENNSYLVANIA,THIRD CIRCUIT,4228,3494,43,2,689,116,70,34,2,10,4112,3424,9,679
2002-12-31,PUERTO RICO,PUERTO RICO,FIRST CIRCUIT,3392,945,39,2,2406,61,31,28,2,0,3331,914,11,2406
2002-12-31,RHODE ISLAND,RHODE ISLAND,FIRST CIRCUIT,1175,1077,2,0,96,13,10,1,0,2,1162,1067,1,94
2002-12-31,SOUTH CAROLINA,SOUTH CAROLINA,FOURTH CIRCUIT,4077,1724,14,0,2338,36,25,11,0,0,4041,1699,3,2338
2002-12-31,SOUTH DAKOTA,SOUTH DAKOTA,EIGHTH CIRCUIT,672,630,2,3,37,33,26,2,3,2,639,604,0,35
2002-12-31,TENNESSEE EASTERN,TENNESSEE,SIXTH CIRCUIT,4881,3008,10,1,1862,53,31,9,1,12,4828,2977,1,1850
2002-12-31,TENNESSEE MIDDLE,TENNESSEE,SIXTH CIRCUIT,3861,2328,33,0,1500,61,34,24,0,3,3800,2294,9,1497
2002-12-31,TENNESSEE WESTERN,TENNESSEE,SIXTH CIRCUIT,7199,2120,21,0,5058,37,13,20,0,4,7162,2107,1,5054
2002-12-31,TEXAS EASTERN,TEXAS,FIFTH CIRCUIT,3045,1708,14,5,1318,82,45,13,5,19,2963,1663,1,1299
2002-12-31,TEXAS NORTHERN,TEXAS,FIFTH CIRCUIT,7177,3590,86,7,3494,301,155,82,7,57,6876,3435,4,3437
2002-12-31,TEXAS SOUTHERN,TEXAS,FIFTH CIRCUIT,5669,3004,200,1,2464,285,73,195,1,16,5384,2931,5,2448
2002-12-31,TEXAS WESTERN,TEXAS,FIFTH CIRCUIT,4635,2597,39,3,1996,165,93,33,3,36,4470,2504,6,1960
2002-12-31,UTAH,UTAH,TENTH CIRCUIT,5595,3730,22,0,1843,133,84,19,0,30,5462,3646,3,1813
2002-12-31,VERMONT,VERMONT,SECOND CIRCUIT,445,393,3,0,49,25,18,3,0,4,420,375,0,45
2002-12-31,VIRGIN ISLANDS,VIRGIN ISLANDS,THIRD CIRCUIT,10,8,1,0,1,1,0,1,0,0,9,8,0,1
2002-12-31,VIRGINIA EASTERN,VIRGINIA,FOURTH CIRCUIT,7294,4938,39,1,2316,82,49,27,1,5,7212,4889,12,2311
2002-12-31,VIRGINIA WESTERN,VIRGINIA,FOURTH CIRCUIT,3095,2510,9,1,575,131,99,9,1,22,2964,2411,0,553
2002-12-31,WASHINGTON EASTERN,WASHINGTON,NINTH CIRCUIT,2508,1920,7,5,575,47,27,6,5,8,2461,1893,1,567
2002-12-31,WASHINGTON WESTERN,WASHINGTON,NINTH CIRCUIT,7259,5786,40,2,1431,111,65,36,2,8,7148,5721,4,1423
2002-12-31,WEST VIRGINIA NORTHERN,WEST VIRGINIA,FOURTH CIRCUIT,1158,1066,21,0,71,45,20,21,0,4,1113,1046,0,67
2002-12-31,WEST VIRGINIA SOUTHERN,WEST VIRGINIA,FOURTH CIRCUIT,1540,1462,9,0,69,54,40,9,0,5,1486,1422,0,64
2002-12-31,WISCONSIN EASTERN,WISCONSIN,SEVENTH CIRCUIT,4209,3319,13,1,876,48,31,13,1,3,4161,3288,0,873
2002-12-31,WISCONSIN WESTERN,WISCONSIN,SEVENTH CIRCUIT,2112,1834,9,2,267,140,118,8,2,12,1972,1716,1,255
2002-12-31,WYOMING,WYOMING,TENTH CIRCUIT,560,509,4,0,47,14,6,3,0,5,546,503,1,42
2003-03-31,ALABAMA MIDDLE,ALABAMA,ELEVENTH CIRCUIT,2213,1189,8,0,1016,22,11,6,0,5,2191,1178,2,1011
2003-03-31,ALABAMA NORTHERN,ALABAMA,ELEVENTH CIRCUIT,6560,3549,41,1,2969,42,17,24,1,0,6518,3532,17,2969
2003-03-31,ALABAMA SOUTHERN,ALABAMA,ELEVENTH CIRCUIT,1923,856,10,0,1057,19,7,8,0,4,1904,849,2,1053
2003-03-31,ALASKA,ALASKA,NINTH CIRCUIT,331,290,9,0,32,46,31,8,0,7,285,259,1,25
2003-03-31,ARIZONA,ARIZONA,NINTH CIRCUIT,7358,5640,84,1,1633,215,103,81,1,30,7143,5537,3,1603
2003-03-31,ARKANSAS EASTERN,ARKANSAS,EIGHTH CIRCUIT,3893,2254,9,1,1629,60,24,7,1,28,3833,2230,2,1601
2003-03-31,ARKANSAS WESTERN,ARKANSAS,EIGHTH CIRCUIT,2129,1516,2,0,611,43,19,1,0,23,2086,1497,1,588
2003-03-31,CALIFORNIA CENTRAL,CALIFORNIA,NINTH CIRCUIT,19966,16865,88,0,3012,509,386,83,0,39,19457,16479,5,2973
2003-03-31,CALIFORNIA EASTERN,CALIFORNIA,NINTH CIRCUIT,7989,6716,20,8,1245,266,174,18,8,66,7723,6542,2,1179
2003-03-31,CALIFORNIA NORTHERN,CALIFORNIA,NINTH CIRCUIT,5605,3931,61,0,1613,307,168,54,0,85,5298,3763,7,1528
2003-03-31,CALIFORNIA SOUTHERN,CALIFORNIA,NINTH CIRCUIT,3062,2502,14,1,545,58,43,12,1,2,3004,2459,2,543
2003-03-31,COLORADO,COLORADO,TENTH CIRCUIT,5636,5042,18,1,575,86,64,17,1,4,5550,4978,1,571
2003-03-31,CONNECTICUT,CONNECTICUT,SECOND CIRCUIT,3042,2423,18,3,598,36,16,14,3,3,3006,2407,4,595
2003-03-31,DELAWARE,DELAWARE,THIRD CIRCUIT,939,539,79,0,321,102,22,79,0,1,837,517,0,320
2003-03-31,DISTRICT OF COLUMBIA,DISTRICT OF COLUMBIA,DC CIRCUIT,638,462,7,0,169,10,4,6,0,0,628,458,1,169
2003-03-31,FLORIDA MIDDLE,FLORIDA,ELEVENTH CIRCUIT,13320,9209,48,0,4063,142,83,38,0,21,13178,9126,10,4042
2003-03-31,FLORIDA NORTHERN,FLORIDA,ELEVENTH CIRCUIT,1806,1436,5,0,365,23,17,5,0,1,1783,1419,0,364
2003-03-31,FLORIDA SOUTHERN,FLORIDA,ELEVENTH CIRCUIT,7340,4841,60,0,2438,192,126,49,0,16,7148,4715,11,2422
2003-03-31,GEORGIA MIDDLE,GEORGIA,ELEVENTH CIRCUIT,4646,2333,31,6,2276,72,17,31,6,18,4574,2316,0,2258
2003-03-31,GEORGIA NORTHERN,GEORGIA,ELEVENTH CIRCUIT,12254,6389,56,2,5807,290,164,49,2,75,11964,6225,7,5732
2003-03-31,GEORGIA SOUTHERN,GEORGIA,ELEVENTH CIRCUIT,3816,1204,14,0,2598,40,14,14,0,12,3776,1190,0,2586
2003-03-31,GUAM,GUAM,NINTH CIRCUIT,84,73,0,0,11,2,2,0,0,0,82,71,0,11
2003-03-31,HAWAII,HAWAII,NINTH CIRCUIT,953,833,8,0,112,8,2,6,0,0,945,831,2,112
2003-03-31,IDAHO,IDAHO,NINTH CIRCUIT,2192,1883,10,4,295,50,25,10,4,11,2142,1858,0,284
2003-03-31,ILLINOIS CENTRAL,ILLINOIS,SEVENTH CIRCUIT,4479,3836,10,13,620,54,31,10,13,0,4425,3805,0,620
2003-03-31,ILLINOIS NORTHERN,ILLINOIS,SEVENTH CIRCUIT,16052,11644,85,1,4322,182,100,80,1,1,15870,11544,5,4321
2003-03-31,ILLINOIS SOUTHERN,ILLINOIS,SEVENTH CIRCUIT,2585,1897,4,3,681,37,19,4,3,11,2548,1878,0,670
2003-03-31,INDIANA NORTHERN,INDIANA,SEVENTH CIRCUIT,5118,4256,14,2,846,57,29,13,2,13,5061,4227,1,833
2003-03-31,INDIANA SOUTHERN,INDIANA,SEVENTH CIRCUIT,8095,6232,40,2,1821,117,68,39,2,8,7978,6164,1,1813
2003-03-31,IOWA NORTHERN,IOWA,EIGHTH CIRCUIT,1172,1118,2,4,48,50,42,2,4,2,1122,1076,0,46
2003-03-31,IOWA SOUTHERN,IOWA,EIGHTH CIRCUIT,1767,1661,3,3,100,34,26,3,3,2,1733,1635,0,98
2003-03-31,KANSAS,KANSAS,TENTH CIRCUIT,3597,2910,4,7,676,62,43,4,7,8,3535,2867,0,668
2003-03-31,KENTUCKY EASTERN,KENTUCKY,SIXTH CIRCUIT,3177,2744,9,0,424,40,30,9,0,1,3137,2714,0,423
2003-03-31,KENTUCKY WESTERN,KENTUCKY,SIXTH CIRCUIT,4017,3211,13,0,793,39,23,13,0,3,3978,3188,0,790
2003-03-31,LOUISIANA EASTERN,LOUISIANA,FIFTH CIRCUIT,2341,1578,18,0,745,34,21,13,0,0,2307,1557,5,745
2003-03-31,LOUISIANA MIDDLE,LOUISIANA,FIFTH CIRCUIT,949,691,5,0,253,10,5,5,0,0,939,686,0,253
2003-03-31,LOUISIANA WESTERN,LOUISIANA,FIFTH CIRCUIT,3475,1994,12,6,1463,70,32,11,6,21,3405,1962,1,1442
2003-03-31,MAINE,MAINE,FIRST CIRCUIT,1081,987,3,0,91,24,17,3,0,4,1057,970,0,87
2003-03-31,MARYLAND,MARYLAND,FOURTH CIRCUIT,9239,5903,60,2,3274,173,92,56,2,23,9066,5811,4,3251
2003-03-31,MASSACHUSETTS,MASSACHUSETTS,FIRST CIRCUIT,4459,3799,56,0,604,110,54,55,0,1,4349,3745,1,603
2003-03-31,MICHIGAN EASTERN,MICHIGAN,SIXTH CIRCUIT,11780,7881,57,1,3841,111,51,52,1,7,11669,7830,5,3834
2003-03-31,MICHIGAN WESTERN,MICHIGAN,SIXTH CIRCUIT,4529,3542,20,0,967,91,52,20,0,19,4438,3490,0,948
2003-03-31,MINNESOTA,MINNESOTA,EIGHTH CIRCUIT,5509,4609,8,5,887,322,259,8,5,50,5187,4350,0,837
2003-03-31,MISSISSIPPI NORTHERN,MISSISSIPPI,FIFTH CIRCUIT,2152,1519,17,6,610,50,26,17,6,1,2102,1493,0,609
2003-03-31,MISSISSIPPI SOUTHERN,MISSISSIPPI,FIFTH CIRCUIT,3803,2673,7,1,1122,39,26,5,1,7,3764,2647,2,1115
2003-03-31,MISSOURI EASTERN,MISSOURI,EIGHTH CIRCUIT,4934,3220,18,1,1695,46,21,16,1,8,4888,3199,2,1687
2003-03-31,MISSOURI WESTERN,MISSOURI,EIGHTH CIRCUIT,4253,3322,8,3,920,52,35,8,3,6,4201,3287,0,914
2003-03-31,MONTANA,MONTANA,NINTH CIRCUIT,1068,939,2,1,126,22,15,2,1,4,1046,924,0,122
2003-03-31,NEBRASKA,NEBRASKA,EIGHTH CIRCUIT,2248,1777,7,10,454,57,33,7,10,7,2191,1744,0,447
2003-03-31,NEVADA,NEVADA,NINTH CIRCUIT,4792,3498,26,0,1268,77,46,22,0,9,4715,3452,4,1259
2003-03-31,NEW HAMPSHIRE,NEW HAMPSHIRE,FIRST CIRCUIT,1088,978,2,0,108,57,51,2,0,4,1031,927,0,104
2003-03-31,NEW JERSEY,NEW JERSEY,THIRD CIRCUIT,10775,6743,76,0,3956,166,93,68,0,5,10609,6650,8,3951
2003-03-31,NEW MEXICO,NEW MEXICO,TENTH CIRCUIT,2634,2369,14,1,250,177,144,14,1,18,2457,2225,0,232
2003-03-31,NEW YORK EASTERN,NEW YORK,SECOND CIRCUIT,6148,4677,47,0,1424,63,21,41,0,1,6085,4656,6,1423
2003-03-31,NEW YORK NORTHERN,NEW YORK,SECOND CIRCUIT,4274,3406,19,1,848,85,47,19,1,18,4189,3359,0,830
2003-03-31,NEW YORK SOUTHERN,NEW YORK,SECOND CIRCUIT,4297,3525,240,0,511,287,39,224,0,3,4010,3486,16,508
2003-03-31,NEW YORK WESTERN,NEW YORK,SECOND CIRCUIT,3490,2581,26,3,880,76,38,26,3,9,3414,2543,0,871
2003-03-31,NORTH CAROLINA EASTERN,NORTH CAROLINA,FOURTH CIRCUIT,4000,2144,26,4,1826,50,20,25,4,1,3950,2124,1,1825
2003-03-31,NORTH CAROLINA MIDDLE,NORTH CAROLINA,FOURTH CIRCUIT,3206,1476,9,0,1721,62,39,9,0,14,3144,1437,0,1707
2003-03-31,NORTH CAROLINA WESTERN,NORTH CAROLINA,FOURTH CIRCUIT,2624,1328,12,1,1283,18,7,10,1,0,2606,1321,2,1283
2003-03-31,NORTH DAKOTA,NORTH DAKOTA,EIGHTH CIRCUIT,559,531,0,6,22,30,23,0,6,1,529,508,0,21
2003-03-31,NORTHERN MARIANAS,NORTHERN MARIANA ISLANDS,NINTH CIRCUIT,6,5,0,0,1,1,1,0,0,0,5,4,0,1
2003-03-31,OHIO NORTHERN,OHIO,SIXTH CIRCUIT,10965,8938,25,1,2001,181,131,23,1,26,10784,8807,2,1975
2003-03-31,OHIO SOUTHERN,OHIO,SIXTH CIRCUIT,9458,6995,29,4,2430,147,87,27,4,29,9311,6908,2,2401
2003-03-31,OKLAHOMA EASTERN,OKLAHOMA,TENTH CIRCUIT,1205,1107,2,1,95,14,9,2,1,2,1191,1098,0,93
2003-03-31,OKLAHOMA NORTHERN,OKLAHOMA,TENTH CIRCUIT,1679,1534,4,0,141,59,50,4,0,5,1620,1484,0,136
2003-03-31,OKLAHOMA WESTERN,OKLAHOMA,TENTH CIRCUIT,3477,3034,18,5,420,73,48,14,5,6,3404,2986,4,414
2003-03-31,OREGON,OREGON,NINTH CIRCUIT,5960,5040,12,5,903,400,166,11,5,218,5560,4874,1,685
2003-03-31,PENNSYLVANIA EASTERN,PENNSYLVANIA,THIRD CIRCUIT,6691,3468,38,0,3185,99,55,31,0,13,6592,3413,7,3172
2003-03-31,PENNSYLVANIA MIDDLE,PENNSYLVANIA,THIRD CIRCUIT,3507,2643,26,0,838,83,44,25,0,14,3424,2599,1,824
2003-03-31,PENNSYLVANIA WESTERN,PENNSYLVANIA,THIRD CIRCUIT,4791,3916,49,0,826,150,90,45,0,15,4641,3826,4,811
2003-03-31,PUERTO RICO,PUERTO RICO,FIRST CIRCUIT,3334,961,32,4,2337,76,37,23,4,12,3258,924,9,2325
2003-03-31,RHODE ISLAND,RHODE ISLAND,FIRST CIRCUIT,1171,1078,1,0,92,11,10,1,0,0,1160,1068,0,92
2003-03-31,SOUTH CAROLINA,SOUTH CAROLINA,FOURTH CIRCUIT,3936,1713,19,0,2204,37,23,14,0,0,3899,1690,5,2204
2003-03-31,SOUTH DAKOTA,SOUTH DAKOTA,EIGHTH CIRCUIT,679,637,2,0,40,30,26,2,0,2,649,611,0,38
2003-03-31,TENNESSEE EASTERN,TENNESSEE,SIXTH CIRCUIT,5274,3452,13,1,1808,63,35,12,1,15,5211,3417,1,1793
2003-03-31,TENNESSEE MIDDLE,TENNESSEE,SIXTH CIRCUIT,4434,2856,55,0,1523,72,21,47,0,4,4362,2835,8,1519
2003-03-31,TENNESSEE WESTERN,TENNESSEE,SIXTH CIRCUIT,7087,2457,25,0,4605,43,17,25,0,1,7044,2440,0,4604
2003-03-31,TEXAS EASTERN,TEXAS,FIFTH CIRCUIT,3297,1860,16,2,1419,64,44,13,2,5,3233,1816,3,1414
2003-03-31,TEXAS NORTHERN,TEXAS,FIFTH CIRCUIT,8040,3810,126,8,4096,328,130,118,8,72,7712,3680,8,4024
2003-03-31,TEXAS SOUTHERN,TEXAS,FIFTH CIRCUIT,6722,3287,84,0,3351,175,83,72,0,20,6547,3204,12,3331
2003-03-31,TEXAS WESTERN,TEXAS,FIFTH CIRCUIT,5431,2976,48,2,2405,199,90,48,2,59,5232,2886,0,2346
2003-03-31,UTAH,UTAH,TENTH CIRCUIT,5570,3667,15,0,1888,112,77,14,0,21,5458,3590,1,1867
2003-03-31,VERMONT,VERMONT,SECOND CIRCUIT,474,425,1,0,48,22,16,1,0,5,452,409,0,43
2003-03-31,VIRGIN ISLANDS,VIRGIN ISLANDS,THIRD CIRCUIT,10,9,0,0,1,2,2,0,0,0,8,7,0,1
2003-03-31,VIRGINIA EASTERN,VIRGINIA,FOURTH CIRCUIT,8171,5598,67,0,2506,125,64,58,0,3,8046,5534,9,2503
2003-03-31,VIRGINIA WESTERN,VIRGINIA,FOURTH CIRCUIT,3276,2759,8,0,509,138,114,7,0,17,3138,2645,1,492
2003-03-31,WASHINGTON EASTERN,WASHINGTON,NINTH CIRCUIT,2793,2129,21,12,631,68,34,14,12,8,2725,2095,7,623
2003-03-31,WASHINGTON WESTERN,WASHINGTON,NINTH CIRCUIT,7764,6358,38,0,1368,109,66,27,0,16,7655,6292,11,1352
2003-03-31,WEST VIRGINIA NORTHERN,WEST VIRGINIA,FOURTH CIRCUIT,1163,1090,4,0,69,25,16,4,0,5,1138,1074,0,64
2003-03-31,WEST VIRGINIA SOUTHERN,WEST VIRGINIA,FOURTH CIRCUIT,1613,1549,5,0,59,36,29,5,0,2,1577,1520,0,57
2003-03-31,WISCONSIN EASTERN,WISCONSIN,SEVENTH CIRCUIT,4632,3793,9,1,829,54,40,9,1,4,4578,3753,0,825
2003-03-31,WISCONSIN WESTERN,WISCONSIN,SEVENTH CIRCUIT,2297,2038,11,1,247,139,112,9,1,17,2158,1926,2,230
2003-03-31,WYOMING,WYOMING,TENTH CIRCUIT,600,553,5,0,42,8,2,5,0,1,592,551,0,41
2003-06-30,ALABAMA MIDDLE,ALABAMA,ELEVENTH CIRCUIT,2235,1113,4,0,1118,25,21,3,0,1,2210,1092,1,1117
2003-06-30,ALABAMA NORTHERN,ALABAMA,ELEVENTH CIRCUIT,6564,3251,20,0,3293,33,23,10,0,0,6531,3228,10,3293
2003-06-30,ALABAMA SOUTHERN,ALABAMA,ELEVENTH CIRCUIT,1765,736,3,0,1026,11,6,3,0,2,1754,730,0,1024
2003-06-30,ALASKA,ALASKA,NINTH CIRCUIT,418,387,4,0,27,25,18,4,0,3,393,369,0,24
2003-06-30,ARIZONA,ARIZONA,NINTH CIRCUIT,9006,7326,63,0,1617,182,106,54,0,22,8824,7220,9,1595
2003-06-30,ARKANSAS EASTERN,ARKANSAS,EIGHTH CIRCUIT,3920,2141,11,3,1765,81,36,9,3,33,3839,2105,2,1732
2003-06-30,ARKANSAS WESTERN,ARKANSAS,EIGHTH CIRCUIT,2330,1611,5,2,711,53,32,5,2,13,2277,1579,0,698
2003-06-30,CALIFORNIA CENTRAL,CALIFORNIA,NINTH CIRCUIT,20421,17637,99,4,2675,551,410,89,4,42,19870,17227,10,2633
2003-06-30,CALIFORNIA EASTERN,CALIFORNIA,NINTH CIRCUIT,8321,6974,21,19,1306,276,165,19,19,72,8045,6809,2,1234
2003-06-30,CALIFORNIA NORTHERN,CALIFORNIA,NINTH CIRCUIT,6072,4343,65,1,1663,258,143,52,1,62,5814,4200,13,1601
2003-06-30,CALIFORNIA SOUTHERN,CALIFORNIA,NINTH CIRCUIT,3238,2581,78,0,579,125,41,77,0,7,3113,2540,1,572
2003-06-30,COLORADO,COLORADO,TENTH CIRCUIT,7157,6448,21,3,685,108,80,21,3,4,7049,6368,0,681
2003-06-30,CONNECTICUT,CONNECTICUT,SECOND CIRCUIT,3377,2816,34,1,525,59,28,28,1,2,3318,2788,6,523
2003-06-30,DELAWARE,DELAWARE,THIRD CIRCUIT,1054,526,127,0,397,152,2,127,0,19,902,524,0,378
2003-06-30,DISTRICT OF COLUMBIA,DISTRICT OF COLUMBIA,DC CIRCUIT,640,464,14,0,162,24,9,13,0,2,616,455,1,160
2003-06-30,FLORIDA MIDDLE,FLORIDA,ELEVENTH CIRCUIT,14639,10585,83,2,3969,186,98,63,2,23,14453,10487,20,3946
2003-06-30,FLORIDA NORTHERN,FLORIDA,ELEVENTH CIRCUIT,1823,1467,2,0,354,5,4,1,0,0,1818,1463,1,354
2003-06-30,FLORIDA SOUTHERN,FLORIDA,ELEVENTH CIRCUIT,8989,6248,51,0,2689,219,163,45,0,10,8770,6085,6,2679
2003-06-30,GEORGIA MIDDLE,GEORGIA,ELEVENTH CIRCUIT,4332,2096,14,15,2207,55,16,13,15,11,4277,2080,1,2196
2003-06-30,GEORGIA NORTHERN,GEORGIA,ELEVENTH CIRCUIT,11474,6107,40,0,5327,235,138,37,0,60,11239,5969,3,5267
2003-06-30,GEORGIA SOUTHERN,GEORGIA,ELEVENTH CIRCUIT,3924,1099,10,2,2813,46,19,9,2,16,3878,1080,1,2797
2003-06-30,GUAM,GUAM,NINTH CIRCUIT,103,85,1,0,17,4,3,1,0,0,99,82,0,17
2003-06-30,HAWAII,HAWAII,NINTH CIRCUIT,1045,907,17,0,121,25,9,16,0,0,1020,898,1,121
2003-06-30,IDAHO,IDAHO,NINTH CIRCUIT,2722,2381,16,6,319,62,35,15,6,6,2660,2346,1,313
2003-06-30,ILLINOIS CENTRAL,ILLINOIS,SEVENTH CIRCUIT,4236,3667,11,5,553,45,26,11,5,3,4191,3641,0,550
2003-06-30,ILLINOIS NORTHERN,ILLINOIS,SEVENTH CIRCUIT,15411,11185,73,2,4151,194,123,67,2,2,15217,11062,6,4149
2003-06-30,ILLINOIS SOUTHERN,ILLINOIS,SEVENTH CIRCUIT,2560,1877,11,2,670,37,27,3,2,5,2523,1850,8,665
2003-06-30,INDIANA NORTHERN,INDIANA,SEVENTH CIRCUIT,5819,4942,16,1,860,46,24,16,1,5,5773,4918,0,855
2003-06-30,INDIANA SOUTHERN,INDIANA,SEVENTH CIRCUIT,9209,7276,24,3,1906,107,74,22,3,8,9102,7202,2,1898
2003-06-30,IOWA NORTHERN,IOWA,EIGHTH CIRCUIT,1385,1326,1,1,57,60,53,1,1,5,1325,1273,0,52
2003-06-30,IOWA SOUTHERN,IOWA,EIGHTH CIRCUIT,2086,1937,3,1,145,25,18,3,1,3,2061,1919,0,142
2003-06-30,KANSAS,KANSAS,TENTH CIRCUIT,4621,3780,14,9,818,85,48,13,9,15,4536,3732,1,803
2003-06-30,KENTUCKY EASTERN,KENTUCKY,SIXTH CIRCUIT,3610,3107,3,0,500,39,34,3,0,2,3571,3073,0,498
2003-06-30,KENTUCKY WESTERN,KENTUCKY,SIXTH CIRCUIT,4335,3482,10,3,840,55,40,10,3,2,4280,3442,0,838
2003-06-30,LOUISIANA EASTERN,LOUISIANA,FIFTH CIRCUIT,2717,1898,8,0,811,27,21,6,0,0,2690,1877,2,811
2003-06-30,LOUISIANA MIDDLE,LOUISIANA,FIFTH CIRCUIT,1038,757,7,0,274,6,3,3,0,0,1032,754,4,274
2003-06-30,LOUISIANA WESTERN,LOUISIANA,FIFTH CIRCUIT,4032,2243,23,19,1747,98,36,21,19,22,3934,2207,2,1725
2003-06-30,MAINE,MAINE,FIRST CIRCUIT,1292,1200,3,1,88,26,21,3,1,1,1266,1179,0,87
2003-06-30,MARYLAND,MARYLAND,FOURTH CIRCUIT,9086,6241,53,0,2792,146,84,46,0,16,8940,6157,7,2776
2003-06-30,MASSACHUSETTS,MASSACHUSETTS,FIRST CIRCUIT,5091,4339,89,0,663,133,46,87,0,0,4958,4293,2,663
2003-06-30,MICHIGAN EASTERN,MICHIGAN,SIXTH CIRCUIT,11826,8230,44,2,3550,95,51,38,2,4,11731,8179,6,3546
2003-06-30,MICHIGAN WESTERN,MICHIGAN,SIXTH CIRCUIT,4422,3460,16,2,944,89,58,16,2,13,4333,3402,0,931
2003-06-30,MINNESOTA,MINNESOTA,EIGHTH CIRCUIT,5559,4645,12,9,893,374,303,12,9,50,5185,4342,0,843
2003-06-30,MISSISSIPPI NORTHERN,MISSISSIPPI,FIFTH CIRCUIT,2182,1528,5,7,642,27,14,5,7,1,2155,1514,0,641
2003-06-30,MISSISSIPPI SOUTHERN,MISSISSIPPI,FIFTH CIRCUIT,3470,2314,23,1,1132,51,26,22,1,2,3419,2288,1,1130
2003-06-30,MISSOURI EASTERN,MISSOURI,EIGHTH CIRCUIT,5229,3600,43,3,1583,59,14,42,3,0,5170,3586,1,1583
2003-06-30,MISSOURI WESTERN,MISSOURI,EIGHTH CIRCUIT,4754,3908,7,2,837,47,31,6,2,8,4707,3877,1,829
2003-06-30,MONTANA,MONTANA,NINTH CIRCUIT,1327,1202,8,7,110,32,14,8,7,3,1295,1188,0,107
2003-06-30,NEBRASKA,NEBRASKA,EIGHTH CIRCUIT,2155,1656,7,26,465,77,35,5,26,10,2078,1621,2,455
2003-06-30,NEVADA,NEVADA,NINTH CIRCUIT,5839,4385,42,0,1412,91,47,39,0,5,5748,4338,3,1407
2003-06-30,NEW HAMPSHIRE,NEW HAMPSHIRE,FIRST CIRCUIT,1243,1123,2,0,118,43,38,2,0,3,1200,1085,0,115
2003-06-30,NEW JERSEY,NEW JERSEY,THIRD CIRCUIT,11472,7609,104,0,3759,219,117,96,0,6,11253,7492,8,3753
2003-06-30,NEW MEXICO,NEW MEXICO,TENTH CIRCUIT,2662,2417,11,1,233,250,203,10,1,36,2412,2214,1,197
2003-06-30,NEW YORK EASTERN,NEW YORK,SECOND CIRCUIT,7029,5508,56,1,1464,84,30,52,1,1,6945,5478,4,1463
2003-06-30,NEW YORK NORTHERN,NEW YORK,SECOND CIRCUIT,4868,3858,21,8,981,101,53,20,8,20,4767,3805,1,961
2003-06-30,NEW YORK SOUTHERN,NEW YORK,SECOND CIRCUIT,4826,3946,329,1,537,365,33,317,1,1,4461,3913,12,536
2003-06-30,NEW YORK WESTERN,NEW YORK,SECOND CIRCUIT,4218,3201,5,3,1009,68,43,5,3,17,4150,3158,0,992
2003-06-30,NORTH CAROLINA EASTERN,NORTH CAROLINA,FOURTH CIRCUIT,4182,2247,8,4,1923,41,28,6,4,3,4141,2219,2,1920
2003-06-30,NORTH CAROLINA MIDDLE,NORTH CAROLINA,FOURTH CIRCUIT,3146,1492,5,0,1649,47,34,5,0,8,3099,1458,0,1641
2003-06-30,NORTH CAROLINA WESTERN,NORTH CAROLINA,FOURTH CIRCUIT,2796,1534,13,1,1248,26,13,12,1,0,2770,1521,1,1248
2003-06-30,NORTH DAKOTA,NORTH DAKOTA,EIGHTH CIRCUIT,629,594,3,7,25,30,18,3,7,2,599,576,0,23
2003-06-30,NORTHERN MARIANAS,NORTHERN MARIANA ISLANDS,NINTH CIRCUIT,2,1,0,0,1,0,0,0,0,0,2,1,0,1
2003-06-30,OHIO NORTHERN,OHIO,SIXTH CIRCUIT,13090,10887,37,4,2162,222,160,36,4,22,12868,10727,1,2140
2003-06-30,OHIO SOUTHERN,OHIO,SIXTH CIRCUIT,11300,8755,14,5,2526,132,81,14,5,32,11168,8674,0,2494
2003-06-30,OKLAHOMA EASTERN,OKLAHOMA,TENTH CIRCUIT,1372,1276,3,2,91,17,12,3,2,0,1355,1264,0,91
2003-06-30,OKLAHOMA NORTHERN,OKLAHOMA,TENTH CIRCUIT,2024,1869,4,1,150,71,56,4,1,10,1953,1813,0,140
2003-06-30,OKLAHOMA WESTERN,OKLAHOMA,TENTH CIRCUIT,3693,3207,9,17,460,94,66,9,17,2,3599,3141,0,458
2003-06-30,OREGON,OREGON,NINTH CIRCUIT,7057,6072,11,5,969,444,193,10,5,236,6613,5879,1,733
2003-06-30,PENNSYLVANIA EASTERN,PENNSYLVANIA,THIRD CIRCUIT,7005,4044,43,4,2913,90,39,42,4,5,6915,4005,1,2908
2003-06-30,PENNSYLVANIA MIDDLE,PENNSYLVANIA,THIRD CIRCUIT,3675,2832,10,2,831,68,39,9,2,18,3607,2793,1,813
2003-06-30,PENNSYLVANIA WESTERN,PENNSYLVANIA,THIRD CIRCUIT,5138,4213,56,1,868,136,73,48,1,14,5002,4140,8,854
2003-06-30,PUERTO RICO,PUERTO RICO,FIRST CIRCUIT,3634,1093,36,3,2502,66,34,29,3,0,3568,1059,7,2502
2003-06-30,RHODE ISLAND,RHODE ISLAND,FIRST CIRCUIT,1261,1185,1,0,75,7,6,1,0,0,1254,1179,0,75
2003-06-30,SOUTH CAROLINA,SOUTH CAROLINA,FOURTH CIRCUIT,4076,1821,21,2,2232,37,21,12,2,2,4039,1800,9,2230
2003-06-30,SOUTH DAKOTA,SOUTH DAKOTA,EIGHTH CIRCUIT,781,721,4,3,53,37,23,4,3,7,744,698,0,46
2003-06-30,TENNESSEE EASTERN,TENNESSEE,SIXTH CIRCUIT,5226,3305,23,1,1897,73,41,22,1,9,5153,3264,1,1888
2003-06-30,TENNESSEE MIDDLE,TENNESSEE,SIXTH CIRCUIT,4247,2663,25,0,1559,42,18,16,0,8,4205,2645,9,1551
2003-06-30,TENNESSEE WESTERN,TENNESSEE,SIXTH CIRCUIT,7417,2265,34,0,5118,44,18,24,0,2,7373,2247,10,5116
2003-06-30,TEXAS EASTERN,TEXAS,FIFTH CIRCUIT,3376,1932,15,2,1427,70,42,13,2,13,3306,1890,2,1414
2003-06-30,TEXAS NORTHERN,TEXAS,FIFTH CIRCUIT,7674,3969,61,11,3633,253,150,58,11,34,7421,3819,3,3599
2003-06-30,TEXAS SOUTHERN,TEXAS,FIFTH CIRCUIT,6544,3415,107,3,3018,223,96,101,3,22,6321,3319,6,2996
2003-06-30,TEXAS WESTERN,TEXAS,FIFTH CIRCUIT,5230,3068,31,4,2127,194,108,29,4,53,5036,2960,2,2074
2003-06-30,UTAH,UTAH,TENTH CIRCUIT,5864,4155,14,1,1694,130,90,14,1,25,5734,4065,0,1669
2003-06-30,VERMONT,VERMONT,SECOND CIRCUIT,520,445,1,1,73,22,17,1,1,3,498,428,0,70
2003-06-30,VIRGIN ISLANDS,VIRGIN ISLANDS,THIRD CIRCUIT,17,12,0,0,5,0,0,0,0,0,17,12,0,5
2003-06-30,VIRGINIA EASTERN,VIRGINIA,FOURTH CIRCUIT,8088,5584,33,0,2471,98,63,27,0,8,7990,5521,6,2463
2003-06-30,VIRGINIA WESTERN,VIRGINIA,FOURTH CIRCUIT,3547,2940,4,1,602,145,118,3,1,23,3402,2822,1,579
2003-06-30,WASHINGTON EASTERN,WASHINGTON,NINTH CIRCUIT,2791,2114,13,5,659,62,40,10,5,7,2729,2074,3,652
2003-06-30,WASHINGTON WESTERN,WASHINGTON,NINTH CIRCUIT,7867,6430,44,0,1393,141,92,35,0,14,7726,6338,9,1379
2003-06-30,WEST VIRGINIA NORTHERN,WEST VIRGINIA,FOURTH CIRCUIT,1232,1150,3,0,79,19,15,3,0,1,1213,1135,0,78
2003-06-30,WEST VIRGINIA SOUTHERN,WEST VIRGINIA,FOURTH CIRCUIT,1667,1574,5,1,87,45,32,5,1,7,1622,1542,0,80
2003-06-30,WISCONSIN EASTERN,WISCONSIN,SEVENTH CIRCUIT,5580,4613,5,4,958,56,40,5,4,7,5524,4573,0,951
2003-06-30,WISCONSIN WESTERN,WISCONSIN,SEVENTH CIRCUIT,2623,2303,14,5,301,131,104,9,5,13,2492,2199,5,288
2003-06-30,WYOMING,WYOMING,TENTH CIRCUIT,708,648,2,1,57,17,10,2,1,4,691,638,0,53
2003-09-30,ALABAMA MIDDLE,ALABAMA,ELEVENTH CIRCUIT,2295,1105,5,1,1184,14,6,5,1,2,2281,1099,0,1182
2003-09-30,ALABAMA NORTHERN,ALABAMA,ELEVENTH CIRCUIT,6617,3163,26,1,3427,45,20,21,1,3,6572,3143,5,3424
2003-09-30,ALABAMA SOUTHERN,ALABAMA,ELEVENTH CIRCUIT,2015,829,6,0,1180,11,4,5,0,2,2004,825,1,1178
2003-09-30,ALASKA,ALASKA,NINTH CIRCUIT,360,322,2,0,36,26,19,2,0,5,334,303,0,31
2003-09-30,ARIZONA,ARIZONA,NINTH CIRCUIT,8141,6613,92,2,1434,185,93,74,2,16,7956,6520,18,1418
2003-09-30,ARKANSAS EASTERN,ARKANSAS,EIGHTH CIRCUIT,3901,2030,7,0,1864,48,16,7,0,25,3853,2014,0,1839
2003-09-30,ARKANSAS WESTERN,ARKANSAS,EIGHTH CIRCUIT,2089,1416,3,0,670,38,21,3,0,14,2051,1395,0,656
2003-09-30,CALIFORNIA CENTRAL,CALIFORNIA,NINTH CIRCUIT,18330,15831,100,0,2396,478,354,88,0,33,17852,15477,12,2363
2003-09-30,CALIFORNIA EASTERN,CALIFORNIA,NINTH CIRCUIT,7672,6533,19,2,1118,302,203,18,2,79,7370,6330,1,1039
2003-09-30,CALIFORNIA NORTHERN,CALIFORNIA,NINTH CIRCUIT,5664,4048,56,0,1560,243,130,45,0,68,5421,3918,11,1492
2003-09-30,CALIFORNIA SOUTHERN,CALIFORNIA,NINTH CIRCUIT,2845,2353,8,0,484,54,39,7,0,8,2791,2314,1,476
2003-09-30,COLORADO,COLORADO,TENTH CIRCUIT,6832,6122,22,3,685,177,143,21,3,10,6655,5979,1,675
2003-09-30,CONNECTICUT,CONNECTICUT,SECOND CIRCUIT,2988,2479,23,0,486,51,28,22,0,1,2937,2451,1,485
2003-09-30,DELAWARE,DELAWARE,THIRD CIRCUIT,984,498,123,0,363,136,12,123,0,1,848,486,0,362
2003-09-30,DISTRICT OF COLUMBIA,DISTRICT OF COLUMBIA,DC CIRCUIT,535,370,8,0,157,7,2,5,0,0,528,368,3,157
2003-09-30,FLORIDA MIDDLE,FLORIDA,ELEVENTH CIRCUIT,14136,10429,56,2,3648,185,118,49,2,15,13951,10311,7,3633
2003-09-30,FLORIDA NORTHERN,FLORIDA,ELEVENTH CIRCUIT,1790,1448,15,0,327,12,3,9,0,0,1778,1445,6,327
2003-09-30,FLORIDA SOUTHERN,FLORIDA,ELEVENTH CIRCUIT,8226,6113,82,0,2030,223,140,78,0,5,8003,5973,4,2025
2003-09-30,GEORGIA MIDDLE,GEORGIA,ELEVENTH CIRCUIT,4617,2036,2,1,2578,21,17,2,1,1,4596,2019,0,2577
2003-09-30,GEORGIA NORTHERN,GEORGIA,ELEVENTH CIRCUIT,11287,5834,32,1,5419,208,125,29,1,52,11079,5709,3,5367
2003-09-30,GEORGIA SOUTHERN,GEORGIA,ELEVENTH CIRCUIT,4411,1189,11,0,3211,42,24,9,0,9,4369,1165,2,3202
2003-09-30,GUAM,GUAM,NINTH CIRCUIT,84,74,0,0,10,2,2,0,0,0,82,72,0,10
2003-09-30,HAWAII,HAWAII,NINTH CIRCUIT,919,790,8,0,121,22,14,7,0,1,897,776,1,120
2003-09-30,IDAHO,IDAHO,NINTH CIRCUIT,2561,2225,14,5,317,73,48,10,5,10,2488,2177,4,307
2003-09-30,ILLINOIS CENTRAL,ILLINOIS,SEVENTH CIRCUIT,3859,3277,10,2,570,39,27,10,2,0,3820,3250,0,570
2003-09-30,ILLINOIS NORTHERN,ILLINOIS,SEVENTH CIRCUIT,14015,10168,58,0,3789,116,73,41,0,2,13899,10095,17,3787
2003-09-30,ILLINOIS SOUTHERN,ILLINOIS,SEVENTH CIRCUIT,2525,1819,7,0,699,39,27,6,0,6,2486,1792,1,693
2003-09-30,INDIANA NORTHERN,INDIANA,SEVENTH CIRCUIT,5238,4343,17,1,877,65,43,17,1,4,5173,4300,0,873
2003-09-30,INDIANA SOUTHERN,INDIANA,SEVENTH CIRCUIT,8883,6933,27,2,1921,114,75,26,2,11,8769,6858,1,1910
2003-09-30,IOWA NORTHERN,IOWA,EIGHTH CIRCUIT,1248,1202,3,0,43,45,39,3,0,3,1203,1163,0,40
2003-09-30,IOWA SOUTHERN,IOWA,EIGHTH CIRCUIT,2001,1878,5,0,118,28,21,5,0,2,1973,1857,0,116
2003-09-30,KANSAS,KANSAS,TENTH CIRCUIT,4249,3296,21,1,931,89,50,20,1,18,4160,3246,1,913
2003-09-30,KENTUCKY EASTERN,KENTUCKY,SIXTH CIRCUIT,3527,3018,8,0,501,37,26,8,0,3,3490,2992,0,498
2003-09-30,KENTUCKY WESTERN,KENTUCKY,SIXTH CIRCUIT,4366,3445,15,3,902,36,16,15,3,1,4330,3429,0,901
2003-09-30,LOUISIANA EASTERN,LOUISIANA,FIFTH CIRCUIT,2639,1789,13,0,837,35,25,10,0,0,2604,1764,3,837
2003-09-30,LOUISIANA MIDDLE,LOUISIANA,FIFTH CIRCUIT,1102,807,1,0,294,8,6,1,0,1,1094,801,0,293
2003-09-30,LOUISIANA WESTERN,LOUISIANA,FIFTH CIRCUIT,4258,2214,8,5,2031,84,34,8,5,37,4174,2180,0,1994
2003-09-30,MAINE,MAINE,FIRST CIRCUIT,1144,1023,3,0,118,26,17,3,0,6,1118,1006,0,112
2003-09-30,MARYLAND,MARYLAND,FOURTH CIRCUIT,8031,5420,34,0,2577,90,54,31,0,5,7941,5366,3,2572
2003-09-30,MASSACHUSETTS,MASSACHUSETTS,FIRST CIRCUIT,4431,3818,32,0,581,74,44,30,0,0,4357,3774,2,581
2003-09-30,MICHIGAN EASTERN,MICHIGAN,SIXTH CIRCUIT,10863,7232,35,0,3592,92,53,28,0,7,10771,7179,7,3585
2003-09-30,MICHIGAN WESTERN,MICHIGAN,SIXTH CIRCUIT,4037,3055,12,1,969,67,52,8,1,6,3970,3003,4,963
2003-09-30,MINNESOTA,MINNESOTA,EIGHTH CIRCUIT,5038,4242,17,0,779,329,265,17,0,47,4709,3977,0,732
2003-09-30,MISSISSIPPI NORTHERN,MISSISSIPPI,FIFTH CIRCUIT,2089,1470,6,3,610,26,13,5,3,5,2063,1457,1,605
2003-09-30,MISSISSIPPI SOUTHERN,MISSISSIPPI,FIFTH CIRCUIT,3463,2241,19,0,1203,32,12,15,0,5,3431,2229,4,1198
2003-09-30,MISSOURI EASTERN,MISSOURI,EIGHTH CIRCUIT,5107,3370,5,1,1731,23,17,5,1,0,5084,3353,0,1731
2003-09-30,MISSOURI WESTERN,MISSOURI,EIGHTH CIRCUIT,4533,3610,28,0,895,69,30,27,0,12,4464,3580,1,883
2003-09-30,MONTANA,MONTANA,NINTH CIRCUIT,1074,943,5,0,126,25,16,4,0,5,1049,927,1,121
2003-09-30,NEBRASKA,NEBRASKA,EIGHTH CIRCUIT,2155,1653,12,12,478,61,34,9,12,6,2094,1619,3,472
2003-09-30,NEVADA,NEVADA,NINTH CIRCUIT,5134,3844,33,0,1256,70,37,31,0,2,5064,3807,2,1254
2003-09-30,NEW HAMPSHIRE,NEW HAMPSHIRE,FIRST CIRCUIT,1055,929,6,0,120,34,26,5,0,3,1021,903,1,117
2003-09-30,NEW JERSEY,NEW JERSEY,THIRD CIRCUIT,10817,6934,91,0,3792,169,86,77,0,6,10648,6848,14,3786
2003-09-30,NEW MEXICO,NEW MEXICO,TENTH CIRCUIT,2363,2156,5,1,201,196,161,5,1,29,2167,1995,0,172
2003-09-30,NEW YORK EASTERN,NEW YORK,SECOND CIRCUIT,6045,4716,43,0,1286,63,21,39,0,3,5982,4695,4,1283
2003-09-30,NEW YORK NORTHERN,NEW YORK,SECOND CIRCUIT,4204,3292,15,0,897,66,43,14,0,9,4138,3249,1,888
2003-09-30,NEW YORK SOUTHERN,NEW YORK,SECOND CIRCUIT,4124,3450,161,0,513,188,38,150,0,0,3936,3412,11,513
2003-09-30,NEW YORK WESTERN,NEW YORK,SECOND CIRCUIT,3613,2758,8,0,847,79,60,8,0,11,3534,2698,0,836
2003-09-30,NORTH CAROLINA EASTERN,NORTH CAROLINA,FOURTH CIRCUIT,3821,1823,23,4,1971,53,29,19,4,1,3768,1794,4,1970
2003-09-30,NORTH CAROLINA MIDDLE,NORTH CAROLINA,FOURTH CIRCUIT,3147,1384,3,0,1760,48,43,3,0,2,3099,1341,0,1758
2003-09-30,NORTH CAROLINA WESTERN,NORTH CAROLINA,FOURTH CIRCUIT,2616,1394,51,0,1169,55,6,47,0,0,2561,1388,4,1169
2003-09-30,NORTH DAKOTA,NORTH DAKOTA,EIGHTH CIRCUIT,561,536,1,2,22,20,17,1,2,0,541,519,0,22
2003-09-30,NORTHERN MARIANAS,NORTHERN MARIANA ISLANDS,NINTH CIRCUIT,5,5,0,0,0,0,0,0,0,0,5,5,0,0
2003-09-30,OHIO NORTHERN,OHIO,SIXTH CIRCUIT,12359,10212,33,0,2114,244,176,31,0,37,12115,10036,2,2077
2003-09-30,OHIO SOUTHERN,OHIO,SIXTH CIRCUIT,10597,8046,19,0,2532,133,80,19,0,34,10464,7966,0,2498
2003-09-30,OKLAHOMA EASTERN,OKLAHOMA,TENTH CIRCUIT,1294,1183,5,1,105,16,7,5,1,3,1278,1176,0,102
2003-09-30,OKLAHOMA NORTHERN,OKLAHOMA,TENTH CIRCUIT,2103,1919,3,0,181,68,63,2,0,3,2035,1856,1,178
2003-09-30,OKLAHOMA WESTERN,OKLAHOMA,TENTH CIRCUIT,3624,3176,4,1,443,56,46,4,1,5,3568,3130,0,438
2003-09-30,OREGON,OREGON,NINTH CIRCUIT,6478,5457,12,1,1008,440,167,11,1,261,6038,5290,1,747
2003-09-30,PENNSYLVANIA EASTERN,PENNSYLVANIA,THIRD CIRCUIT,6097,3428,28,0,2641,69,33,24,0,12,6028,3395,4,2629
2003-09-30,PENNSYLVANIA MIDDLE,PENNSYLVANIA,THIRD CIRCUIT,3488,2566,11,0,911,60,31,11,0,18,3428,2535,0,893
2003-09-30,PENNSYLVANIA WESTERN,PENNSYLVANIA,THIRD CIRCUIT,4912,3918,51,4,939,145,81,43,4,17,4767,3837,8,922
2003-09-30,PUERTO RICO,PUERTO RICO,FIRST CIRCUIT,3810,1127,33,1,2649,57,34,22,1,0,3753,1093,11,2649
2003-09-30,RHODE ISLAND,RHODE ISLAND,FIRST CIRCUIT,1105,1013,0,0,92,12,12,0,0,0,1093,1001,0,92
2003-09-30,SOUTH CAROLINA,SOUTH CAROLINA,FOURTH CIRCUIT,4245,1821,10,2,2412,31,20,8,2,1,4214,1801,2,2411
2003-09-30,SOUTH DAKOTA,SOUTH DAKOTA,EIGHTH CIRCUIT,735,685,5,0,45,23,15,4,0,4,712,670,1,41
2003-09-30,TENNESSEE EASTERN,TENNESSEE,SIXTH CIRCUIT,5085,3175,8,1,1901,45,31,8,1,5,5040,3144,0,1896
2003-09-30,TENNESSEE MIDDLE,TENNESSEE,SIXTH CIRCUIT,3961,2355,29,0,1577,51,24,22,0,5,3910,2331,7,1572
2003-09-30,TENNESSEE WESTERN,TENNESSEE,SIXTH CIRCUIT,7287,2127,23,0,5137,31,10,19,0,2,7256,2117,4,5135
2003-09-30,TEXAS EASTERN,TEXAS,FIFTH CIRCUIT,3208,1901,32,0,1275,92,46,30,0,16,3116,1855,2,1259
2003-09-30,TEXAS NORTHERN,TEXAS,FIFTH CIRCUIT,7883,4030,158,0,3695,365,155,156,0,54,7518,3875,2,3641
2003-09-30,TEXAS SOUTHERN,TEXAS,FIFTH CIRCUIT,6319,3341,74,0,2904,197,100,69,0,28,6122,3241,5,2876
2003-09-30,TEXAS WESTERN,TEXAS,FIFTH CIRCUIT,5201,2954,26,1,2220,184,125,26,1,32,5017,2829,0,2188
2003-09-30,UTAH,UTAH,TENTH CIRCUIT,5415,3769,12,0,1634,121,87,10,0,24,5294,3682,2,1610
2003-09-30,VERMONT,VERMONT,SECOND CIRCUIT,480,411,1,0,68,15,9,1,0,5,465,402,0,63
2003-09-30,VIRGIN ISLANDS,VIRGIN ISLANDS,THIRD CIRCUIT,13,5,0,0,8,1,0,0,0,1,12,5,0,7
2003-09-30,VIRGINIA EASTERN,VIRGINIA,FOURTH CIRCUIT,7287,4995,34,0,2258,87,50,31,0,6,7200,4945,3,2252
2003-09-30,VIRGINIA WESTERN,VIRGINIA,FOURTH CIRCUIT,3079,2497,11,0,571,146,123,11,0,12,2933,2374,0,559
2003-09-30,WASHINGTON EASTERN,WASHINGTON,NINTH CIRCUIT,2509,1925,19,1,564,73,47,17,1,8,2436,1878,2,556
2003-09-30,WASHINGTON WESTERN,WASHINGTON,NINTH CIRCUIT,7411,6021,27,0,1363,106,72,22,0,12,7305,5949,5,1351
2003-09-30,WEST VIRGINIA NORTHERN,WEST VIRGINIA,FOURTH CIRCUIT,1175,1096,12,0,67,37,21,12,0,4,1138,1075,0,63
2003-09-30,WEST VIRGINIA SOUTHERN,WEST VIRGINIA,FOURTH CIRCUIT,1549,1451,7,0,91,58,48,7,0,3,1491,1403,0,88
2003-09-30,WISCONSIN EASTERN,WISCONSIN,SEVENTH CIRCUIT,4650,3749,6,0,895,54,38,5,0,11,4596,3711,1,884
2003-09-30,WISCONSIN WESTERN,WISCONSIN,SEVENTH CIRCUIT,2306,1979,9,5,313,126,106,8,5,7,2180,1873,1,306
2003-09-30,WYOMING,WYOMING,TENTH CIRCUIT,645,597,5,0,43,10,5,5,0,0,635,592,0,43
2003-12-31,ALABAMA MIDDLE,ALABAMA,ELEVENTH CIRCUIT,2073,1006,2,1,1064,12,9,1,1,1,2061,997,1,1063
2003-12-31,ALABAMA NORTHERN,ALABAMA,ELEVENTH CIRCUIT,6275,3085,25,0,3165,37,16,19,0,2,6238,3069,6,3163
2003-12-31,ALABAMA SOUTHERN,ALABAMA,ELEVENTH CIRCUIT,1850,714,6,1,1129,15,3,4,1,7,1835,711,2,1122
2003-12-31,ALASKA,ALASKA,NINTH CIRCUIT,401,363,3,0,35,24,19,3,0,2,377,344,0,33
2003-12-31,ARIZONA,ARIZONA,NINTH CIRCUIT,7305,5852,58,0,1395,117,60,44,0,13,7188,5792,14,1382
2003-12-31,ARKANSAS EASTERN,ARKANSAS,EIGHTH CIRCUIT,3923,2062,8,5,1848,65,31,8,5,21,3858,2031,0,1827
2003-12-31,ARKANSAS WESTERN,ARKANSAS,EIGHTH CIRCUIT,2113,1433,7,0,673,37,16,6,0,15,2076,1417,1,658
2003-12-31,CALIFORNIA CENTRAL,CALIFORNIA,NINTH CIRCUIT,16946,14850,88,4,2004,503,392,83,4,24,16443,14458,5,1980
2003-12-31,CALIFORNIA EASTERN,CALIFORNIA,NINTH CIRCUIT,7184,5954,23,8,1198,264,167,21,8,67,6920,5787,2,1131
2003-12-31,CALIFORNIA NORTHERN,CALIFORNIA,NINTH CIRCUIT,5600,4051,40,1,1508,268,150,31,1,86,5332,3901,9,1422
2003-12-31,CALIFORNIA SOUTHERN,CALIFORNIA,NINTH CIRCUIT,2687,2284,11,0,392,33,21,7,0,5,2654,2263,4,387
2003-12-31,COLORADO,COLORADO,TENTH CIRCUIT,6328,5615,18,1,693,179,142,17,1,18,6149,5473,1,675
2003-12-31,CONNECTICUT,CONNECTICUT,SECOND CIRCUIT,2836,2330,28,0,478,39,15,23,0,1,2797,2315,5,477
2003-12-31,DELAWARE,DELAWARE,THIRD CIRCUIT,940,482,94,0,364,115,12,94,0,9,825,470,0,355
2003-12-31,DISTRICT OF COLUMBIA,DISTRICT OF COLUMBIA,DC CIRCUIT,497,365,3,0,129,12,8,2,0,2,485,357,1,127
2003-12-31,FLORIDA MIDDLE,FLORIDA,ELEVENTH CIRCUIT,13321,9563,47,1,3709,129,83,39,1,6,13192,9480,8,3703
2003-12-31,FLORIDA NORTHERN,FLORIDA,ELEVENTH CIRCUIT,1699,1332,21,0,346,30,10,19,0,1,1669,1322,2,345
2003-12-31,FLORIDA SOUTHERN,FLORIDA,ELEVENTH CIRCUIT,7229,5441,55,0,1731,181,115,50,0,14,7048,5326,5,1717
2003-12-31,GEORGIA MIDDLE,GEORGIA,ELEVENTH CIRCUIT,4541,1933,6,9,2593,45,19,5,9,12,4496,1914,1,2581
2003-12-31,GEORGIA NORTHERN,GEORGIA,ELEVENTH CIRCUIT,11735,5942,50,0,5743,497,294,47,0,156,11238,5648,3,5587
2003-12-31,GEORGIA SOUTHERN,GEORGIA,ELEVENTH CIRCUIT,4155,1051,2,3,3099,25,14,2,3,6,4130,1037,0,3093
2003-12-31,GUAM,GUAM,NINTH CIRCUIT,96,87,1,0,8,4,3,1,0,0,92,84,0,8
2003-12-31,HAWAII,HAWAII,NINTH CIRCUIT,874,760,6,0,108,17,10,6,0,1,857,750,0,107
2003-12-31,IDAHO,IDAHO,NINTH CIRCUIT,2183,1878,4,8,293,39,26,1,8,4,2144,1852,3,289
2003-12-31,ILLINOIS CENTRAL,ILLINOIS,SEVENTH CIRCUIT,3793,3203,4,2,584,27,20,4,2,1,3766,3183,0,583
2003-12-31,ILLINOIS NORTHERN,ILLINOIS,SEVENTH CIRCUIT,13565,9838,46,0,3681,159,119,39,0,1,13406,9719,7,3680
2003-12-31,ILLINOIS SOUTHERN,ILLINOIS,SEVENTH CIRCUIT,2406,1704,4,1,696,32,20,4,1,6,2374,1684,0,690
2003-12-31,INDIANA NORTHERN,INDIANA,SEVENTH CIRCUIT,4980,4109,13,3,855,34,20,11,3,0,4946,4089,2,855
2003-12-31,INDIANA SOUTHERN,INDIANA,SEVENTH CIRCUIT,8451,6604,19,0,1828,96,72,17,0,7,8355,6532,2,1821
2003-12-31,IOWA NORTHERN,IOWA,EIGHTH CIRCUIT,1135,1088,6,1,40,56,47,5,1,3,1079,1041,1,37
2003-12-31,IOWA SOUTHERN,IOWA,EIGHTH CIRCUIT,1781,1678,5,2,96,25,18,5,2,0,1756,1660,0,96
2003-12-31,KANSAS,KANSAS,TENTH CIRCUIT,3709,2985,17,11,696,70,41,13,11,5,3639,2944,4,691
2003-12-31,KENTUCKY EASTERN,KENTUCKY,SIXTH CIRCUIT,3072,2559,9,0,504,41,28,8,0,5,3031,2531,1,499
2003-12-31,KENTUCKY WESTERN,KENTUCKY,SIXTH CIRCUIT,3786,2947,18,2,819,40,19,17,2,2,3746,2928,1,817
2003-12-31,LOUISIANA EASTERN,LOUISIANA,FIFTH CIRCUIT,2437,1584,9,0,844,27,22,5,0,0,2410,1562,4,844
2003-12-31,LOUISIANA MIDDLE,LOUISIANA,FIFTH CIRCUIT,958,644,3,1,310,6,2,2,1,1,952,642,1,309
2003-12-31,LOUISIANA WESTERN,LOUISIANA,FIFTH CIRCUIT,3627,1853,10,9,1755,92,40,9,9,34,3535,1813,1,1721
2003-12-31,MAINE,MAINE,FIRST CIRCUIT,1143,1027,2,0,114,29,19,2,0,8,1114,1008,0,106
2003-12-31,MARYLAND,MARYLAND,FOURTH CIRCUIT,7874,5289,46,0,2539,110,60,41,0,9,7764,5229,5,2530
2003-12-31,MASSACHUSETTS,MASSACHUSETTS,FIRST CIRCUIT,4273,3609,42,0,622,78,36,41,0,1,4195,3573,1,621
2003-12-31,MICHIGAN EASTERN,MICHIGAN,SIXTH CIRCUIT,11265,7532,39,2,3692,87,46,35,2,4,11178,7486,4,3688
2003-12-31,MICHIGAN WESTERN,MICHIGAN,SIXTH CIRCUIT,4010,3094,9,2,905,47,34,7,2,4,3963,3060,2,901
2003-12-31,MINNESOTA,MINNESOTA,EIGHTH CIRCUIT,4877,4023,12,10,832,352,279,12,10,51,4525,3744,0,781
2003-12-31,MISSISSIPPI NORTHERN,MISSISSIPPI,FIFTH CIRCUIT,1968,1361,8,1,598,24,13,8,1,2,1944,1348,0,596
2003-12-31,MISSISSIPPI SOUTHERN,MISSISSIPPI,FIFTH CIRCUIT,3119,2022,14,0,1083,32,17,13,0,2,3087,2005,1,1081
2003-12-31,MISSOURI EASTERN,MISSOURI,EIGHTH CIRCUIT,4946,3184,5,4,1752,40,24,4,4,7,4906,3160,1,1745
2003-12-31,MISSOURI WESTERN,MISSOURI,EIGHTH CIRCUIT,4072,3293,5,4,770,41,29,5,4,3,4031,3264,0,767
2003-12-31,MONTANA,MONTANA,NINTH CIRCUIT,916,783,2,7,124,19,8,2,7,2,897,775,0,122
2003-12-31,NEBRASKA,NEBRASKA,EIGHTH CIRCUIT,2066,1552,4,7,503,43,24,4,7,8,2023,1528,0,495
2003-12-31,NEVADA,NEVADA,NINTH CIRCUIT,4794,3643,36,0,1115,73,37,30,0,6,4721,3606,6,1109
2003-12-31,NEW HAMPSHIRE,NEW HAMPSHIRE,FIRST CIRCUIT,1039,915,5,0,119,43,37,3,0,3,996,878,2,116
2003-12-31,NEW JERSEY,NEW JERSEY,THIRD CIRCUIT,9135,5824,83,3,3225,188,99,74,3,12,8947,5725,9,3213
2003-12-31,NEW MEXICO,NEW MEXICO,TENTH CIRCUIT,2097,1892,5,1,199,149,124,3,1,21,1948,1768,2,178
2003-12-31,NEW YORK EASTERN,NEW YORK,SECOND CIRCUIT,6727,5343,47,0,1337,76,32,44,0,0,6651,5311,3,1337
2003-12-31,NEW YORK NORTHERN,NEW YORK,SECOND CIRCUIT,4053,3118,12,8,915,81,49,11,8,13,3972,3069,1,902
2003-12-31,NEW YORK SOUTHERN,NEW YORK,SECOND CIRCUIT,4301,3686,137,0,470,184,39,135,0,2,4117,3647,2,468
2003-12-31,NEW YORK WESTERN,NEW YORK,SECOND CIRCUIT,3573,2639,14,3,917,79,48,14,3,14,3494,2591,0,903
2003-12-31,NORTH CAROLINA EASTERN,NORTH CAROLINA,FOURTH CIRCUIT,3865,1780,16,9,2060,65,41,12,9,3,3800,1739,4,2057
2003-12-31,NORTH CAROLINA MIDDLE,NORTH CAROLINA,FOURTH CIRCUIT,3181,1417,8,0,1756,25,16,8,0,1,3156,1401,0,1755
2003-12-31,NORTH CAROLINA WESTERN,NORTH CAROLINA,FOURTH CIRCUIT,2571,1314,36,0,1221,38,7,31,0,0,2533,1307,5,1221
2003-12-31,NORTH DAKOTA,NORTH DAKOTA,EIGHTH CIRCUIT,544,509,1,5,29,25,17,1,5,2,519,492,0,27
2003-12-31,NORTHERN MARIANAS,NORTHERN MARIANA ISLANDS,NINTH CIRCUIT,6,6,0,0,0,2,2,0,0,0,4,4,0,0
2003-12-31,OHIO NORTHERN,OHIO,SIXTH CIRCUIT,12037,9880,32,2,2123,229,171,30,2,26,11808,9709,2,2097
2003-12-31,OHIO SOUTHERN,OHIO,SIXTH CIRCUIT,9954,7346,22,3,2583,151,104,20,3,24,9803,7242,2,2559
2003-12-31,OKLAHOMA EASTERN,OKLAHOMA,TENTH CIRCUIT,1258,1135,4,1,118,22,14,4,1,3,1236,1121,0,115
2003-12-31,OKLAHOMA NORTHERN,OKLAHOMA,TENTH CIRCUIT,1902,1719,6,2,175,79,64,6,2,7,1823,1655,0,168
2003-12-31,OKLAHOMA WESTERN,OKLAHOMA,TENTH CIRCUIT,3544,3036,7,13,488,37,14,7,13,3,3507,3022,0,485
2003-12-31,OREGON,OREGON,NINTH CIRCUIT,5867,4968,6,3,890,304,173,6,3,122,5563,4795,0,768
2003-12-31,PENNSYLVANIA EASTERN,PENNSYLVANIA,THIRD CIRCUIT,6003,3309,35,0,2659,92,53,32,0,7,5911,3256,3,2652
2003-12-31,PENNSYLVANIA MIDDLE,PENNSYLVANIA,THIRD CIRCUIT,3332,2517,10,0,805,66,39,8,0,19,3266,2478,2,786
2003-12-31,PENNSYLVANIA WESTERN,PENNSYLVANIA,THIRD CIRCUIT,4769,3822,49,0,898,132,74,45,0,13,4637,3748,4,885
2003-12-31,PUERTO RICO,PUERTO RICO,FIRST CIRCUIT,3490,1053,27,2,2408,52,32,18,2,0,3438,1021,9,2408
2003-12-31,RHODE ISLAND,RHODE ISLAND,FIRST CIRCUIT,1019,929,5,0,85,17,11,5,0,1,1002,918,0,84
2003-12-31,SOUTH CAROLINA,SOUTH CAROLINA,FOURTH CIRCUIT,3955,1701,14,0,2240,47,30,11,0,6,3908,1671,3,2234
2003-12-31,SOUTH DAKOTA,SOUTH DAKOTA,EIGHTH CIRCUIT,652,610,3,3,36,20,13,2,3,2,632,597,1,34
2003-12-31,TENNESSEE EASTERN,TENNESSEE,SIXTH CIRCUIT,4910,3004,22,2,1882,65,35,20,2,8,4845,2969,2,1874
2003-12-31,TENNESSEE MIDDLE,TENNESSEE,SIXTH CIRCUIT,3845,2243,27,1,1574,35,13,18,1,3,3810,2230,9,1571
2003-12-31,TENNESSEE WESTERN,TENNESSEE,SIXTH CIRCUIT,6556,2011,25,0,4520,31,6,22,0,3,6525,2005,3,4517
2003-12-31,TEXAS EASTERN,TEXAS,FIFTH CIRCUIT,3383,1914,14,4,1451,99,47,14,4,34,3284,1867,0,1417
2003-12-31,TEXAS NORTHERN,TEXAS,FIFTH CIRCUIT,7864,3576,58,7,4220,272,146,50,7,66,7592,3430,8,4154
2003-12-31,TEXAS SOUTHERN,TEXAS,FIFTH CIRCUIT,6399,3143,70,0,3186,187,101,63,0,23,6212,3042,7,3163
2003-12-31,TEXAS WESTERN,TEXAS,FIFTH CIRCUIT,5243,2870,67,2,2304,237,132,62,2,41,5006,2738,5,2263
2003-12-31,UTAH,UTAH,TENTH CIRCUIT,5235,3515,47,0,1673,156,87,47,0,22,5079,3428,0,1651
2003-12-31,VERMONT,VERMONT,SECOND CIRCUIT,429,361,2,0,66,19,13,2,0,4,410,348,0,62
2003-12-31,VIRGIN ISLANDS,VIRGIN ISLANDS,THIRD CIRCUIT,9,3,0,0,6,0,0,0,0,0,9,3,0,6
2003-12-31,VIRGINIA EASTERN,VIRGINIA,FOURTH CIRCUIT,6981,4840,26,1,2113,95,71,18,1,4,6886,4769,8,2109
2003-12-31,VIRGINIA WESTERN,VIRGINIA,FOURTH CIRCUIT,3033,2440,5,1,587,118,95,5,1,17,2915,2345,0,570
2003-12-31,WASHINGTON EASTERN,WASHINGTON,NINTH CIRCUIT,2384,1866,17,4,497,56,34,14,4,4,2328,1832,3,493
2003-12-31,WASHINGTON WESTERN,WASHINGTON,NINTH CIRCUIT,7029,5578,41,0,1410,120,67,38,0,15,6909,5511,3,1395
2003-12-31,WEST VIRGINIA NORTHERN,WEST VIRGINIA,FOURTH CIRCUIT,1083,1013,2,1,67,19,16,1,1,1,1064,997,1,66
2003-12-31,WEST VIRGINIA SOUTHERN,WEST VIRGINIA,FOURTH CIRCUIT,1615,1523,14,0,78,50,35,12,0,3,1565,1488,2,75
2003-12-31,WISCONSIN EASTERN,WISCONSIN,SEVENTH CIRCUIT,3987,3237,2,0,748,26,21,2,0,3,3961,3216,0,745
2003-12-31,WISCONSIN WESTERN,WISCONSIN,SEVENTH CIRCUIT,2168,1886,13,3,266,130,110,9,3,8,2038,1776,4,258
2003-12-31,WYOMING,WYOMING,TENTH CIRCUIT,507,453,3,0,51,9,5,3,0,1,498,448,0,50
2004-03-31,ALABAMA MIDDLE,ALABAMA,ELEVENTH CIRCUIT,2095,1095,6,0,994,22,13,6,0,3,2073,1082,0,991
2004-03-31,ALABAMA NORTHERN,ALABAMA,ELEVENTH CIRCUIT,6614,3830,21,0,2763,39,16,17,0,6,6575,3814,4,2757
2004-03-31,ALABAMA SOUTHERN,ALABAMA,ELEVENTH CIRCUIT,1929,818,6,0,1105,14,9,4,0,1,1915,809,2,1104
2004-03-31,ALASKA,ALASKA,NINTH CIRCUIT,357,322,1,0,34,19,16,1,0,2,338,306,0,32
2004-03-31,ARIZONA,ARIZONA,NINTH CIRCUIT,7650,6144,58,0,1448,100,48,42,0,10,7550,6096,16,1438
2004-03-31,ARKANSAS EASTERN,ARKANSAS,EIGHTH CIRCUIT,4021,2312,3,1,1705,48,27,3,1,17,3973,2285,0,1688
2004-03-31,ARKANSAS WESTERN,ARKANSAS,EIGHTH CIRCUIT,2310,1645,7,0,658,32,18,7,0,7,2278,1627,0,651
2004-03-31,CALIFORNIA CENTRAL,CALIFORNIA,NINTH CIRCUIT,16857,14951,74,0,1830,429,333,61,0,33,16428,14618,13,1797
2004-03-31,CALIFORNIA EASTERN,CALIFORNIA,NINTH CIRCUIT,7444,6219,24,1,1199,281,190,24,1,65,7163,6029,0,1134
2004-03-31,CALIFORNIA NORTHERN,CALIFORNIA,NINTH CIRCUIT,5552,4114,31,0,1407,217,124,22,0,71,5335,3990,9,1336
2004-03-31,CALIFORNIA SOUTHERN,CALIFORNIA,NINTH CIRCUIT,3010,2546,14,0,450,57,46,10,0,1,2953,2500,4,449
2004-03-31,COLORADO,COLORADO,TENTH CIRCUIT,6525,5837,25,0,663,193,158,23,0,12,6332,5679,2,651
2004-03-31,CONNECTICUT,CONNECTICUT,SECOND CIRCUIT,2921,2368,26,0,527,41,22,19,0,0,2880,2346,7,527
2004-03-31,DELAWARE,DELAWARE,THIRD CIRCUIT,971,504,145,0,322,162,14,145,0,3,809,490,0,319
2004-03-31,DISTRICT OF COLUMBIA,DISTRICT OF COLUMBIA,DC CIRCUIT,535,381,3,0,151,7,5,2,0,0,528,376,1,151
2004-03-31,FLORIDA MIDDLE,FLORIDA,ELEVENTH CIRCUIT,13392,9517,54,0,3821,99,48,47,0,4,13293,9469,7,3817
2004-03-31,FLORIDA NORTHERN,FLORIDA,ELEVENTH CIRCUIT,1726,1391,6,0,329,15,11,4,0,0,1711,1380,2,329
2004-03-31,FLORIDA SOUTHERN,FLORIDA,ELEVENTH CIRCUIT,6753,4999,55,0,1699,159,99,49,0,11,6594,4900,6,1688
2004-03-31,GEORGIA MIDDLE,GEORGIA,ELEVENTH CIRCUIT,4383,2260,9,0,2114,30,14,9,0,7,4353,2246,0,2107
2004-03-31,GEORGIA NORTHERN,GEORGIA,ELEVENTH CIRCUIT,11546,6370,63,0,5113,468,237,57,0,174,11078,6133,6,4939
2004-03-31,GEORGIA SOUTHERN,GEORGIA,ELEVENTH CIRCUIT,3839,1197,5,0,2637,23,7,5,0,11,3816,1190,0,2626
2004-03-31,GUAM,GUAM,NINTH CIRCUIT,86,79,0,0,7,3,3,0,0,0,83,76,0,7
2004-03-31,HAWAII,HAWAII,NINTH CIRCUIT,844,748,4,0,92,7,3,3,0,1,837,745,1,91
2004-03-31,IDAHO,IDAHO,NINTH CIRCUIT,2322,2029,9,0,284,37,23,7,0,7,2285,2006,2,277
2004-03-31,ILLINOIS CENTRAL,ILLINOIS,SEVENTH CIRCUIT,4138,3604,6,2,526,27,19,5,2,1,4111,3585,1,525
2004-03-31,ILLINOIS NORTHERN,ILLINOIS,SEVENTH CIRCUIT,14574,10793,56,0,3724,155,105,49,0,0,14419,10688,7,3724
2004-03-31,ILLINOIS SOUTHERN,ILLINOIS,SEVENTH CIRCUIT,2530,1826,4,4,696,25,13,3,4,5,2505,1813,1,691
2004-03-31,INDIANA NORTHERN,INDIANA,SEVENTH CIRCUIT,5189,4325,11,0,853,43,32,9,0,2,5146,4293,2,851
2004-03-31,INDIANA SOUTHERN,INDIANA,SEVENTH CIRCUIT,8126,6259,20,1,1846,81,57,18,1,5,8045,6202,2,1841
2004-03-31,IOWA NORTHERN,IOWA,EIGHTH CIRCUIT,1225,1171,7,0,47,45,37,7,0,1,1180,1134,0,46
2004-03-31,IOWA SOUTHERN,IOWA,EIGHTH CIRCUIT,1975,1879,4,0,92,41,34,4,0,3,1934,1845,0,89
2004-03-31,KANSAS,KANSAS,TENTH CIRCUIT,3699,3012,9,0,678,72,55,9,0,8,3627,2957,0,670
2004-03-31,KENTUCKY EASTERN,KENTUCKY,SIXTH CIRCUIT,3349,2818,5,0,526,29,19,5,0,5,3320,2799,0,521
2004-03-31,KENTUCKY WESTERN,KENTUCKY,SIXTH CIRCUIT,3770,2985,12,0,773,34,21,9,0,4,3736,2964,3,769
2004-03-31,LOUISIANA EASTERN,LOUISIANA,FIFTH CIRCUIT,2357,1554,15,0,788,34,23,11,0,0,2323,1531,4,788
2004-03-31,LOUISIANA MIDDLE,LOUISIANA,FIFTH CIRCUIT,1075,695,7,0,373,11,5,6,0,0,1064,690,1,373
2004-03-31,LOUISIANA WESTERN,LOUISIANA,FIFTH CIRCUIT,3747,2160,11,0,1576,113,42,10,0,61,3634,2118,1,1515
2004-03-31,MAINE,MAINE,FIRST CIRCUIT,1111,984,1,0,126,30,26,1,0,3,1081,958,0,123
2004-03-31,MARYLAND,MARYLAND,FOURTH CIRCUIT,8076,5466,33,0,2577,105,63,30,0,12,7971,5403,3,2565
2004-03-31,MASSACHUSETTS,MASSACHUSETTS,FIRST CIRCUIT,4484,3804,63,0,617,91,40,51,0,0,4393,3764,12,617
2004-03-31,MICHIGAN EASTERN,MICHIGAN,SIXTH CIRCUIT,12179,8245,40,0,3891,109,62,37,0,7,12070,8183,3,3884
2004-03-31,MICHIGAN WESTERN,MICHIGAN,SIXTH CIRCUIT,4468,3594,15,0,859,73,54,12,0,7,4395,3540,3,852
2004-03-31,MINNESOTA,MINNESOTA,EIGHTH CIRCUIT,4481,3497,14,0,970,310,243,14,0,53,4171,3254,0,917
2004-03-31,MISSISSIPPI NORTHERN,MISSISSIPPI,FIFTH CIRCUIT,2044,1530,6,1,507,17,9,6,1,1,2027,1521,0,506
2004-03-31,MISSISSIPPI SOUTHERN,MISSISSIPPI,FIFTH CIRCUIT,3254,2217,8,0,1029,22,10,6,0,6,3232,2207,2,1023
2004-03-31,MISSOURI EASTERN,MISSOURI,EIGHTH CIRCUIT,5032,3372,13,0,1647,34,23,10,0,1,4998,3349,3,1646
2004-03-31,MISSOURI WESTERN,MISSOURI,EIGHTH CIRCUIT,4339,3467,11,0,861,39,24,9,0,6,4300,3443,2,855
2004-03-31,MONTANA,MONTANA,NINTH CIRCUIT,1093,975,4,0,114,21,15,4,0,2,1072,960,0,112
2004-03-31,NEBRASKA,NEBRASKA,EIGHTH CIRCUIT,2262,1775,10,0,477,45,28,8,0,9,2217,1747,2,468
2004-03-31,NEVADA,NEVADA,NINTH CIRCUIT,4459,3346,34,0,1079,76,34,34,0,8,4383,3312,0,1071
2004-03-31,NEW HAMPSHIRE,NEW HAMPSHIRE,FIRST CIRCUIT,1203,1086,4,0,113,51,43,4,0,4,1152,1043,0,109
2004-03-31,NEW JERSEY,NEW JERSEY,THIRD CIRCUIT,11234,7379,100,0,3755,206,110,86,0,10,11028,7269,14,3745
2004-03-31,NEW MEXICO,NEW MEXICO,TENTH CIRCUIT,2393,2167,16,0,210,171,142,12,0,17,2222,2025,4,193
2004-03-31,NEW YORK EASTERN,NEW YORK,SECOND CIRCUIT,6690,5263,47,0,1380,77,32,44,0,1,6613,5231,3,1379
2004-03-31,NEW YORK NORTHERN,NEW YORK,SECOND CIRCUIT,4326,3367,10,0,949,78,47,9,0,22,4248,3320,1,927
2004-03-31,NEW YORK SOUTHERN,NEW YORK,SECOND CIRCUIT,7150,3894,2665,1,571,2725,39,2662,1,4,4425,3855,3,567
2004-03-31,NEW YORK WESTERN,NEW YORK,SECOND CIRCUIT,3668,2730,17,0,920,76,47,16,0,12,3592,2683,1,908
2004-03-31,NORTH CAROLINA EASTERN,NORTH CAROLINA,FOURTH CIRCUIT,3848,1995,15,0,1838,35,19,12,0,4,3813,1976,3,1834
2004-03-31,NORTH CAROLINA MIDDLE,NORTH CAROLINA,FOURTH CIRCUIT,2950,1423,16,0,1511,42,26,14,0,2,2908,1397,2,1509
2004-03-31,NORTH CAROLINA WESTERN,NORTH CAROLINA,FOURTH CIRCUIT,2541,1430,12,1,1098,18,8,9,1,0,2523,1422,3,1098
2004-03-31,NORTH DAKOTA,NORTH DAKOTA,EIGHTH CIRCUIT,588,553,1,0,34,23,21,1,0,1,565,532,0,33
2004-03-31,NORTHERN MARIANAS,NORTHERN MARIANA ISLANDS,NINTH CIRCUIT,2,2,0,0,0,0,0,0,0,0,2,2,0,0
2004-03-31,OHIO NORTHERN,OHIO,SIXTH CIRCUIT,11221,9180,20,0,2021,187,144,18,0,25,11034,9036,2,1996
2004-03-31,OHIO SOUTHERN,OHIO,SIXTH CIRCUIT,10076,7541,33,1,2501,143,81,31,1,30,9933,7460,2,2471
2004-03-31,OKLAHOMA EASTERN,OKLAHOMA,TENTH CIRCUIT,1189,1095,3,0,91,14,8,3,0,3,1175,1087,0,88
2004-03-31,OKLAHOMA NORTHERN,OKLAHOMA,TENTH CIRCUIT,1924,1733,5,0,186,61,52,4,0,5,1863,1681,1,181
2004-03-31,OKLAHOMA WESTERN,OKLAHOMA,TENTH CIRCUIT,3496,3038,6,0,451,59,48,6,0,4,3437,2990,0,447
2004-03-31,OREGON,OREGON,NINTH CIRCUIT,5567,4609,13,0,945,210,147,13,0,50,5357,4462,0,895
2004-03-31,PENNSYLVANIA EASTERN,PENNSYLVANIA,THIRD CIRCUIT,6235,3530,46,0,2659,123,67,39,0,17,6112,3463,7,2642
2004-03-31,PENNSYLVANIA MIDDLE,PENNSYLVANIA,THIRD CIRCUIT,3559,2681,13,0,865,71,42,11,0,18,3488,2639,2,847
2004-03-31,PENNSYLVANIA WESTERN,PENNSYLVANIA,THIRD CIRCUIT,5124,4032,39,1,1052,103,59,33,1,10,5021,3973,6,1042
2004-03-31,PUERTO RICO,PUERTO RICO,FIRST CIRCUIT,3572,1132,29,0,2411,53,36,16,0,1,3519,1096,13,2410
2004-03-31,RHODE ISLAND,RHODE ISLAND,FIRST CIRCUIT,1081,1004,8,0,69,25,17,7,0,1,1056,987,1,68
2004-03-31,SOUTH CAROLINA,SOUTH CAROLINA,FOURTH CIRCUIT,3792,1601,19,0,2171,41,30,6,0,4,3751,1571,13,2167
2004-03-31,SOUTH DAKOTA,SOUTH DAKOTA,EIGHTH CIRCUIT,777,708,3,1,65,23,15,3,1,4,754,693,0,61
2004-03-31,TENNESSEE EASTERN,TENNESSEE,SIXTH CIRCUIT,5119,3509,15,1,1594,64,40,12,1,11,5055,3469,3,1583
2004-03-31,TENNESSEE MIDDLE,TENNESSEE,SIXTH CIRCUIT,4057,2558,25,1,1473,43,25,15,1,2,4014,2533,10,1471
2004-03-31,TENNESSEE WESTERN,TENNESSEE,SIXTH CIRCUIT,6521,2383,12,0,4126,32,16,10,0,6,6489,2367,2,4120
2004-03-31,TEXAS EASTERN,TEXAS,FIFTH CIRCUIT,3327,1992,30,0,1305,99,46,29,0,24,3228,1946,1,1281
2004-03-31,TEXAS NORTHERN,TEXAS,FIFTH CIRCUIT,8308,4032,143,1,4132,363,161,136,1,65,7945,3871,7,4067
2004-03-31,TEXAS SOUTHERN,TEXAS,FIFTH CIRCUIT,6565,3391,71,0,3103,168,101,61,0,6,6397,3290,10,3097
2004-03-31,TEXAS WESTERN,TEXAS,FIFTH CIRCUIT,5367,3120,65,0,2182,188,85,61,0,42,5179,3035,4,2140
2004-03-31,UTAH,UTAH,TENTH CIRCUIT,5164,3523,12,0,1629,104,63,12,0,29,5060,3460,0,1600
2004-03-31,VERMONT,VERMONT,SECOND CIRCUIT,474,404,6,0,64,33,23,6,0,4,441,381,0,60
2004-03-31,VIRGIN ISLANDS,VIRGIN ISLANDS,THIRD CIRCUIT,10,4,1,0,5,1,0,1,0,0,9,4,0,5
2004-03-31,VIRGINIA EASTERN,VIRGINIA,FOURTH CIRCUIT,7749,5582,37,0,2130,89,58,28,0,3,7660,5524,9,2127
2004-03-31,VIRGINIA WESTERN,VIRGINIA,FOURTH CIRCUIT,3411,2803,20,0,588,150,109,20,0,21,3261,2694,0,567
2004-03-31,WASHINGTON EASTERN,WASHINGTON,NINTH CIRCUIT,2650,2101,16,0,533,54,33,12,0,9,2596,2068,4,524
2004-03-31,WASHINGTON WESTERN,WASHINGTON,NINTH CIRCUIT,7664,6136,31,0,1497,104,66,22,0,16,7560,6070,9,1481
2004-03-31,WEST VIRGINIA NORTHERN,WEST VIRGINIA,FOURTH CIRCUIT,1208,1153,9,0,46,42,32,8,0,2,1166,1121,1,44
2004-03-31,WEST VIRGINIA SOUTHERN,WEST VIRGINIA,FOURTH CIRCUIT,1792,1696,5,0,91,35,27,5,0,3,1757,1669,0,88
2004-03-31,WISCONSIN EASTERN,WISCONSIN,SEVENTH CIRCUIT,4365,3540,10,0,815,52,38,10,0,4,4313,3502,0,811
2004-03-31,WISCONSIN WESTERN,WISCONSIN,SEVENTH CIRCUIT,2331,2045,13,0,273,128,110,11,0,7,2203,1935,2,266
2004-03-31,WYOMING,WYOMING,TENTH CIRCUIT,566,515,6,0,45,18,12,3,0,3,548,503,3,42
2004-06-30,ALABAMA MIDDLE,ALABAMA,ELEVENTH CIRCUIT,2044,965,1,0,1078,16,13,0,0,3,2028,952,1,1075
2004-06-30,ALABAMA NORTHERN,ALABAMA,ELEVENTH CIRCUIT,6739,3662,16,0,3061,39,23,12,0,4,6700,3639,4,3057
2004-06-30,ALABAMA SOUTHERN,ALABAMA,ELEVENTH CIRCUIT,1862,740,9,0,1113,13,5,8,0,0,1849,735,1,1113
2004-06-30,ALASKA,ALASKA,NINTH CIRCUIT,362,319,2,0,41,16,12,2,0,2,346,307,0,39
2004-06-30,ARIZONA,ARIZONA,NINTH CIRCUIT,8701,7302,47,0,1351,124,70,41,0,13,8577,7232,6,1338
2004-06-30,ARKANSAS EASTERN,ARKANSAS,EIGHTH CIRCUIT,3645,1957,7,0,1681,68,33,6,0,29,3577,1924,1,1652
2004-06-30,ARKANSAS WESTERN,ARKANSAS,EIGHTH CIRCUIT,2173,1478,1,0,694,50,34,1,0,15,2123,1444,0,679
2004-06-30,CALIFORNIA CENTRAL,CALIFORNIA,NINTH CIRCUIT,16251,14743,76,0,1432,431,335,69,0,27,15820,14408,7,1405
2004-06-30,CALIFORNIA EASTERN,CALIFORNIA,NINTH CIRCUIT,7719,6569,30,1,1119,238,151,28,1,58,7481,6418,2,1061
2004-06-30,CALIFORNIA NORTHERN,CALIFORNIA,NINTH CIRCUIT,5760,4178,59,0,1523,288,150,48,0,90,5472,4028,11,1433
2004-06-30,CALIFORNIA SOUTHERN,CALIFORNIA,NINTH CIRCUIT,2908,2440,16,0,452,58,35,13,0,10,2850,2405,3,442
2004-06-30,COLORADO,COLORADO,TENTH CIRCUIT,7743,6920,30,0,793,228,192,25,0,11,7515,6728,5,782
2004-06-30,CONNECTICUT,CONNECTICUT,SECOND CIRCUIT,3101,2553,14,0,534,26,15,11,0,0,3075,2538,3,534
2004-06-30,DELAWARE,DELAWARE,THIRD CIRCUIT,940,547,35,0,358,49,12,35,0,2,891,535,0,356
2004-06-30,DISTRICT OF COLUMBIA,DISTRICT OF COLUMBIA,DC CIRCUIT,510,396,8,0,106,14,6,8,0,0,496,390,0,106
2004-06-30,FLORIDA MIDDLE,FLORIDA,ELEVENTH CIRCUIT,14464,10718,59,0,3687,133,77,48,0,8,14331,10641,11,3679
2004-06-30,FLORIDA NORTHERN,FLORIDA,ELEVENTH CIRCUIT,1765,1409,7,0,349,21,12,7,0,2,1744,1397,0,347
2004-06-30,FLORIDA SOUTHERN,FLORIDA,ELEVENTH CIRCUIT,7631,5991,23,0,1617,136,108,20,0,8,7495,5883,3,1609
2004-06-30,GEORGIA MIDDLE,GEORGIA,ELEVENTH CIRCUIT,4371,2024,9,0,2338,24,13,8,0,3,4347,2011,1,2335
2004-06-30,GEORGIA NORTHERN,GEORGIA,ELEVENTH CIRCUIT,11095,6137,54,0,4904,427,236,47,0,144,10668,5901,7,4760
2004-06-30,GEORGIA SOUTHERN,GEORGIA,ELEVENTH CIRCUIT,3775,1036,10,0,2729,32,6,9,0,17,3743,1030,1,2712
2004-06-30,GUAM,GUAM,NINTH CIRCUIT,93,86,0,0,7,0,0,0,0,0,93,86,0,7
2004-06-30,HAWAII,HAWAII,NINTH CIRCUIT,835,719,12,0,104,13,6,6,0,1,822,713,6,103
2004-06-30,IDAHO,IDAHO,NINTH CIRCUIT,2585,2279,7,0,299,52,38,5,0,9,2533,2241,2,290
2004-06-30,ILLINOIS CENTRAL,ILLINOIS,SEVENTH CIRCUIT,4022,3464,6,0,552,43,29,5,0,9,3979,3435,1,543
2004-06-30,ILLINOIS NORTHERN,ILLINOIS,SEVENTH CIRCUIT,13513,10102,43,0,3368,149,109,40,0,0,13364,9993,3,3368
2004-06-30,ILLINOIS SOUTHERN,ILLINOIS,SEVENTH CIRCUIT,2373,1690,12,5,665,38,21,8,5,3,2335,1669,4,662
2004-06-30,INDIANA NORTHERN,INDIANA,SEVENTH CIRCUIT,5700,4848,6,0,846,37,30,6,0,1,5663,4818,0,845
2004-06-30,INDIANA SOUTHERN,INDIANA,SEVENTH CIRCUIT,9099,7123,19,0,1957,89,63,19,0,7,9010,7060,0,1950
2004-06-30,IOWA NORTHERN,IOWA,EIGHTH CIRCUIT,1379,1340,1,0,38,68,65,1,0,2,1311,1275,0,36
2004-06-30,IOWA SOUTHERN,IOWA,EIGHTH CIRCUIT,2215,2110,4,0,101,37,32,4,0,1,2178,2078,0,100
2004-06-30,KANSAS,KANSAS,TENTH CIRCUIT,4604,3781,12,0,811,59,44,11,0,4,4545,3737,1,807
2004-06-30,KENTUCKY EASTERN,KENTUCKY,SIXTH CIRCUIT,3354,2839,11,1,503,39,26,11,1,1,3315,2813,0,502
2004-06-30,KENTUCKY WESTERN,KENTUCKY,SIXTH CIRCUIT,4023,3126,57,0,840,77,20,55,0,2,3946,3106,2,838
2004-06-30,LOUISIANA EASTERN,LOUISIANA,FIFTH CIRCUIT,2685,1922,11,0,752,33,24,9,0,0,2652,1898,2,752
2004-06-30,LOUISIANA MIDDLE,LOUISIANA,FIFTH CIRCUIT,1101,799,8,0,294,12,3,8,0,1,1089,796,0,293
2004-06-30,LOUISIANA WESTERN,LOUISIANA,FIFTH CIRCUIT,4197,2511,5,0,1681,99,53,5,0,41,4098,2458,0,1640
2004-06-30,MAINE,MAINE,FIRST CIRCUIT,1248,1108,37,0,103,64,21,36,0,7,1184,1087,1,96
2004-06-30,MARYLAND,MARYLAND,FOURTH CIRCUIT,8025,5733,34,0,2258,111,71,32,0,8,7914,5662,2,2250
2004-06-30,MASSACHUSETTS,MASSACHUSETTS,FIRST CIRCUIT,4928,4240,43,0,645,84,44,40,0,0,4844,4196,3,645
2004-06-30,MICHIGAN EASTERN,MICHIGAN,SIXTH CIRCUIT,11745,8290,39,0,3416,98,56,37,0,5,11647,8234,2,3411
2004-06-30,MICHIGAN WESTERN,MICHIGAN,SIXTH CIRCUIT,4402,3553,11,0,838,63,44,10,0,9,4339,3509,1,829
2004-06-30,MINNESOTA,MINNESOTA,EIGHTH CIRCUIT,4668,3650,79,0,939,408,264,79,0,65,4260,3386,0,874
2004-06-30,MISSISSIPPI NORTHERN,MISSISSIPPI,FIFTH CIRCUIT,2027,1403,6,0,618,15,9,6,0,0,2012,1394,0,618
2004-06-30,MISSISSIPPI SOUTHERN,MISSISSIPPI,FIFTH CIRCUIT,3221,2245,9,0,967,30,16,8,0,6,3191,2229,1,961
2004-06-30,MISSOURI EASTERN,MISSOURI,EIGHTH CIRCUIT,5089,3681,11,0,1397,54,39,11,0,4,5035,3642,0,1393
2004-06-30,MISSOURI WESTERN,MISSOURI,EIGHTH CIRCUIT,4830,3998,7,0,825,41,31,7,0,3,4789,3967,0,822
2004-06-30,MONTANA,MONTANA,NINTH CIRCUIT,1355,1237,8,1,109,37,28,7,1,1,1318,1209,1,108
2004-06-30,NEBRASKA,NEBRASKA,EIGHTH CIRCUIT,2328,1864,18,0,446,50,30,14,0,6,2278,1834,4,440
2004-06-30,NEVADA,NEVADA,NINTH CIRCUIT,5048,4006,27,0,1015,63,32,26,0,5,4985,3974,1,1010
2004-06-30,NEW HAMPSHIRE,NEW HAMPSHIRE,FIRST CIRCUIT,1205,1087,6,0,112,42,33,5,0,4,1163,1054,1,108
2004-06-30,NEW JERSEY,NEW JERSEY,THIRD CIRCUIT,11166,7400,74,0,3692,185,104,65,0,16,10981,7296,9,3676
2004-06-30,NEW MEXICO,NEW MEXICO,TENTH CIRCUIT,2487,2280,7,0,200,175,151,6,0,18,2312,2129,1,182
2004-06-30,NEW YORK EASTERN,NEW YORK,SECOND CIRCUIT,7393,6107,38,0,1248,74,40,33,0,1,7319,6067,5,1247
2004-06-30,NEW YORK NORTHERN,NEW YORK,SECOND CIRCUIT,5130,4046,15,0,1069,86,51,15,0,20,5044,3995,0,1049
2004-06-30,NEW YORK SOUTHERN,NEW YORK,SECOND CIRCUIT,4957,4317,97,0,505,177,42,94,0,3,4780,4275,3,502
2004-06-30,NEW YORK WESTERN,NEW YORK,SECOND CIRCUIT,4231,3342,14,0,875,76,46,12,0,18,4155,3296,2,857
2004-06-30,NORTH CAROLINA EASTERN,NORTH CAROLINA,FOURTH CIRCUIT,3712,1975,29,1,1707,49,23,24,1,1,3663,1952,5,1706
2004-06-30,NORTH CAROLINA MIDDLE,NORTH CAROLINA,FOURTH CIRCUIT,2981,1459,11,0,1511,53,29,11,0,13,2928,1430,0,1498
2004-06-30,NORTH CAROLINA WESTERN,NORTH CAROLINA,FOURTH CIRCUIT,2493,1460,19,0,1014,31,14,17,0,0,2462,1446,2,1014
2004-06-30,NORTH DAKOTA,NORTH DAKOTA,EIGHTH CIRCUIT,615,585,1,0,29,24,19,1,0,4,591,566,0,25
2004-06-30,NORTHERN MARIANAS,NORTHERN MARIANA ISLANDS,NINTH CIRCUIT,3,3,0,0,0,0,0,0,0,0,3,3,0,0
2004-06-30,OHIO NORTHERN,OHIO,SIXTH CIRCUIT,13174,11023,16,0,2135,193,156,16,0,21,12981,10867,0,2114
2004-06-30,OHIO SOUTHERN,OHIO,SIXTH CIRCUIT,11501,8852,35,0,2614,142,80,34,0,28,11359,8772,1,2586
2004-06-30,OKLAHOMA EASTERN,OKLAHOMA,TENTH CIRCUIT,1314,1222,8,0,84,28,15,8,0,5,1286,1207,0,79
2004-06-30,OKLAHOMA NORTHERN,OKLAHOMA,TENTH CIRCUIT,1869,1678,3,0,188,51,40,3,0,8,1818,1638,0,180
2004-06-30,OKLAHOMA WESTERN,OKLAHOMA,TENTH CIRCUIT,3680,3180,10,0,490,79,62,10,0,7,3601,3118,0,483
2004-06-30,OREGON,OREGON,NINTH CIRCUIT,6989,5929,12,0,1048,223,154,12,0,57,6766,5775,0,991
2004-06-30,PENNSYLVANIA EASTERN,PENNSYLVANIA,THIRD CIRCUIT,6354,3610,38,1,2705,93,42,32,1,18,6261,3568,6,2687
2004-06-30,PENNSYLVANIA MIDDLE,PENNSYLVANIA,THIRD CIRCUIT,3770,2890,13,0,867,58,30,13,0,15,3712,2860,0,852
2004-06-30,PENNSYLVANIA WESTERN,PENNSYLVANIA,THIRD CIRCUIT,5403,4335,61,0,1007,120,60,50,0,10,5283,4275,11,997
2004-06-30,PUERTO RICO,PUERTO RICO,FIRST CIRCUIT,3398,1138,38,0,2222,68,38,30,0,0,3330,1100,8,2222
2004-06-30,RHODE ISLAND,RHODE ISLAND,FIRST CIRCUIT,1099,1028,3,0,68,20,16,3,0,1,1079,1012,0,67
2004-06-30,SOUTH CAROLINA,SOUTH CAROLINA,FOURTH CIRCUIT,3932,1743,13,0,2176,47,29,9,0,9,3885,1714,4,2167
2004-06-30,SOUTH DAKOTA,SOUTH DAKOTA,EIGHTH CIRCUIT,749,693,2,0,54,24,19,1,0,4,725,674,1,50
2004-06-30,TENNESSEE EASTERN,TENNESSEE,SIXTH CIRCUIT,4927,3151,15,0,1761,71,51,14,0,6,4856,3100,1,1755
2004-06-30,TENNESSEE MIDDLE,TENNESSEE,SIXTH CIRCUIT,3965,2291,28,0,1646,39,21,14,0,4,3926,2270,14,1642
2004-06-30,TENNESSEE WESTERN,TENNESSEE,SIXTH CIRCUIT,6682,2031,12,0,4639,29,12,12,0,5,6653,2019,0,4634
2004-06-30,TEXAS EASTERN,TEXAS,FIFTH CIRCUIT,3176,1924,19,0,1232,77,39,18,0,19,3099,1885,1,1213
2004-06-30,TEXAS NORTHERN,TEXAS,FIFTH CIRCUIT,8136,4210,95,0,3831,351,204,93,0,54,7785,4006,2,3777
2004-06-30,TEXAS SOUTHERN,TEXAS,FIFTH CIRCUIT,6527,3613,47,0,2867,160,104,38,0,18,6367,3509,9,2849
2004-06-30,TEXAS WESTERN,TEXAS,FIFTH CIRCUIT,5305,3153,48,0,2104,217,124,41,0,52,5088,3029,7,2052
2004-06-30,UTAH,UTAH,TENTH CIRCUIT,5528,3926,12,0,1590,114,75,12,0,27,5414,3851,0,1563
2004-06-30,VERMONT,VERMONT,SECOND CIRCUIT,458,405,3,0,50,15,8,3,0,4,443,397,0,46
2004-06-30,VIRGIN ISLANDS,VIRGIN ISLANDS,THIRD CIRCUIT,8,4,0,0,4,1,1,0,0,0,7,3,0,4
2004-06-30,VIRGINIA EASTERN,VIRGINIA,FOURTH CIRCUIT,7424,5185,19,0,2220,77,54,16,0,7,7347,5131,3,2213
2004-06-30,VIRGINIA WESTERN,VIRGINIA,FOURTH CIRCUIT,3086,2503,6,0,577,126,104,6,0,16,2960,2399,0,561
2004-06-30,WASHINGTON EASTERN,WASHINGTON,NINTH CIRCUIT,2489,1955,10,0,524,64,46,9,0,9,2425,1909,1,515
2004-06-30,WASHINGTON WESTERN,WASHINGTON,NINTH CIRCUIT,7928,6338,27,0,1563,110,71,21,0,18,7818,6267,6,1545
2004-06-30,WEST VIRGINIA NORTHERN,WEST VIRGINIA,FOURTH CIRCUIT,1163,1098,3,0,62,45,40,2,0,3,1118,1058,1,59
2004-06-30,WEST VIRGINIA SOUTHERN,WEST VIRGINIA,FOURTH CIRCUIT,1798,1700,8,0,90,22,16,6,0,0,1776,1684,2,90
2004-06-30,WISCONSIN EASTERN,WISCONSIN,SEVENTH CIRCUIT,5490,4502,5,0,983,58,47,5,0,6,5432,4455,0,977
2004-06-30,WISCONSIN WESTERN,WISCONSIN,SEVENTH CIRCUIT,2446,2158,14,0,274,149,122,11,0,16,2297,2036,3,258
2004-06-30,WYOMING,WYOMING,TENTH CIRCUIT,718,668,3,0,47,12,7,2,0,3,706,661,1,44
2004-09-30,ALABAMA MIDDLE,ALABAMA,ELEVENTH CIRCUIT,2332,993,2,0,1337,29,23,2,0,4,2303,970,0,1333
2004-09-30,ALABAMA NORTHERN,ALABAMA,ELEVENTH CIRCUIT,6166,2800,40,0,3326,60,21,38,0,1,6106,2779,2,3325
2004-09-30,ALABAMA SOUTHERN,ALABAMA,ELEVENTH CIRCUIT,1909,682,5,0,1222,11,6,4,0,1,1898,676,1,1221
2004-09-30,ALASKA,ALASKA,NINTH CIRCUIT,348,312,3,0,33,13,8,3,0,2,335,304,0,31
2004-09-30,ARIZONA,ARIZONA,NINTH CIRCUIT,8026,6653,50,0,1323,131,69,41,0,21,7895,6584,9,1302
2004-09-30,ARKANSAS EASTERN,ARKANSAS,EIGHTH CIRCUIT,4075,2113,16,0,1946,69,33,16,0,20,4006,2080,0,1926
2004-09-30,ARKANSAS WESTERN,ARKANSAS,EIGHTH CIRCUIT,2135,1370,4,0,761,33,21,4,0,8,2102,1349,0,753
2004-09-30,CALIFORNIA CENTRAL,CALIFORNIA,NINTH CIRCUIT,14511,13234,91,0,1186,394,283,81,0,30,14117,12951,10,1156
2004-09-30,CALIFORNIA EASTERN,CALIFORNIA,NINTH CIRCUIT,7234,6176,26,0,1032,225,149,26,0,50,7009,6027,0,982
2004-09-30,CALIFORNIA NORTHERN,CALIFORNIA,NINTH CIRCUIT,5421,3955,50,0,1416,239,131,40,0,68,5182,3824,10,1348
2004-09-30,CALIFORNIA SOUTHERN,CALIFORNIA,NINTH CIRCUIT,2761,2315,5,0,441,32,27,4,0,1,2729,2288,1,440
2004-09-30,COLORADO,COLORADO,TENTH CIRCUIT,7282,6552,16,1,713,176,147,15,1,13,7106,6405,1,700
2004-09-30,CONNECTICUT,CONNECTICUT,SECOND CIRCUIT,2783,2303,28,0,452,40,18,22,0,0,2743,2285,6,452
2004-09-30,DELAWARE,DELAWARE,THIRD CIRCUIT,886,531,16,0,339,26,11,14,0,1,860,520,2,338
2004-09-30,DISTRICT OF COLUMBIA,DISTRICT OF COLUMBIA,DC CIRCUIT,444,312,9,0,123,11,3,8,0,0,433,309,1,123
2004-09-30,FLORIDA MIDDLE,FLORIDA,ELEVENTH CIRCUIT,12331,9030,47,0,3254,122,68,39,0,15,12209,8962,8,3239
2004-09-30,FLORIDA NORTHERN,FLORIDA,ELEVENTH CIRCUIT,1644,1321,6,0,317,30,22,5,0,3,1614,1299,1,314
2004-09-30,FLORIDA SOUTHERN,FLORIDA,ELEVENTH CIRCUIT,6380,5081,33,0,1265,119,86,30,0,2,6261,4995,3,1263
2004-09-30,GEORGIA MIDDLE,GEORGIA,ELEVENTH CIRCUIT,4539,1931,9,0,2599,36,22,9,0,5,4503,1909,0,2594
2004-09-30,GEORGIA NORTHERN,GEORGIA,ELEVENTH CIRCUIT,11232,5925,72,0,5234,501,269,67,0,164,10731,5656,5,5070
2004-09-30,GEORGIA SOUTHERN,GEORGIA,ELEVENTH CIRCUIT,4078,956,4,0,3118,50,14,4,0,32,4028,942,0,3086
2004-09-30,GUAM,GUAM,NINTH CIRCUIT,95,81,0,0,14,0,0,0,0,0,95,81,0,14
2004-09-30,HAWAII,HAWAII,NINTH CIRCUIT,684,610,1,0,72,14,11,1,0,2,670,599,0,70
2004-09-30,IDAHO,IDAHO,NINTH CIRCUIT,2354,2024,4,0,326,33,24,4,0,5,2321,2000,0,321
2004-09-30,ILLINOIS CENTRAL,ILLINOIS,SEVENTH CIRCUIT,3807,3225,3,1,578,60,50,2,1,7,3747,3175,1,571
2004-09-30,ILLINOIS NORTHERN,ILLINOIS,SEVENTH CIRCUIT,13434,9550,51,0,3833,129,87,41,0,1,13305,9463,10,3832
2004-09-30,ILLINOIS SOUTHERN,ILLINOIS,SEVENTH CIRCUIT,2493,1694,1,0,798,35,26,1,0,8,2458,1668,0,790
2004-09-30,INDIANA NORTHERN,INDIANA,SEVENTH CIRCUIT,5262,4315,7,0,940,36,28,7,0,1,5226,4287,0,939
2004-09-30,INDIANA SOUTHERN,INDIANA,SEVENTH CIRCUIT,8867,6669,21,0,2177,87,60,16,0,11,8780,6609,5,2166
2004-09-30,IOWA NORTHERN,IOWA,EIGHTH CIRCUIT,1303,1251,1,0,51,67,64,1,0,2,1236,1187,0,49
2004-09-30,IOWA SOUTHERN,IOWA,EIGHTH CIRCUIT,1968,1837,2,0,129,23,20,2,0,1,1945,1817,0,128
2004-09-30,KANSAS,KANSAS,TENTH CIRCUIT,4316,3505,10,0,801,63,47,9,0,7,4253,3458,1,794
2004-09-30,KENTUCKY EASTERN,KENTUCKY,SIXTH CIRCUIT,3313,2738,2,3,570,37,29,2,3,3,3276,2709,0,567
2004-09-30,KENTUCKY WESTERN,KENTUCKY,SIXTH CIRCUIT,3863,2928,10,0,925,24,12,10,0,2,3839,2916,0,923
2004-09-30,LOUISIANA EASTERN,LOUISIANA,FIFTH CIRCUIT,2502,1680,13,0,809,28,16,11,0,1,2474,1664,2,808
2004-09-30,LOUISIANA MIDDLE,LOUISIANA,FIFTH CIRCUIT,1101,801,5,0,295,8,5,3,0,0,1093,796,2,295
2004-09-30,LOUISIANA WESTERN,LOUISIANA,FIFTH CIRCUIT,4193,2225,12,0,1955,123,53,11,0,58,4070,2172,1,1897
2004-09-30,MAINE,MAINE,FIRST CIRCUIT,1134,1034,3,1,96,20,16,2,1,1,1114,1018,1,95
2004-09-30,MARYLAND,MARYLAND,FOURTH CIRCUIT,6462,4393,28,0,2041,101,61,27,0,13,6361,4332,1,2028
2004-09-30,MASSACHUSETTS,MASSACHUSETTS,FIRST CIRCUIT,4333,3738,26,0,569,64,38,26,0,0,4269,3700,0,569
2004-09-30,MICHIGAN EASTERN,MICHIGAN,SIXTH CIRCUIT,11730,7846,50,0,3834,118,61,47,0,10,11612,7785,3,3824
2004-09-30,MICHIGAN WESTERN,MICHIGAN,SIXTH CIRCUIT,4067,3232,11,0,823,47,31,11,0,4,4020,3201,0,819
2004-09-30,MINNESOTA,MINNESOTA,EIGHTH CIRCUIT,4426,3470,6,0,950,303,243,6,0,54,4123,3227,0,896
2004-09-30,MISSISSIPPI NORTHERN,MISSISSIPPI,FIFTH CIRCUIT,2343,1457,5,0,881,14,9,5,0,0,2329,1448,0,881
2004-09-30,MISSISSIPPI SOUTHERN,MISSISSIPPI,FIFTH CIRCUIT,3367,2087,7,0,1273,29,21,6,0,2,3338,2066,1,1271
2004-09-30,MISSOURI EASTERN,MISSOURI,EIGHTH CIRCUIT,4782,3263,10,0,1509,37,27,9,0,1,4745,3236,1,1508
2004-09-30,MISSOURI WESTERN,MISSOURI,EIGHTH CIRCUIT,4552,3739,15,1,797,60,39,13,1,7,4492,3700,2,790
2004-09-30,MONTANA,MONTANA,NINTH CIRCUIT,995,885,1,0,109,28,23,1,0,4,967,862,0,105
2004-09-30,NEBRASKA,NEBRASKA,EIGHTH CIRCUIT,2250,1763,7,0,480,53,38,6,0,9,2197,1725,1,471
2004-09-30,NEVADA,NEVADA,NINTH CIRCUIT,4094,3284,23,0,787,62,37,20,0,5,4032,3247,3,782
2004-09-30,NEW HAMPSHIRE,NEW HAMPSHIRE,FIRST CIRCUIT,1125,1020,1,0,104,25,24,1,0,0,1100,996,0,104
2004-09-30,NEW JERSEY,NEW JERSEY,THIRD CIRCUIT,9706,6605,48,0,3053,128,79,38,0,11,9578,6526,10,3042
2004-09-30,NEW MEXICO,NEW MEXICO,TENTH CIRCUIT,2359,2126,12,0,221,187,154,12,0,21,2172,1972,0,200
2004-09-30,NEW YORK EASTERN,NEW YORK,SECOND CIRCUIT,6217,5056,31,0,1130,63,34,28,0,1,6154,5022,3,1129
2004-09-30,NEW YORK NORTHERN,NEW YORK,SECOND CIRCUIT,3954,2868,11,0,1075,60,37,11,0,12,3894,2831,0,1063
2004-09-30,NEW YORK SOUTHERN,NEW YORK,SECOND CIRCUIT,4453,3758,56,0,629,110,46,49,0,5,4343,3712,7,624
2004-09-30,NEW YORK WESTERN,NEW YORK,SECOND CIRCUIT,4007,3063,12,0,932,75,46,12,0,17,3932,3017,0,915
2004-09-30,NORTH CAROLINA EASTERN,NORTH CAROLINA,FOURTH CIRCUIT,3627,1747,8,0,1872,40,31,8,0,1,3587,1716,0,1871
2004-09-30,NORTH CAROLINA MIDDLE,NORTH CAROLINA,FOURTH CIRCUIT,2994,1351,3,0,1640,33,26,3,0,4,2961,1325,0,1636
2004-09-30,NORTH CAROLINA WESTERN,NORTH CAROLINA,FOURTH CIRCUIT,2571,1484,10,0,1077,17,9,8,0,0,2554,1475,2,1077
2004-09-30,NORTH DAKOTA,NORTH DAKOTA,EIGHTH CIRCUIT,545,526,2,0,17,21,16,2,0,3,524,510,0,14
2004-09-30,NORTHERN MARIANAS,NORTHERN MARIANA ISLANDS,NINTH CIRCUIT,6,5,0,0,1,1,1,0,0,0,5,4,0,1
2004-09-30,OHIO NORTHERN,OHIO,SIXTH CIRCUIT,11983,9883,15,0,2085,238,191,14,0,33,11745,9692,1,2052
2004-09-30,OHIO SOUTHERN,OHIO,SIXTH CIRCUIT,10590,7708,19,0,2863,129,71,17,0,41,10461,7637,2,2822
2004-09-30,OKLAHOMA EASTERN,OKLAHOMA,TENTH CIRCUIT,1341,1228,1,0,112,20,14,1,0,5,1321,1214,0,107
2004-09-30,OKLAHOMA NORTHERN,OKLAHOMA,TENTH CIRCUIT,1999,1815,4,0,180,52,40,4,0,8,1947,1775,0,172
2004-09-30,OKLAHOMA WESTERN,OKLAHOMA,TENTH CIRCUIT,3715,3229,7,0,479,97,84,7,0,6,3618,3145,0,473
2004-09-30,OREGON,OREGON,NINTH CIRCUIT,6142,5104,11,0,1027,208,145,11,0,52,5934,4959,0,975
2004-09-30,PENNSYLVANIA EASTERN,PENNSYLVANIA,THIRD CIRCUIT,6048,3378,29,0,2641,89,46,24,0,19,5959,3332,5,2622
2004-09-30,PENNSYLVANIA MIDDLE,PENNSYLVANIA,THIRD CIRCUIT,3581,2686,8,0,887,76,57,6,0,13,3505,2629,2,874
2004-09-30,PENNSYLVANIA WESTERN,PENNSYLVANIA,THIRD CIRCUIT,5363,4102,48,2,1211,110,67,27,2,14,5253,4035,21,1197
2004-09-30,PUERTO RICO,PUERTO RICO,FIRST CIRCUIT,3228,1050,33,0,2145,85,37,21,0,27,3143,1013,12,2118
2004-09-30,RHODE ISLAND,RHODE ISLAND,FIRST CIRCUIT,1013,936,2,0,75,15,13,1,0,1,998,923,1,74
2004-09-30,SOUTH CAROLINA,SOUTH CAROLINA,FOURTH CIRCUIT,3952,1676,8,0,2268,48,33,4,0,11,3904,1643,4,2257
2004-09-30,SOUTH DAKOTA,SOUTH DAKOTA,EIGHTH CIRCUIT,684,627,6,0,51,30,23,5,0,2,654,604,1,49
2004-09-30,TENNESSEE EASTERN,TENNESSEE,SIXTH CIRCUIT,4970,2999,18,0,1953,63,42,14,0,7,4907,2957,4,1946
2004-09-30,TENNESSEE MIDDLE,TENNESSEE,SIXTH CIRCUIT,4171,2335,29,0,1807,39,20,18,0,1,4132,2315,11,1806
2004-09-30,TENNESSEE WESTERN,TENNESSEE,SIXTH CIRCUIT,6737,1914,19,0,4804,40,17,18,0,5,6697,1897,1,4799
2004-09-30,TEXAS EASTERN,TEXAS,FIFTH CIRCUIT,3317,1888,16,0,1413,86,58,15,0,13,3231,1830,1,1400
2004-09-30,TEXAS NORTHERN,TEXAS,FIFTH CIRCUIT,8249,3639,61,0,4549,273,149,60,0,64,7976,3490,1,4485
2004-09-30,TEXAS SOUTHERN,TEXAS,FIFTH CIRCUIT,7135,3576,53,0,3506,186,121,46,0,19,6949,3455,7,3487
2004-09-30,TEXAS WESTERN,TEXAS,FIFTH CIRCUIT,5382,3026,37,0,2319,162,92,34,0,36,5220,2934,3,2283
2004-09-30,UTAH,UTAH,TENTH CIRCUIT,5384,3782,12,0,1590,104,77,12,0,15,5280,3705,0,1575
2004-09-30,VERMONT,VERMONT,SECOND CIRCUIT,412,346,2,0,64,21,16,2,0,3,391,330,0,61
2004-09-30,VIRGIN ISLANDS,VIRGIN ISLANDS,THIRD CIRCUIT,11,6,1,0,4,2,1,1,0,0,9,5,0,4
2004-09-30,VIRGINIA EASTERN,VIRGINIA,FOURTH CIRCUIT,6766,4483,28,0,2255,73,49,22,0,2,6693,4434,6,2253
2004-09-30,VIRGINIA WESTERN,VIRGINIA,FOURTH CIRCUIT,2877,2267,8,0,602,123,103,7,0,13,2754,2164,1,589
2004-09-30,WASHINGTON EASTERN,WASHINGTON,NINTH CIRCUIT,2169,1695,9,0,465,43,35,8,0,0,2126,1660,1,465
2004-09-30,WASHINGTON WESTERN,WASHINGTON,NINTH CIRCUIT,6898,5564,21,0,1313,107,69,18,0,20,6791,5495,3,1293
2004-09-30,WEST VIRGINIA NORTHERN,WEST VIRGINIA,FOURTH CIRCUIT,1130,1067,3,0,60,29,28,1,0,0,1101,1039,2,60
2004-09-30,WEST VIRGINIA SOUTHERN,WEST VIRGINIA,FOURTH CIRCUIT,1722,1633,11,0,78,20,10,10,0,0,1702,1623,1,78
2004-09-30,WISCONSIN EASTERN,WISCONSIN,SEVENTH CIRCUIT,4377,3505,4,0,868,58,49,4,0,5,4319,3456,0,863
2004-09-30,WISCONSIN WESTERN,WISCONSIN,SEVENTH CIRCUIT,2274,1969,6,0,299,122,113,3,0,6,2152,1856,3,293
2004-09-30,WYOMING,WYOMING,TENTH CIRCUIT,647,592,6,0,49,16,10,4,0,2,631,582,2,47
2004-12-31,ALABAMA MIDDLE,ALABAMA,ELEVENTH CIRCUIT,2162,977,5,0,1180,23,13,3,0,7,2139,964,2,1173
2004-12-31,ALABAMA NORTHERN,ALABAMA,ELEVENTH CIRCUIT,6408,3114,18,0,3275,42,24,14,0,3,6366,3090,4,3272
2004-12-31,ALABAMA SOUTHERN,ALABAMA,ELEVENTH CIRCUIT,1702,712,3,0,987,15,12,3,0,0,1687,700,0,987
2004-12-31,ALASKA,ALASKA,NINTH CIRCUIT,440,396,6,0,38,16,7,5,0,4,424,389,1,34
2004-12-31,ARIZONA,ARIZONA,NINTH CIRCUIT,7003,5690,41,1,1271,112,68,30,1,13,6891,5622,11,1258
2004-12-31,ARKANSAS EASTERN,ARKANSAS,EIGHTH CIRCUIT,3901,1985,3,0,1913,32,17,3,0,12,3869,1968,0,1901
2004-12-31,ARKANSAS WESTERN,ARKANSAS,EIGHTH CIRCUIT,2001,1310,7,0,684,41,25,4,0,12,1960,1285,3,672
2004-12-31,CALIFORNIA CENTRAL,CALIFORNIA,NINTH CIRCUIT,12990,11936,60,1,993,357,279,54,1,23,12633,11657,6,970
2004-12-31,CALIFORNIA EASTERN,CALIFORNIA,NINTH CIRCUIT,6392,5424,14,2,952,217,153,14,2,48,6175,5271,0,904
2004-12-31,CALIFORNIA NORTHERN,CALIFORNIA,NINTH CIRCUIT,5090,3799,44,0,1246,222,135,29,0,57,4868,3664,15,1189
2004-12-31,CALIFORNIA SOUTHERN,CALIFORNIA,NINTH CIRCUIT,2578,2160,14,0,404,53,36,13,0,4,2525,2124,1,400
2004-12-31,COLORADO,COLORADO,TENTH CIRCUIT,6617,5848,33,3,733,187,137,33,3,14,6430,5711,0,719
2004-12-31,CONNECTICUT,CONNECTICUT,SECOND CIRCUIT,2612,2152,16,0,444,27,16,10,0,1,2585,2136,6,443
2004-12-31,DELAWARE,DELAWARE,THIRD CIRCUIT,870,477,37,0,356,39,2,37,0,0,831,475,0,356
2004-12-31,DISTRICT OF COLUMBIA,DISTRICT OF COLUMBIA,DC CIRCUIT,443,347,5,0,91,9,5,4,0,0,434,342,1,91
2004-12-31,FLORIDA MIDDLE,FLORIDA,ELEVENTH CIRCUIT,11987,8558,50,0,3379,162,102,45,0,15,11825,8456,5,3364
2004-12-31,FLORIDA NORTHERN,FLORIDA,ELEVENTH CIRCUIT,1505,1162,3,0,340,10,9,1,0,0,1495,1153,2,340
2004-12-31,FLORIDA SOUTHERN,FLORIDA,ELEVENTH CIRCUIT,6274,4892,44,0,1336,152,107,40,0,4,6122,4785,4,1332
2004-12-31,GEORGIA MIDDLE,GEORGIA,ELEVENTH CIRCUIT,4360,1805,6,5,2544,33,19,5,5,4,4327,1786,1,2540
2004-12-31,GEORGIA NORTHERN,GEORGIA,ELEVENTH CIRCUIT,11238,5785,49,0,5404,424,244,35,0,145,10814,5541,14,5259
2004-12-31,GEORGIA SOUTHERN,GEORGIA,ELEVENTH CIRCUIT,3496,821,9,2,2664,35,10,9,2,14,3461,811,0,2650
2004-12-31,GUAM,GUAM,NINTH CIRCUIT,71,64,0,0,7,3,3,0,0,0,68,61,0,7
2004-12-31,HAWAII,HAWAII,NINTH CIRCUIT,749,655,6,0,88,13,8,5,0,0,736,647,1,88
2004-12-31,IDAHO,IDAHO,NINTH CIRCUIT,2226,1875,8,1,342,37,24,7,1,5,2189,1851,1,337
2004-12-31,ILLINOIS CENTRAL,ILLINOIS,SEVENTH CIRCUIT,3656,3067,19,2,568,58,37,17,2,2,3598,3030,2,566
2004-12-31,ILLINOIS NORTHERN,ILLINOIS,SEVENTH CIRCUIT,13326,9724,37,0,3565,167,136,29,0,2,13159,9588,8,3563
2004-12-31,ILLINOIS SOUTHERN,ILLINOIS,SEVENTH CIRCUIT,2353,1556,7,1,789,23,14,4,1,4,2330,1542,3,785
2004-12-31,INDIANA NORTHERN,INDIANA,SEVENTH CIRCUIT,4544,3637,10,0,897,31,20,9,0,2,4513,3617,1,895
2004-12-31,INDIANA SOUTHERN,INDIANA,SEVENTH CIRCUIT,7673,5562,38,0,2073,119,73,33,0,13,7554,5489,5,2060
2004-12-31,IOWA NORTHERN,IOWA,EIGHTH CIRCUIT,1159,1113,0,0,46,54,53,0,0,1,1105,1060,0,45
2004-12-31,IOWA SOUTHERN,IOWA,EIGHTH CIRCUIT,1848,1719,4,1,124,25,19,4,1,1,1823,1700,0,123
2004-12-31,KANSAS,KANSAS,TENTH CIRCUIT,3665,2858,13,2,792,75,45,12,2,16,3590,2813,1,776
2004-12-31,KENTUCKY EASTERN,KENTUCKY,SIXTH CIRCUIT,2932,2381,4,2,545,38,25,4,2,7,2894,2356,0,538
2004-12-31,KENTUCKY WESTERN,KENTUCKY,SIXTH CIRCUIT,3490,2592,15,1,882,40,25,10,1,4,3450,2567,5,878
2004-12-31,LOUISIANA EASTERN,LOUISIANA,FIFTH CIRCUIT,2301,1514,12,0,775,34,22,11,0,1,2267,1492,1,774
2004-12-31,LOUISIANA MIDDLE,LOUISIANA,FIFTH CIRCUIT,984,686,9,0,289,11,4,7,0,0,973,682,2,289
2004-12-31,LOUISIANA WESTERN,LOUISIANA,FIFTH CIRCUIT,3578,1687,19,2,1870,107,54,18,2,33,3471,1633,1,1837
2004-12-31,MAINE,MAINE,FIRST CIRCUIT,1014,906,3,0,103,23,15,3,0,5,991,891,0,98
2004-12-31,MARYLAND,MARYLAND,FOURTH CIRCUIT,6903,4791,17,0,2095,98,74,14,0,10,6805,4717,3,2085
2004-12-31,MASSACHUSETTS,MASSACHUSETTS,FIRST CIRCUIT,4661,4029,36,0,596,76,43,33,0,0,4585,3986,3,596
2004-12-31,MICHIGAN EASTERN,MICHIGAN,SIXTH CIRCUIT,11370,7651,69,0,3650,119,53,63,0,3,11251,7598,6,3647
2004-12-31,MICHIGAN WESTERN,MICHIGAN,SIXTH CIRCUIT,4236,3458,10,1,767,53,39,10,1,3,4183,3419,0,764
2004-12-31,MINNESOTA,MINNESOTA,EIGHTH CIRCUIT,4396,3476,8,1,911,352,294,8,1,49,4044,3182,0,862
2004-12-31,MISSISSIPPI NORTHERN,MISSISSIPPI,FIFTH CIRCUIT,2006,1192,9,0,805,17,8,9,0,0,1989,1184,0,805
2004-12-31,MISSISSIPPI SOUTHERN,MISSISSIPPI,FIFTH CIRCUIT,2907,1771,8,0,1128,25,18,7,0,0,2882,1753,1,1128
2004-12-31,MISSOURI EASTERN,MISSOURI,EIGHTH CIRCUIT,4633,3077,6,1,1549,34,23,6,1,4,4599,3054,0,1545
2004-12-31,MISSOURI WESTERN,MISSOURI,EIGHTH CIRCUIT,4342,3505,11,1,825,53,35,10,1,7,4289,3470,1,818
2004-12-31,MONTANA,MONTANA,NINTH CIRCUIT,872,781,5,0,86,23,17,5,0,1,849,764,0,85
2004-12-31,NEBRASKA,NEBRASKA,EIGHTH CIRCUIT,2152,1647,8,2,495,59,38,8,2,11,2093,1609,0,484
2004-12-31,NEVADA,NEVADA,NINTH CIRCUIT,3309,2628,16,0,665,54,34,15,0,5,3255,2594,1,660
2004-12-31,NEW HAMPSHIRE,NEW HAMPSHIRE,FIRST CIRCUIT,1117,1002,6,0,109,40,32,5,0,3,1077,970,1,106
2004-12-31,NEW JERSEY,NEW JERSEY,THIRD CIRCUIT,9157,6204,88,0,2865,166,80,79,0,7,8991,6124,9,2858
2004-12-31,NEW MEXICO,NEW MEXICO,TENTH CIRCUIT,2263,2058,8,1,196,193,168,6,1,18,2070,1890,2,178
2004-12-31,NEW YORK EASTERN,NEW YORK,SECOND CIRCUIT,6145,5143,43,0,959,78,35,40,0,3,6067,5108,3,956
2004-12-31,NEW YORK NORTHERN,NEW YORK,SECOND CIRCUIT,4091,2956,9,2,1124,61,31,9,2,19,4030,2925,0,1105
2004-12-31,NEW YORK SOUTHERN,NEW YORK,SECOND CIRCUIT,4169,3576,93,0,458,178,45,90,0,1,3991,3531,3,457
2004-12-31,NEW YORK WESTERN,NEW YORK,SECOND CIRCUIT,3379,2452,16,2,909,69,39,15,2,13,3310,2413,1,896
2004-12-31,NORTH CAROLINA EASTERN,NORTH CAROLINA,FOURTH CIRCUIT,3517,1659,12,1,1843,39,19,9,1,8,3478,1640,3,1835
2004-12-31,NORTH CAROLINA MIDDLE,NORTH CAROLINA,FOURTH CIRCUIT,2850,1284,7,0,1559,72,37,7,0,28,2778,1247,0,1531
2004-12-31,NORTH CAROLINA WESTERN,NORTH CAROLINA,FOURTH CIRCUIT,2517,1383,9,0,1125,21,13,8,0,0,2496,1370,1,1125
2004-12-31,NORTH DAKOTA,NORTH DAKOTA,EIGHTH CIRCUIT,538,491,2,1,44,16,12,2,1,1,522,479,0,43
2004-12-31,NORTHERN MARIANAS,NORTHERN MARIANA ISLANDS,NINTH CIRCUIT,12,11,0,0,1,0,0,0,0,0,12,11,0,1
2004-12-31,OHIO NORTHERN,OHIO,SIXTH CIRCUIT,11128,8963,23,0,2142,242,191,20,0,31,10886,8772,3,2111
2004-12-31,OHIO SOUTHERN,OHIO,SIXTH CIRCUIT,10161,7324,47,0,2790,172,87,45,0,40,9989,7237,2,2750
2004-12-31,OKLAHOMA EASTERN,OKLAHOMA,TENTH CIRCUIT,1061,938,2,1,120,21,16,0,1,4,1040,922,2,116
2004-12-31,OKLAHOMA NORTHERN,OKLAHOMA,TENTH CIRCUIT,1772,1609,3,0,160,70,60,3,0,7,1702,1549,0,153
2004-12-31,OKLAHOMA WESTERN,OKLAHOMA,TENTH CIRCUIT,3257,2711,11,5,530,105,84,10,5,6,3152,2627,1,524
2004-12-31,OREGON,OREGON,NINTH CIRCUIT,5734,4791,15,3,925,210,143,14,3,50,5524,4648,1,875
2004-12-31,PENNSYLVANIA EASTERN,PENNSYLVANIA,THIRD CIRCUIT,5530,3182,46,0,2302,92,48,38,0,6,5438,3134,8,2296
2004-12-31,PENNSYLVANIA MIDDLE,PENNSYLVANIA,THIRD CIRCUIT,3261,2459,18,0,784,94,59,17,0,18,3167,2400,1,766
2004-12-31,PENNSYLVANIA WESTERN,PENNSYLVANIA,THIRD CIRCUIT,5037,3969,29,4,1035,111,77,22,4,8,4926,3892,7,1027
2004-12-31,PUERTO RICO,PUERTO RICO,FIRST CIRCUIT,3086,942,37,2,2105,79,36,23,2,18,3007,906,14,2087
2004-12-31,RHODE ISLAND,RHODE ISLAND,FIRST CIRCUIT,930,879,2,0,49,13,11,1,0,1,917,868,1,48
2004-12-31,SOUTH CAROLINA,SOUTH CAROLINA,FOURTH CIRCUIT,3778,1518,18,1,2241,39,24,9,1,5,3739,1494,9,2236
2004-12-31,SOUTH DAKOTA,SOUTH DAKOTA,EIGHTH CIRCUIT,611,560,1,1,49,30,25,1,1,3,581,535,0,46
2004-12-31,TENNESSEE EASTERN,TENNESSEE,SIXTH CIRCUIT,4521,2828,15,1,1677,51,31,15,1,4,4470,2797,0,1673
2004-12-31,TENNESSEE MIDDLE,TENNESSEE,SIXTH CIRCUIT,3425,1881,33,1,1510,46,24,18,1,3,3379,1857,15,1507
2004-12-31,TENNESSEE WESTERN,TENNESSEE,SIXTH CIRCUIT,6025,1706,21,0,4298,34,8,15,0,11,5991,1698,6,4287
2004-12-31,TEXAS EASTERN,TEXAS,FIFTH CIRCUIT,3135,1701,15,0,1419,78,50,13,0,15,3057,1651,2,1404
2004-12-31,TEXAS NORTHERN,TEXAS,FIFTH CIRCUIT,7921,3516,82,2,4321,309,168,79,2,60,7612,3348,3,4261
2004-12-31,TEXAS SOUTHERN,TEXAS,FIFTH CIRCUIT,6886,3316,69,0,3501,190,114,59,0,17,6696,3202,10,3484
2004-12-31,TEXAS WESTERN,TEXAS,FIFTH CIRCUIT,4990,2769,21,2,2198,170,103,18,2,47,4820,2666,3,2151
2004-12-31,UTAH,UTAH,TENTH CIRCUIT,4725,3147,18,1,1559,114,75,16,1,22,4611,3072,2,1537
2004-12-31,VERMONT,VERMONT,SECOND CIRCUIT,353,287,2,0,64,16,11,1,0,4,337,276,1,60
2004-12-31,VIRGIN ISLANDS,VIRGIN ISLANDS,THIRD CIRCUIT,9,4,1,0,4,1,0,1,0,0,8,4,0,4
2004-12-31,VIRGINIA EASTERN,VIRGINIA,FOURTH CIRCUIT,6380,4063,25,0,2292,76,48,23,0,5,6304,4015,2,2287
2004-12-31,VIRGINIA WESTERN,VIRGINIA,FOURTH CIRCUIT,2780,2144,4,0,632,29,25,2,0,2,2751,2119,2,630
2004-12-31,WASHINGTON EASTERN,WASHINGTON,NINTH CIRCUIT,2144,1672,15,3,454,68,42,12,3,11,2076,1630,3,443
2004-12-31,WASHINGTON WESTERN,WASHINGTON,NINTH CIRCUIT,6464,5361,26,0,1077,110,71,20,0,19,6354,5290,6,1058
2004-12-31,WEST VIRGINIA NORTHERN,WEST VIRGINIA,FOURTH CIRCUIT,1119,1048,4,0,67,44,38,4,0,2,1075,1010,0,65
2004-12-31,WEST VIRGINIA SOUTHERN,WEST VIRGINIA,FOURTH CIRCUIT,1595,1523,5,0,67,9,6,3,0,0,1586,1517,2,67
2004-12-31,WISCONSIN EASTERN,WISCONSIN,SEVENTH CIRCUIT,3992,3193,4,1,794,57,48,4,1,4,3935,3145,0,790
2004-12-31,WISCONSIN WESTERN,WISCONSIN,SEVENTH CIRCUIT,2127,1848,11,4,264,117,96,9,4,8,2010,1752,2,256
2004-12-31,WYOMING,WYOMING,TENTH CIRCUIT,551,508,6,0,37,19,10,6,0,3,532,498,0,34
2005-03-31,ALABAMA MIDDLE,ALABAMA,ELEVENTH CIRCUIT,2137,1180,23,0,934,42,15,23,0,4,2095,1165,0,930
2005-03-31,ALABAMA NORTHERN,ALABAMA,ELEVENTH CIRCUIT,6936,4054,23,0,2859,45,28,16,0,1,6891,4026,7,2858
2005-03-31,ALABAMA SOUTHERN,ALABAMA,ELEVENTH CIRCUIT,1892,880,4,0,1008,7,4,2,0,1,1885,876,2,1007
2005-03-31,ALASKA,ALASKA,NINTH CIRCUIT,356,315,3,0,38,19,14,3,0,2,337,301,0,36
2005-03-31,ARIZONA,ARIZONA,NINTH CIRCUIT,7423,6149,38,0,1236,135,82,37,0,16,7288,6067,1,1220
2005-03-31,ARKANSAS EASTERN,ARKANSAS,EIGHTH CIRCUIT,4245,2424,5,0,1816,57,33,5,0,19,4188,2391,0,1797
2005-03-31,ARKANSAS WESTERN,ARKANSAS,EIGHTH CIRCUIT,2362,1668,4,1,689,39,21,4,1,13,2323,1647,0,676
2005-03-31,CALIFORNIA CENTRAL,CALIFORNIA,NINTH CIRCUIT,14868,13747,68,1,1051,383,301,59,1,21,14485,13446,9,1030
2005-03-31,CALIFORNIA EASTERN,CALIFORNIA,NINTH CIRCUIT,6885,5944,21,3,917,198,140,20,3,35,6687,5804,1,882
2005-03-31,CALIFORNIA NORTHERN,CALIFORNIA,NINTH CIRCUIT,5086,3760,32,0,1294,209,129,20,0,60,4877,3631,12,1234
2005-03-31,CALIFORNIA SOUTHERN,CALIFORNIA,NINTH CIRCUIT,2754,2334,13,0,407,47,35,9,0,3,2707,2299,4,404
2005-03-31,COLORADO,COLORADO,TENTH CIRCUIT,6971,6219,24,2,726,185,156,22,2,5,6786,6063,2,721
2005-03-31,CONNECTICUT,CONNECTICUT,SECOND CIRCUIT,2910,2417,8,0,485,21,15,6,0,0,2889,2402,2,485
2005-03-31,DELAWARE,DELAWARE,THIRD CIRCUIT,902,528,33,0,341,63,31,32,0,0,839,497,1,341
2005-03-31,DISTRICT OF COLUMBIA,DISTRICT OF COLUMBIA,DC CIRCUIT,491,399,9,0,83,10,4,6,0,0,481,395,3,83
2005-03-31,FLORIDA MIDDLE,FLORIDA,ELEVENTH CIRCUIT,12630,9174,45,0,3411,154,104,37,0,13,12476,9070,8,3398
2005-03-31,FLORIDA NORTHERN,FLORIDA,ELEVENTH CIRCUIT,1540,1196,5,0,339,12,10,2,0,0,1528,1186,3,339
2005-03-31,FLORIDA SOUTHERN,FLORIDA,ELEVENTH CIRCUIT,5765,4497,28,0,1240,108,85,22,0,1,5657,4412,6,1239
2005-03-31,GEORGIA MIDDLE,GEORGIA,ELEVENTH CIRCUIT,3886,2073,11,2,1800,38,19,10,2,7,3848,2054,1,1793
2005-03-31,GEORGIA NORTHERN,GEORGIA,ELEVENTH CIRCUIT,11803,6994,47,0,4761,444,269,40,0,134,11359,6725,7,4627
2005-03-31,GEORGIA SOUTHERN,GEORGIA,ELEVENTH CIRCUIT,3483,1101,15,0,2367,49,13,14,0,22,3434,1088,1,2345
2005-03-31,GUAM,GUAM,NINTH CIRCUIT,81,72,0,0,9,0,0,0,0,0,81,72,0,9
2005-03-31,HAWAII,HAWAII,NINTH CIRCUIT,782,695,10,0,77,16,6,9,0,1,766,689,1,76
2005-03-31,IDAHO,IDAHO,NINTH CIRCUIT,2277,1967,5,2,303,33,19,4,2,8,2244,1948,1,295
2005-03-31,ILLINOIS CENTRAL,ILLINOIS,SEVENTH CIRCUIT,4334,3711,10,1,612,42,29,10,1,2,4292,3682,0,610
2005-03-31,ILLINOIS NORTHERN,ILLINOIS,SEVENTH CIRCUIT,13707,10551,33,1,3122,136,106,26,1,3,13571,10445,7,3119
2005-03-31,ILLINOIS SOUTHERN,ILLINOIS,SEVENTH CIRCUIT,2601,1825,3,0,772,15,11,2,0,1,2586,1814,1,771
2005-03-31,INDIANA NORTHERN,INDIANA,SEVENTH CIRCUIT,4914,3987,14,0,913,54,38,11,0,5,4860,3949,3,908
2005-03-31,INDIANA SOUTHERN,INDIANA,SEVENTH CIRCUIT,8201,6091,23,2,2085,105,76,19,2,8,8096,6015,4,2077
2005-03-31,IOWA NORTHERN,IOWA,EIGHTH CIRCUIT,1423,1363,5,1,54,50,41,5,1,3,1373,1322,0,51
2005-03-31,IOWA SOUTHERN,IOWA,EIGHTH CIRCUIT,2202,2058,3,1,140,29,24,3,1,1,2173,2034,0,139
2005-03-31,KANSAS,KANSAS,TENTH CIRCUIT,3903,3130,4,10,759,81,54,2,10,15,3822,3076,2,744
2005-03-31,KENTUCKY EASTERN,KENTUCKY,SIXTH CIRCUIT,3238,2683,8,2,545,36,24,8,2,2,3202,2659,0,543
2005-03-31,KENTUCKY WESTERN,KENTUCKY,SIXTH CIRCUIT,3979,2980,16,3,980,50,28,16,3,3,3929,2952,0,977
2005-03-31,LOUISIANA EASTERN,LOUISIANA,FIFTH CIRCUIT,2490,1660,14,0,816,34,21,13,0,0,2456,1639,1,816
2005-03-31,LOUISIANA MIDDLE,LOUISIANA,FIFTH CIRCUIT,1028,736,6,0,286,14,8,5,0,1,1014,728,1,285
2005-03-31,LOUISIANA WESTERN,LOUISIANA,FIFTH CIRCUIT,4036,2202,13,4,1817,124,53,13,4,54,3912,2149,0,1763
2005-03-31,MAINE,MAINE,FIRST CIRCUIT,1060,981,6,1,72,27,17,6,1,3,1033,964,0,69
2005-03-31,MARYLAND,MARYLAND,FOURTH CIRCUIT,7525,5418,24,0,2083,126,89,20,0,17,7399,5329,4,2066
2005-03-31,MASSACHUSETTS,MASSACHUSETTS,FIRST CIRCUIT,4591,3919,41,0,631,107,65,37,0,5,4484,3854,4,626
2005-03-31,MICHIGAN EASTERN,MICHIGAN,SIXTH CIRCUIT,13238,9590,45,1,3602,107,59,43,1,4,13131,9531,2,3598
2005-03-31,MICHIGAN WESTERN,MICHIGAN,SIXTH CIRCUIT,4701,3965,12,2,722,96,69,11,2,14,4605,3896,1,708
2005-03-31,MINNESOTA,MINNESOTA,EIGHTH CIRCUIT,4839,3993,11,0,835,337,284,11,0,42,4502,3709,0,793
2005-03-31,MISSISSIPPI NORTHERN,MISSISSIPPI,FIFTH CIRCUIT,2313,1625,10,2,676,21,9,10,2,0,2292,1616,0,676
2005-03-31,MISSISSIPPI SOUTHERN,MISSISSIPPI,FIFTH CIRCUIT,3097,2088,6,0,1003,25,18,6,0,1,3072,2070,0,1002
2005-03-31,MISSOURI EASTERN,MISSOURI,EIGHTH CIRCUIT,4924,3520,12,0,1392,50,31,11,0,8,4874,3489,1,1384
2005-03-31,MISSOURI WESTERN,MISSOURI,EIGHTH CIRCUIT,4585,3689,6,0,890,36,25,6,0,5,4549,3664,0,885
2005-03-31,MONTANA,MONTANA,NINTH CIRCUIT,1100,993,3,6,98,33,23,3,6,1,1067,970,0,97
2005-03-31,NEBRASKA,NEBRASKA,EIGHTH CIRCUIT,2428,1905,11,15,497,70,39,11,15,5,2358,1866,0,492
2005-03-31,NEVADA,NEVADA,NINTH CIRCUIT,3616,2739,62,0,815,107,40,59,0,8,3509,2699,3,807
2005-03-31,NEW HAMPSHIRE,NEW HAMPSHIRE,FIRST CIRCUIT,1276,1146,9,0,121,117,95,8,0,14,1159,1051,1,107
2005-03-31,NEW JERSEY,NEW JERSEY,THIRD CIRCUIT,10302,7331,52,0,2919,170,107,39,0,24,10132,7224,13,2895
2005-03-31,NEW MEXICO,NEW MEXICO,TENTH CIRCUIT,2521,2305,15,0,201,170,143,14,0,13,2351,2162,1,188
2005-03-31,NEW YORK EASTERN,NEW YORK,SECOND CIRCUIT,6798,5865,33,0,900,63,31,30,0,2,6735,5834,3,898
2005-03-31,NEW YORK NORTHERN,NEW YORK,SECOND CIRCUIT,4499,3427,15,1,1056,63,28,15,1,19,4436,3399,0,1037
2005-03-31,NEW YORK SOUTHERN,NEW YORK,SECOND CIRCUIT,4888,4221,195,2,465,246,46,190,2,3,4642,4175,5,462
2005-03-31,NEW YORK WESTERN,NEW YORK,SECOND CIRCUIT,3985,2980,25,5,975,91,54,20,5,12,3894,2926,5,963
2005-03-31,NORTH CAROLINA EASTERN,NORTH CAROLINA,FOURTH CIRCUIT,3840,2018,9,2,1811,45,25,9,2,9,3795,1993,0,1802
2005-03-31,NORTH CAROLINA MIDDLE,NORTH CAROLINA,FOURTH CIRCUIT,3031,1579,9,0,1443,90,49,9,0,32,2941,1530,0,1411
2005-03-31,NORTH CAROLINA WESTERN,NORTH CAROLINA,FOURTH CIRCUIT,2671,1571,3,0,1096,15,11,3,0,0,2656,1560,0,1096
2005-03-31,NORTH DAKOTA,NORTH DAKOTA,EIGHTH CIRCUIT,652,611,2,3,36,23,18,2,3,0,629,593,0,36
2005-03-31,NORTHERN MARIANAS,NORTHERN MARIANA ISLANDS,NINTH CIRCUIT,3,3,0,0,0,0,0,0,0,0,3,3,0,0
2005-03-31,OHIO NORTHERN,OHIO,SIXTH CIRCUIT,12465,10174,19,2,2270,262,206,18,2,36,12203,9968,1,2234
2005-03-31,OHIO SOUTHERN,OHIO,SIXTH CIRCUIT,10544,7762,13,0,2769,131,94,13,0,24,10413,7668,0,2745
2005-03-31,OKLAHOMA EASTERN,OKLAHOMA,TENTH CIRCUIT,1235,1116,1,1,117,24,21,0,1,2,1211,1095,1,115
2005-03-31,OKLAHOMA NORTHERN,OKLAHOMA,TENTH CIRCUIT,1883,1687,2,0,194,80,65,2,0,13,1803,1622,0,181
2005-03-31,OKLAHOMA WESTERN,OKLAHOMA,TENTH CIRCUIT,3555,3066,5,2,482,72,58,5,2,7,3483,3008,0,475
2005-03-31,OREGON,OREGON,NINTH CIRCUIT,5867,4931,4,2,930,224,169,3,2,50,5643,4762,1,880
2005-03-31,PENNSYLVANIA EASTERN,PENNSYLVANIA,THIRD CIRCUIT,6226,3784,41,1,2400,111,58,36,1,16,6115,3726,5,2384
2005-03-31,PENNSYLVANIA MIDDLE,PENNSYLVANIA,THIRD CIRCUIT,3644,2835,11,0,798,74,42,11,0,21,3570,2793,0,777
2005-03-31,PENNSYLVANIA WESTERN,PENNSYLVANIA,THIRD CIRCUIT,5735,4677,30,2,1026,109,66,25,2,16,5626,4611,5,1010
2005-03-31,PUERTO RICO,PUERTO RICO,FIRST CIRCUIT,2826,809,21,0,1996,68,24,15,0,29,2758,785,6,1967
2005-03-31,RHODE ISLAND,RHODE ISLAND,FIRST CIRCUIT,1088,1005,12,0,71,26,14,12,0,0,1062,991,0,71
2005-03-31,SOUTH CAROLINA,SOUTH CAROLINA,FOURTH CIRCUIT,3760,1637,12,0,2111,30,17,9,0,4,3730,1620,3,2107
2005-03-31,SOUTH DAKOTA,SOUTH DAKOTA,EIGHTH CIRCUIT,733,670,1,2,60,40,31,1,2,6,693,639,0,54
2005-03-31,TENNESSEE EASTERN,TENNESSEE,SIXTH CIRCUIT,5084,3554,9,0,1521,41,32,4,0,5,5043,3522,5,1516
2005-03-31,TENNESSEE MIDDLE,TENNESSEE,SIXTH CIRCUIT,3948,2498,26,1,1423,71,44,20,1,6,3877,2454,6,1417
2005-03-31,TENNESSEE WESTERN,TENNESSEE,SIXTH CIRCUIT,6370,2348,15,0,4007,46,18,14,0,14,6324,2330,1,3993
2005-03-31,TEXAS EASTERN,TEXAS,FIFTH CIRCUIT,3303,2004,16,0,1283,79,49,15,0,15,3224,1955,1,1268
2005-03-31,TEXAS NORTHERN,TEXAS,FIFTH CIRCUIT,8163,4216,60,3,3882,266,152,56,3,53,7897,4064,4,3829
2005-03-31,TEXAS SOUTHERN,TEXAS,FIFTH CIRCUIT,6980,3869,59,2,3050,195,123,52,2,18,6785,3746,7,3032
2005-03-31,TEXAS WESTERN,TEXAS,FIFTH CIRCUIT,5053,3259,30,0,1764,160,97,28,0,35,4893,3162,2,1729
2005-03-31,UTAH,UTAH,TENTH CIRCUIT,4914,3406,6,0,1502,106,70,6,0,30,4808,3336,0,1472
2005-03-31,VERMONT,VERMONT,SECOND CIRCUIT,436,383,0,0,53,11,9,0,0,2,425,374,0,51
2005-03-31,VIRGIN ISLANDS,VIRGIN ISLANDS,THIRD CIRCUIT,15,9,2,0,4,2,0,2,0,0,13,9,0,4
2005-03-31,VIRGINIA EASTERN,VIRGINIA,FOURTH CIRCUIT,6839,4713,19,0,2107,67,45,16,0,6,6772,4668,3,2101
2005-03-31,VIRGINIA WESTERN,VIRGINIA,FOURTH CIRCUIT,3014,2378,6,1,628,44,37,4,1,1,2970,2341,2,627
2005-03-31,WASHINGTON EASTERN,WASHINGTON,NINTH CIRCUIT,2635,2170,10,0,455,66,49,9,0,8,2569,2121,1,447
2005-03-31,WASHINGTON WESTERN,WASHINGTON,NINTH CIRCUIT,7102,5817,30,0,1255,98,70,18,0,10,7004,5747,12,1245
2005-03-31,WEST VIRGINIA NORTHERN,WEST VIRGINIA,FOURTH CIRCUIT,1399,1316,4,0,79,40,32,4,0,4,1359,1284,0,75
2005-03-31,WEST VIRGINIA SOUTHERN,WEST VIRGINIA,FOURTH CIRCUIT,1883,1817,3,0,63,15,13,2,0,0,1868,1804,1,63
2005-03-31,WISCONSIN EASTERN,WISCONSIN,SEVENTH CIRCUIT,4552,3782,4,0,766,56,49,4,0,3,4496,3733,0,763
2005-03-31,WISCONSIN WESTERN,WISCONSIN,SEVENTH CIRCUIT,2330,2056,7,4,263,123,102,7,4,10,2207,1954,0,253
2005-03-31,WYOMING,WYOMING,TENTH CIRCUIT,564,526,2,0,36,7,4,2,0,1,557,522,0,35
2005-06-30,ALABAMA MIDDLE,ALABAMA,ELEVENTH CIRCUIT,2206,1143,3,0,1060,11,6,3,0,2,2195,1137,0,1058
2005-06-30,ALABAMA NORTHERN,ALABAMA,ELEVENTH CIRCUIT,6898,3909,15,0,2974,28,17,9,0,2,6870,3892,6,2972
2005-06-30,ALABAMA SOUTHERN,ALABAMA,ELEVENTH CIRCUIT,1809,776,4,0,1029,5,1,3,0,1,1804,775,1,1028
2005-06-30,ALASKA,ALASKA,NINTH CIRCUIT,464,429,4,1,30,19,12,4,1,2,445,417,0,28
2005-06-30,ARIZONA,ARIZONA,NINTH CIRCUIT,9968,8825,46,0,1096,135,84,40,0,10,9833,8741,6,1086
2005-06-30,ARKANSAS EASTERN,ARKANSAS,EIGHTH CIRCUIT,4237,2464,5,1,1767,54,32,3,1,18,4183,2432,2,1749
2005-06-30,ARKANSAS WESTERN,ARKANSAS,EIGHTH CIRCUIT,2510,1758,1,2,749,35,21,1,2,11,2475,1737,0,738
2005-06-30,CALIFORNIA CENTRAL,CALIFORNIA,NINTH CIRCUIT,18125,17028,97,0,998,469,361,88,0,18,17656,16667,9,980
2005-06-30,CALIFORNIA EASTERN,CALIFORNIA,NINTH CIRCUIT,7953,7065,12,2,874,206,154,10,2,40,7747,6911,2,834
2005-06-30,CALIFORNIA NORTHERN,CALIFORNIA,NINTH CIRCUIT,6388,5012,26,0,1350,255,159,25,0,71,6133,4853,1,1279
2005-06-30,CALIFORNIA SOUTHERN,CALIFORNIA,NINTH CIRCUIT,3346,2913,15,0,418,61,44,13,0,4,3285,2869,2,414
2005-06-30,COLORADO,COLORADO,TENTH CIRCUIT,9373,8672,24,1,676,199,168,21,1,9,9174,8504,3,667
2005-06-30,CONNECTICUT,CONNECTICUT,SECOND CIRCUIT,3465,3071,2,0,392,16,13,2,0,1,3449,3058,0,391
2005-06-30,DELAWARE,DELAWARE,THIRD CIRCUIT,939,607,51,0,279,62,9,50,0,1,877,598,1,278
2005-06-30,DISTRICT OF COLUMBIA,DISTRICT OF COLUMBIA,DC CIRCUIT,514,440,8,0,65,16,7,8,0,0,498,433,0,65
2005-06-30,FLORIDA MIDDLE,FLORIDA,ELEVENTH CIRCUIT,15221,12047,76,0,3097,219,137,71,0,10,15002,11910,5,3087
2005-06-30,FLORIDA NORTHERN,FLORIDA,ELEVENTH CIRCUIT,1706,1416,5,0,285,26,20,4,0,2,1680,1396,1,283
2005-06-30,FLORIDA SOUTHERN,FLORIDA,ELEVENTH CIRCUIT,8830,7550,39,0,1239,150,113,33,0,3,8680,7437,6,1236
2005-06-30,GEORGIA MIDDLE,GEORGIA,ELEVENTH CIRCUIT,4066,2000,9,3,2054,35,18,9,3,5,4031,1982,0,2049
2005-06-30,GEORGIA NORTHERN,GEORGIA,ELEVENTH CIRCUIT,11553,7041,30,0,4481,479,315,27,0,136,11074,6726,3,4345
2005-06-30,GEORGIA SOUTHERN,GEORGIA,ELEVENTH CIRCUIT,3554,1060,7,1,2486,32,17,4,1,10,3522,1043,3,2476
2005-06-30,GUAM,GUAM,NINTH CIRCUIT,94,82,2,0,10,5,3,2,0,0,89,79,0,10
2005-06-30,HAWAII,HAWAII,NINTH CIRCUIT,967,871,2,0,93,12,8,2,0,1,955,863,0,92
2005-06-30,IDAHO,IDAHO,NINTH CIRCUIT,2824,2489,6,2,327,37,25,5,2,5,2787,2464,1,322
2005-06-30,ILLINOIS CENTRAL,ILLINOIS,SEVENTH CIRCUIT,4856,4260,4,1,591,37,32,2,1,2,4819,4228,2,589
2005-06-30,ILLINOIS NORTHERN,ILLINOIS,SEVENTH CIRCUIT,16100,12951,67,0,3082,187,126,58,0,3,15913,12825,9,3079
2005-06-30,ILLINOIS SOUTHERN,ILLINOIS,SEVENTH CIRCUIT,2858,2041,4,0,813,14,12,2,0,0,2844,2029,2,813
2005-06-30,INDIANA NORTHERN,INDIANA,SEVENTH CIRCUIT,6442,5539,9,3,890,36,25,7,3,0,6406,5514,2,890
2005-06-30,INDIANA SOUTHERN,INDIANA,SEVENTH CIRCUIT,9973,7924,17,0,2032,118,95,17,0,6,9855,7829,0,2026
2005-06-30,IOWA NORTHERN,IOWA,EIGHTH CIRCUIT,1751,1678,3,2,68,82,73,3,2,4,1669,1605,0,64
2005-06-30,IOWA SOUTHERN,IOWA,EIGHTH CIRCUIT,2651,2486,1,0,164,37,32,1,0,4,2614,2454,0,160
2005-06-30,KANSAS,KANSAS,TENTH CIRCUIT,5456,4535,5,8,908,94,72,2,8,12,5362,4463,3,896
2005-06-30,KENTUCKY EASTERN,KENTUCKY,SIXTH CIRCUIT,3973,3436,5,2,530,40,31,5,2,2,3933,3405,0,528
2005-06-30,KENTUCKY WESTERN,KENTUCKY,SIXTH CIRCUIT,4416,3525,5,1,885,31,23,5,1,2,4385,3502,0,883
2005-06-30,LOUISIANA EASTERN,LOUISIANA,FIFTH CIRCUIT,3172,2344,15,1,812,39,26,12,1,0,3133,2318,3,812
2005-06-30,LOUISIANA MIDDLE,LOUISIANA,FIFTH CIRCUIT,1229,928,6,1,294,11,5,4,1,1,1218,923,2,293
2005-06-30,LOUISIANA WESTERN,LOUISIANA,FIFTH CIRCUIT,4485,2563,10,3,1908,141,68,9,3,60,4344,2495,1,1848
2005-06-30,MAINE,MAINE,FIRST CIRCUIT,1494,1393,5,1,95,28,20,5,1,2,1466,1373,0,93
2005-06-30,MARYLAND,MARYLAND,FOURTH CIRCUIT,7595,5829,23,0,1743,159,113,20,0,26,7436,5716,3,1717
2005-06-30,MASSACHUSETTS,MASSACHUSETTS,FIRST CIRCUIT,6032,5333,22,0,677,104,77,20,0,7,5928,5256,2,670
2005-06-30,MICHIGAN EASTERN,MICHIGAN,SIXTH CIRCUIT,14054,11041,77,2,2934,128,50,74,2,2,13926,10991,3,2932
2005-06-30,MICHIGAN WESTERN,MICHIGAN,SIXTH CIRCUIT,5098,4416,8,5,669,87,66,8,5,8,5011,4350,0,661
2005-06-30,MINNESOTA,MINNESOTA,EIGHTH CIRCUIT,5692,4799,9,2,882,403,331,8,2,62,5289,4468,1,820
2005-06-30,MISSISSIPPI NORTHERN,MISSISSIPPI,FIFTH CIRCUIT,2307,1654,6,5,642,24,13,6,5,0,2283,1641,0,642
2005-06-30,MISSISSIPPI SOUTHERN,MISSISSIPPI,FIFTH CIRCUIT,3480,2411,9,1,1059,30,19,5,1,5,3450,2392,4,1054
2005-06-30,MISSOURI EASTERN,MISSOURI,EIGHTH CIRCUIT,5942,4654,2,0,1286,38,35,1,0,2,5904,4619,1,1284
2005-06-30,MISSOURI WESTERN,MISSOURI,EIGHTH CIRCUIT,5413,4613,11,0,789,59,41,10,0,8,5354,4572,1,781
2005-06-30,MONTANA,MONTANA,NINTH CIRCUIT,1446,1311,5,2,128,32,24,4,2,2,1414,1287,1,126
2005-06-30,NEBRASKA,NEBRASKA,EIGHTH CIRCUIT,2813,2275,5,11,522,81,60,4,11,6,2732,2215,1,516
2005-06-30,NEVADA,NEVADA,NINTH CIRCUIT,5240,4301,23,0,916,68,42,22,0,4,5172,4259,1,912
2005-06-30,NEW HAMPSHIRE,NEW HAMPSHIRE,FIRST CIRCUIT,1367,1247,4,0,116,124,112,3,0,9,1243,1135,1,107
2005-06-30,NEW JERSEY,NEW JERSEY,THIRD CIRCUIT,11531,8468,86,0,2977,196,105,74,0,17,11335,8363,12,2960
2005-06-30,NEW MEXICO,NEW MEXICO,TENTH CIRCUIT,2896,2745,9,3,139,202,178,9,3,12,2694,2567,0,127
2005-06-30,NEW YORK EASTERN,NEW YORK,SECOND CIRCUIT,8383,7488,33,0,862,58,29,29,0,0,8325,7459,4,862
2005-06-30,NEW YORK NORTHERN,NEW YORK,SECOND CIRCUIT,5629,4373,8,2,1246,70,50,6,2,12,5559,4323,2,1234
2005-06-30,NEW YORK SOUTHERN,NEW YORK,SECOND CIRCUIT,5989,5463,61,0,454,103,37,53,0,2,5886,5426,8,452
2005-06-30,NEW YORK WESTERN,NEW YORK,SECOND CIRCUIT,5141,4143,10,2,986,90,68,9,2,11,5051,4075,1,975
2005-06-30,NORTH CAROLINA EASTERN,NORTH CAROLINA,FOURTH CIRCUIT,3983,2341,15,1,1626,46,29,14,1,2,3937,2312,1,1624
2005-06-30,NORTH CAROLINA MIDDLE,NORTH CAROLINA,FOURTH CIRCUIT,2979,1691,2,0,1286,79,55,2,0,22,2900,1636,0,1264
2005-06-30,NORTH CAROLINA WESTERN,NORTH CAROLINA,FOURTH CIRCUIT,2952,1977,17,0,958,26,9,17,0,0,2926,1968,0,958
2005-06-30,NORTH DAKOTA,NORTH DAKOTA,EIGHTH CIRCUIT,719,680,0,4,35,13,8,0,4,1,706,672,0,34
2005-06-30,NORTHERN MARIANAS,NORTHERN MARIANA ISLANDS,NINTH CIRCUIT,7,6,0,0,1,0,0,0,0,0,7,6,0,1
2005-06-30,OHIO NORTHERN,OHIO,SIXTH CIRCUIT,15643,13421,20,2,2200,282,219,18,2,43,15361,13202,2,2157
2005-06-30,OHIO SOUTHERN,OHIO,SIXTH CIRCUIT,13243,10413,24,0,2806,155,100,24,0,31,13088,10313,0,2775
2005-06-30,OKLAHOMA EASTERN,OKLAHOMA,TENTH CIRCUIT,1558,1441,0,1,114,24,20,0,1,1,1534,1421,0,113
2005-06-30,OKLAHOMA NORTHERN,OKLAHOMA,TENTH CIRCUIT,2363,2195,3,0,165,66,59,3,0,4,2297,2136,0,161
2005-06-30,OKLAHOMA WESTERN,OKLAHOMA,TENTH CIRCUIT,4441,3937,7,1,496,117,99,7,1,10,4324,3838,0,486
2005-06-30,OREGON,OREGON,NINTH CIRCUIT,7527,6524,3,2,998,227,170,3,2,52,7300,6354,0,946
2005-06-30,PENNSYLVANIA EASTERN,PENNSYLVANIA,THIRD CIRCUIT,6711,4484,18,0,2209,83,59,13,0,11,6628,4425,5,2198
2005-06-30,PENNSYLVANIA MIDDLE,PENNSYLVANIA,THIRD CIRCUIT,4457,3455,17,0,985,83,53,16,0,14,4374,3402,1,971
2005-06-30,PENNSYLVANIA WESTERN,PENNSYLVANIA,THIRD CIRCUIT,6651,5574,42,0,1035,122,76,33,0,13,6529,5498,9,1022
2005-06-30,PUERTO RICO,PUERTO RICO,FIRST CIRCUIT,3203,925,34,3,2241,115,41,32,3,39,3088,884,2,2202
2005-06-30,RHODE ISLAND,RHODE ISLAND,FIRST CIRCUIT,1408,1339,1,1,67,20,17,1,1,1,1388,1322,0,66
2005-06-30,SOUTH CAROLINA,SOUTH CAROLINA,FOURTH CIRCUIT,3733,1795,12,0,1926,47,32,11,0,4,3686,1763,1,1922
2005-06-30,SOUTH DAKOTA,SOUTH DAKOTA,EIGHTH CIRCUIT,886,820,3,2,61,48,38,3,2,5,838,782,0,56
2005-06-30,TENNESSEE EASTERN,TENNESSEE,SIXTH CIRCUIT,5116,3552,13,1,1550,35,23,11,1,0,5081,3529,2,1550
2005-06-30,TENNESSEE MIDDLE,TENNESSEE,SIXTH CIRCUIT,3992,2495,32,1,1464,49,22,21,1,5,3943,2473,11,1459
2005-06-30,TENNESSEE WESTERN,TENNESSEE,SIXTH CIRCUIT,6485,2169,11,0,4305,35,24,8,0,3,6450,2145,3,4302
2005-06-30,TEXAS EASTERN,TEXAS,FIFTH CIRCUIT,3828,2633,18,1,1176,111,79,14,1,17,3717,2554,4,1159
2005-06-30,TEXAS NORTHERN,TEXAS,FIFTH CIRCUIT,9040,5330,44,4,3661,293,194,42,4,52,8747,5136,2,3609
2005-06-30,TEXAS SOUTHERN,TEXAS,FIFTH CIRCUIT,8096,5202,53,0,2841,198,128,51,0,19,7898,5074,2,2822
2005-06-30,TEXAS WESTERN,TEXAS,FIFTH CIRCUIT,6005,4147,25,0,1833,192,130,22,0,40,5813,4017,3,1793
2005-06-30,UTAH,UTAH,TENTH CIRCUIT,5491,4080,15,1,1395,100,63,13,1,23,5391,4017,2,1372
2005-06-30,VERMONT,VERMONT,SECOND CIRCUIT,545,475,1,0,69,17,14,0,0,3,528,461,1,66
2005-06-30,VIRGIN ISLANDS,VIRGIN ISLANDS,THIRD CIRCUIT,11,5,1,0,5,1,0,1,0,0,10,5,0,5
2005-06-30,VIRGINIA EASTERN,VIRGINIA,FOURTH CIRCUIT,7018,5016,20,1,1981,68,46,17,1,4,6950,4970,3,1977
2005-06-30,VIRGINIA WESTERN,VIRGINIA,FOURTH CIRCUIT,3108,2439,6,3,660,40,28,6,3,3,3068,2411,0,657
2005-06-30,WASHINGTON EASTERN,WASHINGTON,NINTH CIRCUIT,2693,2236,6,2,449,66,53,6,2,5,2627,2183,0,444
2005-06-30,WASHINGTON WESTERN,WASHINGTON,NINTH CIRCUIT,7638,6415,19,3,1201,122,92,13,3,14,7516,6323,6,1187
2005-06-30,WEST VIRGINIA NORTHERN,WEST VIRGINIA,FOURTH CIRCUIT,1486,1413,6,0,67,45,36,6,0,3,1441,1377,0,64
2005-06-30,WEST VIRGINIA SOUTHERN,WEST VIRGINIA,FOURTH CIRCUIT,2228,2154,9,2,63,27,18,5,2,2,2201,2136,4,61
2005-06-30,WISCONSIN EASTERN,WISCONSIN,SEVENTH CIRCUIT,6500,5539,7,0,954,63,52,6,0,5,6437,5487,1,949
2005-06-30,WISCONSIN WESTERN,WISCONSIN,SEVENTH CIRCUIT,2888,2587,11,2,288,186,160,8,2,16,2702,2427,3,272
2005-06-30,WYOMING,WYOMING,TENTH CIRCUIT,787,741,3,0,43,18,12,3,0,3,769,729,0,40
2005-09-30,ALABAMA MIDDLE,ALABAMA,ELEVENTH CIRCUIT,2605,1401,6,0,1198,18,10,6,0,2,2587,1391,0,1196
2005-09-30,ALABAMA NORTHERN,ALABAMA,ELEVENTH CIRCUIT,8195,4793,18,2,3382,41,28,10,2,1,8154,4765,8,3381
2005-09-30,ALABAMA SOUTHERN,ALABAMA,ELEVENTH CIRCUIT,1884,878,4,0,1002,10,6,3,0,1,1874,872,1,1001
2005-09-30,ALASKA,ALASKA,NINTH CIRCUIT,625,583,1,0,41,17,13,1,0,3,608,570,0,38
2005-09-30,ARIZONA,ARIZONA,NINTH CIRCUIT,11174,10173,37,1,963,110,71,31,1,7,11064,10102,6,956
2005-09-30,ARKANSAS EASTERN,ARKANSAS,EIGHTH CIRCUIT,5351,3106,8,3,2234,77,49,7,3,18,5274,3057,1,2216
2005-09-30,ARKANSAS WESTERN,ARKANSAS,EIGHTH CIRCUIT,2998,2102,4,0,891,32,15,4,0,12,2966,2087,0,879
2005-09-30,CALIFORNIA CENTRAL,CALIFORNIA,NINTH CIRCUIT,21684,20671,49,0,963,404,344,43,0,16,21280,20327,6,947
2005-09-30,CALIFORNIA EASTERN,CALIFORNIA,NINTH CIRCUIT,9419,8522,19,1,877,219,166,15,1,37,9200,8356,4,840
2005-09-30,CALIFORNIA NORTHERN,CALIFORNIA,NINTH CIRCUIT,7923,6415,33,1,1474,254,163,28,1,62,7669,6252,5,1412
2005-09-30,CALIFORNIA SOUTHERN,CALIFORNIA,NINTH CIRCUIT,4332,3883,7,0,442,39,31,6,0,2,4293,3852,1,440
2005-09-30,COLORADO,COLORADO,TENTH CIRCUIT,11810,11029,22,1,758,308,271,22,1,14,11502,10758,0,744
2005-09-30,CONNECTICUT,CONNECTICUT,SECOND CIRCUIT,3789,3344,15,0,423,39,22,10,0,0,3750,3322,5,423
2005-09-30,DELAWARE,DELAWARE,THIRD CIRCUIT,1087,731,51,0,305,62,10,51,0,1,1025,721,0,304
2005-09-30,DISTRICT OF COLUMBIA,DISTRICT OF COLUMBIA,DC CIRCUIT,503,421,3,0,79,8,5,2,0,1,495,416,1,78
2005-09-30,FLORIDA MIDDLE,FLORIDA,ELEVENTH CIRCUIT,16481,13557,36,0,2888,225,173,32,0,20,16256,13384,4,2868
2005-09-30,FLORIDA NORTHERN,FLORIDA,ELEVENTH CIRCUIT,1907,1626,8,0,273,31,22,8,0,1,1876,1604,0,272
2005-09-30,FLORIDA SOUTHERN,FLORIDA,ELEVENTH CIRCUIT,10026,8789,27,0,1208,118,92,23,0,2,9908,8697,4,1206
2005-09-30,GEORGIA MIDDLE,GEORGIA,ELEVENTH CIRCUIT,4714,2395,9,1,2309,38,28,7,1,2,4676,2367,2,2307
2005-09-30,GEORGIA NORTHERN,GEORGIA,ELEVENTH CIRCUIT,13266,8272,71,2,4921,576,378,65,2,131,12690,7894,6,4790
2005-09-30,GEORGIA SOUTHERN,GEORGIA,ELEVENTH CIRCUIT,3818,1082,6,2,2728,26,16,4,2,4,3792,1066,2,2724
2005-09-30,GUAM,GUAM,NINTH CIRCUIT,84,77,0,0,7,2,2,0,0,0,82,75,0,7
2005-09-30,HAWAII,HAWAII,NINTH CIRCUIT,1217,1146,1,0,70,31,30,1,0,0,1186,1116,0,70
2005-09-30,IDAHO,IDAHO,NINTH CIRCUIT,3127,2787,3,3,334,26,17,3,3,3,3101,2770,0,331
2005-09-30,ILLINOIS CENTRAL,ILLINOIS,SEVENTH CIRCUIT,5397,4724,3,4,666,46,33,3,4,6,5351,4691,0,660
2005-09-30,ILLINOIS NORTHERN,ILLINOIS,SEVENTH CIRCUIT,18394,15092,68,0,3234,184,123,58,0,3,18210,14969,10,3231
2005-09-30,ILLINOIS SOUTHERN,ILLINOIS,SEVENTH CIRCUIT,3556,2465,4,1,1086,10,7,2,1,0,3546,2458,2,1086
2005-09-30,INDIANA NORTHERN,INDIANA,SEVENTH CIRCUIT,8109,7019,10,0,1080,44,36,8,0,0,8065,6983,2,1080
2005-09-30,INDIANA SOUTHERN,INDIANA,SEVENTH CIRCUIT,13295,10805,22,4,2464,122,91,16,4,11,13173,10714,6,2453
2005-09-30,IOWA NORTHERN,IOWA,EIGHTH CIRCUIT,1981,1921,2,1,57,66,62,2,1,1,1915,1859,0,56
2005-09-30,IOWA SOUTHERN,IOWA,EIGHTH CIRCUIT,3067,2896,1,0,170,38,35,1,0,2,3029,2861,0,168
2005-09-30,KANSAS,KANSAS,TENTH CIRCUIT,5909,4973,5,4,927,95,70,5,4,16,5814,4903,0,911
2005-09-30,KENTUCKY EASTERN,KENTUCKY,SIXTH CIRCUIT,5168,4529,0,2,637,49,45,0,2,2,5119,4484,0,635
2005-09-30,KENTUCKY WESTERN,KENTUCKY,SIXTH CIRCUIT,5902,4954,21,0,927,53,30,21,0,2,5849,4924,0,925
2005-09-30,LOUISIANA EASTERN,LOUISIANA,FIFTH CIRCUIT,2413,1887,6,0,520,24,19,5,0,0,2389,1868,1,520
2005-09-30,LOUISIANA MIDDLE,LOUISIANA,FIFTH CIRCUIT,1301,1011,3,0,287,9,6,3,0,0,1292,1005,0,287
2005-09-30,LOUISIANA WESTERN,LOUISIANA,FIFTH CIRCUIT,5115,2844,6,4,2261,145,74,5,4,62,4970,2770,1,2199
2005-09-30,MAINE,MAINE,FIRST CIRCUIT,1891,1753,6,0,132,41,29,6,0,6,1850,1724,0,126
2005-09-30,MARYLAND,MARYLAND,FOURTH CIRCUIT,8411,6535,45,0,1831,221,139,36,0,46,8190,6396,9,1785
2005-09-30,MASSACHUSETTS,MASSACHUSETTS,FIRST CIRCUIT,6662,5950,41,0,671,90,49,40,0,1,6572,5901,1,670
2005-09-30,MICHIGAN EASTERN,MICHIGAN,SIXTH CIRCUIT,17166,13720,36,2,3408,164,126,29,2,7,17002,13594,7,3401
2005-09-30,MICHIGAN WESTERN,MICHIGAN,SIXTH CIRCUIT,5879,5117,10,1,751,92,73,9,1,9,5787,5044,1,742
2005-09-30,MINNESOTA,MINNESOTA,EIGHTH CIRCUIT,7098,6100,12,1,985,480,414,12,1,53,6618,5686,0,932
2005-09-30,MISSISSIPPI NORTHERN,MISSISSIPPI,FIFTH CIRCUIT,2438,1732,5,1,700,16,10,5,1,0,2422,1722,0,700
2005-09-30,MISSISSIPPI SOUTHERN,MISSISSIPPI,FIFTH CIRCUIT,3292,2260,8,1,1023,23,12,8,1,2,3269,2248,0,1021
2005-09-30,MISSOURI EASTERN,MISSOURI,EIGHTH CIRCUIT,7249,5658,5,0,1586,39,32,4,0,3,7210,5626,1,1583
2005-09-30,MISSOURI WESTERN,MISSOURI,EIGHTH CIRCUIT,6875,5877,9,0,989,61,51,9,0,1,6814,5826,0,988
2005-09-30,MONTANA,MONTANA,NINTH CIRCUIT,1511,1399,5,0,107,29,21,4,0,4,1482,1378,1,103
2005-09-30,NEBRASKA,NEBRASKA,EIGHTH CIRCUIT,3121,2586,8,2,525,60,49,8,2,1,3061,2537,0,524
2005-09-30,NEVADA,NEVADA,NINTH CIRCUIT,6051,5096,14,0,941,79,59,12,0,8,5972,5037,2,933
2005-09-30,NEW HAMPSHIRE,NEW HAMPSHIRE,FIRST CIRCUIT,1580,1444,14,1,121,158,129,14,1,14,1422,1315,0,107
2005-09-30,NEW JERSEY,NEW JERSEY,THIRD CIRCUIT,11821,8864,58,0,2899,150,88,43,0,19,11671,8776,15,2880
2005-09-30,NEW MEXICO,NEW MEXICO,TENTH CIRCUIT,3233,3041,12,0,180,217,189,9,0,19,3016,2852,3,161
2005-09-30,NEW YORK EASTERN,NEW YORK,SECOND CIRCUIT,9154,8339,53,0,762,92,46,44,0,2,9062,8293,9,760
2005-09-30,NEW YORK NORTHERN,NEW YORK,SECOND CIRCUIT,6300,5078,10,2,1209,67,43,10,2,11,6233,5035,0,1198
2005-09-30,NEW YORK SOUTHERN,NEW YORK,SECOND CIRCUIT,6650,6129,104,1,394,167,41,102,1,1,6483,6088,2,393
2005-09-30,NEW YORK WESTERN,NEW YORK,SECOND CIRCUIT,5431,4398,7,2,1024,90,66,7,2,15,5341,4332,0,1009
2005-09-30,NORTH CAROLINA EASTERN,NORTH CAROLINA,FOURTH CIRCUIT,4559,2696,7,0,1856,53,38,4,0,11,4506,2658,3,1845
2005-09-30,NORTH CAROLINA MIDDLE,NORTH CAROLINA,FOURTH CIRCUIT,3666,2042,2,0,1622,60,48,1,0,11,3606,1994,1,1611
2005-09-30,NORTH CAROLINA WESTERN,NORTH CAROLINA,FOURTH CIRCUIT,3343,2291,7,0,1045,22,15,6,0,1,3321,2276,1,1044
2005-09-30,NORTH DAKOTA,NORTH DAKOTA,EIGHTH CIRCUIT,968,919,0,2,47,24,21,0,2,1,944,898,0,46
2005-09-30,NORTHERN MARIANAS,NORTHERN MARIANA ISLANDS,NINTH CIRCUIT,10,10,0,0,0,0,0,0,0,0,10,10,0,0
2005-09-30,OHIO NORTHERN,OHIO,SIXTH CIRCUIT,19820,17212,21,1,2586,344,283,19,1,41,19476,16929,2,2545
2005-09-30,OHIO SOUTHERN,OHIO,SIXTH CIRCUIT,16405,13381,23,0,3001,194,143,21,0,30,16211,13238,2,2971
2005-09-30,OKLAHOMA EASTERN,OKLAHOMA,TENTH CIRCUIT,1649,1557,1,2,89,19,14,0,2,3,1630,1543,1,86
2005-09-30,OKLAHOMA NORTHERN,OKLAHOMA,TENTH CIRCUIT,2844,2638,5,0,201,100,88,5,0,7,2744,2550,0,194
2005-09-30,OKLAHOMA WESTERN,OKLAHOMA,TENTH CIRCUIT,5596,5049,7,1,539,126,107,5,1,13,5470,4942,2,526
2005-09-30,OREGON,OREGON,NINTH CIRCUIT,8750,7647,7,4,1092,306,221,7,4,74,8444,7426,0,1018
2005-09-30,PENNSYLVANIA EASTERN,PENNSYLVANIA,THIRD CIRCUIT,7094,4867,27,0,2200,87,53,22,0,12,7007,4814,5,2188
2005-09-30,PENNSYLVANIA MIDDLE,PENNSYLVANIA,THIRD CIRCUIT,4970,3849,22,1,1098,109,61,20,1,27,4861,3788,2,1071
2005-09-30,PENNSYLVANIA WESTERN,PENNSYLVANIA,THIRD CIRCUIT,7757,6485,38,2,1232,134,86,28,2,18,7623,6399,10,1214
2005-09-30,PUERTO RICO,PUERTO RICO,FIRST CIRCUIT,3713,1107,27,5,2574,131,39,23,5,64,3582,1068,4,2510
2005-09-30,RHODE ISLAND,RHODE ISLAND,FIRST CIRCUIT,1428,1358,1,0,69,29,27,1,0,1,1399,1331,0,68
2005-09-30,SOUTH CAROLINA,SOUTH CAROLINA,FOURTH CIRCUIT,3935,1860,11,2,2062,42,26,4,2,10,3893,1834,7,2052
2005-09-30,SOUTH DAKOTA,SOUTH DAKOTA,EIGHTH CIRCUIT,1300,1203,1,0,96,41,38,1,0,2,1259,1165,0,94
2005-09-30,TENNESSEE EASTERN,TENNESSEE,SIXTH CIRCUIT,5987,4234,13,0,1740,36,22,11,0,3,5951,4212,2,1737
2005-09-30,TENNESSEE MIDDLE,TENNESSEE,SIXTH CIRCUIT,4471,2887,17,0,1567,35,25,6,0,4,4436,2862,11,1563
2005-09-30,TENNESSEE WESTERN,TENNESSEE,SIXTH CIRCUIT,7630,2705,12,0,4913,37,22,10,0,5,7593,2683,2,4908
2005-09-30,TEXAS EASTERN,TEXAS,FIFTH CIRCUIT,4603,3409,17,1,1176,121,86,16,1,18,4482,3323,1,1158
2005-09-30,TEXAS NORTHERN,TEXAS,FIFTH CIRCUIT,10818,6891,44,3,3879,384,274,41,3,65,10434,6617,3,3814
2005-09-30,TEXAS SOUTHERN,TEXAS,FIFTH CIRCUIT,8896,5981,67,0,2848,233,167,53,0,13,8663,5814,14,2835
2005-09-30,TEXAS WESTERN,TEXAS,FIFTH CIRCUIT,7069,5122,11,1,1934,210,158,10,1,40,6859,4964,1,1894
2005-09-30,UTAH,UTAH,TENTH CIRCUIT,5428,4170,7,0,1251,93,66,7,0,20,5335,4104,0,1231
2005-09-30,VERMONT,VERMONT,SECOND CIRCUIT,614,545,1,2,66,19,11,1,2,5,595,534,0,61
2005-09-30,VIRGIN ISLANDS,VIRGIN ISLANDS,THIRD CIRCUIT,12,8,1,0,3,2,1,1,0,0,10,7,0,3
2005-09-30,VIRGINIA EASTERN,VIRGINIA,FOURTH CIRCUIT,7791,5647,22,0,2122,66,44,18,0,4,7725,5603,4,2118
2005-09-30,VIRGINIA WESTERN,VIRGINIA,FOURTH CIRCUIT,3654,2944,5,0,705,28,24,2,0,2,3626,2920,3,703
2005-09-30,WASHINGTON EASTERN,WASHINGTON,NINTH CIRCUIT,2892,2434,6,2,450,64,50,4,2,8,2828,2384,2,442
2005-09-30,WASHINGTON WESTERN,WASHINGTON,NINTH CIRCUIT,8967,7714,24,1,1228,114,83,19,1,11,8853,7631,5,1217
2005-09-30,WEST VIRGINIA NORTHERN,WEST VIRGINIA,FOURTH CIRCUIT,1830,1748,6,0,76,39,29,5,0,5,1791,1719,1,71
2005-09-30,WEST VIRGINIA SOUTHERN,WEST VIRGINIA,FOURTH CIRCUIT,2938,2820,9,0,109,12,8,4,0,0,2926,2812,5,109
2005-09-30,WISCONSIN EASTERN,WISCONSIN,SEVENTH CIRCUIT,6975,6046,7,1,921,68,53,7,1,7,6907,5993,0,914
2005-09-30,WISCONSIN WESTERN,WISCONSIN,SEVENTH CIRCUIT,3350,3050,7,1,292,139,124,5,1,9,3211,2926,2,283
2005-09-30,WYOMING,WYOMING,TENTH CIRCUIT,831,794,1,0,36,23,18,1,0,4,808,776,0,32
2005-12-31,ALABAMA MIDDLE,ALABAMA,ELEVENTH CIRCUIT,2724,1694,9,0,1021,35,25,8,0,2,2689,1669,1,1019
2005-12-31,ALABAMA NORTHERN,ALABAMA,ELEVENTH CIRCUIT,8379,6051,18,0,2310,64,46,12,0,6,8315,6005,6,2304
2005-12-31,ALABAMA SOUTHERN,ALABAMA,ELEVENTH CIRCUIT,2142,1514,8,0,620,20,15,4,0,1,2122,1499,4,619
2005-12-31,ALASKA,ALASKA,NINTH CIRCUIT,852,801,3,0,48,28,25,3,0,0,824,776,0,48
2005-12-31,ARIZONA,ARIZONA,NINTH CIRCUIT,11647,10757,40,0,850,142,103,31,0,8,11505,10654,9,842
2005-12-31,ARKANSAS EASTERN,ARKANSAS,EIGHTH CIRCUIT,5307,3790,7,3,1507,77,56,6,3,12,5230,3734,1,1495
2005-12-31,ARKANSAS WESTERN,ARKANSAS,EIGHTH CIRCUIT,3555,2858,6,1,690,55,39,5,1,10,3500,2819,1,680
2005-12-31,CALIFORNIA CENTRAL,CALIFORNIA,NINTH CIRCUIT,29576,28472,90,0,1014,738,632,82,0,24,28838,27840,8,990
2005-12-31,CALIFORNIA EASTERN,CALIFORNIA,NINTH CIRCUIT,13142,12204,19,1,918,287,229,18,1,39,12855,11975,1,879
2005-12-31,CALIFORNIA NORTHERN,CALIFORNIA,NINTH CIRCUIT,9983,8327,41,0,1614,369,250,29,0,89,9614,8077,12,1525
2005-12-31,CALIFORNIA SOUTHERN,CALIFORNIA,NINTH CIRCUIT,5245,4821,9,0,415,85,71,8,0,6,5160,4750,1,409
2005-12-31,COLORADO,COLORADO,TENTH CIRCUIT,15139,14391,11,2,735,428,396,9,2,21,14711,13995,2,714
2005-12-31,CONNECTICUT,CONNECTICUT,SECOND CIRCUIT,5107,4685,21,0,401,81,68,13,0,0,5026,4617,8,401
2005-12-31,DELAWARE,DELAWARE,THIRD CIRCUIT,1441,1132,23,0,286,32,8,23,0,1,1409,1124,0,285
2005-12-31,DISTRICT OF COLUMBIA,DISTRICT OF COLUMBIA,DC CIRCUIT,924,860,2,0,62,12,11,1,0,0,912,849,1,62
2005-12-31,FLORIDA MIDDLE,FLORIDA,ELEVENTH CIRCUIT,19748,17001,54,1,2691,330,255,49,1,24,19418,16746,5,2667
2005-12-31,FLORIDA NORTHERN,FLORIDA,ELEVENTH CIRCUIT,2157,1914,4,0,239,39,32,3,0,4,2118,1882,1,235
2005-12-31,FLORIDA SOUTHERN,FLORIDA,ELEVENTH CIRCUIT,11843,10593,43,0,1207,196,146,39,0,11,11647,10447,4,1196
2005-12-31,GEORGIA MIDDLE,GEORGIA,ELEVENTH CIRCUIT,3806,2284,8,1,1513,49,33,6,1,9,3757,2251,2,1504
2005-12-31,GEORGIA NORTHERN,GEORGIA,ELEVENTH CIRCUIT,14700,10691,46,0,3963,425,315,44,0,66,14275,10376,2,3897
2005-12-31,GEORGIA SOUTHERN,GEORGIA,ELEVENTH CIRCUIT,2842,1038,6,3,1795,36,20,4,3,9,2806,1018,2,1786
2005-12-31,GUAM,GUAM,NINTH CIRCUIT,126,116,0,0,10,3,3,0,0,0,123,113,0,10
2005-12-31,HAWAII,HAWAII,NINTH CIRCUIT,1522,1418,3,0,101,22,18,3,0,1,1500,1400,0,100
2005-12-31,IDAHO,IDAHO,NINTH CIRCUIT,3735,3392,4,2,337,45,35,2,2,6,3690,3357,2,331
2005-12-31,ILLINOIS CENTRAL,ILLINOIS,SEVENTH CIRCUIT,7014,6368,12,2,632,73,58,10,2,3,6941,6310,2,629
2005-12-31,ILLINOIS NORTHERN,ILLINOIS,SEVENTH CIRCUIT,24334,21589,58,1,2685,274,208,54,1,10,24060,21381,4,2675
2005-12-31,ILLINOIS SOUTHERN,ILLINOIS,SEVENTH CIRCUIT,3802,3030,3,1,768,11,7,3,1,0,3791,3023,0,768
2005-12-31,INDIANA NORTHERN,INDIANA,SEVENTH CIRCUIT,11777,10565,13,2,1197,77,62,8,2,5,11700,10503,5,1192
2005-12-31,INDIANA SOUTHERN,INDIANA,SEVENTH CIRCUIT,16241,14063,16,0,2162,201,164,14,0,23,16040,13899,2,2139
2005-12-31,IOWA NORTHERN,IOWA,EIGHTH CIRCUIT,2272,2174,1,0,97,97,95,1,0,1,2175,2079,0,96
2005-12-31,IOWA SOUTHERN,IOWA,EIGHTH CIRCUIT,3358,3183,2,1,172,56,50,2,1,3,3302,3133,0,169
2005-12-31,KANSAS,KANSAS,TENTH CIRCUIT,7513,6659,4,2,848,140,106,4,2,28,7373,6553,0,820
2005-12-31,KENTUCKY EASTERN,KENTUCKY,SIXTH CIRCUIT,6514,5930,3,0,581,76,70,3,0,3,6438,5860,0,578
2005-12-31,KENTUCKY WESTERN,KENTUCKY,SIXTH CIRCUIT,7078,6256,8,0,814,73,62,8,0,3,7005,6194,0,811
2005-12-31,LOUISIANA EASTERN,LOUISIANA,FIFTH CIRCUIT,3746,3534,9,0,203,55,47,8,0,0,3691,3487,1,203
2005-12-31,LOUISIANA MIDDLE,LOUISIANA,FIFTH CIRCUIT,1874,1711,5,0,158,13,10,3,0,0,1861,1701,2,158
2005-12-31,LOUISIANA WESTERN,LOUISIANA,FIFTH CIRCUIT,5850,3945,12,7,1886,104,67,10,7,20,5746,3878,2,1866
2005-12-31,MAINE,MAINE,FIRST CIRCUIT,2169,2050,5,0,114,48,36,5,0,7,2121,2014,0,107
2005-12-31,MARYLAND,MARYLAND,FOURTH CIRCUIT,11832,10101,37,0,1694,242,173,32,0,37,11590,9928,5,1657
2005-12-31,MASSACHUSETTS,MASSACHUSETTS,FIRST CIRCUIT,9421,8522,34,0,865,110,81,29,0,0,9311,8441,5,865
2005-12-31,MICHIGAN EASTERN,MICHIGAN,SIXTH CIRCUIT,21433,18622,45,2,2764,248,203,32,2,11,21185,18419,13,2753
2005-12-31,MICHIGAN WESTERN,MICHIGAN,SIXTH CIRCUIT,7886,7173,17,0,696,147,122,14,0,11,7739,7051,3,685
2005-12-31,MINNESOTA,MINNESOTA,EIGHTH CIRCUIT,8158,7326,6,0,826,497,453,6,0,38,7661,6873,0,788
2005-12-31,MISSISSIPPI NORTHERN,MISSISSIPPI,FIFTH CIRCUIT,2838,2306,11,2,519,26,12,11,2,1,2812,2294,0,518
2005-12-31,MISSISSIPPI SOUTHERN,MISSISSIPPI,FIFTH CIRCUIT,3912,3373,8,0,531,35,29,6,0,0,3877,3344,2,531
2005-12-31,MISSOURI EASTERN,MISSOURI,EIGHTH CIRCUIT,8699,7589,10,0,1100,71,55,9,0,7,8628,7534,1,1093
2005-12-31,MISSOURI WESTERN,MISSOURI,EIGHTH CIRCUIT,8775,7789,7,0,979,85,71,7,0,7,8690,7718,0,972
2005-12-31,MONTANA,MONTANA,NINTH CIRCUIT,1842,1696,5,5,136,35,21,5,5,4,1807,1675,0,132
2005-12-31,NEBRASKA,NEBRASKA,EIGHTH CIRCUIT,3749,3201,7,4,536,85,66,5,4,9,3664,3135,2,527
2005-12-31,NEVADA,NEVADA,NINTH CIRCUIT,8875,7916,18,0,941,78,54,17,0,7,8797,7862,1,934
2005-12-31,NEW HAMPSHIRE,NEW HAMPSHIRE,FIRST CIRCUIT,1872,1689,4,0,179,187,161,3,0,23,1685,1528,1,156
2005-12-31,NEW JERSEY,NEW JERSEY,THIRD CIRCUIT,15923,12722,54,0,3147,250,195,43,0,12,15673,12527,11,3135
2005-12-31,NEW MEXICO,NEW MEXICO,TENTH CIRCUIT,3763,3595,13,1,154,238,212,11,1,14,3525,3383,2,140
2005-12-31,NEW YORK EASTERN,NEW YORK,SECOND CIRCUIT,12254,11442,44,0,768,124,86,36,0,2,12130,11356,8,766
2005-12-31,NEW YORK NORTHERN,NEW YORK,SECOND CIRCUIT,7720,6460,13,2,1245,120,91,12,2,15,7600,6369,1,1230
2005-12-31,NEW YORK SOUTHERN,NEW YORK,SECOND CIRCUIT,9329,8486,428,0,411,502,85,412,0,1,8827,8401,16,410
2005-12-31,NEW YORK WESTERN,NEW YORK,SECOND CIRCUIT,7422,6293,10,0,1119,160,130,10,0,20,7262,6163,0,1099
2005-12-31,NORTH CAROLINA EASTERN,NORTH CAROLINA,FOURTH CIRCUIT,4609,3071,8,1,1529,76,51,8,1,16,4533,3020,0,1513
2005-12-31,NORTH CAROLINA MIDDLE,NORTH CAROLINA,FOURTH CIRCUIT,3463,2408,2,0,1053,62,56,2,0,4,3401,2352,0,1049
2005-12-31,NORTH CAROLINA WESTERN,NORTH CAROLINA,FOURTH CIRCUIT,3914,3009,9,0,896,20,13,6,0,1,3894,2996,3,895
2005-12-31,NORTH DAKOTA,NORTH DAKOTA,EIGHTH CIRCUIT,1200,1145,0,2,53,32,29,0,2,1,1168,1116,0,52
2005-12-31,NORTHERN MARIANAS,NORTHERN MARIANA ISLANDS,NINTH CIRCUIT,12,12,0,0,0,1,1,0,0,0,11,11,0,0
2005-12-31,OHIO NORTHERN,OHIO,SIXTH CIRCUIT,26896,24386,29,2,2479,446,358,25,2,61,26450,24028,4,2418
2005-12-31,OHIO SOUTHERN,OHIO,SIXTH CIRCUIT,20619,17642,20,0,2957,299,246,18,0,35,20320,17396,2,2922
2005-12-31,OKLAHOMA EASTERN,OKLAHOMA,TENTH CIRCUIT,2662,2559,4,0,99,48,41,4,0,3,2614,2518,0,96
2005-12-31,OKLAHOMA NORTHERN,OKLAHOMA,TENTH CIRCUIT,3873,3732,2,0,139,130,118,2,0,10,3743,3614,0,129
2005-12-31,OKLAHOMA WESTERN,OKLAHOMA,TENTH CIRCUIT,7767,7294,7,2,464,134,117,6,2,9,7633,7177,1,455
2005-12-31,OREGON,OREGON,NINTH CIRCUIT,10516,9334,3,2,1177,402,288,3,2,109,10114,9046,0,1068
2005-12-31,PENNSYLVANIA EASTERN,PENNSYLVANIA,THIRD CIRCUIT,9170,7220,27,0,1921,125,88,22,0,15,9045,7132,5,1906
2005-12-31,PENNSYLVANIA MIDDLE,PENNSYLVANIA,THIRD CIRCUIT,6235,5053,9,1,1172,112,70,9,1,32,6123,4983,0,1140
2005-12-31,PENNSYLVANIA WESTERN,PENNSYLVANIA,THIRD CIRCUIT,10283,9008,45,1,1229,197,143,37,1,16,10086,8865,8,1213
2005-12-31,PUERTO RICO,PUERTO RICO,FIRST CIRCUIT,3413,1185,44,7,2177,155,60,32,7,56,3258,1125,12,2121
2005-12-31,RHODE ISLAND,RHODE ISLAND,FIRST CIRCUIT,1915,1810,4,1,100,60,53,4,1,2,1855,1757,0,98
2005-12-31,SOUTH CAROLINA,SOUTH CAROLINA,FOURTH CIRCUIT,4098,2228,13,0,1857,56,44,8,0,4,4042,2184,5,1853
2005-12-31,SOUTH DAKOTA,SOUTH DAKOTA,EIGHTH CIRCUIT,1251,1152,0,1,98,67,56,0,1,10,1184,1096,0,88
2005-12-31,TENNESSEE EASTERN,TENNESSEE,SIXTH CIRCUIT,6284,5043,10,1,1230,73,59,7,1,6,6211,4984,3,1224
2005-12-31,TENNESSEE MIDDLE,TENNESSEE,SIXTH CIRCUIT,3862,2751,27,2,1082,56,31,21,2,2,3806,2720,6,1080
2005-12-31,TENNESSEE WESTERN,TENNESSEE,SIXTH CIRCUIT,6704,3470,20,0,3214,65,40,16,0,9,6639,3430,4,3205
2005-12-31,TEXAS EASTERN,TEXAS,FIFTH CIRCUIT,5255,4342,10,0,903,140,114,6,0,20,5115,4228,4,883
2005-12-31,TEXAS NORTHERN,TEXAS,FIFTH CIRCUIT,12958,9665,52,3,3237,423,315,49,3,55,12535,9350,3,3182
2005-12-31,TEXAS SOUTHERN,TEXAS,FIFTH CIRCUIT,12561,9890,86,2,2583,303,212,73,2,16,12258,9678,13,2567
2005-12-31,TEXAS WESTERN,TEXAS,FIFTH CIRCUIT,8543,7015,19,1,1508,268,213,18,1,36,8275,6802,1,1472
2005-12-31,UTAH,UTAH,TENTH CIRCUIT,6039,5041,10,0,988,145,111,8,0,26,5894,4930,2,962
2005-12-31,VERMONT,VERMONT,SECOND CIRCUIT,1027,911,0,0,116,31,24,0,0,7,996,887,0,109
2005-12-31,VIRGIN ISLANDS,VIRGIN ISLANDS,THIRD CIRCUIT,26,21,2,0,3,2,0,2,0,0,24,21,0,3
2005-12-31,VIRGINIA EASTERN,VIRGINIA,FOURTH CIRCUIT,9857,8090,28,3,1736,110,79,23,3,5,9747,8011,5,1731
2005-12-31,VIRGINIA WESTERN,VIRGINIA,FOURTH CIRCUIT,3816,3078,10,0,728,48,36,10,0,2,3768,3042,0,726
2005-12-31,WASHINGTON EASTERN,WASHINGTON,NINTH CIRCUIT,3356,2925,4,5,422,83,60,3,5,15,3273,2865,1,407
2005-12-31,WASHINGTON WESTERN,WASHINGTON,NINTH CIRCUIT,11644,10214,28,1,1400,170,125,17,1,26,11474,10089,11,1374
2005-12-31,WEST VIRGINIA NORTHERN,WEST VIRGINIA,FOURTH CIRCUIT,2185,2103,2,0,80,74,66,2,0,6,2111,2037,0,74
2005-12-31,WEST VIRGINIA SOUTHERN,WEST VIRGINIA,FOURTH CIRCUIT,3807,3690,11,1,105,31,23,7,1,0,3776,3667,4,105
2005-12-31,WISCONSIN EASTERN,WISCONSIN,SEVENTH CIRCUIT,7478,6786,2,1,689,90,80,2,1,7,7388,6706,0,682
2005-12-31,WISCONSIN WESTERN,WISCONSIN,SEVENTH CIRCUIT,4161,3871,8,1,281,92,78,5,1,8,4069,3793,3,273
2005-12-31,WYOMING,WYOMING,TENTH CIRCUIT,1085,1039,3,0,43,36,30,2,0,4,1049,1009,1,39
2006-03-31,ALABAMA MIDDLE,ALABAMA,ELEVENTH CIRCUIT,799,260,6,0,533,8,2,6,0,0,791,258,0,533
2006-03-31,ALABAMA NORTHERN,ALABAMA,ELEVENTH CIRCUIT,2470,995,6,0,1469,24,12,4,0,8,2446,983,2,1461
2006-03-31,ALABAMA SOUTHERN,ALABAMA,ELEVENTH CIRCUIT,418,150,2,0,266,2,1,0,0,1,416,149,2,265
2006-03-31,ALASKA,ALASKA,NINTH CIRCUIT,95,84,0,0,11,4,3,0,0,1,91,81,0,10
2006-03-31,ARIZONA,ARIZONA,NINTH CIRCUIT,1499,1200,40,0,259,69,30,36,0,3,1430,1170,4,256
2006-03-31,ARKANSAS EASTERN,ARKANSAS,EIGHTH CIRCUIT,1200,548,6,2,644,44,26,6,2,10,1156,522,0,634
2006-03-31,ARKANSAS WESTERN,ARKANSAS,EIGHTH CIRCUIT,586,258,1,2,324,11,5,1,2,2,575,253,0,322
2006-03-31,CALIFORNIA CENTRAL,CALIFORNIA,NINTH CIRCUIT,2938,2307,67,0,564,210,142,61,0,7,2728,2165,6,557
2006-03-31,CALIFORNIA EASTERN,CALIFORNIA,NINTH CIRCUIT,1534,1101,11,1,421,61,36,10,1,14,1473,1065,1,407
2006-03-31,CALIFORNIA NORTHERN,CALIFORNIA,NINTH CIRCUIT,1367,782,17,0,567,91,53,14,0,23,1276,729,3,544
2006-03-31,CALIFORNIA SOUTHERN,CALIFORNIA,NINTH CIRCUIT,704,506,9,0,189,43,31,8,0,4,661,475,1,185
2006-03-31,COLORADO,COLORADO,TENTH CIRCUIT,1483,1174,18,0,291,66,44,16,0,6,1417,1130,2,285
2006-03-31,CONNECTICUT,CONNECTICUT,SECOND CIRCUIT,786,510,15,0,261,22,8,13,0,1,764,502,2,260
2006-03-31,DELAWARE,DELAWARE,THIRD CIRCUIT,325,131,61,0,133,72,11,61,0,0,253,120,0,133
2006-03-31,DISTRICT OF COLUMBIA,DISTRICT OF COLUMBIA,DC CIRCUIT,98,58,3,0,37,5,2,3,0,0,93,56,0,37
2006-03-31,FLORIDA MIDDLE,FLORIDA,ELEVENTH CIRCUIT,3055,1698,22,1,1334,98,75,19,1,3,2957,1623,3,1331
2006-03-31,FLORIDA NORTHERN,FLORIDA,ELEVENTH CIRCUIT,385,257,3,0,125,17,14,3,0,0,368,243,0,125
2006-03-31,FLORIDA SOUTHERN,FLORIDA,ELEVENTH CIRCUIT,1393,950,21,0,422,63,45,18,0,0,1330,905,3,422
2006-03-31,GEORGIA MIDDLE,GEORGIA,ELEVENTH CIRCUIT,1614,633,6,1,974,28,14,6,1,7,1586,619,0,967
2006-03-31,GEORGIA NORTHERN,GEORGIA,ELEVENTH CIRCUIT,5102,2210,39,0,2853,173,66,32,0,75,4929,2144,7,2778
2006-03-31,GEORGIA SOUTHERN,GEORGIA,ELEVENTH CIRCUIT,1927,573,9,1,1344,31,16,8,1,6,1896,557,1,1338
2006-03-31,GUAM,GUAM,NINTH CIRCUIT,24,22,0,0,2,1,1,0,0,0,23,21,0,2
2006-03-31,HAWAII,HAWAII,NINTH CIRCUIT,181,156,2,0,23,7,5,2,0,0,174,151,0,23
2006-03-31,IDAHO,IDAHO,NINTH CIRCUIT,526,423,4,2,97,9,4,3,2,0,517,419,1,97
2006-03-31,ILLINOIS CENTRAL,ILLINOIS,SEVENTH CIRCUIT,1189,881,1,2,305,29,23,1,2,3,1160,858,0,302
2006-03-31,ILLINOIS NORTHERN,ILLINOIS,SEVENTH CIRCUIT,4062,2416,27,2,1617,96,67,24,2,3,3966,2349,3,1614
2006-03-31,ILLINOIS SOUTHERN,ILLINOIS,SEVENTH CIRCUIT,906,405,5,0,496,13,9,4,0,0,893,396,1,496
2006-03-31,INDIANA NORTHERN,INDIANA,SEVENTH CIRCUIT,1414,877,8,0,529,26,14,7,0,5,1388,863,1,524
2006-03-31,INDIANA SOUTHERN,INDIANA,SEVENTH CIRCUIT,2404,1430,17,2,955,52,33,15,2,2,2352,1397,2,953
2006-03-31,IOWA NORTHERN,IOWA,EIGHTH CIRCUIT,277,256,2,1,18,19,16,1,1,1,258,240,1,17
2006-03-31,IOWA SOUTHERN,IOWA,EIGHTH CIRCUIT,564,491,1,0,72,19,17,1,0,1,545,474,0,71
2006-03-31,KANSAS,KANSAS,TENTH CIRCUIT,1070,708,5,0,357,29,19,5,0,5,1041,689,0,352
2006-03-31,KENTUCKY EASTERN,KENTUCKY,SIXTH CIRCUIT,897,633,6,0,258,15,7,6,0,2,882,626,0,256
2006-03-31,KENTUCKY WESTERN,KENTUCKY,SIXTH CIRCUIT,1367,826,5,1,535,24,16,5,1,2,1343,810,0,533
2006-03-31,LOUISIANA EASTERN,LOUISIANA,FIFTH CIRCUIT,340,232,53,0,55,60,7,53,0,0,280,225,0,55
2006-03-31,LOUISIANA MIDDLE,LOUISIANA,FIFTH CIRCUIT,186,118,4,0,64,4,0,4,0,0,182,118,0,64
2006-03-31,LOUISIANA WESTERN,LOUISIANA,FIFTH CIRCUIT,1532,559,7,3,963,55,12,6,3,34,1477,547,1,929
2006-03-31,MAINE,MAINE,FIRST CIRCUIT,227,173,2,1,51,22,13,2,1,6,205,160,0,45
2006-03-31,MARYLAND,MARYLAND,FOURTH CIRCUIT,1960,928,20,0,1012,60,28,18,0,14,1900,900,2,998
2006-03-31,MASSACHUSETTS,MASSACHUSETTS,FIRST CIRCUIT,1388,857,18,0,513,55,38,17,0,0,1333,819,1,513
2006-03-31,MICHIGAN EASTERN,MICHIGAN,SIXTH CIRCUIT,5237,3044,26,2,2165,89,58,23,2,6,5148,2986,3,2159
2006-03-31,MICHIGAN WESTERN,MICHIGAN,SIXTH CIRCUIT,1449,1133,7,1,308,42,31,7,1,3,1407,1102,0,305
2006-03-31,MINNESOTA,MINNESOTA,EIGHTH CIRCUIT,1326,958,8,1,359,78,56,7,1,14,1248,902,1,345
2006-03-31,MISSISSIPPI NORTHERN,MISSISSIPPI,FIFTH CIRCUIT,704,352,3,3,346,16,7,3,3,3,688,345,0,343
2006-03-31,MISSISSIPPI SOUTHERN,MISSISSIPPI,FIFTH CIRCUIT,868,530,3,2,333,13,7,3,2,1,855,523,0,332
2006-03-31,MISSOURI EASTERN,MISSOURI,EIGHTH CIRCUIT,1522,841,7,4,670,27,12,5,4,6,1495,829,2,664
2006-03-31,MISSOURI WESTERN,MISSOURI,EIGHTH CIRCUIT,1573,998,6,4,565,30,12,5,4,9,1543,986,1,556
2006-03-31,MONTANA,MONTANA,NINTH CIRCUIT,403,367,4,0,32,12,9,3,0,0,391,358,1,32
2006-03-31,NEBRASKA,NEBRASKA,EIGHTH CIRCUIT,750,495,10,9,236,38,18,9,9,2,712,477,1,234
2006-03-31,NEVADA,NEVADA,NINTH CIRCUIT,888,595,25,0,268,47,19,25,0,3,841,576,0,265
2006-03-31,NEW HAMPSHIRE,NEW HAMPSHIRE,FIRST CIRCUIT,322,220,3,0,99,36,22,3,0,11,286,198,0,88
2006-03-31,NEW JERSEY,NEW JERSEY,THIRD CIRCUIT,2829,1472,47,1,1309,91,45,42,1,3,2738,1427,5,1306
2006-03-31,NEW MEXICO,NEW MEXICO,TENTH CIRCUIT,511,454,4,1,52,19,12,4,1,2,492,442,0,50
2006-03-31,NEW YORK EASTERN,NEW YORK,SECOND CIRCUIT,1646,1049,23,0,574,42,22,19,0,1,1604,1027,4,573
2006-03-31,NEW YORK NORTHERN,NEW YORK,SECOND CIRCUIT,1315,882,6,2,425,34,20,6,2,6,1281,862,0,419
2006-03-31,NEW YORK SOUTHERN,NEW YORK,SECOND CIRCUIT,1116,747,156,0,195,203,28,154,0,3,913,719,2,192
2006-03-31,NEW YORK WESTERN,NEW YORK,SECOND CIRCUIT,1185,711,18,1,455,44,21,17,1,5,1141,690,1,450
2006-03-31,NORTH CAROLINA EASTERN,NORTH CAROLINA,FOURTH CIRCUIT,1470,594,17,2,857,46,22,15,2,7,1424,572,2,850
2006-03-31,NORTH CAROLINA MIDDLE,NORTH CAROLINA,FOURTH CIRCUIT,1183,457,5,1,719,23,11,5,1,5,1160,446,0,714
2006-03-31,NORTH CAROLINA WESTERN,NORTH CAROLINA,FOURTH CIRCUIT,1195,569,12,0,614,30,19,9,0,2,1165,550,3,612
2006-03-31,NORTH DAKOTA,NORTH DAKOTA,EIGHTH CIRCUIT,128,115,0,0,13,4,3,0,0,1,124,112,0,12
2006-03-31,NORTHERN MARIANAS,NORTHERN MARIANA ISLANDS,NINTH CIRCUIT,0,0,0,0,0,0,0,0,0,0,0,0,0,0
2006-03-31,OHIO NORTHERN,OHIO,SIXTH CIRCUIT,2849,1847,14,0,988,96,64,13,0,19,2753,1783,1,969
2006-03-31,OHIO SOUTHERN,OHIO,SIXTH CIRCUIT,3026,1713,14,0,1299,87,59,12,0,16,2939,1654,2,1283
2006-03-31,OKLAHOMA EASTERN,OKLAHOMA,TENTH CIRCUIT,181,146,0,0,35,8,7,0,0,1,173,139,0,34
2006-03-31,OKLAHOMA NORTHERN,OKLAHOMA,TENTH CIRCUIT,386,307,2,0,77,19,15,2,0,2,367,292,0,75
2006-03-31,OKLAHOMA WESTERN,OKLAHOMA,TENTH CIRCUIT,672,430,5,1,236,25,19,3,1,2,647,411,2,234
2006-03-31,OREGON,OREGON,NINTH CIRCUIT,1571,1220,1,1,349,53,33,1,1,18,1518,1187,0,331
2006-03-31,PENNSYLVANIA EASTERN,PENNSYLVANIA,THIRD CIRCUIT,1747,706,13,0,1028,37,24,8,0,5,1710,682,5,1023
2006-03-31,PENNSYLVANIA MIDDLE,PENNSYLVANIA,THIRD CIRCUIT,1022,599,6,3,414,47,26,6,3,12,975,573,0,402
2006-03-31,PENNSYLVANIA WESTERN,PENNSYLVANIA,THIRD CIRCUIT,2102,1203,27,1,871,74,41,24,1,8,2028,1162,3,863
2006-03-31,PUERTO RICO,PUERTO RICO,FIRST CIRCUIT,900,212,10,4,674,39,10,9,4,16,861,202,1,658
2006-03-31,RHODE ISLAND,RHODE ISLAND,FIRST CIRCUIT,301,240,1,0,60,11,8,1,0,2,290,232,0,58
2006-03-31,SOUTH CAROLINA,SOUTH CAROLINA,FOURTH CIRCUIT,1348,303,4,0,1041,13,6,4,0,3,1335,297,0,1038
2006-03-31,SOUTH DAKOTA,SOUTH DAKOTA,EIGHTH CIRCUIT,154,123,1,0,30,6,5,1,0,0,148,118,0,30
2006-03-31,TENNESSEE EASTERN,TENNESSEE,SIXTH CIRCUIT,1780,889,6,2,883,25,15,5,2,3,1755,874,1,880
2006-03-31,TENNESSEE MIDDLE,TENNESSEE,SIXTH CIRCUIT,1604,709,19,3,873,30,15,12,3,0,1574,694,7,873
2006-03-31,TENNESSEE WESTERN,TENNESSEE,SIXTH CIRCUIT,3167,643,15,0,2509,26,8,11,0,7,3141,635,4,2502
2006-03-31,TEXAS EASTERN,TEXAS,FIFTH CIRCUIT,822,414,11,0,396,45,30,11,0,3,777,384,0,393
2006-03-31,TEXAS NORTHERN,TEXAS,FIFTH CIRCUIT,2705,912,167,0,1626,285,88,164,0,33,2420,824,3,1593
2006-03-31,TEXAS SOUTHERN,TEXAS,FIFTH CIRCUIT,2042,837,57,1,1147,107,48,49,1,9,1935,789,8,1138
2006-03-31,TEXAS WESTERN,TEXAS,FIFTH CIRCUIT,1656,801,22,2,830,81,48,20,2,10,1575,753,2,820
2006-03-31,UTAH,UTAH,TENTH CIRCUIT,1072,668,4,0,400,29,21,4,0,4,1043,647,0,396
2006-03-31,VERMONT,VERMONT,SECOND CIRCUIT,133,97,1,0,35,8,5,1,0,2,125,92,0,33
2006-03-31,VIRGIN ISLANDS,VIRGIN ISLANDS,THIRD CIRCUIT,6,2,1,0,3,2,0,1,0,1,4,2,0,2
2006-03-31,VIRGINIA EASTERN,VIRGINIA,FOURTH CIRCUIT,1718,908,18,0,792,42,27,15,0,0,1676,881,3,792
2006-03-31,VIRGINIA WESTERN,VIRGINIA,FOURTH CIRCUIT,880,519,8,1,352,24,14,8,1,1,856,505,0,351
2006-03-31,WASHINGTON EASTERN,WASHINGTON,NINTH CIRCUIT,713,533,3,5,172,31,16,3,5,7,682,517,0,165
2006-03-31,WASHINGTON WESTERN,WASHINGTON,NINTH CIRCUIT,1657,1126,17,1,512,50,24,17,1,7,1607,1102,0,505
2006-03-31,WEST VIRGINIA NORTHERN,WEST VIRGINIA,FOURTH CIRCUIT,258,223,2,0,33,13,10,2,0,1,245,213,0,32
2006-03-31,WEST VIRGINIA SOUTHERN,WEST VIRGINIA,FOURTH CIRCUIT,298,247,10,1,40,16,3,10,1,2,282,244,0,38
2006-03-31,WISCONSIN EASTERN,WISCONSIN,SEVENTH CIRCUIT,1397,924,5,1,467,20,12,5,1,2,1377,912,0,465
2006-03-31,WISCONSIN WESTERN,WISCONSIN,SEVENTH CIRCUIT,570,434,9,1,126,26,17,6,1,2,544,417,3,124
2006-03-31,WYOMING,WYOMING,TENTH CIRCUIT,122,103,0,0,19,10,10,0,0,0,112,93,0,19
2006-06-30,ALABAMA MIDDLE,ALABAMA,ELEVENTH CIRCUIT,1177,367,3,0,807,9,5,2,0,2,1168,362,1,805
2006-06-30,ALABAMA NORTHERN,ALABAMA,ELEVENTH CIRCUIT,3050,1088,20,0,1942,35,16,15,0,4,3015,1072,5,1938
2006-06-30,ALABAMA SOUTHERN,ALABAMA,ELEVENTH CIRCUIT,688,235,3,0,450,6,4,2,0,0,682,231,1,450
2006-06-30,ALASKA,ALASKA,NINTH CIRCUIT,176,146,2,0,28,16,11,2,0,3,160,135,0,25
2006-06-30,ARIZONA,ARIZONA,NINTH CIRCUIT,2329,1990,39,0,299,68,27,36,0,4,2261,1963,3,295
2006-06-30,ARKANSAS EASTERN,ARKANSAS,EIGHTH CIRCUIT,1643,754,3,7,879,48,25,3,7,13,1595,729,0,866
2006-06-30,ARKANSAS WESTERN,ARKANSAS,EIGHTH CIRCUIT,825,427,5,3,390,29,21,4,3,1,796,406,1,389
2006-06-30,CALIFORNIA CENTRAL,CALIFORNIA,NINTH CIRCUIT,4355,3596,71,0,688,240,155,67,0,18,4115,3441,4,670
2006-06-30,CALIFORNIA EASTERN,CALIFORNIA,NINTH CIRCUIT,2286,1684,16,3,583,130,77,14,3,36,2156,1607,2,547
2006-06-30,CALIFORNIA NORTHERN,CALIFORNIA,NINTH CIRCUIT,1973,1238,22,0,713,135,96,13,0,26,1838,1142,9,687
2006-06-30,CALIFORNIA SOUTHERN,CALIFORNIA,NINTH CIRCUIT,1090,865,8,2,215,61,53,5,2,1,1029,812,3,214
2006-06-30,COLORADO,COLORADO,TENTH CIRCUIT,2688,2221,21,1,445,124,95,18,1,10,2564,2126,3,435
2006-06-30,CONNECTICUT,CONNECTICUT,SECOND CIRCUIT,1785,1462,8,0,315,33,22,8,0,3,1752,1440,0,312
2006-06-30,DELAWARE,DELAWARE,THIRD CIRCUIT,387,181,31,0,175,37,6,31,0,0,350,175,0,175
2006-06-30,DISTRICT OF COLUMBIA,DISTRICT OF COLUMBIA,DC CIRCUIT,145,80,1,0,64,8,6,1,0,1,137,74,0,63
2006-06-30,FLORIDA MIDDLE,FLORIDA,ELEVENTH CIRCUIT,3947,2441,33,2,1471,116,77,28,2,9,3831,2364,5,1462
2006-06-30,FLORIDA NORTHERN,FLORIDA,ELEVENTH CIRCUIT,498,356,3,0,139,11,8,3,0,0,487,348,0,139
2006-06-30,FLORIDA SOUTHERN,FLORIDA,ELEVENTH CIRCUIT,2061,1513,31,0,517,97,60,30,0,7,1964,1453,1,510
2006-06-30,GEORGIA MIDDLE,GEORGIA,ELEVENTH CIRCUIT,1849,669,6,7,1167,36,15,5,7,9,1813,654,1,1158
2006-06-30,GEORGIA NORTHERN,GEORGIA,ELEVENTH CIRCUIT,5940,2613,48,0,3279,213,93,40,0,80,5727,2520,8,3199
2006-06-30,GEORGIA SOUTHERN,GEORGIA,ELEVENTH CIRCUIT,1793,386,2,1,1404,28,9,2,1,16,1765,377,0,1388
2006-06-30,GUAM,GUAM,NINTH CIRCUIT,26,26,0,0,0,3,3,0,0,0,23,23,0,0
2006-06-30,HAWAII,HAWAII,NINTH CIRCUIT,274,233,4,0,36,6,3,2,0,0,268,230,2,36
2006-06-30,IDAHO,IDAHO,NINTH CIRCUIT,799,644,8,3,144,21,8,7,3,3,778,636,1,141
2006-06-30,ILLINOIS CENTRAL,ILLINOIS,SEVENTH CIRCUIT,1388,1005,2,4,377,29,18,2,4,5,1359,987,0,372
2006-06-30,ILLINOIS NORTHERN,ILLINOIS,SEVENTH CIRCUIT,5134,3417,33,1,1683,122,84,33,1,4,5012,3333,0,1679
2006-06-30,ILLINOIS SOUTHERN,ILLINOIS,SEVENTH CIRCUIT,1065,492,6,0,567,12,7,5,0,0,1053,485,1,567
2006-06-30,INDIANA NORTHERN,INDIANA,SEVENTH CIRCUIT,2112,1500,9,1,602,27,19,6,1,1,2085,1481,3,601
2006-06-30,INDIANA SOUTHERN,INDIANA,SEVENTH CIRCUIT,3759,2287,27,4,1441,91,52,26,4,9,3668,2235,1,1432
2006-06-30,IOWA NORTHERN,IOWA,EIGHTH CIRCUIT,471,432,1,2,36,33,30,0,2,1,438,402,1,35
2006-06-30,IOWA SOUTHERN,IOWA,EIGHTH CIRCUIT,772,656,2,0,114,23,16,2,0,5,749,640,0,109
2006-06-30,KANSAS,KANSAS,TENTH CIRCUIT,1774,1256,4,3,511,39,28,4,3,4,1735,1228,0,507
2006-06-30,KENTUCKY EASTERN,KENTUCKY,SIXTH CIRCUIT,1277,918,4,0,355,29,23,4,0,2,1248,895,0,353
2006-06-30,KENTUCKY WESTERN,KENTUCKY,SIXTH CIRCUIT,1782,1181,8,1,592,24,12,6,1,5,1758,1169,2,587
2006-06-30,LOUISIANA EASTERN,LOUISIANA,FIFTH CIRCUIT,404,305,6,0,93,22,14,6,0,2,382,291,0,91
2006-06-30,LOUISIANA MIDDLE,LOUISIANA,FIFTH CIRCUIT,328,200,0,0,128,5,5,0,0,0,323,195,0,128
2006-06-30,LOUISIANA WESTERN,LOUISIANA,FIFTH CIRCUIT,2201,788,25,4,1384,109,31,24,4,50,2092,757,1,1334
2006-06-30,MAINE,MAINE,FIRST CIRCUIT,324,264,8,0,52,25,15,8,0,2,299,249,0,50
2006-06-30,MARYLAND,MARYLAND,FOURTH CIRCUIT,2435,1259,17,0,1159,81,47,16,0,18,2354,1212,1,1141
2006-06-30,MASSACHUSETTS,MASSACHUSETTS,FIRST CIRCUIT,2090,1354,38,0,698,66,34,32,0,0,2024,1320,6,698
2006-06-30,MICHIGAN EASTERN,MICHIGAN,SIXTH CIRCUIT,6133,3769,28,2,2332,124,83,26,2,11,6009,3686,2,2321
2006-06-30,MICHIGAN WESTERN,MICHIGAN,SIXTH CIRCUIT,1856,1479,11,3,363,57,36,11,3,7,1799,1443,0,356
2006-06-30,MINNESOTA,MINNESOTA,EIGHTH CIRCUIT,1964,1484,10,1,468,85,66,7,1,10,1879,1418,3,458
2006-06-30,MISSISSIPPI NORTHERN,MISSISSIPPI,FIFTH CIRCUIT,897,445,9,2,441,23,12,9,2,0,874,433,0,441
2006-06-30,MISSISSIPPI SOUTHERN,MISSISSIPPI,FIFTH CIRCUIT,1284,669,7,4,604,28,14,7,4,3,1256,655,0,601
2006-06-30,MISSOURI EASTERN,MISSOURI,EIGHTH CIRCUIT,1937,1282,2,0,653,27,25,1,0,1,1910,1257,1,652
2006-06-30,MISSOURI WESTERN,MISSOURI,EIGHTH CIRCUIT,1994,1391,6,0,597,39,28,6,0,5,1955,1363,0,592
2006-06-30,MONTANA,MONTANA,NINTH CIRCUIT,565,505,4,2,54,10,4,4,2,0,555,501,0,54
2006-06-30,NEBRASKA,NEBRASKA,EIGHTH CIRCUIT,1033,688,4,8,333,45,29,3,8,5,988,659,1,328
2006-06-30,NEVADA,NEVADA,NINTH CIRCUIT,1422,1004,16,0,402,34,18,14,0,2,1388,986,2,400
2006-06-30,NEW HAMPSHIRE,NEW HAMPSHIRE,FIRST CIRCUIT,464,336,4,0,124,52,37,4,0,11,412,299,0,113
2006-06-30,NEW JERSEY,NEW JERSEY,THIRD CIRCUIT,3593,2165,30,0,1398,117,80,27,0,10,3476,2085,3,1388
2006-06-30,NEW MEXICO,NEW MEXICO,TENTH CIRCUIT,636,554,7,0,75,27,19,7,0,1,609,535,0,74
2006-06-30,NEW YORK EASTERN,NEW YORK,SECOND CIRCUIT,2265,1641,35,0,589,61,27,33,0,1,2204,1614,2,588
2006-06-30,NEW YORK NORTHERN,NEW YORK,SECOND CIRCUIT,2080,1364,5,1,710,43,22,5,1,15,2037,1342,0,695
2006-06-30,NEW YORK SOUTHERN,NEW YORK,SECOND CIRCUIT,1534,1206,77,0,245,118,39,72,0,1,1416,1167,5,244
2006-06-30,NEW YORK WESTERN,NEW YORK,SECOND CIRCUIT,1941,1307,5,1,628,53,41,5,1,6,1888,1266,0,622
2006-06-30,NORTH CAROLINA EASTERN,NORTH CAROLINA,FOURTH CIRCUIT,1539,738,12,1,788,35,10,12,1,12,1504,728,0,776
2006-06-30,NORTH CAROLINA MIDDLE,NORTH CAROLINA,FOURTH CIRCUIT,1315,588,3,0,724,41,31,3,0,7,1274,557,0,717
2006-06-30,NORTH CAROLINA WESTERN,NORTH CAROLINA,FOURTH CIRCUIT,1299,662,5,0,632,24,18,4,0,2,1275,644,1,630
2006-06-30,NORTH DAKOTA,NORTH DAKOTA,EIGHTH CIRCUIT,175,146,0,0,29,4,4,0,0,0,171,142,0,29
2006-06-30,NORTHERN MARIANAS,NORTHERN MARIANA ISLANDS,NINTH CIRCUIT,8,8,0,0,0,1,1,0,0,0,7,7,0,0
2006-06-30,OHIO NORTHERN,OHIO,SIXTH CIRCUIT,4693,3248,19,1,1425,146,96,18,1,31,4547,3152,1,1394
2006-06-30,OHIO SOUTHERN,OHIO,SIXTH CIRCUIT,4455,2858,11,0,1586,92,47,11,0,34,4363,2811,0,1552
2006-06-30,OKLAHOMA EASTERN,OKLAHOMA,TENTH CIRCUIT,264,212,0,2,50,7,4,0,2,1,257,208,0,49
2006-06-30,OKLAHOMA NORTHERN,OKLAHOMA,TENTH CIRCUIT,534,454,2,1,77,20,15,2,1,2,514,439,0,75
2006-06-30,OKLAHOMA WESTERN,OKLAHOMA,TENTH CIRCUIT,960,676,0,1,283,16,14,0,1,1,944,662,0,282
2006-06-30,OREGON,OREGON,NINTH CIRCUIT,1999,1562,5,0,432,84,56,5,0,23,1915,1506,0,409
2006-06-30,PENNSYLVANIA EASTERN,PENNSYLVANIA,THIRD CIRCUIT,2029,937,12,0,1080,57,34,11,0,12,1972,903,1,1068
2006-06-30,PENNSYLVANIA MIDDLE,PENNSYLVANIA,THIRD CIRCUIT,1436,866,4,3,563,57,29,4,3,21,1379,837,0,542
2006-06-30,PENNSYLVANIA WESTERN,PENNSYLVANIA,THIRD CIRCUIT,2519,1619,29,1,870,78,40,27,1,10,2441,1579,2,860
2006-06-30,PUERTO RICO,PUERTO RICO,FIRST CIRCUIT,1252,312,18,2,920,53,23,16,2,12,1199,289,2,908
2006-06-30,RHODE ISLAND,RHODE ISLAND,FIRST CIRCUIT,397,326,2,0,69,15,12,2,0,1,382,314,0,68
2006-06-30,SOUTH CAROLINA,SOUTH CAROLINA,FOURTH CIRCUIT,1513,477,11,0,1025,24,16,7,0,1,1489,461,4,1024
2006-06-30,SOUTH DAKOTA,SOUTH DAKOTA,EIGHTH CIRCUIT,263,219,0,0,44,8,7,0,0,1,255,212,0,43
2006-06-30,TENNESSEE EASTERN,TENNESSEE,SIXTH CIRCUIT,2258,1089,5,2,1162,32,20,5,2,5,2226,1069,0,1157
2006-06-30,TENNESSEE MIDDLE,TENNESSEE,SIXTH CIRCUIT,1848,829,21,0,998,33,18,12,0,3,1815,811,9,995
2006-06-30,TENNESSEE WESTERN,TENNESSEE,SIXTH CIRCUIT,3824,768,15,0,3041,34,19,11,0,4,3790,749,4,3037
2006-06-30,TEXAS EASTERN,TEXAS,FIFTH CIRCUIT,1123,612,11,0,500,70,49,11,0,10,1053,563,0,490
2006-06-30,TEXAS NORTHERN,TEXAS,FIFTH CIRCUIT,3107,1208,43,2,1854,170,96,42,2,30,2937,1112,1,1824
2006-06-30,TEXAS SOUTHERN,TEXAS,FIFTH CIRCUIT,2447,1077,40,3,1327,134,84,35,3,12,2313,993,5,1315
2006-06-30,TEXAS WESTERN,TEXAS,FIFTH CIRCUIT,1864,969,21,0,874,110,77,19,0,14,1754,892,2,860
2006-06-30,UTAH,UTAH,TENTH CIRCUIT,1427,958,11,1,457,53,33,10,1,9,1374,925,1,448
2006-06-30,VERMONT,VERMONT,SECOND CIRCUIT,179,135,0,1,43,5,2,0,1,2,174,133,0,41
2006-06-30,VIRGIN ISLANDS,VIRGIN ISLANDS,THIRD CIRCUIT,3,0,3,0,0,2,0,2,0,0,1,0,1,0
2006-06-30,VIRGINIA EASTERN,VIRGINIA,FOURTH CIRCUIT,2002,1077,17,0,908,40,24,14,0,2,1962,1053,3,906
2006-06-30,VIRGINIA WESTERN,VIRGINIA,FOURTH CIRCUIT,1149,705,4,0,440,8,4,4,0,0,1141,701,0,440
2006-06-30,WASHINGTON EASTERN,WASHINGTON,NINTH CIRCUIT,878,662,5,1,210,24,13,5,1,5,854,649,0,205
2006-06-30,WASHINGTON WESTERN,WASHINGTON,NINTH CIRCUIT,2224,1564,22,1,637,67,43,16,1,7,2157,1521,6,630
2006-06-30,WEST VIRGINIA NORTHERN,WEST VIRGINIA,FOURTH CIRCUIT,351,304,2,0,45,22,18,2,0,2,329,286,0,43
2006-06-30,WEST VIRGINIA SOUTHERN,WEST VIRGINIA,FOURTH CIRCUIT,409,357,2,0,50,10,6,2,0,2,399,351,0,48
2006-06-30,WISCONSIN EASTERN,WISCONSIN,SEVENTH CIRCUIT,2266,1643,8,0,615,37,24,7,0,6,2229,1619,1,609
2006-06-30,WISCONSIN WESTERN,WISCONSIN,SEVENTH CIRCUIT,923,760,6,3,154,43,34,4,3,2,880,726,2,152
2006-06-30,WYOMING,WYOMING,TENTH CIRCUIT,203,171,3,0,29,12,9,3,0,0,191,162,0,29
2006-09-30,ALABAMA MIDDLE,ALABAMA,ELEVENTH CIRCUIT,1292,307,1,0,984,15,10,1,0,4,1277,297,0,980
2006-09-30,ALABAMA NORTHERN,ALABAMA,ELEVENTH CIRCUIT,3410,1210,16,1,2183,48,24,16,1,7,3362,1186,0,2176
2006-09-30,ALABAMA SOUTHERN,ALABAMA,ELEVENTH CIRCUIT,875,225,6,0,644,13,6,5,0,2,862,219,1,642
2006-09-30,ALASKA,ALASKA,NINTH CIRCUIT,177,149,2,0,26,11,9,2,0,0,166,140,0,26
2006-09-30,ARIZONA,ARIZONA,NINTH CIRCUIT,1975,1608,31,1,335,60,30,27,1,2,1915,1578,4,333
2006-09-30,ARKANSAS EASTERN,ARKANSAS,EIGHTH CIRCUIT,1745,796,4,3,942,54,34,4,3,13,1691,762,0,929
2006-09-30,ARKANSAS WESTERN,ARKANSAS,EIGHTH CIRCUIT,899,443,2,2,452,22,12,2,2,6,877,431,0,446
2006-09-30,CALIFORNIA CENTRAL,CALIFORNIA,NINTH CIRCUIT,5042,4017,61,3,960,233,170,47,3,12,4809,3847,14,948
2006-09-30,CALIFORNIA EASTERN,CALIFORNIA,NINTH CIRCUIT,2562,1884,13,1,661,98,61,8,1,25,2464,1823,5,636
2006-09-30,CALIFORNIA NORTHERN,CALIFORNIA,NINTH CIRCUIT,2127,1227,27,0,873,109,64,14,0,31,2018,1163,13,842
2006-09-30,CALIFORNIA SOUTHERN,CALIFORNIA,NINTH CIRCUIT,1252,962,14,0,276,65,45,14,0,6,1187,917,0,270
2006-09-30,COLORADO,COLORADO,TENTH CIRCUIT,2892,2393,26,1,472,135,100,25,1,9,2757,2293,1,463
2006-09-30,CONNECTICUT,CONNECTICUT,SECOND CIRCUIT,1216,802,80,0,334,104,26,75,0,3,1112,776,5,331
2006-09-30,DELAWARE,DELAWARE,THIRD CIRCUIT,399,191,58,0,150,68,9,58,0,1,331,182,0,149
2006-09-30,DISTRICT OF COLUMBIA,DISTRICT OF COLUMBIA,DC CIRCUIT,145,80,6,0,59,9,5,4,0,0,136,75,2,59
2006-09-30,FLORIDA MIDDLE,FLORIDA,ELEVENTH CIRCUIT,4259,2641,45,0,1573,176,121,41,0,14,4083,2520,4,1559
2006-09-30,FLORIDA NORTHERN,FLORIDA,ELEVENTH CIRCUIT,597,438,7,0,152,29,22,7,0,0,568,416,0,152
2006-09-30,FLORIDA SOUTHERN,FLORIDA,ELEVENTH CIRCUIT,2107,1576,16,0,515,91,75,13,0,3,2016,1501,3,512
2006-09-30,GEORGIA MIDDLE,GEORGIA,ELEVENTH CIRCUIT,2214,692,5,1,1516,34,23,4,1,6,2180,669,1,1510
2006-09-30,GEORGIA NORTHERN,GEORGIA,ELEVENTH CIRCUIT,6689,3011,48,0,3630,264,134,44,0,86,6425,2877,4,3544
2006-09-30,GEORGIA SOUTHERN,GEORGIA,ELEVENTH CIRCUIT,2074,395,3,3,1673,22,5,3,3,11,2052,390,0,1662
2006-09-30,GUAM,GUAM,NINTH CIRCUIT,44,40,0,0,4,0,0,0,0,0,44,40,0,4
2006-09-30,HAWAII,HAWAII,NINTH CIRCUIT,256,204,2,0,50,8,6,2,0,0,248,198,0,50
2006-09-30,IDAHO,IDAHO,NINTH CIRCUIT,802,635,2,4,161,16,8,2,4,2,786,627,0,159
2006-09-30,ILLINOIS CENTRAL,ILLINOIS,SEVENTH CIRCUIT,1495,1092,5,0,398,38,31,5,0,2,1457,1061,0,396
2006-09-30,ILLINOIS NORTHERN,ILLINOIS,SEVENTH CIRCUIT,5396,3274,29,0,2092,135,100,29,0,5,5261,3174,0,2087
2006-09-30,ILLINOIS SOUTHERN,ILLINOIS,SEVENTH CIRCUIT,1151,487,8,0,656,9,2,7,0,0,1142,485,1,656
2006-09-30,INDIANA NORTHERN,INDIANA,SEVENTH CIRCUIT,2378,1649,10,0,719,34,20,9,0,5,2344,1629,1,714
2006-09-30,INDIANA SOUTHERN,INDIANA,SEVENTH CIRCUIT,3974,2482,11,0,1481,65,47,10,0,8,3909,2435,1,1473
2006-09-30,IOWA NORTHERN,IOWA,EIGHTH CIRCUIT,516,477,1,0,38,42,38,1,0,3,474,439,0,35
2006-09-30,IOWA SOUTHERN,IOWA,EIGHTH CIRCUIT,891,775,1,0,115,27,25,1,0,1,864,750,0,114
2006-09-30,KANSAS,KANSAS,TENTH CIRCUIT,1817,1184,4,7,622,39,22,4,7,6,1778,1162,0,616
2006-09-30,KENTUCKY EASTERN,KENTUCKY,SIXTH CIRCUIT,1577,1095,5,2,475,23,13,5,2,3,1554,1082,0,472
2006-09-30,KENTUCKY WESTERN,KENTUCKY,SIXTH CIRCUIT,1984,1325,11,1,647,38,23,11,1,3,1946,1302,0,644
2006-09-30,LOUISIANA EASTERN,LOUISIANA,FIFTH CIRCUIT,508,333,7,0,168,13,7,6,0,0,495,326,1,168
2006-09-30,LOUISIANA MIDDLE,LOUISIANA,FIFTH CIRCUIT,415,210,4,0,201,11,7,4,0,0,404,203,0,201
2006-09-30,LOUISIANA WESTERN,LOUISIANA,FIFTH CIRCUIT,2298,563,10,4,1721,80,17,10,4,49,2218,546,0,1672
2006-09-30,MAINE,MAINE,FIRST CIRCUIT,377,302,2,1,72,22,16,2,1,3,355,286,0,69
2006-09-30,MARYLAND,MARYLAND,FOURTH CIRCUIT,2555,1393,31,0,1131,112,60,26,0,26,2443,1333,5,1105
2006-09-30,MASSACHUSETTS,MASSACHUSETTS,FIRST CIRCUIT,2278,1510,25,2,741,54,31,19,2,2,2224,1479,6,739
2006-09-30,MICHIGAN EASTERN,MICHIGAN,SIXTH CIRCUIT,7560,4594,44,4,2918,143,97,38,4,4,7417,4497,6,2914
2006-09-30,MICHIGAN WESTERN,MICHIGAN,SIXTH CIRCUIT,1996,1542,7,0,447,67,55,7,0,5,1929,1487,0,442
2006-09-30,MINNESOTA,MINNESOTA,EIGHTH CIRCUIT,2179,1618,10,1,549,97,76,8,1,11,2082,1542,2,538
2006-09-30,MISSISSIPPI NORTHERN,MISSISSIPPI,FIFTH CIRCUIT,1079,466,4,0,609,32,24,4,0,4,1047,442,0,605
2006-09-30,MISSISSIPPI SOUTHERN,MISSISSIPPI,FIFTH CIRCUIT,1527,677,6,3,841,23,11,6,3,3,1504,666,0,838
2006-09-30,MISSOURI EASTERN,MISSOURI,EIGHTH CIRCUIT,2153,1267,10,0,876,30,19,9,0,2,2123,1248,1,874
2006-09-30,MISSOURI WESTERN,MISSOURI,EIGHTH CIRCUIT,2339,1615,11,7,706,47,26,10,7,4,2292,1589,1,702
2006-09-30,MONTANA,MONTANA,NINTH CIRCUIT,433,352,0,0,81,7,6,0,0,1,426,346,0,80
2006-09-30,NEBRASKA,NEBRASKA,EIGHTH CIRCUIT,1145,794,4,4,343,50,35,4,4,7,1095,759,0,336
2006-09-30,NEVADA,NEVADA,NINTH CIRCUIT,1571,999,24,0,548,55,31,23,0,1,1516,968,1,547
2006-09-30,NEW HAMPSHIRE,NEW HAMPSHIRE,FIRST CIRCUIT,550,417,2,1,130,63,48,1,1,13,487,369,1,117
2006-09-30,NEW JERSEY,NEW JERSEY,THIRD CIRCUIT,3612,2132,44,0,1436,121,76,38,0,7,3491,2056,6,1429
2006-09-30,NEW MEXICO,NEW MEXICO,TENTH CIRCUIT,635,553,4,0,78,20,13,4,0,3,615,540,0,75
2006-09-30,NEW YORK EASTERN,NEW YORK,SECOND CIRCUIT,2362,1754,30,0,578,61,28,27,0,6,2301,1726,3,572
2006-09-30,NEW YORK NORTHERN,NEW YORK,SECOND CIRCUIT,1994,1370,9,1,614,43,21,9,1,12,1951,1349,0,602
2006-09-30,NEW YORK SOUTHERN,NEW YORK,SECOND CIRCUIT,1499,1169,57,0,249,113,34,54,0,1,1386,1135,3,248
2006-09-30,NEW YORK WESTERN,NEW YORK,SECOND CIRCUIT,1980,1295,5,0,680,48,36,4,0,8,1932,1259,1,672
2006-09-30,NORTH CAROLINA EASTERN,NORTH CAROLINA,FOURTH CIRCUIT,1819,782,12,0,1025,32,14,12,0,6,1787,768,0,1019
2006-09-30,NORTH CAROLINA MIDDLE,NORTH CAROLINA,FOURTH CIRCUIT,1359,570,4,1,784,34,24,4,1,5,1325,546,0,779
2006-09-30,NORTH CAROLINA WESTERN,NORTH CAROLINA,FOURTH CIRCUIT,1325,712,5,1,607,26,17,4,1,4,1299,695,1,603
2006-09-30,NORTH DAKOTA,NORTH DAKOTA,EIGHTH CIRCUIT,222,192,0,0,30,13,13,0,0,0,209,179,0,30
2006-09-30,NORTHERN MARIANAS,NORTHERN MARIANA ISLANDS,NINTH CIRCUIT,1,1,0,0,0,0,0,0,0,0,1,1,0,0
2006-09-30,OHIO NORTHERN,OHIO,SIXTH CIRCUIT,5312,3562,30,2,1718,148,100,28,2,18,5164,3462,2,1700
2006-09-30,OHIO SOUTHERN,OHIO,SIXTH CIRCUIT,4735,2890,17,1,1827,111,72,16,1,22,4624,2818,1,1805
2006-09-30,OKLAHOMA EASTERN,OKLAHOMA,TENTH CIRCUIT,359,293,1,0,65,6,5,1,0,0,353,288,0,65
2006-09-30,OKLAHOMA NORTHERN,OKLAHOMA,TENTH CIRCUIT,577,497,2,0,78,22,17,2,0,3,555,480,0,75
2006-09-30,OKLAHOMA WESTERN,OKLAHOMA,TENTH CIRCUIT,1176,810,3,3,360,19,12,3,3,1,1157,798,0,359
2006-09-30,OREGON,OREGON,NINTH CIRCUIT,2306,1777,5,4,520,87,55,5,4,23,2219,1722,0,497
2006-09-30,PENNSYLVANIA EASTERN,PENNSYLVANIA,THIRD CIRCUIT,2294,1087,15,0,1192,58,36,14,0,8,2236,1051,1,1184
2006-09-30,PENNSYLVANIA MIDDLE,PENNSYLVANIA,THIRD CIRCUIT,1557,894,16,1,646,45,15,16,1,13,1512,879,0,633
2006-09-30,PENNSYLVANIA WESTERN,PENNSYLVANIA,THIRD CIRCUIT,2770,1806,35,2,927,98,57,30,2,9,2672,1749,5,918
2006-09-30,PUERTO RICO,PUERTO RICO,FIRST CIRCUIT,1567,387,21,5,1154,66,16,20,5,25,1501,371,1,1129
2006-09-30,RHODE ISLAND,RHODE ISLAND,FIRST CIRCUIT,433,346,1,0,86,14,13,1,0,0,419,333,0,86
2006-09-30,SOUTH CAROLINA,SOUTH CAROLINA,FOURTH CIRCUIT,1604,442,11,0,1151,28,17,9,0,2,1576,425,2,1149
2006-09-30,SOUTH DAKOTA,SOUTH DAKOTA,EIGHTH CIRCUIT,253,216,0,2,35,15,11,0,2,2,238,205,0,33
2006-09-30,TENNESSEE EASTERN,TENNESSEE,SIXTH CIRCUIT,2507,1166,6,3,1332,29,19,5,3,2,2478,1147,1,1330
2006-09-30,TENNESSEE MIDDLE,TENNESSEE,SIXTH CIRCUIT,2214,934,17,0,1263,34,22,11,0,1,2180,912,6,1262
2006-09-30,TENNESSEE WESTERN,TENNESSEE,SIXTH CIRCUIT,4784,945,10,0,3829,31,17,9,0,5,4753,928,1,3824
2006-09-30,TEXAS EASTERN,TEXAS,FIFTH CIRCUIT,1304,627,15,0,662,84,62,14,0,8,1220,565,1,654
2006-09-30,TEXAS NORTHERN,TEXAS,FIFTH CIRCUIT,3505,1350,45,1,2109,201,119,44,1,37,3304,1231,1,2072
2006-09-30,TEXAS SOUTHERN,TEXAS,FIFTH CIRCUIT,3188,1224,44,4,1916,156,99,36,4,17,3032,1125,8,1899
2006-09-30,TEXAS WESTERN,TEXAS,FIFTH CIRCUIT,2136,1083,28,0,1025,132,91,27,0,14,2004,992,1,1011
2006-09-30,UTAH,UTAH,TENTH CIRCUIT,1471,936,7,0,528,39,28,6,0,5,1432,908,1,523
2006-09-30,VERMONT,VERMONT,SECOND CIRCUIT,158,112,0,1,45,11,7,0,1,3,147,105,0,42
2006-09-30,VIRGIN ISLANDS,VIRGIN ISLANDS,THIRD CIRCUIT,8,2,3,0,3,3,1,2,0,0,5,1,1,3
2006-09-30,VIRGINIA EASTERN,VIRGINIA,FOURTH CIRCUIT,2355,1191,21,1,1142,51,29,18,1,3,2304,1162,3,1139
2006-09-30,VIRGINIA WESTERN,VIRGINIA,FOURTH CIRCUIT,1128,658,4,0,466,17,12,4,0,1,1111,646,0,465
2006-09-30,WASHINGTON EASTERN,WASHINGTON,NINTH CIRCUIT,962,712,5,2,243,36,21,5,2,8,926,691,0,235
2006-09-30,WASHINGTON WESTERN,WASHINGTON,NINTH CIRCUIT,2306,1540,20,0,746,74,45,18,0,11,2232,1495,2,735
2006-09-30,WEST VIRGINIA NORTHERN,WEST VIRGINIA,FOURTH CIRCUIT,363,311,1,0,51,14,11,1,0,2,349,300,0,49
2006-09-30,WEST VIRGINIA SOUTHERN,WEST VIRGINIA,FOURTH CIRCUIT,488,422,5,0,61,9,4,5,0,0,479,418,0,61
2006-09-30,WISCONSIN EASTERN,WISCONSIN,SEVENTH CIRCUIT,1989,1397,4,1,587,42,33,3,1,5,1947,1364,1,582
2006-09-30,WISCONSIN WESTERN,WISCONSIN,SEVENTH CIRCUIT,1137,953,7,4,173,44,33,5,4,2,1093,920,2,171
2006-09-30,WYOMING,WYOMING,TENTH CIRCUIT,200,173,2,0,25,9,8,1,0,0,191,165,1,25
2006-12-31,ALABAMA MIDDLE,ALABAMA,ELEVENTH CIRCUIT,1224,304,5,1,914,17,7,4,1,5,1207,297,1,909
2006-12-31,ALABAMA NORTHERN,ALABAMA,ELEVENTH CIRCUIT,3483,1284,11,1,2187,33,18,8,1,6,3450,1266,3,2181
2006-12-31,ALABAMA SOUTHERN,ALABAMA,ELEVENTH CIRCUIT,876,230,2,0,644,6,4,2,0,0,870,226,0,644
2006-12-31,ALASKA,ALASKA,NINTH CIRCUIT,175,142,2,1,30,13,10,2,1,0,162,132,0,30
2006-12-31,ARIZONA,ARIZONA,NINTH CIRCUIT,1993,1489,33,0,471,63,32,27,0,4,1930,1457,6,467
2006-12-31,ARKANSAS EASTERN,ARKANSAS,EIGHTH CIRCUIT,1749,741,1,1,1006,38,25,1,1,11,1711,716,0,995
2006-12-31,ARKANSAS WESTERN,ARKANSAS,EIGHTH CIRCUIT,918,443,4,1,470,29,18,4,1,6,889,425,0,464
2006-12-31,CALIFORNIA CENTRAL,CALIFORNIA,NINTH CIRCUIT,5538,4335,54,0,1148,292,224,48,0,19,5246,4111,6,1129
2006-12-31,CALIFORNIA EASTERN,CALIFORNIA,NINTH CIRCUIT,2944,2106,27,1,810,115,67,26,1,21,2829,2039,1,789
2006-12-31,CALIFORNIA NORTHERN,CALIFORNIA,NINTH CIRCUIT,2274,1340,34,0,898,153,96,25,0,30,2121,1244,9,868
2006-12-31,CALIFORNIA SOUTHERN,CALIFORNIA,NINTH CIRCUIT,1299,979,14,0,306,78,61,12,0,5,1221,918,2,301
2006-12-31,COLORADO,COLORADO,TENTH CIRCUIT,2924,2400,11,0,513,113,93,9,0,11,2811,2307,2,502
2006-12-31,CONNECTICUT,CONNECTICUT,SECOND CIRCUIT,1238,866,18,1,353,59,37,18,1,3,1179,829,0,350
2006-12-31,DELAWARE,DELAWARE,THIRD CIRCUIT,431,203,62,0,166,78,16,62,0,0,353,187,0,166
2006-12-31,DISTRICT OF COLUMBIA,DISTRICT OF COLUMBIA,DC CIRCUIT,161,79,3,0,79,5,3,2,0,0,156,76,1,79
2006-12-31,FLORIDA MIDDLE,FLORIDA,ELEVENTH CIRCUIT,4485,2637,34,1,1813,147,105,31,1,10,4338,2532,3,1803
2006-12-31,FLORIDA NORTHERN,FLORIDA,ELEVENTH CIRCUIT,643,441,6,0,196,28,19,6,0,3,615,422,0,193
2006-12-31,FLORIDA SOUTHERN,FLORIDA,ELEVENTH CIRCUIT,2254,1571,33,0,649,132,97,31,0,3,2122,1474,2,646
2006-12-31,GEORGIA MIDDLE,GEORGIA,ELEVENTH CIRCUIT,2240,698,4,5,1533,38,24,3,5,6,2202,674,1,1527
2006-12-31,GEORGIA NORTHERN,GEORGIA,ELEVENTH CIRCUIT,7398,3243,53,0,4102,257,136,50,0,71,7141,3107,3,4031
2006-12-31,GEORGIA SOUTHERN,GEORGIA,ELEVENTH CIRCUIT,2050,345,6,5,1694,35,14,6,5,10,2015,331,0,1684
2006-12-31,GUAM,GUAM,NINTH CIRCUIT,22,20,0,0,2,4,4,0,0,0,18,16,0,2
2006-12-31,HAWAII,HAWAII,NINTH CIRCUIT,254,208,1,0,44,4,3,0,0,1,250,205,1,43
2006-12-31,IDAHO,IDAHO,NINTH CIRCUIT,809,634,2,2,171,12,9,1,2,0,797,625,1,171
2006-12-31,ILLINOIS CENTRAL,ILLINOIS,SEVENTH CIRCUIT,1550,1165,7,0,378,41,30,7,0,4,1509,1135,0,374
2006-12-31,ILLINOIS NORTHERN,ILLINOIS,SEVENTH CIRCUIT,5945,3782,36,0,2127,132,98,30,0,4,5813,3684,6,2123
2006-12-31,ILLINOIS SOUTHERN,ILLINOIS,SEVENTH CIRCUIT,1198,517,3,0,678,23,15,3,0,5,1175,502,0,673
2006-12-31,INDIANA NORTHERN,INDIANA,SEVENTH CIRCUIT,2378,1611,11,0,756,37,27,9,0,1,2341,1584,2,755
2006-12-31,INDIANA SOUTHERN,INDIANA,SEVENTH CIRCUIT,4119,2621,14,0,1484,55,33,11,0,11,4064,2588,3,1473
2006-12-31,IOWA NORTHERN,IOWA,EIGHTH CIRCUIT,504,459,1,0,44,21,19,1,0,1,483,440,0,43
2006-12-31,IOWA SOUTHERN,IOWA,EIGHTH CIRCUIT,899,770,2,0,127,24,21,2,0,1,875,749,0,126
2006-12-31,KANSAS,KANSAS,TENTH CIRCUIT,1683,1078,4,5,596,49,34,4,5,6,1634,1044,0,590
2006-12-31,KENTUCKY EASTERN,KENTUCKY,SIXTH CIRCUIT,1553,1093,2,0,458,24,22,2,0,0,1529,1071,0,458
2006-12-31,KENTUCKY WESTERN,KENTUCKY,SIXTH CIRCUIT,1939,1308,7,0,624,21,13,7,0,1,1918,1295,0,623
2006-12-31,LOUISIANA EASTERN,LOUISIANA,FIFTH CIRCUIT,515,294,5,0,216,15,11,4,0,0,500,283,1,216
2006-12-31,LOUISIANA MIDDLE,LOUISIANA,FIFTH CIRCUIT,390,176,0,0,214,10,8,0,0,2,380,168,0,212
2006-12-31,LOUISIANA WESTERN,LOUISIANA,FIFTH CIRCUIT,2158,527,23,3,1605,91,20,23,3,45,2067,507,0,1560
2006-12-31,MAINE,MAINE,FIRST CIRCUIT,399,305,1,0,93,17,14,1,0,2,382,291,0,91
2006-12-31,MARYLAND,MARYLAND,FOURTH CIRCUIT,2659,1314,32,0,1313,89,43,28,0,18,2570,1271,4,1295
2006-12-31,MASSACHUSETTS,MASSACHUSETTS,FIRST CIRCUIT,2652,1759,39,0,854,80,43,32,0,5,2572,1716,7,849
2006-12-31,MICHIGAN EASTERN,MICHIGAN,SIXTH CIRCUIT,7448,4424,42,1,2981,165,111,41,1,12,7283,4313,1,2969
2006-12-31,MICHIGAN WESTERN,MICHIGAN,SIXTH CIRCUIT,2241,1732,4,1,504,79,65,4,1,9,2162,1667,0,495
2006-12-31,MINNESOTA,MINNESOTA,EIGHTH CIRCUIT,2569,1978,10,3,578,122,99,10,3,10,2447,1879,0,568
2006-12-31,MISSISSIPPI NORTHERN,MISSISSIPPI,FIFTH CIRCUIT,1135,500,2,1,632,25,17,2,1,5,1110,483,0,627
2006-12-31,MISSISSIPPI SOUTHERN,MISSISSIPPI,FIFTH CIRCUIT,1340,544,6,1,789,25,14,3,1,7,1315,530,3,782
2006-12-31,MISSOURI EASTERN,MISSOURI,EIGHTH CIRCUIT,2174,1282,5,0,887,44,36,5,0,3,2130,1246,0,884
2006-12-31,MISSOURI WESTERN,MISSOURI,EIGHTH CIRCUIT,2169,1426,7,0,736,38,27,7,0,4,2131,1399,0,732
2006-12-31,MONTANA,MONTANA,NINTH CIRCUIT,443,376,2,1,64,11,8,2,1,0,432,368,0,64
2006-12-31,NEBRASKA,NEBRASKA,EIGHTH CIRCUIT,1214,794,11,3,406,49,30,9,3,7,1165,764,2,399
2006-12-31,NEVADA,NEVADA,NINTH CIRCUIT,1661,973,28,0,660,42,14,26,0,2,1619,959,2,658
2006-12-31,NEW HAMPSHIRE,NEW HAMPSHIRE,FIRST CIRCUIT,594,422,3,1,168,66,46,3,1,16,528,376,0,152
2006-12-31,NEW JERSEY,NEW JERSEY,THIRD CIRCUIT,4007,2356,78,2,1571,163,81,72,2,8,3844,2275,6,1563
2006-12-31,NEW MEXICO,NEW MEXICO,TENTH CIRCUIT,736,634,3,1,98,27,21,2,1,3,709,613,1,95
2006-12-31,NEW YORK EASTERN,NEW YORK,SECOND CIRCUIT,2535,1885,21,0,629,63,38,18,0,7,2472,1847,3,622
2006-12-31,NEW YORK NORTHERN,NEW YORK,SECOND CIRCUIT,3264,2107,15,5,1137,85,49,15,5,16,3179,2058,0,1121
2006-12-31,NEW YORK SOUTHERN,NEW YORK,SECOND CIRCUIT,1583,1192,80,0,306,131,45,77,0,5,1452,1147,3,301
2006-12-31,NEW YORK WESTERN,NEW YORK,SECOND CIRCUIT,1917,1246,7,0,662,56,40,6,0,8,1861,1206,1,654
2006-12-31,NORTH CAROLINA EASTERN,NORTH CAROLINA,FOURTH CIRCUIT,1830,727,6,1,1096,30,13,6,1,10,1800,714,0,1086
2006-12-31,NORTH CAROLINA MIDDLE,NORTH CAROLINA,FOURTH CIRCUIT,1477,596,8,0,873,45,28,8,0,9,1432,568,0,864
2006-12-31,NORTH CAROLINA WESTERN,NORTH CAROLINA,FOURTH CIRCUIT,1486,773,13,0,700,32,19,12,0,1,1454,754,1,699
2006-12-31,NORTH DAKOTA,NORTH DAKOTA,EIGHTH CIRCUIT,216,191,0,1,24,11,9,0,1,1,205,182,0,23
2006-12-31,NORTHERN MARIANAS,NORTHERN MARIANA ISLANDS,NINTH CIRCUIT,7,7,0,0,0,2,2,0,0,0,5,5,0,0
2006-12-31,OHIO NORTHERN,OHIO,SIXTH CIRCUIT,5547,3614,16,0,1917,149,104,14,0,31,5398,3510,2,1886
2006-12-31,OHIO SOUTHERN,OHIO,SIXTH CIRCUIT,4807,2858,12,0,1937,128,90,11,0,27,4679,2768,1,1910
2006-12-31,OKLAHOMA EASTERN,OKLAHOMA,TENTH CIRCUIT,351,270,19,1,60,31,9,18,1,2,320,261,1,58
2006-12-31,OKLAHOMA NORTHERN,OKLAHOMA,TENTH CIRCUIT,605,512,0,0,93,33,32,0,0,1,572,480,0,92
2006-12-31,OKLAHOMA WESTERN,OKLAHOMA,TENTH CIRCUIT,1086,764,6,1,315,31,22,6,1,2,1055,742,0,313
2006-12-31,OREGON,OREGON,NINTH CIRCUIT,1968,1412,8,2,546,80,53,7,2,18,1888,1359,1,528
2006-12-31,PENNSYLVANIA EASTERN,PENNSYLVANIA,THIRD CIRCUIT,2252,1151,8,0,1093,59,43,8,0,8,2193,1108,0,1085
2006-12-31,PENNSYLVANIA MIDDLE,PENNSYLVANIA,THIRD CIRCUIT,1554,907,7,2,638,47,26,7,2,12,1507,881,0,626
2006-12-31,PENNSYLVANIA WESTERN,PENNSYLVANIA,THIRD CIRCUIT,2692,1791,26,1,874,95,52,23,1,19,2597,1739,3,855
2006-12-31,PUERTO RICO,PUERTO RICO,FIRST CIRCUIT,1750,395,16,0,1339,51,15,13,0,23,1699,380,3,1316
2006-12-31,RHODE ISLAND,RHODE ISLAND,FIRST CIRCUIT,493,370,2,0,121,11,10,1,0,0,482,360,1,121
2006-12-31,SOUTH CAROLINA,SOUTH CAROLINA,FOURTH CIRCUIT,1724,495,9,1,1218,17,12,4,1,0,1707,483,5,1218
2006-12-31,SOUTH DAKOTA,SOUTH DAKOTA,EIGHTH CIRCUIT,279,234,1,1,43,18,13,1,1,3,261,221,0,40
2006-12-31,TENNESSEE EASTERN,TENNESSEE,SIXTH CIRCUIT,2520,1257,12,1,1250,38,19,11,1,7,2482,1238,1,1243
2006-12-31,TENNESSEE MIDDLE,TENNESSEE,SIXTH CIRCUIT,2212,950,29,2,1231,55,26,25,2,2,2157,924,4,1229
2006-12-31,TENNESSEE WESTERN,TENNESSEE,SIXTH CIRCUIT,4051,833,10,0,3208,32,20,7,0,5,4019,813,3,3203
2006-12-31,TEXAS EASTERN,TEXAS,FIFTH CIRCUIT,1427,704,6,2,715,79,65,5,2,7,1348,639,1,708
2006-12-31,TEXAS NORTHERN,TEXAS,FIFTH CIRCUIT,3768,1310,33,2,2423,174,115,30,2,27,3594,1195,3,2396
2006-12-31,TEXAS SOUTHERN,TEXAS,FIFTH CIRCUIT,3326,1211,41,0,2073,154,99,35,0,19,3172,1112,6,2054
2006-12-31,TEXAS WESTERN,TEXAS,FIFTH CIRCUIT,2229,955,13,0,1261,104,76,11,0,17,2125,879,2,1244
2006-12-31,UTAH,UTAH,TENTH CIRCUIT,1402,879,6,0,517,29,21,6,0,2,1373,858,0,515
2006-12-31,VERMONT,VERMONT,SECOND CIRCUIT,185,134,0,0,51,12,9,0,0,3,173,125,0,48
2006-12-31,VIRGIN ISLANDS,VIRGIN ISLANDS,THIRD CIRCUIT,6,5,1,0,0,3,2,1,0,0,3,3,0,0
2006-12-31,VIRGINIA EASTERN,VIRGINIA,FOURTH CIRCUIT,2735,1442,17,0,1276,88,57,15,0,16,2647,1385,2,1260
2006-12-31,VIRGINIA WESTERN,VIRGINIA,FOURTH CIRCUIT,1241,754,1,0,486,22,19,1,0,2,1219,735,0,484
2006-12-31,WASHINGTON EASTERN,WASHINGTON,NINTH CIRCUIT,931,678,6,1,246,34,23,5,1,5,897,655,1,241
2006-12-31,WASHINGTON WESTERN,WASHINGTON,NINTH CIRCUIT,2265,1559,23,1,682,85,52,19,1,13,2180,1507,4,669
2006-12-31,WEST VIRGINIA NORTHERN,WEST VIRGINIA,FOURTH CIRCUIT,324,273,2,1,48,20,15,1,1,3,304,258,1,45
2006-12-31,WEST VIRGINIA SOUTHERN,WEST VIRGINIA,FOURTH CIRCUIT,540,487,2,1,50,10,8,1,1,0,530,479,1,50
2006-12-31,WISCONSIN EASTERN,WISCONSIN,SEVENTH CIRCUIT,2057,1428,6,1,622,44,34,6,1,3,2013,1394,0,619
2006-12-31,WISCONSIN WESTERN,WISCONSIN,SEVENTH CIRCUIT,1139,951,6,3,179,55,36,6,3,10,1084,915,0,169
2006-12-31,WYOMING,WYOMING,TENTH CIRCUIT,164,126,2,0,36,9,5,2,0,2,155,121,0,34
2007-03-31,ALABAMA MIDDLE,ALABAMA,ELEVENTH CIRCUIT,1282,387,3,0,892,21,11,3,0,7,1261,376,0,885
2007-03-31,ALABAMA NORTHERN,ALABAMA,ELEVENTH CIRCUIT,3473,1551,25,1,1896,36,11,20,1,4,3437,1540,5,1892
2007-03-31,ALABAMA SOUTHERN,ALABAMA,ELEVENTH CIRCUIT,923,252,12,0,659,16,3,11,0,2,907,249,1,657
2007-03-31,ALASKA,ALASKA,NINTH CIRCUIT,155,127,8,0,20,22,12,8,0,2,133,115,0,18
2007-03-31,ARIZONA,ARIZONA,NINTH CIRCUIT,2193,1637,63,0,493,106,45,57,0,4,2087,1592,6,489
2007-03-31,ARKANSAS EASTERN,ARKANSAS,EIGHTH CIRCUIT,1762,849,5,5,903,55,29,5,5,16,1707,820,0,887
2007-03-31,ARKANSAS WESTERN,ARKANSAS,EIGHTH CIRCUIT,990,544,4,1,441,39,26,4,1,8,951,518,0,433
2007-03-31,CALIFORNIA CENTRAL,CALIFORNIA,NINTH CIRCUIT,6995,5348,64,0,1583,374,292,58,0,24,6621,5056,6,1559
2007-03-31,CALIFORNIA EASTERN,CALIFORNIA,NINTH CIRCUIT,3654,2621,18,5,1010,168,119,15,5,29,3486,2502,3,981
2007-03-31,CALIFORNIA NORTHERN,CALIFORNIA,NINTH CIRCUIT,2688,1459,49,2,1178,152,81,39,2,30,2536,1378,10,1148
2007-03-31,CALIFORNIA SOUTHERN,CALIFORNIA,NINTH CIRCUIT,1704,1330,10,0,364,74,60,9,0,5,1630,1270,1,359
2007-03-31,COLORADO,COLORADO,TENTH CIRCUIT,3159,2624,16,1,518,144,122,14,1,7,3015,2502,2,511
2007-03-31,CONNECTICUT,CONNECTICUT,SECOND CIRCUIT,1350,926,9,0,415,42,30,8,0,4,1308,896,1,411
2007-03-31,DELAWARE,DELAWARE,THIRD CIRCUIT,435,229,26,0,180,38,11,26,0,1,397,218,0,179
2007-03-31,DISTRICT OF COLUMBIA,DISTRICT OF COLUMBIA,DC CIRCUIT,169,89,3,0,77,10,6,3,0,1,159,83,0,76
2007-03-31,FLORIDA MIDDLE,FLORIDA,ELEVENTH CIRCUIT,5312,3046,38,1,2227,196,146,35,1,14,5116,2900,3,2213
2007-03-31,FLORIDA NORTHERN,FLORIDA,ELEVENTH CIRCUIT,685,496,2,0,187,35,30,2,0,3,650,466,0,184
2007-03-31,FLORIDA SOUTHERN,FLORIDA,ELEVENTH CIRCUIT,2441,1605,46,0,790,156,114,36,0,6,2285,1491,10,784
2007-03-31,GEORGIA MIDDLE,GEORGIA,ELEVENTH CIRCUIT,2136,918,3,0,1215,33,20,3,0,10,2103,898,0,1205
2007-03-31,GEORGIA NORTHERN,GEORGIA,ELEVENTH CIRCUIT,7582,3851,60,0,3671,275,170,54,0,51,7307,3681,6,3620
2007-03-31,GEORGIA SOUTHERN,GEORGIA,ELEVENTH CIRCUIT,1821,424,7,2,1388,30,19,6,2,3,1791,405,1,1385
2007-03-31,GUAM,GUAM,NINTH CIRCUIT,36,32,0,0,4,1,1,0,0,0,35,31,0,4
2007-03-31,HAWAII,HAWAII,NINTH CIRCUIT,332,270,5,1,56,14,7,5,1,1,318,263,0,55
2007-03-31,IDAHO,IDAHO,NINTH CIRCUIT,884,708,3,2,171,25,16,2,2,5,859,692,1,166
2007-03-31,ILLINOIS CENTRAL,ILLINOIS,SEVENTH CIRCUIT,1737,1310,5,1,421,38,28,4,1,5,1699,1282,1,416
2007-03-31,ILLINOIS NORTHERN,ILLINOIS,SEVENTH CIRCUIT,6799,4229,48,0,2522,157,109,45,0,3,6642,4120,3,2519
2007-03-31,ILLINOIS SOUTHERN,ILLINOIS,SEVENTH CIRCUIT,1295,637,3,1,654,32,13,3,1,15,1263,624,0,639
2007-03-31,INDIANA NORTHERN,INDIANA,SEVENTH CIRCUIT,2572,1880,11,0,681,40,28,9,0,3,2532,1852,2,678
2007-03-31,INDIANA SOUTHERN,INDIANA,SEVENTH CIRCUIT,4409,2904,11,2,1491,87,71,10,2,3,4322,2833,1,1488
2007-03-31,IOWA NORTHERN,IOWA,EIGHTH CIRCUIT,539,495,1,2,41,29,26,1,2,0,510,469,0,41
2007-03-31,IOWA SOUTHERN,IOWA,EIGHTH CIRCUIT,1013,856,2,0,155,26,21,2,0,3,987,835,0,152
2007-03-31,KANSAS,KANSAS,TENTH CIRCUIT,1825,1242,5,6,572,49,33,4,6,6,1776,1209,1,566
2007-03-31,KENTUCKY EASTERN,KENTUCKY,SIXTH CIRCUIT,1876,1308,2,0,566,27,22,2,0,3,1849,1286,0,563
2007-03-31,KENTUCKY WESTERN,KENTUCKY,SIXTH CIRCUIT,2418,1760,2,1,655,37,29,2,1,5,2381,1731,0,650
2007-03-31,LOUISIANA EASTERN,LOUISIANA,FIFTH CIRCUIT,624,294,7,2,321,24,16,6,2,0,600,278,1,321
2007-03-31,LOUISIANA MIDDLE,LOUISIANA,FIFTH CIRCUIT,430,201,2,0,227,7,3,2,0,2,423,198,0,225
2007-03-31,LOUISIANA WESTERN,LOUISIANA,FIFTH CIRCUIT,2169,643,8,14,1504,88,13,8,14,53,2081,630,0,1451
2007-03-31,MAINE,MAINE,FIRST CIRCUIT,484,370,6,1,107,37,25,6,1,5,447,345,0,102
2007-03-31,MARYLAND,MARYLAND,FOURTH CIRCUIT,3075,1555,47,1,1472,143,76,40,1,26,2932,1479,7,1446
2007-03-31,MASSACHUSETTS,MASSACHUSETTS,FIRST CIRCUIT,3127,1919,45,0,1163,88,44,43,0,1,3039,1875,2,1162
2007-03-31,MICHIGAN EASTERN,MICHIGAN,SIXTH CIRCUIT,8621,5784,39,6,2792,203,145,38,6,14,8418,5639,1,2778
2007-03-31,MICHIGAN WESTERN,MICHIGAN,SIXTH CIRCUIT,2519,2061,13,2,443,85,61,13,2,9,2434,2000,0,434
2007-03-31,MINNESOTA,MINNESOTA,EIGHTH CIRCUIT,2586,2014,13,1,558,110,94,13,1,2,2476,1920,0,556
2007-03-31,MISSISSIPPI NORTHERN,MISSISSIPPI,FIFTH CIRCUIT,1135,546,2,1,586,27,20,2,1,4,1108,526,0,582
2007-03-31,MISSISSIPPI SOUTHERN,MISSISSIPPI,FIFTH CIRCUIT,1499,667,8,2,821,34,19,8,2,4,1465,648,0,817
2007-03-31,MISSOURI EASTERN,MISSOURI,EIGHTH CIRCUIT,2404,1458,2,0,944,30,23,2,0,5,2374,1435,0,939
2007-03-31,MISSOURI WESTERN,MISSOURI,EIGHTH CIRCUIT,2374,1652,11,2,709,45,25,11,2,7,2329,1627,0,702
2007-03-31,MONTANA,MONTANA,NINTH CIRCUIT,391,319,3,1,68,15,11,2,1,1,376,308,1,67
2007-03-31,NEBRASKA,NEBRASKA,EIGHTH CIRCUIT,1313,884,2,3,424,47,39,1,3,4,1266,845,1,420
2007-03-31,NEVADA,NEVADA,NINTH CIRCUIT,2159,1296,21,0,842,68,45,20,0,3,2091,1251,1,839
2007-03-31,NEW HAMPSHIRE,NEW HAMPSHIRE,FIRST CIRCUIT,696,467,7,2,220,88,58,7,2,21,608,409,0,199
2007-03-31,NEW JERSEY,NEW JERSEY,THIRD CIRCUIT,4673,2807,67,0,1799,159,78,61,0,20,4514,2729,6,1779
2007-03-31,NEW MEXICO,NEW MEXICO,TENTH CIRCUIT,806,702,4,1,99,20,15,4,1,0,786,687,0,99
2007-03-31,NEW YORK EASTERN,NEW YORK,SECOND CIRCUIT,2793,1999,28,0,766,67,32,27,0,8,2726,1967,1,758
2007-03-31,NEW YORK NORTHERN,NEW YORK,SECOND CIRCUIT,2885,1901,10,4,970,78,33,9,4,32,2807,1868,1,938
2007-03-31,NEW YORK SOUTHERN,NEW YORK,SECOND CIRCUIT,1694,1310,23,0,358,60,33,22,0,2,1634,1277,1,356
2007-03-31,NEW YORK WESTERN,NEW YORK,SECOND CIRCUIT,2056,1385,12,2,657,55,29,11,2,13,2001,1356,1,644
2007-03-31,NORTH CAROLINA EASTERN,NORTH CAROLINA,FOURTH CIRCUIT,1907,786,18,0,1103,47,28,17,0,2,1860,758,1,1101
2007-03-31,NORTH CAROLINA MIDDLE,NORTH CAROLINA,FOURTH CIRCUIT,1536,690,12,0,834,46,29,12,0,5,1490,661,0,829
2007-03-31,NORTH CAROLINA WESTERN,NORTH CAROLINA,FOURTH CIRCUIT,1461,754,10,0,697,45,35,9,0,1,1416,719,1,696
2007-03-31,NORTH DAKOTA,NORTH DAKOTA,EIGHTH CIRCUIT,263,228,1,2,32,14,11,1,2,0,249,217,0,32
2007-03-31,NORTHERN MARIANAS,NORTHERN MARIANA ISLANDS,NINTH CIRCUIT,4,3,0,0,1,0,0,0,0,0,4,3,0,1
2007-03-31,OHIO NORTHERN,OHIO,SIXTH CIRCUIT,6166,4142,14,0,2010,166,131,12,0,23,6000,4011,2,1987
2007-03-31,OHIO SOUTHERN,OHIO,SIXTH CIRCUIT,5249,3250,33,1,1965,165,104,32,1,28,5084,3146,1,1937
2007-03-31,OKLAHOMA EASTERN,OKLAHOMA,TENTH CIRCUIT,363,295,4,1,63,17,12,4,1,0,346,283,0,63
2007-03-31,OKLAHOMA NORTHERN,OKLAHOMA,TENTH CIRCUIT,658,569,1,0,88,33,29,1,0,3,625,540,0,85
2007-03-31,OKLAHOMA WESTERN,OKLAHOMA,TENTH CIRCUIT,1099,779,9,1,310,45,35,9,1,0,1054,744,0,310
2007-03-31,OREGON,OREGON,NINTH CIRCUIT,2136,1585,7,0,544,64,39,6,0,19,2072,1546,1,525
2007-03-31,PENNSYLVANIA EASTERN,PENNSYLVANIA,THIRD CIRCUIT,2486,1197,25,0,1264,68,36,24,0,8,2418,1161,1,1256
2007-03-31,PENNSYLVANIA MIDDLE,PENNSYLVANIA,THIRD CIRCUIT,1812,1075,3,0,734,51,28,3,0,20,1761,1047,0,714
2007-03-31,PENNSYLVANIA WESTERN,PENNSYLVANIA,THIRD CIRCUIT,3103,2032,31,1,1039,124,71,31,1,21,2979,1961,0,1018
2007-03-31,PUERTO RICO,PUERTO RICO,FIRST CIRCUIT,1772,409,33,2,1328,79,22,32,2,23,1693,387,1,1305
2007-03-31,RHODE ISLAND,RHODE ISLAND,FIRST CIRCUIT,583,441,5,0,137,22,16,5,0,1,561,425,0,136
2007-03-31,SOUTH CAROLINA,SOUTH CAROLINA,FOURTH CIRCUIT,1770,577,11,0,1182,28,18,10,0,0,1742,559,1,1182
2007-03-31,SOUTH DAKOTA,SOUTH DAKOTA,EIGHTH CIRCUIT,311,263,2,0,46,20,16,2,0,2,291,247,0,44
2007-03-31,TENNESSEE EASTERN,TENNESSEE,SIXTH CIRCUIT,2801,1587,5,0,1209,50,38,4,0,8,2751,1549,1,1201
2007-03-31,TENNESSEE MIDDLE,TENNESSEE,SIXTH CIRCUIT,2288,1153,18,2,1115,47,29,10,2,6,2241,1124,8,1109
2007-03-31,TENNESSEE WESTERN,TENNESSEE,SIXTH CIRCUIT,3953,1002,12,0,2939,40,25,8,0,7,3913,977,4,2932
2007-03-31,TEXAS EASTERN,TEXAS,FIFTH CIRCUIT,1335,709,15,0,611,77,53,15,0,9,1258,656,0,602
2007-03-31,TEXAS NORTHERN,TEXAS,FIFTH CIRCUIT,3580,1515,71,2,1992,225,118,71,2,34,3355,1397,0,1958
2007-03-31,TEXAS SOUTHERN,TEXAS,FIFTH CIRCUIT,3082,1296,44,1,1741,155,95,42,1,17,2927,1201,2,1724
2007-03-31,TEXAS WESTERN,TEXAS,FIFTH CIRCUIT,2190,1148,18,3,1021,101,67,18,3,13,2089,1081,0,1008
2007-03-31,UTAH,UTAH,TENTH CIRCUIT,1423,835,1,0,587,27,19,1,0,7,1396,816,0,580
2007-03-31,VERMONT,VERMONT,SECOND CIRCUIT,182,134,0,2,46,16,9,0,2,5,166,125,0,41
2007-03-31,VIRGIN ISLANDS,VIRGIN ISLANDS,THIRD CIRCUIT,7,4,1,0,2,3,2,1,0,0,4,2,0,2
2007-03-31,VIRGINIA EASTERN,VIRGINIA,FOURTH CIRCUIT,3125,1779,20,2,1324,90,68,18,2,2,3035,1711,2,1322
2007-03-31,VIRGINIA WESTERN,VIRGINIA,FOURTH CIRCUIT,1327,852,4,0,471,37,30,4,0,3,1290,822,0,468
2007-03-31,WASHINGTON EASTERN,WASHINGTON,NINTH CIRCUIT,1099,859,2,0,238,30,21,1,0,8,1069,838,1,230
2007-03-31,WASHINGTON WESTERN,WASHINGTON,NINTH CIRCUIT,2530,1728,14,0,788,66,48,12,0,6,2464,1680,2,782
2007-03-31,WEST VIRGINIA NORTHERN,WEST VIRGINIA,FOURTH CIRCUIT,432,386,0,0,46,19,17,0,0,2,413,369,0,44
2007-03-31,WEST VIRGINIA SOUTHERN,WEST VIRGINIA,FOURTH CIRCUIT,671,602,7,0,62,17,12,4,0,1,654,590,3,61
2007-03-31,WISCONSIN EASTERN,WISCONSIN,SEVENTH CIRCUIT,2332,1668,1,1,662,41,32,1,1,7,2291,1636,0,655
2007-03-31,WISCONSIN WESTERN,WISCONSIN,SEVENTH CIRCUIT,1251,1049,5,4,193,37,24,2,4,7,1214,1025,3,186
2007-03-31,WYOMING,WYOMING,TENTH CIRCUIT,197,171,0,0,26,6,6,0,0,0,191,165,0,26
2007-06-30,ALABAMA MIDDLE,ALABAMA,ELEVENTH CIRCUIT,1272,342,4,2,924,17,10,2,2,3,1255,332,2,921
2007-06-30,ALABAMA NORTHERN,ALABAMA,ELEVENTH CIRCUIT,3479,1423,21,1,2034,47,23,18,1,5,3432,1400,3,2029
2007-06-30,ALABAMA SOUTHERN,ALABAMA,ELEVENTH CIRCUIT,880,252,5,0,623,16,9,5,0,2,864,243,0,621
2007-06-30,ALASKA,ALASKA,NINTH CIRCUIT,197,157,1,0,39,17,12,1,0,4,180,145,0,35
2007-06-30,ARIZONA,ARIZONA,NINTH CIRCUIT,2662,2040,54,0,567,98,41,50,0,6,2564,1999,4,561
2007-06-30,ARKANSAS EASTERN,ARKANSAS,EIGHTH CIRCUIT,1901,968,5,2,926,51,37,3,2,9,1850,931,2,917
2007-06-30,ARKANSAS WESTERN,ARKANSAS,EIGHTH CIRCUIT,1113,621,9,0,483,46,30,9,0,7,1067,591,0,476
2007-06-30,CALIFORNIA CENTRAL,CALIFORNIA,NINTH CIRCUIT,7834,5928,78,0,1828,404,315,65,0,24,7430,5613,13,1804
2007-06-30,CALIFORNIA EASTERN,CALIFORNIA,NINTH CIRCUIT,4250,3083,15,3,1148,189,128,12,3,45,4061,2955,3,1103
2007-06-30,CALIFORNIA NORTHERN,CALIFORNIA,NINTH CIRCUIT,3024,1716,37,0,1270,139,87,23,0,28,2885,1629,14,1242
2007-06-30,CALIFORNIA SOUTHERN,CALIFORNIA,NINTH CIRCUIT,1942,1526,6,0,410,68,57,5,0,6,1874,1469,1,404
2007-06-30,COLORADO,COLORADO,TENTH CIRCUIT,4004,3387,16,0,601,142,116,15,0,11,3862,3271,1,590
2007-06-30,CONNECTICUT,CONNECTICUT,SECOND CIRCUIT,1441,1015,14,0,412,45,32,11,0,2,1396,983,3,410
2007-06-30,DELAWARE,DELAWARE,THIRD CIRCUIT,486,259,51,0,176,61,9,51,0,1,425,250,0,175
2007-06-30,DISTRICT OF COLUMBIA,DISTRICT OF COLUMBIA,DC CIRCUIT,169,79,5,0,85,11,5,5,0,1,158,74,0,84
2007-06-30,FLORIDA MIDDLE,FLORIDA,ELEVENTH CIRCUIT,6191,3691,65,2,2433,254,174,56,2,22,5937,3517,9,2411
2007-06-30,FLORIDA NORTHERN,FLORIDA,ELEVENTH CIRCUIT,702,520,8,1,173,28,18,6,1,3,674,502,2,170
2007-06-30,FLORIDA SOUTHERN,FLORIDA,ELEVENTH CIRCUIT,2989,2027,88,1,873,188,97,83,1,7,2801,1930,5,866
2007-06-30,GEORGIA MIDDLE,GEORGIA,ELEVENTH CIRCUIT,2307,806,1,2,1498,35,27,1,2,5,2272,779,0,1493
2007-06-30,GEORGIA NORTHERN,GEORGIA,ELEVENTH CIRCUIT,7216,3450,52,0,3714,264,144,40,0,80,6952,3306,12,3634
2007-06-30,GEORGIA SOUTHERN,GEORGIA,ELEVENTH CIRCUIT,1956,377,6,1,1572,32,22,6,1,3,1924,355,0,1569
2007-06-30,GUAM,GUAM,NINTH CIRCUIT,33,29,1,0,3,1,0,1,0,0,32,29,0,3
2007-06-30,HAWAII,HAWAII,NINTH CIRCUIT,356,292,6,0,58,17,10,6,0,1,339,282,0,57
2007-06-30,IDAHO,IDAHO,NINTH CIRCUIT,1054,848,4,2,200,24,17,3,2,2,1030,831,1,198
2007-06-30,ILLINOIS CENTRAL,ILLINOIS,SEVENTH CIRCUIT,2023,1558,7,0,458,57,42,7,0,8,1966,1516,0,450
2007-06-30,ILLINOIS NORTHERN,ILLINOIS,SEVENTH CIRCUIT,6881,4501,45,0,2335,175,130,40,0,5,6706,4371,5,2330
2007-06-30,ILLINOIS SOUTHERN,ILLINOIS,SEVENTH CIRCUIT,1279,621,1,2,655,34,17,1,2,14,1245,604,0,641
2007-06-30,INDIANA NORTHERN,INDIANA,SEVENTH CIRCUIT,3152,2329,13,3,807,70,50,12,3,5,3082,2279,1,802
2007-06-30,INDIANA SOUTHERN,INDIANA,SEVENTH CIRCUIT,4730,3252,12,1,1465,97,75,12,1,9,4633,3177,0,1456
2007-06-30,IOWA NORTHERN,IOWA,EIGHTH CIRCUIT,671,627,1,1,42,30,25,1,1,3,641,602,0,39
2007-06-30,IOWA SOUTHERN,IOWA,EIGHTH CIRCUIT,1198,1061,1,1,135,27,23,1,1,2,1171,1038,0,133
2007-06-30,KANSAS,KANSAS,TENTH CIRCUIT,2148,1455,5,4,684,57,36,5,4,12,2091,1419,0,672
2007-06-30,KENTUCKY EASTERN,KENTUCKY,SIXTH CIRCUIT,1903,1352,21,1,529,45,19,21,1,4,1858,1333,0,525
2007-06-30,KENTUCKY WESTERN,KENTUCKY,SIXTH CIRCUIT,2216,1559,2,0,655,39,27,2,0,10,2177,1532,0,645
2007-06-30,LOUISIANA EASTERN,LOUISIANA,FIFTH CIRCUIT,728,378,4,8,338,26,15,2,8,1,702,363,2,337
2007-06-30,LOUISIANA MIDDLE,LOUISIANA,FIFTH CIRCUIT,482,254,5,0,223,11,6,5,0,0,471,248,0,223
2007-06-30,LOUISIANA WESTERN,LOUISIANA,FIFTH CIRCUIT,2385,698,6,7,1674,71,24,5,7,35,2314,674,1,1639
2007-06-30,MAINE,MAINE,FIRST CIRCUIT,678,554,4,0,120,40,30,4,0,6,638,524,0,114
2007-06-30,MARYLAND,MARYLAND,FOURTH CIRCUIT,3146,1738,28,0,1380,76,48,17,0,11,3070,1690,11,1369
2007-06-30,MASSACHUSETTS,MASSACHUSETTS,FIRST CIRCUIT,3671,2449,31,2,1189,75,42,31,2,0,3596,2407,0,1189
2007-06-30,MICHIGAN EASTERN,MICHIGAN,SIXTH CIRCUIT,8480,5946,28,2,2504,170,139,25,2,4,8310,5807,3,2500
2007-06-30,MICHIGAN WESTERN,MICHIGAN,SIXTH CIRCUIT,2611,2211,7,0,393,110,101,7,0,2,2501,2110,0,391
2007-06-30,MINNESOTA,MINNESOTA,EIGHTH CIRCUIT,3030,2399,8,5,618,143,118,8,5,12,2887,2281,0,606
2007-06-30,MISSISSIPPI NORTHERN,MISSISSIPPI,FIFTH CIRCUIT,1226,566,8,2,650,35,22,8,2,3,1191,544,0,647
2007-06-30,MISSISSIPPI SOUTHERN,MISSISSIPPI,FIFTH CIRCUIT,1540,643,6,1,890,30,21,6,1,2,1510,622,0,888
2007-06-30,MISSOURI EASTERN,MISSOURI,EIGHTH CIRCUIT,2590,1734,2,2,852,35,31,1,2,1,2555,1703,1,851
2007-06-30,MISSOURI WESTERN,MISSOURI,EIGHTH CIRCUIT,2886,2052,6,1,827,40,31,6,1,2,2846,2021,0,825
2007-06-30,MONTANA,MONTANA,NINTH CIRCUIT,707,611,2,2,92,13,9,2,2,0,694,602,0,92
2007-06-30,NEBRASKA,NEBRASKA,EIGHTH CIRCUIT,1354,952,4,6,392,56,43,4,6,3,1298,909,0,389
2007-06-30,NEVADA,NEVADA,NINTH CIRCUIT,2763,1702,22,0,1039,68,43,22,0,3,2695,1659,0,1036
2007-06-30,NEW HAMPSHIRE,NEW HAMPSHIRE,FIRST CIRCUIT,736,517,6,0,213,90,54,6,0,30,646,463,0,183
2007-06-30,NEW JERSEY,NEW JERSEY,THIRD CIRCUIT,4977,3060,170,0,1747,264,85,164,0,15,4713,2975,6,1732
2007-06-30,NEW MEXICO,NEW MEXICO,TENTH CIRCUIT,824,724,8,1,91,32,23,7,1,1,792,701,1,90
2007-06-30,NEW YORK EASTERN,NEW YORK,SECOND CIRCUIT,3281,2411,98,0,772,152,52,95,0,5,3129,2359,3,767
2007-06-30,NEW YORK NORTHERN,NEW YORK,SECOND CIRCUIT,2644,1901,8,2,733,64,43,8,2,11,2580,1858,0,722
2007-06-30,NEW YORK SOUTHERN,NEW YORK,SECOND CIRCUIT,2025,1572,55,0,394,103,46,51,0,2,1922,1526,4,392
2007-06-30,NEW YORK WESTERN,NEW YORK,SECOND CIRCUIT,2446,1779,3,2,662,55,43,3,2,7,2391,1736,0,655
2007-06-30,NORTH CAROLINA EASTERN,NORTH CAROLINA,FOURTH CIRCUIT,1935,776,11,1,1147,41,21,11,1,8,1894,755,0,1139
2007-06-30,NORTH CAROLINA MIDDLE,NORTH CAROLINA,FOURTH CIRCUIT,1359,617,3,3,736,31,17,3,3,8,1328,600,0,728
2007-06-30,NORTH CAROLINA WESTERN,NORTH CAROLINA,FOURTH CIRCUIT,1448,864,12,0,572,45,32,12,0,1,1403,832,0,571
2007-06-30,NORTH DAKOTA,NORTH DAKOTA,EIGHTH CIRCUIT,311,276,0,2,33,18,13,0,2,3,293,263,0,30
2007-06-30,NORTHERN MARIANAS,NORTHERN MARIANA ISLANDS,NINTH CIRCUIT,1,0,0,0,1,0,0,0,0,0,1,0,0,1
2007-06-30,OHIO NORTHERN,OHIO,SIXTH CIRCUIT,7550,5267,21,0,2262,172,123,21,0,28,7378,5144,0,2234
2007-06-30,OHIO SOUTHERN,OHIO,SIXTH CIRCUIT,6145,4041,10,1,2093,124,89,10,1,24,6021,3952,0,2069
2007-06-30,OKLAHOMA EASTERN,OKLAHOMA,TENTH CIRCUIT,379,315,1,0,62,11,9,1,0,0,368,306,0,62
2007-06-30,OKLAHOMA NORTHERN,OKLAHOMA,TENTH CIRCUIT,676,564,1,0,111,29,22,1,0,6,647,542,0,105
2007-06-30,OKLAHOMA WESTERN,OKLAHOMA,TENTH CIRCUIT,1335,983,2,0,350,35,31,2,0,2,1300,952,0,348
2007-06-30,OREGON,OREGON,NINTH CIRCUIT,2463,1821,6,0,636,71,49,5,0,17,2392,1772,1,619
2007-06-30,PENNSYLVANIA EASTERN,PENNSYLVANIA,THIRD CIRCUIT,2451,1302,20,0,1129,72,36,18,0,18,2379,1266,2,1111
2007-06-30,PENNSYLVANIA MIDDLE,PENNSYLVANIA,THIRD CIRCUIT,1935,1241,10,4,680,52,27,10,4,11,1883,1214,0,669
2007-06-30,PENNSYLVANIA WESTERN,PENNSYLVANIA,THIRD CIRCUIT,3170,2167,37,1,965,121,68,33,1,19,3049,2099,4,946
2007-06-30,PUERTO RICO,PUERTO RICO,FIRST CIRCUIT,1948,464,14,3,1467,59,25,7,3,24,1889,439,7,1443
2007-06-30,RHODE ISLAND,RHODE ISLAND,FIRST CIRCUIT,672,531,0,0,141,16,14,0,0,2,656,517,0,139
2007-06-30,SOUTH CAROLINA,SOUTH CAROLINA,FOURTH CIRCUIT,1793,624,15,0,1153,42,26,13,0,2,1751,598,2,1151
2007-06-30,SOUTH DAKOTA,SOUTH DAKOTA,EIGHTH CIRCUIT,376,321,1,0,54,19,13,1,0,5,357,308,0,49
2007-06-30,TENNESSEE EASTERN,TENNESSEE,SIXTH CIRCUIT,2863,1518,6,1,1338,51,37,6,1,7,2812,1481,0,1331
2007-06-30,TENNESSEE MIDDLE,TENNESSEE,SIXTH CIRCUIT,2329,1070,13,1,1245,39,25,10,1,3,2290,1045,3,1242
2007-06-30,TENNESSEE WESTERN,TENNESSEE,SIXTH CIRCUIT,4270,999,6,0,3265,37,27,5,0,5,4233,972,1,3260
2007-06-30,TEXAS EASTERN,TEXAS,FIFTH CIRCUIT,1466,783,13,4,666,106,80,13,4,9,1360,703,0,657
2007-06-30,TEXAS NORTHERN,TEXAS,FIFTH CIRCUIT,3676,1606,37,0,2033,203,135,37,0,31,3473,1471,0,2002
2007-06-30,TEXAS SOUTHERN,TEXAS,FIFTH CIRCUIT,2944,1260,48,7,1629,169,97,48,7,17,2775,1163,0,1612
2007-06-30,TEXAS WESTERN,TEXAS,FIFTH CIRCUIT,2260,1169,31,0,1060,115,70,30,0,15,2145,1099,1,1045
2007-06-30,UTAH,UTAH,TENTH CIRCUIT,1660,996,3,0,661,42,31,3,0,8,1618,965,0,653
2007-06-30,VERMONT,VERMONT,SECOND CIRCUIT,231,172,1,1,57,17,12,1,1,3,214,160,0,54
2007-06-30,VIRGIN ISLANDS,VIRGIN ISLANDS,THIRD CIRCUIT,6,6,0,0,0,2,2,0,0,0,4,4,0,0
2007-06-30,VIRGINIA EASTERN,VIRGINIA,FOURTH CIRCUIT,3146,1816,20,0,1310,82,61,15,0,6,3064,1755,5,1304
2007-06-30,VIRGINIA WESTERN,VIRGINIA,FOURTH CIRCUIT,1406,927,2,1,476,50,43,2,1,4,1356,884,0,472
2007-06-30,WASHINGTON EASTERN,WASHINGTON,NINTH CIRCUIT,1069,783,8,2,276,42,24,8,2,8,1027,759,0,268
2007-06-30,WASHINGTON WESTERN,WASHINGTON,NINTH CIRCUIT,2769,1914,22,2,831,70,41,17,2,10,2699,1873,5,821
2007-06-30,WEST VIRGINIA NORTHERN,WEST VIRGINIA,FOURTH CIRCUIT,467,410,3,0,54,15,11,3,0,1,452,399,0,53
2007-06-30,WEST VIRGINIA SOUTHERN,WEST VIRGINIA,FOURTH CIRCUIT,680,590,4,0,86,11,7,4,0,0,669,583,0,86
2007-06-30,WISCONSIN EASTERN,WISCONSIN,SEVENTH CIRCUIT,2854,2059,6,0,789,60,49,6,0,5,2794,2010,0,784
2007-06-30,WISCONSIN WESTERN,WISCONSIN,SEVENTH CIRCUIT,1316,1079,5,5,227,41,25,5,5,6,1275,1054,0,221
2007-06-30,WYOMING,WYOMING,TENTH CIRCUIT,221,180,3,0,38,11,8,3,0,0,210,172,0,38
2007-09-30,ALABAMA MIDDLE,ALABAMA,ELEVENTH CIRCUIT,1492,349,6,1,1136,35,26,6,1,2,1457,323,0,1134
2007-09-30,ALABAMA NORTHERN,ALABAMA,ELEVENTH CIRCUIT,3721,1381,10,2,2328,42,27,7,2,6,3679,1354,3,2322
2007-09-30,ALABAMA SOUTHERN,ALABAMA,ELEVENTH CIRCUIT,1063,260,2,1,800,4,2,0,1,1,1059,258,2,799
2007-09-30,ALASKA,ALASKA,NINTH CIRCUIT,167,134,2,0,31,12,6,2,0,4,155,128,0,27
2007-09-30,ARIZONA,ARIZONA,NINTH CIRCUIT,2896,2235,52,0,609,128,72,48,0,8,2768,2163,4,601
2007-09-30,ARKANSAS EASTERN,ARKANSAS,EIGHTH CIRCUIT,1928,879,11,1,1037,46,32,10,1,3,1882,847,1,1034
2007-09-30,ARKANSAS WESTERN,ARKANSAS,EIGHTH CIRCUIT,1127,609,5,1,512,41,28,5,1,7,1086,581,0,505
2007-09-30,CALIFORNIA CENTRAL,CALIFORNIA,NINTH CIRCUIT,8725,6574,90,0,2060,428,327,78,0,22,8297,6247,12,2038
2007-09-30,CALIFORNIA EASTERN,CALIFORNIA,NINTH CIRCUIT,4741,3515,23,2,1201,216,155,19,2,40,4525,3360,4,1161
2007-09-30,CALIFORNIA NORTHERN,CALIFORNIA,NINTH CIRCUIT,3226,1899,49,0,1278,165,116,27,0,22,3061,1783,22,1256
2007-09-30,CALIFORNIA SOUTHERN,CALIFORNIA,NINTH CIRCUIT,2086,1657,13,0,416,83,68,12,0,3,2003,1589,1,413
2007-09-30,COLORADO,COLORADO,TENTH CIRCUIT,4145,3441,30,0,674,184,147,30,0,7,3961,3294,0,667
2007-09-30,CONNECTICUT,CONNECTICUT,SECOND CIRCUIT,1542,1111,24,0,407,64,40,22,0,2,1478,1071,2,405
2007-09-30,DELAWARE,DELAWARE,THIRD CIRCUIT,543,256,80,0,204,111,27,79,0,2,432,229,1,202
2007-09-30,DISTRICT OF COLUMBIA,DISTRICT OF COLUMBIA,DC CIRCUIT,170,92,4,0,74,6,2,4,0,0,164,90,0,74
2007-09-30,FLORIDA MIDDLE,FLORIDA,ELEVENTH CIRCUIT,7026,4273,65,2,2686,279,194,60,2,23,6747,4079,5,2663
2007-09-30,FLORIDA NORTHERN,FLORIDA,ELEVENTH CIRCUIT,657,469,5,2,181,28,21,3,2,2,629,448,2,179
2007-09-30,FLORIDA SOUTHERN,FLORIDA,ELEVENTH CIRCUIT,3169,2245,62,1,860,190,121,59,1,9,2979,2124,3,851
2007-09-30,GEORGIA MIDDLE,GEORGIA,ELEVENTH CIRCUIT,2518,765,5,0,1748,34,22,5,0,7,2484,743,0,1741
2007-09-30,GEORGIA NORTHERN,GEORGIA,ELEVENTH CIRCUIT,8332,3780,57,0,4495,289,135,53,0,101,8043,3645,4,4394
2007-09-30,GEORGIA SOUTHERN,GEORGIA,ELEVENTH CIRCUIT,2291,416,6,1,1868,45,28,6,1,10,2246,388,0,1858
2007-09-30,GUAM,GUAM,NINTH CIRCUIT,35,32,1,0,2,1,0,1,0,0,34,32,0,2
2007-09-30,HAWAII,HAWAII,NINTH CIRCUIT,339,265,2,0,72,11,8,2,0,1,328,257,0,71
2007-09-30,IDAHO,IDAHO,NINTH CIRCUIT,968,770,9,0,189,36,26,9,0,1,932,744,0,188
2007-09-30,ILLINOIS CENTRAL,ILLINOIS,SEVENTH CIRCUIT,1943,1442,3,1,497,44,38,3,1,2,1899,1404,0,495
2007-09-30,ILLINOIS NORTHERN,ILLINOIS,SEVENTH CIRCUIT,7175,4480,31,0,2664,183,151,28,0,4,6992,4329,3,2660
2007-09-30,ILLINOIS SOUTHERN,ILLINOIS,SEVENTH CIRCUIT,1309,673,2,1,633,31,19,2,1,9,1278,654,0,624
2007-09-30,INDIANA NORTHERN,INDIANA,SEVENTH CIRCUIT,3124,2265,15,1,843,51,33,13,1,4,3073,2232,2,839
2007-09-30,INDIANA SOUTHERN,INDIANA,SEVENTH CIRCUIT,5136,3407,17,0,1712,91,68,15,0,8,5045,3339,2,1704
2007-09-30,IOWA NORTHERN,IOWA,EIGHTH CIRCUIT,640,596,2,1,41,30,27,2,1,0,610,569,0,41
2007-09-30,IOWA SOUTHERN,IOWA,EIGHTH CIRCUIT,1191,1018,2,0,171,43,38,2,0,3,1148,980,0,168
2007-09-30,KANSAS,KANSAS,TENTH CIRCUIT,2074,1370,10,6,688,62,35,10,6,11,2012,1335,0,677
2007-09-30,KENTUCKY EASTERN,KENTUCKY,SIXTH CIRCUIT,1948,1363,8,0,577,47,34,8,0,5,1901,1329,0,572
2007-09-30,KENTUCKY WESTERN,KENTUCKY,SIXTH CIRCUIT,2362,1604,3,0,755,27,20,3,0,4,2335,1584,0,751
2007-09-30,LOUISIANA EASTERN,LOUISIANA,FIFTH CIRCUIT,654,295,6,0,353,24,18,5,0,1,630,277,1,352
2007-09-30,LOUISIANA MIDDLE,LOUISIANA,FIFTH CIRCUIT,483,215,3,0,265,13,8,3,0,2,470,207,0,263
2007-09-30,LOUISIANA WESTERN,LOUISIANA,FIFTH CIRCUIT,2508,655,25,2,1826,84,22,23,2,37,2424,633,2,1789
2007-09-30,MAINE,MAINE,FIRST CIRCUIT,577,454,3,0,120,32,24,3,0,5,545,430,0,115
2007-09-30,MARYLAND,MARYLAND,FOURTH CIRCUIT,3621,1838,26,0,1757,77,57,18,0,2,3544,1781,8,1755
2007-09-30,MASSACHUSETTS,MASSACHUSETTS,FIRST CIRCUIT,3558,2335,41,0,1182,91,56,33,0,2,3467,2279,8,1180
2007-09-30,MICHIGAN EASTERN,MICHIGAN,SIXTH CIRCUIT,9242,6139,31,3,3069,194,149,26,3,16,9048,5990,5,3053
2007-09-30,MICHIGAN WESTERN,MICHIGAN,SIXTH CIRCUIT,2633,2118,8,0,507,94,72,8,0,14,2539,2046,0,493
2007-09-30,MINNESOTA,MINNESOTA,EIGHTH CIRCUIT,2944,2350,11,0,583,131,115,10,0,6,2813,2235,1,577
2007-09-30,MISSISSIPPI NORTHERN,MISSISSIPPI,FIFTH CIRCUIT,1308,553,3,1,751,34,25,3,1,5,1274,528,0,746
2007-09-30,MISSISSIPPI SOUTHERN,MISSISSIPPI,FIFTH CIRCUIT,1600,684,10,1,905,32,19,10,1,2,1568,665,0,903
2007-09-30,MISSOURI EASTERN,MISSOURI,EIGHTH CIRCUIT,2747,1668,7,1,1071,42,27,7,1,7,2705,1641,0,1064
2007-09-30,MISSOURI WESTERN,MISSOURI,EIGHTH CIRCUIT,2777,1934,8,1,834,51,35,7,1,8,2726,1899,1,826
2007-09-30,MONTANA,MONTANA,NINTH CIRCUIT,390,288,5,4,93,14,6,4,4,0,376,282,1,93
2007-09-30,NEBRASKA,NEBRASKA,EIGHTH CIRCUIT,1323,939,3,0,381,51,41,3,0,7,1272,898,0,374
2007-09-30,NEVADA,NEVADA,NINTH CIRCUIT,2856,1773,31,0,1052,94,59,29,0,6,2762,1714,2,1046
2007-09-30,NEW HAMPSHIRE,NEW HAMPSHIRE,FIRST CIRCUIT,776,570,5,0,201,90,70,4,0,16,686,500,1,185
2007-09-30,NEW JERSEY,NEW JERSEY,THIRD CIRCUIT,5036,3160,72,1,1803,214,135,63,1,15,4822,3025,9,1788
2007-09-30,NEW MEXICO,NEW MEXICO,TENTH CIRCUIT,866,762,10,0,93,47,31,9,0,6,819,731,1,87
2007-09-30,NEW YORK EASTERN,NEW YORK,SECOND CIRCUIT,3191,2296,28,0,867,64,39,24,0,1,3127,2257,4,866
2007-09-30,NEW YORK NORTHERN,NEW YORK,SECOND CIRCUIT,2415,1701,4,4,706,41,24,4,4,9,2374,1677,0,697
2007-09-30,NEW YORK SOUTHERN,NEW YORK,SECOND CIRCUIT,1943,1383,106,0,433,180,57,98,0,4,1763,1326,8,429
2007-09-30,NEW YORK WESTERN,NEW YORK,SECOND CIRCUIT,2089,1476,7,0,606,51,34,6,0,11,2038,1442,1,595
2007-09-30,NORTH CAROLINA EASTERN,NORTH CAROLINA,FOURTH CIRCUIT,2027,683,17,1,1326,64,37,15,1,11,1963,646,2,1315
2007-09-30,NORTH CAROLINA MIDDLE,NORTH CAROLINA,FOURTH CIRCUIT,1534,651,2,0,881,39,28,2,0,9,1495,623,0,872
2007-09-30,NORTH CAROLINA WESTERN,NORTH CAROLINA,FOURTH CIRCUIT,1412,770,11,0,631,43,35,5,0,3,1369,735,6,628
2007-09-30,NORTH DAKOTA,NORTH DAKOTA,EIGHTH CIRCUIT,299,255,0,1,43,14,11,0,1,2,285,244,0,41
2007-09-30,NORTHERN MARIANAS,NORTHERN MARIANA ISLANDS,NINTH CIRCUIT,5,5,0,0,0,1,1,0,0,0,4,4,0,0
2007-09-30,OHIO NORTHERN,OHIO,SIXTH CIRCUIT,7151,5064,11,0,2076,173,133,11,0,29,6978,4931,0,2047
2007-09-30,OHIO SOUTHERN,OHIO,SIXTH CIRCUIT,5902,3700,9,0,2193,144,100,9,0,35,5758,3600,0,2158
2007-09-30,OKLAHOMA EASTERN,OKLAHOMA,TENTH CIRCUIT,384,318,0,0,66,11,11,0,0,0,373,307,0,66
2007-09-30,OKLAHOMA NORTHERN,OKLAHOMA,TENTH CIRCUIT,707,608,1,0,98,33,32,0,0,1,674,576,1,97
2007-09-30,OKLAHOMA WESTERN,OKLAHOMA,TENTH CIRCUIT,1318,950,9,5,354,53,34,9,5,5,1265,916,0,349
2007-09-30,OREGON,OREGON,NINTH CIRCUIT,2408,1740,5,0,663,63,46,4,0,13,2345,1694,1,650
2007-09-30,PENNSYLVANIA EASTERN,PENNSYLVANIA,THIRD CIRCUIT,2588,1341,13,0,1234,74,56,13,0,5,2514,1285,0,1229
2007-09-30,PENNSYLVANIA MIDDLE,PENNSYLVANIA,THIRD CIRCUIT,2031,1283,7,2,739,48,29,7,2,10,1983,1254,0,729
2007-09-30,PENNSYLVANIA WESTERN,PENNSYLVANIA,THIRD CIRCUIT,3024,2038,39,4,943,119,56,37,4,22,2905,1982,2,921
2007-09-30,PUERTO RICO,PUERTO RICO,FIRST CIRCUIT,2032,467,23,3,1539,68,22,21,3,22,1964,445,2,1517
2007-09-30,RHODE ISLAND,RHODE ISLAND,FIRST CIRCUIT,768,585,4,0,179,31,24,4,0,3,737,561,0,176
2007-09-30,SOUTH CAROLINA,SOUTH CAROLINA,FOURTH CIRCUIT,1852,596,14,0,1242,34,19,11,0,4,1818,577,3,1238
2007-09-30,SOUTH DAKOTA,SOUTH DAKOTA,EIGHTH CIRCUIT,336,279,0,0,57,25,18,0,0,7,311,261,0,50
2007-09-30,TENNESSEE EASTERN,TENNESSEE,SIXTH CIRCUIT,3188,1634,11,1,1542,61,47,10,1,3,3127,1587,1,1539
2007-09-30,TENNESSEE MIDDLE,TENNESSEE,SIXTH CIRCUIT,2645,1104,22,0,1519,49,30,15,0,4,2596,1074,7,1515
2007-09-30,TENNESSEE WESTERN,TENNESSEE,SIXTH CIRCUIT,4643,973,10,1,3659,41,19,8,1,13,4602,954,2,3646
2007-09-30,TEXAS EASTERN,TEXAS,FIFTH CIRCUIT,1546,753,10,3,780,101,83,8,3,7,1445,670,2,773
2007-09-30,TEXAS NORTHERN,TEXAS,FIFTH CIRCUIT,3877,1561,46,1,2269,227,151,45,1,30,3650,1410,1,2239
2007-09-30,TEXAS SOUTHERN,TEXAS,FIFTH CIRCUIT,3193,1268,40,1,1884,174,121,38,1,14,3019,1147,2,1870
2007-09-30,TEXAS WESTERN,TEXAS,FIFTH CIRCUIT,2558,1264,30,0,1264,157,109,29,0,19,2401,1155,1,1245
2007-09-30,UTAH,UTAH,TENTH CIRCUIT,1693,974,11,1,707,58,39,10,1,8,1635,935,1,699
2007-09-30,VERMONT,VERMONT,SECOND CIRCUIT,251,168,0,0,83,22,14,0,0,8,229,154,0,75
2007-09-30,VIRGIN ISLANDS,VIRGIN ISLANDS,THIRD CIRCUIT,6,1,3,0,2,3,0,3,0,0,3,1,0,2
2007-09-30,VIRGINIA EASTERN,VIRGINIA,FOURTH CIRCUIT,3520,1987,27,0,1506,100,75,21,0,4,3420,1912,6,1502
2007-09-30,VIRGINIA WESTERN,VIRGINIA,FOURTH CIRCUIT,1389,880,5,0,504,35,28,5,0,2,1354,852,0,502
2007-09-30,WASHINGTON EASTERN,WASHINGTON,NINTH CIRCUIT,1092,833,5,0,254,43,28,5,0,10,1049,805,0,244
2007-09-30,WASHINGTON WESTERN,WASHINGTON,NINTH CIRCUIT,2874,1938,18,1,917,73,44,15,1,13,2801,1894,3,904
2007-09-30,WEST VIRGINIA NORTHERN,WEST VIRGINIA,FOURTH CIRCUIT,423,360,3,0,60,27,23,3,0,1,396,337,0,59
2007-09-30,WEST VIRGINIA SOUTHERN,WEST VIRGINIA,FOURTH CIRCUIT,691,627,5,0,59,16,11,5,0,0,675,616,0,59
2007-09-30,WISCONSIN EASTERN,WISCONSIN,SEVENTH CIRCUIT,2702,1900,7,2,793,57,44,5,2,6,2645,1856,2,787
2007-09-30,WISCONSIN WESTERN,WISCONSIN,SEVENTH CIRCUIT,1293,1072,5,2,214,46,35,3,2,6,1247,1037,2,208
2007-09-30,WYOMING,WYOMING,TENTH CIRCUIT,201,167,1,0,33,8,7,1,0,0,193,160,0,33
2007-12-31,ALABAMA MIDDLE,ALABAMA,ELEVENTH CIRCUIT,1395,337,3,1,1054,15,11,3,1,0,1380,326,0,1054
2007-12-31,ALABAMA NORTHERN,ALABAMA,ELEVENTH CIRCUIT,3712,1457,10,1,2244,47,38,8,1,0,3665,1419,2,2244
2007-12-31,ALABAMA SOUTHERN,ALABAMA,ELEVENTH CIRCUIT,1191,282,6,0,903,15,8,6,0,1,1176,274,0,902
2007-12-31,ALASKA,ALASKA,NINTH CIRCUIT,177,145,4,0,28,20,15,3,0,2,157,130,1,26
2007-12-31,ARIZONA,ARIZONA,NINTH CIRCUIT,3168,2413,73,3,679,146,74,62,3,7,3022,2339,11,672
2007-12-31,ARKANSAS EASTERN,ARKANSAS,EIGHTH CIRCUIT,1893,879,4,1,1009,39,28,4,1,6,1854,851,0,1003
2007-12-31,ARKANSAS WESTERN,ARKANSAS,EIGHTH CIRCUIT,1137,596,12,1,528,81,48,12,1,20,1056,548,0,508
2007-12-31,CALIFORNIA CENTRAL,CALIFORNIA,NINTH CIRCUIT,10481,7821,112,0,2547,562,438,94,0,29,9919,7383,18,2518
2007-12-31,CALIFORNIA EASTERN,CALIFORNIA,NINTH CIRCUIT,5408,4147,32,1,1228,208,141,29,1,37,5200,4006,3,1191
2007-12-31,CALIFORNIA NORTHERN,CALIFORNIA,NINTH CIRCUIT,3667,2208,61,0,1398,177,118,42,0,17,3490,2090,19,1381
2007-12-31,CALIFORNIA SOUTHERN,CALIFORNIA,NINTH CIRCUIT,2202,1761,7,0,434,78,65,6,0,7,2124,1696,1,427
2007-12-31,COLORADO,COLORADO,TENTH CIRCUIT,4183,3506,13,0,664,169,151,13,0,5,4014,3355,0,659
2007-12-31,CONNECTICUT,CONNECTICUT,SECOND CIRCUIT,1546,1089,65,0,392,108,45,61,0,2,1438,1044,4,390
2007-12-31,DELAWARE,DELAWARE,THIRD CIRCUIT,537,268,66,1,202,95,26,66,1,2,442,242,0,200
2007-12-31,DISTRICT OF COLUMBIA,DISTRICT OF COLUMBIA,DC CIRCUIT,205,99,6,0,100,9,3,6,0,0,196,96,0,100
2007-12-31,FLORIDA MIDDLE,FLORIDA,ELEVENTH CIRCUIT,7917,4818,60,3,3035,374,282,54,3,34,7543,4536,6,3001
2007-12-31,FLORIDA NORTHERN,FLORIDA,ELEVENTH CIRCUIT,713,519,6,0,188,30,22,6,0,2,683,497,0,186
2007-12-31,FLORIDA SOUTHERN,FLORIDA,ELEVENTH CIRCUIT,3667,2537,75,0,1055,260,167,72,0,21,3407,2370,3,1034
2007-12-31,GEORGIA MIDDLE,GEORGIA,ELEVENTH CIRCUIT,2499,790,8,2,1699,52,35,8,2,7,2447,755,0,1692
2007-12-31,GEORGIA NORTHERN,GEORGIA,ELEVENTH CIRCUIT,8967,4131,54,2,4780,311,185,51,2,73,8656,3946,3,4707
2007-12-31,GEORGIA SOUTHERN,GEORGIA,ELEVENTH CIRCUIT,2260,444,8,0,1808,35,19,8,0,8,2225,425,0,1800
2007-12-31,GUAM,GUAM,NINTH CIRCUIT,29,29,0,0,0,0,0,0,0,0,29,29,0,0
2007-12-31,HAWAII,HAWAII,NINTH CIRCUIT,359,281,5,0,73,14,10,3,0,1,345,271,2,72
2007-12-31,IDAHO,IDAHO,NINTH CIRCUIT,930,746,4,1,179,30,22,3,1,4,900,724,1,175
2007-12-31,ILLINOIS CENTRAL,ILLINOIS,SEVENTH CIRCUIT,1951,1470,6,0,475,42,32,6,0,4,1909,1438,0,471
2007-12-31,ILLINOIS NORTHERN,ILLINOIS,SEVENTH CIRCUIT,7775,4865,42,0,2868,212,167,39,0,6,7563,4698,3,2862
2007-12-31,ILLINOIS SOUTHERN,ILLINOIS,SEVENTH CIRCUIT,1269,683,2,1,583,30,21,1,1,7,1239,662,1,576
2007-12-31,INDIANA NORTHERN,INDIANA,SEVENTH CIRCUIT,2928,2116,6,5,801,66,53,6,5,2,2862,2063,0,799
2007-12-31,INDIANA SOUTHERN,INDIANA,SEVENTH CIRCUIT,5025,3244,13,1,1767,106,84,11,1,10,4919,3160,2,1757
2007-12-31,IOWA NORTHERN,IOWA,EIGHTH CIRCUIT,639,607,1,1,30,24,21,1,1,1,615,586,0,29
2007-12-31,IOWA SOUTHERN,IOWA,EIGHTH CIRCUIT,1143,1015,1,0,127,33,32,1,0,0,1110,983,0,127
2007-12-31,KANSAS,KANSAS,TENTH CIRCUIT,1986,1283,9,0,694,55,36,9,0,10,1931,1247,0,684
2007-12-31,KENTUCKY EASTERN,KENTUCKY,SIXTH CIRCUIT,1959,1390,4,0,565,49,38,4,0,7,1910,1352,0,558
2007-12-31,KENTUCKY WESTERN,KENTUCKY,SIXTH CIRCUIT,2473,1742,14,0,717,39,21,14,0,4,2434,1721,0,713
2007-12-31,LOUISIANA EASTERN,LOUISIANA,FIFTH CIRCUIT,771,326,29,0,416,53,19,28,0,6,718,307,1,410
2007-12-31,LOUISIANA MIDDLE,LOUISIANA,FIFTH CIRCUIT,471,216,4,0,251,10,6,4,0,0,461,210,0,251
2007-12-31,LOUISIANA WESTERN,LOUISIANA,FIFTH CIRCUIT,2568,625,10,0,1933,96,39,10,0,47,2472,586,0,1886
2007-12-31,MAINE,MAINE,FIRST CIRCUIT,564,440,2,5,117,42,34,1,5,2,522,406,1,115
2007-12-31,MARYLAND,MARYLAND,FOURTH CIRCUIT,3878,1982,47,0,1849,82,49,28,0,5,3796,1933,19,1844
2007-12-31,MASSACHUSETTS,MASSACHUSETTS,FIRST CIRCUIT,3353,2363,26,2,961,72,41,24,2,4,3281,2322,2,957
2007-12-31,MICHIGAN EASTERN,MICHIGAN,SIXTH CIRCUIT,9347,6466,36,2,2843,218,166,34,2,16,9129,6300,2,2827
2007-12-31,MICHIGAN WESTERN,MICHIGAN,SIXTH CIRCUIT,2739,2264,5,2,468,113,100,5,2,6,2626,2164,0,462
2007-12-31,MINNESOTA,MINNESOTA,EIGHTH CIRCUIT,3337,2689,9,1,638,136,120,9,1,6,3201,2569,0,632
2007-12-31,MISSISSIPPI NORTHERN,MISSISSIPPI,FIFTH CIRCUIT,1268,561,10,0,697,36,24,10,0,2,1232,537,0,695
2007-12-31,MISSISSIPPI SOUTHERN,MISSISSIPPI,FIFTH CIRCUIT,1641,664,5,1,971,33,23,5,1,4,1608,641,0,967
2007-12-31,MISSOURI EASTERN,MISSOURI,EIGHTH CIRCUIT,2716,1686,10,0,1020,69,54,9,0,6,2647,1632,1,1014
2007-12-31,MISSOURI WESTERN,MISSOURI,EIGHTH CIRCUIT,2746,1927,14,0,805,66,47,14,0,5,2680,1880,0,800
2007-12-31,MONTANA,MONTANA,NINTH CIRCUIT,387,305,3,0,79,13,12,0,0,1,374,293,3,78
2007-12-31,NEBRASKA,NEBRASKA,EIGHTH CIRCUIT,1366,994,10,2,360,54,38,9,2,5,1312,956,1,355
2007-12-31,NEVADA,NEVADA,NINTH CIRCUIT,3173,1965,34,0,1174,89,54,33,0,2,3084,1911,1,1172
2007-12-31,NEW HAMPSHIRE,NEW HAMPSHIRE,FIRST CIRCUIT,774,545,2,1,226,62,46,2,1,13,712,499,0,213
2007-12-31,NEW JERSEY,NEW JERSEY,THIRD CIRCUIT,5256,3369,77,0,1810,230,145,72,0,13,5026,3224,5,1797
2007-12-31,NEW MEXICO,NEW MEXICO,TENTH CIRCUIT,907,803,7,0,97,42,32,6,0,4,865,771,1,93
2007-12-31,NEW YORK EASTERN,NEW YORK,SECOND CIRCUIT,3461,2544,32,0,885,92,58,28,0,6,3369,2486,4,879
2007-12-31,NEW YORK NORTHERN,NEW YORK,SECOND CIRCUIT,2401,1659,9,1,732,63,37,9,1,16,2338,1622,0,716
2007-12-31,NEW YORK SOUTHERN,NEW YORK,SECOND CIRCUIT,2012,1519,59,0,430,123,54,57,0,8,1889,1465,2,422
2007-12-31,NEW YORK WESTERN,NEW YORK,SECOND CIRCUIT,2037,1362,19,1,655,70,43,19,1,7,1967,1319,0,648
2007-12-31,NORTH CAROLINA EASTERN,NORTH CAROLINA,FOURTH CIRCUIT,2119,709,14,1,1395,71,53,10,1,7,2048,656,4,1388
2007-12-31,NORTH CAROLINA MIDDLE,NORTH CAROLINA,FOURTH CIRCUIT,1510,673,5,2,830,52,41,5,2,4,1458,632,0,826
2007-12-31,NORTH CAROLINA WESTERN,NORTH CAROLINA,FOURTH CIRCUIT,1454,798,14,0,642,54,34,13,0,7,1400,764,1,635
2007-12-31,NORTH DAKOTA,NORTH DAKOTA,EIGHTH CIRCUIT,333,298,1,0,34,13,12,1,0,0,320,286,0,34
2007-12-31,NORTHERN MARIANAS,NORTHERN MARIANA ISLANDS,NINTH CIRCUIT,7,7,0,0,0,1,1,0,0,0,6,6,0,0
2007-12-31,OHIO NORTHERN,OHIO,SIXTH CIRCUIT,6727,4639,17,1,2070,179,135,16,1,27,6548,4504,1,2043
2007-12-31,OHIO SOUTHERN,OHIO,SIXTH CIRCUIT,5838,3569,71,1,2197,225,118,71,1,35,5613,3451,0,2162
2007-12-31,OKLAHOMA EASTERN,OKLAHOMA,TENTH CIRCUIT,368,305,0,1,62,10,8,0,1,1,358,297,0,61
2007-12-31,OKLAHOMA NORTHERN,OKLAHOMA,TENTH CIRCUIT,642,538,6,0,98,36,32,3,0,1,606,506,3,97
2007-12-31,OKLAHOMA WESTERN,OKLAHOMA,TENTH CIRCUIT,1193,839,3,3,348,39,31,3,3,2,1154,808,0,346
2007-12-31,OREGON,OREGON,NINTH CIRCUIT,2350,1672,6,2,670,67,37,5,2,23,2283,1635,1,647
2007-12-31,PENNSYLVANIA EASTERN,PENNSYLVANIA,THIRD CIRCUIT,2490,1333,19,0,1138,83,53,18,0,12,2407,1280,1,1126
2007-12-31,PENNSYLVANIA MIDDLE,PENNSYLVANIA,THIRD CIRCUIT,1933,1233,12,1,687,62,40,11,1,10,1871,1193,1,677
2007-12-31,PENNSYLVANIA WESTERN,PENNSYLVANIA,THIRD CIRCUIT,2974,2058,42,3,871,144,84,40,3,17,2830,1974,2,854
2007-12-31,PUERTO RICO,PUERTO RICO,FIRST CIRCUIT,2033,427,24,6,1576,72,25,19,6,22,1961,402,5,1554
2007-12-31,RHODE ISLAND,RHODE ISLAND,FIRST CIRCUIT,791,622,2,0,167,35,32,2,0,1,756,590,0,166
2007-12-31,SOUTH CAROLINA,SOUTH CAROLINA,FOURTH CIRCUIT,1875,613,19,0,1243,39,26,12,0,1,1836,587,7,1242
2007-12-31,SOUTH DAKOTA,SOUTH DAKOTA,EIGHTH CIRCUIT,343,295,1,0,47,25,19,1,0,5,318,276,0,42
2007-12-31,TENNESSEE EASTERN,TENNESSEE,SIXTH CIRCUIT,3412,1774,10,1,1627,38,25,8,1,4,3374,1749,2,1623
2007-12-31,TENNESSEE MIDDLE,TENNESSEE,SIXTH CIRCUIT,2495,1125,18,0,1352,46,26,14,0,6,2449,1099,4,1346
2007-12-31,TENNESSEE WESTERN,TENNESSEE,SIXTH CIRCUIT,4710,992,11,0,3707,36,19,10,0,7,4674,973,1,3700
2007-12-31,TEXAS EASTERN,TEXAS,FIFTH CIRCUIT,1634,791,15,2,826,98,68,14,2,14,1536,723,1,812
2007-12-31,TEXAS NORTHERN,TEXAS,FIFTH CIRCUIT,3982,1495,63,0,2424,253,159,59,0,35,3729,1336,4,2389
2007-12-31,TEXAS SOUTHERN,TEXAS,FIFTH CIRCUIT,3247,1279,35,3,1930,168,115,29,3,21,3079,1164,6,1909
2007-12-31,TEXAS WESTERN,TEXAS,FIFTH CIRCUIT,2382,1057,31,0,1294,149,93,30,0,26,2233,964,1,1268
2007-12-31,UTAH,UTAH,TENTH CIRCUIT,1685,922,10,0,753,56,44,8,0,4,1629,878,2,749
2007-12-31,VERMONT,VERMONT,SECOND CIRCUIT,231,173,0,0,58,10,8,0,0,2,221,165,0,56
2007-12-31,VIRGIN ISLANDS,VIRGIN ISLANDS,THIRD CIRCUIT,4,3,0,0,1,1,1,0,0,0,3,2,0,1
2007-12-31,VIRGINIA EASTERN,VIRGINIA,FOURTH CIRCUIT,4057,2344,34,2,1677,141,102,27,2,10,3916,2242,7,1667
2007-12-31,VIRGINIA WESTERN,VIRGINIA,FOURTH CIRCUIT,1507,974,10,2,521,56,43,10,2,1,1451,931,0,520
2007-12-31,WASHINGTON EASTERN,WASHINGTON,NINTH CIRCUIT,1084,801,2,0,281,39,30,2,0,7,1045,771,0,274
2007-12-31,WASHINGTON WESTERN,WASHINGTON,NINTH CIRCUIT,3045,2072,21,0,952,110,73,18,0,19,2935,1999,3,933
2007-12-31,WEST VIRGINIA NORTHERN,WEST VIRGINIA,FOURTH CIRCUIT,415,356,2,0,57,22,17,2,0,3,393,339,0,54
2007-12-31,WEST VIRGINIA SOUTHERN,WEST VIRGINIA,FOURTH CIRCUIT,710,627,8,0,75,21,12,7,0,2,689,615,1,73
2007-12-31,WISCONSIN EASTERN,WISCONSIN,SEVENTH CIRCUIT,2735,1924,4,2,805,60,50,4,2,4,2675,1874,0,801
2007-12-31,WISCONSIN WESTERN,WISCONSIN,SEVENTH CIRCUIT,1361,1145,10,1,205,69,49,10,1,9,1292,1096,0,196
2007-12-31,WYOMING,WYOMING,TENTH CIRCUIT,173,138,2,0,33,10,8,2,0,0,163,130,0,33
2008-03-31,ALABAMA MIDDLE,ALABAMA,ELEVENTH CIRCUIT,1388,454,8,3,923,26,15,6,3,2,1362,439,2,921
2008-03-31,ALABAMA NORTHERN,ALABAMA,ELEVENTH CIRCUIT,3799,1816,20,2,1961,71,50,16,2,3,3728,1766,4,1958
2008-03-31,ALABAMA SOUTHERN,ALABAMA,ELEVENTH CIRCUIT,1152,337,9,1,805,17,4,8,1,4,1135,333,1,801
2008-03-31,ALASKA,ALASKA,NINTH CIRCUIT,175,146,2,1,26,25,20,2,1,2,150,126,0,24
2008-03-31,ARIZONA,ARIZONA,NINTH CIRCUIT,3540,2689,74,1,776,186,118,65,1,2,3354,2571,9,774
2008-03-31,ARKANSAS EASTERN,ARKANSAS,EIGHTH CIRCUIT,2099,1092,2,0,1005,51,41,1,0,9,2048,1051,1,996
2008-03-31,ARKANSAS WESTERN,ARKANSAS,EIGHTH CIRCUIT,1293,761,6,0,526,55,39,6,0,10,1238,722,0,516
2008-03-31,CALIFORNIA CENTRAL,CALIFORNIA,NINTH CIRCUIT,12106,9165,98,0,2843,630,520,78,0,32,11476,8645,20,2811
2008-03-31,CALIFORNIA EASTERN,CALIFORNIA,NINTH CIRCUIT,6572,5158,27,3,1384,250,185,22,3,40,6322,4973,5,1344
2008-03-31,CALIFORNIA NORTHERN,CALIFORNIA,NINTH CIRCUIT,4291,2749,69,0,1473,226,151,49,0,26,4065,2598,20,1447
2008-03-31,CALIFORNIA SOUTHERN,CALIFORNIA,NINTH CIRCUIT,2758,2326,4,0,428,103,96,4,0,3,2655,2230,0,425
2008-03-31,COLORADO,COLORADO,TENTH CIRCUIT,4264,3631,25,1,607,174,145,23,1,5,4090,3486,2,602
2008-03-31,CONNECTICUT,CONNECTICUT,SECOND CIRCUIT,1878,1348,20,0,510,73,53,18,0,2,1805,1295,2,508
2008-03-31,DELAWARE,DELAWARE,THIRD CIRCUIT,606,319,60,0,227,83,22,60,0,1,523,297,0,226
2008-03-31,DISTRICT OF COLUMBIA,DISTRICT OF COLUMBIA,DC CIRCUIT,219,105,9,0,105,14,5,8,0,1,205,100,1,104
2008-03-31,FLORIDA MIDDLE,FLORIDA,ELEVENTH CIRCUIT,8902,5625,88,0,3189,394,274,82,0,38,8508,5351,6,3151
2008-03-31,FLORIDA NORTHERN,FLORIDA,ELEVENTH CIRCUIT,931,739,14,1,177,53,36,13,1,3,878,703,1,174
2008-03-31,FLORIDA SOUTHERN,FLORIDA,ELEVENTH CIRCUIT,4104,2879,119,1,1104,340,204,117,1,17,3764,2675,2,1087
2008-03-31,GEORGIA MIDDLE,GEORGIA,ELEVENTH CIRCUIT,2495,995,7,3,1490,69,44,6,3,16,2426,951,1,1474
2008-03-31,GEORGIA NORTHERN,GEORGIA,ELEVENTH CIRCUIT,9074,4837,88,1,4148,349,219,80,1,49,8725,4618,8,4099
2008-03-31,GEORGIA SOUTHERN,GEORGIA,ELEVENTH CIRCUIT,2111,458,12,1,1640,29,10,12,1,6,2082,448,0,1634
2008-03-31,GUAM,GUAM,NINTH CIRCUIT,30,27,0,0,3,1,1,0,0,0,29,26,0,3
2008-03-31,HAWAII,HAWAII,NINTH CIRCUIT,416,326,3,0,87,11,9,1,0,1,405,317,2,86
2008-03-31,IDAHO,IDAHO,NINTH CIRCUIT,988,805,4,5,174,44,31,4,5,4,944,774,0,170
2008-03-31,ILLINOIS CENTRAL,ILLINOIS,SEVENTH CIRCUIT,2140,1665,2,0,473,36,32,2,0,2,2104,1633,0,471
2008-03-31,ILLINOIS NORTHERN,ILLINOIS,SEVENTH CIRCUIT,9045,6120,32,0,2893,197,162,29,0,6,8848,5958,3,2887
2008-03-31,ILLINOIS SOUTHERN,ILLINOIS,SEVENTH CIRCUIT,1323,758,5,0,560,27,19,2,0,6,1296,739,3,554
2008-03-31,INDIANA NORTHERN,INDIANA,SEVENTH CIRCUIT,3187,2319,5,1,862,61,45,3,1,12,3126,2274,2,850
2008-03-31,INDIANA SOUTHERN,INDIANA,SEVENTH CIRCUIT,5462,3562,16,2,1882,119,93,13,2,11,5343,3469,3,1871
2008-03-31,IOWA NORTHERN,IOWA,EIGHTH CIRCUIT,625,594,1,0,30,33,31,1,0,1,592,563,0,29
2008-03-31,IOWA SOUTHERN,IOWA,EIGHTH CIRCUIT,1202,1069,1,1,131,31,28,1,1,1,1171,1041,0,130
2008-03-31,KANSAS,KANSAS,TENTH CIRCUIT,1858,1244,7,5,602,59,39,7,5,8,1799,1205,0,594
2008-03-31,KENTUCKY EASTERN,KENTUCKY,SIXTH CIRCUIT,2488,1849,15,2,622,71,50,15,2,4,2417,1799,0,618
2008-03-31,KENTUCKY WESTERN,KENTUCKY,SIXTH CIRCUIT,2711,2007,5,0,699,35,28,5,0,2,2676,1979,0,697
2008-03-31,LOUISIANA EASTERN,LOUISIANA,FIFTH CIRCUIT,733,356,9,0,368,39,27,9,0,3,694,329,0,365
2008-03-31,LOUISIANA MIDDLE,LOUISIANA,FIFTH CIRCUIT,542,301,2,0,239,13,10,2,0,1,529,291,0,238
2008-03-31,LOUISIANA WESTERN,LOUISIANA,FIFTH CIRCUIT,2771,933,8,2,1828,83,46,8,2,27,2688,887,0,1801
2008-03-31,MAINE,MAINE,FIRST CIRCUIT,588,478,6,1,103,41,30,6,1,4,547,448,0,99
2008-03-31,MARYLAND,MARYLAND,FOURTH CIRCUIT,4564,2510,37,1,2016,107,73,19,1,14,4457,2437,18,2002
2008-03-31,MASSACHUSETTS,MASSACHUSETTS,FIRST CIRCUIT,3973,2845,47,0,1081,85,38,43,0,4,3888,2807,4,1077
2008-03-31,MICHIGAN EASTERN,MICHIGAN,SIXTH CIRCUIT,10442,7809,43,5,2585,263,208,40,5,10,10179,7601,3,2575
2008-03-31,MICHIGAN WESTERN,MICHIGAN,SIXTH CIRCUIT,3016,2565,9,0,442,111,100,7,0,4,2905,2465,2,438
2008-03-31,MINNESOTA,MINNESOTA,EIGHTH CIRCUIT,3618,3016,15,3,584,190,162,14,3,11,3428,2854,1,573
2008-03-31,MISSISSIPPI NORTHERN,MISSISSIPPI,FIFTH CIRCUIT,1341,706,10,0,625,36,22,10,0,4,1305,684,0,621
2008-03-31,MISSISSIPPI SOUTHERN,MISSISSIPPI,FIFTH CIRCUIT,1735,908,3,2,822,42,33,3,2,4,1693,875,0,818
2008-03-31,MISSOURI EASTERN,MISSOURI,EIGHTH CIRCUIT,2743,1712,19,0,1012,74,49,19,0,6,2669,1663,0,1006
2008-03-31,MISSOURI WESTERN,MISSOURI,EIGHTH CIRCUIT,2830,1940,6,1,883,73,58,6,1,8,2757,1882,0,875
2008-03-31,MONTANA,MONTANA,NINTH CIRCUIT,426,353,0,1,72,19,18,0,1,0,407,335,0,72
2008-03-31,NEBRASKA,NEBRASKA,EIGHTH CIRCUIT,1623,1148,6,2,467,61,41,6,2,12,1562,1107,0,455
2008-03-31,NEVADA,NEVADA,NINTH CIRCUIT,3601,2349,31,0,1220,106,68,31,0,6,3495,2281,0,1214
2008-03-31,NEW HAMPSHIRE,NEW HAMPSHIRE,FIRST CIRCUIT,895,663,5,0,227,65,45,3,0,17,830,618,2,210
2008-03-31,NEW JERSEY,NEW JERSEY,THIRD CIRCUIT,5913,3881,93,0,1939,238,139,87,0,12,5675,3742,6,1927
2008-03-31,NEW MEXICO,NEW MEXICO,TENTH CIRCUIT,992,889,9,0,94,41,29,6,0,6,951,860,3,88
2008-03-31,NEW YORK EASTERN,NEW YORK,SECOND CIRCUIT,3488,2551,27,0,910,88,59,22,0,7,3400,2492,5,903
2008-03-31,NEW YORK NORTHERN,NEW YORK,SECOND CIRCUIT,2564,1789,9,0,766,60,41,8,0,11,2504,1748,1,755
2008-03-31,NEW YORK SOUTHERN,NEW YORK,SECOND CIRCUIT,2250,1570,222,0,457,266,39,220,0,6,1984,1531,2,451
2008-03-31,NEW YORK WESTERN,NEW YORK,SECOND CIRCUIT,2140,1478,9,1,652,60,42,8,1,9,2080,1436,1,643
2008-03-31,NORTH CAROLINA EASTERN,NORTH CAROLINA,FOURTH CIRCUIT,2198,782,35,0,1381,71,36,31,0,4,2127,746,4,1377
2008-03-31,NORTH CAROLINA MIDDLE,NORTH CAROLINA,FOURTH CIRCUIT,1536,690,3,0,843,56,44,3,0,9,1480,646,0,834
2008-03-31,NORTH CAROLINA WESTERN,NORTH CAROLINA,FOURTH CIRCUIT,1521,904,11,0,606,56,41,10,0,5,1465,863,1,601
2008-03-31,NORTH DAKOTA,NORTH DAKOTA,EIGHTH CIRCUIT,294,258,0,0,36,11,10,0,0,1,283,248,0,35
2008-03-31,NORTHERN MARIANAS,NORTHERN MARIANA ISLANDS,NINTH CIRCUIT,0,0,0,0,0,0,0,0,0,0,0,0,0,0
2008-03-31,OHIO NORTHERN,OHIO,SIXTH CIRCUIT,6803,4842,26,1,1934,167,119,23,1,24,6636,4723,3,1910
2008-03-31,OHIO SOUTHERN,OHIO,SIXTH CIRCUIT,6287,4024,25,1,2237,174,123,23,1,27,6113,3901,2,2210
2008-03-31,OKLAHOMA EASTERN,OKLAHOMA,TENTH CIRCUIT,409,341,2,0,66,19,16,2,0,1,390,325,0,65
2008-03-31,OKLAHOMA NORTHERN,OKLAHOMA,TENTH CIRCUIT,756,658,2,0,96,24,21,2,0,1,732,637,0,95
2008-03-31,OKLAHOMA WESTERN,OKLAHOMA,TENTH CIRCUIT,1334,961,1,2,370,56,45,1,2,8,1278,916,0,362
2008-03-31,OREGON,OREGON,NINTH CIRCUIT,2564,1869,6,0,689,62,43,6,0,13,2502,1826,0,676
2008-03-31,PENNSYLVANIA EASTERN,PENNSYLVANIA,THIRD CIRCUIT,2845,1550,25,0,1270,86,53,23,0,10,2759,1497,2,1260
2008-03-31,PENNSYLVANIA MIDDLE,PENNSYLVANIA,THIRD CIRCUIT,2106,1392,12,0,702,69,41,12,0,16,2037,1351,0,686
2008-03-31,PENNSYLVANIA WESTERN,PENNSYLVANIA,THIRD CIRCUIT,3123,2163,33,0,927,122,81,29,0,12,3001,2082,4,915
2008-03-31,PUERTO RICO,PUERTO RICO,FIRST CIRCUIT,1996,452,25,7,1512,85,30,22,7,26,1911,422,3,1486
2008-03-31,RHODE ISLAND,RHODE ISLAND,FIRST CIRCUIT,931,750,1,0,180,28,23,1,0,4,903,727,0,176
2008-03-31,SOUTH CAROLINA,SOUTH CAROLINA,FOURTH CIRCUIT,1905,655,17,0,1233,50,26,15,0,9,1855,629,2,1224
2008-03-31,SOUTH DAKOTA,SOUTH DAKOTA,EIGHTH CIRCUIT,334,292,0,0,42,20,17,0,0,3,314,275,0,39
2008-03-31,TENNESSEE EASTERN,TENNESSEE,SIXTH CIRCUIT,3514,2071,15,2,1426,69,43,15,2,9,3445,2028,0,1417
2008-03-31,TENNESSEE MIDDLE,TENNESSEE,SIXTH CIRCUIT,2743,1521,18,0,1204,67,50,12,0,5,2676,1471,6,1199
2008-03-31,TENNESSEE WESTERN,TENNESSEE,SIXTH CIRCUIT,4316,1196,9,0,3111,41,26,8,0,7,4275,1170,1,3104
2008-03-31,TEXAS EASTERN,TEXAS,FIFTH CIRCUIT,1537,781,12,3,741,108,79,12,3,14,1429,702,0,727
2008-03-31,TEXAS NORTHERN,TEXAS,FIFTH CIRCUIT,3789,1631,57,2,2099,242,156,55,2,29,3547,1475,2,2070
2008-03-31,TEXAS SOUTHERN,TEXAS,FIFTH CIRCUIT,2932,1271,51,2,1608,168,102,45,2,19,2764,1169,6,1589
2008-03-31,TEXAS WESTERN,TEXAS,FIFTH CIRCUIT,2531,1324,22,1,1184,128,85,19,1,23,2403,1239,3,1161
2008-03-31,UTAH,UTAH,TENTH CIRCUIT,2011,1078,20,0,913,88,56,20,0,12,1923,1022,0,901
2008-03-31,VERMONT,VERMONT,SECOND CIRCUIT,279,204,0,0,75,6,4,0,0,2,273,200,0,73
2008-03-31,VIRGIN ISLANDS,VIRGIN ISLANDS,THIRD CIRCUIT,6,3,2,0,1,3,1,2,0,0,3,2,0,1
2008-03-31,VIRGINIA EASTERN,VIRGINIA,FOURTH CIRCUIT,4696,2902,37,0,1757,174,138,31,0,5,4522,2764,6,1752
2008-03-31,VIRGINIA WESTERN,VIRGINIA,FOURTH CIRCUIT,1663,1062,12,1,588,49,30,12,1,6,1614,1032,0,582
2008-03-31,WASHINGTON EASTERN,WASHINGTON,NINTH CIRCUIT,1270,1004,6,0,260,47,33,5,0,9,1223,971,1,251
2008-03-31,WASHINGTON WESTERN,WASHINGTON,NINTH CIRCUIT,3428,2358,24,1,1045,101,65,19,1,16,3327,2293,5,1029
2008-03-31,WEST VIRGINIA NORTHERN,WEST VIRGINIA,FOURTH CIRCUIT,468,410,1,0,57,13,13,0,0,0,455,397,1,57
2008-03-31,WEST VIRGINIA SOUTHERN,WEST VIRGINIA,FOURTH CIRCUIT,734,653,7,0,74,17,9,7,0,1,717,644,0,73
2008-03-31,WISCONSIN EASTERN,WISCONSIN,SEVENTH CIRCUIT,3110,2285,7,1,817,80,63,7,1,9,3030,2222,0,808
2008-03-31,WISCONSIN WESTERN,WISCONSIN,SEVENTH CIRCUIT,1521,1282,5,3,231,47,37,3,3,4,1474,1245,2,227
2008-03-31,WYOMING,WYOMING,TENTH CIRCUIT,185,159,1,0,25,5,4,1,0,0,180,155,0,25
2008-06-30,ALABAMA MIDDLE,ALABAMA,ELEVENTH CIRCUIT,1668,507,4,0,1157,31,21,4,0,6,1637,486,0,1151
2008-06-30,ALABAMA NORTHERN,ALABAMA,ELEVENTH CIRCUIT,4023,1828,30,0,2165,78,48,24,0,6,3945,1780,6,2159
2008-06-30,ALABAMA SOUTHERN,ALABAMA,ELEVENTH CIRCUIT,1231,360,7,0,864,18,7,6,0,5,1213,353,1,859
2008-06-30,ALASKA,ALASKA,NINTH CIRCUIT,220,188,3,0,29,21,17,3,0,1,199,171,0,28
2008-06-30,ARIZONA,ARIZONA,NINTH CIRCUIT,4695,3752,87,1,855,230,153,72,1,4,4465,3599,15,851
2008-06-30,ARKANSAS EASTERN,ARKANSAS,EIGHTH CIRCUIT,1971,991,4,2,973,56,40,4,2,9,1915,951,0,964
2008-06-30,ARKANSAS WESTERN,ARKANSAS,EIGHTH CIRCUIT,1333,755,9,2,567,56,35,8,2,11,1277,720,1,556
2008-06-30,CALIFORNIA CENTRAL,CALIFORNIA,NINTH CIRCUIT,15823,11972,154,1,3693,847,659,127,1,57,14976,11313,27,3636
2008-06-30,CALIFORNIA EASTERN,CALIFORNIA,NINTH CIRCUIT,7949,6474,38,1,1435,312,239,33,1,38,7637,6235,5,1397
2008-06-30,CALIFORNIA NORTHERN,CALIFORNIA,NINTH CIRCUIT,5159,3518,62,0,1579,251,177,38,0,36,4908,3341,24,1543
2008-06-30,CALIFORNIA SOUTHERN,CALIFORNIA,NINTH CIRCUIT,3456,2904,28,0,524,137,105,25,0,7,3319,2799,3,517
2008-06-30,COLORADO,COLORADO,TENTH CIRCUIT,5313,4583,12,0,718,222,204,10,0,8,5091,4379,2,710
2008-06-30,CONNECTICUT,CONNECTICUT,SECOND CIRCUIT,2155,1668,25,2,460,115,87,23,2,3,2040,1581,2,457
2008-06-30,DELAWARE,DELAWARE,THIRD CIRCUIT,617,385,45,0,187,72,23,45,0,4,545,362,0,183
2008-06-30,DISTRICT OF COLUMBIA,DISTRICT OF COLUMBIA,DC CIRCUIT,233,112,9,0,112,13,4,8,0,1,220,108,1,111
2008-06-30,FLORIDA MIDDLE,FLORIDA,ELEVENTH CIRCUIT,10619,7185,84,0,3349,491,382,74,0,34,10128,6803,10,3315
2008-06-30,FLORIDA NORTHERN,FLORIDA,ELEVENTH CIRCUIT,1054,851,10,0,193,44,29,10,0,5,1010,822,0,188
2008-06-30,FLORIDA SOUTHERN,FLORIDA,ELEVENTH CIRCUIT,3898,2792,45,1,1060,254,200,39,1,14,3644,2592,6,1046
2008-06-30,GEORGIA MIDDLE,GEORGIA,ELEVENTH CIRCUIT,2658,1045,8,2,1603,71,50,8,2,11,2587,995,0,1592
2008-06-30,GEORGIA NORTHERN,GEORGIA,ELEVENTH CIRCUIT,9479,5131,82,0,4266,370,251,71,0,48,9109,4880,11,4218
2008-06-30,GEORGIA SOUTHERN,GEORGIA,ELEVENTH CIRCUIT,2259,499,11,2,1747,45,25,11,2,7,2214,474,0,1740
2008-06-30,GUAM,GUAM,NINTH CIRCUIT,34,31,0,0,3,1,1,0,0,0,33,30,0,3
2008-06-30,HAWAII,HAWAII,NINTH CIRCUIT,476,371,2,1,102,15,11,2,1,1,461,360,0,101
2008-06-30,IDAHO,IDAHO,NINTH CIRCUIT,1268,1039,8,1,220,57,40,7,1,9,1211,999,1,211
2008-06-30,ILLINOIS CENTRAL,ILLINOIS,SEVENTH CIRCUIT,2363,1900,4,2,457,43,33,4,2,4,2320,1867,0,453
2008-06-30,ILLINOIS NORTHERN,ILLINOIS,SEVENTH CIRCUIT,10589,7382,40,0,3165,289,243,33,0,11,10300,7139,7,3154
2008-06-30,ILLINOIS SOUTHERN,ILLINOIS,SEVENTH CIRCUIT,1564,865,7,1,691,35,20,6,1,8,1529,845,1,683
2008-06-30,INDIANA NORTHERN,INDIANA,SEVENTH CIRCUIT,3792,2901,9,0,882,73,58,6,0,9,3719,2843,3,873
2008-06-30,INDIANA SOUTHERN,INDIANA,SEVENTH CIRCUIT,6321,4432,29,1,1859,124,84,27,1,12,6197,4348,2,1847
2008-06-30,IOWA NORTHERN,IOWA,EIGHTH CIRCUIT,778,733,0,0,45,33,33,0,0,0,745,700,0,45
2008-06-30,IOWA SOUTHERN,IOWA,EIGHTH CIRCUIT,1331,1210,1,0,120,43,42,1,0,0,1288,1168,0,120
2008-06-30,KANSAS,KANSAS,TENTH CIRCUIT,2278,1550,11,5,712,68,43,10,5,10,2210,1507,1,702
2008-06-30,KENTUCKY EASTERN,KENTUCKY,SIXTH CIRCUIT,2603,1959,4,0,640,68,58,4,0,6,2535,1901,0,634
2008-06-30,KENTUCKY WESTERN,KENTUCKY,SIXTH CIRCUIT,2665,1970,8,1,686,51,39,8,1,3,2614,1931,0,683
2008-06-30,LOUISIANA EASTERN,LOUISIANA,FIFTH CIRCUIT,857,433,9,0,415,39,27,9,0,3,818,406,0,412
2008-06-30,LOUISIANA MIDDLE,LOUISIANA,FIFTH CIRCUIT,409,189,3,0,217,16,12,2,0,2,393,177,1,215
2008-06-30,LOUISIANA WESTERN,LOUISIANA,FIFTH CIRCUIT,2290,691,7,3,1589,93,29,7,3,54,2197,662,0,1535
2008-06-30,MAINE,MAINE,FIRST CIRCUIT,848,681,4,1,162,39,30,4,1,4,809,651,0,158
2008-06-30,MARYLAND,MARYLAND,FOURTH CIRCUIT,4272,2858,52,0,1362,137,93,36,0,8,4135,2765,16,1354
2008-06-30,MASSACHUSETTS,MASSACHUSETTS,FIRST CIRCUIT,4164,3101,41,1,1021,87,49,34,1,3,4077,3052,7,1018
2008-06-30,MICHIGAN EASTERN,MICHIGAN,SIXTH CIRCUIT,10646,8303,36,2,2305,270,222,35,2,11,10376,8081,1,2294
2008-06-30,MICHIGAN WESTERN,MICHIGAN,SIXTH CIRCUIT,3232,2799,14,3,416,131,106,12,3,10,3101,2693,2,406
2008-06-30,MINNESOTA,MINNESOTA,EIGHTH CIRCUIT,4246,3607,15,0,624,196,172,15,0,9,4050,3435,0,615
2008-06-30,MISSISSIPPI NORTHERN,MISSISSIPPI,FIFTH CIRCUIT,1335,669,17,0,649,42,17,17,0,8,1293,652,0,641
2008-06-30,MISSISSIPPI SOUTHERN,MISSISSIPPI,FIFTH CIRCUIT,1352,622,5,0,725,40,29,4,0,7,1312,593,1,718
2008-06-30,MISSOURI EASTERN,MISSOURI,EIGHTH CIRCUIT,3140,2130,6,4,1000,85,72,4,4,5,3055,2058,2,995
2008-06-30,MISSOURI WESTERN,MISSOURI,EIGHTH CIRCUIT,3349,2546,11,2,790,68,50,11,2,5,3281,2496,0,785
2008-06-30,MONTANA,MONTANA,NINTH CIRCUIT,536,457,2,2,75,24,19,2,2,1,512,438,0,74
2008-06-30,NEBRASKA,NEBRASKA,EIGHTH CIRCUIT,1615,1176,4,1,434,54,44,4,1,5,1561,1132,0,429
2008-06-30,NEVADA,NEVADA,NINTH CIRCUIT,4776,3269,47,0,1460,106,60,44,0,2,4670,3209,3,1458
2008-06-30,NEW HAMPSHIRE,NEW HAMPSHIRE,FIRST CIRCUIT,1008,772,7,0,229,92,68,7,0,17,916,704,0,212
2008-06-30,NEW JERSEY,NEW JERSEY,THIRD CIRCUIT,6696,4509,60,0,2127,239,170,50,0,19,6457,4339,10,2108
2008-06-30,NEW MEXICO,NEW MEXICO,TENTH CIRCUIT,1209,1096,8,1,104,53,41,7,1,4,1156,1055,1,100
2008-06-30,NEW YORK EASTERN,NEW YORK,SECOND CIRCUIT,4230,3247,28,0,955,106,80,22,0,4,4124,3167,6,951
2008-06-30,NEW YORK NORTHERN,NEW YORK,SECOND CIRCUIT,3073,2286,8,2,774,61,35,7,2,14,3012,2251,1,760
2008-06-30,NEW YORK SOUTHERN,NEW YORK,SECOND CIRCUIT,2628,2066,70,0,492,128,60,63,0,5,2500,2006,7,487
2008-06-30,NEW YORK WESTERN,NEW YORK,SECOND CIRCUIT,2482,1803,12,1,661,72,44,12,1,10,2410,1759,0,651
2008-06-30,NORTH CAROLINA EASTERN,NORTH CAROLINA,FOURTH CIRCUIT,2244,966,28,1,1249,85,50,26,1,8,2159,916,2,1241
2008-06-30,NORTH CAROLINA MIDDLE,NORTH CAROLINA,FOURTH CIRCUIT,1517,790,9,0,718,71,52,9,0,10,1446,738,0,708
2008-06-30,NORTH CAROLINA WESTERN,NORTH CAROLINA,FOURTH CIRCUIT,1699,1072,13,0,614,58,42,11,0,5,1641,1030,2,609
2008-06-30,NORTH DAKOTA,NORTH DAKOTA,EIGHTH CIRCUIT,388,344,2,2,40,15,10,2,2,1,373,334,0,39
2008-06-30,NORTHERN MARIANAS,NORTHERN MARIANA ISLANDS,NINTH CIRCUIT,3,3,0,0,0,0,0,0,0,0,3,3,0,0
2008-06-30,OHIO NORTHERN,OHIO,SIXTH CIRCUIT,8383,6413,19,1,1950,186,139,18,1,28,8197,6274,1,1922
2008-06-30,OHIO SOUTHERN,OHIO,SIXTH CIRCUIT,7061,4807,14,0,2240,174,131,14,0,29,6887,4676,0,2211
2008-06-30,OKLAHOMA EASTERN,OKLAHOMA,TENTH CIRCUIT,452,393,2,1,56,20,17,2,1,0,432,376,0,56
2008-06-30,OKLAHOMA NORTHERN,OKLAHOMA,TENTH CIRCUIT,812,722,2,0,88,37,32,2,0,3,775,690,0,85
2008-06-30,OKLAHOMA WESTERN,OKLAHOMA,TENTH CIRCUIT,1558,1167,7,2,382,52,42,6,2,2,1506,1125,1,380
2008-06-30,OREGON,OREGON,NINTH CIRCUIT,3162,2376,14,2,770,92,61,11,2,18,3070,2315,3,752
2008-06-30,PENNSYLVANIA EASTERN,PENNSYLVANIA,THIRD CIRCUIT,2844,1760,23,1,1060,91,60,19,1,11,2753,1700,4,1049
2008-06-30,PENNSYLVANIA MIDDLE,PENNSYLVANIA,THIRD CIRCUIT,2191,1489,13,0,689,57,31,13,0,13,2134,1458,0,676
2008-06-30,PENNSYLVANIA WESTERN,PENNSYLVANIA,THIRD CIRCUIT,3338,2440,33,2,863,119,73,30,2,14,3219,2367,3,849
2008-06-30,PUERTO RICO,PUERTO RICO,FIRST CIRCUIT,2293,616,28,5,1644,83,30,27,5,21,2210,586,1,1623
2008-06-30,RHODE ISLAND,RHODE ISLAND,FIRST CIRCUIT,1108,933,2,0,173,28,20,2,0,6,1080,913,0,167
2008-06-30,SOUTH CAROLINA,SOUTH CAROLINA,FOURTH CIRCUIT,1979,779,14,0,1186,72,54,11,0,7,1907,725,3,1179
2008-06-30,SOUTH DAKOTA,SOUTH DAKOTA,EIGHTH CIRCUIT,393,327,0,0,66,26,20,0,0,6,367,307,0,60
2008-06-30,TENNESSEE EASTERN,TENNESSEE,SIXTH CIRCUIT,3874,2372,7,3,1492,65,50,7,3,5,3809,2322,0,1487
2008-06-30,TENNESSEE MIDDLE,TENNESSEE,SIXTH CIRCUIT,2890,1534,19,1,1336,91,67,16,1,7,2799,1467,3,1329
2008-06-30,TENNESSEE WESTERN,TENNESSEE,SIXTH CIRCUIT,4457,1162,12,0,3283,50,34,12,0,4,4407,1128,0,3279
2008-06-30,TEXAS EASTERN,TEXAS,FIFTH CIRCUIT,1529,831,24,0,674,111,74,24,0,13,1418,757,0,661
2008-06-30,TEXAS NORTHERN,TEXAS,FIFTH CIRCUIT,3781,1800,59,3,1919,296,206,57,3,30,3485,1594,2,1889
2008-06-30,TEXAS SOUTHERN,TEXAS,FIFTH CIRCUIT,3078,1477,52,0,1549,192,124,48,0,20,2886,1353,4,1529
2008-06-30,TEXAS WESTERN,TEXAS,FIFTH CIRCUIT,2521,1369,22,0,1130,130,84,22,0,24,2391,1285,0,1106
2008-06-30,UTAH,UTAH,TENTH CIRCUIT,2285,1369,18,0,898,99,73,18,0,8,2186,1296,0,890
2008-06-30,VERMONT,VERMONT,SECOND CIRCUIT,330,257,0,2,71,14,10,0,2,2,316,247,0,69
2008-06-30,VIRGIN ISLANDS,VIRGIN ISLANDS,THIRD CIRCUIT,0,0,0,0,0,0,0,0,0,0,0,0,0,0
2008-06-30,VIRGINIA EASTERN,VIRGINIA,FOURTH CIRCUIT,5275,3474,34,0,1767,184,147,29,0,8,5091,3327,5,1759
2008-06-30,VIRGINIA WESTERN,VIRGINIA,FOURTH CIRCUIT,1769,1174,18,0,577,55,34,17,0,4,1714,1140,1,573
2008-06-30,WASHINGTON EASTERN,WASHINGTON,NINTH CIRCUIT,1358,1062,2,2,292,38,30,2,2,4,1320,1032,0,288
2008-06-30,WASHINGTON WESTERN,WASHINGTON,NINTH CIRCUIT,3959,2778,20,0,1160,111,79,17,0,14,3848,2699,3,1146
2008-06-30,WEST VIRGINIA NORTHERN,WEST VIRGINIA,FOURTH CIRCUIT,580,526,4,1,49,26,22,2,1,1,554,504,2,48
2008-06-30,WEST VIRGINIA SOUTHERN,WEST VIRGINIA,FOURTH CIRCUIT,838,758,3,0,77,23,19,2,0,2,815,739,1,75
2008-06-30,WISCONSIN EASTERN,WISCONSIN,SEVENTH CIRCUIT,4190,3115,4,5,1066,93,75,4,5,9,4097,3040,0,1057
2008-06-30,WISCONSIN WESTERN,WISCONSIN,SEVENTH CIRCUIT,1904,1623,17,2,262,70,50,15,2,3,1834,1573,2,259
2008-06-30,WYOMING,WYOMING,TENTH CIRCUIT,199,165,4,0,30,17,11,4,0,2,182,154,0,28
2008-09-30,ALABAMA MIDDLE,ALABAMA,ELEVENTH CIRCUIT,1961,526,11,0,1424,52,33,11,0,8,1909,493,0,1416
2008-09-30,ALABAMA NORTHERN,ALABAMA,ELEVENTH CIRCUIT,4578,1899,35,1,2643,94,55,33,1,5,4484,1844,2,2638
2008-09-30,ALABAMA SOUTHERN,ALABAMA,ELEVENTH CIRCUIT,1470,397,7,0,1066,17,9,7,0,1,1453,388,0,1065
2008-09-30,ALASKA,ALASKA,NINTH CIRCUIT,279,233,2,0,44,13,11,2,0,0,266,222,0,44
2008-09-30,ARIZONA,ARIZONA,NINTH CIRCUIT,5498,4417,110,0,971,286,183,99,0,4,5212,4234,11,967
2008-09-30,ARKANSAS EASTERN,ARKANSAS,EIGHTH CIRCUIT,2121,1006,2,2,1111,39,29,1,2,7,2082,977,1,1104
2008-09-30,ARKANSAS WESTERN,ARKANSAS,EIGHTH CIRCUIT,1393,806,6,1,579,73,57,6,1,8,1320,749,0,571
2008-09-30,CALIFORNIA CENTRAL,CALIFORNIA,NINTH CIRCUIT,18716,13664,349,1,4702,1040,668,317,1,54,17676,12996,32,4648
2008-09-30,CALIFORNIA EASTERN,CALIFORNIA,NINTH CIRCUIT,8683,7079,34,0,1570,302,243,29,0,30,8381,6836,5,1540
2008-09-30,CALIFORNIA NORTHERN,CALIFORNIA,NINTH CIRCUIT,5844,3952,66,0,1826,303,199,41,0,63,5541,3753,25,1763
2008-09-30,CALIFORNIA SOUTHERN,CALIFORNIA,NINTH CIRCUIT,3840,3219,19,0,602,153,133,15,0,5,3687,3086,4,597
2008-09-30,COLORADO,COLORADO,TENTH CIRCUIT,5916,5052,34,2,828,266,221,32,2,11,5650,4831,2,817
2008-09-30,CONNECTICUT,CONNECTICUT,SECOND CIRCUIT,2119,1687,30,0,402,94,59,27,0,8,2025,1628,3,394
2008-09-30,DELAWARE,DELAWARE,THIRD CIRCUIT,940,406,306,0,214,353,30,306,0,3,587,376,0,211
2008-09-30,DISTRICT OF COLUMBIA,DISTRICT OF COLUMBIA,DC CIRCUIT,205,117,10,0,78,11,4,7,0,0,194,113,3,78
2008-09-30,FLORIDA MIDDLE,FLORIDA,ELEVENTH CIRCUIT,11245,7793,160,0,3292,671,474,151,0,46,10574,7319,9,3246
2008-09-30,FLORIDA NORTHERN,FLORIDA,ELEVENTH CIRCUIT,1108,898,10,0,200,65,53,10,0,2,1043,845,0,198
2008-09-30,FLORIDA SOUTHERN,FLORIDA,ELEVENTH CIRCUIT,5563,4192,59,3,1309,348,267,54,3,24,5215,3925,5,1285
2008-09-30,GEORGIA MIDDLE,GEORGIA,ELEVENTH CIRCUIT,3067,1093,18,6,1950,80,43,18,6,13,2987,1050,0,1937
2008-09-30,GEORGIA NORTHERN,GEORGIA,ELEVENTH CIRCUIT,10301,5606,93,0,4602,444,312,89,0,43,9857,5294,4,4559
2008-09-30,GEORGIA SOUTHERN,GEORGIA,ELEVENTH CIRCUIT,2681,521,8,0,2152,36,25,7,0,4,2645,496,1,2148
2008-09-30,GUAM,GUAM,NINTH CIRCUIT,35,28,0,0,7,0,0,0,0,0,35,28,0,7
2008-09-30,HAWAII,HAWAII,NINTH CIRCUIT,556,413,4,0,139,24,16,4,0,4,532,397,0,135
2008-09-30,IDAHO,IDAHO,NINTH CIRCUIT,1549,1319,7,1,222,55,43,4,1,7,1494,1276,3,215
2008-09-30,ILLINOIS CENTRAL,ILLINOIS,SEVENTH CIRCUIT,2315,1783,4,4,524,47,36,3,4,4,2268,1747,1,520
2008-09-30,ILLINOIS NORTHERN,ILLINOIS,SEVENTH CIRCUIT,10684,7442,34,1,3207,306,267,31,1,7,10378,7175,3,3200
2008-09-30,ILLINOIS SOUTHERN,ILLINOIS,SEVENTH CIRCUIT,1543,833,7,1,702,49,37,6,1,5,1494,796,1,697
2008-09-30,INDIANA NORTHERN,INDIANA,SEVENTH CIRCUIT,4133,3166,20,0,947,82,62,18,0,2,4051,3104,2,945
2008-09-30,INDIANA SOUTHERN,INDIANA,SEVENTH CIRCUIT,6679,4677,22,1,1979,149,120,21,1,7,6530,4557,1,1972
2008-09-30,IOWA NORTHERN,IOWA,EIGHTH CIRCUIT,766,725,1,0,40,45,42,1,0,2,721,683,0,38
2008-09-30,IOWA SOUTHERN,IOWA,EIGHTH CIRCUIT,1336,1170,5,1,160,55,47,5,1,2,1281,1123,0,158
2008-09-30,KANSAS,KANSAS,TENTH CIRCUIT,2516,1735,4,3,774,64,50,4,3,7,2452,1685,0,767
2008-09-30,KENTUCKY EASTERN,KENTUCKY,SIXTH CIRCUIT,2630,1987,6,0,637,73,60,6,0,7,2557,1927,0,630
2008-09-30,KENTUCKY WESTERN,KENTUCKY,SIXTH CIRCUIT,2902,2118,14,2,768,79,58,13,2,6,2823,2060,1,762
2008-09-30,LOUISIANA EASTERN,LOUISIANA,FIFTH CIRCUIT,840,445,9,0,386,50,39,9,0,2,790,406,0,384
2008-09-30,LOUISIANA MIDDLE,LOUISIANA,FIFTH CIRCUIT,439,228,3,0,208,17,14,3,0,0,422,214,0,208
2008-09-30,LOUISIANA WESTERN,LOUISIANA,FIFTH CIRCUIT,2704,668,2,3,2031,84,34,2,3,45,2620,634,0,1986
2008-09-30,MAINE,MAINE,FIRST CIRCUIT,799,674,5,1,119,51,41,5,1,4,748,633,0,115
2008-09-30,MARYLAND,MARYLAND,FOURTH CIRCUIT,4178,2951,61,0,1166,164,101,51,0,12,4014,2850,10,1154
2008-09-30,MASSACHUSETTS,MASSACHUSETTS,FIRST CIRCUIT,4141,3214,33,1,893,97,63,28,1,5,4044,3151,5,888
2008-09-30,MICHIGAN EASTERN,MICHIGAN,SIXTH CIRCUIT,10776,8203,44,1,2528,313,250,43,1,19,10463,7953,1,2509
2008-09-30,MICHIGAN WESTERN,MICHIGAN,SIXTH CIRCUIT,3112,2640,14,1,457,121,97,14,1,9,2991,2543,0,448
2008-09-30,MINNESOTA,MINNESOTA,EIGHTH CIRCUIT,4348,3612,7,4,725,231,212,7,4,8,4117,3400,0,717
2008-09-30,MISSISSIPPI NORTHERN,MISSISSIPPI,FIFTH CIRCUIT,1516,700,11,1,804,41,22,11,1,7,1475,678,0,797
2008-09-30,MISSISSIPPI SOUTHERN,MISSISSIPPI,FIFTH CIRCUIT,1618,725,18,0,875,54,29,18,0,7,1564,696,0,868
2008-09-30,MISSOURI EASTERN,MISSOURI,EIGHTH CIRCUIT,3411,2293,7,0,1111,88,74,7,0,7,3323,2219,0,1104
2008-09-30,MISSOURI WESTERN,MISSOURI,EIGHTH CIRCUIT,3473,2527,19,1,926,105,78,19,1,7,3368,2449,0,919
2008-09-30,MONTANA,MONTANA,NINTH CIRCUIT,545,450,5,2,88,25,18,4,2,1,520,432,1,87
2008-09-30,NEBRASKA,NEBRASKA,EIGHTH CIRCUIT,1826,1271,8,6,541,75,50,7,6,12,1751,1221,1,529
2008-09-30,NEVADA,NEVADA,NINTH CIRCUIT,5200,3679,50,1,1470,129,79,45,1,4,5071,3600,5,1466
2008-09-30,NEW HAMPSHIRE,NEW HAMPSHIRE,FIRST CIRCUIT,998,794,13,0,191,112,84,11,0,17,886,710,2,174
2008-09-30,NEW JERSEY,NEW JERSEY,THIRD CIRCUIT,6874,4758,88,0,2028,265,166,76,0,23,6609,4592,12,2005
2008-09-30,NEW MEXICO,NEW MEXICO,TENTH CIRCUIT,1159,1037,9,0,113,61,48,8,0,5,1098,989,1,108
2008-09-30,NEW YORK EASTERN,NEW YORK,SECOND CIRCUIT,4323,3292,51,0,980,126,73,48,0,5,4197,3219,3,975
2008-09-30,NEW YORK NORTHERN,NEW YORK,SECOND CIRCUIT,2877,2109,14,3,751,63,30,14,3,16,2814,2079,0,735
2008-09-30,NEW YORK SOUTHERN,NEW YORK,SECOND CIRCUIT,2641,2004,144,0,489,221,70,142,0,5,2420,1934,2,484
2008-09-30,NEW YORK WESTERN,NEW YORK,SECOND CIRCUIT,2453,1791,7,2,653,66,50,7,2,7,2387,1741,0,646
2008-09-30,NORTH CAROLINA EASTERN,NORTH CAROLINA,FOURTH CIRCUIT,2393,917,40,5,1431,107,53,37,5,12,2286,864,3,1419
2008-09-30,NORTH CAROLINA MIDDLE,NORTH CAROLINA,FOURTH CIRCUIT,1697,842,5,0,850,82,66,5,0,11,1615,776,0,839
2008-09-30,NORTH CAROLINA WESTERN,NORTH CAROLINA,FOURTH CIRCUIT,1710,1066,14,2,628,79,59,12,2,6,1631,1007,2,622
2008-09-30,NORTH DAKOTA,NORTH DAKOTA,EIGHTH CIRCUIT,314,284,1,1,28,20,17,1,1,1,294,267,0,27
2008-09-30,NORTHERN MARIANAS,NORTHERN MARIANA ISLANDS,NINTH CIRCUIT,0,0,0,0,0,0,0,0,0,0,0,0,0,0
2008-09-30,OHIO NORTHERN,OHIO,SIXTH CIRCUIT,7111,5427,18,0,1666,176,133,15,0,28,6935,5294,3,1638
2008-09-30,OHIO SOUTHERN,OHIO,SIXTH CIRCUIT,6381,4280,8,1,2092,158,130,8,1,19,6223,4150,0,2073
2008-09-30,OKLAHOMA EASTERN,OKLAHOMA,TENTH CIRCUIT,466,398,2,0,66,7,6,1,0,0,459,392,1,66
2008-09-30,OKLAHOMA NORTHERN,OKLAHOMA,TENTH CIRCUIT,827,735,3,0,89,42,38,2,0,2,785,697,1,87
2008-09-30,OKLAHOMA WESTERN,OKLAHOMA,TENTH CIRCUIT,1648,1214,9,4,421,68,53,9,4,2,1580,1161,0,419
2008-09-30,OREGON,OREGON,NINTH CIRCUIT,3532,2634,10,0,888,113,90,9,0,14,3419,2544,1,874
2008-09-30,PENNSYLVANIA EASTERN,PENNSYLVANIA,THIRD CIRCUIT,2846,1744,26,0,1076,107,67,26,0,14,2739,1677,0,1062
2008-09-30,PENNSYLVANIA MIDDLE,PENNSYLVANIA,THIRD CIRCUIT,2248,1508,18,1,721,69,30,18,1,20,2179,1478,0,701
2008-09-30,PENNSYLVANIA WESTERN,PENNSYLVANIA,THIRD CIRCUIT,3295,2347,39,1,908,132,82,36,1,13,3163,2265,3,895
2008-09-30,PUERTO RICO,PUERTO RICO,FIRST CIRCUIT,2322,606,32,4,1680,86,33,29,4,20,2236,573,3,1660
2008-09-30,RHODE ISLAND,RHODE ISLAND,FIRST CIRCUIT,1088,903,6,0,179,42,34,6,0,2,1046,869,0,177
2008-09-30,SOUTH CAROLINA,SOUTH CAROLINA,FOURTH CIRCUIT,2228,874,19,0,1335,60,45,13,0,2,2168,829,6,1333
2008-09-30,SOUTH DAKOTA,SOUTH DAKOTA,EIGHTH CIRCUIT,389,334,0,1,54,26,22,0,1,3,363,312,0,51
2008-09-30,TENNESSEE EASTERN,TENNESSEE,SIXTH CIRCUIT,4121,2391,15,1,1714,89,66,14,1,8,4032,2325,1,1706
2008-09-30,TENNESSEE MIDDLE,TENNESSEE,SIXTH CIRCUIT,3416,1706,47,1,1662,120,72,39,1,8,3296,1634,8,1654
2008-09-30,TENNESSEE WESTERN,TENNESSEE,SIXTH CIRCUIT,5182,1276,9,0,3897,48,30,8,0,10,5134,1246,1,3887
2008-09-30,TEXAS EASTERN,TEXAS,FIFTH CIRCUIT,1576,877,15,1,683,170,140,14,1,15,1406,737,1,668
2008-09-30,TEXAS NORTHERN,TEXAS,FIFTH CIRCUIT,3781,1754,47,0,1980,273,197,47,0,29,3508,1557,0,1951
2008-09-30,TEXAS SOUTHERN,TEXAS,FIFTH CIRCUIT,2761,1261,61,0,1439,205,134,55,0,16,2556,1127,6,1423
2008-09-30,TEXAS WESTERN,TEXAS,FIFTH CIRCUIT,2631,1428,14,1,1188,137,102,13,1,21,2494,1326,1,1167
2008-09-30,UTAH,UTAH,TENTH CIRCUIT,2420,1509,15,0,896,96,71,15,0,10,2324,1438,0,886
2008-09-30,VERMONT,VERMONT,SECOND CIRCUIT,311,216,2,0,93,16,9,1,0,6,295,207,1,87
2008-09-30,VIRGIN ISLANDS,VIRGIN ISLANDS,THIRD CIRCUIT,5,4,0,0,1,0,0,0,0,0,5,4,0,1
2008-09-30,VIRGINIA EASTERN,VIRGINIA,FOURTH CIRCUIT,5500,3526,34,0,1940,198,158,26,0,14,5302,3368,8,1926
2008-09-30,VIRGINIA WESTERN,VIRGINIA,FOURTH CIRCUIT,1901,1290,6,2,603,41,31,4,2,4,1860,1259,2,599
2008-09-30,WASHINGTON EASTERN,WASHINGTON,NINTH CIRCUIT,1454,1113,4,3,334,46,32,3,3,8,1408,1081,1,326
2008-09-30,WASHINGTON WESTERN,WASHINGTON,NINTH CIRCUIT,4295,2994,45,0,1255,135,80,35,0,19,4160,2914,10,1236
2008-09-30,WEST VIRGINIA NORTHERN,WEST VIRGINIA,FOURTH CIRCUIT,531,478,3,0,50,26,23,3,0,0,505,455,0,50
2008-09-30,WEST VIRGINIA SOUTHERN,WEST VIRGINIA,FOURTH CIRCUIT,799,713,8,0,78,24,15,6,0,3,775,698,2,75
2008-09-30,WISCONSIN EASTERN,WISCONSIN,SEVENTH CIRCUIT,3672,2730,6,0,936,104,85,6,0,13,3568,2645,0,923
2008-09-30,WISCONSIN WESTERN,WISCONSIN,SEVENTH CIRCUIT,1803,1570,11,1,221,60,46,11,1,2,1743,1524,0,219
2008-09-30,WYOMING,WYOMING,TENTH CIRCUIT,214,181,1,2,30,15,10,1,2,2,199,171,0,28
2008-12-31,ALABAMA MIDDLE,ALABAMA,ELEVENTH CIRCUIT,2127,550,8,0,1569,42,29,8,0,5,2085,521,0,1564
2008-12-31,ALABAMA NORTHERN,ALABAMA,ELEVENTH CIRCUIT,4610,1918,18,0,2674,71,53,13,0,5,4539,1865,5,2669
2008-12-31,ALABAMA SOUTHERN,ALABAMA,ELEVENTH CIRCUIT,1547,433,15,0,1099,19,4,11,0,4,1528,429,4,1095
2008-12-31,ALASKA,ALASKA,NINTH CIRCUIT,217,185,0,0,32,20,17,0,0,3,197,168,0,29
2008-12-31,ARIZONA,ARIZONA,NINTH CIRCUIT,5792,4674,131,2,985,364,231,120,2,11,5428,4443,11,974
2008-12-31,ARKANSAS EASTERN,ARKANSAS,EIGHTH CIRCUIT,2286,1023,59,2,1202,115,45,59,2,9,2171,978,0,1193
2008-12-31,ARKANSAS WESTERN,ARKANSAS,EIGHTH CIRCUIT,1493,816,9,1,667,50,38,7,1,4,1443,778,2,663
2008-12-31,CALIFORNIA CENTRAL,CALIFORNIA,NINTH CIRCUIT,19195,14638,183,0,4374,978,779,161,0,38,18217,13859,22,4336
2008-12-31,CALIFORNIA EASTERN,CALIFORNIA,NINTH CIRCUIT,8948,7389,42,2,1515,340,268,39,2,31,8608,7121,3,1484
2008-12-31,CALIFORNIA NORTHERN,CALIFORNIA,NINTH CIRCUIT,5906,3926,57,3,1920,329,235,43,3,48,5577,3691,14,1872
2008-12-31,CALIFORNIA SOUTHERN,CALIFORNIA,NINTH CIRCUIT,3962,3349,28,0,585,170,138,21,0,11,3792,3211,7,574
2008-12-31,COLORADO,COLORADO,TENTH CIRCUIT,5627,4759,44,2,822,290,237,43,2,8,5337,4522,1,814
2008-12-31,CONNECTICUT,CONNECTICUT,SECOND CIRCUIT,2073,1749,25,3,296,106,76,21,3,6,1967,1673,4,290
2008-12-31,DELAWARE,DELAWARE,THIRD CIRCUIT,1192,448,531,2,211,564,29,531,2,2,628,419,0,209
2008-12-31,DISTRICT OF COLUMBIA,DISTRICT OF COLUMBIA,DC CIRCUIT,213,129,6,0,78,9,3,6,0,0,204,126,0,78
2008-12-31,FLORIDA MIDDLE,FLORIDA,ELEVENTH CIRCUIT,11806,8294,156,1,3355,635,466,142,1,26,11171,7828,14,3329
2008-12-31,FLORIDA NORTHERN,FLORIDA,ELEVENTH CIRCUIT,1144,970,4,0,170,76,70,4,0,2,1068,900,0,168
2008-12-31,FLORIDA SOUTHERN,FLORIDA,ELEVENTH CIRCUIT,5903,4402,52,2,1447,408,340,51,2,15,5495,4062,1,1432
2008-12-31,GEORGIA MIDDLE,GEORGIA,ELEVENTH CIRCUIT,3220,1090,11,5,2114,90,58,11,5,16,3130,1032,0,2098
2008-12-31,GEORGIA NORTHERN,GEORGIA,ELEVENTH CIRCUIT,11256,5990,110,0,5156,565,402,107,0,56,10691,5588,3,5100
2008-12-31,GEORGIA SOUTHERN,GEORGIA,ELEVENTH CIRCUIT,2924,609,15,2,2298,66,36,15,2,13,2858,573,0,2285
2008-12-31,GUAM,GUAM,NINTH CIRCUIT,52,41,1,0,10,2,0,1,0,1,50,41,0,9
2008-12-31,HAWAII,HAWAII,NINTH CIRCUIT,636,517,11,0,108,33,19,11,0,3,603,498,0,105
2008-12-31,IDAHO,IDAHO,NINTH CIRCUIT,1491,1283,7,2,199,59,48,5,2,4,1432,1235,2,195
2008-12-31,ILLINOIS CENTRAL,ILLINOIS,SEVENTH CIRCUIT,2257,1745,6,2,504,63,50,6,2,5,2194,1695,0,499
2008-12-31,ILLINOIS NORTHERN,ILLINOIS,SEVENTH CIRCUIT,10823,7671,61,0,3090,385,322,55,0,7,10438,7349,6,3083
2008-12-31,ILLINOIS SOUTHERN,ILLINOIS,SEVENTH CIRCUIT,1433,778,5,0,650,44,32,5,0,7,1389,746,0,643
2008-12-31,INDIANA NORTHERN,INDIANA,SEVENTH CIRCUIT,3625,2707,15,1,902,79,57,15,1,6,3546,2650,0,896
2008-12-31,INDIANA SOUTHERN,INDIANA,SEVENTH CIRCUIT,6093,4062,20,1,2010,146,109,19,1,17,5947,3953,1,1993
2008-12-31,IOWA NORTHERN,IOWA,EIGHTH CIRCUIT,769,717,3,0,49,38,34,3,0,1,731,683,0,48
2008-12-31,IOWA SOUTHERN,IOWA,EIGHTH CIRCUIT,1319,1166,2,0,151,63,59,2,0,2,1256,1107,0,149
2008-12-31,KANSAS,KANSAS,TENTH CIRCUIT,2249,1588,10,3,648,60,39,10,3,8,2189,1549,0,640
2008-12-31,KENTUCKY EASTERN,KENTUCKY,SIXTH CIRCUIT,2690,2028,3,0,659,70,61,3,0,6,2620,1967,0,653
2008-12-31,KENTUCKY WESTERN,KENTUCKY,SIXTH CIRCUIT,2779,2028,5,0,746,67,58,5,0,4,2712,1970,0,742
2008-12-31,LOUISIANA EASTERN,LOUISIANA,FIFTH CIRCUIT,897,476,11,0,410,51,40,9,0,2,846,436,2,408
2008-12-31,LOUISIANA MIDDLE,LOUISIANA,FIFTH CIRCUIT,418,210,4,0,204,14,10,4,0,0,404,200,0,204
2008-12-31,LOUISIANA WESTERN,LOUISIANA,FIFTH CIRCUIT,2638,660,13,1,1964,90,36,13,1,40,2548,624,0,1924
2008-12-31,MAINE,MAINE,FIRST CIRCUIT,798,643,5,1,149,49,38,5,1,5,749,605,0,144
2008-12-31,MARYLAND,MARYLAND,FOURTH CIRCUIT,4957,3515,45,0,1397,183,142,34,0,7,4774,3373,11,1390
2008-12-31,MASSACHUSETTS,MASSACHUSETTS,FIRST CIRCUIT,4255,3348,65,0,842,168,105,58,0,5,4087,3243,7,837
2008-12-31,MICHIGAN EASTERN,MICHIGAN,SIXTH CIRCUIT,10839,8449,40,4,2346,303,244,37,4,18,10536,8205,3,2328
2008-12-31,MICHIGAN WESTERN,MICHIGAN,SIXTH CIRCUIT,3247,2741,20,5,481,142,114,17,5,6,3105,2627,3,475
2008-12-31,MINNESOTA,MINNESOTA,EIGHTH CIRCUIT,4391,3666,82,6,637,244,151,82,6,5,4147,3515,0,632
2008-12-31,MISSISSIPPI NORTHERN,MISSISSIPPI,FIFTH CIRCUIT,1691,825,6,0,860,56,41,6,0,9,1635,784,0,851
2008-12-31,MISSISSIPPI SOUTHERN,MISSISSIPPI,FIFTH CIRCUIT,1753,828,4,1,920,39,32,4,1,2,1714,796,0,918
2008-12-31,MISSOURI EASTERN,MISSOURI,EIGHTH CIRCUIT,3370,2269,5,0,1096,86,79,5,0,2,3284,2190,0,1094
2008-12-31,MISSOURI WESTERN,MISSOURI,EIGHTH CIRCUIT,3074,2260,8,0,806,94,78,8,0,8,2980,2182,0,798
2008-12-31,MONTANA,MONTANA,NINTH CIRCUIT,461,376,7,0,78,21,13,6,0,2,440,363,1,76
2008-12-31,NEBRASKA,NEBRASKA,EIGHTH CIRCUIT,1644,1117,9,8,510,67,44,8,8,7,1577,1073,1,503
2008-12-31,NEVADA,NEVADA,NINTH CIRCUIT,5132,3738,53,0,1340,159,107,47,0,4,4973,3631,6,1336
2008-12-31,NEW HAMPSHIRE,NEW HAMPSHIRE,FIRST CIRCUIT,1029,800,13,0,216,93,65,11,0,17,936,735,2,199
2008-12-31,NEW JERSEY,NEW JERSEY,THIRD CIRCUIT,7329,5175,79,1,2074,309,220,67,1,21,7020,4955,12,2053
2008-12-31,NEW MEXICO,NEW MEXICO,TENTH CIRCUIT,1206,1084,8,1,113,47,35,7,1,4,1159,1049,1,109
2008-12-31,NEW YORK EASTERN,NEW YORK,SECOND CIRCUIT,4403,3506,45,0,852,118,78,38,0,2,4285,3428,7,850
2008-12-31,NEW YORK NORTHERN,NEW YORK,SECOND CIRCUIT,2728,2009,12,2,705,79,53,12,2,12,2649,1956,0,693
2008-12-31,NEW YORK SOUTHERN,NEW YORK,SECOND CIRCUIT,2706,2125,168,0,401,253,75,160,0,6,2453,2050,8,395
2008-12-31,NEW YORK WESTERN,NEW YORK,SECOND CIRCUIT,2104,1423,21,0,660,66,35,20,0,11,2038,1388,1,649
2008-12-31,NORTH CAROLINA EASTERN,NORTH CAROLINA,FOURTH CIRCUIT,2728,991,30,2,1705,102,64,29,2,7,2626,927,1,1698
2008-12-31,NORTH CAROLINA MIDDLE,NORTH CAROLINA,FOURTH CIRCUIT,1767,853,2,0,906,81,63,2,0,10,1686,790,0,896
2008-12-31,NORTH CAROLINA WESTERN,NORTH CAROLINA,FOURTH CIRCUIT,1733,1052,8,1,672,66,56,7,1,2,1667,996,1,670
2008-12-31,NORTH DAKOTA,NORTH DAKOTA,EIGHTH CIRCUIT,377,336,0,1,40,20,18,0,1,1,357,318,0,39
2008-12-31,NORTHERN MARIANAS,NORTHERN MARIANA ISLANDS,NINTH CIRCUIT,4,4,0,0,0,0,0,0,0,0,4,4,0,0
2008-12-31,OHIO NORTHERN,OHIO,SIXTH CIRCUIT,8702,6958,24,0,1720,256,204,24,0,28,8446,6754,0,1692
2008-12-31,OHIO SOUTHERN,OHIO,SIXTH CIRCUIT,7540,5244,30,1,2265,280,215,28,1,36,7260,5029,2,2229
2008-12-31,OKLAHOMA EASTERN,OKLAHOMA,TENTH CIRCUIT,483,421,1,0,61,16,14,1,0,1,467,407,0,60
2008-12-31,OKLAHOMA NORTHERN,OKLAHOMA,TENTH CIRCUIT,846,755,2,0,89,38,36,2,0,0,808,719,0,89
2008-12-31,OKLAHOMA WESTERN,OKLAHOMA,TENTH CIRCUIT,1627,1171,15,0,441,79,58,15,0,6,1548,1113,0,435
2008-12-31,OREGON,OREGON,NINTH CIRCUIT,3540,2673,29,1,837,155,101,28,1,25,3385,2572,1,812
2008-12-31,PENNSYLVANIA EASTERN,PENNSYLVANIA,THIRD CIRCUIT,2902,1856,30,0,1016,119,79,28,0,12,2783,1777,2,1004
2008-12-31,PENNSYLVANIA MIDDLE,PENNSYLVANIA,THIRD CIRCUIT,2291,1573,16,0,701,69,40,16,0,13,2222,1533,0,688
2008-12-31,PENNSYLVANIA WESTERN,PENNSYLVANIA,THIRD CIRCUIT,3118,2320,43,0,755,147,90,40,0,17,2971,2230,3,738
2008-12-31,PUERTO RICO,PUERTO RICO,FIRST CIRCUIT,2469,650,43,4,1772,91,22,36,4,29,2378,628,7,1743
2008-12-31,RHODE ISLAND,RHODE ISLAND,FIRST CIRCUIT,1172,987,2,0,183,47,42,2,0,3,1125,945,0,180
2008-12-31,SOUTH CAROLINA,SOUTH CAROLINA,FOURTH CIRCUIT,2389,952,19,0,1418,86,66,12,0,8,2303,886,7,1410
2008-12-31,SOUTH DAKOTA,SOUTH DAKOTA,EIGHTH CIRCUIT,362,323,2,1,36,24,19,2,1,2,338,304,0,34
2008-12-31,TENNESSEE EASTERN,TENNESSEE,SIXTH CIRCUIT,4337,2498,11,1,1827,79,68,7,1,3,4258,2430,4,1824
2008-12-31,TENNESSEE MIDDLE,TENNESSEE,SIXTH CIRCUIT,3445,1840,53,1,1551,116,68,43,1,4,3329,1772,10,1547
2008-12-31,TENNESSEE WESTERN,TENNESSEE,SIXTH CIRCUIT,5235,1335,15,0,3885,51,32,11,0,8,5184,1303,4,3877
2008-12-31,TEXAS EASTERN,TEXAS,FIFTH CIRCUIT,1619,848,25,0,746,141,106,24,0,11,1478,742,1,735
2008-12-31,TEXAS NORTHERN,TEXAS,FIFTH CIRCUIT,4338,1921,85,0,2332,350,236,79,0,35,3988,1685,6,2297
2008-12-31,TEXAS SOUTHERN,TEXAS,FIFTH CIRCUIT,2929,1390,85,0,1454,248,154,80,0,14,2681,1236,5,1440
2008-12-31,TEXAS WESTERN,TEXAS,FIFTH CIRCUIT,2883,1458,34,1,1390,191,136,31,1,23,2692,1322,3,1367
2008-12-31,UTAH,UTAH,TENTH CIRCUIT,2729,1640,25,0,1064,133,93,24,0,16,2596,1547,1,1048
2008-12-31,VERMONT,VERMONT,SECOND CIRCUIT,352,271,0,2,79,13,10,0,2,1,339,261,0,78
2008-12-31,VIRGIN ISLANDS,VIRGIN ISLANDS,THIRD CIRCUIT,6,6,0,0,0,1,1,0,0,0,5,5,0,0
2008-12-31,VIRGINIA EASTERN,VIRGINIA,FOURTH CIRCUIT,5768,3649,82,1,2036,223,137,78,1,7,5545,3512,4,2029
2008-12-31,VIRGINIA WESTERN,VIRGINIA,FOURTH CIRCUIT,1979,1262,10,0,707,44,31,10,0,3,1935,1231,0,704
2008-12-31,WASHINGTON EASTERN,WASHINGTON,NINTH CIRCUIT,1497,1160,10,0,327,55,39,10,0,6,1442,1121,0,321
2008-12-31,WASHINGTON WESTERN,WASHINGTON,NINTH CIRCUIT,4562,3282,31,0,1248,171,118,28,0,24,4391,3164,3,1224
2008-12-31,WEST VIRGINIA NORTHERN,WEST VIRGINIA,FOURTH CIRCUIT,594,524,9,0,61,27,16,8,0,3,567,508,1,58
2008-12-31,WEST VIRGINIA SOUTHERN,WEST VIRGINIA,FOURTH CIRCUIT,771,695,5,0,71,19,14,4,0,1,752,681,1,70
2008-12-31,WISCONSIN EASTERN,WISCONSIN,SEVENTH CIRCUIT,3487,2614,9,2,862,117,86,9,2,20,3370,2528,0,842
2008-12-31,WISCONSIN WESTERN,WISCONSIN,SEVENTH CIRCUIT,1762,1492,11,5,254,77,52,9,5,11,1685,1440,2,243
2008-12-31,WYOMING,WYOMING,TENTH CIRCUIT,247,199,3,0,38,22,11,3,0,1,225,188,0,37
2009-03-31,ALABAMA MIDDLE,ALABAMA,ELEVENTH CIRCUIT,2039,714,10,0,1315,49,33,9,0,7,1990,681,1,1308
2009-03-31,ALABAMA NORTHERN,ALABAMA,ELEVENTH CIRCUIT,5016,2658,25,0,2333,114,80,25,0,9,4902,2578,0,2324
2009-03-31,ALABAMA SOUTHERN,ALABAMA,ELEVENTH CIRCUIT,1551,500,11,0,1040,28,15,10,0,3,1523,485,1,1037
2009-03-31,ALASKA,ALASKA,NINTH CIRCUIT,187,157,4,0,26,22,15,3,0,4,165,142,1,22
2009-03-31,ARIZONA,ARIZONA,NINTH CIRCUIT,6402,5222,130,0,1050,341,198,120,0,23,6061,5024,10,1027
2009-03-31,ARKANSAS EASTERN,ARKANSAS,EIGHTH CIRCUIT,2150,1122,6,1,1021,73,56,6,1,10,2077,1066,0,1011
2009-03-31,ARKANSAS WESTERN,ARKANSAS,EIGHTH CIRCUIT,1445,892,15,1,537,78,52,13,1,12,1367,840,2,525
2009-03-31,CALIFORNIA CENTRAL,CALIFORNIA,NINTH CIRCUIT,21748,16751,322,0,4675,1186,867,290,0,29,20562,15884,32,4646
2009-03-31,CALIFORNIA EASTERN,CALIFORNIA,NINTH CIRCUIT,10043,8335,47,3,1658,362,280,42,3,37,9681,8055,5,1621
2009-03-31,CALIFORNIA NORTHERN,CALIFORNIA,NINTH CIRCUIT,6814,4636,64,2,2112,358,265,45,2,46,6456,4371,19,2066
2009-03-31,CALIFORNIA SOUTHERN,CALIFORNIA,NINTH CIRCUIT,4387,3682,31,1,673,162,131,27,1,3,4225,3551,4,670
2009-03-31,COLORADO,COLORADO,TENTH CIRCUIT,5675,4819,32,1,823,275,228,32,1,14,5400,4591,0,809
2009-03-31,CONNECTICUT,CONNECTICUT,SECOND CIRCUIT,2285,1928,42,0,314,118,79,36,0,2,2167,1849,6,312
2009-03-31,DELAWARE,DELAWARE,THIRD CIRCUIT,1169,514,449,0,201,493,38,449,0,1,676,476,0,200
2009-03-31,DISTRICT OF COLUMBIA,DISTRICT OF COLUMBIA,DC CIRCUIT,273,165,12,0,96,22,10,11,0,1,251,155,1,95
2009-03-31,FLORIDA MIDDLE,FLORIDA,ELEVENTH CIRCUIT,13332,9687,127,5,3513,683,507,116,5,55,12649,9180,11,3458
2009-03-31,FLORIDA NORTHERN,FLORIDA,ELEVENTH CIRCUIT,1223,1036,12,1,174,86,71,11,1,3,1137,965,1,171
2009-03-31,FLORIDA SOUTHERN,FLORIDA,ELEVENTH CIRCUIT,6146,4500,58,0,1587,351,274,54,0,22,5795,4226,4,1565
2009-03-31,GEORGIA MIDDLE,GEORGIA,ELEVENTH CIRCUIT,3075,1421,18,2,1634,108,73,18,2,15,2967,1348,0,1619
2009-03-31,GEORGIA NORTHERN,GEORGIA,ELEVENTH CIRCUIT,12376,7795,86,0,4495,601,478,74,0,49,11775,7317,12,4446
2009-03-31,GEORGIA SOUTHERN,GEORGIA,ELEVENTH CIRCUIT,2703,833,14,8,1848,82,55,13,8,6,2621,778,1,1842
2009-03-31,GUAM,GUAM,NINTH CIRCUIT,59,57,0,0,2,1,1,0,0,0,58,56,0,2
2009-03-31,HAWAII,HAWAII,NINTH CIRCUIT,708,592,3,0,113,29,24,3,0,2,679,568,0,111
2009-03-31,IDAHO,IDAHO,NINTH CIRCUIT,1572,1384,14,2,172,66,50,12,2,2,1506,1334,2,170
2009-03-31,ILLINOIS CENTRAL,ILLINOIS,SEVENTH CIRCUIT,2674,2099,9,0,566,60,45,8,0,7,2614,2054,1,559
2009-03-31,ILLINOIS NORTHERN,ILLINOIS,SEVENTH CIRCUIT,13232,9746,109,0,3376,471,364,99,0,7,12761,9382,10,3369
2009-03-31,ILLINOIS SOUTHERN,ILLINOIS,SEVENTH CIRCUIT,1685,1067,6,1,611,62,42,6,1,13,1623,1025,0,598
2009-03-31,INDIANA NORTHERN,INDIANA,SEVENTH CIRCUIT,4259,3368,11,0,880,64,50,8,0,6,4195,3318,3,874
2009-03-31,INDIANA SOUTHERN,INDIANA,SEVENTH CIRCUIT,6715,4579,26,1,2109,133,100,22,1,10,6582,4479,4,2099
2009-03-31,IOWA NORTHERN,IOWA,EIGHTH CIRCUIT,813,764,5,0,44,41,35,5,0,1,772,729,0,43
2009-03-31,IOWA SOUTHERN,IOWA,EIGHTH CIRCUIT,1492,1354,5,0,133,63,58,5,0,0,1429,1296,0,133
2009-03-31,KANSAS,KANSAS,TENTH CIRCUIT,2315,1604,14,4,693,90,64,13,4,9,2225,1540,1,684
2009-03-31,KENTUCKY EASTERN,KENTUCKY,SIXTH CIRCUIT,3038,2334,15,0,689,69,51,12,0,6,2969,2283,3,683
2009-03-31,KENTUCKY WESTERN,KENTUCKY,SIXTH CIRCUIT,3162,2430,13,1,718,95,72,13,1,9,3067,2358,0,709
2009-03-31,LOUISIANA EASTERN,LOUISIANA,FIFTH CIRCUIT,986,541,11,0,434,62,47,10,0,5,924,494,1,429
2009-03-31,LOUISIANA MIDDLE,LOUISIANA,FIFTH CIRCUIT,446,247,6,1,192,20,10,6,1,3,426,237,0,189
2009-03-31,LOUISIANA WESTERN,LOUISIANA,FIFTH CIRCUIT,2720,768,10,2,1940,103,37,10,2,54,2617,731,0,1886
2009-03-31,MAINE,MAINE,FIRST CIRCUIT,831,665,15,0,151,52,31,15,0,6,779,634,0,145
2009-03-31,MARYLAND,MARYLAND,FOURTH CIRCUIT,5802,4252,61,0,1489,216,161,44,0,11,5586,4091,17,1478
2009-03-31,MASSACHUSETTS,MASSACHUSETTS,FIRST CIRCUIT,4567,3783,35,0,748,191,155,33,0,2,4376,3628,2,746
2009-03-31,MICHIGAN EASTERN,MICHIGAN,SIXTH CIRCUIT,13337,10854,45,4,2434,324,256,42,4,22,13013,10598,3,2412
2009-03-31,MICHIGAN WESTERN,MICHIGAN,SIXTH CIRCUIT,4184,3718,14,3,449,171,147,14,3,7,4013,3571,0,442
2009-03-31,MINNESOTA,MINNESOTA,EIGHTH CIRCUIT,4876,4172,18,1,685,209,179,16,1,13,4667,3993,2,672
2009-03-31,MISSISSIPPI NORTHERN,MISSISSIPPI,FIFTH CIRCUIT,1758,1037,8,1,712,55,38,7,1,9,1703,999,1,703
2009-03-31,MISSISSIPPI SOUTHERN,MISSISSIPPI,FIFTH CIRCUIT,1802,1021,12,0,768,46,30,12,0,3,1756,991,0,765
2009-03-31,MISSOURI EASTERN,MISSOURI,EIGHTH CIRCUIT,3501,2560,3,1,937,82,72,3,1,6,3419,2488,0,931
2009-03-31,MISSOURI WESTERN,MISSOURI,EIGHTH CIRCUIT,3370,2517,19,2,832,95,67,17,2,9,3275,2450,2,823
2009-03-31,MONTANA,MONTANA,NINTH CIRCUIT,572,492,6,2,72,32,22,6,2,2,540,470,0,70
2009-03-31,NEBRASKA,NEBRASKA,EIGHTH CIRCUIT,1752,1294,8,5,444,68,50,8,5,4,1684,1244,0,440
2009-03-31,NEVADA,NEVADA,NINTH CIRCUIT,5942,4260,114,0,1568,241,125,106,0,10,5701,4135,8,1558
2009-03-31,NEW HAMPSHIRE,NEW HAMPSHIRE,FIRST CIRCUIT,1172,978,7,0,187,117,96,6,0,15,1055,882,1,172
2009-03-31,NEW JERSEY,NEW JERSEY,THIRD CIRCUIT,8273,6146,135,2,1977,398,231,127,2,25,7875,5915,8,1952
2009-03-31,NEW MEXICO,NEW MEXICO,TENTH CIRCUIT,1392,1270,12,0,109,80,62,11,0,6,1312,1208,1,103
2009-03-31,NEW YORK EASTERN,NEW YORK,SECOND CIRCUIT,4712,3682,64,0,964,164,98,59,0,5,4548,3584,5,959
2009-03-31,NEW YORK NORTHERN,NEW YORK,SECOND CIRCUIT,2851,2081,15,8,747,85,46,14,8,17,2766,2035,1,730
2009-03-31,NEW YORK SOUTHERN,NEW YORK,SECOND CIRCUIT,2963,2078,441,0,438,543,90,438,0,9,2420,1988,3,429
2009-03-31,NEW YORK WESTERN,NEW YORK,SECOND CIRCUIT,2162,1541,8,2,611,78,53,8,2,15,2084,1488,0,596
2009-03-31,NORTH CAROLINA EASTERN,NORTH CAROLINA,FOURTH CIRCUIT,2691,1145,33,1,1512,119,81,29,1,8,2572,1064,4,1504
2009-03-31,NORTH CAROLINA MIDDLE,NORTH CAROLINA,FOURTH CIRCUIT,1820,1022,11,0,786,107,76,11,0,19,1713,946,0,767
2009-03-31,NORTH CAROLINA WESTERN,NORTH CAROLINA,FOURTH CIRCUIT,2000,1296,18,1,685,82,57,17,1,7,1918,1239,1,678
2009-03-31,NORTH DAKOTA,NORTH DAKOTA,EIGHTH CIRCUIT,359,325,1,0,33,14,12,1,0,1,345,313,0,32
2009-03-31,NORTHERN MARIANAS,NORTHERN MARIANA ISLANDS,NINTH CIRCUIT,0,0,0,0,0,0,0,0,0,0,0,0,0,0
2009-03-31,OHIO NORTHERN,OHIO,SIXTH CIRCUIT,8471,6890,34,2,1545,241,193,33,2,13,8230,6697,1,1532
2009-03-31,OHIO SOUTHERN,OHIO,SIXTH CIRCUIT,7413,5260,28,1,2124,236,183,28,1,24,7177,5077,0,2100
2009-03-31,OKLAHOMA EASTERN,OKLAHOMA,TENTH CIRCUIT,500,445,0,0,55,21,21,0,0,0,479,424,0,55
2009-03-31,OKLAHOMA NORTHERN,OKLAHOMA,TENTH CIRCUIT,910,848,1,0,61,56,54,1,0,1,854,794,0,60
2009-03-31,OKLAHOMA WESTERN,OKLAHOMA,TENTH CIRCUIT,1742,1287,7,1,447,76,67,6,1,2,1666,1220,1,445
2009-03-31,OREGON,OREGON,NINTH CIRCUIT,3803,2897,20,2,884,131,92,18,2,19,3672,2805,2,865
2009-03-31,PENNSYLVANIA EASTERN,PENNSYLVANIA,THIRD CIRCUIT,3261,2191,46,0,1024,140,85,45,0,10,3121,2106,1,1014
2009-03-31,PENNSYLVANIA MIDDLE,PENNSYLVANIA,THIRD CIRCUIT,2513,1838,6,0,669,72,53,6,0,13,2441,1785,0,656
2009-03-31,PENNSYLVANIA WESTERN,PENNSYLVANIA,THIRD CIRCUIT,3359,2531,51,3,773,163,95,49,3,15,3196,2436,2,758
2009-03-31,PUERTO RICO,PUERTO RICO,FIRST CIRCUIT,2565,665,37,3,1860,87,35,31,3,18,2478,630,6,1842
2009-03-31,RHODE ISLAND,RHODE ISLAND,FIRST CIRCUIT,1257,1076,1,1,179,44,42,1,1,0,1213,1034,0,179
2009-03-31,SOUTH CAROLINA,SOUTH CAROLINA,FOURTH CIRCUIT,2467,1203,33,1,1230,127,87,30,1,9,2340,1116,3,1221
2009-03-31,SOUTH DAKOTA,SOUTH DAKOTA,EIGHTH CIRCUIT,399,343,5,0,51,24,16,5,0,3,375,327,0,48
2009-03-31,TENNESSEE EASTERN,TENNESSEE,SIXTH CIRCUIT,4715,3105,15,3,1592,103,79,14,3,7,4612,3026,1,1585
2009-03-31,TENNESSEE MIDDLE,TENNESSEE,SIXTH CIRCUIT,3751,2315,40,5,1391,138,92,29,5,12,3613,2223,11,1379
2009-03-31,TENNESSEE WESTERN,TENNESSEE,SIXTH CIRCUIT,4973,1595,19,0,3359,48,27,16,0,5,4925,1568,3,3354
2009-03-31,TEXAS EASTERN,TEXAS,FIFTH CIRCUIT,1692,953,18,1,720,143,111,17,1,14,1549,842,1,706
2009-03-31,TEXAS NORTHERN,TEXAS,FIFTH CIRCUIT,4527,2158,103,4,2262,407,262,102,4,39,4120,1896,1,2223
2009-03-31,TEXAS SOUTHERN,TEXAS,FIFTH CIRCUIT,3018,1443,86,0,1489,244,146,84,0,14,2774,1297,2,1475
2009-03-31,TEXAS WESTERN,TEXAS,FIFTH CIRCUIT,3094,1674,53,0,1367,230,156,51,0,23,2864,1518,2,1344
2009-03-31,UTAH,UTAH,TENTH CIRCUIT,3137,1961,17,1,1158,144,114,16,1,13,2993,1847,1,1145
2009-03-31,VERMONT,VERMONT,SECOND CIRCUIT,373,285,0,0,88,10,7,0,0,3,363,278,0,85
2009-03-31,VIRGIN ISLANDS,VIRGIN ISLANDS,THIRD CIRCUIT,5,3,1,0,1,2,1,1,0,0,3,2,0,1
2009-03-31,VIRGINIA EASTERN,VIRGINIA,FOURTH CIRCUIT,6406,4203,75,0,2128,255,183,64,0,8,6151,4020,11,2120
2009-03-31,VIRGINIA WESTERN,VIRGINIA,FOURTH CIRCUIT,2304,1627,8,0,669,65,53,7,0,5,2239,1574,1,664
2009-03-31,WASHINGTON EASTERN,WASHINGTON,NINTH CIRCUIT,1798,1438,9,2,349,52,34,9,2,7,1746,1404,0,342
2009-03-31,WASHINGTON WESTERN,WASHINGTON,NINTH CIRCUIT,5224,3945,29,0,1249,184,137,28,0,18,5040,3808,1,1231
2009-03-31,WEST VIRGINIA NORTHERN,WEST VIRGINIA,FOURTH CIRCUIT,731,643,4,0,84,34,21,4,0,9,697,622,0,75
2009-03-31,WEST VIRGINIA SOUTHERN,WEST VIRGINIA,FOURTH CIRCUIT,925,841,6,0,78,16,10,5,0,1,909,831,1,77
2009-03-31,WISCONSIN EASTERN,WISCONSIN,SEVENTH CIRCUIT,4240,3296,42,0,897,154,92,42,0,15,4086,3204,0,882
2009-03-31,WISCONSIN WESTERN,WISCONSIN,SEVENTH CIRCUIT,2031,1785,7,2,237,60,44,6,2,8,1971,1741,1,229
2009-03-31,WYOMING,WYOMING,TENTH CIRCUIT,269,226,3,0,40,22,18,3,0,1,247,208,0,39
2009-06-30,ALABAMA MIDDLE,ALABAMA,ELEVENTH CIRCUIT,2036,676,7,0,1353,46,31,7,0,8,1990,645,0,1345
2009-06-30,ALABAMA NORTHERN,ALABAMA,ELEVENTH CIRCUIT,5149,2572,31,2,2544,128,82,29,2,15,5021,2490,2,2529
2009-06-30,ALABAMA SOUTHERN,ALABAMA,ELEVENTH CIRCUIT,1528,489,16,1,1022,31,17,13,1,0,1497,472,3,1022
2009-06-30,ALASKA,ALASKA,NINTH CIRCUIT,267,223,4,0,40,26,15,4,0,7,241,208,0,33
2009-06-30,ARIZONA,ARIZONA,NINTH CIRCUIT,9069,7487,159,1,1422,423,262,137,1,23,8646,7225,22,1399
2009-06-30,ARKANSAS EASTERN,ARKANSAS,EIGHTH CIRCUIT,2372,1250,19,0,1103,74,49,18,0,7,2298,1201,1,1096
2009-06-30,ARKANSAS WESTERN,ARKANSAS,EIGHTH CIRCUIT,1680,1065,6,1,608,85,61,4,1,19,1595,1004,2,589
2009-06-30,CALIFORNIA CENTRAL,CALIFORNIA,NINTH CIRCUIT,27364,20994,263,5,6101,1264,981,218,5,59,26100,20013,45,6042
2009-06-30,CALIFORNIA EASTERN,CALIFORNIA,NINTH CIRCUIT,12562,10400,68,7,2087,428,313,54,7,54,12134,10087,14,2033
2009-06-30,CALIFORNIA NORTHERN,CALIFORNIA,NINTH CIRCUIT,8329,5610,97,4,2618,425,297,65,4,59,7904,5313,32,2559
2009-06-30,CALIFORNIA SOUTHERN,CALIFORNIA,NINTH CIRCUIT,5250,4380,26,0,841,149,121,18,0,7,5101,4259,8,834
2009-06-30,COLORADO,COLORADO,TENTH CIRCUIT,7483,6392,42,4,1045,370,314,40,4,12,7113,6078,2,1033
2009-06-30,CONNECTICUT,CONNECTICUT,SECOND CIRCUIT,2689,2356,26,0,307,114,83,23,0,8,2575,2273,3,299
2009-06-30,DELAWARE,DELAWARE,THIRD CIRCUIT,1092,522,350,1,205,412,47,349,1,1,680,475,1,204
2009-06-30,DISTRICT OF COLUMBIA,DISTRICT OF COLUMBIA,DC CIRCUIT,308,208,13,0,87,23,11,12,0,0,285,197,1,87
2009-06-30,FLORIDA MIDDLE,FLORIDA,ELEVENTH CIRCUIT,16145,11866,181,6,4092,842,622,162,6,52,15303,11244,19,4040
2009-06-30,FLORIDA NORTHERN,FLORIDA,ELEVENTH CIRCUIT,1512,1319,5,5,183,94,82,5,5,2,1418,1237,0,181
2009-06-30,FLORIDA SOUTHERN,FLORIDA,ELEVENTH CIRCUIT,7758,5889,77,1,1789,368,267,73,1,25,7390,5622,4,1764
2009-06-30,GEORGIA MIDDLE,GEORGIA,ELEVENTH CIRCUIT,3106,1350,5,6,1745,110,78,5,6,21,2996,1272,0,1724
2009-06-30,GEORGIA NORTHERN,GEORGIA,ELEVENTH CIRCUIT,12605,8156,114,1,4334,601,463,105,1,32,12004,7693,9,4302
2009-06-30,GEORGIA SOUTHERN,GEORGIA,ELEVENTH CIRCUIT,2667,698,24,1,1944,82,41,23,1,17,2585,657,1,1927
2009-06-30,GUAM,GUAM,NINTH CIRCUIT,58,56,1,0,1,2,1,1,0,0,56,55,0,1
2009-06-30,HAWAII,HAWAII,NINTH CIRCUIT,773,599,3,0,171,21,16,3,0,2,752,583,0,169
2009-06-30,IDAHO,IDAHO,NINTH CIRCUIT,2051,1820,11,3,217,96,76,11,3,6,1955,1744,0,211
2009-06-30,ILLINOIS CENTRAL,ILLINOIS,SEVENTH CIRCUIT,2773,2202,5,5,561,70,56,5,5,4,2703,2146,0,557
2009-06-30,ILLINOIS NORTHERN,ILLINOIS,SEVENTH CIRCUIT,13825,10760,88,1,2976,453,366,82,1,4,13372,10394,6,2972
2009-06-30,ILLINOIS SOUTHERN,ILLINOIS,SEVENTH CIRCUIT,1713,1095,7,0,611,48,27,7,0,14,1665,1068,0,597
2009-06-30,INDIANA NORTHERN,INDIANA,SEVENTH CIRCUIT,5257,4264,22,0,971,84,61,20,0,3,5173,4203,2,968
2009-06-30,INDIANA SOUTHERN,INDIANA,SEVENTH CIRCUIT,7865,5563,24,2,2276,153,113,24,2,14,7712,5450,0,2262
2009-06-30,IOWA NORTHERN,IOWA,EIGHTH CIRCUIT,1098,1050,1,1,45,44,40,1,1,1,1054,1010,0,44
2009-06-30,IOWA SOUTHERN,IOWA,EIGHTH CIRCUIT,1704,1548,1,0,155,62,59,1,0,2,1642,1489,0,153
2009-06-30,KANSAS,KANSAS,TENTH CIRCUIT,3024,2139,26,5,854,91,53,26,5,7,2933,2086,0,847
2009-06-30,KENTUCKY EASTERN,KENTUCKY,SIXTH CIRCUIT,3217,2458,12,1,746,72,59,10,1,2,3145,2399,2,744
2009-06-30,KENTUCKY WESTERN,KENTUCKY,SIXTH CIRCUIT,3187,2416,9,2,760,58,42,9,2,5,3129,2374,0,755
2009-06-30,LOUISIANA EASTERN,LOUISIANA,FIFTH CIRCUIT,1061,586,16,0,459,68,51,16,0,1,993,535,0,458
2009-06-30,LOUISIANA MIDDLE,LOUISIANA,FIFTH CIRCUIT,557,333,6,0,218,25,19,6,0,0,532,314,0,218
2009-06-30,LOUISIANA WESTERN,LOUISIANA,FIFTH CIRCUIT,3052,851,23,5,2173,126,47,22,5,52,2926,804,1,2121
2009-06-30,MAINE,MAINE,FIRST CIRCUIT,1085,913,24,3,145,74,44,21,3,6,1011,869,3,139
2009-06-30,MARYLAND,MARYLAND,FOURTH CIRCUIT,6468,4915,64,0,1489,235,168,52,0,15,6233,4747,12,1474
2009-06-30,MASSACHUSETTS,MASSACHUSETTS,FIRST CIRCUIT,5618,4609,63,1,945,163,106,51,1,5,5455,4503,12,940
2009-06-30,MICHIGAN EASTERN,MICHIGAN,SIXTH CIRCUIT,14037,11713,55,4,2265,409,332,52,4,21,13628,11381,3,2244
2009-06-30,MICHIGAN WESTERN,MICHIGAN,SIXTH CIRCUIT,4242,3751,20,2,469,180,149,17,2,12,4062,3602,3,457
2009-06-30,MINNESOTA,MINNESOTA,EIGHTH CIRCUIT,5634,4868,40,3,723,230,181,40,3,6,5404,4687,0,717
2009-06-30,MISSISSIPPI NORTHERN,MISSISSIPPI,FIFTH CIRCUIT,1681,907,6,2,766,50,35,6,2,7,1631,872,0,759
2009-06-30,MISSISSIPPI SOUTHERN,MISSISSIPPI,FIFTH CIRCUIT,1932,1141,9,2,780,69,57,9,2,1,1863,1084,0,779
2009-06-30,MISSOURI EASTERN,MISSOURI,EIGHTH CIRCUIT,4187,3186,6,1,994,106,91,4,1,10,4081,3095,2,984
2009-06-30,MISSOURI WESTERN,MISSOURI,EIGHTH CIRCUIT,4169,3230,13,1,925,101,79,13,1,8,4068,3151,0,917
2009-06-30,MONTANA,MONTANA,NINTH CIRCUIT,810,700,3,2,105,42,34,2,2,4,768,666,1,101
2009-06-30,NEBRASKA,NEBRASKA,EIGHTH CIRCUIT,1997,1476,9,4,508,94,69,8,4,13,1903,1407,1,495
2009-06-30,NEVADA,NEVADA,NINTH CIRCUIT,8151,5781,98,0,2272,221,137,77,0,7,7930,5644,21,2265
2009-06-30,NEW HAMPSHIRE,NEW HAMPSHIRE,FIRST CIRCUIT,1353,1090,17,0,246,154,113,16,0,25,1199,977,1,221
2009-06-30,NEW JERSEY,NEW JERSEY,THIRD CIRCUIT,9132,6976,107,0,2048,369,256,89,0,23,8763,6720,18,2025
2009-06-30,NEW MEXICO,NEW MEXICO,TENTH CIRCUIT,1503,1388,11,0,104,84,73,9,0,2,1419,1315,2,102
2009-06-30,NEW YORK EASTERN,NEW YORK,SECOND CIRCUIT,5794,4918,56,0,820,161,110,45,0,6,5633,4808,11,814
2009-06-30,NEW YORK NORTHERN,NEW YORK,SECOND CIRCUIT,3472,2671,18,4,779,95,51,17,4,23,3377,2620,1,756
2009-06-30,NEW YORK SOUTHERN,NEW YORK,SECOND CIRCUIT,4267,2904,855,0,494,1042,180,844,0,4,3225,2724,11,490
2009-06-30,NEW YORK WESTERN,NEW YORK,SECOND CIRCUIT,2733,2077,20,0,636,101,70,19,0,12,2632,2007,1,624
2009-06-30,NORTH CAROLINA EASTERN,NORTH CAROLINA,FOURTH CIRCUIT,2820,1167,44,2,1607,139,84,39,2,14,2681,1083,5,1593
2009-06-30,NORTH CAROLINA MIDDLE,NORTH CAROLINA,FOURTH CIRCUIT,1848,1119,4,0,725,95,79,4,0,12,1753,1040,0,713
2009-06-30,NORTH CAROLINA WESTERN,NORTH CAROLINA,FOURTH CIRCUIT,2298,1548,27,1,722,97,68,22,1,6,2201,1480,5,716
2009-06-30,NORTH DAKOTA,NORTH DAKOTA,EIGHTH CIRCUIT,447,405,3,1,38,18,14,2,1,1,429,391,1,37
2009-06-30,NORTHERN MARIANAS,NORTHERN MARIANA ISLANDS,NINTH CIRCUIT,0,0,0,0,0,0,0,0,0,0,0,0,0,0
2009-06-30,OHIO NORTHERN,OHIO,SIXTH CIRCUIT,10401,8632,28,0,1741,277,219,27,0,31,10124,8413,1,1710
2009-06-30,OHIO SOUTHERN,OHIO,SIXTH CIRCUIT,8530,6310,31,2,2187,236,171,30,2,33,8294,6139,1,2154
2009-06-30,OKLAHOMA EASTERN,OKLAHOMA,TENTH CIRCUIT,588,524,1,0,63,19,18,1,0,0,569,506,0,63
2009-06-30,OKLAHOMA NORTHERN,OKLAHOMA,TENTH CIRCUIT,1107,1011,0,0,96,46,43,0,0,3,1061,968,0,93
2009-06-30,OKLAHOMA WESTERN,OKLAHOMA,TENTH CIRCUIT,1967,1540,30,1,396,78,48,26,1,3,1889,1492,4,393
2009-06-30,OREGON,OREGON,NINTH CIRCUIT,5035,3962,12,0,1061,170,132,9,0,29,4865,3830,3,1032
2009-06-30,PENNSYLVANIA EASTERN,PENNSYLVANIA,THIRD CIRCUIT,3317,2367,34,0,916,117,69,31,0,17,3200,2298,3,899
2009-06-30,PENNSYLVANIA MIDDLE,PENNSYLVANIA,THIRD CIRCUIT,2705,1937,15,0,752,80,50,15,0,14,2625,1887,0,738
2009-06-30,PENNSYLVANIA WESTERN,PENNSYLVANIA,THIRD CIRCUIT,3713,2910,39,1,763,149,101,35,1,12,3564,2809,4,751
2009-06-30,PUERTO RICO,PUERTO RICO,FIRST CIRCUIT,2866,842,38,6,1980,107,38,33,6,30,2759,804,5,1950
2009-06-30,RHODE ISLAND,RHODE ISLAND,FIRST CIRCUIT,1345,1162,8,0,175,43,31,8,0,4,1302,1131,0,171
2009-06-30,SOUTH CAROLINA,SOUTH CAROLINA,FOURTH CIRCUIT,2384,1207,28,3,1146,106,79,20,3,4,2278,1128,8,1142
2009-06-30,SOUTH DAKOTA,SOUTH DAKOTA,EIGHTH CIRCUIT,560,505,2,0,53,35,28,2,0,5,525,477,0,48
2009-06-30,TENNESSEE EASTERN,TENNESSEE,SIXTH CIRCUIT,4891,3215,27,6,1643,115,81,24,6,4,4776,3134,3,1639
2009-06-30,TENNESSEE MIDDLE,TENNESSEE,SIXTH CIRCUIT,3666,2193,58,0,1415,149,98,42,0,9,3517,2095,16,1406
2009-06-30,TENNESSEE WESTERN,TENNESSEE,SIXTH CIRCUIT,4788,1515,24,1,3248,69,40,22,1,6,4719,1475,2,3242
2009-06-30,TEXAS EASTERN,TEXAS,FIFTH CIRCUIT,1921,1103,26,0,792,151,119,24,0,8,1770,984,2,784
2009-06-30,TEXAS NORTHERN,TEXAS,FIFTH CIRCUIT,5103,2557,141,1,2403,430,253,139,1,36,4673,2304,2,2367
2009-06-30,TEXAS SOUTHERN,TEXAS,FIFTH CIRCUIT,3362,1671,93,1,1596,288,172,88,1,26,3074,1499,5,1570
2009-06-30,TEXAS WESTERN,TEXAS,FIFTH CIRCUIT,3554,1915,177,0,1459,371,158,173,0,37,3183,1757,4,1422
2009-06-30,UTAH,UTAH,TENTH CIRCUIT,3818,2575,17,1,1225,154,126,15,1,12,3664,2449,2,1213
2009-06-30,VERMONT,VERMONT,SECOND CIRCUIT,397,310,0,0,87,18,13,0,0,5,379,297,0,82
2009-06-30,VIRGIN ISLANDS,VIRGIN ISLANDS,THIRD CIRCUIT,13,5,3,0,5,4,1,3,0,0,9,4,0,5
2009-06-30,VIRGINIA EASTERN,VIRGINIA,FOURTH CIRCUIT,6893,4856,39,0,1997,221,183,30,0,7,6672,4673,9,1990
2009-06-30,VIRGINIA WESTERN,VIRGINIA,FOURTH CIRCUIT,2532,1798,6,0,728,55,45,6,0,4,2477,1753,0,724
2009-06-30,WASHINGTON EASTERN,WASHINGTON,NINTH CIRCUIT,1995,1624,11,1,359,70,54,10,1,5,1925,1570,1,354
2009-06-30,WASHINGTON WESTERN,WASHINGTON,NINTH CIRCUIT,5989,4564,53,5,1350,266,180,46,5,18,5723,4384,7,1332
2009-06-30,WEST VIRGINIA NORTHERN,WEST VIRGINIA,FOURTH CIRCUIT,778,707,3,0,68,37,33,3,0,1,741,674,0,67
2009-06-30,WEST VIRGINIA SOUTHERN,WEST VIRGINIA,FOURTH CIRCUIT,887,802,8,0,77,21,14,7,0,0,866,788,1,77
2009-06-30,WISCONSIN EASTERN,WISCONSIN,SEVENTH CIRCUIT,5353,4195,18,1,1139,126,94,17,1,14,5227,4101,1,1125
2009-06-30,WISCONSIN WESTERN,WISCONSIN,SEVENTH CIRCUIT,2368,2094,13,4,257,90,70,9,4,7,2278,2024,4,250
2009-06-30,WYOMING,WYOMING,TENTH CIRCUIT,383,340,5,1,37,19,11,4,1,3,364,329,1,34
2009-09-30,ALABAMA MIDDLE,ALABAMA,ELEVENTH CIRCUIT,2241,643,12,2,1584,61,41,11,2,7,2180,602,1,1577
2009-09-30,ALABAMA NORTHERN,ALABAMA,ELEVENTH CIRCUIT,5238,2439,29,0,2770,110,77,27,0,6,5128,2362,2,2764
2009-09-30,ALABAMA SOUTHERN,ALABAMA,ELEVENTH CIRCUIT,1625,498,12,0,1115,40,20,12,0,8,1585,478,0,1107
2009-09-30,ALASKA,ALASKA,NINTH CIRCUIT,259,212,6,0,41,29,18,6,0,5,230,194,0,36
2009-09-30,ARIZONA,ARIZONA,NINTH CIRCUIT,9748,8042,143,0,1563,423,285,116,0,22,9325,7757,27,1541
2009-09-30,ARKANSAS EASTERN,ARKANSAS,EIGHTH CIRCUIT,2625,1303,9,5,1308,67,42,8,5,12,2558,1261,1,1296
2009-09-30,ARKANSAS WESTERN,ARKANSAS,EIGHTH CIRCUIT,1761,1055,13,2,691,86,66,12,2,6,1675,989,1,685
2009-09-30,CALIFORNIA CENTRAL,CALIFORNIA,NINTH CIRCUIT,29138,22634,242,1,6260,1278,1042,184,1,50,27860,21592,58,6210
2009-09-30,CALIFORNIA EASTERN,CALIFORNIA,NINTH CIRCUIT,12466,10321,63,8,2074,388,288,52,8,40,12078,10033,11,2034
2009-09-30,CALIFORNIA NORTHERN,CALIFORNIA,NINTH CIRCUIT,8990,5990,127,2,2871,451,301,82,2,66,8539,5689,45,2805
2009-09-30,CALIFORNIA SOUTHERN,CALIFORNIA,NINTH CIRCUIT,5596,4617,25,2,952,190,165,19,2,4,5406,4452,6,948
2009-09-30,COLORADO,COLORADO,TENTH CIRCUIT,7821,6627,51,0,1143,385,319,48,0,18,7436,6308,3,1125
2009-09-30,CONNECTICUT,CONNECTICUT,SECOND CIRCUIT,2669,2332,42,0,295,114,74,37,0,3,2555,2258,5,292
2009-09-30,DELAWARE,DELAWARE,THIRD CIRCUIT,1136,599,332,1,198,383,43,332,1,1,753,556,0,197
2009-09-30,DISTRICT OF COLUMBIA,DISTRICT OF COLUMBIA,DC CIRCUIT,301,196,12,0,93,30,15,10,0,5,271,181,2,88
2009-09-30,FLORIDA MIDDLE,FLORIDA,ELEVENTH CIRCUIT,16632,12378,173,14,4066,814,604,142,14,53,15818,11774,31,4013
2009-09-30,FLORIDA NORTHERN,FLORIDA,ELEVENTH CIRCUIT,1428,1231,7,1,189,66,58,5,1,2,1362,1173,2,187
2009-09-30,FLORIDA SOUTHERN,FLORIDA,ELEVENTH CIRCUIT,7873,5879,74,0,1920,363,274,66,0,23,7510,5605,8,1897
2009-09-30,GEORGIA MIDDLE,GEORGIA,ELEVENTH CIRCUIT,3296,1296,15,11,1974,113,72,13,11,17,3183,1224,2,1957
2009-09-30,GEORGIA NORTHERN,GEORGIA,ELEVENTH CIRCUIT,13252,8322,88,1,4841,561,459,79,1,22,12691,7863,9,4819
2009-09-30,GEORGIA SOUTHERN,GEORGIA,ELEVENTH CIRCUIT,3164,723,13,2,2426,69,45,10,2,12,3095,678,3,2414
2009-09-30,GUAM,GUAM,NINTH CIRCUIT,42,40,0,0,2,1,1,0,0,0,41,39,0,2
2009-09-30,HAWAII,HAWAII,NINTH CIRCUIT,824,648,6,1,168,36,25,6,1,3,788,623,0,165
2009-09-30,IDAHO,IDAHO,NINTH CIRCUIT,2086,1823,14,2,247,90,72,11,2,5,1996,1751,3,242
2009-09-30,ILLINOIS CENTRAL,ILLINOIS,SEVENTH CIRCUIT,2782,2194,9,0,579,63,51,9,0,3,2719,2143,0,576
2009-09-30,ILLINOIS NORTHERN,ILLINOIS,SEVENTH CIRCUIT,14529,11185,93,0,3251,496,404,86,0,6,14033,10781,7,3245
2009-09-30,ILLINOIS SOUTHERN,ILLINOIS,SEVENTH CIRCUIT,1705,1037,12,2,653,62,38,12,2,9,1643,999,0,644
2009-09-30,INDIANA NORTHERN,INDIANA,SEVENTH CIRCUIT,5280,4191,14,0,1075,87,68,14,0,5,5193,4123,0,1070
2009-09-30,INDIANA SOUTHERN,INDIANA,SEVENTH CIRCUIT,7778,5515,30,2,2231,162,125,26,2,9,7616,5390,4,2222
2009-09-30,IOWA NORTHERN,IOWA,EIGHTH CIRCUIT,1017,971,2,1,43,42,39,2,1,0,975,932,0,43
2009-09-30,IOWA SOUTHERN,IOWA,EIGHTH CIRCUIT,1681,1521,5,1,154,47,40,5,1,1,1634,1481,0,153
2009-09-30,KANSAS,KANSAS,TENTH CIRCUIT,2999,2101,25,3,870,115,80,22,3,10,2884,2021,3,860
2009-09-30,KENTUCKY EASTERN,KENTUCKY,SIXTH CIRCUIT,3300,2539,13,1,747,89,71,13,1,4,3211,2468,0,743
2009-09-30,KENTUCKY WESTERN,KENTUCKY,SIXTH CIRCUIT,3341,2511,20,3,807,69,42,19,3,5,3272,2469,1,802
2009-09-30,LOUISIANA EASTERN,LOUISIANA,FIFTH CIRCUIT,1390,822,15,1,552,80,61,14,1,4,1310,761,1,548
2009-09-30,LOUISIANA MIDDLE,LOUISIANA,FIFTH CIRCUIT,587,337,4,0,246,28,20,4,0,4,559,317,0,242
2009-09-30,LOUISIANA WESTERN,LOUISIANA,FIFTH CIRCUIT,3498,848,20,1,2629,159,45,18,1,95,3339,803,2,2534
2009-09-30,MAINE,MAINE,FIRST CIRCUIT,1047,896,10,1,140,62,46,10,1,5,985,850,0,135
2009-09-30,MARYLAND,MARYLAND,FOURTH CIRCUIT,6913,5174,68,1,1670,234,179,42,1,12,6679,4995,26,1658
2009-09-30,MASSACHUSETTS,MASSACHUSETTS,FIRST CIRCUIT,5366,4310,66,4,986,175,108,56,4,7,5191,4202,10,979
2009-09-30,MICHIGAN EASTERN,MICHIGAN,SIXTH CIRCUIT,13074,10870,52,2,2150,325,258,48,2,17,12749,10612,4,2133
2009-09-30,MICHIGAN WESTERN,MICHIGAN,SIXTH CIRCUIT,4044,3539,19,6,480,155,129,17,6,3,3889,3410,2,477
2009-09-30,MINNESOTA,MINNESOTA,EIGHTH CIRCUIT,5587,4821,17,4,745,218,194,14,4,6,5369,4627,3,739
2009-09-30,MISSISSIPPI NORTHERN,MISSISSIPPI,FIFTH CIRCUIT,1829,879,8,0,942,49,31,8,0,10,1780,848,0,932
2009-09-30,MISSISSIPPI SOUTHERN,MISSISSIPPI,FIFTH CIRCUIT,2003,1116,12,0,875,75,59,10,0,6,1928,1057,2,869
2009-09-30,MISSOURI EASTERN,MISSOURI,EIGHTH CIRCUIT,4243,3188,13,1,1041,102,87,13,1,1,4141,3101,0,1040
2009-09-30,MISSOURI WESTERN,MISSOURI,EIGHTH CIRCUIT,4034,3006,19,3,1006,127,98,17,3,9,3907,2908,2,997
2009-09-30,MONTANA,MONTANA,NINTH CIRCUIT,748,626,7,2,113,30,18,7,2,3,718,608,0,110
2009-09-30,NEBRASKA,NEBRASKA,EIGHTH CIRCUIT,1950,1386,11,8,544,79,50,11,8,9,1871,1336,0,535
2009-09-30,NEVADA,NEVADA,NINTH CIRCUIT,8332,6010,117,0,2205,260,167,87,0,6,8072,5843,30,2199
2009-09-30,NEW HAMPSHIRE,NEW HAMPSHIRE,FIRST CIRCUIT,1421,1132,20,2,267,132,87,19,2,24,1289,1045,1,243
2009-09-30,NEW JERSEY,NEW JERSEY,THIRD CIRCUIT,9328,7119,92,0,2116,426,321,83,0,21,8902,6798,9,2095
2009-09-30,NEW MEXICO,NEW MEXICO,TENTH CIRCUIT,1656,1514,12,0,130,64,54,10,0,0,1592,1460,2,130
2009-09-30,NEW YORK EASTERN,NEW YORK,SECOND CIRCUIT,5592,4679,81,0,832,206,125,71,0,10,5386,4554,10,822
2009-09-30,NEW YORK NORTHERN,NEW YORK,SECOND CIRCUIT,3132,2393,13,5,721,75,46,13,5,11,3057,2347,0,710
2009-09-30,NEW YORK SOUTHERN,NEW YORK,SECOND CIRCUIT,3294,2636,169,0,485,271,99,159,0,9,3023,2537,10,476
2009-09-30,NEW YORK WESTERN,NEW YORK,SECOND CIRCUIT,2456,1802,14,2,638,77,49,14,2,12,2379,1753,0,626
2009-09-30,NORTH CAROLINA EASTERN,NORTH CAROLINA,FOURTH CIRCUIT,3087,1163,39,2,1883,156,95,38,2,21,2931,1068,1,1862
2009-09-30,NORTH CAROLINA MIDDLE,NORTH CAROLINA,FOURTH CIRCUIT,1996,1143,14,0,839,104,78,14,0,12,1892,1065,0,827
2009-09-30,NORTH CAROLINA WESTERN,NORTH CAROLINA,FOURTH CIRCUIT,2121,1611,27,1,482,117,89,23,1,4,2004,1522,4,478
2009-09-30,NORTH DAKOTA,NORTH DAKOTA,EIGHTH CIRCUIT,407,352,1,1,53,15,13,1,1,0,392,339,0,53
2009-09-30,NORTHERN MARIANAS,NORTHERN MARIANA ISLANDS,NINTH CIRCUIT,4,3,0,0,1,0,0,0,0,0,4,3,0,1
2009-09-30,OHIO NORTHERN,OHIO,SIXTH CIRCUIT,10025,8361,30,0,1634,301,251,28,0,22,9724,8110,2,1612
2009-09-30,OHIO SOUTHERN,OHIO,SIXTH CIRCUIT,8527,5995,23,2,2507,231,183,22,2,24,8296,5812,1,2483
2009-09-30,OKLAHOMA EASTERN,OKLAHOMA,TENTH CIRCUIT,644,567,3,0,74,20,16,3,0,1,624,551,0,73
2009-09-30,OKLAHOMA NORTHERN,OKLAHOMA,TENTH CIRCUIT,1157,1034,1,0,122,58,52,1,0,5,1099,982,0,117
2009-09-30,OKLAHOMA WESTERN,OKLAHOMA,TENTH CIRCUIT,2025,1587,8,3,427,75,59,8,3,5,1950,1528,0,422
2009-09-30,OREGON,OREGON,NINTH CIRCUIT,4821,3776,11,2,1032,144,115,6,2,21,4677,3661,5,1011
2009-09-30,PENNSYLVANIA EASTERN,PENNSYLVANIA,THIRD CIRCUIT,3547,2427,36,0,1084,155,99,33,0,23,3392,2328,3,1061
2009-09-30,PENNSYLVANIA MIDDLE,PENNSYLVANIA,THIRD CIRCUIT,2645,1856,14,0,775,91,57,11,0,23,2554,1799,3,752
2009-09-30,PENNSYLVANIA WESTERN,PENNSYLVANIA,THIRD CIRCUIT,3397,2556,46,3,792,160,104,40,3,13,3237,2452,6,779
2009-09-30,PUERTO RICO,PUERTO RICO,FIRST CIRCUIT,3015,793,39,6,2177,101,39,35,6,21,2914,754,4,2156
2009-09-30,RHODE ISLAND,RHODE ISLAND,FIRST CIRCUIT,1315,1123,5,0,187,37,30,5,0,2,1278,1093,0,185
2009-09-30,SOUTH CAROLINA,SOUTH CAROLINA,FOURTH CIRCUIT,2494,1235,25,0,1234,99,81,14,0,4,2395,1154,11,1230
2009-09-30,SOUTH DAKOTA,SOUTH DAKOTA,EIGHTH CIRCUIT,469,423,4,0,42,30,20,4,0,6,439,403,0,36
2009-09-30,TENNESSEE EASTERN,TENNESSEE,SIXTH CIRCUIT,5198,3137,21,1,2039,127,94,19,1,13,5071,3043,2,2026
2009-09-30,TENNESSEE MIDDLE,TENNESSEE,SIXTH CIRCUIT,3973,2285,76,0,1611,156,92,60,0,3,3817,2193,16,1608
2009-09-30,TENNESSEE WESTERN,TENNESSEE,SIXTH CIRCUIT,5287,1518,19,1,3749,56,31,16,1,8,5231,1487,3,3741
2009-09-30,TEXAS EASTERN,TEXAS,FIFTH CIRCUIT,1926,1093,23,1,809,151,117,21,1,12,1775,976,2,797
2009-09-30,TEXAS NORTHERN,TEXAS,FIFTH CIRCUIT,5501,2662,108,3,2728,435,285,107,3,40,5066,2377,1,2688
2009-09-30,TEXAS SOUTHERN,TEXAS,FIFTH CIRCUIT,3746,1812,78,2,1854,290,190,74,2,24,3456,1622,4,1830
2009-09-30,TEXAS WESTERN,TEXAS,FIFTH CIRCUIT,3660,1947,47,0,1666,253,171,44,0,38,3407,1776,3,1628
2009-09-30,UTAH,UTAH,TENTH CIRCUIT,3963,2572,33,1,1357,159,109,30,1,19,3804,2463,3,1338
2009-09-30,VERMONT,VERMONT,SECOND CIRCUIT,405,310,2,0,93,17,15,2,0,0,388,295,0,93
2009-09-30,VIRGIN ISLANDS,VIRGIN ISLANDS,THIRD CIRCUIT,7,6,0,0,1,2,2,0,0,0,5,4,0,1
2009-09-30,VIRGINIA EASTERN,VIRGINIA,FOURTH CIRCUIT,6981,4692,54,0,2235,224,172,47,0,5,6757,4520,7,2230
2009-09-30,VIRGINIA WESTERN,VIRGINIA,FOURTH CIRCUIT,2493,1734,14,1,744,64,46,13,1,4,2429,1688,1,740
2009-09-30,WASHINGTON EASTERN,WASHINGTON,NINTH CIRCUIT,1778,1391,17,3,367,81,55,16,3,7,1697,1336,1,360
2009-09-30,WASHINGTON WESTERN,WASHINGTON,NINTH CIRCUIT,6431,4937,56,2,1436,219,152,47,2,18,6212,4785,9,1418
2009-09-30,WEST VIRGINIA NORTHERN,WEST VIRGINIA,FOURTH CIRCUIT,760,681,3,1,75,37,30,3,1,3,723,651,0,72
2009-09-30,WEST VIRGINIA SOUTHERN,WEST VIRGINIA,FOURTH CIRCUIT,906,819,6,0,81,9,4,5,0,0,897,815,1,81
2009-09-30,WISCONSIN EASTERN,WISCONSIN,SEVENTH CIRCUIT,4924,3851,11,0,1062,114,91,11,0,12,4810,3760,0,1050
2009-09-30,WISCONSIN WESTERN,WISCONSIN,SEVENTH CIRCUIT,2355,2053,15,8,279,81,53,13,8,7,2274,2000,2,272
2009-09-30,WYOMING,WYOMING,TENTH CIRCUIT,348,298,6,0,44,19,13,5,0,1,329,285,1,43
2009-12-31,ALABAMA MIDDLE,ALABAMA,ELEVENTH CIRCUIT,2120,613,8,1,1498,53,40,8,1,4,2067,573,0,1494
2009-12-31,ALABAMA NORTHERN,ALABAMA,ELEVENTH CIRCUIT,4929,2408,35,3,2483,115,83,27,3,2,4814,2325,8,2481
2009-12-31,ALABAMA SOUTHERN,ALABAMA,ELEVENTH CIRCUIT,1524,467,25,0,1031,41,14,23,0,3,1483,453,2,1028
2009-12-31,ALASKA,ALASKA,NINTH CIRCUIT,281,230,6,1,44,25,17,6,1,1,256,213,0,43
2009-12-31,ARIZONA,ARIZONA,NINTH CIRCUIT,9415,7637,181,5,1592,427,262,138,5,22,8988,7375,43,1570
2009-12-31,ARKANSAS EASTERN,ARKANSAS,EIGHTH CIRCUIT,2417,1193,8,2,1214,58,45,7,2,4,2359,1148,1,1210
2009-12-31,ARKANSAS WESTERN,ARKANSAS,EIGHTH CIRCUIT,1724,1017,20,1,686,80,52,19,1,8,1644,965,1,678
2009-12-31,CALIFORNIA CENTRAL,CALIFORNIA,NINTH CIRCUIT,30347,23239,291,3,6813,1352,1072,220,3,56,28995,22167,71,6757
2009-12-31,CALIFORNIA EASTERN,CALIFORNIA,NINTH CIRCUIT,12339,10107,48,7,2176,363,273,35,7,47,11976,9834,13,2129
2009-12-31,CALIFORNIA NORTHERN,CALIFORNIA,NINTH CIRCUIT,8880,5987,88,0,2805,433,319,59,0,55,8447,5668,29,2750
2009-12-31,CALIFORNIA SOUTHERN,CALIFORNIA,NINTH CIRCUIT,5408,4294,32,0,1082,177,138,22,0,17,5231,4156,10,1065
2009-12-31,COLORADO,COLORADO,TENTH CIRCUIT,7322,6116,60,5,1141,383,306,55,5,17,6939,5810,5,1124
2009-12-31,CONNECTICUT,CONNECTICUT,SECOND CIRCUIT,2692,2399,30,0,263,118,85,25,0,8,2574,2314,5,255
2009-12-31,DELAWARE,DELAWARE,THIRD CIRCUIT,1232,661,350,0,220,382,31,350,0,0,850,630,0,220
2009-12-31,DISTRICT OF COLUMBIA,DISTRICT OF COLUMBIA,DC CIRCUIT,290,205,13,0,72,31,17,11,0,3,259,188,2,69
2009-12-31,FLORIDA MIDDLE,FLORIDA,ELEVENTH CIRCUIT,15536,11582,162,9,3781,783,593,128,9,51,14753,10989,34,3730
2009-12-31,FLORIDA NORTHERN,FLORIDA,ELEVENTH CIRCUIT,1227,1043,10,1,173,83,71,10,1,1,1144,972,0,172
2009-12-31,FLORIDA SOUTHERN,FLORIDA,ELEVENTH CIRCUIT,8245,6112,75,0,2055,381,295,68,0,15,7864,5817,7,2040
2009-12-31,GEORGIA MIDDLE,GEORGIA,ELEVENTH CIRCUIT,3318,1310,14,9,1985,126,79,14,9,24,3192,1231,0,1961
2009-12-31,GEORGIA NORTHERN,GEORGIA,ELEVENTH CIRCUIT,12790,8005,85,2,4698,476,378,78,2,18,12314,7627,7,4680
2009-12-31,GEORGIA SOUTHERN,GEORGIA,ELEVENTH CIRCUIT,2801,652,24,0,2125,87,52,24,0,11,2714,600,0,2114
2009-12-31,GUAM,GUAM,NINTH CIRCUIT,62,57,1,0,4,2,1,1,0,0,60,56,0,4
2009-12-31,HAWAII,HAWAII,NINTH CIRCUIT,818,664,6,0,148,27,20,5,0,2,791,644,1,146
2009-12-31,IDAHO,IDAHO,NINTH CIRCUIT,1992,1759,12,3,218,128,111,11,3,3,1864,1648,1,215
2009-12-31,ILLINOIS CENTRAL,ILLINOIS,SEVENTH CIRCUIT,2538,1961,7,0,570,56,45,7,0,4,2482,1916,0,566
2009-12-31,ILLINOIS NORTHERN,ILLINOIS,SEVENTH CIRCUIT,14943,11502,92,1,3348,555,458,83,1,13,14388,11044,9,3335
2009-12-31,ILLINOIS SOUTHERN,ILLINOIS,SEVENTH CIRCUIT,1541,932,5,0,604,49,31,5,0,13,1492,901,0,591
2009-12-31,INDIANA NORTHERN,INDIANA,SEVENTH CIRCUIT,4470,3497,17,0,956,105,84,17,0,4,4365,3413,0,952
2009-12-31,INDIANA SOUTHERN,INDIANA,SEVENTH CIRCUIT,6611,4563,19,0,2029,157,126,19,0,12,6454,4437,0,2017
2009-12-31,IOWA NORTHERN,IOWA,EIGHTH CIRCUIT,868,827,1,1,38,38,35,1,1,0,830,792,0,38
2009-12-31,IOWA SOUTHERN,IOWA,EIGHTH CIRCUIT,1498,1319,1,1,177,47,45,1,1,0,1451,1274,0,177
2009-12-31,KANSAS,KANSAS,TENTH CIRCUIT,2655,1821,22,3,809,92,57,21,3,11,2563,1764,1,798
2009-12-31,KENTUCKY EASTERN,KENTUCKY,SIXTH CIRCUIT,3130,2323,3,0,804,62,55,2,0,5,3068,2268,1,799
2009-12-31,KENTUCKY WESTERN,KENTUCKY,SIXTH CIRCUIT,2843,2103,16,1,723,84,61,16,1,6,2759,2042,0,717
2009-12-31,LOUISIANA EASTERN,LOUISIANA,FIFTH CIRCUIT,904,460,10,1,433,47,34,9,1,3,857,426,1,430
2009-12-31,LOUISIANA MIDDLE,LOUISIANA,FIFTH CIRCUIT,479,275,8,0,196,34,22,8,0,4,445,253,0,192
2009-12-31,LOUISIANA WESTERN,LOUISIANA,FIFTH CIRCUIT,3080,717,13,0,2350,103,37,13,0,53,2977,680,0,2297
2009-12-31,MAINE,MAINE,FIRST CIRCUIT,908,776,4,2,126,53,37,4,2,10,855,739,0,116
2009-12-31,MARYLAND,MARYLAND,FOURTH CIRCUIT,7048,5229,80,1,1738,221,149,57,1,14,6827,5080,23,1724
2009-12-31,MASSACHUSETTS,MASSACHUSETTS,FIRST CIRCUIT,5415,4271,66,3,1073,163,99,58,3,1,5252,4172,8,1072
2009-12-31,MICHIGAN EASTERN,MICHIGAN,SIXTH CIRCUIT,12524,10472,41,1,2010,379,316,41,1,21,12145,10156,0,1989
2009-12-31,MICHIGAN WESTERN,MICHIGAN,SIXTH CIRCUIT,3897,3410,13,5,469,136,115,13,5,3,3761,3295,0,466
2009-12-31,MINNESOTA,MINNESOTA,EIGHTH CIRCUIT,5356,4635,21,5,695,202,167,21,5,9,5154,4468,0,686
2009-12-31,MISSISSIPPI NORTHERN,MISSISSIPPI,FIFTH CIRCUIT,1780,879,8,1,892,43,31,8,1,3,1737,848,0,889
2009-12-31,MISSISSIPPI SOUTHERN,MISSISSIPPI,FIFTH CIRCUIT,1907,1044,4,0,859,95,86,4,0,5,1812,958,0,854
2009-12-31,MISSOURI EASTERN,MISSOURI,EIGHTH CIRCUIT,4087,2986,18,0,1083,109,88,18,0,3,3978,2898,0,1080
2009-12-31,MISSOURI WESTERN,MISSOURI,EIGHTH CIRCUIT,3705,2686,25,2,992,106,77,21,2,6,3599,2609,4,986
2009-12-31,MONTANA,MONTANA,NINTH CIRCUIT,639,505,16,4,114,45,21,14,4,6,594,484,2,108
2009-12-31,NEBRASKA,NEBRASKA,EIGHTH CIRCUIT,1854,1337,13,5,498,77,54,10,5,7,1777,1283,3,491
2009-12-31,NEVADA,NEVADA,NINTH CIRCUIT,7380,5467,115,0,1798,256,160,86,0,10,7124,5307,29,1788
2009-12-31,NEW HAMPSHIRE,NEW HAMPSHIRE,FIRST CIRCUIT,1286,1064,13,0,209,99,77,10,0,12,1187,987,3,197
2009-12-31,NEW JERSEY,NEW JERSEY,THIRD CIRCUIT,9491,7213,94,0,2183,377,274,82,0,20,9114,6939,12,2163
2009-12-31,NEW MEXICO,NEW MEXICO,TENTH CIRCUIT,1569,1434,14,4,117,72,54,11,4,3,1497,1380,3,114
2009-12-31,NEW YORK EASTERN,NEW YORK,SECOND CIRCUIT,5588,4776,62,0,750,182,112,57,0,13,5406,4664,5,737
2009-12-31,NEW YORK NORTHERN,NEW YORK,SECOND CIRCUIT,2891,2174,9,3,705,66,39,9,3,15,2825,2135,0,690
2009-12-31,NEW YORK SOUTHERN,NEW YORK,SECOND CIRCUIT,3420,2677,235,0,497,385,137,229,0,8,3035,2540,6,489
2009-12-31,NEW YORK WESTERN,NEW YORK,SECOND CIRCUIT,2378,1663,13,1,701,72,47,13,1,11,2306,1616,0,690
2009-12-31,NORTH CAROLINA EASTERN,NORTH CAROLINA,FOURTH CIRCUIT,3104,1084,38,1,1981,126,83,31,1,11,2978,1001,7,1970
2009-12-31,NORTH CAROLINA MIDDLE,NORTH CAROLINA,FOURTH CIRCUIT,1854,972,5,0,877,86,64,5,0,17,1768,908,0,860
2009-12-31,NORTH CAROLINA WESTERN,NORTH CAROLINA,FOURTH CIRCUIT,2096,1561,26,1,508,116,84,23,1,8,1980,1477,3,500
2009-12-31,NORTH DAKOTA,NORTH DAKOTA,EIGHTH CIRCUIT,376,333,1,0,42,17,14,1,0,2,359,319,0,40
2009-12-31,NORTHERN MARIANAS,NORTHERN MARIANA ISLANDS,NINTH CIRCUIT,1,1,0,0,0,0,0,0,0,0,1,1,0,0
2009-12-31,OHIO NORTHERN,OHIO,SIXTH CIRCUIT,9225,7517,50,1,1657,284,212,47,1,24,8941,7305,3,1633
2009-12-31,OHIO SOUTHERN,OHIO,SIXTH CIRCUIT,8187,5712,17,1,2457,226,184,15,1,26,7961,5528,2,2431
2009-12-31,OKLAHOMA EASTERN,OKLAHOMA,TENTH CIRCUIT,602,541,2,1,57,26,20,2,1,2,576,521,0,55
2009-12-31,OKLAHOMA NORTHERN,OKLAHOMA,TENTH CIRCUIT,1051,939,8,0,104,45,34,8,0,3,1006,905,0,101
2009-12-31,OKLAHOMA WESTERN,OKLAHOMA,TENTH CIRCUIT,1911,1480,6,3,422,69,53,6,3,7,1842,1427,0,415
2009-12-31,OREGON,OREGON,NINTH CIRCUIT,4719,3694,16,5,1004,147,108,16,5,18,4572,3586,0,986
2009-12-31,PENNSYLVANIA EASTERN,PENNSYLVANIA,THIRD CIRCUIT,2630,1779,36,1,813,112,61,35,1,14,2518,1718,1,799
2009-12-31,PENNSYLVANIA MIDDLE,PENNSYLVANIA,THIRD CIRCUIT,2444,1757,14,0,673,88,50,14,0,24,2356,1707,0,649
2009-12-31,PENNSYLVANIA WESTERN,PENNSYLVANIA,THIRD CIRCUIT,3353,2548,45,1,759,148,93,41,1,13,3205,2455,4,746
2009-12-31,PUERTO RICO,PUERTO RICO,FIRST CIRCUIT,2887,873,43,1,1970,98,40,38,1,19,2789,833,5,1951
2009-12-31,RHODE ISLAND,RHODE ISLAND,FIRST CIRCUIT,1166,992,6,0,168,44,35,5,0,4,1122,957,1,164
2009-12-31,SOUTH CAROLINA,SOUTH CAROLINA,FOURTH CIRCUIT,2454,1185,26,0,1243,109,85,20,0,4,2345,1100,6,1239
2009-12-31,SOUTH DAKOTA,SOUTH DAKOTA,EIGHTH CIRCUIT,448,397,4,1,46,27,22,4,1,0,421,375,0,46
2009-12-31,TENNESSEE EASTERN,TENNESSEE,SIXTH CIRCUIT,4557,2824,34,10,1689,139,93,32,10,4,4418,2731,2,1685
2009-12-31,TENNESSEE MIDDLE,TENNESSEE,SIXTH CIRCUIT,3655,2131,41,2,1481,122,86,28,2,6,3533,2045,13,1475
2009-12-31,TENNESSEE WESTERN,TENNESSEE,SIXTH CIRCUIT,4942,1408,16,0,3518,49,27,15,0,7,4893,1381,1,3511
2009-12-31,TEXAS EASTERN,TEXAS,FIFTH CIRCUIT,1894,1068,30,2,794,144,100,26,2,16,1750,968,4,778
2009-12-31,TEXAS NORTHERN,TEXAS,FIFTH CIRCUIT,5235,2569,97,1,2568,431,297,96,1,37,4804,2272,1,2531
2009-12-31,TEXAS SOUTHERN,TEXAS,FIFTH CIRCUIT,3753,1654,113,3,1983,331,191,110,3,27,3422,1463,3,1956
2009-12-31,TEXAS WESTERN,TEXAS,FIFTH CIRCUIT,3445,1844,50,1,1548,256,188,46,1,19,3189,1656,4,1529
2009-12-31,UTAH,UTAH,TENTH CIRCUIT,3903,2497,24,2,1380,209,160,23,2,24,3694,2337,1,1356
2009-12-31,VERMONT,VERMONT,SECOND CIRCUIT,384,292,1,1,90,16,8,1,1,6,368,284,0,84
2009-12-31,VIRGIN ISLANDS,VIRGIN ISLANDS,THIRD CIRCUIT,4,4,0,0,0,1,1,0,0,0,3,3,0,0
2009-12-31,VIRGINIA EASTERN,VIRGINIA,FOURTH CIRCUIT,6661,4504,78,0,2079,245,171,70,0,4,6416,4333,8,2075
2009-12-31,VIRGINIA WESTERN,VIRGINIA,FOURTH CIRCUIT,2254,1546,10,2,696,60,45,10,2,3,2194,1501,0,693
2009-12-31,WASHINGTON EASTERN,WASHINGTON,NINTH CIRCUIT,1748,1391,13,2,342,55,37,12,2,4,1693,1354,1,338
2009-12-31,WASHINGTON WESTERN,WASHINGTON,NINTH CIRCUIT,6329,4844,67,0,1417,228,161,50,0,16,6101,4683,17,1401
2009-12-31,WEST VIRGINIA NORTHERN,WEST VIRGINIA,FOURTH CIRCUIT,783,705,6,0,72,28,21,6,0,1,755,684,0,71
2009-12-31,WEST VIRGINIA SOUTHERN,WEST VIRGINIA,FOURTH CIRCUIT,890,820,5,0,65,19,14,5,0,0,871,806,0,65
2009-12-31,WISCONSIN EASTERN,WISCONSIN,SEVENTH CIRCUIT,4361,3328,9,4,1020,122,102,9,4,7,4239,3226,0,1013
2009-12-31,WISCONSIN WESTERN,WISCONSIN,SEVENTH CIRCUIT,2155,1918,9,4,224,79,63,9,4,3,2076,1855,0,221
2009-12-31,WYOMING,WYOMING,TENTH CIRCUIT,350,290,5,0,55,20,13,5,0,2,330,277,0,53
2010-03-31,ALABAMA MIDDLE,ALABAMA,ELEVENTH CIRCUIT,1944,683,14,2,1245,58,36,14,2,6,1886,647,0,1239
2010-03-31,ALABAMA NORTHERN,ALABAMA,ELEVENTH CIRCUIT,5085,2882,31,4,2168,105,63,30,4,8,4980,2819,1,2160
2010-03-31,ALABAMA SOUTHERN,ALABAMA,ELEVENTH CIRCUIT,1506,531,21,0,954,43,17,20,0,6,1463,514,1,948
2010-03-31,ALASKA,ALASKA,NINTH CIRCUIT,269,222,2,0,45,20,16,2,0,2,249,206,0,43
2010-03-31,ARIZONA,ARIZONA,NINTH CIRCUIT,9652,7811,187,0,1654,432,265,144,0,23,9220,7546,43,1631
2010-03-31,ARKANSAS EASTERN,ARKANSAS,EIGHTH CIRCUIT,2390,1284,4,1,1101,49,31,4,1,13,2341,1253,0,1088
2010-03-31,ARKANSAS WESTERN,ARKANSAS,EIGHTH CIRCUIT,1728,1096,10,1,621,85,63,8,1,13,1643,1033,2,608
2010-03-31,CALIFORNIA CENTRAL,CALIFORNIA,NINTH CIRCUIT,32236,25157,291,6,6781,1323,1040,239,6,37,30913,24117,52,6744
2010-03-31,CALIFORNIA EASTERN,CALIFORNIA,NINTH CIRCUIT,13233,10700,69,11,2453,395,296,55,11,33,12838,10404,14,2420
2010-03-31,CALIFORNIA NORTHERN,CALIFORNIA,NINTH CIRCUIT,9485,6311,108,2,3064,381,250,66,2,63,9104,6061,42,3001
2010-03-31,CALIFORNIA SOUTHERN,CALIFORNIA,NINTH CIRCUIT,5569,4525,38,0,1006,186,153,27,0,6,5383,4372,11,1000
2010-03-31,COLORADO,COLORADO,TENTH CIRCUIT,7463,6186,57,2,1218,374,304,49,2,19,7089,5882,8,1199
2010-03-31,CONNECTICUT,CONNECTICUT,SECOND CIRCUIT,2829,2505,45,2,277,127,82,40,2,3,2702,2423,5,274
2010-03-31,DELAWARE,DELAWARE,THIRD CIRCUIT,1144,599,324,0,208,365,25,324,0,3,779,574,0,205
2010-03-31,DISTRICT OF COLUMBIA,DISTRICT OF COLUMBIA,DC CIRCUIT,325,229,14,0,82,27,15,11,0,1,298,214,3,81
2010-03-31,FLORIDA MIDDLE,FLORIDA,ELEVENTH CIRCUIT,16175,12042,251,7,3874,762,501,214,7,40,15413,11541,37,3834
2010-03-31,FLORIDA NORTHERN,FLORIDA,ELEVENTH CIRCUIT,1385,1221,11,1,152,74,62,10,1,1,1311,1159,1,151
2010-03-31,FLORIDA SOUTHERN,FLORIDA,ELEVENTH CIRCUIT,8844,6476,98,0,2270,423,305,87,0,31,8421,6171,11,2239
2010-03-31,GEORGIA MIDDLE,GEORGIA,ELEVENTH CIRCUIT,3151,1517,13,7,1614,108,80,12,7,9,3043,1437,1,1605
2010-03-31,GEORGIA NORTHERN,GEORGIA,ELEVENTH CIRCUIT,13842,9180,97,0,4565,488,381,93,0,14,13354,8799,4,4551
2010-03-31,GEORGIA SOUTHERN,GEORGIA,ELEVENTH CIRCUIT,2715,808,38,2,1867,100,52,35,2,11,2615,756,3,1856
2010-03-31,GUAM,GUAM,NINTH CIRCUIT,38,33,0,0,5,1,1,0,0,0,37,32,0,5
2010-03-31,HAWAII,HAWAII,NINTH CIRCUIT,930,751,6,0,172,45,37,4,0,3,885,714,2,169
2010-03-31,IDAHO,IDAHO,NINTH CIRCUIT,1748,1515,15,1,216,94,75,14,1,3,1654,1440,1,213
2010-03-31,ILLINOIS CENTRAL,ILLINOIS,SEVENTH CIRCUIT,2845,2287,4,0,554,47,39,4,0,4,2798,2248,0,550
2010-03-31,ILLINOIS NORTHERN,ILLINOIS,SEVENTH CIRCUIT,16576,12917,48,3,3608,444,389,43,3,9,16132,12528,5,3599
2010-03-31,ILLINOIS SOUTHERN,ILLINOIS,SEVENTH CIRCUIT,1614,1005,6,0,603,35,19,6,0,10,1579,986,0,593
2010-03-31,INDIANA NORTHERN,INDIANA,SEVENTH CIRCUIT,4703,3787,21,0,894,76,47,20,0,8,4627,3740,1,886
2010-03-31,INDIANA SOUTHERN,INDIANA,SEVENTH CIRCUIT,6997,4912,35,1,2049,152,104,34,1,13,6845,4808,1,2036
2010-03-31,IOWA NORTHERN,IOWA,EIGHTH CIRCUIT,872,839,0,2,31,24,22,0,2,0,848,817,0,31
2010-03-31,IOWA SOUTHERN,IOWA,EIGHTH CIRCUIT,1635,1480,5,0,150,47,42,5,0,0,1588,1438,0,150
2010-03-31,KANSAS,KANSAS,TENTH CIRCUIT,2570,1834,13,6,717,95,66,13,6,10,2475,1768,0,707
2010-03-31,KENTUCKY EASTERN,KENTUCKY,SIXTH CIRCUIT,3418,2654,10,1,753,79,65,9,1,4,3339,2589,1,749
2010-03-31,KENTUCKY WESTERN,KENTUCKY,SIXTH CIRCUIT,3395,2561,12,1,821,70,46,12,1,11,3325,2515,0,810
2010-03-31,LOUISIANA EASTERN,LOUISIANA,FIFTH CIRCUIT,1139,618,18,0,503,69,49,18,0,2,1070,569,0,501
2010-03-31,LOUISIANA MIDDLE,LOUISIANA,FIFTH CIRCUIT,459,279,4,0,176,17,10,4,0,3,442,269,0,173
2010-03-31,LOUISIANA WESTERN,LOUISIANA,FIFTH CIRCUIT,2885,887,25,2,1971,103,35,23,2,43,2782,852,2,1928
2010-03-31,MAINE,MAINE,FIRST CIRCUIT,989,834,6,3,146,50,35,6,3,6,939,799,0,140
2010-03-31,MARYLAND,MARYLAND,FOURTH CIRCUIT,7191,5400,59,1,1731,209,150,45,1,13,6982,5250,14,1718
2010-03-31,MASSACHUSETTS,MASSACHUSETTS,FIRST CIRCUIT,5847,4522,44,0,1280,144,103,35,0,5,5703,4419,9,1275
2010-03-31,MICHIGAN EASTERN,MICHIGAN,SIXTH CIRCUIT,14456,12283,44,5,2124,323,263,37,5,18,14133,12020,7,2106
2010-03-31,MICHIGAN WESTERN,MICHIGAN,SIXTH CIRCUIT,4628,4104,13,7,504,144,117,12,7,8,4484,3987,1,496
2010-03-31,MINNESOTA,MINNESOTA,EIGHTH CIRCUIT,5553,4863,18,2,670,186,152,18,2,14,5367,4711,0,656
2010-03-31,MISSISSIPPI NORTHERN,MISSISSIPPI,FIFTH CIRCUIT,1706,976,8,0,722,54,41,8,0,5,1652,935,0,717
2010-03-31,MISSISSIPPI SOUTHERN,MISSISSIPPI,FIFTH CIRCUIT,2083,1250,16,2,815,92,70,15,2,5,1991,1180,1,810
2010-03-31,MISSOURI EASTERN,MISSOURI,EIGHTH CIRCUIT,4209,3128,6,1,1074,91,80,5,1,5,4118,3048,1,1069
2010-03-31,MISSOURI WESTERN,MISSOURI,EIGHTH CIRCUIT,3734,2690,11,2,1031,79,62,9,2,6,3655,2628,2,1025
2010-03-31,MONTANA,MONTANA,NINTH CIRCUIT,743,629,6,6,102,37,24,5,6,2,706,605,1,100
2010-03-31,NEBRASKA,NEBRASKA,EIGHTH CIRCUIT,2006,1480,18,10,498,61,31,17,10,3,1945,1449,1,495
2010-03-31,NEVADA,NEVADA,NINTH CIRCUIT,7067,5273,119,0,1675,244,142,86,0,16,6823,5131,33,1659
2010-03-31,NEW HAMPSHIRE,NEW HAMPSHIRE,FIRST CIRCUIT,1516,1239,9,0,268,241,205,7,0,29,1275,1034,2,239
2010-03-31,NEW JERSEY,NEW JERSEY,THIRD CIRCUIT,10063,7793,98,2,2170,406,293,89,2,22,9657,7500,9,2148
2010-03-31,NEW MEXICO,NEW MEXICO,TENTH CIRCUIT,1684,1541,15,0,128,57,43,10,0,4,1627,1498,5,124
2010-03-31,NEW YORK EASTERN,NEW YORK,SECOND CIRCUIT,5183,4331,64,0,788,168,106,56,0,6,5015,4225,8,782
2010-03-31,NEW YORK NORTHERN,NEW YORK,SECOND CIRCUIT,3028,2315,9,7,697,74,48,9,7,10,2954,2267,0,687
2010-03-31,NEW YORK SOUTHERN,NEW YORK,SECOND CIRCUIT,3338,2528,286,0,520,382,96,278,0,4,2956,2432,8,516
2010-03-31,NEW YORK WESTERN,NEW YORK,SECOND CIRCUIT,2054,1476,5,0,573,52,40,5,0,7,2002,1436,0,566
2010-03-31,NORTH CAROLINA EASTERN,NORTH CAROLINA,FOURTH CIRCUIT,2628,1046,38,3,1541,124,69,34,3,18,2504,977,4,1523
2010-03-31,NORTH CAROLINA MIDDLE,NORTH CAROLINA,FOURTH CIRCUIT,1822,1043,9,0,770,111,84,9,0,18,1711,959,0,752
2010-03-31,NORTH CAROLINA WESTERN,NORTH CAROLINA,FOURTH CIRCUIT,2135,1594,35,1,505,110,76,31,1,2,2025,1518,4,503
2010-03-31,NORTH DAKOTA,NORTH DAKOTA,EIGHTH CIRCUIT,373,333,1,1,38,10,7,1,1,1,363,326,0,37
2010-03-31,NORTHERN MARIANAS,NORTHERN MARIANA ISLANDS,NINTH CIRCUIT,4,4,0,0,0,1,1,0,0,0,3,3,0,0
2010-03-31,OHIO NORTHERN,OHIO,SIXTH CIRCUIT,9218,7603,47,2,1566,275,203,45,2,25,8943,7400,2,1541
2010-03-31,OHIO SOUTHERN,OHIO,SIXTH CIRCUIT,8125,5705,19,0,2401,234,182,19,0,33,7891,5523,0,2368
2010-03-31,OKLAHOMA EASTERN,OKLAHOMA,TENTH CIRCUIT,537,475,3,0,59,15,11,3,0,1,522,464,0,58
2010-03-31,OKLAHOMA NORTHERN,OKLAHOMA,TENTH CIRCUIT,1041,941,2,0,98,42,40,2,0,0,999,901,0,98
2010-03-31,OKLAHOMA WESTERN,OKLAHOMA,TENTH CIRCUIT,2014,1559,10,3,442,66,48,9,3,6,1948,1511,1,436
2010-03-31,OREGON,OREGON,NINTH CIRCUIT,4666,3637,12,4,1013,146,112,12,4,18,4520,3525,0,995
2010-03-31,PENNSYLVANIA EASTERN,PENNSYLVANIA,THIRD CIRCUIT,3594,2435,31,2,1115,146,82,29,2,22,3448,2353,2,1093
2010-03-31,PENNSYLVANIA MIDDLE,PENNSYLVANIA,THIRD CIRCUIT,2779,2003,12,3,760,93,62,12,3,16,2686,1941,0,744
2010-03-31,PENNSYLVANIA WESTERN,PENNSYLVANIA,THIRD CIRCUIT,3368,2574,45,2,747,138,88,41,2,7,3230,2486,4,740
2010-03-31,PUERTO RICO,PUERTO RICO,FIRST CIRCUIT,2686,877,33,2,1774,88,32,31,2,23,2598,845,2,1751
2010-03-31,RHODE ISLAND,RHODE ISLAND,FIRST CIRCUIT,1398,1187,14,0,197,46,34,12,0,0,1352,1153,2,197
2010-03-31,SOUTH CAROLINA,SOUTH CAROLINA,FOURTH CIRCUIT,2377,1243,19,1,1114,82,66,13,1,2,2295,1177,6,1112
2010-03-31,SOUTH DAKOTA,SOUTH DAKOTA,EIGHTH CIRCUIT,470,416,5,2,47,23,14,4,2,3,447,402,1,44
2010-03-31,TENNESSEE EASTERN,TENNESSEE,SIXTH CIRCUIT,4555,3070,23,2,1460,101,71,19,2,9,4454,2999,4,1451
2010-03-31,TENNESSEE MIDDLE,TENNESSEE,SIXTH CIRCUIT,3594,2275,39,1,1279,125,88,25,1,11,3469,2187,14,1268
2010-03-31,TENNESSEE WESTERN,TENNESSEE,SIXTH CIRCUIT,4727,1610,21,0,3096,66,35,20,0,11,4661,1575,1,3085
2010-03-31,TEXAS EASTERN,TEXAS,FIFTH CIRCUIT,1881,1105,34,1,740,151,107,33,1,9,1730,998,1,731
2010-03-31,TEXAS NORTHERN,TEXAS,FIFTH CIRCUIT,5204,2590,100,5,2509,390,255,96,5,34,4814,2335,4,2475
2010-03-31,TEXAS SOUTHERN,TEXAS,FIFTH CIRCUIT,3664,1588,122,2,1952,311,160,119,2,30,3353,1428,3,1922
2010-03-31,TEXAS WESTERN,TEXAS,FIFTH CIRCUIT,3350,1863,65,1,1421,230,150,59,1,20,3120,1713,6,1401
2010-03-31,UTAH,UTAH,TENTH CIRCUIT,4151,2783,15,1,1352,163,141,12,1,9,3988,2642,3,1343
2010-03-31,VERMONT,VERMONT,SECOND CIRCUIT,453,356,3,0,94,13,10,3,0,0,440,346,0,94
2010-03-31,VIRGIN ISLANDS,VIRGIN ISLANDS,THIRD CIRCUIT,3,2,1,0,0,3,2,1,0,0,0,0,0,0
2010-03-31,VIRGINIA EASTERN,VIRGINIA,FOURTH CIRCUIT,7093,4801,55,1,2236,236,181,46,1,8,6857,4620,9,2228
2010-03-31,VIRGINIA WESTERN,VIRGINIA,FOURTH CIRCUIT,2311,1670,9,1,631,66,47,9,1,9,2245,1623,0,622
2010-03-31,WASHINGTON EASTERN,WASHINGTON,NINTH CIRCUIT,1977,1610,12,0,355,63,47,11,0,5,1914,1563,1,350
2010-03-31,WASHINGTON WESTERN,WASHINGTON,NINTH CIRCUIT,6432,5057,63,0,1312,222,152,56,0,14,6210,4905,7,1298
2010-03-31,WEST VIRGINIA NORTHERN,WEST VIRGINIA,FOURTH CIRCUIT,754,661,10,0,83,33,20,9,0,4,721,641,1,79
2010-03-31,WEST VIRGINIA SOUTHERN,WEST VIRGINIA,FOURTH CIRCUIT,938,841,8,0,89,25,17,8,0,0,913,824,0,89
2010-03-31,WISCONSIN EASTERN,WISCONSIN,SEVENTH CIRCUIT,5068,4053,4,4,1007,132,112,4,4,12,4936,3941,0,995
2010-03-31,WISCONSIN WESTERN,WISCONSIN,SEVENTH CIRCUIT,2539,2236,10,5,288,92,72,6,5,9,2447,2164,4,279
2010-03-31,WYOMING,WYOMING,TENTH CIRCUIT,347,297,5,0,45,18,12,5,0,1,329,285,0,44
2010-06-30,ALABAMA MIDDLE,ALABAMA,ELEVENTH CIRCUIT,2067,630,13,1,1423,56,35,12,1,8,2011,595,1,1415
2010-06-30,ALABAMA NORTHERN,ALABAMA,ELEVENTH CIRCUIT,5074,2712,23,1,2338,108,82,20,1,5,4966,2630,3,2333
2010-06-30,ALABAMA SOUTHERN,ALABAMA,ELEVENTH CIRCUIT,1546,561,12,1,972,27,13,10,1,3,1519,548,2,969
2010-06-30,ALASKA,ALASKA,NINTH CIRCUIT,297,246,6,0,45,23,15,6,0,2,274,231,0,43
2010-06-30,ARIZONA,ARIZONA,NINTH CIRCUIT,11859,10025,149,0,1685,417,285,125,0,7,11442,9740,24,1678
2010-06-30,ARKANSAS EASTERN,ARKANSAS,EIGHTH CIRCUIT,2467,1314,5,1,1147,53,44,5,1,3,2414,1270,0,1144
2010-06-30,ARKANSAS WESTERN,ARKANSAS,EIGHTH CIRCUIT,1756,1084,19,1,652,94,65,18,1,10,1662,1019,1,642
2010-06-30,CALIFORNIA CENTRAL,CALIFORNIA,NINTH CIRCUIT,37180,29073,286,3,7818,1347,1078,202,3,64,35833,27995,84,7754
2010-06-30,CALIFORNIA EASTERN,CALIFORNIA,NINTH CIRCUIT,14434,11849,58,9,2518,370,273,45,9,43,14064,11576,13,2475
2010-06-30,CALIFORNIA NORTHERN,CALIFORNIA,NINTH CIRCUIT,10103,6677,117,4,3305,443,293,62,4,84,9660,6384,55,3221
2010-06-30,CALIFORNIA SOUTHERN,CALIFORNIA,NINTH CIRCUIT,6431,5227,35,3,1166,166,124,22,3,17,6265,5103,13,1149
2010-06-30,COLORADO,COLORADO,TENTH CIRCUIT,9245,7794,52,0,1399,361,290,49,0,22,8884,7504,3,1377
2010-06-30,CONNECTICUT,CONNECTICUT,SECOND CIRCUIT,3076,2742,36,0,298,122,89,28,0,5,2954,2653,8,293
2010-06-30,DELAWARE,DELAWARE,THIRD CIRCUIT,1020,658,125,1,227,162,28,124,1,0,858,630,1,227
2010-06-30,DISTRICT OF COLUMBIA,DISTRICT OF COLUMBIA,DC CIRCUIT,338,223,17,0,98,29,17,11,0,1,309,206,6,97
2010-06-30,FLORIDA MIDDLE,FLORIDA,ELEVENTH CIRCUIT,17962,13447,190,7,4318,741,536,152,7,46,17221,12911,38,4272
2010-06-30,FLORIDA NORTHERN,FLORIDA,ELEVENTH CIRCUIT,1500,1331,7,0,162,83,77,6,0,0,1417,1254,1,162
2010-06-30,FLORIDA SOUTHERN,FLORIDA,ELEVENTH CIRCUIT,10501,7777,101,2,2619,462,338,99,2,21,10039,7439,2,2598
2010-06-30,GEORGIA MIDDLE,GEORGIA,ELEVENTH CIRCUIT,3129,1335,17,9,1768,111,74,17,9,11,3018,1261,0,1757
2010-06-30,GEORGIA NORTHERN,GEORGIA,ELEVENTH CIRCUIT,13775,8729,87,0,4959,444,343,80,0,21,13331,8386,7,4938
2010-06-30,GEORGIA SOUTHERN,GEORGIA,ELEVENTH CIRCUIT,2568,650,24,2,1892,88,53,24,2,9,2480,597,0,1883
2010-06-30,GUAM,GUAM,NINTH CIRCUIT,49,34,0,0,15,4,4,0,0,0,45,30,0,15
2010-06-30,HAWAII,HAWAII,NINTH CIRCUIT,1103,895,3,1,204,37,27,2,1,7,1066,868,1,197
2010-06-30,IDAHO,IDAHO,NINTH CIRCUIT,2467,2194,16,2,255,92,70,14,2,6,2375,2124,2,249
2010-06-30,ILLINOIS CENTRAL,ILLINOIS,SEVENTH CIRCUIT,2783,2280,4,4,495,55,46,4,4,1,2728,2234,0,494
2010-06-30,ILLINOIS NORTHERN,ILLINOIS,SEVENTH CIRCUIT,17266,13436,93,0,3737,498,404,79,0,15,16768,13032,14,3722
2010-06-30,ILLINOIS SOUTHERN,ILLINOIS,SEVENTH CIRCUIT,1642,1043,6,1,591,44,25,6,1,11,1598,1018,0,580
2010-06-30,INDIANA NORTHERN,INDIANA,SEVENTH CIRCUIT,5529,4457,11,2,1059,68,52,10,2,4,5461,4405,1,1055
2010-06-30,INDIANA SOUTHERN,INDIANA,SEVENTH CIRCUIT,7933,5793,32,3,2105,169,123,29,3,14,7764,5670,3,2091
2010-06-30,IOWA NORTHERN,IOWA,EIGHTH CIRCUIT,1020,962,1,3,54,46,42,1,3,0,974,920,0,54
2010-06-30,IOWA SOUTHERN,IOWA,EIGHTH CIRCUIT,1770,1598,6,0,166,67,59,6,0,2,1703,1539,0,164
2010-06-30,KANSAS,KANSAS,TENTH CIRCUIT,3155,2268,10,0,877,85,65,9,0,11,3070,2203,1,866
2010-06-30,KENTUCKY EASTERN,KENTUCKY,SIXTH CIRCUIT,3189,2444,3,1,741,57,48,3,1,5,3132,2396,0,736
2010-06-30,KENTUCKY WESTERN,KENTUCKY,SIXTH CIRCUIT,3184,2442,7,2,733,70,59,7,2,2,3114,2383,0,731
2010-06-30,LOUISIANA EASTERN,LOUISIANA,FIFTH CIRCUIT,1264,706,12,0,546,61,46,12,0,3,1203,660,0,543
2010-06-30,LOUISIANA MIDDLE,LOUISIANA,FIFTH CIRCUIT,565,334,3,1,227,20,16,3,1,0,545,318,0,227
2010-06-30,LOUISIANA WESTERN,LOUISIANA,FIFTH CIRCUIT,3269,1079,19,6,2165,100,47,18,6,29,3169,1032,1,2136
2010-06-30,MAINE,MAINE,FIRST CIRCUIT,1186,1028,7,2,149,55,42,5,2,6,1131,986,2,143
2010-06-30,MARYLAND,MARYLAND,FOURTH CIRCUIT,7940,5890,72,1,1977,223,150,60,1,12,7717,5740,12,1965
2010-06-30,MASSACHUSETTS,MASSACHUSETTS,FIRST CIRCUIT,6312,4904,78,1,1329,143,71,65,1,6,6169,4833,13,1323
2010-06-30,MICHIGAN EASTERN,MICHIGAN,SIXTH CIRCUIT,14043,11884,34,4,2121,332,280,28,4,20,13711,11604,6,2101
2010-06-30,MICHIGAN WESTERN,MICHIGAN,SIXTH CIRCUIT,4329,3780,14,2,533,156,134,13,2,7,4173,3646,1,526
2010-06-30,MINNESOTA,MINNESOTA,EIGHTH CIRCUIT,6071,5316,14,2,739,225,200,14,2,9,5846,5116,0,730
2010-06-30,MISSISSIPPI NORTHERN,MISSISSIPPI,FIFTH CIRCUIT,1606,899,6,10,691,59,37,6,10,6,1547,862,0,685
2010-06-30,MISSISSIPPI SOUTHERN,MISSISSIPPI,FIFTH CIRCUIT,1864,1155,16,1,692,69,49,16,1,3,1795,1106,0,689
2010-06-30,MISSOURI EASTERN,MISSOURI,EIGHTH CIRCUIT,4654,3460,18,1,1175,112,89,17,1,5,4542,3371,1,1170
2010-06-30,MISSOURI WESTERN,MISSOURI,EIGHTH CIRCUIT,4274,3223,18,5,1028,102,68,17,5,12,4172,3155,1,1016
2010-06-30,MONTANA,MONTANA,NINTH CIRCUIT,997,871,5,2,119,48,40,4,2,2,949,831,1,117
2010-06-30,NEBRASKA,NEBRASKA,EIGHTH CIRCUIT,2121,1571,19,9,522,86,52,17,9,8,2035,1519,2,514
2010-06-30,NEVADA,NEVADA,NINTH CIRCUIT,8255,6274,129,1,1851,274,172,95,1,6,7981,6102,34,1845
2010-06-30,NEW HAMPSHIRE,NEW HAMPSHIRE,FIRST CIRCUIT,1450,1199,10,0,241,126,93,7,0,26,1324,1106,3,215
2010-06-30,NEW JERSEY,NEW JERSEY,THIRD CIRCUIT,10790,8369,106,3,2312,362,253,85,3,21,10428,8116,21,2291
2010-06-30,NEW MEXICO,NEW MEXICO,TENTH CIRCUIT,1714,1567,6,2,139,70,59,6,2,3,1644,1508,0,136
2010-06-30,NEW YORK EASTERN,NEW YORK,SECOND CIRCUIT,6285,5385,83,0,815,179,96,79,0,4,6106,5289,4,811
2010-06-30,NEW YORK NORTHERN,NEW YORK,SECOND CIRCUIT,3275,2594,16,5,660,82,46,14,5,17,3193,2548,2,643
2010-06-30,NEW YORK SOUTHERN,NEW YORK,SECOND CIRCUIT,3614,2948,135,0,527,227,94,125,0,4,3387,2854,10,523
2010-06-30,NEW YORK WESTERN,NEW YORK,SECOND CIRCUIT,2615,2014,6,2,593,69,54,6,2,7,2546,1960,0,586
2010-06-30,NORTH CAROLINA EASTERN,NORTH CAROLINA,FOURTH CIRCUIT,2683,1121,34,4,1524,125,72,32,4,17,2558,1049,2,1507
2010-06-30,NORTH CAROLINA MIDDLE,NORTH CAROLINA,FOURTH CIRCUIT,1819,1021,10,0,788,106,84,9,0,13,1713,937,1,775
2010-06-30,NORTH CAROLINA WESTERN,NORTH CAROLINA,FOURTH CIRCUIT,2351,1749,38,0,564,132,93,34,0,5,2219,1656,4,559
2010-06-30,NORTH DAKOTA,NORTH DAKOTA,EIGHTH CIRCUIT,467,401,2,2,62,21,16,2,2,1,446,385,0,61
2010-06-30,NORTHERN MARIANAS,NORTHERN MARIANA ISLANDS,NINTH CIRCUIT,4,4,0,0,0,1,1,0,0,0,3,3,0,0
2010-06-30,OHIO NORTHERN,OHIO,SIXTH CIRCUIT,10676,8941,29,1,1705,256,209,27,1,19,10420,8732,2,1686
2010-06-30,OHIO SOUTHERN,OHIO,SIXTH CIRCUIT,8938,6384,19,6,2529,224,179,16,6,23,8714,6205,3,2506
2010-06-30,OKLAHOMA EASTERN,OKLAHOMA,TENTH CIRCUIT,625,565,2,0,58,19,18,1,0,0,606,547,1,58
2010-06-30,OKLAHOMA NORTHERN,OKLAHOMA,TENTH CIRCUIT,1257,1112,20,0,125,70,49,19,0,2,1187,1063,1,123
2010-06-30,OKLAHOMA WESTERN,OKLAHOMA,TENTH CIRCUIT,2258,1785,15,2,456,77,57,14,2,4,2181,1728,1,452
2010-06-30,OREGON,OREGON,NINTH CIRCUIT,5885,4680,22,5,1178,160,106,22,5,27,5725,4574,0,1151
2010-06-30,PENNSYLVANIA EASTERN,PENNSYLVANIA,THIRD CIRCUIT,3847,2686,43,3,1115,143,86,40,3,14,3704,2600,3,1101
2010-06-30,PENNSYLVANIA MIDDLE,PENNSYLVANIA,THIRD CIRCUIT,2811,2020,12,2,777,67,39,10,2,16,2744,1981,2,761
2010-06-30,PENNSYLVANIA WESTERN,PENNSYLVANIA,THIRD CIRCUIT,3486,2666,48,2,770,144,84,43,2,15,3342,2582,5,755
2010-06-30,PUERTO RICO,PUERTO RICO,FIRST CIRCUIT,3286,1141,46,6,2093,119,48,38,6,27,3167,1093,8,2066
2010-06-30,RHODE ISLAND,RHODE ISLAND,FIRST CIRCUIT,1459,1288,5,0,166,47,37,5,0,5,1412,1251,0,161
2010-06-30,SOUTH CAROLINA,SOUTH CAROLINA,FOURTH CIRCUIT,2331,1222,29,0,1079,112,85,21,0,5,2219,1137,8,1074
2010-06-30,SOUTH DAKOTA,SOUTH DAKOTA,EIGHTH CIRCUIT,591,538,3,1,49,24,16,3,1,4,567,522,0,45
2010-06-30,TENNESSEE EASTERN,TENNESSEE,SIXTH CIRCUIT,4166,2539,35,2,1590,114,65,33,2,14,4052,2474,2,1576
2010-06-30,TENNESSEE MIDDLE,TENNESSEE,SIXTH CIRCUIT,3352,1992,42,1,1317,98,69,28,1,0,3254,1923,14,1317
2010-06-30,TENNESSEE WESTERN,TENNESSEE,SIXTH CIRCUIT,4448,1369,17,0,3062,48,29,14,0,5,4400,1340,3,3057
2010-06-30,TEXAS EASTERN,TEXAS,FIFTH CIRCUIT,1988,1117,28,2,841,137,104,25,2,6,1851,1013,3,835
2010-06-30,TEXAS NORTHERN,TEXAS,FIFTH CIRCUIT,5233,2594,109,4,2526,394,241,105,4,44,4839,2353,4,2482
2010-06-30,TEXAS SOUTHERN,TEXAS,FIFTH CIRCUIT,3883,1826,95,7,1955,284,161,89,7,27,3599,1665,6,1928
2010-06-30,TEXAS WESTERN,TEXAS,FIFTH CIRCUIT,3415,1952,52,1,1410,231,155,46,1,29,3184,1797,6,1381
2010-06-30,UTAH,UTAH,TENTH CIRCUIT,5024,3461,21,0,1542,172,138,19,0,15,4852,3323,2,1527
2010-06-30,VERMONT,VERMONT,SECOND CIRCUIT,455,365,2,2,86,23,18,1,2,2,432,347,1,84
2010-06-30,VIRGIN ISLANDS,VIRGIN ISLANDS,THIRD CIRCUIT,10,7,2,0,1,3,1,2,0,0,7,6,0,1
2010-06-30,VIRGINIA EASTERN,VIRGINIA,FOURTH CIRCUIT,7628,5260,70,0,2298,260,186,62,0,12,7368,5074,8,2286
2010-06-30,VIRGINIA WESTERN,VIRGINIA,FOURTH CIRCUIT,2325,1707,6,1,611,54,43,6,1,4,2271,1664,0,607
2010-06-30,WASHINGTON EASTERN,WASHINGTON,NINTH CIRCUIT,1974,1623,14,2,335,72,48,14,2,8,1902,1575,0,327
2010-06-30,WASHINGTON WESTERN,WASHINGTON,NINTH CIRCUIT,6819,5309,69,0,1441,235,173,52,0,10,6584,5136,17,1431
2010-06-30,WEST VIRGINIA NORTHERN,WEST VIRGINIA,FOURTH CIRCUIT,685,613,7,0,65,34,23,7,0,4,651,590,0,61
2010-06-30,WEST VIRGINIA SOUTHERN,WEST VIRGINIA,FOURTH CIRCUIT,885,808,3,0,74,22,18,3,0,1,863,790,0,73
2010-06-30,WISCONSIN EASTERN,WISCONSIN,SEVENTH CIRCUIT,6088,4797,9,3,1279,133,113,7,3,10,5955,4684,2,1269
2010-06-30,WISCONSIN WESTERN,WISCONSIN,SEVENTH CIRCUIT,2544,2247,8,11,278,91,68,5,11,7,2453,2179,3,271
2010-06-30,WYOMING,WYOMING,TENTH CIRCUIT,454,390,7,0,57,21,15,6,0,0,433,375,1,57
2010-09-30,ALABAMA MIDDLE,ALABAMA,ELEVENTH CIRCUIT,2184,579,7,1,1597,56,39,7,1,9,2128,540,0,1588
2010-09-30,ALABAMA NORTHERN,ALABAMA,ELEVENTH CIRCUIT,5061,2352,14,1,2694,86,66,13,1,6,4975,2286,1,2688
2010-09-30,ALABAMA SOUTHERN,ALABAMA,ELEVENTH CIRCUIT,1624,535,7,0,1082,31,26,5,0,0,1593,509,2,1082
2010-09-30,ALASKA,ALASKA,NINTH CIRCUIT,285,228,2,0,55,14,12,2,0,0,271,216,0,55
2010-09-30,ARIZONA,ARIZONA,NINTH CIRCUIT,11282,9246,174,1,1858,432,271,141,1,16,10850,8975,33,1842
2010-09-30,ARKANSAS EASTERN,ARKANSAS,EIGHTH CIRCUIT,2505,1268,7,1,1229,64,49,7,1,7,2441,1219,0,1222
2010-09-30,ARKANSAS WESTERN,ARKANSAS,EIGHTH CIRCUIT,1825,1073,27,1,724,77,45,27,1,4,1748,1028,0,720
2010-09-30,CALIFORNIA CENTRAL,CALIFORNIA,NINTH CIRCUIT,38736,29078,290,2,9366,1425,1178,189,2,56,37311,27900,101,9310
2010-09-30,CALIFORNIA EASTERN,CALIFORNIA,NINTH CIRCUIT,14367,11531,67,15,2754,346,234,53,15,44,14021,11297,14,2710
2010-09-30,CALIFORNIA NORTHERN,CALIFORNIA,NINTH CIRCUIT,10154,6616,112,3,3423,385,267,67,3,48,9769,6349,45,3375
2010-09-30,CALIFORNIA SOUTHERN,CALIFORNIA,NINTH CIRCUIT,6102,4844,36,0,1222,147,115,24,0,8,5955,4729,12,1214
2010-09-30,COLORADO,COLORADO,TENTH CIRCUIT,8607,7191,49,5,1362,357,293,44,5,15,8250,6898,5,1347
2010-09-30,CONNECTICUT,CONNECTICUT,SECOND CIRCUIT,2955,2610,29,3,313,107,75,21,3,8,2848,2535,8,305
2010-09-30,DELAWARE,DELAWARE,THIRD CIRCUIT,1062,611,230,1,220,250,18,230,1,1,812,593,0,219
2010-09-30,DISTRICT OF COLUMBIA,DISTRICT OF COLUMBIA,DC CIRCUIT,330,193,20,0,117,26,5,16,0,5,304,188,4,112
2010-09-30,FLORIDA MIDDLE,FLORIDA,ELEVENTH CIRCUIT,17135,12817,159,11,4143,695,520,127,11,32,16440,12297,32,4111
2010-09-30,FLORIDA NORTHERN,FLORIDA,ELEVENTH CIRCUIT,1397,1216,17,1,163,96,76,15,1,4,1301,1140,2,159
2010-09-30,FLORIDA SOUTHERN,FLORIDA,ELEVENTH CIRCUIT,11566,8384,104,2,3075,432,312,95,2,22,11134,8072,9,3053
2010-09-30,GEORGIA MIDDLE,GEORGIA,ELEVENTH CIRCUIT,3354,1247,31,9,2067,116,64,29,9,14,3238,1183,2,2053
2010-09-30,GEORGIA NORTHERN,GEORGIA,ELEVENTH CIRCUIT,14533,8438,82,6,6007,493,392,74,6,21,14040,8046,8,5986
2010-09-30,GEORGIA SOUTHERN,GEORGIA,ELEVENTH CIRCUIT,2807,644,20,2,2141,70,41,20,2,7,2737,603,0,2134
2010-09-30,GUAM,GUAM,NINTH CIRCUIT,62,55,0,0,7,4,4,0,0,0,58,51,0,7
2010-09-30,HAWAII,HAWAII,NINTH CIRCUIT,1010,772,3,0,235,37,33,2,0,2,973,739,1,233
2010-09-30,IDAHO,IDAHO,NINTH CIRCUIT,2185,1898,14,6,267,80,62,11,6,1,2105,1836,3,266
2010-09-30,ILLINOIS CENTRAL,ILLINOIS,SEVENTH CIRCUIT,2557,2015,4,1,537,49,42,4,1,2,2508,1973,0,535
2010-09-30,ILLINOIS NORTHERN,ILLINOIS,SEVENTH CIRCUIT,16640,12457,81,2,4100,466,374,74,2,16,16174,12083,7,4084
2010-09-30,ILLINOIS SOUTHERN,ILLINOIS,SEVENTH CIRCUIT,1544,880,6,0,658,28,14,6,0,8,1516,866,0,650
2010-09-30,INDIANA NORTHERN,INDIANA,SEVENTH CIRCUIT,4835,3757,21,1,1056,101,69,18,1,13,4734,3688,3,1043
2010-09-30,INDIANA SOUTHERN,INDIANA,SEVENTH CIRCUIT,7360,5180,39,0,2141,155,104,37,0,14,7205,5076,2,2127
2010-09-30,IOWA NORTHERN,IOWA,EIGHTH CIRCUIT,887,840,3,1,43,37,29,3,1,4,850,811,0,39
2010-09-30,IOWA SOUTHERN,IOWA,EIGHTH CIRCUIT,1601,1443,9,0,149,50,39,9,0,2,1551,1404,0,147
2010-09-30,KANSAS,KANSAS,TENTH CIRCUIT,2997,2067,14,10,906,75,42,13,10,10,2922,2025,1,896
2010-09-30,KENTUCKY EASTERN,KENTUCKY,SIXTH CIRCUIT,3133,2323,15,4,791,74,52,14,4,4,3059,2271,1,787
2010-09-30,KENTUCKY WESTERN,KENTUCKY,SIXTH CIRCUIT,3139,2270,15,3,851,54,34,13,3,4,3085,2236,2,847
2010-09-30,LOUISIANA EASTERN,LOUISIANA,FIFTH CIRCUIT,1323,695,11,0,617,68,56,10,0,2,1255,639,1,615
2010-09-30,LOUISIANA MIDDLE,LOUISIANA,FIFTH CIRCUIT,564,294,9,0,261,18,9,9,0,0,546,285,0,261
2010-09-30,LOUISIANA WESTERN,LOUISIANA,FIFTH CIRCUIT,3301,957,16,1,2327,111,52,15,1,43,3190,905,1,2284
2010-09-30,MAINE,MAINE,FIRST CIRCUIT,1065,917,4,4,140,59,45,3,4,7,1006,872,1,133
2010-09-30,MARYLAND,MARYLAND,FOURTH CIRCUIT,7751,5381,88,4,2278,214,143,57,4,10,7537,5238,31,2268
2010-09-30,MASSACHUSETTS,MASSACHUSETTS,FIRST CIRCUIT,5907,4396,61,2,1448,118,74,38,2,4,5789,4322,23,1444
2010-09-30,MICHIGAN EASTERN,MICHIGAN,SIXTH CIRCUIT,12189,10077,40,0,2072,346,289,38,0,19,11843,9788,2,2053
2010-09-30,MICHIGAN WESTERN,MICHIGAN,SIXTH CIRCUIT,3897,3377,10,2,508,127,101,10,2,14,3770,3276,0,494
2010-09-30,MINNESOTA,MINNESOTA,EIGHTH CIRCUIT,5642,4853,15,5,769,189,166,15,5,3,5453,4687,0,766
2010-09-30,MISSISSIPPI NORTHERN,MISSISSIPPI,FIFTH CIRCUIT,1626,780,5,5,836,57,41,5,5,6,1569,739,0,830
2010-09-30,MISSISSIPPI SOUTHERN,MISSISSIPPI,FIFTH CIRCUIT,1985,1135,8,0,842,47,35,8,0,4,1938,1100,0,838
2010-09-30,MISSOURI EASTERN,MISSOURI,EIGHTH CIRCUIT,4683,3372,6,3,1302,91,78,5,3,5,4592,3294,1,1297
2010-09-30,MISSOURI WESTERN,MISSOURI,EIGHTH CIRCUIT,4148,2952,19,6,1170,112,75,19,6,11,4036,2877,0,1159
2010-09-30,MONTANA,MONTANA,NINTH CIRCUIT,788,657,18,1,112,46,23,16,1,6,742,634,2,106
2010-09-30,NEBRASKA,NEBRASKA,EIGHTH CIRCUIT,1942,1410,14,5,512,74,47,14,5,7,1868,1363,0,505
2010-09-30,NEVADA,NEVADA,NINTH CIRCUIT,7926,5908,121,0,1897,238,140,92,0,6,7688,5768,29,1891
2010-09-30,NEW HAMPSHIRE,NEW HAMPSHIRE,FIRST CIRCUIT,1418,1090,9,0,319,135,100,9,0,26,1283,990,0,293
2010-09-30,NEW JERSEY,NEW JERSEY,THIRD CIRCUIT,10402,7940,78,1,2383,332,244,63,1,24,10070,7696,15,2359
2010-09-30,NEW MEXICO,NEW MEXICO,TENTH CIRCUIT,1688,1541,12,0,135,80,63,10,0,7,1608,1478,2,128
2010-09-30,NEW YORK EASTERN,NEW YORK,SECOND CIRCUIT,5745,4766,81,0,898,197,114,77,0,6,5548,4652,4,892
2010-09-30,NEW YORK NORTHERN,NEW YORK,SECOND CIRCUIT,2931,2244,10,7,670,74,41,10,7,16,2857,2203,0,654
2010-09-30,NEW YORK SOUTHERN,NEW YORK,SECOND CIRCUIT,3397,2573,227,0,589,330,99,218,0,5,3067,2474,9,584
2010-09-30,NEW YORK WESTERN,NEW YORK,SECOND CIRCUIT,2187,1590,8,0,588,71,56,7,0,7,2116,1534,1,581
2010-09-30,NORTH CAROLINA EASTERN,NORTH CAROLINA,FOURTH CIRCUIT,2756,1065,37,3,1651,127,80,34,3,10,2629,985,3,1641
2010-09-30,NORTH CAROLINA MIDDLE,NORTH CAROLINA,FOURTH CIRCUIT,1902,982,9,0,911,101,73,8,0,20,1801,909,1,891
2010-09-30,NORTH CAROLINA WESTERN,NORTH CAROLINA,FOURTH CIRCUIT,2200,1560,21,1,618,121,96,19,1,5,2079,1464,2,613
2010-09-30,NORTH DAKOTA,NORTH DAKOTA,EIGHTH CIRCUIT,435,393,2,1,39,17,14,2,1,0,418,379,0,39
2010-09-30,NORTHERN MARIANAS,NORTHERN MARIANA ISLANDS,NINTH CIRCUIT,0,0,0,0,0,0,0,0,0,0,0,0,0,0
2010-09-30,OHIO NORTHERN,OHIO,SIXTH CIRCUIT,9783,8001,13,1,1768,215,184,12,1,18,9568,7817,1,1750
2010-09-30,OHIO SOUTHERN,OHIO,SIXTH CIRCUIT,8352,5887,14,2,2449,190,150,13,2,25,8162,5737,1,2424
2010-09-30,OKLAHOMA EASTERN,OKLAHOMA,TENTH CIRCUIT,628,556,4,1,67,21,10,4,1,6,607,546,0,61
2010-09-30,OKLAHOMA NORTHERN,OKLAHOMA,TENTH CIRCUIT,1213,1082,3,1,127,51,46,3,1,1,1162,1036,0,126
2010-09-30,OKLAHOMA WESTERN,OKLAHOMA,TENTH CIRCUIT,2088,1597,10,2,479,61,47,9,2,3,2027,1550,1,476
2010-09-30,OREGON,OREGON,NINTH CIRCUIT,5188,4050,19,2,1117,127,92,19,2,14,5061,3958,0,1103
2010-09-30,PENNSYLVANIA EASTERN,PENNSYLVANIA,THIRD CIRCUIT,4157,2689,41,1,1426,145,89,39,1,16,4012,2600,2,1410
2010-09-30,PENNSYLVANIA MIDDLE,PENNSYLVANIA,THIRD CIRCUIT,2754,1901,9,3,841,80,56,8,3,13,2674,1845,1,828
2010-09-30,PENNSYLVANIA WESTERN,PENNSYLVANIA,THIRD CIRCUIT,3376,2463,45,6,862,133,70,41,6,16,3243,2393,4,846
2010-09-30,PUERTO RICO,PUERTO RICO,FIRST CIRCUIT,3365,1189,48,6,2122,115,42,42,6,25,3250,1147,6,2097
2010-09-30,RHODE ISLAND,RHODE ISLAND,FIRST CIRCUIT,1331,1145,2,0,184,31,26,2,0,3,1300,1119,0,181
2010-09-30,SOUTH CAROLINA,SOUTH CAROLINA,FOURTH CIRCUIT,2396,1137,21,0,1238,91,71,16,0,4,2305,1066,5,1234
2010-09-30,SOUTH DAKOTA,SOUTH DAKOTA,EIGHTH CIRCUIT,507,460,6,0,41,31,22,6,0,3,476,438,0,38
2010-09-30,TENNESSEE EASTERN,TENNESSEE,SIXTH CIRCUIT,4716,2956,13,5,1742,105,83,11,5,6,4611,2873,2,1736
2010-09-30,TENNESSEE MIDDLE,TENNESSEE,SIXTH CIRCUIT,3856,2320,49,0,1487,114,70,39,0,5,3742,2250,10,1482
2010-09-30,TENNESSEE WESTERN,TENNESSEE,SIXTH CIRCUIT,5024,1555,7,0,3462,51,37,5,0,9,4973,1518,2,3453
2010-09-30,TEXAS EASTERN,TEXAS,FIFTH CIRCUIT,2136,1135,32,1,968,149,106,30,1,12,1987,1029,2,956
2010-09-30,TEXAS NORTHERN,TEXAS,FIFTH CIRCUIT,5175,2403,73,3,2696,314,208,69,3,34,4861,2195,4,2662
2010-09-30,TEXAS SOUTHERN,TEXAS,FIFTH CIRCUIT,4176,1688,78,2,2407,255,156,73,2,23,3921,1532,5,2384
2010-09-30,TEXAS WESTERN,TEXAS,FIFTH CIRCUIT,3660,1885,71,0,1704,239,154,62,0,23,3421,1731,9,1681
2010-09-30,UTAH,UTAH,TENTH CIRCUIT,4808,3200,23,1,1584,150,118,23,1,8,4658,3082,0,1576
2010-09-30,VERMONT,VERMONT,SECOND CIRCUIT,384,307,3,0,74,11,7,3,0,1,373,300,0,73
2010-09-30,VIRGIN ISLANDS,VIRGIN ISLANDS,THIRD CIRCUIT,7,4,0,0,3,0,0,0,0,0,7,4,0,3
2010-09-30,VIRGINIA EASTERN,VIRGINIA,FOURTH CIRCUIT,7116,4559,65,1,2491,197,134,50,1,12,6919,4425,15,2479
2010-09-30,VIRGINIA WESTERN,VIRGINIA,FOURTH CIRCUIT,2282,1544,11,1,726,50,38,7,1,4,2232,1506,4,722
2010-09-30,WASHINGTON EASTERN,WASHINGTON,NINTH CIRCUIT,1771,1409,8,1,353,52,37,8,1,6,1719,1372,0,347
2010-09-30,WASHINGTON WESTERN,WASHINGTON,NINTH CIRCUIT,7079,5406,92,3,1578,242,153,73,3,13,6837,5253,19,1565
2010-09-30,WEST VIRGINIA NORTHERN,WEST VIRGINIA,FOURTH CIRCUIT,687,597,4,0,86,26,21,4,0,1,661,576,0,85
2010-09-30,WEST VIRGINIA SOUTHERN,WEST VIRGINIA,FOURTH CIRCUIT,866,790,3,0,73,25,22,3,0,0,841,768,0,73
2010-09-30,WISCONSIN EASTERN,WISCONSIN,SEVENTH CIRCUIT,5169,3968,10,5,1186,147,117,7,5,18,5022,3851,3,1168
2010-09-30,WISCONSIN WESTERN,WISCONSIN,SEVENTH CIRCUIT,2302,2017,11,10,264,106,78,9,10,9,2196,1939,2,255
2010-09-30,WYOMING,WYOMING,TENTH CIRCUIT,409,350,5,0,54,18,13,5,0,0,391,337,0,54
2010-12-31,ALABAMA MIDDLE,ALABAMA,ELEVENTH CIRCUIT,1959,520,8,1,1430,41,28,7,1,5,1918,492,1,1425
2010-12-31,ALABAMA NORTHERN,ALABAMA,ELEVENTH CIRCUIT,4619,2159,22,3,2435,110,84,20,3,3,4509,2075,2,2432
2010-12-31,ALABAMA SOUTHERN,ALABAMA,ELEVENTH CIRCUIT,1483,512,11,0,960,28,15,10,0,3,1455,497,1,957
2010-12-31,ALASKA,ALASKA,NINTH CIRCUIT,261,225,0,1,35,16,13,0,1,2,245,212,0,33
2010-12-31,ARIZONA,ARIZONA,NINTH CIRCUIT,10025,8300,125,1,1598,354,246,92,1,14,9671,8054,33,1584
2010-12-31,ARKANSAS EASTERN,ARKANSAS,EIGHTH CIRCUIT,2251,1084,7,0,1160,51,37,6,0,8,2200,1047,1,1152
2010-12-31,ARKANSAS WESTERN,ARKANSAS,EIGHTH CIRCUIT,1578,946,7,7,618,60,43,6,7,4,1518,903,1,614
2010-12-31,CALIFORNIA CENTRAL,CALIFORNIA,NINTH CIRCUIT,34456,26001,253,2,8200,1241,1001,175,2,63,33215,25000,78,8137
2010-12-31,CALIFORNIA EASTERN,CALIFORNIA,NINTH CIRCUIT,12794,10312,26,4,2452,128,94,14,4,16,12666,10218,12,2436
2010-12-31,CALIFORNIA NORTHERN,CALIFORNIA,NINTH CIRCUIT,9312,6006,107,2,3194,336,226,60,2,45,8976,5780,47,3149
2010-12-31,CALIFORNIA SOUTHERN,CALIFORNIA,NINTH CIRCUIT,5481,4357,35,0,1089,160,129,18,0,13,5321,4228,17,1076
2010-12-31,COLORADO,COLORADO,TENTH CIRCUIT,7461,6200,24,2,1235,268,226,21,2,19,7193,5974,3,1216
2010-12-31,CONNECTICUT,CONNECTICUT,SECOND CIRCUIT,2650,2391,30,0,229,102,72,25,0,5,2548,2319,5,224
2010-12-31,DELAWARE,DELAWARE,THIRD CIRCUIT,1046,633,137,0,248,196,27,137,0,4,850,606,0,244
2010-12-31,DISTRICT OF COLUMBIA,DISTRICT OF COLUMBIA,DC CIRCUIT,312,207,17,0,88,33,14,16,0,3,279,193,1,85
2010-12-31,FLORIDA MIDDLE,FLORIDA,ELEVENTH CIRCUIT,15397,11437,172,3,3785,645,460,145,3,37,14752,10977,27,3748
2010-12-31,FLORIDA NORTHERN,FLORIDA,ELEVENTH CIRCUIT,1187,1042,5,0,140,61,55,5,0,1,1126,987,0,139
2010-12-31,FLORIDA SOUTHERN,FLORIDA,ELEVENTH CIRCUIT,9992,7129,85,1,2774,389,283,78,1,24,9603,6846,7,2750
2010-12-31,GEORGIA MIDDLE,GEORGIA,ELEVENTH CIRCUIT,3208,1146,18,8,2036,121,73,17,8,23,3087,1073,1,2013
2010-12-31,GEORGIA NORTHERN,GEORGIA,ELEVENTH CIRCUIT,13858,7849,65,3,5941,430,353,55,3,19,13428,7496,10,5922
2010-12-31,GEORGIA SOUTHERN,GEORGIA,ELEVENTH CIRCUIT,2522,566,21,5,1930,68,38,18,5,7,2454,528,3,1923
2010-12-31,GUAM,GUAM,NINTH CIRCUIT,24,20,0,0,4,2,2,0,0,0,22,18,0,4
2010-12-31,HAWAII,HAWAII,NINTH CIRCUIT,934,688,8,0,238,35,26,7,0,2,899,662,1,236
2010-12-31,IDAHO,IDAHO,NINTH CIRCUIT,1955,1677,17,2,259,82,66,13,2,1,1873,1611,4,258
2010-12-31,ILLINOIS CENTRAL,ILLINOIS,SEVENTH CIRCUIT,2292,1771,6,0,515,63,49,6,0,8,2229,1722,0,507
2010-12-31,ILLINOIS NORTHERN,ILLINOIS,SEVENTH CIRCUIT,15523,11707,82,3,3730,429,341,74,3,11,15094,11366,8,3719
2010-12-31,ILLINOIS SOUTHERN,ILLINOIS,SEVENTH CIRCUIT,1371,806,2,0,563,37,26,2,0,9,1334,780,0,554
2010-12-31,INDIANA NORTHERN,INDIANA,SEVENTH CIRCUIT,3777,2883,11,1,882,64,45,11,1,7,3713,2838,0,875
2010-12-31,INDIANA SOUTHERN,INDIANA,SEVENTH CIRCUIT,6164,4261,17,0,1886,133,106,17,0,10,6031,4155,0,1876
2010-12-31,IOWA NORTHERN,IOWA,EIGHTH CIRCUIT,750,701,2,4,43,44,39,0,4,1,706,662,2,42
2010-12-31,IOWA SOUTHERN,IOWA,EIGHTH CIRCUIT,1291,1148,9,0,134,63,55,8,0,0,1228,1093,1,134
2010-12-31,KANSAS,KANSAS,TENTH CIRCUIT,2511,1688,16,8,799,73,38,15,8,12,2438,1650,1,787
2010-12-31,KENTUCKY EASTERN,KENTUCKY,SIXTH CIRCUIT,2646,1958,11,0,677,72,57,11,0,4,2574,1901,0,673
2010-12-31,KENTUCKY WESTERN,KENTUCKY,SIXTH CIRCUIT,2744,1963,15,1,765,53,32,15,1,5,2691,1931,0,760
2010-12-31,LOUISIANA EASTERN,LOUISIANA,FIFTH CIRCUIT,1145,597,14,0,534,82,54,14,0,14,1063,543,0,520
2010-12-31,LOUISIANA MIDDLE,LOUISIANA,FIFTH CIRCUIT,498,257,1,0,240,21,19,1,0,1,477,238,0,239
2010-12-31,LOUISIANA WESTERN,LOUISIANA,FIFTH CIRCUIT,2743,724,10,1,2008,77,38,10,1,28,2666,686,0,1980
2010-12-31,MAINE,MAINE,FIRST CIRCUIT,964,805,12,0,147,68,50,11,0,7,896,755,1,140
2010-12-31,MARYLAND,MARYLAND,FOURTH CIRCUIT,6809,5286,55,1,1467,177,124,39,1,13,6632,5162,16,1454
2010-12-31,MASSACHUSETTS,MASSACHUSETTS,FIRST CIRCUIT,5547,4112,57,7,1371,164,109,47,7,1,5383,4003,10,1370
2010-12-31,MICHIGAN EASTERN,MICHIGAN,SIXTH CIRCUIT,11405,9297,57,3,2048,313,241,49,3,20,11092,9056,8,2028
2010-12-31,MICHIGAN WESTERN,MICHIGAN,SIXTH CIRCUIT,3640,3082,12,5,541,132,106,10,5,11,3508,2976,2,530
2010-12-31,MINNESOTA,MINNESOTA,EIGHTH CIRCUIT,4996,4232,30,2,732,188,147,29,2,10,4808,4085,1,722
2010-12-31,MISSISSIPPI NORTHERN,MISSISSIPPI,FIFTH CIRCUIT,1571,760,8,2,801,33,23,8,2,0,1538,737,0,801
2010-12-31,MISSISSIPPI SOUTHERN,MISSISSIPPI,FIFTH CIRCUIT,1886,1044,8,0,834,52,41,8,0,3,1834,1003,0,831
2010-12-31,MISSOURI EASTERN,MISSOURI,EIGHTH CIRCUIT,3970,2736,10,1,1223,87,71,10,1,5,3883,2665,0,1218
2010-12-31,MISSOURI WESTERN,MISSOURI,EIGHTH CIRCUIT,3627,2568,20,3,1036,99,72,18,3,6,3528,2496,2,1030
2010-12-31,MONTANA,MONTANA,NINTH CIRCUIT,580,476,2,3,99,30,20,2,3,5,550,456,0,94
2010-12-31,NEBRASKA,NEBRASKA,EIGHTH CIRCUIT,1871,1303,24,5,538,94,54,24,5,10,1777,1249,0,528
2010-12-31,NEVADA,NEVADA,NINTH CIRCUIT,6884,5115,94,1,1674,222,152,62,1,7,6662,4963,32,1667
2010-12-31,NEW HAMPSHIRE,NEW HAMPSHIRE,FIRST CIRCUIT,1270,1001,13,0,256,130,105,11,0,14,1140,896,2,242
2010-12-31,NEW JERSEY,NEW JERSEY,THIRD CIRCUIT,10097,7728,61,0,2308,319,249,52,0,18,9778,7479,9,2290
2010-12-31,NEW MEXICO,NEW MEXICO,TENTH CIRCUIT,1482,1338,14,1,129,69,54,13,1,1,1413,1284,1,128
2010-12-31,NEW YORK EASTERN,NEW YORK,SECOND CIRCUIT,5053,4407,49,0,597,164,113,45,0,6,4889,4294,4,591
2010-12-31,NEW YORK NORTHERN,NEW YORK,SECOND CIRCUIT,2442,1771,8,4,658,67,46,8,4,8,2375,1725,0,650
2010-12-31,NEW YORK SOUTHERN,NEW YORK,SECOND CIRCUIT,3420,2543,372,3,487,493,102,363,3,10,2927,2441,9,477
2010-12-31,NEW YORK WESTERN,NEW YORK,SECOND CIRCUIT,1902,1272,15,0,615,79,44,15,0,20,1823,1228,0,595
2010-12-31,NORTH CAROLINA EASTERN,NORTH CAROLINA,FOURTH CIRCUIT,2692,937,49,5,1701,145,80,40,5,20,2547,857,9,1681
2010-12-31,NORTH CAROLINA MIDDLE,NORTH CAROLINA,FOURTH CIRCUIT,1617,796,8,0,813,72,56,8,0,8,1545,740,0,805
2010-12-31,NORTH CAROLINA WESTERN,NORTH CAROLINA,FOURTH CIRCUIT,2064,1435,23,1,605,102,74,22,1,5,1962,1361,1,600
2010-12-31,NORTH DAKOTA,NORTH DAKOTA,EIGHTH CIRCUIT,377,334,3,0,40,22,19,3,0,0,355,315,0,40
2010-12-31,NORTHERN MARIANAS,NORTHERN MARIANA ISLANDS,NINTH CIRCUIT,2,1,0,0,1,0,0,0,0,0,2,1,0,1
2010-12-31,OHIO NORTHERN,OHIO,SIXTH CIRCUIT,8365,6749,14,1,1601,203,169,14,1,19,8162,6580,0,1582
2010-12-31,OHIO SOUTHERN,OHIO,SIXTH CIRCUIT,7178,4866,8,0,2304,180,147,7,0,26,6998,4719,1,2278
2010-12-31,OKLAHOMA EASTERN,OKLAHOMA,TENTH CIRCUIT,554,496,1,5,52,18,12,1,5,0,536,484,0,52
2010-12-31,OKLAHOMA NORTHERN,OKLAHOMA,TENTH CIRCUIT,1027,919,1,0,107,30,28,1,0,1,997,891,0,106
2010-12-31,OKLAHOMA WESTERN,OKLAHOMA,TENTH CIRCUIT,1735,1320,15,0,400,67,49,15,0,3,1668,1271,0,397
2010-12-31,OREGON,OREGON,NINTH CIRCUIT,4502,3429,12,6,1055,141,103,11,6,21,4361,3326,1,1034
2010-12-31,PENNSYLVANIA EASTERN,PENNSYLVANIA,THIRD CIRCUIT,3566,2367,36,1,1162,125,67,33,1,24,3441,2300,3,1138
2010-12-31,PENNSYLVANIA MIDDLE,PENNSYLVANIA,THIRD CIRCUIT,2372,1655,5,1,711,61,49,3,1,8,2311,1606,2,703
2010-12-31,PENNSYLVANIA WESTERN,PENNSYLVANIA,THIRD CIRCUIT,3152,2309,32,1,810,118,74,31,1,12,3034,2235,1,798
2010-12-31,PUERTO RICO,PUERTO RICO,FIRST CIRCUIT,3148,1113,31,12,1992,107,54,24,12,17,3041,1059,7,1975
2010-12-31,RHODE ISLAND,RHODE ISLAND,FIRST CIRCUIT,1301,1090,7,0,204,44,34,7,0,3,1257,1056,0,201
2010-12-31,SOUTH CAROLINA,SOUTH CAROLINA,FOURTH CIRCUIT,2248,1101,18,1,1128,103,84,14,1,4,2145,1017,4,1124
2010-12-31,SOUTH DAKOTA,SOUTH DAKOTA,EIGHTH CIRCUIT,461,403,0,0,58,20,17,0,0,3,441,386,0,55
2010-12-31,TENNESSEE EASTERN,TENNESSEE,SIXTH CIRCUIT,3903,2375,29,3,1496,89,62,21,3,3,3814,2313,8,1493
2010-12-31,TENNESSEE MIDDLE,TENNESSEE,SIXTH CIRCUIT,3441,1931,35,2,1473,111,82,22,2,5,3330,1849,13,1468
2010-12-31,TENNESSEE WESTERN,TENNESSEE,SIXTH CIRCUIT,4465,1307,19,0,3139,76,48,17,0,11,4389,1259,2,3128
2010-12-31,TEXAS EASTERN,TEXAS,FIFTH CIRCUIT,1852,956,37,0,859,141,95,34,0,12,1711,861,3,847
2010-12-31,TEXAS NORTHERN,TEXAS,FIFTH CIRCUIT,5139,2232,92,2,2813,369,230,90,2,47,4770,2002,2,2766
2010-12-31,TEXAS SOUTHERN,TEXAS,FIFTH CIRCUIT,4239,1580,91,2,2565,292,184,82,2,23,3947,1396,9,2542
2010-12-31,TEXAS WESTERN,TEXAS,FIFTH CIRCUIT,3205,1590,53,1,1561,195,126,45,1,23,3010,1464,8,1538
2010-12-31,UTAH,UTAH,TENTH CIRCUIT,4495,2881,28,1,1585,183,144,26,1,12,4312,2737,2,1573
2010-12-31,VERMONT,VERMONT,SECOND CIRCUIT,359,285,1,2,71,22,17,1,2,2,337,268,0,69
2010-12-31,VIRGIN ISLANDS,VIRGIN ISLANDS,THIRD CIRCUIT,4,4,0,0,0,2,2,0,0,0,2,2,0,0
2010-12-31,VIRGINIA EASTERN,VIRGINIA,FOURTH CIRCUIT,6569,4218,45,3,2303,190,136,38,3,13,6379,4082,7,2290
2010-12-31,VIRGINIA WESTERN,VIRGINIA,FOURTH CIRCUIT,1972,1333,13,1,625,50,34,12,1,3,1922,1299,1,622
2010-12-31,WASHINGTON EASTERN,WASHINGTON,NINTH CIRCUIT,1577,1216,3,2,356,57,48,3,2,4,1520,1168,0,352
2010-12-31,WASHINGTON WESTERN,WASHINGTON,NINTH CIRCUIT,6485,4956,73,2,1454,243,158,60,2,23,6242,4798,13,1431
2010-12-31,WEST VIRGINIA NORTHERN,WEST VIRGINIA,FOURTH CIRCUIT,611,515,6,0,90,39,27,5,0,7,572,488,1,83
2010-12-31,WEST VIRGINIA SOUTHERN,WEST VIRGINIA,FOURTH CIRCUIT,703,611,17,0,75,29,13,16,0,0,674,598,1,75
2010-12-31,WISCONSIN EASTERN,WISCONSIN,SEVENTH CIRCUIT,4531,3441,12,0,1078,119,94,12,0,13,4412,3347,0,1065
2010-12-31,WISCONSIN WESTERN,WISCONSIN,SEVENTH CIRCUIT,2181,1889,13,5,274,101,79,10,5,7,2080,1810,3,267
2010-12-31,WYOMING,WYOMING,TENTH CIRCUIT,352,281,1,0,70,16,14,1,0,1,336,267,0,69
2011-03-31,ALABAMA MIDDLE,ALABAMA,ELEVENTH CIRCUIT,1869,613,12,1,1243,36,19,11,1,5,1833,594,1,1238
2011-03-31,ALABAMA NORTHERN,ALABAMA,ELEVENTH CIRCUIT,4663,2396,28,4,2235,101,68,22,4,7,4562,2328,6,2228
2011-03-31,ALABAMA SOUTHERN,ALABAMA,ELEVENTH CIRCUIT,1359,490,11,1,857,32,20,10,1,1,1327,470,1,856
2011-03-31,ALASKA,ALASKA,NINTH CIRCUIT,262,226,1,0,35,17,15,1,0,1,245,211,0,34
2011-03-31,ARIZONA,ARIZONA,NINTH CIRCUIT,9225,7585,141,5,1494,362,243,100,5,14,8863,7342,41,1480
2011-03-31,ARKANSAS EASTERN,ARKANSAS,EIGHTH CIRCUIT,2238,1155,8,0,1075,54,38,8,0,8,2184,1117,0,1067
2011-03-31,ARKANSAS WESTERN,ARKANSAS,EIGHTH CIRCUIT,1598,1017,15,4,562,67,39,15,4,9,1531,978,0,553
2011-03-31,CALIFORNIA CENTRAL,CALIFORNIA,NINTH CIRCUIT,35933,26558,309,2,9064,1174,906,220,2,46,34759,25652,89,9018
2011-03-31,CALIFORNIA EASTERN,CALIFORNIA,NINTH CIRCUIT,13253,10494,56,11,2692,362,261,41,11,49,12891,10233,15,2643
2011-03-31,CALIFORNIA NORTHERN,CALIFORNIA,NINTH CIRCUIT,9351,6052,116,7,3174,342,225,67,7,41,9009,5827,49,3133
2011-03-31,CALIFORNIA SOUTHERN,CALIFORNIA,NINTH CIRCUIT,5694,4552,38,1,1103,163,120,24,1,18,5531,4432,14,1085
2011-03-31,COLORADO,COLORADO,TENTH CIRCUIT,7271,5892,39,1,1339,292,240,35,1,16,6979,5652,4,1323
2011-03-31,CONNECTICUT,CONNECTICUT,SECOND CIRCUIT,2456,2186,33,0,237,105,76,24,0,5,2351,2110,9,232
2011-03-31,DELAWARE,DELAWARE,THIRD CIRCUIT,1004,641,93,1,251,141,26,93,1,3,863,615,0,248
2011-03-31,DISTRICT OF COLUMBIA,DISTRICT OF COLUMBIA,DC CIRCUIT,254,207,9,0,38,19,8,9,0,2,235,199,0,36
2011-03-31,FLORIDA MIDDLE,FLORIDA,ELEVENTH CIRCUIT,13603,10145,167,2,3289,604,421,146,2,35,12999,9724,21,3254
2011-03-31,FLORIDA NORTHERN,FLORIDA,ELEVENTH CIRCUIT,1169,1036,8,0,125,78,68,8,0,2,1091,968,0,123
2011-03-31,FLORIDA SOUTHERN,FLORIDA,ELEVENTH CIRCUIT,9317,6850,101,2,2364,375,256,94,2,23,8942,6594,7,2341
2011-03-31,GEORGIA MIDDLE,GEORGIA,ELEVENTH CIRCUIT,2973,1281,14,5,1673,99,62,14,5,18,2874,1219,0,1655
2011-03-31,GEORGIA NORTHERN,GEORGIA,ELEVENTH CIRCUIT,13639,8168,87,2,5382,408,309,79,2,18,13231,7859,8,5364
2011-03-31,GEORGIA SOUTHERN,GEORGIA,ELEVENTH CIRCUIT,2337,663,19,1,1654,63,37,19,1,6,2274,626,0,1648
2011-03-31,GUAM,GUAM,NINTH CIRCUIT,44,33,0,0,11,1,1,0,0,0,43,32,0,11
2011-03-31,HAWAII,HAWAII,NINTH CIRCUIT,901,685,6,0,210,32,28,3,0,1,869,657,3,209
2011-03-31,IDAHO,IDAHO,NINTH CIRCUIT,1755,1521,18,2,213,71,47,18,2,3,1684,1474,0,210
2011-03-31,ILLINOIS CENTRAL,ILLINOIS,SEVENTH CIRCUIT,2287,1843,9,1,434,52,37,9,1,5,2235,1806,0,429
2011-03-31,ILLINOIS NORTHERN,ILLINOIS,SEVENTH CIRCUIT,15779,12122,107,0,3550,461,354,98,0,9,15318,11768,9,3541
2011-03-31,ILLINOIS SOUTHERN,ILLINOIS,SEVENTH CIRCUIT,1387,866,6,2,513,28,19,6,2,1,1359,847,0,512
2011-03-31,INDIANA NORTHERN,INDIANA,SEVENTH CIRCUIT,4012,3159,7,0,846,70,57,6,0,7,3942,3102,1,839
2011-03-31,INDIANA SOUTHERN,INDIANA,SEVENTH CIRCUIT,5910,4132,18,1,1759,107,80,16,1,10,5803,4052,2,1749
2011-03-31,IOWA NORTHERN,IOWA,EIGHTH CIRCUIT,732,699,0,1,32,35,32,0,1,2,697,667,0,30
2011-03-31,IOWA SOUTHERN,IOWA,EIGHTH CIRCUIT,1321,1185,5,1,130,45,38,5,1,1,1276,1147,0,129
2011-03-31,KANSAS,KANSAS,TENTH CIRCUIT,2297,1588,23,3,683,73,44,20,3,6,2224,1544,3,677
2011-03-31,KENTUCKY EASTERN,KENTUCKY,SIXTH CIRCUIT,3070,2301,5,1,763,40,30,5,1,4,3030,2271,0,759
2011-03-31,KENTUCKY WESTERN,KENTUCKY,SIXTH CIRCUIT,3081,2371,7,3,700,60,46,7,3,4,3021,2325,0,696
2011-03-31,LOUISIANA EASTERN,LOUISIANA,FIFTH CIRCUIT,1080,550,8,0,522,57,43,7,0,7,1023,507,1,515
2011-03-31,LOUISIANA MIDDLE,LOUISIANA,FIFTH CIRCUIT,483,253,2,0,228,20,17,2,0,1,463,236,0,227
2011-03-31,LOUISIANA WESTERN,LOUISIANA,FIFTH CIRCUIT,2730,780,14,3,1933,75,30,12,3,30,2655,750,2,1903
2011-03-31,MAINE,MAINE,FIRST CIRCUIT,900,758,3,2,137,53,45,2,2,4,847,713,1,133
2011-03-31,MARYLAND,MARYLAND,FOURTH CIRCUIT,6906,5471,43,1,1391,162,120,31,1,10,6744,5351,12,1381
2011-03-31,MASSACHUSETTS,MASSACHUSETTS,FIRST CIRCUIT,4884,3737,45,5,1097,123,79,36,5,3,4761,3658,9,1094
2011-03-31,MICHIGAN EASTERN,MICHIGAN,SIXTH CIRCUIT,12652,10511,48,2,2091,328,261,42,2,23,12324,10250,6,2068
2011-03-31,MICHIGAN WESTERN,MICHIGAN,SIXTH CIRCUIT,3966,3452,7,6,501,140,115,7,6,12,3826,3337,0,489
2011-03-31,MINNESOTA,MINNESOTA,EIGHTH CIRCUIT,5186,4465,17,1,703,154,127,16,1,10,5032,4338,1,693
2011-03-31,MISSISSIPPI NORTHERN,MISSISSIPPI,FIFTH CIRCUIT,1563,886,9,2,666,54,39,9,2,4,1509,847,0,662
2011-03-31,MISSISSIPPI SOUTHERN,MISSISSIPPI,FIFTH CIRCUIT,2011,1255,3,0,753,55,46,3,0,6,1956,1209,0,747
2011-03-31,MISSOURI EASTERN,MISSOURI,EIGHTH CIRCUIT,3737,2653,9,3,1072,57,44,7,3,3,3680,2609,2,1069
2011-03-31,MISSOURI WESTERN,MISSOURI,EIGHTH CIRCUIT,3376,2453,15,1,907,95,67,13,1,14,3281,2386,2,893
2011-03-31,MONTANA,MONTANA,NINTH CIRCUIT,701,572,4,5,120,25,13,4,5,3,676,559,0,117
2011-03-31,NEBRASKA,NEBRASKA,EIGHTH CIRCUIT,1781,1286,12,4,479,69,50,12,4,3,1712,1236,0,476
2011-03-31,NEVADA,NEVADA,NINTH CIRCUIT,6199,4638,108,1,1452,258,173,78,1,6,5941,4465,30,1446
2011-03-31,NEW HAMPSHIRE,NEW HAMPSHIRE,FIRST CIRCUIT,1381,1049,11,0,321,147,116,11,0,20,1234,933,0,301
2011-03-31,NEW JERSEY,NEW JERSEY,THIRD CIRCUIT,10478,8275,103,1,2099,330,212,92,1,25,10148,8063,11,2074
2011-03-31,NEW MEXICO,NEW MEXICO,TENTH CIRCUIT,1473,1371,11,0,91,47,35,10,0,2,1426,1336,1,89
2011-03-31,NEW YORK EASTERN,NEW YORK,SECOND CIRCUIT,4930,4507,53,0,369,179,124,48,0,6,4751,4383,5,363
2011-03-31,NEW YORK NORTHERN,NEW YORK,SECOND CIRCUIT,2526,1949,10,7,560,62,36,10,7,9,2464,1913,0,551
2011-03-31,NEW YORK SOUTHERN,NEW YORK,SECOND CIRCUIT,2987,2379,169,0,436,263,87,166,0,7,2724,2292,3,429
2011-03-31,NEW YORK WESTERN,NEW YORK,SECOND CIRCUIT,1767,1276,6,3,482,72,49,6,3,14,1695,1227,0,468
2011-03-31,NORTH CAROLINA EASTERN,NORTH CAROLINA,FOURTH CIRCUIT,2555,967,29,1,1558,100,62,28,1,9,2455,905,1,1549
2011-03-31,NORTH CAROLINA MIDDLE,NORTH CAROLINA,FOURTH CIRCUIT,1587,809,6,0,772,78,60,6,0,12,1509,749,0,760
2011-03-31,NORTH CAROLINA WESTERN,NORTH CAROLINA,FOURTH CIRCUIT,1944,1361,22,0,561,97,74,19,0,4,1847,1287,3,557
2011-03-31,NORTH DAKOTA,NORTH DAKOTA,EIGHTH CIRCUIT,347,315,4,0,28,18,14,4,0,0,329,301,0,28
2011-03-31,NORTHERN MARIANAS,NORTHERN MARIANA ISLANDS,NINTH CIRCUIT,1,1,0,0,0,0,0,0,0,0,1,1,0,0
2011-03-31,OHIO NORTHERN,OHIO,SIXTH CIRCUIT,7945,6427,30,0,1488,186,145,29,0,12,7759,6282,1,1476
2011-03-31,OHIO SOUTHERN,OHIO,SIXTH CIRCUIT,7333,5057,20,5,2251,189,140,20,5,24,7144,4917,0,2227
2011-03-31,OKLAHOMA EASTERN,OKLAHOMA,TENTH CIRCUIT,458,417,0,0,41,8,7,0,0,1,450,410,0,40
2011-03-31,OKLAHOMA NORTHERN,OKLAHOMA,TENTH CIRCUIT,871,763,2,1,105,25,21,2,1,1,846,742,0,104
2011-03-31,OKLAHOMA WESTERN,OKLAHOMA,TENTH CIRCUIT,1801,1411,9,3,378,56,41,9,3,3,1745,1370,0,375
2011-03-31,OREGON,OREGON,NINTH CIRCUIT,4334,3362,22,7,943,147,97,22,7,21,4187,3265,0,922
2011-03-31,PENNSYLVANIA EASTERN,PENNSYLVANIA,THIRD CIRCUIT,3506,2384,31,1,1090,103,66,28,1,8,3403,2318,3,1082
2011-03-31,PENNSYLVANIA MIDDLE,PENNSYLVANIA,THIRD CIRCUIT,2481,1801,14,1,665,85,56,14,1,14,2396,1745,0,651
2011-03-31,PENNSYLVANIA WESTERN,PENNSYLVANIA,THIRD CIRCUIT,3047,2296,34,2,715,99,56,30,2,11,2948,2240,4,704
2011-03-31,PUERTO RICO,PUERTO RICO,FIRST CIRCUIT,2851,991,51,12,1797,112,30,45,12,25,2739,961,6,1772
2011-03-31,RHODE ISLAND,RHODE ISLAND,FIRST CIRCUIT,1329,1125,3,0,201,43,37,3,0,3,1286,1088,0,198
2011-03-31,SOUTH CAROLINA,SOUTH CAROLINA,FOURTH CIRCUIT,2166,1048,24,2,1092,94,74,13,2,5,2072,974,11,1087
2011-03-31,SOUTH DAKOTA,SOUTH DAKOTA,EIGHTH CIRCUIT,443,394,1,1,47,17,12,0,1,4,426,382,1,43
2011-03-31,TENNESSEE EASTERN,TENNESSEE,SIXTH CIRCUIT,4274,2803,20,4,1447,95,66,17,4,8,4179,2737,3,1439
2011-03-31,TENNESSEE MIDDLE,TENNESSEE,SIXTH CIRCUIT,3441,2137,22,2,1280,87,63,16,2,6,3354,2074,6,1274
2011-03-31,TENNESSEE WESTERN,TENNESSEE,SIXTH CIRCUIT,4344,1516,17,0,2811,63,42,14,0,7,4281,1474,3,2804
2011-03-31,TEXAS EASTERN,TEXAS,FIFTH CIRCUIT,1790,972,19,2,797,128,92,19,2,15,1662,880,0,782
2011-03-31,TEXAS NORTHERN,TEXAS,FIFTH CIRCUIT,4722,2134,88,5,2494,308,182,87,5,33,4414,1952,1,2461
2011-03-31,TEXAS SOUTHERN,TEXAS,FIFTH CIRCUIT,3624,1449,92,2,2081,228,121,88,2,17,3396,1328,4,2064
2011-03-31,TEXAS WESTERN,TEXAS,FIFTH CIRCUIT,3057,1675,50,4,1328,217,139,45,4,29,2840,1536,5,1299
2011-03-31,UTAH,UTAH,TENTH CIRCUIT,4638,2993,20,1,1624,152,122,15,1,14,4486,2871,5,1610
2011-03-31,VERMONT,VERMONT,SECOND CIRCUIT,289,232,0,1,56,12,8,0,1,3,277,224,0,53
2011-03-31,VIRGIN ISLANDS,VIRGIN ISLANDS,THIRD CIRCUIT,6,5,1,0,0,1,0,1,0,0,5,5,0,0
2011-03-31,VIRGINIA EASTERN,VIRGINIA,FOURTH CIRCUIT,6801,4526,62,2,2211,212,144,54,2,12,6589,4382,8,2199
2011-03-31,VIRGINIA WESTERN,VIRGINIA,FOURTH CIRCUIT,2081,1499,11,0,571,46,36,8,0,2,2035,1463,3,569
2011-03-31,WASHINGTON EASTERN,WASHINGTON,NINTH CIRCUIT,1646,1274,19,4,349,62,36,17,4,5,1584,1238,2,344
2011-03-31,WASHINGTON WESTERN,WASHINGTON,NINTH CIRCUIT,6234,4717,77,0,1440,230,155,63,0,12,6004,4562,14,1428
2011-03-31,WEST VIRGINIA NORTHERN,WEST VIRGINIA,FOURTH CIRCUIT,617,534,4,0,79,31,24,3,0,4,586,510,1,75
2011-03-31,WEST VIRGINIA SOUTHERN,WEST VIRGINIA,FOURTH CIRCUIT,743,651,11,0,81,31,19,11,0,1,712,632,0,80
2011-03-31,WISCONSIN EASTERN,WISCONSIN,SEVENTH CIRCUIT,4673,3562,7,1,1103,123,101,7,1,14,4550,3461,0,1089
2011-03-31,WISCONSIN WESTERN,WISCONSIN,SEVENTH CIRCUIT,2119,1827,9,4,279,75,57,7,4,7,2044,1770,2,272
2011-03-31,WYOMING,WYOMING,TENTH CIRCUIT,339,280,6,1,52,24,18,4,1,1,315,262,2,51
2011-06-30,ALABAMA MIDDLE,ALABAMA,ELEVENTH CIRCUIT,1901,565,12,1,1323,43,27,11,1,4,1858,538,1,1319
2011-06-30,ALABAMA NORTHERN,ALABAMA,ELEVENTH CIRCUIT,4148,2033,22,2,2091,96,70,20,2,4,4052,1963,2,2087
2011-06-30,ALABAMA SOUTHERN,ALABAMA,ELEVENTH CIRCUIT,1368,509,9,1,849,20,11,8,1,0,1348,498,1,849
2011-06-30,ALASKA,ALASKA,NINTH CIRCUIT,257,206,1,0,50,9,5,1,0,3,248,201,0,47
2011-06-30,ARIZONA,ARIZONA,NINTH CIRCUIT,10835,9298,108,3,1426,340,241,87,3,9,10495,9057,21,1417
2011-06-30,ARKANSAS EASTERN,ARKANSAS,EIGHTH CIRCUIT,2284,1140,12,0,1132,51,33,12,0,6,2233,1107,0,1126
2011-06-30,ARKANSAS WESTERN,ARKANSAS,EIGHTH CIRCUIT,1586,967,11,2,606,67,44,11,2,10,1519,923,0,596
2011-06-30,CALIFORNIA CENTRAL,CALIFORNIA,NINTH CIRCUIT,36459,26875,325,2,9256,1138,859,220,2,56,35321,26016,105,9200
2011-06-30,CALIFORNIA EASTERN,CALIFORNIA,NINTH CIRCUIT,13300,10480,71,7,2742,324,234,52,7,31,12976,10246,19,2711
2011-06-30,CALIFORNIA NORTHERN,CALIFORNIA,NINTH CIRCUIT,9221,5934,106,7,3174,358,227,70,7,54,8863,5707,36,3120
2011-06-30,CALIFORNIA SOUTHERN,CALIFORNIA,NINTH CIRCUIT,5635,4528,48,0,1059,156,115,30,0,11,5479,4413,18,1048
2011-06-30,COLORADO,COLORADO,TENTH CIRCUIT,8714,7352,30,0,1332,305,266,29,0,10,8409,7086,1,1322
2011-06-30,CONNECTICUT,CONNECTICUT,SECOND CIRCUIT,2738,2477,24,0,237,95,70,20,0,5,2643,2407,4,232
2011-06-30,DELAWARE,DELAWARE,THIRD CIRCUIT,1127,663,159,0,305,180,21,159,0,0,947,642,0,305
2011-06-30,DISTRICT OF COLUMBIA,DISTRICT OF COLUMBIA,DC CIRCUIT,251,206,10,0,35,13,4,8,0,1,238,202,2,34
2011-06-30,FLORIDA MIDDLE,FLORIDA,ELEVENTH CIRCUIT,13052,9889,127,7,3029,585,433,112,7,33,12467,9456,15,2996
2011-06-30,FLORIDA NORTHERN,FLORIDA,ELEVENTH CIRCUIT,1213,1044,15,2,152,79,60,15,2,2,1134,984,0,150
2011-06-30,FLORIDA SOUTHERN,FLORIDA,ELEVENTH CIRCUIT,9927,7490,78,2,2354,320,241,58,2,16,9607,7249,20,2338
2011-06-30,GEORGIA MIDDLE,GEORGIA,ELEVENTH CIRCUIT,2835,1128,10,11,1686,107,69,10,11,17,2728,1059,0,1669
2011-06-30,GEORGIA NORTHERN,GEORGIA,ELEVENTH CIRCUIT,13244,7699,82,1,5462,372,274,74,1,23,12872,7425,8,5439
2011-06-30,GEORGIA SOUTHERN,GEORGIA,ELEVENTH CIRCUIT,2318,564,25,1,1728,73,43,22,1,7,2245,521,3,1721
2011-06-30,GUAM,GUAM,NINTH CIRCUIT,39,32,0,0,7,3,3,0,0,0,36,29,0,7
2011-06-30,HAWAII,HAWAII,NINTH CIRCUIT,954,711,13,0,230,49,31,11,0,7,905,680,2,223
2011-06-30,IDAHO,IDAHO,NINTH CIRCUIT,2292,2035,15,4,238,76,60,11,4,1,2216,1975,4,237
2011-06-30,ILLINOIS CENTRAL,ILLINOIS,SEVENTH CIRCUIT,2514,2088,5,0,421,45,37,5,0,3,2469,2051,0,418
2011-06-30,ILLINOIS NORTHERN,ILLINOIS,SEVENTH CIRCUIT,15484,11958,74,0,3452,464,386,67,0,11,15020,11572,7,3441
2011-06-30,ILLINOIS SOUTHERN,ILLINOIS,SEVENTH CIRCUIT,1425,937,1,1,486,35,28,1,1,5,1390,909,0,481
2011-06-30,INDIANA NORTHERN,INDIANA,SEVENTH CIRCUIT,4658,3835,8,1,814,74,60,8,1,5,4584,3775,0,809
2011-06-30,INDIANA SOUTHERN,INDIANA,SEVENTH CIRCUIT,6696,4980,31,3,1682,130,85,29,3,13,6566,4895,2,1669
2011-06-30,IOWA NORTHERN,IOWA,EIGHTH CIRCUIT,880,824,3,3,50,46,38,3,3,2,834,786,0,48
2011-06-30,IOWA SOUTHERN,IOWA,EIGHTH CIRCUIT,1416,1256,1,1,158,42,40,1,1,0,1374,1216,0,158
2011-06-30,KANSAS,KANSAS,TENTH CIRCUIT,2876,2031,18,6,821,84,54,16,6,8,2792,1977,2,813
2011-06-30,KENTUCKY EASTERN,KENTUCKY,SIXTH CIRCUIT,2761,2019,9,0,732,58,47,9,0,1,2703,1972,0,731
2011-06-30,KENTUCKY WESTERN,KENTUCKY,SIXTH CIRCUIT,2888,2232,11,2,643,58,40,11,2,5,2830,2192,0,638
2011-06-30,LOUISIANA EASTERN,LOUISIANA,FIFTH CIRCUIT,1113,625,14,0,474,49,37,11,0,1,1064,588,3,473
2011-06-30,LOUISIANA MIDDLE,LOUISIANA,FIFTH CIRCUIT,585,289,2,0,294,19,16,2,0,1,566,273,0,293
2011-06-30,LOUISIANA WESTERN,LOUISIANA,FIFTH CIRCUIT,2937,816,12,4,2105,78,39,12,4,23,2859,777,0,2082
2011-06-30,MAINE,MAINE,FIRST CIRCUIT,1051,899,4,2,146,55,41,4,2,8,996,858,0,138
2011-06-30,MARYLAND,MARYLAND,FOURTH CIRCUIT,7025,5656,47,1,1321,181,131,39,1,10,6844,5525,8,1311
2011-06-30,MASSACHUSETTS,MASSACHUSETTS,FIRST CIRCUIT,5811,4294,81,13,1422,180,95,69,13,2,5631,4199,12,1420
2011-06-30,MICHIGAN EASTERN,MICHIGAN,SIXTH CIRCUIT,11832,9934,39,3,1856,264,212,36,3,13,11568,9722,3,1843
2011-06-30,MICHIGAN WESTERN,MICHIGAN,SIXTH CIRCUIT,3838,3343,13,2,480,125,104,13,2,6,3713,3239,0,474
2011-06-30,MINNESOTA,MINNESOTA,EIGHTH CIRCUIT,5264,4511,29,7,717,193,147,29,7,10,5071,4364,0,707
2011-06-30,MISSISSIPPI NORTHERN,MISSISSIPPI,FIFTH CIRCUIT,1469,740,6,2,721,41,30,6,2,3,1428,710,0,718
2011-06-30,MISSISSIPPI SOUTHERN,MISSISSIPPI,FIFTH CIRCUIT,1905,1179,9,0,717,58,46,9,0,3,1847,1133,0,714
2011-06-30,MISSOURI EASTERN,MISSOURI,EIGHTH CIRCUIT,4372,3333,6,0,1033,52,45,6,0,1,4320,3288,0,1032
2011-06-30,MISSOURI WESTERN,MISSOURI,EIGHTH CIRCUIT,3714,2830,17,1,866,101,78,17,1,5,3613,2752,0,861
2011-06-30,MONTANA,MONTANA,NINTH CIRCUIT,780,672,6,0,102,29,22,6,0,1,751,650,0,101
2011-06-30,NEBRASKA,NEBRASKA,EIGHTH CIRCUIT,1816,1334,6,4,471,57,39,6,4,7,1759,1295,0,464
2011-06-30,NEVADA,NEVADA,NINTH CIRCUIT,6950,5376,162,0,1412,281,156,116,0,9,6669,5220,46,1403
2011-06-30,NEW HAMPSHIRE,NEW HAMPSHIRE,FIRST CIRCUIT,1330,1025,18,0,287,128,89,16,0,23,1202,936,2,264
2011-06-30,NEW JERSEY,NEW JERSEY,THIRD CIRCUIT,10089,8051,65,2,1971,292,212,57,2,21,9797,7839,8,1950
2011-06-30,NEW MEXICO,NEW MEXICO,TENTH CIRCUIT,1620,1457,15,0,148,56,39,13,0,4,1564,1418,2,144
2011-06-30,NEW YORK EASTERN,NEW YORK,SECOND CIRCUIT,5658,5120,48,0,489,173,120,43,0,9,5485,5000,5,480
2011-06-30,NEW YORK NORTHERN,NEW YORK,SECOND CIRCUIT,2720,2184,13,0,523,64,41,13,0,10,2656,2143,0,513
2011-06-30,NEW YORK SOUTHERN,NEW YORK,SECOND CIRCUIT,3473,2854,115,1,495,218,95,111,1,3,3255,2759,4,492
2011-06-30,NEW YORK WESTERN,NEW YORK,SECOND CIRCUIT,2039,1587,10,0,442,60,42,10,0,8,1979,1545,0,434
2011-06-30,NORTH CAROLINA EASTERN,NORTH CAROLINA,FOURTH CIRCUIT,2568,949,42,3,1574,123,61,36,3,23,2445,888,6,1551
2011-06-30,NORTH CAROLINA MIDDLE,NORTH CAROLINA,FOURTH CIRCUIT,1555,805,7,0,743,60,44,6,0,10,1495,761,1,733
2011-06-30,NORTH CAROLINA WESTERN,NORTH CAROLINA,FOURTH CIRCUIT,1977,1407,27,3,540,94,60,26,3,5,1883,1347,1,535
2011-06-30,NORTH DAKOTA,NORTH DAKOTA,EIGHTH CIRCUIT,334,298,1,0,35,16,13,1,0,2,318,285,0,33
2011-06-30,NORTHERN MARIANAS,NORTHERN MARIANA ISLANDS,NINTH CIRCUIT,1,1,0,0,0,1,1,0,0,0,0,0,0,0
2011-06-30,OHIO NORTHERN,OHIO,SIXTH CIRCUIT,8572,7060,14,0,1498,188,157,13,0,18,8384,6903,1,1480
2011-06-30,OHIO SOUTHERN,OHIO,SIXTH CIRCUIT,7744,5563,13,1,2167,164,127,10,1,26,7580,5436,3,2141
2011-06-30,OKLAHOMA EASTERN,OKLAHOMA,TENTH CIRCUIT,520,456,3,1,59,15,10,3,1,0,505,446,0,59
2011-06-30,OKLAHOMA NORTHERN,OKLAHOMA,TENTH CIRCUIT,1079,962,2,1,114,38,35,2,1,0,1041,927,0,114
2011-06-30,OKLAHOMA WESTERN,OKLAHOMA,TENTH CIRCUIT,2033,1615,14,3,401,55,40,12,3,0,1978,1575,2,401
2011-06-30,OREGON,OREGON,NINTH CIRCUIT,4955,4001,13,1,940,157,133,12,1,11,4798,3868,1,929
2011-06-30,PENNSYLVANIA EASTERN,PENNSYLVANIA,THIRD CIRCUIT,3576,2519,31,4,1022,131,81,31,4,15,3445,2438,0,1007
2011-06-30,PENNSYLVANIA MIDDLE,PENNSYLVANIA,THIRD CIRCUIT,2390,1722,7,0,661,74,54,7,0,13,2316,1668,0,648
2011-06-30,PENNSYLVANIA WESTERN,PENNSYLVANIA,THIRD CIRCUIT,3133,2375,37,1,720,128,82,34,1,11,3005,2293,3,709
2011-06-30,PUERTO RICO,PUERTO RICO,FIRST CIRCUIT,2875,1032,44,7,1792,105,32,40,7,26,2770,1000,4,1766
2011-06-30,RHODE ISLAND,RHODE ISLAND,FIRST CIRCUIT,1427,1171,0,0,256,37,36,0,0,1,1390,1135,0,255
2011-06-30,SOUTH CAROLINA,SOUTH CAROLINA,FOURTH CIRCUIT,2049,1028,30,0,990,99,67,28,0,3,1950,961,2,987
2011-06-30,SOUTH DAKOTA,SOUTH DAKOTA,EIGHTH CIRCUIT,574,531,1,2,40,30,23,0,2,5,544,508,1,35
2011-06-30,TENNESSEE EASTERN,TENNESSEE,SIXTH CIRCUIT,4143,2527,20,4,1592,87,58,18,4,7,4056,2469,2,1585
2011-06-30,TENNESSEE MIDDLE,TENNESSEE,SIXTH CIRCUIT,3212,1932,35,0,1245,113,87,23,0,3,3099,1845,12,1242
2011-06-30,TENNESSEE WESTERN,TENNESSEE,SIXTH CIRCUIT,4302,1293,14,0,2995,72,50,14,0,8,4230,1243,0,2987
2011-06-30,TEXAS EASTERN,TEXAS,FIFTH CIRCUIT,1757,918,28,2,809,130,87,27,2,14,1627,831,1,795
2011-06-30,TEXAS NORTHERN,TEXAS,FIFTH CIRCUIT,4655,2248,91,2,2311,311,190,91,2,25,4344,2058,0,2286
2011-06-30,TEXAS SOUTHERN,TEXAS,FIFTH CIRCUIT,3744,1585,70,1,2088,236,145,65,1,25,3508,1440,5,2063
2011-06-30,TEXAS WESTERN,TEXAS,FIFTH CIRCUIT,3107,1674,65,1,1367,238,154,61,1,22,2869,1520,4,1345
2011-06-30,UTAH,UTAH,TENTH CIRCUIT,5288,3604,21,1,1662,154,128,18,1,7,5134,3476,3,1655
2011-06-30,VERMONT,VERMONT,SECOND CIRCUIT,344,294,0,1,49,10,7,0,1,2,334,287,0,47
2011-06-30,VIRGIN ISLANDS,VIRGIN ISLANDS,THIRD CIRCUIT,4,4,0,0,0,0,0,0,0,0,4,4,0,0
2011-06-30,VIRGINIA EASTERN,VIRGINIA,FOURTH CIRCUIT,6766,4586,41,0,2139,186,145,34,0,7,6580,4441,7,2132
2011-06-30,VIRGINIA WESTERN,VIRGINIA,FOURTH CIRCUIT,2012,1443,7,1,561,46,33,7,1,5,1966,1410,0,556
2011-06-30,WASHINGTON EASTERN,WASHINGTON,NINTH CIRCUIT,1669,1286,14,0,369,42,23,12,0,7,1627,1263,2,362
2011-06-30,WASHINGTON WESTERN,WASHINGTON,NINTH CIRCUIT,6960,5493,55,2,1410,223,158,48,2,15,6737,5335,7,1395
2011-06-30,WEST VIRGINIA NORTHERN,WEST VIRGINIA,FOURTH CIRCUIT,627,551,8,0,68,29,20,6,0,3,598,531,2,65
2011-06-30,WEST VIRGINIA SOUTHERN,WEST VIRGINIA,FOURTH CIRCUIT,634,548,6,0,80,21,12,6,0,3,613,536,0,77
2011-06-30,WISCONSIN EASTERN,WISCONSIN,SEVENTH CIRCUIT,5934,4614,20,6,1294,151,119,19,6,7,5783,4495,1,1287
2011-06-30,WISCONSIN WESTERN,WISCONSIN,SEVENTH CIRCUIT,2166,1887,14,6,259,73,50,10,6,7,2093,1837,4,252
2011-06-30,WYOMING,WYOMING,TENTH CIRCUIT,417,352,2,0,63,18,15,2,0,1,399,337,0,62
2011-09-30,ALABAMA MIDDLE,ALABAMA,ELEVENTH CIRCUIT,2109,496,8,1,1604,42,30,7,1,4,2067,466,1,1600
2011-09-30,ALABAMA NORTHERN,ALABAMA,ELEVENTH CIRCUIT,4393,1932,22,3,2436,108,83,18,3,4,4285,1849,4,2432
2011-09-30,ALABAMA SOUTHERN,ALABAMA,ELEVENTH CIRCUIT,1406,364,11,0,1031,23,10,11,0,2,1383,354,0,1029
2011-09-30,ALASKA,ALASKA,NINTH CIRCUIT,238,200,2,0,36,18,12,2,0,4,220,188,0,32
2011-09-30,ARIZONA,ARIZONA,NINTH CIRCUIT,9056,7732,100,2,1222,325,240,68,2,15,8731,7492,32,1207
2011-09-30,ARKANSAS EASTERN,ARKANSAS,EIGHTH CIRCUIT,2246,1054,4,3,1185,49,37,3,3,6,2197,1017,1,1179
2011-09-30,ARKANSAS WESTERN,ARKANSAS,EIGHTH CIRCUIT,1503,907,6,4,586,42,28,6,4,4,1461,879,0,582
2011-09-30,CALIFORNIA CENTRAL,CALIFORNIA,NINTH CIRCUIT,32931,24159,284,3,8483,1067,812,193,3,58,31864,23347,91,8425
2011-09-30,CALIFORNIA EASTERN,CALIFORNIA,NINTH CIRCUIT,11963,9305,54,7,2597,317,226,43,7,41,11646,9079,11,2556
2011-09-30,CALIFORNIA NORTHERN,CALIFORNIA,NINTH CIRCUIT,8767,5524,101,1,3141,313,218,55,1,39,8454,5306,46,3102
2011-09-30,CALIFORNIA SOUTHERN,CALIFORNIA,NINTH CIRCUIT,5476,4286,38,1,1151,159,128,19,1,11,5317,4158,19,1140
2011-09-30,COLORADO,COLORADO,TENTH CIRCUIT,7644,6405,38,1,1200,299,249,34,1,15,7345,6156,4,1185
2011-09-30,CONNECTICUT,CONNECTICUT,SECOND CIRCUIT,2335,2062,28,0,245,100,73,21,0,6,2235,1989,7,239
2011-09-30,DELAWARE,DELAWARE,THIRD CIRCUIT,1017,624,80,1,312,98,19,78,1,0,919,605,2,312
2011-09-30,DISTRICT OF COLUMBIA,DISTRICT OF COLUMBIA,DC CIRCUIT,245,199,4,0,42,16,11,4,0,1,229,188,0,41
2011-09-30,FLORIDA MIDDLE,FLORIDA,ELEVENTH CIRCUIT,13345,9961,144,5,3235,581,420,114,5,42,12764,9541,30,3193
2011-09-30,FLORIDA NORTHERN,FLORIDA,ELEVENTH CIRCUIT,1122,964,9,0,149,74,65,8,0,1,1048,899,1,148
2011-09-30,FLORIDA SOUTHERN,FLORIDA,ELEVENTH CIRCUIT,9161,6787,90,1,2283,321,232,79,1,9,8840,6555,11,2274
2011-09-30,GEORGIA MIDDLE,GEORGIA,ELEVENTH CIRCUIT,3048,1087,9,6,1946,101,75,8,6,12,2947,1012,1,1934
2011-09-30,GEORGIA NORTHERN,GEORGIA,ELEVENTH CIRCUIT,13064,7238,60,2,5764,392,315,53,2,22,12672,6923,7,5742
2011-09-30,GEORGIA SOUTHERN,GEORGIA,ELEVENTH CIRCUIT,2600,520,12,1,2066,59,37,11,1,9,2541,483,1,2057
2011-09-30,GUAM,GUAM,NINTH CIRCUIT,39,32,0,0,7,6,5,0,0,1,33,27,0,6
2011-09-30,HAWAII,HAWAII,NINTH CIRCUIT,775,637,3,1,134,48,42,3,1,2,727,595,0,132
2011-09-30,IDAHO,IDAHO,NINTH CIRCUIT,1908,1692,11,5,200,75,61,9,5,0,1833,1631,2,200
2011-09-30,ILLINOIS CENTRAL,ILLINOIS,SEVENTH CIRCUIT,2077,1656,3,0,418,44,37,3,0,4,2033,1619,0,414
2011-09-30,ILLINOIS NORTHERN,ILLINOIS,SEVENTH CIRCUIT,14171,10167,69,0,3935,421,350,59,0,12,13750,9817,10,3923
2011-09-30,ILLINOIS SOUTHERN,ILLINOIS,SEVENTH CIRCUIT,1325,842,1,0,482,21,19,1,0,1,1304,823,0,481
2011-09-30,INDIANA NORTHERN,INDIANA,SEVENTH CIRCUIT,4028,3127,10,1,890,70,51,10,1,8,3958,3076,0,882
2011-09-30,INDIANA SOUTHERN,INDIANA,SEVENTH CIRCUIT,5954,4236,18,1,1699,117,90,18,1,8,5837,4146,0,1691
2011-09-30,IOWA NORTHERN,IOWA,EIGHTH CIRCUIT,691,654,3,1,33,36,32,3,1,0,655,622,0,33
2011-09-30,IOWA SOUTHERN,IOWA,EIGHTH CIRCUIT,1230,1092,3,2,133,47,41,3,2,1,1183,1051,0,132
2011-09-30,KANSAS,KANSAS,TENTH CIRCUIT,2715,1829,15,9,862,92,58,14,9,11,2623,1771,1,851
2011-09-30,KENTUCKY EASTERN,KENTUCKY,SIXTH CIRCUIT,2599,1943,7,1,648,68,53,6,1,8,2531,1890,1,640
2011-09-30,KENTUCKY WESTERN,KENTUCKY,SIXTH CIRCUIT,2787,1999,11,0,777,58,43,11,0,4,2729,1956,0,773
2011-09-30,LOUISIANA EASTERN,LOUISIANA,FIFTH CIRCUIT,1118,613,9,0,496,64,52,9,0,3,1054,561,0,493
2011-09-30,LOUISIANA MIDDLE,LOUISIANA,FIFTH CIRCUIT,527,268,2,0,257,22,20,1,0,1,505,248,1,256
2011-09-30,LOUISIANA WESTERN,LOUISIANA,FIFTH CIRCUIT,3043,760,8,5,2270,78,37,7,5,29,2965,723,1,2241
2011-09-30,MAINE,MAINE,FIRST CIRCUIT,920,787,12,1,120,55,40,10,1,4,865,747,2,116
2011-09-30,MARYLAND,MARYLAND,FOURTH CIRCUIT,6082,4832,46,0,1204,159,114,36,0,9,5923,4718,10,1195
2011-09-30,MASSACHUSETTS,MASSACHUSETTS,FIRST CIRCUIT,4961,3725,42,11,1183,110,71,28,11,0,4851,3654,14,1183
2011-09-30,MICHIGAN EASTERN,MICHIGAN,SIXTH CIRCUIT,10219,8440,39,2,1738,271,216,36,2,17,9948,8224,3,1721
2011-09-30,MICHIGAN WESTERN,MICHIGAN,SIXTH CIRCUIT,3037,2579,5,0,453,115,101,5,0,9,2922,2478,0,444
2011-09-30,MINNESOTA,MINNESOTA,EIGHTH CIRCUIT,4470,3740,26,2,702,187,148,25,2,12,4283,3592,1,690
2011-09-30,MISSISSIPPI NORTHERN,MISSISSIPPI,FIFTH CIRCUIT,1613,733,10,1,869,40,22,10,1,7,1573,711,0,862
2011-09-30,MISSISSIPPI SOUTHERN,MISSISSIPPI,FIFTH CIRCUIT,1932,1068,14,0,850,63,43,14,0,6,1869,1025,0,844
2011-09-30,MISSOURI EASTERN,MISSOURI,EIGHTH CIRCUIT,4234,3091,8,0,1135,81,68,6,0,7,4153,3023,2,1128
2011-09-30,MISSOURI WESTERN,MISSOURI,EIGHTH CIRCUIT,3398,2474,19,2,903,98,73,18,2,5,3300,2401,1,898
2011-09-30,MONTANA,MONTANA,NINTH CIRCUIT,644,545,5,1,93,30,21,4,1,4,614,524,1,89
2011-09-30,NEBRASKA,NEBRASKA,EIGHTH CIRCUIT,1604,1107,10,2,483,56,38,10,2,4,1548,1069,0,479
2011-09-30,NEVADA,NEVADA,NINTH CIRCUIT,6193,4802,117,3,1271,255,166,79,3,7,5938,4636,38,1264
2011-09-30,NEW HAMPSHIRE,NEW HAMPSHIRE,FIRST CIRCUIT,1147,844,11,0,292,120,79,10,0,31,1027,765,1,261
2011-09-30,NEW JERSEY,NEW JERSEY,THIRD CIRCUIT,9001,7038,74,0,1889,295,204,68,0,23,8706,6834,6,1866
2011-09-30,NEW MEXICO,NEW MEXICO,TENTH CIRCUIT,1321,1201,17,1,102,58,40,15,1,2,1263,1161,2,100
2011-09-30,NEW YORK EASTERN,NEW YORK,SECOND CIRCUIT,4944,4443,82,0,419,187,103,77,0,7,4757,4340,5,412
2011-09-30,NEW YORK NORTHERN,NEW YORK,SECOND CIRCUIT,2278,1813,8,0,457,55,37,7,0,11,2223,1776,1,446
2011-09-30,NEW YORK SOUTHERN,NEW YORK,SECOND CIRCUIT,2978,2434,111,0,431,195,83,105,0,5,2783,2351,6,426
2011-09-30,NEW YORK WESTERN,NEW YORK,SECOND CIRCUIT,1714,1249,13,0,452,59,33,13,0,13,1655,1216,0,439
2011-09-30,NORTH CAROLINA EASTERN,NORTH CAROLINA,FOURTH CIRCUIT,2472,815,45,1,1611,114,62,44,1,7,2358,753,1,1604
2011-09-30,NORTH CAROLINA MIDDLE,NORTH CAROLINA,FOURTH CIRCUIT,1520,721,16,0,783,73,51,15,0,7,1447,670,1,776
2011-09-30,NORTH CAROLINA WESTERN,NORTH CAROLINA,FOURTH CIRCUIT,1814,1216,28,3,567,93,62,25,3,3,1721,1154,3,564
2011-09-30,NORTH DAKOTA,NORTH DAKOTA,EIGHTH CIRCUIT,296,255,1,0,40,6,5,1,0,0,290,250,0,40
2011-09-30,NORTHERN MARIANAS,NORTHERN MARIANA ISLANDS,NINTH CIRCUIT,0,0,0,0,0,0,0,0,0,0,0,0,0,0
2011-09-30,OHIO NORTHERN,OHIO,SIXTH CIRCUIT,7524,6110,24,1,1389,177,135,22,1,19,7347,5975,2,1370
2011-09-30,OHIO SOUTHERN,OHIO,SIXTH CIRCUIT,6691,4643,17,6,2025,168,128,17,6,17,6523,4515,0,2008
2011-09-30,OKLAHOMA EASTERN,OKLAHOMA,TENTH CIRCUIT,585,530,1,1,53,14,12,1,1,0,571,518,0,53
2011-09-30,OKLAHOMA NORTHERN,OKLAHOMA,TENTH CIRCUIT,969,870,3,0,96,36,30,3,0,3,933,840,0,93
2011-09-30,OKLAHOMA WESTERN,OKLAHOMA,TENTH CIRCUIT,1856,1416,4,3,433,54,44,4,3,3,1802,1372,0,430
2011-09-30,OREGON,OREGON,NINTH CIRCUIT,4444,3466,13,4,961,117,90,12,4,11,4327,3376,1,950
2011-09-30,PENNSYLVANIA EASTERN,PENNSYLVANIA,THIRD CIRCUIT,3276,2155,32,2,1087,127,79,30,2,16,3149,2076,2,1071
2011-09-30,PENNSYLVANIA MIDDLE,PENNSYLVANIA,THIRD CIRCUIT,2065,1436,12,1,616,63,34,12,1,16,2002,1402,0,600
2011-09-30,PENNSYLVANIA WESTERN,PENNSYLVANIA,THIRD CIRCUIT,2826,2083,32,1,710,107,67,28,1,11,2719,2016,4,699
2011-09-30,PUERTO RICO,PUERTO RICO,FIRST CIRCUIT,2943,1044,55,13,1831,138,56,47,13,22,2805,988,8,1809
2011-09-30,RHODE ISLAND,RHODE ISLAND,FIRST CIRCUIT,1177,954,3,0,219,27,20,3,0,3,1150,934,0,216
2011-09-30,SOUTH CAROLINA,SOUTH CAROLINA,FOURTH CIRCUIT,1941,926,25,1,989,108,78,19,1,10,1833,848,6,979
2011-09-30,SOUTH DAKOTA,SOUTH DAKOTA,EIGHTH CIRCUIT,456,410,6,3,37,28,16,6,3,3,428,394,0,34
2011-09-30,TENNESSEE EASTERN,TENNESSEE,SIXTH CIRCUIT,4026,2250,10,3,1763,70,55,9,3,3,3956,2195,1,1760
2011-09-30,TENNESSEE MIDDLE,TENNESSEE,SIXTH CIRCUIT,3416,1938,25,0,1453,93,74,16,0,3,3323,1864,9,1450
2011-09-30,TENNESSEE WESTERN,TENNESSEE,SIXTH CIRCUIT,4763,1223,12,2,3526,68,47,12,2,7,4695,1176,0,3519
2011-09-30,TEXAS EASTERN,TEXAS,FIFTH CIRCUIT,1713,822,28,3,860,127,91,28,3,5,1586,731,0,855
2011-09-30,TEXAS NORTHERN,TEXAS,FIFTH CIRCUIT,4604,2058,63,3,2480,295,198,60,3,34,4309,1860,3,2446
2011-09-30,TEXAS SOUTHERN,TEXAS,FIFTH CIRCUIT,3680,1442,80,0,2157,260,158,76,0,26,3420,1284,4,2131
2011-09-30,TEXAS WESTERN,TEXAS,FIFTH CIRCUIT,3039,1514,49,0,1475,194,129,44,0,20,2845,1385,5,1455
2011-09-30,UTAH,UTAH,TENTH CIRCUIT,4625,3128,22,1,1474,152,119,21,1,11,4473,3009,1,1463
2011-09-30,VERMONT,VERMONT,SECOND CIRCUIT,251,202,0,1,48,6,5,0,1,0,245,197,0,48
2011-09-30,VIRGIN ISLANDS,VIRGIN ISLANDS,THIRD CIRCUIT,8,8,0,0,0,8,8,0,0,0,0,0,0,0
2011-09-30,VIRGINIA EASTERN,VIRGINIA,FOURTH CIRCUIT,6369,4100,43,0,2226,165,120,36,0,9,6204,3980,7,2217
2011-09-30,VIRGINIA WESTERN,VIRGINIA,FOURTH CIRCUIT,1902,1317,5,1,579,42,34,5,1,2,1860,1283,0,577
2011-09-30,WASHINGTON EASTERN,WASHINGTON,NINTH CIRCUIT,1597,1266,11,1,319,50,33,11,1,5,1547,1233,0,314
2011-09-30,WASHINGTON WESTERN,WASHINGTON,NINTH CIRCUIT,6361,4980,54,1,1325,215,160,42,1,11,6146,4820,12,1314
2011-09-30,WEST VIRGINIA NORTHERN,WEST VIRGINIA,FOURTH CIRCUIT,542,475,3,1,63,20,11,2,1,6,522,464,1,57
2011-09-30,WEST VIRGINIA SOUTHERN,WEST VIRGINIA,FOURTH CIRCUIT,620,539,3,1,77,20,15,3,1,1,600,524,0,76
2011-09-30,WISCONSIN EASTERN,WISCONSIN,SEVENTH CIRCUIT,4703,3502,10,5,1186,117,91,9,5,12,4586,3411,1,1174
2011-09-30,WISCONSIN WESTERN,WISCONSIN,SEVENTH CIRCUIT,1854,1557,8,4,285,71,46,7,4,14,1783,1511,1,271
2011-09-30,WYOMING,WYOMING,TENTH CIRCUIT,361,296,7,0,58,22,14,7,0,1,339,282,0,57
2011-12-31,ALABAMA MIDDLE,ALABAMA,ELEVENTH CIRCUIT,1956,421,9,1,1525,45,32,9,1,3,1911,389,0,1522
2011-12-31,ALABAMA NORTHERN,ALABAMA,ELEVENTH CIRCUIT,3929,1696,11,1,2220,70,56,8,1,4,3859,1640,3,2216
2011-12-31,ALABAMA SOUTHERN,ALABAMA,ELEVENTH CIRCUIT,1278,375,8,0,895,24,17,7,0,0,1254,358,1,895
2011-12-31,ALASKA,ALASKA,NINTH CIRCUIT,242,207,1,0,34,13,10,1,0,2,229,197,0,32
2011-12-31,ARIZONA,ARIZONA,NINTH CIRCUIT,7434,6233,115,2,1083,323,223,87,2,10,7111,6010,28,1073
2011-12-31,ARKANSAS EASTERN,ARKANSAS,EIGHTH CIRCUIT,1905,862,6,1,1036,42,33,6,1,2,1863,829,0,1034
2011-12-31,ARKANSAS WESTERN,ARKANSAS,EIGHTH CIRCUIT,1241,767,6,4,463,51,35,6,4,5,1190,732,0,458
2011-12-31,CALIFORNIA CENTRAL,CALIFORNIA,NINTH CIRCUIT,29107,21518,247,2,7340,920,720,154,2,44,28187,20798,93,7296
2011-12-31,CALIFORNIA EASTERN,CALIFORNIA,NINTH CIRCUIT,10392,8118,59,9,2206,307,217,44,9,37,10085,7901,15,2169
2011-12-31,CALIFORNIA NORTHERN,CALIFORNIA,NINTH CIRCUIT,7904,4816,74,7,3005,297,203,44,7,41,7607,4613,30,2964
2011-12-31,CALIFORNIA SOUTHERN,CALIFORNIA,NINTH CIRCUIT,4681,3692,32,0,957,136,107,16,0,13,4545,3585,16,944
2011-12-31,COLORADO,COLORADO,TENTH CIRCUIT,6780,5576,32,0,1172,266,220,31,0,15,6514,5356,1,1157
2011-12-31,CONNECTICUT,CONNECTICUT,SECOND CIRCUIT,2049,1808,36,1,204,86,51,28,1,6,1963,1757,8,198
2011-12-31,DELAWARE,DELAWARE,THIRD CIRCUIT,1071,587,206,2,275,226,14,206,2,3,845,573,0,272
2011-12-31,DISTRICT OF COLUMBIA,DISTRICT OF COLUMBIA,DC CIRCUIT,232,177,10,0,45,20,11,9,0,0,212,166,1,45
2011-12-31,FLORIDA MIDDLE,FLORIDA,ELEVENTH CIRCUIT,11975,8666,129,3,3177,537,384,108,3,42,11438,8282,21,3135
2011-12-31,FLORIDA NORTHERN,FLORIDA,ELEVENTH CIRCUIT,908,754,20,0,134,86,66,17,0,3,822,688,3,131
2011-12-31,FLORIDA SOUTHERN,FLORIDA,ELEVENTH CIRCUIT,8438,6083,75,0,2280,289,210,66,0,13,8149,5873,9,2267
2011-12-31,GEORGIA MIDDLE,GEORGIA,ELEVENTH CIRCUIT,2751,949,9,7,1786,99,69,9,7,14,2652,880,0,1772
2011-12-31,GEORGIA NORTHERN,GEORGIA,ELEVENTH CIRCUIT,12688,6503,78,4,6102,398,305,72,4,16,12290,6198,6,6086
2011-12-31,GEORGIA SOUTHERN,GEORGIA,ELEVENTH CIRCUIT,2340,498,26,2,1814,64,30,26,2,6,2276,468,0,1808
2011-12-31,GUAM,GUAM,NINTH CIRCUIT,19,11,0,0,8,0,0,0,0,0,19,11,0,8
2011-12-31,HAWAII,HAWAII,NINTH CIRCUIT,721,552,1,1,167,36,29,1,1,5,685,523,0,162
2011-12-31,IDAHO,IDAHO,NINTH CIRCUIT,1707,1471,10,3,223,82,70,8,3,1,1625,1401,2,222
2011-12-31,ILLINOIS CENTRAL,ILLINOIS,SEVENTH CIRCUIT,1934,1482,4,0,448,51,44,4,0,3,1883,1438,0,445
2011-12-31,ILLINOIS NORTHERN,ILLINOIS,SEVENTH CIRCUIT,13633,9610,81,0,3942,478,386,76,0,16,13155,9224,5,3926
2011-12-31,ILLINOIS SOUTHERN,ILLINOIS,SEVENTH CIRCUIT,1166,699,3,0,464,27,20,3,0,4,1139,679,0,460
2011-12-31,INDIANA NORTHERN,INDIANA,SEVENTH CIRCUIT,3209,2370,6,0,833,48,37,6,0,5,3161,2333,0,828
2011-12-31,INDIANA SOUTHERN,INDIANA,SEVENTH CIRCUIT,4865,3349,20,0,1496,113,84,19,0,10,4752,3265,1,1486
2011-12-31,IOWA NORTHERN,IOWA,EIGHTH CIRCUIT,621,575,4,0,42,42,38,4,0,0,579,537,0,42
2011-12-31,IOWA SOUTHERN,IOWA,EIGHTH CIRCUIT,1074,946,5,1,122,63,55,5,1,2,1011,891,0,120
2011-12-31,KANSAS,KANSAS,TENTH CIRCUIT,2187,1432,7,7,741,49,28,7,7,7,2138,1404,0,734
2011-12-31,KENTUCKY EASTERN,KENTUCKY,SIXTH CIRCUIT,2431,1819,10,1,601,64,50,8,1,5,2367,1769,2,596
2011-12-31,KENTUCKY WESTERN,KENTUCKY,SIXTH CIRCUIT,2574,1840,8,2,724,72,60,7,2,3,2502,1780,1,721
2011-12-31,LOUISIANA EASTERN,LOUISIANA,FIFTH CIRCUIT,1004,513,11,0,480,63,53,8,0,2,941,460,3,478
2011-12-31,LOUISIANA MIDDLE,LOUISIANA,FIFTH CIRCUIT,449,226,4,1,218,27,21,4,1,1,422,205,0,217
2011-12-31,LOUISIANA WESTERN,LOUISIANA,FIFTH CIRCUIT,2477,545,12,3,1917,59,28,12,3,16,2418,517,0,1901
2011-12-31,MAINE,MAINE,FIRST CIRCUIT,741,636,5,1,99,57,45,5,1,6,684,591,0,93
2011-12-31,MARYLAND,MARYLAND,FOURTH CIRCUIT,5641,4455,47,3,1136,147,97,37,3,10,5494,4358,10,1126
2011-12-31,MASSACHUSETTS,MASSACHUSETTS,FIRST CIRCUIT,4461,3252,53,7,1149,113,71,33,7,2,4348,3181,20,1147
2011-12-31,MICHIGAN EASTERN,MICHIGAN,SIXTH CIRCUIT,9330,7595,44,3,1688,235,174,41,3,17,9095,7421,3,1671
2011-12-31,MICHIGAN WESTERN,MICHIGAN,SIXTH CIRCUIT,2951,2470,11,1,469,115,96,10,1,8,2836,2374,1,461
2011-12-31,MINNESOTA,MINNESOTA,EIGHTH CIRCUIT,4459,3701,13,1,744,155,132,12,1,10,4304,3569,1,734
2011-12-31,MISSISSIPPI NORTHERN,MISSISSIPPI,FIFTH CIRCUIT,1454,662,9,0,783,36,22,9,0,5,1418,640,0,778
2011-12-31,MISSISSIPPI SOUTHERN,MISSISSIPPI,FIFTH CIRCUIT,1776,985,11,0,780,54,41,11,0,2,1722,944,0,778
2011-12-31,MISSOURI EASTERN,MISSOURI,EIGHTH CIRCUIT,3331,2351,9,0,971,61,51,9,0,1,3270,2300,0,970
2011-12-31,MISSOURI WESTERN,MISSOURI,EIGHTH CIRCUIT,2909,2006,28,1,874,89,55,27,1,6,2820,1951,1,868
2011-12-31,MONTANA,MONTANA,NINTH CIRCUIT,470,380,11,2,77,30,16,10,2,2,440,364,1,75
2011-12-31,NEBRASKA,NEBRASKA,EIGHTH CIRCUIT,1402,951,3,2,445,42,35,3,2,1,1360,916,0,444
2011-12-31,NEVADA,NEVADA,NINTH CIRCUIT,5168,4017,92,0,1059,195,128,57,0,10,4973,3889,35,1049
2011-12-31,NEW HAMPSHIRE,NEW HAMPSHIRE,FIRST CIRCUIT,1080,802,9,0,269,84,48,8,0,28,996,754,1,241
2011-12-31,NEW JERSEY,NEW JERSEY,THIRD CIRCUIT,8377,6503,79,0,1795,296,203,73,0,20,8081,6300,6,1775
2011-12-31,NEW MEXICO,NEW MEXICO,TENTH CIRCUIT,1259,1119,8,0,132,43,35,5,0,3,1216,1084,3,129
2011-12-31,NEW YORK EASTERN,NEW YORK,SECOND CIRCUIT,4643,4200,42,0,401,146,104,37,0,5,4497,4096,5,396
2011-12-31,NEW YORK NORTHERN,NEW YORK,SECOND CIRCUIT,2074,1608,9,4,453,69,47,9,4,9,2005,1561,0,444
2011-12-31,NEW YORK SOUTHERN,NEW YORK,SECOND CIRCUIT,2745,2180,159,1,403,233,73,153,1,4,2512,2107,6,399
2011-12-31,NEW YORK WESTERN,NEW YORK,SECOND CIRCUIT,1565,1107,5,0,453,73,58,5,0,10,1492,1049,0,443
2011-12-31,NORTH CAROLINA EASTERN,NORTH CAROLINA,FOURTH CIRCUIT,2369,758,34,1,1576,116,71,30,1,14,2253,687,4,1562
2011-12-31,NORTH CAROLINA MIDDLE,NORTH CAROLINA,FOURTH CIRCUIT,1467,667,4,0,796,68,59,3,0,6,1399,608,1,790
2011-12-31,NORTH CAROLINA WESTERN,NORTH CAROLINA,FOURTH CIRCUIT,1705,1142,27,1,535,103,70,26,1,6,1602,1072,1,529
2011-12-31,NORTH DAKOTA,NORTH DAKOTA,EIGHTH CIRCUIT,292,252,1,0,39,7,6,1,0,0,285,246,0,39
2011-12-31,NORTHERN MARIANAS,NORTHERN MARIANA ISLANDS,NINTH CIRCUIT,0,0,0,0,0,0,0,0,0,0,0,0,0,0
2011-12-31,OHIO NORTHERN,OHIO,SIXTH CIRCUIT,6698,5364,14,0,1320,161,132,14,0,15,6537,5232,0,1305
2011-12-31,OHIO SOUTHERN,OHIO,SIXTH CIRCUIT,6240,4199,9,1,2031,136,114,7,1,14,6104,4085,2,2017
2011-12-31,OKLAHOMA EASTERN,OKLAHOMA,TENTH CIRCUIT,445,389,1,0,55,12,9,1,0,2,433,380,0,53
2011-12-31,OKLAHOMA NORTHERN,OKLAHOMA,TENTH CIRCUIT,876,775,3,1,97,41,35,3,1,2,835,740,0,95
2011-12-31,OKLAHOMA WESTERN,OKLAHOMA,TENTH CIRCUIT,1625,1236,5,2,382,50,39,5,2,4,1575,1197,0,378
2011-12-31,OREGON,OREGON,NINTH CIRCUIT,3919,3043,10,1,865,126,98,10,1,17,3793,2945,0,848
2011-12-31,PENNSYLVANIA EASTERN,PENNSYLVANIA,THIRD CIRCUIT,2979,2027,22,1,929,128,87,21,1,19,2851,1940,1,910
2011-12-31,PENNSYLVANIA MIDDLE,PENNSYLVANIA,THIRD CIRCUIT,1861,1314,11,1,534,60,38,10,1,10,1801,1276,1,524
2011-12-31,PENNSYLVANIA WESTERN,PENNSYLVANIA,THIRD CIRCUIT,2430,1734,33,2,661,102,57,29,2,14,2328,1677,4,647
2011-12-31,PUERTO RICO,PUERTO RICO,FIRST CIRCUIT,2784,966,68,9,1741,136,41,62,9,24,2648,925,6,1717
2011-12-31,RHODE ISLAND,RHODE ISLAND,FIRST CIRCUIT,988,796,4,0,188,37,30,4,0,3,951,766,0,185
2011-12-31,SOUTH CAROLINA,SOUTH CAROLINA,FOURTH CIRCUIT,1947,844,27,0,1075,85,62,21,0,1,1862,782,6,1074
2011-12-31,SOUTH DAKOTA,SOUTH DAKOTA,EIGHTH CIRCUIT,404,362,4,1,37,24,18,4,1,1,380,344,0,36
2011-12-31,TENNESSEE EASTERN,TENNESSEE,SIXTH CIRCUIT,3551,1959,25,2,1565,98,69,21,2,6,3453,1890,4,1559
2011-12-31,TENNESSEE MIDDLE,TENNESSEE,SIXTH CIRCUIT,2991,1658,27,0,1306,76,57,16,0,3,2915,1601,11,1303
2011-12-31,TENNESSEE WESTERN,TENNESSEE,SIXTH CIRCUIT,4441,1132,5,0,3304,38,31,5,0,2,4403,1101,0,3302
2011-12-31,TEXAS EASTERN,TEXAS,FIFTH CIRCUIT,1584,726,30,0,828,119,78,29,0,12,1465,648,1,816
2011-12-31,TEXAS NORTHERN,TEXAS,FIFTH CIRCUIT,4314,1770,65,1,2478,254,163,63,1,27,4060,1607,2,2451
2011-12-31,TEXAS SOUTHERN,TEXAS,FIFTH CIRCUIT,3634,1322,66,0,2246,250,160,62,0,28,3384,1162,4,2218
2011-12-31,TEXAS WESTERN,TEXAS,FIFTH CIRCUIT,2906,1374,38,1,1493,205,146,35,1,23,2701,1228,3,1470
2011-12-31,UTAH,UTAH,TENTH CIRCUIT,3862,2460,27,0,1375,137,102,27,0,8,3725,2358,0,1367
2011-12-31,VERMONT,VERMONT,SECOND CIRCUIT,256,198,1,0,57,18,12,1,0,5,238,186,0,52
2011-12-31,VIRGIN ISLANDS,VIRGIN ISLANDS,THIRD CIRCUIT,10,5,1,0,4,1,0,0,0,1,9,5,1,3
2011-12-31,VIRGINIA EASTERN,VIRGINIA,FOURTH CIRCUIT,5921,3772,29,0,2120,150,119,25,0,6,5771,3653,4,2114
2011-12-31,VIRGINIA WESTERN,VIRGINIA,FOURTH CIRCUIT,1739,1164,9,0,566,42,31,9,0,2,1697,1133,0,564
2011-12-31,WASHINGTON EASTERN,WASHINGTON,NINTH CIRCUIT,1425,1099,2,0,324,43,34,2,0,7,1382,1065,0,317
2011-12-31,WASHINGTON WESTERN,WASHINGTON,NINTH CIRCUIT,5756,4528,66,1,1161,236,162,56,1,17,5520,4366,10,1144
2011-12-31,WEST VIRGINIA NORTHERN,WEST VIRGINIA,FOURTH CIRCUIT,434,369,1,0,64,19,18,1,0,0,415,351,0,64
2011-12-31,WEST VIRGINIA SOUTHERN,WEST VIRGINIA,FOURTH CIRCUIT,567,478,12,0,77,22,9,12,0,1,545,469,0,76
2011-12-31,WISCONSIN EASTERN,WISCONSIN,SEVENTH CIRCUIT,4119,2932,6,5,1176,104,81,6,5,12,4015,2851,0,1164
2011-12-31,WISCONSIN WESTERN,WISCONSIN,SEVENTH CIRCUIT,1740,1467,13,5,255,80,58,11,5,6,1660,1409,2,249
2011-12-31,WYOMING,WYOMING,TENTH CIRCUIT,288,231,1,0,56,19,15,1,0,3,269,216,0,53
2012-03-31,ALABAMA MIDDLE,ALABAMA,ELEVENTH CIRCUIT,1857,562,7,0,1288,33,23,7,0,3,1824,539,0,1285
2012-03-31,ALABAMA NORTHERN,ALABAMA,ELEVENTH CIRCUIT,4007,2128,12,1,1865,78,64,9,1,3,3929,2064,3,1862
2012-03-31,ALABAMA SOUTHERN,ALABAMA,ELEVENTH CIRCUIT,1210,407,12,0,791,29,17,10,0,2,1181,390,2,789
2012-03-31,ALASKA,ALASKA,NINTH CIRCUIT,226,185,0,0,41,7,6,0,0,1,219,179,0,40
2012-03-31,ARIZONA,ARIZONA,NINTH CIRCUIT,7063,5993,142,1,927,325,198,112,1,14,6738,5795,30,913
2012-03-31,ARKANSAS EASTERN,ARKANSAS,EIGHTH CIRCUIT,2060,1093,6,2,959,52,40,6,2,4,2008,1053,0,955
2012-03-31,ARKANSAS WESTERN,ARKANSAS,EIGHTH CIRCUIT,1388,902,4,0,482,51,33,4,0,14,1337,869,0,468
2012-03-31,CALIFORNIA CENTRAL,CALIFORNIA,NINTH CIRCUIT,29575,22497,264,3,6811,1015,798,166,3,48,28560,21699,98,6763
2012-03-31,CALIFORNIA EASTERN,CALIFORNIA,NINTH CIRCUIT,10530,8295,40,6,2189,280,208,27,6,39,10250,8087,13,2150
2012-03-31,CALIFORNIA NORTHERN,CALIFORNIA,NINTH CIRCUIT,7483,4562,63,6,2852,303,209,38,6,50,7180,4353,25,2802
2012-03-31,CALIFORNIA SOUTHERN,CALIFORNIA,NINTH CIRCUIT,4876,3815,35,0,1026,128,92,21,0,15,4748,3723,14,1011
2012-03-31,COLORADO,COLORADO,TENTH CIRCUIT,6470,5312,27,0,1131,219,182,25,0,12,6251,5130,2,1119
2012-03-31,CONNECTICUT,CONNECTICUT,SECOND CIRCUIT,2199,1896,30,3,270,93,61,19,3,10,2106,1835,11,260
2012-03-31,DELAWARE,DELAWARE,THIRD CIRCUIT,1144,640,155,1,300,242,35,155,1,3,902,605,0,297
2012-03-31,DISTRICT OF COLUMBIA,DISTRICT OF COLUMBIA,DC CIRCUIT,251,210,7,0,34,12,6,6,0,0,239,204,1,34
2012-03-31,FLORIDA MIDDLE,FLORIDA,ELEVENTH CIRCUIT,11799,8508,141,7,3143,493,324,121,7,41,11306,8184,20,3102
2012-03-31,FLORIDA NORTHERN,FLORIDA,ELEVENTH CIRCUIT,986,826,18,0,142,78,57,16,0,5,908,769,2,137
2012-03-31,FLORIDA SOUTHERN,FLORIDA,ELEVENTH CIRCUIT,8268,5749,85,0,2434,277,191,77,0,9,7991,5558,8,2425
2012-03-31,GEORGIA MIDDLE,GEORGIA,ELEVENTH CIRCUIT,2612,1160,10,5,1437,86,58,8,5,15,2526,1102,2,1422
2012-03-31,GEORGIA NORTHERN,GEORGIA,ELEVENTH CIRCUIT,12008,7255,64,4,4685,392,317,58,4,13,11616,6938,6,4672
2012-03-31,GEORGIA SOUTHERN,GEORGIA,ELEVENTH CIRCUIT,2160,627,19,3,1511,55,29,19,3,4,2105,598,0,1507
2012-03-31,GUAM,GUAM,NINTH CIRCUIT,36,31,0,0,5,2,2,0,0,0,34,29,0,5
2012-03-31,HAWAII,HAWAII,NINTH CIRCUIT,709,543,5,2,159,20,14,3,2,1,689,529,2,158
2012-03-31,IDAHO,IDAHO,NINTH CIRCUIT,1513,1335,8,3,167,60,45,7,3,5,1453,1290,1,162
2012-03-31,ILLINOIS CENTRAL,ILLINOIS,SEVENTH CIRCUIT,2113,1760,2,1,350,42,37,2,1,2,2071,1723,0,348
2012-03-31,ILLINOIS NORTHERN,ILLINOIS,SEVENTH CIRCUIT,15031,10861,113,0,4057,478,360,106,0,12,14553,10501,7,4045
2012-03-31,ILLINOIS SOUTHERN,ILLINOIS,SEVENTH CIRCUIT,1263,846,3,0,414,27,19,3,0,5,1236,827,0,409
2012-03-31,INDIANA NORTHERN,INDIANA,SEVENTH CIRCUIT,3656,2842,6,2,806,47,29,6,2,10,3609,2813,0,796
2012-03-31,INDIANA SOUTHERN,INDIANA,SEVENTH CIRCUIT,5408,3861,18,1,1528,102,78,16,1,7,5306,3783,2,1521
2012-03-31,IOWA NORTHERN,IOWA,EIGHTH CIRCUIT,630,588,2,2,38,23,19,2,2,0,607,569,0,38
2012-03-31,IOWA SOUTHERN,IOWA,EIGHTH CIRCUIT,1060,952,1,1,106,41,36,1,1,3,1019,916,0,103
2012-03-31,KANSAS,KANSAS,TENTH CIRCUIT,2160,1439,21,0,700,70,41,19,0,10,2090,1398,2,690
2012-03-31,KENTUCKY EASTERN,KENTUCKY,SIXTH CIRCUIT,2691,2022,6,2,661,37,28,6,2,1,2654,1994,0,660
2012-03-31,KENTUCKY WESTERN,KENTUCKY,SIXTH CIRCUIT,2911,2209,11,1,690,66,51,10,1,4,2845,2158,1,686
2012-03-31,LOUISIANA EASTERN,LOUISIANA,FIFTH CIRCUIT,1027,538,9,0,480,60,46,9,0,5,967,492,0,475
2012-03-31,LOUISIANA MIDDLE,LOUISIANA,FIFTH CIRCUIT,490,266,7,0,217,19,12,7,0,0,471,254,0,217
2012-03-31,LOUISIANA WESTERN,LOUISIANA,FIFTH CIRCUIT,2508,705,8,3,1792,70,33,8,3,26,2438,672,0,1766
2012-03-31,MAINE,MAINE,FIRST CIRCUIT,745,636,5,1,103,46,32,5,1,8,699,604,0,95
2012-03-31,MARYLAND,MARYLAND,FOURTH CIRCUIT,6309,5148,48,0,1113,169,124,35,0,10,6140,5024,13,1103
2012-03-31,MASSACHUSETTS,MASSACHUSETTS,FIRST CIRCUIT,4593,3335,50,10,1197,132,73,38,10,10,4461,3262,12,1187
2012-03-31,MICHIGAN EASTERN,MICHIGAN,SIXTH CIRCUIT,11186,9368,69,1,1744,266,175,63,1,23,10920,9193,6,1721
2012-03-31,MICHIGAN WESTERN,MICHIGAN,SIXTH CIRCUIT,3420,2981,10,2,427,110,86,10,2,12,3310,2895,0,415
2012-03-31,MINNESOTA,MINNESOTA,EIGHTH CIRCUIT,4511,3738,11,4,758,156,129,10,4,13,4355,3609,1,745
2012-03-31,MISSISSIPPI NORTHERN,MISSISSIPPI,FIFTH CIRCUIT,1442,771,7,0,664,29,22,7,0,0,1413,749,0,664
2012-03-31,MISSISSIPPI SOUTHERN,MISSISSIPPI,FIFTH CIRCUIT,1919,1119,17,0,783,68,48,17,0,3,1851,1071,0,780
2012-03-31,MISSOURI EASTERN,MISSOURI,EIGHTH CIRCUIT,3684,2745,8,0,931,73,62,7,0,4,3611,2683,1,927
2012-03-31,MISSOURI WESTERN,MISSOURI,EIGHTH CIRCUIT,2882,2038,22,1,821,86,59,21,1,5,2796,1979,1,816
2012-03-31,MONTANA,MONTANA,NINTH CIRCUIT,548,444,8,0,96,38,21,8,0,9,510,423,0,87
2012-03-31,NEBRASKA,NEBRASKA,EIGHTH CIRCUIT,1459,1046,7,3,402,49,31,7,3,7,1410,1015,0,395
2012-03-31,NEVADA,NEVADA,NINTH CIRCUIT,4820,3819,97,0,903,174,104,61,0,8,4646,3715,36,895
2012-03-31,NEW HAMPSHIRE,NEW HAMPSHIRE,FIRST CIRCUIT,1103,835,6,0,262,96,62,6,0,28,1007,773,0,234
2012-03-31,NEW JERSEY,NEW JERSEY,THIRD CIRCUIT,8936,7011,95,0,1830,301,198,83,0,20,8635,6813,12,1810
2012-03-31,NEW MEXICO,NEW MEXICO,TENTH CIRCUIT,1289,1171,12,1,105,54,42,10,1,1,1235,1129,2,104
2012-03-31,NEW YORK EASTERN,NEW YORK,SECOND CIRCUIT,4442,3987,81,0,374,185,102,77,0,6,4257,3885,4,368
2012-03-31,NEW YORK NORTHERN,NEW YORK,SECOND CIRCUIT,2172,1735,9,5,423,55,31,9,5,10,2117,1704,0,413
2012-03-31,NEW YORK SOUTHERN,NEW YORK,SECOND CIRCUIT,2872,2228,240,0,380,360,91,238,0,7,2512,2137,2,373
2012-03-31,NEW YORK WESTERN,NEW YORK,SECOND CIRCUIT,1613,1170,10,1,432,60,40,10,1,9,1553,1130,0,423
2012-03-31,NORTH CAROLINA EASTERN,NORTH CAROLINA,FOURTH CIRCUIT,2542,822,56,3,1661,132,63,51,3,15,2410,759,5,1646
2012-03-31,NORTH CAROLINA MIDDLE,NORTH CAROLINA,FOURTH CIRCUIT,1465,692,4,0,769,54,46,4,0,4,1411,646,0,765
2012-03-31,NORTH CAROLINA WESTERN,NORTH CAROLINA,FOURTH CIRCUIT,1783,1140,27,3,613,86,52,24,3,7,1697,1088,3,606
2012-03-31,NORTH DAKOTA,NORTH DAKOTA,EIGHTH CIRCUIT,259,234,1,1,23,11,9,1,1,0,248,225,0,23
2012-03-31,NORTHERN MARIANAS,NORTHERN MARIANA ISLANDS,NINTH CIRCUIT,0,0,0,0,0,0,0,0,0,0,0,0,0,0
2012-03-31,OHIO NORTHERN,OHIO,SIXTH CIRCUIT,6872,5585,14,3,1267,173,126,13,3,28,6699,5459,1,1239
2012-03-31,OHIO SOUTHERN,OHIO,SIXTH CIRCUIT,6370,4465,14,0,1891,139,104,13,0,22,6231,4361,1,1869
2012-03-31,OKLAHOMA EASTERN,OKLAHOMA,TENTH CIRCUIT,454,398,0,2,53,19,16,0,2,0,435,382,0,53
2012-03-31,OKLAHOMA NORTHERN,OKLAHOMA,TENTH CIRCUIT,914,825,0,0,89,25,23,0,0,2,889,802,0,87
2012-03-31,OKLAHOMA WESTERN,OKLAHOMA,TENTH CIRCUIT,1713,1345,4,2,362,35,28,3,2,2,1678,1317,1,360
2012-03-31,OREGON,OREGON,NINTH CIRCUIT,3882,3018,16,2,846,121,83,16,2,20,3761,2935,0,826
2012-03-31,PENNSYLVANIA EASTERN,PENNSYLVANIA,THIRD CIRCUIT,3267,2170,30,1,1066,110,58,26,1,25,3157,2112,4,1041
2012-03-31,PENNSYLVANIA MIDDLE,PENNSYLVANIA,THIRD CIRCUIT,1978,1403,10,3,562,60,41,9,3,7,1918,1362,1,555
2012-03-31,PENNSYLVANIA WESTERN,PENNSYLVANIA,THIRD CIRCUIT,2557,1846,40,1,670,107,52,38,1,16,2450,1794,2,654
2012-03-31,PUERTO RICO,PUERTO RICO,FIRST CIRCUIT,2650,962,49,12,1627,100,30,43,12,15,2550,932,6,1612
2012-03-31,RHODE ISLAND,RHODE ISLAND,FIRST CIRCUIT,1156,965,14,0,177,50,35,13,0,2,1106,930,1,175
2012-03-31,SOUTH CAROLINA,SOUTH CAROLINA,FOURTH CIRCUIT,2148,1002,26,1,1119,101,71,25,1,4,2047,931,1,1115
2012-03-31,SOUTH DAKOTA,SOUTH DAKOTA,EIGHTH CIRCUIT,403,361,0,0,42,15,14,0,0,1,388,347,0,41
2012-03-31,TENNESSEE EASTERN,TENNESSEE,SIXTH CIRCUIT,3816,2411,14,4,1387,73,49,13,4,7,3743,2362,1,1380
2012-03-31,TENNESSEE MIDDLE,TENNESSEE,SIXTH CIRCUIT,3260,2104,35,1,1120,86,56,23,1,6,3174,2048,12,1114
2012-03-31,TENNESSEE WESTERN,TENNESSEE,SIXTH CIRCUIT,4452,1468,18,0,2966,53,33,11,0,9,4399,1435,7,2957
2012-03-31,TEXAS EASTERN,TEXAS,FIFTH CIRCUIT,1551,757,14,0,780,92,71,14,0,7,1459,686,0,773
2012-03-31,TEXAS NORTHERN,TEXAS,FIFTH CIRCUIT,4635,2146,65,6,2418,274,178,62,6,28,4361,1968,3,2390
2012-03-31,TEXAS SOUTHERN,TEXAS,FIFTH CIRCUIT,3242,1208,48,3,1983,175,117,42,3,13,3067,1091,6,1970
2012-03-31,TEXAS WESTERN,TEXAS,FIFTH CIRCUIT,2846,1532,37,4,1273,175,116,37,4,18,2671,1416,0,1255
2012-03-31,UTAH,UTAH,TENTH CIRCUIT,4147,2706,14,0,1427,105,86,13,0,6,4042,2620,1,1421
2012-03-31,VERMONT,VERMONT,SECOND CIRCUIT,274,225,1,0,48,16,14,1,0,1,258,211,0,47
2012-03-31,VIRGIN ISLANDS,VIRGIN ISLANDS,THIRD CIRCUIT,5,2,2,0,1,3,1,2,0,0,2,1,0,1
2012-03-31,VIRGINIA EASTERN,VIRGINIA,FOURTH CIRCUIT,6263,4034,49,0,2179,160,110,41,0,8,6103,3924,8,2171
2012-03-31,VIRGINIA WESTERN,VIRGINIA,FOURTH CIRCUIT,1897,1338,5,1,553,42,33,5,1,3,1855,1305,0,550
2012-03-31,WASHINGTON EASTERN,WASHINGTON,NINTH CIRCUIT,1542,1234,6,1,301,35,25,5,1,4,1507,1209,1,297
2012-03-31,WASHINGTON WESTERN,WASHINGTON,NINTH CIRCUIT,5801,4663,51,0,1087,205,152,42,0,11,5596,4511,9,1076
2012-03-31,WEST VIRGINIA NORTHERN,WEST VIRGINIA,FOURTH CIRCUIT,496,422,5,0,69,21,14,5,0,2,475,408,0,67
2012-03-31,WEST VIRGINIA SOUTHERN,WEST VIRGINIA,FOURTH CIRCUIT,625,545,5,0,75,23,14,5,0,4,602,531,0,71
2012-03-31,WISCONSIN EASTERN,WISCONSIN,SEVENTH CIRCUIT,4199,3045,13,2,1139,100,75,10,2,13,4099,2970,3,1126
2012-03-31,WISCONSIN WESTERN,WISCONSIN,SEVENTH CIRCUIT,1891,1613,19,6,253,83,49,18,6,10,1808,1564,1,243
2012-03-31,WYOMING,WYOMING,TENTH CIRCUIT,295,247,6,1,41,20,13,5,1,1,275,234,1,40
2012-06-30,ALABAMA MIDDLE,ALABAMA,ELEVENTH CIRCUIT,1965,462,5,1,1497,44,37,4,1,2,1921,425,1,1495
2012-06-30,ALABAMA NORTHERN,ALABAMA,ELEVENTH CIRCUIT,3974,1854,18,2,2100,65,44,17,2,2,3909,1810,1,2098
2012-06-30,ALABAMA SOUTHERN,ALABAMA,ELEVENTH CIRCUIT,1152,374,9,0,769,22,12,6,0,4,1130,362,3,765
2012-06-30,ALASKA,ALASKA,NINTH CIRCUIT,189,158,0,1,30,17,12,0,1,4,172,146,0,26
2012-06-30,ARIZONA,ARIZONA,NINTH CIRCUIT,8540,7407,101,0,1031,308,210,78,0,19,8232,7197,23,1012
2012-06-30,ARKANSAS EASTERN,ARKANSAS,EIGHTH CIRCUIT,1966,945,9,0,1011,28,15,8,0,4,1938,930,1,1007
2012-06-30,ARKANSAS WESTERN,ARKANSAS,EIGHTH CIRCUIT,1318,828,5,4,481,52,38,5,4,5,1266,790,0,476
2012-06-30,CALIFORNIA CENTRAL,CALIFORNIA,NINTH CIRCUIT,27880,21758,246,2,5873,924,698,176,2,47,26956,21060,70,5826
2012-06-30,CALIFORNIA EASTERN,CALIFORNIA,NINTH CIRCUIT,9959,8038,48,15,1853,278,187,35,15,36,9681,7851,13,1817
2012-06-30,CALIFORNIA NORTHERN,CALIFORNIA,NINTH CIRCUIT,7111,4430,62,6,2613,272,191,39,6,36,6839,4239,23,2577
2012-06-30,CALIFORNIA SOUTHERN,CALIFORNIA,NINTH CIRCUIT,4705,3837,20,1,847,130,106,12,1,11,4575,3731,8,836
2012-06-30,COLORADO,COLORADO,TENTH CIRCUIT,7669,6444,32,1,1192,243,199,32,1,11,7426,6245,0,1181
2012-06-30,CONNECTICUT,CONNECTICUT,SECOND CIRCUIT,2312,2023,28,2,259,99,68,25,2,4,2213,1955,3,255
2012-06-30,DELAWARE,DELAWARE,THIRD CIRCUIT,862,557,110,1,184,142,20,110,1,1,720,537,0,183
2012-06-30,DISTRICT OF COLUMBIA,DISTRICT OF COLUMBIA,DC CIRCUIT,247,210,10,0,27,17,9,7,0,1,230,201,3,26
2012-06-30,FLORIDA MIDDLE,FLORIDA,ELEVENTH CIRCUIT,12281,8944,136,4,3196,524,353,116,4,51,11757,8591,20,3145
2012-06-30,FLORIDA NORTHERN,FLORIDA,ELEVENTH CIRCUIT,1042,871,11,1,159,59,43,11,1,4,983,828,0,155
2012-06-30,FLORIDA SOUTHERN,FLORIDA,ELEVENTH CIRCUIT,8359,5978,70,0,2311,265,185,59,0,21,8094,5793,11,2290
2012-06-30,GEORGIA MIDDLE,GEORGIA,ELEVENTH CIRCUIT,2567,950,30,3,1584,96,53,30,3,10,2471,897,0,1574
2012-06-30,GEORGIA NORTHERN,GEORGIA,ELEVENTH CIRCUIT,11246,6471,61,2,4712,302,230,55,2,15,10944,6241,6,4697
2012-06-30,GEORGIA SOUTHERN,GEORGIA,ELEVENTH CIRCUIT,2177,522,13,0,1641,51,32,12,0,6,2126,490,1,1635
2012-06-30,GUAM,GUAM,NINTH CIRCUIT,40,33,1,0,6,1,0,1,0,0,39,33,0,6
2012-06-30,HAWAII,HAWAII,NINTH CIRCUIT,668,504,4,0,160,23,17,3,0,3,645,487,1,157
2012-06-30,IDAHO,IDAHO,NINTH CIRCUIT,1900,1692,12,5,191,64,44,10,5,5,1836,1648,2,186
2012-06-30,ILLINOIS CENTRAL,ILLINOIS,SEVENTH CIRCUIT,2061,1689,10,0,362,38,24,10,0,4,2023,1665,0,358
2012-06-30,ILLINOIS NORTHERN,ILLINOIS,SEVENTH CIRCUIT,14662,10612,62,0,3988,397,322,55,0,20,14265,10290,7,3968
2012-06-30,ILLINOIS SOUTHERN,ILLINOIS,SEVENTH CIRCUIT,1182,789,3,1,389,26,19,1,1,5,1156,770,2,384
2012-06-30,INDIANA NORTHERN,INDIANA,SEVENTH CIRCUIT,4145,3200,11,2,932,63,43,11,2,7,4082,3157,0,925
2012-06-30,INDIANA SOUTHERN,INDIANA,SEVENTH CIRCUIT,6053,4427,20,0,1606,132,108,20,0,4,5921,4319,0,1602
2012-06-30,IOWA NORTHERN,IOWA,EIGHTH CIRCUIT,692,643,0,1,48,36,34,0,1,1,656,609,0,47
2012-06-30,IOWA SOUTHERN,IOWA,EIGHTH CIRCUIT,1163,1048,2,0,113,35,33,1,0,1,1128,1015,1,112
2012-06-30,KANSAS,KANSAS,TENTH CIRCUIT,2589,1720,10,1,858,55,39,10,1,5,2534,1681,0,853
2012-06-30,KENTUCKY EASTERN,KENTUCKY,SIXTH CIRCUIT,2400,1770,9,2,619,42,28,9,2,3,2358,1742,0,616
2012-06-30,KENTUCKY WESTERN,KENTUCKY,SIXTH CIRCUIT,2694,1960,13,1,720,60,40,12,1,7,2634,1920,1,713
2012-06-30,LOUISIANA EASTERN,LOUISIANA,FIFTH CIRCUIT,993,518,14,1,459,38,20,11,1,5,955,498,3,454
2012-06-30,LOUISIANA MIDDLE,LOUISIANA,FIFTH CIRCUIT,509,293,2,0,214,14,11,2,0,1,495,282,0,213
2012-06-30,LOUISIANA WESTERN,LOUISIANA,FIFTH CIRCUIT,2780,793,9,0,1978,68,31,8,0,29,2712,762,1,1949
2012-06-30,MAINE,MAINE,FIRST CIRCUIT,901,778,2,4,117,46,34,2,4,6,855,744,0,111
2012-06-30,MARYLAND,MARYLAND,FOURTH CIRCUIT,6256,5011,44,1,1200,156,108,36,1,11,6100,4903,8,1189
2012-06-30,MASSACHUSETTS,MASSACHUSETTS,FIRST CIRCUIT,4777,3490,64,12,1211,138,62,58,12,6,4639,3428,6,1205
2012-06-30,MICHIGAN EASTERN,MICHIGAN,SIXTH CIRCUIT,10056,8297,59,5,1695,235,159,54,5,17,9821,8138,5,1678
2012-06-30,MICHIGAN WESTERN,MICHIGAN,SIXTH CIRCUIT,3274,2804,10,1,459,118,90,10,1,17,3156,2714,0,442
2012-06-30,MINNESOTA,MINNESOTA,EIGHTH CIRCUIT,4756,3971,19,2,764,190,159,17,2,12,4566,3812,2,752
2012-06-30,MISSISSIPPI NORTHERN,MISSISSIPPI,FIFTH CIRCUIT,1330,627,10,1,692,38,22,10,1,5,1292,605,0,687
2012-06-30,MISSISSIPPI SOUTHERN,MISSISSIPPI,FIFTH CIRCUIT,1737,1016,8,1,712,53,43,8,1,1,1684,973,0,711
2012-06-30,MISSOURI EASTERN,MISSOURI,EIGHTH CIRCUIT,3973,2964,9,1,999,84,70,9,1,4,3889,2894,0,995
2012-06-30,MISSOURI WESTERN,MISSOURI,EIGHTH CIRCUIT,3275,2416,14,0,845,83,64,14,0,5,3192,2352,0,840
2012-06-30,MONTANA,MONTANA,NINTH CIRCUIT,626,531,8,0,87,30,23,7,0,0,596,508,1,87
2012-06-30,NEBRASKA,NEBRASKA,EIGHTH CIRCUIT,1541,1134,2,0,404,27,22,2,0,2,1514,1112,0,402
2012-06-30,NEVADA,NEVADA,NINTH CIRCUIT,4845,3888,102,1,854,161,89,64,1,7,4684,3799,38,847
2012-06-30,NEW HAMPSHIRE,NEW HAMPSHIRE,FIRST CIRCUIT,1097,843,9,0,245,97,63,9,0,25,1000,780,0,220
2012-06-30,NEW JERSEY,NEW JERSEY,THIRD CIRCUIT,8443,6574,88,0,1781,305,207,78,0,20,8138,6367,10,1761
2012-06-30,NEW MEXICO,NEW MEXICO,TENTH CIRCUIT,1249,1132,9,0,108,40,33,7,0,0,1209,1099,2,108
2012-06-30,NEW YORK EASTERN,NEW YORK,SECOND CIRCUIT,4625,4169,54,0,401,160,105,52,0,2,4465,4064,2,399
2012-06-30,NEW YORK NORTHERN,NEW YORK,SECOND CIRCUIT,2312,1868,12,5,427,56,32,12,5,7,2256,1836,0,420
2012-06-30,NEW YORK SOUTHERN,NEW YORK,SECOND CIRCUIT,2956,2284,241,1,427,320,74,232,1,10,2636,2210,9,417
2012-06-30,NEW YORK WESTERN,NEW YORK,SECOND CIRCUIT,1746,1301,13,1,431,69,49,13,1,6,1677,1252,0,425
2012-06-30,NORTH CAROLINA EASTERN,NORTH CAROLINA,FOURTH CIRCUIT,2344,770,57,6,1511,139,66,49,6,18,2205,704,8,1493
2012-06-30,NORTH CAROLINA MIDDLE,NORTH CAROLINA,FOURTH CIRCUIT,1449,627,6,2,814,63,50,6,2,5,1386,577,0,809
2012-06-30,NORTH CAROLINA WESTERN,NORTH CAROLINA,FOURTH CIRCUIT,1699,1122,9,2,566,56,42,8,2,4,1643,1080,1,562
2012-06-30,NORTH DAKOTA,NORTH DAKOTA,EIGHTH CIRCUIT,286,255,0,0,31,10,10,0,0,0,276,245,0,31
2012-06-30,NORTHERN MARIANAS,NORTHERN MARIANA ISLANDS,NINTH CIRCUIT,2,1,1,0,0,1,0,1,0,0,1,1,0,0
2012-06-30,OHIO NORTHERN,OHIO,SIXTH CIRCUIT,7010,5836,11,0,1163,152,132,10,0,10,6858,5704,1,1153
2012-06-30,OHIO SOUTHERN,OHIO,SIXTH CIRCUIT,6426,4684,10,0,1732,134,107,9,0,18,6292,4577,1,1714
2012-06-30,OKLAHOMA EASTERN,OKLAHOMA,TENTH CIRCUIT,541,501,1,0,39,8,7,1,0,0,533,494,0,39
2012-06-30,OKLAHOMA NORTHERN,OKLAHOMA,TENTH CIRCUIT,946,832,1,1,112,33,31,1,1,0,913,801,0,112
2012-06-30,OKLAHOMA WESTERN,OKLAHOMA,TENTH CIRCUIT,1757,1421,6,1,329,43,36,3,1,3,1714,1385,3,326
2012-06-30,OREGON,OREGON,NINTH CIRCUIT,4487,3521,15,0,951,104,68,15,0,21,4383,3453,0,930
2012-06-30,PENNSYLVANIA EASTERN,PENNSYLVANIA,THIRD CIRCUIT,3232,2129,25,0,1078,95,57,24,0,14,3137,2072,1,1064
2012-06-30,PENNSYLVANIA MIDDLE,PENNSYLVANIA,THIRD CIRCUIT,2046,1422,12,0,612,66,43,12,0,11,1980,1379,0,601
2012-06-30,PENNSYLVANIA WESTERN,PENNSYLVANIA,THIRD CIRCUIT,2527,1799,33,2,693,93,50,30,2,11,2434,1749,3,682
2012-06-30,PUERTO RICO,PUERTO RICO,FIRST CIRCUIT,2682,940,43,5,1694,93,29,40,5,19,2589,911,3,1675
2012-06-30,RHODE ISLAND,RHODE ISLAND,FIRST CIRCUIT,1127,984,6,0,137,47,36,6,0,5,1080,948,0,132
2012-06-30,SOUTH CAROLINA,SOUTH CAROLINA,FOURTH CIRCUIT,1963,887,13,3,1060,73,54,12,3,4,1890,833,1,1056
2012-06-30,SOUTH DAKOTA,SOUTH DAKOTA,EIGHTH CIRCUIT,457,422,0,1,34,18,13,0,1,4,439,409,0,30
2012-06-30,TENNESSEE EASTERN,TENNESSEE,SIXTH CIRCUIT,3548,2017,15,4,1512,69,48,11,4,6,3479,1969,4,1506
2012-06-30,TENNESSEE MIDDLE,TENNESSEE,SIXTH CIRCUIT,2928,1739,29,0,1160,69,48,20,0,1,2859,1691,9,1159
2012-06-30,TENNESSEE WESTERN,TENNESSEE,SIXTH CIRCUIT,4390,1201,20,0,3169,55,30,18,0,7,4335,1171,2,3162
2012-06-30,TEXAS EASTERN,TEXAS,FIFTH CIRCUIT,1665,810,27,0,828,127,88,25,0,14,1538,722,2,814
2012-06-30,TEXAS NORTHERN,TEXAS,FIFTH CIRCUIT,4698,2032,59,5,2602,247,160,56,5,26,4451,1872,3,2576
2012-06-30,TEXAS SOUTHERN,TEXAS,FIFTH CIRCUIT,3407,1374,43,0,1989,175,119,42,0,13,3232,1255,1,1976
2012-06-30,TEXAS WESTERN,TEXAS,FIFTH CIRCUIT,2798,1469,25,0,1304,154,115,22,0,17,2644,1354,3,1287
2012-06-30,UTAH,UTAH,TENTH CIRCUIT,4499,3172,14,0,1313,121,105,9,0,7,4378,3067,5,1306
2012-06-30,VERMONT,VERMONT,SECOND CIRCUIT,302,233,1,1,67,13,7,1,1,4,289,226,0,63
2012-06-30,VIRGIN ISLANDS,VIRGIN ISLANDS,THIRD CIRCUIT,12,9,2,0,1,2,0,2,0,0,10,9,0,1
2012-06-30,VIRGINIA EASTERN,VIRGINIA,FOURTH CIRCUIT,5857,3804,27,0,2026,156,122,25,0,9,5701,3682,2,2017
2012-06-30,VIRGINIA WESTERN,VIRGINIA,FOURTH CIRCUIT,1852,1311,7,0,534,45,36,6,0,3,1807,1275,1,531
2012-06-30,WASHINGTON EASTERN,WASHINGTON,NINTH CIRCUIT,1472,1179,6,2,285,38,29,5,2,2,1434,1150,1,283
2012-06-30,WASHINGTON WESTERN,WASHINGTON,NINTH CIRCUIT,6045,4924,40,0,1081,180,143,30,0,7,5865,4781,10,1074
2012-06-30,WEST VIRGINIA NORTHERN,WEST VIRGINIA,FOURTH CIRCUIT,456,400,5,0,51,21,15,5,0,1,435,385,0,50
2012-06-30,WEST VIRGINIA SOUTHERN,WEST VIRGINIA,FOURTH CIRCUIT,580,515,3,0,62,16,13,3,0,0,564,502,0,62
2012-06-30,WISCONSIN EASTERN,WISCONSIN,SEVENTH CIRCUIT,6033,4571,12,5,1445,123,100,11,5,7,5910,4471,1,1438
2012-06-30,WISCONSIN WESTERN,WISCONSIN,SEVENTH CIRCUIT,1971,1669,10,6,286,76,54,8,6,8,1895,1615,2,278
2012-06-30,WYOMING,WYOMING,TENTH CIRCUIT,372,323,4,0,45,23,19,4,0,0,349,304,0,45
2012-09-30,ALABAMA MIDDLE,ALABAMA,ELEVENTH CIRCUIT,2151,470,0,0,1681,49,45,0,0,4,2102,425,0,1677
2012-09-30,ALABAMA NORTHERN,ALABAMA,ELEVENTH CIRCUIT,3984,1770,14,1,2199,75,54,14,1,6,3909,1716,0,2193
2012-09-30,ALABAMA SOUTHERN,ALABAMA,ELEVENTH CIRCUIT,1166,362,5,0,799,20,15,3,0,2,1146,347,2,797
2012-09-30,ALASKA,ALASKA,NINTH CIRCUIT,184,149,2,0,33,12,5,2,0,5,172,144,0,28
2012-09-30,ARIZONA,ARIZONA,NINTH CIRCUIT,7086,6047,107,0,931,255,163,84,0,8,6831,5884,23,923
2012-09-30,ARKANSAS EASTERN,ARKANSAS,EIGHTH CIRCUIT,1963,844,5,0,1114,44,33,5,0,6,1919,811,0,1108
2012-09-30,ARKANSAS WESTERN,ARKANSAS,EIGHTH CIRCUIT,1213,717,3,1,492,54,44,3,1,6,1159,673,0,486
2012-09-30,CALIFORNIA CENTRAL,CALIFORNIA,NINTH CIRCUIT,25237,19259,201,0,5775,785,631,125,0,27,24452,18628,76,5748
2012-09-30,CALIFORNIA EASTERN,CALIFORNIA,NINTH CIRCUIT,8594,6847,56,10,1680,224,139,45,10,29,8370,6708,11,1651
2012-09-30,CALIFORNIA NORTHERN,CALIFORNIA,NINTH CIRCUIT,6427,3868,64,3,2492,223,156,35,3,29,6204,3712,29,2463
2012-09-30,CALIFORNIA SOUTHERN,CALIFORNIA,NINTH CIRCUIT,4094,3217,26,0,851,117,88,16,0,13,3977,3129,10,838
2012-09-30,COLORADO,COLORADO,TENTH CIRCUIT,6659,5476,35,1,1147,237,195,33,1,8,6422,5281,2,1139
2012-09-30,CONNECTICUT,CONNECTICUT,SECOND CIRCUIT,1984,1694,39,1,250,99,56,36,1,6,1885,1638,3,244
2012-09-30,DELAWARE,DELAWARE,THIRD CIRCUIT,787,531,68,0,188,112,41,68,0,3,675,490,0,185
2012-09-30,DISTRICT OF COLUMBIA,DISTRICT OF COLUMBIA,DC CIRCUIT,183,154,7,0,22,17,12,5,0,0,166,142,2,22
2012-09-30,FLORIDA MIDDLE,FLORIDA,ELEVENTH CIRCUIT,11447,8484,110,1,2851,464,342,90,1,30,10983,8142,20,2821
2012-09-30,FLORIDA NORTHERN,FLORIDA,ELEVENTH CIRCUIT,951,794,12,0,145,53,39,9,0,5,898,755,3,140
2012-09-30,FLORIDA SOUTHERN,FLORIDA,ELEVENTH CIRCUIT,7737,5479,86,1,2171,250,163,79,1,7,7487,5316,7,2164
2012-09-30,GEORGIA MIDDLE,GEORGIA,ELEVENTH CIRCUIT,2795,944,8,2,1841,80,60,7,2,11,2715,884,1,1830
2012-09-30,GEORGIA NORTHERN,GEORGIA,ELEVENTH CIRCUIT,11372,6320,61,2,4989,342,260,59,2,21,11030,6060,2,4968
2012-09-30,GEORGIA SOUTHERN,GEORGIA,ELEVENTH CIRCUIT,2347,489,12,3,1842,58,34,11,3,9,2289,455,1,1833
2012-09-30,GUAM,GUAM,NINTH CIRCUIT,58,44,1,0,13,3,2,1,0,0,55,42,0,13
2012-09-30,HAWAII,HAWAII,NINTH CIRCUIT,574,433,0,0,141,18,13,0,0,5,556,420,0,136
2012-09-30,IDAHO,IDAHO,NINTH CIRCUIT,1567,1405,4,3,155,60,48,3,3,6,1507,1357,1,149
2012-09-30,ILLINOIS CENTRAL,ILLINOIS,SEVENTH CIRCUIT,1720,1360,10,0,350,41,29,9,0,3,1679,1331,1,347
2012-09-30,ILLINOIS NORTHERN,ILLINOIS,SEVENTH CIRCUIT,13945,9375,62,0,4508,385,313,53,0,19,13560,9062,9,4489
2012-09-30,ILLINOIS SOUTHERN,ILLINOIS,SEVENTH CIRCUIT,1194,739,5,0,450,19,10,5,0,4,1175,729,0,446
2012-09-30,INDIANA NORTHERN,INDIANA,SEVENTH CIRCUIT,3549,2627,16,2,904,54,37,14,2,1,3495,2590,2,903
2012-09-30,INDIANA SOUTHERN,INDIANA,SEVENTH CIRCUIT,5582,3878,12,0,1692,110,85,12,0,13,5472,3793,0,1679
2012-09-30,IOWA NORTHERN,IOWA,EIGHTH CIRCUIT,563,512,2,2,46,31,26,2,2,0,532,486,0,46
2012-09-30,IOWA SOUTHERN,IOWA,EIGHTH CIRCUIT,926,827,3,0,95,26,23,3,0,0,900,804,0,95
2012-09-30,KANSAS,KANSAS,TENTH CIRCUIT,2368,1498,13,3,854,61,38,13,3,7,2307,1460,0,847
2012-09-30,KENTUCKY EASTERN,KENTUCKY,SIXTH CIRCUIT,2299,1641,7,3,648,54,38,7,3,6,2245,1603,0,642
2012-09-30,KENTUCKY WESTERN,KENTUCKY,SIXTH CIRCUIT,2447,1708,9,2,728,45,28,9,2,6,2402,1680,0,722
2012-09-30,LOUISIANA EASTERN,LOUISIANA,FIFTH CIRCUIT,958,511,8,0,439,67,54,8,0,5,891,457,0,434
2012-09-30,LOUISIANA MIDDLE,LOUISIANA,FIFTH CIRCUIT,448,231,2,0,215,11,9,2,0,0,437,222,0,215
2012-09-30,LOUISIANA WESTERN,LOUISIANA,FIFTH CIRCUIT,2697,611,14,0,2072,39,19,14,0,6,2658,592,0,2066
2012-09-30,MAINE,MAINE,FIRST CIRCUIT,736,610,14,2,110,47,27,12,2,6,689,583,2,104
2012-09-30,MARYLAND,MARYLAND,FOURTH CIRCUIT,5850,4621,38,1,1190,141,102,31,1,7,5709,4519,7,1183
2012-09-30,MASSACHUSETTS,MASSACHUSETTS,FIRST CIRCUIT,3954,2971,25,3,955,81,55,18,3,5,3873,2916,7,950
2012-09-30,MICHIGAN EASTERN,MICHIGAN,SIXTH CIRCUIT,8542,6906,47,1,1588,180,126,40,1,13,8362,6780,7,1575
2012-09-30,MICHIGAN WESTERN,MICHIGAN,SIXTH CIRCUIT,2714,2253,11,1,449,85,69,8,1,7,2629,2184,3,442
2012-09-30,MINNESOTA,MINNESOTA,EIGHTH CIRCUIT,3940,3254,8,3,672,120,98,8,3,8,3820,3156,0,664
2012-09-30,MISSISSIPPI NORTHERN,MISSISSIPPI,FIFTH CIRCUIT,1454,580,7,3,864,33,19,7,3,4,1421,561,0,860
2012-09-30,MISSISSIPPI SOUTHERN,MISSISSIPPI,FIFTH CIRCUIT,1687,907,10,0,770,33,22,9,0,2,1654,885,1,768
2012-09-30,MISSOURI EASTERN,MISSOURI,EIGHTH CIRCUIT,4022,2905,10,0,1107,68,52,9,0,7,3954,2853,1,1100
2012-09-30,MISSOURI WESTERN,MISSOURI,EIGHTH CIRCUIT,3128,2254,15,1,858,78,57,15,1,5,3050,2197,0,853
2012-09-30,MONTANA,MONTANA,NINTH CIRCUIT,531,429,3,0,99,16,12,2,0,2,515,417,1,97
2012-09-30,NEBRASKA,NEBRASKA,EIGHTH CIRCUIT,1470,977,8,1,483,46,30,7,1,7,1424,947,1,476
2012-09-30,NEVADA,NEVADA,NINTH CIRCUIT,4598,3574,85,0,939,157,97,55,0,5,4441,3477,30,934
2012-09-30,NEW HAMPSHIRE,NEW HAMPSHIRE,FIRST CIRCUIT,959,714,8,0,237,75,48,8,0,19,884,666,0,218
2012-09-30,NEW JERSEY,NEW JERSEY,THIRD CIRCUIT,7663,5818,70,1,1774,234,162,59,1,12,7429,5656,11,1762
2012-09-30,NEW MEXICO,NEW MEXICO,TENTH CIRCUIT,1140,1032,14,0,94,47,34,13,0,0,1093,998,1,94
2012-09-30,NEW YORK EASTERN,NEW YORK,SECOND CIRCUIT,4005,3542,68,1,394,158,88,65,1,4,3847,3454,3,390
2012-09-30,NEW YORK NORTHERN,NEW YORK,SECOND CIRCUIT,1980,1528,12,9,431,53,28,12,9,4,1927,1500,0,427
2012-09-30,NEW YORK SOUTHERN,NEW YORK,SECOND CIRCUIT,2623,2009,220,0,388,308,77,219,0,6,2315,1932,1,382
2012-09-30,NEW YORK WESTERN,NEW YORK,SECOND CIRCUIT,1434,1047,13,0,374,62,38,13,0,11,1372,1009,0,363
2012-09-30,NORTH CAROLINA EASTERN,NORTH CAROLINA,FOURTH CIRCUIT,2216,670,31,0,1515,97,57,27,0,13,2119,613,4,1502
2012-09-30,NORTH CAROLINA MIDDLE,NORTH CAROLINA,FOURTH CIRCUIT,1436,554,9,0,873,57,34,8,0,15,1379,520,1,858
2012-09-30,NORTH CAROLINA WESTERN,NORTH CAROLINA,FOURTH CIRCUIT,1613,987,13,1,612,58,40,12,1,5,1555,947,1,607
2012-09-30,NORTH DAKOTA,NORTH DAKOTA,EIGHTH CIRCUIT,223,195,1,0,27,6,5,1,0,0,217,190,0,27
2012-09-30,NORTHERN MARIANAS,NORTHERN MARIANA ISLANDS,NINTH CIRCUIT,3,3,0,0,0,0,0,0,0,0,3,3,0,0
2012-09-30,OHIO NORTHERN,OHIO,SIXTH CIRCUIT,6361,5218,14,2,1127,116,90,12,2,12,6245,5128,2,1115
2012-09-30,OHIO SOUTHERN,OHIO,SIXTH CIRCUIT,6170,4262,8,0,1900,105,81,8,0,16,6065,4181,0,1884
2012-09-30,OKLAHOMA EASTERN,OKLAHOMA,TENTH CIRCUIT,463,423,0,0,40,9,9,0,0,0,454,414,0,40
2012-09-30,OKLAHOMA NORTHERN,OKLAHOMA,TENTH CIRCUIT,906,796,5,0,105,28,24,4,0,0,878,772,1,105
2012-09-30,OKLAHOMA WESTERN,OKLAHOMA,TENTH CIRCUIT,1633,1310,5,1,317,36,27,3,1,5,1597,1283,2,312
2012-09-30,OREGON,OREGON,NINTH CIRCUIT,3757,2916,17,5,819,100,66,17,5,12,3657,2850,0,807
2012-09-30,PENNSYLVANIA EASTERN,PENNSYLVANIA,THIRD CIRCUIT,3065,1890,38,0,1137,117,69,35,0,13,2948,1821,3,1124
2012-09-30,PENNSYLVANIA MIDDLE,PENNSYLVANIA,THIRD CIRCUIT,1866,1261,5,1,599,58,38,5,1,14,1808,1223,0,585
2012-09-30,PENNSYLVANIA WESTERN,PENNSYLVANIA,THIRD CIRCUIT,2321,1574,24,4,719,70,39,21,4,6,2251,1535,3,713
2012-09-30,PUERTO RICO,PUERTO RICO,FIRST CIRCUIT,2607,926,42,12,1627,102,41,36,12,13,2505,885,6,1614
2012-09-30,RHODE ISLAND,RHODE ISLAND,FIRST CIRCUIT,964,813,1,0,150,32,26,1,0,5,932,787,0,145
2012-09-30,SOUTH CAROLINA,SOUTH CAROLINA,FOURTH CIRCUIT,2026,838,17,0,1171,77,59,14,0,4,1949,779,3,1167
2012-09-30,SOUTH DAKOTA,SOUTH DAKOTA,EIGHTH CIRCUIT,356,324,0,1,31,10,8,0,1,1,346,316,0,30
2012-09-30,TENNESSEE EASTERN,TENNESSEE,SIXTH CIRCUIT,3555,1916,10,2,1627,62,48,10,2,2,3493,1868,0,1625
2012-09-30,TENNESSEE MIDDLE,TENNESSEE,SIXTH CIRCUIT,3155,1773,24,0,1358,78,56,17,0,5,3077,1717,7,1353
2012-09-30,TENNESSEE WESTERN,TENNESSEE,SIXTH CIRCUIT,4545,1108,11,1,3425,45,22,11,1,11,4500,1086,0,3414
2012-09-30,TEXAS EASTERN,TEXAS,FIFTH CIRCUIT,1626,751,29,0,846,125,82,28,0,15,1501,669,1,831
2012-09-30,TEXAS NORTHERN,TEXAS,FIFTH CIRCUIT,4421,1799,50,4,2568,212,134,46,4,28,4209,1665,4,2540
2012-09-30,TEXAS SOUTHERN,TEXAS,FIFTH CIRCUIT,3164,1204,56,0,1902,177,107,49,0,19,2987,1097,7,1883
2012-09-30,TEXAS WESTERN,TEXAS,FIFTH CIRCUIT,2785,1347,54,1,1383,193,120,53,1,19,2592,1227,1,1364
2012-09-30,UTAH,UTAH,TENTH CIRCUIT,4034,2742,12,0,1280,71,53,10,0,8,3963,2689,2,1272
2012-09-30,VERMONT,VERMONT,SECOND CIRCUIT,220,170,0,3,47,18,12,0,3,3,202,158,0,44
2012-09-30,VIRGIN ISLANDS,VIRGIN ISLANDS,THIRD CIRCUIT,8,4,2,0,2,3,1,2,0,0,5,3,0,2
2012-09-30,VIRGINIA EASTERN,VIRGINIA,FOURTH CIRCUIT,5439,3371,21,0,2047,128,105,16,0,7,5311,3266,5,2040
2012-09-30,VIRGINIA WESTERN,VIRGINIA,FOURTH CIRCUIT,1663,1110,4,0,549,28,23,4,0,1,1635,1087,0,548
2012-09-30,WASHINGTON EASTERN,WASHINGTON,NINTH CIRCUIT,1284,1020,4,2,258,24,16,4,2,2,1260,1004,0,256
2012-09-30,WASHINGTON WESTERN,WASHINGTON,NINTH CIRCUIT,5351,4247,44,0,1060,176,128,37,0,11,5175,4119,7,1049
2012-09-30,WEST VIRGINIA NORTHERN,WEST VIRGINIA,FOURTH CIRCUIT,409,337,3,0,69,18,12,3,0,3,391,325,0,66
2012-09-30,WEST VIRGINIA SOUTHERN,WEST VIRGINIA,FOURTH CIRCUIT,537,468,5,0,64,18,12,5,0,1,519,456,0,63
2012-09-30,WISCONSIN EASTERN,WISCONSIN,SEVENTH CIRCUIT,4382,3113,15,5,1249,98,69,14,5,10,4284,3044,1,1239
2012-09-30,WISCONSIN WESTERN,WISCONSIN,SEVENTH CIRCUIT,1623,1347,11,4,261,64,45,10,4,5,1559,1302,1,256
2012-09-30,WYOMING,WYOMING,TENTH CIRCUIT,351,303,4,1,43,16,11,3,1,1,335,292,1,42
2012-12-31,ALABAMA MIDDLE,ALABAMA,ELEVENTH CIRCUIT,1949,411,7,0,1531,39,29,7,0,3,1910,382,0,1528
2012-12-31,ALABAMA NORTHERN,ALABAMA,ELEVENTH CIRCUIT,3673,1570,15,0,2088,84,66,13,0,5,3589,1504,2,2083
2012-12-31,ALABAMA SOUTHERN,ALABAMA,ELEVENTH CIRCUIT,1106,283,4,0,819,11,7,4,0,0,1095,276,0,819
2012-12-31,ALASKA,ALASKA,NINTH CIRCUIT,154,124,3,0,27,14,6,3,0,5,140,118,0,22
2012-12-31,ARIZONA,ARIZONA,NINTH CIRCUIT,5808,4845,91,0,872,242,167,69,0,6,5566,4678,22,866
2012-12-31,ARKANSAS EASTERN,ARKANSAS,EIGHTH CIRCUIT,1881,764,8,0,1109,37,28,7,0,2,1844,736,1,1107
2012-12-31,ARKANSAS WESTERN,ARKANSAS,EIGHTH CIRCUIT,1125,634,5,3,482,40,25,4,3,7,1085,609,1,475
2012-12-31,CALIFORNIA CENTRAL,CALIFORNIA,NINTH CIRCUIT,22782,17588,185,2,5007,765,596,132,2,35,22017,16992,53,4972
2012-12-31,CALIFORNIA EASTERN,CALIFORNIA,NINTH CIRCUIT,7674,6087,48,7,1532,221,163,35,7,16,7453,5924,13,1516
2012-12-31,CALIFORNIA NORTHERN,CALIFORNIA,NINTH CIRCUIT,6598,3664,95,5,2833,286,184,53,5,43,6312,3480,42,2790
2012-12-31,CALIFORNIA SOUTHERN,CALIFORNIA,NINTH CIRCUIT,3729,2884,21,0,824,137,113,14,0,10,3592,2771,7,814
2012-12-31,COLORADO,COLORADO,TENTH CIRCUIT,6011,4879,53,2,1077,205,143,50,2,10,5806,4736,3,1067
2012-12-31,CONNECTICUT,CONNECTICUT,SECOND CIRCUIT,1786,1531,33,2,220,81,49,29,2,1,1705,1482,4,219
2012-12-31,DELAWARE,DELAWARE,THIRD CIRCUIT,945,469,287,0,189,317,28,287,0,2,628,441,0,187
2012-12-31,DISTRICT OF COLUMBIA,DISTRICT OF COLUMBIA,DC CIRCUIT,201,165,5,0,31,9,5,4,0,0,192,160,1,31
2012-12-31,FLORIDA MIDDLE,FLORIDA,ELEVENTH CIRCUIT,10463,7649,101,2,2710,479,352,82,2,42,9984,7297,19,2668
2012-12-31,FLORIDA NORTHERN,FLORIDA,ELEVENTH CIRCUIT,804,690,7,0,107,65,57,4,0,4,739,633,3,103
2012-12-31,FLORIDA SOUTHERN,FLORIDA,ELEVENTH CIRCUIT,7624,5369,63,0,2192,262,191,59,0,12,7362,5178,4,2180
2012-12-31,GEORGIA MIDDLE,GEORGIA,ELEVENTH CIRCUIT,2710,889,12,4,1805,70,38,12,4,16,2640,851,0,1789
2012-12-31,GEORGIA NORTHERN,GEORGIA,ELEVENTH CIRCUIT,10707,5631,51,2,5023,320,250,49,2,19,10387,5381,2,5004
2012-12-31,GEORGIA SOUTHERN,GEORGIA,ELEVENTH CIRCUIT,2170,438,14,0,1718,46,33,12,0,1,2124,405,2,1717
2012-12-31,GUAM,GUAM,NINTH CIRCUIT,37,32,0,0,5,0,0,0,0,0,37,32,0,5
2012-12-31,HAWAII,HAWAII,NINTH CIRCUIT,674,479,4,0,191,18,13,3,0,2,656,466,1,189
2012-12-31,IDAHO,IDAHO,NINTH CIRCUIT,1341,1179,9,1,152,46,37,6,1,2,1295,1142,3,150
2012-12-31,ILLINOIS CENTRAL,ILLINOIS,SEVENTH CIRCUIT,1568,1185,19,0,364,50,29,19,0,2,1518,1156,0,362
2012-12-31,ILLINOIS NORTHERN,ILLINOIS,SEVENTH CIRCUIT,13298,8834,102,0,4362,377,267,90,0,20,12921,8567,12,4342
2012-12-31,ILLINOIS SOUTHERN,ILLINOIS,SEVENTH CIRCUIT,1056,629,2,1,424,17,12,1,1,3,1039,617,1,421
2012-12-31,INDIANA NORTHERN,INDIANA,SEVENTH CIRCUIT,3079,2272,13,0,794,60,37,12,0,11,3019,2235,1,783
2012-12-31,INDIANA SOUTHERN,INDIANA,SEVENTH CIRCUIT,4707,3121,19,2,1564,118,94,16,2,5,4589,3027,3,1559
2012-12-31,IOWA NORTHERN,IOWA,EIGHTH CIRCUIT,518,479,2,3,34,18,14,1,3,0,500,465,1,34
2012-12-31,IOWA SOUTHERN,IOWA,EIGHTH CIRCUIT,859,754,7,0,98,45,38,7,0,0,814,716,0,98
2012-12-31,KANSAS,KANSAS,TENTH CIRCUIT,1980,1191,14,2,773,62,37,11,2,12,1918,1154,3,761
2012-12-31,KENTUCKY EASTERN,KENTUCKY,SIXTH CIRCUIT,2211,1586,9,0,616,42,28,8,0,6,2169,1558,1,610
2012-12-31,KENTUCKY WESTERN,KENTUCKY,SIXTH CIRCUIT,2248,1584,13,1,650,57,39,13,1,4,2191,1545,0,646
2012-12-31,LOUISIANA EASTERN,LOUISIANA,FIFTH CIRCUIT,929,485,6,0,438,40,31,6,0,3,889,454,0,435
2012-12-31,LOUISIANA MIDDLE,LOUISIANA,FIFTH CIRCUIT,450,267,3,0,180,14,11,3,0,0,436,256,0,180
2012-12-31,LOUISIANA WESTERN,LOUISIANA,FIFTH CIRCUIT,2516,522,10,1,1983,43,28,10,1,4,2473,494,0,1979
2012-12-31,MAINE,MAINE,FIRST CIRCUIT,669,572,2,3,92,38,28,2,3,5,631,544,0,87
2012-12-31,MARYLAND,MARYLAND,FOURTH CIRCUIT,5390,4239,45,1,1105,141,91,38,1,11,5249,4148,7,1094
2012-12-31,MASSACHUSETTS,MASSACHUSETTS,FIRST CIRCUIT,3407,2637,47,3,720,108,62,39,3,4,3299,2575,8,716
2012-12-31,MICHIGAN EASTERN,MICHIGAN,SIXTH CIRCUIT,8229,6555,38,1,1635,200,154,32,1,13,8029,6401,6,1622
2012-12-31,MICHIGAN WESTERN,MICHIGAN,SIXTH CIRCUIT,2535,2105,11,1,418,95,77,11,1,6,2440,2028,0,412
2012-12-31,MINNESOTA,MINNESOTA,EIGHTH CIRCUIT,3791,3111,8,4,668,129,109,8,4,8,3662,3002,0,660
2012-12-31,MISSISSIPPI NORTHERN,MISSISSIPPI,FIFTH CIRCUIT,1431,559,5,2,865,28,15,5,2,6,1403,544,0,859
2012-12-31,MISSISSIPPI SOUTHERN,MISSISSIPPI,FIFTH CIRCUIT,1561,852,2,0,707,38,36,2,0,0,1523,816,0,707
2012-12-31,MISSOURI EASTERN,MISSOURI,EIGHTH CIRCUIT,4233,2695,112,0,1426,163,49,111,0,3,4070,2646,1,1423
2012-12-31,MISSOURI WESTERN,MISSOURI,EIGHTH CIRCUIT,3012,2255,5,0,752,79,67,5,0,7,2933,2188,0,745
2012-12-31,MONTANA,MONTANA,NINTH CIRCUIT,404,345,4,1,54,19,12,3,1,3,385,333,1,51
2012-12-31,NEBRASKA,NEBRASKA,EIGHTH CIRCUIT,1345,906,7,1,431,43,30,6,1,6,1302,876,1,425
2012-12-31,NEVADA,NEVADA,NINTH CIRCUIT,3559,2915,61,0,583,131,86,35,0,10,3428,2829,26,573
2012-12-31,NEW HAMPSHIRE,NEW HAMPSHIRE,FIRST CIRCUIT,885,651,10,0,224,82,53,9,0,20,803,598,1,204
2012-12-31,NEW JERSEY,NEW JERSEY,THIRD CIRCUIT,6478,4929,52,0,1497,199,144,42,0,13,6279,4785,10,1484
2012-12-31,NEW MEXICO,NEW MEXICO,TENTH CIRCUIT,1131,1020,12,1,98,38,25,11,1,1,1093,995,1,97
2012-12-31,NEW YORK EASTERN,NEW YORK,SECOND CIRCUIT,3278,2940,45,0,293,124,77,43,0,4,3154,2863,2,289
2012-12-31,NEW YORK NORTHERN,NEW YORK,SECOND CIRCUIT,1848,1458,8,3,379,47,27,7,3,10,1801,1431,1,369
2012-12-31,NEW YORK SOUTHERN,NEW YORK,SECOND CIRCUIT,2169,1795,49,0,321,119,66,45,0,4,2050,1729,4,317
2012-12-31,NEW YORK WESTERN,NEW YORK,SECOND CIRCUIT,1397,935,16,1,445,54,32,16,1,5,1343,903,0,440
2012-12-31,NORTH CAROLINA EASTERN,NORTH CAROLINA,FOURTH CIRCUIT,2167,594,27,0,1546,69,37,20,0,12,2098,557,7,1534
2012-12-31,NORTH CAROLINA MIDDLE,NORTH CAROLINA,FOURTH CIRCUIT,1346,500,1,0,845,48,36,1,0,11,1298,464,0,834
2012-12-31,NORTH CAROLINA WESTERN,NORTH CAROLINA,FOURTH CIRCUIT,1487,898,15,0,574,65,50,10,0,5,1422,848,5,569
2012-12-31,NORTH DAKOTA,NORTH DAKOTA,EIGHTH CIRCUIT,210,182,0,0,28,6,5,0,0,1,204,177,0,27
2012-12-31,NORTHERN MARIANAS,NORTHERN MARIANA ISLANDS,NINTH CIRCUIT,2,1,1,0,0,1,0,1,0,0,1,1,0,0
2012-12-31,OHIO NORTHERN,OHIO,SIXTH CIRCUIT,5934,4787,14,0,1133,135,107,12,0,16,5799,4680,2,1117
2012-12-31,OHIO SOUTHERN,OHIO,SIXTH CIRCUIT,5433,3715,7,1,1710,113,99,6,1,7,5320,3616,1,1703
2012-12-31,OKLAHOMA EASTERN,OKLAHOMA,TENTH CIRCUIT,404,351,1,1,51,10,8,1,1,0,394,343,0,51
2012-12-31,OKLAHOMA NORTHERN,OKLAHOMA,TENTH CIRCUIT,768,678,0,0,90,22,21,0,0,1,746,657,0,89
2012-12-31,OKLAHOMA WESTERN,OKLAHOMA,TENTH CIRCUIT,1472,1120,4,5,343,39,29,3,5,2,1433,1091,1,341
2012-12-31,OREGON,OREGON,NINTH CIRCUIT,3150,2481,8,4,657,97,69,6,4,18,3053,2412,2,639
2012-12-31,PENNSYLVANIA EASTERN,PENNSYLVANIA,THIRD CIRCUIT,2708,1705,35,1,967,122,77,34,1,10,2586,1628,1,957
2012-12-31,PENNSYLVANIA MIDDLE,PENNSYLVANIA,THIRD CIRCUIT,1657,1137,12,1,507,52,31,12,1,8,1605,1106,0,499
2012-12-31,PENNSYLVANIA WESTERN,PENNSYLVANIA,THIRD CIRCUIT,2081,1434,26,3,618,100,63,23,3,11,1981,1371,3,607
2012-12-31,PUERTO RICO,PUERTO RICO,FIRST CIRCUIT,2576,949,65,6,1556,115,36,59,6,14,2461,913,6,1542
2012-12-31,RHODE ISLAND,RHODE ISLAND,FIRST CIRCUIT,858,709,8,0,141,43,31,8,0,4,815,678,0,137
2012-12-31,SOUTH CAROLINA,SOUTH CAROLINA,FOURTH CIRCUIT,1863,745,10,1,1107,58,44,9,1,4,1805,701,1,1103
2012-12-31,SOUTH DAKOTA,SOUTH DAKOTA,EIGHTH CIRCUIT,335,298,1,0,36,12,10,1,0,1,323,288,0,35
2012-12-31,TENNESSEE EASTERN,TENNESSEE,SIXTH CIRCUIT,3340,1772,7,3,1558,55,44,5,3,3,3285,1728,2,1555
2012-12-31,TENNESSEE MIDDLE,TENNESSEE,SIXTH CIRCUIT,2877,1668,21,1,1187,75,57,13,1,4,2802,1611,8,1183
2012-12-31,TENNESSEE WESTERN,TENNESSEE,SIXTH CIRCUIT,4353,1081,11,0,3261,33,19,9,0,5,4320,1062,2,3256
2012-12-31,TEXAS EASTERN,TEXAS,FIFTH CIRCUIT,1577,740,17,0,820,108,80,15,0,13,1469,660,2,807
2012-12-31,TEXAS NORTHERN,TEXAS,FIFTH CIRCUIT,4100,1568,56,0,2476,235,155,52,0,28,3865,1413,4,2448
2012-12-31,TEXAS SOUTHERN,TEXAS,FIFTH CIRCUIT,3180,1044,50,0,2086,159,96,49,0,14,3021,948,1,2072
2012-12-31,TEXAS WESTERN,TEXAS,FIFTH CIRCUIT,2663,1253,40,1,1369,169,116,36,1,16,2494,1137,4,1353
2012-12-31,UTAH,UTAH,TENTH CIRCUIT,3583,2383,13,0,1187,78,62,11,0,5,3505,2321,2,1182
2012-12-31,VERMONT,VERMONT,SECOND CIRCUIT,234,191,0,0,42,7,5,0,0,2,227,186,0,40
2012-12-31,VIRGIN ISLANDS,VIRGIN ISLANDS,THIRD CIRCUIT,5,2,1,0,2,2,1,1,0,0,3,1,0,2
2012-12-31,VIRGINIA EASTERN,VIRGINIA,FOURTH CIRCUIT,5005,2975,48,0,1982,134,86,41,0,7,4871,2889,7,1975
2012-12-31,VIRGINIA WESTERN,VIRGINIA,FOURTH CIRCUIT,1483,948,10,0,525,38,27,10,0,1,1445,921,0,524
2012-12-31,WASHINGTON EASTERN,WASHINGTON,NINTH CIRCUIT,1274,1018,8,0,248,44,37,6,0,1,1230,981,2,247
2012-12-31,WASHINGTON WESTERN,WASHINGTON,NINTH CIRCUIT,5093,4018,53,1,1021,179,122,43,1,13,4914,3896,10,1008
2012-12-31,WEST VIRGINIA NORTHERN,WEST VIRGINIA,FOURTH CIRCUIT,376,324,1,0,51,10,9,1,0,0,366,315,0,51
2012-12-31,WEST VIRGINIA SOUTHERN,WEST VIRGINIA,FOURTH CIRCUIT,531,463,5,1,62,16,9,5,1,1,515,454,0,61
2012-12-31,WISCONSIN EASTERN,WISCONSIN,SEVENTH CIRCUIT,3830,2689,8,1,1132,89,73,8,1,7,3741,2616,0,1125
2012-12-31,WISCONSIN WESTERN,WISCONSIN,SEVENTH CIRCUIT,1528,1278,9,5,236,57,36,8,5,8,1471,1242,1,228
2012-12-31,WYOMING,WYOMING,TENTH CIRCUIT,272,226,7,0,39,24,16,7,0,1,248,210,0,38
2013-03-31,ALABAMA MIDDLE,ALABAMA,ELEVENTH CIRCUIT,1922,518,5,0,1399,33,23,4,0,6,1889,495,1,1393
2013-03-31,ALABAMA NORTHERN,ALABAMA,ELEVENTH CIRCUIT,3798,1996,17,1,1784,87,67,16,1,3,3711,1929,1,1781
2013-03-31,ALABAMA SOUTHERN,ALABAMA,ELEVENTH CIRCUIT,1134,321,9,0,804,22,12,8,0,2,1112,309,1,802
2013-03-31,ALASKA,ALASKA,NINTH CIRCUIT,161,117,1,0,32,21,7,1,0,2,140,110,0,30
2013-03-31,ARIZONA,ARIZONA,NINTH CIRCUIT,5305,4511,80,2,712,212,135,64,2,11,5093,4376,16,701
2013-03-31,ARKANSAS EASTERN,ARKANSAS,EIGHTH CIRCUIT,2005,955,3,1,1046,22,14,3,1,4,1983,941,0,1042
2013-03-31,ARKANSAS WESTERN,ARKANSAS,EIGHTH CIRCUIT,1237,751,6,2,478,32,23,5,2,2,1205,728,1,476
2013-03-31,CALIFORNIA CENTRAL,CALIFORNIA,NINTH CIRCUIT,21133,16962,167,0,4004,646,503,113,0,30,20487,16459,54,3974
2013-03-31,CALIFORNIA EASTERN,CALIFORNIA,NINTH CIRCUIT,7737,6327,38,8,1364,234,170,25,8,31,7503,6157,13,1333
2013-03-31,CALIFORNIA NORTHERN,CALIFORNIA,NINTH CIRCUIT,5460,3355,62,3,2040,213,152,39,3,19,5247,3203,23,2021
2013-03-31,CALIFORNIA SOUTHERN,CALIFORNIA,NINTH CIRCUIT,3490,2812,28,0,650,129,96,18,0,15,3361,2716,10,635
2013-03-31,COLORADO,COLORADO,TENTH CIRCUIT,5222,4332,35,1,854,180,134,34,1,11,5042,4198,1,843
2013-03-31,CONNECTICUT,CONNECTICUT,SECOND CIRCUIT,1728,1481,29,0,218,90,59,29,0,2,1638,1422,0,216
2013-03-31,DELAWARE,DELAWARE,THIRD CIRCUIT,712,437,114,0,161,137,22,114,0,1,575,415,0,160
2013-03-31,DISTRICT OF COLUMBIA,DISTRICT OF COLUMBIA,DC CIRCUIT,203,166,3,0,34,11,8,2,0,1,192,158,1,33
2013-03-31,FLORIDA MIDDLE,FLORIDA,ELEVENTH CIRCUIT,10386,7494,132,5,2755,440,296,103,5,36,9946,7198,29,2719
2013-03-31,FLORIDA NORTHERN,FLORIDA,ELEVENTH CIRCUIT,884,741,13,3,127,64,47,11,3,3,820,694,2,124
2013-03-31,FLORIDA SOUTHERN,FLORIDA,ELEVENTH CIRCUIT,7670,5102,85,0,2483,259,171,71,0,17,7411,4931,14,2466
2013-03-31,GEORGIA MIDDLE,GEORGIA,ELEVENTH CIRCUIT,2434,1007,6,2,1419,66,48,6,2,10,2368,959,0,1409
2013-03-31,GEORGIA NORTHERN,GEORGIA,ELEVENTH CIRCUIT,10054,6154,69,6,3825,298,210,67,6,15,9756,5944,2,3810
2013-03-31,GEORGIA SOUTHERN,GEORGIA,ELEVENTH CIRCUIT,2077,548,11,2,1516,47,30,11,2,4,2030,518,0,1512
2013-03-31,GUAM,GUAM,NINTH CIRCUIT,41,31,0,0,9,3,2,0,0,0,38,29,0,9
2013-03-31,HAWAII,HAWAII,NINTH CIRCUIT,533,391,6,0,136,30,19,5,0,6,503,372,1,130
2013-03-31,IDAHO,IDAHO,NINTH CIRCUIT,1330,1180,10,3,137,46,34,8,3,1,1284,1146,2,136
2013-03-31,ILLINOIS CENTRAL,ILLINOIS,SEVENTH CIRCUIT,1950,1445,9,0,496,45,35,8,0,2,1905,1410,1,494
2013-03-31,ILLINOIS NORTHERN,ILLINOIS,SEVENTH CIRCUIT,14858,10064,101,0,4693,385,281,85,0,19,14473,9783,16,4674
2013-03-31,ILLINOIS SOUTHERN,ILLINOIS,SEVENTH CIRCUIT,1510,824,9,1,676,28,13,9,1,5,1482,811,0,671
2013-03-31,INDIANA NORTHERN,INDIANA,SEVENTH CIRCUIT,3080,2350,15,0,715,53,36,14,0,3,3027,2314,1,712
2013-03-31,INDIANA SOUTHERN,INDIANA,SEVENTH CIRCUIT,4988,3432,30,0,1526,103,70,26,0,7,4885,3362,4,1519
2013-03-31,IOWA NORTHERN,IOWA,EIGHTH CIRCUIT,486,456,1,1,28,20,16,1,1,2,466,440,0,26
2013-03-31,IOWA SOUTHERN,IOWA,EIGHTH CIRCUIT,928,835,2,1,90,44,41,2,1,0,884,794,0,90
2013-03-31,KANSAS,KANSAS,TENTH CIRCUIT,1857,1189,17,3,648,42,20,15,3,4,1815,1169,2,644
2013-03-31,KENTUCKY EASTERN,KENTUCKY,SIXTH CIRCUIT,2498,1845,24,1,628,57,29,24,1,3,2441,1816,0,625
2013-03-31,KENTUCKY WESTERN,KENTUCKY,SIXTH CIRCUIT,2470,1823,7,0,640,39,29,7,0,3,2431,1794,0,637
2013-03-31,LOUISIANA EASTERN,LOUISIANA,FIFTH CIRCUIT,905,481,4,0,420,55,46,4,0,5,850,435,0,415
2013-03-31,LOUISIANA MIDDLE,LOUISIANA,FIFTH CIRCUIT,431,247,0,0,184,11,11,0,0,0,420,236,0,184
2013-03-31,LOUISIANA WESTERN,LOUISIANA,FIFTH CIRCUIT,2364,599,13,2,1750,25,9,11,2,3,2339,590,2,1747
2013-03-31,MAINE,MAINE,FIRST CIRCUIT,514,409,5,0,100,35,24,5,0,6,479,385,0,94
2013-03-31,MARYLAND,MARYLAND,FOURTH CIRCUIT,5767,4594,40,0,1133,143,99,32,0,12,5624,4495,8,1121
2013-03-31,MASSACHUSETTS,MASSACHUSETTS,FIRST CIRCUIT,3207,2553,33,3,618,92,55,22,3,12,3115,2498,11,606
2013-03-31,MICHIGAN EASTERN,MICHIGAN,SIXTH CIRCUIT,8921,7356,48,6,1511,164,101,40,6,17,8757,7255,8,1494
2013-03-31,MICHIGAN WESTERN,MICHIGAN,SIXTH CIRCUIT,2926,2496,8,1,421,90,75,8,1,6,2836,2421,0,415
2013-03-31,MINNESOTA,MINNESOTA,EIGHTH CIRCUIT,3654,3054,20,3,576,106,79,18,3,6,3548,2975,2,570
2013-03-31,MISSISSIPPI NORTHERN,MISSISSIPPI,FIFTH CIRCUIT,1361,669,14,0,678,38,22,14,0,2,1323,647,0,676
2013-03-31,MISSISSIPPI SOUTHERN,MISSISSIPPI,FIFTH CIRCUIT,1784,1052,8,0,724,47,37,7,0,3,1737,1015,1,721
2013-03-31,MISSOURI EASTERN,MISSOURI,EIGHTH CIRCUIT,3502,2468,6,0,1028,52,42,6,0,4,3450,2426,0,1024
2013-03-31,MISSOURI WESTERN,MISSOURI,EIGHTH CIRCUIT,2513,1828,15,1,669,51,33,12,1,5,2462,1795,3,664
2013-03-31,MONTANA,MONTANA,NINTH CIRCUIT,488,401,5,0,82,26,15,4,0,7,462,386,1,75
2013-03-31,NEBRASKA,NEBRASKA,EIGHTH CIRCUIT,1341,932,16,2,391,49,29,15,2,3,1292,903,1,388
2013-03-31,NEVADA,NEVADA,NINTH CIRCUIT,3602,2931,91,1,579,150,89,55,1,5,3452,2842,36,574
2013-03-31,NEW HAMPSHIRE,NEW HAMPSHIRE,FIRST CIRCUIT,869,631,10,0,228,65,36,7,0,22,804,595,3,206
2013-03-31,NEW JERSEY,NEW JERSEY,THIRD CIRCUIT,7250,5665,88,1,1496,272,170,79,1,22,6978,5495,9,1474
2013-03-31,NEW MEXICO,NEW MEXICO,TENTH CIRCUIT,1110,1012,11,0,87,45,36,9,0,0,1065,976,2,87
2013-03-31,NEW YORK EASTERN,NEW YORK,SECOND CIRCUIT,3546,3138,64,0,340,149,79,63,0,3,3397,3059,1,337
2013-03-31,NEW YORK NORTHERN,NEW YORK,SECOND CIRCUIT,2016,1576,13,2,425,49,26,13,2,8,1967,1550,0,417
2013-03-31,NEW YORK SOUTHERN,NEW YORK,SECOND CIRCUIT,2246,1758,125,0,356,219,82,120,0,10,2027,1676,5,346
2013-03-31,NEW YORK WESTERN,NEW YORK,SECOND CIRCUIT,1420,989,12,0,419,50,30,12,0,8,1370,959,0,411
2013-03-31,NORTH CAROLINA EASTERN,NORTH CAROLINA,FOURTH CIRCUIT,2069,667,28,0,1374,71,42,23,0,6,1998,625,5,1368
2013-03-31,NORTH CAROLINA MIDDLE,NORTH CAROLINA,FOURTH CIRCUIT,1306,567,8,0,731,58,47,7,0,4,1248,520,1,727
2013-03-31,NORTH CAROLINA WESTERN,NORTH CAROLINA,FOURTH CIRCUIT,1483,878,14,1,590,62,38,14,1,9,1421,840,0,581
2013-03-31,NORTH DAKOTA,NORTH DAKOTA,EIGHTH CIRCUIT,199,183,0,0,16,8,7,0,0,1,191,176,0,15
2013-03-31,NORTHERN MARIANAS,NORTHERN MARIANA ISLANDS,NINTH CIRCUIT,3,3,0,0,0,1,1,0,0,0,2,2,0,0
2013-03-31,OHIO NORTHERN,OHIO,SIXTH CIRCUIT,5975,4963,11,2,999,100,80,11,2,7,5875,4883,0,992
2013-03-31,OHIO SOUTHERN,OHIO,SIXTH CIRCUIT,5463,3829,9,0,1625,123,105,7,0,11,5340,3724,2,1614
2013-03-31,OKLAHOMA EASTERN,OKLAHOMA,TENTH CIRCUIT,364,325,0,1,38,12,11,0,1,0,352,314,0,38
2013-03-31,OKLAHOMA NORTHERN,OKLAHOMA,TENTH CIRCUIT,773,674,1,1,97,23,20,1,1,1,750,654,0,96
2013-03-31,OKLAHOMA WESTERN,OKLAHOMA,TENTH CIRCUIT,1517,1210,5,3,298,50,36,5,3,5,1467,1174,0,293
2013-03-31,OREGON,OREGON,NINTH CIRCUIT,3186,2571,11,3,601,77,48,10,3,16,3109,2523,1,585
2013-03-31,PENNSYLVANIA EASTERN,PENNSYLVANIA,THIRD CIRCUIT,2908,1809,32,2,1065,121,68,31,2,20,2787,1741,1,1045
2013-03-31,PENNSYLVANIA MIDDLE,PENNSYLVANIA,THIRD CIRCUIT,1711,1156,9,0,546,50,34,9,0,7,1661,1122,0,539
2013-03-31,PENNSYLVANIA WESTERN,PENNSYLVANIA,THIRD CIRCUIT,2099,1426,22,1,650,65,38,19,1,7,2034,1388,3,643
2013-03-31,PUERTO RICO,PUERTO RICO,FIRST CIRCUIT,2529,885,50,6,1588,102,38,48,6,10,2427,847,2,1578
2013-03-31,RHODE ISLAND,RHODE ISLAND,FIRST CIRCUIT,869,752,3,0,114,33,30,2,0,1,836,722,1,113
2013-03-31,SOUTH CAROLINA,SOUTH CAROLINA,FOURTH CIRCUIT,1984,824,25,0,1135,67,44,21,0,2,1917,780,4,1133
2013-03-31,SOUTH DAKOTA,SOUTH DAKOTA,EIGHTH CIRCUIT,313,285,1,1,26,17,10,1,1,5,296,275,0,21
2013-03-31,TENNESSEE EASTERN,TENNESSEE,SIXTH CIRCUIT,3464,2105,21,3,1335,72,47,18,3,4,3392,2058,3,1331
2013-03-31,TENNESSEE MIDDLE,TENNESSEE,SIXTH CIRCUIT,2991,1927,23,2,1039,69,49,15,2,3,2922,1878,8,1036
2013-03-31,TENNESSEE WESTERN,TENNESSEE,SIXTH CIRCUIT,4291,1401,24,0,2866,47,22,21,0,4,4244,1379,3,2862
2013-03-31,TEXAS EASTERN,TEXAS,FIFTH CIRCUIT,1471,692,19,0,760,84,64,16,0,4,1387,628,3,756
2013-03-31,TEXAS NORTHERN,TEXAS,FIFTH CIRCUIT,3668,1683,41,0,1943,178,115,39,0,23,3490,1568,2,1920
2013-03-31,TEXAS SOUTHERN,TEXAS,FIFTH CIRCUIT,2531,969,24,0,1538,130,96,22,0,12,2401,873,2,1526
2013-03-31,TEXAS WESTERN,TEXAS,FIFTH CIRCUIT,2346,1252,57,0,1037,164,94,52,0,18,2182,1158,5,1019
2013-03-31,UTAH,UTAH,TENTH CIRCUIT,3551,2332,8,0,1211,73,54,8,0,11,3478,2278,0,1200
2013-03-31,VERMONT,VERMONT,SECOND CIRCUIT,234,189,0,0,45,7,7,0,0,0,227,182,0,45
2013-03-31,VIRGIN ISLANDS,VIRGIN ISLANDS,THIRD CIRCUIT,3,2,0,0,1,1,1,0,0,0,2,1,0,1
2013-03-31,VIRGINIA EASTERN,VIRGINIA,FOURTH CIRCUIT,4962,3095,30,1,1836,112,83,21,1,7,4850,3012,9,1829
2013-03-31,VIRGINIA WESTERN,VIRGINIA,FOURTH CIRCUIT,1671,1144,7,1,519,37,27,7,1,2,1634,1117,0,517
2013-03-31,WASHINGTON EASTERN,WASHINGTON,NINTH CIRCUIT,1381,1091,10,0,280,33,22,9,0,2,1348,1069,1,278
2013-03-31,WASHINGTON WESTERN,WASHINGTON,NINTH CIRCUIT,5263,4178,34,0,1049,164,121,28,0,13,5099,4057,6,1036
2013-03-31,WEST VIRGINIA NORTHERN,WEST VIRGINIA,FOURTH CIRCUIT,432,375,0,0,57,12,11,0,0,1,420,364,0,56
2013-03-31,WEST VIRGINIA SOUTHERN,WEST VIRGINIA,FOURTH CIRCUIT,522,449,6,0,67,15,8,6,0,1,507,441,0,66
2013-03-31,WISCONSIN EASTERN,WISCONSIN,SEVENTH CIRCUIT,3955,2874,9,1,1071,83,60,8,1,14,3872,2814,1,1057
2013-03-31,WISCONSIN WESTERN,WISCONSIN,SEVENTH CIRCUIT,1513,1278,7,6,222,55,37,4,6,8,1458,1241,3,214
2013-03-31,WYOMING,WYOMING,TENTH CIRCUIT,278,249,3,0,26,15,11,3,0,1,263,238,0,25
2013-06-30,ALABAMA MIDDLE,ALABAMA,ELEVENTH CIRCUIT,1916,465,9,3,1439,27,15,9,3,0,1889,450,0,1439
2013-06-30,ALABAMA NORTHERN,ALABAMA,ELEVENTH CIRCUIT,3706,1784,15,0,1907,57,42,13,0,2,3649,1742,2,1905
2013-06-30,ALABAMA SOUTHERN,ALABAMA,ELEVENTH CIRCUIT,1202,404,3,0,795,20,14,2,0,4,1182,390,1,791
2013-06-30,ALASKA,ALASKA,NINTH CIRCUIT,181,146,3,0,32,13,8,3,0,2,168,138,0,30
2013-06-30,ARIZONA,ARIZONA,NINTH CIRCUIT,6857,5955,92,0,810,236,151,71,0,14,6621,5804,21,796
2013-06-30,ARKANSAS EASTERN,ARKANSAS,EIGHTH CIRCUIT,1989,900,9,2,1078,47,31,8,2,6,1942,869,1,1072
2013-06-30,ARKANSAS WESTERN,ARKANSAS,EIGHTH CIRCUIT,1179,726,9,1,443,39,24,8,1,6,1140,702,1,437
2013-06-30,CALIFORNIA CENTRAL,CALIFORNIA,NINTH CIRCUIT,20887,17199,180,2,3505,700,553,114,2,30,20187,16646,66,3475
2013-06-30,CALIFORNIA EASTERN,CALIFORNIA,NINTH CIRCUIT,8600,6641,44,5,1910,238,178,31,5,24,8362,6463,13,1886
2013-06-30,CALIFORNIA NORTHERN,CALIFORNIA,NINTH CIRCUIT,5095,3183,53,5,1853,193,129,31,5,27,4902,3054,22,1826
2013-06-30,CALIFORNIA SOUTHERN,CALIFORNIA,NINTH CIRCUIT,3553,2874,20,0,659,109,80,13,0,16,3444,2794,7,643
2013-06-30,COLORADO,COLORADO,TENTH CIRCUIT,6396,5468,21,1,902,187,154,20,1,8,6209,5314,1,894
2013-06-30,CONNECTICUT,CONNECTICUT,SECOND CIRCUIT,1983,1707,23,0,253,70,49,17,0,4,1913,1658,6,249
2013-06-30,DELAWARE,DELAWARE,THIRD CIRCUIT,1014,533,282,0,192,348,57,282,0,2,666,476,0,190
2013-06-30,DISTRICT OF COLUMBIA,DISTRICT OF COLUMBIA,DC CIRCUIT,222,176,11,0,35,18,7,10,0,1,204,169,1,34
2013-06-30,FLORIDA MIDDLE,FLORIDA,ELEVENTH CIRCUIT,11153,8014,116,4,3018,436,301,91,4,39,10717,7713,25,2979
2013-06-30,FLORIDA NORTHERN,FLORIDA,ELEVENTH CIRCUIT,867,720,13,2,132,62,44,11,2,5,805,676,2,127
2013-06-30,FLORIDA SOUTHERN,FLORIDA,ELEVENTH CIRCUIT,8458,5659,91,3,2704,261,157,79,3,21,8197,5502,12,2683
2013-06-30,GEORGIA MIDDLE,GEORGIA,ELEVENTH CIRCUIT,2373,898,16,0,1459,72,49,15,0,8,2301,849,1,1451
2013-06-30,GEORGIA NORTHERN,GEORGIA,ELEVENTH CIRCUIT,10369,6082,62,1,4224,297,210,60,1,26,10072,5872,2,4198
2013-06-30,GEORGIA SOUTHERN,GEORGIA,ELEVENTH CIRCUIT,2136,503,6,0,1627,39,26,6,0,7,2097,477,0,1620
2013-06-30,GUAM,GUAM,NINTH CIRCUIT,42,38,0,0,4,1,1,0,0,0,41,37,0,4
2013-06-30,HAWAII,HAWAII,NINTH CIRCUIT,600,453,4,0,143,19,13,3,0,3,581,440,1,140
2013-06-30,IDAHO,IDAHO,NINTH CIRCUIT,1617,1499,4,1,113,38,31,4,1,2,1579,1468,0,111
2013-06-30,ILLINOIS CENTRAL,ILLINOIS,SEVENTH CIRCUIT,1853,1504,8,0,341,46,30,8,0,8,1807,1474,0,333
2013-06-30,ILLINOIS NORTHERN,ILLINOIS,SEVENTH CIRCUIT,14964,10238,71,0,4655,397,312,65,0,20,14567,9926,6,4635
2013-06-30,ILLINOIS SOUTHERN,ILLINOIS,SEVENTH CIRCUIT,1161,790,1,0,370,23,19,1,0,3,1138,771,0,367
2013-06-30,INDIANA NORTHERN,INDIANA,SEVENTH CIRCUIT,4397,3489,8,1,899,52,39,7,1,5,4345,3450,1,894
2013-06-30,INDIANA SOUTHERN,INDIANA,SEVENTH CIRCUIT,5710,4170,16,1,1523,96,75,16,1,4,5614,4095,0,1519
2013-06-30,IOWA NORTHERN,IOWA,EIGHTH CIRCUIT,636,603,0,1,32,27,25,0,1,1,609,578,0,31
2013-06-30,IOWA SOUTHERN,IOWA,EIGHTH CIRCUIT,1017,906,3,0,108,44,41,3,0,0,973,865,0,108
2013-06-30,KANSAS,KANSAS,TENTH CIRCUIT,2452,1559,9,3,881,49,33,8,3,5,2403,1526,1,876
2013-06-30,KENTUCKY EASTERN,KENTUCKY,SIXTH CIRCUIT,2333,1701,6,0,626,37,25,6,0,6,2296,1676,0,620
2013-06-30,KENTUCKY WESTERN,KENTUCKY,SIXTH CIRCUIT,2413,1744,13,0,656,46,28,12,0,6,2367,1716,1,650
2013-06-30,LOUISIANA EASTERN,LOUISIANA,FIFTH CIRCUIT,1036,577,12,0,447,63,44,11,0,8,973,533,1,439
2013-06-30,LOUISIANA MIDDLE,LOUISIANA,FIFTH CIRCUIT,494,278,4,0,212,15,11,3,0,1,479,267,1,211
2013-06-30,LOUISIANA WESTERN,LOUISIANA,FIFTH CIRCUIT,2642,680,11,2,1949,34,20,7,2,5,2608,660,4,1944
2013-06-30,MAINE,MAINE,FIRST CIRCUIT,743,613,9,2,119,45,25,8,2,10,698,588,1,109
2013-06-30,MARYLAND,MARYLAND,FOURTH CIRCUIT,6188,4654,49,1,1484,132,88,31,1,12,6056,4566,18,1472
2013-06-30,MASSACHUSETTS,MASSACHUSETTS,FIRST CIRCUIT,3463,2730,28,10,695,113,78,19,10,6,3350,2652,9,689
2013-06-30,MICHIGAN EASTERN,MICHIGAN,SIXTH CIRCUIT,8665,7177,55,3,1430,193,114,54,3,22,8472,7063,1,1408
2013-06-30,MICHIGAN WESTERN,MICHIGAN,SIXTH CIRCUIT,2872,2461,8,3,400,78,58,6,3,11,2794,2403,2,389
2013-06-30,MINNESOTA,MINNESOTA,EIGHTH CIRCUIT,4002,3345,18,0,639,112,90,16,0,6,3890,3255,2,633
2013-06-30,MISSISSIPPI NORTHERN,MISSISSIPPI,FIFTH CIRCUIT,1371,594,5,0,772,23,16,5,0,2,1348,578,0,770
2013-06-30,MISSISSIPPI SOUTHERN,MISSISSIPPI,FIFTH CIRCUIT,1717,1042,4,1,670,43,36,3,1,3,1674,1006,1,667
2013-06-30,MISSOURI EASTERN,MISSOURI,EIGHTH CIRCUIT,3810,2793,4,0,1013,61,58,3,0,0,3749,2735,1,1013
2013-06-30,MISSOURI WESTERN,MISSOURI,EIGHTH CIRCUIT,2870,2141,15,1,713,73,52,15,1,5,2797,2089,0,708
2013-06-30,MONTANA,MONTANA,NINTH CIRCUIT,542,482,0,1,59,14,11,0,1,2,528,471,0,57
2013-06-30,NEBRASKA,NEBRASKA,EIGHTH CIRCUIT,1451,1016,3,5,426,37,26,3,5,2,1414,990,0,424
2013-06-30,NEVADA,NEVADA,NINTH CIRCUIT,3964,3207,76,1,680,145,91,45,1,8,3819,3116,31,672
2013-06-30,NEW HAMPSHIRE,NEW HAMPSHIRE,FIRST CIRCUIT,876,672,12,0,192,73,45,10,0,18,803,627,2,174
2013-06-30,NEW JERSEY,NEW JERSEY,THIRD CIRCUIT,7913,6125,71,0,1717,236,160,59,0,17,7677,5965,12,1700
2013-06-30,NEW MEXICO,NEW MEXICO,TENTH CIRCUIT,1241,1090,10,0,141,38,26,9,0,3,1203,1064,1,138
2013-06-30,NEW YORK EASTERN,NEW YORK,SECOND CIRCUIT,4079,3584,78,0,417,178,97,75,0,6,3901,3487,3,411
2013-06-30,NEW YORK NORTHERN,NEW YORK,SECOND CIRCUIT,2123,1724,6,1,392,48,36,5,1,6,2075,1688,1,386
2013-06-30,NEW YORK SOUTHERN,NEW YORK,SECOND CIRCUIT,2576,2120,75,0,375,144,64,67,0,7,2432,2056,8,368
2013-06-30,NEW YORK WESTERN,NEW YORK,SECOND CIRCUIT,1558,1137,9,0,412,50,34,8,0,8,1508,1103,1,404
2013-06-30,NORTH CAROLINA EASTERN,NORTH CAROLINA,FOURTH CIRCUIT,2090,666,32,1,1391,80,40,28,1,11,2010,626,4,1380
2013-06-30,NORTH CAROLINA MIDDLE,NORTH CAROLINA,FOURTH CIRCUIT,1215,531,5,0,679,40,29,5,0,6,1175,502,0,673
2013-06-30,NORTH CAROLINA WESTERN,NORTH CAROLINA,FOURTH CIRCUIT,1556,928,10,1,617,59,45,9,1,4,1497,883,1,613
2013-06-30,NORTH DAKOTA,NORTH DAKOTA,EIGHTH CIRCUIT,262,240,3,0,19,13,10,3,0,0,249,230,0,19
2013-06-30,NORTHERN MARIANAS,NORTHERN MARIANA ISLANDS,NINTH CIRCUIT,0,0,0,0,0,0,0,0,0,0,0,0,0,0
2013-06-30,OHIO NORTHERN,OHIO,SIXTH CIRCUIT,8436,6484,20,3,1929,167,127,17,3,20,8269,6357,3,1909
2013-06-30,OHIO SOUTHERN,OHIO,SIXTH CIRCUIT,5987,4424,23,6,1534,128,90,21,6,11,5859,4334,2,1523
2013-06-30,OKLAHOMA EASTERN,OKLAHOMA,TENTH CIRCUIT,459,419,2,0,38,15,13,2,0,0,444,406,0,38
2013-06-30,OKLAHOMA NORTHERN,OKLAHOMA,TENTH CIRCUIT,856,776,2,0,78,26,23,2,0,1,830,753,0,77
2013-06-30,OKLAHOMA WESTERN,OKLAHOMA,TENTH CIRCUIT,1690,1370,8,2,310,44,32,7,2,3,1646,1338,1,307
2013-06-30,OREGON,OREGON,NINTH CIRCUIT,3876,3157,15,1,703,109,81,13,1,14,3767,3076,2,689
2013-06-30,PENNSYLVANIA EASTERN,PENNSYLVANIA,THIRD CIRCUIT,3005,1884,31,2,1088,116,68,28,2,18,2889,1816,3,1070
2013-06-30,PENNSYLVANIA MIDDLE,PENNSYLVANIA,THIRD CIRCUIT,1786,1201,14,1,570,61,35,12,1,13,1725,1166,2,557
2013-06-30,PENNSYLVANIA WESTERN,PENNSYLVANIA,THIRD CIRCUIT,2309,1538,26,2,743,81,49,25,2,5,2228,1489,1,738
2013-06-30,PUERTO RICO,PUERTO RICO,FIRST CIRCUIT,3222,1052,58,2,2110,98,29,49,2,18,3124,1023,9,2092
2013-06-30,RHODE ISLAND,RHODE ISLAND,FIRST CIRCUIT,945,803,1,0,141,28,25,1,0,2,917,778,0,139
2013-06-30,SOUTH CAROLINA,SOUTH CAROLINA,FOURTH CIRCUIT,1849,780,18,3,1048,61,40,16,3,2,1788,740,2,1046
2013-06-30,SOUTH DAKOTA,SOUTH DAKOTA,EIGHTH CIRCUIT,363,329,0,3,31,13,8,0,3,2,350,321,0,29
2013-06-30,TENNESSEE EASTERN,TENNESSEE,SIXTH CIRCUIT,3479,1924,20,1,1534,85,59,18,1,7,3394,1865,2,1527
2013-06-30,TENNESSEE MIDDLE,TENNESSEE,SIXTH CIRCUIT,2832,1642,30,0,1160,67,46,20,0,1,2765,1596,10,1159
2013-06-30,TENNESSEE WESTERN,TENNESSEE,SIXTH CIRCUIT,4378,1223,13,0,3142,40,27,9,0,4,4338,1196,4,3138
2013-06-30,TEXAS EASTERN,TEXAS,FIFTH CIRCUIT,1433,713,16,0,704,90,70,15,0,5,1343,643,1,699
2013-06-30,TEXAS NORTHERN,TEXAS,FIFTH CIRCUIT,3725,1598,47,2,2078,190,127,43,2,18,3535,1471,4,2060
2013-06-30,TEXAS SOUTHERN,TEXAS,FIFTH CIRCUIT,2825,1143,71,1,1610,181,96,70,1,14,2644,1047,1,1596
2013-06-30,TEXAS WESTERN,TEXAS,FIFTH CIRCUIT,2420,1256,32,1,1131,150,108,27,1,14,2270,1148,5,1117
2013-06-30,UTAH,UTAH,TENTH CIRCUIT,4044,2827,5,0,1212,71,61,5,0,5,3973,2766,0,1207
2013-06-30,VERMONT,VERMONT,SECOND CIRCUIT,244,196,1,1,46,16,12,1,1,2,228,184,0,44
2013-06-30,VIRGIN ISLANDS,VIRGIN ISLANDS,THIRD CIRCUIT,8,6,0,0,2,2,2,0,0,0,6,4,0,2
2013-06-30,VIRGINIA EASTERN,VIRGINIA,FOURTH CIRCUIT,5347,3397,36,0,1914,117,81,28,0,8,5230,3316,8,1906
2013-06-30,VIRGINIA WESTERN,VIRGINIA,FOURTH CIRCUIT,1679,1140,9,0,530,21,14,6,0,1,1658,1126,3,529
2013-06-30,WASHINGTON EASTERN,WASHINGTON,NINTH CIRCUIT,1355,1091,5,1,258,25,19,4,1,1,1330,1072,1,257
2013-06-30,WASHINGTON WESTERN,WASHINGTON,NINTH CIRCUIT,5504,4308,37,0,1159,163,126,26,0,11,5341,4182,11,1148
2013-06-30,WEST VIRGINIA NORTHERN,WEST VIRGINIA,FOURTH CIRCUIT,448,371,2,0,75,17,15,2,0,0,431,356,0,75
2013-06-30,WEST VIRGINIA SOUTHERN,WEST VIRGINIA,FOURTH CIRCUIT,588,474,12,0,102,28,15,11,0,2,560,459,1,100
2013-06-30,WISCONSIN EASTERN,WISCONSIN,SEVENTH CIRCUIT,5224,3850,7,0,1367,98,77,7,0,14,5126,3773,0,1353
2013-06-30,WISCONSIN WESTERN,WISCONSIN,SEVENTH CIRCUIT,1836,1537,5,6,288,63,46,5,6,6,1773,1491,0,282
2013-06-30,WYOMING,WYOMING,TENTH CIRCUIT,386,342,4,0,40,19,13,4,0,2,367,329,0,38
2013-09-30,ALABAMA MIDDLE,ALABAMA,ELEVENTH CIRCUIT,2168,423,7,1,1737,24,14,7,1,2,2144,409,0,1735
2013-09-30,ALABAMA NORTHERN,ALABAMA,ELEVENTH CIRCUIT,3878,1678,12,1,2187,61,45,9,1,6,3817,1633,3,2181
2013-09-30,ALABAMA SOUTHERN,ALABAMA,ELEVENTH CIRCUIT,1208,391,3,0,814,16,10,3,0,3,1192,381,0,811
2013-09-30,ALASKA,ALASKA,NINTH CIRCUIT,142,122,1,0,19,15,13,1,0,1,127,109,0,18
2013-09-30,ARIZONA,ARIZONA,NINTH CIRCUIT,6072,5240,77,0,751,234,163,59,0,8,5838,5077,18,743
2013-09-30,ARKANSAS EASTERN,ARKANSAS,EIGHTH CIRCUIT,1968,781,7,0,1179,39,29,7,0,2,1929,752,0,1177
2013-09-30,ARKANSAS WESTERN,ARKANSAS,EIGHTH CIRCUIT,1189,599,9,5,576,51,32,7,5,7,1138,567,2,569
2013-09-30,CALIFORNIA CENTRAL,CALIFORNIA,NINTH CIRCUIT,18048,14539,228,0,3281,709,496,176,0,37,17339,14043,52,3244
2013-09-30,CALIFORNIA EASTERN,CALIFORNIA,NINTH CIRCUIT,6634,5424,24,5,1181,177,138,12,5,22,6457,5286,12,1159
2013-09-30,CALIFORNIA NORTHERN,CALIFORNIA,NINTH CIRCUIT,4662,2812,44,2,1804,183,122,28,2,31,4479,2690,16,1773
2013-09-30,CALIFORNIA SOUTHERN,CALIFORNIA,NINTH CIRCUIT,3042,2455,17,0,569,103,73,11,0,18,2939,2382,6,551
2013-09-30,COLORADO,COLORADO,TENTH CIRCUIT,6347,5258,37,0,1052,215,166,32,0,17,6132,5092,5,1035
2013-09-30,CONNECTICUT,CONNECTICUT,SECOND CIRCUIT,1823,1515,30,0,278,83,51,26,0,6,1740,1464,4,272
2013-09-30,DELAWARE,DELAWARE,THIRD CIRCUIT,909,457,254,0,188,280,15,254,0,1,629,442,0,187
2013-09-30,DISTRICT OF COLUMBIA,DISTRICT OF COLUMBIA,DC CIRCUIT,228,188,16,0,24,25,10,14,0,1,203,178,2,23
2013-09-30,FLORIDA MIDDLE,FLORIDA,ELEVENTH CIRCUIT,10494,7359,114,2,3019,388,259,99,2,28,10106,7100,15,2991
2013-09-30,FLORIDA NORTHERN,FLORIDA,ELEVENTH CIRCUIT,856,700,14,0,142,53,41,8,0,4,803,659,6,138
2013-09-30,FLORIDA SOUTHERN,FLORIDA,ELEVENTH CIRCUIT,8242,5304,62,2,2873,215,150,49,2,13,8027,5154,13,2860
2013-09-30,GEORGIA MIDDLE,GEORGIA,ELEVENTH CIRCUIT,2757,835,9,1,1912,72,53,8,1,10,2685,782,1,1902
2013-09-30,GEORGIA NORTHERN,GEORGIA,ELEVENTH CIRCUIT,10144,5509,59,2,4574,237,160,55,2,20,9907,5349,4,4554
2013-09-30,GEORGIA SOUTHERN,GEORGIA,ELEVENTH CIRCUIT,2360,471,21,0,1868,49,28,21,0,0,2311,443,0,1868
2013-09-30,GUAM,GUAM,NINTH CIRCUIT,39,28,1,0,10,5,3,1,0,1,34,25,0,9
2013-09-30,HAWAII,HAWAII,NINTH CIRCUIT,506,375,7,0,124,28,22,5,0,1,478,353,2,123
2013-09-30,IDAHO,IDAHO,NINTH CIRCUIT,1353,1234,5,0,114,43,37,4,0,2,1310,1197,1,112
2013-09-30,ILLINOIS CENTRAL,ILLINOIS,SEVENTH CIRCUIT,1569,1213,6,0,350,23,17,5,0,1,1546,1196,1,349
2013-09-30,ILLINOIS NORTHERN,ILLINOIS,SEVENTH CIRCUIT,13167,8290,69,0,4808,288,207,63,0,18,12879,8083,6,4790
2013-09-30,ILLINOIS SOUTHERN,ILLINOIS,SEVENTH CIRCUIT,1158,735,0,0,423,11,9,0,0,2,1147,726,0,421
2013-09-30,INDIANA NORTHERN,INDIANA,SEVENTH CIRCUIT,3349,2509,7,4,829,48,29,7,4,8,3301,2480,0,821
2013-09-30,INDIANA SOUTHERN,INDIANA,SEVENTH CIRCUIT,5183,3512,19,0,1652,111,84,19,0,8,5072,3428,0,1644
2013-09-30,IOWA NORTHERN,IOWA,EIGHTH CIRCUIT,570,536,0,0,34,16,16,0,0,0,554,520,0,34
2013-09-30,IOWA SOUTHERN,IOWA,EIGHTH CIRCUIT,879,780,1,0,98,27,24,1,0,2,852,756,0,96
2013-09-30,KANSAS,KANSAS,TENTH CIRCUIT,2316,1421,12,2,881,37,14,12,2,9,2279,1407,0,872
2013-09-30,KENTUCKY EASTERN,KENTUCKY,SIXTH CIRCUIT,2236,1622,6,2,606,44,32,5,2,5,2192,1590,1,601
2013-09-30,KENTUCKY WESTERN,KENTUCKY,SIXTH CIRCUIT,2262,1587,9,3,661,53,31,9,3,8,2209,1556,0,653
2013-09-30,LOUISIANA EASTERN,LOUISIANA,FIFTH CIRCUIT,891,442,12,0,437,44,30,12,0,2,847,412,0,435
2013-09-30,LOUISIANA MIDDLE,LOUISIANA,FIFTH CIRCUIT,446,238,2,0,206,10,8,2,0,0,436,230,0,206
2013-09-30,LOUISIANA WESTERN,LOUISIANA,FIFTH CIRCUIT,2865,589,9,0,2267,33,21,6,0,6,2832,568,3,2261
2013-09-30,MAINE,MAINE,FIRST CIRCUIT,648,545,6,1,96,33,23,6,1,3,615,522,0,93
2013-09-30,MARYLAND,MARYLAND,FOURTH CIRCUIT,5844,4244,55,2,1543,150,98,42,2,8,5694,4146,13,1535
2013-09-30,MASSACHUSETTS,MASSACHUSETTS,FIRST CIRCUIT,3116,2399,22,10,685,114,76,10,10,18,3002,2323,12,667
2013-09-30,MICHIGAN EASTERN,MICHIGAN,SIXTH CIRCUIT,7313,5861,26,3,1422,145,101,23,3,17,7168,5760,3,1405
2013-09-30,MICHIGAN WESTERN,MICHIGAN,SIXTH CIRCUIT,2552,2130,17,3,402,88,65,15,3,5,2464,2065,2,397
2013-09-30,MINNESOTA,MINNESOTA,EIGHTH CIRCUIT,3546,2925,16,4,601,110,80,13,4,13,3436,2845,3,588
2013-09-30,MISSISSIPPI NORTHERN,MISSISSIPPI,FIFTH CIRCUIT,1492,549,2,1,940,31,22,2,1,6,1461,527,0,934
2013-09-30,MISSISSIPPI SOUTHERN,MISSISSIPPI,FIFTH CIRCUIT,2219,989,6,0,1224,44,35,6,0,3,2175,954,0,1221
2013-09-30,MISSOURI EASTERN,MISSOURI,EIGHTH CIRCUIT,3420,2386,7,0,1027,58,48,7,0,3,3362,2338,0,1024
2013-09-30,MISSOURI WESTERN,MISSOURI,EIGHTH CIRCUIT,2582,1854,6,2,720,58,44,5,2,7,2524,1810,1,713
2013-09-30,MONTANA,MONTANA,NINTH CIRCUIT,411,340,4,0,67,20,14,4,0,2,391,326,0,65
2013-09-30,NEBRASKA,NEBRASKA,EIGHTH CIRCUIT,1222,829,7,2,383,36,23,7,2,3,1186,806,0,380
2013-09-30,NEVADA,NEVADA,NINTH CIRCUIT,3359,2728,56,0,575,122,80,38,0,4,3237,2648,18,571
2013-09-30,NEW HAMPSHIRE,NEW HAMPSHIRE,FIRST CIRCUIT,746,579,5,0,162,45,28,4,0,13,701,551,1,149
2013-09-30,NEW JERSEY,NEW JERSEY,THIRD CIRCUIT,7227,5420,80,0,1727,203,118,70,0,15,7024,5302,10,1712
2013-09-30,NEW MEXICO,NEW MEXICO,TENTH CIRCUIT,1020,930,6,0,84,34,28,4,0,2,986,902,2,82
2013-09-30,NEW YORK EASTERN,NEW YORK,SECOND CIRCUIT,3409,2985,50,0,374,134,80,46,0,8,3275,2905,4,366
2013-09-30,NEW YORK NORTHERN,NEW YORK,SECOND CIRCUIT,1849,1460,7,2,380,35,22,6,2,5,1814,1438,1,375
2013-09-30,NEW YORK SOUTHERN,NEW YORK,SECOND CIRCUIT,2299,1811,118,1,367,193,71,112,1,7,2106,1740,6,360
2013-09-30,NEW YORK WESTERN,NEW YORK,SECOND CIRCUIT,1367,969,9,2,387,58,36,9,2,11,1309,933,0,376
2013-09-30,NORTH CAROLINA EASTERN,NORTH CAROLINA,FOURTH CIRCUIT,2102,650,40,0,1412,89,46,34,0,9,2013,604,6,1403
2013-09-30,NORTH CAROLINA MIDDLE,NORTH CAROLINA,FOURTH CIRCUIT,1258,563,8,2,685,60,43,8,2,7,1198,520,0,678
2013-09-30,NORTH CAROLINA WESTERN,NORTH CAROLINA,FOURTH CIRCUIT,1354,774,18,2,560,56,30,16,2,8,1298,744,2,552
2013-09-30,NORTH DAKOTA,NORTH DAKOTA,EIGHTH CIRCUIT,201,177,1,0,23,9,8,1,0,0,192,169,0,23
2013-09-30,NORTHERN MARIANAS,NORTHERN MARIANA ISLANDS,NINTH CIRCUIT,0,0,0,0,0,0,0,0,0,0,0,0,0,0
2013-09-30,OHIO NORTHERN,OHIO,SIXTH CIRCUIT,6054,4999,8,0,1047,84,68,8,0,8,5970,4931,0,1039
2013-09-30,OHIO SOUTHERN,OHIO,SIXTH CIRCUIT,5395,3782,10,0,1603,88,67,8,0,13,5307,3715,2,1590
2013-09-30,OKLAHOMA EASTERN,OKLAHOMA,TENTH CIRCUIT,430,395,0,0,35,9,9,0,0,0,421,386,0,35
2013-09-30,OKLAHOMA NORTHERN,OKLAHOMA,TENTH CIRCUIT,792,691,2,0,99,19,16,2,0,1,773,675,0,98
2013-09-30,OKLAHOMA WESTERN,OKLAHOMA,TENTH CIRCUIT,1454,1155,5,2,292,34,24,5,2,3,1420,1131,0,289
2013-09-30,OREGON,OREGON,NINTH CIRCUIT,3461,2810,7,4,640,94,69,7,4,14,3367,2741,0,626
2013-09-30,PENNSYLVANIA EASTERN,PENNSYLVANIA,THIRD CIRCUIT,3353,1744,37,0,1571,112,62,35,0,14,3241,1682,2,1557
2013-09-30,PENNSYLVANIA MIDDLE,PENNSYLVANIA,THIRD CIRCUIT,1699,1143,17,0,539,57,28,16,0,13,1642,1115,1,526
2013-09-30,PENNSYLVANIA WESTERN,PENNSYLVANIA,THIRD CIRCUIT,2243,1383,32,1,827,98,58,26,1,13,2145,1325,6,814
2013-09-30,PUERTO RICO,PUERTO RICO,FIRST CIRCUIT,2716,986,52,7,1671,102,41,40,7,14,2614,945,12,1657
2013-09-30,RHODE ISLAND,RHODE ISLAND,FIRST CIRCUIT,872,722,1,0,149,27,23,1,0,3,845,699,0,146
2013-09-30,SOUTH CAROLINA,SOUTH CAROLINA,FOURTH CIRCUIT,1920,800,11,0,1109,60,47,10,0,3,1860,753,1,1106
2013-09-30,SOUTH DAKOTA,SOUTH DAKOTA,EIGHTH CIRCUIT,355,324,2,0,29,17,14,2,0,1,338,310,0,28
2013-09-30,TENNESSEE EASTERN,TENNESSEE,SIXTH CIRCUIT,3345,1701,12,0,1632,49,38,9,0,2,3296,1663,3,1630
2013-09-30,TENNESSEE MIDDLE,TENNESSEE,SIXTH CIRCUIT,2933,1579,25,2,1327,50,28,17,2,3,2883,1551,8,1324
2013-09-30,TENNESSEE WESTERN,TENNESSEE,SIXTH CIRCUIT,4627,1107,11,0,3509,37,18,10,0,9,4590,1089,1,3500
2013-09-30,TEXAS EASTERN,TEXAS,FIFTH CIRCUIT,1457,638,15,1,803,87,67,14,1,5,1370,571,1,798
2013-09-30,TEXAS NORTHERN,TEXAS,FIFTH CIRCUIT,3852,1554,83,2,2213,236,129,81,2,24,3616,1425,2,2189
2013-09-30,TEXAS SOUTHERN,TEXAS,FIFTH CIRCUIT,2938,1119,56,0,1763,152,84,51,0,17,2786,1035,5,1746
2013-09-30,TEXAS WESTERN,TEXAS,FIFTH CIRCUIT,2521,1217,18,0,1286,145,107,17,0,21,2376,1110,1,1265
2013-09-30,UTAH,UTAH,TENTH CIRCUIT,3760,2578,18,1,1163,80,64,14,1,1,3680,2514,4,1162
2013-09-30,VERMONT,VERMONT,SECOND CIRCUIT,221,166,0,0,55,6,6,0,0,0,215,160,0,55
2013-09-30,VIRGIN ISLANDS,VIRGIN ISLANDS,THIRD CIRCUIT,5,5,0,0,0,3,3,0,0,0,2,2,0,0
2013-09-30,VIRGINIA EASTERN,VIRGINIA,FOURTH CIRCUIT,4925,2931,42,0,1952,121,80,35,0,6,4804,2851,7,1946
2013-09-30,VIRGINIA WESTERN,VIRGINIA,FOURTH CIRCUIT,1505,975,5,2,523,33,27,4,2,0,1472,948,1,523
2013-09-30,WASHINGTON EASTERN,WASHINGTON,NINTH CIRCUIT,1243,972,4,0,267,25,20,2,0,3,1218,952,2,264
2013-09-30,WASHINGTON WESTERN,WASHINGTON,NINTH CIRCUIT,4615,3584,38,0,993,148,117,24,0,7,4467,3467,14,986
2013-09-30,WEST VIRGINIA NORTHERN,WEST VIRGINIA,FOURTH CIRCUIT,371,309,7,0,55,13,7,6,0,0,358,302,1,55
2013-09-30,WEST VIRGINIA SOUTHERN,WEST VIRGINIA,FOURTH CIRCUIT,496,434,4,0,58,12,7,4,0,1,484,427,0,57
2013-09-30,WISCONSIN EASTERN,WISCONSIN,SEVENTH CIRCUIT,4059,2897,5,2,1155,73,60,4,2,7,3986,2837,1,1148
2013-09-30,WISCONSIN WESTERN,WISCONSIN,SEVENTH CIRCUIT,1529,1252,6,4,267,55,38,5,4,8,1474,1214,1,259
2013-09-30,WYOMING,WYOMING,TENTH CIRCUIT,305,270,2,0,33,18,17,1,0,0,287,253,1,33
2013-12-31,ALABAMA MIDDLE,ALABAMA,ELEVENTH CIRCUIT,1922,366,3,0,1553,27,22,3,0,2,1895,344,0,1551
2013-12-31,ALABAMA NORTHERN,ALABAMA,ELEVENTH CIRCUIT,3302,1553,12,0,1737,73,59,11,0,3,3229,1494,1,1734
2013-12-31,ALABAMA SOUTHERN,ALABAMA,ELEVENTH CIRCUIT,1116,303,7,0,806,20,11,5,0,4,1096,292,2,802
2013-12-31,ALASKA,ALASKA,NINTH CIRCUIT,109,91,1,0,17,13,10,1,0,2,96,81,0,15
2013-12-31,ARIZONA,ARIZONA,NINTH CIRCUIT,5143,4385,54,2,702,184,131,43,2,8,4959,4254,11,694
2013-12-31,ARKANSAS EASTERN,ARKANSAS,EIGHTH CIRCUIT,1702,712,3,0,987,35,23,3,0,9,1667,689,0,978
2013-12-31,ARKANSAS WESTERN,ARKANSAS,EIGHTH CIRCUIT,972,507,11,1,453,39,27,9,1,2,933,480,2,451
2013-12-31,CALIFORNIA CENTRAL,CALIFORNIA,NINTH CIRCUIT,15511,12426,149,0,2936,626,495,99,0,32,14885,11931,50,2904
2013-12-31,CALIFORNIA EASTERN,CALIFORNIA,NINTH CIRCUIT,5799,4669,26,3,1101,177,124,20,3,30,5622,4545,6,1071
2013-12-31,CALIFORNIA NORTHERN,CALIFORNIA,NINTH CIRCUIT,3962,2500,44,3,1415,208,147,28,3,30,3754,2353,16,1385
2013-12-31,CALIFORNIA SOUTHERN,CALIFORNIA,NINTH CIRCUIT,2813,2252,23,0,538,117,83,19,0,15,2696,2169,4,523
2013-12-31,COLORADO,COLORADO,TENTH CIRCUIT,4664,3913,20,1,729,156,129,17,1,8,4508,3784,3,721
2013-12-31,CONNECTICUT,CONNECTICUT,SECOND CIRCUIT,1619,1374,13,1,231,61,49,11,1,0,1558,1325,2,231
2013-12-31,DELAWARE,DELAWARE,THIRD CIRCUIT,789,438,157,0,180,207,35,157,0,1,582,403,0,179
2013-12-31,DISTRICT OF COLUMBIA,DISTRICT OF COLUMBIA,DC CIRCUIT,180,155,9,0,16,19,10,9,0,0,161,145,0,16
2013-12-31,FLORIDA MIDDLE,FLORIDA,ELEVENTH CIRCUIT,9113,6510,77,5,2520,346,259,60,5,22,8767,6251,17,2498
2013-12-31,FLORIDA NORTHERN,FLORIDA,ELEVENTH CIRCUIT,730,601,6,0,123,41,33,5,0,3,689,568,1,120
2013-12-31,FLORIDA SOUTHERN,FLORIDA,ELEVENTH CIRCUIT,7546,4628,69,4,2844,225,162,49,4,9,7321,4466,20,2835
2013-12-31,GEORGIA MIDDLE,GEORGIA,ELEVENTH CIRCUIT,2502,768,12,2,1720,58,42,12,2,2,2444,726,0,1718
2013-12-31,GEORGIA NORTHERN,GEORGIA,ELEVENTH CIRCUIT,8756,4812,42,2,3900,209,154,40,2,13,8547,4658,2,3887
2013-12-31,GEORGIA SOUTHERN,GEORGIA,ELEVENTH CIRCUIT,2141,444,14,0,1683,33,18,13,0,2,2108,426,1,1681
2013-12-31,GUAM,GUAM,NINTH CIRCUIT,34,23,0,0,11,1,1,0,0,0,33,22,0,11
2013-12-31,HAWAII,HAWAII,NINTH CIRCUIT,454,330,3,1,120,27,21,1,1,4,427,309,2,116
2013-12-31,IDAHO,IDAHO,NINTH CIRCUIT,1271,1151,5,1,114,56,46,5,1,4,1215,1105,0,110
2013-12-31,ILLINOIS CENTRAL,ILLINOIS,SEVENTH CIRCUIT,1390,1094,2,1,293,24,20,2,1,1,1366,1074,0,292
2013-12-31,ILLINOIS NORTHERN,ILLINOIS,SEVENTH CIRCUIT,12100,7706,61,1,4332,344,254,58,1,31,11756,7452,3,4301
2013-12-31,ILLINOIS SOUTHERN,ILLINOIS,SEVENTH CIRCUIT,978,625,1,0,352,18,11,1,0,6,960,614,0,346
2013-12-31,INDIANA NORTHERN,INDIANA,SEVENTH CIRCUIT,2790,2066,4,0,720,53,45,4,0,4,2737,2021,0,716
2013-12-31,INDIANA SOUTHERN,INDIANA,SEVENTH CIRCUIT,4348,2873,18,0,1457,65,44,16,0,5,4283,2829,2,1452
2013-12-31,IOWA NORTHERN,IOWA,EIGHTH CIRCUIT,497,466,2,1,28,23,19,2,1,1,474,447,0,27
2013-12-31,IOWA SOUTHERN,IOWA,EIGHTH CIRCUIT,734,658,1,0,75,28,26,1,0,1,706,632,0,74
2013-12-31,KANSAS,KANSAS,TENTH CIRCUIT,1867,1082,3,7,775,55,38,3,7,7,1812,1044,0,768
2013-12-31,KENTUCKY EASTERN,KENTUCKY,SIXTH CIRCUIT,2146,1533,6,1,606,47,37,6,1,3,2099,1496,0,603
2013-12-31,KENTUCKY WESTERN,KENTUCKY,SIXTH CIRCUIT,2120,1525,6,1,588,30,22,5,1,2,2090,1503,1,586
2013-12-31,LOUISIANA EASTERN,LOUISIANA,FIFTH CIRCUIT,913,434,7,0,472,37,29,7,0,1,876,405,0,471
2013-12-31,LOUISIANA MIDDLE,LOUISIANA,FIFTH CIRCUIT,386,197,4,0,185,14,10,4,0,0,372,187,0,185
2013-12-31,LOUISIANA WESTERN,LOUISIANA,FIFTH CIRCUIT,2517,466,7,1,2043,27,19,6,1,1,2490,447,1,2042
2013-12-31,MAINE,MAINE,FIRST CIRCUIT,502,420,1,2,79,22,14,1,2,5,480,406,0,74
2013-12-31,MARYLAND,MARYLAND,FOURTH CIRCUIT,5316,3809,32,0,1475,127,90,24,0,13,5189,3719,8,1462
2013-12-31,MASSACHUSETTS,MASSACHUSETTS,FIRST CIRCUIT,2767,2175,31,2,559,115,77,28,2,8,2652,2098,3,551
2013-12-31,MICHIGAN EASTERN,MICHIGAN,SIXTH CIRCUIT,6855,5557,47,3,1248,154,92,43,3,16,6701,5465,4,1232
2013-12-31,MICHIGAN WESTERN,MICHIGAN,SIXTH CIRCUIT,2152,1803,7,1,341,74,59,7,1,7,2078,1744,0,334
2013-12-31,MINNESOTA,MINNESOTA,EIGHTH CIRCUIT,3239,2700,17,1,521,133,107,17,1,8,3106,2593,0,513
2013-12-31,MISSISSIPPI NORTHERN,MISSISSIPPI,FIFTH CIRCUIT,1293,495,10,1,787,30,17,10,1,2,1263,478,0,785
2013-12-31,MISSISSIPPI SOUTHERN,MISSISSIPPI,FIFTH CIRCUIT,1635,858,9,1,767,44,33,9,1,1,1591,825,0,766
2013-12-31,MISSOURI EASTERN,MISSOURI,EIGHTH CIRCUIT,3034,2093,9,0,932,44,35,7,0,2,2990,2058,2,930
2013-12-31,MISSOURI WESTERN,MISSOURI,EIGHTH CIRCUIT,2229,1550,12,1,666,48,33,12,1,2,2181,1517,0,664
2013-12-31,MONTANA,MONTANA,NINTH CIRCUIT,361,310,6,1,44,28,20,6,1,1,333,290,0,43
2013-12-31,NEBRASKA,NEBRASKA,EIGHTH CIRCUIT,1155,779,3,1,372,30,22,3,1,4,1125,757,0,368
2013-12-31,NEVADA,NEVADA,NINTH CIRCUIT,2995,2443,54,0,498,122,82,37,0,3,2873,2361,17,495
2013-12-31,NEW HAMPSHIRE,NEW HAMPSHIRE,FIRST CIRCUIT,740,544,6,0,190,61,41,6,0,14,679,503,0,176
2013-12-31,NEW JERSEY,NEW JERSEY,THIRD CIRCUIT,6971,5222,83,1,1665,220,139,71,1,9,6751,5083,12,1656
2013-12-31,NEW MEXICO,NEW MEXICO,TENTH CIRCUIT,959,881,7,0,71,31,23,7,0,1,928,858,0,70
2013-12-31,NEW YORK EASTERN,NEW YORK,SECOND CIRCUIT,3335,2950,58,0,327,125,65,54,0,6,3210,2885,4,321
2013-12-31,NEW YORK NORTHERN,NEW YORK,SECOND CIRCUIT,1706,1325,4,4,373,30,16,4,4,6,1676,1309,0,367
2013-12-31,NEW YORK SOUTHERN,NEW YORK,SECOND CIRCUIT,2154,1682,104,0,363,180,69,100,0,6,1974,1613,4,357
2013-12-31,NEW YORK WESTERN,NEW YORK,SECOND CIRCUIT,1243,853,18,0,372,52,28,17,0,7,1191,825,1,365
2013-12-31,NORTH CAROLINA EASTERN,NORTH CAROLINA,FOURTH CIRCUIT,1922,528,30,0,1364,81,39,30,0,12,1841,489,0,1352
2013-12-31,NORTH CAROLINA MIDDLE,NORTH CAROLINA,FOURTH CIRCUIT,1165,451,10,1,703,43,30,9,1,3,1122,421,1,700
2013-12-31,NORTH CAROLINA WESTERN,NORTH CAROLINA,FOURTH CIRCUIT,1279,722,11,0,546,45,31,11,0,3,1234,691,0,543
2013-12-31,NORTH DAKOTA,NORTH DAKOTA,EIGHTH CIRCUIT,165,144,2,0,19,5,2,2,0,1,160,142,0,18
2013-12-31,NORTHERN MARIANAS,NORTHERN MARIANA ISLANDS,NINTH CIRCUIT,1,1,0,0,0,0,0,0,0,0,1,1,0,0
2013-12-31,OHIO NORTHERN,OHIO,SIXTH CIRCUIT,5620,4579,13,0,1028,131,103,11,0,17,5489,4476,2,1011
2013-12-31,OHIO SOUTHERN,OHIO,SIXTH CIRCUIT,4948,3418,16,0,1514,120,97,14,0,9,4828,3321,2,1505
2013-12-31,OKLAHOMA EASTERN,OKLAHOMA,TENTH CIRCUIT,357,320,1,0,36,7,6,1,0,0,350,314,0,36
2013-12-31,OKLAHOMA NORTHERN,OKLAHOMA,TENTH CIRCUIT,700,634,1,0,65,15,14,1,0,0,685,620,0,65
2013-12-31,OKLAHOMA WESTERN,OKLAHOMA,TENTH CIRCUIT,1242,974,6,1,261,24,17,6,1,0,1218,957,0,261
2013-12-31,OREGON,OREGON,NINTH CIRCUIT,3084,2505,10,0,569,84,64,9,0,11,3000,2441,1,558
2013-12-31,PENNSYLVANIA EASTERN,PENNSYLVANIA,THIRD CIRCUIT,2612,1508,23,1,1080,81,53,19,1,8,2531,1455,4,1072
2013-12-31,PENNSYLVANIA MIDDLE,PENNSYLVANIA,THIRD CIRCUIT,1565,1032,10,0,523,51,35,8,0,8,1514,997,2,515
2013-12-31,PENNSYLVANIA WESTERN,PENNSYLVANIA,THIRD CIRCUIT,1833,1146,28,2,657,58,24,23,2,9,1775,1122,5,648
2013-12-31,PUERTO RICO,PUERTO RICO,FIRST CIRCUIT,2941,1115,49,8,1769,81,25,41,8,7,2860,1090,8,1762
2013-12-31,RHODE ISLAND,RHODE ISLAND,FIRST CIRCUIT,840,689,1,0,150,31,29,1,0,1,809,660,0,149
2013-12-31,SOUTH CAROLINA,SOUTH CAROLINA,FOURTH CIRCUIT,1945,742,6,0,1197,44,33,6,0,5,1901,709,0,1192
2013-12-31,SOUTH DAKOTA,SOUTH DAKOTA,EIGHTH CIRCUIT,279,249,2,0,28,14,9,2,0,3,265,240,0,25
2013-12-31,TENNESSEE EASTERN,TENNESSEE,SIXTH CIRCUIT,3009,1623,9,1,1376,37,26,9,1,1,2972,1597,0,1375
2013-12-31,TENNESSEE MIDDLE,TENNESSEE,SIXTH CIRCUIT,2457,1374,16,0,1067,37,24,12,0,1,2420,1350,4,1066
2013-12-31,TENNESSEE WESTERN,TENNESSEE,SIXTH CIRCUIT,4329,975,12,0,3342,28,13,11,0,4,4301,962,1,3338
2013-12-31,TEXAS EASTERN,TEXAS,FIFTH CIRCUIT,1229,586,17,1,625,82,63,17,1,1,1147,523,0,624
2013-12-31,TEXAS NORTHERN,TEXAS,FIFTH CIRCUIT,3335,1314,62,1,1958,209,125,61,1,22,3126,1189,1,1936
2013-12-31,TEXAS SOUTHERN,TEXAS,FIFTH CIRCUIT,2428,932,42,2,1452,152,102,39,2,9,2276,830,3,1443
2013-12-31,TEXAS WESTERN,TEXAS,FIFTH CIRCUIT,2082,976,14,0,1092,110,88,12,0,10,1972,888,2,1082
2013-12-31,UTAH,UTAH,TENTH CIRCUIT,3250,2026,9,0,1215,67,52,8,0,7,3183,1974,1,1208
2013-12-31,VERMONT,VERMONT,SECOND CIRCUIT,224,188,3,0,33,17,13,3,0,1,207,175,0,32
2013-12-31,VIRGIN ISLANDS,VIRGIN ISLANDS,THIRD CIRCUIT,8,7,0,0,1,2,2,0,0,0,6,5,0,1
2013-12-31,VIRGINIA EASTERN,VIRGINIA,FOURTH CIRCUIT,4618,2708,28,0,1882,124,93,25,0,6,4494,2615,3,1876
2013-12-31,VIRGINIA WESTERN,VIRGINIA,FOURTH CIRCUIT,1543,1040,1,0,502,28,25,0,0,3,1515,1015,1,499
2013-12-31,WASHINGTON EASTERN,WASHINGTON,NINTH CIRCUIT,1203,961,8,0,234,32,26,5,0,1,1171,935,3,233
2013-12-31,WASHINGTON WESTERN,WASHINGTON,NINTH CIRCUIT,4339,3345,36,2,955,145,103,26,2,13,4194,3242,10,942
2013-12-31,WEST VIRGINIA NORTHERN,WEST VIRGINIA,FOURTH CIRCUIT,347,291,1,0,55,16,14,1,0,1,331,277,0,54
2013-12-31,WEST VIRGINIA SOUTHERN,WEST VIRGINIA,FOURTH CIRCUIT,459,387,6,2,64,12,5,5,2,0,447,382,1,64
2013-12-31,WISCONSIN EASTERN,WISCONSIN,SEVENTH CIRCUIT,3565,2482,5,2,1076,77,62,2,2,11,3488,2420,3,1065
2013-12-31,WISCONSIN WESTERN,WISCONSIN,SEVENTH CIRCUIT,1361,1124,11,6,220,64,40,11,6,7,1297,1084,0,213
2013-12-31,WYOMING,WYOMING,TENTH CIRCUIT,277,235,2,0,40,9,7,2,0,0,268,228,0,40
2014-03-31,ALABAMA MIDDLE,ALABAMA,ELEVENTH CIRCUIT,1859,450,0,0,1409,15,14,0,0,1,1844,436,0,1408
2014-03-31,ALABAMA NORTHERN,ALABAMA,ELEVENTH CIRCUIT,3239,1746,15,0,1478,46,31,12,0,3,3193,1715,3,1475
2014-03-31,ALABAMA SOUTHERN,ALABAMA,ELEVENTH CIRCUIT,1043,311,11,0,721,22,9,11,0,2,1021,302,0,719
2014-03-31,ALASKA,ALASKA,NINTH CIRCUIT,108,88,1,0,19,17,15,1,0,1,91,73,0,18
2014-03-31,ARIZONA,ARIZONA,NINTH CIRCUIT,4777,4060,101,2,614,195,111,78,2,4,4582,3949,23,610
2014-03-31,ARKANSAS EASTERN,ARKANSAS,EIGHTH CIRCUIT,1979,899,1,1,1078,20,14,1,1,4,1959,885,0,1074
2014-03-31,ARKANSAS WESTERN,ARKANSAS,EIGHTH CIRCUIT,1069,598,5,4,461,35,22,5,4,3,1034,576,0,458
2014-03-31,CALIFORNIA CENTRAL,CALIFORNIA,NINTH CIRCUIT,15295,12259,150,2,2883,560,425,100,2,32,14735,11834,50,2851
2014-03-31,CALIFORNIA EASTERN,CALIFORNIA,NINTH CIRCUIT,5666,4645,34,5,982,158,104,25,5,24,5508,4541,9,958
2014-03-31,CALIFORNIA NORTHERN,CALIFORNIA,NINTH CIRCUIT,4104,2393,85,6,1620,229,120,64,6,39,3875,2273,21,1581
2014-03-31,CALIFORNIA SOUTHERN,CALIFORNIA,NINTH CIRCUIT,2691,2147,23,0,521,84,61,17,0,6,2607,2086,6,515
2014-03-31,COLORADO,COLORADO,TENTH CIRCUIT,4278,3598,21,0,659,125,94,21,0,10,4153,3504,0,649
2014-03-31,CONNECTICUT,CONNECTICUT,SECOND CIRCUIT,1758,1437,28,0,293,67,41,22,0,4,1691,1396,6,289
2014-03-31,DELAWARE,DELAWARE,THIRD CIRCUIT,725,448,110,0,165,136,22,110,0,2,589,426,0,163
2014-03-31,DISTRICT OF COLUMBIA,DISTRICT OF COLUMBIA,DC CIRCUIT,192,150,13,0,29,23,7,13,0,3,169,143,0,26
2014-03-31,FLORIDA MIDDLE,FLORIDA,ELEVENTH CIRCUIT,9210,6264,96,6,2844,367,254,77,6,30,8843,6010,19,2814
2014-03-31,FLORIDA NORTHERN,FLORIDA,ELEVENTH CIRCUIT,740,594,7,3,136,43,30,7,3,3,697,564,0,133
2014-03-31,FLORIDA SOUTHERN,FLORIDA,ELEVENTH CIRCUIT,7738,4459,88,1,3189,192,113,66,1,11,7546,4346,22,3178
2014-03-31,GEORGIA MIDDLE,GEORGIA,ELEVENTH CIRCUIT,2290,850,12,1,1427,52,32,12,1,7,2238,818,0,1420
2014-03-31,GEORGIA NORTHERN,GEORGIA,ELEVENTH CIRCUIT,9198,5314,31,4,3849,238,188,30,4,16,8960,5126,1,3833
2014-03-31,GEORGIA SOUTHERN,GEORGIA,ELEVENTH CIRCUIT,1924,470,7,1,1446,31,21,4,1,5,1893,449,3,1441
2014-03-31,GUAM,GUAM,NINTH CIRCUIT,43,36,0,0,7,1,1,0,0,0,42,35,0,7
2014-03-31,HAWAII,HAWAII,NINTH CIRCUIT,443,317,2,0,124,15,10,2,0,3,428,307,0,121
2014-03-31,IDAHO,IDAHO,NINTH CIRCUIT,1092,979,5,0,108,24,18,5,0,1,1068,961,0,107
2014-03-31,ILLINOIS CENTRAL,ILLINOIS,SEVENTH CIRCUIT,1517,1256,1,0,260,24,22,1,0,1,1493,1234,0,259
2014-03-31,ILLINOIS NORTHERN,ILLINOIS,SEVENTH CIRCUIT,13443,8510,56,0,4877,289,214,48,0,27,13154,8296,8,4850
2014-03-31,ILLINOIS SOUTHERN,ILLINOIS,SEVENTH CIRCUIT,1012,685,3,0,324,17,14,3,0,0,995,671,0,324
2014-03-31,INDIANA NORTHERN,INDIANA,SEVENTH CIRCUIT,2696,2071,8,0,617,53,41,7,0,5,2643,2030,1,612
2014-03-31,INDIANA SOUTHERN,INDIANA,SEVENTH CIRCUIT,4263,2949,22,2,1290,97,66,22,2,7,4166,2883,0,1283
2014-03-31,IOWA NORTHERN,IOWA,EIGHTH CIRCUIT,476,447,0,0,29,13,13,0,0,0,463,434,0,29
2014-03-31,IOWA SOUTHERN,IOWA,EIGHTH CIRCUIT,778,677,7,1,93,38,30,7,1,0,740,647,0,93
2014-03-31,KANSAS,KANSAS,TENTH CIRCUIT,1719,1032,8,1,678,48,27,7,1,13,1671,1005,1,665
2014-03-31,KENTUCKY EASTERN,KENTUCKY,SIXTH CIRCUIT,2304,1704,1,1,598,41,35,1,1,4,2263,1669,0,594
2014-03-31,KENTUCKY WESTERN,KENTUCKY,SIXTH CIRCUIT,2335,1763,12,0,560,38,22,12,0,4,2297,1741,0,556
2014-03-31,LOUISIANA EASTERN,LOUISIANA,FIFTH CIRCUIT,788,378,6,0,404,36,30,6,0,0,752,348,0,404
2014-03-31,LOUISIANA MIDDLE,LOUISIANA,FIFTH CIRCUIT,390,196,1,0,193,5,4,1,0,0,385,192,0,193
2014-03-31,LOUISIANA WESTERN,LOUISIANA,FIFTH CIRCUIT,2444,564,6,2,1872,38,23,6,2,7,2406,541,0,1865
2014-03-31,MAINE,MAINE,FIRST CIRCUIT,468,379,2,3,84,30,19,2,3,6,438,360,0,78
2014-03-31,MARYLAND,MARYLAND,FOURTH CIRCUIT,5197,3799,44,1,1353,114,68,34,1,11,5083,3731,10,1342
2014-03-31,MASSACHUSETTS,MASSACHUSETTS,FIRST CIRCUIT,2569,2074,24,5,466,108,74,21,5,8,2461,2000,3,458
2014-03-31,MICHIGAN EASTERN,MICHIGAN,SIXTH CIRCUIT,7537,6104,35,7,1391,118,68,31,7,12,7419,6036,4,1379
2014-03-31,MICHIGAN WESTERN,MICHIGAN,SIXTH CIRCUIT,2417,2034,17,1,365,74,50,17,1,6,2343,1984,0,359
2014-03-31,MINNESOTA,MINNESOTA,EIGHTH CIRCUIT,3168,2679,11,2,476,108,92,11,2,3,3060,2587,0,473
2014-03-31,MISSISSIPPI NORTHERN,MISSISSIPPI,FIFTH CIRCUIT,1307,603,3,1,700,24,20,3,1,0,1283,583,0,700
2014-03-31,MISSISSIPPI SOUTHERN,MISSISSIPPI,FIFTH CIRCUIT,1721,943,1,0,776,52,49,1,0,1,1669,894,0,775
2014-03-31,MISSOURI EASTERN,MISSOURI,EIGHTH CIRCUIT,2999,2159,3,0,837,42,37,3,0,2,2957,2122,0,835
2014-03-31,MISSOURI WESTERN,MISSOURI,EIGHTH CIRCUIT,2226,1595,8,1,622,48,38,7,1,2,2178,1557,1,620
2014-03-31,MONTANA,MONTANA,NINTH CIRCUIT,416,363,5,0,48,23,16,5,0,2,393,347,0,46
2014-03-31,NEBRASKA,NEBRASKA,EIGHTH CIRCUIT,1263,885,1,1,376,26,20,1,1,4,1237,865,0,372
2014-03-31,NEVADA,NEVADA,NINTH CIRCUIT,2914,2348,53,0,512,95,54,37,0,4,2819,2294,16,508
2014-03-31,NEW HAMPSHIRE,NEW HAMPSHIRE,FIRST CIRCUIT,691,522,7,1,161,39,28,5,1,5,652,494,2,156
2014-03-31,NEW JERSEY,NEW JERSEY,THIRD CIRCUIT,6597,4955,61,1,1580,194,127,49,1,17,6403,4828,12,1563
2014-03-31,NEW MEXICO,NEW MEXICO,TENTH CIRCUIT,982,899,10,0,73,32,23,9,0,0,950,876,1,73
2014-03-31,NEW YORK EASTERN,NEW YORK,SECOND CIRCUIT,3010,2568,57,0,379,135,72,55,0,2,2875,2496,2,377
2014-03-31,NEW YORK NORTHERN,NEW YORK,SECOND CIRCUIT,1864,1499,5,4,356,55,39,4,4,8,1809,1460,1,348
2014-03-31,NEW YORK SOUTHERN,NEW YORK,SECOND CIRCUIT,1999,1569,98,0,325,173,59,92,0,15,1826,1510,6,310
2014-03-31,NEW YORK WESTERN,NEW YORK,SECOND CIRCUIT,1197,901,11,1,284,45,28,11,1,5,1152,873,0,279
2014-03-31,NORTH CAROLINA EASTERN,NORTH CAROLINA,FOURTH CIRCUIT,1857,562,32,0,1263,71,35,26,0,10,1786,527,6,1253
2014-03-31,NORTH CAROLINA MIDDLE,NORTH CAROLINA,FOURTH CIRCUIT,1058,463,6,1,588,25,19,4,1,1,1033,444,2,587
2014-03-31,NORTH CAROLINA WESTERN,NORTH CAROLINA,FOURTH CIRCUIT,1163,633,6,0,524,32,24,5,0,3,1131,609,1,521
2014-03-31,NORTH DAKOTA,NORTH DAKOTA,EIGHTH CIRCUIT,162,140,1,0,21,7,4,1,0,2,155,136,0,19
2014-03-31,NORTHERN MARIANAS,NORTHERN MARIANA ISLANDS,NINTH CIRCUIT,0,0,0,0,0,0,0,0,0,0,0,0,0,0
2014-03-31,OHIO NORTHERN,OHIO,SIXTH CIRCUIT,5418,4511,6,0,901,90,78,4,0,8,5328,4433,2,893
2014-03-31,OHIO SOUTHERN,OHIO,SIXTH CIRCUIT,4744,3368,7,0,1369,86,65,7,0,14,4658,3303,0,1355
2014-03-31,OKLAHOMA EASTERN,OKLAHOMA,TENTH CIRCUIT,333,302,1,0,30,5,4,1,0,0,328,298,0,30
2014-03-31,OKLAHOMA NORTHERN,OKLAHOMA,TENTH CIRCUIT,703,623,0,1,79,23,22,0,1,0,680,601,0,79
2014-03-31,OKLAHOMA WESTERN,OKLAHOMA,TENTH CIRCUIT,1422,1117,1,2,302,32,27,1,2,2,1390,1090,0,300
2014-03-31,OREGON,OREGON,NINTH CIRCUIT,3126,2562,8,0,556,61,46,8,0,7,3065,2516,0,549
2014-03-31,PENNSYLVANIA EASTERN,PENNSYLVANIA,THIRD CIRCUIT,2575,1484,23,0,1068,84,47,20,0,17,2491,1437,3,1051
2014-03-31,PENNSYLVANIA MIDDLE,PENNSYLVANIA,THIRD CIRCUIT,1511,1017,12,0,482,52,32,11,0,9,1459,985,1,473
2014-03-31,PENNSYLVANIA WESTERN,PENNSYLVANIA,THIRD CIRCUIT,1931,1329,21,1,580,62,36,20,1,5,1869,1293,1,575
2014-03-31,PUERTO RICO,PUERTO RICO,FIRST CIRCUIT,2685,996,55,4,1630,104,31,52,4,17,2581,965,3,1613
2014-03-31,RHODE ISLAND,RHODE ISLAND,FIRST CIRCUIT,737,612,0,0,125,28,26,0,0,2,709,586,0,123
2014-03-31,SOUTH CAROLINA,SOUTH CAROLINA,FOURTH CIRCUIT,1880,807,11,1,1061,52,39,9,1,3,1828,768,2,1058
2014-03-31,SOUTH DAKOTA,SOUTH DAKOTA,EIGHTH CIRCUIT,280,252,1,0,27,16,10,1,0,5,264,242,0,22
2014-03-31,TENNESSEE EASTERN,TENNESSEE,SIXTH CIRCUIT,2991,1792,16,0,1183,49,33,13,0,3,2942,1759,3,1180
2014-03-31,TENNESSEE MIDDLE,TENNESSEE,SIXTH CIRCUIT,2740,1711,28,0,1001,74,54,19,0,1,2666,1657,9,1000
2014-03-31,TENNESSEE WESTERN,TENNESSEE,SIXTH CIRCUIT,4265,1243,13,0,3009,40,28,11,0,1,4225,1215,2,3008
2014-03-31,TEXAS EASTERN,TEXAS,FIFTH CIRCUIT,1329,617,21,1,690,70,42,20,1,7,1259,575,1,683
2014-03-31,TEXAS NORTHERN,TEXAS,FIFTH CIRCUIT,3469,1409,45,4,2011,184,122,43,4,15,3285,1287,2,1996
2014-03-31,TEXAS SOUTHERN,TEXAS,FIFTH CIRCUIT,2596,895,41,1,1659,116,61,36,1,18,2480,834,5,1641
2014-03-31,TEXAS WESTERN,TEXAS,FIFTH CIRCUIT,2281,1051,33,0,1197,139,93,33,0,13,2142,958,0,1184
2014-03-31,UTAH,UTAH,TENTH CIRCUIT,3292,2077,2,0,1213,63,56,2,0,5,3229,2021,0,1208
2014-03-31,VERMONT,VERMONT,SECOND CIRCUIT,175,124,0,0,51,11,8,0,0,3,164,116,0,48
2014-03-31,VIRGIN ISLANDS,VIRGIN ISLANDS,THIRD CIRCUIT,6,3,0,0,3,1,1,0,0,0,5,2,0,3
2014-03-31,VIRGINIA EASTERN,VIRGINIA,FOURTH CIRCUIT,4623,2782,27,0,1814,106,80,22,0,4,4517,2702,5,1810
2014-03-31,VIRGINIA WESTERN,VIRGINIA,FOURTH CIRCUIT,1442,967,5,2,468,30,21,5,2,2,1412,946,0,466
2014-03-31,WASHINGTON EASTERN,WASHINGTON,NINTH CIRCUIT,1242,992,6,0,244,26,17,5,0,4,1216,975,1,240
2014-03-31,WASHINGTON WESTERN,WASHINGTON,NINTH CIRCUIT,4456,3528,33,0,895,127,92,26,0,9,4329,3436,7,886
2014-03-31,WEST VIRGINIA NORTHERN,WEST VIRGINIA,FOURTH CIRCUIT,361,307,2,0,52,10,4,2,0,4,351,303,0,48
2014-03-31,WEST VIRGINIA SOUTHERN,WEST VIRGINIA,FOURTH CIRCUIT,493,424,9,0,60,17,5,9,0,3,476,419,0,57
2014-03-31,WISCONSIN EASTERN,WISCONSIN,SEVENTH CIRCUIT,3596,2613,4,3,976,72,55,4,3,10,3524,2558,0,966
2014-03-31,WISCONSIN WESTERN,WISCONSIN,SEVENTH CIRCUIT,1357,1153,10,3,191,43,29,7,3,4,1314,1124,3,187
2014-03-31,WYOMING,WYOMING,TENTH CIRCUIT,241,204,6,0,31,17,8,6,0,3,224,196,0,28
2014-06-30,ALABAMA MIDDLE,ALABAMA,ELEVENTH CIRCUIT,1961,402,2,0,1557,20,17,2,0,1,1941,385,0,1556
2014-06-30,ALABAMA NORTHERN,ALABAMA,ELEVENTH CIRCUIT,3332,1712,14,0,1606,62,47,12,0,3,3270,1665,2,1603
2014-06-30,ALABAMA SOUTHERN,ALABAMA,ELEVENTH CIRCUIT,1105,368,7,1,729,18,11,5,1,1,1087,357,2,728
2014-06-30,ALASKA,ALASKA,NINTH CIRCUIT,123,107,0,1,15,10,5,0,1,4,113,102,0,11
2014-06-30,ARIZONA,ARIZONA,NINTH CIRCUIT,5944,5249,71,0,624,170,111,54,0,5,5774,5138,17,619
2014-06-30,ARKANSAS EASTERN,ARKANSAS,EIGHTH CIRCUIT,1833,828,2,2,1001,31,20,2,2,7,1802,808,0,994
2014-06-30,ARKANSAS WESTERN,ARKANSAS,EIGHTH CIRCUIT,1054,625,8,2,418,36,21,8,2,4,1018,604,0,414
2014-06-30,CALIFORNIA CENTRAL,CALIFORNIA,NINTH CIRCUIT,15719,12868,137,1,2713,512,405,86,1,20,15207,12463,51,2693
2014-06-30,CALIFORNIA EASTERN,CALIFORNIA,NINTH CIRCUIT,5909,4881,25,5,998,160,117,17,5,21,5749,4764,8,977
2014-06-30,CALIFORNIA NORTHERN,CALIFORNIA,NINTH CIRCUIT,4003,2456,48,4,1494,171,114,34,4,18,3832,2342,14,1476
2014-06-30,CALIFORNIA SOUTHERN,CALIFORNIA,NINTH CIRCUIT,2840,2335,17,0,487,98,71,12,0,14,2742,2264,5,473
2014-06-30,COLORADO,COLORADO,TENTH CIRCUIT,5042,4307,15,0,719,121,102,12,0,6,4921,4205,3,713
2014-06-30,CONNECTICUT,CONNECTICUT,SECOND CIRCUIT,1905,1602,37,0,266,86,54,29,0,3,1819,1548,8,263
2014-06-30,DELAWARE,DELAWARE,THIRD CIRCUIT,918,489,197,2,229,236,34,197,2,2,682,455,0,227
2014-06-30,DISTRICT OF COLUMBIA,DISTRICT OF COLUMBIA,DC CIRCUIT,199,160,16,0,23,19,5,13,0,1,180,155,3,22
2014-06-30,FLORIDA MIDDLE,FLORIDA,ELEVENTH CIRCUIT,9785,6873,111,4,2795,353,228,90,4,30,9432,6645,21,2765
2014-06-30,FLORIDA NORTHERN,FLORIDA,ELEVENTH CIRCUIT,827,669,16,0,142,53,37,14,0,2,774,632,2,140
2014-06-30,FLORIDA SOUTHERN,FLORIDA,ELEVENTH CIRCUIT,7918,4651,80,3,3184,197,117,58,3,19,7721,4534,22,3165
2014-06-30,GEORGIA MIDDLE,GEORGIA,ELEVENTH CIRCUIT,2246,736,8,4,1498,51,31,8,4,8,2195,705,0,1490
2014-06-30,GEORGIA NORTHERN,GEORGIA,ELEVENTH CIRCUIT,8793,4985,56,2,3750,224,161,54,2,7,8569,4824,2,3743
2014-06-30,GEORGIA SOUTHERN,GEORGIA,ELEVENTH CIRCUIT,2051,462,2,0,1587,17,14,2,0,1,2034,448,0,1586
2014-06-30,GUAM,GUAM,NINTH CIRCUIT,44,34,0,0,10,1,1,0,0,0,43,33,0,10
2014-06-30,HAWAII,HAWAII,NINTH CIRCUIT,461,316,2,0,143,15,13,1,0,1,446,303,1,142
2014-06-30,IDAHO,IDAHO,NINTH CIRCUIT,1421,1285,4,4,128,36,26,4,4,2,1385,1259,0,126
2014-06-30,ILLINOIS CENTRAL,ILLINOIS,SEVENTH CIRCUIT,1721,1429,1,1,290,32,27,1,1,3,1689,1402,0,287
2014-06-30,ILLINOIS NORTHERN,ILLINOIS,SEVENTH CIRCUIT,13677,8870,69,0,4738,272,203,59,0,10,13405,8667,10,4728
2014-06-30,ILLINOIS SOUTHERN,ILLINOIS,SEVENTH CIRCUIT,1165,759,6,0,400,25,17,6,0,2,1140,742,0,398
2014-06-30,INDIANA NORTHERN,INDIANA,SEVENTH CIRCUIT,3478,2736,6,0,736,38,27,5,0,6,3440,2709,1,730
2014-06-30,INDIANA SOUTHERN,INDIANA,SEVENTH CIRCUIT,5109,3695,20,0,1394,74,49,19,0,6,5035,3646,1,1388
2014-06-30,IOWA NORTHERN,IOWA,EIGHTH CIRCUIT,592,571,0,0,21,16,16,0,0,0,576,555,0,21
2014-06-30,IOWA SOUTHERN,IOWA,EIGHTH CIRCUIT,925,831,1,0,93,24,22,1,0,1,901,809,0,92
2014-06-30,KANSAS,KANSAS,TENTH CIRCUIT,2138,1330,7,1,800,51,38,7,1,5,2087,1292,0,795
2014-06-30,KENTUCKY EASTERN,KENTUCKY,SIXTH CIRCUIT,2267,1667,9,1,590,39,26,9,1,3,2228,1641,0,587
2014-06-30,KENTUCKY WESTERN,KENTUCKY,SIXTH CIRCUIT,2251,1679,8,1,563,35,19,8,1,7,2216,1660,0,556
2014-06-30,LOUISIANA EASTERN,LOUISIANA,FIFTH CIRCUIT,973,480,16,0,477,56,37,15,0,4,917,443,1,473
2014-06-30,LOUISIANA MIDDLE,LOUISIANA,FIFTH CIRCUIT,445,252,2,0,191,15,10,2,0,3,430,242,0,188
2014-06-30,LOUISIANA WESTERN,LOUISIANA,FIFTH CIRCUIT,2502,561,13,1,1927,30,15,12,1,2,2472,546,1,1925
2014-06-30,MAINE,MAINE,FIRST CIRCUIT,623,511,7,2,103,30,17,5,2,6,593,494,2,97
2014-06-30,MARYLAND,MARYLAND,FOURTH CIRCUIT,5582,4095,29,1,1457,123,83,24,1,15,5459,4012,5,1442
2014-06-30,MASSACHUSETTS,MASSACHUSETTS,FIRST CIRCUIT,2919,2286,32,6,595,131,92,21,6,12,2788,2194,11,583
2014-06-30,MICHIGAN EASTERN,MICHIGAN,SIXTH CIRCUIT,7357,5997,30,5,1325,132,93,26,5,8,7225,5904,4,1317
2014-06-30,MICHIGAN WESTERN,MICHIGAN,SIXTH CIRCUIT,2401,2044,6,1,350,46,32,6,1,7,2355,2012,0,343
2014-06-30,MINNESOTA,MINNESOTA,EIGHTH CIRCUIT,3398,2892,7,1,498,101,92,7,1,1,3297,2800,0,497
2014-06-30,MISSISSIPPI NORTHERN,MISSISSIPPI,FIFTH CIRCUIT,1204,512,15,0,677,35,18,15,0,2,1169,494,0,675
2014-06-30,MISSISSIPPI SOUTHERN,MISSISSIPPI,FIFTH CIRCUIT,1506,825,10,0,671,41,31,8,0,2,1465,794,2,669
2014-06-30,MISSOURI EASTERN,MISSOURI,EIGHTH CIRCUIT,3399,2452,14,0,933,66,47,14,0,5,3333,2405,0,928
2014-06-30,MISSOURI WESTERN,MISSOURI,EIGHTH CIRCUIT,2445,1823,13,1,608,52,34,13,1,4,2393,1789,0,604
2014-06-30,MONTANA,MONTANA,NINTH CIRCUIT,467,412,3,0,52,15,11,3,0,1,452,401,0,51
2014-06-30,NEBRASKA,NEBRASKA,EIGHTH CIRCUIT,1263,860,3,6,393,32,20,3,6,2,1231,840,0,391
2014-06-30,NEVADA,NEVADA,NINTH CIRCUIT,3075,2567,56,1,447,101,53,39,1,4,2974,2514,17,443
2014-06-30,NEW HAMPSHIRE,NEW HAMPSHIRE,FIRST CIRCUIT,707,554,8,1,144,56,38,7,1,10,651,516,1,134
2014-06-30,NEW JERSEY,NEW JERSEY,THIRD CIRCUIT,7543,5580,96,1,1866,239,136,85,1,17,7304,5444,11,1849
2014-06-30,NEW MEXICO,NEW MEXICO,TENTH CIRCUIT,1061,975,9,0,77,34,26,8,0,0,1027,949,1,77
2014-06-30,NEW YORK EASTERN,NEW YORK,SECOND CIRCUIT,3466,2970,49,3,444,133,84,43,3,3,3333,2886,6,441
2014-06-30,NEW YORK NORTHERN,NEW YORK,SECOND CIRCUIT,1933,1568,5,3,357,28,17,5,3,3,1905,1551,0,354
2014-06-30,NEW YORK SOUTHERN,NEW YORK,SECOND CIRCUIT,2358,1801,189,0,361,268,73,180,0,8,2090,1728,9,353
2014-06-30,NEW YORK WESTERN,NEW YORK,SECOND CIRCUIT,1347,1019,3,2,323,35,25,3,2,5,1312,994,0,318
2014-06-30,NORTH CAROLINA EASTERN,NORTH CAROLINA,FOURTH CIRCUIT,1956,634,27,2,1293,68,37,21,2,8,1888,597,6,1285
2014-06-30,NORTH CAROLINA MIDDLE,NORTH CAROLINA,FOURTH CIRCUIT,1168,521,7,0,640,38,29,7,0,2,1130,492,0,638
2014-06-30,NORTH CAROLINA WESTERN,NORTH CAROLINA,FOURTH CIRCUIT,1262,760,6,0,496,50,37,5,0,8,1212,723,1,488
2014-06-30,NORTH DAKOTA,NORTH DAKOTA,EIGHTH CIRCUIT,205,189,0,1,15,9,8,0,1,0,196,181,0,15
2014-06-30,NORTHERN MARIANAS,NORTHERN MARIANA ISLANDS,NINTH CIRCUIT,1,1,0,0,0,0,0,0,0,0,1,1,0,0
2014-06-30,OHIO NORTHERN,OHIO,SIXTH CIRCUIT,6036,5004,17,0,1015,103,76,17,0,10,5933,4928,0,1005
2014-06-30,OHIO SOUTHERN,OHIO,SIXTH CIRCUIT,5410,3897,10,1,1502,94,71,10,1,12,5316,3826,0,1490
2014-06-30,OKLAHOMA EASTERN,OKLAHOMA,TENTH CIRCUIT,445,413,3,1,28,8,5,2,1,0,437,408,1,28
2014-06-30,OKLAHOMA NORTHERN,OKLAHOMA,TENTH CIRCUIT,801,726,2,0,73,20,18,2,0,0,781,708,0,73
2014-06-30,OKLAHOMA WESTERN,OKLAHOMA,TENTH CIRCUIT,1537,1222,12,0,303,40,26,12,0,2,1497,1196,0,301
2014-06-30,OREGON,OREGON,NINTH CIRCUIT,3469,2836,11,2,620,74,54,7,2,11,3395,2782,4,609
2014-06-30,PENNSYLVANIA EASTERN,PENNSYLVANIA,THIRD CIRCUIT,2837,1673,26,3,1135,97,53,24,3,17,2740,1620,2,1118
2014-06-30,PENNSYLVANIA MIDDLE,PENNSYLVANIA,THIRD CIRCUIT,1626,1069,12,1,544,55,29,12,1,13,1571,1040,0,531
2014-06-30,PENNSYLVANIA WESTERN,PENNSYLVANIA,THIRD CIRCUIT,2056,1440,28,3,585,55,23,21,3,8,2001,1417,7,577
2014-06-30,PUERTO RICO,PUERTO RICO,FIRST CIRCUIT,2939,1151,57,8,1723,101,32,46,8,15,2838,1119,11,1708
2014-06-30,RHODE ISLAND,RHODE ISLAND,FIRST CIRCUIT,832,709,1,0,122,22,19,1,0,2,810,690,0,120
2014-06-30,SOUTH CAROLINA,SOUTH CAROLINA,FOURTH CIRCUIT,1890,812,6,3,1068,43,33,4,3,2,1847,779,2,1066
2014-06-30,SOUTH DAKOTA,SOUTH DAKOTA,EIGHTH CIRCUIT,353,326,2,0,25,10,7,2,0,1,343,319,0,24
2014-06-30,TENNESSEE EASTERN,TENNESSEE,SIXTH CIRCUIT,3196,1800,14,0,1382,41,30,10,0,1,3155,1770,4,1381
2014-06-30,TENNESSEE MIDDLE,TENNESSEE,SIXTH CIRCUIT,2639,1519,19,1,1100,41,28,11,1,1,2598,1491,8,1099
2014-06-30,TENNESSEE WESTERN,TENNESSEE,SIXTH CIRCUIT,4179,1039,6,0,3134,33,23,6,0,4,4146,1016,0,3130
2014-06-30,TEXAS EASTERN,TEXAS,FIFTH CIRCUIT,1338,658,14,0,666,91,72,13,0,6,1247,586,1,660
2014-06-30,TEXAS NORTHERN,TEXAS,FIFTH CIRCUIT,3309,1401,51,6,1851,190,116,45,6,23,3119,1285,6,1828
2014-06-30,TEXAS SOUTHERN,TEXAS,FIFTH CIRCUIT,2485,973,52,0,1460,170,106,49,0,15,2315,867,3,1445
2014-06-30,TEXAS WESTERN,TEXAS,FIFTH CIRCUIT,2243,1159,24,0,1060,157,117,19,0,21,2086,1042,5,1039
2014-06-30,UTAH,UTAH,TENTH CIRCUIT,3710,2538,4,0,1168,59,54,3,0,2,3651,2484,1,1166
2014-06-30,VERMONT,VERMONT,SECOND CIRCUIT,211,156,1,1,53,7,4,1,1,1,204,152,0,52
2014-06-30,VIRGIN ISLANDS,VIRGIN ISLANDS,THIRD CIRCUIT,5,2,0,0,3,0,0,0,0,0,5,2,0,3
2014-06-30,VIRGINIA EASTERN,VIRGINIA,FOURTH CIRCUIT,4870,3018,66,1,1785,147,75,61,1,10,4723,2943,5,1775
2014-06-30,VIRGINIA WESTERN,VIRGINIA,FOURTH CIRCUIT,1535,1078,3,0,454,31,23,3,0,5,1504,1055,0,449
2014-06-30,WASHINGTON EASTERN,WASHINGTON,NINTH CIRCUIT,1259,1031,4,1,223,27,20,4,1,2,1232,1011,0,221
2014-06-30,WASHINGTON WESTERN,WASHINGTON,NINTH CIRCUIT,4540,3616,38,1,885,135,99,27,1,8,4405,3517,11,877
2014-06-30,WEST VIRGINIA NORTHERN,WEST VIRGINIA,FOURTH CIRCUIT,412,358,1,0,53,4,3,1,0,0,408,355,0,53
2014-06-30,WEST VIRGINIA SOUTHERN,WEST VIRGINIA,FOURTH CIRCUIT,535,480,6,0,49,17,10,6,0,1,518,470,0,48
2014-06-30,WISCONSIN EASTERN,WISCONSIN,SEVENTH CIRCUIT,4982,3720,13,0,1249,76,53,12,0,11,4906,3667,1,1238
2014-06-30,WISCONSIN WESTERN,WISCONSIN,SEVENTH CIRCUIT,1573,1335,5,2,231,56,43,4,2,7,1517,1292,1,224
2014-06-30,WYOMING,WYOMING,TENTH CIRCUIT,285,256,1,1,27,12,10,1,1,0,273,246,0,27
2014-09-30,ALABAMA MIDDLE,ALABAMA,ELEVENTH CIRCUIT,2171,408,3,0,1760,29,24,2,0,3,2142,384,1,1757
2014-09-30,ALABAMA NORTHERN,ALABAMA,ELEVENTH CIRCUIT,3347,1575,6,0,1766,57,51,6,0,0,3290,1524,0,1766
2014-09-30,ALABAMA SOUTHERN,ALABAMA,ELEVENTH CIRCUIT,1112,319,4,0,789,17,14,2,0,1,1095,305,2,788
2014-09-30,ALASKA,ALASKA,NINTH CIRCUIT,118,98,0,0,20,6,5,0,0,1,112,93,0,19
2014-09-30,ARIZONA,ARIZONA,NINTH CIRCUIT,5042,4287,71,4,680,167,116,44,4,3,4875,4171,27,677
2014-09-30,ARKANSAS EASTERN,ARKANSAS,EIGHTH CIRCUIT,1757,712,3,2,1040,29,19,1,2,7,1728,693,2,1033
2014-09-30,ARKANSAS WESTERN,ARKANSAS,EIGHTH CIRCUIT,961,507,9,0,445,33,19,8,0,6,928,488,1,439
2014-09-30,CALIFORNIA CENTRAL,CALIFORNIA,NINTH CIRCUIT,14013,11015,123,0,2875,494,395,78,0,21,13519,10620,45,2854
2014-09-30,CALIFORNIA EASTERN,CALIFORNIA,NINTH CIRCUIT,4994,4041,14,5,934,128,92,8,5,23,4866,3949,6,911
2014-09-30,CALIFORNIA NORTHERN,CALIFORNIA,NINTH CIRCUIT,3355,1979,38,1,1337,168,113,27,1,27,3187,1866,11,1310
2014-09-30,CALIFORNIA SOUTHERN,CALIFORNIA,NINTH CIRCUIT,2648,2144,9,0,495,112,92,7,0,13,2536,2052,2,482
2014-09-30,COLORADO,COLORADO,TENTH CIRCUIT,4476,3750,19,1,706,114,90,19,1,4,4362,3660,0,702
2014-09-30,CONNECTICUT,CONNECTICUT,SECOND CIRCUIT,1717,1421,16,0,280,80,62,13,0,5,1637,1359,3,275
2014-09-30,DELAWARE,DELAWARE,THIRD CIRCUIT,638,380,75,1,174,107,20,75,1,3,531,360,0,171
2014-09-30,DISTRICT OF COLUMBIA,DISTRICT OF COLUMBIA,DC CIRCUIT,208,161,7,0,40,15,7,7,0,1,193,154,0,39
2014-09-30,FLORIDA MIDDLE,FLORIDA,ELEVENTH CIRCUIT,8555,5858,103,3,2590,331,209,91,3,27,8224,5649,12,2563
2014-09-30,FLORIDA NORTHERN,FLORIDA,ELEVENTH CIRCUIT,764,602,15,1,146,45,28,14,1,2,719,574,1,144
2014-09-30,FLORIDA SOUTHERN,FLORIDA,ELEVENTH CIRCUIT,7217,4193,57,2,2965,161,108,41,2,10,7056,4085,16,2955
2014-09-30,GEORGIA MIDDLE,GEORGIA,ELEVENTH CIRCUIT,2451,678,12,2,1759,49,26,11,2,10,2402,652,1,1749
2014-09-30,GEORGIA NORTHERN,GEORGIA,ELEVENTH CIRCUIT,8882,4795,40,5,4042,201,149,37,5,10,8681,4646,3,4032
2014-09-30,GEORGIA SOUTHERN,GEORGIA,ELEVENTH CIRCUIT,2293,457,0,1,1835,36,32,0,1,3,2257,425,0,1832
2014-09-30,GUAM,GUAM,NINTH CIRCUIT,26,21,0,0,5,3,3,0,0,0,23,18,0,5
2014-09-30,HAWAII,HAWAII,NINTH CIRCUIT,447,308,3,0,136,10,6,2,0,2,437,302,1,134
2014-09-30,IDAHO,IDAHO,NINTH CIRCUIT,1190,1063,5,2,120,33,26,4,2,1,1157,1037,1,119
2014-09-30,ILLINOIS CENTRAL,ILLINOIS,SEVENTH CIRCUIT,1444,1143,6,0,295,33,23,5,0,5,1411,1120,1,290
2014-09-30,ILLINOIS NORTHERN,ILLINOIS,SEVENTH CIRCUIT,12450,7541,51,1,4857,257,198,46,1,12,12193,7343,5,4845
2014-09-30,ILLINOIS SOUTHERN,ILLINOIS,SEVENTH CIRCUIT,1053,646,3,0,404,18,12,3,0,3,1035,634,0,401
2014-09-30,INDIANA NORTHERN,INDIANA,SEVENTH CIRCUIT,2988,2229,6,0,753,27,19,4,0,4,2961,2210,2,749
2014-09-30,INDIANA SOUTHERN,INDIANA,SEVENTH CIRCUIT,4428,3017,21,1,1389,90,62,21,1,6,4338,2955,0,1383
2014-09-30,IOWA NORTHERN,IOWA,EIGHTH CIRCUIT,490,449,3,2,36,19,14,3,2,0,471,435,0,36
2014-09-30,IOWA SOUTHERN,IOWA,EIGHTH CIRCUIT,774,693,2,0,79,19,13,1,0,5,755,680,1,74
2014-09-30,KANSAS,KANSAS,TENTH CIRCUIT,1996,1159,13,0,824,55,37,12,0,6,1941,1122,1,818
2014-09-30,KENTUCKY EASTERN,KENTUCKY,SIXTH CIRCUIT,2001,1398,2,0,601,23,18,1,0,4,1978,1380,1,597
2014-09-30,KENTUCKY WESTERN,KENTUCKY,SIXTH CIRCUIT,2032,1461,10,0,561,27,16,10,0,1,2005,1445,0,560
2014-09-30,LOUISIANA EASTERN,LOUISIANA,FIFTH CIRCUIT,947,440,5,0,502,38,27,4,0,7,909,413,1,495
2014-09-30,LOUISIANA MIDDLE,LOUISIANA,FIFTH CIRCUIT,442,209,3,0,230,9,6,3,0,0,433,203,0,230
2014-09-30,LOUISIANA WESTERN,LOUISIANA,FIFTH CIRCUIT,2707,427,45,3,2232,62,10,43,3,6,2645,417,2,2226
2014-09-30,MAINE,MAINE,FIRST CIRCUIT,542,444,3,1,94,26,14,3,1,8,516,430,0,86
2014-09-30,MARYLAND,MARYLAND,FOURTH CIRCUIT,4911,3499,36,0,1376,93,64,22,0,7,4818,3435,14,1369
2014-09-30,MASSACHUSETTS,MASSACHUSETTS,FIRST CIRCUIT,2525,1915,28,4,578,108,67,27,4,10,2417,1848,1,568
2014-09-30,MICHIGAN EASTERN,MICHIGAN,SIXTH CIRCUIT,6114,4697,19,1,1397,81,51,17,1,12,6033,4646,2,1385
2014-09-30,MICHIGAN WESTERN,MICHIGAN,SIXTH CIRCUIT,1998,1614,7,1,376,51,36,7,1,7,1947,1578,0,369
2014-09-30,MINNESOTA,MINNESOTA,EIGHTH CIRCUIT,2896,2431,10,1,454,85,67,9,1,8,2811,2364,1,446
2014-09-30,MISSISSIPPI NORTHERN,MISSISSIPPI,FIFTH CIRCUIT,1242,489,2,0,751,13,7,2,0,4,1229,482,0,747
2014-09-30,MISSISSIPPI SOUTHERN,MISSISSIPPI,FIFTH CIRCUIT,1563,744,13,0,806,48,35,12,0,1,1515,709,1,805
2014-09-30,MISSOURI EASTERN,MISSOURI,EIGHTH CIRCUIT,3020,2006,7,1,1005,37,26,7,1,2,2983,1980,0,1003
2014-09-30,MISSOURI WESTERN,MISSOURI,EIGHTH CIRCUIT,2324,1656,12,1,655,45,28,11,1,5,2279,1628,1,650
2014-09-30,MONTANA,MONTANA,NINTH CIRCUIT,380,327,1,0,52,19,16,1,0,2,361,311,0,50
2014-09-30,NEBRASKA,NEBRASKA,EIGHTH CIRCUIT,1134,760,5,0,368,30,22,5,0,2,1104,738,0,366
2014-09-30,NEVADA,NEVADA,NINTH CIRCUIT,2693,2199,61,1,432,112,76,27,1,8,2581,2123,34,424
2014-09-30,NEW HAMPSHIRE,NEW HAMPSHIRE,FIRST CIRCUIT,566,447,8,0,111,47,36,7,0,4,519,411,1,107
2014-09-30,NEW JERSEY,NEW JERSEY,THIRD CIRCUIT,6805,4882,94,0,1825,225,123,80,0,18,6580,4759,14,1807
2014-09-30,NEW MEXICO,NEW MEXICO,TENTH CIRCUIT,954,876,10,0,68,33,22,9,0,2,921,854,1,66
2014-09-30,NEW YORK EASTERN,NEW YORK,SECOND CIRCUIT,3124,2606,55,0,463,141,81,51,0,9,2983,2525,4,454
2014-09-30,NEW YORK NORTHERN,NEW YORK,SECOND CIRCUIT,1671,1288,5,0,378,30,22,5,0,3,1641,1266,0,375
2014-09-30,NEW YORK SOUTHERN,NEW YORK,SECOND CIRCUIT,1922,1502,61,1,356,116,51,55,1,7,1806,1451,6,349
2014-09-30,NEW YORK WESTERN,NEW YORK,SECOND CIRCUIT,1166,822,11,1,332,54,31,11,1,11,1112,791,0,321
2014-09-30,NORTH CAROLINA EASTERN,NORTH CAROLINA,FOURTH CIRCUIT,1949,582,27,2,1338,65,34,20,2,9,1884,548,7,1329
2014-09-30,NORTH CAROLINA MIDDLE,NORTH CAROLINA,FOURTH CIRCUIT,1130,472,3,1,654,31,24,3,1,3,1099,448,0,651
2014-09-30,NORTH CAROLINA WESTERN,NORTH CAROLINA,FOURTH CIRCUIT,1168,627,15,0,526,36,21,14,0,1,1132,606,1,525
2014-09-30,NORTH DAKOTA,NORTH DAKOTA,EIGHTH CIRCUIT,175,156,0,0,19,5,5,0,0,0,170,151,0,19
2014-09-30,NORTHERN MARIANAS,NORTHERN MARIANA ISLANDS,NINTH CIRCUIT,2,2,0,0,0,0,0,0,0,0,2,2,0,0
2014-09-30,OHIO NORTHERN,OHIO,SIXTH CIRCUIT,5524,4510,4,0,1010,79,68,3,0,8,5445,4442,1,1002
2014-09-30,OHIO SOUTHERN,OHIO,SIXTH CIRCUIT,4750,3338,4,0,1408,74,63,4,0,7,4676,3275,0,1401
2014-09-30,OKLAHOMA EASTERN,OKLAHOMA,TENTH CIRCUIT,415,382,0,1,32,4,3,0,1,0,411,379,0,32
2014-09-30,OKLAHOMA NORTHERN,OKLAHOMA,TENTH CIRCUIT,709,640,0,0,69,16,16,0,0,0,693,624,0,69
2014-09-30,OKLAHOMA WESTERN,OKLAHOMA,TENTH CIRCUIT,1401,1085,3,1,312,22,18,2,1,1,1379,1067,1,311
2014-09-30,OREGON,OREGON,NINTH CIRCUIT,2979,2432,7,0,540,66,52,6,0,8,2913,2380,1,532
2014-09-30,PENNSYLVANIA EASTERN,PENNSYLVANIA,THIRD CIRCUIT,2580,1464,31,0,1085,97,52,31,0,14,2483,1412,0,1071
2014-09-30,PENNSYLVANIA MIDDLE,PENNSYLVANIA,THIRD CIRCUIT,1502,921,8,0,573,65,38,8,0,19,1437,883,0,554
2014-09-30,PENNSYLVANIA WESTERN,PENNSYLVANIA,THIRD CIRCUIT,1885,1209,21,1,654,63,35,17,1,10,1822,1174,4,644
2014-09-30,PUERTO RICO,PUERTO RICO,FIRST CIRCUIT,2792,1098,44,7,1643,86,28,36,7,15,2706,1070,8,1628
2014-09-30,RHODE ISLAND,RHODE ISLAND,FIRST CIRCUIT,713,606,2,0,105,21,18,2,0,1,692,588,0,104
2014-09-30,SOUTH CAROLINA,SOUTH CAROLINA,FOURTH CIRCUIT,1812,712,10,0,1090,60,51,7,0,2,1752,661,3,1088
2014-09-30,SOUTH DAKOTA,SOUTH DAKOTA,EIGHTH CIRCUIT,322,288,0,0,34,8,7,0,0,1,314,281,0,33
2014-09-30,TENNESSEE EASTERN,TENNESSEE,SIXTH CIRCUIT,3192,1598,10,2,1582,31,20,6,2,3,3161,1578,4,1579
2014-09-30,TENNESSEE MIDDLE,TENNESSEE,SIXTH CIRCUIT,2680,1436,20,0,1224,68,52,15,0,1,2612,1384,5,1223
2014-09-30,TENNESSEE WESTERN,TENNESSEE,SIXTH CIRCUIT,4432,996,7,0,3429,36,25,6,0,5,4396,971,1,3424
2014-09-30,TEXAS EASTERN,TEXAS,FIFTH CIRCUIT,1234,593,13,0,628,74,57,10,0,7,1160,536,3,621
2014-09-30,TEXAS NORTHERN,TEXAS,FIFTH CIRCUIT,3280,1368,40,0,1872,151,98,40,0,13,3129,1270,0,1859
2014-09-30,TEXAS SOUTHERN,TEXAS,FIFTH CIRCUIT,2272,855,34,3,1380,138,89,31,3,15,2134,766,3,1365
2014-09-30,TEXAS WESTERN,TEXAS,FIFTH CIRCUIT,2017,988,10,0,1019,101,86,10,0,5,1916,902,0,1014
2014-09-30,UTAH,UTAH,TENTH CIRCUIT,3576,2286,4,0,1286,50,42,4,0,4,3526,2244,0,1282
2014-09-30,VERMONT,VERMONT,SECOND CIRCUIT,158,124,0,0,34,13,7,0,0,6,145,117,0,28
2014-09-30,VIRGIN ISLANDS,VIRGIN ISLANDS,THIRD CIRCUIT,4,3,0,0,1,0,0,0,0,0,4,3,0,1
2014-09-30,VIRGINIA EASTERN,VIRGINIA,FOURTH CIRCUIT,4518,2633,21,0,1864,104,77,21,0,6,4414,2556,0,1858
2014-09-30,VIRGINIA WESTERN,VIRGINIA,FOURTH CIRCUIT,1409,876,3,0,530,21,18,2,0,1,1388,858,1,529
2014-09-30,WASHINGTON EASTERN,WASHINGTON,NINTH CIRCUIT,1135,887,3,1,244,20,13,3,1,3,1115,874,0,241
2014-09-30,WASHINGTON WESTERN,WASHINGTON,NINTH CIRCUIT,4046,3152,28,0,866,112,82,20,0,10,3934,3070,8,856
2014-09-30,WEST VIRGINIA NORTHERN,WEST VIRGINIA,FOURTH CIRCUIT,335,294,4,0,37,15,11,4,0,0,320,283,0,37
2014-09-30,WEST VIRGINIA SOUTHERN,WEST VIRGINIA,FOURTH CIRCUIT,479,418,10,0,51,21,12,9,0,0,458,406,1,51
2014-09-30,WISCONSIN EASTERN,WISCONSIN,SEVENTH CIRCUIT,3913,2805,3,1,1104,52,48,3,1,0,3861,2757,0,1104
2014-09-30,WISCONSIN WESTERN,WISCONSIN,SEVENTH CIRCUIT,1341,1121,5,4,211,43,28,4,4,7,1298,1093,1,204
2014-09-30,WYOMING,WYOMING,TENTH CIRCUIT,228,207,1,0,20,11,10,1,0,0,217,197,0,20
2014-12-31,ALABAMA MIDDLE,ALABAMA,ELEVENTH CIRCUIT,1950,319,4,1,1626,27,20,4,1,2,1923,299,0,1624
2014-12-31,ALABAMA NORTHERN,ALABAMA,ELEVENTH CIRCUIT,3083,1392,8,1,1682,40,29,8,1,2,3043,1363,0,1680
2014-12-31,ALABAMA SOUTHERN,ALABAMA,ELEVENTH CIRCUIT,1043,302,6,0,735,10,6,3,0,1,1033,296,3,734
2014-12-31,ALASKA,ALASKA,NINTH CIRCUIT,107,85,0,0,22,11,8,0,0,3,96,77,0,19
2014-12-31,ARIZONA,ARIZONA,NINTH CIRCUIT,4134,3506,55,2,571,145,103,34,2,6,3989,3403,21,565
2014-12-31,ARKANSAS EASTERN,ARKANSAS,EIGHTH CIRCUIT,1676,685,9,2,980,31,15,9,2,5,1645,670,0,975
2014-12-31,ARKANSAS WESTERN,ARKANSAS,EIGHTH CIRCUIT,900,503,2,3,392,17,12,2,3,0,883,491,0,392
2014-12-31,CALIFORNIA CENTRAL,CALIFORNIA,NINTH CIRCUIT,12324,9503,95,0,2726,467,378,64,0,25,11857,9125,31,2701
2014-12-31,CALIFORNIA EASTERN,CALIFORNIA,NINTH CIRCUIT,4483,3556,23,0,904,133,97,17,0,19,4350,3459,6,885
2014-12-31,CALIFORNIA NORTHERN,CALIFORNIA,NINTH CIRCUIT,3084,1797,49,0,1238,175,123,37,0,15,2909,1674,12,1223
2014-12-31,CALIFORNIA SOUTHERN,CALIFORNIA,NINTH CIRCUIT,2233,1753,6,0,474,86,67,5,0,14,2147,1686,1,460
2014-12-31,COLORADO,COLORADO,TENTH CIRCUIT,3836,3168,18,1,646,110,80,17,1,9,3726,3088,1,637
2014-12-31,CONNECTICUT,CONNECTICUT,SECOND CIRCUIT,1582,1301,28,1,252,63,36,23,1,3,1519,1265,5,249
2014-12-31,DELAWARE,DELAWARE,THIRD CIRCUIT,621,389,49,0,182,100,49,49,0,1,521,340,0,181
2014-12-31,DISTRICT OF COLUMBIA,DISTRICT OF COLUMBIA,DC CIRCUIT,189,154,3,0,32,14,10,3,0,1,175,144,0,31
2014-12-31,FLORIDA MIDDLE,FLORIDA,ELEVENTH CIRCUIT,8024,5578,83,5,2357,330,243,61,5,20,7694,5335,22,2337
2014-12-31,FLORIDA NORTHERN,FLORIDA,ELEVENTH CIRCUIT,683,549,9,0,125,35,26,8,0,1,648,523,1,124
2014-12-31,FLORIDA SOUTHERN,FLORIDA,ELEVENTH CIRCUIT,6436,3744,53,1,2638,151,110,32,1,8,6285,3634,21,2630
2014-12-31,GEORGIA MIDDLE,GEORGIA,ELEVENTH CIRCUIT,2346,635,3,4,1704,36,18,3,4,11,2310,617,0,1693
2014-12-31,GEORGIA NORTHERN,GEORGIA,ELEVENTH CIRCUIT,8482,4284,37,0,4161,181,134,35,0,12,8301,4150,2,4149
2014-12-31,GEORGIA SOUTHERN,GEORGIA,ELEVENTH CIRCUIT,2006,369,4,2,1631,35,26,3,2,4,1971,343,1,1627
2014-12-31,GUAM,GUAM,NINTH CIRCUIT,18,12,0,0,6,2,2,0,0,0,16,10,0,6
2014-12-31,HAWAII,HAWAII,NINTH CIRCUIT,380,275,3,0,102,23,19,3,0,1,357,256,0,101
2014-12-31,IDAHO,IDAHO,NINTH CIRCUIT,1038,918,5,0,115,35,30,4,0,1,1003,888,1,114
2014-12-31,ILLINOIS CENTRAL,ILLINOIS,SEVENTH CIRCUIT,1336,1052,18,0,266,45,22,18,0,5,1291,1030,0,261
2014-12-31,ILLINOIS NORTHERN,ILLINOIS,SEVENTH CIRCUIT,11700,6745,41,0,4914,228,184,34,0,10,11472,6561,7,4904
2014-12-31,ILLINOIS SOUTHERN,ILLINOIS,SEVENTH CIRCUIT,983,581,5,0,397,22,12,5,0,5,961,569,0,392
2014-12-31,INDIANA NORTHERN,INDIANA,SEVENTH CIRCUIT,2487,1801,3,2,681,26,20,2,2,2,2461,1781,1,679
2014-12-31,INDIANA SOUTHERN,INDIANA,SEVENTH CIRCUIT,3786,2468,12,2,1304,78,62,10,2,4,3708,2406,2,1300
2014-12-31,IOWA NORTHERN,IOWA,EIGHTH CIRCUIT,392,366,0,1,25,14,12,0,1,1,378,354,0,24
2014-12-31,IOWA SOUTHERN,IOWA,EIGHTH CIRCUIT,652,573,7,0,72,27,19,7,0,1,625,554,0,71
2014-12-31,KANSAS,KANSAS,TENTH CIRCUIT,1658,909,6,5,738,47,29,4,5,9,1611,880,2,729
2014-12-31,KENTUCKY EASTERN,KENTUCKY,SIXTH CIRCUIT,1903,1339,7,1,556,42,34,7,1,0,1861,1305,0,556
2014-12-31,KENTUCKY WESTERN,KENTUCKY,SIXTH CIRCUIT,1890,1342,5,0,543,33,25,5,0,3,1857,1317,0,540
2014-12-31,LOUISIANA EASTERN,LOUISIANA,FIFTH CIRCUIT,853,332,6,1,514,33,25,6,1,1,820,307,0,513
2014-12-31,LOUISIANA MIDDLE,LOUISIANA,FIFTH CIRCUIT,397,197,2,0,198,17,14,2,0,1,380,183,0,197
2014-12-31,LOUISIANA WESTERN,LOUISIANA,FIFTH CIRCUIT,2109,347,21,0,1741,44,19,19,0,6,2065,328,2,1735
2014-12-31,MAINE,MAINE,FIRST CIRCUIT,461,373,3,1,84,22,18,2,1,1,439,355,1,83
2014-12-31,MARYLAND,MARYLAND,FOURTH CIRCUIT,4632,3278,49,0,1305,135,80,42,0,13,4497,3198,7,1292
2014-12-31,MASSACHUSETTS,MASSACHUSETTS,FIRST CIRCUIT,2377,1834,18,1,524,95,77,12,1,5,2282,1757,6,519
2014-12-31,MICHIGAN EASTERN,MICHIGAN,SIXTH CIRCUIT,6094,4762,27,3,1302,122,88,23,3,8,5972,4674,4,1294
2014-12-31,MICHIGAN WESTERN,MICHIGAN,SIXTH CIRCUIT,1765,1403,9,0,353,55,41,9,0,5,1710,1362,0,348
2014-12-31,MINNESOTA,MINNESOTA,EIGHTH CIRCUIT,2726,2311,3,5,407,99,88,2,5,4,2627,2223,1,403
2014-12-31,MISSISSIPPI NORTHERN,MISSISSIPPI,FIFTH CIRCUIT,1104,406,6,0,692,21,11,6,0,4,1083,395,0,688
2014-12-31,MISSISSIPPI SOUTHERN,MISSISSIPPI,FIFTH CIRCUIT,1455,678,9,0,768,28,17,8,0,3,1427,661,1,765
2014-12-31,MISSOURI EASTERN,MISSOURI,EIGHTH CIRCUIT,2776,1828,2,0,946,35,28,1,0,6,2741,1800,1,940
2014-12-31,MISSOURI WESTERN,MISSOURI,EIGHTH CIRCUIT,1978,1374,2,2,600,37,31,2,2,2,1941,1343,0,598
2014-12-31,MONTANA,MONTANA,NINTH CIRCUIT,290,244,2,0,44,16,12,1,0,3,274,232,1,41
2014-12-31,NEBRASKA,NEBRASKA,EIGHTH CIRCUIT,973,647,2,2,320,28,21,1,2,2,945,626,1,318
2014-12-31,NEVADA,NEVADA,NINTH CIRCUIT,2503,1995,40,0,468,116,90,21,0,5,2387,1905,19,463
2014-12-31,NEW HAMPSHIRE,NEW HAMPSHIRE,FIRST CIRCUIT,599,462,14,0,123,48,27,14,0,7,551,435,0,116
2014-12-31,NEW JERSEY,NEW JERSEY,THIRD CIRCUIT,6310,4579,61,0,1670,192,126,51,0,15,6118,4453,10,1655
2014-12-31,NEW MEXICO,NEW MEXICO,TENTH CIRCUIT,833,761,6,0,66,31,24,4,0,3,802,737,2,63
2014-12-31,NEW YORK EASTERN,NEW YORK,SECOND CIRCUIT,2824,2368,53,0,403,126,72,48,0,6,2698,2296,5,397
2014-12-31,NEW YORK NORTHERN,NEW YORK,SECOND CIRCUIT,1646,1262,9,2,373,39,23,9,2,5,1607,1239,0,368
2014-12-31,NEW YORK SOUTHERN,NEW YORK,SECOND CIRCUIT,1762,1344,94,0,319,148,48,89,0,6,1614,1296,5,313
2014-12-31,NEW YORK WESTERN,NEW YORK,SECOND CIRCUIT,1131,754,13,0,364,47,20,13,0,14,1084,734,0,350
2014-12-31,NORTH CAROLINA EASTERN,NORTH CAROLINA,FOURTH CIRCUIT,1916,547,22,3,1344,64,34,15,3,12,1852,513,7,1332
2014-12-31,NORTH CAROLINA MIDDLE,NORTH CAROLINA,FOURTH CIRCUIT,1060,421,8,0,631,38,27,8,0,3,1022,394,0,628
2014-12-31,NORTH CAROLINA WESTERN,NORTH CAROLINA,FOURTH CIRCUIT,1025,582,8,0,435,36,25,7,0,4,989,557,1,431
2014-12-31,NORTH DAKOTA,NORTH DAKOTA,EIGHTH CIRCUIT,159,141,0,0,18,13,13,0,0,0,146,128,0,18
2014-12-31,NORTHERN MARIANAS,NORTHERN MARIANA ISLANDS,NINTH CIRCUIT,1,1,0,0,0,0,0,0,0,0,1,1,0,0
2014-12-31,OHIO NORTHERN,OHIO,SIXTH CIRCUIT,5067,4044,9,0,1014,114,95,9,0,10,4953,3949,0,1004
2014-12-31,OHIO SOUTHERN,OHIO,SIXTH CIRCUIT,4325,2914,2,1,1408,86,76,2,1,7,4239,2838,0,1401
2014-12-31,OKLAHOMA EASTERN,OKLAHOMA,TENTH CIRCUIT,359,311,4,0,44,11,5,4,0,2,348,306,0,42
2014-12-31,OKLAHOMA NORTHERN,OKLAHOMA,TENTH CIRCUIT,584,510,1,0,73,21,19,1,0,1,563,491,0,72
2014-12-31,OKLAHOMA WESTERN,OKLAHOMA,TENTH CIRCUIT,1242,941,6,1,294,30,21,6,1,2,1212,920,0,292
2014-12-31,OREGON,OREGON,NINTH CIRCUIT,2730,2200,5,0,525,45,37,4,0,4,2685,2163,1,521
2014-12-31,PENNSYLVANIA EASTERN,PENNSYLVANIA,THIRD CIRCUIT,2343,1323,29,0,991,83,36,29,0,18,2260,1287,0,973
2014-12-31,PENNSYLVANIA MIDDLE,PENNSYLVANIA,THIRD CIRCUIT,1456,928,15,1,512,55,31,14,1,9,1401,897,1,503
2014-12-31,PENNSYLVANIA WESTERN,PENNSYLVANIA,THIRD CIRCUIT,1611,1094,12,0,505,52,36,11,0,5,1559,1058,1,500
2014-12-31,PUERTO RICO,PUERTO RICO,FIRST CIRCUIT,2625,964,40,3,1618,68,22,36,3,7,2557,942,4,1611
2014-12-31,RHODE ISLAND,RHODE ISLAND,FIRST CIRCUIT,645,544,0,0,100,18,16,0,0,1,627,528,0,99
2014-12-31,SOUTH CAROLINA,SOUTH CAROLINA,FOURTH CIRCUIT,1807,699,8,0,1100,57,45,6,0,6,1750,654,2,1094
2014-12-31,SOUTH DAKOTA,SOUTH DAKOTA,EIGHTH CIRCUIT,242,219,0,0,23,13,11,0,0,2,229,208,0,21
2014-12-31,TENNESSEE EASTERN,TENNESSEE,SIXTH CIRCUIT,2734,1380,8,2,1344,39,29,6,2,2,2695,1351,2,1342
2014-12-31,TENNESSEE MIDDLE,TENNESSEE,SIXTH CIRCUIT,2283,1171,14,0,1098,34,25,8,0,1,2249,1146,6,1097
2014-12-31,TENNESSEE WESTERN,TENNESSEE,SIXTH CIRCUIT,3738,772,8,0,2958,38,26,8,0,4,3700,746,0,2954
2014-12-31,TEXAS EASTERN,TEXAS,FIFTH CIRCUIT,1177,523,14,1,639,85,64,13,1,7,1092,459,1,632
2014-12-31,TEXAS NORTHERN,TEXAS,FIFTH CIRCUIT,3131,1310,39,2,1780,181,126,37,2,16,2950,1184,2,1764
2014-12-31,TEXAS SOUTHERN,TEXAS,FIFTH CIRCUIT,2364,799,26,0,1539,100,66,24,0,10,2264,733,2,1529
2014-12-31,TEXAS WESTERN,TEXAS,FIFTH CIRCUIT,1944,847,17,0,1080,115,86,15,0,14,1829,761,2,1066
2014-12-31,UTAH,UTAH,TENTH CIRCUIT,3147,1884,8,0,1255,58,43,8,0,7,3089,1841,0,1248
2014-12-31,VERMONT,VERMONT,SECOND CIRCUIT,170,137,0,1,32,12,9,0,1,2,158,128,0,30
2014-12-31,VIRGIN ISLANDS,VIRGIN ISLANDS,THIRD CIRCUIT,5,4,0,0,1,1,1,0,0,0,4,3,0,1
2014-12-31,VIRGINIA EASTERN,VIRGINIA,FOURTH CIRCUIT,4323,2504,23,1,1795,106,76,21,1,8,4217,2428,2,1787
2014-12-31,VIRGINIA WESTERN,VIRGINIA,FOURTH CIRCUIT,1324,796,3,0,525,24,20,3,0,1,1300,776,0,524
2014-12-31,WASHINGTON EASTERN,WASHINGTON,NINTH CIRCUIT,1033,823,1,0,209,19,18,1,0,0,1014,805,0,209
2014-12-31,WASHINGTON WESTERN,WASHINGTON,NINTH CIRCUIT,3663,2800,23,0,840,98,72,20,0,6,3565,2728,3,834
2014-12-31,WEST VIRGINIA NORTHERN,WEST VIRGINIA,FOURTH CIRCUIT,318,266,6,1,45,19,12,6,1,0,299,254,0,45
2014-12-31,WEST VIRGINIA SOUTHERN,WEST VIRGINIA,FOURTH CIRCUIT,478,393,3,0,82,14,11,3,0,0,464,382,0,82
2014-12-31,WISCONSIN EASTERN,WISCONSIN,SEVENTH CIRCUIT,3106,2126,6,4,970,66,51,6,4,5,3040,2075,0,965
2014-12-31,WISCONSIN WESTERN,WISCONSIN,SEVENTH CIRCUIT,1207,1005,6,5,191,46,31,5,5,5,1161,974,1,186
2014-12-31,WYOMING,WYOMING,TENTH CIRCUIT,205,183,1,0,21,7,6,1,0,0,198,177,0,21
2015-03-31,ALABAMA MIDDLE,ALABAMA,ELEVENTH CIRCUIT,1923,442,3,1,1477,24,16,3,1,4,1899,426,0,1473
2015-03-31,ALABAMA NORTHERN,ALABAMA,ELEVENTH CIRCUIT,3171,1726,6,0,1439,40,33,6,0,1,3131,1693,0,1438
2015-03-31,ALABAMA SOUTHERN,ALABAMA,ELEVENTH CIRCUIT,1036,303,7,0,726,16,7,7,0,2,1020,296,0,724
2015-03-31,ALASKA,ALASKA,NINTH CIRCUIT,80,61,0,0,19,4,4,0,0,0,76,57,0,19
2015-03-31,ARIZONA,ARIZONA,NINTH CIRCUIT,3923,3322,52,0,549,146,94,44,0,8,3777,3228,8,541
2015-03-31,ARKANSAS EASTERN,ARKANSAS,EIGHTH CIRCUIT,1599,718,3,1,877,29,20,3,1,5,1570,698,0,872
2015-03-31,ARKANSAS WESTERN,ARKANSAS,EIGHTH CIRCUIT,906,499,4,4,399,29,18,3,4,4,877,481,1,395
2015-03-31,CALIFORNIA CENTRAL,CALIFORNIA,NINTH CIRCUIT,12106,9371,113,0,2622,467,370,71,0,26,11639,9001,42,2596
2015-03-31,CALIFORNIA EASTERN,CALIFORNIA,NINTH CIRCUIT,4550,3619,31,5,895,149,89,27,5,28,4401,3530,4,867
2015-03-31,CALIFORNIA NORTHERN,CALIFORNIA,NINTH CIRCUIT,2988,1668,34,0,1286,140,99,26,0,15,2848,1569,8,1271
2015-03-31,CALIFORNIA SOUTHERN,CALIFORNIA,NINTH CIRCUIT,2279,1817,7,0,455,78,67,4,0,7,2201,1750,3,448
2015-03-31,COLORADO,COLORADO,TENTH CIRCUIT,3596,2916,17,2,661,106,83,13,2,8,3490,2833,4,653
2015-03-31,CONNECTICUT,CONNECTICUT,SECOND CIRCUIT,1565,1234,26,0,305,62,35,24,0,3,1503,1199,2,302
2015-03-31,DELAWARE,DELAWARE,THIRD CIRCUIT,726,401,138,0,187,157,18,137,0,2,569,383,1,185
2015-03-31,DISTRICT OF COLUMBIA,DISTRICT OF COLUMBIA,DC CIRCUIT,189,151,6,0,32,11,6,5,0,0,178,145,1,32
2015-03-31,FLORIDA MIDDLE,FLORIDA,ELEVENTH CIRCUIT,7932,5360,75,3,2493,294,213,51,3,27,7638,5147,24,2466
2015-03-31,FLORIDA NORTHERN,FLORIDA,ELEVENTH CIRCUIT,732,590,6,3,133,37,29,4,3,1,695,561,2,132
2015-03-31,FLORIDA SOUTHERN,FLORIDA,ELEVENTH CIRCUIT,6239,3441,67,0,2731,169,103,54,0,12,6070,3338,13,2719
2015-03-31,GEORGIA MIDDLE,GEORGIA,ELEVENTH CIRCUIT,2135,741,2,4,1388,41,22,2,4,13,2094,719,0,1375
2015-03-31,GEORGIA NORTHERN,GEORGIA,ELEVENTH CIRCUIT,8172,4567,37,2,3566,177,132,36,2,7,7995,4435,1,3559
2015-03-31,GEORGIA SOUTHERN,GEORGIA,ELEVENTH CIRCUIT,1747,434,3,3,1307,28,17,3,3,5,1719,417,0,1302
2015-03-31,GUAM,GUAM,NINTH CIRCUIT,29,23,0,0,6,3,3,0,0,0,26,20,0,6
2015-03-31,HAWAII,HAWAII,NINTH CIRCUIT,410,291,7,0,112,21,13,6,0,2,389,278,1,110
2015-03-31,IDAHO,IDAHO,NINTH CIRCUIT,946,838,5,1,102,35,28,3,1,3,911,810,2,99
2015-03-31,ILLINOIS CENTRAL,ILLINOIS,SEVENTH CIRCUIT,1374,1117,0,0,257,17,12,0,0,5,1357,1105,0,252
2015-03-31,ILLINOIS NORTHERN,ILLINOIS,SEVENTH CIRCUIT,13053,7406,217,0,5430,399,171,211,0,17,12654,7235,6,5413
2015-03-31,ILLINOIS SOUTHERN,ILLINOIS,SEVENTH CIRCUIT,1018,698,1,1,318,14,12,1,1,0,1004,686,0,318
2015-03-31,INDIANA NORTHERN,INDIANA,SEVENTH CIRCUIT,2683,1974,15,3,691,32,14,13,3,2,2651,1960,2,689
2015-03-31,INDIANA SOUTHERN,INDIANA,SEVENTH CIRCUIT,3952,2727,15,2,1208,79,57,15,2,5,3873,2670,0,1203
2015-03-31,IOWA NORTHERN,IOWA,EIGHTH CIRCUIT,434,404,2,0,28,20,17,2,0,1,414,387,0,27
2015-03-31,IOWA SOUTHERN,IOWA,EIGHTH CIRCUIT,680,601,0,0,79,18,16,0,0,2,662,585,0,77
2015-03-31,KANSAS,KANSAS,TENTH CIRCUIT,1611,872,11,1,727,49,30,10,1,8,1562,842,1,719
2015-03-31,KENTUCKY EASTERN,KENTUCKY,SIXTH CIRCUIT,2019,1430,6,0,583,34,26,5,0,3,1985,1404,1,580
2015-03-31,KENTUCKY WESTERN,KENTUCKY,SIXTH CIRCUIT,1970,1485,5,2,478,27,17,5,2,3,1943,1468,0,475
2015-03-31,LOUISIANA EASTERN,LOUISIANA,FIFTH CIRCUIT,803,338,9,0,456,37,23,9,0,5,766,315,0,451
2015-03-31,LOUISIANA MIDDLE,LOUISIANA,FIFTH CIRCUIT,398,188,4,0,206,18,13,4,0,1,380,175,0,205
2015-03-31,LOUISIANA WESTERN,LOUISIANA,FIFTH CIRCUIT,2162,456,12,0,1694,28,16,11,0,1,2134,440,1,1693
2015-03-31,MAINE,MAINE,FIRST CIRCUIT,422,352,2,1,67,31,24,2,1,4,391,328,0,63
2015-03-31,MARYLAND,MARYLAND,FOURTH CIRCUIT,4725,3364,38,0,1323,115,73,31,0,11,4610,3291,7,1312
2015-03-31,MASSACHUSETTS,MASSACHUSETTS,FIRST CIRCUIT,2258,1675,24,5,554,103,70,19,5,9,2155,1605,5,545
2015-03-31,MICHIGAN EASTERN,MICHIGAN,SIXTH CIRCUIT,6996,5446,33,0,1516,111,66,29,0,16,6885,5380,4,1500
2015-03-31,MICHIGAN WESTERN,MICHIGAN,SIXTH CIRCUIT,2130,1757,9,4,360,49,34,8,4,3,2081,1723,1,357
2015-03-31,MINNESOTA,MINNESOTA,EIGHTH CIRCUIT,2762,2348,16,4,394,86,59,16,4,7,2676,2289,0,387
2015-03-31,MISSISSIPPI NORTHERN,MISSISSIPPI,FIFTH CIRCUIT,1207,561,2,0,644,19,16,2,0,1,1188,545,0,643
2015-03-31,MISSISSIPPI SOUTHERN,MISSISSIPPI,FIFTH CIRCUIT,1673,923,7,3,740,47,35,6,3,3,1626,888,1,737
2015-03-31,MISSOURI EASTERN,MISSOURI,EIGHTH CIRCUIT,2838,1964,5,1,868,46,36,5,1,4,2792,1928,0,864
2015-03-31,MISSOURI WESTERN,MISSOURI,EIGHTH CIRCUIT,1922,1336,5,1,580,30,23,4,1,2,1892,1313,1,578
2015-03-31,MONTANA,MONTANA,NINTH CIRCUIT,310,273,1,3,33,13,8,0,3,2,297,265,1,31
2015-03-31,NEBRASKA,NEBRASKA,EIGHTH CIRCUIT,1112,752,2,0,358,21,14,2,0,5,1091,738,0,353
2015-03-31,NEVADA,NEVADA,NINTH CIRCUIT,2349,1869,50,0,430,94,64,28,0,2,2255,1805,22,428
2015-03-31,NEW HAMPSHIRE,NEW HAMPSHIRE,FIRST CIRCUIT,536,408,2,0,126,34,22,2,0,10,502,386,0,116
2015-03-31,NEW JERSEY,NEW JERSEY,THIRD CIRCUIT,6161,4335,56,0,1770,170,105,46,0,19,5991,4230,10,1751
2015-03-31,NEW MEXICO,NEW MEXICO,TENTH CIRCUIT,872,799,9,0,64,46,35,8,0,3,826,764,1,61
2015-03-31,NEW YORK EASTERN,NEW YORK,SECOND CIRCUIT,2824,2258,49,0,517,133,80,44,0,9,2691,2178,5,508
2015-03-31,NEW YORK NORTHERN,NEW YORK,SECOND CIRCUIT,1628,1267,6,4,351,35,19,6,4,6,1593,1248,0,345
2015-03-31,NEW YORK SOUTHERN,NEW YORK,SECOND CIRCUIT,1873,1394,84,0,375,161,58,77,0,6,1712,1336,7,369
2015-03-31,NEW YORK WESTERN,NEW YORK,SECOND CIRCUIT,1008,722,14,1,271,38,18,14,1,5,970,704,0,266
2015-03-31,NORTH CAROLINA EASTERN,NORTH CAROLINA,FOURTH CIRCUIT,1800,544,23,3,1230,65,32,14,3,16,1735,512,9,1214
2015-03-31,NORTH CAROLINA MIDDLE,NORTH CAROLINA,FOURTH CIRCUIT,1045,455,5,0,585,30,25,3,0,2,1015,430,2,583
2015-03-31,NORTH CAROLINA WESTERN,NORTH CAROLINA,FOURTH CIRCUIT,1037,553,9,0,475,36,24,8,0,4,1001,529,1,471
2015-03-31,NORTH DAKOTA,NORTH DAKOTA,EIGHTH CIRCUIT,120,114,0,1,5,6,5,0,1,0,114,109,0,5
2015-03-31,NORTHERN MARIANAS,NORTHERN MARIANA ISLANDS,NINTH CIRCUIT,1,0,0,0,1,0,0,0,0,0,1,0,0,1
2015-03-31,OHIO NORTHERN,OHIO,SIXTH CIRCUIT,5061,4136,11,0,914,95,69,11,0,15,4966,4067,0,899
2015-03-31,OHIO SOUTHERN,OHIO,SIXTH CIRCUIT,4867,3260,10,2,1595,80,61,8,2,9,4787,3199,2,1586
2015-03-31,OKLAHOMA EASTERN,OKLAHOMA,TENTH CIRCUIT,326,287,0,0,39,7,6,0,0,1,319,281,0,38
2015-03-31,OKLAHOMA NORTHERN,OKLAHOMA,TENTH CIRCUIT,598,522,0,0,75,17,15,0,0,1,581,507,0,74
2015-03-31,OKLAHOMA WESTERN,OKLAHOMA,TENTH CIRCUIT,1250,984,1,0,265,33,24,1,0,8,1217,960,0,257
2015-03-31,OREGON,OREGON,NINTH CIRCUIT,2836,2318,3,0,515,58,41,3,0,14,2778,2277,0,501
2015-03-31,PENNSYLVANIA EASTERN,PENNSYLVANIA,THIRD CIRCUIT,2279,1292,16,1,970,69,42,15,1,11,2210,1250,1,959
2015-03-31,PENNSYLVANIA MIDDLE,PENNSYLVANIA,THIRD CIRCUIT,1370,915,9,0,446,38,23,9,0,6,1332,892,0,440
2015-03-31,PENNSYLVANIA WESTERN,PENNSYLVANIA,THIRD CIRCUIT,1747,1160,14,1,572,52,34,11,1,6,1695,1126,3,566
2015-03-31,PUERTO RICO,PUERTO RICO,FIRST CIRCUIT,2540,1068,30,5,1437,77,33,27,5,12,2463,1035,3,1425
2015-03-31,RHODE ISLAND,RHODE ISLAND,FIRST CIRCUIT,670,542,5,0,123,18,14,4,0,0,652,528,1,123
2015-03-31,SOUTH CAROLINA,SOUTH CAROLINA,FOURTH CIRCUIT,1802,769,9,0,1024,47,37,5,0,5,1755,732,4,1019
2015-03-31,SOUTH DAKOTA,SOUTH DAKOTA,EIGHTH CIRCUIT,283,251,1,2,29,11,4,1,2,4,272,247,0,25
2015-03-31,TENNESSEE EASTERN,TENNESSEE,SIXTH CIRCUIT,2904,1660,11,1,1232,50,36,8,1,5,2854,1624,3,1227
2015-03-31,TENNESSEE MIDDLE,TENNESSEE,SIXTH CIRCUIT,2253,1292,20,1,940,41,26,11,1,3,2212,1266,9,937
2015-03-31,TENNESSEE WESTERN,TENNESSEE,SIXTH CIRCUIT,3709,1016,7,0,2686,29,18,7,0,4,3680,998,0,2682
2015-03-31,TEXAS EASTERN,TEXAS,FIFTH CIRCUIT,1102,504,20,0,578,70,42,20,0,8,1032,462,0,570
2015-03-31,TEXAS NORTHERN,TEXAS,FIFTH CIRCUIT,3080,1237,22,1,1820,125,90,21,1,13,2955,1147,1,1807
2015-03-31,TEXAS SOUTHERN,TEXAS,FIFTH CIRCUIT,2357,807,46,0,1501,151,92,43,0,13,2206,715,3,1488
2015-03-31,TEXAS WESTERN,TEXAS,FIFTH CIRCUIT,2080,1038,36,0,1000,134,85,35,0,8,1946,953,1,992
2015-03-31,UTAH,UTAH,TENTH CIRCUIT,2890,1769,8,0,1113,48,38,8,0,2,2842,1731,0,1111
2015-03-31,VERMONT,VERMONT,SECOND CIRCUIT,157,126,0,0,31,11,10,0,0,1,146,116,0,30
2015-03-31,VIRGIN ISLANDS,VIRGIN ISLANDS,THIRD CIRCUIT,3,1,1,0,1,2,1,1,0,0,1,0,0,1
2015-03-31,VIRGINIA EASTERN,VIRGINIA,FOURTH CIRCUIT,4389,2637,20,0,1732,87,64,18,0,5,4302,2573,2,1727
2015-03-31,VIRGINIA WESTERN,VIRGINIA,FOURTH CIRCUIT,1339,873,7,1,458,30,21,7,1,1,1309,852,0,457
2015-03-31,WASHINGTON EASTERN,WASHINGTON,NINTH CIRCUIT,1233,960,4,0,269,21,17,4,0,0,1212,943,0,269
2015-03-31,WASHINGTON WESTERN,WASHINGTON,NINTH CIRCUIT,3714,2837,20,0,857,80,63,12,0,5,3634,2774,8,852
2015-03-31,WEST VIRGINIA NORTHERN,WEST VIRGINIA,FOURTH CIRCUIT,342,288,1,0,53,13,12,1,0,0,329,276,0,53
2015-03-31,WEST VIRGINIA SOUTHERN,WEST VIRGINIA,FOURTH CIRCUIT,481,413,4,0,64,18,12,4,0,2,463,401,0,62
2015-03-31,WISCONSIN EASTERN,WISCONSIN,SEVENTH CIRCUIT,3261,2295,6,2,958,48,33,6,2,7,3213,2262,0,951
2015-03-31,WISCONSIN WESTERN,WISCONSIN,SEVENTH CIRCUIT,1197,990,4,3,200,37,27,3,3,4,1160,963,1,196
2015-03-31,WYOMING,WYOMING,TENTH CIRCUIT,216,196,0,0,20,8,8,0,0,0,208,188,0,20
2015-06-30,ALABAMA MIDDLE,ALABAMA,ELEVENTH CIRCUIT,2022,386,3,2,1631,26,21,2,2,1,1996,365,1,1630
2015-06-30,ALABAMA NORTHERN,ALABAMA,ELEVENTH CIRCUIT,3239,1588,16,0,1635,53,34,16,0,3,3186,1554,0,1632
2015-06-30,ALABAMA SOUTHERN,ALABAMA,ELEVENTH CIRCUIT,1068,301,7,0,760,12,8,4,0,0,1056,293,3,760
2015-06-30,ALASKA,ALASKA,NINTH CIRCUIT,115,93,2,0,20,11,8,2,0,1,104,85,0,19
2015-06-30,ARIZONA,ARIZONA,NINTH CIRCUIT,4850,4211,61,0,578,143,94,43,0,6,4707,4117,18,572
2015-06-30,ARKANSAS EASTERN,ARKANSAS,EIGHTH CIRCUIT,1760,780,7,1,972,33,23,7,1,2,1727,757,0,970
2015-06-30,ARKANSAS WESTERN,ARKANSAS,EIGHTH CIRCUIT,875,499,12,0,364,37,25,11,0,1,838,474,1,363
2015-06-30,CALIFORNIA CENTRAL,CALIFORNIA,NINTH CIRCUIT,12877,9923,130,2,2822,472,364,74,2,32,12405,9559,56,2790
2015-06-30,CALIFORNIA EASTERN,CALIFORNIA,NINTH CIRCUIT,4494,3605,13,4,871,109,82,11,4,11,4385,3523,2,860
2015-06-30,CALIFORNIA NORTHERN,CALIFORNIA,NINTH CIRCUIT,3082,1705,33,0,1344,148,100,24,0,24,2934,1605,9,1320
2015-06-30,CALIFORNIA SOUTHERN,CALIFORNIA,NINTH CIRCUIT,2340,1842,11,0,487,81,65,8,0,8,2259,1777,3,479
2015-06-30,COLORADO,COLORADO,TENTH CIRCUIT,4091,3396,34,0,661,117,79,32,0,6,3974,3317,2,655
2015-06-30,CONNECTICUT,CONNECTICUT,SECOND CIRCUIT,1719,1409,22,1,287,64,40,20,1,3,1655,1369,2,284
2015-06-30,DELAWARE,DELAWARE,THIRD CIRCUIT,741,432,124,0,178,160,25,124,0,4,581,407,0,174
2015-06-30,DISTRICT OF COLUMBIA,DISTRICT OF COLUMBIA,DC CIRCUIT,170,130,3,0,37,8,6,2,0,0,162,124,1,37
2015-06-30,FLORIDA MIDDLE,FLORIDA,ELEVENTH CIRCUIT,8100,5447,96,5,2552,288,182,74,5,27,7812,5265,22,2525
2015-06-30,FLORIDA NORTHERN,FLORIDA,ELEVENTH CIRCUIT,750,572,8,0,170,31,24,6,0,1,719,548,2,169
2015-06-30,FLORIDA SOUTHERN,FLORIDA,ELEVENTH CIRCUIT,6243,3506,65,1,2671,161,98,51,1,11,6082,3408,14,2660
2015-06-30,GEORGIA MIDDLE,GEORGIA,ELEVENTH CIRCUIT,2147,712,8,5,1422,49,28,8,5,8,2098,684,0,1414
2015-06-30,GEORGIA NORTHERN,GEORGIA,ELEVENTH CIRCUIT,8518,4655,34,3,3826,149,109,32,3,5,8369,4546,2,3821
2015-06-30,GEORGIA SOUTHERN,GEORGIA,ELEVENTH CIRCUIT,1938,411,4,0,1523,21,17,3,0,1,1917,394,1,1522
2015-06-30,GUAM,GUAM,NINTH CIRCUIT,24,21,0,0,3,3,3,0,0,0,21,18,0,3
2015-06-30,HAWAII,HAWAII,NINTH CIRCUIT,402,274,0,1,127,19,14,0,1,4,383,260,0,123
2015-06-30,IDAHO,IDAHO,NINTH CIRCUIT,1181,1058,6,1,116,42,33,6,1,2,1139,1025,0,114
2015-06-30,ILLINOIS CENTRAL,ILLINOIS,SEVENTH CIRCUIT,1421,1174,6,2,239,42,29,6,2,5,1379,1145,0,234
2015-06-30,ILLINOIS NORTHERN,ILLINOIS,SEVENTH CIRCUIT,11994,7038,35,1,4919,232,188,28,1,14,11762,6850,7,4905
2015-06-30,ILLINOIS SOUTHERN,ILLINOIS,SEVENTH CIRCUIT,975,640,7,1,327,17,8,7,1,1,958,632,0,326
2015-06-30,INDIANA NORTHERN,INDIANA,SEVENTH CIRCUIT,3150,2439,7,0,704,26,18,5,0,3,3124,2421,2,701
2015-06-30,INDIANA SOUTHERN,INDIANA,SEVENTH CIRCUIT,4501,3196,5,2,1298,61,52,5,2,2,4440,3144,0,1296
2015-06-30,IOWA NORTHERN,IOWA,EIGHTH CIRCUIT,550,516,0,3,31,17,12,0,3,2,533,504,0,29
2015-06-30,IOWA SOUTHERN,IOWA,EIGHTH CIRCUIT,740,651,3,1,85,29,25,3,1,0,711,626,0,85
2015-06-30,KANSAS,KANSAS,TENTH CIRCUIT,1952,1163,5,2,782,43,34,5,2,2,1909,1129,0,780
2015-06-30,KENTUCKY EASTERN,KENTUCKY,SIXTH CIRCUIT,2090,1469,21,5,595,53,27,21,5,0,2037,1442,0,595
2015-06-30,KENTUCKY WESTERN,KENTUCKY,SIXTH CIRCUIT,1908,1351,6,1,550,20,12,6,1,1,1888,1339,0,549
2015-06-30,LOUISIANA EASTERN,LOUISIANA,FIFTH CIRCUIT,890,435,2,0,453,27,24,1,0,2,863,411,1,451
2015-06-30,LOUISIANA MIDDLE,LOUISIANA,FIFTH CIRCUIT,402,201,2,0,199,9,7,2,0,0,393,194,0,199
2015-06-30,LOUISIANA WESTERN,LOUISIANA,FIFTH CIRCUIT,2234,459,26,1,1748,45,19,24,1,1,2189,440,2,1747
2015-06-30,MAINE,MAINE,FIRST CIRCUIT,541,453,4,3,81,32,20,4,3,5,509,433,0,76
2015-06-30,MARYLAND,MARYLAND,FOURTH CIRCUIT,4685,3316,54,1,1314,131,85,32,1,13,4554,3231,22,1301
2015-06-30,MASSACHUSETTS,MASSACHUSETTS,FIRST CIRCUIT,2418,1798,34,4,582,116,73,25,4,14,2302,1725,9,568
2015-06-30,MICHIGAN EASTERN,MICHIGAN,SIXTH CIRCUIT,6530,5167,26,7,1330,118,76,23,7,12,6412,5091,3,1318
2015-06-30,MICHIGAN WESTERN,MICHIGAN,SIXTH CIRCUIT,1931,1602,6,1,322,35,27,4,1,3,1896,1575,2,319
2015-06-30,MINNESOTA,MINNESOTA,EIGHTH CIRCUIT,2894,2440,7,4,443,90,78,7,4,1,2804,2362,0,442
2015-06-30,MISSISSIPPI NORTHERN,MISSISSIPPI,FIFTH CIRCUIT,1162,492,2,0,668,18,13,2,0,3,1144,479,0,665
2015-06-30,MISSISSIPPI SOUTHERN,MISSISSIPPI,FIFTH CIRCUIT,1497,827,7,0,663,28,21,6,0,1,1469,806,1,662
2015-06-30,MISSOURI EASTERN,MISSOURI,EIGHTH CIRCUIT,2968,2052,5,0,911,35,25,5,0,5,2933,2027,0,906
2015-06-30,MISSOURI WESTERN,MISSOURI,EIGHTH CIRCUIT,2063,1464,5,1,593,51,39,5,1,6,2012,1425,0,587
2015-06-30,MONTANA,MONTANA,NINTH CIRCUIT,369,318,1,0,50,14,10,1,0,3,355,308,0,47
2015-06-30,NEBRASKA,NEBRASKA,EIGHTH CIRCUIT,1120,759,1,2,358,17,13,1,2,1,1103,746,0,357
2015-06-30,NEVADA,NEVADA,NINTH CIRCUIT,2612,2056,52,0,504,92,62,25,0,5,2520,1994,27,499
2015-06-30,NEW HAMPSHIRE,NEW HAMPSHIRE,FIRST CIRCUIT,556,407,6,0,143,36,18,5,0,13,520,389,1,130
2015-06-30,NEW JERSEY,NEW JERSEY,THIRD CIRCUIT,6832,4911,58,0,1863,191,128,45,0,18,6641,4783,13,1845
2015-06-30,NEW MEXICO,NEW MEXICO,TENTH CIRCUIT,947,861,15,2,69,35,19,14,2,0,912,842,1,69
2015-06-30,NEW YORK EASTERN,NEW YORK,SECOND CIRCUIT,3141,2532,63,3,543,140,76,57,3,4,3001,2456,6,539
2015-06-30,NEW YORK NORTHERN,NEW YORK,SECOND CIRCUIT,1833,1436,17,4,376,62,31,17,4,10,1771,1405,0,366
2015-06-30,NEW YORK SOUTHERN,NEW YORK,SECOND CIRCUIT,2064,1601,53,3,399,130,63,48,3,8,1934,1538,5,391
2015-06-30,NEW YORK WESTERN,NEW YORK,SECOND CIRCUIT,1287,935,7,0,345,48,33,7,0,8,1239,902,0,337
2015-06-30,NORTH CAROLINA EASTERN,NORTH CAROLINA,FOURTH CIRCUIT,1845,589,27,3,1226,64,34,18,3,9,1781,555,9,1217
2015-06-30,NORTH CAROLINA MIDDLE,NORTH CAROLINA,FOURTH CIRCUIT,1107,480,4,0,623,31,26,4,0,1,1076,454,0,622
2015-06-30,NORTH CAROLINA WESTERN,NORTH CAROLINA,FOURTH CIRCUIT,1121,637,9,1,474,39,25,8,1,5,1082,612,1,469
2015-06-30,NORTH DAKOTA,NORTH DAKOTA,EIGHTH CIRCUIT,168,156,1,0,11,5,5,0,0,0,163,151,1,11
2015-06-30,NORTHERN MARIANAS,NORTHERN MARIANA ISLANDS,NINTH CIRCUIT,4,4,0,0,0,2,2,0,0,0,2,2,0,0
2015-06-30,OHIO NORTHERN,OHIO,SIXTH CIRCUIT,5400,4519,6,0,875,78,64,5,0,9,5322,4455,1,866
2015-06-30,OHIO SOUTHERN,OHIO,SIXTH CIRCUIT,4847,3413,5,2,1427,84,70,5,2,7,4763,3343,0,1420
2015-06-30,OKLAHOMA EASTERN,OKLAHOMA,TENTH CIRCUIT,402,358,2,1,41,13,10,2,1,0,389,348,0,41
2015-06-30,OKLAHOMA NORTHERN,OKLAHOMA,TENTH CIRCUIT,702,595,1,0,106,14,13,1,0,0,688,582,0,106
2015-06-30,OKLAHOMA WESTERN,OKLAHOMA,TENTH CIRCUIT,1373,1118,7,2,246,36,28,6,2,0,1337,1090,1,246
2015-06-30,OREGON,OREGON,NINTH CIRCUIT,2905,2371,8,2,524,59,44,8,2,5,2846,2327,0,519
2015-06-30,PENNSYLVANIA EASTERN,PENNSYLVANIA,THIRD CIRCUIT,2506,1424,26,0,1056,66,32,25,0,9,2440,1392,1,1047
2015-06-30,PENNSYLVANIA MIDDLE,PENNSYLVANIA,THIRD CIRCUIT,1503,975,12,1,515,58,26,12,1,19,1445,949,0,496
2015-06-30,PENNSYLVANIA WESTERN,PENNSYLVANIA,THIRD CIRCUIT,1930,1269,20,2,639,67,38,18,2,9,1863,1231,2,630
2015-06-30,PUERTO RICO,PUERTO RICO,FIRST CIRCUIT,2631,1157,37,2,1435,73,31,29,2,11,2558,1126,8,1424
2015-06-30,RHODE ISLAND,RHODE ISLAND,FIRST CIRCUIT,714,598,2,0,114,30,28,0,0,2,684,570,2,112
2015-06-30,SOUTH CAROLINA,SOUTH CAROLINA,FOURTH CIRCUIT,1686,678,5,0,1003,30,21,4,0,5,1656,657,1,998
2015-06-30,SOUTH DAKOTA,SOUTH DAKOTA,EIGHTH CIRCUIT,309,284,0,1,24,10,7,0,1,2,299,277,0,22
2015-06-30,TENNESSEE EASTERN,TENNESSEE,SIXTH CIRCUIT,3065,1680,6,2,1377,36,26,5,2,3,3029,1654,1,1374
2015-06-30,TENNESSEE MIDDLE,TENNESSEE,SIXTH CIRCUIT,2371,1227,16,0,1128,43,31,10,0,2,2328,1196,6,1126
2015-06-30,TENNESSEE WESTERN,TENNESSEE,SIXTH CIRCUIT,3900,998,5,0,2897,18,11,4,0,3,3882,987,1,2894
2015-06-30,TEXAS EASTERN,TEXAS,FIFTH CIRCUIT,1193,548,14,0,631,86,66,13,0,7,1107,482,1,624
2015-06-30,TEXAS NORTHERN,TEXAS,FIFTH CIRCUIT,3072,1249,77,2,1744,197,107,75,2,13,2875,1142,2,1731
2015-06-30,TEXAS SOUTHERN,TEXAS,FIFTH CIRCUIT,2321,841,39,1,1439,141,94,34,1,11,2180,747,5,1428
2015-06-30,TEXAS WESTERN,TEXAS,FIFTH CIRCUIT,2015,988,28,0,999,121,85,27,0,9,1894,903,1,990
2015-06-30,UTAH,UTAH,TENTH CIRCUIT,3353,2159,10,0,1184,57,41,10,0,6,3296,2118,0,1178
2015-06-30,VERMONT,VERMONT,SECOND CIRCUIT,174,132,0,2,40,7,4,0,2,1,167,128,0,39
2015-06-30,VIRGIN ISLANDS,VIRGIN ISLANDS,THIRD CIRCUIT,5,4,0,0,1,1,1,0,0,0,4,3,0,1
2015-06-30,VIRGINIA EASTERN,VIRGINIA,FOURTH CIRCUIT,4415,2619,77,1,1718,131,52,72,1,6,4284,2567,5,1712
2015-06-30,VIRGINIA WESTERN,VIRGINIA,FOURTH CIRCUIT,1505,987,34,2,482,58,21,34,2,1,1447,966,0,481
2015-06-30,WASHINGTON EASTERN,WASHINGTON,NINTH CIRCUIT,1130,898,3,2,227,16,10,3,2,1,1114,888,0,226
2015-06-30,WASHINGTON WESTERN,WASHINGTON,NINTH CIRCUIT,3737,2780,27,0,930,102,70,22,0,10,3635,2710,5,920
2015-06-30,WEST VIRGINIA NORTHERN,WEST VIRGINIA,FOURTH CIRCUIT,329,286,1,0,42,8,8,0,0,0,321,278,1,42
2015-06-30,WEST VIRGINIA SOUTHERN,WEST VIRGINIA,FOURTH CIRCUIT,490,425,6,1,58,13,6,5,1,1,477,419,1,57
2015-06-30,WISCONSIN EASTERN,WISCONSIN,SEVENTH CIRCUIT,4611,3383,7,2,1219,47,34,5,2,6,4564,3349,2,1213
2015-06-30,WISCONSIN WESTERN,WISCONSIN,SEVENTH CIRCUIT,1276,1067,5,4,200,40,29,3,4,4,1236,1038,2,196
2015-06-30,WYOMING,WYOMING,TENTH CIRCUIT,259,234,1,0,24,8,7,1,0,0,251,227,0,24
2015-09-30,ALABAMA MIDDLE,ALABAMA,ELEVENTH CIRCUIT,2276,417,4,1,1854,30,21,3,1,5,2246,396,1,1849
2015-09-30,ALABAMA NORTHERN,ALABAMA,ELEVENTH CIRCUIT,3491,1671,31,0,1789,70,41,29,0,0,3421,1630,2,1789
2015-09-30,ALABAMA SOUTHERN,ALABAMA,ELEVENTH CIRCUIT,1195,318,4,0,873,12,7,4,0,1,1183,311,0,872
2015-09-30,ALASKA,ALASKA,NINTH CIRCUIT,124,102,4,0,18,16,9,4,0,3,108,93,0,15
2015-09-30,ARIZONA,ARIZONA,NINTH CIRCUIT,4535,3794,75,0,666,147,86,54,0,7,4388,3708,21,659
2015-09-30,ARKANSAS EASTERN,ARKANSAS,EIGHTH CIRCUIT,1731,702,1,1,1027,28,21,1,1,5,1703,681,0,1022
2015-09-30,ARKANSAS WESTERN,ARKANSAS,EIGHTH CIRCUIT,801,419,5,2,375,25,18,2,2,3,776,401,3,372
2015-09-30,CALIFORNIA CENTRAL,CALIFORNIA,NINTH CIRCUIT,11177,8367,93,1,2716,423,341,56,1,25,10754,8026,37,2691
2015-09-30,CALIFORNIA EASTERN,CALIFORNIA,NINTH CIRCUIT,4148,3198,15,5,930,112,76,13,5,18,4036,3122,2,912
2015-09-30,CALIFORNIA NORTHERN,CALIFORNIA,NINTH CIRCUIT,2732,1494,74,1,1163,179,99,54,1,25,2553,1395,20,1138
2015-09-30,CALIFORNIA SOUTHERN,CALIFORNIA,NINTH CIRCUIT,2034,1569,5,1,459,70,58,3,1,8,1964,1511,2,451
2015-09-30,COLORADO,COLORADO,TENTH CIRCUIT,3865,3105,17,1,742,123,103,15,1,4,3742,3002,2,738
2015-09-30,CONNECTICUT,CONNECTICUT,SECOND CIRCUIT,1620,1320,22,0,278,51,33,17,0,1,1569,1287,5,277
2015-09-30,DELAWARE,DELAWARE,THIRD CIRCUIT,610,369,86,0,154,134,46,86,0,1,476,323,0,153
2015-09-30,DISTRICT OF COLUMBIA,DISTRICT OF COLUMBIA,DC CIRCUIT,169,132,7,0,30,15,8,6,0,1,154,124,1,29
2015-09-30,FLORIDA MIDDLE,FLORIDA,ELEVENTH CIRCUIT,7391,5065,90,3,2233,311,216,72,3,20,7080,4849,18,2213
2015-09-30,FLORIDA NORTHERN,FLORIDA,ELEVENTH CIRCUIT,698,544,12,1,141,41,28,10,1,2,657,516,2,139
2015-09-30,FLORIDA SOUTHERN,FLORIDA,ELEVENTH CIRCUIT,5807,3240,90,1,2475,199,114,72,1,11,5608,3126,18,2464
2015-09-30,GEORGIA MIDDLE,GEORGIA,ELEVENTH CIRCUIT,2455,683,8,5,1759,35,19,8,5,3,2420,664,0,1756
2015-09-30,GEORGIA NORTHERN,GEORGIA,ELEVENTH CIRCUIT,9109,4688,33,1,4387,162,124,30,1,7,8947,4564,3,4380
2015-09-30,GEORGIA SOUTHERN,GEORGIA,ELEVENTH CIRCUIT,2177,361,3,4,1809,14,8,2,4,0,2163,353,1,1809
2015-09-30,GUAM,GUAM,NINTH CIRCUIT,62,50,0,0,12,6,5,0,0,1,56,45,0,11
2015-09-30,HAWAII,HAWAII,NINTH CIRCUIT,401,286,4,0,111,16,11,4,0,1,385,275,0,110
2015-09-30,IDAHO,IDAHO,NINTH CIRCUIT,997,902,3,2,90,34,28,3,2,1,963,874,0,89
2015-09-30,ILLINOIS CENTRAL,ILLINOIS,SEVENTH CIRCUIT,1303,1030,2,0,271,27,22,2,0,3,1276,1008,0,268
2015-09-30,ILLINOIS NORTHERN,ILLINOIS,SEVENTH CIRCUIT,11840,6666,47,0,5127,227,170,42,0,15,11613,6496,5,5112
2015-09-30,ILLINOIS SOUTHERN,ILLINOIS,SEVENTH CIRCUIT,962,588,1,3,370,22,17,1,3,1,940,571,0,369
2015-09-30,INDIANA NORTHERN,INDIANA,SEVENTH CIRCUIT,2712,1918,4,2,788,35,25,4,2,4,2677,1893,0,784
2015-09-30,INDIANA SOUTHERN,INDIANA,SEVENTH CIRCUIT,4029,2711,7,0,1311,57,45,7,0,5,3972,2666,0,1306
2015-09-30,IOWA NORTHERN,IOWA,EIGHTH CIRCUIT,418,388,0,3,27,22,17,0,3,2,396,371,0,25
2015-09-30,IOWA SOUTHERN,IOWA,EIGHTH CIRCUIT,697,613,2,0,82,31,26,2,0,3,666,587,0,79
2015-09-30,KANSAS,KANSAS,TENTH CIRCUIT,1776,1040,4,0,732,33,23,3,0,7,1743,1017,1,725
2015-09-30,KENTUCKY EASTERN,KENTUCKY,SIXTH CIRCUIT,1969,1343,13,0,613,34,18,13,0,3,1935,1325,0,610
2015-09-30,KENTUCKY WESTERN,KENTUCKY,SIXTH CIRCUIT,1937,1236,6,2,692,21,9,6,2,3,1916,1227,0,689
2015-09-30,LOUISIANA EASTERN,LOUISIANA,FIFTH CIRCUIT,899,387,13,0,499,30,16,13,0,1,869,371,0,498
2015-09-30,LOUISIANA MIDDLE,LOUISIANA,FIFTH CIRCUIT,420,210,2,0,208,8,8,0,0,0,412,202,2,208
2015-09-30,LOUISIANA WESTERN,LOUISIANA,FIFTH CIRCUIT,2388,413,8,3,1964,28,16,6,3,3,2360,397,2,1961
2015-09-30,MAINE,MAINE,FIRST CIRCUIT,505,427,4,2,71,39,26,4,2,6,466,401,0,65
2015-09-30,MARYLAND,MARYLAND,FOURTH CIRCUIT,4477,3060,39,0,1378,102,65,30,0,7,4375,2995,9,1371
2015-09-30,MASSACHUSETTS,MASSACHUSETTS,FIRST CIRCUIT,2219,1616,32,2,569,87,57,20,2,8,2132,1559,12,561
2015-09-30,MICHIGAN EASTERN,MICHIGAN,SIXTH CIRCUIT,6104,4654,31,0,1419,133,89,30,0,14,5971,4565,1,1405
2015-09-30,MICHIGAN WESTERN,MICHIGAN,SIXTH CIRCUIT,1770,1396,3,10,361,52,36,2,10,4,1718,1360,1,357
2015-09-30,MINNESOTA,MINNESOTA,EIGHTH CIRCUIT,2591,2197,14,1,379,87,68,14,1,4,2504,2129,0,375
2015-09-30,MISSISSIPPI NORTHERN,MISSISSIPPI,FIFTH CIRCUIT,1207,448,4,1,754,22,13,4,1,4,1185,435,0,750
2015-09-30,MISSISSIPPI SOUTHERN,MISSISSIPPI,FIFTH CIRCUIT,1558,801,9,0,748,38,26,9,0,3,1520,775,0,745
2015-09-30,MISSOURI EASTERN,MISSOURI,EIGHTH CIRCUIT,2958,1957,2,0,999,27,23,1,0,3,2931,1934,1,996
2015-09-30,MISSOURI WESTERN,MISSOURI,EIGHTH CIRCUIT,2054,1423,19,1,611,57,33,17,1,6,1997,1390,2,605
2015-09-30,MONTANA,MONTANA,NINTH CIRCUIT,338,293,2,0,43,14,10,2,0,2,324,283,0,41
2015-09-30,NEBRASKA,NEBRASKA,EIGHTH CIRCUIT,1039,690,3,2,344,24,16,1,2,5,1015,674,2,339
2015-09-30,NEVADA,NEVADA,NINTH CIRCUIT,2435,1904,51,0,480,95,57,32,0,6,2340,1847,19,474
2015-09-30,NEW HAMPSHIRE,NEW HAMPSHIRE,FIRST CIRCUIT,520,377,2,1,140,27,20,2,1,4,493,357,0,136
2015-09-30,NEW JERSEY,NEW JERSEY,THIRD CIRCUIT,6318,4343,70,0,1905,168,100,52,0,16,6150,4243,18,1889
2015-09-30,NEW MEXICO,NEW MEXICO,TENTH CIRCUIT,856,780,5,1,70,38,29,5,1,3,818,751,0,67
2015-09-30,NEW YORK EASTERN,NEW YORK,SECOND CIRCUIT,2873,2159,81,0,633,151,80,67,0,4,2722,2079,14,629
2015-09-30,NEW YORK NORTHERN,NEW YORK,SECOND CIRCUIT,1563,1193,10,1,359,33,16,9,1,7,1530,1177,1,352
2015-09-30,NEW YORK SOUTHERN,NEW YORK,SECOND CIRCUIT,2094,1455,233,0,395,306,57,229,0,9,1788,1398,4,386
2015-09-30,NEW YORK WESTERN,NEW YORK,SECOND CIRCUIT,1124,793,14,1,316,47,26,14,1,6,1077,767,0,310
2015-09-30,NORTH CAROLINA EASTERN,NORTH CAROLINA,FOURTH CIRCUIT,1746,556,23,1,1166,54,30,17,1,6,1692,526,6,1160
2015-09-30,NORTH CAROLINA MIDDLE,NORTH CAROLINA,FOURTH CIRCUIT,1056,428,3,0,625,19,13,3,0,3,1037,415,0,622
2015-09-30,NORTH CAROLINA WESTERN,NORTH CAROLINA,FOURTH CIRCUIT,1126,589,10,1,526,46,31,7,1,7,1080,558,3,519
2015-09-30,NORTH DAKOTA,NORTH DAKOTA,EIGHTH CIRCUIT,144,127,0,0,17,6,5,0,0,1,138,122,0,16
2015-09-30,NORTHERN MARIANAS,NORTHERN MARIANA ISLANDS,NINTH CIRCUIT,0,0,0,0,0,0,0,0,0,0,0,0,0,0
2015-09-30,OHIO NORTHERN,OHIO,SIXTH CIRCUIT,5094,4127,12,0,955,105,82,11,0,12,4989,4045,1,943
2015-09-30,OHIO SOUTHERN,OHIO,SIXTH CIRCUIT,4636,3076,9,1,1550,92,68,8,1,15,4544,3008,1,1535
2015-09-30,OKLAHOMA EASTERN,OKLAHOMA,TENTH CIRCUIT,372,326,0,1,44,7,5,0,1,0,365,321,0,44
2015-09-30,OKLAHOMA NORTHERN,OKLAHOMA,TENTH CIRCUIT,639,579,1,0,59,16,15,0,0,1,623,564,1,58
2015-09-30,OKLAHOMA WESTERN,OKLAHOMA,TENTH CIRCUIT,1348,1058,4,0,286,30,26,4,0,0,1318,1032,0,286
2015-09-30,OREGON,OREGON,NINTH CIRCUIT,2660,2126,9,0,525,44,30,7,0,7,2616,2096,2,518
2015-09-30,PENNSYLVANIA EASTERN,PENNSYLVANIA,THIRD CIRCUIT,2453,1286,33,1,1133,90,39,29,1,21,2363,1247,4,1112
2015-09-30,PENNSYLVANIA MIDDLE,PENNSYLVANIA,THIRD CIRCUIT,1467,900,13,0,554,43,21,13,0,9,1424,879,0,545
2015-09-30,PENNSYLVANIA WESTERN,PENNSYLVANIA,THIRD CIRCUIT,1845,1146,23,3,673,71,38,20,3,10,1774,1108,3,663
2015-09-30,PUERTO RICO,PUERTO RICO,FIRST CIRCUIT,2737,1154,50,7,1526,92,37,39,7,9,2645,1117,11,1517
2015-09-30,RHODE ISLAND,RHODE ISLAND,FIRST CIRCUIT,582,483,2,0,97,23,20,2,0,1,559,463,0,96
2015-09-30,SOUTH CAROLINA,SOUTH CAROLINA,FOURTH CIRCUIT,1786,683,8,0,1095,40,30,8,0,2,1746,653,0,1093
2015-09-30,SOUTH DAKOTA,SOUTH DAKOTA,EIGHTH CIRCUIT,276,234,5,2,35,13,3,5,2,3,263,231,0,32
2015-09-30,TENNESSEE EASTERN,TENNESSEE,SIXTH CIRCUIT,2910,1451,10,2,1447,36,21,8,2,5,2874,1430,2,1442
2015-09-30,TENNESSEE MIDDLE,TENNESSEE,SIXTH CIRCUIT,2578,1255,19,0,1304,47,32,12,0,3,2531,1223,7,1301
2015-09-30,TENNESSEE WESTERN,TENNESSEE,SIXTH CIRCUIT,4196,868,6,0,3322,22,15,5,0,2,4174,853,1,3320
2015-09-30,TEXAS EASTERN,TEXAS,FIFTH CIRCUIT,1150,477,17,0,656,83,63,17,0,3,1067,414,0,653
2015-09-30,TEXAS NORTHERN,TEXAS,FIFTH CIRCUIT,3030,1139,40,2,1849,152,95,36,2,19,2878,1044,4,1830
2015-09-30,TEXAS SOUTHERN,TEXAS,FIFTH CIRCUIT,2256,779,50,1,1426,131,67,48,1,15,2125,712,2,1411
2015-09-30,TEXAS WESTERN,TEXAS,FIFTH CIRCUIT,2005,927,25,0,1053,119,87,23,0,9,1886,840,2,1044
2015-09-30,UTAH,UTAH,TENTH CIRCUIT,3130,1854,11,0,1265,51,34,11,0,6,3079,1820,0,1259
2015-09-30,VERMONT,VERMONT,SECOND CIRCUIT,163,125,0,1,37,10,8,0,1,1,153,117,0,36
2015-09-30,VIRGIN ISLANDS,VIRGIN ISLANDS,THIRD CIRCUIT,7,4,1,0,2,1,0,1,0,0,6,4,0,2
2015-09-30,VIRGINIA EASTERN,VIRGINIA,FOURTH CIRCUIT,4505,2496,180,0,1829,245,70,171,0,4,4260,2426,9,1825
2015-09-30,VIRGINIA WESTERN,VIRGINIA,FOURTH CIRCUIT,1417,888,4,2,523,29,20,2,2,5,1388,868,2,518
2015-09-30,WASHINGTON EASTERN,WASHINGTON,NINTH CIRCUIT,1053,819,4,0,230,16,10,4,0,2,1037,809,0,228
2015-09-30,WASHINGTON WESTERN,WASHINGTON,NINTH CIRCUIT,3448,2484,23,1,940,93,72,14,1,6,3355,2412,9,934
2015-09-30,WEST VIRGINIA NORTHERN,WEST VIRGINIA,FOURTH CIRCUIT,327,276,0,0,51,7,6,0,0,1,320,270,0,50
2015-09-30,WEST VIRGINIA SOUTHERN,WEST VIRGINIA,FOURTH CIRCUIT,475,420,3,0,52,15,11,3,0,1,460,409,0,51
2015-09-30,WISCONSIN EASTERN,WISCONSIN,SEVENTH CIRCUIT,3343,2284,2,2,1055,63,55,2,2,4,3280,2229,0,1051
2015-09-30,WISCONSIN WESTERN,WISCONSIN,SEVENTH CIRCUIT,1147,957,3,6,181,44,28,3,6,7,1103,929,0,174
2015-09-30,WYOMING,WYOMING,TENTH CIRCUIT,241,209,1,0,31,8,7,0,0,1,233,202,1,30
2015-12-31,ALABAMA MIDDLE,ALABAMA,ELEVENTH CIRCUIT,2005,383,6,0,1616,24,16,6,0,2,1981,367,0,1614
2015-12-31,ALABAMA NORTHERN,ALABAMA,ELEVENTH CIRCUIT,3232,1446,8,0,1778,42,32,6,0,4,3190,1414,2,1774
2015-12-31,ALABAMA SOUTHERN,ALABAMA,ELEVENTH CIRCUIT,1010,274,3,0,733,13,9,3,0,1,997,265,0,732
2015-12-31,ALASKA,ALASKA,NINTH CIRCUIT,132,106,13,0,13,22,9,13,0,0,110,97,0,13
2015-12-31,ARIZONA,ARIZONA,NINTH CIRCUIT,3882,3146,100,1,635,174,85,78,1,10,3708,3061,22,625
2015-12-31,ARKANSAS EASTERN,ARKANSAS,EIGHTH CIRCUIT,1822,744,2,1,1075,29,21,2,1,5,1793,723,0,1070
2015-12-31,ARKANSAS WESTERN,ARKANSAS,EIGHTH CIRCUIT,828,429,3,3,393,25,16,3,3,3,803,413,0,390
2015-12-31,CALIFORNIA CENTRAL,CALIFORNIA,NINTH CIRCUIT,10355,7597,124,2,2631,503,390,88,2,22,9852,7207,36,2609
2015-12-31,CALIFORNIA EASTERN,CALIFORNIA,NINTH CIRCUIT,3865,2969,21,6,869,129,83,18,6,22,3736,2886,3,847
2015-12-31,CALIFORNIA NORTHERN,CALIFORNIA,NINTH CIRCUIT,2664,1399,52,1,1212,147,87,30,1,29,2517,1312,22,1183
2015-12-31,CALIFORNIA SOUTHERN,CALIFORNIA,NINTH CIRCUIT,1963,1516,15,1,431,103,86,7,1,9,1860,1430,8,422
2015-12-31,COLORADO,COLORADO,TENTH CIRCUIT,3172,2518,17,0,635,94,67,17,0,8,3078,2451,0,627
2015-12-31,CONNECTICUT,CONNECTICUT,SECOND CIRCUIT,1390,1128,22,0,240,71,48,20,0,3,1319,1080,2,237
2015-12-31,DELAWARE,DELAWARE,THIRD CIRCUIT,650,342,124,0,170,151,12,124,0,1,499,330,0,169
2015-12-31,DISTRICT OF COLUMBIA,DISTRICT OF COLUMBIA,DC CIRCUIT,174,132,6,0,36,15,6,6,0,3,159,126,0,33
2015-12-31,FLORIDA MIDDLE,FLORIDA,ELEVENTH CIRCUIT,6639,4395,66,7,2171,236,174,43,7,12,6403,4221,23,2159
2015-12-31,FLORIDA NORTHERN,FLORIDA,ELEVENTH CIRCUIT,542,418,11,0,113,35,25,8,0,2,507,393,3,111
2015-12-31,FLORIDA SOUTHERN,FLORIDA,ELEVENTH CIRCUIT,5081,2763,66,0,2252,168,99,53,0,16,4913,2664,13,2236
2015-12-31,GEORGIA MIDDLE,GEORGIA,ELEVENTH CIRCUIT,2026,565,11,6,1444,53,30,11,6,6,1973,535,0,1438
2015-12-31,GEORGIA NORTHERN,GEORGIA,ELEVENTH CIRCUIT,8217,3868,29,0,4320,148,111,27,0,10,8069,3757,2,4310
2015-12-31,GEORGIA SOUTHERN,GEORGIA,ELEVENTH CIRCUIT,1913,351,4,3,1555,24,14,3,3,4,1889,337,1,1551
2015-12-31,GUAM,GUAM,NINTH CIRCUIT,23,18,0,0,5,1,1,0,0,0,22,17,0,5
2015-12-31,HAWAII,HAWAII,NINTH CIRCUIT,386,248,6,0,132,15,7,6,0,2,371,241,0,130
2015-12-31,IDAHO,IDAHO,NINTH CIRCUIT,846,746,4,0,96,17,12,2,0,3,829,734,2,93
2015-12-31,ILLINOIS CENTRAL,ILLINOIS,SEVENTH CIRCUIT,1129,887,1,0,241,21,17,1,0,3,1108,870,0,238
2015-12-31,ILLINOIS NORTHERN,ILLINOIS,SEVENTH CIRCUIT,11265,6419,31,2,4813,198,142,28,2,26,11067,6277,3,4787
2015-12-31,ILLINOIS SOUTHERN,ILLINOIS,SEVENTH CIRCUIT,981,600,1,1,379,23,15,1,1,6,958,585,0,373
2015-12-31,INDIANA NORTHERN,INDIANA,SEVENTH CIRCUIT,2281,1607,5,3,666,45,37,3,3,2,2236,1570,2,664
2015-12-31,INDIANA SOUTHERN,INDIANA,SEVENTH CIRCUIT,3290,2134,9,1,1146,63,50,9,1,3,3227,2084,0,1143
2015-12-31,IOWA NORTHERN,IOWA,EIGHTH CIRCUIT,405,366,1,3,35,26,22,1,3,0,379,344,0,35
2015-12-31,IOWA SOUTHERN,IOWA,EIGHTH CIRCUIT,611,515,0,4,92,24,19,0,4,1,587,496,0,91
2015-12-31,KANSAS,KANSAS,TENTH CIRCUIT,1473,827,9,1,636,43,24,8,1,10,1430,803,1,626
2015-12-31,KENTUCKY EASTERN,KENTUCKY,SIXTH CIRCUIT,1858,1256,7,0,595,28,20,7,0,1,1830,1236,0,594
2015-12-31,KENTUCKY WESTERN,KENTUCKY,SIXTH CIRCUIT,1678,1080,7,1,590,30,19,7,1,3,1648,1061,0,587
2015-12-31,LOUISIANA EASTERN,LOUISIANA,FIFTH CIRCUIT,853,390,10,0,453,34,20,10,0,4,819,370,0,449
2015-12-31,LOUISIANA MIDDLE,LOUISIANA,FIFTH CIRCUIT,394,216,1,0,177,9,8,1,0,0,385,208,0,177
2015-12-31,LOUISIANA WESTERN,LOUISIANA,FIFTH CIRCUIT,2146,365,16,1,1764,39,19,15,1,4,2107,346,1,1760
2015-12-31,MAINE,MAINE,FIRST CIRCUIT,399,321,2,1,75,25,20,1,1,3,374,301,1,72
2015-12-31,MARYLAND,MARYLAND,FOURTH CIRCUIT,4359,2917,40,5,1397,101,58,27,5,11,4258,2859,13,1386
2015-12-31,MASSACHUSETTS,MASSACHUSETTS,FIRST CIRCUIT,2269,1591,22,2,654,98,69,19,2,8,2171,1522,3,646
2015-12-31,MICHIGAN EASTERN,MICHIGAN,SIXTH CIRCUIT,5820,4410,25,1,1384,104,68,20,1,15,5716,4342,5,1369
2015-12-31,MICHIGAN WESTERN,MICHIGAN,SIXTH CIRCUIT,1723,1352,4,0,367,46,36,3,0,7,1677,1316,1,360
2015-12-31,MINNESOTA,MINNESOTA,EIGHTH CIRCUIT,2429,2043,7,5,374,88,69,7,5,7,2341,1974,0,367
2015-12-31,MISSISSIPPI NORTHERN,MISSISSIPPI,FIFTH CIRCUIT,1115,450,2,2,661,20,14,2,2,2,1095,436,0,659
2015-12-31,MISSISSIPPI SOUTHERN,MISSISSIPPI,FIFTH CIRCUIT,1557,789,9,0,759,31,20,7,0,4,1526,769,2,755
2015-12-31,MISSOURI EASTERN,MISSOURI,EIGHTH CIRCUIT,2585,1642,3,0,940,40,32,3,0,5,2545,1610,0,935
2015-12-31,MISSOURI WESTERN,MISSOURI,EIGHTH CIRCUIT,1806,1228,6,0,572,34,24,6,0,4,1772,1204,0,568
2015-12-31,MONTANA,MONTANA,NINTH CIRCUIT,301,241,2,1,57,14,8,2,1,3,287,233,0,54
2015-12-31,NEBRASKA,NEBRASKA,EIGHTH CIRCUIT,988,657,3,4,324,33,20,3,4,6,955,637,0,318
2015-12-31,NEVADA,NEVADA,NINTH CIRCUIT,1994,1541,41,0,412,72,41,24,0,7,1922,1500,17,405
2015-12-31,NEW HAMPSHIRE,NEW HAMPSHIRE,FIRST CIRCUIT,435,322,3,0,110,42,30,3,0,9,393,292,0,101
2015-12-31,NEW JERSEY,NEW JERSEY,THIRD CIRCUIT,6029,4083,49,1,1896,161,100,42,1,18,5868,3983,7,1878
2015-12-31,NEW MEXICO,NEW MEXICO,TENTH CIRCUIT,783,692,5,1,85,23,16,5,1,1,760,676,0,84
2015-12-31,NEW YORK EASTERN,NEW YORK,SECOND CIRCUIT,2705,2090,35,0,580,118,86,28,0,4,2587,2004,7,576
2015-12-31,NEW YORK NORTHERN,NEW YORK,SECOND CIRCUIT,1509,1180,27,7,295,57,20,26,7,4,1452,1160,1,291
2015-12-31,NEW YORK SOUTHERN,NEW YORK,SECOND CIRCUIT,1719,1240,79,0,394,133,53,70,0,4,1586,1187,9,390
2015-12-31,NEW YORK WESTERN,NEW YORK,SECOND CIRCUIT,1004,668,15,0,321,48,24,14,0,10,956,644,1,311
2015-12-31,NORTH CAROLINA EASTERN,NORTH CAROLINA,FOURTH CIRCUIT,1552,472,22,2,1056,54,29,16,2,7,1498,443,6,1049
2015-12-31,NORTH CAROLINA MIDDLE,NORTH CAROLINA,FOURTH CIRCUIT,1003,396,3,0,604,30,27,3,0,0,973,369,0,604
2015-12-31,NORTH CAROLINA WESTERN,NORTH CAROLINA,FOURTH CIRCUIT,1051,551,14,1,485,33,21,10,1,1,1018,530,4,484
2015-12-31,NORTH DAKOTA,NORTH DAKOTA,EIGHTH CIRCUIT,151,136,1,0,14,2,1,1,0,0,149,135,0,14
2015-12-31,NORTHERN MARIANAS,NORTHERN MARIANA ISLANDS,NINTH CIRCUIT,3,2,1,0,0,2,1,1,0,0,1,1,0,0
2015-12-31,OHIO NORTHERN,OHIO,SIXTH CIRCUIT,4652,3713,41,0,898,111,60,39,0,12,4541,3653,2,886
2015-12-31,OHIO SOUTHERN,OHIO,SIXTH CIRCUIT,4145,2704,5,1,1435,80,63,5,1,11,4065,2641,0,1424
2015-12-31,OKLAHOMA EASTERN,OKLAHOMA,TENTH CIRCUIT,309,286,3,0,20,9,6,3,0,0,300,280,0,20
2015-12-31,OKLAHOMA NORTHERN,OKLAHOMA,TENTH CIRCUIT,587,533,0,0,54,15,15,0,0,0,572,518,0,54
2015-12-31,OKLAHOMA WESTERN,OKLAHOMA,TENTH CIRCUIT,1158,889,2,0,267,40,38,1,0,1,1118,851,1,266
2015-12-31,OREGON,OREGON,NINTH CIRCUIT,2407,1882,3,0,522,48,36,3,0,9,2359,1846,0,513
2015-12-31,PENNSYLVANIA EASTERN,PENNSYLVANIA,THIRD CIRCUIT,2251,1204,27,0,1020,81,46,27,0,8,2170,1158,0,1012
2015-12-31,PENNSYLVANIA MIDDLE,PENNSYLVANIA,THIRD CIRCUIT,1290,771,10,2,507,56,28,10,2,16,1234,743,0,491
2015-12-31,PENNSYLVANIA WESTERN,PENNSYLVANIA,THIRD CIRCUIT,1707,1092,22,2,591,74,40,21,2,11,1633,1052,1,580
2015-12-31,PUERTO RICO,PUERTO RICO,FIRST CIRCUIT,2838,1215,75,2,1546,110,23,73,2,12,2728,1192,2,1534
2015-12-31,RHODE ISLAND,RHODE ISLAND,FIRST CIRCUIT,602,470,0,0,132,24,23,0,0,1,578,447,0,131
2015-12-31,SOUTH CAROLINA,SOUTH CAROLINA,FOURTH CIRCUIT,1679,647,3,4,1024,40,29,2,4,4,1639,618,1,1020
2015-12-31,SOUTH DAKOTA,SOUTH DAKOTA,EIGHTH CIRCUIT,227,204,0,0,23,10,8,0,0,2,217,196,0,21
2015-12-31,TENNESSEE EASTERN,TENNESSEE,SIXTH CIRCUIT,2675,1338,18,4,1315,53,35,12,4,2,2622,1303,6,1313
2015-12-31,TENNESSEE MIDDLE,TENNESSEE,SIXTH CIRCUIT,2312,1109,13,0,1190,35,24,9,0,2,2277,1085,4,1188
2015-12-31,TENNESSEE WESTERN,TENNESSEE,SIXTH CIRCUIT,3795,830,6,0,2959,24,14,5,0,5,3771,816,1,2954
2015-12-31,TEXAS EASTERN,TEXAS,FIFTH CIRCUIT,1164,515,16,0,633,89,67,14,0,8,1075,448,2,625
2015-12-31,TEXAS NORTHERN,TEXAS,FIFTH CIRCUIT,3006,1084,28,1,1893,157,99,28,1,29,2849,985,0,1864
2015-12-31,TEXAS SOUTHERN,TEXAS,FIFTH CIRCUIT,2259,708,46,0,1504,120,62,43,0,15,2139,646,3,1489
2015-12-31,TEXAS WESTERN,TEXAS,FIFTH CIRCUIT,1969,906,41,0,1022,146,93,40,0,13,1823,813,1,1009
2015-12-31,UTAH,UTAH,TENTH CIRCUIT,2759,1571,3,0,1185,47,37,3,0,7,2712,1534,0,1178
2015-12-31,VERMONT,VERMONT,SECOND CIRCUIT,174,143,0,0,31,12,10,0,0,2,162,133,0,29
2015-12-31,VIRGIN ISLANDS,VIRGIN ISLANDS,THIRD CIRCUIT,8,5,0,0,3,1,1,0,0,0,7,4,0,3
2015-12-31,VIRGINIA EASTERN,VIRGINIA,FOURTH CIRCUIT,4262,2382,27,0,1853,101,76,22,0,3,4161,2306,5,1850
2015-12-31,VIRGINIA WESTERN,VIRGINIA,FOURTH CIRCUIT,1300,755,4,2,539,17,10,4,2,1,1283,745,0,538
2015-12-31,WASHINGTON EASTERN,WASHINGTON,NINTH CIRCUIT,929,712,1,0,216,19,16,1,0,2,910,696,0,214
2015-12-31,WASHINGTON WESTERN,WASHINGTON,NINTH CIRCUIT,3167,2288,32,0,846,90,58,24,0,8,3077,2230,8,838
2015-12-31,WEST VIRGINIA NORTHERN,WEST VIRGINIA,FOURTH CIRCUIT,294,245,6,0,43,16,10,6,0,0,278,235,0,43
2015-12-31,WEST VIRGINIA SOUTHERN,WEST VIRGINIA,FOURTH CIRCUIT,429,379,6,0,44,13,6,6,0,1,416,373,0,43
2015-12-31,WISCONSIN EASTERN,WISCONSIN,SEVENTH CIRCUIT,2877,1861,9,0,1007,51,37,8,0,6,2826,1824,1,1001
2015-12-31,WISCONSIN WESTERN,WISCONSIN,SEVENTH CIRCUIT,1082,893,6,3,180,41,22,6,3,10,1041,871,0,170
2015-12-31,WYOMING,WYOMING,TENTH CIRCUIT,164,138,0,0,24,12,9,0,0,1,152,129,0,23
2016-03-31,ALABAMA MIDDLE,ALABAMA,ELEVENTH CIRCUIT,1892,469,6,0,1417,22,13,6,0,3,1870,456,0,1414
2016-03-31,ALABAMA NORTHERN,ALABAMA,ELEVENTH CIRCUIT,3547,1963,7,0,1577,51,42,6,0,3,3496,1921,1,1574
2016-03-31,ALABAMA SOUTHERN,ALABAMA,ELEVENTH CIRCUIT,1095,330,6,0,759,11,7,4,0,0,1084,323,2,759
2016-03-31,ALASKA,ALASKA,NINTH CIRCUIT,80,67,3,0,10,6,3,3,0,0,74,64,0,10
2016-03-31,ARIZONA,ARIZONA,NINTH CIRCUIT,3673,2998,41,1,633,117,86,25,1,5,3556,2912,16,628
2016-03-31,ARKANSAS EASTERN,ARKANSAS,EIGHTH CIRCUIT,1844,836,7,1,1000,33,24,7,1,1,1811,812,0,999
2016-03-31,ARKANSAS WESTERN,ARKANSAS,EIGHTH CIRCUIT,831,451,6,1,373,36,26,4,1,5,795,425,2,368
2016-03-31,CALIFORNIA CENTRAL,CALIFORNIA,NINTH CIRCUIT,10527,7762,106,2,2657,402,316,57,2,27,10125,7446,49,2630
2016-03-31,CALIFORNIA EASTERN,CALIFORNIA,NINTH CIRCUIT,3673,2794,16,5,857,135,92,13,5,24,3538,2702,3,833
2016-03-31,CALIFORNIA NORTHERN,CALIFORNIA,NINTH CIRCUIT,2640,1370,45,0,1225,155,100,26,0,29,2485,1270,19,1196
2016-03-31,CALIFORNIA SOUTHERN,CALIFORNIA,NINTH CIRCUIT,1992,1568,9,0,415,80,61,6,0,13,1912,1507,3,402
2016-03-31,COLORADO,COLORADO,TENTH CIRCUIT,3173,2466,25,0,682,116,82,24,0,10,3057,2384,1,672
2016-03-31,CONNECTICUT,CONNECTICUT,SECOND CIRCUIT,1501,1159,22,1,319,61,36,18,1,6,1440,1123,4,313
2016-03-31,DELAWARE,DELAWARE,THIRD CIRCUIT,864,391,252,0,186,307,18,252,0,2,557,373,0,184
2016-03-31,DISTRICT OF COLUMBIA,DISTRICT OF COLUMBIA,DC CIRCUIT,160,133,5,0,22,10,7,3,0,0,150,126,2,22
2016-03-31,FLORIDA MIDDLE,FLORIDA,ELEVENTH CIRCUIT,6429,4218,67,4,2138,239,166,51,4,16,6190,4052,16,2122
2016-03-31,FLORIDA NORTHERN,FLORIDA,ELEVENTH CIRCUIT,665,528,9,3,125,40,27,9,3,1,625,501,0,124
2016-03-31,FLORIDA SOUTHERN,FLORIDA,ELEVENTH CIRCUIT,4990,2483,82,1,2424,166,88,65,1,12,4824,2395,17,2412
2016-03-31,GEORGIA MIDDLE,GEORGIA,ELEVENTH CIRCUIT,2045,680,7,5,1353,43,26,7,5,5,2002,654,0,1348
2016-03-31,GEORGIA NORTHERN,GEORGIA,ELEVENTH CIRCUIT,7971,4222,22,1,3726,160,134,21,1,4,7811,4088,1,3722
2016-03-31,GEORGIA SOUTHERN,GEORGIA,ELEVENTH CIRCUIT,1681,403,6,4,1268,29,15,6,4,4,1652,388,0,1264
2016-03-31,GUAM,GUAM,NINTH CIRCUIT,43,33,0,0,10,2,2,0,0,0,41,31,0,10
2016-03-31,HAWAII,HAWAII,NINTH CIRCUIT,349,232,6,0,111,16,10,6,0,0,333,222,0,111
2016-03-31,IDAHO,IDAHO,NINTH CIRCUIT,942,826,6,1,109,25,18,5,1,1,917,808,1,108
2016-03-31,ILLINOIS CENTRAL,ILLINOIS,SEVENTH CIRCUIT,1367,1131,2,1,233,30,23,2,1,4,1337,1108,0,229
2016-03-31,ILLINOIS NORTHERN,ILLINOIS,SEVENTH CIRCUIT,12426,6960,33,0,5430,199,151,30,0,15,12227,6809,3,5415
2016-03-31,ILLINOIS SOUTHERN,ILLINOIS,SEVENTH CIRCUIT,966,664,2,0,300,19,15,2,0,2,947,649,0,298
2016-03-31,INDIANA NORTHERN,INDIANA,SEVENTH CIRCUIT,2460,1796,16,2,646,55,33,16,2,4,2405,1763,0,642
2016-03-31,INDIANA SOUTHERN,INDIANA,SEVENTH CIRCUIT,3574,2426,12,3,1133,61,42,12,3,4,3513,2384,0,1129
2016-03-31,IOWA NORTHERN,IOWA,EIGHTH CIRCUIT,372,340,0,2,30,15,13,0,2,0,357,327,0,30
2016-03-31,IOWA SOUTHERN,IOWA,EIGHTH CIRCUIT,688,593,1,3,91,33,26,1,3,3,655,567,0,88
2016-03-31,KANSAS,KANSAS,TENTH CIRCUIT,1445,852,8,3,582,44,26,7,3,8,1401,826,1,574
2016-03-31,KENTUCKY EASTERN,KENTUCKY,SIXTH CIRCUIT,1972,1370,5,2,595,30,18,5,2,5,1942,1352,0,590
2016-03-31,KENTUCKY WESTERN,KENTUCKY,SIXTH CIRCUIT,2079,1331,2,1,745,21,13,2,1,5,2058,1318,0,740
2016-03-31,LOUISIANA EASTERN,LOUISIANA,FIFTH CIRCUIT,769,331,5,0,433,33,26,4,0,3,736,305,1,430
2016-03-31,LOUISIANA MIDDLE,LOUISIANA,FIFTH CIRCUIT,404,211,3,0,190,8,5,2,0,1,396,206,1,189
2016-03-31,LOUISIANA WESTERN,LOUISIANA,FIFTH CIRCUIT,2167,456,11,3,1697,41,22,8,3,8,2126,434,3,1689
2016-03-31,MAINE,MAINE,FIRST CIRCUIT,387,308,7,2,70,31,18,5,2,6,356,290,2,64
2016-03-31,MARYLAND,MARYLAND,FOURTH CIRCUIT,4426,2899,33,0,1494,79,44,18,0,17,4347,2855,15,1477
2016-03-31,MASSACHUSETTS,MASSACHUSETTS,FIRST CIRCUIT,2121,1498,25,2,596,109,86,18,2,3,2012,1412,7,593
2016-03-31,MICHIGAN EASTERN,MICHIGAN,SIXTH CIRCUIT,6720,5177,36,4,1503,109,65,34,4,6,6611,5112,2,1497
2016-03-31,MICHIGAN WESTERN,MICHIGAN,SIXTH CIRCUIT,1952,1562,10,3,377,43,27,10,3,3,1909,1535,0,374
2016-03-31,MINNESOTA,MINNESOTA,EIGHTH CIRCUIT,2534,2146,4,2,382,80,71,4,2,3,2454,2075,0,379
2016-03-31,MISSISSIPPI NORTHERN,MISSISSIPPI,FIFTH CIRCUIT,1191,555,4,0,632,28,20,4,0,4,1163,535,0,628
2016-03-31,MISSISSIPPI SOUTHERN,MISSISSIPPI,FIFTH CIRCUIT,1751,969,20,0,762,59,36,19,0,4,1692,933,1,758
2016-03-31,MISSOURI EASTERN,MISSOURI,EIGHTH CIRCUIT,2695,1719,94,0,882,142,40,94,0,8,2553,1679,0,874
2016-03-31,MISSOURI WESTERN,MISSOURI,EIGHTH CIRCUIT,1768,1220,6,1,541,36,25,6,1,4,1732,1195,0,537
2016-03-31,MONTANA,MONTANA,NINTH CIRCUIT,338,286,1,2,49,17,11,1,2,3,321,275,0,46
2016-03-31,NEBRASKA,NEBRASKA,EIGHTH CIRCUIT,1016,689,2,1,323,24,18,2,1,2,992,671,0,321
2016-03-31,NEVADA,NEVADA,NINTH CIRCUIT,2335,1802,45,0,488,82,51,23,0,8,2253,1751,22,480
2016-03-31,NEW HAMPSHIRE,NEW HAMPSHIRE,FIRST CIRCUIT,485,370,5,0,110,47,32,5,0,10,438,338,0,100
2016-03-31,NEW JERSEY,NEW JERSEY,THIRD CIRCUIT,6543,4392,65,1,2084,234,157,55,1,20,6309,4235,10,2064
2016-03-31,NEW MEXICO,NEW MEXICO,TENTH CIRCUIT,816,742,8,0,66,33,24,6,0,3,783,718,2,63
2016-03-31,NEW YORK EASTERN,NEW YORK,SECOND CIRCUIT,2869,2113,52,0,704,121,76,42,0,3,2748,2037,10,701
2016-03-31,NEW YORK NORTHERN,NEW YORK,SECOND CIRCUIT,1600,1247,4,7,342,43,23,3,7,10,1557,1224,1,332
2016-03-31,NEW YORK SOUTHERN,NEW YORK,SECOND CIRCUIT,1865,1379,73,1,411,158,76,69,1,11,1707,1303,4,400
2016-03-31,NEW YORK WESTERN,NEW YORK,SECOND CIRCUIT,1007,717,9,2,279,44,29,8,2,5,963,688,1,274
2016-03-31,NORTH CAROLINA EASTERN,NORTH CAROLINA,FOURTH CIRCUIT,1717,562,16,1,1138,47,22,13,1,11,1670,540,3,1127
2016-03-31,NORTH CAROLINA MIDDLE,NORTH CAROLINA,FOURTH CIRCUIT,962,391,4,0,567,29,22,3,0,4,933,369,1,563
2016-03-31,NORTH CAROLINA WESTERN,NORTH CAROLINA,FOURTH CIRCUIT,1044,543,6,0,495,28,16,6,0,6,1016,527,0,489
2016-03-31,NORTH DAKOTA,NORTH DAKOTA,EIGHTH CIRCUIT,152,130,1,2,19,8,5,1,2,0,144,125,0,19
2016-03-31,NORTHERN MARIANAS,NORTHERN MARIANA ISLANDS,NINTH CIRCUIT,3,1,1,0,1,1,0,1,0,0,2,1,0,1
2016-03-31,OHIO NORTHERN,OHIO,SIXTH CIRCUIT,4880,3975,4,0,901,71,53,4,0,14,4809,3922,0,887
2016-03-31,OHIO SOUTHERN,OHIO,SIXTH CIRCUIT,4436,3035,3,0,1398,66,49,2,0,15,4370,2986,1,1383
2016-03-31,OKLAHOMA EASTERN,OKLAHOMA,TENTH CIRCUIT,317,283,0,4,30,12,8,0,4,0,305,275,0,30
2016-03-31,OKLAHOMA NORTHERN,OKLAHOMA,TENTH CIRCUIT,607,543,0,0,64,13,13,0,0,0,594,530,0,64
2016-03-31,OKLAHOMA WESTERN,OKLAHOMA,TENTH CIRCUIT,1294,1010,13,0,271,43,30,12,0,1,1251,980,1,270
2016-03-31,OREGON,OREGON,NINTH CIRCUIT,2402,1910,9,2,481,68,42,9,2,15,2334,1868,0,466
2016-03-31,PENNSYLVANIA EASTERN,PENNSYLVANIA,THIRD CIRCUIT,2319,1236,18,1,1064,76,51,13,1,11,2243,1185,5,1053
2016-03-31,PENNSYLVANIA MIDDLE,PENNSYLVANIA,THIRD CIRCUIT,1394,907,8,0,479,40,25,8,0,7,1354,882,0,472
2016-03-31,PENNSYLVANIA WESTERN,PENNSYLVANIA,THIRD CIRCUIT,1793,1155,23,4,611,70,42,19,4,5,1723,1113,4,606
2016-03-31,PUERTO RICO,PUERTO RICO,FIRST CIRCUIT,2616,1085,83,7,1441,118,25,73,7,13,2498,1060,10,1428
2016-03-31,RHODE ISLAND,RHODE ISLAND,FIRST CIRCUIT,579,458,3,0,118,18,15,2,0,1,561,443,1,117
2016-03-31,SOUTH CAROLINA,SOUTH CAROLINA,FOURTH CIRCUIT,1626,662,6,1,957,44,35,6,1,2,1582,627,0,955
2016-03-31,SOUTH DAKOTA,SOUTH DAKOTA,EIGHTH CIRCUIT,262,243,0,2,17,4,2,0,2,0,258,241,0,17
2016-03-31,TENNESSEE EASTERN,TENNESSEE,SIXTH CIRCUIT,2912,1644,19,4,1245,56,28,18,4,6,2856,1616,1,1239
2016-03-31,TENNESSEE MIDDLE,TENNESSEE,SIXTH CIRCUIT,2369,1343,19,0,1007,43,24,14,0,5,2326,1319,5,1002
2016-03-31,TENNESSEE WESTERN,TENNESSEE,SIXTH CIRCUIT,3840,1006,6,0,2828,25,16,3,0,6,3815,990,3,2822
2016-03-31,TEXAS EASTERN,TEXAS,FIFTH CIRCUIT,1181,506,29,0,646,81,49,26,0,6,1100,457,3,640
2016-03-31,TEXAS NORTHERN,TEXAS,FIFTH CIRCUIT,3072,1254,53,1,1764,181,116,50,1,14,2891,1138,3,1750
2016-03-31,TEXAS SOUTHERN,TEXAS,FIFTH CIRCUIT,2122,712,50,0,1358,142,80,50,0,10,1980,632,0,1348
2016-03-31,TEXAS WESTERN,TEXAS,FIFTH CIRCUIT,1926,896,46,0,984,133,78,45,0,10,1793,818,1,974
2016-03-31,UTAH,UTAH,TENTH CIRCUIT,2723,1587,4,0,1132,55,43,3,0,9,2668,1544,1,1123
2016-03-31,VERMONT,VERMONT,SECOND CIRCUIT,140,119,0,0,21,13,12,0,0,1,127,107,0,20
2016-03-31,VIRGIN ISLANDS,VIRGIN ISLANDS,THIRD CIRCUIT,2,2,0,0,0,0,0,0,0,0,2,2,0,0
2016-03-31,VIRGINIA EASTERN,VIRGINIA,FOURTH CIRCUIT,4414,2525,37,1,1851,96,56,29,1,10,4318,2469,8,1841
2016-03-31,VIRGINIA WESTERN,VIRGINIA,FOURTH CIRCUIT,1439,901,4,2,532,15,9,3,2,1,1424,892,1,531
2016-03-31,WASHINGTON EASTERN,WASHINGTON,NINTH CIRCUIT,1108,833,6,1,268,22,13,5,1,3,1086,820,1,265
2016-03-31,WASHINGTON WESTERN,WASHINGTON,NINTH CIRCUIT,3349,2471,21,0,857,87,63,15,0,9,3262,2408,6,848
2016-03-31,WEST VIRGINIA NORTHERN,WEST VIRGINIA,FOURTH CIRCUIT,321,268,3,0,50,13,10,3,0,0,308,258,0,50
2016-03-31,WEST VIRGINIA SOUTHERN,WEST VIRGINIA,FOURTH CIRCUIT,503,438,6,0,59,20,9,6,0,5,483,429,0,54
2016-03-31,WISCONSIN EASTERN,WISCONSIN,SEVENTH CIRCUIT,3029,2035,9,6,979,63,41,9,6,7,2966,1994,0,972
2016-03-31,WISCONSIN WESTERN,WISCONSIN,SEVENTH CIRCUIT,1122,935,2,5,180,49,37,2,5,5,1073,898,0,175
2016-03-31,WYOMING,WYOMING,TENTH CIRCUIT,216,193,2,0,21,7,5,2,0,0,209,188,0,21
2016-06-30,ALABAMA MIDDLE,ALABAMA,ELEVENTH CIRCUIT,1908,381,0,0,1527,13,13,0,0,0,1895,368,0,1527
2016-06-30,ALABAMA NORTHERN,ALABAMA,ELEVENTH CIRCUIT,3324,1637,9,0,1678,34,24,9,0,1,3290,1613,0,1677
2016-06-30,ALABAMA SOUTHERN,ALABAMA,ELEVENTH CIRCUIT,1142,324,5,0,813,9,4,4,0,1,1133,320,1,812
2016-06-30,ALASKA,ALASKA,NINTH CIRCUIT,115,94,4,0,17,13,8,4,0,1,102,86,0,16
2016-06-30,ARIZONA,ARIZONA,NINTH CIRCUIT,4414,3708,57,0,649,140,88,39,0,13,4274,3620,18,636
2016-06-30,ARKANSAS EASTERN,ARKANSAS,EIGHTH CIRCUIT,1779,785,0,3,991,41,34,0,3,4,1738,751,0,987
2016-06-30,ARKANSAS WESTERN,ARKANSAS,EIGHTH CIRCUIT,804,475,2,1,326,17,13,1,1,2,787,462,1,324
2016-06-30,CALIFORNIA CENTRAL,CALIFORNIA,NINTH CIRCUIT,11002,8230,113,3,2656,425,334,71,3,17,10577,7896,42,2639
2016-06-30,CALIFORNIA EASTERN,CALIFORNIA,NINTH CIRCUIT,4030,3073,18,3,936,126,83,12,3,28,3904,2990,6,908
2016-06-30,CALIFORNIA NORTHERN,CALIFORNIA,NINTH CIRCUIT,2736,1463,44,0,1229,142,92,27,0,23,2594,1371,17,1206
2016-06-30,CALIFORNIA SOUTHERN,CALIFORNIA,NINTH CIRCUIT,2253,1733,6,0,514,49,40,3,0,6,2204,1693,3,508
2016-06-30,COLORADO,COLORADO,TENTH CIRCUIT,3636,2947,15,0,674,105,80,14,0,11,3531,2867,1,663
2016-06-30,CONNECTICUT,CONNECTICUT,SECOND CIRCUIT,1544,1249,18,1,276,60,38,15,1,6,1484,1211,3,270
2016-06-30,DELAWARE,DELAWARE,THIRD CIRCUIT,767,417,142,0,207,199,55,142,0,1,568,362,0,206
2016-06-30,DISTRICT OF COLUMBIA,DISTRICT OF COLUMBIA,DC CIRCUIT,179,141,3,0,35,4,2,1,0,1,175,139,2,34
2016-06-30,FLORIDA MIDDLE,FLORIDA,ELEVENTH CIRCUIT,6574,4433,106,5,2030,268,167,76,5,20,6306,4266,30,2010
2016-06-30,FLORIDA NORTHERN,FLORIDA,ELEVENTH CIRCUIT,646,518,12,0,116,44,30,12,0,2,602,488,0,114
2016-06-30,FLORIDA SOUTHERN,FLORIDA,ELEVENTH CIRCUIT,4840,2529,68,1,2238,168,101,51,1,11,4672,2428,17,2227
2016-06-30,GEORGIA MIDDLE,GEORGIA,ELEVENTH CIRCUIT,2010,646,6,9,1349,42,22,6,9,5,1968,624,0,1344
2016-06-30,GEORGIA NORTHERN,GEORGIA,ELEVENTH CIRCUIT,8001,4204,31,0,3766,145,102,29,0,14,7856,4102,2,3752
2016-06-30,GEORGIA SOUTHERN,GEORGIA,ELEVENTH CIRCUIT,1763,337,7,0,1419,17,8,7,0,2,1746,329,0,1417
2016-06-30,GUAM,GUAM,NINTH CIRCUIT,37,28,2,0,7,5,3,2,0,0,32,25,0,7
2016-06-30,HAWAII,HAWAII,NINTH CIRCUIT,356,256,4,0,96,14,9,3,0,2,342,247,1,94
2016-06-30,IDAHO,IDAHO,NINTH CIRCUIT,1066,941,3,1,121,29,24,2,1,2,1037,917,1,119
2016-06-30,ILLINOIS CENTRAL,ILLINOIS,SEVENTH CIRCUIT,1406,1182,0,1,223,25,21,0,1,3,1381,1161,0,220
2016-06-30,ILLINOIS NORTHERN,ILLINOIS,SEVENTH CIRCUIT,11193,6366,33,0,4794,188,144,33,0,11,11005,6222,0,4783
2016-06-30,ILLINOIS SOUTHERN,ILLINOIS,SEVENTH CIRCUIT,957,673,1,2,281,18,13,1,2,2,939,660,0,279
2016-06-30,INDIANA NORTHERN,INDIANA,SEVENTH CIRCUIT,2785,2060,6,0,719,35,25,5,0,5,2750,2035,1,714
2016-06-30,INDIANA SOUTHERN,INDIANA,SEVENTH CIRCUIT,3959,2798,7,0,1154,49,40,7,0,2,3910,2758,0,1152
2016-06-30,IOWA NORTHERN,IOWA,EIGHTH CIRCUIT,483,439,0,3,41,22,17,0,3,2,461,422,0,39
2016-06-30,IOWA SOUTHERN,IOWA,EIGHTH CIRCUIT,728,650,1,0,77,29,26,1,0,2,699,624,0,75
2016-06-30,KANSAS,KANSAS,TENTH CIRCUIT,1820,1055,84,10,671,128,27,84,10,7,1692,1028,0,664
2016-06-30,KENTUCKY EASTERN,KENTUCKY,SIXTH CIRCUIT,2134,1491,1,0,642,29,23,1,0,5,2105,1468,0,637
2016-06-30,KENTUCKY WESTERN,KENTUCKY,SIXTH CIRCUIT,1813,1211,4,5,592,37,25,4,5,2,1776,1186,0,590
2016-06-30,LOUISIANA EASTERN,LOUISIANA,FIFTH CIRCUIT,856,421,7,0,428,26,15,7,0,4,830,406,0,424
2016-06-30,LOUISIANA MIDDLE,LOUISIANA,FIFTH CIRCUIT,397,202,7,0,188,11,3,7,0,1,386,199,0,187
2016-06-30,LOUISIANA WESTERN,LOUISIANA,FIFTH CIRCUIT,2276,475,20,1,1780,40,17,18,1,4,2236,458,2,1776
2016-06-30,MAINE,MAINE,FIRST CIRCUIT,440,366,1,0,73,23,22,1,0,0,417,344,0,73
2016-06-30,MARYLAND,MARYLAND,FOURTH CIRCUIT,4644,3180,30,1,1433,100,67,23,1,9,4544,3113,7,1424
2016-06-30,MASSACHUSETTS,MASSACHUSETTS,FIRST CIRCUIT,2308,1518,40,3,747,106,64,32,3,7,2202,1454,8,740
2016-06-30,MICHIGAN EASTERN,MICHIGAN,SIXTH CIRCUIT,6177,4842,28,5,1302,100,59,22,5,14,6077,4783,6,1288
2016-06-30,MICHIGAN WESTERN,MICHIGAN,SIXTH CIRCUIT,1812,1454,7,1,350,56,44,5,1,6,1756,1410,2,344
2016-06-30,MINNESOTA,MINNESOTA,EIGHTH CIRCUIT,2544,2148,5,4,387,79,67,5,4,3,2465,2081,0,384
2016-06-30,MISSISSIPPI NORTHERN,MISSISSIPPI,FIFTH CIRCUIT,1114,480,5,6,623,23,8,5,6,4,1091,472,0,619
2016-06-30,MISSISSIPPI SOUTHERN,MISSISSIPPI,FIFTH CIRCUIT,1577,873,5,1,698,38,27,5,1,5,1539,846,0,693
2016-06-30,MISSOURI EASTERN,MISSOURI,EIGHTH CIRCUIT,2985,1956,165,5,859,193,18,164,5,6,2792,1938,1,853
2016-06-30,MISSOURI WESTERN,MISSOURI,EIGHTH CIRCUIT,1927,1354,9,1,563,40,26,8,1,5,1887,1328,1,558
2016-06-30,MONTANA,MONTANA,NINTH CIRCUIT,396,342,4,1,49,15,8,4,1,2,381,334,0,47
2016-06-30,NEBRASKA,NEBRASKA,EIGHTH CIRCUIT,1120,767,5,7,341,28,14,4,7,3,1092,753,1,338
2016-06-30,NEVADA,NEVADA,NINTH CIRCUIT,2477,1923,68,0,485,75,35,35,0,4,2402,1888,33,481
2016-06-30,NEW HAMPSHIRE,NEW HAMPSHIRE,FIRST CIRCUIT,522,396,5,1,120,60,40,5,1,14,462,356,0,106
2016-06-30,NEW JERSEY,NEW JERSEY,THIRD CIRCUIT,6743,4405,69,3,2265,200,118,46,3,32,6543,4287,23,2233
2016-06-30,NEW MEXICO,NEW MEXICO,TENTH CIRCUIT,877,777,11,1,88,29,18,10,1,0,848,759,1,88
2016-06-30,NEW YORK EASTERN,NEW YORK,SECOND CIRCUIT,3142,2262,60,0,820,123,66,53,0,4,3019,2196,7,816
2016-06-30,NEW YORK NORTHERN,NEW YORK,SECOND CIRCUIT,1633,1239,6,3,385,40,25,5,3,7,1593,1214,1,378
2016-06-30,NEW YORK SOUTHERN,NEW YORK,SECOND CIRCUIT,2246,1555,219,0,445,316,67,213,0,9,1930,1488,6,436
2016-06-30,NEW YORK WESTERN,NEW YORK,SECOND CIRCUIT,1194,901,8,1,284,44,27,8,1,8,1150,874,0,276
2016-06-30,NORTH CAROLINA EASTERN,NORTH CAROLINA,FOURTH CIRCUIT,1772,637,20,2,1113,55,24,17,2,12,1717,613,3,1101
2016-06-30,NORTH CAROLINA MIDDLE,NORTH CAROLINA,FOURTH CIRCUIT,999,464,6,0,529,36,26,6,0,4,963,438,0,525
2016-06-30,NORTH CAROLINA WESTERN,NORTH CAROLINA,FOURTH CIRCUIT,1157,613,7,0,537,41,25,7,0,9,1116,588,0,528
2016-06-30,NORTH DAKOTA,NORTH DAKOTA,EIGHTH CIRCUIT,189,162,4,3,20,17,9,3,3,2,172,153,1,18
2016-06-30,NORTHERN MARIANAS,NORTHERN MARIANA ISLANDS,NINTH CIRCUIT,0,0,0,0,0,0,0,0,0,0,0,0,0,0
2016-06-30,OHIO NORTHERN,OHIO,SIXTH CIRCUIT,5257,4337,19,0,901,105,74,18,0,13,5152,4263,1,888
2016-06-30,OHIO SOUTHERN,OHIO,SIXTH CIRCUIT,4633,3307,4,1,1321,46,35,4,1,6,4587,3272,0,1315
2016-06-30,OKLAHOMA EASTERN,OKLAHOMA,TENTH CIRCUIT,377,343,2,1,31,7,4,2,1,0,370,339,0,31
2016-06-30,OKLAHOMA NORTHERN,OKLAHOMA,TENTH CIRCUIT,614,537,3,2,72,13,8,3,2,0,601,529,0,72
2016-06-30,OKLAHOMA WESTERN,OKLAHOMA,TENTH CIRCUIT,1437,1138,13,0,286,40,26,11,0,3,1397,1112,2,283
2016-06-30,OREGON,OREGON,NINTH CIRCUIT,2455,1921,7,1,526,56,34,7,1,14,2399,1887,0,512
2016-06-30,PENNSYLVANIA EASTERN,PENNSYLVANIA,THIRD CIRCUIT,2465,1297,21,1,1146,84,43,20,1,20,2381,1254,1,1126
2016-06-30,PENNSYLVANIA MIDDLE,PENNSYLVANIA,THIRD CIRCUIT,1419,914,12,0,493,39,23,11,0,5,1380,891,1,488
2016-06-30,PENNSYLVANIA WESTERN,PENNSYLVANIA,THIRD CIRCUIT,1828,1161,30,1,636,70,35,26,1,8,1758,1126,4,628
2016-06-30,PUERTO RICO,PUERTO RICO,FIRST CIRCUIT,2825,1189,77,7,1552,122,32,68,7,15,2703,1157,9,1537
2016-06-30,RHODE ISLAND,RHODE ISLAND,FIRST CIRCUIT,631,470,2,0,159,22,16,2,0,4,609,454,0,155
2016-06-30,SOUTH CAROLINA,SOUTH CAROLINA,FOURTH CIRCUIT,1651,685,8,0,957,36,25,7,0,3,1615,660,1,954
2016-06-30,SOUTH DAKOTA,SOUTH DAKOTA,EIGHTH CIRCUIT,340,302,1,1,36,10,5,0,1,4,330,297,1,32
2016-06-30,TENNESSEE EASTERN,TENNESSEE,SIXTH CIRCUIT,2877,1542,8,0,1327,58,41,8,0,9,2819,1501,0,1318
2016-06-30,TENNESSEE MIDDLE,TENNESSEE,SIXTH CIRCUIT,2462,1221,34,0,1207,64,34,27,0,3,2398,1187,7,1204
2016-06-30,TENNESSEE WESTERN,TENNESSEE,SIXTH CIRCUIT,3552,907,15,0,2630,32,14,13,0,5,3520,893,2,2625
2016-06-30,TEXAS EASTERN,TEXAS,FIFTH CIRCUIT,1164,535,26,0,603,79,48,25,0,6,1085,487,1,597
2016-06-30,TEXAS NORTHERN,TEXAS,FIFTH CIRCUIT,2986,1229,90,3,1662,220,113,87,3,15,2766,1116,3,1647
2016-06-30,TEXAS SOUTHERN,TEXAS,FIFTH CIRCUIT,2352,870,160,2,1317,267,92,157,2,13,2085,778,3,1304
2016-06-30,TEXAS WESTERN,TEXAS,FIFTH CIRCUIT,1964,978,36,0,937,139,83,34,0,9,1825,895,2,928
2016-06-30,UTAH,UTAH,TENTH CIRCUIT,3188,1989,13,0,1186,64,40,12,0,12,3124,1949,1,1174
2016-06-30,VERMONT,VERMONT,SECOND CIRCUIT,155,124,1,0,30,12,10,1,0,1,143,114,0,29
2016-06-30,VIRGIN ISLANDS,VIRGIN ISLANDS,THIRD CIRCUIT,10,9,0,0,1,1,1,0,0,0,9,8,0,1
2016-06-30,VIRGINIA EASTERN,VIRGINIA,FOURTH CIRCUIT,4461,2648,27,1,1784,84,51,24,1,7,4377,2597,3,1777
2016-06-30,VIRGINIA WESTERN,VIRGINIA,FOURTH CIRCUIT,1455,902,5,1,547,29,20,5,1,3,1426,882,0,544
2016-06-30,WASHINGTON EASTERN,WASHINGTON,NINTH CIRCUIT,1084,824,2,0,258,14,11,2,0,1,1070,813,0,257
2016-06-30,WASHINGTON WESTERN,WASHINGTON,NINTH CIRCUIT,3260,2335,28,2,895,92,65,19,2,6,3168,2270,9,889
2016-06-30,WEST VIRGINIA NORTHERN,WEST VIRGINIA,FOURTH CIRCUIT,380,313,1,1,65,10,8,1,1,0,370,305,0,65
2016-06-30,WEST VIRGINIA SOUTHERN,WEST VIRGINIA,FOURTH CIRCUIT,528,460,10,0,58,25,12,10,0,3,503,448,0,55
2016-06-30,WISCONSIN EASTERN,WISCONSIN,SEVENTH CIRCUIT,3863,2643,3,6,1211,59,44,3,6,6,3804,2599,0,1205
2016-06-30,WISCONSIN WESTERN,WISCONSIN,SEVENTH CIRCUIT,1208,984,5,6,213,43,29,3,6,5,1165,955,2,208
2016-06-30,WYOMING,WYOMING,TENTH CIRCUIT,262,238,2,0,22,12,10,2,0,0,250,228,0,22
2016-09-30,ALABAMA MIDDLE,ALABAMA,ELEVENTH CIRCUIT,2199,431,2,0,1766,14,10,2,0,2,2185,421,0,1764
2016-09-30,ALABAMA NORTHERN,ALABAMA,ELEVENTH CIRCUIT,3515,1554,2,1,1958,30,26,2,1,1,3485,1528,0,1957
2016-09-30,ALABAMA SOUTHERN,ALABAMA,ELEVENTH CIRCUIT,1216,307,7,0,902,15,6,6,0,3,1201,301,1,899
2016-09-30,ALASKA,ALASKA,NINTH CIRCUIT,106,87,0,0,19,5,4,0,0,1,101,83,0,18
2016-09-30,ARIZONA,ARIZONA,NINTH CIRCUIT,3925,3207,60,0,658,125,70,49,0,6,3800,3137,11,652
2016-09-30,ARKANSAS EASTERN,ARKANSAS,EIGHTH CIRCUIT,1824,794,5,3,1022,47,31,5,3,8,1777,763,0,1014
2016-09-30,ARKANSAS WESTERN,ARKANSAS,EIGHTH CIRCUIT,802,404,4,2,392,26,13,4,2,7,776,391,0,385
2016-09-30,CALIFORNIA CENTRAL,CALIFORNIA,NINTH CIRCUIT,10338,7491,113,2,2732,425,339,66,2,18,9913,7152,47,2714
2016-09-30,CALIFORNIA EASTERN,CALIFORNIA,NINTH CIRCUIT,3957,3031,15,1,910,130,103,8,1,18,3827,2928,7,892
2016-09-30,CALIFORNIA NORTHERN,CALIFORNIA,NINTH CIRCUIT,2563,1308,44,1,1210,131,76,25,1,29,2432,1232,19,1181
2016-09-30,CALIFORNIA SOUTHERN,CALIFORNIA,NINTH CIRCUIT,2053,1585,8,0,460,78,62,8,0,8,1975,1523,0,452
2016-09-30,COLORADO,COLORADO,TENTH CIRCUIT,3209,2545,17,0,647,92,72,16,0,4,3117,2473,1,643
2016-09-30,CONNECTICUT,CONNECTICUT,SECOND CIRCUIT,1474,1173,13,1,287,67,51,13,1,2,1407,1122,0,285
2016-09-30,DELAWARE,DELAWARE,THIRD CIRCUIT,598,354,66,0,176,90,22,66,0,0,508,332,0,176
2016-09-30,DISTRICT OF COLUMBIA,DISTRICT OF COLUMBIA,DC CIRCUIT,184,132,13,0,39,16,6,9,0,1,168,126,4,38
2016-09-30,FLORIDA MIDDLE,FLORIDA,ELEVENTH CIRCUIT,6298,4235,86,1,1976,267,177,67,1,22,6031,4058,19,1954
2016-09-30,FLORIDA NORTHERN,FLORIDA,ELEVENTH CIRCUIT,604,473,10,0,121,31,21,9,0,1,573,452,1,120
2016-09-30,FLORIDA SOUTHERN,FLORIDA,ELEVENTH CIRCUIT,4394,2365,62,0,1967,123,74,43,0,6,4271,2291,19,1961
2016-09-30,GEORGIA MIDDLE,GEORGIA,ELEVENTH CIRCUIT,2299,685,7,11,1596,58,27,7,11,13,2241,658,0,1583
2016-09-30,GEORGIA NORTHERN,GEORGIA,ELEVENTH CIRCUIT,8210,4156,36,0,4018,158,117,33,0,8,8052,4039,3,4010
2016-09-30,GEORGIA SOUTHERN,GEORGIA,ELEVENTH CIRCUIT,1934,344,12,2,1576,39,24,11,2,2,1895,320,1,1574
2016-09-30,GUAM,GUAM,NINTH CIRCUIT,49,41,0,0,8,4,4,0,0,0,45,37,0,8
2016-09-30,HAWAII,HAWAII,NINTH CIRCUIT,372,246,4,0,122,13,6,4,0,3,359,240,0,119
2016-09-30,IDAHO,IDAHO,NINTH CIRCUIT,987,882,3,0,102,22,19,3,0,0,965,863,0,102
2016-09-30,ILLINOIS CENTRAL,ILLINOIS,SEVENTH CIRCUIT,1261,1017,1,1,242,28,23,1,1,3,1233,994,0,239
2016-09-30,ILLINOIS NORTHERN,ILLINOIS,SEVENTH CIRCUIT,10948,5805,24,1,5118,172,134,19,1,18,10776,5671,5,5100
2016-09-30,ILLINOIS SOUTHERN,ILLINOIS,SEVENTH CIRCUIT,951,595,1,2,353,21,13,1,2,5,930,582,0,348
2016-09-30,INDIANA NORTHERN,INDIANA,SEVENTH CIRCUIT,2500,1747,7,0,746,31,20,7,0,4,2469,1727,0,742
2016-09-30,INDIANA SOUTHERN,INDIANA,SEVENTH CIRCUIT,3843,2515,7,0,1321,56,40,7,0,9,3787,2475,0,1312
2016-09-30,IOWA NORTHERN,IOWA,EIGHTH CIRCUIT,454,408,0,2,44,25,20,0,2,3,429,388,0,41
2016-09-30,IOWA SOUTHERN,IOWA,EIGHTH CIRCUIT,609,513,4,2,90,18,11,4,2,1,591,502,0,89
2016-09-30,KANSAS,KANSAS,TENTH CIRCUIT,1812,1040,8,4,760,39,22,6,4,7,1773,1018,2,753
2016-09-30,KENTUCKY EASTERN,KENTUCKY,SIXTH CIRCUIT,1926,1317,2,2,605,19,14,1,2,2,1907,1303,1,603
2016-09-30,KENTUCKY WESTERN,KENTUCKY,SIXTH CIRCUIT,1847,1181,4,4,658,30,19,3,4,4,1817,1162,1,654
2016-09-30,LOUISIANA EASTERN,LOUISIANA,FIFTH CIRCUIT,883,407,3,0,473,24,20,3,0,1,859,387,0,472
2016-09-30,LOUISIANA MIDDLE,LOUISIANA,FIFTH CIRCUIT,323,169,3,0,147,13,6,3,0,0,310,163,0,147
2016-09-30,LOUISIANA WESTERN,LOUISIANA,FIFTH CIRCUIT,2356,425,17,2,1912,45,24,15,2,4,2311,401,2,1908
2016-09-30,MAINE,MAINE,FIRST CIRCUIT,387,328,1,1,57,17,12,1,1,3,370,316,0,54
2016-09-30,MARYLAND,MARYLAND,FOURTH CIRCUIT,3784,2479,34,0,1271,91,55,27,0,9,3693,2424,7,1262
2016-09-30,MASSACHUSETTS,MASSACHUSETTS,FIRST CIRCUIT,2168,1405,38,4,721,103,60,28,4,11,2065,1345,10,710
2016-09-30,MICHIGAN EASTERN,MICHIGAN,SIXTH CIRCUIT,5533,4241,27,6,1259,93,50,24,6,13,5440,4191,3,1246
2016-09-30,MICHIGAN WESTERN,MICHIGAN,SIXTH CIRCUIT,1629,1288,7,0,334,41,31,6,0,4,1588,1257,1,330
2016-09-30,MINNESOTA,MINNESOTA,EIGHTH CIRCUIT,2266,1876,7,2,381,78,66,7,2,3,2188,1810,0,378
2016-09-30,MISSISSIPPI NORTHERN,MISSISSIPPI,FIFTH CIRCUIT,1236,457,5,1,773,21,9,5,1,6,1215,448,0,767
2016-09-30,MISSISSIPPI SOUTHERN,MISSISSIPPI,FIFTH CIRCUIT,1734,860,4,0,870,44,40,4,0,0,1690,820,0,870
2016-09-30,MISSOURI EASTERN,MISSOURI,EIGHTH CIRCUIT,2835,1790,10,0,1035,43,25,9,0,9,2792,1765,1,1026
2016-09-30,MISSOURI WESTERN,MISSOURI,EIGHTH CIRCUIT,1967,1312,6,0,648,29,18,6,0,4,1938,1294,0,644
2016-09-30,MONTANA,MONTANA,NINTH CIRCUIT,330,274,4,0,52,16,11,4,0,1,314,263,0,51
2016-09-30,NEBRASKA,NEBRASKA,EIGHTH CIRCUIT,990,588,7,2,393,26,13,6,2,5,964,575,1,388
2016-09-30,NEVADA,NEVADA,NINTH CIRCUIT,2256,1691,49,0,512,70,37,23,0,6,2186,1654,26,506
2016-09-30,NEW HAMPSHIRE,NEW HAMPSHIRE,FIRST CIRCUIT,435,324,4,0,107,24,20,3,0,1,411,304,1,106
2016-09-30,NEW JERSEY,NEW JERSEY,THIRD CIRCUIT,6318,4000,65,0,2253,180,114,51,0,15,6138,3886,14,2238
2016-09-30,NEW MEXICO,NEW MEXICO,TENTH CIRCUIT,839,760,7,0,72,31,24,6,0,1,808,736,1,71
2016-09-30,NEW YORK EASTERN,NEW YORK,SECOND CIRCUIT,3127,2212,50,1,864,118,71,43,1,3,3009,2141,7,861
2016-09-30,NEW YORK NORTHERN,NEW YORK,SECOND CIRCUIT,1495,1159,3,3,330,44,34,3,3,4,1451,1125,0,326
2016-09-30,NEW YORK SOUTHERN,NEW YORK,SECOND CIRCUIT,1797,1262,108,0,414,165,48,100,0,4,1632,1214,8,410
2016-09-30,NEW YORK WESTERN,NEW YORK,SECOND CIRCUIT,977,686,7,0,284,36,22,7,0,7,941,664,0,277
2016-09-30,NORTH CAROLINA EASTERN,NORTH CAROLINA,FOURTH CIRCUIT,1724,552,22,3,1147,48,15,15,3,15,1676,537,7,1132
2016-09-30,NORTH CAROLINA MIDDLE,NORTH CAROLINA,FOURTH CIRCUIT,1055,431,4,0,620,28,21,4,0,3,1027,410,0,617
2016-09-30,NORTH CAROLINA WESTERN,NORTH CAROLINA,FOURTH CIRCUIT,1048,505,12,0,531,39,26,10,0,3,1009,479,2,528
2016-09-30,NORTH DAKOTA,NORTH DAKOTA,EIGHTH CIRCUIT,174,146,1,0,27,7,6,1,0,0,167,140,0,27
2016-09-30,NORTHERN MARIANAS,NORTHERN MARIANA ISLANDS,NINTH CIRCUIT,1,1,0,0,0,0,0,0,0,0,1,1,0,0
2016-09-30,OHIO NORTHERN,OHIO,SIXTH CIRCUIT,4897,3991,10,0,896,73,54,9,0,10,4824,3937,1,886
2016-09-30,OHIO SOUTHERN,OHIO,SIXTH CIRCUIT,4403,2976,3,0,1424,71,52,3,0,16,4332,2924,0,1408
2016-09-30,OKLAHOMA EASTERN,OKLAHOMA,TENTH CIRCUIT,368,329,0,0,38,10,8,0,0,1,358,321,0,37
2016-09-30,OKLAHOMA NORTHERN,OKLAHOMA,TENTH CIRCUIT,651,576,1,0,74,11,10,1,0,0,640,566,0,74
2016-09-30,OKLAHOMA WESTERN,OKLAHOMA,TENTH CIRCUIT,1441,1115,1,0,325,22,21,0,0,1,1419,1094,1,324
2016-09-30,OREGON,OREGON,NINTH CIRCUIT,2224,1721,7,2,493,56,43,6,2,4,2168,1678,1,489
2016-09-30,PENNSYLVANIA EASTERN,PENNSYLVANIA,THIRD CIRCUIT,2300,1173,19,0,1108,81,46,17,0,18,2219,1127,2,1090
2016-09-30,PENNSYLVANIA MIDDLE,PENNSYLVANIA,THIRD CIRCUIT,1354,832,2,0,520,30,22,2,0,6,1324,810,0,514
2016-09-30,PENNSYLVANIA WESTERN,PENNSYLVANIA,THIRD CIRCUIT,1829,1104,29,1,695,70,39,26,1,4,1759,1065,3,691
2016-09-30,PUERTO RICO,PUERTO RICO,FIRST CIRCUIT,2691,1136,50,7,1498,105,27,44,7,27,2586,1109,6,1471
2016-09-30,RHODE ISLAND,RHODE ISLAND,FIRST CIRCUIT,550,407,2,0,141,14,11,2,0,1,536,396,0,140
2016-09-30,SOUTH CAROLINA,SOUTH CAROLINA,FOURTH CIRCUIT,1774,658,12,2,1102,36,20,11,2,3,1738,638,1,1099
2016-09-30,SOUTH DAKOTA,SOUTH DAKOTA,EIGHTH CIRCUIT,249,220,1,1,27,16,10,0,1,5,233,210,1,22
2016-09-30,TENNESSEE EASTERN,TENNESSEE,SIXTH CIRCUIT,2961,1460,8,0,1493,45,34,7,0,4,2916,1426,1,1489
2016-09-30,TENNESSEE MIDDLE,TENNESSEE,SIXTH CIRCUIT,2431,1157,9,0,1265,38,24,7,0,7,2393,1133,2,1258
2016-09-30,TENNESSEE WESTERN,TENNESSEE,SIXTH CIRCUIT,3810,785,8,0,3017,19,8,8,0,3,3791,777,0,3014
2016-09-30,TEXAS EASTERN,TEXAS,FIFTH CIRCUIT,1209,511,13,0,685,85,63,11,0,11,1124,448,2,674
2016-09-30,TEXAS NORTHERN,TEXAS,FIFTH CIRCUIT,3040,1217,34,2,1787,161,114,32,2,13,2879,1103,2,1774
2016-09-30,TEXAS SOUTHERN,TEXAS,FIFTH CIRCUIT,2280,913,58,0,1309,171,101,57,0,13,2109,812,1,1296
2016-09-30,TEXAS WESTERN,TEXAS,FIFTH CIRCUIT,1986,950,55,0,981,168,108,51,0,9,1818,842,4,972
2016-09-30,UTAH,UTAH,TENTH CIRCUIT,2997,1760,8,0,1229,47,32,8,0,7,2950,1728,0,1222
2016-09-30,VERMONT,VERMONT,SECOND CIRCUIT,134,103,0,0,31,9,7,0,0,2,125,96,0,29
2016-09-30,VIRGIN ISLANDS,VIRGIN ISLANDS,THIRD CIRCUIT,4,2,0,0,2,0,0,0,0,0,4,2,0,2
2016-09-30,VIRGINIA EASTERN,VIRGINIA,FOURTH CIRCUIT,4238,2351,15,1,1870,70,51,12,1,5,4168,2300,3,1865
2016-09-30,VIRGINIA WESTERN,VIRGINIA,FOURTH CIRCUIT,1401,849,8,2,542,23,11,6,2,4,1378,838,2,538
2016-09-30,WASHINGTON EASTERN,WASHINGTON,NINTH CIRCUIT,999,750,1,2,246,20,12,1,2,5,979,738,0,241
2016-09-30,WASHINGTON WESTERN,WASHINGTON,NINTH CIRCUIT,2959,2082,18,1,858,79,62,8,1,8,2880,2020,10,850
2016-09-30,WEST VIRGINIA NORTHERN,WEST VIRGINIA,FOURTH CIRCUIT,341,293,5,0,43,11,5,5,0,1,330,288,0,42
2016-09-30,WEST VIRGINIA SOUTHERN,WEST VIRGINIA,FOURTH CIRCUIT,540,475,10,0,55,25,16,9,0,0,515,459,1,55
2016-09-30,WISCONSIN EASTERN,WISCONSIN,SEVENTH CIRCUIT,3048,1932,5,4,1107,59,41,4,4,10,2989,1891,1,1097
2016-09-30,WISCONSIN WESTERN,WISCONSIN,SEVENTH CIRCUIT,1086,864,7,6,209,44,24,6,6,8,1042,840,1,201
2016-09-30,WYOMING,WYOMING,TENTH CIRCUIT,294,261,0,0,33,9,9,0,0,0,285,252,0,33
2016-12-31,ALABAMA MIDDLE,ALABAMA,ELEVENTH CIRCUIT,1997,401,1,1,1594,16,12,1,1,2,1981,389,0,1592
2016-12-31,ALABAMA NORTHERN,ALABAMA,ELEVENTH CIRCUIT,3257,1443,3,2,1809,52,45,3,2,2,3205,1398,0,1807
2016-12-31,ALABAMA SOUTHERN,ALABAMA,ELEVENTH CIRCUIT,1171,282,2,0,887,3,1,2,0,0,1168,281,0,887
2016-12-31,ALASKA,ALASKA,NINTH CIRCUIT,109,86,0,0,23,10,10,0,0,0,99,76,0,23
2016-12-31,ARIZONA,ARIZONA,NINTH CIRCUIT,3501,2792,52,2,655,130,79,38,2,11,3371,2713,14,644
2016-12-31,ARKANSAS EASTERN,ARKANSAS,EIGHTH CIRCUIT,1771,728,2,2,1039,25,18,1,2,4,1746,710,1,1035
2016-12-31,ARKANSAS WESTERN,ARKANSAS,EIGHTH CIRCUIT,794,435,1,4,354,21,13,0,4,4,773,422,1,350
2016-12-31,CALIFORNIA CENTRAL,CALIFORNIA,NINTH CIRCUIT,9527,6918,100,1,2508,431,330,66,1,34,9096,6588,34,2474
2016-12-31,CALIFORNIA EASTERN,CALIFORNIA,NINTH CIRCUIT,3546,2696,13,7,830,106,73,6,7,20,3440,2623,7,810
2016-12-31,CALIFORNIA NORTHERN,CALIFORNIA,NINTH CIRCUIT,2336,1216,51,0,1067,128,71,29,0,26,2208,1145,22,1041
2016-12-31,CALIFORNIA SOUTHERN,CALIFORNIA,NINTH CIRCUIT,1929,1536,12,0,381,79,66,7,0,6,1850,1470,5,375
2016-12-31,COLORADO,COLORADO,TENTH CIRCUIT,2938,2261,24,0,653,88,59,23,0,6,2850,2202,1,647
2016-12-31,CONNECTICUT,CONNECTICUT,SECOND CIRCUIT,1340,1066,12,0,261,42,28,12,0,1,1298,1038,0,260
2016-12-31,DELAWARE,DELAWARE,THIRD CIRCUIT,726,356,138,0,217,165,12,138,0,0,561,344,0,217
2016-12-31,DISTRICT OF COLUMBIA,DISTRICT OF COLUMBIA,DC CIRCUIT,172,115,2,0,55,8,5,2,0,1,164,110,0,54
2016-12-31,FLORIDA MIDDLE,FLORIDA,ELEVENTH CIRCUIT,5663,3992,55,2,1614,230,177,34,2,17,5433,3815,21,1597
2016-12-31,FLORIDA NORTHERN,FLORIDA,ELEVENTH CIRCUIT,623,484,9,0,130,28,16,9,0,3,595,468,0,127
2016-12-31,FLORIDA SOUTHERN,FLORIDA,ELEVENTH CIRCUIT,3918,2018,51,0,1843,147,86,48,0,7,3771,1932,3,1836
2016-12-31,GEORGIA MIDDLE,GEORGIA,ELEVENTH CIRCUIT,2091,548,6,3,1534,47,29,6,3,9,2044,519,0,1525
2016-12-31,GEORGIA NORTHERN,GEORGIA,ELEVENTH CIRCUIT,8106,4054,25,0,4027,156,116,25,0,15,7950,3938,0,4012
2016-12-31,GEORGIA SOUTHERN,GEORGIA,ELEVENTH CIRCUIT,1705,322,3,1,1379,31,25,2,1,3,1674,297,1,1376
2016-12-31,GUAM,GUAM,NINTH CIRCUIT,35,27,0,0,8,1,1,0,0,0,34,26,0,8
2016-12-31,HAWAII,HAWAII,NINTH CIRCUIT,342,209,1,0,132,8,7,1,0,0,334,202,0,132
2016-12-31,IDAHO,IDAHO,NINTH CIRCUIT,845,755,2,4,84,26,19,2,4,1,819,736,0,83
2016-12-31,ILLINOIS CENTRAL,ILLINOIS,SEVENTH CIRCUIT,1169,928,2,2,237,37,27,1,2,7,1132,901,1,230
2016-12-31,ILLINOIS NORTHERN,ILLINOIS,SEVENTH CIRCUIT,10364,5540,45,1,4778,182,129,40,1,12,10182,5411,5,4766
2016-12-31,ILLINOIS SOUTHERN,ILLINOIS,SEVENTH CIRCUIT,832,539,4,1,288,21,13,4,1,3,811,526,0,285
2016-12-31,INDIANA NORTHERN,INDIANA,SEVENTH CIRCUIT,2108,1431,8,0,669,32,27,5,0,0,2076,1404,3,669
2016-12-31,INDIANA SOUTHERN,INDIANA,SEVENTH CIRCUIT,2977,1751,6,3,1217,56,44,5,3,4,2921,1707,1,1213
2016-12-31,IOWA NORTHERN,IOWA,EIGHTH CIRCUIT,377,339,0,0,38,15,15,0,0,0,362,324,0,38
2016-12-31,IOWA SOUTHERN,IOWA,EIGHTH CIRCUIT,586,515,2,0,69,17,14,2,0,1,569,501,0,68
2016-12-31,KANSAS,KANSAS,TENTH CIRCUIT,1618,854,5,4,755,44,33,3,4,4,1574,821,2,751
2016-12-31,KENTUCKY EASTERN,KENTUCKY,SIXTH CIRCUIT,1828,1238,3,0,587,24,18,2,0,4,1804,1220,1,583
2016-12-31,KENTUCKY WESTERN,KENTUCKY,SIXTH CIRCUIT,1595,1001,2,0,592,23,19,2,0,2,1572,982,0,590
2016-12-31,LOUISIANA EASTERN,LOUISIANA,FIFTH CIRCUIT,760,327,10,0,423,36,24,10,0,2,724,303,0,421
2016-12-31,LOUISIANA MIDDLE,LOUISIANA,FIFTH CIRCUIT,262,148,0,0,114,9,8,0,0,1,253,140,0,113
2016-12-31,LOUISIANA WESTERN,LOUISIANA,FIFTH CIRCUIT,2091,359,10,7,1715,39,21,7,7,4,2052,338,3,1711
2016-12-31,MAINE,MAINE,FIRST CIRCUIT,327,266,3,2,56,22,13,3,2,4,305,253,0,52
2016-12-31,MARYLAND,MARYLAND,FOURTH CIRCUIT,3914,2577,32,0,1305,110,76,27,0,7,3804,2501,5,1298
2016-12-31,MASSACHUSETTS,MASSACHUSETTS,FIRST CIRCUIT,1977,1350,25,3,599,94,66,20,3,5,1883,1284,5,594
2016-12-31,MICHIGAN EASTERN,MICHIGAN,SIXTH CIRCUIT,5281,3960,22,2,1297,81,49,20,2,10,5200,3911,2,1287
2016-12-31,MICHIGAN WESTERN,MICHIGAN,SIXTH CIRCUIT,1522,1190,5,0,327,41,30,5,0,6,1481,1160,0,321
2016-12-31,MINNESOTA,MINNESOTA,EIGHTH CIRCUIT,2270,1882,13,3,372,87,67,13,3,4,2183,1815,0,368
2016-12-31,MISSISSIPPI NORTHERN,MISSISSIPPI,FIFTH CIRCUIT,1093,416,9,0,668,26,11,9,0,6,1067,405,0,662
2016-12-31,MISSISSIPPI SOUTHERN,MISSISSIPPI,FIFTH CIRCUIT,1546,759,9,0,778,30,15,9,0,6,1516,744,0,772
2016-12-31,MISSOURI EASTERN,MISSOURI,EIGHTH CIRCUIT,2473,1600,4,0,869,30,23,3,0,4,2443,1577,1,865
2016-12-31,MISSOURI WESTERN,MISSOURI,EIGHTH CIRCUIT,1726,1118,9,2,597,44,26,9,2,7,1682,1092,0,590
2016-12-31,MONTANA,MONTANA,NINTH CIRCUIT,282,223,4,1,54,19,13,4,1,1,263,210,0,53
2016-12-31,NEBRASKA,NEBRASKA,EIGHTH CIRCUIT,978,621,2,2,351,29,17,2,2,6,949,604,0,345
2016-12-31,NEVADA,NEVADA,NINTH CIRCUIT,1948,1447,54,0,446,66,43,20,0,2,1882,1404,34,444
2016-12-31,NEW HAMPSHIRE,NEW HAMPSHIRE,FIRST CIRCUIT,411,311,4,0,96,18,14,4,0,0,393,297,0,96
2016-12-31,NEW JERSEY,NEW JERSEY,THIRD CIRCUIT,6115,3929,67,1,2118,184,119,52,1,12,5931,3810,15,2106
2016-12-31,NEW MEXICO,NEW MEXICO,TENTH CIRCUIT,774,692,9,0,73,42,31,8,0,3,732,661,1,70
2016-12-31,NEW YORK EASTERN,NEW YORK,SECOND CIRCUIT,2982,2116,53,0,813,143,99,44,0,0,2839,2017,9,813
2016-12-31,NEW YORK NORTHERN,NEW YORK,SECOND CIRCUIT,1325,989,26,1,309,59,30,26,1,2,1266,959,0,307
2016-12-31,NEW YORK SOUTHERN,NEW YORK,SECOND CIRCUIT,1866,1302,125,0,410,217,64,117,0,7,1649,1238,8,403
2016-12-31,NEW YORK WESTERN,NEW YORK,SECOND CIRCUIT,979,619,13,1,346,55,27,13,1,14,924,592,0,332
2016-12-31,NORTH CAROLINA EASTERN,NORTH CAROLINA,FOURTH CIRCUIT,1511,473,9,1,1028,41,28,7,1,5,1470,445,2,1023
2016-12-31,NORTH CAROLINA MIDDLE,NORTH CAROLINA,FOURTH CIRCUIT,941,364,2,3,572,18,11,2,3,2,923,353,0,570
2016-12-31,NORTH CAROLINA WESTERN,NORTH CAROLINA,FOURTH CIRCUIT,962,474,6,0,482,28,20,6,0,2,934,454,0,480
2016-12-31,NORTH DAKOTA,NORTH DAKOTA,EIGHTH CIRCUIT,186,157,1,2,26,12,8,1,2,1,174,149,0,25
2016-12-31,NORTHERN MARIANAS,NORTHERN MARIANA ISLANDS,NINTH CIRCUIT,0,0,0,0,0,0,0,0,0,0,0,0,0,0
2016-12-31,OHIO NORTHERN,OHIO,SIXTH CIRCUIT,4513,3606,4,1,902,86,72,4,1,9,4427,3534,0,893
2016-12-31,OHIO SOUTHERN,OHIO,SIXTH CIRCUIT,3929,2620,5,0,1304,81,64,5,0,12,3848,2556,0,1292
2016-12-31,OKLAHOMA EASTERN,OKLAHOMA,TENTH CIRCUIT,334,296,0,0,38,11,11,0,0,0,323,285,0,38
2016-12-31,OKLAHOMA NORTHERN,OKLAHOMA,TENTH CIRCUIT,519,462,1,0,56,19,18,1,0,0,500,444,0,56
2016-12-31,OKLAHOMA WESTERN,OKLAHOMA,TENTH CIRCUIT,1223,934,3,1,285,28,23,2,1,2,1195,911,1,283
2016-12-31,OREGON,OREGON,NINTH CIRCUIT,2053,1566,5,1,481,45,37,4,1,3,2008,1529,1,478
2016-12-31,PENNSYLVANIA EASTERN,PENNSYLVANIA,THIRD CIRCUIT,2071,1060,19,0,992,84,61,17,0,6,1987,999,2,986
2016-12-31,PENNSYLVANIA MIDDLE,PENNSYLVANIA,THIRD CIRCUIT,1192,748,3,0,441,33,21,3,0,9,1159,727,0,432
2016-12-31,PENNSYLVANIA WESTERN,PENNSYLVANIA,THIRD CIRCUIT,1636,1051,22,0,563,54,32,18,0,4,1582,1019,4,559
2016-12-31,PUERTO RICO,PUERTO RICO,FIRST CIRCUIT,2347,975,42,4,1326,82,30,34,4,14,2265,945,8,1312
2016-12-31,RHODE ISLAND,RHODE ISLAND,FIRST CIRCUIT,514,387,5,0,122,19,13,4,0,2,495,374,1,120
2016-12-31,SOUTH CAROLINA,SOUTH CAROLINA,FOURTH CIRCUIT,1565,653,6,0,906,45,35,3,0,7,1520,618,3,899
2016-12-31,SOUTH DAKOTA,SOUTH DAKOTA,EIGHTH CIRCUIT,243,207,0,4,32,10,4,0,4,2,233,203,0,30
2016-12-31,TENNESSEE EASTERN,TENNESSEE,SIXTH CIRCUIT,2740,1465,8,0,1267,37,28,6,0,3,2703,1437,2,1264
2016-12-31,TENNESSEE MIDDLE,TENNESSEE,SIXTH CIRCUIT,2161,985,14,0,1162,36,23,10,0,3,2125,962,4,1159
2016-12-31,TENNESSEE WESTERN,TENNESSEE,SIXTH CIRCUIT,3543,772,11,0,2760,28,14,10,0,4,3515,758,1,2756
2016-12-31,TEXAS EASTERN,TEXAS,FIFTH CIRCUIT,1208,483,22,2,701,74,41,20,2,11,1134,442,2,690
2016-12-31,TEXAS NORTHERN,TEXAS,FIFTH CIRCUIT,2779,1120,65,3,1591,190,111,63,3,13,2589,1009,2,1578
2016-12-31,TEXAS SOUTHERN,TEXAS,FIFTH CIRCUIT,2433,839,36,1,1556,159,106,34,1,17,2274,733,2,1539
2016-12-31,TEXAS WESTERN,TEXAS,FIFTH CIRCUIT,2073,943,24,1,1105,131,93,23,1,14,1942,850,1,1091
2016-12-31,UTAH,UTAH,TENTH CIRCUIT,2742,1502,6,0,1234,39,26,5,0,8,2703,1476,1,1226
2016-12-31,VERMONT,VERMONT,SECOND CIRCUIT,134,107,3,2,22,10,4,3,2,1,124,103,0,21
2016-12-31,VIRGIN ISLANDS,VIRGIN ISLANDS,THIRD CIRCUIT,4,1,0,0,3,1,0,0,0,1,3,1,0,2
2016-12-31,VIRGINIA EASTERN,VIRGINIA,FOURTH CIRCUIT,3997,2232,25,4,1736,98,67,20,4,7,3899,2165,5,1729
2016-12-31,VIRGINIA WESTERN,VIRGINIA,FOURTH CIRCUIT,1260,737,3,1,519,22,16,3,1,2,1238,721,0,517
2016-12-31,WASHINGTON EASTERN,WASHINGTON,NINTH CIRCUIT,915,706,4,1,204,21,15,3,1,2,894,691,1,202
2016-12-31,WASHINGTON WESTERN,WASHINGTON,NINTH CIRCUIT,2714,1925,26,1,761,92,59,22,1,9,2622,1866,4,752
2016-12-31,WEST VIRGINIA NORTHERN,WEST VIRGINIA,FOURTH CIRCUIT,304,253,3,0,48,17,10,3,0,4,287,243,0,44
2016-12-31,WEST VIRGINIA SOUTHERN,WEST VIRGINIA,FOURTH CIRCUIT,455,403,4,0,48,14,9,3,0,2,441,394,1,46
2016-12-31,WISCONSIN EASTERN,WISCONSIN,SEVENTH CIRCUIT,2800,1752,2,3,1043,42,30,1,3,8,2758,1722,1,1035
2016-12-31,WISCONSIN WESTERN,WISCONSIN,SEVENTH CIRCUIT,1005,835,3,4,163,42,27,3,4,8,963,808,0,155
2016-12-31,WYOMING,WYOMING,TENTH CIRCUIT,215,186,0,0,29,7,7,0,0,0,208,179,0,29
2017-03-31,ALABAMA MIDDLE,ALABAMA,ELEVENTH CIRCUIT,2152,568,4,0,1580,26,21,4,0,1,2126,547,0,1579
2017-03-31,ALABAMA NORTHERN,ALABAMA,ELEVENTH CIRCUIT,3715,1851,9,2,1853,38,26,9,2,1,3677,1825,0,1852
2017-03-31,ALABAMA SOUTHERN,ALABAMA,ELEVENTH CIRCUIT,1211,364,1,0,846,5,4,1,0,0,1206,360,0,846
2017-03-31,ALASKA,ALASKA,NINTH CIRCUIT,124,96,1,3,24,15,10,1,3,1,109,86,0,23
2017-03-31,ARIZONA,ARIZONA,NINTH CIRCUIT,3546,2779,48,2,717,105,61,32,2,10,3441,2718,16,707
2017-03-31,ARKANSAS EASTERN,ARKANSAS,EIGHTH CIRCUIT,1952,894,3,1,1054,29,20,3,1,5,1923,874,0,1049
2017-03-31,ARKANSAS WESTERN,ARKANSAS,EIGHTH CIRCUIT,867,504,2,2,359,27,15,2,2,8,840,489,0,351
2017-03-31,CALIFORNIA CENTRAL,CALIFORNIA,NINTH CIRCUIT,9816,7125,87,1,2603,365,292,50,1,22,9451,6833,37,2581
2017-03-31,CALIFORNIA EASTERN,CALIFORNIA,NINTH CIRCUIT,4005,2986,24,7,988,127,83,19,7,18,3878,2903,5,970
2017-03-31,CALIFORNIA NORTHERN,CALIFORNIA,NINTH CIRCUIT,2358,1226,43,2,1086,135,82,23,2,27,2223,1144,20,1059
2017-03-31,CALIFORNIA SOUTHERN,CALIFORNIA,NINTH CIRCUIT,2062,1631,10,1,420,69,61,2,1,5,1993,1570,8,415
2017-03-31,COLORADO,COLORADO,TENTH CIRCUIT,3038,2320,19,0,699,91,69,18,0,4,2947,2251,1,695
2017-03-31,CONNECTICUT,CONNECTICUT,SECOND CIRCUIT,1335,1049,11,0,275,42,30,10,0,2,1293,1019,1,273
2017-03-31,DELAWARE,DELAWARE,THIRD CIRCUIT,740,418,84,0,233,120,29,84,0,2,620,389,0,231
2017-03-31,DISTRICT OF COLUMBIA,DISTRICT OF COLUMBIA,DC CIRCUIT,183,117,8,0,58,11,3,7,0,1,172,114,1,57
2017-03-31,FLORIDA MIDDLE,FLORIDA,ELEVENTH CIRCUIT,6244,4263,74,3,1904,253,167,55,3,28,5991,4096,19,1876
2017-03-31,FLORIDA NORTHERN,FLORIDA,ELEVENTH CIRCUIT,645,505,8,1,131,27,19,7,1,0,618,486,1,131
2017-03-31,FLORIDA SOUTHERN,FLORIDA,ELEVENTH CIRCUIT,4355,2221,53,0,2081,129,81,40,0,8,4226,2140,13,2073
2017-03-31,GEORGIA MIDDLE,GEORGIA,ELEVENTH CIRCUIT,2156,793,5,3,1355,33,19,4,3,7,2123,774,1,1348
2017-03-31,GEORGIA NORTHERN,GEORGIA,ELEVENTH CIRCUIT,8275,4597,30,1,3647,150,110,30,1,9,8125,4487,0,3638
2017-03-31,GEORGIA SOUTHERN,GEORGIA,ELEVENTH CIRCUIT,1697,426,7,3,1261,32,23,5,3,1,1665,403,2,1260
2017-03-31,GUAM,GUAM,NINTH CIRCUIT,38,30,0,0,8,1,1,0,0,0,37,29,0,8
2017-03-31,HAWAII,HAWAII,NINTH CIRCUIT,339,234,1,1,103,7,4,1,1,1,332,230,0,102
2017-03-31,IDAHO,IDAHO,NINTH CIRCUIT,862,734,2,2,124,29,25,2,2,0,833,709,0,124
2017-03-31,ILLINOIS CENTRAL,ILLINOIS,SEVENTH CIRCUIT,1378,1110,3,1,264,23,15,3,1,4,1355,1095,0,260
2017-03-31,ILLINOIS NORTHERN,ILLINOIS,SEVENTH CIRCUIT,11478,6138,30,0,5310,175,131,27,0,17,11303,6007,3,5293
2017-03-31,ILLINOIS SOUTHERN,ILLINOIS,SEVENTH CIRCUIT,946,632,0,2,312,17,12,0,2,3,929,620,0,309
2017-03-31,INDIANA NORTHERN,INDIANA,SEVENTH CIRCUIT,2254,1582,4,0,668,27,20,4,0,3,2227,1562,0,665
2017-03-31,INDIANA SOUTHERN,INDIANA,SEVENTH CIRCUIT,3451,2259,18,4,1170,71,46,18,4,3,3380,2213,0,1167
2017-03-31,IOWA NORTHERN,IOWA,EIGHTH CIRCUIT,352,319,1,0,32,13,12,1,0,0,339,307,0,32
2017-03-31,IOWA SOUTHERN,IOWA,EIGHTH CIRCUIT,597,518,2,1,76,24,21,2,1,0,573,497,0,76
2017-03-31,KANSAS,KANSAS,TENTH CIRCUIT,1422,776,14,6,626,49,24,14,6,5,1373,752,0,621
2017-03-31,KENTUCKY EASTERN,KENTUCKY,SIXTH CIRCUIT,2213,1596,2,1,614,23,15,1,1,6,2190,1581,1,608
2017-03-31,KENTUCKY WESTERN,KENTUCKY,SIXTH CIRCUIT,2159,1430,2,5,722,36,26,2,5,3,2123,1404,0,719
2017-03-31,LOUISIANA EASTERN,LOUISIANA,FIFTH CIRCUIT,852,391,7,0,454,40,29,6,0,5,812,362,1,449
2017-03-31,LOUISIANA MIDDLE,LOUISIANA,FIFTH CIRCUIT,311,153,3,0,155,6,3,3,0,0,305,150,0,155
2017-03-31,LOUISIANA WESTERN,LOUISIANA,FIFTH CIRCUIT,2174,424,5,4,1741,34,23,3,4,4,2140,401,2,1737
2017-03-31,MAINE,MAINE,FIRST CIRCUIT,304,244,0,0,60,17,15,0,0,2,287,229,0,58
2017-03-31,MARYLAND,MARYLAND,FOURTH CIRCUIT,4635,3104,20,1,1510,83,54,14,1,14,4552,3050,6,1496
2017-03-31,MASSACHUSETTS,MASSACHUSETTS,FIRST CIRCUIT,2075,1357,24,1,693,73,48,16,1,8,2002,1309,8,685
2017-03-31,MICHIGAN EASTERN,MICHIGAN,SIXTH CIRCUIT,6666,5127,20,1,1518,99,72,17,1,9,6567,5055,3,1509
2017-03-31,MICHIGAN WESTERN,MICHIGAN,SIXTH CIRCUIT,1781,1428,4,1,348,44,35,3,1,5,1737,1393,1,343
2017-03-31,MINNESOTA,MINNESOTA,EIGHTH CIRCUIT,2437,2010,13,3,411,73,51,13,3,6,2364,1959,0,405
2017-03-31,MISSISSIPPI NORTHERN,MISSISSIPPI,FIFTH CIRCUIT,1256,545,3,2,706,19,10,3,2,4,1237,535,0,702
2017-03-31,MISSISSIPPI SOUTHERN,MISSISSIPPI,FIFTH CIRCUIT,1941,1022,8,0,911,41,30,8,0,3,1900,992,0,908
2017-03-31,MISSOURI EASTERN,MISSOURI,EIGHTH CIRCUIT,2646,1704,3,0,939,42,33,2,0,7,2604,1671,1,932
2017-03-31,MISSOURI WESTERN,MISSOURI,EIGHTH CIRCUIT,1949,1307,5,1,636,39,27,4,1,7,1910,1280,1,629
2017-03-31,MONTANA,MONTANA,NINTH CIRCUIT,312,255,2,3,52,17,10,2,3,2,295,245,0,50
2017-03-31,NEBRASKA,NEBRASKA,EIGHTH CIRCUIT,966,619,12,3,332,30,13,11,3,3,936,606,1,329
2017-03-31,NEVADA,NEVADA,NINTH CIRCUIT,2187,1625,49,0,512,80,47,29,0,3,2107,1578,20,509
2017-03-31,NEW HAMPSHIRE,NEW HAMPSHIRE,FIRST CIRCUIT,485,340,6,0,139,21,15,6,0,0,464,325,0,139
2017-03-31,NEW JERSEY,NEW JERSEY,THIRD CIRCUIT,6847,4386,68,1,2392,188,120,52,1,15,6659,4266,16,2377
2017-03-31,NEW MEXICO,NEW MEXICO,TENTH CIRCUIT,840,751,11,2,76,31,20,9,2,0,809,731,2,76
2017-03-31,NEW YORK EASTERN,NEW YORK,SECOND CIRCUIT,3583,2264,82,0,1237,146,78,68,0,0,3437,2186,14,1237
2017-03-31,NEW YORK NORTHERN,NEW YORK,SECOND CIRCUIT,1518,1165,5,1,347,43,28,4,1,10,1475,1137,1,337
2017-03-31,NEW YORK SOUTHERN,NEW YORK,SECOND CIRCUIT,1930,1252,223,1,447,281,47,217,1,9,1649,1205,6,438
2017-03-31,NEW YORK WESTERN,NEW YORK,SECOND CIRCUIT,1009,700,7,2,300,48,36,7,2,3,961,664,0,297
2017-03-31,NORTH CAROLINA EASTERN,NORTH CAROLINA,FOURTH CIRCUIT,1598,554,31,0,1013,57,24,26,0,7,1541,530,5,1006
2017-03-31,NORTH CAROLINA MIDDLE,NORTH CAROLINA,FOURTH CIRCUIT,1047,437,10,1,599,31,17,10,1,3,1016,420,0,596
2017-03-31,NORTH CAROLINA WESTERN,NORTH CAROLINA,FOURTH CIRCUIT,1048,542,9,3,494,31,17,8,3,3,1017,525,1,491
2017-03-31,NORTH DAKOTA,NORTH DAKOTA,EIGHTH CIRCUIT,189,167,1,0,21,9,5,1,0,3,180,162,0,18
2017-03-31,NORTHERN MARIANAS,NORTHERN MARIANA ISLANDS,NINTH CIRCUIT,1,0,1,0,0,1,0,1,0,0,0,0,0,0
2017-03-31,OHIO NORTHERN,OHIO,SIXTH CIRCUIT,4984,3970,9,2,1003,89,69,8,2,10,4895,3901,1,993
2017-03-31,OHIO SOUTHERN,OHIO,SIXTH CIRCUIT,4359,2987,4,0,1368,76,62,3,0,11,4283,2925,1,1357
2017-03-31,OKLAHOMA EASTERN,OKLAHOMA,TENTH CIRCUIT,355,316,0,0,38,9,8,0,0,0,346,308,0,38
2017-03-31,OKLAHOMA NORTHERN,OKLAHOMA,TENTH CIRCUIT,619,548,1,0,70,12,11,1,0,0,607,537,0,70
2017-03-31,OKLAHOMA WESTERN,OKLAHOMA,TENTH CIRCUIT,1279,1008,4,0,267,32,28,3,0,1,1247,980,1,266
2017-03-31,OREGON,OREGON,NINTH CIRCUIT,2301,1792,5,5,499,50,34,5,5,6,2251,1758,0,493
2017-03-31,PENNSYLVANIA EASTERN,PENNSYLVANIA,THIRD CIRCUIT,2353,1220,18,0,1115,77,50,16,0,11,2276,1170,2,1104
2017-03-31,PENNSYLVANIA MIDDLE,PENNSYLVANIA,THIRD CIRCUIT,1376,851,14,0,511,44,19,14,0,11,1332,832,0,500
2017-03-31,PENNSYLVANIA WESTERN,PENNSYLVANIA,THIRD CIRCUIT,2066,1379,18,3,666,62,38,14,3,7,2004,1341,4,659
2017-03-31,PUERTO RICO,PUERTO RICO,FIRST CIRCUIT,2399,1047,47,6,1299,81,17,37,6,21,2318,1030,10,1278
2017-03-31,RHODE ISLAND,RHODE ISLAND,FIRST CIRCUIT,551,438,4,0,109,17,11,4,0,2,534,427,0,107
2017-03-31,SOUTH CAROLINA,SOUTH CAROLINA,FOURTH CIRCUIT,1638,679,11,1,947,42,30,9,1,2,1596,649,2,945
2017-03-31,SOUTH DAKOTA,SOUTH DAKOTA,EIGHTH CIRCUIT,211,182,1,1,27,7,3,1,1,2,204,179,0,25
2017-03-31,TENNESSEE EASTERN,TENNESSEE,SIXTH CIRCUIT,3104,1792,12,1,1299,40,25,11,1,3,3064,1767,1,1296
2017-03-31,TENNESSEE MIDDLE,TENNESSEE,SIXTH CIRCUIT,2374,1267,12,1,1094,43,29,8,1,5,2331,1238,4,1089
2017-03-31,TENNESSEE WESTERN,TENNESSEE,SIXTH CIRCUIT,3705,997,7,0,2701,20,11,5,0,4,3685,986,2,2697
2017-03-31,TEXAS EASTERN,TEXAS,FIFTH CIRCUIT,1335,590,33,0,711,107,68,31,0,7,1228,522,2,704
2017-03-31,TEXAS NORTHERN,TEXAS,FIFTH CIRCUIT,3043,1362,53,0,1627,206,142,50,0,13,2837,1220,3,1614
2017-03-31,TEXAS SOUTHERN,TEXAS,FIFTH CIRCUIT,2596,914,119,0,1562,228,95,118,0,14,2368,819,1,1548
2017-03-31,TEXAS WESTERN,TEXAS,FIFTH CIRCUIT,1938,962,18,1,957,111,78,18,1,14,1827,884,0,943
2017-03-31,UTAH,UTAH,TENTH CIRCUIT,2756,1555,8,0,1193,53,35,7,0,11,2703,1520,1,1182
2017-03-31,VERMONT,VERMONT,SECOND CIRCUIT,117,89,0,1,27,8,6,0,1,1,109,83,0,26
2017-03-31,VIRGIN ISLANDS,VIRGIN ISLANDS,THIRD CIRCUIT,3,0,1,0,2,1,0,1,0,0,2,0,0,2
2017-03-31,VIRGINIA EASTERN,VIRGINIA,FOURTH CIRCUIT,4539,2599,12,2,1926,78,62,8,2,6,4461,2537,4,1920
2017-03-31,VIRGINIA WESTERN,VIRGINIA,FOURTH CIRCUIT,1437,872,5,1,559,28,16,4,1,7,1409,856,1,552
2017-03-31,WASHINGTON EASTERN,WASHINGTON,NINTH CIRCUIT,1053,817,4,0,232,20,16,3,0,1,1033,801,1,231
2017-03-31,WASHINGTON WESTERN,WASHINGTON,NINTH CIRCUIT,2979,2124,16,2,837,87,64,10,2,11,2892,2060,6,826
2017-03-31,WEST VIRGINIA NORTHERN,WEST VIRGINIA,FOURTH CIRCUIT,367,312,4,0,51,14,10,4,0,0,353,302,0,51
2017-03-31,WEST VIRGINIA SOUTHERN,WEST VIRGINIA,FOURTH CIRCUIT,540,470,7,0,63,20,10,7,0,3,520,460,0,60
2017-03-31,WISCONSIN EASTERN,WISCONSIN,SEVENTH CIRCUIT,2937,2006,1,1,929,48,36,1,1,10,2889,1970,0,919
2017-03-31,WISCONSIN WESTERN,WISCONSIN,SEVENTH CIRCUIT,1131,952,8,4,167,47,30,8,4,5,1084,922,0,162
2017-03-31,WYOMING,WYOMING,TENTH CIRCUIT,234,210,3,0,20,10,7,2,0,0,224,203,1,20
2017-06-30,ALABAMA MIDDLE,ALABAMA,ELEVENTH CIRCUIT,1965,451,6,0,1508,21,14,5,0,2,1944,437,1,1506
2017-06-30,ALABAMA NORTHERN,ALABAMA,ELEVENTH CIRCUIT,3559,1744,9,3,1803,41,26,7,3,5,3518,1718,2,1798
2017-06-30,ALABAMA SOUTHERN,ALABAMA,ELEVENTH CIRCUIT,1274,409,7,0,858,13,8,5,0,0,1261,401,2,858
2017-06-30,ALASKA,ALASKA,NINTH CIRCUIT,130,106,2,0,22,8,5,2,0,1,122,101,0,21
2017-06-30,ARIZONA,ARIZONA,NINTH CIRCUIT,4467,3731,50,2,684,151,108,36,2,5,4316,3623,14,679
2017-06-30,ARKANSAS EASTERN,ARKANSAS,EIGHTH CIRCUIT,1855,876,1,1,977,27,22,1,1,3,1828,854,0,974
2017-06-30,ARKANSAS WESTERN,ARKANSAS,EIGHTH CIRCUIT,877,517,5,1,354,30,23,4,1,2,847,494,1,352
2017-06-30,CALIFORNIA CENTRAL,CALIFORNIA,NINTH CIRCUIT,10214,7649,133,1,2430,464,338,90,1,34,9750,7311,43,2396
2017-06-30,CALIFORNIA EASTERN,CALIFORNIA,NINTH CIRCUIT,4136,3188,22,2,924,145,94,21,2,28,3991,3094,1,896
2017-06-30,CALIFORNIA NORTHERN,CALIFORNIA,NINTH CIRCUIT,2405,1356,46,1,1002,151,107,31,1,12,2254,1249,15,990
2017-06-30,CALIFORNIA SOUTHERN,CALIFORNIA,NINTH CIRCUIT,2134,1717,8,0,409,81,66,5,0,10,2053,1651,3,399
2017-06-30,COLORADO,COLORADO,TENTH CIRCUIT,3346,2643,23,1,679,110,76,22,1,11,3236,2567,1,668
2017-06-30,CONNECTICUT,CONNECTICUT,SECOND CIRCUIT,1509,1223,10,0,276,41,32,7,0,2,1468,1191,3,274
2017-06-30,DELAWARE,DELAWARE,THIRD CIRCUIT,749,383,140,0,226,157,15,140,0,2,592,368,0,224
2017-06-30,DISTRICT OF COLUMBIA,DISTRICT OF COLUMBIA,DC CIRCUIT,196,136,6,0,54,7,2,4,0,1,189,134,2,53
2017-06-30,FLORIDA MIDDLE,FLORIDA,ELEVENTH CIRCUIT,6816,4767,89,2,1958,273,186,71,2,14,6543,4581,18,1944
2017-06-30,FLORIDA NORTHERN,FLORIDA,ELEVENTH CIRCUIT,612,494,7,0,111,18,11,6,0,1,594,483,1,110
2017-06-30,FLORIDA SOUTHERN,FLORIDA,ELEVENTH CIRCUIT,4493,2301,56,1,2133,152,97,38,1,14,4341,2204,18,2119
2017-06-30,GEORGIA MIDDLE,GEORGIA,ELEVENTH CIRCUIT,2098,664,18,10,1406,71,32,18,10,11,2027,632,0,1395
2017-06-30,GEORGIA NORTHERN,GEORGIA,ELEVENTH CIRCUIT,7806,4070,32,4,3700,133,93,30,4,6,7673,3977,2,3694
2017-06-30,GEORGIA SOUTHERN,GEORGIA,ELEVENTH CIRCUIT,1722,390,2,4,1326,18,8,1,4,5,1704,382,1,1321
2017-06-30,GUAM,GUAM,NINTH CIRCUIT,29,20,0,0,9,4,1,0,0,3,25,19,0,6
2017-06-30,HAWAII,HAWAII,NINTH CIRCUIT,327,226,3,0,98,11,8,2,0,1,316,218,1,97
2017-06-30,IDAHO,IDAHO,NINTH CIRCUIT,1101,984,6,1,110,34,26,5,1,2,1067,958,1,108
2017-06-30,ILLINOIS CENTRAL,ILLINOIS,SEVENTH CIRCUIT,1431,1152,5,0,274,29,20,5,0,4,1402,1132,0,270
2017-06-30,ILLINOIS NORTHERN,ILLINOIS,SEVENTH CIRCUIT,10579,6026,47,0,4506,219,158,43,0,18,10360,5868,4,4488
2017-06-30,ILLINOIS SOUTHERN,ILLINOIS,SEVENTH CIRCUIT,986,693,7,1,285,28,18,7,1,2,958,675,0,283
2017-06-30,INDIANA NORTHERN,INDIANA,SEVENTH CIRCUIT,2716,1924,3,0,789,19,14,3,0,2,2697,1910,0,787
2017-06-30,INDIANA SOUTHERN,INDIANA,SEVENTH CIRCUIT,3919,2738,5,2,1174,47,38,4,2,3,3872,2700,1,1171
2017-06-30,IOWA NORTHERN,IOWA,EIGHTH CIRCUIT,481,432,7,8,34,31,15,7,8,1,450,417,0,33
2017-06-30,IOWA SOUTHERN,IOWA,EIGHTH CIRCUIT,760,671,2,0,87,22,19,2,0,1,738,652,0,86
2017-06-30,KANSAS,KANSAS,TENTH CIRCUIT,1921,1152,11,9,749,46,21,10,9,6,1875,1131,1,743
2017-06-30,KENTUCKY EASTERN,KENTUCKY,SIXTH CIRCUIT,2068,1459,3,4,602,28,18,2,4,4,2040,1441,1,598
2017-06-30,KENTUCKY WESTERN,KENTUCKY,SIXTH CIRCUIT,1851,1290,1,3,557,26,20,1,3,2,1825,1270,0,555
2017-06-30,LOUISIANA EASTERN,LOUISIANA,FIFTH CIRCUIT,921,438,14,0,469,43,25,14,0,4,878,413,0,465
2017-06-30,LOUISIANA MIDDLE,LOUISIANA,FIFTH CIRCUIT,357,179,2,1,175,12,9,2,1,0,345,170,0,175
2017-06-30,LOUISIANA WESTERN,LOUISIANA,FIFTH CIRCUIT,2148,507,29,6,1606,56,19,29,6,2,2092,488,0,1604
2017-06-30,MAINE,MAINE,FIRST CIRCUIT,426,362,2,1,61,29,20,2,1,6,397,342,0,55
2017-06-30,MARYLAND,MARYLAND,FOURTH CIRCUIT,4554,3105,30,0,1419,82,48,25,0,9,4472,3057,5,1410
2017-06-30,MASSACHUSETTS,MASSACHUSETTS,FIRST CIRCUIT,2370,1572,28,3,766,98,62,22,3,10,2272,1510,6,756
2017-06-30,MICHIGAN EASTERN,MICHIGAN,SIXTH CIRCUIT,6482,5089,14,6,1372,66,41,12,6,6,6416,5048,2,1366
2017-06-30,MICHIGAN WESTERN,MICHIGAN,SIXTH CIRCUIT,1704,1368,2,2,332,42,33,1,2,6,1662,1335,1,326
2017-06-30,MINNESOTA,MINNESOTA,EIGHTH CIRCUIT,2659,2185,19,4,451,82,53,18,4,7,2577,2132,1,444
2017-06-30,MISSISSIPPI NORTHERN,MISSISSIPPI,FIFTH CIRCUIT,1258,535,9,1,713,26,12,9,1,4,1232,523,0,709
2017-06-30,MISSISSIPPI SOUTHERN,MISSISSIPPI,FIFTH CIRCUIT,1824,949,8,1,866,49,39,8,1,1,1775,910,0,865
2017-06-30,MISSOURI EASTERN,MISSOURI,EIGHTH CIRCUIT,2862,1905,31,0,926,67,33,31,0,3,2795,1872,0,923
2017-06-30,MISSOURI WESTERN,MISSOURI,EIGHTH CIRCUIT,1950,1362,12,1,575,36,21,10,1,4,1914,1341,2,571
2017-06-30,MONTANA,MONTANA,NINTH CIRCUIT,406,349,3,4,50,18,11,3,4,0,388,338,0,50
2017-06-30,NEBRASKA,NEBRASKA,EIGHTH CIRCUIT,1075,735,2,9,328,30,18,1,9,1,1045,717,1,327
2017-06-30,NEVADA,NEVADA,NINTH CIRCUIT,2464,1869,64,0,531,70,29,34,0,7,2394,1840,30,524
2017-06-30,NEW HAMPSHIRE,NEW HAMPSHIRE,FIRST CIRCUIT,494,370,3,1,120,16,12,3,1,0,478,358,0,120
2017-06-30,NEW JERSEY,NEW JERSEY,THIRD CIRCUIT,7144,4401,102,2,2639,201,107,77,2,15,6943,4294,25,2624
2017-06-30,NEW MEXICO,NEW MEXICO,TENTH CIRCUIT,925,843,7,0,75,27,18,7,0,2,898,825,0,73
2017-06-30,NEW YORK EASTERN,NEW YORK,SECOND CIRCUIT,4006,2504,68,0,1434,172,118,53,0,1,3834,2386,15,1433
2017-06-30,NEW YORK NORTHERN,NEW YORK,SECOND CIRCUIT,1653,1299,10,1,343,42,27,9,1,5,1611,1272,1,338
2017-06-30,NEW YORK SOUTHERN,NEW YORK,SECOND CIRCUIT,2164,1443,186,0,506,249,45,169,0,6,1915,1398,17,500
2017-06-30,NEW YORK WESTERN,NEW YORK,SECOND CIRCUIT,1187,844,9,0,334,41,27,9,0,5,1146,817,0,329
2017-06-30,NORTH CAROLINA EASTERN,NORTH CAROLINA,FOURTH CIRCUIT,1698,639,23,1,1035,56,25,20,1,10,1642,614,3,1025
2017-06-30,NORTH CAROLINA MIDDLE,NORTH CAROLINA,FOURTH CIRCUIT,966,445,5,1,515,27,20,4,1,2,939,425,1,513
2017-06-30,NORTH CAROLINA WESTERN,NORTH CAROLINA,FOURTH CIRCUIT,1111,591,4,0,516,30,22,4,0,4,1081,569,0,512
2017-06-30,NORTH DAKOTA,NORTH DAKOTA,EIGHTH CIRCUIT,220,193,1,0,26,8,6,1,0,1,212,187,0,25
2017-06-30,NORTHERN MARIANAS,NORTHERN MARIANA ISLANDS,NINTH CIRCUIT,1,1,0,0,0,0,0,0,0,0,1,1,0,0
2017-06-30,OHIO NORTHERN,OHIO,SIXTH CIRCUIT,5679,4685,3,1,990,85,70,3,1,11,5594,4615,0,979
2017-06-30,OHIO SOUTHERN,OHIO,SIXTH CIRCUIT,4615,3181,3,2,1429,67,55,2,2,8,4548,3126,1,1421
2017-06-30,OKLAHOMA EASTERN,OKLAHOMA,TENTH CIRCUIT,397,358,0,0,39,6,6,0,0,0,391,352,0,39
2017-06-30,OKLAHOMA NORTHERN,OKLAHOMA,TENTH CIRCUIT,756,669,1,0,86,16,14,1,0,1,740,655,0,85
2017-06-30,OKLAHOMA WESTERN,OKLAHOMA,TENTH CIRCUIT,1510,1192,4,0,314,38,30,4,0,4,1472,1162,0,310
2017-06-30,OREGON,OREGON,NINTH CIRCUIT,2480,1927,9,0,544,45,30,7,0,8,2435,1897,2,536
2017-06-30,PENNSYLVANIA EASTERN,PENNSYLVANIA,THIRD CIRCUIT,2239,1166,37,1,1035,84,33,36,1,14,2155,1133,1,1021
2017-06-30,PENNSYLVANIA MIDDLE,PENNSYLVANIA,THIRD CIRCUIT,1434,911,8,1,514,46,26,8,1,11,1388,885,0,503
2017-06-30,PENNSYLVANIA WESTERN,PENNSYLVANIA,THIRD CIRCUIT,2495,1581,44,1,869,104,49,37,1,17,2391,1532,7,852
2017-06-30,PUERTO RICO,PUERTO RICO,FIRST CIRCUIT,2494,1038,47,5,1404,100,30,42,5,23,2394,1008,5,1381
2017-06-30,RHODE ISLAND,RHODE ISLAND,FIRST CIRCUIT,618,468,6,0,144,25,18,6,0,1,593,450,0,143
2017-06-30,SOUTH CAROLINA,SOUTH CAROLINA,FOURTH CIRCUIT,1655,692,6,2,955,32,23,3,2,4,1623,669,3,951
2017-06-30,SOUTH DAKOTA,SOUTH DAKOTA,EIGHTH CIRCUIT,330,286,1,1,42,13,8,0,1,4,317,278,1,38
2017-06-30,TENNESSEE EASTERN,TENNESSEE,SIXTH CIRCUIT,3165,1747,13,0,1405,48,32,10,0,6,3117,1715,3,1399
2017-06-30,TENNESSEE MIDDLE,TENNESSEE,SIXTH CIRCUIT,2262,1146,11,1,1104,39,30,4,1,4,2223,1116,7,1100
2017-06-30,TENNESSEE WESTERN,TENNESSEE,SIXTH CIRCUIT,3580,946,7,1,2626,30,19,7,1,3,3550,927,0,2623
2017-06-30,TEXAS EASTERN,TEXAS,FIFTH CIRCUIT,1409,619,23,1,766,87,52,22,1,12,1322,567,1,754
2017-06-30,TEXAS NORTHERN,TEXAS,FIFTH CIRCUIT,3330,1454,182,7,1687,330,131,181,7,11,3000,1323,1,1676
2017-06-30,TEXAS SOUTHERN,TEXAS,FIFTH CIRCUIT,2740,1058,200,2,1479,312,103,195,2,11,2428,955,5,1468
2017-06-30,TEXAS WESTERN,TEXAS,FIFTH CIRCUIT,2160,1136,27,0,997,108,78,26,0,4,2052,1058,1,993
2017-06-30,UTAH,UTAH,TENTH CIRCUIT,3156,2000,4,0,1152,37,29,4,0,4,3119,1971,0,1148
2017-06-30,VERMONT,VERMONT,SECOND CIRCUIT,158,135,0,5,18,9,4,0,5,0,149,131,0,18
2017-06-30,VIRGIN ISLANDS,VIRGIN ISLANDS,THIRD CIRCUIT,4,2,1,0,1,2,1,1,0,0,2,1,0,1
2017-06-30,VIRGINIA EASTERN,VIRGINIA,FOURTH CIRCUIT,4561,2726,37,1,1797,109,74,28,1,6,4452,2652,9,1791
2017-06-30,VIRGINIA WESTERN,VIRGINIA,FOURTH CIRCUIT,1410,887,6,2,515,24,14,5,2,3,1386,873,1,512
2017-06-30,WASHINGTON EASTERN,WASHINGTON,NINTH CIRCUIT,1057,799,1,0,256,20,17,1,0,1,1037,782,0,255
2017-06-30,WASHINGTON WESTERN,WASHINGTON,NINTH CIRCUIT,2847,2032,21,2,792,76,51,20,2,3,2771,1981,1,789
2017-06-30,WEST VIRGINIA NORTHERN,WEST VIRGINIA,FOURTH CIRCUIT,366,319,3,0,44,8,6,2,0,0,358,313,1,44
2017-06-30,WEST VIRGINIA SOUTHERN,WEST VIRGINIA,FOURTH CIRCUIT,524,454,6,1,63,16,8,6,1,1,508,446,0,62
2017-06-30,WISCONSIN EASTERN,WISCONSIN,SEVENTH CIRCUIT,3795,2522,3,6,1264,53,37,3,6,7,3742,2485,0,1257
2017-06-30,WISCONSIN WESTERN,WISCONSIN,SEVENTH CIRCUIT,1257,1017,6,10,224,61,38,6,10,7,1196,979,0,217
2017-06-30,WYOMING,WYOMING,TENTH CIRCUIT,298,271,1,0,26,5,4,1,0,0,293,267,0,26
2017-09-30,ALABAMA MIDDLE,ALABAMA,ELEVENTH CIRCUIT,2053,382,3,1,1667,17,12,3,1,1,2036,370,0,1666
2017-09-30,ALABAMA NORTHERN,ALABAMA,ELEVENTH CIRCUIT,3550,1606,13,0,1931,33,18,13,0,2,3517,1588,0,1929
2017-09-30,ALABAMA SOUTHERN,ALABAMA,ELEVENTH CIRCUIT,1246,310,7,0,929,15,7,6,0,2,1231,303,1,927
2017-09-30,ALASKA,ALASKA,NINTH CIRCUIT,97,77,4,0,16,7,3,4,0,0,90,74,0,16
2017-09-30,ARIZONA,ARIZONA,NINTH CIRCUIT,4169,3386,47,0,736,125,86,34,0,5,4044,3300,13,731
2017-09-30,ARKANSAS EASTERN,ARKANSAS,EIGHTH CIRCUIT,1715,761,6,2,946,28,18,4,2,4,1687,743,2,942
2017-09-30,ARKANSAS WESTERN,ARKANSAS,EIGHTH CIRCUIT,805,419,3,1,382,18,13,2,1,2,787,406,1,380
2017-09-30,CALIFORNIA CENTRAL,CALIFORNIA,NINTH CIRCUIT,9766,7211,95,0,2460,366,280,67,0,19,9400,6931,28,2441
2017-09-30,CALIFORNIA EASTERN,CALIFORNIA,NINTH CIRCUIT,3833,2974,18,5,835,121,86,14,5,15,3712,2888,4,820
2017-09-30,CALIFORNIA NORTHERN,CALIFORNIA,NINTH CIRCUIT,2293,1187,45,2,1058,129,83,22,2,21,2164,1104,23,1037
2017-09-30,CALIFORNIA SOUTHERN,CALIFORNIA,NINTH CIRCUIT,2075,1635,13,1,426,81,63,10,1,7,1994,1572,3,419
2017-09-30,COLORADO,COLORADO,TENTH CIRCUIT,3152,2466,28,1,657,111,77,26,1,7,3041,2389,2,650
2017-09-30,CONNECTICUT,CONNECTICUT,SECOND CIRCUIT,1467,1162,13,2,290,58,42,12,2,2,1409,1120,1,288
2017-09-30,DELAWARE,DELAWARE,THIRD CIRCUIT,640,342,73,0,222,90,14,72,0,1,550,328,1,221
2017-09-30,DISTRICT OF COLUMBIA,DISTRICT OF COLUMBIA,DC CIRCUIT,186,121,7,0,58,11,5,6,0,0,175,116,1,58
2017-09-30,FLORIDA MIDDLE,FLORIDA,ELEVENTH CIRCUIT,5688,3953,76,2,1657,218,146,56,2,14,5470,3807,20,1643
2017-09-30,FLORIDA NORTHERN,FLORIDA,ELEVENTH CIRCUIT,629,495,2,3,129,21,15,2,3,1,608,480,0,128
2017-09-30,FLORIDA SOUTHERN,FLORIDA,ELEVENTH CIRCUIT,3793,2023,62,0,1707,159,93,42,0,23,3634,1930,20,1684
2017-09-30,GEORGIA MIDDLE,GEORGIA,ELEVENTH CIRCUIT,2193,692,10,10,1481,54,29,8,10,7,2139,663,2,1474
2017-09-30,GEORGIA NORTHERN,GEORGIA,ELEVENTH CIRCUIT,7791,3952,23,1,3815,109,82,19,1,7,7682,3870,4,3808
2017-09-30,GEORGIA SOUTHERN,GEORGIA,ELEVENTH CIRCUIT,1762,317,2,3,1440,20,13,2,3,2,1742,304,0,1438
2017-09-30,GUAM,GUAM,NINTH CIRCUIT,41,30,0,0,11,3,2,0,0,1,38,28,0,10
2017-09-30,HAWAII,HAWAII,NINTH CIRCUIT,379,249,3,1,126,13,8,2,1,2,366,241,1,124
2017-09-30,IDAHO,IDAHO,NINTH CIRCUIT,963,851,7,0,105,23,17,5,0,1,940,834,2,104
2017-09-30,ILLINOIS CENTRAL,ILLINOIS,SEVENTH CIRCUIT,1285,1037,2,0,246,21,17,2,0,2,1264,1020,0,244
2017-09-30,ILLINOIS NORTHERN,ILLINOIS,SEVENTH CIRCUIT,10404,5540,27,1,4836,180,136,22,1,21,10224,5404,5,4815
2017-09-30,ILLINOIS SOUTHERN,ILLINOIS,SEVENTH CIRCUIT,912,610,4,1,297,19,13,4,1,1,893,597,0,296
2017-09-30,INDIANA NORTHERN,INDIANA,SEVENTH CIRCUIT,2324,1584,14,2,724,43,20,13,2,8,2281,1564,1,716
2017-09-30,INDIANA SOUTHERN,INDIANA,SEVENTH CIRCUIT,3644,2317,13,1,1313,45,27,10,1,7,3599,2290,3,1306
2017-09-30,IOWA NORTHERN,IOWA,EIGHTH CIRCUIT,453,408,1,5,39,21,15,1,5,0,432,393,0,39
2017-09-30,IOWA SOUTHERN,IOWA,EIGHTH CIRCUIT,701,612,0,1,88,20,18,0,1,1,681,594,0,87
2017-09-30,KANSAS,KANSAS,TENTH CIRCUIT,1747,964,11,6,766,43,21,10,6,6,1704,943,1,760
2017-09-30,KENTUCKY EASTERN,KENTUCKY,SIXTH CIRCUIT,2050,1442,4,0,604,23,17,3,0,3,2027,1425,1,601
2017-09-30,KENTUCKY WESTERN,KENTUCKY,SIXTH CIRCUIT,1908,1217,8,2,681,28,14,8,2,4,1880,1203,0,677
2017-09-30,LOUISIANA EASTERN,LOUISIANA,FIFTH CIRCUIT,943,446,9,0,488,35,22,8,0,5,908,424,1,483
2017-09-30,LOUISIANA MIDDLE,LOUISIANA,FIFTH CIRCUIT,317,169,0,0,148,7,5,0,0,2,310,164,0,146
2017-09-30,LOUISIANA WESTERN,LOUISIANA,FIFTH CIRCUIT,2380,485,34,2,1859,63,25,34,2,2,2317,460,0,1857
2017-09-30,MAINE,MAINE,FIRST CIRCUIT,393,318,4,1,70,26,16,3,1,6,367,302,1,64
2017-09-30,MARYLAND,MARYLAND,FOURTH CIRCUIT,4164,2807,27,2,1328,76,47,21,2,6,4088,2760,6,1322
2017-09-30,MASSACHUSETTS,MASSACHUSETTS,FIRST CIRCUIT,2034,1285,28,4,717,81,59,15,4,3,1953,1226,13,714
2017-09-30,MICHIGAN EASTERN,MICHIGAN,SIXTH CIRCUIT,5691,4346,21,3,1321,75,43,20,3,9,5616,4303,1,1312
2017-09-30,MICHIGAN WESTERN,MICHIGAN,SIXTH CIRCUIT,1479,1178,1,1,299,28,22,1,1,4,1451,1156,0,295
2017-09-30,MINNESOTA,MINNESOTA,EIGHTH CIRCUIT,2376,1933,14,5,424,62,40,14,5,3,2314,1893,0,421
2017-09-30,MISSISSIPPI NORTHERN,MISSISSIPPI,FIFTH CIRCUIT,1257,480,5,1,771,27,17,5,1,4,1230,463,0,767
2017-09-30,MISSISSIPPI SOUTHERN,MISSISSIPPI,FIFTH CIRCUIT,1888,966,2,0,920,22,15,2,0,5,1866,951,0,915
2017-09-30,MISSOURI EASTERN,MISSOURI,EIGHTH CIRCUIT,2661,1742,8,1,910,35,21,8,1,5,2626,1721,0,905
2017-09-30,MISSOURI WESTERN,MISSOURI,EIGHTH CIRCUIT,1871,1216,6,0,649,26,19,5,0,2,1845,1197,1,647
2017-09-30,MONTANA,MONTANA,NINTH CIRCUIT,315,262,4,0,49,9,5,4,0,0,306,257,0,49
2017-09-30,NEBRASKA,NEBRASKA,EIGHTH CIRCUIT,1038,706,2,0,330,22,15,2,0,5,1016,691,0,325
2017-09-30,NEVADA,NEVADA,NINTH CIRCUIT,2161,1685,38,0,438,61,42,13,0,6,2100,1643,25,432
2017-09-30,NEW HAMPSHIRE,NEW HAMPSHIRE,FIRST CIRCUIT,450,333,3,0,114,24,19,3,0,2,426,314,0,112
2017-09-30,NEW JERSEY,NEW JERSEY,THIRD CIRCUIT,6582,3966,117,1,2498,214,89,104,1,20,6368,3877,13,2478
2017-09-30,NEW MEXICO,NEW MEXICO,TENTH CIRCUIT,801,708,11,0,82,27,16,9,0,2,774,692,2,80
2017-09-30,NEW YORK EASTERN,NEW YORK,SECOND CIRCUIT,3666,2209,54,0,1403,140,97,43,0,0,3526,2112,11,1403
2017-09-30,NEW YORK NORTHERN,NEW YORK,SECOND CIRCUIT,1409,1087,7,2,313,30,17,7,2,4,1379,1070,0,309
2017-09-30,NEW YORK SOUTHERN,NEW YORK,SECOND CIRCUIT,1960,1356,50,0,550,92,41,41,0,6,1868,1315,9,544
2017-09-30,NEW YORK WESTERN,NEW YORK,SECOND CIRCUIT,1098,695,12,1,390,42,23,12,1,6,1056,672,0,384
2017-09-30,NORTH CAROLINA EASTERN,NORTH CAROLINA,FOURTH CIRCUIT,1576,509,25,2,1040,62,29,20,2,11,1514,480,5,1029
2017-09-30,NORTH CAROLINA MIDDLE,NORTH CAROLINA,FOURTH CIRCUIT,974,396,6,0,572,21,14,6,0,1,953,382,0,571
2017-09-30,NORTH CAROLINA WESTERN,NORTH CAROLINA,FOURTH CIRCUIT,1013,563,11,0,439,35,22,11,0,2,978,541,0,437
2017-09-30,NORTH DAKOTA,NORTH DAKOTA,EIGHTH CIRCUIT,193,171,3,0,19,14,9,3,0,2,179,162,0,17
2017-09-30,NORTHERN MARIANAS,NORTHERN MARIANA ISLANDS,NINTH CIRCUIT,1,1,0,0,0,0,0,0,0,0,1,1,0,0
2017-09-30,OHIO NORTHERN,OHIO,SIXTH CIRCUIT,5286,4138,21,0,1127,106,72,19,0,15,5180,4066,2,1112
2017-09-30,OHIO SOUTHERN,OHIO,SIXTH CIRCUIT,4247,2922,7,1,1317,65,48,6,1,10,4182,2874,1,1307
2017-09-30,OKLAHOMA EASTERN,OKLAHOMA,TENTH CIRCUIT,387,347,1,0,39,9,8,1,0,0,378,339,0,39
2017-09-30,OKLAHOMA NORTHERN,OKLAHOMA,TENTH CIRCUIT,642,563,2,1,76,13,10,2,1,0,629,553,0,76
2017-09-30,OKLAHOMA WESTERN,OKLAHOMA,TENTH CIRCUIT,1345,1037,7,2,299,32,19,7,2,4,1313,1018,0,295
2017-09-30,OREGON,OREGON,NINTH CIRCUIT,2240,1718,3,0,519,49,36,3,0,10,2191,1682,0,509
2017-09-30,PENNSYLVANIA EASTERN,PENNSYLVANIA,THIRD CIRCUIT,2204,1129,19,0,1056,64,36,17,0,11,2140,1093,2,1045
2017-09-30,PENNSYLVANIA MIDDLE,PENNSYLVANIA,THIRD CIRCUIT,1378,809,12,0,557,43,20,12,0,11,1335,789,0,546
2017-09-30,PENNSYLVANIA WESTERN,PENNSYLVANIA,THIRD CIRCUIT,1834,1131,25,2,676,63,32,23,2,6,1771,1099,2,670
2017-09-30,PUERTO RICO,PUERTO RICO,FIRST CIRCUIT,1787,710,20,3,1054,48,13,18,3,14,1739,697,2,1040
2017-09-30,RHODE ISLAND,RHODE ISLAND,FIRST CIRCUIT,579,431,2,0,146,23,20,2,0,1,556,411,0,145
2017-09-30,SOUTH CAROLINA,SOUTH CAROLINA,FOURTH CIRCUIT,1629,616,5,1,1007,25,18,5,1,1,1604,598,0,1006
2017-09-30,SOUTH DAKOTA,SOUTH DAKOTA,EIGHTH CIRCUIT,274,225,3,4,42,15,5,3,4,3,259,220,0,39
2017-09-30,TENNESSEE EASTERN,TENNESSEE,SIXTH CIRCUIT,2950,1566,9,5,1370,46,32,4,5,5,2904,1534,5,1365
2017-09-30,TENNESSEE MIDDLE,TENNESSEE,SIXTH CIRCUIT,2197,942,16,0,1239,32,19,11,0,2,2165,923,5,1237
2017-09-30,TENNESSEE WESTERN,TENNESSEE,SIXTH CIRCUIT,3639,788,9,1,2841,32,18,7,1,6,3607,770,2,2835
2017-09-30,TEXAS EASTERN,TEXAS,FIFTH CIRCUIT,1317,555,21,0,741,78,54,19,0,5,1239,501,2,736
2017-09-30,TEXAS NORTHERN,TEXAS,FIFTH CIRCUIT,2881,1275,53,3,1550,155,87,52,3,13,2726,1188,1,1537
2017-09-30,TEXAS SOUTHERN,TEXAS,FIFTH CIRCUIT,2236,857,121,1,1257,203,65,116,1,21,2033,792,5,1236
2017-09-30,TEXAS WESTERN,TEXAS,FIFTH CIRCUIT,2030,1076,22,2,930,127,98,22,2,5,1903,978,0,925
2017-09-30,UTAH,UTAH,TENTH CIRCUIT,2877,1716,5,0,1156,40,32,4,0,4,2837,1684,1,1152
2017-09-30,VERMONT,VERMONT,SECOND CIRCUIT,158,133,0,1,24,9,7,0,1,1,149,126,0,23
2017-09-30,VIRGIN ISLANDS,VIRGIN ISLANDS,THIRD CIRCUIT,2,1,1,0,0,1,0,1,0,0,1,1,0,0
2017-09-30,VIRGINIA EASTERN,VIRGINIA,FOURTH CIRCUIT,4185,2320,40,0,1825,125,84,35,0,6,4060,2236,5,1819
2017-09-30,VIRGINIA WESTERN,VIRGINIA,FOURTH CIRCUIT,1351,813,4,1,533,30,25,4,1,0,1321,788,0,533
2017-09-30,WASHINGTON EASTERN,WASHINGTON,NINTH CIRCUIT,902,695,2,0,205,20,14,1,0,5,882,681,1,200
2017-09-30,WASHINGTON WESTERN,WASHINGTON,NINTH CIRCUIT,2589,1798,13,2,776,72,57,8,2,5,2517,1741,5,771
2017-09-30,WEST VIRGINIA NORTHERN,WEST VIRGINIA,FOURTH CIRCUIT,292,251,5,0,36,10,6,4,0,0,282,245,1,36
2017-09-30,WEST VIRGINIA SOUTHERN,WEST VIRGINIA,FOURTH CIRCUIT,456,404,9,1,42,21,10,9,1,1,435,394,0,41
2017-09-30,WISCONSIN EASTERN,WISCONSIN,SEVENTH CIRCUIT,3220,2082,8,5,1125,52,32,8,5,7,3168,2050,0,1118
2017-09-30,WISCONSIN WESTERN,WISCONSIN,SEVENTH CIRCUIT,1069,863,7,8,191,46,20,7,8,11,1023,843,0,180
2017-09-30,WYOMING,WYOMING,TENTH CIRCUIT,242,222,0,1,19,7,6,0,1,0,235,216,0,19
2017-12-31,ALABAMA MIDDLE,ALABAMA,ELEVENTH CIRCUIT,1988,405,0,0,1583,18,16,0,0,2,1970,389,0,1581
2017-12-31,ALABAMA NORTHERN,ALABAMA,ELEVENTH CIRCUIT,3137,1402,4,0,1731,28,20,4,0,4,3109,1382,0,1727
2017-12-31,ALABAMA SOUTHERN,ALABAMA,ELEVENTH CIRCUIT,1177,306,5,0,866,8,4,4,0,0,1169,302,1,866
2017-12-31,ALASKA,ALASKA,NINTH CIRCUIT,116,91,0,1,24,4,3,0,1,0,112,88,0,24
2017-12-31,ARIZONA,ARIZONA,NINTH CIRCUIT,3814,2999,54,2,758,117,72,37,2,5,3697,2927,17,753
2017-12-31,ARKANSAS EASTERN,ARKANSAS,EIGHTH CIRCUIT,1644,723,6,0,914,39,29,6,0,3,1605,694,0,911
2017-12-31,ARKANSAS WESTERN,ARKANSAS,EIGHTH CIRCUIT,826,395,6,1,424,31,20,6,1,4,795,375,0,420
2017-12-31,CALIFORNIA CENTRAL,CALIFORNIA,NINTH CIRCUIT,8907,6671,92,0,2141,381,294,63,0,21,8526,6377,29,2120
2017-12-31,CALIFORNIA EASTERN,CALIFORNIA,NINTH CIRCUIT,3424,2617,14,3,790,117,87,13,3,14,3307,2530,1,776
2017-12-31,CALIFORNIA NORTHERN,CALIFORNIA,NINTH CIRCUIT,2059,1064,40,1,954,102,61,23,1,17,1957,1003,17,937
2017-12-31,CALIFORNIA SOUTHERN,CALIFORNIA,NINTH CIRCUIT,1865,1491,10,0,364,70,55,5,0,10,1795,1436,5,354
2017-12-31,COLORADO,COLORADO,TENTH CIRCUIT,2732,2099,18,0,615,95,68,16,0,11,2637,2031,2,604
2017-12-31,CONNECTICUT,CONNECTICUT,SECOND CIRCUIT,1281,1001,11,0,269,38,27,8,0,3,1243,974,3,266
2017-12-31,DELAWARE,DELAWARE,THIRD CIRCUIT,988,367,385,0,234,435,44,385,0,4,553,323,0,230
2017-12-31,DISTRICT OF COLUMBIA,DISTRICT OF COLUMBIA,DC CIRCUIT,185,121,9,0,55,10,5,5,0,0,175,116,4,55
2017-12-31,FLORIDA MIDDLE,FLORIDA,ELEVENTH CIRCUIT,5129,3857,57,2,1213,243,185,43,2,13,4886,3672,14,1200
2017-12-31,FLORIDA NORTHERN,FLORIDA,ELEVENTH CIRCUIT,527,424,6,0,97,21,14,6,0,1,506,410,0,96
2017-12-31,FLORIDA SOUTHERN,FLORIDA,ELEVENTH CIRCUIT,3674,2112,51,1,1509,136,82,39,1,13,3538,2030,12,1496
2017-12-31,GEORGIA MIDDLE,GEORGIA,ELEVENTH CIRCUIT,2093,624,4,2,1463,33,24,1,2,6,2060,600,3,1457
2017-12-31,GEORGIA NORTHERN,GEORGIA,ELEVENTH CIRCUIT,7545,3657,24,0,3864,125,95,20,0,10,7420,3562,4,3854
2017-12-31,GEORGIA SOUTHERN,GEORGIA,ELEVENTH CIRCUIT,1578,309,1,1,1267,11,8,1,1,1,1567,301,0,1266
2017-12-31,GUAM,GUAM,NINTH CIRCUIT,19,17,0,0,2,1,1,0,0,0,18,16,0,2
2017-12-31,HAWAII,HAWAII,NINTH CIRCUIT,345,228,6,0,111,24,13,6,0,5,321,215,0,106
2017-12-31,IDAHO,IDAHO,NINTH CIRCUIT,882,779,7,3,93,31,21,6,3,1,851,758,1,92
2017-12-31,ILLINOIS CENTRAL,ILLINOIS,SEVENTH CIRCUIT,1204,955,6,1,242,31,20,6,1,4,1173,935,0,238
2017-12-31,ILLINOIS NORTHERN,ILLINOIS,SEVENTH CIRCUIT,10001,5344,40,1,4616,180,131,33,1,15,9821,5213,7,4601
2017-12-31,ILLINOIS SOUTHERN,ILLINOIS,SEVENTH CIRCUIT,841,539,0,0,302,14,10,0,0,4,827,529,0,298
2017-12-31,INDIANA NORTHERN,INDIANA,SEVENTH CIRCUIT,2048,1340,4,1,703,24,19,3,1,1,2024,1321,1,702
2017-12-31,INDIANA SOUTHERN,INDIANA,SEVENTH CIRCUIT,2983,1827,6,1,1149,49,35,6,1,7,2934,1792,0,1142
2017-12-31,IOWA NORTHERN,IOWA,EIGHTH CIRCUIT,394,350,1,2,41,21,17,1,2,1,373,333,0,40
2017-12-31,IOWA SOUTHERN,IOWA,EIGHTH CIRCUIT,581,507,1,1,72,13,11,1,1,0,568,496,0,72
2017-12-31,KANSAS,KANSAS,TENTH CIRCUIT,1587,838,5,4,740,38,21,5,4,8,1549,817,0,732
2017-12-31,KENTUCKY EASTERN,KENTUCKY,SIXTH CIRCUIT,1829,1245,3,0,581,26,20,3,0,3,1803,1225,0,578
2017-12-31,KENTUCKY WESTERN,KENTUCKY,SIXTH CIRCUIT,1760,1102,1,1,656,30,26,1,1,2,1730,1076,0,654
2017-12-31,LOUISIANA EASTERN,LOUISIANA,FIFTH CIRCUIT,844,367,2,0,475,30,24,2,0,4,814,343,0,471
2017-12-31,LOUISIANA MIDDLE,LOUISIANA,FIFTH CIRCUIT,297,163,2,0,132,4,3,1,0,0,293,160,1,132
2017-12-31,LOUISIANA WESTERN,LOUISIANA,FIFTH CIRCUIT,2058,419,9,3,1627,36,22,9,3,2,2022,397,0,1625
2017-12-31,MAINE,MAINE,FIRST CIRCUIT,339,289,3,0,47,22,17,3,0,2,317,272,0,45
2017-12-31,MARYLAND,MARYLAND,FOURTH CIRCUIT,4359,2925,49,0,1385,103,52,44,0,7,4256,2873,5,1378
2017-12-31,MASSACHUSETTS,MASSACHUSETTS,FIRST CIRCUIT,2036,1255,23,3,755,85,58,16,3,8,1951,1197,7,747
2017-12-31,MICHIGAN EASTERN,MICHIGAN,SIXTH CIRCUIT,5589,4158,23,1,1407,70,45,15,1,9,5519,4113,8,1398
2017-12-31,MICHIGAN WESTERN,MICHIGAN,SIXTH CIRCUIT,1381,1048,2,1,330,32,23,2,1,6,1349,1025,0,324
2017-12-31,MINNESOTA,MINNESOTA,EIGHTH CIRCUIT,2292,1862,9,7,414,83,62,9,7,5,2209,1800,0,409
2017-12-31,MISSISSIPPI NORTHERN,MISSISSIPPI,FIFTH CIRCUIT,1219,473,4,1,741,17,9,4,1,3,1202,464,0,738
2017-12-31,MISSISSIPPI SOUTHERN,MISSISSIPPI,FIFTH CIRCUIT,1755,830,6,1,918,40,28,6,1,5,1715,802,0,913
2017-12-31,MISSOURI EASTERN,MISSOURI,EIGHTH CIRCUIT,2440,1566,12,1,861,43,28,12,1,2,2397,1538,0,859
2017-12-31,MISSOURI WESTERN,MISSOURI,EIGHTH CIRCUIT,1759,1134,8,3,614,34,21,7,3,3,1725,1113,1,611
2017-12-31,MONTANA,MONTANA,NINTH CIRCUIT,283,230,2,0,51,14,9,2,0,3,269,221,0,48
2017-12-31,NEBRASKA,NEBRASKA,EIGHTH CIRCUIT,919,597,4,8,310,34,20,4,8,2,885,577,0,308
2017-12-31,NEVADA,NEVADA,NINTH CIRCUIT,2018,1579,39,0,400,67,42,22,0,3,1951,1537,17,397
2017-12-31,NEW HAMPSHIRE,NEW HAMPSHIRE,FIRST CIRCUIT,444,328,7,0,109,18,9,5,0,4,426,319,2,105
2017-12-31,NEW JERSEY,NEW JERSEY,THIRD CIRCUIT,6420,3861,61,1,2497,153,89,46,1,17,6267,3772,15,2480
2017-12-31,NEW MEXICO,NEW MEXICO,TENTH CIRCUIT,779,687,8,0,84,28,20,6,0,2,751,667,2,82
2017-12-31,NEW YORK EASTERN,NEW YORK,SECOND CIRCUIT,3825,2323,172,0,1330,288,131,157,0,0,3537,2192,15,1330
2017-12-31,NEW YORK NORTHERN,NEW YORK,SECOND CIRCUIT,1440,1112,4,3,321,31,19,3,3,6,1409,1093,1,315
2017-12-31,NEW YORK SOUTHERN,NEW YORK,SECOND CIRCUIT,1961,1347,135,1,463,213,64,125,1,8,1748,1283,10,455
2017-12-31,NEW YORK WESTERN,NEW YORK,SECOND CIRCUIT,1001,640,13,1,347,48,23,12,1,12,953,617,1,335
2017-12-31,NORTH CAROLINA EASTERN,NORTH CAROLINA,FOURTH CIRCUIT,1532,527,17,3,985,55,29,12,3,11,1477,498,5,974
2017-12-31,NORTH CAROLINA MIDDLE,NORTH CAROLINA,FOURTH CIRCUIT,977,402,6,0,569,21,13,6,0,2,956,389,0,567
2017-12-31,NORTH CAROLINA WESTERN,NORTH CAROLINA,FOURTH CIRCUIT,909,473,8,1,427,34,22,8,1,3,875,451,0,424
2017-12-31,NORTH DAKOTA,NORTH DAKOTA,EIGHTH CIRCUIT,173,164,0,0,9,6,5,0,0,1,167,159,0,8
2017-12-31,NORTHERN MARIANAS,NORTHERN MARIANA ISLANDS,NINTH CIRCUIT,2,2,0,0,0,0,0,0,0,0,2,2,0,0
2017-12-31,OHIO NORTHERN,OHIO,SIXTH CIRCUIT,4913,3860,12,2,1039,84,66,9,2,7,4829,3794,3,1032
2017-12-31,OHIO SOUTHERN,OHIO,SIXTH CIRCUIT,3995,2715,4,2,1274,69,51,4,2,12,3926,2664,0,1262
2017-12-31,OKLAHOMA EASTERN,OKLAHOMA,TENTH CIRCUIT,344,307,0,0,37,6,5,0,0,1,338,302,0,36
2017-12-31,OKLAHOMA NORTHERN,OKLAHOMA,TENTH CIRCUIT,605,538,1,1,65,18,14,1,1,2,587,524,0,63
2017-12-31,OKLAHOMA WESTERN,OKLAHOMA,TENTH CIRCUIT,1278,980,1,0,297,41,39,1,0,1,1237,941,0,296
2017-12-31,OREGON,OREGON,NINTH CIRCUIT,2167,1628,7,2,530,56,38,7,2,9,2111,1590,0,521
2017-12-31,PENNSYLVANIA EASTERN,PENNSYLVANIA,THIRD CIRCUIT,2035,1029,16,0,990,62,36,13,0,13,1973,993,3,977
2017-12-31,PENNSYLVANIA MIDDLE,PENNSYLVANIA,THIRD CIRCUIT,1224,765,7,0,452,40,26,6,0,8,1184,739,1,444
2017-12-31,PENNSYLVANIA WESTERN,PENNSYLVANIA,THIRD CIRCUIT,1811,1187,14,1,609,51,32,12,1,6,1760,1155,2,603
2017-12-31,PUERTO RICO,PUERTO RICO,FIRST CIRCUIT,1148,530,12,1,605,27,16,7,1,3,1121,514,5,602
2017-12-31,RHODE ISLAND,RHODE ISLAND,FIRST CIRCUIT,521,401,0,0,120,17,17,0,0,0,504,384,0,120
2017-12-31,SOUTH CAROLINA,SOUTH CAROLINA,FOURTH CIRCUIT,1630,598,7,1,1024,43,34,5,1,3,1587,564,2,1021
2017-12-31,SOUTH DAKOTA,SOUTH DAKOTA,EIGHTH CIRCUIT,232,201,2,2,27,9,5,2,2,0,223,196,0,27
2017-12-31,TENNESSEE EASTERN,TENNESSEE,SIXTH CIRCUIT,2754,1498,12,1,1243,38,24,10,1,3,2716,1474,2,1240
2017-12-31,TENNESSEE MIDDLE,TENNESSEE,SIXTH CIRCUIT,2081,913,26,0,1142,52,27,23,0,2,2029,886,3,1140
2017-12-31,TENNESSEE WESTERN,TENNESSEE,SIXTH CIRCUIT,3378,750,3,1,2624,23,13,3,1,6,3355,737,0,2618
2017-12-31,TEXAS EASTERN,TEXAS,FIFTH CIRCUIT,1271,524,18,0,729,70,51,13,0,6,1201,473,5,723
2017-12-31,TEXAS NORTHERN,TEXAS,FIFTH CIRCUIT,2916,1219,90,1,1606,213,111,88,1,13,2703,1108,2,1593
2017-12-31,TEXAS SOUTHERN,TEXAS,FIFTH CIRCUIT,1919,858,105,0,956,178,67,102,0,9,1741,791,3,947
2017-12-31,TEXAS WESTERN,TEXAS,FIFTH CIRCUIT,1962,963,15,0,983,122,93,15,0,13,1840,870,0,970
2017-12-31,UTAH,UTAH,TENTH CIRCUIT,2466,1395,5,0,1064,37,24,5,0,6,2429,1371,0,1058
2017-12-31,VERMONT,VERMONT,SECOND CIRCUIT,125,104,0,1,20,9,8,0,1,0,116,96,0,20
2017-12-31,VIRGIN ISLANDS,VIRGIN ISLANDS,THIRD CIRCUIT,1,0,0,0,1,0,0,0,0,0,1,0,0,1
2017-12-31,VIRGINIA EASTERN,VIRGINIA,FOURTH CIRCUIT,4143,2270,21,0,1852,70,48,13,0,9,4073,2222,8,1843
2017-12-31,VIRGINIA WESTERN,VIRGINIA,FOURTH CIRCUIT,1256,725,6,2,523,16,7,6,2,1,1240,718,0,522
2017-12-31,WASHINGTON EASTERN,WASHINGTON,NINTH CIRCUIT,827,647,2,1,177,16,11,2,1,2,811,636,0,175
2017-12-31,WASHINGTON WESTERN,WASHINGTON,NINTH CIRCUIT,2507,1763,22,1,721,95,75,13,1,6,2412,1688,9,715
2017-12-31,WEST VIRGINIA NORTHERN,WEST VIRGINIA,FOURTH CIRCUIT,289,239,6,0,44,9,3,6,0,0,280,236,0,44
2017-12-31,WEST VIRGINIA SOUTHERN,WEST VIRGINIA,FOURTH CIRCUIT,476,422,3,0,51,17,12,3,0,2,459,410,0,49
2017-12-31,WISCONSIN EASTERN,WISCONSIN,SEVENTH CIRCUIT,2682,1758,1,5,918,45,36,0,5,4,2637,1722,1,914
2017-12-31,WISCONSIN WESTERN,WISCONSIN,SEVENTH CIRCUIT,1039,843,3,6,187,30,16,2,6,6,1009,827,1,181
2017-12-31,WYOMING,WYOMING,TENTH CIRCUIT,246,204,3,0,39,11,7,3,0,1,235,197,0,38
2018-03-31,ALABAMA MIDDLE,ALABAMA,ELEVENTH CIRCUIT,2023,502,3,0,1518,11,8,2,0,1,2012,494,1,1517
2018-03-31,ALABAMA NORTHERN,ALABAMA,ELEVENTH CIRCUIT,3571,1838,10,0,1723,40,30,10,0,0,3531,1808,0,1723
2018-03-31,ALABAMA SOUTHERN,ALABAMA,ELEVENTH CIRCUIT,1323,400,3,0,920,12,9,2,0,1,1311,391,1,919
2018-03-31,ALASKA,ALASKA,NINTH CIRCUIT,101,84,0,0,17,13,11,0,0,2,88,73,0,15
2018-03-31,ARIZONA,ARIZONA,NINTH CIRCUIT,3519,2791,53,1,674,100,61,33,1,5,3419,2730,20,669
2018-03-31,ARKANSAS EASTERN,ARKANSAS,EIGHTH CIRCUIT,1879,921,4,1,953,22,14,3,1,4,1857,907,1,949
2018-03-31,ARKANSAS WESTERN,ARKANSAS,EIGHTH CIRCUIT,880,465,3,1,411,24,14,1,1,8,856,451,2,403
2018-03-31,CALIFORNIA CENTRAL,CALIFORNIA,NINTH CIRCUIT,9174,6960,136,1,2077,421,293,96,1,31,8753,6667,40,2046
2018-03-31,CALIFORNIA EASTERN,CALIFORNIA,NINTH CIRCUIT,3656,2804,28,3,820,120,79,25,3,12,3536,2725,3,808
2018-03-31,CALIFORNIA NORTHERN,CALIFORNIA,NINTH CIRCUIT,2200,1178,40,1,981,143,90,27,1,25,2057,1088,13,956
2018-03-31,CALIFORNIA SOUTHERN,CALIFORNIA,NINTH CIRCUIT,2062,1662,7,0,393,83,61,6,0,16,1979,1601,1,377
2018-03-31,COLORADO,COLORADO,TENTH CIRCUIT,2690,2036,10,6,638,94,68,10,6,10,2596,1968,0,628
2018-03-31,CONNECTICUT,CONNECTICUT,SECOND CIRCUIT,1462,1176,19,0,267,43,26,15,0,2,1419,1150,4,265
2018-03-31,DELAWARE,DELAWARE,THIRD CIRCUIT,818,385,218,0,213,247,26,218,0,1,571,359,0,212
2018-03-31,DISTRICT OF COLUMBIA,DISTRICT OF COLUMBIA,DC CIRCUIT,219,142,7,0,70,12,6,5,0,1,207,136,2,69
2018-03-31,FLORIDA MIDDLE,FLORIDA,ELEVENTH CIRCUIT,5655,3954,86,0,1615,240,165,65,0,10,5415,3789,21,1605
2018-03-31,FLORIDA NORTHERN,FLORIDA,ELEVENTH CIRCUIT,688,525,12,2,148,25,14,8,2,0,663,511,4,148
2018-03-31,FLORIDA SOUTHERN,FLORIDA,ELEVENTH CIRCUIT,4054,2135,63,0,1853,159,90,51,0,15,3895,2045,12,1838
2018-03-31,GEORGIA MIDDLE,GEORGIA,ELEVENTH CIRCUIT,2059,728,10,3,1318,51,24,10,3,14,2008,704,0,1304
2018-03-31,GEORGIA NORTHERN,GEORGIA,ELEVENTH CIRCUIT,7399,3911,34,2,3452,139,92,33,2,12,7260,3819,1,3440
2018-03-31,GEORGIA SOUTHERN,GEORGIA,ELEVENTH CIRCUIT,1582,383,8,1,1190,25,11,8,1,5,1557,372,0,1185
2018-03-31,GUAM,GUAM,NINTH CIRCUIT,43,32,0,0,11,2,1,0,0,1,41,31,0,10
2018-03-31,HAWAII,HAWAII,NINTH CIRCUIT,348,236,1,0,111,15,11,1,0,3,333,225,0,108
2018-03-31,IDAHO,IDAHO,NINTH CIRCUIT,846,740,3,1,102,20,16,3,1,0,826,724,0,102
2018-03-31,ILLINOIS CENTRAL,ILLINOIS,SEVENTH CIRCUIT,1233,974,6,1,252,32,25,6,1,0,1201,949,0,252
2018-03-31,ILLINOIS NORTHERN,ILLINOIS,SEVENTH CIRCUIT,10498,5658,21,0,4819,173,137,19,0,17,10325,5521,2,4802
2018-03-31,ILLINOIS SOUTHERN,ILLINOIS,SEVENTH CIRCUIT,911,599,10,2,300,22,6,10,2,4,889,593,0,296
2018-03-31,INDIANA NORTHERN,INDIANA,SEVENTH CIRCUIT,2033,1366,4,0,663,16,12,3,0,1,2017,1354,1,662
2018-03-31,INDIANA SOUTHERN,INDIANA,SEVENTH CIRCUIT,3383,2124,8,5,1246,57,41,7,5,4,3326,2083,1,1242
2018-03-31,IOWA NORTHERN,IOWA,EIGHTH CIRCUIT,416,373,0,4,39,21,17,0,4,0,395,356,0,39
2018-03-31,IOWA SOUTHERN,IOWA,EIGHTH CIRCUIT,708,614,7,0,87,25,17,7,0,1,683,597,0,86
2018-03-31,KANSAS,KANSAS,TENTH CIRCUIT,1549,858,4,7,680,56,37,4,7,8,1493,821,0,672
2018-03-31,KENTUCKY EASTERN,KENTUCKY,SIXTH CIRCUIT,2006,1417,2,3,584,22,18,1,3,0,1984,1399,1,584
2018-03-31,KENTUCKY WESTERN,KENTUCKY,SIXTH CIRCUIT,1896,1222,3,0,671,29,22,3,0,4,1867,1200,0,667
2018-03-31,LOUISIANA EASTERN,LOUISIANA,FIFTH CIRCUIT,826,347,10,0,469,41,27,10,0,4,785,320,0,465
2018-03-31,LOUISIANA MIDDLE,LOUISIANA,FIFTH CIRCUIT,357,186,4,0,167,15,11,4,0,0,342,175,0,167
2018-03-31,LOUISIANA WESTERN,LOUISIANA,FIFTH CIRCUIT,2096,446,7,6,1637,32,17,7,6,2,2064,429,0,1635
2018-03-31,MAINE,MAINE,FIRST CIRCUIT,329,262,5,1,61,16,9,5,1,1,313,253,0,60
2018-03-31,MARYLAND,MARYLAND,FOURTH CIRCUIT,4371,2982,33,1,1355,76,46,25,1,4,4295,2936,8,1351
2018-03-31,MASSACHUSETTS,MASSACHUSETTS,FIRST CIRCUIT,2090,1299,35,0,756,82,51,23,0,8,2008,1248,12,748
2018-03-31,MICHIGAN EASTERN,MICHIGAN,SIXTH CIRCUIT,6445,4938,29,2,1476,61,29,23,2,7,6384,4909,6,1469
2018-03-31,MICHIGAN WESTERN,MICHIGAN,SIXTH CIRCUIT,1562,1235,0,0,327,17,15,0,0,2,1545,1220,0,325
2018-03-31,MINNESOTA,MINNESOTA,EIGHTH CIRCUIT,2461,1994,5,2,460,49,41,4,2,2,2412,1953,1,458
2018-03-31,MISSISSIPPI NORTHERN,MISSISSIPPI,FIFTH CIRCUIT,1260,564,13,3,680,28,11,13,3,1,1232,553,0,679
2018-03-31,MISSISSIPPI SOUTHERN,MISSISSIPPI,FIFTH CIRCUIT,1958,1071,4,0,883,34,27,3,0,4,1924,1044,1,879
2018-03-31,MISSOURI EASTERN,MISSOURI,EIGHTH CIRCUIT,2494,1637,4,0,852,34,24,3,0,6,2460,1613,1,846
2018-03-31,MISSOURI WESTERN,MISSOURI,EIGHTH CIRCUIT,1961,1275,9,0,677,38,26,8,0,4,1923,1249,1,673
2018-03-31,MONTANA,MONTANA,NINTH CIRCUIT,295,247,1,0,47,8,7,1,0,0,287,240,0,47
2018-03-31,NEBRASKA,NEBRASKA,EIGHTH CIRCUIT,1018,672,3,10,333,30,13,3,10,4,988,659,0,329
2018-03-31,NEVADA,NEVADA,NINTH CIRCUIT,2229,1792,41,0,396,58,37,21,0,0,2171,1755,20,396
2018-03-31,NEW HAMPSHIRE,NEW HAMPSHIRE,FIRST CIRCUIT,452,322,5,0,125,21,14,4,0,3,431,308,1,122
2018-03-31,NEW JERSEY,NEW JERSEY,THIRD CIRCUIT,6635,4052,77,0,2506,150,85,48,0,17,6485,3967,29,2489
2018-03-31,NEW MEXICO,NEW MEXICO,TENTH CIRCUIT,834,744,3,0,87,12,8,3,0,1,822,736,0,86
2018-03-31,NEW YORK EASTERN,NEW YORK,SECOND CIRCUIT,3980,2238,106,0,1636,212,121,91,0,0,3768,2117,15,1636
2018-03-31,NEW YORK NORTHERN,NEW YORK,SECOND CIRCUIT,1462,1104,8,5,345,37,17,8,5,7,1425,1087,0,338
2018-03-31,NEW YORK SOUTHERN,NEW YORK,SECOND CIRCUIT,1944,1345,96,0,491,168,61,89,0,6,1776,1284,7,485
2018-03-31,NEW YORK WESTERN,NEW YORK,SECOND CIRCUIT,972,687,5,1,279,33,18,5,1,9,939,669,0,270
2018-03-31,NORTH CAROLINA EASTERN,NORTH CAROLINA,FOURTH CIRCUIT,1613,525,25,3,1060,62,27,22,3,10,1551,498,3,1050
2018-03-31,NORTH CAROLINA MIDDLE,NORTH CAROLINA,FOURTH CIRCUIT,958,374,2,0,582,19,13,2,0,4,939,361,0,578
2018-03-31,NORTH CAROLINA WESTERN,NORTH CAROLINA,FOURTH CIRCUIT,1062,549,15,0,498,39,17,15,0,7,1023,532,0,491
2018-03-31,NORTH DAKOTA,NORTH DAKOTA,EIGHTH CIRCUIT,180,165,1,0,14,7,4,0,0,3,173,161,1,11
2018-03-31,NORTHERN MARIANAS,NORTHERN MARIANA ISLANDS,NINTH CIRCUIT,0,0,0,0,0,0,0,0,0,0,0,0,0,0
2018-03-31,OHIO NORTHERN,OHIO,SIXTH CIRCUIT,5125,4098,14,0,1013,69,49,13,0,7,5056,4049,1,1006
2018-03-31,OHIO SOUTHERN,OHIO,SIXTH CIRCUIT,4186,2837,5,1,1343,68,57,5,1,5,4118,2780,0,1338
2018-03-31,OKLAHOMA EASTERN,OKLAHOMA,TENTH CIRCUIT,319,284,0,0,35,8,8,0,0,0,311,276,0,35
2018-03-31,OKLAHOMA NORTHERN,OKLAHOMA,TENTH CIRCUIT,644,577,0,0,67,12,12,0,0,0,632,565,0,67
2018-03-31,OKLAHOMA WESTERN,OKLAHOMA,TENTH CIRCUIT,1334,1027,2,0,305,30,25,1,0,4,1304,1002,1,301
2018-03-31,OREGON,OREGON,NINTH CIRCUIT,2245,1693,6,1,545,59,41,5,1,12,2186,1652,1,533
2018-03-31,PENNSYLVANIA EASTERN,PENNSYLVANIA,THIRD CIRCUIT,2212,1072,18,0,1122,66,37,18,0,11,2146,1035,0,1111
2018-03-31,PENNSYLVANIA MIDDLE,PENNSYLVANIA,THIRD CIRCUIT,1367,843,8,0,516,30,15,7,0,8,1337,828,1,508
2018-03-31,PENNSYLVANIA WESTERN,PENNSYLVANIA,THIRD CIRCUIT,1837,1173,14,2,648,63,38,13,2,10,1774,1135,1,638
2018-03-31,PUERTO RICO,PUERTO RICO,FIRST CIRCUIT,1803,835,32,3,933,52,20,23,3,6,1751,815,9,927
2018-03-31,RHODE ISLAND,RHODE ISLAND,FIRST CIRCUIT,565,417,1,0,147,14,12,1,0,1,551,405,0,146
2018-03-31,SOUTH CAROLINA,SOUTH CAROLINA,FOURTH CIRCUIT,1657,656,5,1,995,33,26,4,1,2,1624,630,1,993
2018-03-31,SOUTH DAKOTA,SOUTH DAKOTA,EIGHTH CIRCUIT,273,240,1,4,28,15,6,1,4,4,258,234,0,24
2018-03-31,TENNESSEE EASTERN,TENNESSEE,SIXTH CIRCUIT,3034,1802,8,1,1223,35,27,7,1,0,2999,1775,1,1223
2018-03-31,TENNESSEE MIDDLE,TENNESSEE,SIXTH CIRCUIT,2293,1199,8,0,1086,35,27,7,0,1,2258,1172,1,1085
2018-03-31,TENNESSEE WESTERN,TENNESSEE,SIXTH CIRCUIT,3465,943,7,0,2515,23,15,6,0,2,3442,928,1,2513
2018-03-31,TEXAS EASTERN,TEXAS,FIFTH CIRCUIT,1205,578,21,0,606,87,60,19,0,8,1118,518,2,598
2018-03-31,TEXAS NORTHERN,TEXAS,FIFTH CIRCUIT,2873,1260,156,4,1453,270,107,153,4,6,2603,1153,3,1447
2018-03-31,TEXAS SOUTHERN,TEXAS,FIFTH CIRCUIT,2121,900,202,1,1018,297,92,199,1,5,1824,808,3,1013
2018-03-31,TEXAS WESTERN,TEXAS,FIFTH CIRCUIT,1942,994,43,0,905,133,83,41,0,9,1809,911,2,896
2018-03-31,UTAH,UTAH,TENTH CIRCUIT,2271,1334,2,0,935,36,30,2,0,4,2235,1304,0,931
2018-03-31,VERMONT,VERMONT,SECOND CIRCUIT,147,129,0,1,17,9,7,0,1,1,138,122,0,16
2018-03-31,VIRGIN ISLANDS,VIRGIN ISLANDS,THIRD CIRCUIT,7,3,1,0,3,2,0,1,0,1,5,3,0,2
2018-03-31,VIRGINIA EASTERN,VIRGINIA,FOURTH CIRCUIT,4437,2551,35,0,1851,94,63,27,0,4,4343,2488,8,1847
2018-03-31,VIRGINIA WESTERN,VIRGINIA,FOURTH CIRCUIT,1372,826,0,1,545,22,18,0,1,3,1350,808,0,542
2018-03-31,WASHINGTON EASTERN,WASHINGTON,NINTH CIRCUIT,920,716,2,0,202,19,16,2,0,1,901,700,0,201
2018-03-31,WASHINGTON WESTERN,WASHINGTON,NINTH CIRCUIT,2656,1942,16,0,698,77,62,11,0,4,2579,1880,5,694
2018-03-31,WEST VIRGINIA NORTHERN,WEST VIRGINIA,FOURTH CIRCUIT,318,273,1,0,44,10,9,1,0,0,308,264,0,44
2018-03-31,WEST VIRGINIA SOUTHERN,WEST VIRGINIA,FOURTH CIRCUIT,471,411,11,0,49,17,6,11,0,0,454,405,0,49
2018-03-31,WISCONSIN EASTERN,WISCONSIN,SEVENTH CIRCUIT,2978,1971,0,7,1000,49,39,0,7,3,2929,1932,0,997
2018-03-31,WISCONSIN WESTERN,WISCONSIN,SEVENTH CIRCUIT,1039,840,3,10,186,31,16,1,10,4,1008,824,2,182
2018-03-31,WYOMING,WYOMING,TENTH CIRCUIT,235,208,7,0,20,11,4,7,0,0,224,204,0,20
2018-06-30,ALABAMA MIDDLE,ALABAMA,ELEVENTH CIRCUIT,1959,460,2,0,1497,12,12,0,0,0,1947,448,2,1497
2018-06-30,ALABAMA NORTHERN,ALABAMA,ELEVENTH CIRCUIT,3312,1615,8,1,1688,35,21,8,1,5,3277,1594,0,1683
2018-06-30,ALABAMA SOUTHERN,ALABAMA,ELEVENTH CIRCUIT,1344,394,1,0,949,4,2,1,0,1,1340,392,0,948
2018-06-30,ALASKA,ALASKA,NINTH CIRCUIT,105,88,1,0,16,6,5,1,0,0,99,83,0,16
2018-06-30,ARIZONA,ARIZONA,NINTH CIRCUIT,4617,3780,44,2,791,126,86,32,2,6,4491,3694,12,785
2018-06-30,ARKANSAS EASTERN,ARKANSAS,EIGHTH CIRCUIT,1818,868,2,1,947,26,16,2,1,7,1792,852,0,940
2018-06-30,ARKANSAS WESTERN,ARKANSAS,EIGHTH CIRCUIT,933,528,2,2,401,25,18,2,2,3,908,510,0,398
2018-06-30,CALIFORNIA CENTRAL,CALIFORNIA,NINTH CIRCUIT,9798,7646,106,2,2044,385,296,63,2,24,9413,7350,43,2020
2018-06-30,CALIFORNIA EASTERN,CALIFORNIA,NINTH CIRCUIT,4038,3117,20,3,898,111,64,18,3,26,3927,3053,2,872
2018-06-30,CALIFORNIA NORTHERN,CALIFORNIA,NINTH CIRCUIT,2220,1271,28,0,921,117,82,18,0,17,2103,1189,10,904
2018-06-30,CALIFORNIA SOUTHERN,CALIFORNIA,NINTH CIRCUIT,2073,1675,12,0,386,76,52,7,0,17,1997,1623,5,369
2018-06-30,COLORADO,COLORADO,TENTH CIRCUIT,3245,2565,22,1,656,109,78,21,1,8,3136,2487,1,648
2018-06-30,CONNECTICUT,CONNECTICUT,SECOND CIRCUIT,1653,1357,12,0,284,51,37,12,0,2,1602,1320,0,282
2018-06-30,DELAWARE,DELAWARE,THIRD CIRCUIT,783,397,136,0,249,208,68,136,0,3,575,329,0,246
2018-06-30,DISTRICT OF COLUMBIA,DISTRICT OF COLUMBIA,DC CIRCUIT,247,155,6,0,86,10,6,2,0,2,237,149,4,84
2018-06-30,FLORIDA MIDDLE,FLORIDA,ELEVENTH CIRCUIT,6405,4657,53,0,1695,245,185,41,0,19,6160,4472,12,1676
2018-06-30,FLORIDA NORTHERN,FLORIDA,ELEVENTH CIRCUIT,684,549,10,0,124,31,20,9,0,1,653,529,1,123
2018-06-30,FLORIDA SOUTHERN,FLORIDA,ELEVENTH CIRCUIT,4396,2399,68,0,1929,161,97,56,0,8,4235,2302,12,1921
2018-06-30,GEORGIA MIDDLE,GEORGIA,ELEVENTH CIRCUIT,2055,730,7,8,1310,47,23,7,8,9,2008,707,0,1301
2018-06-30,GEORGIA NORTHERN,GEORGIA,ELEVENTH CIRCUIT,7671,3969,36,2,3664,132,91,34,2,5,7539,3878,2,3659
2018-06-30,GEORGIA SOUTHERN,GEORGIA,ELEVENTH CIRCUIT,1588,339,2,0,1247,22,14,1,0,7,1566,325,1,1240
2018-06-30,GUAM,GUAM,NINTH CIRCUIT,40,37,0,0,3,0,0,0,0,0,40,37,0,3
2018-06-30,HAWAII,HAWAII,NINTH CIRCUIT,418,271,1,0,146,13,12,1,0,0,405,259,0,146
2018-06-30,IDAHO,IDAHO,NINTH CIRCUIT,1044,942,7,1,94,26,18,6,1,1,1018,924,1,93
2018-06-30,ILLINOIS CENTRAL,ILLINOIS,SEVENTH CIRCUIT,1410,1138,2,0,270,21,14,2,0,5,1389,1124,0,265
2018-06-30,ILLINOIS NORTHERN,ILLINOIS,SEVENTH CIRCUIT,10005,5720,40,2,4243,181,129,36,2,14,9824,5591,4,4229
2018-06-30,ILLINOIS SOUTHERN,ILLINOIS,SEVENTH CIRCUIT,969,668,3,1,297,13,7,3,1,2,956,661,0,295
2018-06-30,INDIANA NORTHERN,INDIANA,SEVENTH CIRCUIT,2609,1902,7,0,700,25,17,7,0,1,2584,1885,0,699
2018-06-30,INDIANA SOUTHERN,INDIANA,SEVENTH CIRCUIT,3985,2660,7,5,1313,45,30,6,5,4,3940,2630,1,1309
2018-06-30,IOWA NORTHERN,IOWA,EIGHTH CIRCUIT,500,458,0,4,38,19,14,0,4,1,481,444,0,37
2018-06-30,IOWA SOUTHERN,IOWA,EIGHTH CIRCUIT,826,729,4,1,92,30,26,3,1,0,796,703,1,92
2018-06-30,KANSAS,KANSAS,TENTH CIRCUIT,1924,1098,10,9,807,52,29,9,9,5,1872,1069,1,802
2018-06-30,KENTUCKY EASTERN,KENTUCKY,SIXTH CIRCUIT,2066,1452,2,2,610,21,15,2,2,2,2045,1437,0,608
2018-06-30,KENTUCKY WESTERN,KENTUCKY,SIXTH CIRCUIT,1906,1215,6,2,683,25,16,6,2,1,1881,1199,0,682
2018-06-30,LOUISIANA EASTERN,LOUISIANA,FIFTH CIRCUIT,899,421,5,0,472,32,23,5,0,3,867,398,0,469
2018-06-30,LOUISIANA MIDDLE,LOUISIANA,FIFTH CIRCUIT,391,209,0,0,182,4,4,0,0,0,387,205,0,182
2018-06-30,LOUISIANA WESTERN,LOUISIANA,FIFTH CIRCUIT,2098,452,14,3,1629,30,11,14,3,2,2068,441,0,1627
2018-06-30,MAINE,MAINE,FIRST CIRCUIT,435,379,1,3,52,16,8,1,3,4,419,371,0,48
2018-06-30,MARYLAND,MARYLAND,FOURTH CIRCUIT,4600,3060,32,2,1506,101,61,26,2,12,4499,2999,6,1494
2018-06-30,MASSACHUSETTS,MASSACHUSETTS,FIRST CIRCUIT,2359,1460,29,2,868,87,61,15,2,9,2272,1399,14,859
2018-06-30,MICHIGAN EASTERN,MICHIGAN,SIXTH CIRCUIT,6478,5022,28,0,1428,87,50,26,0,11,6391,4972,2,1417
2018-06-30,MICHIGAN WESTERN,MICHIGAN,SIXTH CIRCUIT,1533,1217,1,1,314,28,24,1,1,2,1505,1193,0,312
2018-06-30,MINNESOTA,MINNESOTA,EIGHTH CIRCUIT,2765,2220,5,6,534,72,56,4,6,6,2693,2164,1,528
2018-06-30,MISSISSIPPI NORTHERN,MISSISSIPPI,FIFTH CIRCUIT,1354,579,3,0,772,18,10,3,0,5,1336,569,0,767
2018-06-30,MISSISSIPPI SOUTHERN,MISSISSIPPI,FIFTH CIRCUIT,1952,1040,6,1,905,36,25,5,1,5,1916,1015,1,900
2018-06-30,MISSOURI EASTERN,MISSOURI,EIGHTH CIRCUIT,2675,1808,3,2,862,36,28,2,2,4,2639,1780,1,858
2018-06-30,MISSOURI WESTERN,MISSOURI,EIGHTH CIRCUIT,1935,1319,7,4,605,38,23,6,4,5,1897,1296,1,600
2018-06-30,MONTANA,MONTANA,NINTH CIRCUIT,407,347,2,1,57,15,8,2,1,4,392,339,0,53
2018-06-30,NEBRASKA,NEBRASKA,EIGHTH CIRCUIT,1070,751,4,6,309,28,16,4,6,2,1042,735,0,307
2018-06-30,NEVADA,NEVADA,NINTH CIRCUIT,2575,2072,48,0,455,80,49,29,0,2,2495,2023,19,453
2018-06-30,NEW HAMPSHIRE,NEW HAMPSHIRE,FIRST CIRCUIT,461,343,2,1,115,19,12,2,1,4,442,331,0,111
2018-06-30,NEW JERSEY,NEW JERSEY,THIRD CIRCUIT,7062,4325,75,0,2662,180,99,54,0,27,6882,4226,21,2635
2018-06-30,NEW MEXICO,NEW MEXICO,TENTH CIRCUIT,872,765,7,0,100,21,12,7,0,2,851,753,0,98
2018-06-30,NEW YORK EASTERN,NEW YORK,SECOND CIRCUIT,4404,2684,99,0,1621,224,138,86,0,0,4180,2546,13,1621
2018-06-30,NEW YORK NORTHERN,NEW YORK,SECOND CIRCUIT,1654,1286,6,0,362,20,13,6,0,1,1634,1273,0,361
2018-06-30,NEW YORK SOUTHERN,NEW YORK,SECOND CIRCUIT,2309,1664,126,3,510,205,80,109,3,7,2104,1584,17,503
2018-06-30,NEW YORK WESTERN,NEW YORK,SECOND CIRCUIT,1094,783,15,3,293,38,19,15,3,1,1056,764,0,292
2018-06-30,NORTH CAROLINA EASTERN,NORTH CAROLINA,FOURTH CIRCUIT,1719,632,20,0,1067,59,30,18,0,11,1660,602,2,1056
2018-06-30,NORTH CAROLINA MIDDLE,NORTH CAROLINA,FOURTH CIRCUIT,951,426,2,0,523,22,16,2,0,4,929,410,0,519
2018-06-30,NORTH CAROLINA WESTERN,NORTH CAROLINA,FOURTH CIRCUIT,1020,538,9,1,471,26,10,9,1,5,994,528,0,466
2018-06-30,NORTH DAKOTA,NORTH DAKOTA,EIGHTH CIRCUIT,225,202,1,1,21,9,7,1,1,0,216,195,0,21
2018-06-30,NORTHERN MARIANAS,NORTHERN MARIANA ISLANDS,NINTH CIRCUIT,0,0,0,0,0,0,0,0,0,0,0,0,0,0
2018-06-30,OHIO NORTHERN,OHIO,SIXTH CIRCUIT,5387,4380,3,1,1003,64,52,3,1,8,5323,4328,0,995
2018-06-30,OHIO SOUTHERN,OHIO,SIXTH CIRCUIT,4784,3344,3,2,1435,61,43,3,2,13,4723,3301,0,1422
2018-06-30,OKLAHOMA EASTERN,OKLAHOMA,TENTH CIRCUIT,430,383,1,0,46,10,10,0,0,0,420,373,1,46
2018-06-30,OKLAHOMA NORTHERN,OKLAHOMA,TENTH CIRCUIT,717,639,7,0,71,14,6,7,0,1,703,633,0,70
2018-06-30,OKLAHOMA WESTERN,OKLAHOMA,TENTH CIRCUIT,1561,1246,1,0,314,32,28,1,0,3,1529,1218,0,311
2018-06-30,OREGON,OREGON,NINTH CIRCUIT,2348,1767,11,1,569,53,37,10,1,5,2295,1730,1,564
2018-06-30,PENNSYLVANIA EASTERN,PENNSYLVANIA,THIRD CIRCUIT,2257,1150,18,0,1089,77,51,16,0,10,2180,1099,2,1079
2018-06-30,PENNSYLVANIA MIDDLE,PENNSYLVANIA,THIRD CIRCUIT,1459,930,7,1,521,46,26,7,1,12,1413,904,0,509
2018-06-30,PENNSYLVANIA WESTERN,PENNSYLVANIA,THIRD CIRCUIT,2035,1344,28,5,658,62,27,25,5,5,1973,1317,3,653
2018-06-30,PUERTO RICO,PUERTO RICO,FIRST CIRCUIT,2054,873,42,1,1138,60,20,34,1,5,1994,853,8,1133
2018-06-30,RHODE ISLAND,RHODE ISLAND,FIRST CIRCUIT,653,472,3,0,178,23,18,3,0,2,630,454,0,176
2018-06-30,SOUTH CAROLINA,SOUTH CAROLINA,FOURTH CIRCUIT,1711,708,7,0,996,44,35,6,0,3,1667,673,1,993
2018-06-30,SOUTH DAKOTA,SOUTH DAKOTA,EIGHTH CIRCUIT,291,266,1,2,22,10,4,1,2,3,281,262,0,19
2018-06-30,TENNESSEE EASTERN,TENNESSEE,SIXTH CIRCUIT,3124,1824,8,3,1289,36,21,7,3,5,3088,1803,1,1284
2018-06-30,TENNESSEE MIDDLE,TENNESSEE,SIXTH CIRCUIT,2207,1089,8,2,1108,34,23,5,2,4,2173,1066,3,1104
2018-06-30,TENNESSEE WESTERN,TENNESSEE,SIXTH CIRCUIT,3376,912,3,1,2460,23,17,3,1,2,3353,895,0,2458
2018-06-30,TEXAS EASTERN,TEXAS,FIFTH CIRCUIT,1272,655,9,0,608,74,60,9,0,5,1198,595,0,603
2018-06-30,TEXAS NORTHERN,TEXAS,FIFTH CIRCUIT,2832,1374,45,4,1409,160,104,38,4,14,2672,1270,7,1395
2018-06-30,TEXAS SOUTHERN,TEXAS,FIFTH CIRCUIT,2539,1074,55,2,1408,154,89,52,2,11,2385,985,3,1397
2018-06-30,TEXAS WESTERN,TEXAS,FIFTH CIRCUIT,2106,1151,26,2,927,112,78,23,2,9,1994,1073,3,918
2018-06-30,UTAH,UTAH,TENTH CIRCUIT,2734,1745,7,2,980,43,29,7,2,5,2691,1716,0,975
2018-06-30,VERMONT,VERMONT,SECOND CIRCUIT,122,95,2,2,23,9,5,2,2,0,113,90,0,23
2018-06-30,VIRGIN ISLANDS,VIRGIN ISLANDS,THIRD CIRCUIT,1,1,0,0,0,0,0,0,0,0,1,1,0,0
2018-06-30,VIRGINIA EASTERN,VIRGINIA,FOURTH CIRCUIT,4634,2743,19,1,1871,86,67,12,1,6,4548,2676,7,1865
2018-06-30,VIRGINIA WESTERN,VIRGINIA,FOURTH CIRCUIT,1447,875,6,2,564,27,15,6,2,4,1420,860,0,560
2018-06-30,WASHINGTON EASTERN,WASHINGTON,NINTH CIRCUIT,995,744,6,3,242,25,14,5,3,3,970,730,1,239
2018-06-30,WASHINGTON WESTERN,WASHINGTON,NINTH CIRCUIT,2550,1854,14,0,682,72,56,9,0,7,2478,1798,5,675
2018-06-30,WEST VIRGINIA NORTHERN,WEST VIRGINIA,FOURTH CIRCUIT,344,281,2,0,61,17,14,2,0,1,327,267,0,60
2018-06-30,WEST VIRGINIA SOUTHERN,WEST VIRGINIA,FOURTH CIRCUIT,490,425,9,0,56,17,8,9,0,0,473,417,0,56
2018-06-30,WISCONSIN EASTERN,WISCONSIN,SEVENTH CIRCUIT,3657,2522,2,3,1130,44,35,1,3,5,3613,2487,1,1125
2018-06-30,WISCONSIN WESTERN,WISCONSIN,SEVENTH CIRCUIT,1260,1055,2,6,197,32,19,2,6,5,1228,1036,0,192
2018-06-30,WYOMING,WYOMING,TENTH CIRCUIT,318,285,6,0,27,17,10,6,0,1,301,275,0,26
2018-09-30,ALABAMA MIDDLE,ALABAMA,ELEVENTH CIRCUIT,2047,427,3,0,1617,13,8,3,0,2,2034,419,0,1615
2018-09-30,ALABAMA NORTHERN,ALABAMA,ELEVENTH CIRCUIT,3413,1475,6,2,1930,38,27,6,0,3,3375,1448,0,1927
2018-09-30,ALABAMA SOUTHERN,ALABAMA,ELEVENTH CIRCUIT,1342,337,6,0,999,11,7,2,0,2,1331,330,4,997
2018-09-30,ALASKA,ALASKA,NINTH CIRCUIT,130,94,0,0,36,3,2,0,0,1,127,92,0,35
2018-09-30,ARIZONA,ARIZONA,NINTH CIRCUIT,4307,3505,34,0,768,87,58,24,0,5,4220,3447,10,763
2018-09-30,ARKANSAS,ARKANSAS,EIGHTH CIRCUIT,2664,1256,8,6,1394,50,29,7,0,8,2614,1227,1,1386
2018-09-30,CALIFORNIA CENTRAL,CALIFORNIA,NINTH CIRCUIT,9459,7204,138,0,2117,396,281,94,0,21,9063,6923,44,2096
2018-09-30,CALIFORNIA EASTERN,CALIFORNIA,NINTH CIRCUIT,3722,2833,8,2,878,100,76,6,0,15,3622,2757,2,863
2018-09-30,CALIFORNIA NORTHERN,CALIFORNIA,NINTH CIRCUIT,2203,1198,42,1,962,124,83,23,0,17,2079,1115,19,945
2018-09-30,CALIFORNIA SOUTHERN,CALIFORNIA,NINTH CIRCUIT,1990,1628,3,0,359,68,51,2,0,15,1922,1577,1,344
2018-09-30,COLORADO,COLORADO,TENTH CIRCUIT,2839,2210,14,0,615,85,67,12,0,6,2754,2143,2,609
2018-09-30,CONNECTICUT,CONNECTICUT,SECOND CIRCUIT,1520,1203,8,0,309,41,30,6,0,5,1479,1173,2,304
2018-09-30,DELAWARE,DELAWARE,THIRD CIRCUIT,632,307,61,0,258,106,39,61,0,0,526,268,0,258
2018-09-30,DISTRICT OF COLUMBIA,DISTRICT OF COLUMBIA,DC CIRCUIT,188,116,6,0,66,6,2,3,0,1,182,114,3,65
2018-09-30,FLORIDA MIDDLE,FLORIDA,ELEVENTH CIRCUIT,6251,4466,65,2,1718,213,144,48,0,19,6038,4322,17,1699
2018-09-30,FLORIDA NORTHERN,FLORIDA,ELEVENTH CIRCUIT,618,480,7,0,131,26,20,6,0,0,592,460,1,131
2018-09-30,FLORIDA SOUTHERN,FLORIDA,ELEVENTH CIRCUIT,4319,2388,69,0,1860,150,84,57,0,7,4169,2304,12,1853
2018-09-30,GEORGIA MIDDLE,GEORGIA,ELEVENTH CIRCUIT,2241,664,11,3,1563,38,15,11,0,9,2203,649,0,1554
2018-09-30,GEORGIA NORTHERN,GEORGIA,ELEVENTH CIRCUIT,7751,3796,32,3,3920,142,106,29,0,4,7609,3690,3,3916
2018-09-30,GEORGIA SOUTHERN,GEORGIA,ELEVENTH CIRCUIT,1786,342,4,0,1440,21,16,4,0,1,1765,326,0,1439
2018-09-30,GUAM,GUAM,NINTH CIRCUIT,28,22,0,0,6,1,1,0,0,0,27,21,0,6
2018-09-30,HAWAII,HAWAII,NINTH CIRCUIT,392,270,0,0,122,16,14,0,0,2,376,256,0,120
2018-09-30,IDAHO,IDAHO,NINTH CIRCUIT,937,823,7,1,106,24,17,4,0,2,913,806,3,104
2018-09-30,ILLINOIS CENTRAL,ILLINOIS,SEVENTH CIRCUIT,1269,1031,3,0,235,24,21,2,0,1,1245,1010,1,234
2018-09-30,ILLINOIS NORTHERN,ILLINOIS,SEVENTH CIRCUIT,9737,5121,17,2,4597,146,116,15,0,13,9591,5005,2,4584
2018-09-30,ILLINOIS SOUTHERN,ILLINOIS,SEVENTH CIRCUIT,917,612,1,1,303,24,20,1,0,2,893,592,0,301
2018-09-30,INDIANA NORTHERN,INDIANA,SEVENTH CIRCUIT,2264,1557,8,1,698,29,16,8,0,4,2235,1541,0,694
2018-09-30,INDIANA SOUTHERN,INDIANA,SEVENTH CIRCUIT,3638,2331,13,2,1292,42,28,12,0,0,3596,2303,1,1292
2018-09-30,IOWA NORTHERN,IOWA,EIGHTH CIRCUIT,464,406,5,0,53,19,14,5,0,0,445,392,0,53
2018-09-30,IOWA SOUTHERN,IOWA,EIGHTH CIRCUIT,678,586,0,2,90,21,17,0,0,2,657,569,0,88
2018-09-30,KANSAS,KANSAS,TENTH CIRCUIT,1785,945,5,7,828,44,27,5,0,5,1741,918,0,823
2018-09-30,KENTUCKY EASTERN,KENTUCKY,SIXTH CIRCUIT,1818,1201,3,3,611,19,12,3,0,1,1799,1189,0,610
2018-09-30,KENTUCKY WESTERN,KENTUCKY,SIXTH CIRCUIT,1829,1085,3,0,741,29,19,3,0,7,1800,1066,0,734
2018-09-30,LOUISIANA EASTERN,LOUISIANA,FIFTH CIRCUIT,945,412,11,0,522,38,25,9,0,4,907,387,2,518
2018-09-30,LOUISIANA MIDDLE,LOUISIANA,FIFTH CIRCUIT,398,208,2,0,188,7,5,2,0,0,391,203,0,188
2018-09-30,LOUISIANA WESTERN,LOUISIANA,FIFTH CIRCUIT,2237,431,10,1,1795,36,21,9,0,5,2201,410,1,1790
2018-09-30,MAINE,MAINE,FIRST CIRCUIT,394,323,9,2,60,20,9,7,0,2,374,314,2,58
2018-09-30,MARYLAND,MARYLAND,FOURTH CIRCUIT,4219,2758,32,0,1429,91,55,26,0,10,4128,2703,6,1419
2018-09-30,MASSACHUSETTS,MASSACHUSETTS,FIRST CIRCUIT,2071,1241,16,4,810,73,48,10,0,11,1998,1193,6,799
2018-09-30,MICHIGAN EASTERN,MICHIGAN,SIXTH CIRCUIT,5518,4176,13,3,1326,73,49,12,0,9,5445,4127,1,1317
2018-09-30,MICHIGAN WESTERN,MICHIGAN,SIXTH CIRCUIT,1347,1033,6,1,307,33,23,5,0,4,1314,1010,1,303
2018-09-30,MINNESOTA,MINNESOTA,EIGHTH CIRCUIT,2360,1866,7,9,478,88,68,6,0,5,2272,1798,1,473
2018-09-30,MISSISSIPPI NORTHERN,MISSISSIPPI,FIFTH CIRCUIT,1270,476,3,1,790,14,7,3,0,3,1256,469,0,787
2018-09-30,MISSISSIPPI SOUTHERN,MISSISSIPPI,FIFTH CIRCUIT,1863,911,8,0,944,26,16,7,0,3,1837,895,1,941
2018-09-30,MISSOURI EASTERN,MISSOURI,EIGHTH CIRCUIT,2490,1605,4,0,881,40,31,3,0,6,2450,1574,1,875
2018-09-30,MISSOURI WESTERN,MISSOURI,EIGHTH CIRCUIT,1828,1183,5,0,640,27,21,4,0,2,1801,1162,1,638
2018-09-30,MONTANA,MONTANA,NINTH CIRCUIT,293,244,0,2,46,6,2,0,0,1,287,242,0,45
2018-09-30,NEBRASKA,NEBRASKA,EIGHTH CIRCUIT,1008,697,14,7,290,33,10,14,0,2,975,687,0,288
2018-09-30,NEVADA,NEVADA,NINTH CIRCUIT,2437,1937,29,0,471,79,60,17,0,2,2358,1877,12,469
2018-09-30,NEW HAMPSHIRE,NEW HAMPSHIRE,FIRST CIRCUIT,455,321,3,1,130,17,14,2,0,0,438,307,1,130
2018-09-30,NEW JERSEY,NEW JERSEY,THIRD CIRCUIT,6393,3703,67,0,2622,172,100,52,0,19,6221,3603,15,2603
2018-09-30,NEW MEXICO,NEW MEXICO,TENTH CIRCUIT,806,721,5,0,80,23,18,5,0,0,783,703,0,80
2018-09-30,NEW YORK EASTERN,NEW YORK,SECOND CIRCUIT,3935,2318,91,0,1526,211,134,77,0,0,3724,2184,14,1526
2018-09-30,NEW YORK NORTHERN,NEW YORK,SECOND CIRCUIT,1432,1113,3,7,309,32,17,2,0,6,1400,1096,1,303
2018-09-30,NEW YORK SOUTHERN,NEW YORK,SECOND CIRCUIT,1976,1389,86,0,475,141,34,78,0,3,1835,1355,8,472
2018-09-30,NEW YORK WESTERN,NEW YORK,SECOND CIRCUIT,1064,691,11,1,361,41,22,10,0,8,1023,669,1,353
2018-09-30,NORTH CAROLINA EASTERN,NORTH CAROLINA,FOURTH CIRCUIT,1519,506,18,1,994,47,25,12,0,9,1472,481,6,985
2018-09-30,NORTH CAROLINA MIDDLE,NORTH CAROLINA,FOURTH CIRCUIT,915,362,10,1,542,28,17,10,0,0,887,345,0,542
2018-09-30,NORTH CAROLINA WESTERN,NORTH CAROLINA,FOURTH CIRCUIT,971,507,7,0,457,22,12,3,0,7,949,495,4,450
2018-09-30,NORTH DAKOTA,NORTH DAKOTA,EIGHTH CIRCUIT,203,174,0,6,23,15,8,0,0,1,188,166,0,22
2018-09-30,NORTHERN MARIANAS,NORTHERN MARIANA ISLANDS,NINTH CIRCUIT,0,0,0,0,0,0,0,0,0,0,0,0,0,0
2018-09-30,OHIO NORTHERN,OHIO,SIXTH CIRCUIT,4964,3920,8,0,1036,69,56,7,0,6,4895,3864,1,1030
2018-09-30,OHIO SOUTHERN,OHIO,SIXTH CIRCUIT,4139,2832,6,1,1300,71,58,4,0,8,4068,2774,2,1292
2018-09-30,OKLAHOMA EASTERN,OKLAHOMA,TENTH CIRCUIT,368,337,1,0,30,5,3,1,0,1,363,334,0,29
2018-09-30,OKLAHOMA NORTHERN,OKLAHOMA,TENTH CIRCUIT,668,592,1,0,75,13,10,1,0,2,655,582,0,73
2018-09-30,OKLAHOMA WESTERN,OKLAHOMA,TENTH CIRCUIT,1368,1066,2,1,299,27,24,0,0,2,1341,1042,2,297
2018-09-30,OREGON,OREGON,NINTH CIRCUIT,2146,1637,2,0,507,50,39,2,0,9,2096,1598,0,498
2018-09-30,PENNSYLVANIA EASTERN,PENNSYLVANIA,THIRD CIRCUIT,2137,1005,23,2,1107,86,48,22,0,14,2051,957,1,1093
2018-09-30,PENNSYLVANIA MIDDLE,PENNSYLVANIA,THIRD CIRCUIT,1404,848,8,0,548,36,21,8,0,7,1368,827,0,541
2018-09-30,PENNSYLVANIA WESTERN,PENNSYLVANIA,THIRD CIRCUIT,1795,1106,22,1,666,52,27,19,0,5,1743,1079,3,661
2018-09-30,PUERTO RICO,PUERTO RICO,FIRST CIRCUIT,2029,856,25,5,1143,49,12,18,0,14,1980,844,7,1129
2018-09-30,RHODE ISLAND,RHODE ISLAND,FIRST CIRCUIT,502,374,0,0,128,11,11,0,0,0,491,363,0,128
2018-09-30,SOUTH CAROLINA,SOUTH CAROLINA,FOURTH CIRCUIT,1662,661,6,1,994,35,27,6,0,1,1627,634,0,993
2018-09-30,SOUTH DAKOTA,SOUTH DAKOTA,EIGHTH CIRCUIT,278,239,2,3,34,13,6,2,0,2,265,233,0,32
2018-09-30,TENNESSEE EASTERN,TENNESSEE,SIXTH CIRCUIT,3135,1702,7,0,1426,36,28,5,0,3,3099,1674,2,1423
2018-09-30,TENNESSEE MIDDLE,TENNESSEE,SIXTH CIRCUIT,2238,1041,27,1,1169,47,23,22,0,1,2191,1018,5,1168
2018-09-30,TENNESSEE WESTERN,TENNESSEE,SIXTH CIRCUIT,3574,803,7,0,2764,30,17,7,0,6,3544,786,0,2758
2018-09-30,TEXAS EASTERN,TEXAS,FIFTH CIRCUIT,1317,577,16,0,724,95,77,13,0,5,1222,500,3,719
2018-09-30,TEXAS NORTHERN,TEXAS,FIFTH CIRCUIT,2832,1310,71,0,1451,188,105,71,0,12,2644,1205,0,1439
2018-09-30,TEXAS SOUTHERN,TEXAS,FIFTH CIRCUIT,2454,966,101,2,1385,208,97,98,0,11,2246,869,3,1374
2018-09-30,TEXAS WESTERN,TEXAS,FIFTH CIRCUIT,2029,1055,28,1,945,117,88,26,0,2,1912,967,2,943
2018-09-30,UTAH,UTAH,TENTH CIRCUIT,2415,1404,8,3,1000,43,25,8,0,7,2372,1379,0,993
2018-09-30,VERMONT,VERMONT,SECOND CIRCUIT,147,118,2,0,27,11,9,2,0,0,136,109,0,27
2018-09-30,VIRGIN ISLANDS,VIRGIN ISLANDS,THIRD CIRCUIT,1,0,0,0,1,1,0,0,0,1,0,0,0,0
2018-09-30,VIRGINIA EASTERN,VIRGINIA,FOURTH CIRCUIT,4040,2207,13,0,1820,75,60,7,0,8,3965,2147,6,1812
2018-09-30,VIRGINIA WESTERN,VIRGINIA,FOURTH CIRCUIT,1359,828,4,1,526,24,15,4,0,4,1335,813,0,522
2018-09-30,WASHINGTON EASTERN,WASHINGTON,NINTH CIRCUIT,863,693,3,1,166,15,11,3,0,0,848,682,0,166
2018-09-30,WASHINGTON WESTERN,WASHINGTON,NINTH CIRCUIT,2282,1575,19,0,688,58,34,16,0,8,2224,1541,3,680
2018-09-30,WEST VIRGINIA NORTHERN,WEST VIRGINIA,FOURTH CIRCUIT,289,232,6,0,51,11,4,6,0,1,278,228,0,50
2018-09-30,WEST VIRGINIA SOUTHERN,WEST VIRGINIA,FOURTH CIRCUIT,463,420,1,0,42,7,6,1,0,0,456,414,0,42
2018-09-30,WISCONSIN EASTERN,WISCONSIN,SEVENTH CIRCUIT,2881,1875,2,2,1002,38,32,2,0,2,2843,1843,0,1000
2018-09-30,WISCONSIN WESTERN,WISCONSIN,SEVENTH CIRCUIT,1070,860,2,8,200,32,16,2,0,6,1038,844,0,194
2018-09-30,WYOMING,WYOMING,TENTH CIRCUIT,271,239,5,0,27,13,8,5,0,0,258,231,0,27
2018-12-31,ALABAMA MIDDLE,ALABAMA,ELEVENTH CIRCUIT,1899,387,2,0,1510,9,8,1,0,0,1890,379,1,1510
2018-12-31,ALABAMA NORTHERN,ALABAMA,ELEVENTH CIRCUIT,3317,1390,20,2,1905,48,25,20,0,1,3269,1365,0,1904
2018-12-31,ALABAMA SOUTHERN,ALABAMA,ELEVENTH CIRCUIT,1289,343,3,0,943,10,7,2,0,1,1279,336,1,942
2018-12-31,ALASKA,ALASKA,NINTH CIRCUIT,114,90,0,0,24,10,9,0,0,1,104,81,0,23
2018-12-31,ARIZONA,ARIZONA,NINTH CIRCUIT,3895,3081,43,0,771,122,84,31,0,7,3773,2997,12,764
2018-12-31,ARKANSAS,ARKANSAS,EIGHTH CIRCUIT,2561,1171,10,2,1378,45,27,10,0,6,2516,1144,0,1372
2018-12-31,CALIFORNIA CENTRAL,CALIFORNIA,NINTH CIRCUIT,8757,6677,82,0,1998,372,297,48,0,27,8385,6380,34,1971
2018-12-31,CALIFORNIA EASTERN,CALIFORNIA,NINTH CIRCUIT,3428,2609,15,4,800,115,83,13,0,15,3313,2526,2,785
2018-12-31,CALIFORNIA NORTHERN,CALIFORNIA,NINTH CIRCUIT,2032,1123,36,1,872,100,60,21,0,18,1932,1063,15,854
2018-12-31,CALIFORNIA SOUTHERN,CALIFORNIA,NINTH CIRCUIT,1847,1496,10,0,341,76,53,8,0,15,1771,1443,2,326
2018-12-31,COLORADO,COLORADO,TENTH CIRCUIT,2670,2071,17,0,582,80,61,16,0,3,2590,2010,1,579
2018-12-31,CONNECTICUT,CONNECTICUT,SECOND CIRCUIT,1441,1174,12,1,254,58,39,9,0,9,1383,1135,3,245
2018-12-31,DELAWARE,DELAWARE,THIRD CIRCUIT,735,319,197,0,217,220,19,197,0,2,515,300,0,215
2018-12-31,DISTRICT OF COLUMBIA,DISTRICT OF COLUMBIA,DC CIRCUIT,170,115,5,0,50,11,6,3,0,2,159,109,2,48
2018-12-31,FLORIDA MIDDLE,FLORIDA,ELEVENTH CIRCUIT,5997,4284,81,0,1631,245,169,59,0,16,5752,4115,22,1615
2018-12-31,FLORIDA NORTHERN,FLORIDA,ELEVENTH CIRCUIT,580,438,9,0,133,21,13,8,0,0,559,425,1,133
2018-12-31,FLORIDA SOUTHERN,FLORIDA,ELEVENTH CIRCUIT,4150,2267,62,0,1806,166,85,52,0,14,3984,2182,10,1792
2018-12-31,GEORGIA MIDDLE,GEORGIA,ELEVENTH CIRCUIT,2063,619,9,4,1431,37,19,8,0,6,2026,600,1,1425
2018-12-31,GEORGIA NORTHERN,GEORGIA,ELEVENTH CIRCUIT,7544,3619,39,0,3886,134,92,36,0,6,7410,3527,3,3880
2018-12-31,GEORGIA SOUTHERN,GEORGIA,ELEVENTH CIRCUIT,1612,297,4,0,1311,15,11,4,0,0,1597,286,0,1311
2018-12-31,GUAM,GUAM,NINTH CIRCUIT,43,34,0,0,9,0,0,0,0,0,43,34,0,9
2018-12-31,HAWAII,HAWAII,NINTH CIRCUIT,371,253,2,0,116,17,12,2,0,3,354,241,0,113
2018-12-31,IDAHO,IDAHO,NINTH CIRCUIT,896,794,7,3,92,24,16,5,0,0,872,778,2,92
2018-12-31,ILLINOIS CENTRAL,ILLINOIS,SEVENTH CIRCUIT,1242,973,5,0,264,37,30,5,0,2,1205,943,0,262
2018-12-31,ILLINOIS NORTHERN,ILLINOIS,SEVENTH CIRCUIT,9171,4921,38,0,4212,177,134,35,0,8,8994,4787,3,4204
2018-12-31,ILLINOIS SOUTHERN,ILLINOIS,SEVENTH CIRCUIT,774,495,1,1,277,22,16,1,0,4,752,479,0,273
2018-12-31,INDIANA NORTHERN,INDIANA,SEVENTH CIRCUIT,2029,1287,3,0,739,18,12,2,0,4,2011,1275,1,735
2018-12-31,INDIANA SOUTHERN,INDIANA,SEVENTH CIRCUIT,3200,1864,29,2,1305,59,27,27,0,3,3141,1837,2,1302
2018-12-31,IOWA NORTHERN,IOWA,EIGHTH CIRCUIT,411,368,0,2,41,12,10,0,0,0,399,358,0,41
2018-12-31,IOWA SOUTHERN,IOWA,EIGHTH CIRCUIT,626,540,3,0,83,19,15,3,0,1,607,525,0,82
2018-12-31,KANSAS,KANSAS,TENTH CIRCUIT,1597,823,9,12,753,60,35,8,0,5,1537,788,1,748
2018-12-31,KENTUCKY EASTERN,KENTUCKY,SIXTH CIRCUIT,1671,1090,3,0,578,32,24,3,0,5,1639,1066,0,573
2018-12-31,KENTUCKY WESTERN,KENTUCKY,SIXTH CIRCUIT,1722,1015,9,1,697,34,23,8,0,2,1688,992,1,695
2018-12-31,LOUISIANA EASTERN,LOUISIANA,FIFTH CIRCUIT,839,324,6,0,509,33,23,6,0,4,806,301,0,505
2018-12-31,LOUISIANA MIDDLE,LOUISIANA,FIFTH CIRCUIT,375,189,1,0,185,8,7,1,0,0,367,182,0,185
2018-12-31,LOUISIANA WESTERN,LOUISIANA,FIFTH CIRCUIT,1929,370,14,1,1544,34,19,13,0,1,1895,351,1,1543
2018-12-31,MAINE,MAINE,FIRST CIRCUIT,319,264,2,0,53,24,20,2,0,2,295,244,0,51
2018-12-31,MARYLAND,MARYLAND,FOURTH CIRCUIT,4049,2550,19,3,1477,80,51,17,0,9,3969,2499,2,1468
2018-12-31,MASSACHUSETTS,MASSACHUSETTS,FIRST CIRCUIT,2062,1217,19,3,823,80,54,13,0,10,1982,1163,6,813
2018-12-31,MICHIGAN EASTERN,MICHIGAN,SIXTH CIRCUIT,5507,4084,17,3,1403,78,51,16,0,8,5429,4033,1,1395
2018-12-31,MICHIGAN WESTERN,MICHIGAN,SIXTH CIRCUIT,1295,994,2,0,299,31,24,2,0,5,1264,970,0,294
2018-12-31,MINNESOTA,MINNESOTA,EIGHTH CIRCUIT,2324,1850,9,9,456,86,63,8,0,6,2238,1787,1,450
2018-12-31,MISSISSIPPI NORTHERN,MISSISSIPPI,FIFTH CIRCUIT,1312,501,1,0,810,22,19,1,0,2,1290,482,0,808
2018-12-31,MISSISSIPPI SOUTHERN,MISSISSIPPI,FIFTH CIRCUIT,1824,888,7,0,929,34,22,7,0,5,1790,866,0,924
2018-12-31,MISSOURI EASTERN,MISSOURI,EIGHTH CIRCUIT,2214,1346,1,1,866,24,21,1,0,1,2190,1325,0,865
2018-12-31,MISSOURI WESTERN,MISSOURI,EIGHTH CIRCUIT,1651,1057,4,2,588,28,18,4,0,4,1623,1039,0,584
2018-12-31,MONTANA,MONTANA,NINTH CIRCUIT,304,252,1,3,48,12,7,1,0,1,292,245,0,47
2018-12-31,NEBRASKA,NEBRASKA,EIGHTH CIRCUIT,947,639,5,4,299,22,12,5,0,1,925,627,0,298
2018-12-31,NEVADA,NEVADA,NINTH CIRCUIT,2161,1677,43,0,441,88,58,29,0,1,2073,1619,14,440
2018-12-31,NEW HAMPSHIRE,NEW HAMPSHIRE,FIRST CIRCUIT,440,314,1,0,125,14,11,1,0,2,426,303,0,123
2018-12-31,NEW JERSEY,NEW JERSEY,THIRD CIRCUIT,6169,3757,67,0,2345,176,104,59,0,13,5993,3653,8,2332
2018-12-31,NEW MEXICO,NEW MEXICO,TENTH CIRCUIT,762,661,7,0,94,27,20,6,0,1,735,641,1,93
2018-12-31,NEW YORK EASTERN,NEW YORK,SECOND CIRCUIT,3898,2349,98,0,1450,212,131,80,0,0,3686,2218,18,1450
2018-12-31,NEW YORK NORTHERN,NEW YORK,SECOND CIRCUIT,1350,1040,9,4,297,37,18,8,0,7,1313,1022,1,290
2018-12-31,NEW YORK SOUTHERN,NEW YORK,SECOND CIRCUIT,2247,1427,358,0,447,428,55,350,0,8,1819,1372,8,439
2018-12-31,NEW YORK WESTERN,NEW YORK,SECOND CIRCUIT,985,680,12,0,293,38,17,11,0,10,947,663,1,283
2018-12-31,NORTH CAROLINA EASTERN,NORTH CAROLINA,FOURTH CIRCUIT,1388,484,14,4,885,67,41,12,0,9,1321,443,2,876
2018-12-31,NORTH CAROLINA MIDDLE,NORTH CAROLINA,FOURTH CIRCUIT,870,340,6,1,523,26,17,6,0,2,844,323,0,521
2018-12-31,NORTH CAROLINA WESTERN,NORTH CAROLINA,FOURTH CIRCUIT,959,447,6,1,505,25,11,6,0,7,934,436,0,498
2018-12-31,NORTH DAKOTA,NORTH DAKOTA,EIGHTH CIRCUIT,173,148,0,2,23,11,7,0,0,2,162,141,0,21
2018-12-31,NORTHERN MARIANAS,NORTHERN MARIANA ISLANDS,NINTH CIRCUIT,0,0,0,0,0,0,0,0,0,0,0,0,0,0
2018-12-31,OHIO NORTHERN,OHIO,SIXTH CIRCUIT,4712,3730,16,1,965,66,45,15,0,5,4646,3685,1,960
2018-12-31,OHIO SOUTHERN,OHIO,SIXTH CIRCUIT,3906,2557,2,1,1346,74,62,2,0,9,3832,2495,0,1337
2018-12-31,OKLAHOMA EASTERN,OKLAHOMA,TENTH CIRCUIT,334,297,1,1,35,9,7,1,0,0,325,290,0,35
2018-12-31,OKLAHOMA NORTHERN,OKLAHOMA,TENTH CIRCUIT,563,475,2,2,84,24,20,2,0,0,539,455,0,84
2018-12-31,OKLAHOMA WESTERN,OKLAHOMA,TENTH CIRCUIT,1225,904,3,2,316,37,31,2,0,2,1188,873,1,314
2018-12-31,OREGON,OREGON,NINTH CIRCUIT,2076,1545,8,0,523,41,29,7,0,5,2035,1516,1,518
2018-12-31,PENNSYLVANIA EASTERN,PENNSYLVANIA,THIRD CIRCUIT,1997,965,13,0,1019,78,50,12,0,16,1919,915,1,1003
2018-12-31,PENNSYLVANIA MIDDLE,PENNSYLVANIA,THIRD CIRCUIT,1312,814,10,2,486,37,19,10,0,6,1275,795,0,480
2018-12-31,PENNSYLVANIA WESTERN,PENNSYLVANIA,THIRD CIRCUIT,1610,1013,13,2,581,59,35,12,0,9,1551,978,1,572
2018-12-31,PUERTO RICO,PUERTO RICO,FIRST CIRCUIT,1972,780,36,9,1147,55,11,26,0,9,1917,769,10,1138
2018-12-31,RHODE ISLAND,RHODE ISLAND,FIRST CIRCUIT,443,348,0,0,95,21,19,0,0,2,422,329,0,93
2018-12-31,SOUTH CAROLINA,SOUTH CAROLINA,FOURTH CIRCUIT,1568,572,9,1,986,28,18,9,0,0,1540,554,0,986
2018-12-31,SOUTH DAKOTA,SOUTH DAKOTA,EIGHTH CIRCUIT,241,205,0,4,32,18,10,0,0,4,223,195,0,28
2018-12-31,TENNESSEE EASTERN,TENNESSEE,SIXTH CIRCUIT,2741,1430,7,1,1303,34,22,7,0,4,2707,1408,0,1299
2018-12-31,TENNESSEE MIDDLE,TENNESSEE,SIXTH CIRCUIT,2020,885,18,0,1117,48,31,16,0,1,1972,854,2,1116
2018-12-31,TENNESSEE WESTERN,TENNESSEE,SIXTH CIRCUIT,3176,674,4,1,2497,10,5,3,0,1,3166,669,1,2496
2018-12-31,TEXAS EASTERN,TEXAS,FIFTH CIRCUIT,1279,565,10,2,702,66,49,10,0,5,1213,516,0,697
2018-12-31,TEXAS NORTHERN,TEXAS,FIFTH CIRCUIT,2902,1205,170,1,1526,285,100,169,0,15,2617,1105,1,1511
2018-12-31,TEXAS SOUTHERN,TEXAS,FIFTH CIRCUIT,2516,970,101,2,1443,204,95,94,0,13,2312,875,7,1430
2018-12-31,TEXAS WESTERN,TEXAS,FIFTH CIRCUIT,2052,1085,27,4,936,146,107,26,0,9,1906,978,1,927
2018-12-31,UTAH,UTAH,TENTH CIRCUIT,2351,1302,11,1,1037,41,27,10,0,3,2310,1275,1,1034
2018-12-31,VERMONT,VERMONT,SECOND CIRCUIT,139,115,0,0,24,8,7,0,0,1,131,108,0,23
2018-12-31,VIRGIN ISLANDS,VIRGIN ISLANDS,THIRD CIRCUIT,2,2,0,0,0,1,1,0,0,0,1,1,0,0
2018-12-31,VIRGINIA EASTERN,VIRGINIA,FOURTH CIRCUIT,4164,2236,20,1,1907,85,64,13,0,7,4079,2172,7,1900
2018-12-31,VIRGINIA WESTERN,VIRGINIA,FOURTH CIRCUIT,1325,785,5,0,535,26,19,4,0,3,1299,766,1,532
2018-12-31,WASHINGTON EASTERN,WASHINGTON,NINTH CIRCUIT,866,637,2,1,226,20,15,1,0,3,846,622,1,223
2018-12-31,WASHINGTON WESTERN,WASHINGTON,NINTH CIRCUIT,2262,1564,14,0,684,75,58,11,0,6,2187,1506,3,678
2018-12-31,WEST VIRGINIA NORTHERN,WEST VIRGINIA,FOURTH CIRCUIT,265,213,2,1,49,11,8,2,0,0,254,205,0,49
2018-12-31,WEST VIRGINIA SOUTHERN,WEST VIRGINIA,FOURTH CIRCUIT,405,351,2,0,52,12,10,2,0,0,393,341,0,52
2018-12-31,WISCONSIN EASTERN,WISCONSIN,SEVENTH CIRCUIT,2610,1662,1,4,943,41,32,1,0,4,2569,1630,0,939
2018-12-31,WISCONSIN WESTERN,WISCONSIN,SEVENTH CIRCUIT,1007,788,2,9,208,36,17,2,0,8,971,771,0,200
2018-12-31,WYOMING,WYOMING,TENTH CIRCUIT,202,174,3,0,25,9,6,3,0,0,193,168,0,25
2019-03-31,ALABAMA MIDDLE,ALABAMA,ELEVENTH CIRCUIT,1971,485,2,0,1484,8,6,2,0,0,1963,479,0,1484
2019-03-31,ALABAMA NORTHERN,ALABAMA,ELEVENTH CIRCUIT,3486,1728,8,0,1750,36,28,6,0,2,3450,1700,2,1748
2019-03-31,ALABAMA SOUTHERN,ALABAMA,ELEVENTH CIRCUIT,1206,335,5,2,864,19,10,5,0,2,1187,325,0,862
2019-03-31,ALASKA,ALASKA,NINTH CIRCUIT,101,76,2,0,23,9,6,2,0,1,92,70,0,22
2019-03-31,ARIZONA,ARIZONA,NINTH CIRCUIT,3843,3016,44,0,783,100,63,32,0,5,3743,2953,12,778
2019-03-31,ARKANSAS,ARKANSAS,EIGHTH CIRCUIT,2710,1360,7,3,1340,47,35,4,0,5,2663,1325,3,1335
2019-03-31,CALIFORNIA CENTRAL,CALIFORNIA,NINTH CIRCUIT,9175,7146,104,0,1925,353,275,58,0,20,8822,6871,46,1905
2019-03-31,CALIFORNIA EASTERN,CALIFORNIA,NINTH CIRCUIT,3783,2876,17,3,887,112,79,14,0,16,3671,2797,3,871
2019-03-31,CALIFORNIA NORTHERN,CALIFORNIA,NINTH CIRCUIT,2033,1143,35,2,853,103,68,13,0,20,1930,1075,22,833
2019-03-31,CALIFORNIA SOUTHERN,CALIFORNIA,NINTH CIRCUIT,1964,1562,15,0,387,73,55,8,0,10,1891,1507,7,377
2019-03-31,COLORADO,COLORADO,TENTH CIRCUIT,2556,1947,23,1,585,96,69,19,0,7,2460,1878,4,578
2019-03-31,CONNECTICUT,CONNECTICUT,SECOND CIRCUIT,1535,1204,19,2,310,61,33,17,0,9,1474,1171,2,301
2019-03-31,DELAWARE,DELAWARE,THIRD CIRCUIT,701,360,85,0,256,100,14,84,0,2,601,346,1,254
2019-03-31,DISTRICT OF COLUMBIA,DISTRICT OF COLUMBIA,DC CIRCUIT,210,123,11,0,76,13,6,6,0,1,197,117,5,75
2019-03-31,FLORIDA MIDDLE,FLORIDA,ELEVENTH CIRCUIT,6417,4511,74,1,1828,253,179,52,0,18,6164,4332,22,1810
2019-03-31,FLORIDA NORTHERN,FLORIDA,ELEVENTH CIRCUIT,669,550,6,1,112,30,21,6,0,2,639,529,0,110
2019-03-31,FLORIDA SOUTHERN,FLORIDA,ELEVENTH CIRCUIT,4443,2417,77,0,1946,165,86,62,0,14,4278,2331,15,1932
2019-03-31,GEORGIA MIDDLE,GEORGIA,ELEVENTH CIRCUIT,1963,665,3,6,1289,43,25,3,0,9,1920,640,0,1280
2019-03-31,GEORGIA NORTHERN,GEORGIA,ELEVENTH CIRCUIT,7262,3744,38,3,3477,155,112,34,0,6,7107,3632,4,3471
2019-03-31,GEORGIA SOUTHERN,GEORGIA,ELEVENTH CIRCUIT,1513,323,3,1,1186,11,6,3,0,1,1502,317,0,1185
2019-03-31,GUAM,GUAM,NINTH CIRCUIT,37,26,1,0,10,3,1,1,0,1,34,25,0,9
2019-03-31,HAWAII,HAWAII,NINTH CIRCUIT,417,294,3,0,120,17,12,3,0,2,400,282,0,118
2019-03-31,IDAHO,IDAHO,NINTH CIRCUIT,855,759,5,3,88,25,17,5,0,0,830,742,0,88
2019-03-31,ILLINOIS CENTRAL,ILLINOIS,SEVENTH CIRCUIT,1182,932,8,1,241,35,23,7,0,4,1147,909,1,237
2019-03-31,ILLINOIS NORTHERN,ILLINOIS,SEVENTH CIRCUIT,10279,5882,37,0,4360,198,156,31,0,11,10081,5726,6,4349
2019-03-31,ILLINOIS SOUTHERN,ILLINOIS,SEVENTH CIRCUIT,811,529,2,4,276,17,7,2,0,4,794,522,0,272
2019-03-31,INDIANA NORTHERN,INDIANA,SEVENTH CIRCUIT,2021,1342,5,2,672,22,13,5,0,2,1999,1329,0,670
2019-03-31,INDIANA SOUTHERN,INDIANA,SEVENTH CIRCUIT,3315,1984,12,1,1318,45,30,11,0,3,3270,1954,1,1315
2019-03-31,IOWA NORTHERN,IOWA,EIGHTH CIRCUIT,365,318,0,4,43,20,16,0,0,0,345,302,0,43
2019-03-31,IOWA SOUTHERN,IOWA,EIGHTH CIRCUIT,671,574,1,1,95,24,22,1,0,0,647,552,0,95
2019-03-31,KANSAS,KANSAS,TENTH CIRCUIT,1498,787,11,9,691,51,24,10,0,8,1447,763,1,683
2019-03-31,KENTUCKY EASTERN,KENTUCKY,SIXTH CIRCUIT,1976,1378,12,0,586,35,19,12,0,4,1941,1359,0,582
2019-03-31,KENTUCKY WESTERN,KENTUCKY,SIXTH CIRCUIT,2030,1293,7,0,730,36,23,7,0,6,1994,1270,0,724
2019-03-31,LOUISIANA EASTERN,LOUISIANA,FIFTH CIRCUIT,854,340,1,0,513,21,19,1,0,1,833,321,0,512
2019-03-31,LOUISIANA MIDDLE,LOUISIANA,FIFTH CIRCUIT,376,182,1,0,193,15,15,0,0,0,361,167,1,193
2019-03-31,LOUISIANA WESTERN,LOUISIANA,FIFTH CIRCUIT,2006,439,7,8,1552,41,27,5,0,1,1965,412,2,1551
2019-03-31,MAINE,MAINE,FIRST CIRCUIT,291,235,5,0,51,13,5,5,0,3,278,230,0,48
2019-03-31,MARYLAND,MARYLAND,FOURTH CIRCUIT,4370,2785,22,2,1561,83,56,14,0,11,4287,2729,8,1550
2019-03-31,MASSACHUSETTS,MASSACHUSETTS,FIRST CIRCUIT,1923,1208,27,2,686,79,54,16,0,7,1844,1154,11,679
2019-03-31,MICHIGAN EASTERN,MICHIGAN,SIXTH CIRCUIT,6616,4940,73,1,1602,146,65,70,0,10,6470,4875,3,1592
2019-03-31,MICHIGAN WESTERN,MICHIGAN,SIXTH CIRCUIT,1479,1139,3,1,336,26,19,3,0,3,1453,1120,0,333
2019-03-31,MINNESOTA,MINNESOTA,EIGHTH CIRCUIT,2414,1897,13,7,497,66,44,13,0,2,2348,1853,0,495
2019-03-31,MISSISSIPPI NORTHERN,MISSISSIPPI,FIFTH CIRCUIT,1433,615,4,0,814,26,11,4,0,11,1407,604,0,803
2019-03-31,MISSISSIPPI SOUTHERN,MISSISSIPPI,FIFTH CIRCUIT,1841,1017,6,0,818,29,20,6,0,3,1812,997,0,815
2019-03-31,MISSOURI EASTERN,MISSOURI,EIGHTH CIRCUIT,2394,1471,32,0,891,57,23,31,0,3,2337,1448,1,888
2019-03-31,MISSOURI WESTERN,MISSOURI,EIGHTH CIRCUIT,1750,1116,7,2,625,32,17,7,0,6,1718,1099,0,619
2019-03-31,MONTANA,MONTANA,NINTH CIRCUIT,280,219,0,1,60,5,4,0,0,0,275,215,0,60
2019-03-31,NEBRASKA,NEBRASKA,EIGHTH CIRCUIT,1059,724,22,3,309,41,16,21,0,0,1018,708,1,309
2019-03-31,NEVADA,NEVADA,NINTH CIRCUIT,2405,1862,43,0,500,82,49,29,0,4,2323,1813,14,496
2019-03-31,NEW HAMPSHIRE,NEW HAMPSHIRE,FIRST CIRCUIT,456,320,3,1,132,21,15,3,0,2,435,305,0,130
2019-03-31,NEW JERSEY,NEW JERSEY,THIRD CIRCUIT,6766,4022,79,0,2665,187,106,69,0,12,6579,3916,10,2653
2019-03-31,NEW MEXICO,NEW MEXICO,TENTH CIRCUIT,768,662,7,0,99,19,12,6,0,1,749,650,1,98
2019-03-31,NEW YORK EASTERN,NEW YORK,SECOND CIRCUIT,4329,2475,121,0,1733,249,147,102,0,0,4080,2328,19,1733
2019-03-31,NEW YORK NORTHERN,NEW YORK,SECOND CIRCUIT,1489,1142,2,4,341,30,19,2,0,5,1459,1123,0,336
2019-03-31,NEW YORK SOUTHERN,NEW YORK,SECOND CIRCUIT,2250,1416,324,1,505,370,41,316,0,8,1880,1375,8,497
2019-03-31,NEW YORK WESTERN,NEW YORK,SECOND CIRCUIT,955,703,10,1,241,32,17,10,0,4,923,686,0,237
2019-03-31,NORTH CAROLINA EASTERN,NORTH CAROLINA,FOURTH CIRCUIT,1438,446,33,5,954,74,26,31,0,12,1364,420,2,942
2019-03-31,NORTH CAROLINA MIDDLE,NORTH CAROLINA,FOURTH CIRCUIT,941,377,1,2,561,17,13,1,0,1,924,364,0,560
2019-03-31,NORTH CAROLINA WESTERN,NORTH CAROLINA,FOURTH CIRCUIT,901,430,7,0,464,27,18,5,0,4,874,412,2,460
2019-03-31,NORTH DAKOTA,NORTH DAKOTA,EIGHTH CIRCUIT,175,152,0,1,22,3,1,0,0,1,172,151,0,21
2019-03-31,NORTHERN MARIANAS,NORTHERN MARIANA ISLANDS,NINTH CIRCUIT,2,2,0,0,0,0,0,0,0,0,2,2,0,0
2019-03-31,OHIO NORTHERN,OHIO,SIXTH CIRCUIT,4736,3798,6,0,932,67,56,6,0,5,4669,3742,0,927
2019-03-31,OHIO SOUTHERN,OHIO,SIXTH CIRCUIT,4285,2903,4,4,1374,60,47,4,0,5,4225,2856,0,1369
2019-03-31,OKLAHOMA EASTERN,OKLAHOMA,TENTH CIRCUIT,338,299,0,1,38,12,11,0,0,0,326,288,0,38
2019-03-31,OKLAHOMA NORTHERN,OKLAHOMA,TENTH CIRCUIT,664,588,1,2,73,12,10,0,0,0,652,578,1,73
2019-03-31,OKLAHOMA WESTERN,OKLAHOMA,TENTH CIRCUIT,1312,1000,2,1,309,33,29,2,0,1,1279,971,0,308
2019-03-31,OREGON,OREGON,NINTH CIRCUIT,2230,1684,6,0,540,60,43,5,0,12,2170,1641,1,528
2019-03-31,PENNSYLVANIA EASTERN,PENNSYLVANIA,THIRD CIRCUIT,2060,963,14,0,1083,54,34,12,0,8,2006,929,2,1075
2019-03-31,PENNSYLVANIA MIDDLE,PENNSYLVANIA,THIRD CIRCUIT,1360,874,10,0,476,36,19,10,0,7,1324,855,0,469
2019-03-31,PENNSYLVANIA WESTERN,PENNSYLVANIA,THIRD CIRCUIT,1935,1238,14,4,679,60,34,12,0,10,1875,1204,2,669
2019-03-31,PUERTO RICO,PUERTO RICO,FIRST CIRCUIT,1816,715,32,4,1065,50,15,25,0,6,1766,700,7,1059
2019-03-31,RHODE ISLAND,RHODE ISLAND,FIRST CIRCUIT,546,416,1,0,129,17,15,1,0,1,529,401,0,128
2019-03-31,SOUTH CAROLINA,SOUTH CAROLINA,FOURTH CIRCUIT,1858,693,8,4,1153,47,30,7,0,6,1811,663,1,1147
2019-03-31,SOUTH DAKOTA,SOUTH DAKOTA,EIGHTH CIRCUIT,204,174,2,1,27,6,3,2,0,0,198,171,0,27
2019-03-31,TENNESSEE EASTERN,TENNESSEE,SIXTH CIRCUIT,3125,1827,3,1,1294,37,31,3,0,2,3088,1796,0,1292
2019-03-31,TENNESSEE MIDDLE,TENNESSEE,SIXTH CIRCUIT,2137,1098,23,0,1016,46,27,15,0,4,2091,1071,8,1012
2019-03-31,TENNESSEE WESTERN,TENNESSEE,SIXTH CIRCUIT,3420,879,6,0,2535,21,13,5,0,3,3399,866,1,2532
2019-03-31,TEXAS EASTERN,TEXAS,FIFTH CIRCUIT,1431,660,26,1,744,87,58,24,0,4,1344,602,2,740
2019-03-31,TEXAS NORTHERN,TEXAS,FIFTH CIRCUIT,2913,1392,63,2,1456,175,98,62,0,13,2738,1294,1,1443
2019-03-31,TEXAS SOUTHERN,TEXAS,FIFTH CIRCUIT,2427,983,71,1,1372,184,106,66,0,11,2243,877,5,1361
2019-03-31,TEXAS WESTERN,TEXAS,FIFTH CIRCUIT,1958,1077,21,0,854,107,77,19,0,5,1851,1000,2,849
2019-03-31,UTAH,UTAH,TENTH CIRCUIT,2160,1246,3,0,911,22,19,3,0,0,2138,1227,0,911
2019-03-31,VERMONT,VERMONT,SECOND CIRCUIT,125,90,0,2,33,7,5,0,0,0,118,85,0,33
2019-03-31,VIRGIN ISLANDS,VIRGIN ISLANDS,THIRD CIRCUIT,1,1,0,0,0,1,1,0,0,0,0,0,0,0
2019-03-31,VIRGINIA EASTERN,VIRGINIA,FOURTH CIRCUIT,4465,2512,28,0,1925,86,55,25,0,6,4379,2457,3,1919
2019-03-31,VIRGINIA WESTERN,VIRGINIA,FOURTH CIRCUIT,1474,844,7,1,622,35,24,6,0,4,1439,820,1,618
2019-03-31,WASHINGTON EASTERN,WASHINGTON,NINTH CIRCUIT,837,645,7,0,185,18,11,7,0,0,819,634,0,185
2019-03-31,WASHINGTON WESTERN,WASHINGTON,NINTH CIRCUIT,2307,1634,13,0,660,65,50,9,0,6,2242,1584,4,654
2019-03-31,WEST VIRGINIA NORTHERN,WEST VIRGINIA,FOURTH CIRCUIT,292,245,0,0,47,6,5,0,0,1,286,240,0,46
2019-03-31,WEST VIRGINIA SOUTHERN,WEST VIRGINIA,FOURTH CIRCUIT,425,361,9,1,54,13,3,9,0,0,412,358,0,54
2019-03-31,WISCONSIN EASTERN,WISCONSIN,SEVENTH CIRCUIT,2795,1817,9,2,967,47,29,9,0,7,2748,1788,0,960
2019-03-31,WISCONSIN WESTERN,WISCONSIN,SEVENTH CIRCUIT,968,775,2,5,186,27,13,2,0,7,941,762,0,179
2019-03-31,WYOMING,WYOMING,TENTH CIRCUIT,181,154,2,1,24,10,7,2,0,0,171,147,0,24
2019-06-30,ALABAMA MIDDLE,ALABAMA,ELEVENTH CIRCUIT,1954,453,3,1,1497,13,10,2,0,0,1941,443,1,1497
2019-06-30,ALABAMA NORTHERN,ALABAMA,ELEVENTH CIRCUIT,3384,1589,13,0,1782,47,32,11,0,4,3337,1557,2,1778
2019-06-30,ALABAMA SOUTHERN,ALABAMA,ELEVENTH CIRCUIT,1284,370,2,0,912,7,5,2,0,0,1277,365,0,912
2019-06-30,ALASKA,ALASKA,NINTH CIRCUIT,106,81,1,0,24,9,7,0,0,2,97,74,1,22
2019-06-30,ARIZONA,ARIZONA,NINTH CIRCUIT,4664,3836,35,3,790,102,77,22,0,0,4562,3759,13,790
2019-06-30,ARKANSAS,ARKANSAS,EIGHTH CIRCUIT,2686,1348,5,2,1331,55,44,4,0,5,2631,1304,1,1326
2019-06-30,CALIFORNIA CENTRAL,CALIFORNIA,NINTH CIRCUIT,10152,7975,114,0,2063,421,307,79,0,35,9731,7668,35,2028
2019-06-30,CALIFORNIA EASTERN,CALIFORNIA,NINTH CIRCUIT,4180,3245,15,11,909,137,94,11,0,21,4043,3151,4,888
2019-06-30,CALIFORNIA NORTHERN,CALIFORNIA,NINTH CIRCUIT,2152,1274,38,0,838,95,62,19,0,12,2057,1212,19,826
2019-06-30,CALIFORNIA SOUTHERN,CALIFORNIA,NINTH CIRCUIT,2099,1708,14,1,376,66,42,11,0,12,2033,1666,3,364
2019-06-30,COLORADO,COLORADO,TENTH CIRCUIT,3336,2619,15,1,701,99,76,13,0,9,3237,2543,2,692
2019-06-30,CONNECTICUT,CONNECTICUT,SECOND CIRCUIT,1681,1375,9,0,297,39,30,8,0,1,1642,1345,1,296
2019-06-30,DELAWARE,DELAWARE,THIRD CIRCUIT,801,364,205,0,225,223,10,205,0,1,578,354,0,224
2019-06-30,DISTRICT OF COLUMBIA,DISTRICT OF COLUMBIA,DC CIRCUIT,223,144,10,0,69,12,3,8,0,1,211,141,2,68
2019-06-30,FLORIDA MIDDLE,FLORIDA,ELEVENTH CIRCUIT,6879,4989,79,2,1807,239,148,67,0,20,6640,4841,12,1787
2019-06-30,FLORIDA NORTHERN,FLORIDA,ELEVENTH CIRCUIT,701,543,4,0,154,24,19,3,0,2,677,524,1,152
2019-06-30,FLORIDA SOUTHERN,FLORIDA,ELEVENTH CIRCUIT,4774,2757,67,0,1945,153,82,54,0,12,4621,2675,13,1933
2019-06-30,GEORGIA MIDDLE,GEORGIA,ELEVENTH CIRCUIT,2022,699,2,5,1316,33,17,2,0,9,1989,682,0,1307
2019-06-30,GEORGIA NORTHERN,GEORGIA,ELEVENTH CIRCUIT,7224,3689,35,1,3499,144,108,30,0,5,7080,3581,5,3494
2019-06-30,GEORGIA SOUTHERN,GEORGIA,ELEVENTH CIRCUIT,1480,287,3,3,1187,23,15,3,0,2,1457,272,0,1185
2019-06-30,GUAM,GUAM,NINTH CIRCUIT,51,43,0,0,8,1,1,0,0,0,50,42,0,8
2019-06-30,HAWAII,HAWAII,NINTH CIRCUIT,433,279,1,0,153,13,10,1,0,2,420,269,0,151
2019-06-30,IDAHO,IDAHO,NINTH CIRCUIT,1010,910,4,4,92,19,11,3,0,1,991,899,1,91
2019-06-30,ILLINOIS CENTRAL,ILLINOIS,SEVENTH CIRCUIT,1385,1095,1,4,285,36,27,1,0,4,1349,1068,0,281
2019-06-30,ILLINOIS NORTHERN,ILLINOIS,SEVENTH CIRCUIT,10286,6424,32,1,3828,188,144,24,0,18,10098,6280,8,3810
2019-06-30,ILLINOIS SOUTHERN,ILLINOIS,SEVENTH CIRCUIT,859,599,0,1,259,13,7,0,0,5,846,592,0,254
2019-06-30,INDIANA NORTHERN,INDIANA,SEVENTH CIRCUIT,2489,1703,6,0,780,25,13,6,0,6,2464,1690,0,774
2019-06-30,INDIANA SOUTHERN,INDIANA,SEVENTH CIRCUIT,4019,2655,9,3,1352,61,43,9,0,6,3958,2612,0,1346
2019-06-30,IOWA NORTHERN,IOWA,EIGHTH CIRCUIT,550,488,7,5,50,28,16,7,0,0,522,472,0,50
2019-06-30,IOWA SOUTHERN,IOWA,EIGHTH CIRCUIT,885,769,0,4,112,24,20,0,0,0,861,749,0,112
2019-06-30,KANSAS,KANSAS,TENTH CIRCUIT,1957,1094,15,11,837,53,25,13,0,4,1904,1069,2,833
2019-06-30,KENTUCKY EASTERN,KENTUCKY,SIXTH CIRCUIT,2108,1490,19,1,598,43,21,19,0,2,2065,1469,0,596
2019-06-30,KENTUCKY WESTERN,KENTUCKY,SIXTH CIRCUIT,1949,1221,5,1,722,33,23,5,0,4,1916,1198,0,718
2019-06-30,LOUISIANA EASTERN,LOUISIANA,FIFTH CIRCUIT,950,412,11,0,527,42,26,11,0,5,908,386,0,522
2019-06-30,LOUISIANA MIDDLE,LOUISIANA,FIFTH CIRCUIT,394,225,4,0,165,12,8,4,0,0,382,217,0,165
2019-06-30,LOUISIANA WESTERN,LOUISIANA,FIFTH CIRCUIT,2000,494,7,2,1497,29,19,5,0,3,1971,475,2,1494
2019-06-30,MAINE,MAINE,FIRST CIRCUIT,381,325,4,2,50,22,16,3,0,1,359,309,1,49
2019-06-30,MARYLAND,MARYLAND,FOURTH CIRCUIT,4711,2963,37,1,1710,115,65,32,0,17,4596,2898,5,1693
2019-06-30,MASSACHUSETTS,MASSACHUSETTS,FIRST CIRCUIT,2060,1370,24,2,664,68,45,15,0,6,1992,1325,9,658
2019-06-30,MICHIGAN EASTERN,MICHIGAN,SIXTH CIRCUIT,6670,5120,16,0,1534,80,54,16,0,10,6590,5066,0,1524
2019-06-30,MICHIGAN WESTERN,MICHIGAN,SIXTH CIRCUIT,1585,1266,2,5,312,47,34,2,0,6,1538,1232,0,306
2019-06-30,MINNESOTA,MINNESOTA,EIGHTH CIRCUIT,2689,2134,6,7,542,81,61,6,0,7,2608,2073,0,535
2019-06-30,MISSISSIPPI NORTHERN,MISSISSIPPI,FIFTH CIRCUIT,1229,518,4,1,706,17,9,4,0,3,1212,509,0,703
2019-06-30,MISSISSIPPI SOUTHERN,MISSISSIPPI,FIFTH CIRCUIT,1828,968,2,1,857,29,23,2,0,3,1799,945,0,854
2019-06-30,MISSOURI EASTERN,MISSOURI,EIGHTH CIRCUIT,2533,1650,8,0,875,37,26,8,0,3,2496,1624,0,872
2019-06-30,MISSOURI WESTERN,MISSOURI,EIGHTH CIRCUIT,2089,1343,5,0,741,33,27,4,0,2,2056,1316,1,739
2019-06-30,MONTANA,MONTANA,NINTH CIRCUIT,423,353,4,3,63,15,6,4,0,2,408,347,0,61
2019-06-30,NEBRASKA,NEBRASKA,EIGHTH CIRCUIT,1099,805,15,14,265,42,15,10,0,3,1057,790,5,262
2019-06-30,NEVADA,NEVADA,NINTH CIRCUIT,2782,2257,33,0,492,69,50,18,0,1,2713,2207,15,491
2019-06-30,NEW HAMPSHIRE,NEW HAMPSHIRE,FIRST CIRCUIT,493,339,7,1,146,19,7,7,0,4,474,332,0,142
2019-06-30,NEW JERSEY,NEW JERSEY,THIRD CIRCUIT,6525,4041,67,0,2417,161,99,54,0,8,6364,3942,13,2409
2019-06-30,NEW MEXICO,NEW MEXICO,TENTH CIRCUIT,840,715,8,0,117,26,18,7,0,1,814,697,1,116
2019-06-30,NEW YORK EASTERN,NEW YORK,SECOND CIRCUIT,4486,2584,102,0,1800,215,131,84,0,0,4271,2453,18,1800
2019-06-30,NEW YORK NORTHERN,NEW YORK,SECOND CIRCUIT,1688,1313,9,3,363,32,17,9,0,3,1656,1296,0,360
2019-06-30,NEW YORK SOUTHERN,NEW YORK,SECOND CIRCUIT,2301,1657,131,1,486,211,56,124,0,4,2090,1601,7,482
2019-06-30,NEW YORK WESTERN,NEW YORK,SECOND CIRCUIT,1101,823,10,2,266,46,25,10,0,9,1055,798,0,257
2019-06-30,NORTH CAROLINA EASTERN,NORTH CAROLINA,FOURTH CIRCUIT,1580,579,19,2,980,59,31,17,0,9,1521,548,2,971
2019-06-30,NORTH CAROLINA MIDDLE,NORTH CAROLINA,FOURTH CIRCUIT,964,417,4,0,543,20,15,4,0,1,944,402,0,542
2019-06-30,NORTH CAROLINA WESTERN,NORTH CAROLINA,FOURTH CIRCUIT,971,515,3,0,453,26,20,3,0,3,945,495,0,450
2019-06-30,NORTH DAKOTA,NORTH DAKOTA,EIGHTH CIRCUIT,207,172,1,0,34,8,7,1,0,0,199,165,0,34
2019-06-30,NORTHERN MARIANAS,NORTHERN MARIANA ISLANDS,NINTH CIRCUIT,2,1,0,0,1,0,0,0,0,0,2,1,0,1
2019-06-30,OHIO NORTHERN,OHIO,SIXTH CIRCUIT,5726,4675,11,2,1038,79,56,11,0,10,5647,4619,0,1028
2019-06-30,OHIO SOUTHERN,OHIO,SIXTH CIRCUIT,4738,3324,3,0,1411,64,53,3,0,8,4674,3271,0,1403
2019-06-30,OKLAHOMA EASTERN,OKLAHOMA,TENTH CIRCUIT,409,357,0,0,52,11,11,0,0,0,398,346,0,52
2019-06-30,OKLAHOMA NORTHERN,OKLAHOMA,TENTH CIRCUIT,757,648,11,0,90,30,9,11,0,2,727,639,0,88
2019-06-30,OKLAHOMA WESTERN,OKLAHOMA,TENTH CIRCUIT,1502,1176,11,5,310,53,35,11,0,2,1449,1141,0,308
2019-06-30,OREGON,OREGON,NINTH CIRCUIT,2421,1828,5,0,588,48,39,4,0,5,2373,1789,1,583
2019-06-30,PENNSYLVANIA EASTERN,PENNSYLVANIA,THIRD CIRCUIT,2179,1073,18,2,1086,80,51,16,0,11,2099,1022,2,1075
2019-06-30,PENNSYLVANIA MIDDLE,PENNSYLVANIA,THIRD CIRCUIT,1526,952,11,3,560,45,25,9,0,8,1481,927,2,552
2019-06-30,PENNSYLVANIA WESTERN,PENNSYLVANIA,THIRD CIRCUIT,2082,1326,21,2,733,79,47,20,0,10,2003,1279,1,723
2019-06-30,PUERTO RICO,PUERTO RICO,FIRST CIRCUIT,2046,796,23,3,1224,44,18,19,0,4,2002,778,4,1220
2019-06-30,RHODE ISLAND,RHODE ISLAND,FIRST CIRCUIT,543,407,3,0,133,19,17,2,0,0,524,390,1,133
2019-06-30,SOUTH CAROLINA,SOUTH CAROLINA,FOURTH CIRCUIT,1676,695,3,0,978,26,23,2,0,1,1650,672,1,977
2019-06-30,SOUTH DAKOTA,SOUTH DAKOTA,EIGHTH CIRCUIT,274,237,0,5,32,19,7,0,0,7,255,230,0,25
2019-06-30,TENNESSEE EASTERN,TENNESSEE,SIXTH CIRCUIT,3151,1835,9,0,1307,42,31,9,0,2,3109,1804,0,1305
2019-06-30,TENNESSEE MIDDLE,TENNESSEE,SIXTH CIRCUIT,2182,1071,14,2,1095,57,43,10,0,2,2125,1028,4,1093
2019-06-30,TENNESSEE WESTERN,TENNESSEE,SIXTH CIRCUIT,3124,805,7,0,2312,20,11,6,0,3,3104,794,1,2309
2019-06-30,TEXAS EASTERN,TEXAS,FIFTH CIRCUIT,1454,743,16,0,695,80,61,14,0,5,1374,682,2,690
2019-06-30,TEXAS NORTHERN,TEXAS,FIFTH CIRCUIT,2819,1478,45,4,1292,161,101,44,0,12,2658,1377,1,1280
2019-06-30,TEXAS SOUTHERN,TEXAS,FIFTH CIRCUIT,2569,1197,103,2,1267,215,110,95,0,8,2354,1087,8,1259
2019-06-30,TEXAS WESTERN,TEXAS,FIFTH CIRCUIT,2160,1298,38,1,823,172,128,36,0,7,1988,1170,2,816
2019-06-30,UTAH,UTAH,TENTH CIRCUIT,2722,1731,9,0,982,38,26,9,0,3,2684,1705,0,979
2019-06-30,VERMONT,VERMONT,SECOND CIRCUIT,168,139,4,1,24,13,6,4,0,2,155,133,0,22
2019-06-30,VIRGIN ISLANDS,VIRGIN ISLANDS,THIRD CIRCUIT,0,0,0,0,0,0,0,0,0,0,0,0,0,0
2019-06-30,VIRGINIA EASTERN,VIRGINIA,FOURTH CIRCUIT,4669,2814,15,0,1840,85,71,10,0,4,4584,2743,5,1836
2019-06-30,VIRGINIA WESTERN,VIRGINIA,FOURTH CIRCUIT,1425,881,7,1,536,26,15,7,0,3,1399,866,0,533
2019-06-30,WASHINGTON EASTERN,WASHINGTON,NINTH CIRCUIT,968,745,18,3,202,42,19,17,0,3,926,726,1,199
2019-06-30,WASHINGTON WESTERN,WASHINGTON,NINTH CIRCUIT,2581,1873,9,1,698,69,59,5,0,4,2512,1814,4,694
2019-06-30,WEST VIRGINIA NORTHERN,WEST VIRGINIA,FOURTH CIRCUIT,275,234,2,0,39,5,3,2,0,0,270,231,0,39
2019-06-30,WEST VIRGINIA SOUTHERN,WEST VIRGINIA,FOURTH CIRCUIT,485,440,10,0,35,17,8,9,0,0,468,432,1,35
2019-06-30,WISCONSIN EASTERN,WISCONSIN,SEVENTH CIRCUIT,3766,2507,5,5,1249,55,36,5,0,9,3711,2471,0,1240
2019-06-30,WISCONSIN WESTERN,WISCONSIN,SEVENTH CIRCUIT,1330,1068,8,10,244,53,27,8,0,8,1277,1041,0,236
2019-06-30,WYOMING,WYOMING,TENTH CIRCUIT,268,246,0,0,22,13,12,0,0,1,255,234,0,21
2019-09-30,ALABAMA MIDDLE,ALABAMA,ELEVENTH CIRCUIT,2173,442,0,2,1729,13,10,0,0,1,2160,432,0,1728
2019-09-30,ALABAMA NORTHERN,ALABAMA,ELEVENTH CIRCUIT,3477,1527,8,0,1942,36,25,7,0,4,3441,1502,1,1938
2019-09-30,ALABAMA SOUTHERN,ALABAMA,ELEVENTH CIRCUIT,1333,323,4,0,1006,7,3,4,0,0,1326,320,0,1006
2019-09-30,ALASKA,ALASKA,NINTH CIRCUIT,105,79,4,0,22,12,7,4,0,1,93,72,0,21
2019-09-30,ARIZONA,ARIZONA,NINTH CIRCUIT,4548,3661,51,2,834,105,59,38,0,6,4443,3602,13,828
2019-09-30,ARKANSAS,ARKANSAS,EIGHTH CIRCUIT,2721,1245,9,3,1464,49,33,7,0,6,2672,1212,2,1458
2019-09-30,CALIFORNIA CENTRAL,CALIFORNIA,NINTH CIRCUIT,9820,7687,100,0,2033,399,308,61,0,30,9421,7379,39,2003
2019-09-30,CALIFORNIA EASTERN,CALIFORNIA,NINTH CIRCUIT,3731,2823,13,3,892,103,79,9,0,12,3628,2744,4,880
2019-09-30,CALIFORNIA NORTHERN,CALIFORNIA,NINTH CIRCUIT,2014,1184,32,3,794,115,85,18,0,8,1899,1099,14,786
2019-09-30,CALIFORNIA SOUTHERN,CALIFORNIA,NINTH CIRCUIT,2085,1718,9,0,358,83,70,7,0,6,2002,1648,2,352
2019-09-30,COLORADO,COLORADO,TENTH CIRCUIT,2846,2189,15,2,640,89,69,15,0,3,2757,2120,0,637
2019-09-30,CONNECTICUT,CONNECTICUT,SECOND CIRCUIT,1571,1241,10,0,320,45,33,10,0,2,1526,1208,0,318
2019-09-30,DELAWARE,DELAWARE,THIRD CIRCUIT,700,343,150,1,205,165,13,149,0,1,535,330,1,204
2019-09-30,DISTRICT OF COLUMBIA,DISTRICT OF COLUMBIA,DC CIRCUIT,228,138,10,0,80,14,4,9,0,1,214,134,1,79
2019-09-30,FLORIDA MIDDLE,FLORIDA,ELEVENTH CIRCUIT,6576,4740,109,3,1724,293,169,99,0,22,6283,4571,10,1702
2019-09-30,FLORIDA NORTHERN,FLORIDA,ELEVENTH CIRCUIT,666,512,10,2,142,34,21,9,0,2,632,491,1,140
2019-09-30,FLORIDA SOUTHERN,FLORIDA,ELEVENTH CIRCUIT,4461,2545,58,0,1854,151,90,46,0,11,4310,2455,12,1843
2019-09-30,GEORGIA MIDDLE,GEORGIA,ELEVENTH CIRCUIT,2128,624,3,11,1490,40,17,3,0,9,2088,607,0,1481
2019-09-30,GEORGIA NORTHERN,GEORGIA,ELEVENTH CIRCUIT,7724,3798,60,1,3865,183,113,60,0,9,7541,3685,0,3856
2019-09-30,GEORGIA SOUTHERN,GEORGIA,ELEVENTH CIRCUIT,1684,307,4,2,1371,19,10,4,0,3,1665,297,0,1368
2019-09-30,GUAM,GUAM,NINTH CIRCUIT,39,34,0,0,5,1,1,0,0,0,38,33,0,5
2019-09-30,HAWAII,HAWAII,NINTH CIRCUIT,429,295,3,0,131,12,7,3,0,2,417,288,0,129
2019-09-30,IDAHO,IDAHO,NINTH CIRCUIT,984,881,5,2,96,22,17,2,0,1,962,864,3,95
2019-09-30,ILLINOIS CENTRAL,ILLINOIS,SEVENTH CIRCUIT,1281,1004,4,0,273,24,16,4,0,4,1257,988,0,269
2019-09-30,ILLINOIS NORTHERN,ILLINOIS,SEVENTH CIRCUIT,10114,6183,26,0,3905,182,148,20,0,14,9932,6035,6,3891
2019-09-30,ILLINOIS SOUTHERN,ILLINOIS,SEVENTH CIRCUIT,832,552,3,0,277,16,12,3,0,1,816,540,0,276
2019-09-30,INDIANA NORTHERN,INDIANA,SEVENTH CIRCUIT,2444,1668,8,0,768,23,12,8,0,3,2421,1656,0,765
2019-09-30,INDIANA SOUTHERN,INDIANA,SEVENTH CIRCUIT,3637,2236,5,0,1396,61,51,5,0,5,3576,2185,0,1391
2019-09-30,IOWA NORTHERN,IOWA,EIGHTH CIRCUIT,471,412,2,8,49,20,10,2,0,0,451,402,0,49
2019-09-30,IOWA SOUTHERN,IOWA,EIGHTH CIRCUIT,805,704,0,0,101,22,21,0,0,1,783,683,0,100
2019-09-30,KANSAS,KANSAS,TENTH CIRCUIT,1825,1013,14,5,793,61,37,14,0,5,1764,976,0,788
2019-09-30,KENTUCKY EASTERN,KENTUCKY,SIXTH CIRCUIT,1873,1235,1,2,635,22,17,1,0,2,1851,1218,0,633
2019-09-30,KENTUCKY WESTERN,KENTUCKY,SIXTH CIRCUIT,2012,1167,6,1,838,44,27,6,0,10,1968,1140,0,828
2019-09-30,LOUISIANA EASTERN,LOUISIANA,FIFTH CIRCUIT,903,353,16,0,534,46,28,15,0,3,857,325,1,531
2019-09-30,LOUISIANA MIDDLE,LOUISIANA,FIFTH CIRCUIT,400,234,2,0,164,11,9,2,0,0,389,225,0,164
2019-09-30,LOUISIANA WESTERN,LOUISIANA,FIFTH CIRCUIT,2046,439,11,4,1592,47,27,10,0,6,1999,412,1,1586
2019-09-30,MAINE,MAINE,FIRST CIRCUIT,371,303,3,1,64,12,5,2,0,4,359,298,1,60
2019-09-30,MARYLAND,MARYLAND,FOURTH CIRCUIT,4219,2621,25,1,1572,84,52,22,0,9,4135,2569,3,1563
2019-09-30,MASSACHUSETTS,MASSACHUSETTS,FIRST CIRCUIT,1837,1165,29,2,641,92,61,24,0,5,1745,1104,5,636
2019-09-30,MICHIGAN EASTERN,MICHIGAN,SIXTH CIRCUIT,5887,4347,19,1,1520,79,53,16,0,9,5808,4294,3,1511
2019-09-30,MICHIGAN WESTERN,MICHIGAN,SIXTH CIRCUIT,1384,1083,3,3,295,35,23,3,0,6,1349,1060,0,289
2019-09-30,MINNESOTA,MINNESOTA,EIGHTH CIRCUIT,2416,1832,6,9,569,65,48,6,0,2,2351,1784,0,567
2019-09-30,MISSISSIPPI NORTHERN,MISSISSIPPI,FIFTH CIRCUIT,1376,540,0,4,832,20,14,0,0,2,1356,526,0,830
2019-09-30,MISSISSIPPI SOUTHERN,MISSISSIPPI,FIFTH CIRCUIT,1812,915,4,0,893,25,19,3,0,3,1787,896,1,890
2019-09-30,MISSOURI EASTERN,MISSOURI,EIGHTH CIRCUIT,2472,1553,5,2,912,36,23,5,0,6,2436,1530,0,906
2019-09-30,MISSOURI WESTERN,MISSOURI,EIGHTH CIRCUIT,1978,1242,13,1,722,37,20,12,0,4,1941,1222,1,718
2019-09-30,MONTANA,MONTANA,NINTH CIRCUIT,337,261,3,4,69,16,8,3,0,1,321,253,0,68
2019-09-30,NEBRASKA,NEBRASKA,EIGHTH CIRCUIT,1040,728,3,18,290,39,16,3,0,1,1001,712,0,289
2019-09-30,NEVADA,NEVADA,NINTH CIRCUIT,2613,2080,37,0,496,91,61,26,0,4,2522,2019,11,492
2019-09-30,NEW HAMPSHIRE,NEW HAMPSHIRE,FIRST CIRCUIT,447,330,4,0,113,19,11,3,0,5,428,319,1,108
2019-09-30,NEW JERSEY,NEW JERSEY,THIRD CIRCUIT,5924,3680,64,0,2180,169,110,49,0,10,5755,3570,15,2170
2019-09-30,NEW MEXICO,NEW MEXICO,TENTH CIRCUIT,694,590,7,0,97,12,7,5,0,0,682,583,2,97
2019-09-30,NEW YORK EASTERN,NEW YORK,SECOND CIRCUIT,3967,2284,94,0,1589,194,118,76,0,0,3773,2166,18,1589
2019-09-30,NEW YORK NORTHERN,NEW YORK,SECOND CIRCUIT,1481,1138,9,3,331,31,17,8,0,3,1450,1121,1,328
2019-09-30,NEW YORK SOUTHERN,NEW YORK,SECOND CIRCUIT,1993,1409,89,1,478,175,71,82,0,5,1818,1338,7,473
2019-09-30,NEW YORK WESTERN,NEW YORK,SECOND CIRCUIT,1082,669,9,0,404,34,22,8,0,4,1048,647,1,400
2019-09-30,NORTH CAROLINA EASTERN,NORTH CAROLINA,FOURTH CIRCUIT,1524,489,18,1,1016,60,21,14,0,24,1464,468,4,992
2019-09-30,NORTH CAROLINA MIDDLE,NORTH CAROLINA,FOURTH CIRCUIT,962,389,2,1,570,30,26,2,0,1,932,363,0,569
2019-09-30,NORTH CAROLINA WESTERN,NORTH CAROLINA,FOURTH CIRCUIT,953,467,6,1,479,26,17,6,0,2,927,450,0,477
2019-09-30,NORTH DAKOTA,NORTH DAKOTA,EIGHTH CIRCUIT,173,162,1,0,10,5,3,1,0,1,168,159,0,9
2019-09-30,NORTHERN MARIANAS,NORTHERN MARIANA ISLANDS,NINTH CIRCUIT,0,0,0,0,0,0,0,0,0,0,0,0,0,0
2019-09-30,OHIO NORTHERN,OHIO,SIXTH CIRCUIT,5138,4238,8,1,891,64,50,7,0,6,5074,4188,1,885
2019-09-30,OHIO SOUTHERN,OHIO,SIXTH CIRCUIT,4204,2881,1,3,1319,57,47,1,0,6,4147,2834,0,1313
2019-09-30,OKLAHOMA EASTERN,OKLAHOMA,TENTH CIRCUIT,410,377,1,2,30,10,7,1,0,0,400,370,0,30
2019-09-30,OKLAHOMA NORTHERN,OKLAHOMA,TENTH CIRCUIT,648,582,1,0,65,19,17,1,0,1,629,565,0,64
2019-09-30,OKLAHOMA WESTERN,OKLAHOMA,TENTH CIRCUIT,1364,1036,6,1,321,45,33,5,0,6,1319,1003,1,315
2019-09-30,OREGON,OREGON,NINTH CIRCUIT,2257,1687,10,4,556,59,39,10,0,6,2198,1648,0,550
2019-09-30,PENNSYLVANIA EASTERN,PENNSYLVANIA,THIRD CIRCUIT,2035,984,19,2,1029,69,44,17,0,5,1966,940,2,1024
2019-09-30,PENNSYLVANIA MIDDLE,PENNSYLVANIA,THIRD CIRCUIT,1417,824,13,0,580,41,23,12,0,6,1376,801,1,574
2019-09-30,PENNSYLVANIA WESTERN,PENNSYLVANIA,THIRD CIRCUIT,1792,1131,20,4,637,70,37,18,0,11,1722,1094,2,626
2019-09-30,PUERTO RICO,PUERTO RICO,FIRST CIRCUIT,1921,692,23,2,1203,57,19,19,0,16,1864,673,4,1187
2019-09-30,RHODE ISLAND,RHODE ISLAND,FIRST CIRCUIT,516,388,0,0,128,11,9,0,0,2,505,379,0,126
2019-09-30,SOUTH CAROLINA,SOUTH CAROLINA,FOURTH CIRCUIT,1628,658,5,1,964,36,30,3,0,2,1592,628,2,962
2019-09-30,SOUTH DAKOTA,SOUTH DAKOTA,EIGHTH CIRCUIT,289,246,4,3,36,21,11,4,0,3,268,235,0,33
2019-09-30,TENNESSEE EASTERN,TENNESSEE,SIXTH CIRCUIT,3222,1774,3,2,1443,31,23,3,0,3,3191,1751,0,1440
2019-09-30,TENNESSEE MIDDLE,TENNESSEE,SIXTH CIRCUIT,2196,1067,13,1,1115,33,22,8,0,2,2163,1045,5,1113
2019-09-30,TENNESSEE WESTERN,TENNESSEE,SIXTH CIRCUIT,3535,799,8,0,2728,26,14,8,0,4,3509,785,0,2724
2019-09-30,TEXAS EASTERN,TEXAS,FIFTH CIRCUIT,1561,719,20,1,821,91,68,18,0,4,1470,651,2,817
2019-09-30,TEXAS NORTHERN,TEXAS,FIFTH CIRCUIT,3010,1441,50,3,1516,181,116,49,0,13,2829,1325,1,1503
2019-09-30,TEXAS SOUTHERN,TEXAS,FIFTH CIRCUIT,2539,1132,91,2,1314,198,94,90,0,12,2341,1038,1,1302
2019-09-30,TEXAS WESTERN,TEXAS,FIFTH CIRCUIT,2189,1223,34,0,931,138,101,28,0,8,2051,1122,6,923
2019-09-30,UTAH,UTAH,TENTH CIRCUIT,2525,1513,6,0,1006,45,40,4,0,1,2480,1473,2,1005
2019-09-30,VERMONT,VERMONT,SECOND CIRCUIT,127,101,0,1,25,8,6,0,0,1,119,95,0,24
2019-09-30,VIRGIN ISLANDS,VIRGIN ISLANDS,THIRD CIRCUIT,0,0,0,0,0,0,0,0,0,0,0,0,0,0
2019-09-30,VIRGINIA EASTERN,VIRGINIA,FOURTH CIRCUIT,4401,2479,19,2,1901,88,64,14,0,8,4313,2415,5,1893
2019-09-30,VIRGINIA WESTERN,VIRGINIA,FOURTH CIRCUIT,1395,792,2,1,600,21,16,1,0,3,1374,776,1,597
2019-09-30,WASHINGTON EASTERN,WASHINGTON,NINTH CIRCUIT,829,626,0,0,203,21,18,0,0,3,808,608,0,200
2019-09-30,WASHINGTON WESTERN,WASHINGTON,NINTH CIRCUIT,2193,1530,25,1,637,80,56,14,0,9,2113,1474,11,628
2019-09-30,WEST VIRGINIA NORTHERN,WEST VIRGINIA,FOURTH CIRCUIT,306,252,2,0,52,7,5,2,0,0,299,247,0,52
2019-09-30,WEST VIRGINIA SOUTHERN,WEST VIRGINIA,FOURTH CIRCUIT,415,339,14,0,62,24,10,14,0,0,391,329,0,62
2019-09-30,WISCONSIN EASTERN,WISCONSIN,SEVENTH CIRCUIT,3067,2039,3,0,1025,37,30,3,0,4,3030,2009,0,1021
2019-09-30,WISCONSIN WESTERN,WISCONSIN,SEVENTH CIRCUIT,1045,838,3,12,192,46,23,3,0,8,999,815,0,184
2019-09-30,WYOMING,WYOMING,TENTH CIRCUIT,228,196,1,0,31,6,5,1,0,0,222,191,0,31
2019-12-31,ALABAMA MIDDLE,ALABAMA,ELEVENTH CIRCUIT,2046,390,2,0,1654,15,12,1,0,2,2031,378,1,1652
2019-12-31,ALABAMA NORTHERN,ALABAMA,ELEVENTH CIRCUIT,3225,1439,15,0,1771,46,31,15,0,0,3179,1408,0,1771
2019-12-31,ALABAMA SOUTHERN,ALABAMA,ELEVENTH CIRCUIT,1255,322,5,0,928,10,5,4,0,1,1245,317,1,927
2019-12-31,ALASKA,ALASKA,NINTH CIRCUIT,92,74,1,0,17,6,4,1,0,1,86,70,0,16
2019-12-31,ARIZONA,ARIZONA,NINTH CIRCUIT,3878,3127,39,0,712,115,81,32,0,2,3763,3046,7,710
2019-12-31,ARKANSAS,ARKANSAS,EIGHTH CIRCUIT,2559,1125,6,5,1423,54,33,5,0,11,2505,1092,1,1412
2019-12-31,CALIFORNIA CENTRAL,CALIFORNIA,NINTH CIRCUIT,8999,6998,102,0,1898,403,318,62,0,22,8596,6680,40,1876
2019-12-31,CALIFORNIA EASTERN,CALIFORNIA,NINTH CIRCUIT,3453,2630,27,2,794,113,81,17,0,13,3340,2549,10,781
2019-12-31,CALIFORNIA NORTHERN,CALIFORNIA,NINTH CIRCUIT,1884,1067,35,0,782,122,91,19,0,12,1762,976,16,770
2019-12-31,CALIFORNIA SOUTHERN,CALIFORNIA,NINTH CIRCUIT,1899,1585,5,0,309,71,64,3,0,4,1828,1521,2,305
2019-12-31,COLORADO,COLORADO,TENTH CIRCUIT,2639,2024,20,0,595,99,77,18,0,4,2540,1947,2,591
2019-12-31,CONNECTICUT,CONNECTICUT,SECOND CIRCUIT,1361,1095,8,0,258,43,37,5,0,1,1318,1058,3,257
2019-12-31,DELAWARE,DELAWARE,THIRD CIRCUIT,639,271,171,1,190,208,30,171,0,0,431,241,0,190
2019-12-31,DISTRICT OF COLUMBIA,DISTRICT OF COLUMBIA,DC CIRCUIT,208,127,11,0,69,15,5,8,0,1,193,122,3,68
2019-12-31,FLORIDA MIDDLE,FLORIDA,ELEVENTH CIRCUIT,6313,4582,102,7,1621,284,170,90,0,16,6029,4412,12,1605
2019-12-31,FLORIDA NORTHERN,FLORIDA,ELEVENTH CIRCUIT,609,458,8,1,142,27,17,7,0,2,582,441,1,140
2019-12-31,FLORIDA SOUTHERN,FLORIDA,ELEVENTH CIRCUIT,4262,2431,55,0,1768,160,97,42,0,13,4102,2334,13,1755
2019-12-31,GEORGIA MIDDLE,GEORGIA,ELEVENTH CIRCUIT,1988,600,8,4,1376,34,18,8,0,4,1954,582,0,1372
2019-12-31,GEORGIA NORTHERN,GEORGIA,ELEVENTH CIRCUIT,7087,3590,56,4,3437,162,99,53,0,6,6925,3491,3,3431
2019-12-31,GEORGIA SOUTHERN,GEORGIA,ELEVENTH CIRCUIT,1582,283,4,0,1295,13,9,4,0,0,1569,274,0,1295
2019-12-31,GUAM,GUAM,NINTH CIRCUIT,33,25,0,0,8,1,0,0,0,1,32,25,0,7
2019-12-31,HAWAII,HAWAII,NINTH CIRCUIT,425,290,6,1,128,17,7,5,0,4,408,283,1,124
2019-12-31,IDAHO,IDAHO,NINTH CIRCUIT,815,734,1,0,79,19,16,0,0,2,796,718,1,77
2019-12-31,ILLINOIS CENTRAL,ILLINOIS,SEVENTH CIRCUIT,1255,998,0,0,257,30,26,0,0,4,1225,972,0,253
2019-12-31,ILLINOIS NORTHERN,ILLINOIS,SEVENTH CIRCUIT,9622,5773,33,2,3814,209,163,31,0,13,9413,5610,2,3801
2019-12-31,ILLINOIS SOUTHERN,ILLINOIS,SEVENTH CIRCUIT,760,471,2,2,285,13,8,2,0,1,747,463,0,284
2019-12-31,INDIANA NORTHERN,INDIANA,SEVENTH CIRCUIT,2141,1343,1,0,797,19,14,1,0,4,2122,1329,0,793
2019-12-31,INDIANA SOUTHERN,INDIANA,SEVENTH CIRCUIT,3264,1923,10,2,1329,61,46,10,0,3,3203,1877,0,1326
2019-12-31,IOWA NORTHERN,IOWA,EIGHTH CIRCUIT,458,415,1,3,39,17,12,1,0,1,441,403,0,38
2019-12-31,IOWA SOUTHERN,IOWA,EIGHTH CIRCUIT,693,575,2,2,114,25,20,2,0,1,668,555,0,113
2019-12-31,KANSAS,KANSAS,TENTH CIRCUIT,1559,822,15,11,711,63,32,13,0,7,1496,790,2,704
2019-12-31,KENTUCKY EASTERN,KENTUCKY,SIXTH CIRCUIT,1721,1130,11,1,579,28,14,11,0,2,1693,1116,0,577
2019-12-31,KENTUCKY WESTERN,KENTUCKY,SIXTH CIRCUIT,1753,1032,2,3,716,30,19,2,0,6,1723,1013,0,710
2019-12-31,LOUISIANA EASTERN,LOUISIANA,FIFTH CIRCUIT,823,321,10,0,492,38,27,10,0,1,785,294,0,491
2019-12-31,LOUISIANA MIDDLE,LOUISIANA,FIFTH CIRCUIT,370,210,0,0,160,13,13,0,0,0,357,197,0,160
2019-12-31,LOUISIANA WESTERN,LOUISIANA,FIFTH CIRCUIT,1828,373,14,0,1441,35,17,14,0,4,1793,356,0,1437
2019-12-31,MAINE,MAINE,FIRST CIRCUIT,314,249,2,0,63,17,15,2,0,0,297,234,0,63
2019-12-31,MARYLAND,MARYLAND,FOURTH CIRCUIT,4180,2638,21,1,1520,77,50,18,0,8,4103,2588,3,1512
2019-12-31,MASSACHUSETTS,MASSACHUSETTS,FIRST CIRCUIT,1800,1128,13,1,658,98,81,8,0,8,1702,1047,5,650
2019-12-31,MICHIGAN EASTERN,MICHIGAN,SIXTH CIRCUIT,5752,4208,27,2,1515,90,52,26,0,10,5662,4156,1,1505
2019-12-31,MICHIGAN WESTERN,MICHIGAN,SIXTH CIRCUIT,1321,1005,9,2,305,43,29,9,0,3,1278,976,0,302
2019-12-31,MINNESOTA,MINNESOTA,EIGHTH CIRCUIT,2390,1791,16,9,574,86,55,15,0,7,2304,1736,1,567
2019-12-31,MISSISSIPPI NORTHERN,MISSISSIPPI,FIFTH CIRCUIT,1276,502,5,0,769,20,11,5,0,4,1256,491,0,765
2019-12-31,MISSISSIPPI SOUTHERN,MISSISSIPPI,FIFTH CIRCUIT,1774,869,7,1,897,37,27,7,0,2,1737,842,0,895
2019-12-31,MISSOURI EASTERN,MISSOURI,EIGHTH CIRCUIT,2234,1366,1,3,864,25,18,1,0,3,2209,1348,0,861
2019-12-31,MISSOURI WESTERN,MISSOURI,EIGHTH CIRCUIT,1603,979,5,1,618,33,23,5,0,4,1570,956,0,614
2019-12-31,MONTANA,MONTANA,NINTH CIRCUIT,276,212,3,3,58,19,11,3,0,2,257,201,0,56
2019-12-31,NEBRASKA,NEBRASKA,EIGHTH CIRCUIT,927,613,2,6,306,21,11,2,0,2,906,602,0,304
2019-12-31,NEVADA,NEVADA,NINTH CIRCUIT,2245,1784,28,0,433,63,39,23,0,1,2182,1745,5,432
2019-12-31,NEW HAMPSHIRE,NEW HAMPSHIRE,FIRST CIRCUIT,416,273,3,0,140,15,12,2,0,1,401,261,1,139
2019-12-31,NEW JERSEY,NEW JERSEY,THIRD CIRCUIT,5591,3535,46,2,2007,145,97,33,0,12,5446,3438,13,1995
2019-12-31,NEW MEXICO,NEW MEXICO,TENTH CIRCUIT,744,635,5,0,104,25,20,3,0,2,719,615,2,102
2019-12-31,NEW YORK EASTERN,NEW YORK,SECOND CIRCUIT,3817,2267,85,0,1465,191,116,75,0,0,3626,2151,10,1465
2019-12-31,NEW YORK NORTHERN,NEW YORK,SECOND CIRCUIT,1394,1061,5,3,324,43,30,4,0,5,1351,1031,1,319
2019-12-31,NEW YORK SOUTHERN,NEW YORK,SECOND CIRCUIT,1899,1330,105,1,447,169,54,95,0,3,1730,1276,10,444
2019-12-31,NEW YORK WESTERN,NEW YORK,SECOND CIRCUIT,935,657,6,1,271,34,17,6,0,10,901,640,0,261
2019-12-31,NORTH CAROLINA EASTERN,NORTH CAROLINA,FOURTH CIRCUIT,1477,439,19,1,1018,43,19,17,0,6,1434,420,2,1012
2019-12-31,NORTH CAROLINA MIDDLE,NORTH CAROLINA,FOURTH CIRCUIT,933,335,4,4,590,25,15,4,0,2,908,320,0,588
2019-12-31,NORTH CAROLINA WESTERN,NORTH CAROLINA,FOURTH CIRCUIT,886,435,5,0,445,30,22,5,0,2,856,413,0,443
2019-12-31,NORTH DAKOTA,NORTH DAKOTA,EIGHTH CIRCUIT,171,152,1,0,18,9,7,1,0,1,162,145,0,17
2019-12-31,NORTHERN MARIANAS,NORTHERN MARIANA ISLANDS,NINTH CIRCUIT,0,0,0,0,0,0,0,0,0,0,0,0,0,0
2019-12-31,OHIO NORTHERN,OHIO,SIXTH CIRCUIT,4653,3715,17,2,919,61,38,17,0,4,4592,3677,0,915
2019-12-31,OHIO SOUTHERN,OHIO,SIXTH CIRCUIT,3928,2611,100,1,1216,168,55,100,0,12,3760,2556,0,1204
2019-12-31,OKLAHOMA EASTERN,OKLAHOMA,TENTH CIRCUIT,366,328,1,0,37,8,7,1,0,0,358,321,0,37
2019-12-31,OKLAHOMA NORTHERN,OKLAHOMA,TENTH CIRCUIT,586,523,0,0,63,14,14,0,0,0,572,509,0,63
2019-12-31,OKLAHOMA WESTERN,OKLAHOMA,TENTH CIRCUIT,1195,899,5,1,290,33,26,5,0,1,1162,873,0,289
2019-12-31,OREGON,OREGON,NINTH CIRCUIT,2086,1525,8,2,551,52,36,7,0,7,2034,1489,1,544
2019-12-31,PENNSYLVANIA EASTERN,PENNSYLVANIA,THIRD CIRCUIT,1913,1009,13,0,891,65,44,11,0,10,1848,965,2,881
2019-12-31,PENNSYLVANIA MIDDLE,PENNSYLVANIA,THIRD CIRCUIT,1324,808,7,0,509,43,25,7,0,11,1281,783,0,498
2019-12-31,PENNSYLVANIA WESTERN,PENNSYLVANIA,THIRD CIRCUIT,1592,1001,23,1,567,58,30,23,0,4,1534,971,0,563
2019-12-31,PUERTO RICO,PUERTO RICO,FIRST CIRCUIT,2027,734,28,6,1259,55,23,21,0,5,1972,711,7,1254
2019-12-31,RHODE ISLAND,RHODE ISLAND,FIRST CIRCUIT,431,329,2,0,100,17,14,2,0,1,414,315,0,99
2019-12-31,SOUTH CAROLINA,SOUTH CAROLINA,FOURTH CIRCUIT,1668,642,4,5,1017,31,20,3,0,3,1637,622,1,1014
2019-12-31,SOUTH DAKOTA,SOUTH DAKOTA,EIGHTH CIRCUIT,197,166,1,4,26,17,9,1,0,3,180,157,0,23
2019-12-31,TENNESSEE EASTERN,TENNESSEE,SIXTH CIRCUIT,2762,1522,2,2,1236,34,26,2,0,4,2728,1496,0,1232
2019-12-31,TENNESSEE MIDDLE,TENNESSEE,SIXTH CIRCUIT,1915,866,22,0,1027,54,34,16,0,4,1861,832,6,1023
2019-12-31,TENNESSEE WESTERN,TENNESSEE,SIXTH CIRCUIT,2993,670,5,0,2318,19,10,5,0,4,2974,660,0,2314
2019-12-31,TEXAS EASTERN,TEXAS,FIFTH CIRCUIT,1339,652,19,0,668,91,67,19,0,5,1248,585,0,663
2019-12-31,TEXAS NORTHERN,TEXAS,FIFTH CIRCUIT,2651,1297,46,2,1302,186,127,44,0,9,2465,1170,2,1293
2019-12-31,TEXAS SOUTHERN,TEXAS,FIFTH CIRCUIT,2163,1001,95,0,1067,202,105,93,0,4,1961,896,2,1063
2019-12-31,TEXAS WESTERN,TEXAS,FIFTH CIRCUIT,1881,1093,34,1,753,154,108,32,0,13,1727,985,2,740
2019-12-31,UTAH,UTAH,TENTH CIRCUIT,2280,1314,5,0,961,38,29,4,0,5,2242,1285,1,956
2019-12-31,VERMONT,VERMONT,SECOND CIRCUIT,141,115,1,1,24,15,11,1,0,2,126,104,0,22
2019-12-31,VIRGIN ISLANDS,VIRGIN ISLANDS,THIRD CIRCUIT,0,0,0,0,0,0,0,0,0,0,0,0,0,0
2019-12-31,VIRGINIA EASTERN,VIRGINIA,FOURTH CIRCUIT,4203,2292,13,0,1898,89,68,11,0,10,4114,2224,2,1888
2019-12-31,VIRGINIA WESTERN,VIRGINIA,FOURTH CIRCUIT,1265,692,3,1,569,20,17,2,0,0,1245,675,1,569
2019-12-31,WASHINGTON EASTERN,WASHINGTON,NINTH CIRCUIT,706,535,1,2,168,15,11,1,0,1,691,524,0,167
2019-12-31,WASHINGTON WESTERN,WASHINGTON,NINTH CIRCUIT,2131,1450,32,1,648,71,38,24,0,8,2060,1412,8,640
2019-12-31,WEST VIRGINIA NORTHERN,WEST VIRGINIA,FOURTH CIRCUIT,228,191,2,0,35,11,7,2,0,2,217,184,0,33
2019-12-31,WEST VIRGINIA SOUTHERN,WEST VIRGINIA,FOURTH CIRCUIT,412,368,3,0,41,14,11,3,0,0,398,357,0,41
2019-12-31,WISCONSIN EASTERN,WISCONSIN,SEVENTH CIRCUIT,2592,1633,4,8,947,41,29,4,0,0,2551,1604,0,947
2019-12-31,WISCONSIN WESTERN,WISCONSIN,SEVENTH CIRCUIT,1059,828,3,14,214,49,29,3,0,3,1010,799,0,211
2019-12-31,WYOMING,WYOMING,TENTH CIRCUIT,184,160,3,0,21,11,8,3,0,0,173,152,0,21
2020-03-31,ALABAMA MIDDLE,ALABAMA,ELEVENTH CIRCUIT,1973,469,4,2,1498,16,8,4,0,2,1957,461,0,1496
2020-03-31,ALABAMA NORTHERN,ALABAMA,ELEVENTH CIRCUIT,3425,1731,10,0,1684,39,27,9,0,3,3386,1704,1,1681
2020-03-31,ALABAMA SOUTHERN,ALABAMA,ELEVENTH CIRCUIT,1127,318,3,1,805,11,6,3,0,1,1116,312,0,804
2020-03-31,ALASKA,ALASKA,NINTH CIRCUIT,93,75,4,0,14,14,7,4,0,3,79,68,0,11
2020-03-31,ARIZONA,ARIZONA,NINTH CIRCUIT,3684,2897,38,2,747,96,62,27,0,5,3588,2835,11,742
2020-03-31,ARKANSAS,ARKANSAS,EIGHTH CIRCUIT,2634,1283,12,3,1336,57,36,11,0,7,2577,1247,1,1329
2020-03-31,CALIFORNIA CENTRAL,CALIFORNIA,NINTH CIRCUIT,8631,6749,106,1,1774,410,308,78,0,22,8221,6441,28,1752
2020-03-31,CALIFORNIA EASTERN,CALIFORNIA,NINTH CIRCUIT,3569,2733,23,5,808,122,88,17,0,12,3447,2645,6,796
2020-03-31,CALIFORNIA NORTHERN,CALIFORNIA,NINTH CIRCUIT,1880,1157,43,0,679,129,96,22,0,10,1751,1061,21,669
2020-03-31,CALIFORNIA SOUTHERN,CALIFORNIA,NINTH CIRCUIT,1895,1587,6,0,302,81,70,5,0,6,1814,1517,1,296
2020-03-31,COLORADO,COLORADO,TENTH CIRCUIT,2431,1813,19,0,599,94,70,16,0,8,2337,1743,3,591
2020-03-31,CONNECTICUT,CONNECTICUT,SECOND CIRCUIT,1396,1133,4,0,259,40,33,3,0,4,1356,1100,1,255
2020-03-31,DELAWARE,DELAWARE,THIRD CIRCUIT,750,341,210,0,194,251,35,210,0,1,499,306,0,193
2020-03-31,DISTRICT OF COLUMBIA,DISTRICT OF COLUMBIA,DC CIRCUIT,183,118,6,0,59,18,13,4,0,1,165,105,2,58
2020-03-31,FLORIDA MIDDLE,FLORIDA,ELEVENTH CIRCUIT,6121,4409,76,0,1635,228,155,63,0,9,5893,4254,13,1626
2020-03-31,FLORIDA NORTHERN,FLORIDA,ELEVENTH CIRCUIT,629,518,9,0,102,18,9,8,0,1,611,509,1,101
2020-03-31,FLORIDA SOUTHERN,FLORIDA,ELEVENTH CIRCUIT,4287,2345,39,0,1899,144,95,33,0,12,4143,2250,6,1887
2020-03-31,GEORGIA MIDDLE,GEORGIA,ELEVENTH CIRCUIT,2029,712,7,3,1307,38,19,7,0,9,1991,693,0,1298
2020-03-31,GEORGIA NORTHERN,GEORGIA,ELEVENTH CIRCUIT,7313,3700,53,0,3560,163,105,51,0,7,7150,3595,2,3553
2020-03-31,GEORGIA SOUTHERN,GEORGIA,ELEVENTH CIRCUIT,1482,332,5,2,1143,26,15,4,0,5,1456,317,1,1138
2020-03-31,GUAM,GUAM,NINTH CIRCUIT,19,13,0,0,6,3,2,0,0,1,16,11,0,5
2020-03-31,HAWAII,HAWAII,NINTH CIRCUIT,409,286,1,0,121,11,7,1,0,2,398,279,0,119
2020-03-31,IDAHO,IDAHO,NINTH CIRCUIT,792,686,4,3,99,27,20,4,0,0,765,666,0,99
2020-03-31,ILLINOIS CENTRAL,ILLINOIS,SEVENTH CIRCUIT,1233,964,4,0,265,31,22,4,0,5,1202,942,0,260
2020-03-31,ILLINOIS NORTHERN,ILLINOIS,SEVENTH CIRCUIT,9555,6021,38,1,3494,198,147,34,0,15,9357,5874,4,3479
2020-03-31,ILLINOIS SOUTHERN,ILLINOIS,SEVENTH CIRCUIT,746,496,2,1,247,19,14,2,0,2,727,482,0,245
2020-03-31,INDIANA NORTHERN,INDIANA,SEVENTH CIRCUIT,1992,1335,0,3,654,29,21,0,0,5,1963,1314,0,649
2020-03-31,INDIANA SOUTHERN,INDIANA,SEVENTH CIRCUIT,3103,1901,6,4,1192,45,29,5,0,7,3058,1872,1,1185
2020-03-31,IOWA NORTHERN,IOWA,EIGHTH CIRCUIT,456,383,3,14,56,39,21,3,0,1,417,362,0,55
2020-03-31,IOWA SOUTHERN,IOWA,EIGHTH CIRCUIT,689,572,2,1,114,21,16,2,0,2,668,556,0,112
2020-03-31,KANSAS,KANSAS,TENTH CIRCUIT,1330,695,14,6,615,46,23,11,0,6,1284,672,3,609
2020-03-31,KENTUCKY EASTERN,KENTUCKY,SIXTH CIRCUIT,1939,1334,7,2,596,29,19,7,0,1,1910,1315,0,595
2020-03-31,KENTUCKY WESTERN,KENTUCKY,SIXTH CIRCUIT,1985,1176,8,0,801,35,21,8,0,6,1950,1155,0,795
2020-03-31,LOUISIANA EASTERN,LOUISIANA,FIFTH CIRCUIT,740,286,9,0,445,30,17,9,0,4,710,269,0,441
2020-03-31,LOUISIANA MIDDLE,LOUISIANA,FIFTH CIRCUIT,327,174,3,0,150,8,4,3,0,1,319,170,0,149
2020-03-31,LOUISIANA WESTERN,LOUISIANA,FIFTH CIRCUIT,1605,346,2,3,1254,25,18,2,0,2,1580,328,0,1252
2020-03-31,MAINE,MAINE,FIRST CIRCUIT,294,232,6,3,53,20,9,6,0,2,274,223,0,51
2020-03-31,MARYLAND,MARYLAND,FOURTH CIRCUIT,4141,2686,22,0,1433,81,55,19,0,7,4060,2631,3,1426
2020-03-31,MASSACHUSETTS,MASSACHUSETTS,FIRST CIRCUIT,1667,1067,16,3,580,81,57,13,0,7,1586,1010,3,573
2020-03-31,MICHIGAN EASTERN,MICHIGAN,SIXTH CIRCUIT,6382,4745,19,2,1614,68,38,18,0,8,6314,4707,1,1606
2020-03-31,MICHIGAN WESTERN,MICHIGAN,SIXTH CIRCUIT,1458,1106,9,2,341,40,25,9,0,4,1418,1081,0,337
2020-03-31,MINNESOTA,MINNESOTA,EIGHTH CIRCUIT,2426,1845,4,12,565,86,66,4,0,4,2340,1779,0,561
2020-03-31,MISSISSIPPI NORTHERN,MISSISSIPPI,FIFTH CIRCUIT,1454,628,1,1,824,18,10,1,0,6,1436,618,0,818
2020-03-31,MISSISSIPPI SOUTHERN,MISSISSIPPI,FIFTH CIRCUIT,1876,1059,5,2,810,38,30,5,0,1,1838,1029,0,809
2020-03-31,MISSOURI EASTERN,MISSOURI,EIGHTH CIRCUIT,2327,1448,34,1,844,59,21,34,0,3,2268,1427,0,841
2020-03-31,MISSOURI WESTERN,MISSOURI,EIGHTH CIRCUIT,1640,998,8,3,631,36,26,6,0,1,1604,972,2,630
2020-03-31,MONTANA,MONTANA,NINTH CIRCUIT,253,202,6,2,43,18,11,4,0,1,235,191,2,42
2020-03-31,NEBRASKA,NEBRASKA,EIGHTH CIRCUIT,935,639,0,7,289,25,18,0,0,0,910,621,0,289
2020-03-31,NEVADA,NEVADA,NINTH CIRCUIT,2280,1843,32,0,405,81,52,25,0,4,2199,1791,7,401
2020-03-31,NEW HAMPSHIRE,NEW HAMPSHIRE,FIRST CIRCUIT,390,302,1,0,87,16,14,1,0,1,374,288,0,86
2020-03-31,NEW JERSEY,NEW JERSEY,THIRD CIRCUIT,5377,3431,100,0,1846,173,75,84,0,14,5204,3356,16,1832
2020-03-31,NEW MEXICO,NEW MEXICO,TENTH CIRCUIT,750,663,3,0,84,23,18,3,0,2,727,645,0,82
2020-03-31,NEW YORK EASTERN,NEW YORK,SECOND CIRCUIT,3642,2150,132,0,1360,246,130,116,0,0,3396,2020,16,1360
2020-03-31,NEW YORK NORTHERN,NEW YORK,SECOND CIRCUIT,1394,1032,1,5,356,31,21,1,0,4,1363,1011,0,352
2020-03-31,NEW YORK SOUTHERN,NEW YORK,SECOND CIRCUIT,1848,1226,171,0,438,250,74,161,0,2,1598,1152,10,436
2020-03-31,NEW YORK WESTERN,NEW YORK,SECOND CIRCUIT,858,628,13,0,217,36,20,12,0,4,822,608,1,213
2020-03-31,NORTH CAROLINA EASTERN,NORTH CAROLINA,FOURTH CIRCUIT,1422,467,14,1,940,50,33,12,0,4,1372,434,2,936
2020-03-31,NORTH CAROLINA MIDDLE,NORTH CAROLINA,FOURTH CIRCUIT,869,355,11,0,503,25,16,9,0,0,844,339,2,503
2020-03-31,NORTH CAROLINA WESTERN,NORTH CAROLINA,FOURTH CIRCUIT,786,394,16,2,374,41,20,16,0,3,745,374,0,371
2020-03-31,NORTH DAKOTA,NORTH DAKOTA,EIGHTH CIRCUIT,187,163,0,0,24,3,3,0,0,0,184,160,0,24
2020-03-31,NORTHERN MARIANAS,NORTHERN MARIANA ISLANDS,NINTH CIRCUIT,0,0,0,0,0,0,0,0,0,0,0,0,0,0
2020-03-31,OHIO NORTHERN,OHIO,SIXTH CIRCUIT,4771,3834,6,3,928,65,49,6,0,7,4706,3785,0,921
2020-03-31,OHIO SOUTHERN,OHIO,SIXTH CIRCUIT,3776,2664,8,0,1104,54,39,8,0,7,3722,2625,0,1097
2020-03-31,OKLAHOMA EASTERN,OKLAHOMA,TENTH CIRCUIT,327,295,0,0,32,11,11,0,0,0,316,284,0,32
2020-03-31,OKLAHOMA NORTHERN,OKLAHOMA,TENTH CIRCUIT,602,533,1,0,68,7,5,1,0,1,595,528,0,67
2020-03-31,OKLAHOMA WESTERN,OKLAHOMA,TENTH CIRCUIT,1270,967,4,0,299,37,33,4,0,0,1233,934,0,299
2020-03-31,OREGON,OREGON,NINTH CIRCUIT,2238,1680,9,9,540,53,31,8,0,5,2185,1649,1,535
2020-03-31,PENNSYLVANIA EASTERN,PENNSYLVANIA,THIRD CIRCUIT,1910,913,15,1,981,46,25,14,0,6,1864,888,1,975
2020-03-31,PENNSYLVANIA MIDDLE,PENNSYLVANIA,THIRD CIRCUIT,1251,776,7,2,466,41,25,5,0,9,1210,751,2,457
2020-03-31,PENNSYLVANIA WESTERN,PENNSYLVANIA,THIRD CIRCUIT,1624,1065,21,1,537,65,38,17,0,9,1559,1027,4,528
2020-03-31,PUERTO RICO,PUERTO RICO,FIRST CIRCUIT,1611,625,17,1,968,37,14,13,0,9,1574,611,4,959
2020-03-31,RHODE ISLAND,RHODE ISLAND,FIRST CIRCUIT,461,362,1,0,98,7,6,1,0,0,454,356,0,98
2020-03-31,SOUTH CAROLINA,SOUTH CAROLINA,FOURTH CIRCUIT,1665,630,12,1,1022,43,28,11,0,3,1622,602,1,1019
2020-03-31,SOUTH DAKOTA,SOUTH DAKOTA,EIGHTH CIRCUIT,180,158,0,5,17,11,4,0,0,2,169,154,0,15
2020-03-31,TENNESSEE EASTERN,TENNESSEE,SIXTH CIRCUIT,2923,1721,11,2,1189,39,24,11,0,2,2884,1697,0,1187
2020-03-31,TENNESSEE MIDDLE,TENNESSEE,SIXTH CIRCUIT,2029,988,21,0,1020,55,34,17,0,4,1974,954,4,1016
2020-03-31,TENNESSEE WESTERN,TENNESSEE,SIXTH CIRCUIT,3097,841,5,0,2251,17,9,5,0,3,3080,832,0,2248
2020-03-31,TEXAS EASTERN,TEXAS,FIFTH CIRCUIT,1483,727,25,2,729,98,68,24,0,4,1385,659,1,725
2020-03-31,TEXAS NORTHERN,TEXAS,FIFTH CIRCUIT,2833,1340,47,1,1444,187,132,45,0,8,2646,1208,2,1436
2020-03-31,TEXAS SOUTHERN,TEXAS,FIFTH CIRCUIT,2636,1100,324,1,1211,458,127,317,0,13,2178,973,7,1198
2020-03-31,TEXAS WESTERN,TEXAS,FIFTH CIRCUIT,1948,1140,46,0,762,155,104,44,0,7,1793,1036,2,755
2020-03-31,UTAH,UTAH,TENTH CIRCUIT,2139,1299,4,1,835,27,19,4,0,3,2112,1280,0,832
2020-03-31,VERMONT,VERMONT,SECOND CIRCUIT,111,79,2,1,29,6,2,2,0,1,105,77,0,28
2020-03-31,VIRGIN ISLANDS,VIRGIN ISLANDS,THIRD CIRCUIT,2,2,0,0,0,0,0,0,0,0,2,2,0,0
2020-03-31,VIRGINIA EASTERN,VIRGINIA,FOURTH CIRCUIT,4409,2497,28,0,1884,78,48,25,0,5,4331,2449,3,1879
2020-03-31,VIRGINIA WESTERN,VIRGINIA,FOURTH CIRCUIT,1337,774,4,4,555,22,14,3,0,1,1315,760,1,554
2020-03-31,WASHINGTON EASTERN,WASHINGTON,NINTH CIRCUIT,777,605,5,2,165,14,7,5,0,0,763,598,0,165
2020-03-31,WASHINGTON WESTERN,WASHINGTON,NINTH CIRCUIT,2097,1478,19,1,599,59,38,15,0,5,2038,1440,4,594
2020-03-31,WEST VIRGINIA NORTHERN,WEST VIRGINIA,FOURTH CIRCUIT,301,250,2,0,49,6,3,2,0,1,295,247,0,48
2020-03-31,WEST VIRGINIA SOUTHERN,WEST VIRGINIA,FOURTH CIRCUIT,402,344,10,0,48,15,6,9,0,0,387,338,1,48
2020-03-31,WISCONSIN EASTERN,WISCONSIN,SEVENTH CIRCUIT,2656,1712,8,15,921,49,21,8,0,5,2607,1691,0,916
2020-03-31,WISCONSIN WESTERN,WISCONSIN,SEVENTH CIRCUIT,984,758,4,13,209,40,17,4,0,6,944,741,0,203
2020-03-31,WYOMING,WYOMING,TENTH CIRCUIT,140,117,4,0,19,14,10,4,0,0,126,107,0,19
2020-06-30,ALABAMA MIDDLE,ALABAMA,ELEVENTH CIRCUIT,1176,410,0,0,766,13,13,0,0,0,1163,397,0,766
2020-06-30,ALABAMA NORTHERN,ALABAMA,ELEVENTH CIRCUIT,2164,1375,3,1,784,26,21,2,0,1,2138,1354,1,783
2020-06-30,ALABAMA SOUTHERN,ALABAMA,ELEVENTH CIRCUIT,771,328,3,0,440,12,7,3,0,2,759,321,0,438
2020-06-30,ALASKA,ALASKA,NINTH CIRCUIT,76,67,0,0,9,5,5,0,0,0,71,62,0,9
2020-06-30,ARIZONA,ARIZONA,NINTH CIRCUIT,3478,3030,38,1,409,93,61,29,0,2,3385,2969,9,407
2020-06-30,ARKANSAS,ARKANSAS,EIGHTH CIRCUIT,1816,1154,7,1,654,42,29,7,0,5,1774,1125,0,649
2020-06-30,CALIFORNIA CENTRAL,CALIFORNIA,NINTH CIRCUIT,6223,5518,72,0,633,283,219,55,0,9,5940,5299,17,624
2020-06-30,CALIFORNIA EASTERN,CALIFORNIA,NINTH CIRCUIT,2641,2252,14,2,373,72,55,10,0,5,2569,2197,4,368
2020-06-30,CALIFORNIA NORTHERN,CALIFORNIA,NINTH CIRCUIT,1406,1053,28,0,325,94,67,21,0,6,1312,986,7,319
2020-06-30,CALIFORNIA SOUTHERN,CALIFORNIA,NINTH CIRCUIT,1602,1445,3,0,154,72,65,2,0,5,1530,1380,1,149
2020-06-30,COLORADO,COLORADO,TENTH CIRCUIT,2208,1846,22,1,338,95,68,22,0,3,2113,1778,0,335
2020-06-30,CONNECTICUT,CONNECTICUT,SECOND CIRCUIT,1090,1011,3,0,76,30,26,3,0,1,1060,985,0,75
2020-06-30,DELAWARE,DELAWARE,THIRD CIRCUIT,992,297,595,1,82,650,37,595,0,0,342,260,0,82
2020-06-30,DISTRICT OF COLUMBIA,DISTRICT OF COLUMBIA,DC CIRCUIT,105,95,3,0,7,7,5,2,0,0,98,90,1,7
2020-06-30,FLORIDA MIDDLE,FLORIDA,ELEVENTH CIRCUIT,4986,4196,75,1,713,201,126,62,0,11,4785,4070,13,702
2020-06-30,FLORIDA NORTHERN,FLORIDA,ELEVENTH CIRCUIT,503,445,5,1,52,18,11,5,0,1,485,434,0,51
2020-06-30,FLORIDA SOUTHERN,FLORIDA,ELEVENTH CIRCUIT,3226,2141,94,1,990,159,68,81,0,9,3067,2073,13,981
2020-06-30,GEORGIA MIDDLE,GEORGIA,ELEVENTH CIRCUIT,1072,503,4,8,557,27,12,4,0,3,1045,491,0,554
2020-06-30,GEORGIA NORTHERN,GEORGIA,ELEVENTH CIRCUIT,3636,2362,23,0,1251,90,65,22,0,3,3546,2297,1,1248
2020-06-30,GEORGIA SOUTHERN,GEORGIA,ELEVENTH CIRCUIT,707,240,0,1,466,17,14,0,0,2,690,226,0,464
2020-06-30,GUAM,GUAM,NINTH CIRCUIT,15,15,0,0,0,1,1,0,0,0,14,14,0,0
2020-06-30,HAWAII,HAWAII,NINTH CIRCUIT,381,299,4,0,78,21,16,3,0,2,360,283,1,76
2020-06-30,IDAHO,IDAHO,NINTH CIRCUIT,721,666,3,3,49,15,8,3,0,1,706,658,0,48
2020-06-30,ILLINOIS CENTRAL,ILLINOIS,SEVENTH CIRCUIT,892,761,0,0,131,14,13,0,0,1,878,748,0,130
2020-06-30,ILLINOIS NORTHERN,ILLINOIS,SEVENTH CIRCUIT,5305,4074,29,0,1201,113,83,29,0,0,5192,3991,0,1201
2020-06-30,ILLINOIS SOUTHERN,ILLINOIS,SEVENTH CIRCUIT,547,415,3,0,129,12,6,3,0,3,535,409,0,126
2020-06-30,INDIANA NORTHERN,INDIANA,SEVENTH CIRCUIT,1646,1343,4,0,299,15,10,4,0,1,1631,1333,0,298
2020-06-30,INDIANA SOUTHERN,INDIANA,SEVENTH CIRCUIT,2491,1852,4,3,632,32,26,3,0,0,2459,1826,1,632
2020-06-30,IOWA NORTHERN,IOWA,EIGHTH CIRCUIT,407,383,0,3,21,14,11,0,0,0,393,372,0,21
2020-06-30,IOWA SOUTHERN,IOWA,EIGHTH CIRCUIT,651,597,0,3,51,18,15,0,0,0,633,582,0,51
2020-06-30,KANSAS,KANSAS,TENTH CIRCUIT,1019,666,5,10,338,48,25,4,0,9,971,641,1,329
2020-06-30,KENTUCKY EASTERN,KENTUCKY,SIXTH CIRCUIT,1356,1050,4,0,302,19,14,4,0,1,1337,1036,0,301
2020-06-30,KENTUCKY WESTERN,KENTUCKY,SIXTH CIRCUIT,1250,880,5,0,365,21,15,5,0,1,1229,865,0,364
2020-06-30,LOUISIANA EASTERN,LOUISIANA,FIFTH CIRCUIT,470,255,4,0,211,13,7,4,0,2,457,248,0,209
2020-06-30,LOUISIANA MIDDLE,LOUISIANA,FIFTH CIRCUIT,174,138,0,0,36,4,4,0,0,0,170,134,0,36
2020-06-30,LOUISIANA WESTERN,LOUISIANA,FIFTH CIRCUIT,996,366,3,5,622,27,18,3,0,1,969,348,0,621
2020-06-30,MAINE,MAINE,FIRST CIRCUIT,305,249,8,0,48,17,8,7,0,2,288,241,1,46
2020-06-30,MARYLAND,MARYLAND,FOURTH CIRCUIT,2451,2067,10,0,374,57,42,10,0,5,2394,2025,0,369
2020-06-30,MASSACHUSETTS,MASSACHUSETTS,FIRST CIRCUIT,929,770,12,1,146,78,67,9,0,1,851,703,3,145
2020-06-30,MICHIGAN EASTERN,MICHIGAN,SIXTH CIRCUIT,3701,3112,10,2,577,42,29,9,0,2,3659,3083,1,575
2020-06-30,MICHIGAN WESTERN,MICHIGAN,SIXTH CIRCUIT,935,782,27,2,124,56,27,26,0,1,879,755,1,123
2020-06-30,MINNESOTA,MINNESOTA,EIGHTH CIRCUIT,1900,1600,7,7,286,62,46,7,0,2,1838,1554,0,284
2020-06-30,MISSISSIPPI NORTHERN,MISSISSIPPI,FIFTH CIRCUIT,812,454,23,4,331,74,39,23,0,8,738,415,0,323
2020-06-30,MISSISSIPPI SOUTHERN,MISSISSIPPI,FIFTH CIRCUIT,1101,759,6,1,335,25,16,6,0,2,1076,743,0,333
2020-06-30,MISSOURI EASTERN,MISSOURI,EIGHTH CIRCUIT,1814,1424,3,5,382,24,15,3,0,1,1790,1409,0,381
2020-06-30,MISSOURI WESTERN,MISSOURI,EIGHTH CIRCUIT,1281,923,5,1,352,23,16,5,0,1,1258,907,0,351
2020-06-30,MONTANA,MONTANA,NINTH CIRCUIT,271,238,3,1,29,18,11,3,0,3,253,227,0,26
2020-06-30,NEBRASKA,NEBRASKA,EIGHTH CIRCUIT,865,675,5,9,176,36,21,5,0,1,829,654,0,175
2020-06-30,NEVADA,NEVADA,NINTH CIRCUIT,1699,1502,46,0,151,69,26,43,0,0,1630,1476,3,151
2020-06-30,NEW HAMPSHIRE,NEW HAMPSHIRE,FIRST CIRCUIT,266,226,0,0,40,10,10,0,0,0,256,216,0,40
2020-06-30,NEW JERSEY,NEW JERSEY,THIRD CIRCUIT,3070,2402,20,0,648,70,51,17,0,2,3000,2351,3,646
2020-06-30,NEW MEXICO,NEW MEXICO,TENTH CIRCUIT,634,558,8,0,68,27,18,8,0,1,607,540,0,67
2020-06-30,NEW YORK EASTERN,NEW YORK,SECOND CIRCUIT,1300,1185,29,0,86,77,49,28,0,0,1223,1136,1,86
2020-06-30,NEW YORK NORTHERN,NEW YORK,SECOND CIRCUIT,1013,865,2,0,145,22,17,2,0,2,991,848,0,143
2020-06-30,NEW YORK SOUTHERN,NEW YORK,SECOND CIRCUIT,1253,836,283,0,89,366,38,282,0,1,887,798,1,88
2020-06-30,NEW YORK WESTERN,NEW YORK,SECOND CIRCUIT,549,462,2,0,85,28,22,2,0,4,521,440,0,81
2020-06-30,NORTH CAROLINA EASTERN,NORTH CAROLINA,FOURTH CIRCUIT,1002,441,10,1,550,40,25,8,0,6,962,416,2,544
2020-06-30,NORTH CAROLINA MIDDLE,NORTH CAROLINA,FOURTH CIRCUIT,564,320,5,0,239,16,11,5,0,0,548,309,0,239
2020-06-30,NORTH CAROLINA WESTERN,NORTH CAROLINA,FOURTH CIRCUIT,561,362,6,0,193,18,11,6,0,1,543,351,0,192
2020-06-30,NORTH DAKOTA,NORTH DAKOTA,EIGHTH CIRCUIT,200,184,1,1,14,7,5,1,0,0,193,179,0,14
2020-06-30,NORTHERN MARIANAS,NORTHERN MARIANA ISLANDS,NINTH CIRCUIT,1,1,0,0,0,0,0,0,0,0,1,1,0,0
2020-06-30,OHIO NORTHERN,OHIO,SIXTH CIRCUIT,3675,3257,8,0,410,56,45,8,0,3,3619,3212,0,407
2020-06-30,OHIO SOUTHERN,OHIO,SIXTH CIRCUIT,3113,2459,1,1,652,34,30,1,0,2,3079,2429,0,650
2020-06-30,OKLAHOMA EASTERN,OKLAHOMA,TENTH CIRCUIT,348,334,0,0,14,4,4,0,0,0,344,330,0,14
2020-06-30,OKLAHOMA NORTHERN,OKLAHOMA,TENTH CIRCUIT,514,487,0,0,27,13,13,0,0,0,501,474,0,27
2020-06-30,OKLAHOMA WESTERN,OKLAHOMA,TENTH CIRCUIT,1079,924,1,2,152,24,18,1,0,3,1055,906,0,149
2020-06-30,OREGON,OREGON,NINTH CIRCUIT,1609,1319,4,4,276,48,26,4,0,8,1561,1293,0,268
2020-06-30,PENNSYLVANIA EASTERN,PENNSYLVANIA,THIRD CIRCUIT,1002,684,8,1,309,32,20,7,0,4,970,664,1,305
2020-06-30,PENNSYLVANIA MIDDLE,PENNSYLVANIA,THIRD CIRCUIT,817,624,0,0,193,16,12,0,0,4,801,612,0,189
2020-06-30,PENNSYLVANIA WESTERN,PENNSYLVANIA,THIRD CIRCUIT,1216,960,13,0,243,31,20,10,0,1,1185,940,3,242
2020-06-30,PUERTO RICO,PUERTO RICO,FIRST CIRCUIT,1067,514,8,1,544,16,8,6,0,1,1051,506,2,543
2020-06-30,RHODE ISLAND,RHODE ISLAND,FIRST CIRCUIT,291,259,0,0,32,8,8,0,0,0,283,251,0,32
2020-06-30,SOUTH CAROLINA,SOUTH CAROLINA,FOURTH CIRCUIT,1089,571,3,0,515,21,17,3,0,1,1068,554,0,514
2020-06-30,SOUTH DAKOTA,SOUTH DAKOTA,EIGHTH CIRCUIT,247,231,3,3,10,14,8,2,0,1,233,223,1,9
2020-06-30,TENNESSEE EASTERN,TENNESSEE,SIXTH CIRCUIT,1820,1319,4,1,496,30,22,4,0,3,1790,1297,0,493
2020-06-30,TENNESSEE MIDDLE,TENNESSEE,SIXTH CIRCUIT,1243,827,16,0,400,39,25,14,0,0,1204,802,2,400
2020-06-30,TENNESSEE WESTERN,TENNESSEE,SIXTH CIRCUIT,1285,526,2,0,757,19,12,2,0,5,1266,514,0,752
2020-06-30,TEXAS EASTERN,TEXAS,FIFTH CIRCUIT,993,684,11,0,298,72,56,11,0,5,921,628,0,293
2020-06-30,TEXAS NORTHERN,TEXAS,FIFTH CIRCUIT,2018,1313,65,6,632,214,136,65,0,5,1804,1177,0,627
2020-06-30,TEXAS SOUTHERN,TEXAS,FIFTH CIRCUIT,1674,903,285,1,470,396,95,281,0,4,1278,808,4,466
2020-06-30,TEXAS WESTERN,TEXAS,FIFTH CIRCUIT,1358,1017,31,0,310,111,78,31,0,2,1247,939,0,308
2020-06-30,UTAH,UTAH,TENTH CIRCUIT,1899,1321,7,0,571,33,22,7,0,4,1866,1299,0,567
2020-06-30,VERMONT,VERMONT,SECOND CIRCUIT,104,81,0,3,20,10,6,0,0,1,94,75,0,19
2020-06-30,VIRGIN ISLANDS,VIRGIN ISLANDS,THIRD CIRCUIT,0,0,0,0,0,0,0,0,0,0,0,0,0,0
2020-06-30,VIRGINIA EASTERN,VIRGINIA,FOURTH CIRCUIT,2710,1896,58,0,756,100,42,56,0,2,2610,1854,2,754
2020-06-30,VIRGINIA WESTERN,VIRGINIA,FOURTH CIRCUIT,844,602,7,1,234,21,11,7,0,2,823,591,0,232
2020-06-30,WASHINGTON EASTERN,WASHINGTON,NINTH CIRCUIT,590,478,1,0,111,10,9,1,0,0,580,469,0,111
2020-06-30,WASHINGTON WESTERN,WASHINGTON,NINTH CIRCUIT,1530,1255,12,2,261,48,34,11,0,1,1482,1221,1,260
2020-06-30,WEST VIRGINIA NORTHERN,WEST VIRGINIA,FOURTH CIRCUIT,244,221,0,0,23,1,1,0,0,0,243,220,0,23
2020-06-30,WEST VIRGINIA SOUTHERN,WEST VIRGINIA,FOURTH CIRCUIT,353,328,5,0,20,9,5,4,0,0,344,323,1,20
2020-06-30,WISCONSIN EASTERN,WISCONSIN,SEVENTH CIRCUIT,2039,1546,2,1,490,25,19,2,0,3,2014,1527,0,487
2020-06-30,WISCONSIN WESTERN,WISCONSIN,SEVENTH CIRCUIT,760,646,4,7,103,34,22,4,0,1,726,624,0,102
2020-06-30,WYOMING,WYOMING,TENTH CIRCUIT,188,182,0,0,6,10,10,0,0,0,178,172,0,6
2020-09-30,ALABAMA MIDDLE,ALABAMA,ELEVENTH CIRCUIT,1157,300,7,2,848,20,9,7,0,2,1137,291,0,846
2020-09-30,ALABAMA NORTHERN,ALABAMA,ELEVENTH CIRCUIT,2090,1221,23,1,845,41,14,23,0,3,2049,1207,0,842
2020-09-30,ALABAMA SOUTHERN,ALABAMA,ELEVENTH CIRCUIT,648,212,6,0,430,13,7,6,0,0,635,205,0,430
2020-09-30,ALASKA,ALASKA,NINTH CIRCUIT,76,67,0,0,9,3,3,0,0,0,73,64,0,9
2020-09-30,ARIZONA,ARIZONA,NINTH CIRCUIT,3478,3044,30,1,403,90,64,23,0,2,3388,2980,7,401
2020-09-30,ARKANSAS,ARKANSAS,EIGHTH CIRCUIT,1621,920,7,5,689,41,24,4,0,8,1580,896,3,681
2020-09-30,CALIFORNIA CENTRAL,CALIFORNIA,NINTH CIRCUIT,7189,6342,106,2,739,332,237,78,0,15,6857,6105,28,724
2020-09-30,CALIFORNIA EASTERN,CALIFORNIA,NINTH CIRCUIT,2613,2231,22,1,359,92,63,16,0,12,2521,2168,6,347
2020-09-30,CALIFORNIA NORTHERN,CALIFORNIA,NINTH CIRCUIT,1416,1030,44,1,341,102,65,32,0,4,1314,965,12,337
2020-09-30,CALIFORNIA SOUTHERN,CALIFORNIA,NINTH CIRCUIT,1605,1468,12,0,125,63,49,10,0,4,1542,1419,2,121
2020-09-30,COLORADO,COLORADO,TENTH CIRCUIT,2109,1709,23,1,376,91,61,23,0,6,2018,1648,0,370
2020-09-30,CONNECTICUT,CONNECTICUT,SECOND CIRCUIT,859,784,1,0,74,14,12,1,0,1,845,772,0,73
2020-09-30,DELAWARE,DELAWARE,THIRD CIRCUIT,734,214,384,0,81,471,32,384,0,0,263,182,0,81
2020-09-30,DISTRICT OF COLUMBIA,DISTRICT OF COLUMBIA,DC CIRCUIT,122,106,8,0,8,12,4,8,0,0,110,102,0,8
2020-09-30,FLORIDA MIDDLE,FLORIDA,ELEVENTH CIRCUIT,5186,4296,72,5,812,238,155,64,0,13,4948,4141,8,799
2020-09-30,FLORIDA NORTHERN,FLORIDA,ELEVENTH CIRCUIT,387,341,9,1,36,24,16,7,0,0,363,325,2,36
2020-09-30,FLORIDA SOUTHERN,FLORIDA,ELEVENTH CIRCUIT,3625,2510,66,0,1046,189,122,58,0,6,3436,2388,8,1040
2020-09-30,GEORGIA MIDDLE,GEORGIA,ELEVENTH CIRCUIT,1126,461,4,2,659,22,14,4,0,2,1104,447,0,657
2020-09-30,GEORGIA NORTHERN,GEORGIA,ELEVENTH CIRCUIT,3871,2384,28,0,1459,106,74,27,0,5,3765,2310,1,1454
2020-09-30,GEORGIA SOUTHERN,GEORGIA,ELEVENTH CIRCUIT,813,205,3,2,603,22,15,2,0,3,791,190,1,600
2020-09-30,GUAM,GUAM,NINTH CIRCUIT,15,15,0,0,0,1,1,0,0,0,14,14,0,0
2020-09-30,HAWAII,HAWAII,NINTH CIRCUIT,394,291,1,0,101,17,12,1,0,3,377,279,0,98
2020-09-30,IDAHO,IDAHO,NINTH CIRCUIT,678,614,8,3,53,22,12,7,0,0,656,602,1,53
2020-09-30,ILLINOIS CENTRAL,ILLINOIS,SEVENTH CIRCUIT,823,713,1,3,106,11,7,1,0,0,812,706,0,106
2020-09-30,ILLINOIS NORTHERN,ILLINOIS,SEVENTH CIRCUIT,5456,4140,20,0,1296,151,121,19,0,11,5305,4019,1,1285
2020-09-30,ILLINOIS SOUTHERN,ILLINOIS,SEVENTH CIRCUIT,551,404,0,2,145,12,8,0,0,2,539,396,0,143
2020-09-30,INDIANA NORTHERN,INDIANA,SEVENTH CIRCUIT,1762,1412,1,0,349,15,13,1,0,1,1747,1399,0,348
2020-09-30,INDIANA SOUTHERN,INDIANA,SEVENTH CIRCUIT,2604,1922,11,1,670,36,23,11,0,1,2568,1899,0,669
2020-09-30,IOWA NORTHERN,IOWA,EIGHTH CIRCUIT,324,294,1,4,25,25,20,1,0,0,299,274,0,25
2020-09-30,IOWA SOUTHERN,IOWA,EIGHTH CIRCUIT,552,494,0,5,53,16,10,0,0,1,536,484,0,52
2020-09-30,KANSAS,KANSAS,TENTH CIRCUIT,1090,685,4,8,393,40,23,4,0,5,1050,662,0,388
2020-09-30,KENTUCKY EASTERN,KENTUCKY,SIXTH CIRCUIT,1309,953,8,2,346,23,13,8,0,0,1286,940,0,346
2020-09-30,KENTUCKY WESTERN,KENTUCKY,SIXTH CIRCUIT,1303,825,7,0,471,22,15,6,0,1,1281,810,1,470
2020-09-30,LOUISIANA EASTERN,LOUISIANA,FIFTH CIRCUIT,544,286,12,0,246,34,19,12,0,3,510,267,0,243
2020-09-30,LOUISIANA MIDDLE,LOUISIANA,FIFTH CIRCUIT,212,158,7,0,47,16,9,7,0,0,196,149,0,47
2020-09-30,LOUISIANA WESTERN,LOUISIANA,FIFTH CIRCUIT,999,330,5,0,664,25,18,5,0,2,974,312,0,662
2020-09-30,MAINE,MAINE,FIRST CIRCUIT,235,202,3,0,30,16,11,2,0,3,219,191,1,27
2020-09-30,MARYLAND,MARYLAND,FOURTH CIRCUIT,2465,1967,22,2,474,72,45,22,0,3,2393,1922,0,471
2020-09-30,MASSACHUSETTS,MASSACHUSETTS,FIRST CIRCUIT,961,795,20,0,146,56,38,18,0,0,905,757,2,146
2020-09-30,MICHIGAN EASTERN,MICHIGAN,SIXTH CIRCUIT,3987,3344,13,3,627,50,33,11,0,3,3937,3311,2,624
2020-09-30,MICHIGAN WESTERN,MICHIGAN,SIXTH CIRCUIT,923,779,7,2,135,29,19,7,0,1,894,760,0,134
2020-09-30,MINNESOTA,MINNESOTA,EIGHTH CIRCUIT,1539,1282,9,7,241,63,43,8,0,5,1476,1239,1,236
2020-09-30,MISSISSIPPI NORTHERN,MISSISSIPPI,FIFTH CIRCUIT,694,369,5,1,319,34,17,5,0,11,660,352,0,308
2020-09-30,MISSISSIPPI SOUTHERN,MISSISSIPPI,FIFTH CIRCUIT,1066,723,5,0,338,36,28,5,0,3,1030,695,0,335
2020-09-30,MISSOURI EASTERN,MISSOURI,EIGHTH CIRCUIT,1656,1199,13,0,444,34,18,13,0,3,1622,1181,0,441
2020-09-30,MISSOURI WESTERN,MISSOURI,EIGHTH CIRCUIT,1213,837,8,1,367,24,14,7,0,2,1189,823,1,365
2020-09-30,MONTANA,MONTANA,NINTH CIRCUIT,191,165,1,2,23,14,8,1,0,3,177,157,0,20
2020-09-30,NEBRASKA,NEBRASKA,EIGHTH CIRCUIT,797,607,3,9,178,27,14,3,0,1,770,593,0,177
2020-09-30,NEVADA,NEVADA,NINTH CIRCUIT,2082,1888,25,0,169,52,35,15,0,2,2030,1853,10,167
2020-09-30,NEW HAMPSHIRE,NEW HAMPSHIRE,FIRST CIRCUIT,225,190,2,2,31,14,8,2,0,2,211,182,0,29
2020-09-30,NEW JERSEY,NEW JERSEY,THIRD CIRCUIT,3195,2506,45,1,643,136,89,41,0,5,3059,2417,4,638
2020-09-30,NEW MEXICO,NEW MEXICO,TENTH CIRCUIT,575,513,4,2,56,19,12,4,0,1,556,501,0,55
2020-09-30,NEW YORK EASTERN,NEW YORK,SECOND CIRCUIT,1741,1590,42,0,109,83,49,33,0,1,1658,1541,9,108
2020-09-30,NEW YORK NORTHERN,NEW YORK,SECOND CIRCUIT,1056,854,3,2,197,18,12,3,0,1,1038,842,0,196
2020-09-30,NEW YORK SOUTHERN,NEW YORK,SECOND CIRCUIT,1411,1100,198,0,99,277,63,198,0,2,1134,1037,0,97
2020-09-30,NEW YORK WESTERN,NEW YORK,SECOND CIRCUIT,657,557,4,0,96,22,18,4,0,0,635,539,0,96
2020-09-30,NORTH CAROLINA EASTERN,NORTH CAROLINA,FOURTH CIRCUIT,908,423,17,0,468,51,30,16,0,5,857,393,1,463
2020-09-30,NORTH CAROLINA MIDDLE,NORTH CAROLINA,FOURTH CIRCUIT,551,250,5,0,296,23,18,4,0,1,528,232,1,295
2020-09-30,NORTH CAROLINA WESTERN,NORTH CAROLINA,FOURTH CIRCUIT,490,304,11,0,175,36,24,11,0,1,454,280,0,174
2020-09-30,NORTH DAKOTA,NORTH DAKOTA,EIGHTH CIRCUIT,146,128,1,1,16,9,6,1,0,1,137,122,0,15
2020-09-30,NORTHERN MARIANAS,NORTHERN MARIANA ISLANDS,NINTH CIRCUIT,0,0,0,0,0,0,0,0,0,0,0,0,0,0
2020-09-30,OHIO NORTHERN,OHIO,SIXTH CIRCUIT,3328,2913,6,1,408,57,44,6,0,6,3271,2869,0,402
2020-09-30,OHIO SOUTHERN,OHIO,SIXTH CIRCUIT,2772,2151,31,4,586,76,38,31,0,3,2696,2113,0,583
2020-09-30,OKLAHOMA EASTERN,OKLAHOMA,TENTH CIRCUIT,316,297,1,1,17,6,4,0,0,1,310,293,1,16
2020-09-30,OKLAHOMA NORTHERN,OKLAHOMA,TENTH CIRCUIT,481,444,2,0,35,15,13,2,0,0,466,431,0,35
2020-09-30,OKLAHOMA WESTERN,OKLAHOMA,TENTH CIRCUIT,1076,903,3,6,164,42,30,3,0,3,1034,873,0,161
2020-09-30,OREGON,OREGON,NINTH CIRCUIT,1440,1194,6,1,239,30,22,6,0,1,1410,1172,0,238
2020-09-30,PENNSYLVANIA EASTERN,PENNSYLVANIA,THIRD CIRCUIT,1110,741,20,0,349,61,36,18,0,7,1049,705,2,342
2020-09-30,PENNSYLVANIA MIDDLE,PENNSYLVANIA,THIRD CIRCUIT,933,641,11,0,281,36,21,11,0,4,897,620,0,277
2020-09-30,PENNSYLVANIA WESTERN,PENNSYLVANIA,THIRD CIRCUIT,1456,967,16,0,473,60,35,14,0,11,1396,932,2,462
2020-09-30,PUERTO RICO,PUERTO RICO,FIRST CIRCUIT,1340,647,16,1,676,28,11,14,0,2,1312,636,2,674
2020-09-30,RHODE ISLAND,RHODE ISLAND,FIRST CIRCUIT,336,298,0,0,38,9,9,0,0,0,327,289,0,38
2020-09-30,SOUTH CAROLINA,SOUTH CAROLINA,FOURTH CIRCUIT,980,506,7,3,464,31,22,5,0,1,949,484,2,463
2020-09-30,SOUTH DAKOTA,SOUTH DAKOTA,EIGHTH CIRCUIT,229,206,0,6,17,22,15,0,0,1,207,191,0,16
2020-09-30,TENNESSEE EASTERN,TENNESSEE,SIXTH CIRCUIT,1865,1228,6,1,630,32,22,6,0,3,1833,1206,0,627
2020-09-30,TENNESSEE MIDDLE,TENNESSEE,SIXTH CIRCUIT,1274,787,16,0,471,37,26,9,0,2,1237,761,7,469
2020-09-30,TENNESSEE WESTERN,TENNESSEE,SIXTH CIRCUIT,1724,566,5,0,1153,11,5,5,0,1,1713,561,0,1152
2020-09-30,TEXAS EASTERN,TEXAS,FIFTH CIRCUIT,988,611,17,0,360,76,55,16,0,5,912,556,1,355
2020-09-30,TEXAS NORTHERN,TEXAS,FIFTH CIRCUIT,1908,1230,47,5,626,172,111,47,0,9,1736,1119,0,617
2020-09-30,TEXAS SOUTHERN,TEXAS,FIFTH CIRCUIT,1851,918,455,0,470,556,85,454,0,9,1295,833,1,461
2020-09-30,TEXAS WESTERN,TEXAS,FIFTH CIRCUIT,1350,1030,29,0,291,113,79,27,0,7,1237,951,2,284
2020-09-30,UTAH,UTAH,TENTH CIRCUIT,1973,1390,3,1,579,34,24,3,0,6,1939,1366,0,573
2020-09-30,VERMONT,VERMONT,SECOND CIRCUIT,99,75,1,12,11,16,3,1,0,0,83,72,0,11
2020-09-30,VIRGIN ISLANDS,VIRGIN ISLANDS,THIRD CIRCUIT,2,2,0,0,0,1,1,0,0,0,1,1,0,0
2020-09-30,VIRGINIA EASTERN,VIRGINIA,FOURTH CIRCUIT,2985,2064,93,0,828,150,55,92,0,3,2835,2009,1,825
2020-09-30,VIRGINIA WESTERN,VIRGINIA,FOURTH CIRCUIT,843,565,6,0,272,19,13,5,0,1,824,552,1,271
2020-09-30,WASHINGTON EASTERN,WASHINGTON,NINTH CIRCUIT,511,415,2,1,93,14,11,2,0,0,497,404,0,93
2020-09-30,WASHINGTON WESTERN,WASHINGTON,NINTH CIRCUIT,1392,1128,14,1,249,53,36,13,0,3,1339,1092,1,246
2020-09-30,WEST VIRGINIA NORTHERN,WEST VIRGINIA,FOURTH CIRCUIT,226,203,1,0,22,5,4,1,0,0,221,199,0,22
2020-09-30,WEST VIRGINIA SOUTHERN,WEST VIRGINIA,FOURTH CIRCUIT,307,278,7,0,22,16,9,7,0,0,291,269,0,22
2020-09-30,WISCONSIN EASTERN,WISCONSIN,SEVENTH CIRCUIT,2018,1433,4,11,570,37,19,4,0,3,1981,1414,0,567
2020-09-30,WISCONSIN WESTERN,WISCONSIN,SEVENTH CIRCUIT,792,654,5,9,124,40,19,5,0,7,752,635,0,117
2020-09-30,WYOMING,WYOMING,TENTH CIRCUIT,233,213,9,0,11,19,9,9,0,1,214,204,0,10
2020-12-31,ALABAMA MIDDLE,ALABAMA,ELEVENTH CIRCUIT,1231,261,7,0,963,20,13,5,0,2,1211,248,2,961
2020-12-31,ALABAMA NORTHERN,ALABAMA,ELEVENTH CIRCUIT,1937,983,8,0,946,37,25,8,0,4,1900,958,0,942
2020-12-31,ALABAMA SOUTHERN,ALABAMA,ELEVENTH CIRCUIT,706,239,4,0,463,8,5,3,0,0,698,234,1,463
2020-12-31,ALASKA,ALASKA,NINTH CIRCUIT,75,63,1,0,11,7,6,1,0,0,68,57,0,11
2020-12-31,ARIZONA,ARIZONA,NINTH CIRCUIT,2875,2479,20,0,376,60,43,15,0,2,2815,2436,5,374
2020-12-31,ARKANSAS,ARKANSAS,EIGHTH CIRCUIT,1474,797,4,5,668,48,31,4,0,8,1426,766,0,660
2020-12-31,CALIFORNIA CENTRAL,CALIFORNIA,NINTH CIRCUIT,5808,5204,67,0,537,306,243,56,0,7,5502,4961,11,530
2020-12-31,CALIFORNIA EASTERN,CALIFORNIA,NINTH CIRCUIT,2144,1831,12,4,297,79,58,10,0,7,2065,1773,2,290
2020-12-31,CALIFORNIA NORTHERN,CALIFORNIA,NINTH CIRCUIT,1198,854,60,1,282,134,78,48,0,6,1064,776,12,276
2020-12-31,CALIFORNIA SOUTHERN,CALIFORNIA,NINTH CIRCUIT,1324,1207,10,2,105,53,40,9,0,2,1271,1167,1,103
2020-12-31,COLORADO,COLORADO,TENTH CIRCUIT,1814,1476,21,6,311,89,60,21,0,2,1725,1416,0,309
2020-12-31,CONNECTICUT,CONNECTICUT,SECOND CIRCUIT,845,756,5,0,84,29,23,4,0,2,816,733,1,82
2020-12-31,DELAWARE,DELAWARE,THIRD CIRCUIT,773,215,477,0,73,510,26,476,0,0,263,189,1,73
2020-12-31,DISTRICT OF COLUMBIA,DISTRICT OF COLUMBIA,DC CIRCUIT,97,72,10,0,15,12,2,9,0,1,85,70,1,14
2020-12-31,FLORIDA MIDDLE,FLORIDA,ELEVENTH CIRCUIT,4542,3703,71,1,765,216,136,65,0,12,4326,3567,6,753
2020-12-31,FLORIDA NORTHERN,FLORIDA,ELEVENTH CIRCUIT,404,348,5,0,51,13,9,4,0,0,391,339,1,51
2020-12-31,FLORIDA SOUTHERN,FLORIDA,ELEVENTH CIRCUIT,3553,2319,69,0,1164,166,86,63,0,16,3387,2233,6,1148
2020-12-31,GEORGIA MIDDLE,GEORGIA,ELEVENTH CIRCUIT,1145,451,2,3,689,15,8,2,0,2,1130,443,0,687
2020-12-31,GEORGIA NORTHERN,GEORGIA,ELEVENTH CIRCUIT,3920,2311,32,1,1576,123,89,31,0,2,3797,2222,1,1574
2020-12-31,GEORGIA SOUTHERN,GEORGIA,ELEVENTH CIRCUIT,838,199,4,0,635,9,6,2,0,1,829,193,2,634
2020-12-31,GUAM,GUAM,NINTH CIRCUIT,18,15,0,0,3,2,2,0,0,0,16,13,0,3
2020-12-31,HAWAII,HAWAII,NINTH CIRCUIT,382,307,1,0,74,14,10,1,0,3,368,297,0,71
2020-12-31,IDAHO,IDAHO,NINTH CIRCUIT,581,532,9,1,39,19,10,8,0,0,562,522,1,39
2020-12-31,ILLINOIS CENTRAL,ILLINOIS,SEVENTH CIRCUIT,716,594,3,3,116,25,15,3,0,4,691,579,0,112
2020-12-31,ILLINOIS NORTHERN,ILLINOIS,SEVENTH CIRCUIT,4793,3362,19,0,1411,139,113,19,0,6,4654,3249,0,1405
2020-12-31,ILLINOIS SOUTHERN,ILLINOIS,SEVENTH CIRCUIT,419,298,2,0,119,3,2,1,0,0,416,296,1,119
2020-12-31,INDIANA NORTHERN,INDIANA,SEVENTH CIRCUIT,1433,1060,3,0,370,14,11,2,0,1,1419,1049,1,369
2020-12-31,INDIANA SOUTHERN,INDIANA,SEVENTH CIRCUIT,2264,1500,7,0,757,47,36,7,0,4,2217,1464,0,753
2020-12-31,IOWA NORTHERN,IOWA,EIGHTH CIRCUIT,275,254,0,4,17,13,8,0,0,1,262,246,0,16
2020-12-31,IOWA SOUTHERN,IOWA,EIGHTH CIRCUIT,450,407,2,1,40,19,16,2,0,0,431,391,0,40
2020-12-31,KANSAS,KANSAS,TENTH CIRCUIT,1029,617,5,11,396,43,24,5,0,3,986,593,0,393
2020-12-31,KENTUCKY EASTERN,KENTUCKY,SIXTH CIRCUIT,1157,836,5,1,315,20,12,4,0,3,1137,824,1,312
2020-12-31,KENTUCKY WESTERN,KENTUCKY,SIXTH CIRCUIT,1131,673,3,3,452,22,13,3,0,3,1109,660,0,449
2020-12-31,LOUISIANA EASTERN,LOUISIANA,FIFTH CIRCUIT,448,245,5,0,198,25,17,5,0,3,423,228,0,195
2020-12-31,LOUISIANA MIDDLE,LOUISIANA,FIFTH CIRCUIT,168,123,8,0,37,14,5,8,0,1,154,118,0,36
2020-12-31,LOUISIANA WESTERN,LOUISIANA,FIFTH CIRCUIT,958,296,7,1,654,19,12,6,0,0,939,284,1,654
2020-12-31,MAINE,MAINE,FIRST CIRCUIT,181,142,8,2,29,18,6,8,0,2,163,136,0,27
2020-12-31,MARYLAND,MARYLAND,FOURTH CIRCUIT,2149,1657,24,1,467,64,33,23,0,7,2085,1624,1,460
2020-12-31,MASSACHUSETTS,MASSACHUSETTS,FIRST CIRCUIT,858,689,21,0,148,71,53,14,0,4,787,636,7,144
2020-12-31,MICHIGAN EASTERN,MICHIGAN,SIXTH CIRCUIT,3479,2806,11,0,661,44,29,11,0,3,3435,2777,0,658
2020-12-31,MICHIGAN WESTERN,MICHIGAN,SIXTH CIRCUIT,796,668,8,0,120,33,20,8,0,5,763,648,0,115
2020-12-31,MINNESOTA,MINNESOTA,EIGHTH CIRCUIT,1372,1163,10,5,187,60,39,9,0,0,1312,1124,1,187
2020-12-31,MISSISSIPPI NORTHERN,MISSISSIPPI,FIFTH CIRCUIT,679,328,1,0,350,15,8,1,0,6,664,320,0,344
2020-12-31,MISSISSIPPI SOUTHERN,MISSISSIPPI,FIFTH CIRCUIT,930,574,3,0,353,13,10,3,0,0,917,564,0,353
2020-12-31,MISSOURI EASTERN,MISSOURI,EIGHTH CIRCUIT,1540,1091,2,2,445,27,20,2,0,3,1513,1071,0,442
2020-12-31,MISSOURI WESTERN,MISSOURI,EIGHTH CIRCUIT,1097,722,7,2,366,28,18,7,0,1,1069,704,0,365
2020-12-31,MONTANA,MONTANA,NINTH CIRCUIT,231,200,3,10,18,27,12,3,0,2,204,188,0,16
2020-12-31,NEBRASKA,NEBRASKA,EIGHTH CIRCUIT,746,573,4,9,159,33,17,4,0,2,713,556,0,157
2020-12-31,NEVADA,NEVADA,NINTH CIRCUIT,1942,1762,10,0,169,52,40,7,0,4,1890,1722,3,165
2020-12-31,NEW HAMPSHIRE,NEW HAMPSHIRE,FIRST CIRCUIT,200,162,3,0,35,8,5,3,0,0,192,157,0,35
2020-12-31,NEW JERSEY,NEW JERSEY,THIRD CIRCUIT,3081,2382,41,0,658,117,71,37,0,9,2964,2311,4,649
2020-12-31,NEW MEXICO,NEW MEXICO,TENTH CIRCUIT,464,420,4,0,40,16,10,4,0,2,448,410,0,38
2020-12-31,NEW YORK EASTERN,NEW YORK,SECOND CIRCUIT,1611,1461,38,0,112,97,65,32,0,0,1514,1396,6,112
2020-12-31,NEW YORK NORTHERN,NEW YORK,SECOND CIRCUIT,934,764,4,1,165,25,17,4,0,3,909,747,0,162
2020-12-31,NEW YORK SOUTHERN,NEW YORK,SECOND CIRCUIT,1152,981,48,0,114,106,52,44,0,1,1046,929,4,113
2020-12-31,NEW YORK WESTERN,NEW YORK,SECOND CIRCUIT,563,448,2,0,113,23,17,1,0,5,540,431,1,108
2020-12-31,NORTH CAROLINA EASTERN,NORTH CAROLINA,FOURTH CIRCUIT,773,307,14,1,451,28,9,13,0,5,745,298,1,446
2020-12-31,NORTH CAROLINA MIDDLE,NORTH CAROLINA,FOURTH CIRCUIT,528,233,2,0,293,18,14,2,0,2,510,219,0,291
2020-12-31,NORTH CAROLINA WESTERN,NORTH CAROLINA,FOURTH CIRCUIT,449,243,4,0,202,17,13,3,0,1,432,230,1,201
2020-12-31,NORTH DAKOTA,NORTH DAKOTA,EIGHTH CIRCUIT,123,112,1,4,6,8,3,1,0,0,115,109,0,6
2020-12-31,NORTHERN MARIANAS,NORTHERN MARIANA ISLANDS,NINTH CIRCUIT,0,0,0,0,0,0,0,0,0,0,0,0,0,0
2020-12-31,OHIO NORTHERN,OHIO,SIXTH CIRCUIT,2940,2521,11,1,407,66,45,11,0,9,2874,2476,0,398
2020-12-31,OHIO SOUTHERN,OHIO,SIXTH CIRCUIT,2372,1822,2,0,548,32,29,1,0,2,2340,1793,1,546
2020-12-31,OKLAHOMA EASTERN,OKLAHOMA,TENTH CIRCUIT,244,227,1,0,16,12,10,1,0,1,232,217,0,15
2020-12-31,OKLAHOMA NORTHERN,OKLAHOMA,TENTH CIRCUIT,393,368,2,0,23,19,17,2,0,0,374,351,0,23
2020-12-31,OKLAHOMA WESTERN,OKLAHOMA,TENTH CIRCUIT,834,710,8,3,113,32,21,8,0,0,802,689,0,113
2020-12-31,OREGON,OREGON,NINTH CIRCUIT,1349,1108,4,1,236,34,26,4,0,3,1315,1082,0,233
2020-12-31,PENNSYLVANIA EASTERN,PENNSYLVANIA,THIRD CIRCUIT,983,615,8,1,359,45,34,8,0,2,938,581,0,357
2020-12-31,PENNSYLVANIA MIDDLE,PENNSYLVANIA,THIRD CIRCUIT,762,536,4,0,222,26,17,4,0,5,736,519,0,217
2020-12-31,PENNSYLVANIA WESTERN,PENNSYLVANIA,THIRD CIRCUIT,1055,794,8,1,252,56,42,8,0,5,999,752,0,247
2020-12-31,PUERTO RICO,PUERTO RICO,FIRST CIRCUIT,1228,538,9,3,678,29,17,8,0,1,1199,521,1,677
2020-12-31,RHODE ISLAND,RHODE ISLAND,FIRST CIRCUIT,325,283,1,0,41,7,5,1,0,1,318,278,0,40
2020-12-31,SOUTH CAROLINA,SOUTH CAROLINA,FOURTH CIRCUIT,973,467,6,2,498,27,17,5,0,3,946,450,1,495
2020-12-31,SOUTH DAKOTA,SOUTH DAKOTA,EIGHTH CIRCUIT,159,140,2,6,11,14,5,2,0,1,145,135,0,10
2020-12-31,TENNESSEE EASTERN,TENNESSEE,SIXTH CIRCUIT,1724,1035,8,1,680,23,15,6,0,1,1701,1020,2,679
2020-12-31,TENNESSEE MIDDLE,TENNESSEE,SIXTH CIRCUIT,1227,682,12,1,532,43,31,8,0,3,1184,651,4,529
2020-12-31,TENNESSEE WESTERN,TENNESSEE,SIXTH CIRCUIT,1505,461,5,0,1039,17,10,5,0,2,1488,451,0,1037
2020-12-31,TEXAS EASTERN,TEXAS,FIFTH CIRCUIT,901,506,16,0,379,58,39,15,0,4,843,467,1,375
2020-12-31,TEXAS NORTHERN,TEXAS,FIFTH CIRCUIT,1929,1180,113,1,635,311,190,113,0,7,1618,990,0,628
2020-12-31,TEXAS SOUTHERN,TEXAS,FIFTH CIRCUIT,1627,860,307,0,456,402,79,307,0,12,1225,781,0,444
2020-12-31,TEXAS WESTERN,TEXAS,FIFTH CIRCUIT,1216,912,22,0,282,114,91,21,0,2,1102,821,1,280
2020-12-31,UTAH,UTAH,TENTH CIRCUIT,1628,1081,6,0,541,25,15,6,0,4,1603,1066,0,537
2020-12-31,VERMONT,VERMONT,SECOND CIRCUIT,65,53,0,1,11,7,2,0,0,4,58,51,0,7
2020-12-31,VIRGIN ISLANDS,VIRGIN ISLANDS,THIRD CIRCUIT,1,0,0,0,1,0,0,0,0,0,1,0,0,1
2020-12-31,VIRGINIA EASTERN,VIRGINIA,FOURTH CIRCUIT,2609,1751,24,0,834,71,50,21,0,0,2538,1701,3,834
2020-12-31,VIRGINIA WESTERN,VIRGINIA,FOURTH CIRCUIT,780,525,2,0,253,15,10,2,0,3,765,515,0,250
2020-12-31,WASHINGTON EASTERN,WASHINGTON,NINTH CIRCUIT,399,318,3,0,78,12,8,3,0,1,387,310,0,77
2020-12-31,WASHINGTON WESTERN,WASHINGTON,NINTH CIRCUIT,1349,1075,19,0,255,58,37,17,0,4,1291,1038,2,251
2020-12-31,WEST VIRGINIA NORTHERN,WEST VIRGINIA,FOURTH CIRCUIT,162,146,2,0,14,4,2,2,0,0,158,144,0,14
2020-12-31,WEST VIRGINIA SOUTHERN,WEST VIRGINIA,FOURTH CIRCUIT,282,252,2,0,28,8,6,2,0,0,274,246,0,28
2020-12-31,WISCONSIN EASTERN,WISCONSIN,SEVENTH CIRCUIT,1703,1206,7,3,487,40,26,7,0,4,1663,1180,0,483
2020-12-31,WISCONSIN WESTERN,WISCONSIN,SEVENTH CIRCUIT,690,568,3,10,109,32,16,3,0,3,658,552,0,106
2020-12-31,WYOMING,WYOMING,TENTH CIRCUIT,146,140,0,0,6,5,5,0,0,0,141,135,0,6
2021-03-31,ALABAMA MIDDLE,ALABAMA,ELEVENTH CIRCUIT,1181,357,1,0,823,8,6,1,0,1,1173,351,0,822
2021-03-31,ALABAMA NORTHERN,ALABAMA,ELEVENTH CIRCUIT,2043,1092,1,1,949,25,21,1,0,2,2018,1071,0,947
2021-03-31,ALABAMA SOUTHERN,ALABAMA,ELEVENTH CIRCUIT,696,254,1,0,441,6,5,1,0,0,690,249,0,441
2021-03-31,ALASKA,ALASKA,NINTH CIRCUIT,63,53,1,0,9,5,4,1,0,0,58,49,0,9
2021-03-31,ARIZONA,ARIZONA,NINTH CIRCUIT,2468,2093,29,2,344,81,57,19,0,3,2387,2036,10,341
2021-03-31,ARKANSAS,ARKANSAS,EIGHTH CIRCUIT,1390,718,4,1,667,32,19,4,0,8,1358,699,0,659
2021-03-31,CALIFORNIA CENTRAL,CALIFORNIA,NINTH CIRCUIT,6348,5642,102,0,604,335,247,81,0,7,6013,5395,21,597
2021-03-31,CALIFORNIA EASTERN,CALIFORNIA,NINTH CIRCUIT,2274,1932,13,2,327,90,69,11,0,8,2184,1863,2,319
2021-03-31,CALIFORNIA NORTHERN,CALIFORNIA,NINTH CIRCUIT,1356,937,45,0,373,106,62,34,0,9,1250,875,11,364
2021-03-31,CALIFORNIA SOUTHERN,CALIFORNIA,NINTH CIRCUIT,1399,1267,5,1,126,58,51,4,0,2,1341,1216,1,124
2021-03-31,COLORADO,COLORADO,TENTH CIRCUIT,1684,1368,20,3,293,72,47,18,0,4,1612,1321,2,289
2021-03-31,CONNECTICUT,CONNECTICUT,SECOND CIRCUIT,847,738,5,0,104,18,13,4,0,1,829,725,1,103
2021-03-31,DELAWARE,DELAWARE,THIRD CIRCUIT,671,239,328,0,66,410,44,328,0,0,261,195,0,66
2021-03-31,DISTRICT OF COLUMBIA,DISTRICT OF COLUMBIA,DC CIRCUIT,90,81,5,0,4,15,10,5,0,0,75,71,0,4
2021-03-31,FLORIDA MIDDLE,FLORIDA,ELEVENTH CIRCUIT,4363,3554,60,2,746,179,115,51,0,10,4184,3439,9,736
2021-03-31,FLORIDA NORTHERN,FLORIDA,ELEVENTH CIRCUIT,419,338,12,1,68,26,13,11,0,1,393,325,1,67
2021-03-31,FLORIDA SOUTHERN,FLORIDA,ELEVENTH CIRCUIT,3282,2073,65,0,1142,129,62,57,0,8,3153,2011,8,1134
2021-03-31,GEORGIA MIDDLE,GEORGIA,ELEVENTH CIRCUIT,1075,451,6,1,617,31,21,6,0,3,1044,430,0,614
2021-03-31,GEORGIA NORTHERN,GEORGIA,ELEVENTH CIRCUIT,3794,2323,27,0,1444,86,57,24,0,5,3708,2266,3,1439
2021-03-31,GEORGIA SOUTHERN,GEORGIA,ELEVENTH CIRCUIT,791,197,1,0,593,2,1,1,0,0,789,196,0,593
2021-03-31,GUAM,GUAM,NINTH CIRCUIT,24,21,0,0,3,3,3,0,0,0,21,18,0,3
2021-03-31,HAWAII,HAWAII,NINTH CIRCUIT,331,248,8,0,75,17,9,8,0,0,314,239,0,75
2021-03-31,IDAHO,IDAHO,NINTH CIRCUIT,560,510,5,1,44,14,8,5,0,0,546,502,0,44
2021-03-31,ILLINOIS CENTRAL,ILLINOIS,SEVENTH CIRCUIT,687,591,2,2,92,15,8,2,0,3,672,583,0,89
2021-03-31,ILLINOIS NORTHERN,ILLINOIS,SEVENTH CIRCUIT,4925,3560,21,0,1342,125,96,19,0,8,4800,3464,2,1334
2021-03-31,ILLINOIS SOUTHERN,ILLINOIS,SEVENTH CIRCUIT,444,314,1,0,129,9,5,1,0,3,435,309,0,126
2021-03-31,INDIANA NORTHERN,INDIANA,SEVENTH CIRCUIT,1302,984,6,1,311,19,10,6,0,2,1283,974,0,309
2021-03-31,INDIANA SOUTHERN,INDIANA,SEVENTH CIRCUIT,2136,1388,9,2,737,39,24,9,0,4,2097,1364,0,733
2021-03-31,IOWA NORTHERN,IOWA,EIGHTH CIRCUIT,266,242,2,3,19,18,11,2,0,2,248,231,0,17
2021-03-31,IOWA SOUTHERN,IOWA,EIGHTH CIRCUIT,422,383,3,2,34,20,15,3,0,0,402,368,0,34
2021-03-31,KANSAS,KANSAS,TENTH CIRCUIT,807,448,1,9,349,32,21,1,0,1,775,427,0,348
2021-03-31,KENTUCKY EASTERN,KENTUCKY,SIXTH CIRCUIT,1168,896,2,0,270,11,9,2,0,0,1157,887,0,270
2021-03-31,KENTUCKY WESTERN,KENTUCKY,SIXTH CIRCUIT,1298,797,2,1,498,14,10,2,0,1,1284,787,0,497
2021-03-31,LOUISIANA EASTERN,LOUISIANA,FIFTH CIRCUIT,449,237,12,0,200,35,23,12,0,0,414,214,0,200
2021-03-31,LOUISIANA MIDDLE,LOUISIANA,FIFTH CIRCUIT,158,105,0,0,53,6,6,0,0,0,152,99,0,53
2021-03-31,LOUISIANA WESTERN,LOUISIANA,FIFTH CIRCUIT,951,275,7,0,669,22,15,7,0,0,929,260,0,669
2021-03-31,MAINE,MAINE,FIRST CIRCUIT,163,142,2,1,18,9,6,2,0,0,154,136,0,18
2021-03-31,MARYLAND,MARYLAND,FOURTH CIRCUIT,1974,1588,15,0,371,51,34,12,0,5,1923,1554,3,366
2021-03-31,MASSACHUSETTS,MASSACHUSETTS,FIRST CIRCUIT,837,618,28,0,191,53,30,23,0,0,784,588,5,191
2021-03-31,MICHIGAN EASTERN,MICHIGAN,SIXTH CIRCUIT,4000,3120,17,2,861,43,22,16,0,3,3957,3098,1,858
2021-03-31,MICHIGAN WESTERN,MICHIGAN,SIXTH CIRCUIT,947,793,1,1,152,25,20,1,0,3,922,773,0,149
2021-03-31,MINNESOTA,MINNESOTA,EIGHTH CIRCUIT,1403,1166,5,14,218,59,36,5,0,4,1344,1130,0,214
2021-03-31,MISSISSIPPI NORTHERN,MISSISSIPPI,FIFTH CIRCUIT,684,352,4,0,328,14,6,4,0,4,670,346,0,324
2021-03-31,MISSISSIPPI SOUTHERN,MISSISSIPPI,FIFTH CIRCUIT,1001,659,2,1,339,21,16,2,0,2,980,643,0,337
2021-03-31,MISSOURI EASTERN,MISSOURI,EIGHTH CIRCUIT,1455,1012,4,2,437,17,9,4,0,2,1438,1003,0,435
2021-03-31,MISSOURI WESTERN,MISSOURI,EIGHTH CIRCUIT,993,682,7,0,304,25,12,7,0,6,968,670,0,298
2021-03-31,MONTANA,MONTANA,NINTH CIRCUIT,148,123,1,1,23,8,4,1,0,2,140,119,0,21
2021-03-31,NEBRASKA,NEBRASKA,EIGHTH CIRCUIT,686,519,11,4,152,24,7,11,0,2,662,512,0,150
2021-03-31,NEVADA,NEVADA,NINTH CIRCUIT,1945,1726,30,0,189,68,38,26,0,4,1877,1688,4,185
2021-03-31,NEW HAMPSHIRE,NEW HAMPSHIRE,FIRST CIRCUIT,211,178,2,0,31,16,12,2,0,2,195,166,0,29
2021-03-31,NEW JERSEY,NEW JERSEY,THIRD CIRCUIT,2823,2171,41,0,611,99,60,38,0,1,2724,2111,3,610
2021-03-31,NEW MEXICO,NEW MEXICO,TENTH CIRCUIT,400,368,2,0,30,16,13,2,0,1,384,355,0,29
2021-03-31,NEW YORK EASTERN,NEW YORK,SECOND CIRCUIT,1499,1361,37,0,101,75,46,29,0,0,1424,1315,8,101
2021-03-31,NEW YORK NORTHERN,NEW YORK,SECOND CIRCUIT,848,744,4,2,98,24,16,4,0,2,824,728,0,96
2021-03-31,NEW YORK SOUTHERN,NEW YORK,SECOND CIRCUIT,1089,929,33,0,115,80,34,30,0,4,1009,895,3,111
2021-03-31,NEW YORK WESTERN,NEW YORK,SECOND CIRCUIT,544,437,3,0,104,18,14,3,0,1,526,423,0,103
2021-03-31,NORTH CAROLINA EASTERN,NORTH CAROLINA,FOURTH CIRCUIT,769,323,13,3,430,39,22,11,0,3,730,301,2,427
2021-03-31,NORTH CAROLINA MIDDLE,NORTH CAROLINA,FOURTH CIRCUIT,527,252,2,0,273,21,17,2,0,2,506,235,0,271
2021-03-31,NORTH CAROLINA WESTERN,NORTH CAROLINA,FOURTH CIRCUIT,411,241,8,2,160,26,16,8,0,0,385,225,0,160
2021-03-31,NORTH DAKOTA,NORTH DAKOTA,EIGHTH CIRCUIT,138,127,0,1,10,9,8,0,0,0,129,119,0,10
2021-03-31,NORTHERN MARIANAS,NORTHERN MARIANA ISLANDS,NINTH CIRCUIT,0,0,0,0,0,0,0,0,0,0,0,0,0,0
2021-03-31,OHIO NORTHERN,OHIO,SIXTH CIRCUIT,3069,2598,19,0,452,64,41,19,0,4,3005,2557,0,448
2021-03-31,OHIO SOUTHERN,OHIO,SIXTH CIRCUIT,2360,1809,8,0,543,36,27,5,0,4,2324,1782,3,539
2021-03-31,OKLAHOMA EASTERN,OKLAHOMA,TENTH CIRCUIT,218,206,0,0,12,2,2,0,0,0,216,204,0,12
2021-03-31,OKLAHOMA NORTHERN,OKLAHOMA,TENTH CIRCUIT,358,334,1,1,22,16,14,1,0,0,342,320,0,22
2021-03-31,OKLAHOMA WESTERN,OKLAHOMA,TENTH CIRCUIT,840,721,1,4,114,29,21,1,0,3,811,700,0,111
2021-03-31,OREGON,OREGON,NINTH CIRCUIT,1403,1157,9,2,235,37,26,8,0,1,1366,1131,1,234
2021-03-31,PENNSYLVANIA EASTERN,PENNSYLVANIA,THIRD CIRCUIT,884,587,10,0,287,36,24,9,0,3,848,563,1,284
2021-03-31,PENNSYLVANIA MIDDLE,PENNSYLVANIA,THIRD CIRCUIT,745,519,1,1,224,17,13,1,0,2,728,506,0,222
2021-03-31,PENNSYLVANIA WESTERN,PENNSYLVANIA,THIRD CIRCUIT,1127,863,14,2,248,54,31,14,0,7,1073,832,0,241
2021-03-31,PUERTO RICO,PUERTO RICO,FIRST CIRCUIT,1080,441,11,2,626,19,6,8,0,3,1061,435,3,623
2021-03-31,RHODE ISLAND,RHODE ISLAND,FIRST CIRCUIT,270,235,0,0,35,17,17,0,0,0,253,218,0,35
2021-03-31,SOUTH CAROLINA,SOUTH CAROLINA,FOURTH CIRCUIT,926,497,7,0,422,23,17,6,0,0,903,480,1,422
2021-03-31,SOUTH DAKOTA,SOUTH DAKOTA,EIGHTH CIRCUIT,141,124,3,2,12,12,6,3,0,1,129,118,0,11
2021-03-31,TENNESSEE EASTERN,TENNESSEE,SIXTH CIRCUIT,1666,1109,6,1,550,20,13,6,0,0,1646,1096,0,550
2021-03-31,TENNESSEE MIDDLE,TENNESSEE,SIXTH CIRCUIT,1017,638,10,0,369,30,20,10,0,0,987,618,0,369
2021-03-31,TENNESSEE WESTERN,TENNESSEE,SIXTH CIRCUIT,1412,460,4,0,948,11,5,4,0,2,1401,455,0,946
2021-03-31,TEXAS EASTERN,TEXAS,FIFTH CIRCUIT,832,500,16,0,316,66,50,13,0,3,766,450,3,313
2021-03-31,TEXAS NORTHERN,TEXAS,FIFTH CIRCUIT,1697,1089,51,0,557,131,78,49,0,4,1566,1011,2,553
2021-03-31,TEXAS SOUTHERN,TEXAS,FIFTH CIRCUIT,1441,781,223,0,389,330,59,223,0,0,1111,722,0,389
2021-03-31,TEXAS WESTERN,TEXAS,FIFTH CIRCUIT,1095,836,20,0,239,82,62,19,0,1,1013,774,1,238
2021-03-31,UTAH,UTAH,TENTH CIRCUIT,1332,876,2,0,454,29,25,2,0,2,1303,851,0,452
2021-03-31,VERMONT,VERMONT,SECOND CIRCUIT,66,61,0,0,5,4,4,0,0,0,62,57,0,5
2021-03-31,VIRGIN ISLANDS,VIRGIN ISLANDS,THIRD CIRCUIT,0,0,0,0,0,0,0,0,0,0,0,0,0,0
2021-03-31,VIRGINIA EASTERN,VIRGINIA,FOURTH CIRCUIT,2668,1828,24,0,816,65,39,24,0,2,2603,1789,0,814
2021-03-31,VIRGINIA WESTERN,VIRGINIA,FOURTH CIRCUIT,841,591,2,2,246,14,9,2,0,1,827,582,0,245
2021-03-31,WASHINGTON EASTERN,WASHINGTON,NINTH CIRCUIT,475,396,7,1,71,18,11,6,0,0,457,385,1,71
2021-03-31,WASHINGTON WESTERN,WASHINGTON,NINTH CIRCUIT,1296,1031,16,0,249,43,29,12,0,2,1253,1002,4,247
2021-03-31,WEST VIRGINIA NORTHERN,WEST VIRGINIA,FOURTH CIRCUIT,222,195,2,0,25,8,5,2,0,1,214,190,0,24
2021-03-31,WEST VIRGINIA SOUTHERN,WEST VIRGINIA,FOURTH CIRCUIT,248,226,1,0,21,6,5,1,0,0,242,221,0,21
2021-03-31,WISCONSIN EASTERN,WISCONSIN,SEVENTH CIRCUIT,1806,1231,5,2,568,22,15,5,0,0,1784,1216,0,568
2021-03-31,WISCONSIN WESTERN,WISCONSIN,SEVENTH CIRCUIT,676,545,2,9,120,28,13,2,0,4,648,532,0,116
2021-03-31,WYOMING,WYOMING,TENTH CIRCUIT,134,118,6,0,10,9,4,5,0,0,125,114,1,10
2021-06-30,ALABAMA MIDDLE,ALABAMA,ELEVENTH CIRCUIT,1012,295,1,1,715,10,8,1,0,0,1002,287,0,715
2021-06-30,ALABAMA NORTHERN,ALABAMA,ELEVENTH CIRCUIT,1954,1154,2,1,797,19,14,2,0,2,1935,1140,0,795
2021-06-30,ALABAMA SOUTHERN,ALABAMA,ELEVENTH CIRCUIT,638,260,2,1,374,8,3,2,0,1,630,257,0,373
2021-06-30,ALASKA,ALASKA,NINTH CIRCUIT,65,54,3,0,8,6,3,3,0,0,59,51,0,8
2021-06-30,ARIZONA,ARIZONA,NINTH CIRCUIT,2925,2543,19,0,363,59,40,15,0,4,2866,2503,4,359
2021-06-30,ARKANSAS,ARKANSAS,EIGHTH CIRCUIT,1443,844,5,2,592,37,27,5,0,3,1406,817,0,589
2021-06-30,CALIFORNIA CENTRAL,CALIFORNIA,NINTH CIRCUIT,6596,5939,72,2,581,331,265,52,0,10,6265,5674,20,571
2021-06-30,CALIFORNIA EASTERN,CALIFORNIA,NINTH CIRCUIT,2421,2085,19,1,316,107,85,13,0,8,2314,2000,6,308
2021-06-30,CALIFORNIA NORTHERN,CALIFORNIA,NINTH CIRCUIT,1324,939,40,1,343,122,81,30,0,9,1202,858,10,334
2021-06-30,CALIFORNIA SOUTHERN,CALIFORNIA,NINTH CIRCUIT,1471,1369,5,0,97,51,41,5,0,5,1420,1328,0,92
2021-06-30,COLORADO,COLORADO,TENTH CIRCUIT,1881,1592,12,1,276,51,35,10,0,5,1830,1557,2,271
2021-06-30,CONNECTICUT,CONNECTICUT,SECOND CIRCUIT,797,708,3,0,86,20,15,2,0,3,777,693,1,83
2021-06-30,DELAWARE,DELAWARE,THIRD CIRCUIT,339,202,53,1,83,70,16,53,0,0,269,186,0,83
2021-06-30,DISTRICT OF COLUMBIA,DISTRICT OF COLUMBIA,DC CIRCUIT,90,80,5,0,5,8,3,5,0,0,82,77,0,5
2021-06-30,FLORIDA MIDDLE,FLORIDA,ELEVENTH CIRCUIT,4831,3943,54,0,834,199,140,47,0,12,4632,3803,7,822
2021-06-30,FLORIDA NORTHERN,FLORIDA,ELEVENTH CIRCUIT,432,361,13,0,58,21,8,12,0,1,411,353,1,57
2021-06-30,FLORIDA SOUTHERN,FLORIDA,ELEVENTH CIRCUIT,3459,2192,74,0,1188,130,55,64,0,6,3329,2137,10,1182
2021-06-30,GEORGIA MIDDLE,GEORGIA,ELEVENTH CIRCUIT,933,440,4,2,487,21,13,4,0,2,912,427,0,485
2021-06-30,GEORGIA NORTHERN,GEORGIA,ELEVENTH CIRCUIT,3404,2098,28,1,1277,98,68,26,0,3,3306,2030,2,1274
2021-06-30,GEORGIA SOUTHERN,GEORGIA,ELEVENTH CIRCUIT,667,184,4,0,479,7,2,4,0,1,660,182,0,478
2021-06-30,GUAM,GUAM,NINTH CIRCUIT,8,6,0,0,2,1,1,0,0,0,7,5,0,2
2021-06-30,HAWAII,HAWAII,NINTH CIRCUIT,345,251,0,0,94,13,10,0,0,3,332,241,0,91
2021-06-30,IDAHO,IDAHO,NINTH CIRCUIT,557,508,2,0,47,14,12,2,0,0,543,496,0,47
2021-06-30,ILLINOIS CENTRAL,ILLINOIS,SEVENTH CIRCUIT,682,582,0,1,99,11,7,0,0,3,671,575,0,96
2021-06-30,ILLINOIS NORTHERN,ILLINOIS,SEVENTH CIRCUIT,4321,3173,29,0,1119,134,102,26,0,6,4187,3071,3,1113
2021-06-30,ILLINOIS SOUTHERN,ILLINOIS,SEVENTH CIRCUIT,471,368,1,1,101,9,6,1,0,1,462,362,0,100
2021-06-30,INDIANA NORTHERN,INDIANA,SEVENTH CIRCUIT,1694,1370,4,1,319,18,12,3,0,2,1676,1358,1,317
2021-06-30,INDIANA SOUTHERN,INDIANA,SEVENTH CIRCUIT,2577,1904,6,1,666,32,22,6,0,3,2545,1882,0,663
2021-06-30,IOWA NORTHERN,IOWA,EIGHTH CIRCUIT,342,313,1,3,25,14,9,1,0,1,328,304,0,24
2021-06-30,IOWA SOUTHERN,IOWA,EIGHTH CIRCUIT,552,498,2,2,50,23,18,2,0,1,529,480,0,49
2021-06-30,KANSAS,KANSAS,TENTH CIRCUIT,1009,638,5,2,364,20,11,4,0,3,989,627,1,361
2021-06-30,KENTUCKY EASTERN,KENTUCKY,SIXTH CIRCUIT,1253,979,2,2,270,14,8,2,0,2,1239,971,0,268
2021-06-30,KENTUCKY WESTERN,KENTUCKY,SIXTH CIRCUIT,1292,825,4,0,463,18,10,4,0,4,1274,815,0,459
2021-06-30,LOUISIANA EASTERN,LOUISIANA,FIFTH CIRCUIT,446,225,7,0,214,16,11,5,0,0,430,214,2,214
2021-06-30,LOUISIANA MIDDLE,LOUISIANA,FIFTH CIRCUIT,174,133,0,0,41,2,2,0,0,0,172,131,0,41
2021-06-30,LOUISIANA WESTERN,LOUISIANA,FIFTH CIRCUIT,966,338,10,1,617,26,14,10,0,1,940,324,0,616
2021-06-30,MAINE,MAINE,FIRST CIRCUIT,190,166,3,0,21,10,8,2,0,0,180,158,1,21
2021-06-30,MARYLAND,MARYLAND,FOURTH CIRCUIT,2277,1733,22,0,522,48,23,19,0,6,2229,1710,3,516
2021-06-30,MASSACHUSETTS,MASSACHUSETTS,FIRST CIRCUIT,966,734,24,1,207,68,46,17,0,4,898,688,7,203
2021-06-30,MICHIGAN EASTERN,MICHIGAN,SIXTH CIRCUIT,3724,3010,25,2,687,51,20,25,0,4,3673,2990,0,683
2021-06-30,MICHIGAN WESTERN,MICHIGAN,SIXTH CIRCUIT,870,752,3,1,114,22,16,2,0,3,848,736,1,111
2021-06-30,MINNESOTA,MINNESOTA,EIGHTH CIRCUIT,1515,1302,6,5,202,41,28,4,0,4,1474,1274,2,198
2021-06-30,MISSISSIPPI NORTHERN,MISSISSIPPI,FIFTH CIRCUIT,643,367,4,0,272,9,4,4,0,1,634,363,0,271
2021-06-30,MISSISSIPPI SOUTHERN,MISSISSIPPI,FIFTH CIRCUIT,889,588,12,0,289,20,10,10,0,0,869,578,2,289
2021-06-30,MISSOURI EASTERN,MISSOURI,EIGHTH CIRCUIT,1571,1118,5,2,446,28,20,5,0,1,1543,1098,0,445
2021-06-30,MISSOURI WESTERN,MISSOURI,EIGHTH CIRCUIT,1140,791,3,1,345,18,10,3,0,4,1122,781,0,341
2021-06-30,MONTANA,MONTANA,NINTH CIRCUIT,216,192,3,1,20,11,7,3,0,0,205,185,0,20
2021-06-30,NEBRASKA,NEBRASKA,EIGHTH CIRCUIT,739,568,3,3,165,19,11,3,0,2,720,557,0,163
2021-06-30,NEVADA,NEVADA,NINTH CIRCUIT,2012,1811,23,0,178,65,45,18,0,2,1947,1766,5,176
2021-06-30,NEW HAMPSHIRE,NEW HAMPSHIRE,FIRST CIRCUIT,212,179,0,0,33,12,11,0,0,1,200,168,0,32
2021-06-30,NEW JERSEY,NEW JERSEY,THIRD CIRCUIT,2838,2152,60,0,626,124,65,49,0,10,2714,2087,11,616
2021-06-30,NEW MEXICO,NEW MEXICO,TENTH CIRCUIT,446,403,2,1,40,12,9,1,0,1,434,394,1,39
2021-06-30,NEW YORK EASTERN,NEW YORK,SECOND CIRCUIT,1504,1343,28,0,133,72,52,20,0,0,1432,1291,8,133
2021-06-30,NEW YORK NORTHERN,NEW YORK,SECOND CIRCUIT,946,828,3,1,114,14,10,2,0,1,932,818,1,113
2021-06-30,NEW YORK SOUTHERN,NEW YORK,SECOND CIRCUIT,1117,954,40,1,106,85,28,39,0,1,1032,926,1,105
2021-06-30,NEW YORK WESTERN,NEW YORK,SECOND CIRCUIT,591,476,2,2,111,20,14,1,0,3,571,462,1,108
2021-06-30,NORTH CAROLINA EASTERN,NORTH CAROLINA,FOURTH CIRCUIT,736,346,11,2,377,38,17,11,0,8,698,329,0,369
2021-06-30,NORTH CAROLINA MIDDLE,NORTH CAROLINA,FOURTH CIRCUIT,531,279,6,0,246,19,10,6,0,3,512,269,0,243
2021-06-30,NORTH CAROLINA WESTERN,NORTH CAROLINA,FOURTH CIRCUIT,472,285,8,3,176,28,17,8,0,0,444,268,0,176
2021-06-30,NORTH DAKOTA,NORTH DAKOTA,EIGHTH CIRCUIT,159,144,2,0,13,6,4,2,0,0,153,140,0,13
2021-06-30,NORTHERN MARIANAS,NORTHERN MARIANA ISLANDS,NINTH CIRCUIT,1,1,0,0,0,1,1,0,0,0,0,0,0,0
2021-06-30,OHIO NORTHERN,OHIO,SIXTH CIRCUIT,3210,2770,4,1,435,51,40,4,0,6,3159,2730,0,429
2021-06-30,OHIO SOUTHERN,OHIO,SIXTH CIRCUIT,2654,2089,6,1,558,38,27,6,0,4,2616,2062,0,554
2021-06-30,OKLAHOMA EASTERN,OKLAHOMA,TENTH CIRCUIT,296,279,0,0,17,7,7,0,0,0,289,272,0,17
2021-06-30,OKLAHOMA NORTHERN,OKLAHOMA,TENTH CIRCUIT,429,406,0,0,23,7,7,0,0,0,422,399,0,23
2021-06-30,OKLAHOMA WESTERN,OKLAHOMA,TENTH CIRCUIT,1032,900,1,0,131,30,29,1,0,0,1002,871,0,131
2021-06-30,OREGON,OREGON,NINTH CIRCUIT,1337,1084,11,0,242,33,20,10,0,3,1304,1064,1,239
2021-06-30,PENNSYLVANIA EASTERN,PENNSYLVANIA,THIRD CIRCUIT,1002,623,18,0,360,49,24,18,0,6,953,599,0,354
2021-06-30,PENNSYLVANIA MIDDLE,PENNSYLVANIA,THIRD CIRCUIT,797,561,17,0,219,34,13,17,0,4,763,548,0,215
2021-06-30,PENNSYLVANIA WESTERN,PENNSYLVANIA,THIRD CIRCUIT,1118,815,13,1,289,46,30,11,0,4,1072,785,2,285
2021-06-30,PUERTO RICO,PUERTO RICO,FIRST CIRCUIT,1022,436,17,1,568,24,8,11,0,4,998,428,6,564
2021-06-30,RHODE ISLAND,RHODE ISLAND,FIRST CIRCUIT,298,267,2,0,29,9,7,2,0,0,289,260,0,29
2021-06-30,SOUTH CAROLINA,SOUTH CAROLINA,FOURTH CIRCUIT,846,449,2,0,395,26,18,2,0,6,820,431,0,389
2021-06-30,SOUTH DAKOTA,SOUTH DAKOTA,EIGHTH CIRCUIT,185,164,0,1,20,8,3,0,0,4,177,161,0,16
2021-06-30,TENNESSEE EASTERN,TENNESSEE,SIXTH CIRCUIT,1555,1096,2,1,456,16,12,2,0,1,1539,1084,0,455
2021-06-30,TENNESSEE MIDDLE,TENNESSEE,SIXTH CIRCUIT,1068,674,9,1,384,27,17,9,0,0,1041,657,0,384
2021-06-30,TENNESSEE WESTERN,TENNESSEE,SIXTH CIRCUIT,1333,459,2,0,872,6,3,2,0,1,1327,456,0,871
2021-06-30,TEXAS EASTERN,TEXAS,FIFTH CIRCUIT,886,582,12,1,291,59,42,12,0,4,827,540,0,287
2021-06-30,TEXAS NORTHERN,TEXAS,FIFTH CIRCUIT,1769,1169,68,2,529,157,85,66,0,3,1612,1084,2,526
2021-06-30,TEXAS SOUTHERN,TEXAS,FIFTH CIRCUIT,1405,895,163,0,347,240,75,162,0,3,1165,820,1,344
2021-06-30,TEXAS WESTERN,TEXAS,FIFTH CIRCUIT,1213,925,31,3,254,108,71,27,0,7,1105,854,4,247
2021-06-30,UTAH,UTAH,TENTH CIRCUIT,1622,1156,3,0,463,21,19,2,0,0,1601,1137,1,463
2021-06-30,VERMONT,VERMONT,SECOND CIRCUIT,76,63,1,0,12,5,3,1,0,1,71,60,0,11
2021-06-30,VIRGIN ISLANDS,VIRGIN ISLANDS,THIRD CIRCUIT,3,1,2,0,0,2,0,2,0,0,1,1,0,0
2021-06-30,VIRGINIA EASTERN,VIRGINIA,FOURTH CIRCUIT,2580,1845,6,3,726,46,37,6,0,0,2534,1808,0,726
2021-06-30,VIRGINIA WESTERN,VIRGINIA,FOURTH CIRCUIT,783,571,3,0,209,11,8,3,0,0,772,563,0,209
2021-06-30,WASHINGTON EASTERN,WASHINGTON,NINTH CIRCUIT,429,358,0,0,71,4,3,0,0,1,425,355,0,70
2021-06-30,WASHINGTON WESTERN,WASHINGTON,NINTH CIRCUIT,1232,1039,5,0,188,39,31,4,0,4,1193,1008,1,184
2021-06-30,WEST VIRGINIA NORTHERN,WEST VIRGINIA,FOURTH CIRCUIT,165,138,0,0,27,5,5,0,0,0,160,133,0,27
2021-06-30,WEST VIRGINIA SOUTHERN,WEST VIRGINIA,FOURTH CIRCUIT,263,243,4,0,16,11,6,4,0,1,252,237,0,15
2021-06-30,WISCONSIN EASTERN,WISCONSIN,SEVENTH CIRCUIT,2054,1557,1,0,496,20,17,1,0,2,2034,1540,0,494
2021-06-30,WISCONSIN WESTERN,WISCONSIN,SEVENTH CIRCUIT,768,637,6,4,121,27,12,5,0,6,741,625,1,115
2021-06-30,WYOMING,WYOMING,TENTH CIRCUIT,193,184,0,0,9,5,4,0,0,1,188,180,0,8
