DATE,TOTAL_FILINGS,CHAP_7,CHAP_11,CHAP_12,CHAP_13,TOTAL_BUSINESS_FILINGS,BCHAP_7,BCHAP_11,BCHAP_12,BCHAP_13,TOTAL_NON_BUSINESS_FILINGS,NBCHAP_7,NBCHAP_11,NBCHAP_13
2007-01-31,57240,32675,478,24,24063,2012,1289,438,24,261,55228,31386,40,23802
2007-02-28,60545,36367,440,33,23702,1989,1299,397,33,257,58556,35068,43,23445
2007-03-31,75856,48688,488,47,26631,2279,1483,448,47,299,73577,47205,40,26332
2007-04-30,69525,43557,490,27,25448,2072,1327,441,27,274,67453,42230,49,25174
2007-05-31,71882,45715,562,51,25550,2392,1551,519,51,267,69490,44164,43,25283
2007-06-30,69042,42241,522,34,26243,2241,1455,470,34,280,66801,40786,52,25963
2007-07-31,70869,43081,554,22,27203,2390,1618,506,22,235,68479,41463,48,26968
2007-08-31,78963,47458,617,29,30853,2562,1641,546,29,340,76401,45817,71,30513
2007-09-30,69077,41469,412,20,27164,2215,1557,358,20,269,66862,39912,54,26895
2007-10-31,83242,50718,604,27,31893,2769,1898,534,27,310,80473,48820,70,31583
2007-11-30,75814,45797,711,25,29278,2717,1752,659,25,278,73097,44045,52,29000
2007-12-31,67357,41097,478,25,25753,2499,1770,419,25,281,64858,39327,59,25472
2008-01-31,72116,43783,705,26,27599,2784,1840,638,26,277,69332,41943,67,27322
2008-02-28,81406,52329,703,25,28349,2924,1996,630,25,273,78482,50333,73,28076
2008-03-31,92173,62390,604,30,29149,3005,2123,544,30,308,89168,60267,60,28841
2008-04-30,93834,64561,613,32,28621,3181,2316,526,32,300,90653,62245,87,28321
2008-05-31,91250,61726,646,24,28849,3369,2433,572,24,335,87881,59293,74,28514
2008-06-30,91426,61109,629,29,29654,3193,2294,560,29,305,88233,58815,69,29349
2008-07-31,98202,66490,797,32,30881,3715,2611,727,32,343,94487,63879,70,30538
2008-08-31,96056,63084,1087,27,31842,3916,2543,1001,27,329,92140,60541,86,31513
2008-09-30,98033,65580,828,30,31593,3873,2773,757,30,311,94160,62807,71,31282
2008-10-31,110728,74102,965,28,35627,4292,3036,881,28,342,106436,71066,84,35285
2008-11-30,92955,61517,1071,25,30338,3980,2632,1005,25,314,88975,58885,66,30024
2008-12-31,97634,66499,1139,37,29940,4629,3204,1055,37,314,93005,63295,84,29626
2009-01-31,91147,60470,1093,35,29533,4378,2988,1014,35,325,86769,57482,79,29208
2009-02-28,105048,73415,1063,25,30539,4440,3076,998,25,335,100608,70339,65,30204
2009-03-31,134282,99575,1523,42,33123,5501,3636,1419,42,385,128781,95939,104,32738
2009-04-30,130558,95733,1621,49,33114,5604,3585,1504,49,425,124954,92148,117,32689
2009-05-31,122816,88738,1324,44,32702,5055,3429,1203,44,371,117761,85309,121,32331
2009-06-30,127699,91572,1403,46,34667,5355,3661,1258,46,379,122344,87911,145,34288
2009-07-31,133187,94770,1270,62,37073,5437,3790,1132,62,441,127750,90980,138,36632
2009-08-31,127391,90246,1113,43,35987,4887,3522,972,43,348,122504,86724,141,35639
2009-09-30,127907,91503,1122,50,35229,4853,3486,956,50,358,123054,88017,166,34871
2009-10-31,135131,95448,1328,51,38298,5293,3681,1183,51,372,129838,91767,145,37926
2009-11-30,117792,82818,1185,53,33720,4621,3186,1038,53,328,113171,79632,147,33392
2009-12-31,119280,85491,1100,44,32637,5106,3737,955,44,362,114174,81754,145,32275
2010-01-31,105157,72465,1311,59,31317,4723,3160,1143,59,357,100434,69305,168,30960
2010-02-28,120517,87366,1091,48,31998,4497,3153,961,48,322,116020,84213,130,31676
2010-03-31,162474,122291,1331,56,38779,5387,3761,1189,56,364,157087,118530,142,38415
2010-04-30,149319,111063,1237,68,36940,5174,3655,1055,68,386,144145,107408,182,36554
2010-05-31,136015,99030,1114,67,35802,4645,3291,937,67,348,131370,95739,177,35454
2010-06-30,136727,99587,1019,59,36056,4633,3365,867,59,337,132094,96222,152,35719
2010-07-31,137324,97653,1219,63,38387,4727,3282,1043,63,337,132597,94371,176,38050
2010-08-31,138359,98012,1005,69,39268,4578,3351,837,69,316,133781,94661,168,38952
2010-09-30,136697,94148,1216,70,41249,4652,3174,1036,70,358,132045,90974,180,40891
2010-10-31,132330,92414,953,54,38868,4339,3088,784,54,372,127991,89326,169,38496
2010-11-30,120658,84292,1195,48,35117,4376,2959,1052,48,312,116282,81333,143,34805
2010-12-31,117092,80962,1000,62,35061,4315,3095,846,62,305,112777,77867,154,34756
2011-01-31,104753,70157,1046,63,33469,4077,2802,893,63,301,100676,67355,153,33168
2011-02-28,112207,79332,1000,52,31819,3778,2598,840,52,284,108429,76734,160,31535
2011-03-31,149218,111464,1017,66,36667,4521,3215,872,66,364,144697,108249,145,36303
2011-04-30,132563,97164,1036,63,34294,4204,2948,890,63,297,128359,94216,146,33997
2011-05-31,125529,90889,976,53,33603,4077,2916,821,53,279,121452,87973,155,33324
2011-06-30,121698,86375,996,50,34270,4023,2805,856,50,305,117675,83570,140,33965
2011-07-31,112468,78664,833,54,32913,3681,2668,679,54,278,108787,75996,154,32635
2011-08-31,123425,86359,942,49,36070,4215,3051,788,49,322,119210,83308,154,35748
2011-09-30,112742,76942,921,58,34819,3809,2669,778,58,302,108933,74273,143,34517
2011-10-31,113906,77233,937,36,35696,3712,2584,775,36,313,110194,74649,162,35383
2011-11-30,100961,69666,817,41,30434,3614,2606,696,41,268,97347,67060,121,30166
2011-12-31,98908,66339,969,50,31545,3823,2668,842,50,258,95085,63671,127,31287
2012-01-31,90605,60620,981,35,28944,3556,2381,836,35,279,87049,58239,145,28665
2012-02-28,107282,75440,1012,55,30735,3675,2423,861,55,296,103607,73017,151,30439
2012-03-31,125086,91618,892,62,32494,3767,2583,767,62,335,121319,89035,125,32159
2012-04-30,111543,80084,879,43,30529,3513,2432,768,43,262,108030,77652,111,30267
2012-05-31,112343,80600,926,60,30753,3644,2493,791,60,297,108699,78107,135,30456
2012-06-30,101807,70071,776,39,30906,3217,2220,666,39,277,98590,67851,110,30629
2012-07-31,99963,68641,805,31,30482,3113,2165,681,31,233,96850,66476,124,30249
2012-08-31,107936,72703,856,54,34312,3390,2311,732,54,283,104546,70392,124,34029
2012-09-30,90325,60992,703,33,28592,2745,1881,607,33,219,87580,59111,96,28373
2012-10-31,104811,70917,737,27,33124,3358,2410,643,27,272,101453,68507,94,32852
2012-11-30,90425,59630,878,32,29882,2964,1974,733,32,223,87461,57656,145,29659
2012-12-31,78642,52015,864,39,25724,2909,1904,755,39,211,75733,50111,109,25513
2013-01-31,81498,54229,719,35,26500,2806,1915,593,35,248,78692,52314,126,26252
2013-02-28,85061,58498,808,34,25715,2814,1877,690,34,207,82247,56621,118,25508
2013-03-31,105737,76356,818,34,28522,2892,1911,707,34,234,102845,74445,111,28288
2013-04-30,103525,74399,927,32,28155,3175,2085,814,32,232,100350,72314,113,27923
2013-05-31,100621,69750,773,42,30050,3002,2051,627,42,276,97619,67699,146,29774
2013-06-30,89042,60444,703,33,27858,2697,1853,587,33,220,86345,58591,116,27638
2013-07-31,91443,61566,721,41,29104,2721,1815,609,41,245,88722,59751,112,28859
2013-08-31,92749,61425,808,32,30476,2790,1819,692,32,239,89959,59606,116,30237
2013-09-30,83775,54499,788,24,28459,2608,1680,682,24,217,81167,52819,106,28242
2013-10-31,92807,62074,684,34,30002,2845,1970,600,34,228,89962,60104,84,29774
2013-11-30,76692,50541,658,23,25469,2360,1595,573,23,169,74332,48946,85,25300
2013-12-31,68639,44801,559,31,23239,2351,1656,468,31,187,66288,43145,91,23052
2014-01-31,70491,44249,592,27,25613,2233,1529,478,27,189,68258,42720,114,25424
2014-02-28,74508,49816,612,26,24047,2228,1456,520,26,220,72280,48360,92,23827
2014-03-31,93709,66227,721,43,26715,2531,1648,637,43,200,91178,64579,84,26515
2014-04-30,90670,63976,864,42,25782,2563,1571,756,42,189,88107,62405,108,25593
2014-05-31,87966,60488,648,40,26783,2467,1682,531,40,207,85499,58806,117,26576
2014-06-30,76223,50059,654,31,25472,2253,1480,555,31,180,73970,48579,99,25292
2014-07-31,79239,52184,546,29,26466,2218,1545,456,29,174,77021,50639,90,26292
2014-08-31,77190,49372,535,25,27255,2098,1422,445,25,203,75092,47950,90,27052
2014-09-30,75312,48396,564,20,26332,2039,1377,462,20,180,73273,47019,102,26152
2014-10-31,81179,51901,574,24,28675,2295,1610,472,24,184,78884,50291,102,28491
2014-11-30,64250,40459,415,27,23348,1830,1283,350,27,169,62420,39176,65,23179
2014-12-31,65161,41238,493,26,23397,2094,1488,416,26,157,63067,39750,77,23240
2015-01-31,61360,36411,658,28,24256,2046,1244,580,28,188,59314,35167,78,24068
2015-02-28,61360,36411,658,28,24256,2046,1244,580,28,188,59314,35167,78,24068
2015-03-31,84172,57676,580,38,25870,2209,1478,491,38,194,81963,56198,89,25676
2015-04-30,80300,53956,583,34,25714,2159,1449,486,34,177,78141,52507,97,25537
2015-05-31,71263,46375,673,50,24160,2079,1305,569,50,150,69184,45070,104,24010
2015-06-30,71814,45914,519,32,25349,1928,1300,419,32,177,69886,44614,100,25172
2015-07-31,73810,46240,798,29,26737,2261,1365,692,29,169,71549,44875,106,26568
2015-08-31,69737,43060,723,34,25912,2177,1344,627,34,164,67560,41716,96,25748
2015-09-30,69359,42595,506,37,26219,1900,1264,405,37,192,67459,41331,101,26027
2015-10-31,72255,43995,601,25,27621,2055,1313,500,25,205,70200,42682,101,27416
2015-11-30,67231,41662,560,49,24948,2068,1364,472,49,172,65163,40298,88,24776
2015-12-31,55461,32992,523,28,21915,1850,1163,451,28,205,53611,31829,72,21710
2016-01-31,54399,31074,633,36,22644,1987,1193,542,36,204,52412,29881,91,22440
2016-02-29,66686,40945,626,34,25075,2059,1299,537,34,183,64627,39646,89,24892
2016-03-31,54399,31074,633,36,22644,1987,1193,542,36,204,52412,29881,91,22440
2016-04-30,72450,46948,848,43,24575,2304,1276,750,43,199,70146,45672,98,24376
2016-05-31,68082,43413,780,45,23840,2171,1229,685,45,208,65911,42184,95,23632
2016-06-30,68339,42177,670,47,25430,2062,1255,561,47,184,66277,40922,109,25246
2016-07-31,63090,38625,527,31,23896,1785,1175,409,31,159,61305,37450,118,23737
2016-08-31,70431,42951,519,28,26928,1950,1270,441,28,206,68481,41681,78,26722
2016-09-30,65896,38973,505,40,26367,1862,1194,422,40,195,64034,37779,83,26172
2016-10-31,64674,38319,536,34,25762,1869,1178,447,34,187,62805,37141,89,25575
2016-11-30,61143,37172,539,39,23371,1905,1240,438,39,166,59238,35932,101,23205
2016-12-31,58202,34865,467,32,22825,1892,1279,402,32,166,56310,33586,65,22659
2017-01-31,57137,32973,549,33,23573,1839,1158,464,33,175,55298,31815,85,23398
2017-02-28,60232,36256,546,45,23381,1786,1107,460,45,170,58446,35149,86,23211
2017-03-31,83862,55042,606,40,28168,2090,1339,511,40,194,81772,53703,95,27974
2017-04-30,69925,45177,726,56,23959,2081,1217,628,56,173,67844,43960,98,23786
2017-05-31,71686,45623,699,54,25286,2168,1308,592,54,190,69518,44315,107,25096
2017-06-30,68731,42288,755,49,25633,2117,1234,663,49,165,66614,41054,92,25468
2017-07-31,63005,38307,467,49,24180,1595,1014,376,49,154,61410,37293,91,24026
2017-08-31,70081,43353,588,41,26093,1925,1195,485,41,198,68156,42158,103,25895
2017-09-30,61744,36823,563,35,24321,1770,1093,487,35,153,59974,35730,76,24168
2017-10-31,66478,40532,558,37,25346,1878,1204,463,37,169,64600,39328,95,25177
2017-11-30,61990,37156,577,39,24200,1818,1111,486,39,164,60172,36045,91,24036
2017-12-31,53987,32713,794,23,20454,2031,1142,719,23,144,51956,31571,75,20310
2018-01-31,56224,32928,524,26,22739,1706,1091,429,26,153,54518,31837,95,22586
2018-02-28,58298,35188,566,43,22499,1690,1035,477,43,133,56608,34153,89,22366
2018-03-31,77557,50761,908,47,25830,2273,1229,812,47,174,75284,49532,96,25656
2018-04-30,71535,46467,539,35,24489,1780,1122,450,35,168,69755,45345,89,24321
2018-05-31,68976,44319,598,64,23991,1936,1188,514,64,166,67040,43131,84,23825
2018-06-30,65127,40273,441,36,24375,1763,1204,354,36,167,63364,39069,87,24208
2018-07-31,63676,39125,563,35,23942,1774,1120,477,0,131,61902,38005,86,23811
2018-08-31,70111,42236,506,44,27322,1723,1096,406,0,174,68388,41140,100,27148
2018-09-30,58858,35242,419,39,23135,1658,1099,352,0,145,57200,34143,67,22990
2018-10-31,69138,41636,681,46,26769,2051,1245,591,0,163,67087,40391,90,26606
2018-11-30,60169,35783,777,32,23559,1980,1060,709,0,161,58189,34723,68,23398
2018-12-31,53143,31305,548,51,21227,1824,1146,482,0,133,51319,30159,66,21094
